0.6614 0.3384 0.0880 0.6636 269.75 19.37 -36.75 3.29 5.41 7.47 0.0300 -0.1000 0.0200 0.0067 0.0033 0.0000 3.26 5.53 7.40 178 350 364 391 224 
0.6614 0.3384 0.0881 0.6636 269.75 19.37 -36.75 3.30 5.46 7.44 0.0400 -0.0800 0.0500 0.0067 0.0078 -0.0011 3.26 5.53 7.40 176 350 362 391 225 
0.6608 0.3389 0.0868 0.6640 269.56 20.12 -35.94 7.97 10.24 12.90 3.9300 5.0900 3.8700 -4.2456 1.1656 2.6200 3.58 2.12 8.87 178 380 177 182 131 
0.6215 0.1145 -0.1077 0.7675 255.50 18.19 9.50 2.57 -4.44 13.20 -4.0500 -0.7300 3.1300 -2.5567 -0.2933 -0.0889 3.11 -3.46 8.62 202 425 179 186 133 
0.6123 -0.0253 -0.2933 0.7338 260.87 17.44 34.25 0.50 -4.02 1.87 -1.6700 1.7400 -5.7600 -1.9000 1.0100 -0.1067 2.43 -6.46 6.96 208 431 182 194 141 
0.6259 -0.1730 -0.3576 0.6712 266.56 11.31 46.00 2.09 -3.92 0.94 0.8700 3.3600 -5.7700 1.0422 0.5300 -0.4167 1.74 -6.51 7.12 200 435 188 196 141 
0.6609 -0.1481 -0.2896 0.6764 267.12 10.38 32.81 8.98 -4.69 11.66 5.2800 -1.6600 5.4900 1.6522 -0.7767 2.2867 1.60 -4.19 8.71 203 437 182 203 143 
0.5495 -0.0674 -0.2278 0.8010 244.31 7.12 28.69 -6.83 -6.62 15.76 -8.1200 -0.9200 6.1000 -2.5044 0.0189 1.2878 0.61 -6.44 7.36 199 436 188 200 147 
0.4421 -0.1855 -0.3667 0.7973 239.37 1.31 51.38 -3.73 -1.50 9.00 -3.4100 7.0100 2.8400 -2.9167 1.5522 -1.2022 0.41 -8.87 4.14 200 436 187 200 146 
0.5049 -0.3281 -0.4785 0.6392 261.31 4.25 73.37 2.47 -2.89 0.00 1.9300 6.3200 -2.8000 -0.4222 2.5489 -0.7389 0.85 -9.45 2.44 199 438 183 203 145 
0.6118 -0.4216 -0.4230 0.5187 282.25 4.37 70.56 4.91 -4.78 0.44 5.0500 4.1700 -2.9200 2.6222 1.0256 -0.3556 0.67 -8.43 4.96 199 434 189 203 147 
0.7239 -0.3130 -0.2921 0.5410 284.81 6.19 45.38 9.79 -7.92 7.48 7.8000 -1.8900 0.6100 2.7244 -2.6033 1.0911 2.05 -5.40 7.91 196 434 192 207 150 
0.6710 -0.0748 -0.2791 0.6829 265.06 17.19 29.81 -2.54 -7.25 13.21 -6.3500 -1.6800 2.9900 -0.4489 -0.8144 0.7889 3.21 -5.08 7.74 193 431 205 221 164 
0.6052 -0.0436 -0.3146 0.7300 259.87 17.81 31.62 1.24 -1.90 7.94 -0.3400 2.1900 -0.1000 0.8622 0.6078 0.0189 2.70 -4.42 8.32 187 420 240 270 192 
0.6088 -0.0227 -0.2345 0.7576 255.50 14.00 18.69 1.11 -2.14 5.05 -1.0700 0.4800 -3.9100 5.0844 -0.4144 0.8689 2.47 0.64 9.46 184 330 285 305 202 
0.5453 0.1807 0.0533 0.8168 246.87 12.63 -23.94 2.88 8.19 14.68 0.8500 2.9000 6.6700 0.2344 -1.1200 -0.1411 2.46 4.53 8.33 188 352 313 319 207 
0.5416 0.2498 0.0953 0.7970 248.50 17.19 -23.12 5.62 2.95 10.16 4.6300 -0.6900 1.6800 -3.3667 1.7633 0.2756 1.92 1.65 9.47 194 407 208 190 142 
0.5620 0.0051 -0.0336 0.8265 247.19 6.12 7.06 3.82 -2.53 13.53 -0.6100 -1.4800 4.0500 -2.5456 -0.2444 1.9778 0.52 -2.84 9.37 203 430 200 191 131 
0.4487 -0.0880 -0.2065 0.8651 232.81 0.81 31.44 -4.20 -3.04 13.74 -4.4300 3.8700 5.1100 -3.9600 0.4478 0.3400 -0.31 -7.28 6.56 207 431 200 189 130 
0.3912 -0.2319 -0.4196 0.7856 234.75 -2.06 62.31 -3.28 -3.37 3.35 -2.2400 6.1700 -0.3700 -1.8267 1.6633 -0.9867 -0.12 -9.36 2.89 202 442 202 191 136 
0.4593 -0.3528 -0.5048 0.6401 255.94 1.69 76.87 0.37 -4.09 0.95 0.3700 5.5300 -1.4300 0.0533 2.1122 -0.7489 0.60 -9.52 2.26 198 434 199 192 135 
0.5828 -0.4023 -0.4454 0.5479 278.25 5.87 69.87 2.93 -1.67 0.85 3.6700 6.6100 -2.8800 2.7989 1.7967 -1.7078 1.56 -8.11 5.28 195 426 204 187 137 
0.7592 -0.2711 -0.2942 0.5134 290.19 9.69 39.56 13.34 -5.48 14.19 10.0200 -1.9300 8.5100 3.4122 -1.9589 2.5200 1.93 -4.13 8.67 192 427 208 190 133 
0.6676 -0.0443 -0.2264 0.7079 260.25 15.31 23.25 -3.69 -5.48 14.72 -6.7000 -0.6800 4.7200 -0.6389 -0.7889 1.7422 2.70 -4.43 8.31 202 429 210 193 136 
0.5338 -0.0242 -0.2904 0.7938 247.69 15.38 31.25 -1.38 -1.64 5.99 -4.0300 2.9200 -2.3700 0.9633 -0.8744 -0.0833 2.97 -4.55 8.16 184 348 241 214 159 
0.4391 0.1428 -0.2739 0.8437 226.19 40.63 16.50 15.98 -6.54 5.54 12.4300 -4.0100 -4.8000 1.0678 -10.6589 3.2689 9.28 -2.98 1.02 203 162 191 200 137 
0.0744 0.5974 -0.3137 0.7343 185.87 65.94 65.81 2.82 -2.75 0.85 -7.2200 0.5200 -0.2100 2.1289 0.3878 0.2778 8.83 -3.53 2.37 215 168 186 189 129 
-0.0643 0.6128 -0.1715 0.7687 172.44 71.94 69.00 -11.21 10.13 1.10 -10.8300 14.8800 -1.5800 -1.5567 -2.4389 -6.3733 9.55 2.07 -0.73 211 177 190 187 124 
0.1812 0.7552 0.0117 0.6298 209.06 72.37 -125.62 13.20 3.19 1.03 0.2000 1.6600 2.4900 0.0167 0.8744 0.5378 9.53 1.82 -1.41 214 180 191 191 128 
0.1351 0.7448 -0.0182 0.6533 202.94 78.44 -121.81 7.20 2.10 -0.50 -1.5800 0.5700 -0.5300 -0.3867 -0.0533 0.1311 9.62 1.57 -0.99 212 183 194 182 133 
0.1464 0.7374 -0.0407 0.6582 206.25 79.62 -113.75 9.33 5.22 0.57 -0.5900 3.4200 1.0400 -1.6122 1.4811 -0.2967 9.61 1.83 0.56 208 240 239 232 163 
;
