0.6985 0.3495 0.1135 0.6141 277.37 15.75 -40.69 2.98 6.13 7.13 0.2800 0.0000 0.0000 0.0189 0.0044 -0.0367 2.67 6.16 7.14 171 371 369 409 230 
0.6992 0.3516 0.1124 0.6124 277.62 15.88 -40.88 4.26 7.66 7.95 3.1800 2.6900 1.7400 -2.0089 0.8722 0.3078 2.57 5.39 7.77 178 358 284 286 219 
0.6830 0.2451 0.0043 0.6881 262.31 21.12 -9.13 5.09 0.68 15.96 -2.8000 0.2200 7.2100 -5.0222 0.6278 2.1111 2.33 -2.79 9.10 167 415 183 187 130 
0.5776 -0.0337 -0.2893 0.7626 255.00 17.25 39.19 -0.52 -0.47 -0.10 -3.3400 5.6300 -8.4400 -3.4367 0.2844 -0.1378 3.05 -7.83 5.05 164 426 182 183 130 
0.5618 -0.1716 -0.4778 0.6531 262.69 18.06 58.75 1.76 -2.73 -1.52 -0.6800 5.4100 -5.7900 2.0133 0.8078 -0.2700 2.86 -7.14 6.07 169 425 190 187 128 
0.6204 -0.1233 -0.3519 0.6899 262.19 14.00 35.81 12.64 -5.70 13.70 9.8600 -2.6000 9.8600 1.9944 -0.6144 2.4622 1.93 -4.25 8.62 171 425 191 188 132 
0.5060 -0.0475 -0.2452 0.8256 238.69 7.62 29.25 -4.73 -5.30 17.71 -6.7100 1.2700 8.1700 -2.0733 0.7700 1.4256 0.24 -5.92 7.80 174 435 188 189 134 
0.4379 -0.1668 -0.3137 0.8258 238.25 -0.25 45.88 -4.89 0.07 7.34 -3.7000 8.4800 1.1100 -2.8389 1.0889 -1.8089 0.38 -8.31 5.19 175 433 191 194 137 
0.5106 -0.2796 -0.4592 0.6710 258.81 7.44 67.44 2.16 -1.06 1.20 1.1300 6.9600 -2.4800 -0.5444 1.5622 -1.4211 1.97 -8.98 3.40 174 432 190 200 139 
0.6297 -0.3134 -0.4572 0.5444 280.25 13.88 64.87 7.87 -4.21 -0.20 5.1400 3.6600 -4.7600 3.1222 1.0756 -0.7267 2.49 -7.22 6.14 179 431 204 217 155 
0.7373 -0.1462 -0.3061 0.5843 280.19 16.87 31.25 8.62 -7.79 14.17 4.5700 -3.7400 6.7100 2.2067 -1.3833 2.1800 3.12 -3.75 8.50 177 428 220 233 164 
0.6288 -0.0020 -0.2654 0.7309 258.81 19.50 25.75 -1.34 -3.81 10.64 -3.9200 1.2100 1.6500 -0.2078 0.0244 0.3378 3.22 -4.30 8.20 175 422 219 238 170 
0.5941 -0.0109 -0.2786 0.7545 256.37 18.00 26.44 2.98 -2.24 6.43 0.2100 1.1700 -2.4500 0.9167 0.2089 0.5089 2.81 -3.73 8.61 184 380 233 247 177 
0.5576 0.0369 -0.2054 0.8034 243.37 19.50 12.19 0.28 -0.02 4.31 -2.8400 1.1800 -3.9200 4.2367 -3.9011 1.0989 5.58 0.41 8.05 189 304 294 307 196 
0.4090 0.3223 -0.0259 0.8533 231.37 34.56 -21.87 11.50 6.53 13.86 6.8100 2.8400 8.1200 -0.2489 0.6744 -0.0300 5.44 3.54 7.34 191 351 316 304 196 
0.4238 0.2816 0.0366 0.8601 234.19 21.37 -14.44 3.31 4.80 12.49 -2.8400 2.0000 1.5700 -5.3711 2.6022 -1.0378 1.49 -1.15 9.62 182 396 220 212 167 
0.5383 -0.0455 -0.1735 0.8234 251.06 6.31 26.19 2.25 -2.94 2.90 1.0400 3.0200 -5.5500 -0.5289 1.0156 -2.0456 1.09 -4.91 8.41 180 422 194 208 161 
0.6533 -0.1304 -0.2424 0.7053 266.50 8.31 30.37 6.39 -2.04 4.44 6.1800 2.3300 -1.3800 1.3411 -0.9422 0.8089 1.63 -4.10 8.75 184 430 192 204 149 
0.6097 -0.0606 -0.2048 0.7634 252.00 7.81 22.87 -0.68 -7.17 20.01 -4.0800 -2.6300 10.6300 -1.8722 -0.0600 2.8033 0.25 -5.23 8.29 179 428 191 216 150 
0.4223 -0.1736 -0.2981 0.8383 231.94 -3.75 45.06 -6.76 -4.20 9.44 -5.8600 3.7500 0.7100 -2.7778 1.0900 -1.0333 -0.73 -8.30 5.16 179 432 195 217 154 
0.4418 -0.2928 -0.4433 0.7229 247.81 0.50 66.19 -2.57 0.79 3.49 -2.6400 9.7300 -0.3300 -0.5211 1.1467 -2.2222 1.34 -9.01 3.61 178 425 198 216 151 
0.5858 -0.2936 -0.4736 0.5885 274.62 14.69 65.37 7.06 -1.57 0.33 5.4100 6.0800 -4.2800 1.7789 1.5233 -1.6533 3.12 -7.69 5.21 180 431 199 209 145 
0.7283 -0.1917 -0.3730 0.5419 286.06 19.94 40.56 15.24 -2.64 8.77 11.6300 1.3900 4.1100 3.9144 -0.8233 1.4733 3.41 -3.98 8.28 175 426 208 208 146 
0.6745 0.0002 -0.2603 0.6909 262.31 19.81 23.12 -3.90 -7.18 16.66 -8.6200 -2.8400 6.0500 -0.8633 -0.0933 2.5856 2.50 -4.74 8.21 165 384 195 199 139 
0.5402 -0.0455 -0.2792 0.7925 245.56 14.75 29.31 -4.12 -7.26 6.76 -4.6900 -2.7600 -3.9000 6.1644 -16.3989 3.5411 7.95 -3.36 4.63 101 177 168 167 114 
0.0431 0.5534 -0.3425 0.7580 181.19 57.56 64.69 7.47 -6.75 -1.96 1.3600 -3.8000 -2.4100 4.1567 2.7933 0.3956 7.25 -3.49 5.59 145 193 165 173 121 
-0.0475 0.3354 -0.1167 0.9336 172.56 32.56 13.69 3.27 0.06 1.52 -2.0600 3.2700 -5.3100 2.7256 2.3467 1.1178 3.50 -0.58 9.14 160 206 161 176 123 
-0.1569 0.1441 0.0186 0.9769 159.62 15.56 -0.19 0.34 4.68 9.44 -2.2000 4.3100 -0.1100 -0.5522 0.2689 0.4644 2.32 -0.26 9.52 153 201 176 178 128 
-0.1556 0.0993 -0.0070 0.9828 163.75 11.75 3.62 7.46 1.46 8.81 4.0500 1.5500 -0.5100 -0.8878 1.3022 -2.0267 1.33 -1.07 9.65 151 200 179 182 134 
-0.0138 0.0430 -0.0724 0.9963 182.44 1.31 9.94 1.63 -6.80 8.69 0.7300 -4.8500 -1.0200 -0.8078 2.0878 -1.4122 -1.15 -2.36 9.44 143 179 182 194 136 
0.1105 -0.1036 -0.1325 0.9796 192.75 -11.13 17.87 -2.13 -3.81 8.55 -0.4300 -1.3600 -0.9500 -0.6856 0.1356 0.2944 -2.02 -3.39 8.97 151 184 184 195 144 
0.0853 -0.1234 -0.1812 0.9719 189.25 -10.56 22.94 -4.32 -0.77 5.59 -2.3600 3.0300 -4.0900 -0.6067 -2.5044 -0.0833 0.01 -4.19 8.86 158 213 194 207 153 
0.0454 0.0890 -0.2281 0.9685 186.19 16.37 25.62 1.66 -1.51 -0.13 -0.9800 3.4700 -7.4200 1.8444 -3.2544 -4.6744 6.00 -1.04 7.68 167 249 246 253 185 
0.2994 0.3409 -0.0020 0.8911 225.87 34.44 -26.69 10.97 11.51 7.76 3.8200 6.3600 1.5800 1.1589 -0.1367 -3.4067 4.00 5.95 6.68 178 302 328 379 219 
0.5111 0.3705 0.1862 0.7529 250.87 19.19 -46.13 4.58 9.01 6.42 3.0700 5.3500 2.2000 0.9589 -0.2022 -0.6367 2.75 6.97 6.32 174 387 343 411 225 
;
