-0.2561 -0.0312 0.5522 0.7928 143.62 14.06 -66.12 2.76 8.82 3.84 0.9100 0.4200 0.0900 -0.6244 0.1744 0.5556 2.72 8.41 4.22 167 300 303 290 206 
-0.3144 0.0078 0.4828 0.8173 135.37 20.00 -50.31 2.97 5.49 3.63 -0.5000 -1.3400 -2.4300 -1.2789 -0.5189 1.0544 4.13 5.99 6.56 171 311 299 292 207 
-0.3706 0.0537 0.3696 0.8504 133.94 17.69 -38.38 1.47 5.14 7.80 -1.3500 -0.5900 0.6200 0.3744 0.3567 -0.4478 2.28 6.09 7.33 171 340 303 298 206 
-0.3468 -0.0046 0.3580 0.8669 136.69 14.25 -40.31 2.59 7.10 7.83 0.6500 1.8100 2.0200 -1.3267 0.3044 -0.4367 2.23 5.69 7.66 173 366 246 232 182 
-0.3240 0.0085 0.2263 0.9185 143.31 5.94 -14.56 -3.01 1.40 17.20 -2.0700 -0.4700 4.8700 -7.0567 -0.8156 -1.6444 1.15 -2.69 9.35 170 414 179 174 136 
-0.1986 0.1102 -0.2153 0.9498 159.44 6.56 32.56 1.89 -1.77 5.34 0.3500 4.5400 -2.8700 -2.8956 0.6889 -0.8689 1.15 -6.89 6.87 171 425 192 185 144 
-0.0981 0.1141 -0.4202 0.8948 168.62 6.87 54.00 1.19 -4.46 1.38 -0.2100 3.3900 -4.2200 -0.3011 0.5556 -0.4344 1.19 -8.12 5.36 167 425 195 189 145 
-0.0477 0.0934 -0.4549 0.8843 174.62 6.81 53.19 3.46 -4.52 3.17 2.9800 2.0700 -2.4000 1.7356 0.6500 0.1744 0.86 -7.10 6.70 163 424 195 191 147 
-0.0563 0.0423 -0.3467 0.9354 170.62 0.06 37.38 7.56 -8.55 16.24 6.1000 -2.8500 9.2400 0.1156 -0.1356 3.2656 -1.25 -5.45 8.05 170 424 198 193 148 
-0.2579 -0.0132 -0.3311 0.9076 144.75 -13.56 40.13 -8.50 -5.11 10.94 -6.2600 1.8800 3.3000 -2.3733 0.6111 0.5844 -3.03 -7.15 5.98 170 425 201 198 150 
-0.2943 -0.0187 -0.4915 0.8195 141.75 -18.31 60.94 -7.24 -3.07 4.31 -3.8000 5.4400 -0.1000 -1.6300 1.1411 -1.3567 -2.50 -8.98 3.01 169 425 202 198 149 
-0.1608 -0.0045 -0.6193 0.7685 160.94 -9.69 78.06 -2.21 -2.54 0.24 -0.8500 6.8000 -1.5600 0.0433 1.4644 -1.8900 -0.50 -9.63 1.76 169 422 198 201 151 
0.0262 0.0122 -0.6278 0.7778 188.81 6.06 76.06 4.78 -2.63 0.84 4.1000 6.8900 -2.1900 1.5789 1.1356 -1.7444 2.02 -8.96 3.41 170 420 201 201 151 
0.1574 0.0266 -0.5252 0.8359 200.00 10.88 58.06 14.26 -5.81 8.85 10.8000 -0.0500 5.8200 2.8289 -1.5422 2.0589 1.43 -6.97 6.74 169 412 211 203 152 
-0.0342 0.0947 -0.3373 0.9360 172.31 8.88 38.94 -9.51 -8.86 12.01 -11.1800 -2.6300 3.1500 0.9811 -0.7556 0.1522 1.74 -5.46 7.95 170 407 223 233 169 
-0.1028 0.1135 -0.2609 0.9531 168.31 8.13 29.69 0.83 -1.96 9.55 -0.0800 2.6700 0.6700 1.7244 0.3422 0.1122 1.00 -3.66 9.03 167 366 259 255 188 
-0.1320 0.0704 -0.1126 0.9823 161.25 6.81 7.19 2.14 0.48 6.15 0.4800 1.9900 -4.0100 7.8978 -0.4344 2.3333 1.80 3.73 8.88 178 332 303 292 199 
-0.2704 0.0263 0.3261 0.9055 145.94 14.13 -39.94 3.10 9.77 14.48 0.8800 3.1500 8.7900 -2.1278 0.6856 0.1456 2.32 5.32 7.89 177 387 289 258 193 
-0.2695 0.0599 0.2292 0.9334 149.06 16.19 -17.62 2.47 2.12 13.72 1.1800 1.0000 2.8800 -4.8367 -0.1056 -0.6444 3.17 -0.29 9.27 172 415 209 211 156 
-0.1755 0.1348 -0.1130 0.9686 162.81 9.00 23.69 1.90 -1.61 3.85 2.0400 3.7500 -4.0300 -2.4367 1.1922 -1.0433 0.93 -5.98 7.71 169 418 192 201 147 
-0.0516 0.0677 -0.3484 0.9334 174.31 5.31 41.88 3.09 -2.46 3.65 2.3900 3.4700 -3.4600 0.2133 -0.2111 -0.1000 1.05 -6.42 7.33 169 418 195 199 149 
-0.0577 0.0824 -0.3353 0.9367 170.25 7.37 38.25 13.49 -9.95 12.66 10.0200 -3.9700 8.8100 0.6856 -1.0867 3.0233 0.89 -5.57 8.01 170 417 172 206 151 
-0.2639 0.0976 -0.3129 0.9072 143.69 -2.19 41.50 -10.06 -6.90 10.91 -9.0200 0.8300 1.9100 -1.9711 1.2056 0.2022 -1.30 -7.57 6.08 172 419 195 209 152 
-0.2595 0.0574 -0.4713 0.8410 149.00 -8.38 59.50 -5.86 -2.39 5.23 -5.2300 6.6300 0.2900 -1.6389 1.6244 -1.5389 -0.87 -9.12 3.48 172 425 190 210 153 
-0.0814 0.0399 -0.5919 0.8009 173.31 0.25 74.06 -0.40 0.04 0.22 0.2800 9.2200 -2.5900 0.2000 1.7444 -1.8622 1.03 -9.34 2.77 173 420 185 211 151 
0.1049 0.0226 -0.5759 0.8105 197.31 10.13 67.87 11.88 -2.75 1.80 10.9800 5.7900 -1.1200 2.9033 0.5144 -0.4411 2.06 -7.70 5.69 173 419 193 210 153 
0.1478 0.0411 -0.4010 0.9031 194.75 10.69 42.81 7.04 -8.39 13.26 5.0000 -1.9700 6.2700 1.9922 -1.8978 2.3689 1.88 -5.61 7.81 170 414 193 212 153 
-0.0558 0.1320 -0.2761 0.9504 170.25 14.38 32.81 -4.15 -6.63 11.17 -5.8900 -0.6700 2.7000 0.6922 -1.4122 0.4533 3.14 -4.84 7.92 171 398 190 209 148 
-0.1715 0.2338 -0.2017 0.9355 154.75 26.06 27.25 4.96 -4.31 8.61 1.5200 -1.1600 -2.7500 4.9478 -15.1778 0.0878 9.35 -2.64 1.31 118 381 183 204 133 
-0.4554 0.7208 0.2430 0.4626 79.12 58.50 105.50 6.87 -7.39 -4.60 -2.3400 -0.2900 -3.4700 5.2922 0.8100 0.7289 7.75 -5.78 1.60 130 392 208 203 135 
-0.7346 0.5066 0.2946 0.3420 48.06 51.06 52.25 1.64 -2.81 2.06 -5.0200 4.6500 -2.3200 2.5533 1.1122 -0.9344 7.54 -3.50 5.19 120 383 202 204 140 
-0.8156 0.3200 0.3340 0.3478 45.88 49.94 25.12 7.38 0.85 5.60 0.3300 3.3700 0.4000 -0.0967 0.4300 -0.0411 7.37 -2.58 5.92 116 371 210 204 139 
-0.8204 0.3142 0.3123 0.3614 48.31 47.19 27.37 8.51 -0.59 3.43 1.6300 2.9500 -2.2900 -1.9400 0.4944 -0.0956 7.03 -3.79 5.68 120 393 217 205 141 
-0.7800 0.3953 0.2362 0.4236 61.38 43.00 35.38 7.42 -6.80 3.46 0.9000 -3.3900 -1.5300 -0.2289 1.2011 -0.7000 6.20 -3.99 6.45 121 409 215 200 140 
-0.7507 0.3602 0.1314 0.5381 72.31 34.13 28.00 1.03 -4.04 9.59 -5.3900 -0.6600 1.5400 -0.1222 1.5278 -0.8589 4.72 -3.60 7.79 124 417 210 199 141 
-0.7350 0.3183 0.0760 0.5939 77.44 29.56 26.75 2.87 -2.99 8.66 -2.7500 1.0200 1.8100 -0.8500 -0.5478 0.2633 5.10 -4.44 7.10 143 388 198 200 146 
;
