0.5396 0.0847 0.1669 0.8209 246.56 -2.31 -21.37 -0.13 3.83 9.24 0.1900 0.1600 0.0500 -0.0333 0.0778 0.0433 -0.42 3.55 9.13 176 376 377 409 218 
0.5377 0.0792 0.1658 0.8229 246.12 -2.81 -20.81 -0.17 3.57 9.48 0.2000 0.1300 0.1000 -0.0933 0.1200 0.0656 -0.55 3.45 9.16 172 369 372 415 220 
0.5326 0.0706 0.1666 0.8268 245.25 -3.25 -20.50 -0.36 4.14 8.82 -0.0300 0.4800 -0.3600 -0.0833 0.0022 0.4122 -0.45 3.41 9.18 176 356 366 419 224 
0.5109 0.0703 0.1624 0.8412 242.12 -2.87 -20.00 -0.44 2.77 9.41 0.1800 -0.5400 0.1400 -0.0167 0.0644 -0.0656 -0.53 3.28 9.22 175 358 369 419 222 
0.5094 0.0632 0.1616 0.8428 242.37 -3.56 -19.87 -0.83 3.41 9.23 -0.1200 0.1100 0.0000 0.0178 0.0500 0.0044 -0.67 3.36 9.18 180 360 371 418 222 
0.5087 0.0602 0.1722 0.8414 242.25 -3.94 -21.81 3.07 11.58 19.47 1.9600 8.5200 14.5200 -4.1278 -2.4089 2.0689 2.09 1.43 9.47 171 377 154 171 129 
0.3746 0.1266 -0.1093 0.9120 220.37 14.25 17.00 -3.88 -0.05 6.11 -3.1200 3.8200 -4.7700 -4.0511 1.3922 0.7667 1.87 -5.93 7.57 173 422 162 182 141 
0.3273 -0.0236 -0.3716 0.8685 222.37 12.00 43.75 2.15 -3.47 1.34 0.4300 3.8800 -4.9800 -0.4067 0.7067 -0.3633 1.94 -6.85 6.73 177 426 165 189 148 
0.3693 -0.0519 -0.3751 0.8487 227.19 10.50 41.44 5.68 -5.08 4.95 4.2500 0.8400 -1.9200 1.6344 0.2367 0.5256 1.41 -5.58 7.93 180 427 176 194 147 
0.3316 -0.0402 -0.2719 0.9025 217.31 6.00 30.56 3.51 -10.23 17.67 1.5900 -5.8400 9.8400 -1.4067 -0.9578 1.9800 0.90 -5.68 7.93 178 428 180 194 149 
0.1763 -0.0484 -0.3725 0.9099 199.31 0.37 50.50 -6.80 -3.88 8.83 -6.7400 4.5700 2.6400 -3.9300 0.8422 0.2633 -0.49 -9.07 3.67 174 427 171 193 146 
0.1561 -0.1437 -0.5986 0.7724 207.19 -0.62 79.56 -4.13 -1.01 1.11 -3.3600 9.8700 -0.2000 -1.0344 2.1478 -1.7833 1.08 -9.70 0.89 180 428 174 195 150 
0.3392 -0.1870 -0.6418 0.6619 238.25 12.25 82.75 3.98 -3.16 -0.56 3.1400 6.4500 -2.0100 1.5756 2.2767 -1.4300 2.83 -8.97 2.76 175 425 181 197 150 
0.5139 -0.1899 -0.5151 0.6592 255.37 15.31 60.81 13.52 -7.03 5.47 11.1800 -0.0100 0.2000 2.8311 -1.1533 1.4189 2.27 -7.33 6.09 178 422 177 194 146 
0.4473 -0.0627 -0.3961 0.7994 233.00 14.94 43.94 1.83 -10.48 13.92 -1.8600 -3.9800 6.6400 0.3756 -2.1744 1.8111 2.66 -6.64 6.70 178 421 190 200 147 
0.2801 0.0236 -0.4093 0.8680 214.69 15.94 47.69 -2.61 -5.71 8.27 -4.6600 1.9200 1.2800 -0.5089 -0.4644 -0.7789 3.17 -7.14 5.92 179 418 176 195 145 
0.2883 0.0532 -0.4449 0.8463 217.31 21.19 50.31 1.62 -5.13 7.25 -1.3200 0.1900 2.9100 1.8589 -4.5178 0.8156 4.92 -6.54 5.38 183 409 287 260 195 
0.1248 0.2360 -0.4462 0.8541 194.87 29.81 58.19 6.76 -6.19 11.25 2.1300 1.5000 3.2600 -6.2200 -1.3633 1.1022 4.22 -8.84 0.12 176 348 317 331 209 
0.0768 0.1844 -0.7814 0.5912 195.19 17.06 114.25 1.18 -1.82 -12.84 -1.3900 6.3000 -7.9300 -2.1922 -1.0689 1.7422 1.17 -7.40 -6.32 180 386 340 354 207 
-0.0061 0.0670 -0.9072 0.4154 175.37 0.50 129.94 -2.91 -3.23 -8.68 -3.5000 5.3900 -2.3800 1.7622 0.5667 1.1289 -0.47 -8.24 -5.29 184 373 346 380 210 
-0.0217 0.0201 -0.8288 0.5588 176.00 1.19 100.31 1.84 5.46 -13.42 1.4500 15.9300 -12.6700 12.1189 -0.1167 -1.5578 1.30 -7.61 6.04 186 375 343 368 214 
-0.0306 0.1038 -0.1576 0.9816 174.56 14.75 5.69 8.78 11.33 21.63 4.6200 9.3800 11.5700 3.0856 -1.2178 -0.8022 3.79 2.01 8.81 184 335 328 325 214 
-0.0561 0.2281 0.1455 0.9611 173.75 29.25 -17.25 5.91 3.81 14.09 1.0000 0.9100 5.0900 -0.9900 -0.1767 -0.4567 4.95 2.15 8.18 188 347 332 349 214 
-0.0158 0.2682 0.1060 0.9574 178.87 30.87 -11.19 5.54 1.61 6.39 0.7200 -0.7400 -3.0600 -1.9156 0.4711 -0.9056 4.63 0.60 8.61 180 301 271 258 188 
0.0638 0.2247 0.0238 0.9720 188.31 24.06 -7.69 5.00 3.67 8.45 0.4000 2.7700 1.1600 2.4789 0.0111 0.6878 3.90 2.69 8.58 178 258 272 271 189 
0.0085 0.2665 0.2043 0.9419 177.69 36.00 -31.25 8.98 11.57 15.96 2.8100 7.4600 9.0600 -2.0733 -3.5222 3.2789 8.15 2.09 5.02 187 297 299 298 199 
-0.1017 0.4790 0.0215 0.8716 166.06 51.13 26.69 5.25 0.68 -5.34 -2.2400 4.6300 -11.6400 -7.6000 4.4100 4.9467 4.14 -7.99 3.88 180 400 345 364 212 
-0.0690 0.1720 -0.5780 0.7947 174.62 4.75 80.81 -1.99 -3.65 -3.80 -2.8800 7.1800 -6.0900 -9.8244 3.4789 0.8533 0.13 -8.76 -4.39 170 394 339 362 209 
0.0428 -0.0540 -0.9269 0.3689 3.75 2.31 139.69 -0.05 -4.73 -9.47 0.1700 1.0500 -0.2100 1.0844 -0.6844 -0.1022 0.08 -6.80 -7.05 174 388 346 371 208 
0.0084 -0.0055 -0.9194 0.3931 181.81 0.62 131.31 0.13 -4.82 -5.80 -0.0400 2.8100 -0.0200 1.6678 -1.6144 -1.2478 0.11 -8.09 -5.53 176 372 340 379 212 
-0.0450 0.1341 -0.8372 0.5284 171.94 7.50 105.75 0.19 6.44 -15.38 -1.7800 21.2300 -14.2500 13.3978 -0.1133 -2.1644 2.85 -6.69 6.57 182 364 347 397 221 
-0.0784 0.2236 -0.0435 0.9705 169.50 25.69 -6.37 8.57 15.85 26.25 4.4200 12.2300 18.1700 2.3600 -0.3222 -0.0744 4.24 3.19 8.24 184 376 363 401 223 
-0.0995 0.2035 0.1800 0.9572 169.06 26.50 -18.37 6.97 4.09 10.36 1.5100 1.1600 0.7700 -1.0556 0.9200 -0.0100 4.12 2.11 8.64 187 372 362 412 224 
-0.0811 0.2059 0.1173 0.9681 170.62 24.81 -12.00 4.99 1.99 7.01 1.0700 0.2500 -1.9200 -0.1311 -0.7733 -0.0389 4.48 1.78 8.53 185 363 348 383 221 
;
