0.0257 0.4945 0.1520 0.8554 183.50 57.06 -31.81 8.24 2.78 4.40 -0.0100 -0.0300 -0.1000 0.0144 -0.0444 -0.0167 8.24 2.82 4.49 188 302 303 362 225 
0.0289 0.4982 0.1521 0.8531 183.87 57.25 -32.25 8.05 2.79 4.38 -0.2000 -0.0300 -0.0900 0.0222 -0.1256 -0.0111 8.28 2.84 4.41 190 302 309 361 224 
0.0312 0.5048 0.1526 0.8491 184.25 58.25 -33.63 8.35 2.84 4.15 0.0400 -0.0200 -0.0800 0.0533 -0.2967 0.0044 8.43 2.87 4.09 189 304 306 360 224 
0.0312 0.5174 0.1505 0.8418 183.81 59.44 -32.13 9.40 3.79 6.74 0.0200 1.6500 3.2300 -0.9722 -0.0744 0.4189 8.54 1.98 4.39 176 375 203 201 148 
0.0389 0.5660 0.0511 0.8219 187.12 70.06 -10.88 16.38 4.63 7.36 5.9700 4.7900 1.9000 -6.2022 6.0978 0.4544 7.37 -1.79 6.21 162 411 177 181 124 
0.2202 0.2111 -0.3250 0.8952 211.56 24.06 41.38 1.50 -1.16 -0.08 -1.2500 4.9800 -6.4400 -3.3533 2.2156 -0.3578 2.95 -7.57 5.47 164 424 175 191 137 
0.3342 -0.0148 -0.4946 0.8022 227.87 17.87 58.44 1.18 -5.33 -1.07 -1.0000 3.4700 -5.8600 1.0278 1.1778 -1.3211 3.20 -7.47 5.47 172 425 186 196 143 
0.4457 -0.0267 -0.4127 0.7939 239.31 19.06 40.44 11.00 -1.99 7.37 8.1100 2.7300 1.0500 3.0233 0.3111 0.6256 3.06 -4.23 8.29 169 428 186 195 142 
0.4161 0.0588 -0.2325 0.8771 226.81 16.87 20.75 8.27 -7.46 19.52 2.3300 -4.2500 10.2600 -0.8122 -0.8367 3.3822 2.48 -4.42 8.39 167 431 189 198 146 
0.1829 0.0275 -0.3184 0.9297 199.62 7.19 39.56 -4.28 -7.05 12.43 -5.0300 2.1300 6.0600 -2.8700 1.2933 0.9844 -0.23 -7.91 5.78 167 429 192 200 145 
0.1429 -0.1194 -0.5052 0.8427 202.50 -2.62 66.56 -4.39 -1.91 3.13 -3.0700 7.6900 -0.5200 -1.5856 1.8956 -1.8444 0.41 -9.40 2.73 167 431 184 204 147 
0.3036 -0.1697 -0.5904 0.7283 231.50 8.75 76.00 0.43 -2.79 0.67 -0.5600 6.3800 -1.5600 -0.1122 2.0611 -1.6633 2.35 -9.18 2.50 173 429 187 207 147 
0.4841 -0.1949 -0.5580 0.6451 258.25 18.37 68.00 11.09 -2.20 0.94 9.2800 5.2400 -2.8300 2.7056 1.2978 -0.8022 3.25 -7.38 5.56 171 427 193 210 151 
0.5854 -0.1050 -0.3940 0.7007 257.00 17.69 42.75 10.45 -8.29 13.80 5.4700 -3.1300 7.0100 1.6100 -2.2367 2.9078 2.78 -5.78 7.41 173 429 193 221 150 
0.3853 0.0026 -0.3588 0.8502 223.12 16.50 41.00 -2.86 -6.59 9.32 -5.9400 -0.1800 2.0800 0.0578 -2.1922 0.9600 3.26 -6.48 6.58 173 418 190 207 147 
0.2054 0.1099 -0.4120 0.8809 199.81 21.00 48.56 -2.13 -5.53 3.33 -8.3200 1.4300 -3.1700 2.9522 -13.5367 -0.3800 6.92 -5.99 3.49 136 405 194 181 125 
-0.1784 0.7941 -0.2618 0.5187 113.94 32.88 135.56 4.47 -7.73 -10.12 -6.0300 -0.9400 -1.3400 2.7078 -1.2122 -0.2178 5.02 -6.97 -4.71 130 412 191 187 122 
-0.3923 0.8215 -0.1398 0.3895 86.44 32.25 114.25 5.99 -6.09 -1.30 0.5800 1.0500 1.8800 1.4200 -0.4211 -0.1756 5.28 -7.82 -2.64 140 418 193 191 124 
-0.4820 0.7778 -0.0756 0.3961 78.94 33.50 101.94 5.69 -6.57 -0.08 1.1000 0.3800 -0.1300 1.9200 1.1878 -0.7222 5.95 -7.77 0.50 146 426 193 188 125 
-0.5801 0.6771 0.0232 0.4521 75.56 39.31 84.44 6.25 -7.13 3.42 -1.1200 -0.1300 1.4600 -2.2500 -0.2456 0.6433 5.78 -7.90 -0.44 149 425 195 192 127 
-0.5330 0.7142 -0.0587 0.4499 86.50 36.75 80.75 4.86 -5.38 8.86 2.0100 2.1200 5.1000 0.3733 -0.0889 -0.0444 6.03 -7.51 1.82 137 428 195 192 124 
-0.5195 0.6209 -0.0978 0.5788 94.87 37.75 76.50 4.62 -7.14 2.99 -2.0800 0.7900 1.9600 -0.6933 -2.1322 0.2311 5.99 -7.74 0.47 165 396 193 196 127 
-0.4933 0.7174 -0.0753 0.4861 92.12 39.00 97.37 10.63 -6.92 0.50 4.8400 -1.6600 -1.1800 -2.0778 -2.1922 0.9656 5.65 -7.47 -2.88 137 331 175 189 122 
-0.4390 0.7866 -0.1387 0.4116 84.81 30.94 104.69 6.04 -11.44 -5.87 -0.2800 -2.1000 -3.4500 2.1567 2.0822 -0.2200 5.30 -8.24 0.28 152 319 173 189 121 
-0.5295 0.6319 -0.1264 0.5516 93.69 34.00 74.81 3.45 -7.95 -1.23 -1.9800 0.6700 -3.5700 0.2700 1.4178 0.4267 5.03 -7.86 3.00 156 318 177 190 127 
-0.5594 0.5492 -0.1585 0.6002 94.12 28.12 65.44 2.14 -6.22 2.55 -2.0800 1.2700 -1.5400 0.4589 0.4011 -0.2378 4.57 -7.71 3.96 153 321 182 191 127 
-0.5766 0.4980 -0.1542 0.6292 91.81 24.31 52.81 6.64 -8.20 -9.92 1.8400 2.8800 -12.7800 8.2033 2.7689 0.3278 2.44 -3.12 8.97 163 343 185 191 127 
-0.7632 0.0947 0.0325 0.6384 78.44 8.88 2.75 -6.09 11.21 16.94 -6.4000 7.9300 3.8900 -1.3689 -0.4267 -0.7044 1.80 -1.07 9.57 170 354 186 192 126 
-0.7408 0.1334 0.0290 0.6577 83.31 13.63 10.38 2.70 -2.41 7.62 -0.1400 -0.3900 -1.4700 -0.0878 -0.3822 0.3211 2.62 -1.91 9.25 192 353 192 193 127 
-0.7437 0.1838 0.0399 0.6416 80.94 19.81 15.44 -3.73 2.36 8.14 -7.6500 5.5800 -0.6900 -3.1444 -3.2033 -0.3844 5.21 -3.99 7.27 195 349 185 196 133 
-0.6321 0.4762 0.0779 0.6063 95.94 48.94 52.44 6.89 0.84 -3.06 2.6900 4.8700 -6.8000 -7.9978 2.9778 -6.7033 9.01 -2.87 2.56 177 311 195 206 149 
-0.0704 0.5298 0.0203 0.8450 176.25 59.75 -12.06 15.53 3.77 7.28 5.4200 1.0200 3.9400 1.1778 -1.3089 -0.7989 8.10 2.85 4.72 194 319 282 288 185 
;
