-0.1513 0.1140 0.4120 0.8913 160.75 19.06 -47.75 3.25 6.87 6.19 0.0300 -0.0400 -0.0300 -0.0022 -0.0089 -0.0089 3.19 6.86 6.22 170 332 298 274 192 
-0.1504 0.1133 0.4119 0.8915 160.87 19.00 -47.75 3.25 6.87 6.18 0.0400 0.0000 -0.0600 0.0011 0.0011 -0.0189 3.19 6.86 6.23 171 329 296 272 192 
-0.1510 0.1174 0.4049 0.8941 160.62 20.06 -45.56 3.48 8.49 8.96 1.6800 5.1100 5.7600 -6.7167 -0.1622 0.8733 3.40 2.70 8.79 171 381 175 177 125 
-0.1523 0.0944 -0.0093 0.9838 163.37 11.31 13.88 4.42 -4.18 6.44 0.1200 0.3400 -0.3400 -2.2500 -0.7611 -0.9478 2.23 -4.34 8.49 170 416 190 183 129 
-0.0833 0.1464 -0.2697 0.9481 170.75 13.75 36.63 -0.90 -4.54 2.55 -3.6400 1.4500 -5.2200 -0.9800 0.2556 -0.6622 2.48 -6.24 7.13 168 419 197 187 132 
-0.0239 0.1505 -0.3390 0.9283 178.06 15.19 40.38 4.91 -2.57 3.37 2.9600 3.1800 -3.4100 1.3856 0.6967 0.2222 2.18 -5.49 7.82 169 419 199 190 133 
-0.0331 0.1072 -0.2459 0.9628 173.75 9.81 25.87 7.69 -3.37 10.10 5.6500 -0.0500 1.6900 1.7278 -0.3133 2.5667 1.19 -3.23 9.18 168 415 203 190 135 
-0.2101 0.0823 -0.1412 0.9639 150.94 5.31 18.50 -1.80 -7.37 17.27 -3.7400 -3.8000 7.6000 -1.6022 -0.4556 1.9611 0.54 -4.34 8.77 168 414 204 191 136 
-0.3469 0.1136 -0.2603 0.8939 136.75 0.50 35.63 -3.88 -2.75 10.37 -3.4800 3.9200 1.6600 -2.3678 0.9844 0.0644 -0.54 -7.21 6.62 168 412 202 192 137 
-0.2935 0.1077 -0.4343 0.8448 144.69 -3.19 55.75 -3.00 -1.67 4.40 -2.3800 6.5200 -0.9900 -1.2389 1.3311 -1.6644 0.01 -8.63 4.65 168 411 202 195 138 
-0.1309 0.1062 -0.5220 0.8361 166.94 3.87 65.19 1.50 -2.08 2.88 1.2100 6.8300 -1.1900 -0.1367 1.6489 -1.6922 1.32 -8.82 4.07 167 407 207 195 138 
0.0446 0.0748 -0.5293 0.8439 189.19 10.75 62.69 10.34 -4.36 1.53 9.5300 3.5900 -2.9600 1.5322 0.3867 -0.1022 1.84 -8.03 5.31 169 408 210 195 138 
0.0665 0.0626 -0.4293 0.8986 184.44 9.69 47.00 8.40 -10.29 9.71 5.0500 -3.2600 4.0300 2.4178 -2.5722 2.1011 1.96 -6.02 7.48 170 409 210 195 139 
-0.1556 0.1635 -0.2934 0.9290 156.37 13.00 37.94 -4.66 -7.26 10.32 -6.8100 0.0000 2.9000 0.1344 -0.8356 0.6333 2.41 -5.94 7.41 170 409 210 195 138 
-0.2451 0.2152 -0.2759 0.9042 149.62 14.81 38.38 0.28 -3.66 8.00 -1.9600 1.6800 0.0800 0.5100 0.0856 -0.3378 2.67 -5.49 7.66 170 393 203 186 135 
-0.2571 0.2535 -0.1791 0.9152 146.12 27.87 25.44 8.94 0.76 -0.49 3.8300 3.4300 -5.9300 7.0089 -16.8422 0.7189 9.63 -1.67 -0.78 134 384 192 179 132 
-0.4469 0.7084 0.3827 0.3898 70.06 59.94 122.75 9.36 -9.84 -5.49 0.7800 -4.9200 -3.3200 2.9900 1.5367 0.6444 8.35 -5.08 -0.69 139 394 197 184 132 
-0.6650 0.5573 0.3647 0.3381 52.13 59.44 65.06 3.15 -4.10 -0.01 -5.1200 0.2500 -2.3500 3.9189 1.7722 -1.3222 8.32 -2.70 4.42 148 366 200 185 134 
-0.8015 0.2754 0.3916 0.3584 47.19 54.38 10.38 6.13 3.15 3.95 -1.9400 4.0700 -1.9500 1.7900 0.7322 -0.3244 7.71 -0.05 6.05 151 376 203 185 133 
-0.8415 0.1468 0.4044 0.3268 41.69 50.00 -1.94 6.36 1.16 5.17 -0.8700 1.1200 -1.0500 0.2889 0.2556 0.4767 7.34 0.16 6.49 150 380 199 187 134 
-0.8588 0.1388 0.3762 0.3189 40.88 47.25 1.00 8.35 0.86 4.35 1.3200 1.9100 -2.0400 -1.0811 0.7189 -0.8400 7.01 -0.45 6.83 149 387 198 188 135 
-0.8441 0.1799 0.3288 0.3835 51.63 42.75 4.44 8.58 -0.85 5.26 1.3200 -1.1700 -2.1500 -1.1600 0.9433 -1.0511 6.22 -0.71 7.54 149 413 199 190 136 
-0.8139 0.1976 0.2538 0.4838 62.44 36.19 5.25 5.17 -2.90 8.20 -0.3300 -2.4400 -0.0300 0.2867 0.2656 0.1511 5.52 -0.62 8.07 152 414 207 190 136 
-0.8192 0.1760 0.2253 0.4971 63.06 31.81 4.00 2.22 -0.23 10.11 -2.1900 -0.0200 0.7900 -0.3344 -0.1544 0.1433 5.17 -0.75 8.29 151 416 209 190 137 
-0.8187 0.1806 0.2141 0.5013 62.44 32.31 5.87 5.83 -0.30 8.00 0.3700 0.7700 -0.1900 -0.0422 -0.0489 0.3967 5.24 -1.03 8.21 151 408 207 190 138 
-0.8290 0.2003 0.2166 0.4752 59.19 34.69 10.19 0.66 -0.54 10.08 -4.1200 0.1200 1.7300 -1.2611 -1.6767 -0.0989 6.49 -2.10 7.04 155 399 193 192 136 
-0.7800 0.3146 0.2751 0.4657 62.25 48.88 20.31 9.72 -7.66 2.57 2.2800 -4.9700 -3.3700 1.3356 -1.1589 -0.1044 7.96 -1.67 5.47 155 408 203 191 138 
-0.7738 0.2834 0.3831 0.4174 54.19 56.63 9.63 9.97 0.89 4.34 1.4300 1.6900 -0.9800 1.8444 -0.1900 0.4822 8.22 -0.36 5.32 157 408 207 191 137 
-0.8149 0.1850 0.4353 0.3350 43.06 55.94 -0.44 8.94 2.34 4.66 0.7400 2.3600 -0.8400 0.7144 0.4733 0.1400 7.94 0.29 5.74 157 404 198 191 138 
-0.8417 0.1277 0.4285 0.3026 39.44 52.69 -4.37 6.90 2.02 4.94 -1.0900 1.5500 -0.9600 -0.1500 0.1744 -0.0856 7.67 0.43 6.08 157 394 199 191 137 
-0.8451 0.1335 0.4097 0.3165 42.06 50.19 -1.37 7.46 1.68 5.18 0.5900 1.5100 -0.7600 -1.8244 1.3378 -0.9967 7.11 -0.25 6.74 157 393 204 192 137 
-0.8311 0.1930 0.3286 0.4050 54.06 44.00 6.19 9.03 -0.94 4.85 1.7800 -1.0600 -2.7800 -1.3867 0.6244 -0.5500 6.50 -1.26 7.23 156 413 209 194 138 
-0.7994 0.2358 0.2488 0.4934 65.31 37.31 9.06 5.25 -3.42 8.50 -1.0600 -2.2900 0.5600 0.0067 0.8433 -0.3033 5.52 -1.11 8.02 158 418 209 196 138 
-0.7922 0.2025 0.2011 0.5393 70.19 31.00 6.94 3.43 -0.99 8.90 -0.1000 -0.1300 -0.0300 -0.2911 -0.0133 0.3633 4.94 -1.28 8.37 159 409 208 196 139 
-0.7925 0.2141 0.1673 0.5460 67.62 30.75 12.25 -0.54 0.44 9.23 -7.3200 3.2500 0.9600 -1.7800 -1.5678 0.5800 5.76 -2.91 7.38 167 355 208 202 144 
-0.7483 0.3857 0.1862 0.5066 73.19 45.88 36.13 4.09 -1.13 0.88 -2.7800 2.0900 -4.9300 -2.9667 1.9189 -5.6733 7.86 -2.44 5.32 166 324 221 217 156 
;
