0.1264 0.1716 0.0347 0.9764 194.69 19.00 -6.75 3.21 1.29 9.13 0.0300 0.2000 -0.0200 0.0067 0.0211 0.1667 3.20 1.08 9.20 162 349 359 384 211 
0.1268 0.1721 0.0338 0.9763 194.81 19.12 -6.62 3.00 1.07 9.10 -0.1500 0.0200 -0.0600 0.0578 -0.0100 -0.1578 3.22 1.11 9.19 165 347 360 384 211 
0.1304 0.1737 0.0353 0.9755 195.19 19.19 -6.94 3.25 1.14 9.27 1.2900 0.0700 1.0300 1.3111 1.3033 -0.0589 2.71 1.76 9.25 168 347 339 372 211 
0.0900 0.1113 0.1204 0.9824 186.31 13.38 -12.00 5.96 5.57 18.49 1.5900 2.6500 4.9500 -5.9867 2.0544 2.8478 2.11 -1.96 9.37 178 393 170 171 117 
-0.0329 0.1381 -0.2517 0.9573 174.87 18.12 36.38 8.62 0.46 4.71 1.7700 5.1200 -3.7400 -1.8722 0.6578 0.2878 1.91 -6.87 6.72 204 417 170 189 131 
-0.0159 0.0853 -0.4282 0.8995 178.50 7.25 54.25 -0.11 -6.42 5.52 -1.0600 2.5000 0.1200 -2.1367 0.7922 0.1011 1.06 -8.65 4.49 199 418 172 196 133 
0.0180 0.0463 -0.5383 0.8413 183.50 5.06 66.25 -0.19 -6.01 2.29 -0.9500 3.2600 -1.2800 0.1611 0.9889 -0.0656 0.67 -8.91 4.02 198 425 180 202 136 
0.0580 -0.0038 -0.5327 0.8443 189.00 3.19 62.81 0.80 -5.19 2.31 0.9600 3.4500 -2.4100 1.5622 0.1622 0.0722 0.60 -8.18 5.37 195 430 185 205 137 
0.0786 -0.0010 -0.4240 0.9022 189.87 4.12 46.19 6.46 -6.01 7.78 5.8900 0.3700 1.3500 1.9300 -0.7267 0.9756 0.86 -5.87 7.80 187 427 186 207 139 
0.0084 0.0461 -0.2909 0.9556 177.69 5.75 33.25 1.62 -8.99 15.10 -0.4200 -2.8700 6.8800 -0.9678 -0.9800 1.8344 0.85 -5.84 7.82 181 426 190 207 138 
-0.1285 0.0670 -0.3425 0.9283 162.25 -0.31 42.38 -3.39 -7.00 10.17 -3.9200 1.1200 3.3700 -1.3467 0.9600 0.8189 -1.10 -7.25 6.50 178 423 189 207 138 
-0.1532 -0.0063 -0.4527 0.8784 161.00 -9.63 57.06 -6.75 -5.01 4.00 -4.5100 4.0600 -1.0700 -1.2256 0.6800 -1.1489 -1.23 -8.80 4.14 178 423 193 213 142 
-0.0447 -0.0135 -0.5540 0.8312 178.06 -1.62 68.50 -1.56 -3.11 2.80 -0.8700 6.5500 -0.6600 -0.6133 1.0567 -1.8611 0.87 -9.22 3.21 178 424 196 214 143 
0.1281 -0.0052 -0.5814 0.8035 202.25 9.13 69.37 5.25 -4.11 0.35 3.9900 4.6100 -3.4000 2.1989 1.8367 -0.8567 1.53 -8.37 4.85 178 422 196 214 144 
0.2475 -0.0434 -0.4321 0.8661 210.12 7.81 46.19 12.74 -5.78 11.90 10.6000 -0.5200 4.3100 2.4100 -2.5722 2.1289 1.84 -5.75 7.72 176 421 194 214 143 
0.0760 0.0911 -0.3107 0.9431 186.94 13.00 36.19 -7.55 -10.31 10.63 -9.6200 -3.9100 0.7900 0.4167 -0.5078 -0.0744 2.48 -5.63 7.63 176 415 202 217 143 
0.0125 0.1411 -0.2988 0.9437 176.87 19.75 35.31 3.09 -4.04 6.56 1.5700 1.1200 -3.4600 4.0044 -14.7944 1.4200 8.22 -4.37 3.05 150 380 198 190 124 
-0.3464 0.7637 -0.0067 0.5446 99.00 49.13 114.50 9.68 -5.40 -4.85 1.2400 0.5300 -1.3500 3.0889 -2.7856 0.7633 6.27 -6.95 -2.91 129 397 198 190 123 
-0.5406 0.7844 0.1383 0.2710 45.25 32.88 106.37 7.99 -4.92 -0.87 2.6100 3.3200 1.3900 2.1300 -1.2678 0.6800 4.69 -8.49 -1.41 134 402 198 189 126 
-0.6548 0.7144 0.2087 0.1318 20.69 27.56 95.06 9.05 -8.19 -2.14 2.4600 2.4000 -0.7500 0.2911 -1.8800 -0.1267 4.79 -8.55 0.27 130 406 198 190 125 
-0.6970 0.6700 0.1718 0.1891 31.94 29.87 89.25 1.83 -8.70 0.40 4.1600 -0.7800 -2.7500 -1.4189 0.3233 0.0633 4.95 -8.37 -1.18 136 406 201 193 131 
-0.6738 0.6840 0.1628 0.2275 36.31 33.13 85.62 -2.71 -3.40 12.43 7.8500 4.0300 8.1900 -0.7556 1.1867 0.2022 5.40 -8.18 0.12 139 402 207 197 132 
-0.6667 0.6823 0.1877 0.2341 37.94 34.69 91.62 7.91 -7.07 -0.27 2.5600 2.0000 1.6900 -1.2622 1.5544 -0.0856 5.71 -7.95 -0.47 160 385 214 218 154 
-0.5956 0.7189 0.0919 0.3464 68.81 37.88 93.37 15.82 -4.27 3.26 9.3600 3.1900 1.5100 -7.9456 8.9611 -0.0611 6.14 -7.54 -1.22 188 360 326 347 204 
-0.2213 0.7261 -0.3833 0.5261 139.37 34.13 120.44 9.47 -2.04 -6.70 2.9800 4.5500 -2.2500 -2.9122 -0.1644 1.7744 4.77 -6.61 -5.43 184 382 329 368 206 
-0.1175 0.6439 -0.6337 0.4124 149.75 19.69 134.37 0.92 0.10 -9.63 -2.2500 5.9900 -3.2400 -0.2433 -0.3011 1.7833 2.07 -6.80 -6.74 189 377 353 369 210 
-0.1631 0.5305 -0.7397 0.3804 130.44 8.63 128.75 -1.05 -5.93 -9.59 -2.7900 3.7900 -4.7100 4.2333 0.6689 -0.1533 1.77 -8.91 -3.68 185 368 341 378 211 
-0.2874 0.4146 -0.5872 0.6330 129.94 10.00 77.00 0.59 3.56 -8.57 -0.7400 14.8500 -11.7300 9.8111 -1.3278 0.0300 1.93 -4.69 8.38 185 373 352 392 213 
-0.5101 0.0795 0.0266 0.8560 116.50 7.62 -6.81 3.68 17.58 19.71 -0.9700 14.3800 13.7700 3.8400 1.6667 1.7922 0.57 4.83 8.50 193 387 368 404 216 
;
