0.0941 -0.0013 -0.0551 -0.9940 168.56 3.00 -5.37 2.50 -0.93 9.36 1.2900 -1.1100 -0.4900 -0.5233 -0.1489 -0.1478 0.81 0.64 9.75 280 433 436 486 310 
0.0955 -0.0240 -0.0278 -0.9948 169.00 2.19 -2.81 -0.56 1.47 9.18 -1.0800 0.8200 0.7000 -0.0189 0.0389 0.0144 0.30 0.49 9.78 284 433 428 472 308 
0.0966 -0.0170 -0.0278 -0.9948 168.69 3.12 -2.44 3.54 -2.50 19.90 3.2300 -3.3300 10.8900 -4.2300 -0.8544 1.9500 1.47 -1.88 9.50 291 472 262 257 204 
0.1788 -0.1144 0.1385 -0.9673 158.37 9.50 24.50 2.48 -2.06 8.29 2.9800 3.8500 -2.8500 -3.3600 0.3322 1.2256 1.33 -6.29 7.40 292 489 277 270 215 
0.2095 -0.1378 0.3828 -0.8892 153.12 3.62 51.19 -0.62 -3.11 1.59 -1.2900 4.6300 -3.8800 -1.0433 -0.1644 0.1956 0.43 -8.21 5.33 282 494 289 275 218 
0.2123 -0.1451 0.4553 -0.8524 151.69 3.19 56.06 4.80 -5.60 3.39 4.4900 0.8700 -0.8900 1.5989 -0.6100 0.4322 0.61 -7.54 6.23 275 496 278 277 221 
0.2814 -0.1639 0.3678 -0.8710 140.12 4.94 47.06 0.35 -12.17 16.09 -3.6300 -4.3900 8.6100 -2.3222 -1.2244 2.4678 0.08 -8.24 5.30 271 495 289 282 225 
0.4094 -0.2440 0.4807 -0.7361 121.56 -2.94 69.62 -6.04 -4.31 1.44 -5.3400 5.1600 -1.5300 -1.4111 1.3911 -0.6311 -0.45 -9.56 2.11 270 494 287 281 225 
0.3007 -0.2391 0.5991 -0.7025 138.00 -0.06 80.94 -3.35 -3.91 1.36 -2.6000 6.2200 0.2200 0.4111 1.8000 -1.3656 0.73 -9.61 1.76 246 475 267 260 200 
0.1406 -0.1930 0.5952 -0.7673 164.31 9.13 75.00 6.22 -3.76 2.14 5.6400 5.9500 -0.4200 1.8656 1.5556 -1.2333 2.06 -8.75 3.91 276 455 243 239 179 
0.0374 -0.1457 0.4775 -0.8657 173.81 12.19 55.75 9.70 -8.49 9.19 6.3500 -1.4900 3.4300 1.8211 -1.8311 1.0989 2.16 -7.24 6.25 276 490 295 294 234 
0.1835 -0.2172 0.3545 -0.8907 151.31 17.00 47.56 -1.87 -11.53 10.59 -5.4200 -3.8700 3.7200 0.4756 -4.6911 1.9667 4.16 -7.10 5.31 258 438 290 285 226 
0.4527 -0.4961 0.1544 -0.7247 102.44 48.56 63.63 18.90 -3.30 -6.88 17.1000 -0.8900 -9.6400 3.6722 -9.1711 0.1544 7.53 -5.72 -2.57 196 433 274 276 214 
0.6030 -0.6769 -0.3512 -0.2343 36.88 47.75 94.75 4.28 -5.34 -2.53 -0.6900 2.9100 -0.6500 4.1122 1.1789 -0.1511 7.20 -6.25 2.29 199 457 283 279 215 
0.8091 -0.4276 -0.3800 -0.1345 16.50 46.31 54.13 5.39 0.89 3.69 -1.5600 6.5100 -0.2400 1.5522 0.1900 0.0067 6.99 -4.87 4.84 192 456 284 280 218 
0.8627 -0.3361 -0.3594 -0.1163 18.50 43.19 44.88 7.21 -2.14 3.99 2.4700 2.3400 -2.3400 -2.4067 0.3089 0.0556 6.58 -5.83 4.32 206 459 292 282 219 
0.8185 -0.4578 -0.2847 -0.1986 29.75 38.69 56.56 6.73 -9.06 1.98 -0.0100 -2.4700 -1.7600 -0.5633 3.2811 -0.1789 5.22 -6.57 5.07 213 475 304 292 228 
0.8375 -0.4517 -0.1537 -0.2665 35.69 28.94 51.38 1.80 -6.29 7.76 -2.4700 1.0000 1.9800 -0.3689 -0.0978 -0.0556 4.64 -6.87 5.23 230 479 306 301 238 
0.8129 -0.4930 -0.1221 -0.2850 41.13 28.87 58.56 0.12 -3.85 3.06 -5.4000 3.4900 -2.1700 -1.3833 2.1467 -2.4511 5.37 -6.92 4.38 248 433 319 327 262 
0.6859 -0.4734 -0.0654 -0.5487 88.62 37.81 34.69 8.42 -1.53 4.39 1.8200 1.5500 -2.2600 3.8811 5.2411 -5.0000 4.41 -0.32 8.75 279 425 387 394 286 
0.5292 -0.1967 -0.2010 -0.8005 115.19 35.94 -12.81 11.82 4.30 11.86 4.0100 1.8800 3.6700 0.1111 0.6033 -1.2333 5.62 2.66 7.57 272 425 384 388 283 
;
0.4503 -0.1953 -0.2902 -0.8215 122.94 37.56 -22.87 6.78 3.10 7.80 0.2700 -0.1600 0.1500 -0.4378 -0.8556 -0.0778 6.53 2.87 6.72 268 420 380 380 281 
0.4198 -0.2421 -0.3088 -0.8184 126.12 40.00 -24.50 5.43 3.63 7.00 -0.3800 0.5600 0.1700 -0.1378 -0.9300 0.0033 6.66 3.16 6.46 270 416 385 383 279 
0.3934 -0.2810 -0.3137 -0.8172 130.37 45.75 -21.81 12.08 3.74 10.34 6.2900 1.0600 5.8000 -5.4722 3.1078 -0.9433 5.24 0.05 8.28 264 413 303 298 226 
0.2717 -0.2401 0.0739 -0.9290 148.31 21.62 26.12 3.04 -6.09 8.52 -0.3900 -0.8800 0.7200 -2.5911 3.2078 -1.8767 2.36 -5.87 7.48 267 477 275 273 206 
0.1633 -0.1832 0.3339 -0.9101 160.87 11.88 45.69 2.41 -2.03 3.92 0.1600 4.7300 -3.0700 -1.0722 0.7400 -0.0500 1.80 -7.42 6.14 273 484 281 270 208 
0.1266 -0.1592 0.3966 -0.8951 164.25 10.19 49.56 1.54 -3.85 3.69 0.1700 3.8300 -2.4700 0.4922 0.1744 0.1300 1.53 -7.17 6.50 272 486 286 273 210 
0.1344 -0.1266 0.3779 -0.9073 161.19 6.31 45.19 7.29 -6.59 8.43 6.0600 -0.0100 2.2400 1.0389 -0.8378 2.2667 0.41 -6.48 7.34 272 491 289 269 200 
0.3102 -0.1072 0.3464 -0.8788 135.62 -4.12 45.13 -9.82 -11.62 11.05 -9.1200 -3.5700 3.3100 -2.8722 -0.0211 0.9844 -1.51 -8.21 5.13 266 490 291 272 205 
0.3607 -0.1356 0.5175 -0.7641 131.81 -9.06 67.00 -5.72 -2.80 1.55 -4.2700 6.2500 -2.1100 -0.4833 1.3400 -1.4789 -0.95 -9.22 3.18 263 501 293 276 207 
0.2206 -0.1320 0.5682 -0.7817 152.94 -0.31 70.75 0.84 -3.34 2.06 2.0400 6.7300 -0.6600 1.0578 1.1833 -1.5589 0.77 -8.94 3.93 267 499 296 277 209 
0.0999 -0.1104 0.5016 -0.8522 166.87 4.50 58.44 8.44 -5.43 7.50 6.4800 1.3900 2.6400 1.9367 -0.6322 1.1444 0.32 -7.53 6.27 267 499 299 280 211 
0.1921 -0.0972 0.3781 -0.9004 152.56 2.44 44.44 -0.82 -11.21 11.08 -3.0300 -4.0100 3.5200 -0.0300 -1.5711 1.0700 0.74 -6.84 6.97 266 491 299 282 211 
0.3184 -0.1865 0.3318 -0.8682 135.56 10.56 43.25 -3.38 -12.98 4.36 -4.8200 -6.8900 -3.8800 6.5489 -14.2089 -0.3289 7.30 -4.34 4.88 216 435 275 271 204 
0.5312 -0.6500 -0.2703 -0.4714 65.06 60.00 98.31 11.14 -4.52 -9.05 0.9700 1.6000 -5.8400 7.7689 -1.0144 2.3944 7.47 -6.05 1.93 201 456 281 274 203 
0.8253 -0.3773 -0.4084 -0.0984 11.63 48.00 47.25 4.62 2.87 4.56 -2.6700 7.3000 -0.4500 2.3200 0.5100 -0.4456 7.20 -3.66 5.54 199 450 283 273 203 
0.8887 -0.2214 -0.3954 -0.0699 10.19 46.88 29.56 6.67 -0.14 5.70 0.1000 2.9100 -0.5600 -1.7144 0.0633 0.0956 7.01 -4.01 5.54 204 465 290 279 207 
0.8685 -0.3235 -0.3505 -0.1351 19.44 42.94 43.38 9.58 -5.32 2.90 1.7700 -1.7100 -4.0000 -1.7522 2.3322 -0.4867 6.01 -5.53 5.42 209 481 297 284 211 
0.8536 -0.4040 -0.2116 -0.2518 34.50 32.31 44.94 1.85 -7.88 6.79 -2.7900 -1.5300 1.4000 -0.2722 0.0378 0.1911 4.95 -6.11 5.85 214 493 306 286 215 
0.8527 -0.4178 -0.1589 -0.2704 35.00 29.81 46.75 4.91 -5.13 5.93 0.2800 1.7200 -0.7900 -0.7744 -0.3667 0.3389 4.89 -6.58 5.36 227 479 300 297 223 
0.8328 -0.4680 -0.1598 -0.2490 34.88 29.81 55.19 -0.14 -3.95 2.72 -5.6500 2.6000 -2.5800 -1.8433 1.6522 -2.3078 5.41 -6.80 4.53 236 416 318 314 239 
0.7302 -0.4877 -0.1347 -0.4590 72.50 42.75 41.31 8.19 -3.09 3.42 1.6000 1.0000 -1.8300 2.8500 3.5200 -4.5444 6.04 -1.31 7.60 259 426 355 370 280 
;
