0.1495 0.0439 0.3571 0.9210 198.37 -1.37 -42.13 -0.18 6.63 7.27 0.0000 0.0400 0.0000 0.0233 0.0411 0.0211 -0.24 6.58 7.26 169 366 364 375 208 
0.1473 0.0434 0.3589 0.9207 198.12 -1.44 -42.38 -0.35 6.73 7.12 -0.0700 0.1400 -0.1900 -0.0444 -0.0700 0.0067 -0.22 6.60 7.24 167 365 364 375 209 
0.1481 0.0469 0.3555 0.9217 198.19 -0.88 -41.69 0.28 6.28 7.65 0.3500 -0.2700 0.5500 -0.4000 0.2367 0.0700 -0.21 6.29 7.51 168 360 334 337 208 
0.1290 0.0302 0.3363 0.9324 194.37 -2.31 -39.00 -0.12 8.24 14.10 -1.6300 3.9100 6.1200 -3.6711 0.4411 1.6389 0.07 3.92 8.98 187 388 161 152 127 
0.0012 0.0316 0.0986 0.9946 177.62 2.81 -2.06 0.54 4.62 12.29 -2.6000 3.6200 0.2100 -4.1267 -0.3500 -0.2122 0.92 -2.88 9.32 186 412 178 173 140 
-0.0075 0.0851 -0.2357 0.9681 179.50 10.88 33.63 -1.56 -3.11 1.02 -2.9600 3.0100 -7.3100 -1.8600 -0.1744 -0.7078 2.33 -6.79 6.67 179 423 182 185 143 
0.0442 0.1145 -0.4005 0.9081 187.00 14.25 47.56 0.81 -5.15 1.64 -1.8100 1.5200 -4.8400 1.0056 0.7611 -0.9356 2.49 -6.48 6.91 173 423 186 189 145 
0.1194 0.0892 -0.3326 0.9312 196.50 13.56 33.38 8.84 1.32 6.68 7.2000 5.6800 -1.0000 2.9644 1.4567 0.5622 1.45 -3.44 9.06 172 424 189 192 146 
0.0782 0.0385 -0.1321 0.9874 183.19 5.25 13.50 2.32 -5.49 22.35 -1.9100 -4.1500 12.2300 -1.4444 -1.4267 3.3167 1.23 -3.18 9.19 171 426 190 193 147 
-0.1566 0.1048 -0.2203 0.9570 158.44 7.06 33.00 -3.32 -3.06 10.88 -3.9600 3.6800 2.1700 -3.4967 0.1022 1.0111 0.66 -7.34 6.45 170 426 193 195 147 
-0.1920 0.1334 -0.4633 0.8548 156.69 2.81 62.50 -3.01 -2.82 3.92 -3.7100 6.6500 -0.7300 -2.0722 1.3244 -1.6100 1.21 -9.30 2.85 169 420 192 196 148 
-0.0191 0.1342 -0.6030 0.7862 180.75 12.31 76.62 2.96 -3.39 1.00 0.8400 5.6500 -1.3400 -0.2111 2.2811 -1.5256 2.93 -9.03 2.44 170 422 195 199 149 
0.1788 0.0710 -0.5753 0.7950 207.81 18.12 64.62 7.29 -3.00 2.04 4.3600 4.6900 -2.4900 3.3900 1.7133 0.1433 2.41 -7.03 6.38 170 421 196 198 149 
0.2064 0.0526 -0.3206 0.9229 202.31 13.13 31.87 9.80 -4.77 18.34 3.2800 -3.2000 12.0800 1.0333 -2.4378 2.8444 2.88 -4.18 8.38 171 412 199 198 147 
-0.0321 0.1980 -0.2484 0.9477 171.81 23.25 34.75 -1.92 -4.00 8.26 -5.2800 1.8800 -0.4200 0.2167 -5.4522 3.2011 5.02 -6.15 5.75 152 401 186 187 139 
-0.3279 0.5057 -0.2074 0.7706 120.12 47.88 76.25 13.69 -5.98 -10.09 8.4200 -1.1500 -7.7300 1.6689 -9.7200 0.9022 5.37 -7.18 -3.96 134 404 179 179 136 
-0.5203 0.8123 0.0967 0.2453 46.19 29.19 110.12 4.45 -6.56 -3.15 0.2500 1.4900 -0.0400 2.5222 -0.1800 -0.1578 4.72 -8.49 -1.29 138 404 174 180 136 
-0.6531 0.7139 0.1627 0.1934 31.06 29.50 92.94 6.48 -7.03 -0.14 1.6000 1.5300 0.1500 0.8000 -0.9778 0.1189 4.82 -8.53 -0.09 137 418 187 185 139 
-0.6896 0.6771 0.2228 0.1282 18.87 28.31 91.00 6.73 -8.67 -5.05 1.5700 -0.6900 -5.8300 3.6478 1.8922 -0.7811 4.87 -8.41 1.23 126 408 190 185 138 
-0.7255 0.6366 0.2416 0.0998 19.94 28.50 86.25 1.47 -7.45 1.15 -3.7200 1.6200 0.1400 -2.9000 -1.1878 -0.2878 4.82 -8.46 -1.09 130 404 191 191 140 
-0.6995 0.6637 0.1868 0.1880 25.00 31.62 81.25 7.92 -2.34 11.20 3.0900 3.3300 5.9300 -1.0244 3.7467 -1.3678 5.30 -8.02 1.88 137 417 192 191 142 
-0.7363 0.6073 0.1476 0.2593 44.75 31.19 73.44 6.37 -4.89 6.92 3.3200 3.5700 3.4700 -3.7400 13.2856 -2.8789 3.84 -7.99 4.18 175 416 215 204 152 
-0.4117 0.2849 -0.4074 0.7637 134.56 2.62 62.00 3.40 -8.35 7.28 2.5600 0.9900 3.5000 -0.6378 4.2800 -3.3856 1.43 -8.72 4.24 172 426 210 205 157 
-0.0453 0.1600 -0.4921 0.8545 181.56 14.38 59.25 4.29 -6.61 1.88 2.0600 4.0700 -3.5100 1.0911 2.4156 -1.6500 2.50 -7.53 5.76 173 432 207 210 158 
0.1500 0.0555 -0.4048 0.9003 199.81 12.19 44.38 4.10 -2.81 4.36 2.6500 3.5700 -2.8000 1.8956 0.6178 0.0833 1.76 -5.73 7.75 165 431 210 211 160 
0.1492 0.0387 -0.2653 0.9518 195.44 7.62 25.75 7.35 -2.10 16.23 5.2900 0.8500 8.2900 1.3711 -0.6622 2.5156 1.01 -3.13 9.23 168 428 211 213 161 
-0.0142 0.0596 -0.1847 0.9809 173.94 6.37 26.06 -4.71 -4.25 17.21 -6.1500 2.0900 7.4900 -3.3411 -0.6456 1.3611 0.92 -6.40 7.36 167 430 209 214 161 
-0.1174 0.1029 -0.4173 0.8953 164.81 5.31 56.19 -3.44 -1.85 4.15 -6.0000 5.4500 -1.2100 -2.7844 0.7922 -0.7256 1.10 -9.05 3.61 169 428 208 216 161 
-0.0238 0.1124 -0.5897 0.7994 181.50 10.56 76.06 0.04 -3.73 -1.49 -1.3600 5.6400 -4.3000 -0.6900 2.0544 -1.9144 2.94 -9.14 1.97 169 424 210 217 162 
0.2006 0.0752 -0.6025 0.7689 214.19 22.19 69.44 6.15 -0.98 2.39 3.4900 6.7000 -1.0700 2.5056 2.1211 -1.0367 3.73 -7.38 5.27 171 424 209 219 161 
0.3348 0.0450 -0.4005 0.8518 221.00 18.37 38.50 11.56 -0.71 11.12 8.5100 4.5700 3.7200 3.6044 -0.6589 2.2367 2.64 -4.03 8.54 174 425 215 219 162 
;
