0.6989 0.2581 0.1334 0.6536 273.81 8.63 -32.75 1.56 5.18 8.20 0.0500 -0.0700 0.0200 0.0144 0.0300 0.0022 1.46 5.25 8.14 180 335 368 402 222 
0.6984 0.2578 0.1349 0.6539 273.75 8.44 -32.81 1.44 5.20 8.18 0.0000 -0.0500 0.0200 0.0200 0.0222 -0.0111 1.42 5.27 8.14 177 335 364 401 223 
0.6984 0.2569 0.1375 0.6538 273.75 8.19 -33.00 1.75 5.85 8.49 0.0300 1.1600 0.7200 -0.0544 -0.6444 0.3444 1.83 5.11 8.16 176 370 285 337 222 
0.7028 0.2363 0.0624 0.6681 269.06 19.31 -15.31 8.92 4.74 8.63 8.2200 5.0400 1.1100 -3.4744 3.3667 2.1722 2.72 -1.26 9.33 206 427 172 196 141 
0.6535 0.0244 -0.1862 0.7333 263.50 16.37 18.37 3.19 -3.04 6.45 0.5500 0.1100 -1.4700 -2.1356 -0.5100 0.7411 2.85 -4.48 8.24 206 435 179 204 142 
0.6017 -0.0795 -0.3317 0.7222 258.12 16.06 42.44 0.34 -5.23 3.70 -2.5700 1.7100 -2.5400 -2.3522 -0.1589 0.5811 2.45 -7.81 5.39 198 435 188 214 144 
0.5392 -0.1924 -0.4649 0.6754 257.69 13.88 60.25 0.90 -4.31 2.12 -1.5300 3.6800 -3.4300 0.1867 0.4056 -0.5456 2.52 -8.15 4.83 188 434 187 216 147 
0.5830 -0.1716 -0.4313 0.6667 261.81 16.12 48.38 11.45 -5.72 5.17 8.9000 0.0900 -0.2900 3.8778 -0.1300 1.2622 2.34 -5.23 7.95 182 442 182 220 149 
0.5222 -0.0547 -0.2767 0.8049 240.00 9.81 32.50 -3.39 -8.80 21.61 -5.7300 -2.6200 13.0100 -3.5111 -0.1189 2.6456 0.56 -7.08 6.75 178 436 183 223 152 
0.3441 -0.1797 -0.4399 0.8098 227.44 0.19 63.06 -4.72 -1.14 5.61 -4.1800 8.2400 1.3800 -2.9589 1.5678 -1.6267 0.79 -9.55 2.04 177 438 186 222 152 
0.4195 -0.2769 -0.5929 0.6292 253.94 11.94 83.37 0.68 -1.85 0.78 -1.0100 7.2300 -0.7600 -0.7689 2.1278 -2.3989 3.74 -9.01 0.93 173 432 187 224 151 
0.6083 -0.2846 -0.5858 0.4536 292.50 29.37 75.44 10.71 -0.92 -1.13 6.7300 7.1800 -4.6400 2.7033 2.8411 -1.0322 4.92 -7.09 4.63 175 435 190 224 153 
0.7917 -0.1513 -0.3714 0.4608 295.75 24.31 30.87 17.28 5.24 11.28 5.3600 6.3900 10.4400 5.6956 -0.3200 4.5544 3.25 -1.75 9.08 172 432 191 224 154 
0.6442 0.0950 -0.1710 0.7394 256.62 21.94 10.38 -5.97 -2.43 15.02 -9.6600 -0.1700 2.3000 -1.0378 -1.5567 1.9078 4.35 -3.07 8.23 165 418 191 215 142 
0.4572 0.1766 -0.2965 0.8197 233.44 42.38 23.87 8.67 -4.59 0.22 5.4500 -1.1200 -5.4400 4.8178 -13.5156 1.3144 9.11 -3.12 -1.78 106 312 184 195 131 
-0.1047 0.7385 -0.3375 0.5743 140.31 46.50 110.62 4.42 -7.92 -7.20 -5.0200 -0.6000 -4.0800 5.4389 1.7122 -0.8356 7.31 -6.34 1.53 121 367 189 197 136 
-0.3943 0.5837 -0.0759 0.7057 120.69 50.44 53.06 3.44 0.47 1.56 -2.1200 5.2200 -2.2000 2.6400 1.0911 -1.0756 7.57 -3.48 5.15 122 367 189 202 141 
-0.4520 0.4554 0.0678 0.7640 118.37 48.13 27.56 6.69 1.45 6.17 -0.2500 3.5800 -0.4500 -1.4144 0.9167 -0.3367 6.95 -3.51 5.96 127 387 194 206 142 
-0.3997 0.4450 -0.0224 0.8011 131.75 42.81 35.19 10.48 -4.52 0.75 2.8900 -1.8600 -5.0000 -2.8811 2.0044 -1.3489 6.10 -4.91 5.89 128 406 197 208 149 
-0.1950 0.3596 -0.2059 0.8890 158.81 30.44 35.88 1.04 -6.50 10.34 -3.4900 -1.0800 3.6600 -1.2344 2.4800 -0.9244 3.84 -5.16 7.39 138 411 197 208 149 
-0.0845 0.2131 -0.2833 0.9312 168.75 19.94 38.56 0.48 -4.73 8.03 -3.6400 0.8500 0.9900 -1.3500 -1.0944 -0.0944 3.72 -6.44 6.38 160 358 215 233 178 
-0.0723 0.2731 -0.3625 0.8881 172.44 29.00 48.69 4.26 -9.04 2.05 -0.1100 -6.2900 -3.8000 5.2733 -7.0178 0.7544 7.17 -4.33 5.08 188 417 369 424 236 
-0.1962 0.5439 -0.1407 0.8036 150.62 58.00 49.00 12.00 -6.36 -3.49 3.4400 -1.9400 -6.4900 3.4878 0.1689 -1.6300 8.67 -1.99 4.11 206 433 385 432 235 
-0.2538 0.4993 0.1040 0.8219 143.62 59.38 3.81 7.27 5.36 3.84 -1.5300 5.2200 -1.6400 1.5856 0.8078 -0.1656 8.17 0.45 5.39 209 437 384 433 231 
-0.3195 0.4207 0.2023 0.8246 137.56 54.38 -6.25 5.30 6.91 7.02 -2.2600 6.6000 1.5600 -1.6978 -0.5522 0.4678 8.14 -0.21 5.46 213 424 374 429 231 
-0.3007 0.4869 0.1009 0.8138 139.69 59.81 25.44 14.62 6.17 -1.87 6.5900 9.1700 -6.8700 -6.9522 0.1122 1.2378 8.28 -4.58 2.54 176 263 260 319 216 
-0.1089 0.6038 -0.3195 0.7222 160.87 44.88 88.75 -0.51 -11.08 -7.47 -10.2200 -6.6200 -6.8500 -2.9933 3.3011 2.2011 5.25 -8.27 -0.09 192 295 268 339 216 
-0.0179 0.3849 -0.6033 0.6982 179.94 31.25 91.81 2.74 -9.71 -0.60 -1.7200 -1.2900 -0.1900 -0.2367 0.7411 -0.5467 5.36 -8.20 -0.16 195 310 265 340 217 
0.0313 0.3715 -0.6060 0.7027 185.56 34.63 90.75 2.51 -5.86 -0.50 -2.5000 2.8700 -0.0700 -0.4667 0.1067 -0.8144 6.16 -7.62 -0.22 203 365 286 353 220 
0.2017 0.3151 -0.6077 0.7006 218.75 45.31 81.25 2.73 -5.58 -1.01 -4.0300 0.8800 -2.5000 2.0789 2.6056 -3.9644 8.16 -4.17 3.47 200 409 352 408 231 
0.4930 0.3315 -0.3349 0.7314 252.75 47.38 -1.06 3.80 4.76 8.08 -1.9100 3.7400 0.4600 1.7889 3.6222 -3.5667 4.48 2.97 8.19 201 401 336 408 233 
;
