0.6523 0.3703 0.0092 0.6613 269.12 28.50 -34.31 4.94 4.68 7.17 0.2500 -0.2300 0.0700 -0.0211 -0.0133 -0.0178 4.70 4.83 7.11 186 352 362 402 226 
0.6526 0.3699 0.0070 0.6613 269.25 28.69 -34.06 4.95 4.84 7.29 0.3900 0.0700 0.1400 0.0478 0.1967 -0.0289 4.57 4.83 7.19 179 370 323 356 224 
0.6553 0.2948 0.0523 0.6935 263.56 13.56 -20.50 1.93 3.74 15.14 -2.5200 -2.3600 7.0900 -5.2622 1.4467 2.2144 0.80 -0.76 9.74 167 391 165 172 116 
0.5730 -0.0106 -0.1636 0.8030 252.62 10.69 22.87 -1.70 -2.26 6.18 -2.8600 3.7900 -3.7200 -4.2522 0.7811 -1.2900 2.05 -6.38 7.15 167 429 177 175 130 
0.6338 -0.1863 -0.3756 0.6500 272.25 15.00 49.19 2.61 -2.81 -0.76 -0.3000 4.5300 -7.2400 0.9844 1.0189 -1.3722 2.82 -6.63 6.64 168 432 186 185 135 
0.7274 -0.1497 -0.3100 0.5936 280.37 14.00 32.00 14.35 2.24 10.89 11.8300 6.0800 5.9700 3.0600 0.2800 3.4200 1.24 -3.20 9.18 170 432 190 187 137 
0.5988 -0.0613 -0.1339 0.7873 246.75 2.44 17.50 -4.21 -5.61 20.83 -6.7900 -1.5400 9.9300 -2.6222 -0.0900 3.8211 -0.60 -4.69 8.59 172 427 189 189 138 
0.3414 -0.1699 -0.2796 0.8811 221.50 -6.69 41.63 -6.32 -1.23 7.85 -4.8500 6.4000 0.6400 -3.3278 0.6167 -0.5522 -1.11 -8.32 5.05 173 425 191 195 139 
0.3405 -0.2602 -0.4833 0.7634 232.31 -1.37 69.94 -2.41 -0.89 2.11 -2.2100 8.4800 -0.8400 -0.8944 1.3589 -2.5200 1.22 -9.37 2.62 172 426 189 199 142 
0.4922 -0.2670 -0.5496 0.6200 262.50 14.56 74.44 4.58 -2.43 -0.19 2.6200 5.9800 -3.3400 0.9589 1.9278 -1.9444 3.41 -8.45 3.61 171 422 192 198 142 
0.6652 -0.2150 -0.4641 0.5439 281.50 24.62 51.38 21.25 -1.10 3.53 14.3100 2.9400 0.1700 4.8956 -0.9811 1.6522 4.12 -4.57 7.63 173 414 196 200 147 
0.5910 0.0552 -0.3079 0.7435 250.87 27.62 25.81 2.07 -7.07 16.93 -3.7900 -2.8100 8.2700 2.2000 -3.6944 3.6700 5.51 -4.02 7.03 170 387 194 192 140 
0.2587 0.2972 -0.3180 0.8623 207.06 51.44 37.50 9.80 -6.19 2.18 2.2800 -2.5700 -2.4800 7.3878 -13.2700 1.6011 8.80 -4.06 -1.45 125 372 190 178 130 
-0.2625 0.7653 -0.1689 0.5630 129.87 51.88 97.69 1.77 -6.35 -1.64 -4.6900 0.9200 -0.4400 3.0133 1.8478 -0.0944 7.75 -5.63 2.08 121 378 189 177 129 
-0.3749 0.5749 -0.0735 0.7235 123.94 50.31 53.69 3.22 -1.15 2.94 -3.8500 4.1000 -0.7700 1.2633 0.3044 -0.1789 7.47 -4.47 4.50 107 356 187 181 132 
-0.4218 0.5145 -0.0089 0.7466 120.87 49.31 44.25 10.07 -1.08 5.86 2.5300 3.0000 -0.0600 -1.2667 1.4078 -0.0922 7.00 -4.95 4.74 111 357 187 183 134 
-0.3456 0.4858 -0.1316 0.7919 137.00 41.13 49.19 8.01 -4.17 1.33 2.2200 1.5100 -3.9000 -3.0011 3.1789 -0.9567 5.82 -6.22 4.84 118 364 198 189 136 
-0.1542 0.3250 -0.3327 0.8717 164.25 22.00 50.13 -2.37 -10.47 4.30 -7.3600 -2.1500 0.9400 -0.3644 2.1311 0.3711 2.09 -7.38 6.10 129 365 200 191 138 
-0.0754 0.1390 -0.4332 0.8873 171.81 9.00 56.00 2.40 -7.26 6.56 1.6100 0.7900 0.8800 -3.6433 3.8367 -1.1156 1.01 -9.04 3.65 158 255 260 265 200 
0.1371 -0.0594 -0.6541 0.7415 212.56 5.69 91.06 2.98 -8.04 -7.46 -0.6500 0.7400 -6.8100 -2.5944 1.7467 2.0922 0.13 -9.41 -2.74 154 249 332 344 227 
0.2480 -0.3053 -0.7310 0.5576 235.94 3.94 100.00 -6.05 -7.45 -6.04 -6.8200 2.5900 -4.5400 5.2844 4.8689 -1.9678 1.79 -9.35 2.35 164 318 335 388 235 
0.5561 -0.3088 -0.4828 0.6019 263.69 9.63 75.44 4.79 -6.75 9.87 2.3000 3.9700 6.4500 -5.3067 -2.6122 0.6922 1.27 -9.60 -1.48 168 332 340 395 235 
0.2969 -0.4116 -0.7234 0.4682 237.69 -0.31 117.75 -9.49 -3.90 -26.10 -9.2800 7.5800 -18.5600 7.6011 2.4533 -2.0644 1.24 -9.69 -0.80 178 334 344 400 234 
0.5381 -0.2588 -0.4926 0.6331 263.00 12.56 59.13 10.40 -6.06 25.36 4.5700 -0.2200 12.2200 -2.3200 -1.7689 -0.3356 2.82 -8.56 3.84 173 342 345 394 232 
0.5125 -0.2244 -0.5637 0.6077 259.62 17.56 77.44 2.20 -6.32 -2.44 -0.6200 3.2300 -4.6500 0.2189 -0.7044 0.0800 2.99 -9.17 1.74 173 317 334 360 230 
0.4774 -0.1749 -0.5714 0.6442 250.87 19.87 65.37 -1.23 -2.84 -2.73 -4.5100 5.5000 -7.1000 6.6622 -1.0144 -2.1633 4.57 -5.23 6.91 177 321 310 345 221 
0.5726 0.1619 -0.2054 0.7770 254.75 24.25 -9.06 4.22 11.51 13.43 -0.4200 5.3800 4.2300 4.9311 1.1267 -1.8044 1.90 5.51 7.88 193 413 365 400 223 
0.5938 0.3478 0.2155 0.6928 262.94 8.69 -38.88 3.99 4.83 13.60 -0.3100 -2.9800 3.0500 0.1711 -1.1300 -0.2400 1.92 5.95 7.54 183 399 371 405 228 
;
