-0.0608 0.1393 0.0582 0.9866 172.94 16.31 -5.87 2.80 0.99 9.34 0.1200 0.0300 0.0200 0.0056 0.0400 0.0000 2.74 0.96 9.36 177 342 354 374 211 
-0.0603 0.1378 0.0587 0.9869 173.06 16.25 -5.94 2.82 0.86 9.31 0.0900 -0.1300 -0.0500 0.0144 -0.0089 -0.0200 2.76 0.97 9.35 178 344 351 374 212 
-0.0605 0.1351 0.0630 0.9869 172.50 15.19 -7.37 7.40 3.72 12.89 3.3200 4.8000 5.7100 -0.7322 1.6389 1.3422 1.61 1.02 9.61 182 396 247 228 162 
-0.1513 0.0576 -0.0812 0.9835 157.69 5.37 17.50 1.60 -1.33 10.95 -2.4300 2.5600 1.3300 -4.1144 -2.6300 0.5433 2.17 -5.76 7.62 191 425 192 199 143 
-0.2448 0.2233 -0.3347 0.8821 148.94 14.50 49.50 -0.66 -4.37 -1.55 -2.8100 3.2100 -7.4700 -0.4044 0.1078 -0.3433 2.62 -7.51 5.72 192 432 198 208 145 
-0.2237 0.2457 -0.3646 0.8699 151.06 14.88 48.81 7.74 -3.77 4.24 6.7100 1.5600 -0.5900 1.7900 0.1611 0.6411 2.17 -6.17 7.29 191 433 199 212 146 
-0.2974 0.2130 -0.2675 0.8914 138.19 11.94 38.63 1.54 -10.02 17.20 -1.9100 -3.4700 9.5600 -1.5589 -0.8067 2.8211 1.14 -7.03 6.73 186 435 204 214 148 
-0.4631 0.2610 -0.3647 0.7645 116.00 1.81 57.38 -4.99 -5.08 5.38 -5.1300 4.2500 0.2500 -1.9400 0.9711 -0.0178 -0.09 -9.02 3.83 184 434 204 214 149 
-0.3995 0.2919 -0.5029 0.7087 124.19 2.19 73.00 -3.63 -2.27 2.70 -3.7500 7.0100 0.0800 -0.8256 1.1433 -1.7089 1.30 -9.46 2.22 185 433 205 215 149 
-0.2507 0.3132 -0.5435 0.7374 146.81 12.50 77.25 3.58 -1.60 -0.10 3.6100 6.8600 -3.1000 0.9600 1.0822 -1.9456 3.26 -8.77 2.92 186 432 205 214 149 
-0.1403 0.3051 -0.4598 0.8221 158.37 22.31 60.75 12.32 -10.92 6.14 6.6100 -4.8800 2.7800 2.7300 -1.8911 1.2722 3.85 -7.13 5.51 184 424 208 216 148 
-0.3229 0.3483 -0.2886 0.8314 132.31 23.12 48.50 -2.86 -7.82 9.65 -6.5300 0.2000 4.2500 3.0144 -8.8700 3.3233 5.50 -6.25 5.16 171 384 182 180 120 
-0.5915 0.6387 0.0756 0.4863 59.88 42.38 91.94 12.75 -9.56 -6.02 7.0700 -2.2300 -6.3600 4.3289 -5.6244 4.3100 3.75 -9.04 -0.43 138 378 180 179 120 
-0.7625 0.6147 0.2020 0.0041 359.87 17.12 73.12 -1.66 -4.12 1.53 -4.8200 4.4800 -1.7500 2.2311 1.0089 -0.3056 2.63 -8.16 4.75 144 361 183 181 122 
-0.8768 0.4585 0.1416 0.0320 5.06 16.44 54.88 2.55 -5.53 5.95 0.4200 -0.4100 -1.4500 -0.1644 0.1400 -0.2789 2.87 -7.64 5.43 146 356 181 182 123 
-0.9015 0.4124 0.1243 0.0434 3.81 13.50 45.06 3.36 -3.35 -0.77 -1.7500 12.0100 0.5500 5.7578 1.4944 0.9311 1.11 -3.44 9.11 149 372 186 182 123 
-0.9921 0.1119 0.0506 -0.0242 357.87 5.12 12.56 -1.17 1.81 11.00 -1.9300 3.1600 -0.5200 -1.4222 -0.1556 -0.9956 1.16 -3.07 9.23 152 379 187 187 127 
-0.9775 0.1972 0.0649 0.0381 5.50 9.19 25.19 1.05 -1.06 7.60 -0.5800 3.5800 -0.7000 -2.7778 -0.0144 -1.2978 2.02 -5.60 7.79 174 374 214 218 154 
;
-0.9032 0.3854 0.0552 0.1808 32.56 15.63 48.69 3.89 -5.20 4.16 0.9700 -0.4900 -2.1600 -3.0700 4.6956 -5.0889 3.61 -7.33 5.41 180 369 244 245 167 
-0.6421 0.4890 -0.0958 0.5826 94.19 26.50 55.94 9.88 -8.22 5.36 3.3700 -1.2100 -0.7000 -2.0400 6.8278 -2.0422 3.07 -7.48 5.53 186 421 209 208 146 
-0.3574 0.3196 -0.3455 0.8067 137.06 15.38 52.75 1.47 -8.31 3.30 -2.7500 -0.4600 -3.6700 2.1044 1.2211 -1.0944 2.50 -6.42 6.97 193 436 214 216 150 
-0.2605 0.1989 -0.2676 0.9061 148.56 11.38 34.50 5.72 -0.98 10.43 5.2400 4.2800 4.9100 0.7633 0.5667 0.6656 1.32 -4.79 8.44 190 438 215 217 151 
-0.3127 0.1355 -0.2117 0.9160 138.37 6.25 29.06 3.88 -7.63 14.68 1.5000 -2.2200 6.7100 -1.1367 -0.7500 2.7544 0.76 -5.41 8.13 190 436 215 219 150 
-0.4739 0.1814 -0.2841 0.8135 116.87 -0.06 43.69 -8.03 -5.78 9.99 -6.1900 2.5600 2.2100 -3.0067 0.3411 0.5700 -0.53 -8.31 5.17 190 436 218 218 151 
-0.4451 0.2508 -0.4785 0.7142 118.37 -3.75 68.81 -3.45 -2.22 1.64 -2.5800 6.9900 -1.5700 -0.8522 1.4300 -1.1867 -0.18 -9.40 2.76 190 436 218 218 150 
-0.3098 0.2427 -0.5545 0.7332 138.00 1.50 74.25 3.20 -3.62 1.76 3.8400 5.5400 -1.0800 0.6356 1.4622 -0.2878 0.29 -9.31 3.04 187 436 219 218 150 
-0.2298 0.1710 -0.5344 0.7952 148.62 1.75 65.37 8.07 -8.74 2.69 7.6600 -0.0600 -1.3900 2.2311 -0.5433 -0.0167 0.47 -8.15 5.43 189 434 217 219 149 
-0.2776 0.1731 -0.3945 0.8587 141.12 5.56 48.25 1.58 -11.84 11.97 -1.7000 -5.0400 5.4400 0.2967 -1.8256 1.0633 1.31 -7.06 6.67 186 430 220 219 149 
-0.3936 0.2538 -0.3278 0.8205 128.00 9.63 49.19 -2.18 -5.59 7.50 -3.1700 1.7300 0.7000 -0.3267 -1.2411 0.6578 1.96 -7.61 5.86 184 410 208 203 131 
-0.5140 0.3754 -0.2704 0.7224 96.62 22.81 55.69 5.20 -7.71 4.27 3.5600 -0.4600 -0.0600 -0.3900 -13.9956 1.8389 5.82 -7.86 -0.60 130 343 197 198 127 
-0.6279 0.7485 0.1879 0.1016 7.19 17.56 96.87 3.00 -9.52 -1.12 -1.0000 0.5100 -0.8400 5.2556 1.0089 0.3211 2.35 -9.20 2.42 132 337 192 196 129 
-0.8247 0.5539 0.1134 0.0138 2.44 11.25 66.00 -2.54 -5.88 2.68 -4.5900 2.4300 -1.4200 -0.1300 0.0500 -0.5178 2.28 -8.58 4.15 150 340 195 197 130 
-0.8453 0.5167 0.1201 0.0645 9.25 16.06 60.31 9.19 -14.76 -6.45 6.2000 -6.0600 -10.8700 4.4156 1.3500 1.0911 1.84 -6.64 6.96 150 348 194 198 130 
-0.9622 0.2674 0.0508 0.0133 0.94 3.81 24.31 -4.26 8.65 17.74 -5.0400 11.5100 8.4100 0.1822 0.6867 -0.7167 0.19 -3.24 9.25 146 353 196 200 131 
-0.9775 0.2025 0.0064 0.0587 8.50 3.56 25.94 0.33 -2.85 5.86 -0.8000 2.1100 -3.2900 -1.7433 -0.7556 -1.1944 1.54 -5.29 8.10 171 356 218 224 157 
-0.9300 0.3305 0.0757 0.1422 22.19 16.44 40.94 3.36 -2.87 5.78 0.5000 3.3400 -0.6400 -3.9989 2.7767 -5.2656 4.20 -6.63 5.87 177 362 259 254 180 
;
