0.4878 -0.3557 -0.4659 -0.6469 106.31 66.50 -39.44 9.38 2.15 2.77 0.2500 -0.3700 -0.1600 -0.0589 -0.1156 0.0000 9.05 2.40 2.90 166 332 337 409 192 
0.4774 -0.3724 -0.4647 -0.6461 108.00 67.94 -41.00 8.48 2.49 3.32 -0.7300 -0.1400 0.2400 -0.5833 -1.4211 -0.3178 9.29 2.56 1.78 172 335 316 350 188 
0.3913 -0.4630 -0.5060 -0.6136 117.00 75.25 -83.56 17.17 3.81 2.78 9.1000 2.3300 2.3300 -2.1967 3.4856 -0.0411 9.26 2.19 2.33 189 408 193 196 146 
0.4119 -0.3528 -0.2714 -0.7951 129.50 38.81 -0.75 2.75 2.67 4.89 -3.3200 3.2300 -3.4100 -7.3222 2.4633 -1.5067 3.65 -4.18 8.07 193 420 192 189 137 
0.2271 -0.2383 0.2744 -0.9035 154.87 16.44 41.88 7.04 -2.27 1.57 5.5200 4.8800 -5.3000 0.1678 0.8600 0.2211 2.11 -6.39 7.12 192 425 202 194 139 
0.1977 -0.1568 0.3088 -0.9171 152.44 7.81 38.00 6.00 -8.01 13.29 3.5900 -3.2500 6.3600 0.0233 -0.9444 2.5844 0.73 -5.98 7.73 185 426 207 198 139 
0.3779 -0.1667 0.3217 -0.8520 128.00 1.00 45.75 -4.75 -9.46 9.79 -6.1800 -1.0500 2.2600 -2.2667 1.2167 1.2656 -0.91 -8.02 5.55 181 424 211 200 142 
0.4089 -0.1693 0.4810 -0.7569 124.69 -8.69 64.56 -5.15 -2.90 4.40 -3.2000 6.4800 0.1500 -1.1456 1.2922 -1.1056 -1.12 -9.26 3.02 180 421 211 200 142 
0.2819 -0.1769 0.5740 -0.7482 142.50 -1.44 74.44 -0.87 -3.78 0.18 -0.7900 5.6800 -2.4900 0.3733 1.4944 -1.5944 0.60 -9.39 2.75 177 423 212 202 142 
0.1360 -0.1625 0.5483 -0.8090 164.87 7.75 65.87 9.87 -1.66 4.36 8.6600 6.6400 0.6300 2.9156 1.1233 -0.4722 1.32 -7.77 5.82 184 422 220 204 145 
0.1042 -0.1131 0.3663 -0.9177 163.69 7.69 41.06 7.33 -10.97 16.13 3.8800 -4.7200 8.7600 0.6533 -2.1011 2.4256 1.40 -6.01 7.61 183 417 224 211 149 
0.3010 -0.1845 0.2943 -0.8881 138.50 8.44 40.81 -7.02 -5.78 7.50 -7.8200 1.1900 -0.6100 -0.7733 -0.5044 1.4567 1.04 -6.78 7.00 196 226 231 228 155 
0.4473 -0.2220 0.3145 -0.8073 114.87 -2.62 46.75 -3.34 -11.59 9.76 1.6100 -6.8600 1.0000 -0.4789 3.6478 3.5322 -4.55 -6.83 5.35 210 167 170 176 115 
0.5815 0.0370 0.5216 -0.6232 87.81 -47.56 49.75 5.40 0.34 1.85 11.7100 4.6900 -2.9000 0.9100 -0.8122 5.3267 -8.45 -1.59 4.70 212 175 174 174 112 
0.7797 0.2449 0.4095 -0.4054 50.56 -53.44 -12.63 -18.55 1.27 10.39 -9.6400 0.1900 5.0700 -0.0233 -1.5022 -0.9678 -7.20 1.35 6.51 204 180 184 178 115 
0.8126 0.2166 0.3259 -0.4319 58.94 -44.63 -2.69 -5.14 1.02 8.53 1.4000 0.4700 0.8000 0.2389 -2.1544 -2.8478 -5.87 -0.77 7.81 207 219 203 202 137 
;
0.7178 0.0989 0.1970 -0.6605 95.06 -10.50 4.81 7.41 3.95 3.38 6.9500 2.5400 -8.0100 2.4878 -10.8167 -2.6256 5.76 1.37 7.81 204 326 281 328 187 
0.5156 -0.2890 -0.3970 -0.7021 103.75 60.63 -33.56 9.34 0.70 7.22 1.0000 -0.6700 4.3600 0.6600 1.9989 -0.6300 8.32 2.95 4.25 200 320 321 335 172 
0.5314 -0.3060 -0.4392 -0.6566 105.00 63.94 -32.38 11.31 2.40 1.92 2.8500 -0.0700 -1.2600 -0.3744 -0.2378 -0.1878 8.96 2.22 3.28 200 361 290 295 184 
0.4849 -0.3497 -0.3607 -0.7159 113.56 47.56 -8.00 9.62 0.91 14.89 0.9100 -0.9800 7.7800 -8.9022 5.6444 -1.4911 2.69 -3.85 8.60 185 416 189 188 116 
0.3514 -0.2338 0.2565 -0.8695 142.19 12.13 44.44 8.66 -1.36 0.23 5.7500 5.6100 -6.5500 -1.2689 2.0733 -1.2167 1.98 -7.29 6.24 201 426 209 203 126 
0.2015 -0.1912 0.3750 -0.8844 154.19 9.69 48.50 2.91 -0.18 3.16 3.4300 6.7700 -2.9500 1.5389 0.3511 0.8256 1.07 -6.66 7.10 192 427 214 207 127 
0.2729 -0.1260 0.2933 -0.9075 142.19 2.44 34.44 4.27 -11.56 19.25 0.4200 -6.1700 10.7300 -1.4889 -1.0044 3.0344 -0.40 -6.18 7.59 185 422 220 205 126 
0.4619 -0.1490 0.3638 -0.7950 116.75 -7.69 50.44 -8.51 -5.84 6.81 -6.8500 2.5200 1.1100 -2.7844 0.7333 0.2544 -1.88 -8.53 4.44 183 422 212 206 129 
0.4235 -0.1824 0.5388 -0.7050 121.25 -11.00 71.56 -4.75 -1.64 2.63 -2.2000 8.0700 0.6200 -0.2656 2.3044 -1.2033 -1.54 -9.39 2.33 185 425 220 211 132 
0.2716 -0.1299 0.6125 -0.7309 142.06 -7.94 77.87 3.98 -1.82 3.84 6.2600 6.7600 0.7900 0.8311 0.7822 -0.1900 -1.29 -9.42 2.37 185 424 224 212 133 
0.2322 -0.0955 0.5739 -0.7795 145.81 -5.94 67.50 9.08 -9.45 3.80 7.8100 -1.1400 0.5700 2.4933 -2.1578 0.7433 -0.55 -8.01 5.62 186 426 232 213 135 
0.3657 -0.1599 0.3848 -0.8323 129.25 0.25 47.25 -5.04 -13.05 10.71 -5.2800 -5.5400 4.9100 0.2978 -0.9444 0.2456 0.47 -6.97 6.87 187 428 275 250 170 
0.4191 -0.2043 0.3359 -0.8184 126.19 3.25 46.56 -0.17 -6.98 7.41 0.3600 0.2300 2.4400 -0.1144 0.2056 2.0656 -0.27 -7.14 6.71 212 193 191 206 120 
0.5144 -0.1423 0.4182 -0.7350 101.87 -25.25 56.75 -0.24 -6.59 -2.98 6.4000 2.4100 -3.9700 0.4178 0.9200 6.3756 -7.95 -4.42 3.64 211 174 178 187 105 
0.7187 0.1867 0.5156 -0.4276 58.00 -64.25 13.69 -6.36 0.04 5.39 -1.0300 -0.3300 1.9500 0.1744 -1.7900 0.7567 -8.17 0.07 5.41 212 183 179 190 107 
0.7952 0.1966 0.3964 -0.4146 56.13 -51.38 2.56 -13.52 -1.37 11.75 -5.2300 -0.8200 5.2700 -0.2967 -0.6611 -1.2056 -7.24 -1.02 6.53 211 201 191 201 116 
;
