0.6708 0.2706 0.0850 0.6852 268.75 14.88 -29.69 2.77 4.90 8.30 0.7600 0.5000 0.2300 0.0422 0.2511 -0.0556 2.38 4.72 8.25 181 343 360 380 224 
0.6646 0.2463 0.1179 0.6955 265.37 6.75 -27.56 1.15 7.53 15.52 -0.4400 2.9300 5.9300 -4.7856 0.6167 1.4711 0.40 1.57 9.67 175 392 185 175 134 
0.6646 0.0232 -0.0531 0.7450 266.50 9.00 10.50 1.11 -1.51 7.85 -1.9600 0.9800 -1.8900 -3.6878 -0.7789 -0.9578 2.47 -4.33 8.44 178 427 183 190 133 
0.7004 -0.1163 -0.3085 0.6331 277.81 16.94 39.13 1.83 -2.81 -0.20 -0.9300 3.3700 -7.9100 -0.5211 0.8233 -0.7900 2.80 -6.31 6.95 182 428 186 192 135 
0.7469 -0.1664 -0.3059 0.5665 286.37 14.31 33.94 7.09 2.24 4.44 6.7100 7.4100 -0.6000 3.2200 0.9256 1.2100 1.51 -3.35 9.09 182 431 191 203 141 
0.7219 -0.0316 -0.1205 0.6807 265.37 7.75 10.81 3.85 -7.12 25.87 -1.8200 -4.9800 15.3200 -2.2322 -1.2767 4.9422 0.96 -3.70 9.02 182 422 194 203 141 
0.4186 -0.1018 -0.2660 0.8624 228.12 0.69 39.38 -6.26 -0.96 10.35 -6.3100 5.9300 2.3000 -3.2056 0.3989 0.2733 -0.38 -7.96 5.70 178 423 197 205 140 
0.3564 -0.2330 -0.4628 0.7775 232.75 -0.88 66.62 -4.91 -1.12 2.96 -4.2400 8.3300 -0.5000 -1.4200 1.6100 -2.1522 0.84 -9.37 2.75 171 416 191 208 144 
0.4999 -0.2965 -0.5291 0.6183 264.31 11.63 73.75 3.08 -3.09 0.50 1.9300 5.9500 -2.8100 1.0211 2.1256 -2.2200 2.94 -8.62 3.62 174 419 197 207 147 
0.6862 -0.2650 -0.4365 0.5182 287.12 19.00 53.94 14.47 -0.06 1.54 14.8000 6.9100 -3.6400 5.2400 -1.6678 0.6567 3.79 -4.74 7.70 170 410 201 207 144 
0.6639 0.0308 -0.2716 0.6961 262.69 24.56 19.12 2.53 -5.22 22.37 -4.2300 -2.5400 12.6200 0.3078 -1.8744 3.1733 4.71 -3.20 7.98 175 399 209 210 143 
0.4424 0.1514 -0.3185 0.8246 230.44 37.94 31.62 0.14 -2.95 6.94 -5.2400 1.3500 1.0600 1.5567 -9.7911 1.4889 8.51 -4.47 1.91 178 346 192 183 127 
0.0321 0.6282 -0.4181 0.6554 164.31 51.25 109.12 16.79 -7.23 -2.62 7.7700 -1.7000 0.7800 3.9889 -0.7489 3.4056 5.52 -8.08 -0.42 167 327 186 184 136 
-0.3546 0.5597 -0.3195 0.6774 125.19 29.62 73.25 -0.96 -2.72 3.80 -6.7400 5.7700 1.7800 -0.4689 1.4156 0.6089 4.02 -8.41 3.02 158 327 185 182 133 
-0.3357 0.4630 -0.3998 0.7162 131.06 23.62 76.44 3.20 -10.84 -5.45 0.9300 -3.5100 -9.4200 0.9333 0.4556 -0.4289 4.32 -8.45 2.44 163 330 185 185 133 
-0.3760 0.3948 -0.3333 0.7692 123.12 16.75 46.50 1.55 10.54 4.98 -2.7200 18.0000 -0.7300 6.5378 1.8178 1.1222 1.14 -2.59 9.38 181 332 193 186 132 
-0.5141 0.0694 -0.0512 0.8534 118.00 4.37 10.06 -3.47 3.49 11.63 -2.1000 4.0800 0.1700 -2.8011 -0.3356 -1.3778 1.29 -3.38 9.11 175 332 205 203 149 
-0.4419 0.2100 -0.1712 0.8552 127.00 15.31 36.13 -3.03 -1.06 3.08 -5.8000 3.5800 -5.0900 -5.5811 -2.6044 -2.1456 4.91 -7.54 3.88 127 269 321 308 210 
-0.1633 0.5067 -0.3819 0.7555 174.06 46.56 74.62 9.14 -7.64 -6.14 2.4500 -1.9100 -7.5700 0.0089 1.4522 -3.3211 8.46 -4.17 2.65 110 225 330 312 215 
0.1676 0.5219 -0.3332 0.7672 205.06 69.50 62.75 15.64 -1.05 -5.29 5.8200 7.3200 -0.9400 1.9067 -2.1456 -0.6378 9.43 -2.67 -0.23 97 164 176 178 125 
0.0563 0.6862 -0.2245 0.6896 181.44 76.81 90.62 11.30 8.78 -2.99 -2.9300 26.2100 38.8000 -2.1944 2.6467 -0.3522 9.27 -2.61 1.80 110 169 185 183 125 
-0.0303 0.6033 -0.1853 0.7751 179.00 66.87 63.25 7.64 0.86 -0.81 -1.6600 4.0500 -3.3800 -2.8711 0.5500 -0.4789 9.04 -3.61 1.14 104 183 186 182 128 
0.1113 0.5942 -0.2990 0.7383 195.75 73.62 67.06 4.23 -2.96 5.91 -2.1200 13.1700 39.2500 -2.1656 -1.9733 0.9189 9.56 -2.09 -0.62 119 173 177 187 134 
0.1334 0.6483 -0.2923 0.6903 205.62 75.69 87.87 5.47 -2.08 3.35 -5.6700 0.1200 2.9300 -2.5156 1.6111 -0.3278 9.46 -2.46 0.68 132 230 239 248 174 
0.3218 0.5228 -0.3725 0.6960 237.00 71.62 22.56 5.64 -2.01 0.79 -1.1500 -0.9300 -2.9500 0.9022 4.0444 -3.9567 7.63 1.75 5.89 161 391 329 350 218 
0.5935 0.3718 -0.0750 0.7099 263.56 28.44 -30.12 1.93 5.71 5.61 0.6900 2.1800 -0.5300 2.9233 1.1278 -2.3556 2.49 6.52 6.88 201 423 373 415 223 
0.6528 0.3959 0.2073 0.6117 274.37 7.44 -45.25 -2.93 4.21 11.31 -2.1700 -0.5700 2.2900 0.6200 -0.8122 -0.2922 1.15 6.31 7.41 183 408 375 414 227 
;
