0.1343 0.2488 0.0222 0.9589 195.94 28.06 -7.06 4.71 1.11 8.51 0.0600 0.0300 -0.1000 -0.0056 0.0200 0.0011 4.61 1.06 8.58 175 331 331 351 200 
0.1343 0.2488 0.0219 0.9589 195.94 28.06 -7.06 4.66 0.96 8.46 0.0000 -0.0500 -0.1700 -0.0400 0.1633 -0.1222 4.46 1.07 8.66 182 327 323 349 203 
0.1460 0.2178 0.0269 0.9646 196.81 22.81 -7.44 5.27 1.71 10.02 3.5300 0.8300 2.0600 -0.2000 3.2144 1.1178 2.08 0.99 9.53 206 362 238 210 149 
0.0752 -0.0038 -0.0139 0.9971 186.19 -2.06 8.63 -0.76 -5.33 12.43 -3.7200 -3.4900 0.3200 -1.6556 -1.8144 -0.4722 0.64 -3.32 9.20 204 414 179 173 125 
0.0605 0.0078 -0.2310 0.9711 187.94 2.81 31.00 -1.33 -2.77 4.81 -1.7300 2.6400 -3.8600 -2.0767 0.0811 -0.4989 0.62 -6.36 7.43 203 423 186 176 129 
0.0969 0.0040 -0.3743 0.9222 192.87 4.87 44.13 4.20 -1.87 3.17 3.7300 4.5300 -3.9200 1.0689 0.2544 0.1833 0.68 -6.40 7.39 200 422 187 179 129 
0.0883 -0.0049 -0.3148 0.9450 188.12 1.87 33.81 6.32 -5.49 11.41 4.9000 -0.9300 4.1400 0.9567 -0.6778 2.4044 -0.09 -4.81 8.54 196 422 190 183 130 
-0.0819 0.0083 -0.2589 0.9624 166.56 -1.62 31.81 -4.02 -8.65 13.71 -4.6400 -2.3700 4.8600 -2.0322 -0.2844 1.2144 -0.61 -6.27 7.51 192 422 193 187 131 
-0.1757 0.0223 -0.3918 0.9028 157.56 -6.81 49.50 -5.81 -4.86 6.69 -4.5800 2.9500 0.5300 -1.9056 1.1578 -0.1733 -1.63 -8.35 4.86 186 421 195 191 134 
-0.1171 -0.0237 -0.5388 0.8339 167.31 -9.00 67.81 -4.07 -3.53 2.12 -1.5400 5.5300 -1.5000 -0.6022 2.1811 -1.7544 -0.87 -9.31 2.92 188 422 194 192 134 
0.0645 -0.0729 -0.5916 0.8004 194.69 -0.62 72.37 0.80 -3.39 2.08 1.1500 5.6200 -0.4200 1.2344 2.0967 -1.6067 0.58 -8.94 3.96 188 420 194 193 135 
0.2720 -0.1155 -0.4967 0.8160 218.81 4.87 59.00 5.80 -4.87 5.42 5.5600 2.2300 0.5900 2.2156 0.8556 -0.5856 0.85 -7.39 6.38 188 422 199 195 136 
0.3468 -0.0894 -0.3600 0.8615 222.56 5.62 40.25 7.12 -5.94 10.19 5.1300 -0.5400 2.4500 1.5800 -1.1233 1.5000 0.95 -5.43 8.10 187 418 201 196 137 
0.2375 -0.0140 -0.2662 0.9341 204.25 6.00 29.06 0.26 -6.45 12.79 -1.6900 -1.8500 4.2300 0.3956 -1.5978 2.0989 1.31 -4.58 8.56 187 416 203 198 136 
0.0542 0.0546 -0.2567 0.9634 185.12 7.37 30.06 -4.19 -4.88 8.00 -4.2200 1.0200 -0.7100 -0.0789 0.2933 0.4067 0.99 -4.95 8.40 196 347 199 197 138 
0.0183 0.0603 -0.2495 0.9663 181.50 8.50 27.56 3.37 -3.47 7.19 0.6500 -2.4400 -2.5800 0.8689 -0.7800 2.1278 1.42 -4.22 8.73 206 172 202 181 126 
-0.1085 0.0019 -0.2446 0.9635 161.37 -13.50 29.06 -0.66 -5.18 14.25 2.8800 -3.0900 4.9200 -1.4311 2.3822 5.5556 -5.94 -3.86 6.77 206 168 182 162 111 
-0.4022 -0.2892 -0.3251 0.8055 119.81 -50.56 20.12 -4.83 0.03 2.62 3.2300 1.3600 -3.8100 -0.4278 0.3467 3.0600 -8.11 -0.34 5.49 209 175 179 164 111 
-0.5834 -0.3646 -0.2821 0.6686 94.37 -52.06 -9.50 -3.02 3.76 4.05 2.8400 2.5600 -1.5200 0.2656 -1.2978 1.3833 -6.96 1.84 6.65 209 179 183 166 113 
-0.6597 -0.3268 -0.1788 0.6527 90.87 -40.25 -14.06 -11.39 2.79 10.97 -3.6300 1.0100 2.9700 -0.0289 -0.2989 -1.2778 -6.18 1.26 7.50 210 181 184 169 114 
-0.6119 -0.2870 -0.1795 0.7148 99.81 -38.75 -5.56 -6.88 0.38 7.06 -0.1400 -0.2200 -0.4800 0.3700 -1.3911 -1.1333 -5.42 0.33 8.16 204 185 190 180 125 
-0.5267 -0.1996 -0.1092 0.8191 121.75 -19.94 -1.69 -3.18 1.14 9.31 -1.4300 -0.0800 -2.0400 2.8233 -8.3222 -3.8856 1.54 1.48 9.57 118 349 332 374 214 
-0.3267 0.1960 0.1931 0.9042 136.69 36.31 -12.19 5.88 0.76 5.36 -1.9800 -0.9500 -2.7600 -0.8156 -3.1556 3.1178 7.75 -0.60 5.97 106 223 220 238 184 
-0.4598 0.4918 0.2195 0.7061 110.62 66.69 22.19 7.80 -1.06 -2.52 1.3300 3.9700 -5.4900 3.5644 -4.2122 -0.4200 9.75 -0.68 0.75 97 177 176 177 113 
-0.5044 0.5251 0.5032 0.4654 78.81 82.81 141.69 10.84 12.17 39.82 6.7600 4.9800 12.5900 -1.0622 0.6433 1.6933 9.56 -1.61 -1.42 102 180 186 184 116 
-0.5191 0.5586 0.4783 0.4356 82.44 79.75 114.81 11.65 2.36 1.56 1.6100 4.0400 1.8700 -2.1578 0.6333 0.1511 9.67 -1.56 -0.41 105 183 186 184 116 
-0.4562 0.6170 0.3807 0.5160 99.75 79.31 109.81 6.36 -0.76 -5.00 -3.3100 0.7000 -4.3100 -1.4611 -0.0278 -0.3200 9.65 -1.46 -0.87 105 184 190 186 117 
-0.3683 0.6656 0.3546 0.5436 111.06 79.44 153.69 10.33 6.76 35.07 16.2500 -1.5900 14.6300 -1.2278 -0.9689 1.5478 9.26 -0.88 -3.10 108 176 182 182 111 
-0.3184 0.7209 0.3305 0.5193 116.94 75.31 149.56 8.70 -1.80 0.56 -0.6400 0.0500 2.6600 -0.2356 1.4544 0.4111 9.63 -1.54 -1.01 107 191 189 194 128 
-0.3385 0.6642 0.2520 0.6169 128.37 82.00 52.44 7.18 0.23 2.44 -2.7700 0.1900 0.1400 -2.2633 4.8967 -3.1433 8.82 0.40 4.24 143 300 257 268 187 
-0.1553 0.3713 0.1437 0.9041 166.00 33.44 -12.63 2.07 0.89 6.46 -2.0800 -1.2800 -3.1400 -0.3433 2.7111 -2.2456 2.30 2.11 9.29 172 351 322 354 204 
;
