0.1380 0.1794 0.0762 0.9711 196.12 19.06 -12.06 3.27 1.84 9.01 0.0500 -0.1000 -0.0400 0.0011 0.0089 -0.0033 3.20 1.93 9.06 167 332 324 340 200 
0.1380 0.1792 0.0762 0.9711 196.12 19.06 -12.06 3.23 1.86 8.99 -0.0100 -0.0600 -0.0400 0.0089 -0.0022 0.0044 3.20 1.93 9.06 168 332 325 338 200 
0.1379 0.1790 0.0765 0.9711 196.06 19.00 -12.06 3.21 1.70 9.16 0.3100 0.2800 0.2300 0.1078 0.3278 0.0489 2.99 1.95 9.13 169 357 326 345 201 
0.1059 0.1314 0.0640 0.9836 188.50 12.50 -2.69 5.77 1.24 15.43 2.8600 -0.1300 6.3500 -3.3422 -0.7544 2.7944 1.73 -2.85 9.21 198 395 171 154 112 
-0.0433 0.1263 -0.2113 0.9683 174.31 13.50 31.31 -0.02 -4.59 3.49 -2.3600 0.4800 -4.4400 -2.1889 1.2333 0.5422 1.72 -6.48 7.15 196 410 180 171 122 
-0.0323 0.0930 -0.3815 0.9191 177.25 7.50 46.88 -0.13 -4.53 3.74 -1.7100 2.9300 -3.3400 0.0389 0.8333 -0.7933 1.20 -7.09 6.66 184 414 188 179 125 
0.0443 0.0477 -0.3817 0.9220 186.37 6.94 43.44 4.52 -2.96 6.47 4.8900 3.1300 -0.6200 1.6422 0.0111 0.1900 1.10 -5.76 7.85 188 415 192 183 127 
0.0281 0.0430 -0.2740 0.9604 180.44 5.06 29.12 5.41 -6.94 12.80 3.7000 -1.9400 4.9400 0.5967 -0.6556 2.6078 0.49 -4.27 8.81 191 408 186 184 132 
-0.1649 0.0463 -0.2327 0.9573 155.44 -0.88 30.50 -7.89 -6.66 13.24 -7.3300 -2.1500 4.3900 -2.3922 0.2078 1.4067 -1.14 -6.52 7.23 189 414 189 184 136 
-0.2620 0.0303 -0.4231 0.8669 147.25 -10.75 53.69 -4.98 -3.17 6.41 -2.7900 5.0500 0.9900 -1.9833 1.4811 -0.8667 -1.90 -8.64 4.22 186 416 194 189 138 
-0.1595 0.0059 -0.5708 0.8054 161.50 -8.50 71.87 -2.19 -3.22 2.25 -0.4600 5.9300 -0.9200 -0.7156 1.5900 -1.4500 -0.61 -9.53 2.22 189 417 197 189 137 
0.0143 -0.0185 -0.6238 0.7812 186.69 0.88 76.56 2.51 -3.94 0.48 2.7400 5.7700 -1.9300 1.3244 1.8178 -1.0844 0.57 -9.24 3.22 187 417 200 190 138 
0.1602 -0.0593 -0.5288 0.8314 202.81 4.75 59.69 10.07 -6.69 2.66 9.1900 1.4600 -0.9500 3.4856 -0.8533 -0.1267 1.29 -6.92 6.82 185 416 200 190 137 
0.1321 0.0495 -0.3276 0.9342 192.31 12.25 33.56 6.13 -7.93 15.95 3.0900 -3.1600 8.0400 1.2222 -2.6467 2.1444 2.92 -4.72 8.08 183 415 203 191 138 
-0.0609 0.1949 -0.2521 0.9459 170.06 20.31 33.50 -4.07 -4.27 8.38 -6.9700 2.2000 0.8900 0.4400 -0.6733 -0.0478 3.77 -5.01 7.53 182 411 204 195 140 
-0.1006 0.2415 -0.2281 0.9378 166.25 26.31 28.69 4.31 -5.39 10.34 -0.0100 -1.8100 3.8400 4.5856 -6.0744 -0.8944 7.80 -1.30 5.79 200 364 306 396 221 
-0.2703 0.6154 0.1988 0.7132 128.19 84.25 5.00 17.34 -2.48 -0.97 5.0900 -2.3700 -0.7500 1.1356 0.9744 1.3544 9.49 -2.45 0.21 198 399 357 414 221 
-0.4529 0.6387 0.2506 0.5693 99.62 71.87 79.19 8.00 0.07 -2.92 -2.2800 4.2800 -2.5500 2.7667 2.2133 0.2656 9.05 -3.02 2.25 184 409 364 419 218 
-0.6179 0.4973 0.3111 0.5236 78.50 64.00 39.44 5.73 1.91 4.36 -3.2500 4.3300 1.0700 1.3733 0.6944 0.1044 8.59 -2.37 4.08 192 410 366 418 217 
-0.6858 0.4108 0.3397 0.4956 71.25 61.00 27.62 7.84 1.79 4.18 -0.6900 3.8500 0.6900 -0.3656 -0.5567 -0.0600 8.67 -2.31 3.94 206 380 346 386 218 
-0.6591 0.4492 0.3184 0.5123 79.44 61.63 38.75 10.21 2.83 0.89 1.5300 5.3100 -2.7800 -5.1911 -0.6722 -0.6589 8.91 -3.61 1.90 200 254 267 303 217 
-0.4722 0.6663 0.1480 0.5577 100.50 57.50 85.81 7.79 -7.13 -2.29 -1.9900 -2.0300 -3.4300 -2.6644 2.1356 1.2033 7.59 -6.19 0.29 192 261 264 311 218 
-0.3940 0.6881 -0.1052 0.6002 114.56 46.25 87.50 3.48 -10.00 -2.41 -4.4600 -2.9700 -2.4200 -0.2011 0.4811 0.1244 6.87 -6.98 0.47 196 278 270 320 220 
-0.3742 0.6626 -0.1630 0.6280 118.94 45.75 83.06 5.67 -6.25 -0.42 -2.4800 0.3500 -2.1700 0.7622 0.5400 0.3922 6.91 -6.80 1.39 192 304 252 274 208 
-0.4095 0.6411 -0.1326 0.6354 111.06 44.81 77.94 1.55 -6.58 -3.91 -1.2500 1.2200 -3.9200 2.6700 -4.9411 0.1911 7.13 -6.68 0.76 166 395 201 198 128 
-0.5270 0.7146 0.0518 0.4570 77.25 43.06 95.56 9.30 -9.17 -2.35 5.7600 -1.0200 -1.3000 1.0711 -1.9989 0.5456 6.03 -7.59 -1.41 159 409 195 190 129 
-0.5820 0.7526 0.1353 0.2766 47.44 33.94 102.31 5.27 -5.63 -0.23 0.8700 2.5200 2.0000 0.4556 -2.1722 -0.1067 5.10 -8.04 -2.32 157 416 192 183 126 
-0.5806 0.7643 0.2302 0.1600 29.87 30.94 109.44 6.79 -8.17 -3.75 1.6600 -0.5400 -1.1300 1.5956 0.8278 -0.0422 5.25 -8.04 -1.92 153 421 196 196 136 
-0.6824 0.6620 0.2398 0.1962 27.31 33.50 92.56 6.55 -6.45 1.94 0.0100 0.0800 -0.8100 -1.9189 1.0278 -0.1756 5.49 -8.06 -0.97 155 416 201 198 136 
-0.6109 0.7356 0.2161 0.1976 36.56 34.50 98.12 -12.85 -0.74 13.76 7.9900 3.8700 6.0300 0.3022 -0.8244 0.6900 5.72 -7.93 -0.61 153 410 203 204 140 
-0.6454 0.6915 0.2058 0.2509 43.63 38.25 94.69 6.46 -4.17 1.68 -0.2800 3.3800 2.4400 -2.0744 0.5822 -1.1944 6.67 -7.04 -1.42 165 392 215 218 158 
-0.5246 0.7271 0.1745 0.4069 90.50 56.88 94.19 9.69 -2.20 0.23 1.5700 2.2500 -0.5200 -2.5967 7.1978 -4.0422 8.75 -3.02 3.20 156 333 260 261 187 
-0.2631 0.4183 0.0291 0.8689 155.06 36.00 6.81 4.84 -1.17 6.38 -1.0800 -0.2100 -1.3400 1.1667 5.0522 -3.0056 1.67 0.59 9.64 171 332 310 362 203 
-0.0485 0.0567 0.0676 0.9949 176.50 6.75 -10.69 4.68 2.51 9.91 2.6200 -0.2500 0.5000 3.0011 -0.4067 -1.2156 1.04 3.75 8.99 175 384 335 407 209 
;
