0.4453 -0.4785 -0.4933 -0.5739 104.37 81.25 -68.87 9.75 1.38 0.35 0.0400 -0.0300 -0.1800 0.0178 -0.0089 -0.0156 9.69 1.40 0.51 178 324 325 340 213 
0.4437 -0.4783 -0.4955 -0.5734 104.50 81.19 -70.69 10.16 1.59 0.11 0.8200 0.3000 -0.6200 -0.0233 0.1822 0.0800 9.69 1.37 0.59 180 324 324 310 204 
0.4631 -0.4744 -0.4711 -0.5818 101.75 80.62 -27.81 11.81 3.09 6.67 2.0000 2.7100 4.6900 -4.0211 4.0367 0.8100 9.07 -0.51 3.67 196 396 201 207 148 
0.4800 -0.4268 -0.1422 -0.7532 119.62 36.31 22.81 -2.26 -4.54 5.69 -4.5800 -0.1100 -1.8200 -4.1167 2.2767 -1.0711 3.02 -6.12 7.03 192 422 199 191 136 
0.2987 -0.2371 0.3168 -0.8685 146.25 10.56 47.81 3.10 -5.09 2.40 2.0900 3.1500 -4.0900 -1.2167 1.9522 -1.1989 1.40 -7.69 5.91 182 423 199 194 141 
0.1505 -0.1508 0.4222 -0.8811 162.06 7.87 52.13 8.55 -3.67 2.57 6.7200 3.5600 -3.0400 1.9789 -0.6167 0.7644 1.26 -6.99 6.75 181 421 207 195 142 
0.2275 -0.1508 0.3264 -0.9050 146.56 6.12 40.38 3.00 -9.40 14.23 0.8000 -3.6000 8.0900 -0.3133 -1.1122 2.8589 0.29 -6.48 7.35 177 416 206 203 146 
0.4276 -0.1662 0.3533 -0.8153 120.81 -3.44 49.38 -6.98 -5.91 10.25 -5.6500 3.0300 3.0800 -2.2489 0.5011 0.4789 -1.12 -8.44 4.86 175 415 209 206 147 
0.4256 -0.2075 0.4925 -0.7302 122.94 -6.31 66.81 -4.18 -2.28 2.81 -2.3000 7.2000 -0.8100 -0.3767 1.9489 -1.7300 -0.48 -9.21 3.31 175 417 213 206 148 
0.2543 -0.1780 0.5462 -0.7780 148.75 1.69 69.00 5.65 -1.71 2.87 6.9500 6.7800 -0.8500 1.1178 0.5744 -1.4533 1.13 -8.75 4.27 174 415 215 209 150 
0.1619 -0.1897 0.4598 -0.8523 157.12 10.94 55.44 10.71 -9.78 6.82 7.8100 -3.2200 2.2300 2.4533 -2.1122 0.9278 2.28 -6.89 6.58 172 412 219 218 156 
0.3063 -0.2656 0.2827 -0.8693 136.19 20.56 41.19 -2.88 -9.91 12.43 -6.7400 -3.2500 5.2300 2.1489 -4.2978 0.3278 5.87 -4.79 6.22 185 400 260 299 200 
0.4709 -0.5318 -0.0598 -0.7014 102.12 64.56 62.00 22.28 -5.84 -9.81 7.2400 -4.5000 -15.1500 3.9556 -1.6067 1.4522 8.96 -3.92 0.56 192 418 355 422 225 
0.6213 -0.5778 -0.3586 -0.3892 53.06 62.44 78.50 9.14 0.56 -1.08 -2.0000 4.6300 -2.1500 3.8489 1.1733 0.3356 8.46 -4.15 2.70 189 423 365 434 224 
0.7894 -0.3695 -0.4358 -0.2245 28.50 57.94 43.44 5.88 3.37 4.44 -2.7100 6.8300 1.7800 1.6233 0.0089 -0.0422 8.22 -2.99 4.42 197 426 356 435 225 
0.8234 -0.2810 -0.4592 -0.1790 27.19 58.88 36.69 10.22 3.05 5.56 2.2200 6.1500 -0.6200 -4.2178 -0.4678 -0.5789 8.49 -3.93 2.91 197 328 331 402 224 
0.7257 -0.4916 -0.3862 -0.2872 46.38 53.88 71.12 6.13 -7.60 -4.45 -1.4400 -2.4300 -5.7100 -2.9889 0.6767 2.7933 6.52 -7.26 0.87 202 275 286 347 223 
0.6780 -0.6588 -0.1336 -0.2975 47.75 32.69 83.56 -0.60 -10.95 0.31 -5.4100 -2.4200 -0.2800 -0.9322 1.2700 -0.0011 5.03 -8.37 0.86 208 297 298 360 226 
0.6496 -0.6760 -0.0523 -0.3441 57.06 33.38 85.06 2.69 -6.48 0.27 -2.8500 1.7200 -0.9700 0.2511 -0.3733 -1.2378 6.05 -7.69 0.57 206 316 298 353 222 
0.6360 -0.6471 -0.1140 -0.4048 68.37 44.63 74.19 3.70 -4.31 0.28 -2.5600 1.9600 -2.4800 1.2022 1.7211 -3.1989 7.90 -4.79 3.26 197 357 318 366 216 
;
