0.4482 -0.4945 -0.4866 -0.5637 103.00 83.56 -6.06 9.74 1.03 0.14 -0.0200 0.0000 -0.2000 0.0100 0.0144 -0.0178 9.74 1.04 0.36 174 325 317 308 190 
0.4478 -0.4941 -0.4870 -0.5641 103.06 83.44 -6.12 9.75 0.97 0.15 0.0400 -0.0700 -0.1800 0.0011 0.0089 -0.0089 9.74 1.04 0.35 171 327 321 309 190 
0.4474 -0.4943 -0.4875 -0.5638 103.12 83.44 -6.12 9.81 1.02 0.15 0.1600 0.0000 -0.2100 -0.0222 -0.0144 -0.0233 9.74 1.07 0.33 172 336 317 303 189 
0.4371 -0.4995 -0.4999 -0.5563 104.12 82.19 -107.62 18.79 2.31 4.08 11.3900 1.3400 5.1200 -4.2644 6.4267 0.2833 9.42 1.00 2.49 209 408 175 192 131 
0.4326 -0.4471 -0.1648 -0.7654 124.81 44.69 28.19 7.65 -2.00 2.58 -2.4800 1.2900 -5.7400 -5.2800 5.9656 1.4478 3.19 -6.90 6.18 205 421 193 196 137 
0.2980 -0.2735 0.3746 -0.8343 144.62 11.75 56.69 2.96 -3.68 0.85 1.5100 5.2700 -3.0200 -0.3667 1.1856 -0.8333 1.98 -8.12 5.12 184 425 200 202 141 
0.1813 -0.2055 0.4344 -0.8580 156.94 10.75 55.25 6.61 -3.68 2.69 5.9300 3.6500 -3.0600 2.1267 0.1678 0.2844 1.50 -7.05 6.64 184 422 204 207 142 
0.2345 -0.1562 0.3185 -0.9051 145.75 7.06 40.81 1.07 -9.76 15.82 -1.7400 -3.1500 8.0000 -1.8789 -1.5322 2.8800 0.62 -7.32 6.48 179 425 211 209 144 
0.4124 -0.2285 0.4059 -0.7829 122.87 0.31 59.63 -5.46 -6.91 5.27 -5.2200 2.0300 0.7600 -2.1511 1.2244 -0.1500 -0.23 -9.18 3.43 178 425 208 209 144 
0.3457 -0.2540 0.5482 -0.7180 132.50 0.00 76.75 -1.68 -3.83 1.25 -1.4800 6.1600 -0.9300 -0.5844 1.7933 -1.0911 0.54 -9.63 1.72 176 424 214 211 145 
0.2000 -0.2206 0.5972 -0.7448 153.94 6.19 77.87 1.02 -4.37 0.10 0.4700 5.9000 -1.6200 1.6078 1.9444 -1.4089 1.57 -9.13 3.19 177 423 215 210 146 
0.0688 -0.1453 0.5042 -0.8485 172.37 10.00 57.31 13.12 -2.34 9.15 10.4000 3.5900 4.2300 2.9400 -0.8567 0.8078 1.65 -6.63 7.02 176 422 216 214 148 
0.1571 -0.1619 0.3122 -0.9229 158.44 12.81 39.50 -3.53 -12.59 11.64 -6.6600 -5.7500 2.8800 -0.0511 -1.9844 -0.0133 3.36 -6.12 6.88 176 416 217 221 156 
0.2444 -0.3112 0.2546 -0.8824 145.81 31.12 38.50 0.00 -3.28 0.37 -6.1400 2.6300 -5.7600 4.7589 -15.1689 -0.1522 9.27 -3.15 -0.50 195 391 345 426 226 
0.2817 -0.8469 -0.2686 -0.3622 144.37 40.69 161.81 -0.31 -0.62 -7.71 -4.1500 0.6700 -3.7000 -3.7133 -4.9633 0.6333 3.49 0.15 -9.16 199 261 282 382 224 
-0.0092 -0.9622 -0.2417 -0.1257 153.62 10.94 -178.87 2.38 -1.67 -11.47 0.4200 -0.2000 0.5700 1.2822 0.7267 -0.3222 2.25 -0.89 -9.50 206 289 285 383 225 
0.0887 -0.9587 -0.2454 -0.1132 150.69 16.19 172.94 1.60 0.50 -9.41 -1.0300 2.0400 -0.5700 0.3633 1.3833 -0.8022 3.86 -1.24 -8.92 206 293 298 378 225 
0.1461 -0.9120 -0.3036 -0.2337 139.62 39.19 171.00 5.41 1.18 -10.16 -2.6500 1.7200 -3.9500 3.1178 8.9278 -1.9100 9.49 -0.92 -2.28 168 336 316 375 212 
0.4319 -0.5460 -0.3586 -0.6219 106.50 71.62 -5.00 4.57 2.48 7.26 -2.5200 1.5100 4.6900 3.1389 1.3700 0.2044 8.74 1.24 4.25 181 345 340 397 211 
0.5821 -0.3103 -0.4037 -0.6339 96.19 59.38 -15.00 10.40 -0.43 7.36 1.6300 -1.4800 -0.3200 -0.4667 0.0978 -0.2244 8.48 1.08 4.80 170 336 336 384 212 
;
