0.1168 -0.1385 -0.4027 -0.8972 165.06 20.25 -47.13 3.34 6.67 6.26 -0.0900 -0.1000 0.0200 -0.0233 -0.0056 0.0311 3.43 6.71 6.26 157 325 293 277 186 
0.1188 -0.1414 -0.4008 -0.8974 164.87 20.31 -47.06 3.47 6.81 6.28 0.0400 0.0600 0.0300 0.0367 0.0500 0.0044 3.39 6.75 6.25 158 325 291 277 187 
0.1201 -0.1386 -0.4027 -0.8967 164.69 20.12 -47.25 3.04 6.83 6.19 -0.3700 0.0100 -0.0800 0.0100 -0.0789 -0.0167 3.36 6.79 6.21 158 328 292 277 186 
0.1170 -0.1382 -0.4062 -0.8956 165.12 19.87 -47.69 3.38 7.08 6.39 0.0300 0.2600 0.0700 -0.1933 -0.1511 0.1089 3.44 6.71 6.26 158 324 290 276 185 
0.1210 -0.1522 -0.3942 -0.8982 164.44 22.25 -45.19 4.43 7.65 8.15 0.2700 1.9200 2.3600 -2.4211 -0.2611 0.2222 3.96 5.13 7.34 160 383 214 204 140 
0.0914 -0.1782 -0.1846 -0.9622 169.81 19.87 -10.56 4.79 2.76 16.48 2.4500 0.4800 7.7500 -6.2111 -0.1889 0.8644 2.88 -2.72 8.96 172 417 166 189 132 
0.0776 -0.1483 0.2565 -0.9520 171.12 14.13 39.81 1.17 -1.75 1.52 -1.5700 4.9300 -5.3600 -3.4211 0.6322 0.4722 1.88 -8.00 5.33 172 423 190 198 136 
0.0482 -0.1258 0.5057 -0.8521 174.87 9.31 64.06 -1.01 -3.10 -2.40 -2.3800 5.5100 -6.2400 1.1611 0.8289 -0.9389 1.86 -8.31 4.86 172 424 201 199 138 
-0.0240 -0.1030 0.4433 -0.8901 183.87 12.06 48.63 6.25 -1.42 5.48 4.6900 4.2400 -1.8500 3.0233 -0.1300 -0.1178 2.12 -5.35 7.93 172 420 205 202 138 
0.0114 -0.1074 0.2198 -0.9695 174.69 11.25 22.31 5.53 -7.20 18.39 4.7100 -4.0000 10.1800 0.6133 -0.4300 3.3522 1.58 -3.20 9.13 170 423 207 202 138 
0.2371 -0.1176 0.1771 -0.9480 148.12 6.75 27.12 -6.65 -6.60 15.30 -6.5600 0.3400 6.2800 -2.8067 0.2022 0.5311 0.71 -6.14 7.60 173 424 208 203 140 
0.2768 -0.1489 0.3766 -0.8715 145.62 2.44 52.38 -3.97 -2.64 7.98 -5.7500 6.8600 1.2400 -2.0878 1.0900 -1.6189 0.77 -8.61 4.62 171 421 208 204 141 
0.1430 -0.1670 0.5288 -0.8198 164.75 8.19 69.81 -1.02 -1.85 0.76 -2.3900 6.9500 -2.4200 -0.7933 1.8567 -1.5722 2.15 -9.14 2.79 169 419 209 205 141 
-0.0482 -0.1227 0.5881 -0.7980 191.94 15.56 71.87 8.49 -2.61 1.05 6.9700 6.2100 -1.8500 1.2889 1.6233 -1.4100 3.06 -8.36 4.09 173 422 206 207 141 
-0.1584 -0.0820 0.4894 -0.8536 197.50 16.44 55.25 12.11 -10.83 7.39 7.8100 -3.5800 2.3400 1.4433 -2.8056 2.3111 2.56 -7.46 5.82 172 418 201 209 141 
0.0659 -0.1722 0.4232 -0.8871 165.94 13.81 54.00 -8.18 -8.92 9.49 -8.0700 -0.5200 3.3800 -0.1733 -1.2467 0.4467 2.38 -7.93 5.24 171 423 198 210 142 
0.1640 -0.2214 0.4337 -0.8578 158.06 13.50 57.25 0.97 -6.19 6.48 -1.3200 1.1300 1.1100 0.2711 0.3833 0.0144 2.14 -7.93 5.35 171 422 207 210 143 
0.1580 -0.2039 0.4243 -0.8680 159.19 12.94 55.00 -1.86 -10.72 12.47 -1.9900 -2.3000 9.0200 -1.3711 -1.2067 0.0922 2.74 -8.14 4.71 170 415 277 239 169 
0.1552 -0.2531 0.5030 -0.8117 160.50 14.44 72.50 7.33 -6.17 4.45 5.4900 4.0800 0.2700 -4.6667 0.9989 -0.1789 2.55 -9.46 0.06 171 404 344 345 202 
0.0852 -0.2978 0.7376 -0.6000 158.12 12.13 111.50 1.60 -3.96 -8.44 -0.3100 4.5200 -3.2400 -0.2933 -2.6622 0.0067 1.29 -8.69 -4.34 174 411 366 405 214 
0.1896 -0.3900 0.7587 -0.4861 135.75 4.00 116.56 -0.36 -2.01 -8.33 -1.4100 7.2400 -5.1100 2.5944 -0.0378 -0.0400 0.56 -9.37 -2.82 168 404 363 417 219 
0.2872 -0.3221 0.6159 -0.6591 132.12 3.87 71.94 1.88 4.81 12.02 1.9200 15.6600 19.4400 11.7111 4.7633 1.2189 -1.18 -3.75 8.98 183 393 376 416 223 
0.3997 0.0165 0.2137 -0.8913 133.31 -9.81 30.75 -1.04 6.95 16.12 0.2300 15.0500 5.1700 -10.4300 -0.8467 -2.5044 0.19 -9.62 1.86 176 397 374 415 221 
0.2089 -0.3406 0.7357 -0.5470 136.19 3.12 121.31 -0.51 -0.36 -27.27 -0.7800 6.4900 -19.3800 2.4811 0.3622 0.1178 0.26 -8.28 -5.24 175 378 312 416 221 
0.2506 -0.3434 0.6942 -0.5809 132.94 3.69 84.44 5.43 12.82 -0.94 5.4100 20.6000 0.6300 13.6556 1.2744 2.2500 -0.92 -3.94 8.93 190 370 360 422 222 
0.5032 0.0505 0.0879 -0.8582 117.94 -8.88 3.06 -6.32 2.86 21.11 -0.6500 3.3200 9.4700 -0.5278 -2.3011 -0.4344 0.21 -0.64 9.78 189 372 352 414 221 
0.5007 -0.0723 0.0244 -0.8622 119.87 7.94 6.69 4.56 -1.55 6.32 3.9000 -0.7400 -4.1700 2.5156 -0.1478 1.0144 1.54 0.31 9.67 188 293 292 315 215 
0.5461 -0.0478 -0.1559 -0.8217 109.25 15.25 -16.19 0.89 6.61 15.75 -2.8100 4.1400 8.7800 -0.3167 -2.5633 3.4122 4.39 2.39 8.43 198 204 180 213 153 
0.6676 -0.2219 -0.2399 -0.6689 86.00 45.69 10.69 -4.59 -0.96 1.13 -15.1500 2.0300 -4.6200 -2.9244 -6.7478 2.8156 8.63 -4.22 1.93 203 175 182 200 129 
0.5395 -0.6080 -0.3003 -0.4991 98.69 76.94 74.19 19.30 9.92 -7.00 20.6700 10.1600 -5.0900 -1.5778 -0.0222 -2.8822 9.73 1.07 -0.47 206 177 193 208 132 
0.2784 -0.6161 -0.4021 -0.6174 132.44 79.31 -115.56 13.87 2.17 0.78 2.8300 0.5000 2.2100 0.1567 0.3622 0.0889 9.65 1.60 -0.65 206 185 196 213 134 
0.2876 -0.6124 -0.4032 -0.6161 129.25 81.06 -118.75 9.08 2.04 -1.55 -0.6900 1.0400 0.1000 -0.1289 -0.0711 0.4022 9.72 1.00 -0.74 205 185 194 213 138 
;
