-0.0491 0.0554 0.0334 0.9967 174.25 6.44 -3.50 0.99 0.62 9.80 -0.1000 0.0500 0.0800 0.0000 0.0278 0.0000 1.07 0.60 9.72 182 380 378 425 228 
-0.0518 0.0526 0.0335 0.9967 173.75 6.12 -3.50 0.97 0.60 9.75 -0.0700 -0.0100 0.0800 0.0033 0.0611 -0.0100 1.01 0.60 9.73 185 380 377 424 229 
-0.0546 0.0450 0.0361 0.9968 173.75 4.81 -4.00 3.08 1.77 16.75 3.3600 2.2700 9.2700 -3.1978 -1.6400 2.4467 1.02 -1.22 9.67 219 404 228 227 167 
-0.1640 0.1199 -0.1841 0.9617 156.12 13.56 33.19 2.22 -1.89 4.13 -4.0000 1.1900 -1.6300 -2.3833 -1.9856 1.1178 2.78 -6.92 6.36 205 439 211 209 155 
-0.2421 0.2548 -0.3917 0.8503 147.25 13.25 57.13 -0.20 -4.29 0.92 -2.6800 3.6500 -4.0300 -0.4644 0.3711 0.1433 1.96 -8.33 4.78 204 437 216 214 158 
-0.2336 0.2308 -0.4344 0.8387 149.31 10.00 56.88 3.56 -3.35 3.70 4.1500 4.2300 -0.1300 2.2622 0.7533 0.2200 1.26 -7.03 6.71 204 441 215 222 163 
-0.2857 0.1522 -0.3137 0.8926 141.44 4.37 39.13 5.44 -8.66 15.62 3.1500 -3.2400 8.3900 -0.0900 -1.7156 3.2644 0.11 -6.24 7.56 205 438 222 226 167 
-0.5120 0.1886 -0.3353 0.7681 107.75 -4.94 49.63 -10.21 -6.56 10.51 -8.7400 2.0200 3.6400 -3.1233 -0.1367 0.3600 -1.20 -8.67 4.41 202 437 226 229 167 
-0.5013 0.3011 -0.4953 0.6425 106.87 -5.06 74.81 -5.15 -3.72 2.81 -4.5900 6.1400 0.7000 -1.3489 2.0500 -1.9967 0.39 -9.70 1.34 201 437 226 230 167 
-0.2883 0.3300 -0.5670 0.6975 139.94 9.63 81.06 5.02 -0.97 0.84 5.3600 8.1500 -0.7100 1.2333 2.1578 -1.6422 2.66 -9.01 2.78 202 433 228 231 167 
-0.1555 0.2726 -0.4830 0.8174 157.56 17.31 63.38 13.32 -7.89 5.09 7.8300 -1.1600 3.0900 2.9400 -1.4967 1.2722 2.83 -7.34 5.84 200 438 232 236 167 
-0.3179 0.2874 -0.3185 0.8455 135.37 16.69 48.25 -4.13 -11.69 11.93 -6.7300 -4.0900 5.4800 -0.3278 -0.9333 0.0722 3.14 -7.10 5.98 197 428 246 244 175 
-0.3969 0.3734 -0.2656 0.7953 119.25 27.81 50.13 7.40 -5.41 1.39 3.3200 1.3600 -4.3100 2.9911 -11.2333 1.6678 7.31 -6.03 2.49 204 201 211 204 138 
-0.6194 0.6506 0.2378 0.3694 56.44 51.75 88.06 -3.10 -4.01 -2.02 -13.1900 2.6600 -2.9300 4.4267 -1.0111 -3.2678 8.88 -3.91 1.38 215 186 194 194 131 
-0.6473 0.4518 0.4858 0.3752 67.19 82.12 66.81 21.73 4.80 -0.26 13.8400 4.7800 -1.2500 -1.5044 -1.4544 -1.6456 9.75 0.40 -0.92 216 195 197 196 129 
-0.4951 0.4669 0.5828 0.4440 83.06 83.00 -156.12 9.52 0.97 0.39 -0.7900 1.2000 1.1900 -0.1633 0.7211 0.0300 9.77 0.41 -0.67 215 203 202 201 137 
-0.5163 0.4585 0.5503 0.4695 84.94 87.87 -2.00 10.05 1.98 -1.30 -1.5700 1.0000 -1.3200 0.0044 2.1044 0.0889 9.69 0.24 1.48 193 288 254 253 178 
;
