-0.4252 -0.0891 0.4341 0.7892 123.44 13.13 -51.31 1.70 7.43 6.22 -0.6100 -0.1400 0.0000 -0.0556 -0.0267 0.0100 2.22 7.40 6.02 169 375 325 299 202 
-0.4234 -0.0837 0.4333 0.7912 123.81 13.75 -51.19 2.68 7.39 6.06 0.2900 -0.0800 0.0600 -0.0156 -0.0444 -0.0111 2.39 7.41 5.95 168 375 324 299 202 
-0.4183 -0.0755 0.4373 0.7925 124.50 14.31 -51.31 1.95 7.17 6.08 -0.6900 -0.1900 0.1700 0.4322 -0.4189 -0.1578 2.52 7.58 5.68 172 369 264 240 188 
-0.3903 -0.0480 0.4533 0.7999 131.94 16.19 -44.06 2.27 12.05 14.56 0.3300 5.6600 5.4700 -9.5789 2.6978 -3.0300 1.12 0.84 9.70 169 387 165 164 116 
-0.2214 0.0905 -0.1064 0.9651 158.69 6.81 20.12 3.62 -2.29 4.29 2.0000 2.2700 -4.8700 -1.9778 0.3100 -1.1844 1.31 -4.79 8.45 163 406 168 174 127 
-0.0970 0.0825 -0.2703 0.9543 169.87 5.87 32.69 1.08 -2.75 2.18 0.5600 4.2300 -5.0800 0.5978 1.2244 -0.5511 0.68 -4.81 8.51 165 408 177 179 130 
-0.0382 0.0353 -0.2209 0.9739 175.31 2.31 23.75 7.46 -1.17 10.12 7.5400 3.3900 2.0200 1.2111 -0.8244 0.9089 0.55 -3.05 9.30 165 408 174 180 130 
-0.1105 0.0698 -0.1190 0.9843 163.00 7.75 13.44 0.47 -8.94 16.04 -1.7600 -6.1300 7.8200 -0.5078 -1.8078 2.5733 2.17 -2.89 9.11 167 409 178 182 131 
-0.3024 0.1868 -0.1574 0.9214 140.62 14.69 29.25 -2.09 -5.71 11.77 -3.9700 0.0900 3.1800 -2.3644 -0.2067 1.3444 2.10 -6.29 7.22 166 414 181 183 133 
-0.3632 0.2351 -0.3323 0.8381 132.81 6.31 50.56 -3.39 -5.33 5.68 -4.6400 2.9100 -0.7100 -1.4600 1.7778 -0.2578 0.32 -8.24 5.29 165 414 189 183 133 
-0.2758 0.1792 -0.4706 0.8188 147.56 2.81 61.31 -2.15 -0.53 3.30 -1.7400 8.5400 -1.6700 -0.2222 1.7656 -1.9000 1.17 -8.53 4.69 166 412 186 185 134 
-0.0892 0.1307 -0.4804 0.8627 172.50 8.88 56.75 5.47 -1.38 2.54 6.2700 6.0100 -2.1300 2.4644 1.4378 -1.5767 1.72 -6.69 6.95 168 412 194 188 135 
0.0350 0.0739 -0.3112 0.9468 183.75 9.19 33.13 11.56 -5.10 10.94 9.8700 -1.0200 2.9600 2.7400 -1.4333 1.2644 2.00 -3.46 8.95 167 410 199 189 134 
-0.0844 0.1469 -0.1379 0.9758 167.25 17.00 16.87 0.34 -6.06 12.82 -5.7100 -3.5500 3.8600 0.6878 -1.6689 1.3389 3.83 -2.54 8.65 166 401 202 193 135 
-0.2132 0.2606 -0.0637 0.9395 152.87 27.81 14.69 1.57 -1.82 9.06 -2.9200 0.2400 0.4200 0.7633 -0.4322 0.0178 4.68 -1.86 8.41 170 386 212 208 147 
-0.2585 0.2824 0.0149 0.9237 147.19 33.81 4.44 5.42 0.18 5.59 -0.0100 0.5900 -2.6100 3.2978 -0.3678 -0.6233 5.74 1.45 7.81 174 375 256 240 179 
-0.2975 0.2767 0.2635 0.8749 139.56 42.00 -28.62 7.54 3.26 7.29 0.7700 -0.2300 1.9500 2.7411 -3.5056 1.4367 8.22 3.85 3.71 180 379 203 194 134 
-0.3398 0.4727 0.4517 0.6760 124.44 73.94 -62.75 16.01 1.17 1.46 9.3600 0.4100 0.0900 2.1389 -9.1967 6.2867 8.65 -1.89 -4.19 208 212 190 200 131 
-0.4257 0.7236 0.4205 0.3440 79.06 63.44 130.25 -0.36 -2.70 -2.51 -7.9600 0.3400 -0.5500 0.5300 1.4822 0.0833 9.15 -3.36 -0.97 211 174 211 203 135 
-0.5206 0.6321 0.3570 0.4493 81.69 71.06 100.00 -4.94 0.39 0.32 -14.3700 3.4200 0.7100 -0.1556 -2.1778 -1.8511 9.47 -1.89 -1.69 213 179 225 204 136 
-0.3907 0.6211 0.4954 0.4649 108.25 70.62 -167.25 28.70 1.91 -10.21 18.1000 -1.8500 -5.5200 -0.0322 -1.1311 0.3511 8.68 1.21 -4.39 209 185 230 207 136 
-0.2881 0.6522 0.5416 0.4453 113.25 64.37 -165.75 8.54 1.23 -2.44 -0.6800 -0.0800 1.0100 0.3089 0.5156 -0.2022 9.02 1.13 -3.66 213 190 234 207 137 
-0.3203 0.6152 0.5477 0.4679 111.06 68.00 -161.44 7.30 0.69 -3.36 -1.7000 -0.4900 0.0800 0.0189 -0.0667 -0.1800 9.04 1.24 -3.59 211 190 233 209 136 
-0.3090 0.6121 0.5616 0.4631 113.50 65.25 -158.19 8.44 1.63 -3.46 -0.1900 0.0700 0.4600 -0.2100 -0.6544 -0.4778 8.66 1.88 -4.18 211 199 206 205 137 
-0.2529 0.6204 0.5837 0.4589 126.69 59.06 -150.94 14.35 1.70 -4.68 5.3200 -0.2200 -1.6000 0.7078 1.1611 0.3678 8.70 2.34 -3.85 141 379 182 186 131 
-0.3083 0.6053 0.5653 0.4680 105.00 69.06 -164.44 12.56 1.66 -1.53 1.1900 0.9800 1.6100 1.2056 1.1233 2.4167 9.43 -1.19 -2.39 128 390 197 187 127 
-0.4852 0.6150 0.4795 0.3956 76.19 70.62 131.81 0.90 -0.98 1.17 -8.7700 1.6700 2.8700 -1.4856 -0.3744 -0.3878 9.12 -2.23 -2.83 126 392 210 193 123 
-0.3918 0.6668 0.4833 0.4102 103.44 67.69 177.69 9.91 2.55 -13.60 0.8800 2.0400 -9.4100 1.1889 0.4244 -3.0378 8.91 2.04 -3.53 113 387 221 198 125 
-0.3380 0.5361 0.6281 0.4515 95.69 68.19 -157.37 23.92 3.99 0.58 11.1900 4.3800 5.2300 2.6944 3.3011 3.0111 9.65 -1.15 -1.23 125 373 223 199 126 
-0.6478 0.4574 0.4902 0.3617 56.94 67.75 48.94 0.55 -1.67 5.70 -8.3700 1.1900 1.9900 -1.3611 3.7556 1.7311 7.41 -4.15 4.89 129 397 223 200 128 
-0.7664 0.4479 0.2141 0.4076 56.00 42.81 48.63 -1.95 -3.95 2.85 -8.6500 1.9800 -1.7700 -1.2956 -1.5567 -0.9033 7.26 -5.58 3.49 127 397 226 201 127 
-0.6702 0.5446 0.2631 0.4302 70.06 60.63 63.63 3.68 1.35 -2.69 -4.1000 5.3400 -4.5500 -0.4956 -1.6756 -3.3789 9.54 -2.08 0.84 127 395 228 202 128 
-0.4907 0.5411 0.4547 0.5096 96.25 87.37 -179.31 13.67 2.68 -5.61 6.2800 1.0900 -4.7200 0.9856 -1.9600 -0.7600 9.54 0.92 -2.03 128 396 227 201 130 
-0.4299 0.5353 0.5920 0.4222 84.75 73.75 -177.31 14.39 1.67 3.24 3.9500 1.8800 6.0300 1.0578 -0.2144 1.3533 9.36 -1.10 -2.68 132 402 221 201 132 
-0.5046 0.5391 0.5818 0.3409 67.75 73.12 147.56 7.54 -1.29 -0.51 -1.9300 0.2200 1.7000 -0.0044 0.2511 0.0633 9.42 -1.60 -2.18 133 400 225 201 132 
;
