0.9236 0.0724 -0.2259 -0.3011 36.06 21.94 -16.87 3.73 2.67 8.64 0.0100 0.0200 -0.0500 -0.0289 -0.0022 0.0156 3.66 2.63 8.70 180 313 297 294 201 
0.9241 0.0697 -0.2256 -0.3004 35.88 22.06 -16.19 3.76 2.74 8.97 0.1000 0.5000 0.4800 -0.7700 -0.0544 0.3056 3.72 2.03 8.83 183 351 260 236 175 
0.9302 -0.0063 -0.1942 -0.3115 39.19 19.56 -0.56 4.27 0.00 14.90 -0.5700 1.5800 5.5100 -6.0722 3.0633 -0.8389 1.22 -3.66 9.01 174 405 177 171 118 
0.8524 -0.2881 0.0815 -0.4287 56.13 6.31 39.56 2.91 -5.49 5.84 0.9700 0.1600 -1.1200 -2.3256 0.7144 -0.7533 1.14 -7.39 6.33 175 417 183 177 126 
0.7533 -0.4135 0.1798 -0.4788 67.31 7.50 54.44 1.63 -5.38 3.35 -0.1300 2.1100 -2.8000 -0.5367 0.9089 -0.5356 1.32 -8.08 5.39 176 424 189 184 129 
0.7049 -0.4145 0.2168 -0.5332 74.69 7.56 54.25 7.24 -5.34 2.82 8.5600 2.3700 -1.7100 1.7044 -0.5867 0.3911 1.29 -7.24 6.48 179 429 189 186 130 
0.7736 -0.3528 0.1574 -0.5023 61.06 5.44 44.00 0.49 -12.28 13.59 -1.6100 -4.9400 7.3300 -0.7733 -1.0022 2.4289 0.15 -7.19 6.65 175 421 195 188 134 
0.8369 -0.4052 0.1829 -0.3195 40.56 -4.06 55.25 -6.50 -7.13 8.57 -4.9300 2.1000 2.9200 -2.4044 1.4011 0.1022 -1.37 -8.98 3.69 180 420 197 192 137 
0.7353 -0.5132 0.3119 -0.3140 50.00 -7.00 76.06 -4.53 -2.93 1.93 -2.6400 7.2200 -0.9100 -0.6444 1.8233 -1.2256 -0.59 -9.64 1.69 179 426 198 194 136 
0.6312 -0.5286 0.3738 -0.4271 72.75 0.13 80.37 -0.54 -2.66 -0.42 -0.5000 6.6900 -1.8400 1.3722 1.7800 -1.5244 0.78 -9.44 2.50 176 420 199 195 140 
0.5703 -0.4529 0.3230 -0.6043 96.31 13.19 60.50 17.94 0.25 3.34 12.1400 4.8500 -0.2500 4.5322 0.1533 1.2411 1.86 -6.41 7.17 179 420 199 202 139 
0.7064 -0.2621 0.1253 -0.6454 80.00 8.44 29.44 -1.06 -8.91 20.76 -3.9500 -3.8900 10.2600 -0.3333 -1.3344 2.1678 1.40 -4.96 8.33 180 419 205 200 140 
0.8054 -0.2980 0.0915 -0.5042 63.06 9.06 37.69 -2.82 -3.16 6.94 -4.0400 3.1300 -0.8500 -0.7333 -0.0089 0.1078 1.57 -6.27 7.36 186 419 219 238 177 
0.8022 -0.3253 0.0944 -0.4916 62.75 10.75 40.56 0.02 -8.59 12.86 -2.2300 -2.3300 4.6600 -4.8122 -1.3144 1.0033 2.11 -8.28 4.80 188 384 290 367 212 
0.7038 -0.5820 0.1843 -0.3633 49.94 7.56 82.69 6.48 -7.71 -2.37 9.4000 5.2800 -1.0300 -2.3089 2.0022 1.1200 0.70 -9.76 -0.56 155 333 351 393 215 
0.5650 -0.7239 0.3120 -0.2437 48.56 -1.62 109.81 -2.58 -4.56 -8.13 -0.0700 3.9000 -3.4000 -2.1244 0.4556 1.1278 -0.80 -8.33 -5.10 143 333 342 386 216 
0.4242 -0.7538 0.4578 -0.2056 51.31 -4.56 123.87 -2.48 -5.91 -12.17 -2.8500 2.9400 -8.6700 2.4089 0.3244 -0.7467 -0.41 -8.79 -4.31 139 338 342 376 212 
0.5378 -0.6581 0.4017 -0.3411 70.06 2.69 89.75 2.75 -3.70 16.73 4.0000 6.0800 30.0400 1.5589 0.4778 -0.0400 0.63 -9.37 2.81 144 338 351 395 221 
0.5881 -0.5770 0.3506 -0.4452 74.31 7.56 93.69 1.29 -2.74 -4.92 0.2200 7.5300 -9.2600 -4.6400 -0.9644 -0.1044 1.21 -8.64 -4.46 142 306 305 355 209 
0.4636 -0.7346 0.3994 -0.2930 64.50 3.19 102.62 -2.81 3.10 -12.08 -2.7300 12.9800 -5.1900 9.2711 4.0711 0.0133 0.13 -8.87 4.16 159 362 343 398 221 
0.6693 -0.4043 0.3181 -0.5360 78.37 2.81 65.25 0.77 -9.32 8.18 0.5100 0.2500 3.7500 -3.2111 -1.1678 -1.2267 1.58 -9.51 1.78 161 370 328 402 220 
0.5599 -0.6014 0.3422 -0.4557 76.25 8.63 92.12 1.62 -6.41 -3.43 0.1900 3.0400 -2.8500 -1.8600 -3.3233 1.1444 0.48 -9.57 -2.04 165 341 316 330 216 
0.5743 -0.7188 0.3275 -0.2152 31.94 -7.19 104.25 -2.44 -7.49 -5.35 -1.2500 1.0700 -2.3800 -0.4289 -0.5856 -0.1833 -1.48 -9.36 -2.51 155 312 211 201 150 
0.6282 -0.7187 0.2637 -0.1389 21.31 -4.87 92.69 -11.31 -5.63 -10.27 -8.9900 6.2200 -13.4900 7.9044 -11.4656 -4.9556 4.52 -7.96 3.50 132 380 190 166 113 
0.8173 -0.3600 -0.4496 -0.0196 5.56 58.75 56.38 5.10 1.63 0.98 0.3400 5.7100 -1.9900 -0.2378 -3.3033 -4.4511 9.73 -0.99 0.65 121 396 194 174 114 
0.6934 -0.1440 -0.6761 -0.2034 36.81 81.50 -83.25 12.82 7.09 -7.63 5.2000 5.8000 -7.5300 2.0367 -0.4767 -1.1033 9.50 2.30 -0.66 121 386 196 175 119 
0.6550 -0.0193 -0.7422 -0.1406 12.19 81.81 -131.75 24.75 3.81 2.80 10.8700 3.3800 3.9700 3.0744 3.6567 4.1367 9.52 -1.74 1.51 141 390 192 182 123 
0.7835 -0.0593 -0.5768 0.2233 323.94 52.81 47.88 -2.20 -2.70 7.63 -10.5800 1.2700 2.0000 -1.6033 2.2944 2.6978 5.55 -6.55 4.72 141 391 203 190 133 
0.7908 -0.2719 -0.4498 0.3137 318.81 33.44 61.75 -3.96 -1.05 3.35 -9.0100 6.7800 -0.5800 -3.6356 -1.0122 -2.5533 6.73 -6.96 1.54 3 394 199 189 132 
0.7250 -0.3503 -0.5918 0.0384 10.94 66.56 81.00 7.53 6.19 -6.93 -2.0200 8.6800 -8.6700 2.6511 0.0900 -5.5700 9.69 0.66 1.34 133 377 200 190 125 
0.7020 -0.0389 -0.6725 -0.2313 32.69 72.50 -83.12 23.04 6.01 -1.29 12.2500 2.8300 1.4100 3.3056 -0.7700 1.9789 9.57 1.82 -1.07 136 363 203 193 123 
0.6613 0.0416 -0.7490 -0.0040 356.75 83.12 178.44 8.28 0.40 3.94 -2.2500 0.0800 3.5700 -1.4422 0.2100 1.1167 9.68 -1.00 -1.14 146 365 202 194 123 
;
