-0.2255 -0.0067 0.1974 0.9540 153.37 4.37 -22.37 0.87 3.78 9.12 0.1100 0.0100 0.0200 0.0322 -0.0489 0.0144 0.78 3.73 9.03 208 373 395 444 243 
-0.2263 -0.0051 0.1996 0.9534 153.25 4.62 -22.62 0.98 3.99 8.84 0.2100 0.2900 -0.2000 -0.0256 0.1811 0.0711 0.74 3.76 9.02 210 383 391 441 243 
-0.2372 -0.0102 0.2031 0.9500 151.00 4.87 -23.75 -0.66 3.85 10.89 -1.8900 -0.4400 2.4100 -0.0978 0.6344 0.2511 0.81 4.00 8.91 209 413 212 230 175 
-0.2751 -0.0309 0.1683 0.9460 147.81 0.00 -14.81 0.12 3.18 15.20 0.5200 2.1500 5.2100 -4.3878 -0.4822 -1.1756 0.75 -0.13 9.77 207 435 192 195 151 
-0.2200 0.0784 -0.1246 0.9644 155.37 6.62 24.69 0.54 -1.53 5.29 -1.7900 4.2600 -4.4500 -3.2656 0.4956 -0.5744 1.06 -6.38 7.36 208 445 215 206 160 
-0.1484 0.1194 -0.3964 0.8981 162.31 5.81 51.69 0.23 -4.20 1.40 -0.7600 2.7700 -4.0600 -0.9233 0.6256 -0.4433 1.03 -8.10 5.41 203 449 220 210 160 
-0.0897 0.1102 -0.4539 0.8796 169.81 6.50 54.13 2.99 -4.08 3.01 3.3900 3.5400 -2.7100 1.5311 0.3689 -0.0844 1.04 -7.22 6.54 206 450 222 215 162 
-0.0823 0.0738 -0.3516 0.9296 167.62 3.31 38.13 5.31 -5.94 11.59 4.1700 -0.3600 4.9000 1.5256 -0.7089 2.3078 0.03 -5.00 8.43 205 448 226 216 161 
-0.2506 0.0522 -0.2438 0.9354 145.25 -2.06 28.81 -4.85 -6.63 16.07 -5.0100 -1.9100 6.9900 -1.9489 -0.1344 2.2467 -1.13 -5.58 7.97 221 464 248 242 191 
-0.4097 0.0715 -0.3463 0.8409 126.25 -11.13 44.63 -5.83 -4.31 7.31 -3.5000 3.5400 0.6800 -2.5300 1.0711 -0.1178 -2.37 -7.96 5.20 270 501 294 284 235 
-0.3538 0.0940 -0.5359 0.7608 132.06 -13.00 67.37 -4.18 -3.54 1.98 -2.2800 5.6500 -1.2200 -0.6689 1.2856 -2.0078 -1.13 -9.33 2.76 264 497 288 280 227 
-0.1734 0.1160 -0.5901 0.7799 161.06 1.94 73.06 2.08 -2.12 1.22 1.8100 7.2600 -1.5200 1.3567 1.6544 -2.2678 1.57 -8.89 3.82 259 495 288 278 226 
0.0267 0.1069 -0.4877 0.8660 187.12 12.75 53.88 12.70 -1.73 6.29 10.7600 4.5800 1.0600 3.8522 -0.2556 0.1378 2.23 -5.85 7.54 260 488 292 280 228 
0.0091 0.1360 -0.2453 0.9598 177.37 17.50 26.25 3.40 -9.93 18.72 -0.9400 -5.0800 9.2800 0.0056 -2.0311 1.6511 3.75 -4.21 8.01 260 491 291 283 226 
-0.1320 0.2545 -0.2230 0.9317 162.31 25.12 34.63 -0.20 -1.39 7.27 -3.9700 4.0800 -0.7500 -1.1778 0.2000 0.8778 3.80 -6.00 6.75 299 448 320 320 285 
-0.2123 0.3027 -0.2685 0.8895 148.44 34.56 42.75 0.93 -2.16 1.95 -6.0500 2.4000 -6.6200 2.8911 -15.7022 -4.2467 9.28 -2.63 -1.71 284 362 385 422 317 
-0.1537 0.9127 0.1911 0.3270 155.31 27.56 172.06 3.18 3.28 -9.92 -3.2100 3.0600 -3.2600 -2.0122 -1.5067 -0.0811 3.31 0.19 -9.22 265 338 354 410 285 
0.0198 0.9637 0.1945 0.1819 156.44 19.31 -169.31 5.39 1.61 -13.11 2.5600 -0.9800 -5.4000 -1.0033 0.6944 -0.9111 3.44 2.82 -8.73 273 362 367 420 290 
0.0917 0.9444 0.2335 0.2126 152.12 21.50 -165.00 7.70 1.63 -16.70 3.9900 0.2600 -9.1500 3.0378 0.1311 0.7989 3.85 0.42 -9.00 272 384 369 399 288 
-0.1401 0.9418 0.2100 0.2219 156.94 33.88 157.06 8.26 -0.82 -11.45 -0.7600 5.3200 -2.7800 6.7033 3.2556 2.6322 6.03 -6.94 -3.39 283 485 425 480 293 
-0.5909 0.7380 0.0612 0.3201 52.88 29.37 91.25 -0.94 -0.66 1.27 -4.9700 7.8500 0.6700 0.3100 0.6333 1.0367 3.95 -8.96 0.39 287 488 438 487 295 
-0.6521 0.6909 -0.0243 0.3113 52.31 23.94 87.31 2.11 -4.89 0.52 -1.8500 4.0000 -0.2600 -0.4844 -0.0367 -0.6489 4.37 -8.77 0.16 285 488 417 405 280 
-0.6111 0.7159 -0.0074 0.3375 56.25 28.69 94.31 2.73 -5.65 -4.21 -2.7200 3.5000 -3.5200 -2.2533 -2.4411 -0.5322 4.71 -8.07 -2.93 197 427 228 242 190 
-0.5127 0.8108 0.1092 0.2604 52.69 34.06 114.62 7.61 -8.18 -5.72 1.8400 -1.8400 -1.9100 1.0044 -1.8978 -1.4656 6.01 -6.93 -3.44 169 445 230 239 184 
-0.5276 0.7755 0.2809 0.2036 38.44 37.50 115.50 12.14 -8.51 -3.31 4.0100 -0.9400 -0.1500 2.3222 -0.3244 0.5822 5.59 -7.73 -2.22 144 432 196 207 150 
-0.6303 0.7032 0.3127 0.1018 15.56 31.75 101.12 3.58 -6.61 -2.17 -0.9200 1.6400 -1.3300 4.4467 0.5900 -1.3922 5.70 -7.96 0.50 145 436 204 211 154 
-0.7067 0.5975 0.3780 0.0242 8.06 33.38 90.81 1.97 -7.87 -0.64 -2.0900 -1.4100 -2.0900 -1.3978 -0.4644 0.0733 5.32 -8.15 -1.11 145 434 205 217 158 
-0.7240 0.6122 0.2896 0.1310 18.50 37.19 84.00 8.17 -5.51 3.02 1.5700 1.9400 1.1000 -2.0622 3.2211 0.0700 5.62 -7.99 0.77 153 425 210 219 159 
-0.6875 0.6569 0.2525 0.1791 33.31 37.13 92.37 5.14 -4.24 1.80 -0.9700 3.7500 2.1500 -2.9978 1.8356 -2.1444 7.14 -6.63 -1.06 179 421 226 241 183 
;
