0.1796 0.1500 0.0253 0.9719 200.94 16.37 -6.12 2.70 0.93 9.29 -0.0700 -0.1600 -0.0200 -0.0211 0.0089 -0.0489 2.76 0.99 9.35 160 311 313 307 199 
0.1830 0.1495 0.0235 0.9714 201.31 16.31 -5.94 2.67 0.76 9.28 -0.0800 -0.1900 -0.0600 0.0100 0.0256 -0.0167 2.73 0.97 9.36 158 311 313 307 199 
0.1806 0.1478 0.0238 0.9721 200.44 15.63 -6.00 5.46 0.70 9.80 5.2400 -1.7200 6.0800 2.1678 3.4778 0.8767 0.74 1.88 9.59 190 417 195 209 169 
0.0918 0.0001 0.0831 0.9923 188.19 2.00 -0.06 2.41 0.51 18.51 -0.9200 1.4300 8.2000 -6.7511 -1.3700 0.3133 1.37 -4.65 8.52 174 421 189 179 143 
0.0174 0.0645 -0.3603 0.9304 182.06 6.81 48.13 -2.91 -3.91 -0.78 -4.3100 3.4000 -6.5000 -1.3800 0.8433 -0.5911 0.98 -8.13 5.38 174 422 193 189 147 
0.0682 0.0235 -0.4766 0.8762 191.19 6.69 55.69 1.10 -2.10 0.02 0.6700 4.9900 -5.5800 1.8300 0.5311 -1.0856 1.51 -7.26 6.41 172 426 195 193 148 
0.1467 0.0283 -0.3590 0.9213 197.62 8.81 36.88 7.34 -3.55 9.78 5.5100 1.7000 1.7400 2.7089 -0.7522 1.0611 1.41 -4.28 8.70 168 427 199 194 149 
0.0470 0.0491 -0.1851 0.9803 180.37 5.19 18.94 -1.80 -5.28 23.08 -2.9700 -2.5100 13.7900 -1.1533 -0.6111 2.7878 0.40 -3.61 9.10 164 423 200 195 149 
-0.1534 0.0458 -0.2425 0.9568 159.25 -0.06 33.56 -5.25 -2.65 12.73 -6.1600 3.8800 3.8500 -3.5211 -0.0778 0.2411 -0.17 -7.54 6.26 163 419 200 196 149 
-0.1555 0.0987 -0.4869 0.8538 161.56 2.50 64.69 -2.29 -2.30 3.64 -2.9900 6.9100 -0.0900 -2.4367 1.1167 -1.5522 1.28 -9.40 2.45 166 423 201 197 150 
0.0076 0.1248 -0.6291 0.7672 187.25 14.56 80.50 1.70 -1.80 -0.83 -0.2900 6.6500 -3.5300 -0.2244 2.6256 -1.9022 3.57 -8.94 1.84 166 421 203 196 150 
0.2399 0.0872 -0.5892 0.7666 218.75 24.94 64.81 13.81 0.57 2.16 11.8300 7.1600 -0.8600 4.1756 1.0844 0.3089 3.58 -6.54 6.35 167 419 202 197 148 
0.2445 0.1007 -0.3333 0.9050 204.56 20.87 32.31 2.83 -11.64 19.64 -2.4600 -6.9100 11.6000 0.8156 -2.4178 2.0311 4.27 -4.71 7.46 166 413 208 198 148 
0.0405 0.2441 -0.2900 0.9245 183.62 29.25 37.38 0.11 -3.49 6.92 -4.2800 2.1600 -0.0800 0.5533 -2.1767 0.6133 5.58 -5.31 6.06 171 386 212 208 150 
-0.0870 0.4750 -0.2167 0.8484 161.25 65.00 62.38 7.02 -0.37 -12.17 1.4700 3.2300 -10.2400 2.4289 -14.8144 -0.5744 6.02 -3.26 -7.01 187 261 322 362 218 
-0.1705 0.9640 0.0474 0.1985 173.37 20.06 162.25 1.44 -0.89 -7.13 -1.4800 1.1300 1.4000 -1.7511 -2.1111 -0.7478 1.99 -1.40 -9.49 201 270 332 358 219 
-0.0198 0.9917 0.1003 0.0776 166.94 8.56 -177.56 4.53 1.05 -12.50 2.7800 0.0200 -3.0800 -1.4689 0.1600 -1.0311 1.55 1.65 -9.53 202 287 330 352 218 
0.0827 0.9773 0.1648 0.1042 159.94 11.00 -167.87 8.49 -0.77 -13.47 8.3200 -3.4300 -5.5500 0.4200 1.1778 0.4244 2.82 1.75 -9.22 202 286 330 346 217 
0.0314 0.9717 0.1462 0.1826 165.25 25.19 -178.44 10.29 4.02 -24.94 2.7000 7.2400 -12.8600 7.1956 7.6700 1.9867 7.88 -4.27 -3.97 209 421 357 412 223 
-0.4407 0.7476 0.0231 0.4965 92.94 45.19 91.31 -6.44 2.05 2.79 -12.4600 9.3100 2.6900 0.4311 1.0978 1.0378 6.11 -7.62 0.86 210 427 364 401 222 
-0.5202 0.6763 -0.0738 0.5162 90.75 38.88 85.50 4.00 -5.42 -0.65 -1.5500 1.7600 -1.1600 -0.7756 -0.3400 -0.6733 6.51 -7.33 -0.09 209 422 332 348 218 
-0.4664 0.7150 -0.0583 0.5176 97.25 44.44 92.94 6.85 -6.44 -0.04 -1.1200 0.1600 0.3100 0.2044 -1.3100 -1.1322 7.37 -6.41 -0.83 190 370 166 181 129 
-0.4095 0.7353 0.0581 0.5369 107.31 60.25 99.12 6.44 -5.65 -0.26 0.3800 -1.2800 -0.1700 1.2122 -0.9578 -2.5022 9.38 -2.64 -1.06 124 383 167 179 128 
-0.3463 0.6924 0.3018 0.5564 119.81 80.00 158.62 5.89 2.87 -2.93 -3.4500 3.6500 -2.4700 -0.0911 -1.6378 -2.5911 9.33 1.28 -2.70 125 393 175 185 130 
-0.2170 0.6578 0.4760 0.5418 136.31 64.06 -143.50 17.88 8.49 -10.32 12.1100 4.6500 -7.1500 3.2767 1.0744 -0.1922 8.96 2.02 -3.41 134 387 198 189 134 
-0.4041 0.5532 0.5551 0.4719 89.56 83.50 179.00 12.37 4.23 1.56 0.6900 4.5400 1.3100 -0.3778 5.4044 2.6567 9.17 -2.20 2.67 144 381 194 193 136 
-0.6537 0.4645 0.2527 0.5413 79.50 52.38 37.94 -5.09 -3.48 5.52 -12.5100 1.0400 0.4900 -2.3444 0.0922 1.3133 6.93 -5.41 4.33 143 385 198 195 138 
-0.6084 0.5745 0.1035 0.5377 87.44 51.63 67.25 -2.21 0.81 -1.00 -9.3000 7.2800 -3.4700 -1.8767 -1.9033 -3.7267 9.08 -3.67 0.35 139 394 204 196 136 
-0.3323 0.6862 0.2578 0.5935 130.62 83.62 179.81 11.49 5.86 -12.25 5.6500 4.6500 -10.4900 2.7578 -1.5067 -3.3722 9.11 2.56 -2.55 141 380 209 195 139 
-0.2530 0.6116 0.5322 0.5278 119.25 66.00 -151.56 16.75 4.80 0.47 5.7100 3.1300 5.3900 1.6722 -0.8356 1.9122 8.79 -0.19 -4.33 143 371 207 194 139 
;
