0.1341 0.2078 0.0165 0.9688 196.12 23.12 -6.06 3.27 0.91 8.67 -0.2300 -0.0400 0.1300 0.5422 -0.4300 -0.2467 4.03 1.44 8.82 173 310 304 290 195 
0.1452 0.2226 0.0483 0.9628 197.00 24.50 -10.00 3.94 1.52 8.71 -0.1200 0.0100 0.0900 0.0622 -0.0300 0.0044 4.08 1.60 8.76 175 309 305 292 194 
0.1434 0.2245 0.0515 0.9625 196.87 24.62 -10.38 4.04 1.54 8.82 -0.1000 -0.0800 0.0700 -0.0133 -0.0122 0.0256 4.10 1.58 8.76 174 322 306 293 191 
0.1415 0.2256 0.0472 0.9627 196.44 25.37 -8.88 5.21 2.08 10.63 1.8400 1.4400 3.5200 -3.0278 0.7544 1.3311 3.95 -0.54 8.95 170 395 195 201 138 
0.1406 0.0544 -0.1885 0.9705 201.31 9.75 29.44 3.84 -1.98 7.95 1.5100 4.1700 -0.6700 -2.7189 2.1800 -3.3956 2.31 -6.02 7.37 168 422 192 199 147 
0.3737 -0.0086 -0.3666 0.8520 228.69 13.69 40.63 5.56 -2.13 0.84 3.1200 3.2500 -5.7500 1.6778 0.2556 0.5556 1.86 -5.53 7.87 170 426 197 204 147 
0.3618 -0.0048 -0.2722 0.8916 221.31 10.50 27.00 6.97 -7.03 14.26 4.2500 -3.8100 6.6600 0.8589 -1.0467 3.1833 1.59 -3.98 8.81 168 426 205 202 150 
0.1494 0.0286 -0.2509 0.9560 192.62 5.69 32.13 -3.45 -7.79 16.01 -4.5100 -0.9900 6.6100 -3.5500 0.5622 1.9056 -0.21 -7.11 6.74 174 432 209 207 149 
0.0237 -0.0587 -0.4734 0.8785 184.31 -5.81 63.19 -5.88 -2.41 7.16 -3.9200 7.3900 2.7300 -3.2289 2.6478 -1.1933 -0.75 -9.64 1.60 169 425 202 209 150 
0.1696 -0.1747 -0.6648 0.7062 213.94 0.81 88.87 1.19 -1.79 -0.07 0.9700 7.8400 -0.1500 0.1767 2.7322 -0.9211 0.89 -9.76 0.19 169 426 209 212 151 
0.3565 -0.2697 -0.6194 0.6453 240.50 3.75 80.81 4.74 -5.49 0.90 4.2600 3.9500 -0.9300 3.6744 1.5756 1.2133 -0.51 -8.91 4.04 170 427 209 212 153 
0.4349 -0.2789 -0.3719 0.7712 236.00 -7.31 48.88 6.58 -6.04 11.09 8.1800 0.7900 4.2000 2.9100 -2.1856 2.8122 -1.37 -5.38 8.07 170 421 212 220 154 
0.2766 -0.1110 -0.2080 0.9316 206.06 -2.12 24.44 -5.10 -6.73 20.94 -7.8100 -1.9300 10.3300 -1.3944 -2.9900 1.9478 1.38 -4.79 8.44 180 407 224 218 161 
0.0388 0.1633 -0.2863 0.9433 182.00 24.94 36.44 -5.42 -0.76 6.12 -14.2400 4.5400 -5.0400 1.8967 -15.4456 -1.4167 8.64 -4.62 0.28 182 241 323 395 233 
-0.1207 0.8471 -0.1866 0.4827 154.94 40.00 157.25 2.71 3.74 -7.86 -4.2900 5.0000 -3.8000 -5.1611 -1.7878 -0.7033 4.89 0.75 -8.46 205 271 317 381 235 
0.1671 0.9317 -0.2268 0.2293 206.69 30.69 -163.56 9.03 2.78 -13.89 4.2000 0.4200 -6.2000 -0.0544 0.8111 -0.2089 5.45 3.11 -7.53 207 300 319 387 237 
0.2115 0.9210 -0.2028 0.2567 204.69 32.94 -162.25 10.65 3.05 -21.98 8.6500 3.1700 -20.4300 3.8989 -0.7800 0.2611 4.78 0.49 -8.54 207 398 353 412 232 
-0.1572 0.9006 -0.1469 0.3777 107.81 43.38 117.50 -3.83 5.62 3.05 -10.5600 11.4300 3.8600 2.5800 2.6967 2.0133 5.55 -7.86 1.86 218 440 375 434 232 
-0.5554 0.5878 -0.1465 0.5696 92.19 28.94 70.44 1.41 -0.94 3.54 -2.9400 6.8500 0.5800 -0.4900 0.4222 0.2300 4.43 -8.27 2.82 216 435 377 434 232 
-0.5323 0.5745 -0.2085 0.5858 97.75 28.06 76.12 0.35 -4.77 1.40 -4.6600 4.5000 -0.4300 -1.5444 -2.5889 -1.8200 5.81 -7.89 0.31 205 279 265 273 212 
-0.4066 0.6919 -0.1179 0.5849 115.25 52.44 87.12 6.48 -1.66 0.92 1.9800 4.3300 0.6300 2.6433 0.6400 -6.0411 9.53 -1.99 1.08 202 287 288 337 213 
-0.2380 0.5665 0.2467 0.7494 150.37 68.12 -40.69 18.39 7.13 7.34 7.4900 4.2700 4.5700 0.2133 -2.7144 1.1944 9.30 2.65 1.57 208 377 344 390 229 
-0.1927 0.6835 0.2536 0.6567 143.19 77.75 160.00 7.28 -0.31 -1.56 -2.5300 1.4600 1.8000 -4.1722 -6.1922 6.8067 6.66 -3.53 -6.26 205 278 292 360 235 
-0.0318 0.9548 -0.2115 0.2064 210.19 19.25 -177.00 -3.06 8.34 -21.29 -3.7600 4.1600 -11.4800 0.1411 0.8178 -0.6300 4.20 1.74 -8.68 210 303 311 369 234 
0.1461 0.9424 -0.2326 0.1906 207.44 26.37 -168.31 5.63 2.63 -6.48 0.3500 1.1900 1.4500 -0.0933 0.0400 0.2511 4.50 1.68 -8.54 210 311 307 376 235 
0.1429 0.9367 -0.2382 0.2131 208.37 27.94 -169.56 4.49 1.65 -11.34 -0.1100 0.8300 -3.9200 2.2700 -1.1411 -0.0922 4.24 0.45 -8.82 217 369 335 402 233 
-0.0383 0.9446 -0.1724 0.2766 196.87 35.00 159.25 5.70 -3.18 -6.09 -1.5000 -0.3800 0.9900 2.3744 3.1200 -0.9622 7.50 -4.02 -4.86 214 324 319 318 223 
;
