-0.0461 0.0770 0.0903 0.9919 174.62 9.25 -10.00 1.64 1.73 9.52 0.0700 0.0500 0.0400 0.0022 -0.0511 0.0122 1.62 1.68 9.52 180 389 378 419 216 
-0.0464 0.0803 0.0905 0.9916 174.62 9.69 -10.00 1.81 1.69 9.56 0.1000 0.0000 0.0400 -0.0078 -0.0156 0.0022 1.68 1.68 9.51 180 385 380 418 215 
-0.0462 0.0829 0.0903 0.9914 174.62 10.00 -10.00 1.85 1.62 9.51 0.1000 -0.0400 0.0000 -0.0311 0.0011 -0.0144 1.71 1.65 9.51 180 388 377 416 216 
-0.0457 0.0822 0.0884 0.9916 174.69 9.69 -9.81 2.12 1.79 9.74 0.4800 0.2200 0.2200 0.0667 0.3567 0.1078 1.48 1.70 9.54 182 387 380 422 223 
-0.0522 0.0688 0.0988 0.9913 173.75 8.63 -11.31 2.32 3.21 9.80 1.2900 1.8300 0.9800 0.4356 -0.4367 0.3444 1.85 2.11 9.39 180 358 356 430 230 
-0.0801 0.1271 0.1248 0.9808 169.25 21.19 -14.19 6.95 1.76 9.14 3.7900 -0.1000 0.2700 3.0467 -5.8422 3.4889 7.16 2.40 6.24 182 350 234 220 165 
-0.2896 0.5101 0.2767 0.7612 124.00 80.37 8.69 20.39 3.59 7.84 9.6600 6.7400 5.7100 -1.7844 8.4733 4.2289 8.10 -3.81 3.99 199 393 189 185 128 
-0.4467 0.3724 -0.1954 0.7897 127.00 14.50 55.19 -9.73 -13.90 -4.82 -4.5800 4.1100 -7.3300 0.0878 0.5611 -0.2533 1.87 -8.81 3.87 216 427 185 183 131 
-0.3373 0.2885 -0.4457 0.7774 135.44 7.31 61.56 -0.38 -5.05 1.84 -1.1600 2.5100 -4.1400 0.7167 0.6156 -0.7356 1.23 -8.24 5.17 206 434 194 191 134 
-0.2885 0.2195 -0.4002 0.8417 141.31 8.00 50.06 11.29 -4.32 5.30 7.9900 1.5400 0.2000 2.8178 -0.7856 1.6411 0.95 -6.20 7.53 200 436 198 195 135 
-0.4401 0.1708 -0.2631 0.8414 121.69 2.31 36.50 -5.31 -10.49 18.80 -5.9300 -3.5100 10.2600 -2.1800 -0.4911 1.5878 -0.21 -6.90 6.96 196 437 201 196 137 
-0.5233 0.2336 -0.3724 0.7300 108.31 -3.44 56.56 -5.11 -4.36 5.16 -4.4100 4.5500 0.0700 -1.9867 1.1311 -0.6067 -0.59 -9.03 3.76 194 434 198 197 136 
-0.4238 0.2897 -0.5068 0.6925 120.81 0.00 72.94 -1.32 -2.79 1.65 -0.7900 6.0900 -1.4900 -0.1978 1.5600 -1.4344 0.70 -9.41 2.64 192 435 203 197 138 
-0.2823 0.2720 -0.5297 0.7521 142.75 7.56 71.50 4.52 -3.28 1.64 4.1600 5.4200 -1.8700 1.4022 1.1844 -1.0500 1.76 -8.72 4.11 192 432 205 199 138 
-0.2009 0.2226 -0.4392 0.8469 152.25 12.06 54.25 10.09 -8.89 7.33 7.6100 -1.8100 1.9800 2.5144 -1.9044 0.8678 2.43 -6.73 6.70 193 432 203 200 139 
-0.3351 0.2736 -0.2770 0.8580 133.69 17.50 43.81 -3.01 -9.51 11.31 -6.1000 -1.5400 3.6000 -0.4044 -1.6456 0.2622 3.60 -6.77 6.10 194 425 214 203 143 
-0.4117 0.3969 -0.2380 0.7850 122.44 27.37 52.19 3.85 -5.50 6.36 0.1100 1.2600 1.5400 0.6967 -9.4689 -0.3100 7.12 -6.58 1.44 202 339 331 348 206 
-0.4938 0.7554 0.0353 0.4293 76.69 38.31 103.81 8.54 -6.58 -5.15 -0.2800 2.3800 -2.8600 -0.0789 0.2233 5.1622 2.40 -9.29 -1.99 143 250 287 311 191 
-0.5853 0.7262 -0.2645 0.2451 42.00 -3.50 101.06 -4.74 -5.70 -3.40 -5.3800 3.1900 -1.8200 0.1122 1.6422 3.0056 -2.66 -9.19 -2.14 121 259 290 302 181 
-0.5950 0.6183 -0.4744 0.1964 35.69 -19.31 103.00 -6.95 -7.70 -1.57 -3.8500 1.6500 -0.1800 -0.4556 -1.3911 -1.6056 -2.50 -9.25 -2.06 126 282 305 312 185 
-0.6088 0.7084 -0.3113 0.1747 28.75 -1.19 101.31 -2.47 -4.23 -8.24 -1.6900 4.4600 -7.6800 -0.2767 -6.4867 -5.5522 2.88 -8.87 -3.01 122 279 305 312 185 
-0.5421 0.7690 0.3387 0.0066 350.31 22.81 120.44 9.98 -2.78 -10.70 5.7500 4.3000 -3.7200 1.3711 -4.0422 -2.9978 3.81 -7.33 -5.27 123 279 305 314 188 
-0.4501 0.5835 0.6552 -0.1664 317.06 23.37 125.87 7.69 -4.95 -3.82 2.9900 2.2000 1.3800 -0.0667 0.2922 0.1089 4.01 -7.28 -5.19 127 280 308 319 192 
;
