0.0187 0.4948 0.2015 0.8452 182.50 55.94 -39.88 8.06 3.53 4.26 -0.0500 0.0400 0.0500 0.0089 -0.0244 0.0011 8.13 3.52 4.20 182 324 310 326 190 
0.0189 0.4956 0.2015 0.8446 182.50 56.00 -40.00 8.13 3.58 4.22 0.0400 0.0500 0.0400 -0.0044 -0.0067 -0.0022 8.13 3.52 4.19 178 327 314 327 190 
0.0174 0.4951 0.2025 0.8447 182.06 56.00 -40.06 8.27 3.55 4.31 0.1700 0.0700 0.1100 0.2200 -0.0167 0.0067 8.13 3.59 4.13 178 324 310 327 189 
0.0101 0.4943 0.2127 0.8428 181.44 55.94 -41.19 8.60 3.93 4.00 0.2300 0.1600 -0.1100 -0.1333 0.2678 -0.0133 8.05 3.58 4.30 183 324 308 327 192 
0.0132 0.4844 0.2068 0.8499 181.75 54.75 -39.00 8.21 3.57 4.37 0.7000 0.2500 0.0000 -0.0522 0.1611 0.0922 7.99 3.47 4.48 178 335 299 304 192 
-0.0005 0.4668 0.1641 0.8690 180.37 50.00 -19.94 9.23 4.73 13.19 -5.3500 1.5100 6.7000 -6.2433 4.6967 -0.2067 4.61 -1.24 8.56 173 409 189 185 135 
0.1377 0.1459 -0.2407 0.9496 201.87 16.37 32.69 3.95 -3.00 1.03 1.7900 2.8900 -7.5200 -1.8300 2.4978 -1.6767 1.96 -6.12 7.39 171 422 198 191 143 
0.3102 -0.0184 -0.3426 0.8866 218.50 9.19 37.38 9.89 -4.40 7.26 7.9500 0.0000 1.0400 1.0967 -0.5722 1.8311 1.22 -5.32 8.14 165 425 200 199 145 
0.1987 -0.0084 -0.2941 0.9349 199.50 4.50 35.94 -2.80 -10.04 15.65 -3.9300 -2.9100 6.7400 -2.6467 0.1133 2.0444 -0.37 -7.29 6.54 169 431 207 198 146 
0.0548 -0.0865 -0.4608 0.8815 187.31 -7.62 60.13 -5.81 -5.23 6.59 -4.3600 4.0300 2.1700 -2.1356 1.9300 -0.7111 -1.51 -9.16 3.15 171 425 202 203 152 
0.1377 -0.1833 -0.5924 0.7723 204.81 -5.00 79.12 -1.80 -1.89 2.30 -0.6200 7.4600 0.3100 -0.9611 1.8467 -1.2756 -0.06 -9.75 0.99 170 424 201 201 150 
0.2806 -0.2368 -0.6347 0.6799 228.37 3.00 85.19 2.61 -4.20 0.46 2.1400 5.1200 -0.9300 0.5589 1.7878 -0.5189 0.80 -9.69 1.23 169 421 204 208 151 
0.3932 -0.2676 -0.5735 0.6669 242.31 5.44 74.81 8.10 -6.71 -0.20 7.2300 2.1100 -3.5400 3.3067 0.3489 0.3156 0.68 -8.62 4.61 174 419 207 211 152 
0.4370 -0.1823 -0.3873 0.7911 234.31 2.06 44.38 5.70 -7.11 14.38 3.8200 -1.5700 7.9000 2.0944 -2.0511 2.4700 0.40 -5.44 8.14 171 412 210 214 156 
0.2797 -0.0466 -0.2717 0.9196 209.75 4.75 31.87 -4.92 -6.59 12.82 -6.0000 -0.5800 3.5900 -0.3944 -1.1389 0.8111 1.24 -5.47 8.04 172 409 211 211 154 
0.1736 0.0228 -0.3046 0.9362 199.44 8.56 34.50 1.11 -2.16 7.70 -0.6000 2.8100 -0.2900 0.0322 0.8033 1.5244 0.54 -5.51 8.09 140 366 204 204 143 
0.0275 0.0809 -0.2433 0.9662 175.87 25.25 25.81 4.51 -3.42 6.38 0.4100 -0.3700 -0.6300 1.7589 -10.6111 0.2889 8.95 -3.15 2.46 113 341 212 200 138 
-0.1741 0.7127 -0.0491 0.6777 149.31 71.31 109.87 1.63 -0.03 -3.27 -9.8700 1.8500 -3.5800 -0.2744 -0.1489 -2.9567 9.62 -1.17 -1.44 120 358 207 200 137 
-0.0692 0.7537 0.1311 0.6403 169.12 77.75 -147.12 22.79 3.87 -7.71 14.1100 1.6700 -5.6400 2.3489 -0.2611 0.0578 9.43 1.43 -2.23 123 354 205 205 140 
-0.1876 0.7197 0.2551 0.6179 137.06 84.50 177.94 13.67 1.92 0.25 2.6800 2.9300 0.5500 1.4467 4.0989 2.7122 9.29 -2.29 2.12 141 359 203 200 145 
-0.4501 0.5288 0.1199 0.7095 115.44 52.13 29.62 -1.03 -2.58 8.58 -9.0400 0.1200 2.4500 -1.3689 3.4211 -0.2267 5.84 -3.17 7.21 141 363 206 202 143 
-0.4423 0.3696 -0.0430 0.8161 123.69 35.38 32.56 -1.47 -0.87 2.80 -7.8900 4.2800 -3.6500 -1.6056 -1.8822 -1.4489 7.02 -4.51 5.13 135 383 209 202 143 
-0.3134 0.5272 -0.0536 0.7880 142.50 58.13 43.31 8.97 2.54 -3.35 1.5600 5.4100 -6.7600 -0.7978 -1.6644 -2.6500 9.38 -1.71 2.27 129 375 207 203 140 
-0.1201 0.6473 0.0513 0.7509 163.75 83.31 1.56 14.34 2.87 -3.34 5.3100 2.6800 -4.6200 0.7633 -1.6467 -0.8500 9.79 0.41 -0.09 134 362 216 208 142 
-0.1257 0.7276 0.1349 0.6608 152.56 81.81 152.69 15.52 -1.43 1.55 5.4400 -0.1000 4.0800 1.7556 0.0944 2.0333 9.43 -2.36 -1.24 130 345 214 205 142 
-0.2869 0.7358 0.0892 0.6068 128.12 68.62 104.75 8.53 -1.61 1.48 -0.2900 1.9000 0.9900 -2.5678 1.7211 0.7756 8.92 -4.01 -0.67 137 246 243 234 167 
-0.2267 0.7350 -0.1022 0.6309 145.00 58.25 102.81 15.25 -6.35 -8.49 5.2100 2.1600 -3.3000 -2.8033 3.6389 5.8522 5.69 -7.97 -0.23 124 207 249 267 172 
-0.2349 0.4293 -0.5620 0.6668 135.50 7.37 91.00 -5.53 -4.16 -0.40 -8.8700 4.6000 -0.6000 -1.7000 1.5567 3.7522 -1.91 -9.51 -1.37 120 209 235 241 152 
-0.3382 0.2266 -0.7177 0.5650 117.06 -12.81 97.44 -2.07 -7.62 0.24 -0.0900 1.8700 1.5700 0.0678 -1.8222 -0.7044 -1.79 -9.59 -0.93 126 221 236 241 149 
-0.3912 0.3184 -0.6693 0.5455 106.62 -9.44 96.44 -6.27 -8.40 -2.06 -5.1800 1.6900 -1.3800 -0.7844 -3.3611 -3.7911 0.31 -9.68 -1.48 134 235 257 261 160 
-0.4001 0.6437 -0.4429 0.4790 95.50 22.69 108.50 5.74 -2.73 -16.24 5.7600 6.2400 -11.6100 2.4656 -9.8111 -4.9689 4.38 -7.01 -5.26 139 231 259 258 160 
-0.4589 0.8598 0.1423 0.1730 35.06 24.69 123.69 7.10 -4.66 -2.12 1.8500 2.0100 2.8900 0.2033 -0.1989 -0.2644 4.12 -7.50 -4.78 142 233 258 263 163 
-0.4797 0.8420 0.2036 0.1395 32.94 25.81 124.25 5.58 -6.63 -5.03 1.5900 0.8700 0.6700 0.0267 0.4056 -0.2933 4.55 -7.19 -4.86 145 243 266 275 172 
-0.4731 0.8394 0.1927 0.1858 50.63 31.62 123.94 7.61 -1.58 -3.36 0.7200 5.1000 0.2300 -1.8756 5.9811 0.4389 6.59 -6.49 -3.23 154 246 266 274 178 
-0.3974 0.7303 -0.0325 0.5547 124.50 55.50 71.69 2.69 -6.07 -1.82 -4.0600 -1.3700 -3.4900 3.2756 4.0378 -6.3711 7.55 -0.31 6.23 172 294 304 296 189 
-0.1341 0.3508 0.1275 0.9180 166.56 39.88 -14.69 9.02 1.78 9.07 3.5000 -0.3700 1.5100 -0.2989 -3.3922 -0.4056 7.54 2.12 5.90 176 309 307 304 192 
-0.0468 0.4550 0.1235 0.8807 175.56 55.38 -16.12 8.84 0.83 5.03 0.5900 -0.5100 -0.0400 -0.9389 -0.9767 -0.0278 8.43 1.18 4.85 175 304 304 298 189 
-0.0010 0.5137 0.0655 0.8555 180.25 62.88 -13.81 9.69 1.26 4.40 0.8300 0.0900 0.0100 0.1300 -0.4122 -0.0033 8.89 1.09 3.97 176 303 304 300 189 
;
