0.8573 0.0107 -0.4539 -0.2426 31.56 50.56 -22.06 7.52 2.26 5.86 -0.0400 -0.0500 0.0900 0.0011 -0.0078 -0.0178 7.58 2.34 5.76 188 349 343 364 213 
0.8566 0.0104 -0.4545 -0.2439 31.75 50.69 -22.19 7.61 2.28 5.73 0.0000 -0.0500 0.0400 -0.0056 -0.0167 -0.0200 7.59 2.35 5.73 184 350 345 365 211 
0.8557 0.0100 -0.4559 -0.2444 31.94 50.81 -22.25 8.42 2.83 5.99 2.4800 1.0100 1.3500 -0.8478 0.1333 0.6456 7.52 1.82 6.01 193 392 250 258 190 
0.8892 -0.0964 -0.3310 -0.3010 40.63 32.25 7.50 2.60 0.78 13.69 -0.1700 4.2500 5.2900 -8.4156 4.1556 -0.9133 2.62 -5.79 7.46 196 420 186 187 128 
0.7608 -0.4126 0.1492 -0.4782 71.44 7.69 55.88 2.58 -5.27 -1.70 1.5700 2.9700 -7.5200 -1.3533 3.7556 -1.4678 0.83 -8.63 4.57 188 425 194 192 131 
0.5845 -0.3679 0.3351 -0.6409 98.19 4.19 56.38 8.56 -2.52 1.66 9.8400 5.3200 -2.3500 2.8822 -0.0233 0.7811 0.35 -6.86 6.98 187 429 205 198 136 
0.6751 -0.2312 0.2258 -0.6631 82.81 -1.06 35.44 -3.16 -9.85 21.72 -5.1300 -3.3800 11.9000 -2.3556 -0.9000 3.1944 -1.17 -6.64 7.11 184 425 210 200 138 
0.7798 -0.3220 0.2989 -0.4459 58.38 -11.75 56.00 -7.83 -3.85 5.67 -5.8000 4.6100 0.4000 -2.2722 1.9600 -0.9533 -2.10 -8.86 3.62 178 423 210 202 140 
0.6602 -0.4133 0.4210 -0.4649 74.94 -7.94 73.37 -1.65 -1.31 -0.82 0.5300 7.3200 -3.8200 0.8333 1.7200 -1.9233 -0.40 -9.31 3.03 181 423 214 203 140 
0.5585 -0.3688 0.4042 -0.6234 98.69 1.00 62.25 11.73 -3.51 4.02 11.7300 4.2600 0.5500 3.7122 -0.5667 1.1844 -0.17 -7.28 6.56 183 421 216 207 145 
0.6877 -0.2391 0.2423 -0.6412 80.50 -0.81 37.19 -4.51 -11.49 17.16 -5.4500 -4.3900 7.0900 -0.9611 -1.5100 1.2178 0.26 -6.23 7.56 181 420 217 206 143 
0.7723 -0.3105 0.1832 -0.5230 67.87 2.87 43.13 -3.22 -5.19 5.22 -3.5500 1.3400 -1.7400 1.1144 -3.4044 0.7378 1.67 -6.30 7.32 183 414 197 186 130 
0.8339 -0.3761 -0.0969 -0.3921 40.56 41.13 40.69 11.37 -3.13 2.78 4.5200 -0.3300 -1.2300 2.4644 -8.8411 1.5689 8.54 -4.75 0.69 200 423 201 184 129 
0.6740 -0.3719 -0.6380 -0.0181 3.25 61.19 108.62 -0.58 -3.41 -6.48 -7.7100 0.5200 -5.3900 -0.4800 -1.4456 -3.1389 9.13 -2.27 -2.74 198 421 192 182 132 
0.5865 -0.2496 -0.7614 -0.1185 21.25 73.50 160.12 26.63 -2.07 -3.81 11.8800 1.2100 0.8800 2.3456 2.0711 2.4500 9.44 -2.46 -0.91 142 421 195 188 134 
0.7163 -0.2308 -0.6575 0.0354 352.06 63.81 75.69 1.27 -2.66 4.40 -7.0000 2.5800 3.5600 0.1467 2.1233 0.6778 8.14 -4.76 2.67 129 422 199 187 135 
0.7991 -0.2717 -0.5330 0.0599 352.37 55.75 62.69 -1.01 -0.27 2.80 -9.8200 4.6600 -0.4700 -1.7311 -1.4444 -1.3433 8.72 -4.35 1.00 123 423 202 187 134 
0.6996 -0.3051 -0.6431 -0.0627 15.25 73.56 106.00 11.59 -0.85 -12.44 4.8700 0.0100 -10.7200 0.9244 -2.0356 -1.2633 9.38 -1.56 -2.37 121 424 205 188 135 
0.5948 -0.2271 -0.7693 -0.0533 5.56 68.75 142.87 14.81 -2.23 2.87 4.6100 0.4200 5.6100 0.3311 -0.4589 0.9678 8.87 -2.84 -3.04 120 424 210 189 135 
0.5902 -0.2413 -0.7703 0.0079 358.81 64.81 135.75 5.86 -3.51 -3.76 -3.0600 -0.6800 -0.9400 0.0711 -0.0367 -0.2767 8.89 -2.75 -3.07 120 422 224 204 152 
;
0.5952 -0.2208 -0.7724 -0.0181 9.50 73.37 140.94 11.28 -0.59 -1.58 3.0000 0.6500 -1.0100 -1.6522 8.2089 -2.0178 9.27 -0.14 3.17 162 351 285 358 139 
0.8301 -0.1024 -0.5124 -0.1948 25.75 60.69 -5.44 10.03 2.24 7.89 2.6400 1.3000 2.5600 0.4211 0.2589 -0.0178 8.25 0.75 5.23 170 332 327 397 203 
0.8560 -0.0481 -0.4799 -0.1863 24.12 56.75 -8.94 6.30 0.65 5.60 -1.9100 -0.4600 0.2700 -0.1722 -0.2911 0.1278 8.24 0.66 5.26 172 344 338 395 209 
0.8524 -0.0632 -0.4856 -0.1832 24.31 58.50 -7.94 8.94 0.84 5.44 0.4000 0.0700 0.4500 -0.2400 0.0922 0.1144 8.23 0.53 5.29 178 380 270 297 207 
0.8681 -0.1186 -0.4229 -0.2314 35.88 41.13 9.19 7.04 0.80 15.36 -1.6600 1.1400 6.7500 -7.6389 6.5556 -0.5956 2.46 -5.45 7.76 200 423 188 193 131 
0.7617 -0.3820 0.1817 -0.4908 71.62 3.75 53.31 3.01 -4.97 -1.26 3.1100 3.4600 -7.0300 -1.5678 4.0678 -1.5389 -0.08 -8.69 4.52 202 432 194 203 140 
0.5659 -0.3311 0.3881 -0.6476 99.56 -1.25 59.69 4.97 -2.68 0.43 5.6900 5.3700 -4.5300 2.0711 0.1511 0.4900 -0.55 -7.61 6.15 196 431 198 206 141 
0.6397 -0.2222 0.3002 -0.6718 87.81 -5.37 39.50 0.86 -10.22 20.76 0.5600 -4.6900 13.7100 -0.7756 -1.8422 3.1500 -1.15 -5.95 7.70 190 430 206 208 140 
0.7858 -0.2712 0.2680 -0.4869 60.00 -10.69 48.94 -8.31 -5.86 7.23 -6.4400 2.6400 0.8300 -2.5867 1.0078 0.1344 -2.37 -8.34 4.56 180 429 208 207 142 
0.7007 -0.3893 0.4145 -0.4308 67.56 -13.25 72.00 -4.19 -1.79 -1.04 -2.2000 7.6400 -3.8200 0.3656 2.1767 -1.9833 -1.26 -9.39 2.50 180 428 204 209 139 
0.5471 -0.3732 0.4587 -0.5924 99.56 -1.37 69.87 7.01 -3.26 0.43 7.4600 5.5200 -2.8900 3.1378 1.4067 -0.8011 0.00 -8.33 5.16 183 428 214 210 143 
0.5333 -0.2367 0.3405 -0.7374 105.06 -1.00 44.13 6.98 -9.81 15.35 6.1800 -4.1900 7.1600 1.5300 -3.0222 2.3922 0.33 -5.79 7.90 183 423 216 210 143 
0.7164 -0.2598 0.1626 -0.6268 77.69 7.44 35.69 -7.47 -8.07 10.34 -7.3500 -0.3100 1.7300 0.9100 -4.6911 1.1022 3.13 -5.45 7.51 162 401 188 198 134 
0.7931 -0.3745 -0.0972 -0.4704 57.56 41.00 36.44 8.56 -3.26 0.15 0.3100 -0.1800 -4.8100 2.4256 -9.2356 0.4833 9.01 -3.85 0.29 115 396 197 184 130 
0.6312 -0.4427 -0.6254 -0.1197 18.69 62.56 118.62 0.43 -1.80 -2.31 -7.6700 2.0000 -0.5700 -0.3878 -1.4622 -2.3289 9.05 -2.27 -3.00 111 399 203 185 127 
0.5527 -0.3377 -0.7391 -0.1848 37.13 72.31 169.50 33.45 -1.59 -8.67 18.7900 -0.1400 -1.1600 2.9022 4.0689 1.8278 9.68 -1.52 0.23 119 408 216 189 123 
0.7750 -0.2463 -0.5762 -0.0822 9.63 62.25 49.56 -1.56 -2.92 5.16 -11.6100 1.4900 1.2900 -0.8922 1.0644 1.7844 7.59 -4.92 3.77 121 406 216 188 127 
0.8159 -0.3544 -0.4551 -0.0402 7.50 52.63 62.56 -1.73 0.22 -0.16 -9.1200 5.3300 -2.9100 -1.1922 -1.6733 -3.1789 8.96 -3.79 1.20 120 407 215 191 129 
0.6974 -0.3138 -0.6128 -0.1989 35.88 86.06 3.37 20.65 2.92 -5.65 10.4200 2.0400 -5.0800 2.8178 -1.1667 -1.1967 9.75 0.99 -0.31 133 391 202 196 133 
0.6791 -0.1078 -0.7136 -0.1341 15.63 87.31 178.94 9.35 1.39 5.67 -2.5100 1.7800 6.5400 -0.3889 0.3478 1.1533 9.74 -1.09 -0.17 158 298 227 228 164 
;
