-0.6466 0.2222 0.5710 0.4543 70.25 70.00 -43.25 9.25 2.61 2.40 0.0700 0.2600 -0.0800 0.0178 -0.0011 -0.0333 9.20 2.34 2.42 209 383 363 384 234 
-0.6441 0.2198 0.5729 0.4568 70.75 69.81 -44.25 9.19 2.36 2.54 0.0300 0.0000 0.1600 -0.0100 -0.0144 -0.0322 9.20 2.37 2.41 208 382 352 383 233 
-0.6425 0.2194 0.5734 0.4586 71.12 69.56 -44.94 9.21 3.38 3.00 0.3400 1.1100 0.6800 -0.1344 0.1089 -0.2222 9.14 2.48 2.53 209 363 343 349 225 
-0.6337 0.2504 0.5174 0.5178 82.69 63.69 -24.87 8.79 4.31 12.19 -0.2200 1.8100 5.1600 -8.0867 4.2322 -0.5433 6.58 -1.43 7.12 214 429 195 198 138 
-0.5109 0.2910 -0.0506 0.8073 121.50 19.87 31.56 6.09 -2.90 5.53 2.6600 2.3700 -2.5700 -3.7544 2.9533 -1.8544 2.61 -6.66 6.70 216 440 204 211 147 
-0.2646 0.2531 -0.3632 0.8568 149.44 13.75 54.50 2.52 -3.65 1.57 0.9800 4.7400 -3.3100 -0.6367 1.4189 -0.8633 2.32 -8.02 5.13 213 443 208 216 150 
-0.1479 0.2110 -0.4305 0.8650 160.87 13.63 54.69 6.08 -2.66 2.31 3.5700 3.8600 -3.5900 1.8189 -0.3189 0.5044 2.08 -7.15 6.37 207 441 208 220 151 
-0.2158 0.1846 -0.3312 0.8998 149.12 9.69 39.94 4.80 -7.06 13.41 2.6600 -2.4200 6.8400 1.5756 -1.4844 2.2322 1.44 -5.32 8.10 201 442 215 221 152 
-0.4048 0.1963 -0.2187 0.8659 125.50 9.63 35.06 -1.54 -8.45 16.36 -4.5100 -1.8700 7.8800 -2.2600 -1.0300 1.8367 1.36 -7.09 6.63 198 438 215 222 154 
-0.4949 0.3079 -0.3393 0.7383 112.19 6.37 57.00 -3.76 -4.75 6.20 -4.6600 4.1500 0.7500 -2.1822 0.8878 -0.3744 0.99 -9.01 3.72 192 439 215 225 155 
-0.3989 0.3499 -0.4700 0.7054 124.62 7.62 73.31 -0.73 -3.84 1.44 -1.6500 5.3400 -1.3700 -0.3967 1.7967 -1.1156 1.73 -9.30 2.57 193 440 214 226 155 
-0.2609 0.3051 -0.5131 0.7587 145.75 11.63 70.94 3.63 -2.48 1.32 2.2200 4.6600 -2.5800 1.9944 1.8322 -0.9000 2.02 -8.46 4.52 194 437 219 228 156 
-0.1792 0.2036 -0.4137 0.8691 156.44 11.81 48.94 12.84 -5.26 11.39 8.5200 -1.1700 5.7400 2.6467 -1.8522 1.4422 2.22 -5.86 7.53 192 430 220 227 156 
-0.3257 0.2398 -0.2236 0.8868 134.94 17.94 35.38 -3.62 -11.26 10.87 -6.5600 -4.7700 2.3300 2.5533 -5.3511 1.9044 4.88 -4.87 6.96 160 387 183 201 136 
-0.5427 0.4707 0.0508 0.6938 93.06 54.00 46.50 18.91 -3.97 2.64 9.9000 -0.5100 -0.8500 2.8356 -1.0011 1.9022 8.03 -4.75 3.01 136 206 192 190 130 
-0.7286 0.4734 0.2195 0.4436 57.31 43.13 42.75 6.67 -3.18 1.74 0.1600 1.9200 -3.5500 2.9656 1.5522 2.4789 4.96 -4.39 7.22 146 202 194 188 133 
-0.9034 0.2706 0.1326 0.3049 33.19 20.69 24.19 0.04 0.92 7.65 -3.7700 4.5000 -0.2300 1.1778 1.2844 1.0389 2.35 -3.20 8.96 155 199 189 189 132 
-0.9560 0.1808 0.0662 0.2213 24.81 11.94 19.06 2.12 -1.71 7.86 -0.5600 1.5200 -0.5900 -0.2589 0.1933 -0.0344 2.00 -3.36 8.99 155 200 199 193 136 
-0.9500 0.2167 0.0428 0.2208 27.94 9.00 24.87 3.22 -2.43 8.36 2.4700 1.4500 -0.3400 -1.6567 1.8344 -1.5422 0.86 -5.01 8.38 149 216 202 200 140 
-0.8862 0.2918 -0.0892 0.3487 47.44 -0.37 39.00 0.74 -9.25 4.37 1.2900 -2.2300 -2.6900 -0.9633 3.8444 -1.1100 -1.49 -6.93 6.76 148 214 207 203 144 
-0.7879 0.2913 -0.2873 0.4603 62.13 -11.00 47.69 -3.96 -7.85 6.82 -1.4100 -0.3000 0.1500 -0.1967 -0.3644 -0.2200 -1.67 -7.28 6.34 152 222 206 205 145 
-0.7774 0.3186 -0.2729 0.4687 61.94 -4.75 49.69 -2.80 -5.22 2.47 -2.7000 2.2100 -4.9300 -0.2600 -2.7867 -1.3144 1.32 -7.55 6.11 176 303 221 235 172 
-0.7697 0.4351 -0.0381 0.4657 65.69 28.56 45.00 9.78 -2.30 2.34 4.6000 2.5400 -3.2500 3.0400 -0.5956 -3.6411 6.40 -3.12 6.73 204 324 297 305 200 
;
