0.7575 -0.1783 -0.4653 -0.4218 58.75 57.75 -6.94 10.04 3.81 8.44 2.0000 3.8300 2.6000 -3.7456 0.8589 1.5278 7.86 -1.64 5.61 189 349 336 356 221 
0.7587 -0.3876 -0.2504 -0.4598 63.19 42.88 40.56 7.91 -1.44 2.28 1.8300 4.1500 -3.1600 -4.7978 2.4478 2.3044 4.80 -7.45 4.18 181 347 344 363 218 
0.6700 -0.5754 0.1257 -0.4519 69.06 15.69 76.12 2.41 -5.42 -1.83 -0.1100 3.5300 -4.5100 -3.2900 2.1300 2.0878 0.74 -9.77 -0.19 177 347 338 370 217 
0.5279 -0.6034 0.4481 -0.3956 74.19 -1.62 100.06 -3.03 -8.85 -7.14 -2.4400 0.3600 -4.9100 0.2022 0.1767 0.4922 -0.72 -9.59 -1.89 174 338 340 369 217 
0.5206 -0.5720 0.5025 -0.3865 73.19 -4.12 96.94 -2.03 -8.90 -4.76 -0.5200 1.0600 -4.6200 2.7133 -0.4978 -0.8644 -0.04 -9.75 0.99 179 336 342 377 223 
0.6515 -0.4742 0.3145 -0.5018 74.94 7.44 56.63 1.43 3.27 -5.97 -0.2400 12.0300 -10.6800 10.0233 -3.2244 -2.1922 3.81 -2.26 8.74 192 366 334 408 227 
0.7873 -0.1100 -0.2457 -0.5547 68.06 35.25 -13.25 12.99 9.67 17.10 4.7500 5.2700 8.0200 0.5711 -0.8544 0.1644 6.35 2.59 7.00 191 364 353 405 226 
0.7791 -0.0825 -0.3666 -0.5018 65.94 40.75 -16.06 5.87 1.81 6.48 -0.3600 -0.4000 -1.3900 -1.0878 0.1333 0.0700 6.38 1.36 7.31 188 361 353 403 228 
0.7781 -0.1387 -0.3227 -0.5208 67.37 40.81 -8.94 6.60 0.52 4.82 -0.1400 -0.3900 -2.0100 0.8344 -0.7256 0.3278 6.74 1.43 6.96 182 349 341 377 225 
0.7747 -0.1337 -0.3950 -0.4753 62.19 49.69 -16.31 7.92 2.18 6.11 -0.5700 0.9100 1.8600 0.2733 -0.1556 0.0167 7.63 1.93 5.83 179 349 346 392 225 
;
0.7630 -0.1385 -0.4381 -0.4547 61.88 52.63 -18.00 7.50 1.81 5.07 0.0600 0.0400 -0.2000 0.0122 0.1556 -0.0756 7.71 1.88 5.74 180 346 343 388 227 
0.7625 -0.1360 -0.4323 -0.4618 62.38 51.56 -17.94 7.43 1.93 5.49 -0.2600 0.0400 -0.1400 -0.0200 0.0311 -0.0111 7.66 1.87 5.82 184 342 342 386 226 
0.7621 -0.1366 -0.4292 -0.4650 62.75 51.38 -17.75 8.60 2.46 6.86 1.2800 0.7900 1.6400 0.2022 0.0856 0.0067 7.63 1.89 5.85 186 356 338 387 226 
0.7694 -0.1611 -0.4156 -0.4575 59.75 53.38 -4.19 14.60 4.40 10.48 4.6200 5.1400 2.4300 -4.0700 2.2833 2.7133 7.05 -2.82 6.19 187 362 345 401 225 
0.7955 -0.4085 -0.1447 -0.4235 55.44 28.81 48.81 5.43 -2.72 1.20 1.3600 3.5500 -4.6400 -3.7567 5.8589 2.5711 1.35 -8.70 4.30 184 363 348 404 227 
0.6640 -0.4840 0.3677 -0.4355 70.44 -7.81 82.94 0.70 -6.10 -6.47 2.2000 3.5200 -6.7900 -2.8956 3.5578 0.6311 -1.81 -9.49 -1.67 174 352 351 412 223 
0.4548 -0.4742 0.6331 -0.4094 84.00 -10.63 104.19 -2.09 -8.21 -10.30 -0.2400 1.7000 -8.8900 3.4822 -1.9733 -0.7222 -1.49 -9.69 0.00 169 333 343 390 226 
0.6191 -0.4359 0.4175 -0.5024 76.69 0.62 62.63 2.62 1.19 -6.27 2.8500 9.8900 -10.4400 9.2200 -3.5511 -1.9167 3.01 -3.89 8.48 163 385 349 423 227 
0.7758 -0.1363 -0.1832 -0.5882 74.06 28.56 -7.62 10.12 7.22 14.14 6.3600 4.1100 4.6500 1.6589 -0.9711 -0.0811 5.58 2.49 7.66 152 382 361 422 228 
0.7629 -0.0662 -0.3370 -0.5477 70.37 37.50 -20.00 6.13 2.66 7.90 -0.6800 -0.3000 0.6300 0.2589 -0.4489 0.2389 6.40 2.74 6.90 153 384 365 418 228 
0.7609 -0.0752 -0.3879 -0.5146 67.94 42.56 -23.37 6.74 2.57 7.39 0.1300 -0.3300 0.8200 0.1622 -0.3033 0.0400 6.76 2.93 6.45 160 378 358 417 232 
;
0.7564 -0.0777 -0.4088 -0.5047 67.25 44.25 -23.75 6.93 2.37 7.13 -0.0800 -0.5800 0.3100 -0.1933 -0.1244 0.1178 6.92 2.65 6.41 159 382 359 414 229 
0.7574 -0.0972 -0.4097 -0.4990 66.37 46.38 -22.06 6.81 1.47 5.17 -0.2000 -0.7600 -0.3000 0.5400 -0.4956 0.1767 7.34 2.65 5.93 163 370 357 406 229 
0.7515 -0.0905 -0.4535 -0.4705 63.94 50.56 -26.81 7.54 2.49 6.46 -0.0200 -0.3300 0.6800 0.0244 -0.3744 0.0767 7.74 2.71 5.36 168 364 356 388 231 
0.7465 -0.1018 -0.4638 -0.4662 63.81 51.25 -27.00 11.77 5.95 10.28 4.2100 3.6800 5.4500 -2.0678 0.1122 1.2444 7.67 1.60 5.88 179 366 346 396 232 
0.7739 -0.2440 -0.3715 -0.4511 59.38 49.50 16.75 8.67 2.01 3.77 0.6700 4.0700 -2.9000 -4.9678 2.5433 3.1122 5.50 -5.67 5.79 173 353 351 386 228 
0.7705 -0.4888 0.0058 -0.4092 56.69 15.50 60.31 -0.40 -6.02 -1.05 -2.8000 2.0500 -5.3400 -3.0878 4.9856 1.3378 0.06 -9.33 3.01 172 345 347 392 226 
0.6126 -0.4701 0.4291 -0.4686 80.44 -6.25 82.12 -1.45 -9.07 -1.92 0.9400 0.8800 -2.6100 -0.6600 1.2167 0.0933 -1.24 -9.70 0.60 174 349 351 398 226 
0.5151 -0.4221 0.5479 -0.5063 90.06 -8.00 87.69 -0.79 -9.19 -0.40 0.5400 0.4600 -0.8900 -0.1033 0.4167 -0.0478 -1.34 -9.71 0.27 172 343 354 400 228 
0.5070 -0.4196 0.5499 -0.5144 88.94 -6.44 85.31 1.31 -8.77 -9.32 2.4900 1.2200 -10.8000 4.6722 -1.6889 -0.2467 -0.62 -9.06 3.67 177 340 348 334 218 
0.6956 -0.3286 0.2457 -0.5898 78.31 7.75 34.63 4.60 7.53 6.25 2.9400 11.5600 -1.9900 6.9678 -3.2578 -0.1167 3.69 -0.16 9.08 183 349 346 371 225 
0.7930 -0.0661 -0.2537 -0.5499 68.31 31.25 -16.12 8.36 6.47 14.64 0.6500 2.8400 5.9600 0.8589 -0.6133 0.3167 5.50 2.95 7.55 179 351 354 379 226 
0.7893 -0.0336 -0.3422 -0.5087 65.87 35.06 -21.00 5.88 1.99 7.15 0.3100 -0.7100 -0.1900 -0.1911 0.1500 0.0000 5.61 2.73 7.55 180 353 355 379 226 
;
0.7876 -0.0457 -0.3350 -0.5151 66.37 35.13 -19.19 5.67 2.10 6.89 0.0100 -0.6700 -0.7500 0.1511 -0.1933 0.0833 5.75 2.66 7.48 182 361 354 377 226 
0.7837 -0.0497 -0.3611 -0.5029 64.75 40.06 -23.12 6.23 2.33 6.58 -0.3200 -0.3900 0.3900 1.0867 -1.7256 0.2733 7.17 3.34 5.78 177 357 355 369 226 
0.7544 -0.0591 -0.4631 -0.4614 63.06 49.31 -31.56 8.33 3.17 4.93 1.3500 -0.0300 -0.1900 0.1211 0.2744 -0.1411 7.31 3.49 5.51 179 358 344 382 232 
0.7617 -0.0344 -0.4510 -0.4639 61.44 44.75 -29.12 8.87 8.33 11.06 3.3600 5.8300 4.0100 -2.4644 -2.0411 4.2233 8.07 0.01 5.56 188 368 345 378 230 
0.8189 -0.2881 -0.3495 -0.3525 45.75 43.81 33.00 3.07 -0.33 1.49 -2.4900 3.4700 -4.3000 -4.7989 3.4244 2.4733 3.85 -7.48 5.03 184 359 353 399 227 
0.7336 -0.5143 0.1470 -0.4192 66.75 8.25 70.12 1.63 -7.25 -3.31 0.8800 2.3700 -6.3800 -3.5178 3.6422 -0.0144 0.73 -9.72 0.99 176 363 357 418 227 
0.5173 -0.5303 0.4536 -0.4954 89.69 2.69 89.19 -0.18 -9.96 -3.98 -1.2200 -0.3500 -4.8200 0.6733 -0.3544 0.0922 0.37 -9.78 0.44 169 362 359 419 227 
0.5315 -0.4943 0.4471 -0.5228 87.69 2.62 79.75 0.19 -8.26 -4.97 -0.4500 1.2900 -7.4900 4.2933 -1.8600 -0.4744 1.13 -8.70 4.36 164 345 355 402 227 
0.7039 -0.3666 0.1407 -0.5919 79.50 18.12 31.00 6.59 5.74 7.98 2.4400 8.7600 0.8400 6.9411 -1.8811 -0.8167 4.54 0.24 8.68 163 360 353 399 229 
0.7659 -0.0728 -0.2875 -0.5705 73.12 31.75 -19.94 7.45 6.84 11.79 3.1700 3.2800 3.5900 0.5611 -0.6578 0.1989 5.65 3.32 7.29 159 363 359 397 227 
;
0.7579 -0.0381 -0.3635 -0.5403 70.12 37.75 -24.87 5.91 2.41 6.30 -0.5300 -0.9600 -0.6500 0.5133 -0.1000 0.1256 6.11 3.44 6.84 161 363 365 396 230 
0.7593 -0.0307 -0.3975 -0.5144 67.75 39.94 -28.75 6.70 2.98 5.50 0.3300 -0.5700 -0.3000 0.5778 -0.5689 0.2400 6.56 3.78 6.22 158 357 351 388 229 
0.7499 -0.0290 -0.4487 -0.4852 65.50 45.13 -33.44 7.52 3.95 6.70 0.5200 0.2600 0.8700 0.0589 -0.2856 0.3444 7.15 3.64 5.62 168 339 348 358 225 
0.7534 -0.0503 -0.4525 -0.4745 64.75 46.50 -29.50 6.92 1.32 2.71 -0.2600 -1.4700 -2.6700 0.7700 0.0311 -0.1322 7.00 3.45 5.93 155 310 331 334 219 
0.7588 -0.0474 -0.4420 -0.4761 63.50 45.94 -29.44 11.45 7.74 10.53 5.9400 5.6900 6.1900 -1.7844 -0.0467 1.7467 7.29 1.94 6.25 175 326 338 347 222 
0.7978 -0.2110 -0.3819 -0.4161 52.69 49.69 17.56 5.25 3.34 0.62 -3.7500 4.8600 -5.6200 -5.1433 1.2189 4.1778 5.58 -6.30 5.02 164 311 314 350 220 
0.7802 -0.5466 -0.0306 -0.3027 43.75 14.19 69.19 -2.82 -6.49 -4.58 -4.7400 1.9300 -8.0000 -3.1367 6.4200 0.9678 0.06 -9.71 1.37 165 325 336 379 224 
0.6032 -0.5555 0.3905 -0.4185 72.75 -0.44 86.00 0.67 -10.06 -3.16 0.1300 0.3100 -2.3500 0.2689 1.3956 -0.1889 0.00 -9.77 0.81 168 340 345 397 224 
0.5613 -0.5085 0.4395 -0.4828 82.12 0.00 83.56 -0.42 -9.37 -3.78 -0.6000 0.3800 -5.8400 1.4878 -0.8722 -0.4900 0.36 -9.58 2.03 168 340 342 398 224 
0.6403 -0.4526 0.3073 -0.5392 79.12 8.75 55.19 3.63 1.70 -6.03 1.9700 9.4300 -12.1600 10.4844 -2.7978 -1.7100 3.81 -2.17 8.76 177 363 361 422 227 
0.7831 -0.1382 -0.2087 -0.5693 71.44 29.56 -6.69 5.13 5.16 15.74 0.7000 2.0200 4.1300 1.2778 -1.3311 -0.2122 5.33 2.01 7.97 167 360 360 414 227 
0.7684 -0.0601 -0.3190 -0.5516 71.37 34.50 -19.12 6.52 2.80 8.57 0.9500 -0.3800 0.8000 -0.0178 -0.1022 0.0522 5.80 2.69 7.42 167 366 361 413 228 
;
0.7612 -0.0674 -0.3464 -0.5441 70.94 37.38 -20.19 5.87 1.97 6.82 -0.2300 -0.7100 -0.6000 0.2278 -0.1822 0.0322 6.07 2.76 7.18 168 358 361 412 227 
0.7589 -0.0677 -0.3709 -0.5309 69.31 40.38 -24.06 6.71 2.03 4.85 -0.1300 -0.9000 -1.1500 1.1389 -0.8011 0.3433 6.75 3.46 6.20 170 351 341 379 228 
0.7446 -0.0441 -0.4650 -0.4768 65.50 47.44 -33.44 12.04 5.91 8.16 6.1800 2.6200 1.9300 0.8844 0.2356 -0.2411 7.08 3.99 5.47 177 360 350 404 228 
0.7714 -0.0297 -0.4495 -0.4495 57.25 48.88 -23.94 7.78 6.08 7.44 0.6500 4.6300 1.1900 -4.1722 0.3356 3.9233 7.50 -1.32 6.17 177 344 347 393 227 
0.8268 -0.3486 -0.2341 -0.3741 48.25 34.44 41.25 3.67 -4.02 0.81 -1.5900 1.7100 -5.0700 -4.2256 3.5722 2.2278 2.97 -7.97 4.87 171 341 340 400 229 
0.7531 -0.5198 0.1451 -0.3762 56.44 6.56 68.37 -0.52 -8.05 -0.99 -1.4300 0.4800 -4.4000 -1.3622 2.8000 0.1878 0.22 -9.45 2.57 165 358 358 416 228 
0.6386 -0.5034 0.3632 -0.4548 72.81 -0.94 77.31 -0.29 -9.37 0.57 -0.1000 0.1300 -1.7500 -0.3944 0.4944 0.0467 -0.30 -9.61 1.92 162 358 352 412 227 
0.6096 -0.4873 0.4057 -0.4758 77.00 -1.31 77.94 -2.57 -10.77 -5.00 -2.5600 -1.8900 -10.1400 2.6233 -2.6033 -0.4689 0.51 -9.14 3.50 163 338 344 399 225 
0.7320 -0.4034 0.1656 -0.5235 71.31 17.06 36.25 8.40 9.74 3.98 3.7600 13.8000 -1.7200 7.5678 -1.7556 -1.5167 4.73 0.15 8.58 176 355 351 402 228 
0.7875 -0.0829 -0.3126 -0.5247 66.81 37.31 -19.06 10.21 7.01 11.25 3.4300 3.5600 3.3700 1.2400 -0.8811 0.0522 6.36 3.28 6.69 172 359 353 401 227 
0.7631 -0.0411 -0.4113 -0.4968 66.06 42.69 -28.00 6.68 2.57 6.77 0.1400 -0.7100 0.4800 -0.1500 -0.1289 0.0689 6.84 3.29 6.19 168 358 348 400 228 
;
0.7560 -0.0554 -0.4272 -0.4928 66.06 45.00 -28.44 7.03 2.51 5.38 0.0300 -0.7400 -0.5300 0.5033 -0.9000 0.4122 7.39 3.26 5.54 170 355 348 372 226 
0.7449 -0.0723 -0.4772 -0.4606 63.13 51.63 -33.06 10.27 3.97 5.63 3.2400 1.9700 2.2800 -0.0867 0.9644 -0.4322 7.38 3.59 5.36 179 359 364 389 228 
0.7386 0.0052 -0.4701 -0.4832 67.00 39.75 -42.56 6.79 9.87 8.32 -1.2600 4.2400 2.5100 -1.7867 -0.3578 2.3889 6.50 4.05 6.11 200 356 349 381 227 
0.8058 -0.0990 -0.4127 -0.4128 50.06 48.81 -0.88 6.58 1.82 4.09 -0.9600 2.6600 -2.4400 -4.6656 1.9411 3.0244 6.17 -3.95 6.51 195 342 354 379 230 
0.8320 -0.4050 -0.1241 -0.3582 49.13 23.75 47.88 2.60 -5.42 1.03 -1.4500 2.3900 -5.9400 -5.2656 5.3078 0.7767 1.46 -8.82 4.01 184 340 337 396 229 
0.6613 -0.5247 0.2958 -0.4472 70.75 3.81 76.87 0.51 -10.90 -3.41 0.1700 -1.4000 -3.7600 0.3678 1.3433 -0.2633 0.62 -9.55 2.13 181 341 351 407 227 
0.6058 -0.4952 0.3585 -0.5092 80.81 4.12 74.25 1.42 -8.77 1.96 0.6700 0.1900 -1.1400 -0.0222 0.3467 -0.1378 0.74 -9.38 2.73 178 346 356 405 231 
0.6108 -0.4782 0.3449 -0.5284 81.12 5.50 69.31 0.51 -8.98 -3.61 -0.2900 0.5200 -7.6700 3.8222 -0.2789 -0.7289 1.63 -7.58 5.98 178 357 356 396 228 
0.7198 -0.3205 0.1002 -0.6075 79.94 16.50 29.44 5.86 3.53 0.47 2.2400 8.8800 -5.1100 8.0544 -1.7867 -0.3489 4.10 1.34 8.80 181 361 361 404 228 
0.7827 -0.0165 -0.2824 -0.5544 67.69 30.44 -23.69 7.79 9.32 13.37 1.3900 3.4500 5.0300 1.0511 -0.6278 0.4833 5.77 3.97 6.85 173 367 354 401 228 
0.7791 0.0112 -0.4023 -0.4806 63.00 38.63 -31.06 5.90 3.39 6.88 -0.6600 -0.4800 0.5000 0.2178 -0.2256 0.0622 6.25 4.00 6.40 172 361 359 402 229 
;
0.7761 0.0109 -0.4173 -0.4727 62.75 39.63 -32.56 6.42 3.55 5.79 -0.0300 -0.7100 -0.6100 0.1844 -0.3833 0.1633 6.48 4.09 6.10 172 354 350 391 229 
0.7702 0.0080 -0.4415 -0.4602 61.63 42.88 -35.44 8.65 5.88 8.54 2.5900 1.2500 2.0100 -0.0989 0.3333 -0.1300 6.63 4.22 5.85 176 352 342 392 229 
0.7720 0.0351 -0.4290 -0.4678 62.44 36.94 -35.25 6.51 6.55 7.70 -0.3000 2.5700 1.9000 -1.3456 -0.0122 0.9600 5.92 3.75 6.85 190 345 343 376 229 
0.8082 -0.0599 -0.3857 -0.4409 54.94 44.19 -9.81 6.70 3.48 7.48 -0.4300 2.1300 -0.5200 -4.7367 0.8411 2.8300 6.34 -2.64 6.99 191 346 350 392 230 
0.8293 -0.3846 -0.1661 -0.3698 47.13 29.50 46.38 3.81 -5.56 1.62 -0.4200 1.2200 -4.0000 -3.2356 3.8011 1.3900 2.64 -8.05 4.93 188 351 349 400 229 
0.7483 -0.5065 0.1678 -0.3942 57.88 5.69 67.94 -0.71 -8.59 -1.58 -1.3500 0.6000 -5.1300 -1.7611 0.6911 0.6889 0.17 -9.55 2.19 186 347 344 405 231 
0.6727 -0.5449 0.3120 -0.3916 61.06 0.50 76.94 -0.33 -9.16 0.52 -0.4300 0.3600 -1.2500 0.4567 0.6656 -0.4533 0.26 -9.45 2.57 182 345 349 404 229 
0.6698 -0.5180 0.3115 -0.4312 65.12 2.62 73.56 -2.75 -9.97 -5.35 -3.4800 0.3800 -9.0400 3.4489 -2.0967 -1.8700 1.99 -8.48 4.48 182 340 351 402 228 
0.7479 -0.4275 0.0362 -0.5067 70.50 29.06 34.31 10.99 5.63 1.52 8.1500 9.6600 -3.7600 7.2967 0.0344 -1.5211 5.69 0.45 7.97 198 350 351 402 231 
0.7844 -0.0519 -0.3457 -0.5124 64.69 37.38 -23.94 7.21 7.07 10.96 0.9800 3.4800 3.6100 0.3956 -2.1367 0.4244 7.00 3.23 6.04 179 354 351 387 229 
;
0.7616 -0.0812 -0.4434 -0.4656 63.25 48.56 -24.62 6.48 1.43 4.65 -0.8700 -1.1400 -1.1900 0.0133 -0.3867 0.0689 7.45 2.62 5.80 173 348 343 371 229 
0.7578 -0.1006 -0.4443 -0.4672 63.38 50.00 -24.06 7.60 2.75 5.19 0.1300 0.1400 -0.5700 -0.0089 0.0022 -0.1056 7.49 2.61 5.75 173 344 347 362 230 
0.7545 -0.0969 -0.4440 -0.4735 64.44 48.94 -25.06 8.69 3.02 5.94 1.8200 0.5800 0.4900 -0.0278 1.3622 -0.6144 6.73 2.98 6.47 176 357 347 357 225 
0.7834 -0.0168 -0.3507 -0.5129 65.94 32.19 -23.75 4.01 5.18 9.11 -0.7200 1.6500 0.9600 -0.9322 -1.4300 1.5111 5.99 2.42 7.37 183 340 349 351 227 
0.8058 -0.1293 -0.3586 -0.4531 56.88 45.50 -1.56 5.98 0.77 5.97 -1.2600 1.0400 -0.9700 -3.0367 0.2778 1.5922 6.79 -2.24 6.70 186 330 340 342 226 
0.8131 -0.3345 -0.2260 -0.4193 55.06 37.06 31.69 6.47 -3.28 7.25 1.3700 2.3400 1.0400 -3.7067 2.9256 1.2744 4.05 -6.28 6.34 182 354 347 390 226 
0.7521 -0.4828 0.0991 -0.4374 59.94 11.38 65.75 1.20 -7.45 -2.94 0.3500 1.3900 -7.4000 -2.4978 3.1267 0.7644 0.55 -9.57 2.04 170 349 345 399 225 
0.6287 -0.5445 0.3501 -0.4309 69.69 1.31 81.06 0.10 -9.63 -0.83 -0.2500 0.1100 -1.4200 0.1789 1.0233 -0.1433 0.21 -9.67 1.61 169 349 355 406 225 
0.6117 -0.5241 0.3732 -0.4603 73.44 2.00 79.50 -0.65 -10.22 -3.00 -0.9700 -0.2300 -5.4100 1.7167 -1.1911 -0.6667 1.05 -9.31 2.89 168 347 350 403 226 
0.6782 -0.4897 0.2241 -0.5001 73.37 14.19 57.69 2.84 -3.26 -3.04 0.2300 5.3700 -9.3400 6.4478 -2.0389 -2.2811 4.53 -4.36 7.51 181 351 357 403 227 
0.7747 -0.2215 -0.2351 -0.5436 67.12 39.31 -7.00 10.12 11.59 15.32 2.2200 6.6000 6.7900 1.6333 -1.8700 0.2100 6.96 2.74 6.33 180 364 352 401 231 
0.7668 -0.0799 -0.4414 -0.4592 61.94 48.06 -27.81 5.63 4.67 7.96 -0.8400 2.9500 3.0400 -0.7967 -0.3889 0.3278 7.45 3.05 5.58 172 344 349 381 226 
;
