0.0545 0.6158 0.1575 0.7700 188.06 68.56 -58.13 9.09 2.98 1.84 -0.0100 -0.0500 -0.0700 0.0078 0.0178 0.0022 9.12 3.03 1.90 179 316 318 314 198 
0.0540 0.6146 0.1578 0.7710 188.00 68.50 -57.81 9.14 3.03 1.84 -0.0100 -0.0400 -0.0700 0.0067 0.0322 0.0011 9.12 3.03 1.93 174 315 319 316 202 
0.0535 0.6123 0.1580 0.7728 187.87 68.00 -56.13 9.88 3.03 1.48 0.4500 -0.0800 -0.5800 0.0333 1.1344 0.0356 8.92 3.03 2.69 172 312 312 307 200 
0.0446 0.5587 0.1590 0.8127 186.00 62.31 -41.44 8.28 2.99 3.56 -0.2000 0.0400 0.0500 0.0522 0.6389 0.0600 8.50 2.97 3.86 171 310 310 304 201 
0.0229 0.5106 0.1583 0.8448 181.44 58.13 -31.75 12.02 5.59 8.56 4.3600 3.9500 6.3200 -0.1400 1.8300 0.8578 7.95 1.98 5.37 178 350 334 342 206 
-0.0410 0.4459 0.0409 0.8932 174.44 50.69 4.62 11.20 5.76 9.34 3.7200 7.7600 1.1600 -6.7300 3.1244 2.8256 5.48 -5.02 6.39 181 370 342 361 212 
-0.0349 0.2532 -0.4575 0.8517 173.44 17.25 72.94 5.01 -0.69 -4.21 2.1600 9.0700 -5.5600 -5.6456 2.0678 4.2211 -0.41 -9.59 -1.99 182 379 342 373 211 
-0.1025 0.0078 -0.8412 0.5308 152.25 -12.13 119.31 -5.15 -3.21 -12.03 -2.4500 4.5500 -6.4600 1.2800 0.2789 0.1478 -2.34 -8.46 -4.36 174 366 351 372 209 
-0.1221 -0.0143 -0.8117 0.5710 160.69 -8.88 99.81 -2.54 -2.77 -8.13 -0.1200 8.5400 -8.1900 8.4578 -0.5933 -2.2800 0.18 -9.03 3.79 179 356 343 376 215 
-0.0521 0.0841 -0.3190 0.9426 174.44 9.75 17.81 9.79 18.22 13.50 2.2300 16.1600 6.0900 7.3089 0.1611 0.6111 1.81 3.35 9.03 191 384 351 411 224 
-0.0872 0.1226 0.2343 0.9604 170.44 17.50 -27.44 5.62 7.33 14.56 2.3700 2.7200 5.7000 -1.1244 -0.5422 -0.1800 3.15 3.83 8.45 192 386 351 406 220 
-0.0438 0.1534 0.1693 0.9726 175.81 17.62 -15.69 3.03 1.97 9.77 0.2900 0.1500 1.0100 -2.7944 0.7100 -0.3933 2.50 0.73 9.45 184 395 214 185 139 
0.0244 0.0800 -0.0676 0.9942 188.25 2.37 19.06 -5.02 -1.84 10.20 -3.1300 0.7800 0.1100 -4.6089 0.5044 -1.9089 0.77 -6.95 6.86 172 426 189 193 132 
0.2167 -0.0687 -0.4460 0.8657 212.50 5.25 56.44 1.61 -4.33 -1.49 0.9900 4.2300 -6.3600 -0.4100 1.1878 -1.0000 1.19 -8.29 5.09 172 426 195 198 139 
0.3223 -0.0966 -0.4522 0.8260 222.75 7.62 51.31 7.98 -5.40 1.87 9.5800 3.4800 -3.1900 3.1211 -0.7644 0.2089 1.55 -6.06 7.54 174 425 194 205 139 
0.2832 -0.0004 -0.2847 0.9158 209.56 9.19 29.12 5.24 -7.86 19.21 1.7900 -3.6500 11.9000 0.3678 -1.4667 3.1878 1.45 -4.59 8.53 175 428 199 202 139 
0.0544 0.0439 -0.2860 0.9557 182.50 4.75 37.13 -4.52 -4.02 12.85 -5.4500 3.1500 4.5200 -2.9211 0.9500 1.3589 -0.38 -7.48 6.32 176 422 196 204 140 
-0.0225 -0.0421 -0.4835 0.8740 179.62 -6.31 64.06 -4.39 -2.61 5.31 -2.6900 7.0100 0.7000 -2.2589 1.9067 -1.4078 -0.69 -9.45 2.50 172 421 194 204 142 
0.1223 -0.1060 -0.6312 0.7585 204.00 2.06 81.25 2.06 -2.60 -0.01 1.1800 6.7300 -0.8700 0.0944 2.2778 -1.6567 1.40 -9.59 1.47 171 423 195 208 141 
0.3130 -0.1243 -0.6218 0.7071 231.69 13.63 75.44 9.37 -5.65 -1.45 7.7300 3.8100 -3.9800 2.8744 0.8244 -0.3667 2.43 -8.44 4.34 171 424 197 204 145 
0.3843 -0.0532 -0.4487 0.8051 226.94 15.38 45.94 9.85 -7.86 14.56 4.6600 -2.4400 8.7000 2.8556 -2.3678 2.8300 2.60 -5.47 7.70 173 423 204 206 141 
0.1747 0.0756 -0.3193 0.9283 197.50 14.31 37.38 -3.89 -6.38 11.60 -5.9200 0.4500 3.3900 -1.0589 -0.3667 0.2889 2.51 -6.47 6.92 173 410 202 212 144 
0.1245 0.1027 -0.3856 0.9084 196.25 17.31 44.94 -5.64 -8.94 1.14 -6.6700 4.0500 -3.9100 3.1078 -14.2178 0.5656 7.54 -5.46 3.05 181 282 279 345 227 
-0.1259 0.7685 -0.2429 0.5784 153.62 48.06 140.94 5.27 3.75 -6.72 -1.8500 7.1800 -2.6600 -5.3267 -2.8833 0.5444 5.26 -1.57 -8.12 184 261 304 374 235 
0.0912 0.9058 -0.3504 0.2203 223.25 25.94 -174.19 3.21 1.40 -17.64 1.6100 -1.3800 -8.1800 -0.7433 0.5744 -0.5522 4.32 2.10 -8.54 204 290 310 384 235 
0.1914 0.9028 -0.3367 0.1866 220.94 28.31 -166.50 5.21 -1.31 -13.94 0.6400 -2.8300 -8.6800 1.9667 -0.2444 0.4933 4.65 0.83 -8.58 200 370 332 385 230 
0.0277 0.8959 -0.3241 0.3027 154.12 38.25 150.62 13.15 1.07 -17.25 -0.1000 11.3300 -9.7700 8.2756 2.6289 3.8322 4.99 -8.43 -0.25 210 432 358 418 226 
-0.5305 0.5706 -0.2495 0.5751 92.62 20.00 71.37 -1.74 2.14 3.53 -4.7400 10.3900 0.1300 0.6567 1.0367 -0.2189 3.01 -8.52 3.80 214 439 371 421 225 
-0.5584 0.4818 -0.2548 0.6254 98.19 19.00 64.37 1.19 -5.03 2.97 -1.9300 3.1300 -1.0800 -0.4022 0.0356 -0.6511 3.54 -8.29 3.83 209 429 365 420 226 
-0.5060 0.4976 -0.2507 0.6584 107.12 26.37 65.56 1.30 -4.45 1.03 -3.7900 3.3500 -2.5700 0.0167 0.0133 -2.8233 5.84 -7.00 3.59 192 414 348 393 226 
;
