0.6880 0.2567 0.2036 0.6475 273.56 3.00 -37.94 0.48 5.41 7.89 0.0800 -0.6100 0.2700 -0.0967 -0.1278 -0.0433 0.57 5.97 7.75 181 351 370 401 225 
0.6921 0.2576 0.1965 0.6450 273.81 3.69 -38.31 -1.70 8.45 11.95 -2.5900 3.0700 5.8400 0.3667 -4.1111 2.2567 3.03 6.05 7.08 183 363 343 408 235 
0.5939 0.4427 -0.0386 0.6707 256.25 50.75 -27.94 13.71 9.65 11.67 5.4200 7.6800 4.7100 -4.6144 -3.2233 8.4967 8.40 -3.81 3.31 183 364 353 399 233 
0.2601 0.2141 -0.5798 0.7419 212.00 25.19 79.31 -2.67 4.01 -4.06 -6.1300 10.9500 -5.2200 -4.4378 0.5211 5.4789 -0.13 -9.71 -1.35 186 360 347 394 223 
0.0172 -0.1727 -0.7936 0.5832 177.94 -13.13 112.06 -7.82 -4.34 -11.38 -3.7400 4.6700 -7.1000 2.6867 -0.3333 -1.3778 -1.88 -9.34 -2.29 178 345 321 371 224 
0.0627 -0.1141 -0.6903 0.7117 196.31 0.94 75.12 3.20 9.27 -12.49 3.5300 20.4800 -17.6800 13.6578 -0.8089 -2.4200 2.10 -1.85 9.39 199 372 351 414 230 
0.1830 0.1499 0.2185 0.9467 201.87 8.81 -40.50 -1.10 22.02 22.51 -2.2100 14.1000 15.1500 -0.0433 -3.2511 0.7644 3.06 6.73 6.43 199 370 346 396 225 
0.2092 0.2983 0.2902 0.8849 207.69 27.06 -41.75 8.99 9.14 11.65 5.6600 4.8200 4.6900 -4.9478 -1.8144 1.2378 5.86 3.06 7.23 191 383 194 201 151 
0.2047 0.4831 -0.1204 0.8428 197.19 73.06 53.00 7.96 -3.45 -4.36 -3.1300 3.6300 -1.6100 -0.0078 -5.9500 5.4567 6.26 -6.45 -3.90 127 389 163 163 118 
-0.2192 0.7171 -0.4462 0.4884 123.81 26.87 119.44 3.02 -6.08 -2.57 1.4400 1.3300 1.2800 1.0822 -0.2411 -0.2444 4.14 -7.94 -3.98 119 407 174 165 121 
-0.3120 0.7264 -0.3929 0.4697 114.87 27.75 110.00 7.67 -7.97 -8.04 3.7300 0.9500 -4.6500 6.5889 5.5589 -1.4078 5.69 -7.88 1.24 131 419 177 179 127 
-0.3984 0.6337 -0.2541 0.6125 119.56 34.63 85.44 3.25 -9.02 -2.39 3.0300 -2.4200 -5.0600 -1.3111 -1.2000 0.0244 5.57 -8.06 -0.12 138 423 184 181 133 
-0.3182 0.5734 -0.3075 0.6896 128.69 37.56 79.81 8.96 -4.79 6.11 -1.2000 1.5700 2.5700 -1.5767 3.3311 -0.6878 6.06 -7.54 1.54 194 341 201 205 155 
-0.2153 0.5953 -0.3223 0.7039 155.81 51.38 81.87 15.08 -5.34 -4.29 12.5400 -1.8500 -6.9200 2.5311 6.9778 -6.6956 8.42 -1.51 4.78 212 179 215 226 154 
0.0166 0.3848 0.0591 0.9210 170.69 51.56 -1.62 -5.13 3.84 10.07 -17.5800 5.4500 3.5800 -3.0767 -0.9900 0.6800 8.48 -2.40 4.29 212 160 172 170 119 
-0.0428 0.5980 -0.0945 0.7947 185.44 79.75 26.94 -0.81 15.16 -5.26 12.7100 14.5300 -18.2000 -1.5756 -2.4156 -4.9767 9.06 3.71 -0.48 217 163 170 170 121 
0.2781 0.7514 -0.0212 0.5980 228.50 66.00 -109.81 11.41 4.90 1.92 0.3200 0.6200 2.2200 0.0844 -0.3444 0.5689 9.06 3.51 -1.28 213 171 180 182 120 
0.2561 0.7486 -0.0341 0.6107 224.50 69.12 -110.12 9.36 3.63 -1.55 0.3400 0.1700 -1.5600 0.1267 0.8500 0.0089 9.21 3.25 -0.74 210 170 180 176 124 
0.2560 0.7084 -0.0264 0.6572 222.94 70.19 -77.94 8.75 6.06 0.78 -1.7300 4.0100 0.9000 -2.4411 4.2411 -1.3478 8.28 3.57 3.84 204 185 203 202 148 
0.4408 0.4407 0.0004 0.7820 245.87 33.38 -26.87 5.53 3.00 0.50 2.1500 -1.4500 -8.3300 0.7989 5.3556 -3.7467 0.55 3.83 9.00 193 370 356 394 222 
;
