0.2015 0.5922 -0.0416 0.7791 209.12 69.81 -30.44 9.16 1.70 3.04 -0.0100 -0.0100 0.1300 0.0200 0.0511 -0.0467 9.18 1.75 2.95 160 273 266 263 175 
0.2030 0.5893 -0.0377 0.7811 209.19 69.25 -30.94 9.09 1.73 3.00 0.0100 -0.0300 0.0800 0.0411 0.0389 -0.0711 9.15 1.83 3.00 160 272 271 263 176 
0.2060 0.5865 -0.0319 0.7827 209.56 68.37 -31.81 9.36 2.09 3.31 0.4500 0.2600 0.4500 0.0000 0.3156 -0.0967 9.04 1.97 3.23 162 276 274 273 183 
0.2106 0.5642 -0.0248 0.7980 208.56 63.50 -24.25 12.46 3.30 9.85 3.3900 1.2200 5.9300 -1.0256 1.8933 1.3600 8.15 0.65 5.41 186 350 301 325 207 
0.1607 0.4583 -0.1318 0.8641 198.69 53.75 20.81 10.57 2.52 8.54 2.4500 5.6900 2.6900 -5.2233 1.5589 3.8878 6.18 -6.07 4.58 187 354 324 340 212 
0.0646 0.2714 -0.5463 0.7897 187.62 25.50 80.06 4.93 0.61 -5.08 0.9400 10.3400 -4.7900 -5.0256 1.8244 4.9456 0.54 -9.42 -2.66 178 344 317 332 205 
-0.0529 -0.0038 -0.8535 0.5183 160.69 -9.75 118.06 -6.56 -3.71 -9.52 -4.7500 5.0200 -3.5600 2.9644 -0.8811 0.5856 -2.54 -9.03 -2.82 177 331 328 345 205 
-0.1320 0.0007 -0.7456 0.6531 160.87 -7.37 88.94 2.07 0.65 -6.57 1.6200 11.7000 -8.7400 9.3800 2.3856 -0.0022 -1.08 -8.15 5.33 184 327 327 350 212 
-0.0377 -0.0190 -0.1839 0.9821 173.69 -3.12 1.56 -0.87 22.05 29.46 -1.8700 12.6500 19.9500 2.3044 -2.1044 1.4344 0.63 3.21 9.24 198 370 341 353 216 
-0.0918 0.0670 0.1686 0.9791 171.00 10.88 -16.62 1.57 4.27 11.37 0.1400 1.4700 1.1500 -1.2689 -1.1600 -0.6367 2.52 1.82 9.29 197 358 333 328 212 
-0.0248 0.1367 0.0850 0.9866 177.19 17.06 -8.63 3.97 2.02 15.38 0.8100 0.8400 7.3200 -2.1033 -4.4044 0.3222 5.16 0.24 8.33 176 365 190 180 128 
-0.0443 0.4678 -0.0514 0.8812 165.69 67.06 38.00 12.83 -3.39 -2.75 4.4500 2.0000 -5.8200 3.6356 -3.9500 3.5478 8.41 -5.03 -0.06 118 378 184 171 120 
-0.4185 0.6666 -0.0159 0.6166 106.25 52.38 70.25 3.15 -0.38 0.41 -4.3300 4.6800 -2.0200 3.3011 0.5567 -0.0322 7.58 -4.92 3.79 118 393 196 174 122 
-0.5795 0.5024 0.1093 0.6323 93.75 48.88 40.25 7.51 2.18 5.27 0.7300 6.3500 0.1900 -0.4600 0.8300 -0.0322 7.01 -4.29 5.34 125 394 193 177 126 
-0.5774 0.4717 0.0452 0.6649 99.37 41.50 43.25 11.04 -1.99 0.34 3.7700 2.9600 -5.1400 -3.6444 2.5956 -0.1578 5.42 -6.54 4.88 116 396 204 180 128 
-0.4689 0.4365 -0.2216 0.7352 116.25 20.94 54.50 -3.31 -11.23 5.88 -6.4500 -3.6500 1.4200 0.3789 2.3311 0.5644 1.85 -7.57 5.95 130 384 213 188 130 
-0.4553 0.2972 -0.3359 0.7691 117.31 8.75 54.38 0.00 -7.19 7.03 -1.9500 0.5800 1.0000 0.0267 -1.5522 0.5589 1.71 -8.08 5.27 140 350 198 185 133 
-0.5327 0.3774 -0.2971 0.6968 102.94 14.06 56.06 4.98 -4.64 9.21 1.3600 1.3500 4.7300 -0.6089 -2.1622 0.0556 3.50 -7.65 5.02 124 316 183 179 125 
-0.5682 0.4609 -0.1714 0.6598 101.06 25.87 57.00 7.35 -9.61 -0.92 4.3100 -1.4500 -6.7000 -1.3956 -0.3167 -0.0511 4.56 -7.81 3.77 131 324 190 185 128 
-0.5320 0.5213 -0.1973 0.6373 98.56 26.00 63.25 8.54 -9.16 -7.96 5.2200 -1.2500 -13.2500 3.4178 0.5478 2.1489 3.03 -7.22 5.89 126 359 190 180 127 
-0.7130 0.3176 -0.1302 0.6115 78.19 8.88 29.94 -2.59 11.44 22.46 -5.0200 15.5300 16.5000 0.7467 1.1878 -0.1800 0.69 -3.36 9.18 125 380 198 179 127 
-0.7542 0.1809 -0.0915 0.6246 80.87 5.69 24.31 2.05 -3.11 8.06 0.8000 1.5500 -0.3500 -0.6756 -0.5289 -0.4122 1.44 -4.43 8.62 128 383 192 183 128 
-0.7064 0.2775 -0.0942 0.6443 86.31 18.25 36.13 -6.02 5.11 5.05 -7.9900 11.3400 -3.8100 -5.1244 -2.1211 -5.0389 6.18 -5.97 4.70 139 334 200 196 146 
-0.3237 0.5594 -0.0552 0.7610 151.12 60.25 33.56 21.65 1.46 -1.58 10.5200 1.7100 -2.4700 1.6267 2.9922 -4.7000 7.59 1.58 6.00 171 310 301 291 192 
-0.0262 0.3960 0.1479 0.9059 177.25 44.25 -21.62 5.80 4.39 8.94 -1.0000 1.3300 0.4000 -0.3167 1.0133 -0.1733 6.07 2.53 7.27 176 337 326 350 208 
;
