0.0009 0.6053 0.0835 0.7916 180.06 73.31 -27.56 10.13 1.37 2.18 0.5300 0.0500 -0.3900 0.3822 0.5867 0.3978 9.31 1.15 2.84 174 346 341 365 198 
-0.0290 0.5834 0.0872 0.8069 175.62 70.94 -18.75 9.66 0.64 2.59 0.5900 -0.1100 -0.4000 0.1144 0.7189 -0.1667 9.08 1.14 3.50 165 348 338 380 206 
-0.0298 0.5460 0.0955 0.8318 175.94 65.87 -18.06 8.47 1.25 4.00 0.2400 0.0200 -0.1500 -0.1711 -0.1456 0.0411 8.98 1.18 3.74 164 348 329 356 209 
-0.0305 0.5433 0.0885 0.8344 175.19 64.75 -13.00 15.35 5.09 11.89 7.5200 4.3600 7.2200 -2.4744 1.5378 1.6567 8.30 -0.97 5.11 191 400 339 387 220 
-0.0462 0.4329 -0.1564 0.8866 174.00 44.06 34.75 7.79 0.49 1.64 2.3200 5.3700 -3.8800 -4.5111 3.6933 3.1322 3.43 -7.65 5.08 184 398 335 391 219 
-0.0272 0.1016 -0.5522 0.8270 177.25 4.06 73.94 1.40 -3.86 -6.27 1.4500 5.2600 -7.8400 -6.4256 2.4956 2.1744 -1.21 -9.41 -2.47 173 392 344 374 212 
-0.0330 -0.1319 -0.8312 0.5390 171.19 -13.44 117.06 -4.88 -6.01 -7.40 -2.7500 2.1200 -2.6500 0.7511 -0.2178 0.7856 -2.96 -8.46 -3.97 178 388 340 376 212 
-0.0688 -0.1649 -0.7982 0.5753 166.31 -16.31 105.12 -1.70 -3.90 -10.06 1.6900 7.1200 -9.5200 5.5800 -1.7656 -1.8344 -1.52 -9.45 2.12 178 396 347 373 212 
-0.0567 -0.0262 -0.4315 0.8999 172.19 -2.31 32.56 3.78 12.89 4.96 4.1000 16.2500 -4.0700 12.1900 -1.0622 0.0033 0.76 3.49 9.13 207 419 348 413 218 
-0.0918 0.0334 0.3006 0.9487 169.06 10.63 -33.00 6.14 8.43 12.97 3.8300 2.4900 3.2100 -2.5011 -1.2822 0.2011 3.18 3.67 8.51 206 403 355 405 217 
-0.0739 0.1634 0.1919 0.9649 171.31 20.31 -22.37 2.32 3.14 7.85 -1.4500 -0.6700 -0.1900 0.3622 -1.1056 0.2578 3.94 3.71 8.17 203 406 343 390 219 
-0.0742 0.2379 0.2150 0.9443 171.31 31.75 -22.62 8.62 3.85 12.39 2.6800 -0.5700 2.4800 -1.7611 -1.4678 0.7322 6.23 1.67 7.38 165 368 165 171 127 
-0.1111 0.3973 0.0852 0.9070 159.94 54.88 0.81 15.07 -2.17 2.11 5.9600 -1.5000 -3.1700 2.1778 -2.2222 4.5167 8.63 -2.42 3.97 105 349 167 148 119 
-0.3965 0.4995 0.0623 0.7677 121.62 50.94 28.44 2.45 0.24 2.74 -5.1600 2.9200 -2.9200 1.3178 0.5533 1.1433 7.03 -2.87 6.19 105 344 171 170 118 
-0.5147 0.3989 0.0682 0.7559 110.25 41.25 25.06 4.66 -0.75 6.70 -0.7400 2.2600 0.1300 -0.3156 0.2200 0.2744 6.30 -3.44 6.67 6 342 177 175 122 
-0.5341 0.4060 0.0339 0.7408 109.06 38.94 30.87 7.43 -1.37 6.40 2.2600 2.8900 -0.5200 -1.9011 1.1422 -0.4244 5.72 -4.72 6.41 106 360 188 180 123 
-0.4510 0.4108 -0.1066 0.7852 123.56 30.37 40.63 3.81 -7.92 7.04 -1.2000 -2.3500 -0.0300 -0.5089 3.0933 -0.1778 3.46 -5.75 7.14 107 360 189 189 126 
-0.4075 0.3007 -0.1999 0.8388 128.56 17.56 36.31 -3.89 -5.74 9.71 -5.3000 0.2600 2.2900 0.4522 0.0322 -0.2622 2.60 -5.16 7.91 117 373 196 194 135 
-0.3914 0.2451 -0.1897 0.8665 131.31 17.00 33.31 1.12 -4.16 7.27 -2.8400 0.9000 -0.7100 -0.4833 -1.5411 -0.0656 3.82 -5.45 7.19 158 266 223 232 175 
-0.4006 0.3832 -0.1529 0.8181 127.25 35.75 41.94 2.68 -5.01 5.89 -1.3900 -0.0200 0.4700 -0.9800 -0.2267 -3.3889 7.19 -4.11 5.23 204 219 211 209 150 
-0.1695 0.3217 -0.0963 0.9266 171.75 11.00 12.44 -2.76 -2.12 8.30 -10.8300 0.2600 2.9100 -0.5600 8.8400 -0.6922 -5.75 -2.17 7.63 210 191 189 178 123 
0.0254 -0.2905 -0.1423 0.9459 183.06 -38.94 22.12 2.44 -0.65 0.15 12.1800 2.1800 -7.5800 0.6444 2.6822 2.3367 -7.62 -1.87 5.87 211 190 179 176 123 
-0.0662 -0.4460 -0.0502 0.8912 168.19 -51.13 -7.12 -10.18 6.01 8.75 -8.0000 4.9200 8.4000 2.0244 -0.9256 1.8222 -6.77 3.03 6.41 209 194 186 183 123 
-0.1248 -0.3736 0.1298 0.9099 165.69 -39.31 -23.75 -6.70 3.76 9.98 0.3800 0.8300 1.7600 -0.5033 -0.2667 -0.5522 -6.14 2.41 7.25 210 198 192 180 128 
-0.0931 -0.3481 0.0833 0.9291 168.81 -39.31 -15.75 -5.33 1.71 6.80 0.8600 -0.2200 -0.3900 -0.3244 -0.1322 -0.3467 -6.26 1.67 7.35 214 203 184 190 139 
-0.0779 -0.3339 0.0459 0.9383 171.75 -36.31 -8.00 -8.37 2.03 9.45 -2.6000 2.0300 0.3600 -0.0156 -6.5444 -3.2522 -1.66 0.22 9.66 208 273 225 241 184 
0.0945 0.1021 0.0356 0.9896 191.06 26.12 -9.44 9.66 0.80 5.57 2.6600 -1.4500 -0.9200 0.9622 -3.6211 2.1322 7.42 1.38 6.25 207 328 293 348 203 
-0.0246 0.4521 0.0881 0.8873 174.00 53.38 -14.31 5.01 1.16 7.85 -2.2100 -0.6200 2.2000 1.0222 2.0422 -2.0922 7.09 2.56 6.26 199 361 325 381 193 
;
