0.5090 -0.3126 -0.4794 -0.6429 103.31 62.81 -40.94 8.87 2.92 3.25 0.1200 -0.0200 -0.0900 0.0111 -0.0100 -0.0278 8.72 2.95 3.36 184 336 329 357 206 
0.5063 -0.3127 -0.4828 -0.6425 102.81 64.00 -43.88 13.32 7.36 9.55 4.3000 6.7300 7.2000 -1.9433 -1.2344 1.5544 9.38 1.69 2.27 190 358 335 364 209 
0.4762 -0.5095 -0.3855 -0.6042 103.56 78.25 54.19 15.14 1.20 0.17 4.2800 3.5000 -1.7800 -5.1144 2.5778 4.9522 8.21 -5.29 0.76 193 390 342 395 210 
0.4365 -0.6750 0.1222 -0.5822 106.87 35.25 88.37 5.50 -1.24 -4.64 0.1200 7.7800 -5.3000 -4.4344 2.7244 4.0067 3.04 -9.14 -1.80 190 392 351 412 212 
0.3379 -0.5872 0.5662 -0.4695 107.31 5.75 114.31 -2.20 -5.28 -9.63 -2.9300 3.1500 -5.3800 0.4100 0.1578 1.1533 -0.12 -8.70 -4.51 191 374 353 410 212 
0.3597 -0.5035 0.6519 -0.4382 100.94 -1.25 105.06 -0.46 -2.35 -7.67 0.3700 8.4000 -6.9000 6.4389 -1.4944 -1.2011 0.56 -9.63 1.72 193 348 342 398 214 
0.5716 -0.3775 0.2936 -0.6667 99.56 13.63 39.69 5.71 11.11 4.43 4.1100 16.9500 2.2000 11.7367 0.3033 -0.7178 2.90 2.33 9.07 209 382 349 415 222 
0.6440 -0.0392 -0.2664 -0.7161 96.06 29.94 -23.00 8.43 6.58 20.04 4.3200 -0.0900 10.1500 -3.3556 -7.0122 1.9067 8.89 1.08 3.98 149 402 182 169 110 
0.5338 -0.5266 -0.4505 -0.4847 70.75 74.31 107.87 10.16 -4.11 -7.46 -2.3500 -0.8300 -5.6900 4.8656 1.2500 2.0611 8.73 -4.36 0.87 125 383 188 172 111 
0.7646 -0.4111 -0.4507 -0.2078 26.50 57.38 49.75 4.27 1.54 1.28 -3.8600 6.0200 -0.9100 2.8811 1.4233 -0.0256 7.80 -2.97 5.13 130 381 198 178 116 
0.8774 -0.2227 -0.4010 -0.1404 17.81 48.75 24.87 6.25 1.39 4.58 -0.5700 3.7800 -1.4600 -0.7122 0.3822 0.2011 7.11 -3.06 6.01 131 392 206 180 120 
0.8840 -0.2651 -0.3450 -0.1713 25.56 42.56 31.19 10.18 -3.01 2.21 2.4600 1.1700 -3.0600 -3.1589 2.2678 -1.1833 5.79 -4.85 6.24 127 408 217 187 125 
0.8362 -0.3929 -0.1447 -0.3543 45.81 30.00 42.13 1.99 -10.47 7.10 -6.3600 -4.1300 1.5200 -0.6933 1.7189 -0.3367 3.99 -6.14 6.51 134 414 221 194 131 
0.8185 -0.4250 -0.0524 -0.3829 50.88 24.87 47.56 0.77 -3.98 3.73 -3.4800 2.5700 -2.6700 -1.0889 0.2056 -1.5778 4.79 -6.57 5.47 148 366 226 221 158 
0.7402 -0.4721 -0.0761 -0.4727 70.94 37.44 46.25 2.90 -3.03 -3.15 -0.4400 3.5700 -7.2200 4.4689 -0.6067 -5.3967 7.59 -1.31 6.06 173 346 293 279 185 
;
