-0.3043 0.0944 0.2001 0.9265 143.44 17.00 -19.31 2.89 3.38 10.52 -0.0200 0.7500 3.3900 0.2733 -0.4278 0.7344 3.10 3.19 8.73 214 386 353 391 225 
-0.3369 0.1365 0.1991 0.9100 138.62 25.69 -12.06 4.04 3.65 18.55 0.1200 3.6600 8.3900 -4.8400 -0.9600 1.0289 4.96 -1.46 8.33 214 385 362 402 230 
-0.3202 0.3472 -0.1036 0.8754 139.69 33.38 40.88 6.46 2.86 2.89 3.0600 9.2900 -2.9800 -5.4522 -0.2956 1.8344 4.74 -8.06 2.92 209 379 367 403 228 
-0.2721 0.4490 -0.4984 0.6899 135.37 14.88 91.06 0.58 -2.74 -4.99 -1.5200 6.1700 -4.4100 -3.7333 1.6167 2.2833 0.74 -9.30 -3.01 206 375 369 400 227 
-0.2153 0.3551 -0.7502 0.5146 132.75 1.94 112.19 -0.98 -5.99 -9.64 -0.9100 3.2100 -6.4600 2.1956 -1.2567 -0.4944 0.27 -9.43 -2.66 202 356 354 396 228 
-0.3306 0.3899 -0.6169 0.5984 120.06 4.94 83.25 3.21 1.52 -4.94 2.9500 12.5900 -8.2900 9.3156 -1.2244 -0.6778 1.62 -6.25 7.37 211 361 353 399 229 
-0.5809 0.1400 -0.0585 0.7997 105.69 9.88 5.37 2.16 10.77 25.23 1.0600 6.6700 13.5700 1.6756 -2.5689 0.8267 3.61 1.39 9.00 216 372 364 408 232 
-0.6202 0.1059 0.1886 0.7541 101.62 25.00 -9.06 4.72 2.18 9.98 0.1600 0.6500 0.4700 -0.5722 -0.8211 -0.2756 4.79 1.05 8.48 213 367 358 394 229 
-0.5819 0.1932 0.2070 0.7623 106.37 34.94 -5.69 5.37 1.31 9.28 -1.0200 -0.1000 1.2200 -0.1300 -7.0011 0.1267 8.17 0.64 5.38 189 379 230 223 159 
-0.4844 0.5090 0.3492 0.6199 99.31 79.31 74.69 11.98 -3.91 -2.60 1.2600 -0.6700 -1.9500 -0.3178 -5.9744 5.2500 7.20 -5.48 -3.76 139 413 202 189 126 
-0.5013 0.8016 0.2323 0.2285 44.00 33.94 116.87 0.53 -4.59 -5.01 -2.9800 3.4800 -0.5900 1.6333 -0.5133 1.1700 4.22 -8.38 -2.83 137 425 208 199 130 
-0.6116 0.7579 0.1926 0.1202 20.37 25.12 100.75 5.60 -6.50 -3.51 2.6600 3.2900 -1.5400 3.6000 -0.7811 -1.3822 4.76 -8.55 0.57 139 433 214 204 134 
-0.7034 0.6669 0.2142 0.1205 24.37 27.50 91.56 6.51 -9.91 -5.02 5.5300 -3.0000 -8.6800 0.5767 1.3644 -0.4989 4.88 -8.48 -0.53 140 441 220 207 135 
-0.7136 0.6400 0.2107 0.1917 30.31 32.38 83.94 4.23 -5.95 1.85 -2.5700 2.5100 0.5600 -1.6867 0.2044 -0.4178 5.36 -8.20 0.40 146 419 217 210 139 
-0.6317 0.7083 0.1745 0.2623 52.75 39.75 97.62 6.84 -4.93 -1.83 -0.0200 1.4900 -1.1000 -1.3167 4.1189 -3.2189 7.93 -5.76 0.11 164 369 236 242 174 
-0.5047 0.6292 0.1599 0.5691 103.37 64.00 56.63 11.03 -2.34 2.85 2.3600 0.6500 0.4000 0.9922 1.2289 -2.2044 8.99 -1.68 3.52 177 355 272 272 189 
;
