-0.3781 0.0918 0.3680 0.8445 131.87 25.62 -37.88 4.16 5.38 6.86 -0.0500 -0.0500 -0.1000 0.0333 -0.0400 -0.1144 4.21 5.48 6.95 185 316 317 317 209 
-0.3701 0.0898 0.3721 0.8465 132.94 25.19 -38.69 4.29 5.50 6.81 0.1100 -0.0900 -0.1100 0.0744 0.0111 -0.0767 4.14 5.60 6.89 184 319 315 315 208 
-0.3653 0.0854 0.3768 0.8469 133.37 24.69 -39.63 4.03 5.71 6.94 -0.0300 0.2100 0.1600 0.0178 0.0333 -0.0033 4.08 5.71 6.84 185 326 317 317 209 
-0.3716 0.0878 0.3733 0.8455 131.69 27.00 -37.19 4.49 10.47 15.67 0.2400 6.1500 9.3400 -3.8000 -1.8889 1.5033 5.84 3.15 7.21 184 335 304 357 212 
-0.3699 0.3136 0.1901 0.8536 133.94 43.38 4.44 10.58 3.36 7.79 3.9000 5.0900 0.6300 -5.7400 -0.2633 2.6200 6.26 -4.78 5.83 179 340 340 375 215 
-0.3587 0.4607 -0.2533 0.7714 127.69 26.25 67.94 3.89 -0.72 -1.60 -0.3100 6.7000 -3.8800 -4.6467 0.8378 3.8378 1.65 -9.66 0.06 179 359 334 388 218 
-0.3408 0.4228 -0.6354 0.5490 113.44 -1.56 103.31 -4.07 -6.60 -8.64 -2.8500 2.1600 -5.0700 0.6322 -0.8544 0.6300 -1.10 -9.50 -2.15 177 357 340 394 217 
-0.3938 0.3874 -0.6516 0.5199 106.37 -5.75 95.69 -2.72 -7.86 -4.55 -1.8600 2.4000 -5.0100 2.7311 -1.4389 -1.1056 -0.27 -9.75 0.94 177 358 340 395 218 
-0.4601 0.3726 -0.4728 0.6526 111.75 6.12 65.44 3.62 1.65 -6.52 4.0000 11.8300 -12.3600 8.7000 0.0522 -1.7678 2.20 -3.83 8.75 181 381 339 412 219 
-0.5603 0.0200 0.1071 0.8211 108.00 5.87 -20.19 -0.67 23.33 16.38 -4.5400 15.6300 8.7000 4.3078 0.0022 2.2722 0.88 7.37 6.39 181 390 370 418 220 
-0.6221 -0.2414 0.3749 0.6436 93.00 10.31 -51.50 0.47 10.04 9.55 -1.1000 2.2700 3.0600 -1.8200 -1.5867 -0.4667 2.50 6.81 6.59 178 386 360 413 219 
-0.5830 -0.1145 0.3690 0.7147 102.62 16.12 -42.06 2.99 6.62 8.97 0.0500 0.7600 2.4000 -1.2767 -2.0433 0.3800 3.78 5.58 7.11 183 371 209 179 152 
-0.5239 0.1618 0.3956 0.7368 109.12 53.63 -27.12 12.13 3.52 5.12 3.9700 -0.5400 -0.4400 -1.1000 -6.4022 4.7044 9.70 -1.05 0.95 125 383 175 165 122 
-0.5527 0.5984 0.4103 0.4099 60.25 63.88 96.69 5.02 -4.05 -3.03 -7.2500 0.2400 -2.6400 3.1078 2.0378 0.3322 8.25 -5.10 1.39 127 397 184 172 125 
-0.7381 0.4737 0.3875 0.2840 41.31 57.75 54.81 4.79 -1.81 2.93 -3.4900 2.4800 -0.5400 2.0689 0.1267 -0.7511 8.44 -3.10 3.89 131 394 193 175 124 
-0.7953 0.3163 0.4280 0.2903 40.13 59.75 26.56 9.38 0.86 4.48 0.8800 2.8400 -0.1900 0.1867 0.3200 0.1989 8.35 -2.07 4.68 133 377 201 178 124 
-0.8155 0.2836 0.4168 0.2843 38.50 56.31 24.94 8.74 0.12 5.37 -0.8200 2.2100 -0.4200 -1.1022 0.9589 -0.2489 7.84 -2.57 5.28 134 387 205 180 127 
-0.8112 0.3273 0.3428 0.3425 47.00 50.63 29.31 8.98 -2.08 4.09 1.8400 0.1600 -1.4400 -1.7533 1.5167 -0.3456 7.08 -3.67 5.69 134 393 205 181 130 
-0.7898 0.3912 0.2411 0.4062 55.00 43.44 36.88 4.65 -6.48 5.75 -1.9700 -1.3700 1.1500 0.1478 1.2789 -0.3833 6.19 -4.14 6.36 137 407 209 186 134 
-0.7872 0.3743 0.1746 0.4580 60.31 38.06 33.19 6.16 -4.64 5.96 0.3200 -0.1700 -0.2600 -0.2522 0.3967 0.1700 5.82 -4.39 6.54 140 409 209 187 137 
-0.7923 0.3747 0.1448 0.4593 60.31 34.25 34.56 6.88 -2.37 6.96 1.0800 2.4900 0.0400 -1.5833 1.6244 0.5422 4.56 -5.50 6.71 164 370 225 239 189 
-0.7665 0.4047 -0.0329 0.4976 70.31 14.19 47.50 2.65 -6.17 4.86 -0.4500 0.6400 -2.0600 -4.3556 7.1533 0.2978 -0.68 -8.76 4.34 172 352 313 365 208 
-0.5217 0.3535 -0.5326 0.5650 95.62 -9.19 83.37 -3.03 -11.11 -2.80 -0.9200 -0.6500 -3.3300 -1.6311 0.4111 -0.8589 -1.03 -9.72 -0.65 161 365 338 394 211 
-0.4202 0.4103 -0.6129 0.5286 106.62 -3.37 95.25 -1.19 -7.86 -9.53 0.5500 2.1000 -9.7700 3.9067 0.7344 -1.0156 0.23 -9.65 1.71 158 343 338 392 212 
-0.4596 0.2793 -0.3965 0.7440 116.31 4.44 47.19 3.29 9.49 8.24 3.5200 16.4600 7.3900 8.6144 1.2422 0.4389 0.75 -0.98 9.72 169 363 355 409 217 
-0.5433 0.0499 0.0052 0.8380 115.94 7.06 7.87 3.73 6.52 21.32 4.1700 9.6800 6.1100 -8.1089 0.0278 -0.8289 1.85 -6.06 7.47 163 362 360 408 216 
-0.3992 0.3415 -0.4017 0.7501 124.81 9.69 74.75 0.01 -5.64 -20.04 -0.4200 0.3100 -25.9700 -0.1711 -0.3756 0.4267 1.22 -9.65 1.21 153 347 348 390 213 
-0.4273 0.3187 -0.3870 0.7524 119.87 10.13 46.69 4.36 21.10 1.43 2.4000 30.9500 15.2600 8.4411 2.5978 0.4811 1.12 1.63 9.60 175 376 368 408 216 
-0.5366 0.0052 0.1218 0.8350 115.31 8.88 -7.31 1.75 8.98 17.80 1.3500 10.1700 5.0000 -8.1044 -0.7467 -0.4900 2.38 -4.62 8.30 169 371 369 403 216 
-0.4164 0.3310 -0.3192 0.7844 124.00 13.19 65.75 2.12 -3.74 -6.70 0.1900 5.6700 -9.4700 -4.8144 0.0433 1.9800 0.87 -9.76 0.06 166 340 323 335 208 
;
