0.0434 0.4056 0.0919 0.9084 185.44 46.75 -17.12 7.05 1.96 6.42 -0.0700 0.0200 0.0200 0.0133 -0.0067 -0.0056 7.14 1.99 6.41 185 306 305 316 191 
0.0431 0.4053 0.0925 0.9085 185.37 46.75 -17.19 7.16 2.05 6.44 0.0100 0.0500 0.0600 0.0111 0.0044 0.0000 7.15 1.99 6.40 190 304 299 317 190 
0.0416 0.4048 0.0948 0.9085 184.94 46.75 -17.75 7.29 5.72 13.38 1.3800 6.5300 8.6400 0.2611 -1.4800 0.6633 7.85 1.57 5.66 188 345 326 330 206 
0.0419 0.4709 -0.0185 0.8810 187.87 53.94 12.56 11.36 3.52 6.88 4.5600 6.2000 0.2100 -6.6589 2.3711 2.5278 6.22 -5.34 5.38 183 361 324 357 211 
0.1110 0.2323 -0.5120 0.8195 196.00 23.37 77.25 5.02 1.24 -6.21 0.7600 10.4600 -7.4000 -8.5322 2.1744 3.7267 1.35 -9.04 -3.52 174 365 324 334 207 
0.0461 -0.0853 -0.9050 0.4141 190.50 -0.75 132.00 -3.38 -3.04 -9.77 -2.5100 3.5300 -2.1600 1.4044 -0.0678 1.0189 -1.05 -7.78 -5.87 179 353 330 352 208 
0.0167 -0.1420 -0.8581 0.4932 183.56 -5.37 116.25 -0.15 -3.51 -11.09 0.5800 7.9900 -8.7500 7.9889 -1.6333 -1.5800 0.12 -9.69 1.49 178 346 332 357 212 
0.0318 0.0278 -0.4451 0.8945 184.44 7.06 33.38 5.48 15.54 -0.36 6.6900 21.7800 -5.5900 11.4467 1.9111 0.9744 1.18 3.66 9.01 198 391 346 399 218 
-0.0434 0.0610 0.2757 0.9583 173.87 9.88 -33.38 0.07 13.02 17.75 0.5600 5.7900 7.1500 -1.4033 -1.7278 0.1733 2.89 4.70 8.09 198 387 347 387 218 
-0.0342 0.1679 0.2289 0.9583 176.12 20.25 -26.00 2.99 5.95 10.37 -0.3200 2.4400 2.5600 -1.3889 -0.8111 0.3900 4.10 2.95 8.40 194 364 307 345 212 
-0.0294 0.2795 0.0809 0.9563 176.37 38.88 1.31 8.76 6.81 14.09 2.3500 7.0200 3.0300 -5.7544 -6.1122 5.4133 7.46 -5.52 3.14 100 287 151 161 98 
-0.2960 0.6088 -0.3488 0.6482 107.87 21.37 91.87 2.01 0.33 -4.12 -8.6500 8.9800 -1.4600 2.6189 1.4967 4.2489 -0.55 -9.62 1.81 100 267 158 169 103 
-0.5735 0.4048 -0.4915 0.5154 85.94 -8.31 80.50 -6.27 -5.78 2.51 -1.0800 3.8000 0.0700 -1.1600 0.4889 -1.3178 -0.55 -9.76 0.71 107 303 164 177 107 
-0.4669 0.4655 -0.5223 0.5408 100.06 2.62 90.12 2.84 -10.44 -2.46 2.2100 -1.1000 -5.9900 -0.1611 -0.5189 -0.3944 0.86 -9.76 -0.24 111 309 170 178 108 
-0.5314 0.4398 -0.4476 0.5691 93.00 -0.94 69.50 -0.85 4.83 1.36 -2.2800 16.1500 2.6700 7.8100 -0.6878 2.2633 -1.82 -5.24 8.08 113 327 168 177 110 
-0.7068 0.0854 -0.2474 0.6572 85.31 -13.06 28.25 -4.12 -2.31 8.66 -1.6100 2.0900 -0.3300 -1.6444 -0.3378 -0.8933 -1.79 -5.64 7.81 108 332 176 181 114 
-0.6716 0.1879 -0.2875 0.6566 88.94 -6.19 41.50 -1.78 -4.60 9.90 -1.1200 2.3700 3.1800 -2.4167 -1.4878 -1.3367 0.53 -7.69 6.05 142 346 176 181 117 
-0.5313 0.4135 -0.3019 0.6750 111.19 20.06 63.06 6.75 -9.44 0.38 -0.8600 -2.2500 -4.5700 2.0600 0.5722 -5.6633 6.54 -5.34 4.98 135 384 185 185 120 
-0.2834 0.4737 -0.0912 0.8289 139.19 48.56 33.69 11.39 -0.61 3.12 2.4200 3.2300 -1.4200 3.2067 -0.4678 1.3189 7.33 -2.83 5.86 137 391 189 190 122 
-0.4431 0.4243 0.0720 0.7864 118.56 45.81 21.06 6.47 0.95 5.99 0.1400 3.3400 -0.7100 0.5556 0.1122 0.7156 6.83 -2.46 6.58 118 375 208 190 121 
-0.5176 0.3896 0.0861 0.7569 110.75 41.63 23.37 6.32 -1.03 6.09 -0.3500 1.7400 -0.8400 -1.3744 0.4722 0.3600 6.03 -3.72 6.77 117 385 196 189 118 
-0.4931 0.4026 -0.0278 0.7708 117.00 35.50 36.44 11.29 -1.79 2.18 5.9100 2.9600 -4.2700 -2.6556 3.3256 -1.4278 4.93 -5.58 6.36 113 397 207 191 123 
-0.3416 0.3451 -0.2137 0.8477 137.56 24.56 42.31 2.38 -8.50 8.52 -1.7300 -1.1700 3.0100 -0.6078 1.6867 -0.5933 3.81 -6.03 6.72 102 405 216 194 125 
-0.3077 0.3145 -0.2428 0.8646 140.00 23.56 42.63 4.49 -4.58 5.88 -0.0900 2.5600 0.1800 0.0656 -1.9789 1.2622 4.20 -6.44 6.08 125 387 215 200 137 
;
