0.0363 0.6022 0.1870 0.7753 185.37 66.62 -57.44 11.23 3.81 1.58 1.9100 0.5800 -0.5800 -0.5089 1.5656 0.5156 8.85 2.90 3.04 174 313 294 311 192 
0.0228 0.5439 0.1416 0.8268 182.81 63.00 -33.13 11.09 3.30 6.51 3.4400 0.8300 3.6900 0.1889 0.4589 0.5811 8.67 1.97 4.11 183 318 298 325 194 
-0.0231 0.4946 0.1130 0.8615 175.25 55.94 -12.94 10.28 4.39 10.99 2.8800 4.5100 3.3800 -3.8189 1.8333 1.6433 7.31 -1.16 6.42 187 335 308 312 198 
-0.0283 0.3681 -0.1727 0.9131 177.12 37.38 36.94 7.36 0.30 2.14 2.1000 6.0400 -3.1700 -5.5178 1.4078 2.6389 4.10 -7.90 4.09 178 355 309 337 199 
-0.0292 0.1998 -0.5993 0.7747 174.62 10.69 86.56 1.67 -3.24 -4.23 -0.8500 6.0100 -4.2500 -5.1944 1.2333 2.6978 -0.34 -9.13 -3.56 173 368 316 340 197 
-0.0751 0.0145 -0.8669 0.4925 161.37 -7.94 123.25 -4.76 -7.10 -9.59 -2.8200 1.0600 -3.4300 0.9611 0.1133 0.0389 -1.53 -8.27 -5.03 174 345 314 336 200 
-0.0715 -0.0175 -0.8524 0.5178 166.06 -6.50 112.87 -1.77 -4.11 -10.03 -0.1300 5.9200 -7.2500 5.1622 -1.2756 -2.0633 0.01 -9.78 -0.65 180 344 299 321 201 
-0.0622 0.0912 -0.5832 0.8048 171.19 6.37 56.31 2.11 10.83 -4.29 3.3900 19.1300 -7.7000 11.5322 -1.2156 -0.7689 2.00 -0.27 9.59 199 367 318 384 216 
-0.1113 0.0639 0.1848 0.9744 166.44 9.38 -26.12 3.84 10.59 21.21 1.9000 5.1000 11.0000 0.1056 -1.3944 -0.0189 2.51 4.57 8.29 200 368 326 375 215 
-0.0941 0.1379 0.2385 0.9567 169.50 19.37 -25.37 3.41 3.72 8.60 0.0000 -0.1400 0.0100 -0.7856 -0.3300 -0.1167 3.50 3.49 8.46 201 368 328 364 214 
-0.0657 0.1697 0.1908 0.9646 172.25 18.81 -22.37 2.65 2.37 6.68 -0.3500 -1.2700 -1.4300 2.5356 0.2967 0.1133 2.79 4.89 8.02 184 332 323 333 216 
-0.0886 0.1185 0.3214 0.9353 169.25 14.50 -37.94 5.10 7.25 17.30 2.6800 1.5600 8.1200 -3.0633 7.8367 -3.2300 -1.93 4.40 8.54 208 175 172 179 119 
-0.0319 -0.2220 0.1091 0.9684 177.31 -33.63 -7.50 -0.73 0.72 7.48 7.6200 -0.1800 -1.5700 -2.4678 3.0067 -0.8667 -7.51 -0.98 6.22 208 184 164 171 108 
-0.0498 -0.4519 -0.0897 0.8862 169.50 -55.63 9.19 3.34 1.66 -0.94 10.5200 2.6900 -6.3500 -0.0733 -0.7544 3.3167 -7.85 1.09 5.77 210 197 179 178 109 
-0.2623 -0.4227 0.0134 0.8674 143.12 -42.50 -23.75 -19.84 3.85 12.49 -11.5600 0.5800 5.0300 -0.3711 -1.1889 -0.8178 -5.91 2.65 7.35 214 197 183 203 112 
-0.2570 -0.3394 0.0272 0.9044 148.75 -36.63 -15.44 -2.67 2.75 5.70 3.0200 0.4700 -1.7400 0.3567 0.2044 0.5633 -5.86 2.42 7.47 210 199 181 184 123 
-0.2690 -0.3473 0.0527 0.8968 146.56 -36.19 -21.56 -5.67 2.49 8.90 0.3200 -0.4100 1.4300 0.0511 -0.3922 -0.1422 -5.61 2.95 7.47 208 198 182 186 118 
-0.2573 -0.3146 0.0678 0.9112 150.00 -29.25 -17.37 -6.50 2.12 11.80 -2.1600 0.0000 2.5900 -1.3889 -6.4322 -2.7500 -0.19 0.91 9.76 135 394 183 184 111 
-0.1047 0.2383 0.0002 0.9655 165.31 48.19 14.13 8.19 -2.08 -3.24 -1.0100 -0.7900 -7.8900 -1.0833 -11.0122 5.4767 8.05 -5.34 -1.63 115 416 189 183 110 
-0.3334 0.7933 -0.1472 0.4877 101.31 37.69 114.75 4.50 -6.29 -1.43 -0.4000 0.8100 1.0900 1.4433 -1.8667 0.8244 4.85 -7.87 -3.26 124 405 190 194 112 
-0.4905 0.7808 -0.1079 0.3716 72.69 28.06 101.19 3.53 -6.80 -0.43 -1.0600 2.0900 0.9700 1.8500 0.4778 -0.1133 4.64 -8.63 -0.20 129 417 183 182 121 
-0.5876 0.6873 -0.0713 0.4211 73.44 30.56 84.62 6.43 -9.20 -3.76 -5.1600 1.3300 2.4500 0.1544 -0.2833 -0.5211 5.32 -8.11 1.39 128 426 188 184 114 
-0.5959 0.6661 -0.0510 0.4456 75.25 31.37 84.81 3.02 -8.82 1.10 0.8600 -2.2500 -5.3400 -1.4011 0.6478 -0.1744 5.07 -8.39 -0.04 125 429 198 187 116 
;
