0.0546 0.5114 0.1216 0.8489 187.31 58.75 -30.37 8.35 2.54 4.43 -0.0200 0.0000 0.0800 -0.0044 0.0111 0.0067 8.38 2.57 4.39 189 303 281 285 176 
0.0545 0.5111 0.1217 0.8491 187.31 58.69 -30.31 8.33 2.55 4.46 -0.0800 0.0000 0.1100 -0.0067 0.0067 0.0044 8.38 2.57 4.39 184 308 286 284 177 
0.0541 0.5110 0.1214 0.8492 187.25 58.69 -30.19 8.33 2.57 4.47 -0.0500 -0.0100 0.1000 -0.0144 0.0078 0.0167 8.38 2.54 4.41 185 303 281 283 174 
0.0515 0.5092 0.1179 0.8510 186.44 58.63 -27.62 12.16 3.79 5.87 4.7500 2.2700 2.2700 -0.9789 0.8933 1.6033 8.29 1.28 5.06 188 326 268 257 168 
0.0049 0.4821 -0.0059 0.8761 181.75 55.56 10.00 9.72 -1.15 9.14 1.5500 1.8900 1.5300 -5.8056 5.7933 0.8611 5.72 -4.04 6.85 173 418 203 194 147 
0.1642 0.1409 -0.3745 0.9017 206.31 19.56 46.94 1.75 -4.68 -0.48 -0.9600 3.9400 -6.4300 -0.2189 2.3578 -1.8956 2.99 -6.63 6.56 169 426 205 202 150 
0.3626 0.0154 -0.3755 0.8528 226.31 16.00 38.06 10.64 -2.29 7.32 8.0200 2.0600 1.0300 1.8722 0.0322 1.7900 1.98 -4.86 8.28 169 426 204 206 152 
0.2671 0.0125 -0.2622 0.9272 206.87 7.81 29.75 -0.22 -9.23 16.71 -2.3100 -3.4400 7.9500 -1.8011 0.0544 2.8644 0.22 -5.89 7.83 172 427 212 208 156 
0.0743 -0.0565 -0.3721 0.9235 187.50 -4.87 49.13 -6.36 -5.11 9.01 -5.3600 3.4500 2.6000 -3.0700 1.3733 -0.0878 -1.41 -8.77 4.13 170 427 209 210 154 
0.1026 -0.1462 -0.5690 0.8027 198.94 -5.19 75.75 -4.25 -1.26 3.16 -2.6900 8.3900 0.5100 -1.3333 2.1189 -1.5700 0.01 -9.73 1.17 171 432 208 210 155 
0.2696 -0.2220 -0.6356 0.6885 228.50 2.94 84.06 3.04 -3.33 -1.63 3.4600 6.3500 -2.2300 1.9378 2.6322 -0.9144 0.84 -9.49 2.31 175 423 210 212 155 
0.4471 -0.2656 -0.4961 0.6953 244.81 3.00 63.50 9.15 -6.20 5.06 8.6300 1.6800 0.5100 3.6800 -1.0689 1.0444 0.22 -7.33 6.50 175 414 214 212 153 
0.4113 -0.1260 -0.3060 0.8493 226.00 4.19 32.19 2.92 -7.95 14.85 0.5200 -3.4900 6.5700 2.8611 -3.8356 2.8433 2.07 -3.45 8.94 175 400 221 219 156 
0.1793 0.1296 -0.1903 0.9565 198.50 20.56 21.37 -1.23 -1.22 11.11 -4.9700 3.1900 0.9700 -0.9233 -0.3856 1.0300 3.60 -4.23 8.07 180 358 234 224 162 
0.0901 0.1584 -0.2569 0.9491 188.44 20.50 27.81 2.10 -4.92 7.45 3.1600 -2.1600 3.2700 3.3089 -0.6722 1.1867 3.90 -2.66 8.58 210 211 210 178 132 
-0.0107 0.1153 -0.1288 0.9849 177.25 2.37 15.31 3.14 -4.67 8.22 5.6200 -1.1800 -3.2100 -0.3244 7.4278 3.3222 -5.45 -2.12 7.86 213 196 186 173 124 
-0.1677 -0.4161 -0.1264 0.8847 152.62 -55.25 0.31 4.23 3.79 -0.89 9.7500 3.7500 -5.3600 0.9156 -0.9578 4.7356 -7.17 3.36 5.78 217 204 189 176 124 
-0.4160 -0.4155 0.0751 0.8054 124.00 -34.69 -36.19 -12.95 5.36 10.92 -5.7800 1.0300 5.4700 -0.0656 -1.0411 -1.6422 -5.17 4.33 7.11 212 204 195 181 128 
-0.3530 -0.3373 0.0734 0.8696 138.06 -32.50 -22.62 -3.05 3.51 6.91 1.7800 0.3700 -1.1500 -0.5167 -0.2911 -0.8122 -5.22 2.38 7.95 212 208 193 180 127 
-0.2889 -0.2894 0.0263 0.9122 145.94 -29.50 -13.06 -4.88 0.88 10.25 -1.8000 -0.6900 2.5300 -0.5867 -0.6456 -0.3356 -4.45 1.46 8.61 212 210 192 184 127 
-0.2566 -0.2258 -0.0223 0.9395 152.75 -26.12 1.25 -9.87 3.20 11.55 -2.2300 6.5200 1.4000 -4.1933 0.0756 -5.7833 -3.08 -4.76 7.99 207 420 199 185 134 
0.1113 -0.1279 -0.3581 0.9182 203.31 -0.88 49.63 4.37 -1.46 0.27 1.0100 5.1800 -5.8800 -1.0567 1.4189 -4.1378 1.54 -7.97 5.49 184 429 210 195 140 
0.4108 -0.0923 -0.4393 0.7936 237.50 12.31 48.38 11.31 -4.70 5.42 8.9700 1.4900 0.1400 2.7100 -0.0311 1.0967 1.67 -5.74 7.76 175 431 214 200 142 
0.3782 -0.0421 -0.2723 0.8838 220.69 6.06 29.44 0.15 -8.49 18.87 -1.6600 -2.9600 11.3700 -0.6778 -0.9778 3.2011 0.38 -5.29 8.24 179 426 212 201 142 
0.1302 -0.0533 -0.3350 0.9316 193.37 -1.87 42.81 -6.09 -5.21 11.10 -5.6600 2.5400 4.1000 -3.4722 1.0033 0.6467 -1.25 -8.33 5.00 179 432 213 206 145 
0.0813 -0.1397 -0.5467 0.8216 194.44 -7.12 73.62 -3.70 -2.34 2.58 -2.3100 7.6300 0.2900 -2.1611 1.5989 -2.0711 -0.01 -9.75 1.01 177 435 215 210 146 
0.2320 -0.1720 -0.6752 0.6788 222.81 6.81 90.50 1.36 -3.25 -2.10 0.1900 6.0200 -1.9400 -0.2278 2.1467 -0.7722 1.93 -9.61 -0.17 175 427 217 208 145 
0.3885 -0.2343 -0.6465 0.6134 247.37 12.25 83.00 9.10 -2.24 -0.15 8.9500 7.1700 -1.6800 3.3467 0.9722 0.5922 1.57 -9.02 3.49 170 422 223 207 145 
;
