0.8041 -0.0886 -0.5580 -0.1849 25.87 68.81 -10.25 9.27 0.59 3.34 0.0600 -0.0400 -0.0500 0.0356 -0.1767 -0.0344 9.19 0.66 3.33 177 344 346 389 217 
0.7947 -0.0894 -0.5710 -0.1854 26.31 70.44 -12.31 9.25 0.84 2.85 0.0400 0.1800 -0.3900 0.0033 -0.1300 -0.0478 9.27 0.74 3.08 175 342 346 388 217 
0.7871 -0.0881 -0.5813 -0.1865 26.69 71.50 -14.38 9.39 0.70 2.86 0.1100 0.0000 -0.1000 -0.0233 -0.0422 0.0411 9.30 0.77 2.99 180 341 346 386 217 
0.7863 -0.0945 -0.5812 -0.1870 26.81 71.62 -8.81 11.57 3.74 6.99 2.5900 4.0100 3.9700 -4.0767 0.2644 1.4378 9.19 -1.21 3.17 203 341 326 339 211 
0.7574 -0.3323 -0.4705 -0.3074 51.88 61.13 33.75 10.92 1.21 5.57 2.9100 3.3300 2.8300 -5.3678 2.2200 1.0422 7.56 -4.75 4.03 208 390 351 433 220 
0.6729 -0.5617 -0.1076 -0.4692 71.75 36.38 69.25 7.74 -3.55 -2.95 2.7800 4.6700 -4.4500 -4.2233 1.5933 3.2656 3.58 -9.11 0.58 202 395 345 442 220 
0.5667 -0.6778 0.2693 -0.3832 65.50 7.62 97.25 0.34 -5.81 -4.64 -1.1500 3.4700 -3.1700 -1.4211 0.0700 1.9656 -0.25 -9.50 -2.40 201 384 357 428 221 
0.5458 -0.6702 0.4193 -0.2775 52.56 -5.87 103.00 -1.66 -6.94 -9.61 0.7800 3.9700 -8.1200 5.0611 -1.2744 -0.0733 -1.10 -9.61 1.56 191 359 343 388 219 
0.8077 -0.4370 0.2186 -0.3300 42.69 0.88 43.00 3.14 5.67 -1.20 1.0800 14.2800 -0.2500 11.6856 -2.2511 -0.5867 1.72 0.27 9.65 209 381 352 410 223 
0.9289 0.0395 -0.1656 -0.3290 38.50 18.62 -13.75 6.14 6.16 15.79 2.3600 3.6600 6.8000 -0.0156 -0.7144 0.1489 3.48 2.45 8.83 209 368 351 398 222 
0.9178 0.0270 -0.2220 -0.3281 40.00 23.50 -9.00 4.59 1.30 11.76 1.2200 0.5200 1.9200 -3.0089 2.2911 0.0311 2.46 -0.73 9.46 211 217 220 210 133 
0.9298 -0.0879 0.0604 -0.3523 40.38 -14.50 14.88 -2.74 -3.24 2.87 2.1700 -0.1800 -5.7500 0.9967 3.4000 1.9778 -5.27 -1.59 8.10 214 170 175 185 109 
0.9138 0.0724 0.3149 -0.2459 27.06 -39.25 -4.19 -9.37 1.27 12.99 -3.3000 -0.0200 5.3900 -0.1978 -0.2300 0.0978 -6.10 0.95 7.61 214 175 183 190 114 
0.9217 0.0879 0.3077 -0.2192 27.94 -36.50 1.06 -5.51 0.14 7.25 -0.1800 0.4300 -1.0300 -0.4978 -0.8989 -0.9278 -5.36 -0.92 8.15 213 198 204 205 131 
0.9224 0.0078 0.2273 -0.3120 41.69 -19.94 8.69 1.19 0.72 6.49 7.0200 1.9200 -4.8100 3.1378 -7.6733 -3.3100 2.01 0.08 9.59 211 359 318 368 206 
0.8558 -0.0466 -0.2667 -0.4407 49.63 40.13 -13.38 6.74 0.57 6.15 -0.7500 -0.2800 1.4300 1.7456 -2.2600 1.6633 8.18 1.50 5.18 210 369 343 410 213 
0.8257 -0.0621 -0.4915 -0.2698 36.31 58.25 -18.56 10.13 3.69 7.01 3.2000 3.1700 2.9800 -0.3256 -0.2933 -0.0778 8.64 1.60 4.34 194 348 347 390 212 
;
0.7934 -0.0969 -0.5335 -0.2767 38.38 64.75 -18.19 8.42 0.98 3.44 -0.2000 -0.1800 -0.2900 -0.1456 0.0233 -0.0022 8.89 1.22 3.94 182 350 348 386 212 
0.7890 -0.1135 -0.5359 -0.2783 38.69 65.44 -16.37 9.26 0.73 3.87 0.1100 -0.3000 0.1200 0.1800 0.2122 0.0278 8.87 1.17 3.99 180 348 347 390 210 
0.7942 -0.1071 -0.5322 -0.2731 38.00 64.62 -16.44 9.13 1.40 4.05 0.5200 0.2000 0.1000 -0.1344 -0.0311 -0.0233 8.88 1.11 4.00 186 358 350 398 216 
0.7941 -0.1446 -0.5232 -0.2736 38.00 65.56 2.75 12.73 2.32 10.93 4.0900 2.8000 6.8600 -4.5811 0.8522 1.8033 8.50 -2.91 3.90 180 366 345 403 218 
0.7565 -0.4708 -0.3143 -0.3277 49.50 46.44 61.69 9.36 -4.02 -0.22 2.7200 2.7300 -3.4100 -3.6711 2.7422 2.4589 5.34 -7.89 2.27 181 373 347 412 218 
0.6825 -0.6398 0.0291 -0.3521 55.00 19.62 82.12 2.17 -5.91 -3.11 -0.8000 3.3400 -3.7100 -2.3822 1.2844 1.7611 1.87 -9.61 -0.35 179 377 349 419 217 
0.5865 -0.6960 0.2661 -0.3173 57.69 5.94 97.44 0.16 -7.04 -7.10 -0.9900 2.6700 -6.2500 1.4256 0.1844 0.3778 0.63 -9.77 -0.49 178 353 343 416 217 
0.6703 -0.6014 0.2711 -0.3398 50.63 2.31 73.00 1.46 -2.67 -4.02 1.9400 6.9500 -6.7600 8.6389 -2.2022 -0.0833 1.28 -6.06 7.59 191 355 338 405 220 
0.9315 -0.1202 -0.0695 -0.3363 37.19 12.69 -4.50 3.61 13.97 20.89 -0.1000 9.5200 12.4200 1.6767 -1.0867 0.5067 2.92 2.92 8.89 203 363 340 377 220 
0.9284 0.0846 -0.2124 -0.2930 35.75 22.12 -15.31 2.31 3.64 11.00 -2.0800 1.6300 1.6300 -2.5167 -2.9122 0.3844 5.53 0.58 8.07 201 274 250 253 172 
0.8766 -0.1552 -0.3608 -0.2780 33.50 51.00 13.25 7.52 -2.89 5.32 3.0300 -2.4200 -1.2600 -2.4344 7.7600 -0.1433 5.20 -2.66 7.86 212 179 179 191 111 
0.9200 -0.1432 0.0488 -0.3615 40.69 -13.38 16.62 2.00 0.30 5.04 5.4200 2.7200 -4.1700 1.2733 2.7622 3.7733 -5.11 -0.87 8.32 213 180 174 186 105 
0.9417 0.0687 0.2767 -0.1787 20.19 -32.19 -4.00 -10.89 0.71 11.60 -4.7000 0.0700 3.5100 -0.2944 -0.5122 -0.9244 -5.02 0.31 8.41 213 185 182 192 112 
0.9457 0.0374 0.2408 -0.2148 28.06 -24.00 4.87 -2.87 -0.31 7.21 1.2100 0.5900 -3.4800 0.3444 -6.8356 -2.6978 0.41 -1.16 9.72 209 268 237 250 163 
;
