-0.0844 0.4498 0.2061 0.8649 168.87 54.56 -28.94 8.32 2.59 4.48 0.4200 -0.1300 -0.1600 0.2878 0.0611 -0.0044 8.00 2.83 4.89 181 327 329 285 187 
-0.0902 0.4485 0.2158 0.8626 167.81 54.25 -29.94 7.78 2.88 5.15 -0.1100 0.0000 0.1600 0.0022 -0.0444 0.0189 7.96 2.86 4.94 179 324 323 286 190 
-0.0926 0.4486 0.2166 0.8621 167.75 54.50 -29.94 8.01 2.82 5.04 -0.0100 -0.0200 0.0500 -0.0444 -0.0656 -0.0078 8.00 2.82 4.90 179 331 331 292 188 
-0.0901 0.4526 0.2142 0.8609 168.06 54.88 -29.87 7.97 2.79 4.95 -0.0100 0.0000 0.0400 -0.0189 -0.0322 -0.0100 8.04 2.80 4.86 184 326 325 297 189 
-0.0887 0.4551 0.2129 0.8600 168.25 55.19 -29.94 8.04 2.83 4.87 0.0000 0.0100 0.0600 -0.0289 -0.0211 0.0067 8.06 2.78 4.84 182 322 326 296 190 
-0.0874 0.4594 0.2097 0.8586 168.06 56.44 -29.19 11.63 5.60 8.33 3.6700 3.7200 4.5800 -1.1156 -0.1956 0.9533 8.43 1.76 4.68 188 370 330 336 210 
-0.1088 0.4750 0.1013 0.8673 165.31 53.69 2.37 13.34 5.48 10.87 4.2600 7.2200 2.6400 -6.0844 3.4211 2.0444 6.07 -4.21 6.43 186 383 336 356 213 
-0.0602 0.3075 -0.3798 0.8704 173.25 24.19 65.44 4.81 -0.48 -2.20 0.7700 7.7200 -4.9100 -7.0800 2.2011 3.0867 1.63 -9.63 -0.77 184 381 342 343 213 
-0.0235 0.0813 -0.8086 0.5823 172.00 0.44 115.25 -3.40 -4.91 -12.50 -1.5500 2.9200 -7.1700 -0.0522 -2.5144 -0.0689 -1.03 -8.59 -4.60 175 371 339 355 212 
-0.1399 0.0867 -0.8246 0.5413 154.75 -7.56 108.56 -5.23 -5.47 -5.19 -4.6200 3.9200 -4.2800 3.0778 -0.7344 -1.5556 -0.48 -9.73 -1.07 173 370 355 380 212 
-0.1058 0.1652 -0.6260 0.7547 166.69 12.25 70.25 2.09 3.94 -3.12 0.5300 12.6600 -7.2500 8.9011 -0.7289 -3.1433 4.20 -4.71 7.50 175 374 320 364 215 
-0.0603 0.2675 -0.0157 0.9615 171.69 28.50 -10.81 6.72 13.92 20.91 1.0600 9.6800 14.2000 2.8344 0.3267 -0.1333 4.07 4.52 7.68 185 385 350 375 220 
-0.0805 0.2551 0.2552 0.9291 171.25 33.38 -28.94 6.68 4.53 8.90 0.7200 0.6600 1.4500 -1.0167 -0.9689 0.4100 6.02 3.21 7.04 184 383 348 372 218 
-0.0628 0.3444 0.1703 0.9211 172.12 43.13 -18.19 8.90 2.26 10.60 1.8100 0.1800 4.5600 -2.0767 -3.5833 1.9367 8.28 0.39 5.23 158 342 212 205 153 
-0.1183 0.5795 -0.0184 0.8062 155.81 67.19 57.50 11.17 -3.26 0.12 1.5900 1.0400 -2.1900 0.5189 -3.3956 5.7500 6.95 -6.90 -0.31 101 323 170 177 123 
-0.4298 0.6706 -0.2366 0.5564 98.50 27.87 87.62 -1.64 -4.07 1.71 -5.4600 4.5300 1.4300 0.5700 0.2667 1.3178 3.45 -9.11 1.04 106 326 170 178 125 
-0.5171 0.6031 -0.2969 0.5298 92.25 19.56 85.12 1.97 -7.40 -0.54 -1.1400 1.2800 -2.0500 -0.6144 0.1000 -0.5744 3.71 -9.06 0.37 110 321 174 180 127 
-0.4861 0.6226 -0.2897 0.5406 94.12 22.75 84.62 8.33 -13.63 -12.68 4.3800 -3.5700 -15.1000 5.3822 -0.0300 1.6133 2.87 -8.38 4.18 114 325 182 185 126 
-0.7237 0.3638 -0.1534 0.5660 72.62 8.00 35.31 -3.58 9.60 16.66 -4.5100 14.0600 9.7000 2.8289 1.4444 -0.3644 0.55 -3.17 9.26 113 330 182 186 129 
-0.7836 0.1454 -0.0881 0.5975 75.94 3.12 21.87 0.49 -3.19 8.53 -0.0700 -0.0800 -0.8600 -1.3556 -0.0600 -0.7889 0.91 -4.62 8.60 115 331 185 187 131 
-0.7314 0.2452 -0.1248 0.6240 81.56 8.19 33.06 -0.70 -3.44 7.93 -3.4300 2.8700 0.0100 -0.8478 -0.7078 -1.2211 2.41 -5.73 7.57 145 311 218 221 167 
-0.6406 0.3511 -0.0971 0.6760 96.56 23.44 39.25 0.07 -3.40 2.85 -4.1600 2.4500 -4.6500 -2.3500 -1.2411 -3.9589 6.34 -5.15 5.41 141 316 324 327 210 
-0.3600 0.4861 -0.0609 0.7939 139.81 47.94 38.44 9.26 -6.36 -0.35 1.9700 -0.9700 -0.5600 -0.9689 -1.6933 -1.2522 8.10 -3.60 4.19 100 191 207 204 146 
-0.2110 0.5561 -0.0551 0.8020 151.75 65.56 41.31 18.91 0.13 -0.83 8.3200 2.5000 -2.8700 2.4044 -0.2256 -1.0278 9.40 -1.25 2.47 103 172 184 185 123 
-0.2375 0.6122 0.1422 0.7406 142.06 77.50 18.44 9.99 2.97 -2.26 -0.2600 4.1900 -5.2600 4.5889 -0.1644 0.7367 9.57 -0.53 2.06 102 178 190 186 123 
-0.3434 0.5870 0.2241 0.6980 128.44 74.81 24.69 11.05 3.21 6.20 3.5900 4.2000 1.6300 -3.2311 0.4344 0.0944 9.29 -1.72 2.60 105 184 190 188 126 
-0.2543 0.6082 0.0532 0.7501 144.19 69.37 46.69 5.64 -3.60 -5.05 -4.3600 -1.8200 -7.0300 -0.3256 0.2900 -0.1111 9.11 -2.61 2.48 109 187 190 193 125 
-0.2111 0.5891 0.0372 0.7792 150.31 71.00 24.44 11.03 -4.30 -5.01 1.9300 -2.9600 -8.0500 4.9111 -1.9844 -0.5722 9.58 -0.20 2.04 108 178 185 188 124 
-0.2781 0.6119 0.1889 0.7160 137.00 76.06 16.44 8.47 -1.43 5.92 -2.3400 -0.4200 3.7000 -1.8133 0.9844 0.5344 9.20 -1.20 3.16 114 179 199 198 135 
-0.2587 0.5731 0.0743 0.7740 145.81 66.25 31.81 6.64 -2.65 2.71 -2.3600 -0.4700 -1.4700 -2.0489 1.2967 -0.5678 8.73 -2.32 3.80 132 234 244 245 181 
-0.1326 0.5247 0.0021 0.8409 163.94 59.31 8.38 9.44 -2.61 2.22 1.1600 -2.0000 -2.1300 1.5000 2.9122 -3.1689 6.97 1.92 6.62 186 394 348 393 212 
-0.0515 0.3239 0.1838 0.9266 172.00 38.88 -25.50 9.14 4.68 6.65 2.6800 1.7700 0.5600 0.9533 -0.2367 0.4333 6.62 3.60 6.26 190 404 363 403 213 
-0.1071 0.3304 0.2551 0.9024 165.69 39.75 -32.06 5.14 6.37 8.54 0.0700 1.7600 1.7600 0.9067 -1.4722 0.3289 6.76 4.25 5.67 193 398 374 400 213 
;
