0.4716 -0.4026 -0.5239 -0.5840 102.12 74.62 -61.38 9.46 2.23 1.13 -0.0200 -0.0100 -0.0900 0.0078 -0.0033 0.0056 9.45 2.27 1.24 178 331 321 319 199 
0.4719 -0.4026 -0.5245 -0.5832 102.00 74.75 -61.81 9.58 2.33 0.94 0.1100 0.0600 -0.2100 0.0000 0.0689 0.0089 9.45 2.27 1.24 176 328 323 318 198 
0.4729 -0.4016 -0.5242 -0.5833 101.75 74.69 -61.06 11.46 3.75 2.25 2.0400 1.7200 1.4800 -0.1811 -1.3867 1.6844 9.67 1.44 0.73 183 350 332 345 201 
0.5009 -0.4645 -0.4460 -0.5783 99.81 76.06 11.81 14.48 5.84 5.56 5.1600 7.0400 1.9600 -7.6111 2.0856 4.1633 8.42 -4.44 2.32 187 376 326 374 201 
0.4222 -0.6494 0.1179 -0.6213 114.12 37.38 88.06 5.20 0.81 -5.82 0.0400 9.1400 -5.4200 -4.9600 2.2689 4.4967 3.18 -8.94 -2.43 185 376 329 382 200 
0.2803 -0.5845 0.6039 -0.4636 117.19 8.75 120.19 -1.97 -3.06 -11.13 -2.8800 4.2500 -5.4000 -0.5067 -0.7567 0.6200 0.63 -8.00 -5.63 182 369 336 377 199 
0.2942 -0.5679 0.6646 -0.3865 104.31 3.25 116.75 -0.21 -3.18 -11.00 0.0800 6.5800 -7.7500 8.2500 -0.8833 -0.7222 0.95 -9.74 0.50 190 355 329 383 205 
0.5757 -0.3743 0.3124 -0.6564 96.81 6.62 40.81 2.93 11.24 10.64 -0.2000 15.7000 7.9400 8.1222 -1.5011 0.5211 1.57 -0.73 9.65 205 348 339 406 212 
0.6973 -0.0703 -0.1237 -0.7026 90.69 18.62 -7.00 5.75 5.57 19.12 1.0600 3.9700 8.6600 -1.3744 -1.1933 -0.0911 3.97 0.66 8.93 203 337 317 388 210 
0.6453 -0.2297 -0.1323 -0.7165 98.75 38.31 16.94 -3.13 0.78 2.45 -6.9300 4.2100 -6.1300 -4.4156 -12.5211 1.5767 8.51 -4.45 -1.96 200 318 319 347 216 
0.3747 -0.8607 -0.2437 -0.2436 153.81 19.75 145.31 2.38 1.46 -7.52 -9.9700 1.4700 -2.9500 -2.1811 -2.0489 1.1056 1.13 -3.64 -9.03 208 313 296 337 219 
0.1707 -0.9717 -0.1562 -0.0475 161.06 9.63 162.37 4.78 -2.55 -11.08 3.0700 0.1100 -2.0700 -0.4622 0.8211 -0.3967 2.23 -2.46 -9.22 209 320 306 345 223 
0.1597 -0.9595 -0.1939 -0.1276 154.81 22.94 163.19 3.39 0.21 -12.48 -2.9100 3.0000 -4.2100 2.5378 4.5578 -1.9133 7.25 -3.08 -5.83 210 311 290 303 203 
;
