-0.1820 0.6146 0.3431 0.6866 150.31 75.56 -87.00 9.57 2.57 0.07 0.1200 0.1900 -0.0300 -0.1789 0.3322 0.0167 9.48 2.45 0.35 175 311 284 315 200 
-0.1846 0.6022 0.3347 0.7009 150.44 75.37 -76.94 9.41 2.43 0.67 0.1100 0.1200 0.1900 -0.0422 0.0833 0.0167 9.49 2.38 0.64 173 312 283 315 200 
-0.1877 0.5958 0.3294 0.7079 150.12 75.12 -72.25 11.84 3.09 1.49 3.4200 0.9200 1.3500 0.8811 0.5867 -0.0089 9.45 2.42 0.99 178 332 299 333 202 
-0.2338 0.5854 0.3416 0.6971 140.00 80.19 -54.81 15.74 4.95 7.20 5.9400 4.8100 5.0700 -3.4144 2.4478 3.6911 9.38 -1.48 2.43 187 397 335 400 213 
-0.2982 0.5834 -0.0321 0.7548 137.75 50.69 61.19 9.53 3.99 -2.75 1.1600 9.5700 -4.3600 -6.4722 2.4189 4.7267 4.53 -8.65 0.85 186 420 367 419 218 
-0.2205 0.4337 -0.6179 0.6177 140.69 9.50 106.31 -1.29 -2.55 -8.49 -3.1200 5.4300 -5.6000 -2.1756 0.0622 1.8011 0.01 -8.41 -5.02 187 419 355 425 215 
-0.2100 0.3235 -0.8013 0.4575 128.06 -3.06 115.69 -2.34 -3.24 -12.13 -0.9700 7.1500 -8.7400 5.5522 -2.2844 -1.7933 0.25 -9.80 -0.06 188 405 330 417 217 
-0.4058 0.3323 -0.4338 0.7326 122.62 11.13 49.13 4.56 13.25 1.65 4.1800 19.8000 -1.8500 11.5289 1.3533 -0.2133 1.82 -0.08 9.63 201 384 314 423 223 
-0.5170 0.0443 0.1556 0.8405 116.37 19.06 -15.38 5.56 4.71 20.23 0.9500 1.9000 10.5800 -0.6900 -1.7056 0.0844 4.50 2.27 8.40 199 392 325 419 223 
-0.4895 0.1920 0.2383 0.8165 117.94 39.13 -14.13 7.64 0.60 9.80 0.3700 -0.9200 3.7200 -3.5889 -7.7678 2.6522 9.23 -0.54 3.26 197 224 182 203 129 
-0.4095 0.6357 0.2518 0.6039 105.87 74.81 87.44 1.90 -3.36 -3.56 -9.3400 -0.2000 -5.5000 0.5489 2.0478 -0.3422 9.33 -2.58 1.50 208 184 181 186 116 
-0.4434 0.5887 0.2794 0.6154 113.06 79.87 28.00 7.65 6.74 4.11 9.7500 7.2300 1.1000 -0.0956 -0.1200 -3.0156 9.52 1.57 1.70 209 194 189 194 120 
-0.3311 0.5275 0.3754 0.6864 127.00 77.94 -42.69 8.46 0.51 3.17 -2.1000 0.0300 1.0300 -0.1056 0.3167 0.3867 9.61 0.97 1.64 191 199 192 197 125 
-0.3559 0.5368 0.3521 0.6791 124.87 78.25 -28.12 9.56 1.68 -0.60 0.0800 2.1300 -2.0100 0.1011 -0.3067 0.3622 9.66 0.71 1.53 180 222 209 216 143 
;
