0.2404 0.1522 0.0087 0.9586 208.12 16.62 -5.31 2.68 0.86 9.39 -0.1700 0.0100 0.0000 0.0178 0.0478 0.0078 2.77 0.88 9.36 166 333 319 338 200 
0.2402 0.1492 0.0103 0.9591 208.06 16.31 -5.50 2.72 1.07 9.21 0.0100 0.0900 -0.1700 0.0178 -0.1022 0.0256 2.84 0.92 9.33 169 330 317 336 199 
0.2483 0.1769 0.0167 0.9522 210.37 22.19 -9.38 6.19 0.41 13.55 3.4400 1.5100 5.2000 2.7700 -4.6622 1.2022 6.44 2.66 6.89 181 357 338 416 229 
0.1504 0.4377 0.0353 0.8857 194.69 52.69 -7.81 10.04 3.08 11.15 1.4800 4.4400 4.1600 -2.7389 -3.1833 4.8644 8.28 -3.14 4.19 194 390 363 425 231 
-0.0897 0.5403 -0.3400 0.7645 157.37 39.81 88.00 0.45 1.86 -2.55 -5.9600 9.2500 -2.4800 -4.2067 -0.1733 5.0156 2.41 -8.92 -3.25 192 394 364 416 229 
-0.2134 0.4337 -0.7233 0.4932 129.62 3.94 114.94 -3.31 -5.72 -6.58 -3.3700 2.9900 -2.7300 1.7844 1.3811 0.2511 0.52 -9.31 -3.01 192 384 357 417 229 
-0.2372 0.3441 -0.6837 0.5983 137.25 6.31 91.87 -0.56 -1.81 -7.66 -1.6900 10.2700 -8.9300 9.7944 -2.3789 -1.8633 2.82 -7.09 6.14 197 385 351 416 229 
-0.3690 0.2507 -0.0847 0.8909 135.50 24.37 -3.81 4.84 23.77 13.87 -0.1900 19.2100 7.8700 4.2700 -0.9378 -0.3711 3.90 6.18 6.53 213 389 363 426 232 
-0.3251 0.1425 0.4475 0.8208 138.50 35.00 -49.69 9.48 10.07 12.02 3.3400 4.1900 6.5800 -2.5311 -3.1322 2.0267 7.35 4.46 4.69 177 408 366 426 229 
-0.3141 0.4764 0.3615 0.7374 124.94 81.06 -11.31 7.41 -5.76 -3.60 -1.1700 -2.7900 -3.6700 -2.9111 -1.8956 3.8433 9.16 -3.36 -0.87 115 198 204 209 145 
-0.3668 0.7645 0.1632 0.5043 109.12 64.06 121.62 10.46 2.38 -0.93 1.7600 6.7200 2.1300 2.0200 0.7333 -0.6100 9.07 -3.33 -1.65 103 176 183 181 115 
-0.4279 0.7035 0.2859 0.4901 95.94 70.06 112.62 5.61 2.80 -5.25 -0.9200 6.4300 -1.9100 3.4889 -0.7989 -0.9733 9.35 -2.66 -1.24 105 188 192 186 118 
-0.4515 0.6747 0.3750 0.4476 93.56 69.75 127.62 9.49 0.94 0.64 0.6100 4.0200 2.3900 -3.0933 -0.5811 0.4500 9.06 -2.45 -2.82 109 190 194 188 121 
-0.2924 0.7780 0.2321 0.5053 126.31 66.12 150.87 7.49 0.65 -13.28 -2.5200 1.0600 -11.7100 -0.8322 0.9789 -0.4722 9.16 -1.41 -3.20 111 193 194 191 122 
-0.2419 0.7579 0.1992 0.5723 127.81 77.00 139.12 11.07 -2.97 29.43 4.8700 -0.5700 5.2500 -0.0822 -1.1656 0.9656 9.36 -1.72 -2.33 115 193 195 198 133 
-0.2460 0.7546 0.1112 0.5980 138.81 72.69 118.00 7.68 -2.39 1.50 -1.4700 0.6900 2.5600 -3.2967 4.4478 0.1978 9.39 -2.78 0.45 134 234 229 242 178 
-0.1025 0.6265 -0.0814 0.7684 169.94 69.94 39.19 9.05 -1.36 2.28 -0.6000 0.3300 -2.4000 0.0511 6.1789 -2.9033 7.81 -0.35 5.91 177 341 320 361 207 
;
