0.7255 0.3173 0.1685 0.5870 282.00 7.31 -41.56 1.35 6.50 7.14 0.0900 0.0500 -0.1100 -0.0044 0.0089 -0.0189 1.24 6.46 7.27 178 394 373 389 219 
0.7255 0.3176 0.1697 0.5865 282.12 7.19 -41.88 2.79 7.83 7.74 4.6600 3.2600 2.0200 2.7822 1.5744 0.0800 0.99 7.34 6.41 179 359 328 404 225 
0.6271 0.3887 0.1824 0.6498 256.19 29.56 -47.38 10.62 15.09 14.60 7.1200 11.0200 9.5600 -3.2111 0.9678 6.2144 7.73 2.05 5.66 182 360 340 387 227 
0.3454 0.3436 -0.2180 0.8456 220.62 43.56 28.87 3.46 5.92 -0.93 -1.5000 11.4200 -7.1400 -6.6567 -0.5567 6.3744 4.08 -8.42 2.92 183 331 316 377 224 
0.0548 0.0389 -0.6867 0.7238 181.75 -1.19 94.50 -5.71 -3.42 -7.09 -6.8600 4.2900 -6.5000 -2.1744 1.4644 2.5011 -2.35 -9.00 -3.07 180 338 310 370 223 
-0.0285 -0.1527 -0.7891 0.5943 178.25 -9.75 102.94 -7.02 -2.14 -15.53 -4.3100 11.0200 -14.6500 9.3222 -1.1567 -5.1667 2.07 -8.76 3.87 177 353 330 390 228 
0.1620 0.1873 -0.2702 0.9304 199.69 32.19 4.62 16.48 24.99 10.99 9.3900 21.4400 6.9800 6.8167 -0.7411 -0.8600 5.59 4.76 6.49 183 378 348 397 227 
0.1168 0.3875 0.2913 0.8668 195.62 38.00 -49.69 8.91 10.31 9.64 2.4700 4.2900 4.3800 -1.5778 -0.9267 0.7767 6.67 5.06 5.09 187 365 351 396 227 
0.1259 0.4464 0.1861 0.8661 195.50 51.38 -32.88 7.01 2.37 3.32 -1.7700 -0.1200 -1.4400 -4.6911 -5.2544 5.4078 9.29 -1.30 2.85 112 231 241 257 186 
0.0304 0.6475 -0.2766 0.7095 180.62 62.56 115.94 4.67 -6.89 -10.49 -1.0600 -1.1300 -7.9500 0.9822 -0.0089 -1.9422 8.59 -3.42 -3.25 96 168 163 167 112 
-0.0193 0.7366 -0.2034 0.6447 174.25 73.25 112.50 11.38 6.62 -4.29 2.5500 8.5400 -3.1400 1.0111 2.1156 -0.3400 9.58 -1.98 0.65 95 179 175 175 118 
-0.0941 0.6672 -0.0866 0.7338 167.69 72.37 67.81 8.59 4.75 2.07 -1.2300 7.0400 -0.5500 -3.6900 0.5500 0.0056 9.25 -3.12 0.86 97 178 177 177 120 
0.0771 0.6099 -0.2299 0.7545 193.75 75.94 45.31 7.80 -6.73 -8.62 10.2100 11.4100 35.2600 -3.5356 -4.3022 -0.4578 9.78 -0.56 -0.36 101 177 178 180 125 
0.1201 0.6917 -0.1825 0.6884 199.69 83.12 79.25 10.71 -0.59 3.97 1.9300 1.5800 3.9500 -2.2289 2.5067 1.0633 9.42 -2.16 1.62 121 204 212 224 159 
0.2101 0.4554 -0.3300 0.7997 212.37 48.63 40.06 14.36 -7.60 0.13 4.0600 0.9000 -4.0200 -2.6711 11.2689 -0.4300 1.68 -6.14 7.45 177 422 184 185 131 
0.4005 -0.1396 -0.4079 0.8085 236.12 3.31 57.56 -3.49 -5.77 0.53 -2.2200 3.0500 -4.0900 -0.5911 1.0256 -2.1000 1.04 -8.54 4.69 173 433 186 189 136 
0.5436 -0.2183 -0.4195 0.6934 257.75 9.63 52.13 7.35 -1.98 4.36 6.2900 5.1500 -1.7800 2.6833 -0.1156 0.7656 1.33 -6.38 7.32 176 434 192 190 137 
0.5377 -0.1282 -0.2719 0.7877 243.00 3.81 31.94 3.98 -6.16 20.05 0.8000 -2.8800 14.3400 -0.4022 -1.0944 3.3433 0.14 -5.13 8.35 177 435 193 194 137 
0.3187 -0.1194 -0.3084 0.8883 216.94 -1.62 44.69 -8.86 -3.16 13.80 -7.5300 5.1700 4.3000 -3.7389 0.7078 -0.3733 -0.39 -8.61 4.66 170 438 184 192 139 
0.3069 -0.2310 -0.5281 0.7573 229.37 0.00 74.44 -2.40 -1.55 0.13 -1.7500 8.3800 -2.0700 -0.8867 2.8522 -1.9700 1.11 -9.56 1.84 168 434 185 191 141 
0.5029 -0.3076 -0.5418 0.5991 266.06 11.50 74.62 4.15 -2.28 0.62 2.1100 7.4000 -2.0600 1.9722 2.3767 -1.3000 2.26 -8.62 4.08 169 429 196 201 144 
0.6782 -0.2835 -0.3885 0.5557 282.12 11.38 51.31 12.01 -5.34 7.15 9.9500 1.5400 2.1200 3.8233 -0.9244 1.2733 1.70 -5.71 7.78 173 423 206 200 145 
0.6725 -0.1157 -0.2628 0.6821 263.62 12.50 31.25 -1.11 -7.05 15.85 -5.5000 -1.9300 6.5200 -0.4733 -1.9189 2.0333 2.51 -5.50 7.71 169 421 200 203 144 
0.5297 -0.0616 -0.3355 0.7766 248.00 14.94 37.75 -0.66 -3.00 6.29 -2.0100 3.1300 -1.2500 0.5256 0.4689 -0.0822 2.29 -5.53 7.76 168 419 212 219 159 
0.5446 -0.0619 -0.2885 0.7850 248.81 11.94 29.62 1.23 -2.44 6.20 -1.2100 1.4800 -3.0200 3.5444 -0.8500 0.8889 2.19 -2.86 9.12 173 315 261 256 188 
;
