0.8156 -0.0463 -0.4429 -0.3696 48.75 49.19 -22.62 7.33 2.42 6.02 -0.1000 -0.0500 0.1300 -0.0089 -0.0389 -0.0056 7.44 2.46 5.88 189 357 339 388 211 
0.8142 -0.0478 -0.4451 -0.3697 48.81 49.50 -22.69 7.43 2.42 6.01 -0.0100 -0.0500 0.0800 -0.0167 -0.0033 -0.0022 7.46 2.45 5.87 186 358 337 387 211 
0.8151 -0.0488 -0.4428 -0.3704 48.69 48.81 -21.69 8.44 2.92 7.14 0.8500 0.4400 0.4700 -0.7889 0.1322 0.7411 7.37 1.68 6.23 194 361 336 361 210 
0.8325 -0.1146 -0.4169 -0.3464 43.75 52.56 -5.12 10.62 2.11 8.27 2.7600 2.2000 2.4900 -1.5978 0.0778 1.4056 7.84 -0.98 5.80 191 374 341 368 211 
0.8364 -0.2788 -0.3574 -0.3082 40.75 46.31 31.44 8.12 -0.37 7.34 2.0200 4.2200 -0.0900 -6.0856 2.0589 3.0100 4.93 -7.13 4.57 189 367 340 390 210 
0.7524 -0.5678 0.0225 -0.3330 49.94 15.31 73.06 3.53 -7.77 -0.31 1.2000 1.6100 -3.2900 -2.4744 2.7156 2.2233 0.61 -9.72 1.12 186 375 353 403 211 
0.6421 -0.6169 0.3289 -0.3145 51.88 -4.75 91.56 -1.30 -7.71 -3.98 -0.2300 2.0900 -3.3800 -0.9800 0.8544 1.3044 -1.78 -9.56 -1.21 182 374 353 404 211 
0.5937 -0.6016 0.4618 -0.2692 48.75 -13.81 98.50 -3.72 -6.89 -6.49 -1.1500 2.3600 -5.0700 1.5933 -0.4200 -0.1022 -2.33 -9.52 -0.20 182 374 355 412 214 
0.6784 -0.5048 0.4155 -0.3351 52.38 -11.31 73.50 1.14 -3.19 -2.07 3.1900 6.3100 -5.1800 5.7900 -2.7367 -0.6278 -0.47 -7.33 6.49 189 376 355 414 218 
0.8826 -0.2495 0.0583 -0.3943 47.50 8.81 16.81 4.20 4.24 14.63 4.4400 6.0400 7.3200 3.7956 -1.6044 -0.2167 2.96 0.49 9.33 197 377 360 416 219 
0.9011 -0.0135 -0.1884 -0.3902 47.19 21.44 -8.38 4.12 2.97 12.71 0.2800 1.0200 2.8200 -0.6489 -0.6844 -0.2211 3.95 1.09 8.90 200 370 358 412 220 
0.8819 -0.0601 -0.2224 -0.4114 50.81 28.44 -3.31 4.82 1.82 8.16 -0.4900 1.8100 -0.5800 -2.3978 -3.8833 0.5878 6.69 -0.83 7.11 199 343 352 376 217 
0.7532 -0.3422 -0.4315 -0.3596 48.25 73.94 69.50 8.41 -2.13 -3.65 -0.6800 0.6900 -1.8400 -1.0156 -7.5789 1.0767 7.39 -3.18 -5.59 204 322 330 335 221 
0.3294 -0.6182 -0.7092 -0.0793 84.87 28.69 163.00 4.13 -3.41 -9.41 -0.1700 -0.9500 -1.3500 -1.5200 -1.8033 1.2922 3.18 -1.59 -9.13 204 274 257 286 215 
0.1453 -0.7278 -0.6671 -0.0643 96.25 16.44 173.19 2.72 -2.52 -9.84 0.9000 -1.6000 -0.8400 -0.3489 0.2544 0.3844 2.88 -0.83 -9.33 205 298 271 306 220 
0.1314 -0.7615 -0.6281 -0.0917 101.81 18.06 174.19 5.70 -5.40 -13.45 2.6700 -3.8400 -5.4000 2.0578 0.6756 0.3900 3.49 -2.21 -8.88 214 389 316 344 222 
0.3567 -0.7318 -0.5771 -0.0656 7.25 37.56 124.25 9.32 -5.25 -2.98 -2.5500 2.0000 0.9500 4.2611 2.4056 1.8989 5.64 -8.01 -0.29 215 428 358 438 223 
0.7346 -0.5618 -0.3781 0.0427 352.06 28.25 81.75 0.77 -2.49 -0.46 -3.1100 6.0500 -1.8000 0.5400 0.2856 0.3222 4.25 -8.65 1.75 213 428 363 441 222 
0.7659 -0.5471 -0.3313 0.0660 350.25 26.00 78.69 3.57 -5.93 1.59 -0.8800 2.5800 -0.0600 -0.3989 -0.1956 -0.4911 4.60 -8.53 1.43 212 416 363 424 220 
0.7490 -0.5498 -0.3684 0.0316 357.25 34.00 82.12 2.43 -7.45 -0.49 -2.7200 1.1000 -2.4600 1.0433 -0.7767 -3.4478 7.49 -6.20 1.23 206 330 332 321 216 
0.7739 -0.3748 -0.4877 -0.1511 31.19 61.81 39.88 9.22 -2.57 3.12 1.2800 0.0000 -0.2400 1.6678 4.4756 -3.9689 7.37 0.12 6.46 209 347 341 373 217 
0.8425 -0.0860 -0.3594 -0.3920 49.56 43.31 -13.19 11.51 5.80 12.12 4.5400 3.6600 5.1000 -1.6278 0.4556 0.0567 6.97 1.22 6.77 205 337 343 393 217 
;
