-0.0661 0.0919 0.4977 0.8599 171.44 12.69 -60.19 2.08 8.39 4.63 -0.0600 0.1800 -0.0900 0.0889 0.0356 -0.1956 2.01 8.36 4.69 174 344 324 302 198 
-0.0558 0.0841 0.5055 0.8569 172.69 11.44 -61.06 3.19 8.13 4.24 2.5600 -0.3100 -0.4800 -0.4822 0.6444 0.7844 2.09 8.24 4.87 175 339 323 301 197 
-0.1422 0.1213 0.4656 0.8650 155.12 27.12 -51.63 8.96 15.08 15.17 2.6400 8.0400 7.9200 -4.5311 0.2256 3.4400 5.98 3.56 6.89 184 354 346 365 206 
-0.3227 0.3386 0.1346 0.8735 136.00 44.19 18.69 7.34 4.27 6.32 3.2800 8.8100 -0.2300 -6.6100 1.5522 4.7878 5.12 -7.30 4.05 183 361 341 378 209 
-0.3907 0.5270 -0.3999 0.6401 107.94 14.44 92.44 -1.22 -2.13 -4.54 -3.1000 5.9000 -3.4200 -3.3611 0.9956 3.7178 -0.26 -9.27 -3.17 175 361 354 375 208 
-0.3784 0.5010 -0.6729 0.3911 91.25 -7.44 113.50 -5.53 -6.70 -8.11 -3.2900 2.5000 -3.4400 2.7378 0.8722 -0.6011 -0.84 -9.48 -2.34 176 351 349 380 209 
-0.4037 0.4442 -0.6046 0.5237 107.62 1.62 91.81 -0.68 -2.98 -6.41 -0.8300 7.5300 -7.2500 5.5111 -0.4167 -2.4767 2.35 -8.74 3.76 176 344 351 411 214 
-0.4858 0.3606 -0.1931 0.7725 115.56 24.19 34.06 7.04 9.13 3.16 4.9600 12.3600 -0.4700 10.6511 1.0167 -1.4900 3.93 2.59 8.60 182 357 356 421 218 
-0.5575 -0.0441 0.3387 0.7567 105.69 17.81 -43.50 4.17 14.18 15.75 1.1600 6.8800 9.2700 0.3378 -1.3722 0.3878 3.92 6.77 5.90 181 355 364 415 219 
-0.5336 -0.0217 0.4386 0.7228 108.62 27.75 -45.06 5.27 6.53 6.98 1.0600 0.8600 0.8300 -1.9833 -0.7300 0.1378 5.05 5.12 6.65 180 330 361 388 218 
-0.5110 0.1426 0.3265 0.7823 114.62 36.00 -18.69 10.47 7.11 10.09 5.1400 6.1100 0.8800 -7.6233 -1.7200 2.8100 6.88 -3.49 6.04 115 236 271 245 179 
-0.4783 0.5453 -0.0969 0.6815 104.44 34.19 72.06 5.01 -1.40 -2.42 -0.1200 6.6200 -4.2600 -3.4611 0.8844 5.1300 2.07 -9.58 -0.01 107 205 226 218 158 
-0.5033 0.5671 -0.4859 0.4348 76.87 -5.56 98.94 -7.96 -7.24 -3.57 -6.0000 2.0500 -0.8100 -0.1344 0.4933 1.0633 -2.04 -9.42 -1.80 113 209 232 227 164 
-0.5194 0.5066 -0.5699 0.3857 73.00 -10.63 98.87 1.06 -8.55 0.77 2.6200 1.0100 2.2300 -0.0089 0.4933 0.5444 -2.00 -9.48 -1.45 118 218 241 237 170 
-0.5262 0.5035 -0.5689 0.3819 71.31 -12.19 99.00 -4.05 -8.65 -1.97 -3.2600 0.6600 -0.5600 -0.1244 -1.0778 -0.5556 -1.73 -9.53 -1.48 120 217 245 242 175 
-0.5554 0.6405 -0.4116 0.3345 54.94 5.75 101.50 -3.47 -2.71 -13.23 -1.8200 6.6200 -14.4400 -0.5333 -12.3222 -5.7700 2.39 -8.47 -4.31 123 216 231 243 177 
-0.5009 0.8044 0.3118 -0.0691 330.50 10.06 119.25 7.89 -6.50 -1.77 6.8700 2.2500 2.9300 -0.1100 -1.5067 -0.3333 1.35 -8.44 -4.79 127 218 245 243 167 
-0.4637 0.7371 0.4519 -0.1934 315.31 7.69 120.19 0.65 -8.69 -4.33 -0.7500 -0.2700 0.7100 -0.2156 0.2156 -0.0733 1.45 -8.31 -4.98 134 227 253 253 181 
-0.4656 0.7454 0.4466 -0.1679 321.75 10.25 121.19 2.47 -2.06 1.70 0.5800 6.2100 7.0500 -1.8444 1.7178 -0.9900 3.10 -7.37 -5.66 156 247 258 255 183 
-0.4356 0.7545 0.4892 0.0403 36.00 37.00 142.69 15.80 3.13 -7.25 10.7900 6.9700 -2.8600 -8.1100 1.6189 -2.6544 7.72 0.11 -6.04 204 180 184 179 129 
-0.1559 0.7514 0.3637 0.5280 152.12 82.25 -115.44 26.98 5.17 -13.05 14.7400 5.0000 -18.1800 -6.2856 16.7100 4.8878 2.71 -4.01 8.52 209 171 178 169 121 
-0.2948 0.0070 -0.2802 0.9135 137.37 -19.37 32.06 1.70 2.62 -1.66 6.1300 7.9000 -9.8100 0.3822 1.1389 5.1567 -5.77 -3.01 7.32 211 176 183 171 123 
-0.5781 -0.2400 -0.2733 0.7304 96.62 -42.81 2.00 -16.95 3.01 11.12 -9.8800 1.6100 3.5600 -0.1033 -1.0367 -0.0178 -6.21 0.26 7.58 210 178 186 174 124 
-0.6402 -0.2297 -0.2234 0.6982 96.37 -36.63 2.75 -7.38 1.20 8.36 -1.8600 1.4000 0.5100 0.0944 -0.1833 -0.3978 -5.79 -0.43 7.89 211 185 191 178 127 
-0.6105 -0.2115 -0.2197 0.7309 101.31 -34.06 5.44 -4.70 -0.39 7.45 0.6200 0.2500 -0.6500 0.2189 -2.2656 -0.5467 -4.34 -0.98 8.73 209 186 190 180 128 
;
