0.6187 0.0990 -0.3763 -0.6825 95.56 19.25 -42.38 3.30 6.17 6.84 0.0200 -0.0500 0.0200 0.0022 -0.0111 0.0011 3.24 6.23 6.83 173 357 359 426 213 
0.6187 0.0989 -0.3764 -0.6825 95.56 19.31 -42.38 3.29 6.14 6.83 0.0500 -0.0800 0.0000 0.0044 0.0133 -0.0011 3.23 6.23 6.83 175 359 357 426 211 
0.6202 0.0941 -0.3762 -0.6819 95.00 21.50 -40.69 5.19 9.67 10.66 0.8900 3.4700 1.9400 -2.7622 -2.6478 3.6211 5.83 3.67 6.97 177 356 352 372 212 
0.6939 -0.2372 -0.3575 -0.5782 74.31 55.38 13.50 11.01 -1.01 6.67 3.0500 1.7100 1.2200 -3.4356 -0.2756 4.1756 7.23 -5.50 3.67 176 368 359 388 212 
0.7146 -0.5728 -0.1204 -0.3832 51.44 31.06 71.31 3.35 -4.10 -0.07 -1.7200 4.2100 -2.5700 -1.6300 1.6500 3.5844 2.31 -9.33 1.93 178 374 364 412 213 
0.7147 -0.6397 0.1512 -0.2391 34.44 0.75 83.81 -3.68 -7.97 -2.68 -3.1700 1.8400 -2.7700 -0.1689 0.1778 1.4489 -1.15 -9.70 0.79 174 354 362 411 213 
0.7206 -0.6215 0.2528 -0.1744 26.00 -8.50 82.37 -3.68 -7.99 -3.59 -1.4400 2.0400 -6.2200 3.0233 -0.9078 -1.3189 -0.50 -9.20 3.34 170 331 360 396 213 
0.8503 -0.4699 0.0840 -0.2216 30.69 8.00 46.94 2.79 3.31 -0.54 1.6800 9.9200 -6.4600 9.3733 -0.9244 -2.2733 2.68 -1.72 9.27 175 376 366 412 220 
0.9456 0.0023 -0.1578 -0.2845 33.19 19.12 -9.00 7.17 5.69 21.12 3.8200 2.8800 8.7000 -1.3878 -0.6411 -0.3344 3.82 0.82 8.99 172 357 359 408 219 
0.9314 -0.0521 -0.1967 -0.3018 36.13 23.81 -0.75 2.40 -0.57 4.93 -1.8600 -0.5700 -3.5800 0.6800 -0.7389 -0.6144 4.40 0.60 8.74 181 360 360 387 216 
0.9081 -0.0363 -0.2662 -0.3212 39.00 37.56 -6.94 9.29 1.72 11.19 3.3200 0.2200 3.7400 -3.3711 -5.7089 0.4933 8.76 -0.49 4.36 171 363 204 201 141 
0.7322 -0.3066 -0.5373 -0.2849 41.69 76.06 52.88 16.36 -2.95 1.20 7.6900 0.7400 0.2100 0.1844 -2.0422 2.3267 9.22 -3.31 -0.10 119 376 179 169 111 
0.6953 -0.4352 -0.5550 -0.1383 17.75 59.50 83.69 3.86 -3.56 0.38 -5.3000 1.2500 -1.1300 0.7500 2.0944 0.6600 7.77 -5.52 2.27 111 389 183 171 113 
0.8064 -0.3946 -0.4256 -0.1133 17.25 50.44 55.44 3.39 -3.98 1.38 -4.4500 1.0300 -2.7400 0.7822 0.5556 -1.1467 7.65 -4.16 4.49 115 395 182 178 117 
0.8412 -0.2966 -0.4125 -0.1846 25.00 54.56 30.75 18.93 -2.01 2.00 12.8200 0.1300 -0.1500 2.4122 -0.5422 1.8778 7.94 -2.75 5.04 116 394 196 184 121 
0.8959 -0.2222 -0.3826 -0.0416 0.00 37.88 34.50 1.06 -2.48 10.77 -5.5100 2.0500 2.0600 -1.7622 2.5233 3.2156 3.38 -6.48 6.52 115 388 202 189 125 
0.8907 -0.4129 -0.1686 0.0883 348.56 12.69 55.44 -6.29 -2.94 0.43 -8.1600 5.6000 -4.8700 -0.6089 -0.5156 -2.6389 3.88 -7.66 4.71 121 393 205 192 127 
0.8517 -0.4252 -0.3011 -0.0557 13.56 40.69 54.06 11.13 1.70 -2.95 6.2400 6.4900 -7.3600 1.7111 -1.1844 -3.0011 7.95 -3.88 4.22 117 387 195 193 126 
0.8206 -0.3013 -0.4627 -0.1476 17.31 58.19 43.88 13.66 -4.05 10.61 2.1000 -0.2200 7.0800 0.1578 0.9133 1.2744 7.79 -4.23 4.17 121 392 192 194 128 
0.8439 -0.3243 -0.4170 -0.0940 15.25 49.00 45.75 3.89 -3.43 3.56 -3.2100 1.2100 -1.6400 -0.5944 0.5822 -1.2456 7.52 -4.18 4.69 140 359 229 232 166 
0.8339 -0.3257 -0.3854 -0.2234 33.00 53.50 34.06 4.59 -2.97 -2.04 -1.4500 0.7500 -6.5600 1.1733 0.8500 -2.6011 8.00 -1.17 5.54 180 356 330 370 206 
0.8410 -0.1168 -0.3837 -0.3630 48.50 37.63 -13.94 0.13 5.21 13.95 -4.4100 3.0300 5.9500 0.5211 -1.2844 -0.1678 5.60 2.67 7.58 191 382 365 420 216 
;
