0.0165 0.5159 0.0919 0.8516 182.19 61.13 -20.94 8.54 1.66 4.52 -0.0300 -0.0200 0.1400 -0.0500 0.0111 0.0056 8.58 1.67 4.43 189 311 290 290 187 
0.0180 0.5152 0.0890 0.8522 182.44 60.94 -20.56 8.48 2.01 4.63 -0.0800 0.3900 0.2400 -0.0244 0.0433 -0.0844 8.53 1.74 4.50 185 310 291 289 188 
0.0238 0.5101 0.0942 0.8546 183.00 59.88 -22.00 10.77 4.85 9.43 3.4300 4.1700 6.7400 -0.5678 0.7933 0.5100 8.31 1.52 4.97 190 353 319 343 202 
0.0153 0.4529 0.0206 0.8912 184.19 47.81 4.37 9.06 8.20 9.46 2.4100 9.5800 1.1600 -7.5089 3.0044 0.2889 5.42 -4.37 6.89 182 382 330 385 209 
0.1675 0.1847 -0.4454 0.8599 205.69 24.06 64.87 6.76 -0.45 -4.20 2.8600 7.5000 -7.5000 -6.5944 1.1489 2.4411 2.31 -9.49 -0.81 167 386 326 370 208 
0.1552 -0.0859 -0.8004 0.5728 210.69 6.81 113.62 0.78 -2.24 -11.32 -0.4100 5.7000 -6.8000 -2.4500 0.5767 1.0344 0.70 -7.94 -5.70 171 371 324 360 205 
0.1204 -0.1899 -0.8705 0.4377 209.69 2.19 124.44 -0.94 -3.56 -11.76 -0.5200 4.5300 -7.1300 5.2000 -1.7267 -1.3889 0.68 -9.44 -2.54 171 367 321 365 206 
0.1092 -0.0199 -0.6452 0.7559 193.00 8.44 61.75 6.75 14.54 -4.61 5.5200 25.4400 -5.1300 15.5222 -1.1411 0.3789 1.96 1.44 9.49 204 412 346 404 214 
0.0102 0.0917 0.2156 0.9721 179.44 11.94 -29.44 4.09 10.87 17.68 1.6800 4.4000 8.0900 0.3856 -1.1200 0.0256 3.03 5.15 7.76 200 409 353 409 212 
-0.0013 0.1866 0.2626 0.9467 180.25 22.56 -30.44 5.42 7.28 14.70 2.5400 4.1800 8.4800 -5.3411 -3.1789 1.3811 5.51 1.71 7.92 193 285 335 319 210 
0.0176 0.3633 -0.1071 0.9254 180.94 43.69 34.63 13.79 0.48 -3.95 4.4200 7.2800 -6.7000 -5.6100 0.0756 5.7444 4.54 -8.35 2.36 96 203 225 218 149 
-0.1318 0.2785 -0.6218 0.7200 151.87 6.94 91.37 -3.43 -4.68 -4.06 -6.1200 4.3200 -1.8100 -1.8322 0.2278 2.5944 -1.01 -9.58 -1.78 98 196 212 207 143 
-0.2411 0.1883 -0.7612 0.5718 134.44 -8.81 103.56 -3.75 -9.11 -0.38 -2.2700 0.2700 1.9700 -0.1078 -0.6878 -0.6667 -1.21 -9.45 -2.30 110 199 219 213 150 
-0.2420 0.2260 -0.7534 0.5681 132.69 -6.00 104.12 -4.80 -8.82 -3.05 -4.8800 0.9600 -0.5400 -0.2433 -2.2533 -1.4544 -0.39 -9.46 -2.52 113 192 222 225 158 
-0.2936 0.4990 -0.6373 0.5085 112.25 14.00 112.25 3.15 -3.14 -9.35 0.1200 4.6500 -5.6600 -0.0589 -6.5844 -5.8933 3.80 -7.14 -5.53 107 198 216 259 170 
-0.3483 0.8875 -0.1315 0.2715 67.31 22.50 130.12 8.44 -5.28 -6.24 3.5500 1.6100 -0.0900 1.1389 -0.6611 -0.7856 3.94 -7.31 -5.20 121 210 227 257 176 
-0.4164 0.8754 -0.0275 0.2439 63.88 24.37 125.31 4.75 -6.89 -5.79 0.9900 0.1700 -0.4600 -0.5056 1.5800 0.2556 4.45 -7.16 -4.99 118 216 242 262 181 
-0.3796 0.8454 -0.1169 0.3571 91.12 32.69 120.12 12.73 -6.56 0.42 9.2800 -1.8000 3.4700 0.4433 7.7222 0.2700 6.86 -6.99 0.28 145 200 160 164 111 
-0.3116 0.5408 -0.1518 0.7664 135.81 47.75 48.38 15.22 -9.13 0.48 5.0200 -6.9200 -5.4000 2.6289 3.1711 -1.2722 6.08 -2.27 7.34 161 213 172 174 116 
-0.3314 0.2775 0.0243 0.9014 139.56 26.87 4.62 0.97 1.00 6.68 -3.5200 2.3400 -1.5400 1.3078 1.8700 0.0911 3.20 0.39 9.25 176 200 170 177 117 
-0.3648 0.1337 0.0856 0.9175 136.06 16.94 -3.31 1.89 2.55 8.29 -0.7400 1.8000 -0.6100 -0.6256 0.5711 -0.5300 2.37 0.23 9.51 171 188 167 183 122 
-0.3328 0.1088 0.0355 0.9360 142.44 12.69 2.06 4.47 2.84 8.88 4.2300 3.7800 -0.8500 -2.0178 1.4378 -1.6644 1.55 -1.50 9.56 145 197 165 186 127 
-0.2177 0.0713 -0.1162 0.9664 158.94 1.25 18.75 2.81 -5.17 7.55 -0.1300 -2.9800 -1.7600 -1.7111 1.2978 -0.3700 -1.24 -4.67 8.53 134 199 173 190 131 
-0.1334 -0.0594 -0.2823 0.9481 165.56 -12.50 33.31 -7.75 -6.99 8.23 -3.4700 -0.8000 -0.0500 -0.1611 -0.4300 -0.3200 -2.01 -5.49 7.86 137 192 181 193 133 
-0.1192 -0.0537 -0.2983 0.9455 162.37 -7.94 33.38 -3.11 -3.93 6.92 -3.1800 0.8300 -2.2500 -1.1011 -1.7444 -0.2967 -0.25 -5.82 7.88 158 215 197 214 156 
;
