0.7318 0.2364 0.1983 0.6077 280.44 -0.06 -35.81 0.26 5.40 8.07 0.2700 -0.2800 0.1200 0.0189 -0.0600 -0.0011 0.01 5.76 7.93 178 385 369 401 225 
0.7241 0.2443 0.2147 0.6082 279.00 -1.81 -40.31 -1.99 12.48 17.72 -5.2000 5.4900 9.3300 -1.4844 -3.0700 6.6867 3.06 6.15 6.99 185 330 323 377 218 
0.4766 0.4597 -0.0754 0.7455 238.00 54.63 -7.00 11.85 11.94 4.57 -3.3500 12.7300 -5.5600 -8.0389 6.2667 4.5044 3.97 -5.63 6.97 184 371 333 371 225 
0.3214 -0.0853 -0.5327 0.7783 215.87 5.12 78.69 -2.00 -0.75 -4.37 -2.8900 7.9400 -4.2900 -4.8000 -1.6900 4.1178 -2.61 -9.14 -2.39 185 349 333 351 217 
0.0096 -0.3077 -0.7670 0.5630 181.50 -20.06 113.87 -6.52 -4.04 -12.58 -2.0300 5.7200 -7.1100 3.2144 -0.8289 -1.5078 -2.54 -9.35 -1.47 181 344 321 380 222 
0.0840 -0.1772 -0.6503 0.7339 194.00 -3.12 74.12 7.00 9.03 -16.16 7.3300 20.1200 -19.6600 13.1733 -2.8344 -3.4456 2.66 -3.85 8.61 187 408 352 410 230 
0.0948 0.2617 0.0576 0.9587 189.44 35.69 -21.94 17.49 16.79 24.37 9.5500 10.1800 13.9600 -0.4289 -2.3211 0.9400 7.16 2.68 6.13 185 364 288 356 221 
0.0883 0.3895 0.0690 0.9142 193.19 41.69 -11.69 11.01 1.72 10.31 2.5300 1.5700 2.5200 -1.5767 1.8667 0.0300 5.03 0.18 8.41 143 355 159 162 116 
0.1223 0.3583 -0.0477 0.9243 187.87 61.25 6.06 4.19 -2.31 -4.84 -10.8300 -0.6600 -4.0900 1.2311 -7.0444 3.9600 9.12 -3.41 -1.12 130 371 169 166 117 
-0.0410 0.7521 -0.1174 0.6472 181.87 74.94 154.69 5.27 1.38 -15.83 -1.7500 2.6100 -14.2300 0.7922 -1.4378 -4.3578 8.87 1.55 -3.87 145 369 175 168 118 
0.0345 0.8190 0.1128 0.5615 173.56 73.87 -153.56 39.09 15.77 -0.57 11.3300 20.6400 -1.3500 -2.3211 8.4067 7.2367 8.36 -3.85 3.36 138 358 179 168 121 
-0.3337 0.4882 -0.2470 0.7676 126.06 28.19 65.94 -10.63 -0.42 6.73 -14.3400 8.3100 2.0900 -3.8344 -0.1222 -1.1889 4.57 -8.58 1.23 121 374 182 174 125 
-0.2070 0.6093 -0.4104 0.6461 159.94 48.06 104.75 1.27 7.10 -9.05 -4.5400 12.2400 -9.7000 -0.7644 0.8644 -7.9967 9.66 -0.22 -1.66 119 366 186 175 125 
0.2095 0.7507 -0.0607 0.6235 214.81 70.19 -127.75 24.67 9.76 -6.22 13.8300 5.7200 -1.6400 2.1467 -0.6300 2.1644 9.27 1.17 -2.97 123 290 186 178 125 
0.0186 0.8127 -0.0963 0.5744 174.12 64.75 149.62 7.27 -0.96 2.17 -3.1500 0.8700 5.1600 -0.5333 -0.8600 3.3378 7.46 -4.56 -4.42 131 288 192 180 127 
-0.1156 0.7936 -0.2869 0.5239 157.62 53.19 126.81 16.98 -11.50 -8.54 11.0500 -6.0100 -5.8200 3.0144 4.9222 -0.7100 8.70 -4.51 0.18 169 319 196 178 130 
-0.1776 0.5576 -0.1541 0.7961 153.75 49.44 40.81 1.09 -3.31 -1.57 -5.8800 1.1000 -7.2100 2.6744 3.7178 0.2289 5.05 -2.94 7.87 163 180 187 177 130 
-0.2230 0.2362 -0.0682 0.9433 153.44 21.31 11.81 2.86 2.01 5.31 -0.2400 3.4400 -3.7800 0.7111 0.7567 0.3956 2.77 -1.28 9.31 165 192 190 179 123 
-0.2723 0.1625 -0.0288 0.9479 146.94 16.87 9.38 3.27 1.04 9.42 1.5700 2.6200 0.2700 -0.6678 -0.0678 0.5111 2.79 -2.12 9.15 160 202 192 181 128 
-0.2678 0.1442 -0.0965 0.9478 150.81 11.19 17.37 7.76 0.44 9.17 5.5700 2.9600 0.0300 -2.1100 3.6400 -2.4367 0.53 -3.95 8.95 150 211 198 179 129 
-0.0860 0.0194 -0.2338 0.9683 173.94 -2.50 29.87 1.86 -7.85 5.84 3.7500 -2.3100 -2.7200 -0.7444 0.6956 0.1567 -0.94 -5.48 8.07 143 195 200 180 131 
-0.0218 -0.0667 -0.2949 0.9529 177.50 -8.56 34.00 -3.32 -5.16 8.74 -1.6700 0.5100 0.8200 0.0444 -0.5589 0.2444 -1.39 -5.37 8.08 148 205 200 180 131 
-0.0521 -0.0507 -0.2920 0.9537 173.37 -6.87 34.06 -0.69 -4.33 7.93 -0.0200 1.2900 -0.6400 -0.5622 -0.6911 -0.1011 -0.69 -5.80 7.87 152 231 204 186 134 
-0.0753 0.0367 -0.3095 0.9472 170.81 6.25 35.06 -2.58 -4.51 2.52 -4.4600 1.6600 -5.7600 1.4589 -2.8733 -2.9733 3.79 -4.26 7.97 167 340 205 201 156 
0.0543 0.2859 -0.1638 0.9426 194.50 37.50 9.69 8.28 7.20 6.10 2.5800 7.0200 -1.1700 3.9022 2.4100 -7.1678 4.37 3.78 7.91 181 407 352 392 219 
;
