0.0741 0.4729 0.0754 0.8748 189.62 54.69 -20.44 7.99 2.03 5.38 -0.0300 0.0600 0.0800 -0.0044 0.0033 -0.0011 8.00 1.98 5.30 191 323 308 346 200 
0.0741 0.4729 0.0754 0.8748 189.62 54.69 -20.44 8.04 2.08 5.48 -0.0600 0.0600 0.1000 0.0400 0.0144 0.0022 8.00 1.99 5.30 186 321 316 346 200 
0.0739 0.4723 0.0764 0.8750 189.69 54.44 -20.50 8.89 2.28 5.76 2.5200 0.9300 0.7500 0.2956 0.2756 0.4889 7.93 1.88 5.44 192 343 327 341 202 
0.0443 0.4492 0.0649 0.8900 184.94 52.81 -11.38 13.79 6.07 12.65 6.1700 6.0100 6.3300 -3.7333 2.4111 1.9589 6.69 -1.92 6.90 194 379 336 368 209 
0.0548 0.2498 -0.2598 0.9312 188.69 23.19 42.50 3.80 0.60 2.46 1.0500 6.2800 -5.5600 -6.5256 2.0322 1.9144 1.92 -9.05 3.24 189 378 344 365 207 
0.0878 -0.0245 -0.6747 0.7325 194.87 2.81 90.25 0.73 -4.68 -4.59 0.6000 4.8100 -3.5500 -4.6189 1.3567 0.8267 -0.15 -9.02 -3.82 183 376 335 356 205 
0.0639 -0.1705 -0.8649 0.4677 193.56 -4.12 127.87 -1.39 -5.68 -10.49 -1.9000 1.7500 -4.2200 -0.1256 -0.3622 0.0111 -0.94 -7.49 -6.25 179 351 338 341 201 
0.0402 -0.1882 -0.8677 0.4583 188.31 -6.25 122.06 -1.35 -4.50 -12.60 0.6900 5.6200 -9.4000 5.9800 -2.5522 -1.4356 -0.86 -9.63 -1.62 182 322 312 337 203 
0.0029 -0.0004 -0.5804 0.8143 180.87 2.94 59.75 3.60 11.75 -3.46 2.4600 18.9900 -7.7000 14.5200 -1.0211 -2.1611 1.65 0.80 9.63 208 364 337 390 211 
0.0076 0.0720 0.1947 0.9782 179.12 10.94 -26.25 5.02 11.54 18.80 2.3200 6.5300 9.7000 0.1889 -0.7844 -0.1389 2.67 4.68 8.18 201 374 340 385 211 
0.0019 0.1751 0.2285 0.9576 180.50 20.56 -26.75 3.49 3.80 9.22 0.0200 -0.0900 1.0700 -1.2222 -0.6000 0.2122 3.98 3.28 8.33 200 372 344 380 211 
0.0114 0.2247 0.1500 0.9628 181.06 25.94 -17.50 6.86 3.48 15.23 2.9900 0.3400 6.4900 -1.4067 -1.7978 1.0667 5.53 1.23 8.00 130 278 188 187 141 
-0.0472 0.3373 0.0444 0.9391 170.56 40.75 -1.69 10.16 1.11 4.70 -1.0500 0.8600 -3.6600 1.3744 1.3322 1.6222 5.51 0.37 8.10 141 186 183 176 130 
-0.2045 0.2563 0.0495 0.9434 151.12 27.06 3.37 3.80 -0.16 2.67 -0.8100 1.4600 -6.2000 0.9967 1.7411 2.2933 3.25 -0.64 9.22 150 193 184 183 134 
-0.3853 0.1492 0.0485 0.9094 131.12 18.94 0.62 0.41 2.82 9.17 -2.3100 2.3600 -0.2600 0.2589 0.0589 0.1744 3.18 0.08 9.27 158 190 183 181 137 
-0.4288 0.1446 0.0706 0.8890 128.19 18.37 0.25 3.98 1.46 9.37 0.8800 1.6100 0.1700 -0.4944 -0.0356 0.1967 3.05 -0.40 9.30 163 189 188 185 140 
-0.4084 0.1365 0.0229 0.9022 133.31 13.25 5.12 3.67 1.62 10.11 1.8900 3.1300 0.9200 -1.5267 1.7000 -1.7967 1.11 -1.88 9.55 147 200 197 200 147 
-0.2728 0.0652 -0.1441 0.9490 149.50 1.19 21.06 5.90 -4.71 6.39 6.0300 -1.2500 -2.9800 -3.2778 1.7622 0.0578 -0.99 -5.75 7.87 125 195 192 205 159 
-0.2253 -0.0110 -0.3628 0.9042 150.75 -10.94 43.06 -6.17 -8.25 6.36 -4.0900 -1.5300 -0.4400 -0.8889 0.8800 -0.3356 -2.14 -7.11 6.39 130 195 201 211 164 
-0.2275 0.0021 -0.4180 0.8795 148.81 -9.81 48.50 -1.31 -5.81 6.75 -0.2100 1.9700 0.6500 -0.9533 -1.2367 0.7556 -1.49 -7.62 5.98 148 247 232 233 182 
-0.3024 0.0909 -0.5010 0.8058 137.37 -7.75 67.00 1.12 -8.25 6.46 3.8800 0.2200 5.4600 -1.8867 2.4156 -1.2056 -0.81 -9.55 2.04 173 319 327 341 199 
-0.1956 0.1420 -0.6716 0.7004 148.69 -2.56 92.81 3.23 -9.16 -3.67 3.9300 0.0500 -5.1200 -4.1011 0.8100 0.6278 -0.58 -9.16 -3.43 157 360 334 393 208 
-0.1324 0.1299 -0.8452 0.5013 153.19 -5.87 120.12 -4.05 -5.20 -10.14 -3.4400 3.6000 -6.1400 1.3800 1.3378 -0.3011 -0.45 -8.73 -4.43 158 356 346 396 217 
-0.0219 0.0372 -0.7914 0.6097 179.94 1.87 92.37 -2.54 1.84 -6.77 -3.7600 12.3600 -7.1700 11.8122 -0.9033 -1.0178 0.98 -6.25 7.49 168 385 340 404 220 
0.0272 -0.0009 -0.2430 0.9697 183.94 2.06 31.69 3.70 -1.10 24.20 4.7800 5.5700 10.6200 -6.9256 -1.3867 -0.3389 1.22 -8.41 4.87 152 385 359 407 221 
0.0323 0.0263 -0.6345 0.7719 184.87 3.00 88.75 -2.37 -4.13 -14.56 -2.7500 4.6000 -17.1500 -2.4922 -0.7533 0.0511 0.23 -9.50 -2.41 151 366 343 397 220 
0.0272 0.0147 -0.7067 0.7069 184.12 4.87 80.75 -2.74 2.12 -7.08 -2.9000 12.6500 -4.9400 11.3489 -1.9433 -1.8289 2.59 -4.75 8.17 173 389 353 404 221 
-0.0038 0.1298 -0.1403 0.9816 179.12 14.81 18.56 6.48 3.74 23.08 4.7000 7.2700 9.2700 -8.0856 -0.1789 1.0044 2.57 -7.24 6.08 166 391 355 404 222 
-0.0059 0.1078 -0.5662 0.8172 179.06 5.94 80.06 0.03 -5.58 -8.07 -1.1100 2.8500 -8.7800 -2.9911 1.0344 1.2567 -0.02 -9.74 -1.14 169 360 339 381 220 
0.0047 -0.0292 -0.7619 0.6470 182.06 -1.37 98.00 -2.73 -7.20 -8.40 -1.8600 3.3400 -6.3800 3.5322 -1.5500 -1.0578 0.56 -9.69 1.37 165 311 296 303 207 
;
