0.0797 0.6448 0.0128 0.7601 191.94 78.00 -36.38 9.59 1.21 1.54 -0.0600 0.0600 -0.0400 0.0167 -0.1244 -0.0144 9.60 1.21 1.54 181 276 290 315 200 
0.0798 0.6506 0.0137 0.7551 192.00 78.62 -39.25 9.77 1.26 1.40 0.2400 0.1800 -0.1400 0.0311 0.0467 0.0444 9.61 1.20 1.51 179 289 285 308 203 
0.0745 0.6462 0.0130 0.7595 190.37 78.62 -31.12 18.00 0.56 2.62 8.6200 0.4200 0.7300 -0.2400 0.2300 1.9078 9.60 -0.11 1.98 180 409 204 204 161 
-0.0392 0.6424 -0.0948 0.7595 164.56 70.50 71.75 5.61 -1.93 0.28 -2.5000 2.6900 0.2500 1.7633 -1.3167 3.6733 7.99 -5.67 0.27 175 427 183 188 151 
-0.3196 0.6583 -0.1840 0.6562 122.62 45.75 84.69 5.22 -4.27 -0.37 -0.6800 2.1900 -1.2800 1.9644 -1.2167 0.8033 6.53 -7.25 0.88 182 413 185 198 154 
-0.4802 0.6096 -0.1073 0.6216 103.06 41.94 62.94 6.42 -1.25 15.81 -0.3000 2.4500 4.4400 -1.7333 0.1511 0.3344 6.34 -6.92 2.81 176 423 205 206 159 
-0.4460 0.5916 -0.1525 0.6541 110.69 39.88 71.62 10.31 -9.28 -3.93 -17.4000 3.1600 0.8600 2.1289 -1.9978 -0.2756 6.78 -6.26 3.28 178 428 205 207 164 
-0.4746 0.5637 -0.0942 0.6694 113.50 39.75 61.56 3.86 -4.78 4.30 -0.9300 1.7400 1.0700 -2.5356 -0.5833 -0.3733 6.40 -7.01 2.45 181 414 258 258 185 
-0.3271 0.5722 -0.2446 0.7112 139.44 39.81 71.31 12.91 -7.46 4.78 7.5100 0.5800 3.7500 -3.9544 5.8900 0.1911 5.24 -7.84 2.68 187 355 313 377 217 
-0.0857 0.3347 -0.5472 0.7623 168.06 19.25 86.00 6.09 -5.73 -2.18 1.1400 5.5400 -4.7000 -6.7222 2.1844 3.8967 0.50 -8.88 -4.11 185 377 320 389 217 
-0.0497 0.0523 -0.9006 0.4285 162.56 -5.12 135.06 -1.91 -1.74 -12.04 -0.6000 4.8800 -4.0600 -0.0933 -0.8844 0.7422 -1.80 -6.36 -7.24 186 364 340 384 214 
-0.1073 0.0027 -0.9113 0.3976 154.50 -9.63 125.50 -3.97 1.69 -12.85 -1.5400 11.5700 -9.2300 8.8622 -0.4756 -2.4656 -0.23 -9.79 -0.29 184 345 307 384 218 
-0.0484 0.0907 -0.4590 0.8824 174.37 9.38 42.00 5.85 15.70 8.53 2.8200 20.2700 7.6700 10.9244 0.2244 -0.6378 1.92 1.54 9.48 200 374 357 393 222 
-0.0482 0.1175 0.1440 0.9814 175.56 15.75 -19.56 5.27 7.72 20.54 2.6500 3.5500 8.9000 -1.2611 -1.3622 -0.3733 3.41 2.74 8.77 193 391 346 399 223 
0.0121 0.2021 0.1119 0.9729 182.37 29.50 -12.25 7.02 0.88 11.32 1.0700 -0.7800 4.0200 -3.1156 -3.4678 1.1622 7.31 -0.49 6.51 206 263 223 183 128 
0.0424 0.3668 -0.1796 0.9119 185.12 34.81 28.87 9.97 -2.91 -16.72 4.1300 5.4700 -22.5000 1.6078 10.0433 6.9411 -4.40 -3.30 8.11 209 169 174 157 99 
-0.1826 -0.3325 -0.0690 0.9227 148.19 -40.44 -13.63 -15.66 7.66 11.08 -10.4200 4.6400 5.6200 0.1800 -0.4300 1.7767 -5.66 3.47 7.20 210 180 176 163 105 
-0.3198 -0.3463 0.0295 0.8815 141.19 -36.75 -17.81 -4.14 2.28 9.19 2.2600 0.3800 1.7000 -0.4744 0.4544 -0.3467 -6.25 1.70 7.35 209 177 180 167 110 
-0.2971 -0.3516 -0.0314 0.8872 143.81 -39.81 -9.88 -7.34 0.91 7.79 -3.1400 -1.2700 -0.0900 0.6522 -3.0067 -3.2867 -5.10 0.38 8.36 202 228 216 188 132 
-0.0504 -0.0796 0.0347 0.9949 184.75 9.50 -12.94 11.51 6.27 -0.20 12.4700 2.4700 -6.6200 1.7100 -6.9444 2.5344 7.40 3.39 5.45 201 295 255 248 179 
;
