0.7910 -0.1033 -0.4797 -0.3653 49.56 56.50 -19.81 8.10 1.94 5.07 -0.0900 0.0800 -0.0400 -0.0011 0.0000 -0.0044 8.18 1.83 5.08 183 357 340 394 216 
0.7911 -0.1033 -0.4796 -0.3653 49.56 56.50 -19.81 8.09 1.95 5.12 -0.0900 0.1300 0.0000 0.0011 0.0044 0.0000 8.18 1.83 5.08 183 358 343 395 216 
0.7911 -0.1036 -0.4795 -0.3653 49.56 56.88 -18.94 8.35 2.27 6.27 0.0900 0.6700 1.2400 -1.9767 -0.6489 0.6811 8.48 0.75 4.85 181 404 320 276 205 
0.7628 -0.2465 -0.4565 -0.3860 55.06 65.44 11.69 11.55 -0.97 3.67 3.6100 0.0000 -1.9800 -2.1533 -4.0522 1.5644 9.47 -2.28 1.05 176 403 203 208 154 
0.5982 -0.5169 -0.5546 -0.2595 38.94 60.50 128.37 11.21 -3.32 -6.56 3.1100 2.0800 -1.3200 1.9389 -2.1244 1.9278 6.56 -5.66 -4.58 159 414 194 197 141 
0.5576 -0.5804 -0.5933 0.0172 353.81 39.56 113.87 2.81 -5.50 0.38 -3.2800 1.3600 2.7800 0.9411 0.7333 0.4000 6.15 -7.37 -1.96 161 422 197 199 145 
0.6414 -0.5497 -0.5328 0.0502 351.62 39.25 101.69 6.21 -6.90 -2.74 0.4800 0.4300 -1.9200 0.8311 -0.3033 -0.0211 6.24 -7.47 -1.14 168 423 202 199 145 
0.6998 -0.4978 -0.5059 0.0812 346.12 38.44 77.81 -2.55 -2.60 13.63 4.4400 2.7600 9.7800 -0.8044 -0.6778 1.3111 6.20 -7.36 1.85 172 429 213 207 152 
0.7578 -0.4576 -0.4607 0.0646 350.94 40.13 78.44 10.32 -9.40 -4.59 -9.8600 1.7000 -2.3900 1.8056 -3.0567 -0.8033 6.69 -6.79 2.25 167 428 214 210 155 
0.7854 -0.4214 -0.4494 0.0606 353.31 40.81 72.25 4.22 -5.21 4.28 -1.7400 2.0900 1.5400 -1.9733 0.1444 -1.2078 6.94 -6.81 1.23 166 413 229 231 171 
0.7382 -0.4841 -0.4626 -0.0822 19.25 52.25 79.44 8.74 -5.32 -1.11 2.4800 -0.0500 -2.2700 -0.8522 -0.6300 -1.4256 8.46 -4.91 0.65 169 405 227 228 168 
0.6904 -0.4925 -0.4900 -0.2018 32.31 61.19 88.19 10.11 -5.31 0.03 1.9100 -0.7300 0.0100 -0.0867 -0.0111 0.2067 8.53 -4.82 -0.04 167 413 224 227 165 
0.6731 -0.5125 -0.5009 -0.1828 29.31 58.31 94.87 11.09 -6.41 -3.03 3.4300 -1.1400 -3.2400 -0.3611 -1.9300 1.4600 7.52 -6.07 -1.63 168 426 211 211 155 
0.6400 -0.5740 -0.5103 -0.0234 356.44 39.50 101.12 3.16 -5.75 -0.66 -2.2800 1.9700 0.7400 4.3056 0.1511 -0.2633 6.06 -7.68 0.67 127 427 218 219 156 
0.7233 -0.4482 -0.5112 0.1207 341.62 37.94 85.50 3.60 -8.17 -1.43 -1.6200 -1.4300 -3.3100 -0.6744 0.1089 -0.4089 6.13 -7.62 0.68 125 427 219 222 160 
0.7488 -0.4426 -0.4867 0.0808 346.62 40.25 80.69 3.02 -6.27 2.75 -4.5600 1.3500 2.0700 -2.3644 0.6867 -0.2022 6.27 -7.52 0.42 140 421 225 219 163 
0.6962 -0.5435 -0.4670 -0.0412 17.37 48.38 90.50 4.48 -3.80 -2.03 -3.2800 2.1700 -3.2600 -0.7022 6.7256 -4.0456 8.13 -4.38 3.28 136 296 269 298 189 
0.7679 -0.3607 -0.3210 -0.4209 57.44 56.88 19.00 16.56 0.24 4.73 5.9600 0.3900 0.4000 2.2033 -1.6922 -0.0378 8.93 -0.49 4.02 151 337 349 411 215 
0.7676 -0.2239 -0.4914 -0.3453 47.81 63.94 0.00 7.28 0.00 3.67 -0.0300 0.3500 -1.2100 0.2056 0.1500 -0.3522 8.80 0.26 4.30 158 343 350 408 214 
;
