0.1292 0.0628 0.2720 0.9515 195.37 2.87 -32.31 0.52 5.37 8.19 0.0100 0.1300 -0.0300 0.0189 -0.0411 0.0400 0.53 5.25 8.26 168 350 365 392 210 
0.1271 0.0660 0.2731 0.9512 195.19 3.19 -32.44 0.50 5.35 8.20 -0.0600 0.1000 -0.0500 -0.0367 0.0389 -0.0067 0.52 5.24 8.26 169 353 363 394 209 
0.1266 0.0666 0.2755 0.9506 195.31 4.25 -33.31 -1.96 6.80 16.40 -3.8800 0.9500 6.9600 -2.5889 -4.7922 -0.4211 3.08 3.96 8.42 165 383 180 190 138 
0.1544 0.4655 0.0994 0.8658 194.62 74.00 -55.44 15.59 5.18 -7.09 2.7700 4.0400 -5.6900 5.6056 -8.5678 5.1478 8.37 -2.35 -4.52 140 397 177 167 123 
-0.2913 0.8665 0.0350 0.4039 90.06 40.69 129.75 3.49 -0.98 -0.43 -3.5100 4.9500 3.8500 3.5600 -1.0122 0.7622 5.57 -7.44 -3.11 143 411 189 176 128 
-0.5585 0.7737 0.1196 0.2743 49.13 33.44 103.81 6.12 -4.25 -1.29 1.0400 3.3600 0.2400 2.0344 -0.6656 0.3156 5.09 -8.32 -0.89 147 414 193 173 131 
-0.6926 0.6638 0.1820 0.2159 37.44 34.56 77.44 14.17 -1.32 14.40 0.8900 3.5600 6.9600 -1.3122 1.8811 0.1478 5.65 -7.75 2.01 151 418 186 178 132 
-0.6687 0.6801 0.1539 0.2582 41.94 33.56 92.69 9.56 -10.71 -8.69 0.4200 -1.9900 -7.8500 3.1544 1.6667 -0.3456 5.42 -8.05 1.37 138 417 200 183 132 
-0.7102 0.6348 0.1759 0.2484 41.31 34.19 80.19 4.94 -7.38 1.27 -0.6300 0.5100 -0.3500 -1.1256 1.1378 -0.4567 5.63 -7.92 1.23 141 397 204 186 133 
-0.6534 0.6729 0.1385 0.3182 55.38 40.19 89.00 7.85 -10.05 -0.35 2.1200 -3.1200 -1.1100 0.7711 -2.9511 -1.0722 6.93 -6.87 -0.90 159 408 210 183 132 
-0.6229 0.6602 0.2792 0.3135 53.94 52.25 87.56 8.15 -9.87 -5.51 -1.1000 -4.1200 -6.1400 3.4856 1.9289 -2.0067 8.32 -4.54 2.48 149 381 208 185 132 
-0.7364 0.4111 0.3655 0.3939 55.50 58.81 27.00 6.16 0.32 4.52 -1.9000 2.2400 -1.4000 1.2389 1.0300 0.2978 8.01 -1.35 5.48 148 372 209 187 132 
-0.8104 0.2522 0.3734 0.3745 48.31 51.25 11.81 6.22 2.82 5.60 -1.1500 3.8400 -0.4800 -0.1889 0.6422 0.1378 7.34 -1.41 6.34 144 376 211 188 134 
-0.8237 0.2595 0.3254 0.3850 51.63 46.63 17.37 11.49 1.45 3.60 4.1400 3.7300 -3.6800 -2.7667 1.9600 -0.7622 6.43 -2.98 6.77 143 384 216 196 141 
-0.7595 0.3345 0.1473 0.5382 75.81 33.38 26.81 5.17 -6.67 4.19 0.0900 -2.8600 -2.5800 -1.5733 1.6889 -0.8289 4.72 -4.30 7.43 139 389 223 206 145 
-0.6899 0.3506 0.0053 0.6333 83.81 26.69 33.44 0.60 -5.56 10.26 -4.5300 -0.4400 3.2000 0.1411 0.1822 -0.2533 4.27 -4.75 7.43 153 384 226 209 146 
-0.6870 0.3705 -0.0032 0.6251 84.19 28.37 37.94 1.01 -2.58 6.90 -4.7400 3.4000 0.1600 -2.4478 -1.7567 -0.4178 5.48 -6.15 5.31 182 260 221 214 153 
-0.5687 0.5078 -0.0569 0.6445 106.94 36.25 53.13 9.63 -8.09 -1.12 10.7300 -2.7100 -7.2600 -1.7478 15.0100 -1.3933 -0.81 -6.52 7.27 206 175 186 172 120 
-0.2662 -0.2235 -0.4698 0.8114 135.56 -34.94 47.69 -0.97 2.97 1.75 1.9000 8.6300 -2.1100 2.0844 -3.3844 3.4378 -6.31 -3.20 6.77 210 180 180 172 120 
-0.5154 -0.2313 -0.2610 0.7828 109.87 -38.25 7.62 -11.56 0.93 15.37 -4.9500 2.2500 7.8600 0.5633 -0.9100 0.6900 -5.24 0.00 8.28 211 187 185 173 121 
-0.5690 -0.2007 -0.1600 0.7812 109.50 -28.62 3.06 -5.78 0.31 9.86 -1.2700 1.0200 0.9000 -0.3333 -0.3533 -0.9222 -4.42 -1.09 8.68 210 191 185 176 123 
;
