0.8256 -0.0801 -0.4920 -0.2643 35.50 58.69 -14.25 8.34 1.28 4.83 -0.0400 0.0500 -0.0800 0.0011 -0.0022 0.0033 8.38 1.25 4.93 181 355 343 382 213 
0.8254 -0.0802 -0.4924 -0.2643 35.50 58.81 -14.31 8.34 1.27 4.83 -0.0700 0.0100 -0.0900 -0.0078 -0.0656 0.0144 8.41 1.24 4.87 182 353 343 387 211 
0.8232 -0.0821 -0.4960 -0.2637 35.50 59.44 -14.25 8.52 1.37 4.69 0.1600 0.1400 0.0900 -0.2589 -0.4933 0.2511 8.59 1.04 4.61 182 373 312 337 213 
0.8046 -0.1348 -0.5181 -0.2570 36.19 67.25 0.00 10.73 -0.34 6.02 2.5400 0.7300 1.4400 -2.9422 -3.0611 1.7633 9.52 -1.71 1.55 174 382 189 202 149 
0.6630 -0.4149 -0.5869 -0.2094 31.37 66.25 110.00 9.18 -3.90 -4.96 0.6000 0.9500 -1.9000 0.3733 -1.3722 2.8344 7.55 -5.73 -2.48 169 401 185 200 147 
0.6246 -0.5571 -0.5467 -0.0253 1.00 43.31 104.56 3.17 -5.57 -1.78 -3.2900 1.4900 -0.2900 1.1967 0.5033 0.6044 6.37 -7.40 -0.86 171 419 190 202 154 
0.6863 -0.5242 -0.5016 0.0507 349.75 38.88 92.12 6.04 -6.72 -0.13 0.3300 0.7400 -0.1000 1.1056 -0.6022 0.2800 5.97 -7.77 0.19 171 414 194 210 157 
0.7381 -0.4537 -0.4830 0.1262 339.62 37.13 71.56 10.79 -2.37 15.00 2.2800 2.4200 6.3800 -1.4533 0.4011 0.7022 6.09 -7.44 1.90 167 413 207 223 163 
0.7561 -0.4428 -0.4671 0.1183 344.19 37.06 79.50 11.29 -10.82 -7.35 -9.0100 2.1800 -6.2400 2.4922 -5.1933 -0.9678 6.52 -6.99 2.18 146 419 204 215 157 
0.7804 -0.3973 -0.4672 0.1217 345.62 38.56 72.62 5.36 -5.44 4.91 1.9900 1.9500 4.4700 -3.2833 -0.2067 -0.4133 6.38 -7.43 0.37 161 378 188 197 138 
0.6962 -0.5407 -0.4709 -0.0341 15.38 46.63 93.56 7.29 -4.76 0.04 -0.0400 1.3900 -1.0100 -2.0400 4.5233 -1.3500 7.91 -5.74 0.67 108 374 181 187 117 
0.6990 -0.5140 -0.3148 -0.3846 63.56 56.94 48.56 10.14 -1.54 -0.99 3.6400 1.7700 -4.5400 1.3056 0.2556 -1.7322 8.66 -2.20 4.01 108 382 178 189 118 
0.6894 -0.3824 -0.3901 -0.4757 67.81 65.50 18.25 18.29 -0.27 2.61 9.9400 0.9100 -0.8600 2.0478 -0.7489 1.6389 9.00 -1.44 3.59 112 382 193 195 121 
0.7628 -0.3505 -0.4358 -0.3246 38.69 58.25 40.06 7.88 -2.07 8.13 -0.9600 2.0500 3.9900 0.2344 1.3878 3.5722 6.64 -5.41 4.75 113 385 196 195 126 
0.8598 -0.4166 -0.2673 -0.1255 15.06 30.94 54.13 -4.19 -3.62 4.87 -8.8700 4.0600 -0.9600 -1.9044 0.4156 -0.1789 4.66 -7.54 4.17 110 387 192 196 125 
0.8133 -0.5133 -0.2070 -0.1794 29.62 34.69 62.50 1.90 -0.67 -0.47 -1.8400 5.7500 -4.4800 -0.4389 -0.3511 -2.7967 7.28 -5.67 3.28 119 389 194 195 127 
0.7432 -0.4714 -0.3366 -0.3350 48.56 57.94 52.75 20.32 -4.25 0.23 11.4200 -0.9500 -1.6500 2.4222 -0.7156 0.7956 8.47 -3.74 3.21 118 381 199 199 128 
0.7820 -0.3875 -0.4337 -0.2242 29.62 56.75 50.25 4.25 -3.44 9.40 -4.4700 0.7500 3.6700 -0.8211 1.5033 -0.2967 7.80 -4.22 4.17 134 380 204 213 142 
0.8043 -0.3883 -0.3525 -0.2794 40.94 51.69 41.81 6.40 -3.99 -1.54 -1.7700 -0.4100 -6.4500 2.2511 0.6667 -1.7456 7.84 -2.27 5.42 180 337 301 351 202 
0.8226 -0.2178 -0.3991 -0.3414 43.44 54.25 -0.06 11.16 2.96 9.34 2.7000 3.1400 5.3500 1.9056 0.7211 -0.9489 7.63 1.41 5.99 180 372 338 436 219 
0.8297 -0.0948 -0.4509 -0.3151 41.19 55.13 -12.75 6.51 1.88 2.73 -0.9000 0.1800 -1.8600 -0.1022 -0.0422 0.0022 8.16 1.26 5.28 175 371 342 423 219 
;
