-0.2917 0.0024 0.2100 0.9332 145.25 7.37 -23.12 1.23 3.86 8.93 -0.1000 0.0500 0.0000 -0.0122 -0.0222 -0.0122 1.28 3.81 8.94 173 322 354 408 213 
-0.2904 0.0053 0.2101 0.9335 145.37 7.56 -23.06 1.28 3.87 8.95 -0.0200 0.0100 -0.0100 -0.0211 -0.0100 -0.0267 1.29 3.81 8.94 172 320 357 408 211 
-0.2881 0.0066 0.2109 0.9341 145.81 7.75 -23.31 0.43 4.29 10.05 -2.7600 0.5300 3.5800 -0.6300 -1.7133 -0.0556 2.52 3.52 8.79 177 362 161 166 119 
-0.2200 0.3270 0.2469 0.8853 154.37 67.50 -41.81 21.14 5.47 -5.01 10.3500 1.7600 -4.0200 2.2989 -7.7900 3.2156 8.84 0.05 -4.23 145 404 177 166 114 
-0.2421 0.8471 0.2749 0.3850 98.44 46.50 153.06 4.35 -0.90 -3.77 -2.1600 2.9500 2.0700 2.8356 -0.2444 1.2156 6.30 -5.20 -5.41 143 416 186 174 117 
-0.4500 0.8201 0.2589 0.2406 51.50 37.75 124.19 5.09 -3.73 -3.11 -0.8400 2.5800 1.0200 1.6978 -0.7900 0.7656 5.42 -7.24 -3.76 143 421 186 181 116 
-0.5449 0.7838 0.2607 0.1440 24.69 29.56 113.62 4.57 -6.23 -3.70 0.9300 1.4600 -1.6900 2.7678 -0.3978 -0.4078 5.00 -8.27 -1.60 135 428 183 181 117 
-0.6570 0.6738 0.3293 0.0770 14.38 32.38 96.87 5.99 -6.68 1.89 -1.7600 0.6500 -0.0700 -3.3322 1.3811 -0.4567 5.36 -8.02 -1.73 138 419 188 187 119 
-0.6477 0.7018 0.2488 0.1613 26.50 34.00 89.25 -2.62 -0.47 14.45 1.6600 4.1100 9.1500 -0.2911 -0.8033 0.3000 5.50 -8.09 -0.54 127 412 189 189 116 
-0.6445 0.6898 0.3053 0.1250 22.44 34.69 104.81 9.43 -7.90 -1.68 4.0300 -0.4900 0.8800 -0.5122 -0.8178 -0.5344 5.74 -7.38 -2.93 132 409 194 193 117 
-0.5749 0.7244 0.3604 0.1219 22.87 36.50 111.94 5.07 -10.70 -6.87 -1.7500 -3.6200 -3.4400 1.7733 0.8167 -1.1800 6.59 -7.06 -1.64 133 412 186 193 116 
-0.6687 0.6061 0.4041 0.1492 25.44 48.63 88.87 5.48 -5.01 -0.51 -1.4900 2.0100 -0.2500 2.0322 0.5167 -0.8411 7.78 -5.74 1.58 132 400 193 197 118 
-0.7631 0.4548 0.4296 0.1623 23.25 53.63 65.44 7.61 -2.01 2.53 -0.1900 2.9700 -0.1000 0.5222 0.3256 0.0722 7.83 -5.15 2.86 131 385 195 197 119 
-0.7958 0.4116 0.4164 0.1544 22.37 51.25 58.06 7.33 -3.22 3.44 0.4200 2.0100 0.0000 -1.2400 1.4933 -0.2489 7.39 -5.37 3.53 125 386 204 199 121 
-0.7881 0.4586 0.3162 0.2618 40.31 47.31 56.13 9.53 -3.76 2.25 1.8700 1.9400 -0.6900 -2.2856 2.4178 -0.5278 6.74 -5.91 3.96 118 392 213 201 122 
-0.7352 0.5149 0.1618 0.4101 60.44 39.63 56.13 4.89 -7.20 3.17 -1.3600 -1.0800 -0.5300 -0.3233 1.0733 0.5078 5.46 -6.69 4.64 121 405 218 203 122 
-0.7426 0.5022 0.0580 0.4392 61.38 31.12 54.69 1.02 -7.80 7.25 -2.2900 -0.0800 2.0800 -0.0089 0.6844 -0.0900 4.73 -6.91 5.09 123 404 217 203 123 
-0.7409 0.4917 0.0070 0.4575 62.75 26.62 54.88 5.15 -5.58 6.85 1.1500 2.2600 2.1600 -1.2944 1.4700 0.9544 3.56 -7.78 4.77 146 386 217 202 128 
-0.7141 0.5309 -0.0934 0.4466 64.75 20.31 65.25 2.10 -7.57 3.70 -0.7100 1.4800 0.3500 -1.0433 0.0056 -1.2311 4.07 -8.41 2.94 151 365 207 202 126 
-0.6147 0.6118 -0.1140 0.4847 78.50 27.94 77.25 9.36 -12.74 -0.57 3.2600 -4.8300 -2.7500 0.3056 1.9656 -0.1889 4.60 -8.28 2.51 136 210 199 192 121 
-0.6277 0.5224 -0.0969 0.5689 84.25 26.75 50.50 5.76 -5.04 3.74 1.7000 1.5400 -2.9900 5.4667 3.5389 -0.9200 2.93 -3.55 8.65 168 200 185 185 121 
-0.7285 0.1604 -0.0135 0.6659 81.69 8.50 13.50 0.01 2.23 9.48 -1.6300 4.2700 -0.9000 -0.1000 0.0800 2.2400 0.89 -2.45 9.45 166 205 187 188 122 
-0.8045 0.1198 -0.0472 0.5798 71.81 2.44 15.13 0.07 -1.57 7.70 1.1900 1.1200 -1.6000 0.1433 -1.2567 0.6322 1.19 -2.54 9.39 164 205 193 190 122 
-0.8231 0.1543 0.0042 0.5465 67.75 10.75 14.94 2.79 -0.43 9.71 1.3400 2.4300 0.3000 -0.4433 0.5822 -1.0400 1.69 -2.61 9.29 161 215 192 192 124 
-0.7759 0.1648 -0.0327 0.6080 78.37 7.62 18.37 3.94 -3.75 8.28 2.8300 -0.2400 -1.0000 -0.9889 2.3022 -1.3322 0.34 -3.65 9.09 153 207 181 195 127 
-0.7018 0.1387 -0.1538 0.6815 89.87 -3.94 25.25 -2.56 -5.84 8.13 -1.6300 -1.3800 -0.6000 -0.3489 0.0922 0.5589 -1.20 -4.51 8.62 153 215 196 197 128 
-0.6801 0.1198 -0.2306 0.6855 90.81 -8.56 29.44 -2.67 -3.19 8.29 -0.7500 1.9700 -0.5200 -0.4778 -0.7144 -0.2900 -0.96 -5.02 8.36 158 223 200 200 134 
-0.6617 0.1857 -0.2306 0.6888 93.75 -0.81 37.19 -3.50 -5.24 0.00 -3.2300 1.2200 -8.0300 -0.3500 -1.8600 -2.0300 1.92 -6.11 7.41 169 259 208 222 147 
;
