-0.2659 -0.0627 0.4794 0.8340 144.81 8.69 -57.56 1.46 7.87 5.02 0.0700 -0.4800 -0.2600 -0.0344 -0.1056 -0.1456 1.47 8.21 5.15 194 323 305 282 191 
-0.2536 -0.0602 0.4878 0.8331 146.44 8.56 -58.69 2.20 8.68 6.09 -0.0400 1.1600 2.0700 -1.9033 -0.4178 1.0489 2.05 7.66 5.75 190 314 261 236 171 
-0.2933 0.0657 0.3945 0.8683 141.87 27.81 -35.50 7.17 6.19 11.09 1.4500 2.2300 1.6400 -3.6622 -9.7133 2.8800 8.95 1.63 3.64 156 375 168 170 127 
-0.2394 0.7256 0.2904 0.5761 111.75 53.31 160.44 7.58 0.71 -5.77 -2.4500 3.5900 1.0300 3.5467 -3.0133 3.1756 4.51 -5.49 -6.74 128 415 178 174 124 
-0.4330 0.8608 0.2392 0.1196 27.00 23.87 126.19 2.95 -3.76 -2.26 -0.6800 2.8200 1.1700 1.3378 1.3444 -0.0044 4.15 -7.89 -4.07 127 417 184 178 128 
-0.5610 0.7905 0.2183 0.1132 21.62 25.25 109.44 5.16 -7.56 -4.86 1.5100 0.9700 -2.1100 4.7978 1.7822 -0.9522 4.76 -8.56 -0.41 124 400 180 183 130 
-0.6625 0.6971 0.2638 0.0742 15.63 26.37 97.94 0.79 -9.17 -1.49 -1.4800 0.1400 -1.0600 -2.2900 -1.5389 -0.0100 4.18 -8.41 -2.79 127 403 183 190 134 
-0.6175 0.7449 0.2063 0.1455 27.12 30.94 94.25 11.47 -4.75 8.84 5.9200 3.0000 8.6000 -0.2911 1.0944 0.0300 5.14 -8.32 -0.69 133 407 194 197 137 
-0.6585 0.6987 0.2133 0.1810 33.13 33.19 95.87 7.18 -8.50 3.19 2.0700 -0.5200 4.1000 -1.8589 2.3689 -1.5856 6.13 -7.54 -1.30 144 347 174 178 131 
-0.5878 0.6985 0.1586 0.3759 75.25 48.06 81.75 7.86 -9.18 -2.66 -3.3800 -1.9400 -6.1700 1.7344 1.9722 -1.1822 7.40 -5.25 3.70 137 166 157 172 129 
-0.6414 0.4667 0.1247 0.5961 82.94 43.00 33.81 9.62 -3.11 1.54 2.8700 0.7800 -4.8600 2.9111 2.0356 0.6178 5.42 -2.75 7.69 144 192 166 175 131 
-0.7739 0.2308 0.1367 0.5737 70.94 26.87 10.31 1.47 0.78 8.29 -2.8400 1.9100 -0.5500 1.4400 1.0656 0.0956 3.73 -0.75 9.03 155 199 164 178 133 
-0.8205 0.1241 0.1316 0.5423 66.25 20.19 3.50 3.23 1.64 8.61 -3.3100 1.5200 -0.2300 0.1433 1.0033 -0.8611 3.06 -0.32 9.31 155 197 171 180 134 
-0.8171 0.1087 0.1303 0.5510 68.69 19.44 2.12 3.91 0.96 9.28 0.2400 1.6700 0.4100 -0.4567 0.7567 -0.9822 2.88 -0.38 9.36 154 204 173 183 135 
-0.7747 0.1028 0.0876 0.6177 79.81 13.81 3.62 3.85 2.67 9.49 1.7700 3.5400 -0.0700 -1.2422 1.1933 -1.5344 1.60 -1.22 9.59 149 209 166 186 138 
-0.6898 0.0977 -0.0402 0.7163 93.56 2.69 13.63 3.91 -5.37 6.59 2.2600 -3.1800 -2.9700 -1.3444 2.7456 -0.4644 -1.21 -3.33 9.14 150 197 169 188 138 
-0.6122 0.0410 -0.2233 0.7574 104.00 -13.63 24.81 -4.05 -3.87 8.39 -0.3100 0.6400 0.0400 0.0933 -1.0367 0.3767 -1.93 -4.01 8.73 154 212 176 193 144 
-0.6204 0.0670 -0.2248 0.7484 97.81 -9.06 25.19 -6.10 -2.35 4.55 -4.1900 1.5700 -5.3600 -1.0567 -6.5422 2.0989 1.94 -4.83 8.30 168 229 257 285 213 
-0.7341 0.3860 0.0020 0.5587 73.06 30.87 42.94 2.62 -4.35 0.76 -5.4400 1.0500 -6.0000 -0.9778 -3.3244 -2.3956 7.54 -5.23 3.44 211 392 335 408 226 
-0.5823 0.6600 0.2112 0.4251 55.50 43.00 112.19 14.13 -2.54 -4.58 7.0600 5.7100 1.5500 -7.2978 -3.0411 2.0267 2.93 -4.83 -8.01 209 269 286 358 228 
-0.0505 0.9818 0.1736 0.0580 161.12 3.87 -174.25 -3.41 6.57 -28.14 0.4800 1.7000 -13.4300 1.5844 -0.5344 0.0800 1.33 0.36 -9.70 211 299 297 379 230 
-0.0263 0.9719 0.2105 0.1023 154.69 13.06 -179.12 2.74 0.54 -10.90 0.2300 0.5200 -1.3600 -0.3456 0.1878 0.1478 2.38 0.34 -9.50 211 310 304 380 230 
-0.0182 0.9673 0.2170 0.1296 154.69 15.44 -179.19 2.99 0.08 -8.65 0.4100 0.0600 0.8800 0.1600 0.5711 0.0056 2.93 0.00 -9.35 210 307 309 381 229 
;
