0.7396 -0.0956 -0.4762 -0.4659 64.31 52.94 -29.06 8.11 3.08 5.54 0.1300 0.2700 0.5000 -0.7200 -0.4433 0.4811 8.09 2.30 5.03 180 376 338 370 224 
0.7333 -0.1617 -0.4739 -0.4599 63.75 60.63 -18.06 9.04 2.06 5.04 1.0400 0.7400 0.9200 -1.3200 -2.0744 1.5489 9.25 0.12 3.25 181 402 255 277 203 
0.6791 -0.3513 -0.5135 -0.3895 56.81 79.06 54.00 11.29 -2.46 -1.77 1.5300 -0.0300 -2.1200 -0.4711 -5.1056 3.5533 8.48 -4.07 -2.76 154 408 199 211 157 
0.5535 -0.5936 -0.5729 -0.1147 15.63 46.38 122.25 5.51 -5.64 -3.37 -1.7100 0.8600 0.2000 1.3011 0.3589 1.1711 6.47 -6.75 -2.93 128 394 202 208 154 
0.6234 -0.5876 -0.5159 -0.0068 0.37 40.94 103.56 5.73 -5.79 -2.84 0.6500 1.2100 -1.7800 3.3600 1.5556 -0.4400 6.67 -7.15 0.70 134 414 209 209 141 
0.7511 -0.4266 -0.5003 0.0599 350.19 43.25 82.31 8.68 -5.66 0.67 0.6700 0.1400 -0.8800 -1.9767 1.1211 0.3411 6.50 -7.32 0.49 129 405 206 219 156 
0.7549 -0.4628 -0.4632 0.0368 353.31 43.44 78.12 12.38 -2.87 6.65 1.5200 2.6300 2.5700 -1.6733 3.3489 -0.0344 6.56 -7.10 1.63 148 398 224 237 175 
0.7380 -0.4985 -0.4543 -0.0165 8.00 45.94 86.44 4.65 -3.80 1.25 -2.7200 2.5800 0.3700 -1.5544 1.7978 -3.1856 8.37 -5.06 0.60 162 373 273 311 200 
0.7123 -0.4323 -0.4641 -0.3008 52.19 68.56 34.75 14.22 -0.49 0.13 5.2900 0.5300 -2.5500 2.4822 2.2967 -2.4256 8.62 0.78 4.60 177 357 340 406 219 
0.7480 -0.1589 -0.4957 -0.4116 57.75 59.69 -20.25 10.10 0.84 5.47 0.4900 -1.1100 -0.0400 0.1311 0.7044 -0.1133 8.29 1.77 4.91 161 353 343 401 218 
;
0.7607 -0.1484 -0.4702 -0.4224 58.31 57.44 -17.37 8.69 1.42 5.19 0.5900 -0.2500 0.0200 -0.3200 -0.3544 0.1044 8.41 1.37 4.84 159 353 339 389 217 
0.7498 -0.1785 -0.4720 -0.4280 59.69 59.56 -15.38 8.70 1.80 5.33 -0.0800 0.2900 1.1100 -0.6900 -0.6400 0.2556 8.65 0.97 4.51 168 376 301 327 216 
0.7235 -0.2541 -0.4719 -0.4351 62.06 66.69 0.81 12.02 -1.13 3.67 2.6800 -0.9400 -1.0100 -1.3233 -5.0911 3.0733 9.52 -2.20 0.76 166 409 208 233 170 
0.6180 -0.5078 -0.5583 -0.2205 30.31 59.19 115.75 7.56 -4.31 -2.42 -1.1800 0.6500 -0.4800 1.2978 -0.9789 1.7689 7.14 -6.14 -2.69 162 415 208 219 164 
0.6202 -0.5589 -0.5504 -0.0107 359.25 43.25 104.75 4.55 -4.70 -2.36 -1.6100 1.7700 -1.2500 2.6422 0.3189 0.1922 6.64 -7.21 -0.19 159 421 208 224 155 
0.7617 -0.3997 -0.5039 0.0786 345.25 46.13 76.37 8.70 -5.82 2.46 1.3900 0.8300 -0.3900 -1.7567 1.3000 0.4989 6.67 -7.13 0.90 150 421 207 209 151 
0.7293 -0.4595 -0.5034 0.0599 351.44 43.38 79.44 1.47 -2.58 8.03 3.7200 2.7800 3.7600 -0.4900 0.6456 0.2733 6.87 -6.81 1.58 162 413 214 220 160 
0.7731 -0.4442 -0.4526 0.0148 359.69 43.44 75.44 5.17 -4.35 3.39 -2.1600 2.5200 0.8200 -2.1667 1.7578 -1.6311 7.35 -6.28 1.58 166 392 266 282 193 
0.7607 -0.4579 -0.4055 -0.2172 39.25 58.75 53.44 6.43 -2.29 -1.11 0.7200 1.4600 -4.0600 2.1511 0.6767 -4.9278 8.89 -0.44 4.10 175 354 327 389 220 
0.7443 -0.1992 -0.4810 -0.4184 57.56 62.00 -18.19 11.01 1.11 12.11 2.9600 -0.2000 5.7700 -0.2167 0.0367 0.1367 8.62 1.18 4.51 164 344 343 368 215 
;
0.7509 -0.1840 -0.4772 -0.4177 58.44 59.63 -14.75 8.22 2.15 5.68 0.0800 0.8500 0.7300 -0.2189 -0.3522 0.1933 8.52 1.14 4.71 166 343 339 376 214 
0.7488 -0.1920 -0.4772 -0.4180 58.38 61.06 -13.56 8.36 1.37 4.91 -0.2500 0.2500 0.3400 0.1133 -0.2322 0.0000 8.63 1.15 4.49 170 351 335 374 214 
0.7327 -0.2217 -0.4995 -0.4056 58.81 69.81 -6.19 10.82 -0.50 5.13 1.6500 -0.9300 1.3600 -2.1467 -7.2411 3.6278 9.56 -1.94 -0.91 162 399 202 211 145 
0.5298 -0.5624 -0.6156 -0.1550 21.37 47.88 132.50 5.78 -3.61 -4.63 -2.3200 2.0500 -0.1000 1.2667 -0.1622 1.7889 5.99 -6.51 -4.21 146 412 198 204 141 
0.5712 -0.6104 -0.5486 0.0126 357.06 38.31 111.19 4.87 -5.89 -4.76 -0.0300 1.7100 -2.5600 3.3967 1.5533 -0.2544 6.27 -7.51 -0.52 147 416 209 221 154 
0.7625 -0.4186 -0.4848 0.0914 343.44 42.81 78.37 8.88 -4.66 5.61 0.5500 1.2900 -0.4500 -2.3256 2.0722 0.4511 6.10 -7.63 0.85 141 407 212 214 148 
0.7309 -0.4886 -0.4711 0.0709 348.50 38.75 78.44 9.42 -3.02 8.79 4.5700 3.1500 4.5900 -0.4178 1.4978 0.1622 6.18 -7.42 1.65 150 401 219 219 154 
0.7707 -0.4727 -0.4255 0.0394 355.19 38.25 77.94 3.17 -5.39 3.62 -3.6600 2.2800 2.2700 -1.8144 1.3522 -1.6456 6.67 -7.11 1.00 162 398 272 285 193 
0.7480 -0.5030 -0.4055 -0.1519 34.00 54.31 65.06 5.84 -1.95 -2.34 1.4100 2.1900 -5.1500 2.6656 1.7978 -5.4522 8.55 -0.55 4.75 167 388 341 403 217 
;
0.7678 -0.1486 -0.4188 -0.4616 61.25 47.38 -23.19 7.16 5.05 10.22 3.1300 4.2300 8.5300 -0.1611 -0.5956 0.3322 7.64 2.84 5.43 168 359 352 381 225 
0.7562 -0.0995 -0.4638 -0.4506 62.31 52.56 -25.81 7.64 2.49 5.49 -0.1300 0.0400 0.3000 -0.2133 -0.1311 -0.1033 7.85 2.52 5.30 164 384 346 361 226 
0.7403 -0.1257 -0.4738 -0.4600 63.81 56.88 -25.19 11.38 3.71 8.26 3.3300 1.5400 3.9200 -4.6367 -0.0433 0.2889 8.48 0.63 4.87 174 393 206 205 139 
0.6810 -0.3361 -0.3235 -0.5645 80.00 54.94 16.81 8.18 -2.90 0.39 0.1200 -0.7100 -4.2400 0.2844 -7.9700 3.3856 9.00 -3.79 0.85 133 403 202 194 138 
0.6089 -0.6066 -0.4587 -0.2257 26.56 48.88 110.69 5.05 -4.13 -3.23 -2.0400 2.3800 -0.9000 2.3967 -1.4311 1.7378 6.09 -7.43 -1.94 135 413 200 193 132 
0.6910 -0.5736 -0.4388 0.0302 351.69 33.94 89.06 5.61 -6.27 1.15 -9.2500 7.1300 2.1300 4.7633 -2.4722 -1.6689 5.83 -7.63 1.94 134 411 199 193 135 
0.7650 -0.4601 -0.4370 0.1107 347.69 34.63 77.50 8.04 -10.02 -2.60 5.2000 -2.6600 -5.5000 2.7922 1.2522 -0.7011 5.90 -7.52 2.13 136 414 204 196 137 
0.7772 -0.4426 -0.4382 0.0905 351.19 36.00 72.37 3.99 -6.32 3.55 -2.7100 2.0700 2.5600 -1.6611 0.1500 -0.7000 5.94 -7.57 1.83 161 414 216 206 147 
0.7548 -0.5197 -0.3945 -0.0672 21.06 45.38 75.69 4.06 -2.86 -0.84 -2.4600 1.1800 -3.2100 0.2078 4.3967 -5.1022 8.05 -4.03 3.86 166 347 285 264 189 
0.7582 -0.3157 -0.3566 -0.4453 62.13 55.06 7.06 12.91 1.38 5.60 5.5000 1.5700 1.4600 2.5022 0.2344 -1.4033 7.88 1.79 5.54 180 359 355 398 227 
;
0.7446 -0.1485 -0.4669 -0.4534 63.13 56.38 -19.62 7.97 0.66 5.10 -0.1500 -1.4600 -1.8800 0.1100 0.3611 -0.1344 8.12 1.69 5.22 171 351 346 343 225 
0.7495 -0.1549 -0.4429 -0.4670 64.00 53.69 -17.62 7.43 1.94 5.89 -0.1900 0.2000 0.2600 -0.0078 -0.1433 -0.0156 7.96 1.74 5.44 171 355 339 315 223 
0.7403 -0.1739 -0.4504 -0.4678 65.87 57.81 -14.19 11.41 2.56 9.29 1.6100 1.2700 4.6600 -4.9022 -2.9133 0.4111 9.28 -0.58 3.09 153 397 208 195 136 
0.5894 -0.5016 -0.4893 -0.4019 59.00 70.25 116.69 11.48 -2.70 -4.61 1.9100 1.1500 -2.2900 1.8156 -2.6500 3.1867 7.48 -5.46 -3.20 129 412 205 197 139 
0.5894 -0.6230 -0.5104 -0.0634 6.00 40.50 109.31 3.64 -4.64 -2.59 -3.0600 2.2100 -0.8800 2.3544 0.5711 0.3589 6.12 -7.60 -0.90 143 407 206 203 142 
0.7208 -0.5040 -0.4730 0.0533 347.75 39.69 78.00 10.63 0.10 14.00 8.9200 5.9500 9.9400 -1.6944 1.2500 0.8733 6.10 -7.60 1.02 140 412 208 204 143 
0.7338 -0.5005 -0.4559 0.0555 352.19 38.06 83.06 9.48 -9.16 -4.30 -10.5200 2.4900 5.2500 0.7200 -2.0989 -0.0500 6.41 -7.16 1.91 141 411 213 208 151 
0.7828 -0.4728 -0.4046 0.0021 1.19 38.88 74.56 4.13 -4.57 4.40 -1.0200 2.9700 1.8300 -2.4300 0.8944 -1.3011 6.63 -7.15 0.97 161 405 251 278 193 
0.7291 -0.5308 -0.4086 -0.1403 29.50 52.56 77.50 8.06 -4.99 -2.17 1.6800 -0.3900 -4.5300 1.5556 3.9067 -4.3300 8.53 -3.00 3.79 176 375 336 399 218 
0.7791 -0.2317 -0.3748 -0.4460 60.81 48.50 -8.75 7.46 3.23 7.57 4.7900 8.0800 6.7400 1.5322 -1.3744 -0.1500 7.71 2.14 5.65 185 363 355 416 224 
;
0.7557 -0.1492 -0.4561 -0.4458 61.25 56.88 -19.00 7.78 1.65 4.24 0.0000 0.1900 -0.3000 0.0822 -0.4511 -0.1033 8.46 1.77 4.62 181 356 349 409 223 
0.7314 -0.1733 -0.4935 -0.4375 61.75 61.63 -21.50 8.99 2.15 5.20 -0.0700 0.7100 1.3100 0.4289 -0.3156 0.2344 8.75 1.64 4.09 183 373 334 385 224 
0.7216 -0.2092 -0.5228 -0.4028 56.81 71.44 -12.25 13.92 0.28 4.51 3.8000 -0.9100 0.6600 -2.4378 -3.9767 3.9511 9.54 -2.20 0.41 177 399 217 229 162 
0.5966 -0.5290 -0.5787 -0.1711 17.87 49.81 122.62 4.91 -3.30 -4.37 -3.8700 1.9900 0.2900 1.5800 -0.5767 1.7278 6.11 -6.93 -3.27 163 410 203 206 142 
0.5985 -0.5834 -0.5472 0.0450 350.81 37.44 106.31 5.66 -6.29 -4.13 -0.5900 1.2400 -2.7200 5.4678 1.7444 -1.3633 6.63 -7.15 0.99 167 424 210 218 154 
0.7173 -0.4077 -0.5510 0.1251 343.56 42.31 85.75 5.32 -7.90 -0.92 0.2700 -2.1100 -2.9600 -0.7833 -0.7478 0.3667 6.39 -7.43 0.00 159 414 208 219 156 
0.7415 -0.4446 -0.4977 0.0699 346.25 43.00 83.06 8.62 -4.27 4.26 0.9900 1.8000 1.3500 -1.6300 2.4589 -0.0456 6.49 -7.28 0.97 173 395 225 237 175 
0.7262 -0.4975 -0.4739 0.0247 0.06 42.75 88.37 4.06 -4.05 2.28 -2.2100 2.6900 0.3500 -2.1189 3.6289 -2.9611 8.02 -5.56 0.87 166 393 298 336 205 
0.7244 -0.4675 -0.4249 -0.2759 49.38 64.44 48.44 6.64 -2.15 -0.15 1.3800 1.4500 -3.3600 3.6378 -0.4311 -3.6067 9.19 0.65 3.33 172 362 344 407 219 
;
