0.8116 -0.0006 -0.5587 -0.1704 23.69 65.06 -26.69 8.85 1.82 3.67 0.0100 -0.0500 -0.0300 -0.0078 0.0044 -0.0067 8.89 1.85 3.69 187 309 323 324 213 
0.8121 -0.0005 -0.5580 -0.1704 23.69 65.00 -26.62 8.92 1.77 3.64 0.0200 -0.0500 -0.0500 -0.0078 0.0078 -0.0044 8.89 1.85 3.69 181 314 321 324 214 
0.8115 -0.0002 -0.5591 -0.1698 23.44 65.62 -27.37 13.19 2.48 4.85 5.9900 0.7600 2.2200 -0.7156 0.8511 0.9278 8.91 1.12 3.93 4 406 258 244 193 
0.8220 -0.0625 -0.5510 -0.1300 13.50 70.50 7.50 11.71 0.11 0.56 0.4900 1.3800 -2.2800 -0.1189 -3.1033 4.6989 9.07 -3.50 1.22 185 415 180 201 161 
0.7085 -0.2642 -0.6408 0.1325 333.56 50.94 86.31 1.20 -4.40 1.12 -5.1300 2.1400 -0.0600 -0.0478 -2.6389 2.1756 6.20 -7.55 -0.77 177 414 181 191 142 
0.6045 -0.3573 -0.6533 0.2831 306.25 35.19 98.81 3.94 -6.55 -1.18 -1.1400 0.7400 -0.3400 0.6411 -1.4711 -0.5778 5.75 -7.79 -1.52 161 406 184 193 144 
0.5737 -0.2828 -0.6908 0.3373 298.12 37.25 92.25 6.60 -7.26 -2.57 -7.3400 4.6400 10.8900 0.9322 -4.6600 0.3444 6.14 -7.62 0.50 161 415 187 210 155 
0.6035 -0.2213 -0.6534 0.3998 296.81 37.88 88.50 8.82 -9.22 -5.20 5.8100 -2.4700 -7.6300 2.0756 2.1144 -0.2033 6.36 -7.36 1.18 154 416 194 211 158 
0.6381 -0.2032 -0.6374 0.3810 302.19 40.06 79.81 2.94 -5.30 5.13 -3.7200 2.4500 4.5800 -2.1556 -0.7578 -0.1911 6.28 -7.51 0.41 188 359 239 244 171 
0.6152 -0.3215 -0.6800 0.2363 326.81 46.13 109.25 3.27 0.74 0.77 -4.0300 6.0500 2.5200 -4.7289 0.1689 -3.7933 8.39 -3.25 -3.87 207 200 216 212 142 
0.5462 -0.3419 -0.7343 -0.2136 56.50 84.69 -179.62 29.86 1.46 -6.57 16.6500 2.1500 -9.5600 -5.4000 14.1711 6.6300 4.12 -5.01 7.34 208 174 178 176 101 
0.8499 -0.2818 0.2940 -0.3344 35.44 -25.19 45.88 7.97 4.51 -2.82 7.7100 12.3200 -9.3700 1.2467 -0.6278 6.6189 -6.69 -3.19 6.40 210 178 193 186 107 
0.9230 -0.0710 0.3780 0.0063 358.19 -42.81 6.00 -9.54 -2.65 12.47 -0.8500 -1.6400 4.3100 0.2089 -1.0744 -1.2622 -6.04 -0.96 7.65 209 185 198 189 112 
0.9467 -0.0507 0.3170 -0.0243 2.75 -36.50 7.94 -7.61 -0.93 7.87 -2.1800 0.1200 -0.2500 0.0278 -0.2378 -0.1889 -5.72 -1.15 7.87 209 193 196 192 117 
0.9487 -0.0558 0.3082 -0.0438 7.25 -34.94 10.44 -7.55 -3.82 10.10 -2.1100 -1.8900 3.8800 1.4344 -2.7944 -4.1822 -3.79 -1.95 8.83 191 273 243 248 194 
0.9535 0.0040 0.0262 -0.3002 37.81 6.25 -16.37 -0.77 6.62 9.89 -7.9300 -2.4700 1.3900 1.4467 -1.6578 1.2144 2.17 5.42 7.87 203 382 359 412 218 
0.8917 0.0468 -0.3869 -0.2303 19.56 66.62 4.75 3.31 -6.22 -8.50 -0.5900 -0.5300 -2.4000 -4.1233 -15.6789 7.6133 3.90 -4.36 -7.86 208 283 353 380 228 
0.2095 -0.5255 -0.8243 0.0236 65.75 19.31 171.81 4.63 0.54 -21.06 2.8800 0.2700 -11.6900 -1.4411 0.7878 -0.1178 3.40 0.86 -9.15 208 307 314 359 227 
0.1124 -0.5474 -0.8182 -0.1352 66.56 20.25 -174.19 5.77 0.84 -9.71 1.7400 0.2100 -0.1800 0.2822 0.2667 -0.1878 3.62 0.81 -9.07 209 309 290 360 227 
0.1452 -0.5228 -0.8298 -0.1309 64.00 23.31 -176.37 3.38 0.31 -9.01 0.2300 0.1600 -0.3900 0.3200 1.2900 -0.2489 4.97 0.34 -8.44 209 303 294 343 224 
0.2739 -0.4781 -0.8184 -0.1630 57.50 40.38 177.75 11.27 1.91 -11.75 2.5600 2.4300 -4.5100 5.0156 7.5400 -1.6700 8.96 -1.41 -3.71 212 409 351 406 226 
0.7103 -0.2054 -0.6570 -0.1470 26.56 70.69 6.12 4.56 -1.33 -1.74 -2.1500 -1.5000 -7.5800 1.6256 9.0222 -2.7122 4.91 1.76 8.29 207 349 341 356 222 
;
