0.6400 0.3151 0.1102 0.6920 265.56 17.12 -35.50 2.93 5.38 7.70 0.0400 -0.0300 0.0500 -0.0122 -0.0111 -0.0289 2.88 5.44 7.62 183 351 363 394 220 
0.6412 0.3149 0.1101 0.6910 265.69 17.06 -35.56 2.94 5.42 7.61 0.0900 -0.0500 0.0000 0.0267 0.0122 0.0056 2.87 5.47 7.61 182 347 361 396 221 
0.6404 0.3153 0.1120 0.6913 265.56 16.94 -35.75 3.45 5.91 7.86 1.2900 0.5200 0.4600 0.4844 0.3267 -0.1433 2.63 5.71 7.52 185 388 344 388 225 
0.6287 0.2908 0.1455 0.7064 263.75 14.50 -30.50 3.29 3.59 13.51 1.9500 -0.8700 4.2100 -2.4211 -5.6078 1.8011 5.39 2.36 7.83 178 398 173 167 135 
0.5132 0.5159 -0.2952 0.6191 254.00 79.87 -144.87 16.91 2.87 -5.34 4.7900 4.9600 0.7600 3.5733 -3.0278 4.5211 7.66 -2.99 -5.33 177 399 181 182 130 
0.0000 0.7225 -0.5065 0.4706 164.44 38.50 134.62 5.57 -2.86 -4.86 -0.7500 3.8100 0.3700 3.5011 0.8667 0.6978 5.75 -7.06 -3.63 173 422 185 189 148 
-0.2373 0.6910 -0.3881 0.5618 129.37 37.19 103.69 5.45 -6.78 -2.87 0.2100 2.4200 -2.8200 3.3122 -2.8178 -0.1311 6.40 -7.42 0.17 156 413 184 196 150 
-0.3735 0.6810 -0.2416 0.5818 117.62 36.63 96.25 2.43 -8.43 -2.87 0.7500 -3.2200 -4.5800 -0.9678 0.1644 -0.4867 6.18 -7.33 -2.03 160 387 192 200 158 
-0.3221 0.6633 -0.2524 0.6265 123.31 43.94 87.56 10.90 -3.99 7.26 1.3400 1.8900 2.5400 -1.5456 2.0767 0.3033 6.48 -7.35 0.01 169 402 197 203 162 
-0.2792 0.6404 -0.3083 0.6457 135.62 40.38 94.00 2.53 -3.39 3.15 -5.0600 4.7700 5.2400 -4.7344 -4.1811 0.3367 4.99 -6.77 -5.03 188 313 312 395 216 
-0.1273 0.7931 -0.5208 0.2892 252.44 20.69 158.19 -5.87 8.86 -13.77 -4.9000 9.8500 -12.1500 -8.0978 -0.8278 1.7378 3.21 1.51 -9.14 199 263 290 355 219 
0.2480 0.7274 -0.6367 0.0634 261.75 24.44 -157.06 3.74 4.28 -10.94 -0.3800 1.3100 -0.8200 -0.9422 -0.2633 -0.3833 4.10 4.27 -7.81 200 285 289 359 219 
0.3239 0.7201 -0.6135 0.0133 260.37 24.44 -150.00 4.55 4.79 -11.52 0.4500 0.6900 -4.0500 0.7633 -0.1333 0.0678 4.02 4.16 -7.91 206 299 289 365 216 
0.2653 0.7396 -0.6175 0.0353 259.62 20.62 -164.12 9.04 3.74 -30.50 5.0700 4.8900 -19.4400 9.4144 0.5733 2.4133 3.73 -4.71 -7.74 217 423 363 425 233 
-0.2825 0.5993 -0.4776 0.5770 123.44 22.75 83.44 -4.35 4.73 2.45 -5.3700 12.5200 -1.2700 2.2300 1.2578 0.4678 2.87 -8.69 3.51 217 437 384 430 235 
-0.4132 0.4024 -0.3688 0.7289 121.62 16.56 64.69 0.45 -3.35 2.76 -2.4000 4.5400 -0.9900 -0.7467 0.0411 -0.6544 3.11 -8.54 3.67 213 435 384 431 234 
-0.3582 0.4304 -0.3857 0.7333 129.81 22.50 71.00 2.05 -6.07 1.66 -1.9100 2.2700 -2.4000 -1.7456 -1.1367 -1.3067 4.71 -8.45 1.56 220 359 332 351 224 
-0.2562 0.5621 -0.3820 0.6874 144.12 40.31 86.37 6.30 -9.80 1.00 1.7100 -4.6000 0.4400 -1.9522 0.4633 -4.4244 8.52 -4.84 0.15 137 218 167 179 141 
0.0508 0.5421 -0.2737 0.7929 188.00 60.19 41.13 13.09 -1.97 0.08 5.9900 0.8900 3.7900 7.0156 5.5778 -1.9089 6.10 0.90 7.62 157 190 190 196 155 
0.0695 0.2289 0.0405 0.9702 186.75 20.31 -5.06 2.34 -0.12 5.69 -0.0400 -0.1900 -3.9000 -0.0533 0.4633 2.6922 2.83 0.08 9.38 161 201 186 196 157 
-0.0761 0.1246 0.0112 0.9892 169.50 12.63 -0.56 0.05 0.14 6.62 -2.0100 0.3300 -2.3800 0.6578 0.1089 0.8722 1.86 0.40 9.61 164 194 189 199 158 
-0.1194 0.0891 0.0373 0.9882 166.44 11.44 -2.81 3.76 2.38 9.20 1.8100 1.9100 -0.3000 -0.3922 -0.5300 -0.5389 2.31 0.31 9.52 165 182 197 206 161 
-0.0799 0.1135 0.0096 0.9903 172.37 11.69 1.62 3.71 -3.45 9.31 2.5000 -2.9700 -1.0500 -1.4333 1.8322 -0.8278 0.79 -1.20 9.69 163 196 203 214 167 
-0.0073 0.0083 -0.0830 0.9965 180.44 -1.06 10.31 -4.02 -4.17 9.29 -2.6200 -1.4700 0.0400 -0.3833 0.3856 -0.5700 -0.43 -2.06 9.57 164 200 209 215 172 
0.0162 -0.0098 -0.1140 0.9933 181.00 0.25 14.44 -1.31 -1.02 7.18 -2.7100 1.4700 -3.3400 -1.2289 -2.2700 -0.2344 1.36 -3.29 9.13 166 224 218 228 179 
0.0280 0.1462 -0.1909 0.9703 186.50 24.31 22.06 -0.85 -1.02 -2.34 -2.6200 3.2900 -9.7000 1.3722 -2.6867 -5.8144 6.69 -0.53 7.14 175 278 268 278 201 
0.3302 0.3739 0.0415 0.8657 231.12 29.62 -37.63 10.27 12.96 10.18 5.4400 7.0100 2.5700 0.4089 1.8289 -4.1822 1.39 7.17 6.53 186 358 346 394 223 
;
