0.0881 0.1026 0.2014 0.9701 190.37 9.38 -24.44 1.54 4.06 8.80 -0.0700 0.0300 0.0100 -0.0133 0.0000 0.0078 1.60 4.00 8.80 173 348 362 397 209 
0.0880 0.1025 0.2008 0.9703 190.31 9.31 -24.37 1.45 3.95 8.92 -0.0800 0.0000 0.1000 0.0056 0.0489 -0.0100 1.56 3.99 8.81 172 335 356 390 210 
0.0880 0.0989 0.2048 0.9698 190.25 8.69 -25.44 3.18 5.45 12.37 0.6200 1.7600 4.1100 -0.1222 -0.9867 -0.0789 1.97 4.27 8.60 171 336 188 211 181 
0.1032 0.1929 0.1784 0.9594 192.75 30.06 -25.81 13.30 7.13 -1.72 8.9600 2.4800 -6.2700 3.4200 -11.3922 3.7733 9.52 2.06 -1.10 146 393 174 175 125 
-0.1025 0.8395 0.1254 0.5187 139.62 55.31 160.81 5.45 -0.29 -4.79 -2.0400 2.2300 0.5300 3.4178 -0.4589 2.1567 6.95 -4.68 -5.07 146 411 183 182 126 
-0.3943 0.8460 0.0955 0.3459 74.56 39.69 121.50 4.59 -3.81 -3.21 -1.1200 3.5500 0.4900 2.6322 -0.5167 0.2422 5.95 -7.30 -2.72 142 413 187 185 130 
-0.5666 0.7611 0.1595 0.2725 46.44 35.81 102.37 8.26 -6.13 -3.35 0.6600 1.1800 -3.3900 5.1322 1.8500 -0.5600 6.01 -7.70 0.72 128 424 192 191 133 
-0.7053 0.6270 0.2096 0.2559 41.63 37.50 81.69 5.31 -6.02 3.68 1.7500 2.3900 2.0800 -3.6144 -1.7244 -0.1089 5.79 -7.73 -1.65 136 416 195 198 135 
-0.5931 0.7413 0.1800 0.2576 44.56 36.13 96.12 -7.51 -1.13 9.22 -7.5400 6.9600 14.7400 -0.5900 -1.0611 0.5778 5.77 -7.91 -0.38 135 414 194 203 137 
-0.6393 0.7006 0.1705 0.2673 45.63 36.13 93.50 6.27 -6.97 0.35 -0.9200 1.5300 2.6700 -0.7867 0.2700 -0.2767 5.90 -7.77 -0.91 158 406 188 210 147 
-0.5673 0.7447 0.1450 0.3203 63.44 41.38 104.19 5.27 -4.35 1.32 -1.7600 2.4700 2.6900 -3.4856 0.1144 -1.7756 7.37 -5.30 -3.68 184 337 291 297 205 
-0.3075 0.8757 0.1981 0.3151 152.25 30.06 156.62 12.04 3.93 -8.41 2.2300 3.1900 -0.7800 -4.0133 -0.0267 0.0078 3.67 -0.50 -9.08 194 259 298 335 220 
0.0245 0.9647 0.1888 0.1818 157.75 19.37 -167.50 4.74 4.43 -14.66 1.9700 0.5900 -5.6500 -1.6344 0.3000 -0.5467 3.24 3.40 -8.60 200 283 299 342 220 
0.1632 0.9438 0.1964 0.2097 156.81 18.87 -154.25 5.64 3.81 -10.90 2.4800 -0.1500 -2.5500 0.0322 0.0689 0.1333 3.30 3.99 -8.32 202 288 301 340 221 
0.1479 0.9518 0.1808 0.1985 159.25 17.69 -162.31 12.56 4.20 -30.00 8.0100 4.2100 -18.9900 8.8789 3.7156 2.0622 4.50 -3.81 -7.83 206 410 344 401 221 
-0.4934 0.8207 0.1021 0.2696 53.81 31.44 97.19 -4.87 4.27 0.49 -8.7200 12.5700 0.9300 1.7444 2.7656 1.1267 4.01 -8.75 1.84 211 429 372 416 221 
-0.7042 0.6136 -0.0334 0.3557 54.50 22.69 74.06 1.02 -3.42 1.93 -2.4200 4.5000 -0.4900 -0.4489 0.1689 -0.4844 4.05 -8.62 2.31 212 427 374 418 220 
-0.6734 0.6311 -0.0367 0.3833 60.31 26.69 78.56 5.20 -6.76 1.99 0.7500 2.0200 0.2500 -0.7689 -0.0822 -0.7500 4.88 -8.41 1.20 210 422 352 373 219 
-0.6098 0.6793 -0.0232 0.4077 68.31 32.38 88.00 4.80 -7.24 0.66 -0.5600 1.1200 0.6600 -2.4922 -0.9022 -1.3022 5.86 -7.70 -1.53 207 258 254 233 178 
-0.4366 0.7831 -0.0009 0.4427 102.62 49.63 111.37 15.60 -7.13 -4.81 9.7200 -1.9500 -0.0200 -2.3156 9.1289 -2.3344 8.78 -3.93 1.85 210 189 188 177 124 
-0.1977 0.3168 -0.2182 0.9016 159.12 2.94 38.44 -9.96 -4.90 1.60 0.4200 2.8600 -3.1800 -1.1967 2.3978 4.9767 -4.86 -5.87 6.16 212 181 181 175 122 
-0.3540 -0.2311 -0.3904 0.8178 125.50 -45.38 33.00 -3.37 4.25 1.69 4.1400 6.0000 -2.6300 0.9511 -1.6744 3.0600 -7.06 -1.46 6.63 210 184 176 178 124 
-0.5592 -0.2759 -0.2227 0.7495 105.81 -38.94 -0.94 -13.20 0.21 15.06 -7.0700 0.2700 7.0400 0.6378 -0.8522 -0.5522 -5.49 0.43 8.11 210 187 186 184 126 
;
