0.2814 0.1398 0.0024 0.9493 213.00 15.25 -4.94 2.76 0.85 9.44 0.0700 -0.0100 0.0300 -0.0389 0.2444 0.0189 2.44 0.79 9.46 175 350 333 369 201 
0.2808 0.1268 0.0045 0.9514 212.81 13.38 -4.69 2.21 0.73 9.50 -0.0100 -0.0500 -0.0100 0.0300 0.2422 0.0144 2.08 0.78 9.54 176 350 332 373 204 
0.2778 0.1072 0.0131 0.9546 212.19 11.38 -5.37 2.93 4.53 14.15 1.6800 3.2800 5.1400 -1.7478 -2.1622 -0.8133 3.51 0.06 9.15 173 360 179 206 159 
0.2296 0.3555 -0.1300 0.8967 201.56 60.63 16.56 8.29 0.59 1.72 -1.0600 -2.0600 -2.9800 2.4333 -9.1567 2.8033 9.22 -3.05 -1.32 128 411 183 182 120 
-0.1539 0.8158 -0.1719 0.5303 130.69 47.38 132.06 6.84 -3.27 -3.79 -0.1100 2.3300 1.7500 3.3856 -2.5367 -0.0344 5.95 -6.33 -4.54 138 419 184 189 123 
-0.4165 0.8430 -0.0050 0.3405 75.69 34.50 119.31 6.08 -5.57 -2.00 -0.1300 1.4700 2.7000 1.1122 -0.8500 -0.0578 5.40 -7.38 -3.52 142 422 189 192 125 
-0.4804 0.8218 0.0479 0.3026 63.94 32.75 114.87 5.50 -6.91 -2.74 0.5800 0.4300 0.1800 0.4478 -0.1133 -0.1133 5.29 -7.53 -3.37 147 420 189 191 126 
-0.5334 0.7791 0.0726 0.3213 62.13 37.81 101.56 8.61 -6.04 2.59 -0.1700 0.8100 4.0700 -0.8811 1.0300 0.1267 5.92 -7.58 -1.86 147 425 192 196 128 
-0.4998 0.7907 0.0350 0.3517 70.19 36.38 106.06 -6.73 -3.05 7.87 -1.8400 3.0600 9.9100 -0.1422 1.5122 -0.7489 6.61 -7.21 -0.69 156 398 194 204 136 
-0.4803 0.6984 -0.0460 0.5285 103.75 43.75 88.37 10.76 -1.61 4.56 5.3300 2.1700 1.6000 -5.7133 5.5833 -0.4089 7.00 -6.86 0.00 187 381 326 414 224 
-0.0845 0.5405 -0.4498 0.7060 175.19 42.13 93.06 11.30 -8.80 -3.91 7.2200 -0.0500 -3.8200 -3.6278 2.0333 2.6722 5.45 -7.79 -2.39 193 375 353 410 223 
0.0507 0.3557 -0.7245 0.5883 186.50 26.50 111.87 6.41 -3.23 -4.83 0.2600 4.4600 -1.7200 -0.6111 -0.0800 2.0233 3.09 -8.48 -3.81 186 371 350 408 224 
-0.0277 0.2771 -0.7886 0.5482 170.75 13.50 112.94 0.79 -4.97 -10.37 -1.1500 4.5000 -7.5800 6.2089 -0.7789 0.1144 1.94 -9.60 -0.21 182 370 340 396 224 
-0.1771 0.2329 -0.5170 0.8044 152.87 12.00 53.44 2.21 -0.91 18.12 1.6200 5.8500 18.6600 4.0922 -0.0267 -0.1689 2.39 -4.62 8.30 192 383 361 424 231 
-0.2307 0.1906 -0.2597 0.9182 152.50 13.38 43.88 4.09 -3.39 7.03 2.0000 3.6800 -1.0100 -6.2000 0.1789 0.5167 1.97 -9.07 3.15 184 382 363 418 229 
-0.1517 0.2431 -0.6278 0.7237 156.50 8.69 89.19 0.72 -6.34 -16.36 -0.7400 4.2000 -14.7200 4.8456 -0.0467 -0.1422 1.53 -9.34 2.52 176 379 364 423 229 
-0.2162 0.2028 -0.3816 0.8755 150.94 9.88 35.81 1.38 2.15 32.22 0.2800 5.8300 22.9600 -0.9900 -0.5189 -0.0278 1.85 -4.96 8.25 165 386 372 426 228 
-0.2286 0.2026 -0.3250 0.8951 153.25 12.44 52.44 3.28 -3.87 0.75 1.3400 4.0500 -5.5000 -4.5222 0.6622 0.1533 1.85 -9.17 2.93 168 384 358 393 217 
-0.1390 0.2562 -0.6074 0.7391 159.25 13.44 84.62 0.79 -6.35 -7.26 -2.5800 3.4100 -7.9100 3.2489 0.1378 -1.3956 3.15 -8.96 2.40 165 301 280 297 197 
;
