0.5001 -0.3889 -0.6259 -0.4549 84.69 78.37 -116.87 9.66 1.75 -1.24 0.0600 0.0000 -0.3000 -0.0344 -0.0400 0.0178 9.60 1.74 -0.93 176 350 354 373 208 
0.4950 -0.3939 -0.6270 -0.4548 85.69 77.94 -117.44 9.61 1.80 -1.07 0.0000 -0.1200 -0.2800 -0.2844 0.0167 -0.2411 9.55 2.00 -0.91 182 354 347 367 208 
0.4820 -0.3947 -0.6254 -0.4699 89.00 76.75 -113.87 12.28 3.16 -1.22 0.7900 1.7500 1.7200 -3.1178 -0.3489 1.5344 9.69 1.27 -0.75 178 403 245 257 182 
0.4065 -0.5641 -0.4975 -0.5187 105.75 78.81 -177.94 15.77 -1.52 -6.75 4.8500 -0.0300 -3.5500 0.7211 -2.5256 3.6689 8.70 -2.38 -3.83 175 399 183 208 147 
0.4424 -0.7626 -0.3165 -0.3500 70.25 48.69 126.37 1.81 -2.12 -3.21 -5.4100 2.9000 0.8700 0.9122 -0.6689 1.3933 6.27 -6.30 -4.11 174 399 184 196 137 
0.5030 -0.7891 -0.2789 -0.2160 41.19 38.31 119.37 9.15 -5.40 -5.46 1.7900 0.8800 -2.8500 6.1133 0.4467 -0.3256 6.28 -7.43 -1.16 155 416 197 215 145 
0.6894 -0.5991 -0.3889 -0.1205 21.44 40.75 92.87 4.38 -6.07 -0.89 -0.5800 -3.6500 -5.2500 -1.6456 0.0933 -0.1489 6.14 -7.58 -0.92 152 422 204 223 152 
0.7010 -0.6045 -0.3469 -0.1511 24.44 42.06 89.19 4.19 -4.99 5.31 -5.0800 2.1100 5.8700 -3.6678 -0.1400 0.1144 6.23 -7.50 -1.01 202 400 322 396 227 
0.5424 -0.7549 -0.3094 -0.2001 45.50 39.50 128.94 8.00 1.96 -2.71 -3.5000 10.3300 4.4300 -6.6489 -2.7667 2.0900 3.87 -2.75 -8.57 210 308 316 393 229 
0.0359 -0.9537 -0.2641 -0.1391 150.50 17.00 -169.62 5.12 6.70 -24.88 -1.1200 3.8800 -11.0700 -0.5578 -0.2044 0.5378 3.07 2.64 -8.92 211 336 316 395 228 
-0.0808 -0.9552 -0.2170 -0.1844 154.00 20.31 -167.37 3.64 2.29 -7.88 -0.5800 0.3100 0.9000 0.8800 1.4856 -0.0833 4.36 1.45 -8.65 211 339 320 397 227 
0.0255 -0.9247 -0.2471 -0.2886 147.56 38.19 -176.50 5.06 2.41 -9.57 -2.3200 2.5000 -1.5600 3.1744 3.9711 -0.7211 8.15 -0.75 -5.39 195 310 295 318 216 
;
0.4927 -0.3660 -0.6143 -0.4959 90.37 75.62 -96.12 9.52 2.09 -0.46 0.1500 -0.3600 -0.3300 0.1300 -0.0944 -0.0111 9.49 2.40 -0.36 172 338 342 350 202 
0.4908 -0.3671 -0.6194 -0.4906 89.87 75.50 -98.25 9.42 2.38 -0.53 -0.0200 -0.0300 -0.2200 -0.0356 -0.0278 0.0589 9.50 2.38 -0.37 173 342 340 324 202 
0.4902 -0.3718 -0.6179 -0.4896 90.19 75.94 -100.00 12.82 3.48 -1.02 5.3400 2.1500 -0.2800 -2.0778 -1.2067 1.1489 9.63 1.61 -0.86 177 406 290 325 194 
0.4545 -0.5551 -0.5294 -0.4529 80.69 69.81 148.44 8.84 -0.25 -2.72 -1.4600 3.3400 0.9400 1.2678 0.1733 4.5478 7.44 -5.17 -3.73 175 412 203 231 168 
0.5499 -0.7197 -0.3658 -0.2141 38.19 43.50 112.62 3.05 -5.24 -4.77 -3.2300 1.8600 -2.1300 2.1389 -1.3167 -0.2789 6.53 -6.97 -2.20 170 413 180 181 124 
0.6490 -0.6243 -0.4225 -0.1029 14.75 43.56 93.44 12.95 -2.07 11.87 8.7100 5.5400 10.4000 -1.3600 0.6844 1.1078 6.40 -7.32 -1.22 129 413 178 171 114 
0.6520 -0.6343 -0.4019 -0.1047 17.69 41.38 97.50 -2.19 -4.86 8.78 3.5500 3.1200 6.9200 0.5144 0.4044 -0.1956 6.85 -7.01 -0.06 133 415 191 181 119 
0.7056 -0.5948 -0.3428 -0.1757 30.06 42.44 88.75 4.84 -5.72 4.42 -2.5400 1.6900 3.7700 -3.8589 -2.7744 1.1300 5.73 -7.40 -2.89 207 349 335 379 221 
0.4869 -0.7983 -0.3416 -0.0952 18.81 24.12 133.19 2.75 -0.23 -4.35 -3.4200 6.9000 3.9200 -3.8989 1.0411 0.8833 3.55 -4.20 -8.11 212 304 341 390 227 
0.1841 -0.9271 -0.2916 -0.1469 144.62 24.12 169.12 7.82 -0.37 -23.44 1.5000 -0.0200 -10.5700 0.6356 0.0856 -0.1878 4.34 -1.62 -8.64 212 316 342 391 227 
0.1805 -0.9122 -0.3127 -0.1937 141.31 29.44 165.12 4.83 -0.73 -8.20 -0.8700 1.6400 -0.3600 0.5756 1.7800 -0.9511 5.97 -2.19 -7.46 211 299 332 371 219 
0.2787 -0.8299 -0.3521 -0.3312 99.69 56.56 154.00 5.89 -0.18 -8.86 -4.1300 2.1000 -4.7200 3.5556 5.4389 -1.5722 9.60 -1.97 -0.08 172 359 330 337 200 
;
