-0.0724 0.0753 0.2095 0.9722 171.37 10.06 -23.69 2.07 4.14 8.89 0.1800 0.1000 0.0000 -0.0533 0.3356 0.0411 1.53 3.85 8.88 192 417 397 446 250 
-0.0873 0.0499 0.2022 0.9742 168.44 6.56 -21.62 0.41 3.73 8.51 -0.8300 0.7800 0.3400 -1.4400 -0.4756 0.9700 1.36 2.79 9.30 198 349 373 432 251 
-0.1606 0.0686 0.1447 0.9739 160.00 11.06 -15.06 1.36 1.90 8.61 -0.6600 -0.6800 -0.6300 -0.0056 0.3122 0.0056 1.80 2.43 9.32 200 352 371 431 250 
-0.1714 0.0663 0.1398 0.9730 160.31 10.88 -14.63 2.48 2.94 11.33 0.9400 0.7200 3.0900 -0.2344 -2.8311 0.8600 3.48 2.23 8.89 207 387 264 231 195 
-0.2070 0.2789 0.1520 0.9254 154.00 48.69 -9.50 11.07 1.85 2.15 2.9700 -1.6000 -3.2900 1.6122 -10.7344 1.2456 9.79 0.19 -0.46 177 428 196 197 133 
-0.2305 0.7963 0.2622 0.4940 116.25 56.88 157.75 7.43 -2.09 -3.52 1.6000 0.7100 1.9400 3.1333 -2.3444 1.7744 6.57 -4.43 -5.76 174 445 207 206 141 
-0.4150 0.8362 0.2691 0.2368 52.44 36.69 129.62 4.33 -4.28 -4.28 -1.6900 2.3800 0.3200 1.7922 0.3589 0.8944 5.53 -7.06 -3.95 167 444 210 208 148 
-0.5391 0.7869 0.2317 0.1912 36.63 32.56 112.50 4.56 -5.73 -3.25 0.7600 2.6000 -0.1800 1.0867 -0.1989 0.0378 5.05 -7.94 -2.73 168 452 217 219 153 
-0.6058 0.7382 0.2606 0.1422 24.00 31.69 103.19 7.78 -7.08 -5.45 -8.0400 7.1100 13.1200 0.1033 -3.5467 0.3011 5.13 -8.28 -1.06 164 447 215 222 153 
-0.6584 0.6897 0.2825 0.1049 22.19 31.50 100.31 8.65 -9.57 -6.27 5.1700 -1.9300 -7.4400 1.1278 1.5933 0.1600 5.44 -8.04 -1.35 167 453 217 223 149 
-0.6575 0.6723 0.3167 0.1241 19.62 34.31 99.87 5.70 -7.39 -0.52 -0.0200 0.4500 0.7600 -1.4211 -0.1889 0.2633 5.40 -7.88 -2.19 165 442 223 225 151 
-0.5802 0.7458 0.3082 0.1105 21.19 30.31 114.31 4.09 -4.98 -0.05 0.0700 2.9300 3.3100 -2.7433 -0.7767 0.1400 4.58 -6.92 -5.21 167 433 225 227 151 
-0.4111 0.8447 0.3216 0.1182 38.31 27.69 140.75 3.95 -3.67 -10.05 -0.9800 0.9300 -3.5400 -2.4967 -0.3122 -0.4844 4.64 -3.68 -7.81 173 416 225 227 156 
-0.2202 0.8994 0.3286 0.1862 139.00 27.94 165.75 6.72 -2.12 -10.87 2.1000 -0.3100 -2.5300 -0.3811 0.5278 -0.4167 4.77 -1.43 -8.44 182 417 228 232 160 
-0.1672 0.8943 0.3573 0.2112 136.25 30.19 169.25 7.01 -1.55 -10.78 1.6000 0.3300 -2.5200 0.9278 1.2089 0.3211 5.61 -2.39 -7.67 186 422 225 230 158 
-0.2880 0.8661 0.3399 0.2264 69.31 37.38 148.19 5.57 -1.76 -6.32 -0.5100 3.1400 0.1600 2.1378 1.7122 2.3878 5.90 -6.10 -4.89 186 435 234 232 159 
-0.4894 0.8180 0.2230 0.2042 38.50 31.06 120.06 4.71 -5.83 -2.35 -0.6200 1.3500 0.7500 1.8700 -0.5267 0.4256 4.56 -7.95 -3.46 179 427 229 233 159 
-0.6311 0.7235 0.2557 0.1130 15.81 30.00 100.00 11.21 -7.03 2.51 2.4400 1.3800 1.5200 -1.9633 2.1211 0.4533 4.77 -8.25 -2.28 178 439 238 234 159 
-0.5809 0.7589 0.2652 0.1274 24.06 30.75 106.25 2.84 -5.28 -7.85 -3.7400 4.4500 14.2200 -0.2433 -2.1956 -0.2222 5.41 -8.09 -1.20 188 432 229 233 158 
-0.6424 0.7039 0.2599 0.1556 30.44 33.94 98.25 7.28 -5.31 2.43 3.2200 3.1100 3.8800 -3.3978 4.2433 -0.4644 5.98 -7.66 -1.26 234 441 230 233 163 
-0.4991 0.7037 -0.0889 0.4977 103.19 35.38 86.12 13.01 -5.22 -5.23 -3.4300 -0.1500 -9.8400 -1.1200 9.2056 1.0278 2.63 -9.03 2.75 226 451 233 224 162 
-0.1733 0.2503 -0.4893 0.8173 161.37 11.94 62.44 3.42 -4.36 6.51 1.2800 3.8100 1.0100 0.9100 2.8778 -0.2822 1.12 -7.93 5.64 216 447 234 224 160 
-0.0445 0.0541 -0.4305 0.8998 175.19 1.69 50.13 1.58 -2.31 5.86 2.8100 5.5500 0.3100 1.2622 -0.2944 -0.0078 0.22 -6.94 6.91 200 436 232 225 158 
-0.0637 0.0419 -0.3406 0.9371 169.56 2.56 37.13 5.04 -10.19 14.85 2.7100 -5.5900 7.3300 0.4878 -1.9556 2.2122 0.81 -5.49 8.07 204 436 234 226 158 
-0.2363 0.1177 -0.2936 0.9188 147.37 4.00 39.50 -3.08 -9.49 12.63 -3.2900 -1.9600 5.4200 -2.4333 -0.7656 0.9311 0.54 -7.47 6.32 202 433 233 227 160 
-0.3066 0.1847 -0.4324 0.8276 138.62 1.87 59.06 -3.10 -4.10 6.74 -4.3100 4.0900 1.5000 -2.1778 1.2478 -0.0967 0.06 -9.14 3.55 202 436 233 227 158 
-0.2248 0.1752 -0.5644 0.7747 151.37 1.69 74.56 -2.52 -1.55 1.35 -2.5000 7.8600 -1.5400 -0.0400 2.1856 -1.2533 0.77 -9.48 2.35 202 432 233 228 161 
-0.0451 0.1153 -0.5894 0.7983 178.69 9.69 71.06 6.35 -1.81 2.90 5.5300 6.5600 -0.5000 1.7200 1.7556 -1.2456 2.16 -8.47 4.43 200 434 236 231 161 
0.0887 0.0756 -0.4623 0.8790 191.44 11.63 49.06 9.19 -4.00 9.08 7.7500 2.5400 2.7300 4.4389 -0.5989 0.1311 2.06 -4.97 8.19 197 433 235 224 157 
0.0145 0.1197 -0.2148 0.9692 176.31 15.44 23.44 2.47 -6.37 15.56 -2.1200 -2.4500 6.2100 0.3122 -1.5300 2.9978 2.85 -4.02 8.47 197 430 238 225 159 
-0.2001 0.1929 -0.1956 0.9405 153.44 15.88 28.12 -1.11 -1.93 8.12 -3.2900 2.3400 -0.3200 0.1067 -0.2133 0.7378 2.52 -4.54 8.31 197 434 238 228 158 
;
