-0.2488 0.1309 0.1905 0.9406 150.37 20.06 -18.31 3.63 2.97 8.76 0.0900 0.1600 0.2000 0.3856 -0.1189 -0.0867 3.44 3.14 8.62 173 299 280 298 185 
-0.2281 0.1418 0.2451 0.9315 153.31 24.37 -28.62 5.13 5.01 9.02 1.3500 0.2400 2.6600 0.7467 -4.4389 0.2356 6.04 4.78 6.05 175 358 245 233 168 
-0.1515 0.4213 0.3468 0.8242 159.00 65.12 -69.06 15.87 2.71 -9.13 6.7500 0.3500 -9.8900 6.5567 -14.4667 5.6167 6.19 -1.13 -7.51 168 392 178 173 111 
-0.2598 0.8782 0.3955 0.0701 131.56 19.62 147.00 2.41 -0.35 -1.65 -1.1300 4.5500 4.9800 2.7867 2.3011 -0.1144 4.07 -6.72 -5.86 138 417 193 183 118 
-0.4839 0.7974 0.3555 0.0612 16.94 27.31 123.25 0.35 -4.11 -3.91 -2.9600 3.0300 -0.6900 0.1544 -0.5222 -0.2267 4.64 -7.38 -4.48 142 421 194 187 119 
-0.5441 0.7582 0.3505 0.0786 15.75 31.69 113.62 6.98 -7.89 -4.06 -1.5600 5.7100 3.2100 1.7900 -2.5211 -1.9411 5.92 -7.58 -1.87 143 420 194 193 122 
-0.6248 0.6796 0.3721 0.0970 22.56 36.50 106.81 7.31 -8.56 -7.17 5.1600 -2.2900 -8.1900 0.2978 1.3333 0.3022 5.79 -7.49 -2.55 143 423 196 194 123 
-0.6585 0.6537 0.3410 0.1508 23.50 39.50 98.06 5.61 -6.54 3.43 -2.0700 0.1100 3.5700 -1.6767 1.4656 -0.3744 6.47 -7.29 -1.01 142 281 193 194 122 
-0.6004 0.6902 0.3115 0.2571 56.50 51.81 100.31 14.66 -9.44 -5.09 6.8200 -4.4200 -5.7800 0.6633 7.0756 -1.8478 8.02 -4.55 3.31 160 232 191 187 122 
-0.6876 0.4316 0.1695 0.5588 76.62 40.69 29.56 4.20 -1.80 4.59 -2.3300 2.3500 -1.7000 2.6756 2.0522 1.8156 4.21 -2.43 8.51 157 180 190 179 120 
-0.8381 0.1865 0.1136 0.4999 59.31 21.50 11.56 0.24 1.17 7.46 -3.2700 2.4500 -1.8300 0.8756 -0.3811 1.2389 3.46 -1.58 9.03 155 190 190 179 117 
-0.8870 0.1401 0.1335 0.4193 50.19 20.56 7.69 1.91 0.18 8.70 -0.8300 1.5900 -0.2200 0.0589 -0.6067 0.1856 3.65 -1.15 9.02 154 193 192 182 120 
-0.8846 0.1422 0.1547 0.4162 51.69 23.19 8.13 6.37 0.84 9.16 2.4900 2.2400 0.2200 -1.3444 0.9111 -1.0800 3.30 -1.83 9.04 148 209 190 187 124 
-0.8347 0.1765 0.0377 0.5204 67.56 10.81 17.69 3.96 -3.95 7.68 1.0700 -0.9500 -0.7300 -1.3500 3.0878 -1.1978 0.07 -3.80 9.03 143 225 196 196 132 
-0.7582 0.1545 -0.1650 0.6116 77.06 -4.44 27.25 -2.58 -6.43 6.85 -1.8200 -1.6700 -1.6500 -0.2778 0.5267 -0.1978 -0.86 -4.68 8.57 146 219 199 198 133 
;
-0.7604 0.1807 -0.1870 0.5952 75.06 -2.69 31.06 -0.96 -2.59 6.54 -0.9300 2.5800 -1.7700 -1.3256 -1.7767 0.6644 0.46 -5.87 7.83 147 271 199 206 140 
-0.7764 0.3301 -0.1117 0.5251 69.00 15.88 40.31 -0.60 -4.32 1.76 -2.3600 2.0700 -4.5700 1.1856 -2.3056 -3.7056 5.50 -4.55 6.72 160 298 217 232 157 
-0.6523 0.3958 0.1373 0.6317 92.31 50.00 24.00 11.33 -0.18 3.55 3.4400 1.6700 -1.5400 -0.6556 -7.6300 -1.9911 9.64 -1.18 1.35 163 395 211 203 134 
-0.3741 0.6644 0.4335 0.4804 105.00 61.56 170.50 18.27 -4.66 -9.15 7.2900 -3.1600 -3.6600 -0.0989 -4.0900 0.8644 6.23 -1.54 -7.41 146 408 208 200 133 
-0.3062 0.8121 0.4518 0.2062 54.63 37.88 148.00 5.77 0.06 -6.13 -2.1500 4.3800 1.5500 3.6256 1.6678 1.6711 6.01 -6.38 -4.38 154 423 213 205 137 
-0.5567 0.7365 0.3602 0.1337 26.19 36.81 112.06 5.63 -4.96 -2.75 -1.3300 1.5400 -1.4800 4.3578 2.0778 -0.5800 6.36 -7.43 -0.61 146 427 218 208 138 
-0.6529 0.6531 0.3657 0.1157 25.31 38.88 99.19 3.65 -8.49 -2.64 -0.7900 -1.2300 -2.3600 -0.8444 0.0556 -0.4822 6.47 -7.17 -1.67 149 422 220 211 140 
-0.6796 0.6313 0.3195 0.1937 28.06 44.38 91.62 8.10 -5.60 5.71 0.1100 1.4500 3.2500 -1.6900 2.0389 0.2467 6.65 -7.19 -0.25 148 409 218 209 137 
-0.6288 0.6736 0.3279 0.2081 41.06 45.44 103.31 8.13 -7.67 -2.24 1.2800 -0.9800 -2.0100 -0.7467 0.3589 -1.3122 7.68 -5.78 -1.92 146 344 215 198 131 
-0.5852 0.6596 0.3577 0.3073 57.06 57.81 94.00 11.47 -7.70 -3.38 -0.8100 -1.9400 -3.2900 2.6867 4.0856 -1.2656 8.09 -3.90 3.92 153 192 196 185 124 
-0.7681 0.3534 0.2795 0.4551 60.00 43.75 19.44 6.83 0.14 4.90 -0.7900 2.7900 -1.4600 1.5444 2.7067 0.5678 5.22 -1.69 8.12 155 193 201 186 125 
-0.8664 0.1891 0.1809 0.4253 51.06 27.00 11.50 2.20 1.42 7.55 -2.5300 3.3300 -1.1100 0.2744 1.5833 0.1778 3.71 -1.55 8.94 156 200 199 188 124 
-0.8838 0.1481 0.1433 0.4200 51.31 21.94 9.06 1.19 -0.48 9.30 1.1500 1.2500 0.0000 -1.0689 2.1033 -1.6789 3.09 -1.69 9.15 158 194 205 193 129 
-0.8428 0.1706 0.0832 0.5037 64.00 17.94 13.56 5.42 -1.76 8.09 2.0400 -0.3200 -0.9400 -1.3156 0.4678 -0.9244 2.92 -2.89 8.90 147 205 203 198 133 
-0.7911 0.2306 0.0097 0.5665 71.62 15.63 23.25 1.24 -7.22 6.96 -1.7500 -2.6600 -1.2000 -0.3478 -1.0600 0.8933 2.77 -4.32 8.35 149 203 207 202 133 
-0.7933 0.2784 -0.0241 0.5410 69.06 15.19 30.25 1.86 -4.02 7.29 -0.5400 1.4600 -1.1700 -0.7611 -0.6967 0.0567 3.09 -5.26 7.67 156 227 218 214 149 
-0.7701 0.3625 -0.0070 0.5249 68.87 23.69 38.94 0.51 -4.50 1.50 -4.1600 0.9200 -5.6700 -0.9544 -1.7844 -1.9644 5.74 -5.50 5.73 162 269 236 246 172 
;
