0.0674 0.2479 0.0623 0.9644 187.81 27.87 -10.31 4.61 2.01 8.44 0.5400 0.3300 -0.1400 0.5000 0.2000 0.0911 4.49 1.79 8.52 165 343 322 338 200 
0.0519 0.2389 0.0938 0.9651 186.06 26.75 -13.75 4.56 2.22 8.05 0.0700 0.1400 -0.3200 0.0800 0.1200 -0.0033 4.34 2.15 8.52 166 343 324 336 199 
0.0510 0.2313 0.1021 0.9661 185.94 25.56 -14.31 5.56 2.05 9.87 2.2600 -0.1500 2.3400 1.1256 0.3533 -0.3844 3.98 2.81 8.50 173 337 287 314 204 
0.0563 0.1908 0.1113 0.9737 185.94 22.31 -9.50 1.69 0.82 12.17 2.7000 -0.4000 -0.3700 1.3011 -9.7722 2.7789 8.39 0.13 5.06 157 356 169 174 128 
-0.1886 0.6323 0.0828 0.7468 134.00 75.00 63.63 7.79 -0.99 -0.25 -3.6100 1.7000 -0.8600 3.7222 -0.1789 3.2656 8.59 -4.39 1.73 145 381 185 175 132 
-0.5514 0.5851 0.1425 0.5773 89.81 54.44 53.38 4.12 -2.80 1.74 -3.6400 1.4900 -2.1600 2.5344 0.6544 0.5033 7.58 -3.97 4.77 138 388 180 181 134 
-0.6832 0.4258 0.2095 0.5550 75.62 48.56 27.44 6.29 0.79 5.36 -0.9500 3.5900 -0.5200 2.6722 0.6522 -0.0300 7.06 -1.76 6.57 141 390 190 184 135 
-0.7616 0.2843 0.2741 0.5138 66.62 44.81 12.63 7.48 0.91 6.16 0.7300 2.2900 -1.0600 -0.2444 0.2622 0.5922 6.70 -1.87 6.90 141 394 195 186 135 
-0.7728 0.2880 0.2266 0.5182 69.94 39.13 16.87 8.14 -0.52 5.36 3.3500 1.6000 -2.3200 -3.1778 2.2189 -1.6222 5.46 -3.14 7.51 134 395 197 194 140 
-0.6770 0.3248 0.0394 0.6593 93.31 24.87 28.37 1.58 -6.39 6.39 -0.9500 -1.8700 -1.1000 -1.8978 2.6856 -0.3522 2.72 -5.18 7.86 130 403 204 200 145 
-0.6159 0.2776 -0.1543 0.7209 99.31 10.00 37.06 -4.79 -8.29 8.28 -4.4700 -1.1700 1.1100 0.0356 -1.0922 -0.0467 1.79 -6.07 7.48 143 396 208 208 152 
-0.6196 0.3058 -0.1982 0.6952 94.56 9.69 42.81 -0.14 -4.92 6.48 -3.1500 1.5200 -1.0700 -1.6056 -1.0989 0.3744 2.07 -7.34 6.16 158 362 298 317 198 
-0.6480 0.4599 -0.1663 0.5839 81.50 21.87 60.44 2.08 -7.17 1.33 -1.3600 1.2600 -3.8200 -2.0778 -5.5267 -0.1533 5.00 -8.36 1.04 114 345 337 366 215 
-0.5925 0.7335 0.0227 0.3322 54.63 30.12 100.50 7.83 -8.82 -5.71 3.7600 -0.6000 -3.6900 -0.6067 -2.3867 0.7678 4.01 -8.43 -2.98 106 300 299 289 198 
-0.5425 0.8188 0.0406 0.1829 36.50 18.00 111.81 7.80 -9.36 -7.83 4.1900 0.2800 -4.4600 0.0878 5.1211 3.0411 2.13 -9.20 -2.62 107 217 219 214 136 
-0.5549 0.7333 -0.2727 0.2827 55.19 3.25 102.25 -4.70 -7.99 1.27 -3.6900 0.5600 2.4800 -0.9633 1.9589 0.8556 -0.01 -9.44 -2.64 110 229 211 210 128 
-0.5063 0.7004 -0.4019 0.3026 61.94 1.37 108.44 0.26 -8.43 -2.55 -0.5500 0.5900 0.2600 -0.6544 -0.8833 -0.9867 0.79 -9.08 -3.61 112 222 212 212 131 
-0.4828 0.7829 -0.2927 0.2612 52.06 9.56 114.87 -1.50 -6.32 -8.82 -2.1600 2.8400 -4.9100 1.1289 -8.2711 -5.1933 2.28 -8.33 -4.62 114 218 210 215 136 
-0.4918 0.8314 0.2582 -0.0201 348.31 13.13 123.19 2.34 -6.51 -8.64 3.0800 2.4600 -2.9100 0.6611 -2.8789 -1.9189 2.21 -7.94 -5.30 113 219 216 218 139 
-0.4644 0.7516 0.4517 -0.1242 330.62 13.44 123.44 3.18 -6.25 -4.72 0.3200 1.3000 0.6500 -0.3500 1.0211 0.0656 2.55 -7.86 -5.27 117 236 234 237 156 
-0.4849 0.7725 0.4066 -0.0523 357.25 21.19 122.87 7.81 -5.12 -1.23 6.9400 3.8800 1.9500 -0.2956 3.2800 0.0933 4.66 -7.47 -4.30 152 304 180 177 124 
-0.4841 0.8311 0.2236 0.1578 33.25 23.44 127.37 9.87 -8.89 -14.21 3.9100 -4.7700 -11.8500 1.6478 2.7244 1.8989 3.01 -8.03 -4.74 115 346 173 161 106 
-0.5847 0.7902 0.0382 0.1797 35.38 19.12 96.81 2.00 -9.19 -4.71 -2.3300 1.0700 -2.6300 2.5400 2.6222 0.7578 2.63 -9.28 1.74 114 339 177 168 110 
-0.7534 0.5980 -0.0612 0.2664 39.63 11.88 71.94 -1.25 -5.14 3.45 -2.9400 3.7600 0.4600 -0.4500 0.5022 -0.2378 1.95 -9.15 2.92 116 331 180 169 113 
-0.7468 0.5887 -0.0909 0.2955 42.25 12.00 69.69 6.99 -13.92 -15.75 4.2500 -1.9200 -16.7300 6.1989 1.1056 1.1389 1.02 -7.23 6.54 116 356 182 174 113 
-0.9216 0.2641 -0.0773 0.2737 33.13 -2.62 25.06 -9.81 7.00 23.93 -6.8300 6.4800 7.4300 -1.2178 -0.2422 -0.6744 -0.50 -4.42 8.73 117 364 183 175 115 
-0.9110 0.2307 -0.0922 0.3292 40.88 0.25 28.62 2.03 -3.74 8.14 1.0000 1.6200 0.2800 0.1633 -0.2611 -0.7711 0.52 -4.62 8.63 122 362 190 179 117 
;
