0.6782 0.2534 0.1481 0.6736 270.31 7.94 -33.38 1.78 5.32 8.27 0.5100 -0.0500 0.3300 0.4467 0.3667 0.0078 1.20 5.55 7.99 181 347 369 399 225 
0.6628 0.2676 0.1865 0.6741 268.56 6.69 -38.56 2.13 8.00 11.79 0.6200 2.1000 5.9300 -1.5778 -0.9711 0.8444 2.29 5.22 7.97 182 360 195 209 153 
0.6043 0.3855 -0.0226 0.6969 258.62 45.63 -33.44 16.50 4.53 4.92 6.6700 0.2000 -1.3800 3.8989 -6.8433 5.7922 9.80 -0.05 0.04 121 377 170 175 127 
0.0464 0.6947 -0.2405 0.6763 175.94 70.06 97.37 6.78 -1.19 -4.81 -4.2200 2.5800 -4.1000 5.6433 2.4100 1.6022 8.28 -4.23 3.09 135 400 172 178 134 
-0.3040 0.5048 -0.0427 0.8068 135.94 48.88 30.37 3.49 1.62 2.02 -3.2700 4.9100 -3.7500 2.3689 1.2633 0.4500 6.70 -2.33 6.77 136 397 182 187 141 
-0.4055 0.3722 0.0442 0.8337 127.94 40.25 17.87 7.34 2.98 5.69 1.3100 4.8500 -1.4800 -2.3744 1.0856 -1.0878 5.84 -3.15 7.21 132 387 187 194 140 
-0.2790 0.3466 -0.1055 0.8893 148.25 33.38 29.81 10.58 -2.93 2.83 4.5300 0.4600 -4.1900 -3.6133 2.0878 -1.2611 5.08 -5.49 6.33 129 398 192 196 139 
-0.0948 0.2987 -0.3141 0.8961 168.00 27.00 44.50 1.32 -8.75 8.86 -3.2500 -2.0400 3.2300 -0.3567 1.1933 0.3600 3.81 -6.35 6.42 132 400 188 195 141 
-0.1085 0.2330 -0.3644 0.8951 164.00 16.69 52.31 0.74 -4.84 5.11 -4.5000 2.4000 -1.5900 -3.1289 1.7567 2.2700 0.72 -8.90 4.04 139 385 198 199 142 
-0.1675 0.1695 -0.5742 0.7832 151.44 7.56 77.62 -2.27 -8.86 -4.86 -3.6800 1.1100 -7.1000 -1.6500 -6.9800 -2.7978 3.70 -9.05 -0.66 141 403 193 195 140 
-0.2604 0.5986 -0.4743 0.5906 127.44 29.12 103.00 15.99 -8.89 -4.90 8.5500 -0.6400 -1.3200 2.3822 -0.6978 -0.3711 5.05 -8.32 -1.12 147 411 189 198 145 
-0.3839 0.6242 -0.2991 0.6112 115.69 34.25 77.37 13.09 -2.74 13.03 8.2900 5.2900 8.9300 -2.0867 0.5733 1.2089 5.23 -8.28 0.48 143 411 199 202 149 
-0.3596 0.6584 -0.3052 0.5865 119.06 34.63 90.06 6.21 -10.67 -9.26 -16.9600 8.5500 15.3300 1.0278 -3.4011 0.3200 6.06 -7.59 1.29 137 412 196 205 147 
-0.3577 0.5967 -0.2662 0.6672 130.37 37.63 79.62 8.07 -6.10 4.41 3.3500 1.7200 3.3300 -2.2533 0.2322 -0.6489 6.40 -7.42 0.19 157 385 192 198 145 
-0.1455 0.6116 -0.3706 0.6837 165.31 52.88 96.69 -2.74 0.45 -1.39 -8.8600 5.4300 -2.2800 -2.0300 0.4233 -7.8578 9.69 -0.35 -1.41 124 379 193 200 136 
0.2712 0.7520 -0.1253 0.5876 234.12 66.87 -114.06 20.92 13.45 -16.63 20.1900 11.0800 -11.1900 6.4733 2.2300 -0.2733 8.59 4.05 -2.41 153 342 186 205 143 
-0.0353 0.7154 0.1696 0.6769 157.87 84.44 -1.50 8.85 12.03 -0.22 -8.4300 10.5800 -4.4500 -2.8322 7.7844 5.1889 6.73 -4.24 5.72 160 359 193 203 146 
-0.3611 0.3909 -0.2321 0.8142 126.81 22.56 53.50 -10.91 -0.74 6.22 -14.2400 6.9300 0.7000 -4.1611 -0.5900 -2.3178 4.29 -8.17 3.29 150 391 195 201 149 
-0.2208 0.5461 -0.3541 0.7264 157.37 50.00 83.37 -0.18 8.46 -8.61 -2.9300 13.2300 -12.2200 1.6622 -0.6856 -6.9656 9.75 -0.91 -0.34 155 414 199 208 136 
-0.0005 0.7437 0.0311 0.6677 169.06 80.37 -176.50 26.72 4.38 -0.14 11.9300 4.0800 2.8600 1.9333 0.2600 2.4000 9.52 -1.72 -1.59 158 393 211 213 141 
-0.2251 0.7422 0.0559 0.6287 140.06 72.69 105.19 5.25 0.58 2.59 -4.4800 3.3600 2.7000 -1.6856 0.5611 -0.0078 9.36 -2.85 -0.56 162 385 204 217 155 
-0.1552 0.7393 -0.0314 0.6545 161.75 76.12 116.62 8.29 2.83 -0.21 0.1100 3.0600 -1.4200 -6.7022 5.5033 -4.4956 9.33 1.40 2.64 173 315 292 322 209 
0.3580 0.3753 0.0430 0.8539 228.44 27.00 -27.06 -1.74 5.99 7.67 -3.5300 2.7900 0.8600 0.1300 -0.8167 -1.6133 2.83 4.81 8.05 197 356 349 415 229 
;
