0.7723 -0.0110 -0.6272 -0.1005 14.81 76.12 -27.19 9.75 1.26 2.21 0.0200 0.2000 0.1300 -0.2522 -0.1478 0.1133 9.54 0.97 2.00 179 342 329 375 211 
0.7649 -0.0212 -0.6363 -0.0980 14.50 79.81 -24.81 12.90 2.43 4.73 4.1600 2.0400 3.7000 -2.4800 -0.5378 0.9244 9.74 -0.09 1.06 175 367 258 246 177 
0.7209 -0.1737 -0.6600 -0.1204 18.50 81.25 81.69 13.57 -1.49 -0.80 3.4100 0.7700 -2.2400 -1.0522 -0.5689 2.3533 9.27 -3.14 -0.43 106 361 168 184 121 
0.7053 -0.3372 -0.6220 -0.0443 1.87 61.63 85.87 4.54 -5.10 -1.38 -4.0100 0.1000 -2.0600 1.7722 -0.2800 1.0867 8.09 -5.43 1.07 102 379 177 184 118 
0.7719 -0.2864 -0.5588 0.0995 343.37 52.75 63.44 3.84 -2.82 1.37 -3.1500 2.8800 -1.2300 2.1878 0.3222 0.3922 7.57 -4.94 3.78 103 383 188 184 117 
0.8267 -0.1700 -0.4987 0.1977 331.25 48.19 44.88 6.45 -1.15 6.54 -0.7400 3.3500 1.7600 0.3700 0.1800 0.5489 7.04 -4.69 4.95 108 387 189 190 122 
0.8350 -0.1695 -0.4680 0.2348 331.06 43.25 44.94 7.09 -2.74 4.94 0.6800 2.3800 -0.2100 -1.3600 1.0822 -0.2489 6.39 -5.40 5.10 113 403 203 195 127 
0.8642 -0.2729 -0.3983 0.1417 343.37 36.25 48.56 5.09 -6.61 4.21 -0.5700 -1.0100 -1.1200 -0.7467 1.4144 0.2578 5.22 -6.35 5.33 112 413 208 205 133 
0.8774 -0.3353 -0.3271 0.1038 346.62 28.62 48.94 2.28 -7.84 6.10 -2.0200 -0.4200 1.6300 0.1822 0.4811 0.4300 4.17 -6.55 5.97 124 400 220 222 149 
0.8925 -0.3501 -0.2632 0.1083 346.00 22.81 48.69 2.21 -4.48 7.62 -1.5800 2.7600 1.6300 -1.1167 -0.2944 -0.0500 3.95 -7.28 5.23 164 379 223 238 159 
0.8470 -0.4338 -0.2925 0.0934 347.12 24.25 63.06 2.69 -7.34 4.04 -1.2900 1.7300 0.5500 -1.3389 -2.8178 0.6467 4.11 -8.67 2.00 198 385 174 171 108 
0.7159 -0.5168 -0.4220 0.2056 324.81 22.31 83.44 3.11 -13.27 -2.42 -0.4100 -3.7900 -3.6300 0.9500 -0.2844 0.3089 3.51 -9.05 1.34 135 376 178 173 109 
0.7264 -0.4827 -0.4135 0.2614 320.50 20.37 75.25 5.12 -10.99 3.55 1.5200 -2.3400 0.5300 1.4622 0.6511 0.2500 3.21 -8.55 3.54 139 381 175 176 112 
0.8010 -0.4067 -0.3329 0.2866 320.31 16.19 58.94 1.22 -5.89 2.63 -1.5800 2.8400 -2.4000 1.7544 0.6778 0.1033 2.34 -7.37 6.02 140 381 179 178 113 
0.8553 -0.3273 -0.2556 0.3098 320.62 13.94 46.75 3.31 -10.34 -2.35 2.7500 -5.9700 -12.3200 2.1456 0.1178 0.3367 2.14 -6.03 7.42 135 396 186 181 114 
0.8727 -0.2184 -0.1956 0.3903 307.69 11.00 27.81 2.85 6.33 17.25 -0.3400 10.3800 9.5200 1.0122 -0.3311 0.4478 1.78 -3.44 9.00 129 404 190 184 116 
0.8682 -0.1494 -0.1774 0.4388 308.19 10.25 29.44 -0.21 -1.73 6.11 -2.1500 3.6500 -2.2200 -2.4122 -0.9856 -0.8544 2.46 -6.21 7.17 153 375 211 219 148 
0.8331 -0.2855 -0.3252 0.3445 318.69 24.50 52.94 0.76 -3.33 0.87 -3.4000 3.7900 -5.0200 -3.7933 0.9667 -4.8033 6.52 -6.37 3.60 165 341 235 257 173 
0.8425 -0.3047 -0.4409 -0.0548 16.19 54.44 33.06 14.09 -2.45 3.80 3.9200 -0.6000 -1.3700 2.0722 1.7667 -2.5911 7.56 0.07 6.23 183 344 326 379 207 
;
