0.6208 0.3502 0.2300 0.6626 265.00 6.81 -51.63 5.33 11.79 13.67 -1.1400 4.7400 5.0300 -1.7644 2.1722 1.4500 0.62 6.98 6.85 173 354 180 172 137 
0.5129 0.4237 0.0894 0.7412 241.87 51.75 -43.88 16.20 7.10 3.19 4.9600 4.4200 -2.4100 3.2311 -4.0656 7.7444 9.74 -0.74 0.84 124 360 167 175 127 
-0.0630 0.6625 -0.1991 0.7193 155.19 60.44 77.37 2.40 -1.24 0.03 -6.4100 3.3400 -2.1000 3.7011 2.7022 1.3733 7.30 -5.27 3.87 108 374 178 178 128 
-0.3485 0.4894 -0.1213 0.7902 128.94 41.94 43.88 4.26 0.09 3.54 -1.5300 5.1000 -1.7800 1.6444 0.4189 0.5511 6.16 -4.48 6.16 123 369 177 183 131 
-0.4464 0.4185 -0.0453 0.7897 121.56 38.00 35.00 6.03 -0.55 7.09 0.5600 3.1600 -0.0200 -2.0889 0.7778 -0.7056 5.75 -5.17 6.02 117 361 185 192 135 
-0.3341 0.4227 -0.1836 0.8222 139.69 33.94 49.88 12.03 -6.00 -1.09 6.1200 1.1700 -6.8500 -4.0644 6.4956 -0.4522 3.71 -7.74 4.73 124 368 192 190 136 
-0.0479 0.1163 -0.5217 0.8439 177.12 0.31 68.31 -10.76 -11.99 -0.67 -10.4600 -2.9200 -0.2000 -1.0467 1.4356 1.6922 -1.89 -9.28 2.52 127 368 202 201 147 
-0.0392 -0.1072 -0.6091 0.7848 172.94 -12.50 77.44 -2.36 -8.19 2.13 -1.9500 2.1300 0.3700 -0.9289 -1.4522 -0.4522 -1.76 -9.51 1.58 132 279 241 227 169 
-0.0873 -0.0020 -0.6622 0.7442 167.06 -3.87 85.31 5.19 -9.32 -2.63 9.3100 -0.1000 -2.9600 -1.9156 -1.8744 -0.4567 -0.05 -9.77 -0.79 121 196 215 207 148 
-0.1076 0.0370 -0.7595 0.6405 159.81 -10.50 100.87 -7.73 -9.97 0.61 -6.4700 -0.4400 2.3800 -1.0500 -0.0544 0.8178 -2.72 -9.08 -2.50 121 200 215 212 146 
-0.1503 -0.0087 -0.7964 0.5858 151.62 -12.63 105.94 -2.48 -7.98 -1.11 -0.5300 -0.0700 2.1000 -0.6511 -1.2433 -1.0811 -1.45 -9.25 -2.90 125 195 197 202 146 
-0.1755 0.1669 -0.7903 0.5627 140.87 -2.37 107.81 -2.04 -7.82 -3.17 -2.4000 1.6500 -0.7900 -0.4367 -4.4578 -3.7456 1.26 -9.07 -3.49 127 204 207 214 151 
-0.2629 0.5590 -0.6198 0.4841 116.87 14.88 115.44 3.33 -4.61 -10.41 1.3200 3.2300 -5.6800 1.5678 -6.1167 -4.0211 3.08 -8.10 -4.58 128 203 214 217 155 
-0.3998 0.8265 -0.2405 0.3152 71.81 20.12 120.37 7.64 -5.66 -2.99 6.3700 1.8400 3.0500 -0.0067 -0.9522 -1.1567 3.77 -7.70 -4.74 143 215 224 226 166 
-0.4227 0.8500 -0.1224 0.2895 71.06 23.19 120.06 8.51 -9.30 -1.59 4.5700 -1.5300 2.8700 0.3944 3.1500 -0.1367 4.77 -7.84 -3.43 162 360 323 376 222 
-0.3950 0.7590 -0.1567 0.4933 110.31 46.13 95.94 4.78 -11.56 -4.46 -1.6200 -4.4400 -7.8800 0.8578 2.0378 -3.6578 8.73 -4.16 1.56 193 438 379 424 236 
-0.3428 0.5959 0.0771 0.7221 128.19 66.12 39.50 6.30 3.95 1.65 -3.0700 6.0600 -2.2300 2.4833 0.4700 -0.0733 8.86 -1.51 3.90 205 439 382 429 236 
-0.4321 0.5065 0.1982 0.7194 117.00 63.94 21.31 9.28 5.88 4.65 -0.1500 7.8200 0.0800 -1.2022 0.2233 0.3589 8.69 -2.09 4.01 205 439 387 423 237 
-0.4016 0.5521 0.0876 0.7255 127.06 57.75 52.00 15.20 1.50 -5.84 3.3800 5.9700 -11.2900 -9.2944 -0.5511 0.4433 7.56 -6.23 -0.38 164 263 242 301 210 
-0.1769 0.5944 -0.4279 0.6575 152.06 34.38 92.25 -4.95 -13.05 -1.03 -9.0000 -4.6500 0.1500 -1.4733 3.0956 1.2033 4.45 -8.73 0.02 197 283 255 312 214 
-0.0845 0.4004 -0.5840 0.7010 169.12 28.62 90.62 2.76 -9.20 0.17 -1.1700 1.1900 0.7500 -0.3733 0.6244 -0.9122 5.27 -8.26 -0.12 192 296 276 324 217 
0.0162 0.4056 -0.5660 0.7175 185.00 38.25 84.94 0.89 -4.87 0.10 -5.3800 2.9000 -0.6400 1.1811 0.9633 -2.2889 7.21 -6.31 2.04 199 356 323 353 227 
0.2040 0.4292 -0.4449 0.7591 217.25 59.88 57.19 7.38 0.82 1.19 0.7900 4.5900 -1.3500 2.7022 6.1222 -7.1522 7.67 0.76 6.05 197 421 359 414 231 
0.5662 0.3593 0.0518 0.7401 259.87 18.62 -44.69 4.23 15.94 9.90 -0.9500 6.1400 3.0600 1.9956 1.1122 -1.3578 1.14 8.20 5.24 197 421 380 420 229 
;
