-0.0501 0.0098 0.2477 0.9675 173.94 2.37 -28.50 0.40 4.61 8.60 -0.0100 -0.0900 0.0300 -0.0211 0.0789 -0.0111 0.35 4.66 8.62 205 338 330 329 211 
-0.0515 0.0055 0.2458 0.9680 173.94 2.00 -28.37 0.24 4.64 8.58 -0.0800 -0.0300 -0.0300 -0.0056 0.0156 -0.0144 0.33 4.65 8.62 205 337 329 330 211 
-0.0513 0.0043 0.2452 0.9681 173.69 2.00 -28.37 0.08 4.96 9.72 -0.4300 0.3600 1.2000 0.2456 -1.9433 0.6811 1.47 4.77 8.44 203 343 325 330 211 
-0.0739 0.1617 0.2405 0.9542 170.50 25.87 -23.69 6.81 3.09 14.71 -1.0500 -1.2300 5.0000 -2.2711 -3.7667 0.7644 6.25 1.64 7.36 162 382 177 180 137 
-0.0972 0.5023 0.1295 0.8494 159.19 74.25 -14.63 11.70 1.48 -1.82 0.3100 1.1900 -3.7900 3.7667 -2.5300 3.6100 9.62 -1.88 0.26 137 404 187 180 136 
-0.4182 0.6715 0.2061 0.5760 97.31 67.62 85.31 5.51 -2.07 -0.15 -4.6400 1.3000 -0.7200 2.7689 0.7233 0.6233 8.72 -4.20 1.55 130 410 187 177 139 
-0.6119 0.5535 0.2701 0.4963 76.62 60.81 54.50 5.71 -1.61 3.15 -2.3700 2.3800 0.2100 1.8144 0.5022 -0.3111 8.50 -3.32 3.58 120 397 187 180 137 
-0.6796 0.4555 0.3037 0.4882 70.44 58.13 37.50 8.17 -0.32 3.80 -0.0500 2.6600 -0.3900 -0.3544 0.6833 0.1989 8.01 -3.37 4.53 124 398 187 182 136 
-0.6932 0.4438 0.2474 0.5111 74.19 52.13 38.50 9.12 -2.75 2.87 1.3600 1.2400 -1.6800 -1.3433 0.7778 -0.1867 7.56 -4.11 4.68 120 406 190 182 133 
-0.6497 0.4760 0.1625 0.5699 83.69 48.06 41.13 8.57 -4.22 5.44 1.6500 -0.3100 0.2200 -0.0456 2.0378 -0.1122 6.67 -4.37 5.69 119 420 188 184 135 
-0.6526 0.4354 0.0927 0.6131 87.50 39.31 35.63 3.56 -5.15 6.69 -1.1200 0.3500 1.3200 0.2456 0.3211 0.1167 5.92 -4.34 6.49 122 428 194 188 136 
-0.6745 0.3995 0.0709 0.6168 83.50 35.44 33.81 3.44 -3.91 9.04 -2.8300 0.7800 2.7200 -0.1089 0.3211 0.2789 5.44 -4.55 6.76 126 413 193 189 140 
-0.6938 0.3984 0.0602 0.5969 81.12 34.88 36.75 2.27 -2.15 8.02 -4.3600 2.6000 1.5200 -1.4744 -1.4033 -0.4633 6.34 -5.18 5.39 148 397 192 185 137 
-0.6093 0.5362 0.0932 0.5768 91.12 52.94 59.19 1.25 -2.06 -0.68 -5.4700 2.8700 -2.8000 -0.7422 -1.6667 -4.9044 9.55 -1.97 0.94 153 393 197 183 135 
-0.3161 0.6331 0.3200 0.6299 131.62 85.31 -175.87 15.04 6.41 -6.71 6.4000 5.6300 -5.0500 -0.6178 -0.7111 -1.8078 9.37 2.45 -1.47 142 387 198 184 136 
-0.1860 0.6660 0.4210 0.5871 142.06 68.75 -139.81 16.95 5.09 -7.75 10.9300 2.8000 -5.4800 2.5056 1.1111 0.5989 9.34 1.49 -2.56 158 394 200 191 141 
-0.3757 0.5994 0.4736 0.5247 100.19 85.56 179.00 12.87 3.91 3.42 1.0600 4.7300 3.3600 0.6911 5.1433 1.4178 9.31 -1.28 2.76 164 395 203 194 143 
-0.6129 0.4252 0.2671 0.6101 90.31 50.50 22.00 -1.60 -3.78 5.47 -9.6800 -0.9900 -0.4600 -1.4411 1.3589 1.2467 6.25 -3.88 6.47 165 397 206 195 145 
-0.6376 0.4421 0.0673 0.6273 89.75 40.75 41.50 -1.00 -1.21 1.47 -7.1000 4.2300 -3.8300 -2.0267 -1.6189 -1.7533 7.65 -4.80 3.79 160 402 206 196 144 
-0.4718 0.5886 0.1135 0.6466 113.50 65.75 55.13 11.43 1.43 -5.19 2.9900 4.1400 -6.9200 1.0144 -0.9767 -2.8633 9.62 -1.13 1.48 161 404 206 197 145 
-0.3464 0.6117 0.3006 0.6446 123.25 87.81 0.06 15.09 -0.60 -2.17 6.5400 -0.2600 -1.7600 1.5911 -1.0033 -0.4433 9.78 0.28 -0.59 158 404 199 191 141 
-0.3672 0.6077 0.4130 0.5703 112.62 85.50 -179.31 13.78 2.49 4.93 2.2300 2.1900 4.4900 -0.3989 0.2122 0.6444 9.78 -0.27 -0.54 158 391 200 193 141 
-0.3873 0.6132 0.3644 0.5842 114.06 86.37 176.44 12.02 2.73 3.03 6.7700 6.1400 4.0900 -4.9133 3.2122 0.1144 9.65 -1.06 1.35 181 360 266 273 203 
-0.2726 0.5701 0.0361 0.7742 142.87 57.75 47.94 9.01 -2.19 0.05 1.7200 2.4700 -4.7500 -4.6356 3.9578 3.8300 5.87 -7.29 2.91 193 397 340 394 224 
-0.2383 0.4425 -0.4512 0.7374 145.87 20.81 82.69 0.18 -5.98 -5.10 -2.7500 4.0300 -5.5500 -3.5589 2.0400 0.8433 2.57 -9.38 -1.21 186 399 354 403 216 
-0.1315 0.3481 -0.6821 0.6295 157.12 14.69 100.69 1.44 -8.77 -4.26 -0.3900 0.8200 -2.2700 0.4067 0.7733 0.2189 2.38 -9.40 -1.42 184 401 362 410 217 
-0.1239 0.2990 -0.6769 0.6611 158.44 12.81 92.25 1.31 -6.34 -8.03 0.1900 3.9100 -8.3700 4.7278 0.1078 0.2556 2.02 -9.25 2.53 180 386 366 409 215 
-0.2184 0.2100 -0.4277 0.8516 148.69 7.94 44.25 0.85 2.63 3.67 -0.4200 7.5600 -4.6100 7.2756 -1.0544 0.9878 1.18 -2.37 9.44 186 393 366 425 222 
-0.3535 0.0440 0.0637 0.9323 134.75 3.81 -14.38 -3.25 11.60 14.62 -2.5000 8.7000 8.2400 3.8133 -1.5344 0.8989 1.16 5.44 8.06 191 399 368 426 221 
-0.4297 -0.0645 0.3097 0.8457 125.37 10.06 -35.88 0.13 6.90 10.85 -1.5800 0.8000 2.5300 -0.5178 -0.2500 0.0044 2.05 5.33 7.97 189 397 368 425 222 
;
