-0.1076 0.3969 0.4192 0.8094 164.81 47.06 -60.63 7.20 5.77 3.36 0.0000 -0.0200 0.1000 0.0167 0.0122 0.0022 7.18 5.82 3.27 181 339 332 379 193 
-0.1085 0.3963 0.4199 0.8092 164.69 47.06 -60.69 7.21 5.80 3.32 0.0300 -0.0200 0.0400 0.0000 0.0156 0.0244 7.19 5.80 3.27 181 342 327 361 187 
-0.1105 0.4047 0.4100 0.8098 164.75 49.44 -58.94 12.02 8.02 6.67 4.1500 2.3400 3.8300 -1.3333 -3.0144 1.1700 8.54 4.44 1.86 171 371 173 173 109 
-0.0679 0.6570 0.3832 0.6457 163.62 61.56 -131.69 13.55 4.88 -9.03 4.6500 2.6400 -3.2200 7.2044 -2.3256 2.1989 7.30 -1.24 -6.41 118 409 190 178 112 
-0.4174 0.7230 0.4792 0.2710 57.19 55.31 132.62 2.93 -3.95 -4.54 -5.8400 1.1500 -1.2300 3.5978 2.5867 -0.0811 8.54 -4.77 -0.58 122 413 194 180 112 
-0.6915 0.5108 0.4352 0.2673 40.63 60.94 67.87 5.18 -1.02 0.40 -3.0000 3.3800 -1.7700 2.3911 1.1600 -0.2956 8.43 -3.66 3.39 127 409 198 183 114 
-0.8018 0.3399 0.4171 0.2599 35.44 56.63 34.50 7.84 1.30 4.30 -0.2700 4.1700 -0.3800 -0.2589 0.7544 0.1344 7.88 -3.08 4.95 119 403 199 187 116 
-0.8186 0.3349 0.3484 0.3104 45.13 50.25 33.31 10.95 -0.97 2.90 3.9900 2.0200 -3.0200 -3.3544 2.0578 -0.9878 7.09 -4.18 5.32 119 412 206 189 119 
-0.7400 0.4288 0.1705 0.4894 70.62 39.00 39.00 3.99 -8.47 5.27 -3.8400 -4.4200 -0.5500 -0.3111 1.2744 0.4822 5.30 -5.21 6.39 119 421 216 190 120 
-0.7255 0.4091 0.0365 0.5523 75.94 29.06 40.50 3.32 -4.66 8.08 -0.0400 1.9700 0.7800 -1.4667 -0.2600 0.3267 4.75 -6.16 5.95 139 401 219 203 133 
-0.7010 0.4722 -0.0247 0.5337 74.87 27.25 55.44 2.95 -4.23 7.53 0.1500 2.5200 2.8900 -2.4989 2.0867 -0.0167 3.80 -8.06 4.07 184 352 316 394 211 
-0.5530 0.4669 -0.3212 0.6108 104.25 6.56 74.50 -0.28 -9.20 2.10 2.0200 1.6600 0.6400 -5.3789 1.7044 0.4022 0.39 -9.73 -1.07 181 365 332 414 215 
-0.2739 0.4137 -0.7066 0.5045 125.25 1.56 114.37 -0.75 -4.85 -15.90 -0.6800 4.2100 -10.4900 2.0067 -0.7578 -0.5322 0.48 -9.21 -3.31 174 366 339 417 216 
-0.3195 0.4073 -0.6161 0.5936 122.62 7.69 82.94 1.75 0.27 7.01 -0.5200 9.2200 11.7700 7.6256 -0.2111 0.5311 1.42 -7.26 6.42 162 375 345 428 223 
-0.4689 0.2772 -0.3177 0.7761 118.37 9.63 57.81 7.68 -1.01 8.49 4.0200 8.9800 -0.6000 -7.2656 0.6656 1.0222 1.24 -9.72 0.29 143 394 348 430 226 
-0.3201 0.4365 -0.6370 0.5490 118.62 2.87 102.81 -4.13 -3.62 -17.20 -5.0600 8.6500 -11.3100 6.0689 -1.2411 -1.0456 1.16 -9.55 1.88 154 394 346 428 225 
-0.4615 0.3336 -0.3365 0.7499 116.25 9.56 47.31 0.20 -5.46 30.92 0.1600 0.4100 20.7100 -2.1944 -2.6889 -1.1378 3.17 -7.56 5.36 164 393 340 391 215 
-0.4056 0.4752 -0.3319 0.7068 122.19 24.50 77.12 4.62 -7.43 -3.15 0.5600 2.2700 -4.9500 -2.6711 1.1089 0.2078 3.93 -8.98 0.02 177 407 343 388 211 
-0.2767 0.5358 -0.4835 0.6345 135.31 25.50 92.06 2.16 -5.78 -7.68 -2.4600 3.1600 -7.4300 3.6022 -0.5256 -1.5878 5.35 -8.03 1.69 174 349 293 336 205 
;
