0.4227 -0.4197 -0.5024 -0.6267 112.00 71.94 -62.63 9.36 2.73 1.22 0.0500 0.0100 -0.1500 0.0133 -0.0078 -0.0100 9.32 2.70 1.38 183 335 323 337 190 
0.4218 -0.4201 -0.5037 -0.6261 112.06 71.94 -63.19 9.29 2.85 1.07 -0.4000 0.0800 -0.1400 0.0133 -1.2667 -0.1133 9.38 2.73 0.81 180 370 188 181 118 
0.3578 -0.4982 -0.5327 -0.5831 120.25 72.31 -126.56 19.98 2.50 -5.24 12.1600 1.7600 -1.5900 2.0778 -3.0267 1.8833 8.55 0.50 -4.77 128 389 177 176 108 
0.3868 -0.6567 -0.5540 -0.3352 67.62 61.00 149.06 7.75 -2.73 -7.10 -2.5400 0.0100 -3.7500 3.7044 2.5056 1.6322 8.61 -4.44 -1.48 133 400 186 182 110 
0.6799 -0.5259 -0.4609 -0.2205 32.25 57.56 77.00 2.02 -3.99 -2.07 -5.9700 1.7900 -3.0500 3.6467 1.4989 0.0500 7.93 -4.57 3.50 136 402 188 184 112 
0.8409 -0.3110 -0.4155 -0.1534 18.87 52.06 35.50 6.58 1.19 4.04 -0.3100 4.4600 -1.0600 1.6656 0.4311 -0.0400 7.60 -2.73 5.55 133 390 190 184 113 
0.8865 -0.2068 -0.3958 -0.1216 18.62 46.38 24.25 8.46 0.36 5.90 1.9700 2.9900 -1.4700 -2.4822 1.8333 -0.8867 6.26 -3.59 6.62 134 395 196 189 116 
0.8768 -0.3123 -0.2307 -0.2837 42.25 31.50 32.56 7.76 -6.38 0.98 0.5900 -3.3700 -5.1200 -2.5800 4.4333 -0.7733 2.61 -5.91 7.37 134 397 196 190 118 
0.7997 -0.3404 0.1162 -0.4808 60.44 8.44 42.44 0.76 -6.57 10.37 -0.3400 0.2900 1.7700 -2.1644 2.3533 0.0544 0.57 -7.51 6.27 155 382 232 215 140 
0.7467 -0.4042 0.2430 -0.4690 64.94 0.06 60.88 1.02 -6.79 5.00 1.5200 2.6900 -0.3900 -3.1556 -0.0167 0.2044 -0.14 -9.44 2.62 137 298 337 353 192 
0.6554 -0.5434 0.3576 -0.3838 57.13 -5.19 83.81 1.67 -10.46 -1.32 1.4800 -0.5200 -2.2500 -1.4111 0.9600 1.5078 -2.04 -9.58 -0.21 124 288 315 320 195 
0.6151 -0.5578 0.4799 -0.2834 49.19 -17.56 97.00 -7.51 -10.91 -0.57 -3.3700 -0.5400 0.0800 -0.7933 -1.8856 -0.7122 -2.87 -9.24 -1.56 133 289 294 287 177 
0.6017 -0.6264 0.4433 -0.2216 40.13 -13.94 100.87 -4.61 -9.04 -3.04 -3.5300 0.6300 -0.9700 -0.4733 -1.6967 -1.6622 -1.37 -9.48 -2.06 138 287 294 293 178 
0.5852 -0.7437 0.2534 -0.2004 35.56 6.31 104.87 -0.10 -4.67 -9.28 0.7600 4.1100 -8.1200 0.0489 -7.6922 -6.3400 3.57 -8.21 -3.99 138 268 290 299 180 
0.5038 -0.7763 -0.3782 -0.0218 356.75 25.19 124.50 11.41 -4.15 -5.64 7.3800 3.0200 0.0200 1.4144 -1.5933 -1.3956 4.21 -7.32 -4.97 142 283 299 309 187 
0.4937 -0.6312 -0.5883 0.1089 337.37 27.50 122.75 4.17 -6.68 -3.57 -0.1100 0.7700 1.1000 -0.2933 0.2300 -0.4900 4.92 -7.05 -4.70 141 294 303 308 190 
0.5226 -0.6201 -0.5830 0.0493 354.94 36.56 121.25 4.80 -1.77 -1.28 -0.2100 5.1300 2.0500 -0.9911 4.8400 -2.5678 8.03 -5.13 -2.29 146 308 307 300 191 
0.6528 -0.4835 -0.5125 -0.2783 58.38 75.25 49.31 12.44 -0.41 1.36 4.1300 0.8800 -0.6900 -0.8289 3.3233 -3.8311 8.61 1.00 4.58 166 325 323 310 198 
;
