-0.1707 0.2328 0.2861 0.9137 158.75 32.63 -29.62 5.28 3.92 6.68 -0.0400 -0.1000 -0.6700 -0.5022 -0.2389 0.0033 5.52 3.76 7.17 181 358 201 196 145 
-0.1577 0.2568 0.2584 0.9178 160.94 32.75 -28.94 5.29 3.85 6.68 0.1600 -0.2500 -0.1200 0.5911 -0.2033 -0.2856 5.24 4.40 7.02 173 367 203 198 141 
-0.1440 0.3021 0.3093 0.8901 161.12 45.31 -41.69 16.30 6.90 6.07 9.0200 2.4900 -0.1100 3.8489 -4.8411 3.0311 9.00 3.76 0.98 142 389 166 172 121 
-0.3065 0.6201 0.4274 0.5821 108.00 79.37 164.25 10.12 1.25 -4.26 -1.8300 2.6700 -2.1200 3.9578 2.1144 2.6511 9.31 -3.05 0.02 129 333 167 174 121 
-0.6354 0.5439 0.3627 0.4110 60.63 61.56 62.00 4.59 -1.88 0.08 -4.2200 2.0400 -2.6600 2.7122 1.3633 0.8156 7.94 -4.06 4.05 139 369 181 182 124 
-0.7985 0.3648 0.3328 0.3443 45.00 50.44 28.19 2.98 1.77 5.52 -3.4200 4.1000 -0.4200 2.2044 0.5278 -0.6989 7.39 -1.59 6.24 145 395 173 185 127 
-0.8467 0.2086 0.3602 0.3312 42.50 47.94 9.38 6.66 -0.19 5.82 -0.3800 0.9200 -0.5700 -0.3089 0.2722 0.2322 7.15 -1.27 6.58 147 380 187 186 127 
-0.8524 0.2191 0.3344 0.3370 44.13 45.63 14.00 7.46 1.06 4.20 0.5900 2.6500 -2.5900 -1.3767 0.3078 -0.4544 6.97 -2.23 6.52 141 392 178 191 130 
-0.8206 0.2939 0.2884 0.3964 54.06 44.44 22.25 7.94 -4.01 4.69 1.1900 -1.2800 -1.1800 -1.3211 0.8311 -0.5833 6.63 -3.02 6.55 141 392 186 193 131 
-0.7870 0.3319 0.2113 0.4752 63.69 38.81 24.87 2.51 -4.78 8.94 -3.5000 -1.3400 1.7300 -0.3011 0.6833 -0.4867 5.82 -3.21 7.20 141 390 194 196 133 
-0.7718 0.3179 0.1655 0.5252 69.12 35.94 22.56 5.54 -3.17 6.85 0.2300 -0.2300 -0.6200 0.2456 0.1689 -0.0222 5.69 -2.89 7.44 141 392 196 199 137 
-0.7760 0.2941 0.1591 0.5349 68.37 33.50 19.75 4.16 -1.96 9.16 -1.4200 0.8400 1.5800 -0.0178 0.1144 0.3189 5.27 -2.84 7.76 143 387 195 199 138 
-0.7936 0.2858 0.1459 0.5170 66.12 31.87 22.00 1.53 -3.45 9.95 -4.3300 -0.5700 2.1500 -1.7644 -0.9878 -0.2122 5.62 -3.91 7.01 147 333 199 198 136 
-0.7269 0.3759 0.0956 0.5667 80.69 33.81 31.62 -1.88 -0.01 -0.01 4.8100 -3.1300 -5.5000 2.2733 2.0933 -1.1667 4.59 -3.00 8.12 150 177 169 172 130 
-0.7054 0.1868 0.1033 0.6758 87.31 17.94 3.87 0.47 2.41 10.06 -3.7300 2.8500 0.6300 0.7922 1.0244 1.7389 1.34 -0.10 9.71 153 186 168 174 129 
-0.7708 0.0314 0.0455 0.6348 77.81 5.56 -1.37 0.22 1.97 8.26 -0.2000 1.3300 -1.6500 0.4378 0.0411 0.3400 0.94 0.56 9.74 155 192 163 177 130 
-0.7856 0.0020 0.0701 0.6147 75.69 7.81 -5.50 2.46 2.18 9.45 0.8200 0.9800 -0.1600 -0.3100 -0.8233 -0.0056 1.96 0.88 9.56 145 193 175 179 132 
-0.7778 0.0314 0.0936 0.6207 78.50 10.31 -2.87 3.81 2.71 10.04 1.9600 2.2400 0.4700 -1.2933 1.6489 -1.7333 0.69 -0.20 9.77 144 200 175 182 134 
-0.6902 0.0105 -0.0549 0.7214 95.94 -6.25 7.75 2.02 -2.40 8.01 3.0300 -0.8400 -1.4800 -1.1089 1.8644 -1.5522 -2.06 -2.25 9.31 145 199 125 185 136 
-0.6182 -0.0062 -0.1702 0.7674 100.12 -12.06 15.38 -3.87 -5.15 9.68 -3.8300 -1.9200 0.7800 -0.2178 0.4656 0.0444 -2.14 -2.66 9.19 148 200 173 187 137 
-0.6454 0.0188 -0.1736 0.7436 97.19 -9.44 16.81 -3.45 -1.19 9.70 -2.3600 1.2400 0.5800 -0.3233 -2.8556 1.3500 0.10 -2.92 9.35 157 321 188 198 137 
-0.7504 0.2083 -0.0351 0.6264 72.69 17.81 25.94 1.65 -3.48 6.51 -2.3300 0.9900 -1.6100 -1.0211 -2.1811 1.5356 4.08 -5.19 7.24 149 328 193 203 137 
-0.7847 0.4332 0.0297 0.4424 56.50 25.87 53.06 4.78 -10.37 0.22 0.4100 -3.2600 -5.0700 -1.9167 -1.1567 -0.0878 4.69 -7.79 3.65 150 328 194 203 137 
-0.7166 0.5740 0.0338 0.3947 57.69 30.50 67.25 7.94 -10.66 -1.19 4.5300 -4.8500 -7.4400 1.0700 0.5700 0.4622 4.50 -7.64 4.17 148 334 194 205 137 
-0.8236 0.4432 0.0345 0.3521 40.69 16.25 36.75 1.89 14.81 2.98 -5.4000 23.0600 0.6500 6.3278 2.5189 1.8133 0.38 -1.24 9.71 147 352 195 202 135 
-0.9647 -0.0023 -0.0161 0.2629 31.25 -1.50 0.69 -3.67 2.34 9.52 -1.6600 1.2900 -2.0300 -1.4144 -0.6778 -1.3878 0.32 -1.23 9.72 146 353 195 208 136 
-0.9391 0.0837 0.0011 0.3331 39.38 3.75 9.50 -0.32 -0.45 8.70 -1.7100 2.2100 -0.3700 -1.1522 -0.7711 -0.0033 1.31 -2.44 9.40 158 352 198 202 141 
;
