0.0380 -0.0311 -0.4958 -0.8671 174.94 5.25 -59.25 1.00 8.72 4.93 0.1300 0.4000 0.0700 -0.1133 0.1678 -0.0411 0.84 8.36 5.05 180 319 319 324 207 
0.0417 -0.0261 -0.4858 -0.8727 174.12 5.19 -57.00 0.82 8.19 6.14 0.0400 0.7100 1.6400 -1.7256 -0.9156 1.4578 1.81 7.45 6.10 179 322 262 269 191 
0.0867 -0.1713 -0.3665 -0.9104 168.37 32.13 -38.13 10.66 6.45 9.93 5.4900 1.0400 2.8900 -1.7078 -5.5589 2.9533 8.44 2.36 4.38 131 349 164 164 123 
0.1843 -0.6222 -0.2333 -0.7242 133.00 85.31 178.94 15.48 2.26 -8.01 3.3200 5.1800 -4.3400 8.1122 -1.3867 5.1389 8.43 -4.95 -0.62 131 399 185 171 125 
0.6776 -0.5614 -0.3219 -0.3494 51.19 53.94 62.38 1.60 -1.09 2.24 -6.1400 3.6600 -1.5100 2.9900 1.4011 -0.3278 7.54 -4.16 4.68 136 399 186 175 124 
0.8154 -0.3459 -0.3181 -0.3381 44.25 47.88 28.44 5.84 1.50 4.71 -1.1200 4.5400 -0.9400 0.6222 0.7544 -0.2144 6.98 -2.62 6.36 137 379 188 177 127 
0.8441 -0.2888 -0.2809 -0.3539 47.75 40.44 24.50 6.75 -0.63 5.25 1.1500 2.6500 -1.7100 -2.0189 1.2633 -0.5789 5.88 -3.82 6.84 137 394 190 180 130 
0.8016 -0.3607 -0.1470 -0.4537 64.69 31.44 33.56 10.56 -5.98 1.31 3.5000 -1.9000 -6.1300 -1.6211 6.0733 -1.8100 2.08 -5.27 7.99 136 412 194 186 134 
0.6646 -0.2210 0.2075 -0.6830 92.31 -0.06 35.75 -9.76 -7.28 10.49 -8.2700 -1.1300 1.6400 -1.0211 0.3889 -1.2033 -0.21 -6.44 7.39 147 403 199 189 136 
0.6001 -0.2580 0.2642 -0.7096 98.69 5.94 44.81 -3.84 -4.71 2.95 -5.8800 1.8900 -4.0000 -1.6844 -5.5122 -0.1622 3.36 -7.57 5.23 166 306 267 297 202 
0.5970 -0.5899 0.0934 -0.5356 78.87 35.75 82.81 -0.37 0.06 -2.96 -7.7400 7.9400 -3.8700 -5.3889 -7.9300 -0.5756 4.70 -6.43 -5.71 192 271 346 398 227 
0.2139 -0.9608 -0.0637 -0.1648 172.44 16.81 167.31 5.86 7.46 -17.70 4.3900 7.1700 -10.1200 -5.1533 -0.4456 -1.4378 2.14 2.39 -9.26 199 292 314 385 227 
-0.1614 -0.9750 -0.0963 -0.1182 167.94 10.38 -156.62 5.85 3.45 -14.72 4.5000 -0.8800 -5.3500 -0.0133 0.2567 -0.2589 1.67 4.02 -8.78 200 300 325 390 228 
-0.1796 -0.9705 -0.1147 -0.1133 166.31 10.94 -160.12 4.73 1.97 -20.74 2.5400 -0.7800 -14.6700 6.9367 2.4522 -0.0844 2.89 -0.80 -9.33 205 421 363 430 225 
0.3223 -0.9075 -0.1643 -0.2134 59.69 33.44 124.00 0.41 7.31 -3.28 -5.8300 15.3200 2.7100 4.6178 2.6644 2.4667 4.34 -8.78 -0.28 210 431 375 432 223 
0.6946 -0.6667 -0.0178 -0.2696 42.94 21.44 80.94 -2.14 0.72 1.45 -5.1300 8.8100 -0.5400 -0.0700 0.1178 -0.4244 3.77 -8.91 1.56 208 429 363 400 221 
0.6802 -0.6602 -0.0016 -0.3183 50.94 26.25 84.69 3.64 -5.94 -2.74 -0.3300 3.1800 -3.1300 -2.0944 -3.1067 -0.1411 4.45 -8.61 -1.44 185 404 170 186 143 
0.5424 -0.8059 -0.0557 -0.2308 47.44 25.56 113.31 3.23 -9.16 -6.94 -0.3900 -0.5200 -3.0500 0.1122 -0.7044 -0.9589 4.37 -7.86 -3.90 139 407 179 179 132 
0.5186 -0.8242 -0.1443 -0.1757 33.19 25.75 115.69 10.06 -9.45 -2.51 6.2400 -0.4700 1.2500 1.3167 -0.7111 -0.1544 4.00 -8.29 -3.36 132 415 187 185 134 
0.5806 -0.7769 -0.2289 -0.0833 15.25 23.19 108.25 6.47 -7.69 -4.23 3.2500 0.6500 -2.3000 2.2900 4.5256 -0.4044 4.44 -8.71 -0.68 123 398 194 192 137 
0.6548 -0.7186 -0.2089 -0.1060 16.87 23.44 99.50 -0.87 -7.36 2.57 -1.7900 1.0200 1.3300 -2.0433 -0.8367 -0.4500 3.91 -8.51 -2.87 128 410 198 201 141 
0.6424 -0.7281 -0.1755 -0.1625 28.44 30.31 88.56 7.38 -3.10 16.05 6.2900 3.6600 9.3800 -0.3000 0.9389 0.4856 4.82 -8.53 0.11 137 416 202 205 144 
0.6639 -0.6999 -0.1567 -0.2116 38.38 30.94 95.31 6.30 -6.19 3.46 -0.2000 2.4300 4.7100 -2.1400 2.2978 -1.2944 6.00 -7.65 -1.25 157 413 203 210 151 
0.5118 -0.7330 -0.0956 -0.4377 95.94 54.94 91.87 5.70 -3.01 0.13 -1.8500 2.4900 -1.2800 -1.0678 7.4522 -7.0900 8.79 -1.64 4.02 162 333 239 227 168 
;
