0.7762 -0.1274 -0.5231 -0.3279 46.06 63.19 -19.69 9.19 1.59 3.97 0.0800 0.1000 -0.2200 -0.1289 0.0189 0.0022 8.73 1.48 4.19 172 368 337 401 224 
0.7768 -0.1269 -0.5173 -0.3359 46.94 62.50 -19.06 8.62 1.70 4.38 0.0000 0.2000 0.0900 -0.0600 0.0233 -0.0433 8.68 1.49 4.30 177 362 341 399 223 
0.7767 -0.1274 -0.5135 -0.3416 47.56 62.25 -19.19 8.43 1.82 4.65 0.4600 1.0900 1.2500 -0.7411 -0.9456 0.5433 8.92 1.08 3.91 177 358 310 328 212 
0.7360 -0.2421 -0.5280 -0.3480 52.31 73.37 10.75 14.93 -0.08 6.06 4.3700 0.2300 2.4900 -2.5678 -0.8878 2.0011 9.35 -2.34 1.76 145 356 183 193 130 
0.6663 -0.4858 -0.4606 -0.3283 49.44 66.31 82.44 11.36 -3.81 -2.70 1.3200 0.5500 -3.2700 0.2289 -0.6100 1.9322 8.25 -5.29 0.10 107 347 175 182 115 
0.6986 -0.5442 -0.4288 -0.1786 24.06 50.25 82.25 3.85 -4.90 -1.57 -3.6400 1.8300 -1.8300 2.3711 0.0622 0.8922 7.04 -6.49 2.09 108 375 177 183 117 
0.8041 -0.4384 -0.3962 -0.0660 7.00 43.31 61.81 4.76 -3.22 3.43 -1.7000 3.2200 0.1500 1.6233 -0.1500 0.6967 6.43 -6.11 4.16 109 380 182 187 121 
0.8492 -0.3663 -0.3801 0.0093 359.69 38.25 55.06 7.25 -3.24 4.63 2.5000 3.2000 0.3100 -1.5422 1.0544 0.1522 5.64 -6.84 4.17 113 398 187 192 123 
0.8354 -0.4627 -0.2904 -0.0600 10.88 30.62 62.44 7.62 -6.38 1.36 1.3200 0.5000 -2.5900 -1.3611 2.2411 1.0678 3.67 -8.22 3.87 114 408 192 197 127 
0.8280 -0.5381 -0.0795 -0.1360 20.00 13.38 64.06 -0.61 -9.66 6.21 -2.3700 -0.8700 2.2000 -0.1300 0.0844 0.5467 1.88 -8.66 4.18 132 400 205 213 142 
0.8325 -0.5381 -0.0137 -0.1311 18.00 10.13 65.31 -1.77 -6.37 5.39 -4.1100 2.4900 0.5500 -0.8900 -1.1700 -1.4622 2.90 -8.76 3.29 174 314 287 329 207 
0.7734 -0.5934 -0.1592 -0.1561 22.81 29.94 79.56 1.29 -4.07 -1.44 -3.5800 3.1600 -3.0400 -3.4500 -6.3467 -0.5767 4.93 -7.79 -3.31 203 340 339 384 227 
0.4365 -0.7888 -0.4326 0.0135 122.37 18.37 139.69 4.84 -2.01 -6.44 1.1200 2.5300 -0.4100 -5.3578 -2.0611 -0.5822 2.19 -2.32 -9.26 209 309 307 360 228 
0.0987 -0.8718 -0.4736 -0.0767 123.00 13.94 175.62 5.06 -2.97 -16.27 1.9800 -1.9700 -3.9100 0.6978 0.8311 -0.1578 2.89 -0.98 -9.31 209 323 309 364 230 
0.1451 -0.8572 -0.4794 -0.1199 120.81 21.50 170.37 1.86 -0.74 -8.80 -2.4300 0.9500 -0.4000 1.5011 0.8000 -1.1700 4.43 -2.16 -8.47 205 313 300 340 224 
0.2927 -0.7800 -0.5210 -0.1859 65.44 45.00 155.06 5.87 -1.67 -10.39 -2.6000 1.5600 -4.7400 4.8111 7.4122 -1.1256 9.18 -3.35 -0.72 197 380 317 381 220 
0.7308 -0.3778 -0.4216 -0.3813 51.63 61.31 16.81 2.78 2.38 7.34 -6.1700 2.4800 2.7500 2.4611 0.5467 0.1800 8.22 -0.29 5.32 203 380 335 408 220 
;
