0.3244 0.0151 -0.1494 -0.9339 141.62 3.87 -16.87 0.59 2.75 9.37 -0.0800 -0.1900 -0.0200 0.0111 0.0144 0.0133 0.64 2.85 9.35 295 433 405 385 286 
0.3271 0.0164 -0.1520 -0.9326 141.00 4.25 -17.37 0.49 2.94 9.36 -0.2600 -0.0600 0.0200 0.2789 -0.2022 0.3600 0.95 3.09 9.25 297 446 406 384 288 
0.3516 0.0012 -0.1796 -0.9188 137.31 9.13 -20.37 1.27 3.57 11.35 -1.5300 0.0100 3.3200 0.1722 -4.0456 0.4589 3.97 3.44 8.27 294 470 368 351 283 
0.3385 -0.1869 -0.2552 -0.8862 138.56 34.94 -20.31 13.45 2.49 8.59 8.5100 0.7900 0.9500 1.1022 -5.7233 3.0900 8.80 1.16 4.15 218 463 298 294 237 
0.4750 -0.5464 -0.3448 -0.5975 92.50 76.50 64.50 9.48 -0.72 -0.76 -2.4400 1.7300 -1.6500 3.3600 -0.8367 3.1089 8.57 -4.60 1.20 204 469 282 270 208 
0.7081 -0.5245 -0.3510 -0.3167 42.50 54.56 63.50 4.44 -1.33 -1.01 -4.0700 3.5800 -2.9700 3.6333 0.7722 -0.0156 7.79 -4.18 4.22 160 434 231 228 160 
0.8425 -0.3163 -0.3767 -0.2196 27.12 49.50 32.00 6.51 2.99 6.20 -1.5800 5.8400 0.5700 0.6311 0.1900 0.4000 7.17 -3.14 5.89 199 471 289 264 199 
0.8773 -0.2639 -0.3525 -0.1909 26.12 45.31 28.37 6.12 -1.33 5.97 -0.3200 1.9600 -0.1800 -1.6767 -0.0300 -0.2256 6.97 -3.80 5.75 203 475 283 245 176 
0.8489 -0.3423 -0.3115 -0.2551 35.50 44.00 37.69 6.51 -5.36 4.79 -1.1100 -1.4800 0.4800 -0.8267 0.5822 -0.2333 6.50 -4.57 5.73 166 457 259 239 171 
0.8384 -0.3710 -0.2589 -0.3041 39.06 41.44 37.81 5.69 -4.78 7.30 -1.4300 0.4600 2.8500 0.2578 1.0544 -0.4033 6.21 -4.26 6.27 164 447 250 234 169 
0.8461 -0.3535 -0.2366 -0.3210 42.75 38.50 36.31 0.55 -2.22 5.55 -5.5700 1.4500 -0.6500 -1.8111 0.5722 -2.0367 6.27 -4.62 5.95 254 440 260 248 180 
0.7520 -0.4136 -0.1992 -0.4730 71.31 47.50 37.50 6.13 -2.40 0.63 -0.1700 1.7000 -4.1400 -0.1878 -2.3800 -3.2289 8.83 -2.38 3.53 239 441 268 253 187 
0.5448 -0.4969 -0.3563 -0.5739 96.94 78.62 17.00 10.66 1.82 -4.78 4.4500 2.3700 -7.0300 2.0333 -2.8933 -1.9200 9.72 1.20 -0.41 277 496 313 318 252 
0.4674 -0.4451 -0.5701 -0.5084 86.75 81.56 -100.50 25.42 6.37 2.50 15.2100 5.1800 3.4000 1.7867 3.7000 2.1289 9.59 0.20 2.00 276 481 306 312 249 
0.7205 -0.3409 -0.4469 -0.4062 54.19 60.13 27.12 4.86 -0.37 5.35 -4.3100 2.0500 0.4100 -1.6544 2.6622 2.9211 6.73 -4.57 5.46 266 480 309 311 247 
0.8030 -0.4480 -0.1801 -0.3493 45.75 35.50 52.38 -3.07 -1.97 1.53 -9.0400 4.6100 -3.0800 -1.8967 -0.1522 -1.2989 6.13 -6.63 3.80 261 484 317 313 248 
0.7012 -0.5546 -0.1898 -0.4059 67.06 51.00 63.50 4.28 1.01 -2.96 -1.0700 6.4600 -5.4700 0.1256 -0.5844 -3.7122 8.96 -3.21 2.32 258 478 322 314 250 
0.5658 -0.5250 -0.3510 -0.5302 84.50 74.12 46.25 22.27 -2.44 0.44 11.9900 -0.6600 1.4100 1.8411 -0.3589 1.8811 9.18 -2.85 1.91 266 479 331 318 253 
0.6664 -0.5042 -0.3712 -0.4049 60.69 62.69 60.00 4.50 -2.26 5.87 -4.1800 1.5700 2.6800 -1.0678 0.8333 -0.4233 8.62 -3.92 2.53 276 482 331 327 264 
0.6482 -0.5175 -0.3209 -0.4572 75.31 64.19 53.88 5.42 -2.55 -1.23 -3.3400 0.4400 -4.4400 -1.7356 0.2267 -2.0122 9.18 -2.43 2.41 282 439 360 376 296 
0.5216 -0.4980 -0.3156 -0.6166 105.50 64.62 6.75 6.84 -0.51 4.35 -0.8800 -0.1400 1.2700 1.7867 2.2367 -2.7178 7.51 1.81 6.03 304 449 414 447 322 
0.4547 -0.2639 -0.3483 -0.7761 122.00 47.31 -27.75 8.79 4.21 7.99 2.3000 1.1900 1.8800 -1.3644 -0.8044 -0.7056 7.58 2.89 5.50 302 448 422 425 313 
;
0.3575 -0.3521 -0.3375 -0.7965 133.37 55.06 -29.25 10.14 2.08 5.12 1.9400 -0.5900 0.3700 -0.1367 -1.0133 0.1622 8.43 2.59 4.26 298 448 415 413 311 
0.3262 -0.4106 -0.3434 -0.7792 134.44 59.50 -32.19 8.22 3.16 3.68 -0.2100 0.6500 -0.4100 0.1256 0.3344 -0.0989 8.33 2.73 4.37 299 447 415 412 314 
0.3266 -0.3942 -0.3439 -0.7872 135.19 57.50 -32.38 8.25 3.04 4.63 0.7500 -0.2200 0.3700 0.0356 -0.2311 -0.0078 8.33 2.84 4.31 293 440 385 378 297 
0.3229 -0.4224 -0.3593 -0.7670 132.56 66.44 -38.94 19.69 0.03 3.89 11.2000 -1.4400 0.5100 0.8822 -3.3967 3.3211 9.79 0.08 0.39 239 459 288 293 232 
0.4343 -0.6204 -0.3688 -0.5389 88.25 74.37 104.25 10.22 -0.16 -6.06 0.1600 3.4800 -5.3500 5.6467 -0.0156 2.6233 8.40 -4.99 0.75 221 481 294 287 225 
0.7545 -0.4714 -0.3885 -0.2401 30.00 52.13 55.06 4.49 1.16 0.88 -3.6600 6.1300 -2.7500 3.5711 1.7311 -0.0233 7.16 -3.70 5.57 226 470 300 256 172 
0.8928 -0.2455 -0.3473 -0.1481 17.81 42.06 25.69 4.65 2.93 6.95 -3.0300 5.2300 -0.0800 -0.9078 0.7422 -0.3822 6.19 -3.31 6.84 208 462 285 275 206 
0.8975 -0.2703 -0.2996 -0.1780 24.50 39.00 30.62 7.86 -3.14 5.01 2.0100 0.4100 -1.4300 -1.7644 0.6867 -0.8167 6.06 -4.38 6.33 147 434 241 225 154 
0.8590 -0.3516 -0.2283 -0.2939 40.31 35.88 36.56 6.66 -6.12 5.49 0.7000 -2.2100 -2.0000 -0.8389 1.5467 0.3700 4.99 -5.20 6.64 145 439 242 222 150 
0.8506 -0.3658 -0.1025 -0.3634 48.94 23.50 37.63 -0.95 -6.43 9.72 -4.3900 -0.3400 2.9200 -0.4956 0.0400 -0.4011 3.72 -5.76 7.00 201 457 277 265 197 
0.8198 -0.4051 -0.0574 -0.4007 52.69 26.87 44.94 -2.33 -4.70 6.93 -6.5800 1.3500 0.8200 -1.1156 -1.7178 -1.9167 5.87 -6.04 5.01 223 437 263 258 193 
0.7003 -0.5047 -0.1949 -0.4656 74.37 55.00 50.25 8.48 0.75 -3.05 0.7500 3.8300 -6.5400 -0.2956 -0.8800 -4.1878 9.27 -1.66 2.71 210 444 266 259 192 
0.4838 -0.5027 -0.3785 -0.6082 106.12 79.25 -14.00 16.16 5.27 -2.32 7.1100 3.9500 -3.4500 1.6233 -0.4544 -1.1278 9.58 1.76 1.07 206 439 265 260 194 
0.4705 -0.4321 -0.5038 -0.5814 94.94 78.62 -41.81 25.62 5.95 4.15 13.7400 4.5900 2.9700 1.3044 2.7167 4.9278 9.14 -1.54 3.19 214 441 270 265 196 
0.7426 -0.4210 -0.3050 -0.4222 55.25 46.38 43.19 -4.55 -2.87 5.44 -12.8100 1.8500 -1.1600 -1.7244 1.5200 1.4589 5.50 -6.24 5.18 217 442 273 267 199 
0.7635 -0.5016 -0.1111 -0.3911 57.19 35.94 57.38 -2.75 -0.19 -0.37 -8.2700 6.6400 -4.8500 -1.1178 -1.2100 -2.8333 7.44 -5.59 3.06 217 440 277 268 201 
0.6080 -0.5526 -0.2430 -0.5157 86.19 65.06 49.88 16.54 1.39 -4.16 8.5200 3.6100 -6.0800 3.0333 0.2811 -2.0256 9.27 -0.91 3.03 220 436 278 270 202 
0.5874 -0.4300 -0.4111 -0.5486 83.81 73.31 12.56 12.36 0.09 5.99 1.9400 1.0400 3.2900 0.4011 -0.3033 1.0089 9.39 -1.21 2.52 228 444 278 271 203 
0.6178 -0.4493 -0.4088 -0.4993 79.12 72.31 29.81 5.38 -0.37 2.60 -3.2100 1.2100 -0.7500 -1.8167 0.0100 -0.9278 9.41 -1.25 2.43 233 448 281 288 221 
0.5280 -0.4908 -0.3538 -0.5959 102.69 73.06 11.56 8.98 -0.58 -1.41 1.3900 -0.3200 -4.7100 -1.1578 2.9822 -2.3189 8.58 0.96 4.64 253 422 364 415 275 
;
