0.7900 -0.0257 -0.5410 -0.2871 39.94 60.50 -33.31 8.58 2.68 4.09 0.0100 0.0100 0.0500 0.0000 -0.0344 0.0033 8.54 2.65 4.00 177 353 343 384 199 
0.7885 -0.0262 -0.5435 -0.2869 39.94 60.69 -33.50 8.55 2.66 4.06 0.0000 0.0000 0.0800 0.0033 0.0111 0.0044 8.55 2.65 4.00 177 350 344 384 200 
0.7888 -0.0261 -0.5431 -0.2869 39.94 60.63 -33.44 8.59 2.72 4.07 0.6100 0.2900 0.2300 -0.3756 -0.2467 0.3956 8.66 2.37 3.93 175 352 320 341 202 
0.7732 -0.0985 -0.5615 -0.2777 40.31 70.81 -17.56 14.86 0.88 7.23 3.0800 -0.5800 3.7900 -3.0989 -1.3622 1.9122 9.42 -0.91 2.56 149 376 188 187 123 
0.7070 -0.3516 -0.5637 -0.2426 33.31 73.19 82.44 4.64 -3.73 -4.67 4.8600 0.6000 -3.4900 2.9189 -5.4867 0.7689 8.68 -3.84 -2.43 106 392 186 196 126 
0.6675 -0.3591 -0.6508 -0.0457 5.75 64.19 92.31 5.63 -4.93 -1.78 -3.8500 -0.6100 -2.2600 2.3356 1.7056 1.1400 8.36 -4.76 1.85 111 399 177 200 128 
0.8050 -0.2612 -0.5295 0.0585 348.44 53.88 51.94 4.98 -1.93 3.28 -2.1100 3.0300 -0.3500 2.0589 1.0589 0.0033 7.61 -3.84 4.83 119 399 196 200 130 
0.8678 -0.1443 -0.4553 0.1373 341.19 47.44 33.81 5.74 -0.07 5.86 -2.2600 3.3200 -0.2500 -1.0767 0.2300 -0.1967 6.97 -3.98 5.62 120 397 201 204 133 
0.8802 -0.2054 -0.4164 0.0977 349.62 42.56 38.94 7.10 -5.67 3.45 0.3400 -1.5800 -0.8500 -0.7200 1.3633 -0.4678 6.17 -4.73 5.97 118 419 212 208 133 
0.9041 -0.2598 -0.3388 0.0178 357.87 36.06 36.63 3.76 -4.63 7.97 -1.6700 0.9800 2.3500 -0.4067 0.8644 -0.2467 5.52 -4.78 6.53 133 415 212 212 140 
0.9053 -0.2924 -0.3079 -0.0134 3.69 34.44 42.19 1.44 -3.15 6.38 -4.1600 2.1700 0.0900 -3.0578 0.9122 -0.7156 5.48 -6.34 5.09 176 324 233 236 167 
0.8539 -0.4334 -0.2182 -0.1879 32.56 29.37 46.56 1.60 -6.90 -0.11 -2.2800 -1.0800 -6.6000 2.0044 5.2089 -2.9578 2.93 -4.43 8.23 213 185 187 186 108 
0.8525 -0.1581 0.0842 -0.4910 61.81 -15.19 20.56 -9.95 -1.32 14.58 2.2900 -1.1800 5.5900 -0.5733 2.1500 2.8044 -5.28 -3.40 7.52 216 174 172 168 102 
0.8714 -0.0035 0.3547 -0.3388 39.13 -39.31 15.44 -8.47 0.02 7.60 -6.2300 0.7800 0.5700 0.2456 -0.4556 1.3144 -6.22 -0.89 7.52 215 178 175 170 107 
0.9061 0.0350 0.3260 -0.2672 33.94 -37.00 9.25 -6.25 -2.05 8.98 0.5800 -0.5300 0.8300 -0.1511 -0.3100 -0.7811 -5.59 -1.86 7.83 214 183 184 177 111 
0.8962 -0.0055 0.3060 -0.3212 40.69 -30.37 13.81 -4.42 -2.03 7.33 0.7800 0.4300 -1.1500 3.1189 -4.6967 -2.9500 -1.88 -0.90 9.58 173 320 272 262 173 
0.8559 -0.0118 -0.1613 -0.4911 57.88 32.63 -21.12 12.98 5.26 5.34 5.0200 1.2800 -0.0900 1.3422 -4.0956 3.6856 8.58 2.26 4.15 186 373 348 418 210 
;
0.7995 -0.0511 -0.5358 -0.2667 36.75 55.06 -23.94 4.53 2.54 8.31 -0.6600 0.4100 0.6200 0.4867 -0.5556 0.2000 8.00 2.57 5.04 180 376 347 398 206 
0.8242 -0.0117 -0.4938 -0.2767 37.25 55.13 -24.87 8.15 2.41 4.70 0.2400 -0.1200 -0.1400 -0.3811 -0.1989 0.0856 8.13 2.08 5.06 179 365 349 386 206 
0.8211 -0.0449 -0.4935 -0.2832 38.06 56.94 -21.87 8.72 1.75 4.08 0.4500 -0.2400 -0.7600 -0.0667 -0.0522 0.0578 8.30 1.91 4.84 178 362 350 381 205 
0.8146 -0.0569 -0.5051 -0.2792 37.94 59.06 -21.37 8.67 2.12 4.48 0.2500 0.3200 0.2300 -0.0722 -0.5178 0.3211 8.65 1.55 4.33 183 386 339 377 209 
0.7832 -0.1347 -0.5526 -0.2510 35.25 73.75 -0.81 17.42 -0.21 5.40 6.1700 -0.9800 1.8200 -1.6144 -2.5556 2.7689 9.56 -2.06 0.69 166 395 190 189 123 
0.7059 -0.3672 -0.5875 -0.1475 17.44 65.75 87.37 8.65 -5.66 -4.85 -1.3700 -1.1600 -5.0200 3.1244 -0.4022 1.4933 8.32 -5.12 0.79 119 409 192 178 115 
0.7671 -0.2991 -0.5645 0.0584 349.19 55.88 63.44 3.12 -3.70 -0.28 -5.0400 1.6600 -3.0200 2.8556 2.3044 -1.5078 7.94 -3.24 4.73 117 389 201 185 121 
0.8732 -0.1129 -0.4663 0.0862 347.19 52.31 25.06 7.97 1.51 4.34 0.8200 4.0900 -0.7900 0.6578 0.1878 0.8189 7.57 -2.57 5.66 122 386 199 187 123 
0.8806 -0.0946 -0.4403 0.1471 340.75 46.31 27.94 6.43 -1.74 5.05 -2.6100 0.0500 -2.3000 -1.4478 1.5900 -0.8356 6.22 -3.61 6.65 120 409 207 196 127 
0.9215 -0.1979 -0.3315 0.0426 358.00 34.25 30.31 4.36 -5.51 4.95 -1.1500 -1.5700 -1.7500 -1.2611 1.4111 -0.4511 4.93 -4.64 7.09 123 420 217 204 134 
0.9296 -0.2784 -0.2352 -0.0541 6.19 26.94 34.13 2.98 -5.97 7.88 -1.0400 -0.4000 1.8900 -0.6233 1.5744 -0.0111 3.79 -5.14 7.43 140 409 222 213 141 
0.9343 -0.3138 -0.1497 -0.0787 10.31 19.12 38.69 0.67 -4.47 7.38 -2.7400 1.9200 -0.0500 -1.9444 0.3556 -0.5800 3.25 -6.74 6.32 159 273 237 244 167 
0.8735 -0.4415 -0.0959 -0.1813 29.44 17.94 52.38 0.92 -7.86 1.36 -1.5400 0.2800 -5.0000 1.3489 3.5711 -2.4667 2.59 -6.61 6.75 210 197 213 211 133 
0.8422 -0.3237 0.0708 -0.4254 57.31 -0.62 36.00 -1.45 1.65 11.87 -1.8000 5.9900 3.6200 -3.6522 5.4289 1.8533 -4.55 -6.53 5.72 214 172 181 176 106 
0.7902 -0.1387 0.4380 -0.4056 50.13 -39.88 40.25 -10.68 -4.66 9.56 -5.6000 -1.9400 3.6600 1.1911 -0.5189 2.4133 -7.00 -2.96 6.19 213 179 184 179 111 
0.8620 0.0026 0.4108 -0.2970 37.31 -44.94 18.62 -7.21 -2.89 8.71 0.9900 -0.6600 1.0200 -0.2678 -0.2222 -0.4656 -6.65 -2.65 6.70 214 184 177 182 112 
0.8622 -0.0273 0.3955 -0.3153 40.81 -40.63 24.06 -5.71 -3.75 7.78 0.9500 -0.6500 1.5400 0.4367 -2.9189 -1.7156 -4.82 -3.50 7.78 190 205 198 197 129 
0.8792 -0.1373 0.1868 -0.4164 54.00 1.12 22.25 5.19 -2.31 3.08 2.6700 1.3100 -4.7300 4.2322 -6.7656 -0.8022 5.30 -1.09 8.17 196 318 299 329 193 
0.8384 -0.1427 -0.3664 -0.3774 44.94 50.44 -10.44 6.49 2.12 6.96 -0.3000 0.7100 2.5700 1.6644 0.2611 0.0522 7.71 2.10 5.67 195 360 339 419 211 
;
