0.1436 0.4131 0.0253 0.8989 197.56 48.56 -11.25 7.40 -0.31 5.50 -1.0300 -1.3500 -1.0200 -0.0933 -0.0278 0.9500 7.46 0.58 6.33 172 322 325 334 201 
0.0941 0.4130 -0.0109 0.9058 190.75 46.63 -6.19 5.20 1.93 8.95 -0.2600 0.3700 2.5300 -0.0511 -0.9867 -0.1500 7.31 0.90 6.46 174 306 303 339 200 
0.0869 0.4238 0.0129 0.9015 190.94 49.13 -8.75 8.05 1.01 6.59 0.2300 0.0400 0.1000 0.0433 0.5156 0.0189 7.18 0.99 6.60 173 307 308 344 200 
0.0842 0.3925 0.0226 0.9156 190.31 44.81 -9.06 9.13 0.20 9.79 2.9000 -1.0600 3.4900 1.7144 1.0233 0.1567 6.43 1.66 7.21 173 350 194 192 146 
0.0505 0.3664 0.0521 0.9276 184.56 50.38 -11.44 16.59 2.82 5.85 8.8300 3.1900 -1.9300 3.6789 -3.7622 3.7600 9.44 0.29 2.61 142 372 168 170 116 
-0.2344 0.6486 0.1089 0.7159 129.12 73.69 71.75 8.43 -3.23 -1.05 -1.7900 0.8500 -1.3600 1.6311 1.5611 2.1633 8.55 -4.47 1.70 133 378 167 177 120 
-0.4937 0.5714 0.0925 0.6490 104.44 54.38 47.63 4.31 -1.74 0.32 -3.8500 2.5700 -3.4900 2.0711 1.0922 0.2333 7.49 -3.67 5.14 121 383 168 175 119 
-0.5817 0.4363 0.1249 0.6750 98.62 45.50 25.50 4.89 1.29 7.33 -1.4500 4.2400 1.2500 0.3878 0.0878 0.1822 6.80 -2.69 6.52 116 374 167 180 118 
-0.5933 0.3947 0.1150 0.6921 98.87 42.38 26.12 9.26 -0.67 6.76 1.6600 2.1500 -1.0500 -2.0744 2.4956 -1.0478 5.83 -3.75 6.93 118 378 183 181 125 
-0.4957 0.3693 -0.0385 0.7852 121.62 30.25 30.50 9.34 -5.70 3.60 2.0400 -3.1500 -2.3100 -1.5533 3.6567 -1.4433 3.43 -4.63 7.92 117 404 180 183 121 
-0.3472 0.2414 -0.1877 0.8865 136.06 17.00 31.94 -0.69 -6.61 8.99 -2.7900 -1.1700 1.1200 -0.4456 0.3289 -0.3322 2.72 -5.17 7.86 122 398 182 185 125 
-0.3444 0.2430 -0.2044 0.8835 137.00 17.56 34.31 2.51 -5.11 8.52 -0.3100 1.3900 1.6600 -2.0344 -1.4833 -0.1011 3.80 -6.17 6.60 149 329 173 179 127 
-0.2681 0.3568 -0.2845 0.8484 149.25 32.13 51.25 -2.06 -4.23 0.40 -7.9200 2.1000 -4.9100 1.5933 -1.9267 -4.4656 7.57 -4.18 4.60 139 362 174 186 130 
-0.0712 0.5093 -0.0656 0.8551 173.75 61.69 5.50 12.87 3.63 2.20 4.2300 3.2500 -2.0100 3.5678 -1.6200 -0.9600 8.93 1.83 3.59 151 366 176 184 130 
-0.0681 0.5884 0.1717 0.7872 170.12 74.75 -43.44 8.62 2.88 1.56 -1.1200 1.1800 -0.1600 -1.5311 -2.2244 -0.0711 9.65 1.69 0.39 147 375 177 184 129 
0.0203 0.6996 0.1620 0.6956 186.12 70.44 -97.37 15.13 7.64 -6.12 8.8400 3.9900 -6.1800 2.7078 0.3322 -1.1322 8.75 4.32 -0.84 157 384 187 184 129 
-0.0543 0.6599 0.3411 0.6673 159.75 72.12 -109.06 18.84 8.76 3.01 4.7500 5.6900 4.1700 1.0933 4.6856 2.8022 9.67 0.54 1.47 153 378 182 185 129 
-0.3464 0.5244 0.1924 0.7537 128.44 59.06 16.87 -1.41 -0.02 6.78 -9.1000 2.5200 1.0300 -2.6356 3.5622 2.1767 6.33 -3.75 6.46 158 378 186 191 127 
-0.4212 0.4166 -0.1097 0.7981 122.19 35.38 47.69 -3.42 -2.88 1.38 -8.9800 4.2700 -3.4400 -2.7578 -2.2633 -1.2089 6.95 -6.43 2.52 148 393 191 190 130 
-0.2808 0.6545 -0.1353 0.6888 143.25 63.06 86.25 8.30 3.58 -8.40 -0.5200 6.9300 -8.5700 -0.7878 -2.0389 -4.4467 9.63 -1.23 -1.37 147 397 190 191 130 
-0.0396 0.7677 0.0899 0.6333 174.25 74.44 -152.75 17.84 3.77 -6.98 7.1900 1.4400 -4.1200 2.4167 -0.5933 -1.5589 9.03 1.95 -3.26 151 396 202 188 133 
-0.0995 0.7661 0.2943 0.5627 153.56 67.87 -156.12 13.77 3.29 1.68 2.3900 2.1500 5.1800 0.3922 1.3300 0.4911 9.45 0.98 -2.42 154 364 199 199 142 
-0.1721 0.7081 0.2859 0.6223 151.69 79.56 -134.75 2.43 -1.58 -1.19 -6.4300 -2.9100 -1.4700 -2.0267 -1.2133 -1.0044 9.51 2.09 -1.08 175 241 205 222 165 
-0.0278 0.7050 0.2405 0.6666 174.56 71.25 -101.12 15.96 3.75 -1.36 6.4700 3.0100 2.4800 4.5989 2.1822 0.7111 9.33 2.99 0.10 186 292 326 391 224 
-0.2569 0.6640 0.3231 0.6235 124.19 71.44 149.00 9.95 6.10 3.53 0.2000 12.3900 8.2800 -5.7433 -0.2567 7.6211 6.36 -4.41 -6.01 202 330 333 390 229 
-0.1324 0.9300 -0.2451 0.2398 218.75 15.44 167.06 -2.49 2.94 -18.97 -0.3400 1.1500 -6.5500 -3.2844 0.9911 -0.3878 2.54 1.13 -9.40 213 306 298 385 230 
0.1260 0.9144 -0.3699 0.1061 224.62 15.94 -171.94 4.10 1.33 -11.32 -0.5000 1.1700 -0.4500 1.1767 0.1700 0.2000 2.69 0.28 -9.42 210 311 286 394 230 
0.0554 0.9147 -0.3748 0.1407 223.69 18.44 179.31 2.78 0.72 -8.68 -0.1200 0.3700 0.0100 0.3489 0.4056 -0.2733 3.43 -0.23 -9.18 209 308 296 386 229 
0.0414 0.9208 -0.3436 0.1796 220.06 21.87 174.56 4.72 0.74 -10.07 0.3900 0.5500 -0.9700 2.5100 4.5400 -1.2300 6.20 -2.11 -7.29 212 351 317 394 230 
;
