-0.1891 0.0295 0.4800 0.8561 155.12 13.44 -56.44 2.25 7.76 5.25 -0.0500 -0.2100 -0.0400 0.0256 -0.0833 0.0056 2.32 7.95 5.24 184 365 340 344 206 
-0.1856 0.0340 0.4824 0.8553 155.62 13.69 -56.94 2.13 7.91 5.07 -0.1700 -0.0500 -0.0900 0.0956 -0.1122 -0.1044 2.29 8.03 5.12 184 362 338 342 207 
-0.1761 0.0386 0.4860 0.8552 156.94 14.44 -55.94 2.35 8.91 7.46 -1.3900 0.8900 2.1500 -2.1222 -3.1967 1.8444 4.37 6.64 5.73 171 374 158 166 122 
-0.1961 0.3600 0.4163 0.8116 147.62 63.50 -66.19 15.25 6.14 1.52 4.9600 1.2700 -0.7400 1.6278 -4.5367 4.6933 9.55 0.38 -2.16 135 375 171 164 124 
-0.3688 0.7284 0.3745 0.4396 83.69 60.88 134.00 8.36 -4.58 -8.38 -0.6400 0.2000 -4.0800 4.4089 1.8856 1.4333 8.05 -5.49 -1.02 138 379 178 172 127 
-0.6765 0.5807 0.3224 0.3182 49.19 53.19 71.94 2.76 -3.65 2.45 -4.8000 1.7700 -0.2600 2.2344 1.2900 -0.1600 7.57 -4.84 3.92 140 390 184 176 130 
-0.7926 0.4011 0.3065 0.3421 46.38 49.19 37.69 4.28 -2.09 4.38 -3.1800 1.2800 -1.3800 1.7178 0.5378 -0.5089 7.29 -2.73 5.95 141 394 189 180 132 
-0.8354 0.2660 0.3344 0.3458 44.88 47.69 14.19 6.77 2.03 5.61 0.9500 3.8100 -0.5100 0.4278 0.4444 -0.1489 7.06 -1.04 6.71 143 374 188 181 132 
-0.8509 0.2104 0.3267 0.3535 46.63 43.31 11.31 6.21 1.35 5.79 -0.0300 2.9900 -1.3600 -2.0622 0.8422 -0.6444 6.25 -2.12 7.24 142 394 182 187 135 
-0.8117 0.2870 0.2194 0.4590 62.94 36.31 20.00 7.28 -4.48 6.11 0.9800 -2.2900 -1.4100 -0.6222 1.4333 -0.6400 5.10 -3.00 7.81 138 412 196 193 138 
-0.7740 0.2863 0.1171 0.5525 71.00 28.81 20.81 1.87 -3.32 11.19 -3.2700 -0.5400 2.5200 -0.4244 0.3556 -0.1122 4.49 -3.18 8.11 146 410 202 194 138 
-0.7694 0.2817 0.0873 0.5666 72.81 27.06 22.56 4.28 -2.32 8.53 -0.8400 1.2100 0.1700 -0.7511 -0.1100 0.3044 4.44 -3.82 7.85 158 377 206 219 167 
-0.7700 0.3254 0.0656 0.5449 70.81 27.87 32.25 4.86 3.55 9.90 1.0600 6.8400 0.6500 -7.0167 1.1900 0.0556 4.14 -7.50 4.77 164 319 309 322 200 
-0.5381 0.5560 -0.2642 0.5757 107.06 19.62 81.06 6.71 -11.01 -4.94 1.6400 0.8700 -6.4400 -4.0289 2.6222 -1.2767 3.77 -9.04 -0.47 161 363 322 389 213 
-0.2510 0.5154 -0.5419 0.6146 139.75 19.75 97.19 0.95 -8.99 -6.40 -0.3100 0.9600 -4.4600 0.5089 1.0900 1.2033 2.46 -9.45 -0.86 169 372 359 413 217 
-0.2371 0.3683 -0.6124 0.6581 138.81 9.06 89.44 -0.17 -8.47 -2.27 -1.2100 1.2100 -2.4900 0.7133 -0.1044 1.3122 0.54 -9.76 0.77 164 381 363 414 219 
-0.3312 0.2943 -0.5797 0.6838 126.87 0.88 75.00 1.55 -2.02 -9.76 2.4700 10.8300 -13.7600 7.9433 0.0400 -0.0056 0.19 -6.81 7.04 166 388 366 421 219 
-0.4719 0.0602 -0.1013 0.8738 121.12 -2.25 -5.44 -3.75 21.58 18.07 -7.4100 12.5600 6.2900 4.5289 -1.1622 1.8522 -0.60 5.56 8.05 170 397 366 418 220 
-0.5292 -0.2194 0.2820 0.7696 110.31 -0.06 -43.69 0.54 10.26 11.35 -0.4700 1.9100 3.4000 0.0433 -0.1144 0.3489 0.48 6.90 6.94 170 393 369 416 221 
-0.5333 -0.1846 0.3325 0.7556 109.87 4.12 -44.38 -0.53 6.39 6.79 -0.3100 -0.3200 -0.2300 -0.0611 -0.4211 -0.2000 0.80 6.81 7.01 176 382 349 405 221 
-0.5370 -0.1710 0.3317 0.7565 105.94 4.25 -42.50 2.58 6.56 9.45 2.8800 0.6100 3.6200 -0.9033 1.5756 1.8478 0.45 6.23 7.55 196 338 323 287 210 
-0.6710 -0.1689 0.2535 0.6760 88.69 11.00 -30.44 -3.55 5.56 11.39 -4.4200 1.3400 3.9300 -3.4156 -2.7689 0.8544 4.36 2.73 8.34 209 188 183 182 131 
-0.6530 0.1873 0.2789 0.6787 91.69 47.94 -1.25 0.46 1.10 0.68 -11.1500 1.5800 -4.9700 -1.5400 -7.2444 2.6833 9.35 -2.19 1.95 210 174 172 181 123 
-0.5048 0.5613 0.3889 0.5281 105.19 88.75 0.88 27.44 10.55 -10.93 15.1100 6.5400 -7.4300 -0.9367 0.4256 -4.0256 9.28 3.10 -0.54 209 179 172 188 129 
-0.2488 0.5693 0.4841 0.6161 135.12 70.81 -111.87 8.40 2.53 0.72 -1.3700 -0.3700 1.7800 0.1933 1.0133 -0.3189 9.29 3.05 -0.61 210 184 182 190 131 
-0.2734 0.5415 0.4821 0.6322 133.12 71.62 -99.25 10.16 2.97 -1.80 0.9400 -0.1000 -1.2600 0.1189 0.1578 0.2011 9.35 2.91 -0.50 209 187 186 193 132 
-0.2914 0.5415 0.4797 0.6258 128.69 73.81 -97.50 11.27 3.36 0.04 1.8900 0.9100 0.2800 0.1378 0.9044 0.7856 9.55 2.21 0.16 209 195 187 193 136 
;
