0.4261 0.1268 0.2692 0.8543 233.00 -0.75 -34.56 -0.17 5.53 8.00 -0.0500 -0.0300 -0.0400 0.0011 0.0011 0.0044 -0.13 5.57 8.06 182 342 355 415 220 
0.4260 0.1264 0.2694 0.8544 233.00 -0.75 -34.56 -0.17 5.50 7.95 0.0100 -0.0300 -0.0500 0.0033 -0.0044 0.0000 -0.13 5.57 8.06 182 344 352 414 219 
0.4257 0.1263 0.2676 0.8552 232.69 -0.31 -33.81 0.39 6.75 10.01 0.9500 2.8700 3.5800 -2.5900 -1.4567 0.9100 0.84 4.21 8.81 178 342 226 210 179 
0.4078 0.1784 0.0764 0.8922 226.00 25.94 -13.56 8.81 0.40 7.49 3.9700 -0.7100 -1.1300 1.4656 -8.9722 5.5922 8.85 -0.38 4.19 133 368 168 169 120 
0.0370 0.5834 -0.1733 0.7926 175.44 66.87 54.69 5.67 -3.27 1.33 -2.9900 0.2200 -1.3200 3.4511 -1.3300 2.1422 8.50 -4.30 2.29 118 383 176 178 126 
-0.2722 0.5970 -0.0967 0.7484 134.12 55.25 57.63 6.28 -4.48 0.61 -2.0000 0.3900 -2.5600 2.9722 0.2744 1.0156 7.62 -4.50 4.21 118 380 181 177 128 
-0.4590 0.4970 0.0229 0.7361 112.75 47.69 35.56 6.65 -0.14 4.60 0.1600 3.9800 -0.9900 2.1544 0.2311 0.5489 6.98 -3.11 6.13 115 380 183 183 132 
-0.5689 0.3986 0.1115 0.7107 103.06 42.50 23.44 6.22 0.69 6.07 0.1800 2.9400 -1.5200 -1.3300 0.1967 -0.0744 6.38 -3.34 6.64 123 383 189 184 129 
-0.5323 0.3986 0.0351 0.7460 111.75 38.25 29.87 9.32 -2.80 4.65 2.6500 0.2600 -2.9300 -1.7811 2.1956 -1.1367 5.44 -4.34 6.90 114 393 194 187 133 
-0.4147 0.3470 -0.1107 0.8339 128.69 26.50 32.63 3.69 -7.31 6.13 -1.3800 -1.7600 -0.6700 0.3033 1.6733 0.0489 3.33 -4.66 7.95 120 404 202 194 138 
-0.3887 0.2425 -0.1675 0.8729 132.69 15.94 30.56 0.53 -5.44 9.72 -0.4800 -0.0500 1.2400 -0.6622 -0.5478 0.0044 2.97 -5.21 7.75 131 395 206 193 143 
-0.3848 0.2775 -0.2092 0.8550 130.94 18.94 39.19 1.79 -6.03 7.69 -1.5600 -0.1700 0.4300 -0.7267 -0.8867 0.0444 3.59 -6.37 6.52 128 325 199 199 140 
-0.3813 0.3589 -0.2404 0.8173 131.50 25.87 46.44 5.28 -8.31 3.59 -0.1200 -2.1400 -2.4200 2.5744 0.1144 -1.8756 5.06 -4.77 6.91 157 272 192 191 139 
-0.3139 0.3143 -0.0914 0.8912 143.81 28.50 18.81 6.39 -2.50 4.32 0.9600 1.3700 -2.4700 3.7833 2.3778 -0.9044 3.61 -0.22 9.11 154 180 180 183 134 
-0.2863 0.1108 0.0540 0.9502 145.75 8.38 -1.31 -0.23 2.49 9.12 -0.3500 2.4900 -0.5500 0.2567 -0.2433 2.9700 0.93 0.06 9.76 148 174 179 183 132 
-0.4244 0.0369 0.0197 0.9045 127.62 4.31 -0.37 -0.83 2.42 9.34 -1.7700 2.2800 -0.5800 0.0400 -0.2767 0.4500 0.86 0.02 9.76 151 180 182 178 132 
-0.4605 0.0414 0.0144 0.8866 125.50 5.19 1.12 2.10 0.54 9.84 1.1200 0.7600 0.1500 -0.3111 -0.1822 -0.2622 1.11 -0.39 9.73 156 184 188 186 135 
-0.4322 0.0638 0.0021 0.8995 130.44 6.37 3.31 3.01 1.98 10.60 2.2900 2.4600 1.1600 -0.4622 0.7344 -1.6844 0.80 -0.81 9.73 157 189 195 190 138 
-0.3232 0.0351 -0.0493 0.9444 144.12 0.69 7.25 2.11 -2.72 8.41 2.5100 -1.3200 -0.8900 -0.5467 1.6989 -1.3156 -1.08 -1.75 9.58 151 183 189 192 140 
-0.2131 -0.0783 -0.1296 0.9652 155.62 -14.69 14.06 -6.15 -3.44 9.01 -4.5100 -0.8900 0.4200 -0.7789 1.1789 -0.4611 -3.24 -2.87 8.79 152 184 196 197 144 
-0.1880 -0.1422 -0.2026 0.9504 156.87 -19.37 20.81 -2.64 -3.21 9.50 0.3700 0.2100 0.8000 -0.4078 -0.7389 0.4756 -2.86 -3.38 8.74 155 201 199 200 150 
-0.2333 -0.0786 -0.2165 0.9447 151.69 -11.50 24.00 -5.71 -3.96 7.77 -3.7400 -0.7500 -1.9300 -0.4944 -2.9233 -1.2778 0.53 -4.39 8.75 169 331 303 317 205 
-0.1964 0.1429 -0.1769 0.9538 155.87 15.44 18.25 8.61 -8.23 5.86 4.2000 -3.8000 -1.2800 2.8444 -6.5844 1.2711 5.89 -1.13 7.75 197 429 377 425 228 
-0.3130 0.3955 0.0892 0.8588 137.75 50.06 7.31 11.11 -0.14 2.48 2.8700 -0.0700 -3.0900 2.2711 -1.1089 -0.3222 8.13 0.12 5.47 197 430 372 431 227 
-0.3637 0.4008 0.2358 0.8071 129.75 54.25 -12.63 6.80 6.23 5.44 -1.4300 4.6300 -0.1100 1.3800 0.5589 0.0567 7.67 1.94 5.78 191 435 378 431 228 
-0.4133 0.3253 0.3018 0.7952 124.69 50.31 -18.81 6.31 7.29 6.83 -0.9100 5.2800 0.5100 -1.2778 -0.3922 0.1822 7.79 1.44 5.77 194 425 372 429 230 
-0.3767 0.4011 0.2372 0.8006 133.44 56.81 -1.81 10.39 7.03 0.51 2.1900 6.4900 -5.6000 -4.7667 -1.5200 -0.0489 8.65 -1.55 4.34 179 295 338 395 229 
-0.2708 0.5394 -0.0235 0.7969 141.75 52.75 46.56 3.59 -6.32 0.67 -4.3700 -1.5200 -2.8200 -3.9944 1.2644 2.5256 6.19 -6.89 3.19 183 280 246 338 230 
-0.2245 0.4745 -0.3751 0.7640 150.12 33.06 72.31 2.28 -12.45 -0.15 -3.1500 -4.2700 -2.0500 -0.2256 0.3833 -0.5078 5.51 -7.72 2.44 189 298 265 348 231 
-0.1670 0.4573 -0.4016 0.7756 155.69 35.25 70.94 5.37 -7.11 2.60 -0.3100 0.5500 -0.1100 0.5356 -0.3611 0.1467 5.66 -7.51 2.76 197 296 271 349 231 
-0.2010 0.4658 -0.3620 0.7820 149.87 36.31 65.00 2.99 -6.15 2.67 -2.8100 0.8200 -0.6600 2.3333 0.3067 -1.5156 6.34 -5.89 4.59 206 340 327 343 221 
-0.1880 0.4587 -0.1793 0.8498 158.50 48.50 37.25 6.42 -3.49 3.57 -1.5400 0.3300 -1.8500 1.7522 -0.7933 -2.1433 8.19 -1.72 5.10 193 328 321 343 220 
-0.0926 0.4886 0.0276 0.8672 171.87 56.38 -8.13 7.40 5.20 7.34 0.2800 4.0900 2.0100 0.3744 1.1311 -3.4044 6.98 3.23 6.08 191 348 321 347 220 
;
