0.6195 0.0490 0.1599 0.7670 257.81 -7.06 -17.94 -1.11 3.08 9.53 0.1200 0.2100 0.2500 -0.1711 0.2578 -0.0867 -1.37 2.91 9.26 174 346 368 391 224 
0.6199 0.0357 0.1650 0.7663 257.81 -8.69 -17.75 -1.45 2.94 9.03 0.0000 0.0100 -0.1900 0.1711 -0.0400 0.1289 -1.43 3.09 9.19 203 340 368 400 221 
0.6135 0.0417 0.1732 0.7693 257.06 -8.56 -18.69 -1.34 3.19 9.30 0.1200 0.0700 0.1100 0.0411 0.0600 -0.0089 -1.44 3.16 9.16 178 335 378 396 223 
0.6073 0.0646 0.1585 0.7758 255.12 -3.00 -18.62 2.25 7.13 14.22 2.2700 3.4300 5.5700 -1.0156 -3.6700 2.9833 2.95 2.23 9.08 172 350 175 182 138 
0.4115 0.3593 -0.0519 0.8360 226.31 48.88 -16.56 13.35 2.19 5.59 5.3100 0.3800 -1.2100 4.7100 -5.0711 5.9311 9.49 -1.16 2.15 133 384 161 168 115 
-0.1266 0.6380 -0.0943 0.7537 152.75 66.56 63.31 4.29 -1.62 1.09 -4.6200 2.1500 -0.6500 3.4889 0.6689 1.2878 8.29 -4.17 3.15 130 376 170 172 120 
-0.3948 0.5419 0.0297 0.7414 122.12 55.19 39.13 4.93 -0.35 4.10 -1.9900 3.0800 -0.2400 2.2111 0.2178 0.1378 7.89 -2.61 5.20 136 362 171 174 121 
-0.4855 0.4416 0.1360 0.7422 113.25 51.31 20.12 4.92 1.88 7.14 -1.5400 2.8000 -0.0300 -0.5511 0.2544 0.1156 7.36 -2.38 6.01 134 358 180 180 124 
-0.4798 0.4271 0.0849 0.7617 116.69 46.19 24.94 7.76 -1.30 5.29 0.4100 1.7000 -0.4800 -1.6444 1.1767 -0.6867 6.58 -3.37 6.43 131 376 193 185 128 
-0.4057 0.4049 -0.0261 0.8190 130.12 38.38 29.56 7.93 -4.74 3.98 2.0500 -0.9000 -2.3900 -1.1711 2.6856 -0.8767 4.87 -4.10 7.45 142 375 197 193 136 
-0.3369 0.2527 -0.1418 0.8958 134.56 17.62 26.25 -0.49 -4.41 8.80 -5.0900 0.5000 1.2100 0.6533 3.5411 -0.1056 0.91 -3.75 9.01 163 351 199 202 148 
-0.3615 0.0988 -0.1878 0.9079 137.75 3.81 26.94 -3.70 -2.81 7.86 -5.0100 2.0000 -1.0600 -1.2889 -1.5378 -2.0111 2.18 -5.16 8.04 169 318 237 238 185 
-0.2739 0.3090 -0.2198 0.8839 145.00 34.31 45.75 0.89 -2.37 -3.23 -5.1100 4.3000 -7.0700 -7.1222 -5.7500 -1.4978 7.61 -6.06 -1.16 166 263 257 295 216 
-0.0118 0.7266 -0.3745 0.5758 188.00 53.25 146.50 14.15 -0.53 -10.13 3.1600 1.6700 -3.6700 -2.2189 -2.4456 -1.6411 6.64 -0.63 -7.18 191 284 274 314 222 
0.1311 0.8730 -0.3871 0.2661 227.62 31.37 -176.81 6.98 1.44 -10.48 3.1700 -0.0600 -1.4800 -0.5667 -0.1089 -0.5033 4.69 1.00 -8.55 201 309 274 317 221 
0.1554 0.8896 -0.3822 0.1961 226.62 27.87 -171.87 4.93 1.11 -10.98 -0.1400 -0.3500 -1.5700 0.4667 -0.1711 0.1589 4.50 0.81 -8.67 203 329 288 300 223 
0.0668 0.8981 -0.3979 0.1753 227.56 19.00 166.87 8.23 -0.94 -27.63 2.7500 6.2400 -11.1700 13.5789 3.7511 0.7822 4.51 -8.28 -2.66 212 427 367 420 226 
-0.4796 0.6177 -0.2889 0.5522 96.31 20.06 82.00 -0.66 2.69 -0.03 -3.7600 10.4400 -2.6200 -0.0033 0.9633 0.6611 2.51 -9.30 1.79 217 433 368 416 223 
-0.5055 0.5205 -0.3595 0.5868 99.75 14.63 77.50 0.46 -5.70 2.42 -1.9300 3.2400 0.1600 -0.0567 0.3789 -0.6056 2.82 -9.15 2.08 213 427 369 414 222 
-0.4635 0.5213 -0.3528 0.6237 109.25 20.62 77.75 2.28 -4.68 0.64 -1.7500 4.3500 -1.2600 -0.8122 -0.6756 -1.4989 4.48 -8.62 1.30 211 276 238 225 173 
-0.3733 0.6149 -0.2857 0.6332 122.00 39.25 84.75 0.14 -5.74 0.30 -6.3200 1.0200 -0.1600 -1.2189 -2.6489 -3.1611 8.00 -5.56 -1.03 211 206 195 192 132 
-0.1289 0.7307 -0.1153 0.6604 178.06 72.87 50.75 22.82 -5.63 2.87 9.9900 -1.5700 -1.7900 -2.6733 18.6667 1.0611 -0.21 -3.34 9.21 214 181 170 164 103 
0.1097 -0.2401 -0.1709 0.9493 191.00 -36.63 26.00 0.12 0.02 4.92 3.6700 2.7400 -4.2700 -0.2033 2.3544 2.9800 -7.80 -2.14 5.53 211 189 181 162 107 
-0.0686 -0.4682 -0.0660 0.8785 165.75 -54.13 -6.75 -7.65 5.45 3.15 -2.1600 3.3500 1.6900 1.3889 -1.1033 2.9333 -6.90 3.38 6.09 212 197 179 162 107 
-0.1976 -0.3976 0.1237 0.8875 155.62 -40.13 -29.50 -7.76 4.30 11.17 -1.2100 0.3000 4.1800 -0.1367 -0.8622 -0.7611 -5.99 3.31 7.01 213 195 183 167 113 
-0.1451 -0.3409 0.1093 0.9224 163.56 -35.63 -19.62 -4.92 2.40 5.88 0.0500 0.4900 -1.3900 0.5689 -1.5378 -1.2333 -5.12 2.37 8.01 208 232 207 195 136 
-0.0389 -0.2422 0.1064 0.9636 179.75 -24.44 -14.31 -3.55 3.09 7.29 0.0500 1.1900 -1.5900 1.3200 -4.2678 -1.9133 -1.55 2.74 9.28 209 286 264 256 180 
0.1630 0.0144 0.1445 0.9759 202.12 1.62 -17.50 0.38 3.22 9.64 -0.3500 0.0500 0.6700 0.6089 -0.3567 -1.9578 0.21 3.38 9.20 211 296 292 331 202 
0.2966 0.0396 0.1575 0.9411 216.94 -1.87 -18.12 0.75 1.90 8.70 2.3300 -0.6200 0.5300 0.7267 0.4089 -1.4267 -0.94 3.37 9.15 213 346 345 396 211 
;
