0.6898 0.3132 0.1252 0.6406 273.50 11.94 -40.44 2.42 6.04 7.30 1.7900 0.4200 0.8300 1.8400 2.3944 -0.1678 0.97 7.20 6.58 179 384 371 408 225 
0.6091 0.2510 0.3447 0.6687 261.50 -10.69 -50.63 -3.69 10.39 10.21 -3.4300 4.1000 4.9400 -1.4133 -0.5722 3.3744 -0.81 7.09 6.71 179 357 202 181 153 
0.4517 0.3511 0.1913 0.7975 230.37 39.63 -37.94 9.32 7.18 7.69 0.1400 1.9800 0.3700 0.8011 -5.7933 8.0411 9.42 -0.47 2.65 156 386 170 173 131 
-0.1783 0.6771 -0.1452 0.6990 128.37 54.13 81.25 0.84 -3.20 -0.28 -10.2000 1.7500 -3.5400 3.7678 3.4389 -1.3400 7.46 -4.45 4.53 145 396 178 179 137 
-0.3990 0.4641 0.0016 0.7909 126.94 46.50 27.19 4.06 0.43 2.88 -1.2800 3.7200 -3.3200 1.0100 0.5444 -0.3278 6.88 -2.26 6.60 148 381 184 184 138 
-0.4069 0.3851 0.0520 0.8267 127.94 41.38 18.81 6.33 2.34 7.22 1.4900 3.3400 -2.0100 -1.8911 3.1378 -1.7789 5.53 -2.73 7.62 151 407 190 188 140 
-0.2910 0.2982 -0.0735 0.9061 150.81 24.81 21.44 4.52 -5.86 6.17 1.9000 -3.3700 -1.5400 -2.2978 4.6333 -2.2333 1.84 -4.23 8.64 163 404 196 193 145 
-0.1001 0.0920 -0.2391 0.9614 168.12 5.50 30.37 -0.45 -5.97 9.04 -2.2900 -0.8200 1.3100 -0.6400 1.1244 -0.1311 0.34 -5.44 8.14 171 384 197 200 153 
-0.0754 0.0349 -0.3156 0.9453 170.87 1.75 39.38 -3.82 -4.73 6.61 -3.6400 1.7200 -0.7500 -0.7433 -2.4400 -0.9978 1.69 -6.69 6.96 211 232 231 230 162 
-0.0447 0.1541 -0.3730 0.9138 176.31 17.62 46.81 1.83 -9.52 0.95 -1.9400 -2.6700 -5.8500 1.2222 -3.0489 -0.6833 4.95 -5.90 6.05 213 203 193 195 148 
-0.0693 0.3902 -0.2474 0.8842 171.87 49.44 37.75 -3.77 4.63 -4.70 -12.6500 10.5700 -9.1100 0.7633 -4.9489 -5.0422 9.55 -0.50 2.14 220 211 190 199 140 
0.1285 0.7085 0.0059 0.6939 210.25 71.06 -116.25 30.96 12.24 -7.01 18.9100 4.3600 -7.6800 -0.5144 -2.8178 -0.3733 8.49 3.88 -2.98 213 208 187 208 142 
0.2386 0.8041 0.0293 0.5438 226.87 59.44 -123.62 9.97 5.10 -0.84 1.1200 0.8000 1.2900 0.3789 0.5144 0.3122 8.64 4.01 -2.29 212 226 195 208 148 
0.2138 0.7850 0.0208 0.5810 218.19 66.50 -128.44 23.35 2.58 -9.39 14.8100 1.0300 -7.6100 4.8822 1.8067 1.8711 9.43 0.17 -2.66 212 423 337 402 221 
-0.0526 0.7094 0.0322 0.7022 167.25 81.00 7.12 1.40 -1.22 -3.62 -6.9100 1.5700 -2.6100 3.1711 1.5433 1.4889 9.18 -0.23 3.43 218 432 377 432 239 
-0.2520 0.5212 0.1604 0.7995 144.00 62.81 -2.75 3.27 0.41 2.74 -3.5200 1.0900 -1.7900 0.3322 1.1578 0.3367 8.31 0.24 5.18 216 437 384 428 233 
-0.2986 0.4510 0.1749 0.8227 139.75 57.63 -1.94 5.15 6.17 4.55 -1.8600 7.2500 0.2800 -1.1267 -0.4933 -0.4667 8.42 -0.04 5.01 215 432 366 430 234 
-0.2115 0.5274 0.0728 0.8196 155.12 67.12 23.62 13.38 9.00 -2.60 4.9900 8.1300 -8.3200 -3.8022 -0.8267 1.0533 9.24 -3.07 1.14 175 279 270 339 227 
-0.1007 0.6231 -0.2856 0.7211 161.62 48.31 88.31 2.20 -9.95 -4.22 -10.1400 -3.1000 -4.4600 -3.5933 3.1789 2.6622 5.51 -8.11 -0.02 192 271 249 338 217 
-0.0271 0.4145 -0.5867 0.6952 179.25 34.06 92.19 3.08 -10.47 -1.29 -0.6600 -1.1400 -0.4000 0.1144 0.5589 -0.9178 6.09 -7.68 0.01 192 283 254 342 220 
0.0424 0.4216 -0.5615 0.7107 187.50 41.31 88.50 4.78 -6.15 -0.68 -2.0500 1.3700 -1.0200 0.8367 -0.2089 -0.0722 6.60 -7.22 0.49 195 341 273 360 229 
0.0216 0.4518 -0.4753 0.7546 183.37 46.06 70.31 3.12 -3.10 1.59 -4.3100 3.1400 -1.1300 0.2122 1.7567 -4.5178 8.14 -4.00 3.70 209 404 347 389 229 
0.2807 0.4412 -0.2346 0.8195 228.31 52.13 -5.87 6.98 3.77 8.14 -0.1200 1.8900 -1.7100 -1.0889 7.1300 -4.6578 2.96 2.84 8.90 200 327 325 385 233 
0.5724 0.1930 0.0861 0.7923 253.25 17.50 -24.75 10.31 8.01 11.37 6.0000 2.0200 1.8300 0.4556 -0.5111 -1.0867 3.67 4.39 7.95 185 362 346 408 229 
;
