0.0146 0.6093 0.5054 0.6108 182.06 47.13 -111.87 7.29 6.17 -2.56 0.1200 0.0300 -0.0900 0.1411 0.1422 0.1389 7.28 6.08 -2.48 173 336 292 302 159 
-0.0030 0.6077 0.5055 0.6125 179.06 48.56 -111.50 7.45 6.13 -2.47 0.0100 0.0500 -0.0800 -0.1222 0.3378 0.1978 7.48 5.97 -2.12 173 326 272 283 160 
-0.0273 0.5965 0.4913 0.6341 172.12 53.25 -109.44 10.79 6.97 -1.44 0.4200 0.8200 -1.0000 1.2178 -5.3544 2.6511 7.74 3.83 -4.63 173 341 217 211 139 
-0.0423 0.8669 0.4052 0.2873 138.00 23.31 -178.31 8.95 -0.87 -10.13 2.2900 -0.4900 -1.1400 3.9178 -0.1333 3.2033 3.64 -3.37 -8.45 146 382 188 190 118 
-0.3159 0.9193 0.1694 0.1623 50.94 25.56 135.75 0.65 -6.19 -10.79 -3.6300 1.5700 -4.6500 3.4411 2.4467 1.8744 4.23 -8.10 -3.53 125 391 190 192 115 
-0.5901 0.7707 0.0242 0.2391 43.00 21.94 96.06 -0.21 -4.22 -0.88 -3.3200 4.8800 -0.4900 1.8978 1.1811 0.3511 3.28 -9.20 0.83 127 377 193 196 117 
-0.7102 0.6467 -0.0234 0.2773 42.88 18.69 78.31 2.08 -5.52 1.80 -1.5400 2.7100 -0.6800 0.1911 0.1811 -0.0444 3.12 -9.03 2.17 129 371 196 200 119 
-0.7361 0.6130 -0.0166 0.2866 41.63 18.94 72.19 6.49 -10.31 -5.57 4.0400 -1.7000 -10.0400 3.6178 0.4722 1.2933 2.37 -8.01 5.12 128 375 202 203 120 
-0.8882 0.3856 -0.0464 0.2454 29.19 0.88 37.50 -8.06 7.26 17.41 -8.6400 12.8600 14.8800 0.8367 1.1956 0.2811 -0.91 -4.66 8.57 128 381 207 205 122 
-0.9253 0.2608 -0.1120 0.2516 33.13 -2.94 36.06 -1.83 -3.92 6.20 -1.5200 2.5000 -1.2300 -2.2511 -0.9067 -1.4022 0.48 -7.01 6.84 157 382 200 208 126 
-0.8274 0.4446 -0.1104 0.3248 44.94 9.06 59.38 -1.72 -3.45 1.85 -2.4000 5.3800 -2.0500 -4.6022 0.5067 -2.7122 3.28 -8.98 2.14 175 369 283 300 182 
-0.5207 0.5783 -0.2432 0.5790 117.12 20.81 68.37 5.04 -9.97 6.92 -4.2900 -3.9400 0.0000 -5.4911 8.7644 -0.3344 0.89 -9.53 2.12 164 376 340 432 221 
-0.1446 0.2258 -0.6422 0.7182 159.81 8.25 92.06 3.88 -8.72 0.01 2.0800 1.3100 -1.4400 -2.4222 1.2078 1.0211 0.82 -9.51 -2.22 150 354 338 405 217 
-0.1013 0.1878 -0.7791 0.5894 160.37 3.00 107.62 -1.98 -5.02 -11.01 -2.5400 4.8200 -10.9500 2.5233 0.4289 -0.3178 0.72 -9.64 -1.62 137 340 323 381 209 
-0.0801 0.1408 -0.6564 0.7368 169.37 5.50 74.56 1.68 -3.82 32.91 1.6200 -0.2200 26.2800 -1.8267 -1.5833 0.2244 1.02 -9.40 2.59 142 350 333 387 213 
-0.0813 0.1663 -0.6598 0.7283 166.12 7.69 92.56 -1.80 -5.41 -11.91 -3.9400 4.2300 -15.0800 -0.4011 -0.3133 -0.1022 1.21 -9.61 -1.47 142 349 329 386 213 
-0.0701 0.1559 -0.6382 0.7507 170.81 8.06 75.06 0.70 -2.16 17.75 -1.4800 4.8000 17.8300 2.9322 -0.8167 -0.2644 1.71 -8.14 5.18 154 354 333 390 219 
-0.0928 0.2023 -0.4731 0.8524 163.06 18.69 63.94 0.26 -8.59 0.27 -3.6500 0.0100 -3.5900 1.3433 -8.5044 -0.3711 5.11 -8.08 2.16 156 334 256 250 159 
;
