0.2917 0.4587 0.1734 0.8213 219.06 40.69 -46.75 6.40 5.34 5.02 0.0400 -0.0800 -0.0700 -0.0044 0.0267 -0.0033 6.38 5.41 5.10 185 299 291 309 190 
0.2914 0.4575 0.1738 0.8220 219.00 40.56 -46.63 6.42 5.33 5.10 0.0100 -0.0800 -0.0100 0.0011 0.0044 -0.0100 6.37 5.42 5.11 187 296 291 310 190 
0.2917 0.4570 0.1741 0.8220 219.06 40.50 -46.63 6.36 5.37 5.04 0.0200 -0.0600 -0.0800 0.0044 0.0111 -0.0033 6.36 5.42 5.11 185 296 291 306 193 
0.2919 0.4565 0.1744 0.8222 219.06 40.44 -46.63 6.42 5.32 5.09 0.0600 -0.0600 -0.0200 0.0011 0.0200 -0.0422 6.34 5.44 5.12 183 305 291 306 190 
0.2934 0.4673 0.1713 0.8162 219.50 43.25 -48.38 13.11 7.62 12.36 9.1100 3.4000 9.4400 -1.1911 -2.1856 2.4711 8.44 3.66 3.38 186 356 219 191 132 
0.1886 0.6396 -0.0469 0.7437 202.75 84.62 -3.81 12.41 0.65 -1.01 3.8600 1.4800 -0.6500 3.8356 -6.3144 6.4533 7.86 -4.82 -3.31 123 350 174 171 117 
-0.3049 0.7581 -0.2418 0.5234 110.31 35.13 102.12 -0.54 -1.53 -2.97 -6.3300 6.5100 -1.0400 2.4189 1.1056 1.9344 4.30 -8.79 0.56 116 333 169 171 117 
-0.5073 0.5987 -0.2804 0.5528 94.25 20.81 80.81 -1.14 -5.49 2.62 -3.4500 2.8700 0.9200 -0.3144 -0.0433 -0.0100 3.39 -9.08 1.44 117 338 178 178 118 
-0.5063 0.5885 -0.2911 0.5591 95.56 21.50 80.12 10.80 -15.59 -15.38 7.9200 -5.5500 -18.3600 5.0644 -0.0833 2.6644 2.15 -8.45 4.47 116 335 179 179 118 
-0.7493 0.3384 -0.1972 0.5340 66.87 -0.44 36.00 -6.99 9.59 19.25 -7.5200 11.1100 8.5400 2.0833 0.0167 0.7767 -0.79 -3.88 8.96 118 350 185 185 122 
-0.8249 0.1614 -0.1500 0.5205 65.69 -3.06 27.19 0.86 -4.22 9.37 0.6700 0.2900 0.7700 -1.4133 -0.1544 -0.6633 -0.07 -5.39 8.19 120 356 190 184 122 
-0.7770 0.2690 -0.1693 0.5434 71.50 3.19 39.69 -3.42 0.43 9.91 -7.4600 9.3700 2.8000 -3.7589 -2.1833 -1.6367 2.16 -7.72 5.63 143 288 202 214 149 
-0.6008 0.5828 -0.1900 0.5132 82.62 25.31 92.37 3.92 4.07 -14.07 -0.1400 8.2000 -11.0300 -5.6556 -1.3156 -2.8589 5.23 -6.03 -5.68 205 351 347 416 229 
-0.1834 0.9116 -0.1475 0.3370 195.81 34.94 157.37 11.98 -2.71 -17.47 5.7200 -0.2900 -6.9500 -2.5800 -1.6100 -0.4222 4.22 -0.69 -8.82 206 270 268 352 228 
0.0507 0.9687 -0.1403 0.1985 195.94 24.31 -174.62 7.41 1.17 -10.40 4.2900 -1.2200 -2.1300 -0.8044 0.0811 -0.1578 3.90 1.55 -8.85 205 292 268 335 222 
0.1052 0.9660 -0.1380 0.1917 196.62 23.69 -171.75 7.69 -0.02 -13.15 3.5900 -1.1800 -7.0300 1.0289 -0.2089 1.1167 3.97 0.25 -8.96 206 324 296 354 224 
-0.0369 0.9580 -0.1842 0.2167 202.31 28.37 156.50 5.01 3.53 -15.99 -1.0000 12.1000 -1.5400 11.0967 5.8922 1.9133 5.74 -7.88 -0.97 211 437 377 427 224 
-0.5339 0.6389 -0.1576 0.5309 88.81 27.56 76.81 -4.07 2.76 3.09 -7.0400 9.5900 0.3500 0.0633 0.9200 0.3011 3.93 -8.61 2.53 212 431 379 433 225 
-0.5529 0.5756 -0.2162 0.5624 92.37 24.81 75.44 2.21 -5.62 2.13 -2.0300 2.4700 -0.2200 -1.2733 -0.2556 -0.8378 4.73 -8.49 1.29 202 417 272 277 206 
-0.4568 0.6730 -0.2272 0.5355 96.00 30.56 96.94 0.82 -5.04 -5.16 -2.7200 1.2600 -6.1800 -1.9256 -0.4100 -1.1444 5.32 -7.56 -3.24 156 381 181 178 134 
-0.3776 0.8138 -0.1401 0.4188 95.62 35.81 118.69 12.40 -11.24 -2.61 8.6400 -2.8500 0.1900 -0.9011 -0.3044 -0.2300 5.62 -6.64 -4.50 121 415 179 170 116 
-0.3840 0.8347 -0.0842 0.3856 88.25 35.69 116.19 4.91 -6.56 -0.17 -0.5000 0.4800 2.5700 1.3867 0.1556 0.0622 5.69 -7.52 -2.65 121 420 182 170 117 
-0.4675 0.7897 -0.0458 0.3946 79.87 35.94 106.75 8.16 -8.27 -6.64 1.3700 -1.3500 -5.1800 5.2044 2.3167 -1.1811 6.24 -7.55 -0.18 112 417 191 173 111 
-0.5526 0.7284 0.0262 0.4041 75.37 37.88 94.56 1.97 -6.46 -0.04 -0.0500 -0.1100 -0.4800 -1.7178 -1.2744 -0.4789 6.09 -7.39 -2.06 130 416 194 178 116 
-0.5158 0.7448 0.0209 0.4229 80.19 42.50 90.56 9.01 -7.50 10.07 4.0200 1.5200 7.0200 -0.6322 1.5056 0.3444 6.45 -7.38 -0.12 121 426 198 178 113 
-0.5183 0.7179 -0.0334 0.4636 84.12 37.88 92.81 2.56 -6.56 3.90 -4.0300 1.4200 4.6300 -1.7100 1.1700 -0.4644 6.27 -7.48 -0.82 136 419 205 182 119 
-0.3774 0.7448 -0.1179 0.5375 123.87 50.88 103.56 4.47 -1.53 -0.57 -3.4700 5.1000 0.4600 -4.0678 4.9178 -3.8033 9.14 -3.53 0.01 156 337 207 194 137 
;
