-0.0153 0.4114 0.0942 0.9064 178.50 49.13 -13.94 8.32 1.54 5.33 0.7600 -0.0300 -0.5800 0.0211 0.1822 -0.0944 7.38 1.62 6.24 175 308 291 288 183 
-0.0026 0.4141 0.0944 0.9053 179.87 48.63 -14.69 7.42 0.99 6.19 0.0700 -0.6100 -0.0700 -0.0122 -0.0267 -0.0544 7.37 1.59 6.25 173 306 296 289 187 
0.0050 0.4184 0.0872 0.9041 180.75 49.38 -14.38 7.32 1.32 6.12 -0.2000 -0.2900 -0.0500 -0.0044 -0.4856 -0.1267 7.61 1.62 5.96 172 306 296 291 181 
0.0181 0.4521 0.0870 0.8875 182.94 55.50 -17.81 8.02 1.53 8.72 -0.1300 -0.1900 3.7300 -1.1644 -2.9656 -0.2200 8.96 1.56 3.65 179 335 268 261 180 
0.0685 0.6053 0.0161 0.7928 189.94 77.50 -15.88 14.90 -0.33 3.25 5.0800 -1.4600 -0.8400 0.8500 -3.3700 3.4167 9.67 -1.61 -0.06 147 358 175 186 131 
-0.1509 0.7303 -0.1127 0.6567 140.62 59.88 99.75 7.72 -3.22 -4.84 -2.6500 3.7000 -1.9900 2.9622 -1.5789 5.2533 5.66 -8.00 0.14 129 351 165 170 117 
-0.5037 0.6262 -0.2230 0.5518 93.25 24.94 80.50 -1.37 -3.96 0.97 -5.3000 4.5400 -0.7700 -0.1722 0.6344 0.3311 3.60 -8.97 1.60 127 344 169 177 115 
-0.5254 0.5950 -0.2686 0.5458 93.25 22.25 80.75 3.42 -8.81 -1.81 0.0000 -0.3400 -3.9500 0.6533 0.3211 -0.3233 3.90 -8.81 1.78 121 342 172 181 116 
-0.5703 0.5174 -0.2452 0.5891 85.62 15.13 56.63 1.13 8.75 4.82 -3.7300 17.6100 1.5400 7.0244 1.2956 2.6233 0.49 -4.11 8.88 127 337 178 175 122 
-0.8103 0.1058 -0.0728 0.5718 70.12 0.19 12.75 -4.22 4.82 13.98 -3.7800 6.2800 3.4400 -2.2033 -0.3633 -1.1611 0.48 -3.26 9.23 131 362 184 182 122 
-0.7638 0.1964 -0.0935 0.6077 78.50 6.75 27.62 1.60 -2.86 7.47 0.2500 2.3900 -0.6700 -2.5733 -0.6511 -0.9022 1.74 -5.94 7.60 170 420 188 194 134 
-0.5645 0.2952 -0.2904 0.7141 131.31 0.56 54.31 -6.90 -9.73 -4.23 -7.6400 0.7400 -5.6700 -0.0789 10.2867 -4.9822 -0.73 -8.53 4.78 177 402 194 198 153 
0.1422 -0.0798 -0.5244 0.8357 201.06 0.19 62.56 -0.20 -8.84 10.23 -0.6500 -2.2400 4.3700 1.4244 -0.0744 -0.2756 -0.09 -8.17 5.41 163 420 200 200 159 
0.2134 -0.1042 -0.4345 0.8688 209.19 1.19 50.88 0.60 -7.66 6.81 1.2100 0.0600 0.5600 1.1922 0.3700 -0.8033 0.45 -7.01 6.83 165 427 199 202 159 
0.2770 -0.0779 -0.3510 0.8911 214.12 2.94 39.69 5.09 -6.24 7.53 4.5300 -1.1600 1.1200 1.6011 0.3711 1.7633 -0.39 -5.35 8.20 161 426 203 200 168 
0.1802 -0.0981 -0.2477 0.9468 196.69 -6.81 30.31 -4.45 -12.82 20.64 -3.5300 -7.9200 10.3700 -3.0844 -1.2689 1.6789 -1.42 -6.47 7.22 172 423 225 205 159 
0.0045 -0.1032 -0.4338 0.8951 178.87 -11.56 58.50 -6.23 -1.83 4.65 -4.9700 7.1000 -0.9900 -2.5356 1.1011 -0.6400 -2.06 -9.13 2.91 171 422 200 205 148 
0.0490 -0.1530 -0.6071 0.7782 191.75 -8.75 79.31 -4.41 -1.33 1.00 -2.3700 7.8100 -0.3700 -0.1989 2.0622 -1.5256 -0.52 -9.69 1.39 174 422 200 207 148 
0.2366 -0.1976 -0.6210 0.7206 221.44 2.56 80.50 4.33 -2.69 0.51 4.0100 6.6000 -1.4200 1.1522 1.2756 -1.2867 1.23 -9.41 2.44 169 422 202 218 146 
0.3798 -0.1774 -0.5495 0.7228 236.81 10.50 66.62 11.77 -6.91 3.26 10.7100 0.1300 -0.8700 2.8333 -0.9811 0.1556 2.16 -7.87 5.42 171 421 200 212 146 
0.3551 -0.0453 -0.4272 0.8303 220.94 13.63 46.56 7.28 -10.18 11.54 2.7500 -2.7200 6.1700 1.6533 -1.7311 3.2967 1.83 -6.36 7.23 177 431 214 226 157 
0.0922 0.0475 -0.3599 0.9272 184.31 8.44 42.06 -4.34 -5.48 7.90 -5.6000 1.8900 -0.3900 2.1678 -3.7778 1.3567 2.80 -5.53 7.59 181 326 300 263 181 
-0.1310 0.2643 -0.1991 0.9345 160.31 33.19 24.37 11.73 -1.71 11.49 6.1300 -1.8000 3.6000 1.7189 -5.4567 2.5233 7.64 -3.35 5.15 192 189 212 200 136 
-0.3638 0.5215 0.0103 0.7718 121.81 55.00 38.88 1.33 -1.23 3.67 -8.7100 0.2800 0.2400 2.3200 -1.6433 1.7722 8.14 -3.65 4.06 211 163 181 183 115 
-0.5040 0.5413 0.1613 0.6535 106.31 65.19 44.31 -7.72 3.44 0.70 -16.5700 6.6800 -1.5100 -2.0767 -2.6878 -4.7300 9.77 -0.27 0.80 206 172 188 184 112 
-0.1932 0.6534 0.3441 0.6459 152.87 71.56 -131.31 28.74 1.44 -6.47 14.0100 -0.9800 -0.9100 -0.1000 -0.7778 0.6433 9.19 2.40 -2.40 207 175 192 194 115 
-0.1293 0.6929 0.3491 0.6176 156.37 71.44 -127.94 8.67 1.90 -1.28 -0.7800 -0.5200 0.4400 -0.2967 0.5644 -0.0711 9.37 2.42 -1.55 207 175 192 194 125 
;
