-0.0601 0.1443 0.1454 0.9769 172.94 17.44 -16.25 3.11 2.69 8.88 0.1400 0.0800 -0.1000 -0.0156 0.0044 0.0044 2.95 2.61 8.97 175 403 368 422 228 
-0.0599 0.1457 0.1450 0.9768 172.94 17.62 -16.12 3.18 2.69 8.87 0.1700 0.0500 -0.0800 -0.0078 -0.0256 0.0089 3.00 2.60 8.96 175 404 367 418 228 
-0.0604 0.1487 0.1449 0.9763 172.81 17.94 -16.12 3.27 2.63 8.87 0.2000 0.0200 -0.0500 -0.0167 -0.0256 -0.0367 3.05 2.59 8.95 177 404 370 409 228 
-0.0548 0.1589 0.1425 0.9754 175.00 20.75 -13.56 2.18 -0.56 22.59 -5.7000 -1.6700 3.9800 -1.6756 -15.9000 1.6822 9.62 0.36 1.83 164 357 178 176 110 
-0.0905 0.8309 0.0949 0.5408 131.56 54.63 156.12 10.67 3.57 -7.76 0.2600 3.3500 -2.1400 6.8967 -2.0589 3.6167 5.45 -7.25 -3.70 136 375 184 185 116 
-0.6118 0.7553 0.1127 0.2063 32.56 24.44 95.69 0.83 -2.57 0.67 -1.9400 5.7900 0.0200 3.2922 0.2578 1.0344 3.14 -9.16 1.53 136 389 187 189 120 
-0.7910 0.5913 0.0869 0.1309 18.19 16.50 68.06 1.17 -3.91 4.98 -1.3200 4.6100 1.7900 1.5878 0.3067 -0.0489 2.68 -8.14 4.76 141 390 185 191 121 
-0.8547 0.4934 0.0820 0.1392 18.81 16.25 58.94 5.44 -10.16 -0.89 5.1700 -5.6700 -11.5300 1.3722 -0.0267 0.8744 2.26 -7.71 5.61 140 381 191 192 122 
-0.9257 0.3678 0.0322 0.0828 8.44 4.37 38.06 -4.53 6.46 17.66 -5.0300 12.0900 11.4900 1.3256 0.4367 0.3744 0.16 -4.67 8.61 142 387 190 194 123 
-0.9631 0.2607 0.0035 0.0663 10.13 3.50 32.38 1.31 -5.66 6.95 0.8900 0.1700 -0.6100 -1.3300 -0.3122 -0.4844 1.01 -6.05 7.64 153 390 194 198 129 
-0.9202 0.3735 0.0202 0.1158 15.81 7.81 48.00 -3.27 -1.60 6.22 -6.2500 6.1800 -0.0200 -2.5400 -0.0844 -2.2322 2.83 -8.11 4.72 141 367 326 391 213 
-0.7925 0.5414 0.1333 0.2469 40.25 32.44 66.75 11.59 -10.41 -7.79 4.0000 -4.6300 -7.3800 -1.0956 2.4289 -3.9522 6.68 -5.92 4.04 124 215 230 251 172 
-0.6630 0.4985 0.0858 0.5519 79.19 41.00 44.75 10.44 -5.02 3.10 4.3100 0.8400 -2.6300 3.4733 -1.7678 -0.6922 7.48 -3.59 5.22 108 188 195 197 122 
-0.7125 0.4119 0.3066 0.4783 63.88 59.94 30.94 13.67 3.30 2.03 4.1800 5.5100 -2.0800 3.4278 -3.3978 1.0978 9.16 -2.25 2.67 110 185 189 194 117 
-0.7337 0.3575 0.5153 0.2615 39.50 69.94 60.38 6.74 0.62 4.40 -2.9900 3.4700 2.5100 -2.2789 1.0544 0.4256 8.91 -3.73 1.69 112 195 196 197 121 
-0.6827 0.4988 0.4097 0.3424 56.56 63.94 68.37 12.66 0.51 -3.47 4.1700 3.8100 -8.2600 -2.3756 0.9344 -0.3411 8.79 -4.10 1.40 113 198 200 197 122 
-0.6354 0.5416 0.3287 0.4415 66.31 63.06 49.44 -21.13 15.84 39.82 24.1200 -17.2100 11.6900 -1.1300 -0.2167 0.8911 9.26 -3.09 0.84 117 192 196 196 119 
-0.5729 0.5859 0.3719 0.4360 73.44 68.12 88.25 7.22 -5.35 4.06 -1.3100 -0.2400 5.2300 -0.4167 0.5844 -0.1422 9.05 -3.73 0.35 128 213 218 227 157 
-0.5540 0.5964 0.3114 0.4904 90.69 68.31 59.81 9.25 -1.22 2.14 -0.9700 2.0600 -1.9100 -1.0422 5.7467 -1.9689 7.76 -1.85 5.69 157 336 317 342 203 
;
