-0.0094 0.5067 0.2051 0.8373 178.69 58.44 -39.69 8.35 3.24 3.95 -0.0300 -0.0200 0.0100 0.0089 -0.0133 0.0156 8.36 3.26 3.93 191 311 308 333 199 
-0.0154 0.5157 0.2029 0.8323 177.00 63.19 -40.81 9.25 3.71 7.64 2.2800 0.5800 5.3700 -1.4322 -4.2189 2.0567 9.67 1.39 0.78 174 336 226 209 157 
-0.0464 0.7177 0.0479 0.6932 168.50 82.25 131.56 13.47 -0.74 -2.46 2.8700 0.9700 -1.5900 0.2122 -1.5589 3.9456 8.84 -3.74 -1.97 140 340 189 190 135 
-0.2343 0.7665 -0.1655 0.5746 125.87 46.81 110.37 5.44 -4.26 -3.34 -1.3400 3.1800 -0.5600 1.0056 1.0800 2.7156 5.49 -7.94 -1.65 120 329 184 191 131 
-0.4048 0.6870 -0.2977 0.5250 104.00 27.62 96.87 0.52 -6.70 -1.80 -2.5100 1.5300 -1.0500 0.0267 0.4767 0.3056 4.21 -8.82 -0.76 117 328 184 190 132 
-0.4249 0.6542 -0.3234 0.5356 102.69 24.94 93.25 5.27 -9.49 -3.73 1.1800 -0.5600 -3.4800 1.1300 0.2722 0.2678 3.97 -8.96 0.22 119 323 186 194 133 
-0.4843 0.5976 -0.3110 0.5582 92.81 17.19 82.75 5.93 -6.88 -19.16 4.5600 6.7000 -14.6800 6.6956 0.8400 1.9278 1.16 -8.54 4.66 112 314 178 187 125 
-0.7476 0.3279 -0.1913 0.5449 71.06 3.12 38.25 -3.48 3.09 23.26 -3.4600 6.9400 11.0300 -1.5589 -0.0678 -0.2800 0.50 -6.24 7.54 119 317 190 189 130 
-0.7363 0.3259 -0.1984 0.5588 75.25 4.81 47.25 1.47 -9.22 4.24 0.6800 -1.6600 -1.9500 -0.4078 -0.0022 -0.3289 1.05 -7.50 6.22 110 316 187 192 135 
-0.6987 0.3748 -0.2180 0.5691 79.37 7.94 51.75 -0.70 -4.30 7.45 -3.1700 3.9100 1.3600 -1.0244 -0.5422 -1.5633 2.44 -7.88 5.29 135 345 192 195 135 
-0.5845 0.5006 -0.2093 0.6032 102.69 25.56 69.31 11.05 -3.24 -1.75 9.1600 2.3100 -6.6100 -5.4900 13.7733 -6.4567 5.16 -7.21 4.17 208 413 195 197 135 
0.1481 0.0416 -0.4499 0.8797 205.50 6.69 59.44 6.75 -9.23 4.72 12.5900 2.7500 2.0100 -1.4511 4.4289 -0.0244 1.44 -8.69 4.30 191 416 202 202 151 
0.2741 -0.0679 -0.5127 0.8108 219.56 10.25 60.56 6.34 -7.89 2.96 4.9900 1.2400 -1.5900 1.6922 -0.0078 -0.1267 1.91 -7.77 5.65 174 421 208 202 151 
0.2834 -0.0242 -0.4188 0.8624 212.31 9.94 45.19 5.23 -11.00 15.02 1.2800 -5.2500 10.0400 0.6878 -0.6033 3.3200 0.06 -6.50 7.33 173 427 199 208 152 
0.0643 -0.0801 -0.3741 0.9217 184.06 -8.63 47.63 -6.58 -5.89 9.61 -4.8100 1.7200 3.0900 -2.1933 1.3844 0.5511 -2.50 -8.00 5.07 173 427 198 203 158 
0.0227 -0.1734 -0.5148 0.8392 185.50 -14.88 69.25 -6.66 -2.27 3.65 -4.7600 7.0100 0.4300 -2.2511 0.5211 -1.2422 -1.85 -9.48 1.63 177 429 206 208 162 
0.1132 -0.1880 -0.6508 0.7268 202.50 -4.75 87.50 -0.07 -2.03 0.72 0.6800 8.1900 0.6100 0.1856 2.7444 -2.5422 1.11 -9.72 0.51 179 429 200 204 158 
0.3513 -0.1722 -0.6354 0.6658 240.87 14.81 77.75 11.92 -3.18 0.18 10.5000 4.9700 -1.0700 3.3911 0.6467 0.5267 2.26 -8.38 4.55 178 427 203 206 160 
0.4231 -0.1126 -0.4334 0.7877 233.19 9.81 49.06 6.61 -10.34 15.09 0.1800 -4.7900 10.4700 1.2344 -1.7422 2.9222 1.08 -6.40 7.34 174 429 205 207 158 
0.2415 -0.0224 -0.3573 0.9020 208.00 9.69 41.63 -4.16 -5.99 7.00 -5.6700 0.2700 -0.7400 1.8222 -3.6100 0.3300 3.35 -5.79 7.15 180 406 211 208 141 
0.0274 0.3672 -0.2966 0.8812 170.37 57.19 63.88 21.40 -3.41 0.10 11.3700 -4.0000 -2.0600 1.6544 -6.4056 2.2189 7.16 -6.14 -2.67 131 301 189 200 139 
-0.3924 0.7405 -0.1887 0.5120 97.69 36.19 87.31 3.80 -5.25 4.02 -2.8800 3.3000 2.8200 1.1844 2.7756 1.2411 4.78 -7.89 3.31 150 315 190 201 140 
-0.5594 0.5309 -0.2056 0.6024 95.12 23.12 69.12 -2.36 -10.00 -3.63 -5.5100 -2.9500 -8.3900 0.3067 0.1967 -1.1433 4.35 -8.21 3.12 150 321 190 205 143 
-0.5393 0.4997 -0.1955 0.6490 95.69 22.31 53.38 8.93 -2.86 -10.98 4.2900 7.7700 -13.7800 9.0667 2.9978 1.3167 1.67 -2.44 9.34 162 336 191 198 137 
-0.7501 0.0552 0.0067 0.6590 81.56 5.56 7.00 -6.29 1.89 9.32 -3.8700 -1.6200 -6.0700 -1.5444 -0.7856 -2.2367 1.69 -2.48 9.33 164 343 195 208 141 
-0.6763 0.1794 -0.0270 0.7139 93.50 14.75 18.50 -1.38 -0.39 7.56 -5.8300 2.9900 -1.7700 -2.2589 -2.1856 -0.5356 3.95 -4.19 7.93 173 341 217 224 171 
-0.5672 0.4231 -0.0205 0.7063 106.56 39.75 41.69 6.89 -1.90 -1.23 -0.5900 1.9800 -6.7300 -3.2478 0.3156 -6.0144 8.32 -2.68 4.42 171 335 244 245 181 
-0.1323 0.4738 0.0659 0.8682 171.00 52.88 -12.63 14.11 2.82 5.73 6.3000 0.8300 -0.1600 0.7867 0.6222 -1.9433 6.86 3.24 6.21 174 360 314 320 200 
0.0127 0.3977 0.1931 0.8969 180.94 46.06 -31.12 9.31 4.31 7.25 1.5800 0.5600 1.3900 0.0344 -1.6356 1.1156 8.03 2.98 4.76 175 351 327 350 205 
;
