0.0533 0.4982 0.1527 0.8519 186.94 56.31 -34.31 8.09 2.97 4.51 -0.0500 -0.1100 0.0000 -0.0222 -0.0378 0.0011 8.17 3.05 4.47 185 317 319 315 204 
0.0526 0.4992 0.1520 0.8514 187.06 56.50 -34.38 8.15 2.95 4.45 0.0000 -0.0700 0.0000 0.0033 -0.0489 0.0011 8.19 3.05 4.43 177 316 319 315 205 
0.0542 0.5010 0.1514 0.8504 187.31 56.69 -34.63 8.25 2.97 4.43 0.0400 -0.1100 -0.0100 0.0022 -0.0267 -0.0122 8.20 3.06 4.40 180 312 317 316 205 
0.0549 0.5035 0.1517 0.8488 187.37 57.06 -35.19 8.73 3.09 4.88 0.4900 0.2000 0.5500 0.0622 -0.4844 0.3400 8.48 2.90 3.95 181 312 310 311 202 
0.0404 0.5826 0.1260 0.8019 185.31 71.44 -44.25 17.21 1.61 5.03 9.0700 -0.0100 3.3800 -0.9311 -2.0878 2.2178 9.79 0.35 0.24 147 335 200 199 140 
-0.0592 0.7349 -0.0403 0.6744 163.19 75.00 118.75 12.39 -3.32 -3.04 3.1000 0.5800 -1.0500 1.7044 -0.8033 4.2667 7.79 -5.73 -1.59 98 317 165 168 108 
-0.3531 0.7234 -0.1979 0.5593 109.31 36.44 95.94 2.62 -2.76 -2.58 -3.2400 5.8200 -1.7900 0.6789 0.6756 3.1667 3.82 -9.03 0.06 104 319 169 177 110 
-0.4969 0.6041 -0.3453 0.5186 89.81 13.75 87.94 -1.06 -4.49 1.28 -3.1800 4.4600 1.3400 -0.3978 0.4944 0.1200 1.97 -9.60 0.13 104 315 173 178 113 
-0.4897 0.5958 -0.3888 0.5039 92.75 13.63 91.37 2.61 -14.21 -15.63 2.9300 -6.9200 -20.7600 3.5422 -1.2278 0.3378 2.13 -9.42 1.67 105 323 177 182 114 
-0.6743 0.4510 -0.2530 0.5271 72.19 4.31 49.13 3.34 9.36 14.70 2.2700 15.6600 8.8000 5.5133 -0.2989 2.0289 -0.10 -4.16 8.87 111 345 179 184 116 
-0.8358 0.1471 -0.1192 0.5154 64.62 -2.81 23.62 -2.97 0.57 10.77 -1.3800 3.0900 -0.0500 -1.9689 0.0922 -1.1022 -0.23 -5.16 8.33 110 341 184 185 116 
-0.7737 0.2465 -0.1812 0.5549 71.50 -0.31 37.81 0.08 -5.95 8.68 -0.2400 0.6500 1.9400 -2.1833 0.0644 -0.0611 -0.01 -7.05 6.81 109 345 193 191 120 
-0.7200 0.3876 -0.2474 0.5197 74.44 5.62 58.69 -0.28 -9.71 2.75 -1.2100 0.1100 -1.4500 0.5789 3.6200 -5.4967 2.57 -7.54 5.70 155 203 166 164 112 
-0.4509 0.2992 -0.2211 0.8113 130.44 18.00 32.31 8.32 -5.11 5.98 2.7100 -0.6100 -2.4100 2.9633 2.0567 -2.0200 2.67 -2.49 9.09 149 190 160 170 117 
-0.3456 0.1468 -0.0330 0.9262 136.87 11.81 7.25 3.71 2.38 10.52 0.6300 3.3800 1.1600 1.2478 -0.1833 2.7667 1.82 -0.52 9.62 151 199 163 173 120 
-0.4927 0.0780 0.0290 0.8662 118.94 8.63 0.88 -0.62 1.64 9.09 -1.7700 1.9100 -0.5000 0.5333 -0.3011 0.3944 1.47 0.18 9.69 150 196 174 172 120 
-0.5208 0.0619 0.0484 0.8501 117.00 9.63 -0.81 2.37 1.38 10.03 0.8000 1.3200 0.4400 -0.5133 0.1856 -0.5656 1.60 -0.13 9.67 147 205 168 172 119 
-0.4847 0.0703 0.0103 0.8718 124.94 5.37 4.50 4.72 3.27 9.97 3.9300 4.3100 0.6000 -2.1044 2.6478 -3.1778 -0.59 -2.22 9.53 135 203 170 179 125 
-0.3046 -0.0160 -0.2037 0.9303 145.75 -12.00 26.75 -0.49 -8.26 5.41 1.2800 -4.1600 -2.5800 -1.2233 1.2400 0.3333 -2.97 -5.19 7.76 137 205 174 184 125 
-0.2715 -0.0882 -0.3376 0.8969 147.00 -20.87 38.31 -5.64 -6.63 7.40 -1.5500 -0.5400 0.2300 -0.0611 -0.8967 0.1767 -3.28 -5.83 7.16 138 207 173 186 130 
-0.2825 -0.0658 -0.3550 0.8887 145.31 -17.81 39.69 -4.60 -1.85 8.83 -2.4500 4.4900 1.9500 -3.1900 0.6544 -2.6722 -2.13 -7.62 5.78 166 295 226 237 172 
-0.1107 0.0004 -0.5595 0.8214 172.81 -4.81 76.31 0.85 -10.75 1.56 2.5700 -1.1200 -0.8600 -3.6989 1.7000 -0.3211 -0.28 -9.76 -0.87 147 302 321 385 217 
0.0684 -0.1040 -0.7874 0.6038 196.62 -1.31 111.62 1.40 -8.14 -5.98 1.6500 1.3000 -0.9700 -2.4733 0.2067 1.2189 -0.82 -8.12 -5.43 123 302 325 382 214 
0.0397 -0.2352 -0.8751 0.4211 189.62 -7.87 131.31 -3.96 -5.84 -12.14 -2.8400 1.5500 -5.8300 1.4622 0.8711 -0.0611 -1.07 -7.69 -5.98 128 318 329 398 220 
0.1110 -0.2422 -0.8248 0.4987 209.81 -0.88 110.37 -1.31 -4.17 -7.60 -3.4300 3.4900 -5.0300 7.1478 3.1767 -2.0633 1.57 -9.42 2.21 136 344 352 417 225 
0.3597 -0.1349 -0.5564 0.7368 232.94 12.81 73.00 2.45 -8.06 12.67 0.4500 4.3700 6.7900 -4.9611 -2.1733 -0.5644 2.70 -9.38 -0.87 132 340 346 410 223 
0.2556 -0.1495 -0.8112 0.5043 234.12 14.81 120.12 1.01 -0.74 -22.75 -1.4400 6.0000 -20.6300 2.2878 0.6533 0.2600 2.51 -8.24 -4.67 133 325 341 401 221 
0.2852 -0.1238 -0.7463 0.5886 234.25 17.69 84.19 -2.73 -5.82 23.73 0.6200 5.9900 29.5100 0.8178 -0.9489 -1.8933 4.26 -8.24 3.16 138 347 355 413 223 
0.3962 -0.0272 -0.6479 0.6501 243.31 28.94 86.50 3.83 -7.10 0.29 -1.0200 1.5100 0.0200 -2.7700 -0.8089 0.2633 4.54 -8.50 -1.76 145 345 338 396 221 
0.3157 -0.0756 -0.7913 0.5182 240.19 23.19 108.00 3.62 -5.46 -6.89 -0.1300 3.0300 -4.6200 2.8867 -2.1489 1.2889 2.66 -9.28 -1.68 151 318 318 341 215 
0.1420 0.0107 -0.6872 0.7124 192.50 12.56 74.87 -0.84 -1.64 -2.21 -2.5600 7.8300 -7.3900 10.5656 -5.7622 -1.8389 4.78 -5.04 6.91 166 315 309 294 201 
-0.0373 0.3182 -0.1446 0.9362 175.62 38.81 13.50 13.86 2.70 10.46 7.2600 2.9800 3.1700 3.0422 -1.9400 -0.5811 7.16 0.47 6.67 171 311 330 319 205 
-0.0731 0.4266 0.0854 0.8975 169.19 52.63 -9.94 9.88 2.69 7.02 1.7300 1.7800 1.2600 1.7211 0.5778 0.0644 7.78 1.67 5.72 174 316 332 333 207 
;
