0.1113 -0.1625 -0.3307 -0.9229 166.25 21.87 -38.25 3.71 5.82 7.00 0.0400 0.1300 -0.0800 0.0322 -0.0111 -0.0022 3.65 5.66 7.11 165 295 288 282 190 
0.1110 -0.1616 -0.3339 -0.9220 166.25 21.75 -38.69 3.55 5.68 7.09 -0.0400 -0.0100 -0.0100 0.0422 0.0244 -0.0389 3.61 5.73 7.09 167 296 290 280 188 
0.1094 -0.1593 -0.3376 -0.9213 166.44 21.69 -39.31 3.35 5.53 6.81 -0.8500 -0.5700 -0.2400 0.4022 -1.1911 0.1822 4.10 5.89 6.66 166 308 234 221 153 
0.0998 -0.2662 -0.3702 -0.8843 166.56 41.56 -50.75 8.83 6.97 8.18 5.2400 1.3100 3.8400 0.6844 -9.3422 5.2356 9.30 2.96 -0.86 141 341 190 180 125 
0.1950 -0.7601 -0.2889 -0.5483 125.06 64.19 157.50 14.56 -1.11 -9.30 3.5300 2.1200 -5.9400 3.1156 0.2244 4.8256 6.97 -6.10 -3.20 136 343 180 176 122 
0.5378 -0.7650 -0.0577 -0.3495 57.50 31.06 94.94 1.74 -1.77 -5.12 -3.1200 7.4100 -4.6100 3.7556 1.5567 1.9978 3.38 -8.92 2.24 138 344 185 182 126 
0.7635 -0.5684 0.0380 -0.3044 43.94 15.94 66.56 -1.83 -0.40 8.36 -4.0800 8.0600 4.1500 -1.1811 0.3811 -0.8422 3.00 -8.70 3.37 136 345 187 183 127 
0.7100 -0.6024 0.0518 -0.3609 57.94 23.69 76.75 2.90 -5.55 2.05 -1.0300 2.6600 0.5600 -2.8900 -0.3311 -1.6756 5.04 -8.40 0.15 132 343 187 185 126 
0.5311 -0.7390 0.0321 -0.4133 80.81 38.00 98.62 14.29 -13.26 -15.79 11.1300 -6.3300 -21.0800 3.9722 0.0222 2.1278 5.51 -8.09 0.53 129 337 192 185 124 
0.7419 -0.5570 0.0063 -0.3731 47.19 16.81 50.88 -3.71 16.71 15.24 -6.2300 21.2100 9.0000 4.8822 1.0389 3.0744 0.43 -4.40 8.75 132 345 193 189 127 
0.9394 -0.1910 0.0601 -0.2783 34.69 0.06 24.87 -2.73 -0.87 10.46 -0.6200 2.3600 0.7100 -2.3156 -0.6411 -1.1233 0.72 -5.45 8.11 149 340 206 197 135 
0.8749 -0.3477 0.0643 -0.3309 42.19 8.00 45.44 -0.53 -4.98 7.14 -2.7300 0.4400 0.6600 -3.5333 -0.6444 -0.9967 2.33 -8.42 4.43 166 336 333 357 220 
0.7305 -0.5845 0.0522 -0.3494 55.00 22.81 72.75 1.38 -10.12 -1.28 -3.1900 -1.5300 -6.1400 -0.8100 0.4422 -5.6444 7.00 -6.43 2.38 173 396 378 433 229 
0.5299 -0.5626 -0.1168 -0.6238 103.62 58.88 38.38 12.73 0.06 0.46 4.8200 2.8500 -2.4000 3.9722 0.8600 -1.1078 8.45 -0.60 4.93 192 411 389 437 229 
0.5786 -0.3558 -0.3273 -0.6569 92.94 57.69 -4.19 8.19 5.76 5.59 -0.7700 4.9900 0.2400 2.1456 0.3389 1.1722 8.25 0.54 5.26 192 428 387 431 229 
0.6851 -0.2767 -0.3895 -0.5497 75.69 56.69 -4.25 6.12 4.56 6.57 -1.9800 4.2100 1.3900 -0.1011 -0.6533 0.5611 8.37 0.00 5.09 202 427 376 432 229 
0.6846 -0.3276 -0.3856 -0.5247 76.12 61.88 10.94 8.44 4.72 6.07 -0.1200 5.2700 0.7300 -4.0389 -2.3389 0.2900 9.10 -2.25 2.86 185 345 325 369 226 
0.5409 -0.5903 -0.2903 -0.5240 91.19 65.06 74.25 7.88 -1.04 -7.63 1.9300 2.6400 -8.0600 -2.1456 1.4344 3.2122 7.63 -6.06 1.06 188 273 264 360 227 
0.5290 -0.6483 0.0586 -0.5445 91.44 33.94 79.31 -4.04 -12.72 -2.08 -10.4700 -5.5400 -3.9200 -1.7944 1.9044 1.4844 3.95 -8.92 0.92 195 289 289 362 226 
0.4940 -0.6186 0.2664 -0.5499 98.81 26.50 83.44 3.51 -8.75 1.14 0.0200 0.7900 0.3500 0.5122 -0.2500 -0.7356 4.93 -8.38 1.23 195 294 287 367 226 
0.4799 -0.6217 0.2220 -0.5779 97.31 29.62 81.75 4.60 -6.28 1.28 -0.0300 2.0700 0.2500 -0.0556 0.2511 0.7622 4.35 -8.70 1.21 184 283 270 323 220 
0.5063 -0.6182 0.2318 -0.5547 95.87 28.12 81.94 2.40 -8.26 -0.93 -2.0400 0.8500 -2.2600 -0.0678 0.7156 -1.9200 5.68 -7.89 1.26 160 272 250 263 196 
0.4315 -0.6344 0.1430 -0.6252 114.69 46.19 76.50 9.43 -6.61 -0.80 6.1600 2.7000 -1.3500 1.5633 2.6500 -1.4244 7.75 -5.27 2.87 107 224 221 243 179 
0.4100 -0.5885 0.0038 -0.6968 118.50 55.38 53.44 14.11 -0.68 0.18 8.2400 4.9500 -2.6500 2.8289 -1.4889 -0.4389 8.53 -3.48 3.34 104 184 186 185 120 
0.4794 -0.5740 -0.2137 -0.6285 99.19 70.81 49.00 -1.18 10.53 22.16 -22.0500 5.7000 38.5300 -0.0200 -3.4667 -0.0900 9.64 -1.73 -0.31 106 181 187 187 120 
0.4557 -0.6223 -0.3426 -0.5364 101.87 78.06 98.19 10.64 3.08 4.32 1.1000 5.0000 2.4800 -3.2856 -0.0700 0.2678 9.55 -2.10 -0.62 109 186 188 188 124 
0.3241 -0.7125 -0.2010 -0.5889 126.12 75.12 116.62 6.60 -0.80 -12.73 -2.5900 0.9500 -12.3500 -0.0378 0.7467 -0.6289 9.55 -1.90 -1.13 110 187 190 188 121 
0.3217 -0.7070 -0.2567 -0.5752 116.37 77.12 142.87 18.81 -1.55 7.21 7.7500 -0.3100 1.3300 0.4789 0.4778 0.6711 9.39 -1.74 -2.18 113 186 190 189 125 
0.3601 -0.7119 -0.2672 -0.5405 111.94 73.94 114.62 9.06 -2.64 2.23 -0.6800 -0.1400 2.5800 -1.6533 2.8033 0.8378 9.31 -3.05 0.31 113 191 192 192 126 
0.3565 -0.6638 -0.1045 -0.6492 126.44 68.25 67.56 6.61 -3.29 3.03 -3.0400 0.2800 1.1400 -2.1344 2.1044 -0.8967 8.93 -3.15 2.51 111 193 196 191 122 
;
