0.0971 0.2274 0.0068 0.9689 191.37 26.00 -3.69 4.24 0.71 8.81 -0.1000 0.1100 0.0300 0.0622 -0.1033 -0.1600 4.29 0.60 8.79 168 337 352 384 208 
0.0958 0.2265 0.0110 0.9692 191.19 25.87 -4.12 4.28 0.79 8.75 0.0200 0.1100 -0.0100 0.0911 -0.0722 -0.2378 4.33 0.73 8.76 170 336 351 387 209 
0.1030 0.2417 0.0256 0.9645 192.31 29.00 -8.69 3.10 0.89 13.24 -1.6300 -1.1600 5.5400 0.4144 -6.2044 0.0789 7.41 1.64 6.20 169 350 222 245 188 
0.0681 0.5753 -0.0056 0.8151 177.56 82.37 158.62 19.63 -2.32 -15.95 15.9700 5.4500 -10.2200 7.1722 -5.1044 4.9989 5.24 -6.75 -4.80 123 360 174 163 112 
-0.5447 0.7814 -0.0010 0.3044 54.63 27.69 94.56 1.56 -3.26 -1.45 -2.4600 4.8600 -2.3800 3.7800 0.9911 0.0878 4.33 -8.47 2.37 136 351 181 169 117 
-0.7540 0.5584 0.0120 0.3458 48.13 21.44 63.13 1.09 -5.80 1.29 -2.3900 3.0500 -2.6400 1.3022 0.5900 0.4000 3.17 -7.80 5.01 139 348 186 175 120 
-0.7955 0.4879 -0.0084 0.3594 49.94 20.44 57.00 2.30 -3.76 4.53 -1.3700 3.2600 -0.8500 -0.9878 0.0144 -0.8078 3.90 -7.84 4.40 136 349 187 175 121 
-0.7434 0.5349 -0.0128 0.4013 55.81 23.00 60.88 12.23 -17.62 -9.52 9.8700 -8.1700 -15.3400 4.0378 2.2700 2.3211 1.82 -6.92 6.69 129 345 190 180 120 
-0.8947 0.2542 -0.1196 0.3472 38.63 -7.50 26.19 -12.45 10.63 18.77 -13.0200 11.7300 10.1900 -0.3244 0.3233 -0.4889 -1.92 -4.14 8.67 132 355 194 183 122 
-0.8871 0.2268 -0.1785 0.3603 46.38 -6.25 36.13 0.85 -2.99 7.40 2.6600 3.6600 -0.3400 -3.1167 0.2522 -1.3211 -0.41 -7.47 6.33 157 333 241 217 154 
-0.7749 0.4371 -0.2213 0.3994 56.50 1.69 63.63 2.78 -8.38 -0.22 3.0900 -0.0500 -2.6400 -3.8133 2.1467 -0.7767 0.50 -9.61 1.86 108 239 259 261 193 
-0.5862 0.5729 -0.3784 0.4301 74.19 1.56 88.87 0.35 -11.54 -2.59 -0.9200 -1.7400 -1.9300 0.0000 0.0856 0.8300 -0.59 -9.78 -0.09 114 240 258 291 206 
-0.5773 0.5538 -0.4587 0.3868 66.19 -6.19 92.62 -2.31 -9.36 1.78 -0.2300 -0.1100 2.1400 -0.1456 -0.8478 -0.3411 -1.04 -9.73 -0.56 123 246 236 261 189 
-0.5911 0.5855 -0.4302 0.3503 60.06 -5.56 92.94 0.21 -8.79 0.06 1.3100 0.4600 0.5800 -0.2389 0.0744 0.1100 -1.02 -9.73 -0.64 121 255 241 263 187 
-0.5995 0.6033 -0.4109 0.3281 56.25 -5.19 93.69 -0.51 -9.31 -0.13 0.6400 0.3900 0.5500 -0.0756 -0.7200 -0.2156 -0.64 -9.75 -0.70 119 257 247 264 186 
-0.6038 0.6459 -0.3564 0.3022 51.94 -1.31 95.56 -2.50 -9.19 -1.88 -2.5300 0.5500 -0.9100 -0.1722 -3.2633 -1.7267 0.63 -9.71 -1.18 119 243 255 265 186 
-0.6164 0.7520 -0.1193 0.2008 28.75 11.94 101.06 2.11 -7.85 -6.97 0.4700 0.9300 -4.6000 0.9567 -5.9989 -2.9022 3.11 -8.92 -2.61 118 240 258 270 190 
-0.5827 0.7267 0.3602 -0.0510 345.31 21.12 110.81 7.26 -6.39 -3.60 3.8400 2.1500 0.4700 0.0178 -1.4289 -0.7856 3.78 -8.30 -3.57 119 246 263 273 192 
-0.5519 0.6767 0.4766 -0.1019 339.87 23.06 113.81 4.52 -7.78 -3.96 0.0100 0.1800 -0.3100 -0.1878 0.5367 -0.1822 4.00 -8.16 -3.68 123 251 268 282 193 
-0.5557 0.6855 0.4655 -0.0669 349.19 26.56 113.87 6.43 -4.62 -0.21 2.0600 3.1700 4.3700 0.1633 1.1600 -0.4822 4.94 -7.87 -3.11 144 313 191 191 137 
-0.5878 0.7086 0.3845 0.0683 21.50 34.13 110.00 15.89 -8.84 -4.20 9.2300 -3.5800 -4.9800 -2.4544 -0.3167 2.9900 4.49 -7.97 -3.52 162 343 178 174 117 
-0.5679 0.7977 0.1346 0.1517 32.56 21.94 105.00 0.41 -7.90 -10.19 -3.3000 0.4400 -7.7300 1.4700 2.8344 0.8122 3.26 -9.23 -0.37 127 351 181 173 119 
-0.6876 0.6781 -0.0187 0.2589 42.38 18.50 81.94 0.23 -4.22 0.88 -3.3600 4.5700 -0.3000 0.1700 0.8778 0.3633 2.77 -9.25 1.68 124 337 180 177 120 
-0.7128 0.6357 -0.0610 0.2901 45.19 16.62 79.06 1.81 -8.02 0.68 -0.0200 -0.3600 -2.4100 0.1789 0.2678 -0.2678 2.90 -9.17 1.89 122 334 186 178 121 
-0.7475 0.5933 -0.0641 0.2917 38.81 11.13 65.12 7.49 -9.60 -12.51 5.7400 4.2700 -12.0600 7.5222 3.1889 1.0633 -0.12 -5.51 8.11 125 356 185 180 121 
-0.9291 0.1793 -0.1096 0.3043 38.50 -7.12 23.00 -7.16 2.22 12.37 -3.3800 3.8000 0.6200 -0.5067 -0.0389 -1.4644 -0.86 -4.12 8.85 126 359 189 182 122 
;
