0.5491 -0.3477 -0.5208 -0.5535 90.37 73.12 -42.13 9.51 1.93 1.95 -0.2100 -0.0400 -0.0800 -0.0244 0.0167 -0.0144 9.37 1.91 2.12 148 352 346 369 205 
0.5472 -0.3497 -0.5220 -0.5530 90.69 73.62 -43.31 8.49 1.98 2.38 -1.2400 0.6400 1.1100 -0.7133 -1.5078 0.7878 9.61 1.43 1.31 158 353 284 282 188 
0.4728 -0.4984 -0.5145 -0.5131 96.75 78.75 -179.81 17.62 -0.36 -2.75 8.0700 -1.6800 -0.4100 -2.3111 -3.8444 3.8711 7.84 -1.74 -5.62 128 367 167 175 115 
0.3334 -0.8187 -0.3994 -0.2430 54.75 36.44 143.94 6.72 -3.50 -11.48 -0.2200 1.6200 -5.5300 3.3056 1.7189 2.8022 4.77 -7.49 -4.15 114 362 172 174 113 
0.5977 -0.7635 -0.2128 -0.1204 20.69 23.69 100.44 -0.54 -4.26 -1.52 -4.6700 4.6900 -0.4800 1.3844 1.2956 1.1578 3.12 -9.29 0.00 116 355 179 178 118 
0.7120 -0.6868 -0.0953 -0.1113 18.25 16.37 86.94 0.85 -9.00 -3.76 0.0100 -1.0800 -6.9100 0.6833 -0.0933 0.4011 2.55 -9.42 0.94 120 354 181 183 120 
0.7856 -0.6076 -0.0818 -0.0838 9.88 11.69 67.56 2.47 -1.79 2.44 0.0500 8.4600 2.3700 4.7400 0.5878 1.0078 1.18 -7.01 6.74 125 363 188 193 129 
0.9435 -0.3273 -0.0392 -0.0325 5.44 3.62 37.00 -3.49 1.19 13.93 -3.4700 6.7400 5.2700 -2.5022 1.0567 -1.2789 0.53 -6.97 6.87 159 331 292 291 181 
0.8791 -0.4598 0.0247 -0.1229 16.94 3.00 61.25 5.95 -12.24 -4.30 5.6300 -2.0500 -8.8800 -2.5444 2.4711 2.2011 -1.05 -9.37 2.66 110 262 266 260 154 
0.7723 -0.5641 0.2686 -0.1145 18.37 -22.56 79.00 -11.65 -8.37 1.42 -7.9300 0.9100 -0.0300 0.0033 0.1711 0.4844 -4.93 -8.40 1.07 108 267 260 252 146 
0.7448 -0.5407 0.3785 -0.0981 15.13 -24.62 81.44 -9.69 -7.48 0.87 -6.1900 2.0700 -0.8000 -1.5778 -4.1989 -2.7600 -2.13 -9.50 1.14 107 269 266 253 144 
0.7225 -0.6867 0.0668 -0.0438 2.06 4.50 91.62 -1.94 -6.34 -8.91 -4.6900 3.6300 -9.7100 -1.8011 -6.4678 -4.0678 3.11 -8.85 -2.84 109 267 264 260 148 
0.5480 -0.6808 -0.4738 0.1077 330.81 22.69 116.69 7.43 -5.20 -6.20 4.1900 3.0400 -1.1600 0.7878 -2.1111 -2.1144 4.27 -7.64 -4.41 112 273 270 271 155 
0.4890 -0.5331 -0.6673 0.1772 320.69 28.75 121.37 7.40 -4.27 -2.73 1.4500 3.4200 1.9400 -0.4333 1.4511 -0.6167 5.57 -6.93 -4.13 124 289 279 267 171 
0.5562 -0.5079 -0.6542 0.0684 359.25 47.75 116.44 7.06 -2.41 -5.68 -4.8100 2.2200 -3.9500 -0.9422 7.2411 -4.3478 9.14 -3.39 1.05 164 310 289 250 181 
0.6990 -0.3557 -0.5030 -0.3632 62.63 71.00 7.31 14.12 -0.47 3.62 4.7500 -0.4200 0.5900 -0.8000 -0.4611 -1.6300 9.19 0.79 3.30 171 323 315 307 190 
;
