0.0630 0.1974 0.4568 0.8651 188.37 16.44 -58.19 2.85 7.87 5.10 0.0200 -0.1500 0.1300 -0.0044 -0.0522 -0.0244 2.78 7.99 4.94 188 344 325 314 204 
0.0665 0.1982 0.4556 0.8653 188.87 16.31 -58.06 2.81 7.90 5.03 0.1100 0.0000 0.1000 -0.0333 -0.0456 -0.0400 2.77 7.94 5.03 187 343 326 299 201 
0.0640 0.2047 0.4244 0.8797 187.12 20.12 -50.06 5.17 9.13 9.72 1.8100 3.4100 3.3300 -5.2267 -1.3878 3.1111 5.12 3.78 7.45 180 360 226 238 169 
0.0129 0.3898 0.0741 0.9178 181.12 56.63 -4.75 11.62 -1.61 2.07 2.9700 -2.3400 -1.8900 -0.9333 -7.0222 2.6689 9.62 -1.82 0.50 144 379 164 164 110 
-0.1284 0.7805 -0.1199 0.6000 138.62 53.63 130.12 10.10 -5.87 -5.92 2.7500 1.2500 -0.9600 4.9000 -4.0100 3.0822 4.75 -7.68 -3.80 119 367 163 165 109 
-0.5184 0.7876 -0.1050 0.3161 57.75 20.81 100.69 1.60 -5.11 0.22 -1.4600 4.4500 1.0400 2.3711 0.1289 0.7833 2.91 -9.36 0.23 125 340 168 168 113 
-0.6837 0.6530 -0.0892 0.3132 49.50 17.06 78.25 1.47 -4.69 1.29 -1.1700 3.9700 -1.5000 1.7522 0.1500 -0.3167 3.05 -8.75 3.20 129 322 157 172 114 
-0.7565 0.5479 -0.0479 0.3539 49.63 18.19 62.19 3.43 -10.72 0.66 0.6000 -2.9100 -4.1500 2.6044 0.5267 0.4600 2.73 -7.28 5.96 131 334 165 173 117 
-0.8625 0.3625 -0.0229 0.3524 42.56 10.00 33.75 -1.06 4.95 10.74 -2.8500 10.2300 3.3000 3.0433 0.5722 0.2844 1.10 -3.15 9.21 133 350 171 178 120 
-0.9250 0.1622 -0.0134 0.3433 41.69 5.00 20.56 -1.52 -0.93 10.62 -2.1300 2.5100 1.3900 -2.6989 -0.2111 -0.7756 1.19 -5.03 8.32 138 349 173 183 125 
-0.8532 0.3473 -0.0620 0.3841 51.13 10.19 48.69 5.29 -3.66 5.21 5.4000 1.9300 -0.7400 -5.4100 2.2278 -0.8333 1.70 -9.17 3.01 176 329 287 316 195 
-0.6035 0.5394 -0.3466 0.4742 86.25 1.12 83.12 1.71 -10.05 -7.75 -1.7100 1.1100 -8.4200 -2.2944 9.8678 1.1033 -1.05 -9.67 -1.19 170 347 337 394 212 
-0.2786 0.2646 -0.7340 0.5600 128.62 -6.37 103.94 -2.72 -6.26 -6.95 -0.7500 3.7300 -4.4100 1.7711 0.8756 -0.2622 -0.91 -9.65 -1.47 170 332 343 386 210 
-0.2654 0.2203 1.6576 -0.0001 135.37 -3.06 80.37 3.73 0.08 -5.33 5.2300 10.2200 -8.5300 7.4678 -0.9633 -0.2922 0.03 -6.75 7.10 180 349 331 412 219 
-0.4216 0.1230 -0.1397 0.8875 126.62 9.56 9.88 2.72 6.58 18.50 0.1300 7.5000 9.7700 4.9533 -1.0689 -0.0800 2.44 1.79 9.32 178 372 355 412 221 
-0.4621 0.0725 0.1739 0.8666 124.44 18.25 -15.63 3.66 3.86 14.67 -0.5200 1.1600 5.5300 -0.5222 -0.7233 -0.0433 3.49 2.25 8.88 183 382 348 407 220 
-0.4243 0.1573 0.1724 0.8749 129.37 26.06 -8.06 5.88 4.34 17.39 2.5200 4.6500 7.6600 -5.1467 -0.6033 0.2622 4.67 -2.26 8.31 187 386 345 367 210 
-0.3384 0.2774 -0.1754 0.8819 139.94 18.25 43.44 4.64 2.17 2.38 1.9400 8.2400 -5.5700 -7.6933 0.9844 1.2511 1.92 -9.32 2.35 181 364 341 325 201 
-0.1808 0.2916 -0.6742 0.6541 153.62 7.81 102.00 0.31 -1.33 -10.67 -0.7400 6.6000 -7.2600 -5.6811 0.6200 -1.2911 2.31 -7.01 -6.44 166 314 305 312 196 
-0.0050 0.3055 -0.8715 0.3835 172.00 11.31 133.81 2.09 -4.15 -9.60 0.1700 3.9100 -3.0000 2.9944 -1.2211 0.3278 1.10 -8.32 -5.06 169 338 331 350 203 
-0.1709 0.2963 -0.7455 0.5720 144.44 4.31 100.12 1.98 0.13 -7.04 1.3000 11.3200 -7.8300 8.8678 -2.3411 0.3344 0.80 -8.42 4.95 173 354 332 389 213 
-0.4162 0.1428 -0.1721 0.8813 131.00 1.50 5.69 -1.83 17.73 15.17 0.4100 15.2100 10.7300 4.9078 -3.2500 1.9356 1.57 3.49 9.02 171 387 337 415 219 
-0.4442 -0.0209 0.2522 0.8594 125.87 13.19 -27.62 1.92 5.04 12.25 -0.5600 0.4100 2.9800 -0.5333 -0.7522 -0.5000 2.68 4.14 8.46 162 385 347 411 220 
-0.4095 0.0358 0.2589 0.8741 130.31 15.75 -26.56 2.17 4.51 10.69 0.0700 0.1600 2.2600 -0.3711 -0.4689 -0.3167 2.81 4.18 8.40 172 382 348 398 217 
;
