-0.2371 0.1262 0.2086 0.9404 151.69 19.62 -20.69 3.28 3.22 8.56 -0.0700 0.0100 -0.0600 0.0133 0.0167 -0.0322 3.28 3.28 8.63 187 381 331 376 196 
-0.2354 0.1264 0.2109 0.9403 151.87 19.69 -21.00 3.43 3.49 8.56 0.0300 0.1200 0.0200 0.0600 -0.0333 0.0433 3.34 3.33 8.59 186 386 335 376 197 
-0.2493 0.1534 0.2369 0.9264 147.94 32.00 -23.56 5.07 4.39 14.85 0.4200 -1.0400 5.3200 -2.6422 -11.2678 2.1844 9.65 0.81 1.53 132 375 193 182 132 
-0.2094 0.7550 0.1953 0.5899 131.12 65.62 149.00 10.98 -1.80 -7.75 3.2800 2.5300 -4.3900 4.0600 -3.6033 4.3389 6.06 -6.20 -4.57 110 345 181 173 117 
-0.5277 0.8096 0.0927 0.2397 41.69 25.69 103.69 0.07 -3.95 0.12 -3.5000 5.0400 1.6100 2.5744 1.7700 1.2733 3.30 -9.22 0.36 109 343 178 170 113 
-0.7122 0.6660 0.0025 0.2218 35.06 17.19 80.87 0.62 -3.90 1.70 -2.5000 4.6400 0.2600 0.3500 0.7100 -0.4733 3.11 -9.08 1.98 113 336 182 174 116 
-0.7273 0.6290 -0.0051 0.2745 42.25 20.25 77.25 3.27 -7.87 1.40 0.2600 0.4600 -1.9300 -0.5644 -0.1222 -0.2311 3.57 -8.98 1.65 110 329 180 174 115 
-0.7279 0.6329 0.0043 0.2637 35.31 17.87 72.50 9.49 -8.07 -9.89 4.7600 5.4900 -6.9000 6.5178 2.2056 1.1600 1.61 -6.97 6.69 112 339 185 179 118 
-0.9183 0.3344 -0.0202 0.2106 25.94 5.19 38.06 -5.90 1.21 17.04 -5.2300 6.2800 5.6000 -2.2244 -0.3756 -1.0511 1.48 -7.00 6.69 113 335 192 184 122 
-0.8517 0.4577 -0.0059 0.2552 35.69 16.00 57.25 1.71 -5.24 2.47 -1.2300 2.7500 -2.0500 -2.2867 -1.2733 -1.6122 4.12 -8.25 3.32 139 345 205 203 138 
-0.7056 0.6314 0.0736 0.3130 50.38 33.81 83.37 6.82 -12.90 -4.79 3.5700 -6.1700 -6.9400 1.0000 -1.4578 -2.4667 6.87 -6.99 0.10 157 398 187 190 123 
-0.6591 0.6207 0.2650 0.3318 51.50 51.50 74.81 11.10 -6.15 -0.46 2.2100 1.0500 -1.9600 3.9111 0.5089 -0.3878 7.81 -4.75 3.52 138 401 200 192 122 
-0.8051 0.3811 0.3557 0.2830 36.19 51.38 36.44 6.45 4.09 4.52 -1.2200 7.6100 -0.3600 1.2211 0.2167 0.2622 7.50 -3.10 5.49 137 397 203 197 122 
-0.8532 0.2970 0.3495 0.2483 35.38 45.75 31.19 7.17 -0.52 3.36 2.2100 3.3700 -3.9500 -3.9544 2.1267 -0.7056 6.22 -4.82 5.84 130 401 212 202 125 
-0.7774 0.4331 0.1251 0.4387 64.62 31.75 44.75 -0.52 -11.38 3.92 -3.8000 -5.8500 -1.3300 -0.4278 1.1311 0.1122 4.48 -6.18 6.14 132 414 217 202 127 
-0.7305 0.4209 -0.0068 0.5378 73.75 26.62 44.00 2.70 -4.29 8.04 -1.2500 2.1200 0.2000 -1.1400 -0.7000 -0.2022 4.83 -6.48 5.54 154 399 213 203 135 
-0.6854 0.5078 -0.0013 0.5220 76.75 33.94 58.19 -0.09 -5.11 -0.56 -5.5000 1.7100 -4.6300 0.2278 -0.0078 -3.3511 6.90 -5.68 4.02 158 339 231 236 164 
;
