0.6777 0.2762 0.1169 0.6713 270.50 12.25 -32.94 2.13 5.23 8.04 0.0800 0.0100 0.0300 -0.0022 -0.0033 0.0033 2.08 5.21 8.04 174 362 372 390 220 
0.6777 0.2763 0.1169 0.6714 270.50 12.25 -32.94 2.10 5.27 8.08 0.0100 0.0300 0.0400 0.0033 0.0022 0.0033 2.08 5.21 8.04 176 362 369 390 220 
0.6777 0.2763 0.1169 0.6713 270.50 12.25 -32.94 2.13 5.24 8.10 0.0000 0.0300 -0.0100 0.0067 0.0022 0.0056 2.08 5.21 8.04 176 365 372 395 219 
0.6776 0.2765 0.1172 0.6713 270.56 12.25 -33.13 2.48 5.18 9.06 0.2900 -0.0900 1.5700 1.8856 -0.2044 -0.0433 2.26 5.95 7.45 135 326 338 377 224 
0.6498 0.3506 0.1168 0.6642 268.75 24.44 -39.06 6.11 4.10 7.18 1.9200 -0.0500 0.2200 2.8533 -10.4833 6.9956 9.15 2.97 1.89 154 342 173 186 128 
0.2175 0.6755 -0.3519 0.6104 192.50 60.94 122.81 9.97 1.35 -1.68 0.4800 6.6100 0.5700 4.6733 -0.3367 5.2089 5.29 -8.19 -0.99 141 335 173 178 129 
-0.2773 0.5149 -0.4399 0.6815 135.12 25.31 80.31 -1.11 -3.09 3.85 -4.4100 5.5300 2.1300 -0.7733 0.6389 0.2589 3.79 -8.90 1.55 148 337 181 184 128 
-0.2571 0.4745 -0.4793 0.6921 141.87 25.87 87.12 6.79 -10.02 -9.81 5.0300 -4.2200 -14.8000 0.6867 1.1000 -0.4989 4.50 -8.65 1.00 138 334 175 186 128 
-0.3307 0.3918 -0.4006 0.7593 127.94 15.38 57.56 2.43 12.94 5.89 -4.9700 22.9300 5.3400 6.4411 1.6467 2.5478 0.23 -3.82 9.02 143 345 171 186 133 
-0.5184 0.0820 -0.1492 0.8380 117.31 -0.69 21.12 -2.01 -0.55 10.01 -1.5700 2.9100 0.4300 -2.3144 -0.5167 -1.3167 0.72 -5.21 8.27 155 345 197 191 137 
-0.4325 0.2043 -0.2496 0.8420 126.75 9.31 39.69 0.84 -3.89 5.80 -1.8200 2.7000 -1.2900 -2.1167 -1.3500 -0.9067 2.66 -7.09 6.22 168 339 198 199 149 
-0.3474 0.3745 -0.3289 0.7943 135.81 25.75 63.31 2.28 -5.50 1.80 -3.4400 1.5000 -2.2500 -4.8433 -1.5011 -3.1856 6.61 -7.23 0.24 163 363 199 198 158 
-0.0516 0.6317 -0.3852 0.6708 179.19 62.44 92.50 19.05 -5.87 1.54 8.9700 -2.9500 -0.0400 2.5500 2.9644 -3.4733 9.37 -1.47 2.47 168 410 291 260 202 
0.0775 0.5876 -0.0811 0.8013 196.81 70.37 -3.19 18.03 6.65 6.46 7.6500 5.1200 3.4700 -5.8189 11.7667 -2.7500 4.46 -0.92 8.68 185 435 172 207 139 
0.3736 0.0480 -0.2224 0.8992 228.31 12.56 31.00 0.25 -4.23 4.19 -1.9700 1.5600 -4.4600 -1.4111 3.8400 -1.9767 0.43 -6.03 7.71 183 435 198 202 152 
0.5170 -0.1586 -0.2978 0.7867 248.44 4.12 38.88 2.91 -2.31 0.14 2.3300 3.5400 -7.6000 1.7844 0.3422 -0.4156 0.64 -5.40 8.15 178 438 197 205 152 
0.5598 -0.1146 -0.1840 0.7998 248.12 -1.25 19.62 2.34 -3.87 22.82 1.3500 -1.9800 14.6500 0.3022 0.3833 2.2122 -1.02 -2.64 9.38 179 432 202 205 150 
0.4250 -0.1436 -0.1445 0.8820 229.37 -7.62 25.94 -7.99 -3.99 14.77 -6.2800 2.4200 4.2700 -4.1711 -0.1967 0.0856 -1.22 -6.92 6.83 178 432 201 208 151 
0.3535 -0.2427 -0.3996 0.8102 229.62 -5.19 60.69 -4.55 -2.13 3.36 -3.3000 6.8600 -1.1900 -2.0278 1.2967 -2.0367 0.06 -9.26 3.20 172 441 201 209 153 
0.4598 -0.3029 -0.5250 0.6490 256.56 8.13 75.62 1.13 -1.96 1.02 0.0000 7.4100 -1.2700 -0.1989 2.0122 -2.0322 2.52 -9.14 2.47 180 429 195 210 153 
0.6255 -0.3118 -0.5030 0.5084 286.50 19.62 67.94 10.63 -1.02 0.13 8.3000 6.4200 -2.9300 2.7567 1.6100 -0.5078 3.21 -7.32 5.67 174 428 205 208 153 
0.7466 -0.1848 -0.3354 0.5439 285.19 17.00 38.38 10.42 -4.85 13.36 6.8400 -0.1600 7.1300 2.9967 -1.3489 2.7389 2.79 -4.11 8.45 179 428 205 209 153 
0.6110 -0.0182 -0.2530 0.7499 252.50 16.44 25.56 -3.44 -5.06 13.63 -6.6600 -0.3700 4.1400 -0.5356 -0.7678 1.7011 2.70 -4.71 8.15 178 427 210 213 154 
0.4844 -0.0108 -0.3045 0.8201 240.81 16.31 32.69 0.19 -2.15 7.36 -1.9500 2.6400 -0.8500 0.1356 -0.1656 -0.3844 3.08 -4.97 7.87 178 416 210 214 153 
0.4609 0.0529 -0.3245 0.8243 237.00 25.06 31.81 3.90 -3.51 7.27 -0.0700 1.6300 0.2200 1.0322 -4.1389 0.4878 6.26 -4.29 6.20 174 385 209 215 153 
0.3151 0.3278 -0.3840 0.8036 221.69 53.25 41.44 12.66 -2.04 7.09 5.9700 2.0500 2.8100 -1.8322 4.0611 -1.2156 7.15 -3.76 5.54 181 395 206 199 152 
0.4031 0.2158 -0.3925 0.7981 231.94 42.38 39.00 2.11 -5.56 4.32 -4.9000 -0.8700 -1.8100 1.0033 -7.9122 0.0567 8.55 -4.58 1.42 181 364 181 181 135 
0.1219 0.5970 -0.4103 0.6785 196.25 68.44 107.12 4.57 -1.36 -8.64 -4.3700 1.4100 -7.9200 3.8878 -1.3100 -4.1089 9.60 -0.99 -1.69 155 403 188 190 138 
0.0449 0.7533 -0.0132 0.6560 179.56 82.37 -150.75 33.03 4.36 -0.90 20.4900 3.4100 -1.4100 2.5956 3.9189 3.6533 9.47 -1.92 1.66 159 354 189 194 141 
-0.2648 0.5093 0.0013 0.8188 143.19 49.19 25.19 -4.26 5.34 7.38 -12.0900 5.6400 1.7100 -1.4367 4.2211 1.0156 4.47 -3.87 7.81 163 379 206 196 147 
-0.3197 0.3137 -0.1715 0.8775 140.50 27.44 40.19 -3.40 -0.25 2.19 -7.3000 6.1700 -5.0100 -3.7422 -2.2111 -2.1356 6.11 -6.44 4.15 154 399 188 199 151 
-0.1413 0.5380 -0.2712 0.7855 166.44 57.94 68.12 8.33 1.53 -9.12 0.3400 4.9400 -10.7900 0.6822 -2.3478 -4.1011 9.59 -2.00 0.19 157 408 206 203 157 
-0.0079 0.7385 -0.0684 0.6707 174.12 78.25 150.69 24.93 -5.19 -9.30 16.2200 -4.7500 -6.2900 2.9211 -0.5322 1.8778 9.18 -2.54 -2.30 158 386 208 202 157 
-0.2189 0.7589 -0.0182 0.6132 137.31 65.69 104.37 7.65 0.92 3.69 -2.3700 4.4700 3.8900 -0.2933 0.9989 0.9433 8.62 -4.65 -0.28 154 389 211 205 158 
-0.2521 0.7103 -0.0973 0.6500 140.75 61.31 95.31 4.04 -1.00 0.93 -4.7300 4.2900 1.9500 -3.7789 0.9011 -2.9122 9.29 -2.98 -0.93 174 360 212 230 172 
;
