0.0132 0.0696 0.0518 0.9962 181.50 7.87 -6.06 1.46 0.99 9.63 0.1000 -0.0600 -0.0400 0.0189 -0.0089 0.0144 1.35 1.04 9.65 247 438 424 471 287 
0.0128 0.0700 0.0529 0.9960 181.44 7.87 -6.25 1.25 1.18 9.59 -0.1300 0.1700 -0.0300 0.0167 -0.0222 0.0067 1.33 1.07 9.65 247 438 428 474 284 
0.0139 0.0714 0.0559 0.9958 181.75 8.81 -6.56 0.14 -0.06 14.47 -0.1400 -2.8100 6.2900 -0.4256 -3.4911 0.5678 3.61 0.69 9.08 162 420 256 248 180 
-0.0546 0.4776 0.0486 0.8755 163.50 78.69 173.62 38.18 2.59 -18.55 15.6300 2.1300 -4.8700 7.0167 -4.6522 3.7033 4.49 -5.97 -6.34 144 381 211 209 155 
-0.5153 0.8355 0.0961 0.1650 30.81 20.50 109.94 1.59 -2.41 -1.56 -1.6900 5.9900 0.8800 3.5544 0.5378 1.2211 2.49 -9.48 0.09 156 375 216 213 159 
-0.7460 0.6539 0.0482 0.1167 17.50 12.44 79.31 -0.21 -3.06 3.85 -2.4400 6.4600 1.8800 0.7267 0.2467 -0.0800 2.05 -9.24 2.55 157 375 216 217 160 
-0.7751 0.6160 0.0403 0.1351 20.31 13.88 76.87 3.28 -9.29 0.10 1.9600 -1.9000 -3.6300 -0.3344 -0.6489 -0.3611 2.74 -9.24 1.78 158 378 218 219 162 
-0.8030 0.5808 0.0887 0.0997 11.06 13.13 62.44 7.39 -5.33 -3.89 1.6800 8.9500 -2.5400 6.0089 1.9322 1.1933 0.76 -5.58 8.02 162 385 226 223 162 
-0.9757 0.2140 0.0039 0.0469 5.87 0.75 22.62 -7.26 6.91 16.70 -5.7700 8.4400 4.6500 -1.6967 -0.3633 -1.2189 0.47 -4.64 8.62 162 384 231 227 164 
-0.9443 0.3024 0.0133 0.1293 16.87 7.37 37.63 -0.75 -3.19 5.91 -3.8700 2.6000 -2.0200 -3.0100 -0.8589 -1.4111 2.60 -7.39 5.88 190 353 259 248 179 
-0.8351 0.4824 0.1049 0.2424 39.88 30.69 56.31 3.37 -7.06 2.83 -2.1700 0.1800 -2.1400 -3.8100 0.4811 -4.9522 7.27 -5.54 3.53 250 253 241 241 177 
-0.6429 0.5256 0.2457 0.5001 78.56 62.00 51.19 7.56 -0.17 -0.69 -1.5300 3.4900 -3.3200 1.4678 -1.4133 -2.2278 9.40 -1.75 2.15 246 228 230 224 161 
-0.5415 0.4745 0.4556 0.5236 95.06 82.62 -43.13 33.88 11.37 -6.44 29.6600 7.5200 -5.3100 0.7411 -2.4767 -0.2300 9.55 2.05 -0.79 242 231 235 226 158 
-0.4386 0.4835 0.5649 0.5046 96.62 81.31 -132.62 9.21 1.98 -0.06 -1.8000 0.8000 -0.3400 -0.3367 0.3278 0.8211 9.76 0.36 -0.77 238 239 228 230 162 
-0.4594 0.5254 0.5085 0.5043 96.62 85.81 -178.25 7.36 1.45 -1.24 -2.0100 1.2500 -0.8700 -0.7556 0.6989 -0.2178 9.79 0.46 -0.21 236 299 248 247 180 
-0.4473 0.5145 0.4720 0.5589 102.31 83.81 -5.19 10.77 1.89 1.64 1.5500 1.0500 0.6200 1.4111 1.6011 -0.8722 9.52 1.62 1.69 238 336 289 297 214 
-0.5038 0.3856 0.4762 0.6089 101.37 71.00 -37.13 8.82 1.98 4.42 -0.8700 0.3700 1.5000 -1.2200 -1.0400 0.2533 9.44 1.59 2.09 228 332 302 317 210 
;
