0.1258 0.1042 0.2467 0.9552 195.00 7.87 -30.12 1.35 4.96 8.38 0.0300 0.0600 -0.0200 -0.0033 0.0144 0.0011 1.34 4.88 8.39 172 350 367 390 205 
0.1257 0.1041 0.2468 0.9552 194.94 7.81 -30.12 1.30 4.95 8.38 -0.0300 0.0600 -0.0100 0.0056 -0.0122 0.0544 1.39 4.88 8.38 174 349 349 384 206 
0.1014 0.1646 0.2402 0.9513 189.75 23.56 -31.12 7.46 2.99 12.88 4.8000 -1.0700 6.5200 0.3500 -4.6733 2.4811 7.11 3.69 5.64 161 361 155 172 127 
-0.0256 0.7549 0.1417 0.6399 158.81 60.75 171.69 20.14 0.22 -14.40 12.2400 3.2000 -7.8600 6.9878 -0.9222 3.9767 5.66 -6.15 -5.11 124 339 165 167 121 
-0.5260 0.7875 0.0260 0.3203 58.44 30.69 95.00 -0.89 -1.81 -0.86 -5.2500 6.9200 -1.1500 2.9544 1.5967 1.0256 4.21 -8.56 2.24 135 336 169 171 124 
-0.7263 0.5797 -0.0214 0.3688 53.94 22.37 67.37 0.61 -3.41 3.62 -2.5800 4.1600 -0.2900 -0.2533 0.0244 0.1389 3.59 -8.42 3.50 137 334 172 171 127 
-0.7255 0.5693 -0.0404 0.3845 56.06 22.62 67.69 7.19 -12.49 -7.47 5.2500 -6.9200 -14.3800 2.8833 0.3900 1.0878 3.01 -7.83 5.07 134 339 175 176 127 
-0.8605 0.3641 -0.0327 0.3549 43.63 9.00 32.75 -2.18 12.51 23.06 -4.2600 12.8200 11.0300 -0.1656 0.8656 -0.2233 0.87 -4.73 8.54 137 351 178 178 127 
-0.8835 0.2722 -0.0522 0.3775 48.50 7.62 33.19 1.44 -3.58 9.10 -0.1900 2.1500 1.2400 -2.3867 -0.5000 -0.5022 1.82 -6.44 7.15 166 336 185 186 132 
-0.7900 0.4541 -0.1191 0.3942 56.56 7.75 66.81 6.12 -8.04 0.30 4.9300 1.5700 -3.2700 -7.1378 9.0733 -1.4144 1.50 -9.68 -0.46 196 321 214 211 156 
-0.2595 0.4760 -0.6104 0.5775 151.94 14.25 103.75 0.63 -10.41 -4.24 -3.8500 -0.2100 -0.6000 -1.5667 1.9222 1.5644 1.46 -9.25 -2.88 112 308 335 372 209 
-0.0511 0.1181 -0.7938 0.5945 168.56 0.88 108.19 -0.29 -8.00 -3.73 -1.2200 0.8000 -0.8200 -0.7133 0.4422 1.0567 -0.64 -9.09 -3.62 110 327 343 376 211 
-0.0813 0.0361 -0.8339 0.5446 161.69 -6.31 113.50 -4.21 -6.93 -7.60 -3.1000 2.4800 -4.7800 1.4167 -0.7078 -0.8833 -0.75 -9.25 -3.13 116 337 343 373 211 
-0.0768 0.0782 -0.7615 0.6389 170.19 1.81 91.19 -0.99 -4.03 0.33 -1.4400 5.9900 5.1900 6.2678 2.8156 -0.8756 0.78 -8.72 4.39 118 337 340 372 212 
0.0150 0.0460 -0.4864 0.8724 181.62 5.75 61.94 2.83 -8.75 14.35 0.9300 2.9100 6.5600 -5.0500 -1.2167 -0.1800 1.41 -9.60 1.35 120 340 340 372 211 
-0.0037 0.1123 -0.7384 0.6649 176.50 7.12 103.12 -5.70 -4.89 -23.23 -6.0000 2.8600 -23.4200 3.7344 0.4633 -0.7956 1.38 -9.62 -1.26 127 339 336 356 211 
-0.0037 0.1121 -0.5945 0.7963 182.56 7.25 62.31 -0.45 -4.00 24.72 1.0400 1.0100 15.8800 1.2667 -1.1578 0.1667 1.15 -7.73 5.91 136 349 339 373 212 
-0.0175 0.1014 -0.4446 0.8898 176.44 11.56 54.25 2.09 -7.28 6.47 -2.3200 -0.3500 1.0700 2.4667 -1.9978 -0.4333 3.04 -6.91 6.24 170 349 336 363 209 
-0.1387 0.2921 -0.2844 0.9026 155.44 31.69 41.06 -1.34 -8.70 -5.40 -7.6100 -3.9700 -11.6100 4.2389 -10.7133 5.8178 6.96 -6.38 2.62 193 377 357 393 216 
-0.5449 0.7545 0.0129 0.3655 52.50 23.87 116.81 -1.56 3.54 -4.71 -7.5700 10.0000 1.1000 -10.3489 -4.0722 -0.8311 1.72 -2.43 -9.34 201 270 268 329 219 
-0.0016 0.9900 0.0596 0.1277 169.62 16.44 -172.56 9.34 5.36 -17.23 8.0300 3.7000 -9.6300 -2.1489 0.5144 -1.3744 2.94 3.03 -8.84 203 296 289 346 222 
0.1371 0.9584 0.1622 0.1906 160.25 18.94 -161.50 4.57 2.09 -10.79 0.8600 -0.0900 -0.9400 0.9322 0.0978 0.2300 3.29 2.19 -8.97 203 311 293 351 223 
0.0688 0.9655 0.1661 0.1883 160.56 20.25 -168.56 2.79 2.96 -8.23 -0.3600 1.3200 0.7200 0.2778 0.0900 0.0856 3.47 1.56 -9.03 205 311 294 353 223 
;
