0.0806 0.0252 0.0389 0.9957 189.12 2.69 -4.62 0.40 0.70 9.75 -0.0400 -0.2200 -0.1300 0.0544 -0.2511 0.1322 0.63 0.82 9.75 170 374 357 394 212 
0.0718 0.0426 0.0408 0.9957 188.00 4.81 -5.12 1.13 0.57 9.70 0.2200 -0.2200 -0.0200 0.1022 -0.0767 0.0956 0.93 0.93 9.71 168 374 358 397 210 
0.0594 0.0575 0.0474 0.9954 186.50 7.25 -6.31 0.07 0.37 11.24 -1.5800 -1.0500 1.8200 0.6744 -3.4678 0.0344 3.66 1.60 8.95 175 353 263 298 163 
0.0699 0.2699 0.0666 0.9580 188.62 36.75 -11.06 7.96 -2.31 13.30 -1.1900 -6.1200 -6.5000 2.4900 -18.7011 3.5578 9.41 -0.62 -2.68 143 350 175 166 111 
-0.2377 0.9000 0.0255 0.3644 88.00 36.19 134.31 2.73 -1.14 -6.59 -2.7700 5.4600 -1.4600 5.7056 0.1567 1.5556 4.94 -8.14 -2.31 145 351 180 173 115 
-0.6108 0.7324 0.0282 0.2994 49.63 26.87 90.00 2.46 -3.72 0.96 -1.8600 4.7400 0.8200 0.9578 0.3689 0.4989 4.08 -8.85 1.07 142 352 184 175 118 
-0.6919 0.6570 0.0134 0.2991 47.38 24.56 81.06 3.89 -7.75 0.79 -0.1300 0.7100 -0.8700 0.0556 -0.0489 -0.2800 4.26 -8.71 1.42 143 343 183 176 119 
-0.7043 0.6329 0.0331 0.3199 48.00 26.69 70.56 10.97 -9.44 -12.68 5.9600 2.2200 -13.7300 6.5678 2.4578 1.1700 3.03 -6.37 6.80 147 358 187 180 120 
-0.9113 0.2625 0.0045 0.3173 36.94 8.00 23.00 -6.93 8.46 20.30 -8.4400 10.8200 10.5700 -1.4756 -0.0756 -0.7222 1.29 -3.99 8.86 151 364 192 184 123 
-0.8909 0.2722 -0.0115 0.3635 46.81 12.25 33.56 2.67 -2.86 6.57 1.6200 3.5200 -0.7200 -3.4389 0.1189 -1.5733 2.96 -6.76 6.45 189 350 255 234 165 
-0.7409 0.4764 -0.0760 0.4673 73.44 20.37 61.38 8.31 -6.93 1.63 10.0400 1.2700 -3.2200 -6.6422 9.9956 -3.7900 3.51 -8.78 2.58 132 311 331 401 219 
-0.2427 0.3309 -0.5523 0.7256 146.44 7.25 83.87 2.04 -10.07 1.33 3.5000 -1.1100 -0.5800 -2.5989 1.7378 2.6089 -0.66 -9.72 -1.03 112 328 335 376 215 
-0.1962 0.1374 -0.7709 0.5901 144.75 -9.13 107.12 -5.28 -7.66 -4.51 -2.8500 1.6700 -2.1500 -1.3722 0.9878 0.3956 -1.62 -8.77 -4.05 115 324 327 357 212 
-0.1499 0.0922 -0.8315 0.5269 148.19 -8.19 112.69 -4.35 -6.72 -9.35 -4.1900 1.1900 -7.7600 1.8589 -0.0011 -0.7511 -0.92 -9.35 -2.77 120 328 332 373 215 
-0.1215 0.1157 -0.7317 0.6607 164.06 0.44 86.06 -2.28 -2.32 8.27 1.5100 6.5500 14.7400 4.0289 1.6000 -0.7789 0.54 -8.86 4.15 124 346 346 387 216 
-0.0557 0.0999 -0.5709 0.8130 172.19 6.00 75.00 1.73 -6.36 0.18 -0.6100 4.0000 -4.2700 -4.1933 -0.7589 0.2489 1.00 -9.72 -0.80 122 346 343 388 218 
-0.0857 0.1655 -0.7260 0.6620 166.06 6.62 91.00 -3.77 -1.64 -7.19 -4.8300 8.2500 -5.7800 6.2600 2.5378 -1.1756 1.43 -8.70 4.28 130 347 347 387 218 
-0.0240 0.0908 -0.4522 0.8870 176.19 10.81 54.00 3.28 -9.68 9.68 -0.2500 -1.7600 1.1800 -1.0322 -1.1711 -0.1122 2.46 -8.12 4.91 134 344 349 366 215 
-0.0634 0.1924 -0.4722 0.8579 168.56 15.56 60.13 3.16 -7.88 6.56 1.7100 0.0300 0.4200 0.7733 -1.2744 1.4956 2.28 -8.22 4.82 183 245 234 208 121 
-0.1754 0.1423 -0.4832 0.8459 153.75 -3.62 60.19 3.20 -9.33 -2.32 4.1500 0.9500 -8.0100 0.7044 3.2589 4.6911 -4.87 -7.20 4.52 209 168 173 173 106 
-0.3566 -0.2095 -0.4805 0.7734 125.00 -47.50 47.25 -3.78 0.50 2.34 4.8700 4.2600 -2.2200 1.3467 -1.2533 3.4322 -7.89 -2.29 5.34 209 178 181 176 109 
-0.5524 -0.3206 -0.2797 0.7169 100.25 -47.75 -6.56 -13.20 5.80 16.79 -8.0200 3.0000 9.6600 0.2767 -1.9256 1.8711 -6.02 2.35 7.37 209 182 182 177 107 
;
