0.8151 -0.1384 -0.5193 -0.2165 29.75 65.06 0.06 8.93 -0.09 4.09 0.0300 -0.1000 -0.0800 0.0022 0.0122 -0.0289 8.89 0.00 4.13 183 352 343 345 212 
0.8149 -0.1367 -0.5201 -0.2164 29.75 65.00 -0.37 8.85 0.12 4.13 -0.0400 0.0700 0.0000 0.0011 0.0422 -0.0211 8.87 0.04 4.16 181 353 343 385 212 
0.8163 -0.1334 -0.5186 -0.2166 29.75 64.75 -1.00 7.98 0.22 4.39 -1.2500 0.2400 0.4700 0.0133 -0.9767 0.1767 9.19 -0.06 3.41 183 343 320 385 212 
0.7438 -0.1797 -0.6179 -0.1811 27.69 84.56 4.69 14.36 2.06 3.56 5.7700 2.7800 3.1900 -2.6233 -1.6278 1.6756 9.50 -1.94 -1.40 179 352 254 266 189 
0.5878 -0.4464 -0.6565 -0.1555 25.06 58.69 128.50 13.08 -5.72 -6.34 4.0200 -0.9700 -4.0100 -0.0167 0.9533 3.7856 6.91 -6.15 -3.23 165 348 204 211 140 
0.6059 -0.6295 -0.4864 0.0065 352.50 30.25 102.87 0.48 -5.72 -5.23 -4.8100 3.5100 -3.2900 2.2522 1.9011 2.5156 3.02 -9.31 0.53 117 346 184 189 118 
0.7482 -0.5970 -0.2586 0.1299 339.50 11.69 77.81 -1.41 -5.66 1.39 -2.4000 3.5300 -0.2800 1.5056 0.2633 0.1200 1.73 -9.11 3.17 113 359 181 186 117 
0.8171 -0.5173 -0.2059 0.1496 340.06 10.75 65.94 0.64 -7.64 4.98 -1.1600 0.9500 0.8300 0.2100 -0.0200 -0.3489 2.06 -8.64 4.15 113 369 187 190 118 
0.8411 -0.4810 -0.2089 0.1326 341.06 12.69 60.13 4.91 -11.67 -7.63 3.3800 -1.0300 -10.4400 4.6933 -1.2044 1.1244 2.03 -6.69 6.87 117 383 192 194 121 
0.9175 -0.2430 -0.1739 0.2623 326.06 10.63 28.31 0.36 5.19 19.64 -2.6300 9.1100 12.0100 -0.9844 0.7956 -0.4444 1.43 -4.80 8.42 118 388 194 200 126 
0.9102 -0.2974 -0.1682 0.2343 333.56 10.81 45.19 0.57 -3.63 5.94 -1.4900 3.9900 -0.4500 -4.4533 0.0856 -1.7078 2.74 -8.40 4.24 124 388 201 206 129 
0.8109 -0.5182 -0.2707 0.0262 6.12 30.56 69.75 6.08 -7.23 -1.04 0.5100 0.2200 -3.8800 0.6611 1.4844 -4.5544 6.98 -5.71 3.84 129 403 205 208 133 
0.8033 -0.3991 -0.3307 -0.2934 43.13 50.88 39.31 11.07 -3.62 6.64 2.8700 0.5500 2.2200 -0.1000 1.0933 -1.1344 7.58 -3.09 5.39 129 407 208 209 133 
0.7957 -0.3310 -0.3131 -0.3992 56.31 48.75 22.00 6.07 -2.11 4.69 -0.2700 0.0600 -2.0100 0.6378 1.0344 -1.3444 6.98 -1.44 6.73 128 406 206 208 131 
0.7776 -0.2440 -0.3022 -0.4945 64.44 45.63 2.87 13.18 0.70 4.70 7.8600 0.8500 -1.6800 2.0511 0.0567 1.2189 7.00 0.36 6.85 130 405 208 209 133 
0.8433 -0.1414 -0.3483 -0.3840 43.13 40.50 -0.06 3.69 4.91 17.17 -2.6100 4.9400 8.2700 -0.6844 2.5689 2.5200 4.89 -1.31 8.39 129 402 208 210 133 
0.9429 -0.1566 -0.1329 -0.2623 31.69 14.88 16.94 -3.10 -2.32 6.58 -4.4800 1.0100 -3.9300 -2.3678 1.0878 -0.4422 1.65 -4.53 8.53 128 404 208 211 134 
0.9023 -0.2848 -0.0115 -0.3234 42.19 14.19 31.50 -0.46 -1.08 1.65 -2.7200 4.0500 -6.0800 0.3744 -1.2633 -2.1667 3.85 -4.34 7.90 130 404 210 210 134 
0.8368 -0.2952 -0.1446 -0.4379 57.44 34.81 22.00 11.85 -0.14 -0.93 9.5000 2.5000 -6.8300 2.6544 -1.3833 -1.4367 6.89 -0.94 6.90 130 393 208 210 135 
0.8015 -0.2054 -0.3723 -0.4206 51.31 53.00 0.88 10.85 1.72 16.06 0.1100 2.3500 9.9900 -0.5233 -0.1267 1.6044 8.01 -1.03 5.55 132 390 211 213 135 
0.8224 -0.2596 -0.3840 -0.3298 44.38 52.75 18.87 7.51 -2.38 4.98 0.0900 -0.4800 -1.2100 -0.3556 0.2189 -0.1922 7.70 -2.03 5.71 143 392 213 218 142 
0.8190 -0.2690 -0.3560 -0.3608 48.75 49.63 14.25 5.53 -1.92 4.13 -1.7500 -0.5500 -2.9200 -0.2200 0.6467 -0.8911 7.13 -1.08 6.63 166 364 258 273 179 
0.8148 -0.2241 -0.3381 -0.4143 53.69 48.31 4.69 7.37 -0.08 7.05 -0.1500 0.4400 1.3000 0.4667 -1.0800 0.1289 7.69 -0.17 6.07 186 355 335 369 201 
0.7913 -0.2221 -0.4251 -0.3792 50.00 61.19 3.81 12.17 1.79 5.27 4.2900 2.2800 1.7600 1.8967 -0.4400 -0.4267 8.99 0.32 3.89 187 368 347 406 212 
;
