0.2876 -0.0708 -0.4232 -0.8563 142.87 21.44 -47.19 3.73 6.72 6.11 0.0900 0.0500 -0.0800 0.0000 0.0144 -0.0122 3.58 6.69 6.19 172 369 359 438 214 
0.2875 -0.0720 -0.4224 -0.8566 142.87 21.56 -46.94 3.80 6.92 6.88 -0.0700 0.5200 1.0000 -1.2978 -0.1189 0.4144 3.91 5.90 6.78 170 347 330 299 212 
0.2988 -0.1584 -0.3331 -0.8801 141.87 35.38 -28.19 11.06 3.12 4.87 4.8800 0.0200 -1.3800 -1.3500 -8.4600 4.7311 9.57 0.09 2.11 138 290 215 202 142 
0.3658 -0.7312 -0.2840 -0.5009 87.00 54.19 136.19 11.21 -4.56 -8.47 3.7300 1.4500 -2.3500 4.6111 -3.1922 3.1467 4.84 -7.25 -4.47 114 312 192 182 122 
0.5966 -0.7554 -0.2635 -0.0628 4.62 21.62 100.69 1.84 -4.22 -5.85 -1.4700 4.7200 -8.3000 4.9867 0.1889 0.7889 2.97 -9.20 1.61 108 340 187 189 122 
0.8318 -0.4977 -0.2283 0.0912 345.31 16.56 57.19 4.79 4.56 23.66 -1.8700 8.1500 11.3500 -0.9689 1.6056 -0.2622 2.42 -7.79 5.43 114 365 203 192 127 
0.8629 -0.4594 -0.1983 0.0718 351.94 17.19 60.56 2.07 -4.12 5.47 -0.9900 4.7000 1.2400 -0.9856 0.0711 -1.7267 3.90 -8.08 3.94 147 367 261 255 181 
0.8206 -0.5024 -0.2563 -0.0930 25.94 36.06 62.94 7.20 -4.02 0.35 0.8100 1.9000 -3.2200 -0.6044 6.8144 -8.5633 6.84 -3.51 6.07 179 342 291 340 207 
0.6099 -0.2120 -0.2079 -0.7348 112.50 24.50 -17.25 5.69 9.97 7.20 5.2000 8.0000 0.1400 2.7378 2.8311 -6.1778 0.63 5.79 7.88 190 390 336 428 213 
;
0.3047 0.1437 -0.3243 -0.8840 143.12 -2.75 -42.81 -0.06 10.75 9.83 3.5100 10.0400 4.8100 2.1867 -0.8478 0.2767 0.05 7.30 6.53 173 388 344 429 216 
0.2915 0.1068 -0.3566 -0.8812 143.62 1.69 -43.13 0.14 6.11 5.60 0.1600 0.6300 -0.2300 0.3289 0.1578 -0.1989 0.10 6.88 6.97 153 376 355 429 217 
0.2846 0.1063 -0.3613 -0.8816 144.00 1.69 -43.63 -1.18 7.65 8.33 -1.7000 1.2200 1.4200 -2.2411 -1.6556 0.6967 1.28 5.77 7.82 153 356 334 312 210 
0.3093 -0.1186 -0.2787 -0.9014 138.44 38.88 -22.87 10.51 0.41 1.19 4.1300 -1.1300 -5.3400 2.7267 -13.1078 7.3122 9.34 -2.30 -1.88 121 314 246 239 179 
0.4852 -0.7530 -0.3586 -0.2627 35.88 38.25 120.44 7.38 -4.12 -2.39 1.4400 2.9400 0.6500 3.5911 -1.7733 2.7244 3.65 -8.73 -2.55 121 274 207 208 148 
0.6656 -0.6929 -0.2750 0.0341 352.69 17.37 91.44 -0.18 -6.82 -8.58 -2.9900 3.3600 -8.5500 4.5056 0.7622 -0.0656 2.76 -8.97 2.83 113 287 198 192 130 
0.8540 -0.4669 -0.2116 0.0889 348.06 15.38 54.75 4.33 1.39 16.23 0.9300 6.8100 7.6900 -0.1378 0.6978 0.1178 2.22 -7.50 5.91 116 317 204 194 135 
0.8821 -0.4355 -0.1638 0.0733 351.50 13.69 55.94 2.08 -5.66 4.57 -0.4000 3.5100 0.0900 -0.5444 -0.2922 -1.4589 3.31 -7.86 4.83 129 343 226 219 161 
0.8562 -0.4676 -0.2128 -0.0543 18.75 28.87 57.44 4.64 -2.97 4.24 -0.4800 2.6400 -1.8700 -1.3489 5.8878 -8.7644 6.25 -3.79 6.52 155 316 265 272 198 
0.6248 -0.2329 -0.1915 -0.7202 112.25 27.69 -13.81 4.34 4.49 7.64 0.6900 0.9100 -0.7900 2.0444 2.7722 -6.0056 0.75 5.19 8.28 180 376 341 391 210 
;
0.2894 0.1000 -0.2958 -0.9048 146.62 -1.87 -37.94 0.24 9.67 8.99 0.3000 2.1300 0.9400 0.3833 0.2089 -0.6078 -0.80 6.28 7.48 181 394 353 334 207 
0.2470 0.1542 -0.3328 -0.8969 149.31 -6.62 -40.69 -1.57 5.04 6.18 0.6700 -0.1200 0.7200 -0.0111 0.4922 -0.1800 -1.07 6.21 7.50 177 373 356 353 210 
0.2456 0.1288 -0.3066 -0.9105 149.19 -0.62 -36.81 -1.66 9.14 11.45 -0.0800 3.3300 3.0600 -2.5256 -8.5000 4.5511 5.34 3.78 7.29 161 359 286 257 178 
0.3582 -0.4673 -0.3017 -0.7499 115.12 82.69 43.69 16.05 -1.32 -4.15 6.0600 1.6500 -2.1500 3.0500 -5.4256 6.5789 6.88 -6.31 -2.99 125 348 210 201 138 
0.5932 -0.7488 -0.2570 -0.1459 17.00 26.19 102.00 2.21 -4.29 -1.22 -1.9900 4.8300 -1.5800 3.1544 0.2244 1.4411 3.12 -9.28 0.48 121 257 173 174 121 
0.7839 -0.5925 -0.1851 0.0100 356.81 14.63 67.81 3.04 0.98 8.07 2.6600 12.3300 11.7100 3.9700 0.3311 0.2000 2.12 -7.23 6.27 124 286 188 180 120 
0.9018 -0.4069 -0.1316 0.0621 352.69 11.13 52.06 2.18 -7.05 3.16 0.4200 1.2000 -1.4900 -0.8411 -0.2333 -0.8878 2.43 -7.89 5.28 131 311 207 192 140 
0.8661 -0.4664 -0.1797 0.0004 3.19 21.00 59.25 3.71 -3.01 5.84 -0.9200 5.1400 0.8200 -1.0811 0.8711 -3.7933 5.25 -7.07 4.31 151 322 263 255 189 
0.7899 -0.4732 -0.2294 -0.3154 59.69 45.88 43.50 6.85 -2.83 3.46 -1.3000 0.8400 -1.4900 0.5711 3.4356 -8.2933 6.94 -0.11 6.92 178 341 325 341 207 
;
0.5067 -0.2073 -0.2974 -0.7822 121.44 34.44 -25.62 6.28 6.88 6.96 0.7600 3.0400 -1.1100 0.7478 2.0256 -3.8589 2.96 5.39 7.62 179 382 347 411 216 
0.3010 0.0129 -0.3306 -0.8944 143.44 9.38 -37.94 6.46 17.48 14.11 4.7000 9.9500 12.8500 0.9478 0.4811 0.3022 2.26 6.55 6.93 177 363 352 413 206 
0.2957 -0.0349 -0.3566 -0.8855 143.50 17.69 -38.25 3.94 7.63 9.13 0.8900 3.0500 2.9100 -2.2300 -3.1256 1.7167 5.35 4.15 7.08 156 363 333 305 210 
0.3184 -0.3759 -0.2728 -0.8264 128.25 70.06 -8.00 15.39 0.61 -0.70 5.4600 2.3000 -0.9800 1.6811 -5.6356 6.1778 8.83 -4.08 -1.18 122 353 209 211 143 
0.5468 -0.7352 -0.2517 -0.3116 43.31 38.81 105.50 5.76 -4.54 -2.80 -0.4100 3.9100 -1.4400 3.3856 -2.3822 3.2900 3.78 -9.01 -0.77 114 313 195 193 129 
0.7268 -0.6562 -0.2028 -0.0052 357.12 15.75 81.56 1.95 -6.40 -6.45 -0.9600 2.3100 -10.1100 4.8200 -0.0822 0.3800 2.23 -8.37 4.58 119 313 190 186 125 
0.9009 -0.3823 -0.1759 0.1057 346.00 13.50 44.00 2.37 3.69 17.95 -0.8900 7.6800 7.3200 -1.6178 0.3589 -0.2856 2.14 -7.00 6.51 115 330 196 192 127 
0.8943 -0.4099 -0.1660 0.0676 352.87 15.81 52.06 3.72 -3.98 6.04 0.7400 3.6100 0.7600 -0.4133 0.2144 -2.5267 3.91 -7.03 5.59 147 343 261 251 186 
0.8751 -0.4064 -0.2268 -0.1326 30.00 34.94 45.00 4.64 -1.75 4.74 -1.2700 2.4600 -1.5000 -1.3456 2.9167 -8.1067 6.78 -2.60 6.58 167 361 309 323 208 
;
0.6358 -0.2495 -0.2448 -0.6881 108.31 34.25 -14.00 3.86 5.31 6.12 0.0000 3.3100 -1.4900 1.6900 2.9022 -5.8067 1.67 5.07 8.22 184 392 351 403 212 
0.3387 0.0186 -0.2913 -0.8945 139.50 10.69 -33.44 3.27 7.66 6.78 0.4600 2.0100 -1.3100 -0.0289 0.1400 -0.4033 2.03 5.62 7.77 185 388 353 429 211 
0.3164 0.0096 -0.3847 -0.8671 139.44 14.81 -42.88 1.25 7.45 7.70 0.0100 1.8900 0.5200 -1.6200 -3.8422 1.6400 5.30 4.82 6.69 183 354 349 353 215 
0.3440 -0.3233 -0.3375 -0.8144 130.25 58.75 -26.62 16.50 1.95 0.14 6.9500 1.4000 -2.6700 1.7611 -6.4144 6.8833 9.30 -2.99 -0.75 155 357 261 231 159 
0.5504 -0.6960 -0.2983 -0.3516 50.31 46.38 102.06 6.82 -4.32 -2.05 0.0200 2.7100 -1.4300 3.1711 -1.3544 3.3522 4.95 -8.45 -0.27 133 335 233 217 142 
0.7397 -0.6313 -0.2253 -0.0602 4.69 21.19 78.81 2.46 -5.12 1.77 -0.7200 4.1400 -0.7900 3.0533 0.6678 0.5122 2.86 -8.51 3.94 133 328 238 213 144 
0.8715 -0.4613 -0.1636 0.0319 353.94 12.94 52.38 4.24 -0.57 4.90 0.9700 10.0800 4.8800 3.5589 0.3300 0.8344 1.46 -5.94 7.65 141 347 232 204 136 
0.9369 -0.3190 -0.1006 0.1017 349.37 7.62 40.56 3.06 -7.60 3.66 2.6500 -1.0500 -2.2400 -0.4733 -0.2956 -0.5878 1.79 -6.65 6.97 143 356 236 212 144 
0.9182 -0.3670 -0.1393 0.0534 354.37 14.94 45.31 0.81 -1.71 7.57 -0.5400 5.3800 0.5700 -0.0933 -1.0544 -3.0378 4.60 -5.97 6.26 143 332 279 264 189 
0.8796 -0.3544 -0.2766 -0.1554 32.31 41.69 40.31 7.24 0.06 2.70 0.5700 3.8700 -2.9300 -2.6744 3.1689 -8.6033 7.25 -1.39 6.44 153 329 309 317 203 
;
0.5998 -0.1901 -0.2832 -0.7238 110.75 32.25 -22.75 6.25 9.41 5.05 2.1000 5.8400 -2.6200 2.0478 -1.7378 -2.0322 4.87 5.33 6.62 163 352 357 409 213 
0.3909 -0.1111 -0.4290 -0.8068 130.81 29.31 -45.00 4.30 6.93 4.86 -0.4200 1.7400 -0.7500 -0.3600 -0.2011 -0.8889 4.33 6.11 6.32 161 364 358 435 205 
0.3481 -0.0557 -0.4393 -0.8262 134.50 24.25 -46.50 2.02 7.26 6.54 1.7600 2.1100 0.3300 -1.3100 -1.6667 1.5656 5.57 5.17 6.18 170 350 358 413 220 
0.3783 -0.2324 -0.3641 -0.8187 127.44 46.69 -26.81 10.54 4.65 7.43 1.3100 1.9900 1.6800 -1.9622 -2.9189 4.1822 8.80 -0.78 4.23 176 378 301 292 197 
0.5137 -0.5950 -0.2449 -0.5676 78.50 60.69 90.00 12.66 -3.69 -2.25 3.9400 2.8400 -0.6600 3.2744 -4.0600 4.8000 5.64 -7.90 -1.30 136 308 196 192 129 
0.6951 -0.6679 -0.2614 -0.0498 0.37 21.87 85.25 2.80 -2.09 -6.25 0.0300 8.8900 -3.5400 6.0722 -0.3656 0.7011 3.01 -8.20 4.45 132 334 185 172 117 
0.8886 -0.3822 -0.2225 0.1215 344.06 17.00 47.25 3.07 -2.62 7.74 0.1600 3.5300 1.4900 -0.1433 0.3500 -0.0900 2.71 -6.75 6.56 132 349 184 176 121 
0.9017 -0.3627 -0.2019 0.1207 345.06 16.00 47.63 4.11 -6.44 5.97 1.2800 0.7500 -0.4200 -0.1778 0.2167 -0.3622 2.77 -7.01 6.26 149 348 198 190 138 
0.9025 -0.3715 -0.2019 0.0813 351.87 18.06 47.75 3.84 -4.10 5.71 0.6700 2.6600 -0.2100 -0.6778 0.5989 -1.7456 3.63 -6.82 6.03 153 330 300 285 190 
0.8926 -0.3854 -0.2084 -0.1056 23.19 30.75 44.75 3.32 -3.76 6.00 -2.0900 1.8900 -0.1000 -1.7978 2.1256 -6.4922 6.47 -3.93 6.22 169 328 302 309 203 
;
0.7044 -0.2973 -0.2174 -0.6068 95.06 37.44 -1.75 2.37 4.58 7.00 -1.4600 4.4000 -0.3500 1.8844 1.4144 -7.2800 3.64 4.25 8.04 173 350 347 365 208 
0.3499 0.0089 -0.2981 -0.8881 141.62 6.87 -34.69 0.25 8.92 7.44 -0.6000 3.2100 -0.7900 1.2567 -1.3800 0.0856 1.40 6.24 7.42 171 359 328 290 195 
0.2880 -0.0065 -0.3799 -0.8790 142.75 10.69 -39.00 -0.15 6.80 9.18 -1.7200 0.8700 0.9700 -0.5744 -2.9256 1.0433 3.37 5.47 7.40 172 348 318 332 206 
0.3265 -0.2305 -0.3339 -0.8537 132.69 51.94 -27.87 12.69 0.98 1.93 4.8500 -0.5400 -2.1000 0.8511 -9.4356 7.0267 9.54 -2.00 -1.00 160 346 247 227 150 
0.4724 -0.7602 -0.3206 -0.3101 39.69 37.06 121.94 7.94 -4.79 -6.19 2.2000 2.7200 -1.5900 3.9656 -0.6633 2.0700 3.34 -8.93 -2.27 151 338 213 197 134 
0.6833 -0.6814 -0.2609 0.0253 355.19 19.12 88.12 2.76 -5.63 -3.84 0.6300 2.2100 -8.3100 3.7122 0.1178 0.6889 2.95 -8.92 2.78 135 333 196 187 128 
0.8707 -0.4108 -0.2361 0.1316 346.12 17.50 42.31 0.70 13.24 24.82 -1.0800 13.0900 10.1800 -0.9433 0.8244 0.0289 2.38 -5.98 7.38 142 338 202 191 131 
0.9247 -0.3327 -0.1684 0.0761 351.44 16.00 42.50 4.43 -4.12 6.74 0.9700 3.0800 0.2200 -0.4344 -0.0044 -0.6067 3.01 -6.48 6.70 145 352 247 240 173 
0.9155 -0.3530 -0.1929 0.0074 3.94 23.19 42.94 4.33 -0.58 6.97 0.0300 5.0400 -0.2700 -3.0422 1.3978 -4.4533 5.28 -5.77 5.90 170 342 294 306 203 
;
0.8143 -0.3960 -0.2109 -0.3683 63.56 43.13 31.31 4.86 -1.92 4.89 -2.8200 0.1100 -1.3800 0.1756 2.3722 -8.3556 6.36 0.97 7.39 173 360 327 356 210 
0.4866 -0.1973 -0.2756 -0.8052 122.44 34.25 -20.94 9.50 7.98 6.91 4.4800 4.8600 0.0700 0.1600 1.0489 -2.0578 4.73 3.79 7.70 169 375 347 400 213 
0.3522 -0.1119 -0.2986 -0.8799 138.50 20.62 -32.06 3.29 8.65 11.06 1.0800 3.9900 4.2100 1.7822 0.4244 -1.1011 2.67 6.14 7.16 175 366 362 421 214 
0.2936 -0.0570 -0.3581 -0.8845 143.69 21.19 -38.44 5.19 8.22 8.71 1.1200 2.8500 1.3700 -1.9144 -3.8433 2.4389 6.72 3.59 6.15 166 361 289 269 182 
0.3424 -0.4792 -0.3060 -0.7479 119.06 83.75 2.87 16.28 -0.47 -1.37 4.7500 0.5300 -1.2400 2.9022 -6.2044 6.2289 7.64 -5.27 -3.14 161 345 226 224 153 
0.5437 -0.7693 -0.2773 -0.1887 25.44 30.19 110.62 4.96 -5.11 -1.78 0.9400 3.2400 1.1700 2.7167 -0.5311 1.5411 3.46 -9.05 -1.50 143 324 216 213 151 
0.6931 -0.6846 -0.2256 0.0059 357.56 16.62 86.81 2.42 -8.09 -11.09 0.2800 3.6000 -9.8700 5.8022 0.4611 0.5956 2.37 -8.48 4.30 151 327 221 214 149 
0.9044 -0.3884 -0.1581 0.0797 349.69 12.25 43.63 1.21 3.00 15.00 -0.6800 6.6600 4.2200 -0.7267 0.1878 -0.6978 2.20 -6.66 6.84 148 337 221 213 149 
0.9114 -0.3831 -0.1472 0.0305 357.25 14.88 47.19 3.29 -4.27 6.53 0.6500 3.6500 1.0400 -0.1111 0.3311 -2.0367 3.46 -6.57 6.39 152 350 259 257 185 
;
