0.0045 -0.1500 -0.1311 -0.9799 179.44 17.12 -15.50 2.88 2.65 8.99 -0.0100 0.1300 -0.0200 -0.0056 0.0011 -0.0011 2.89 2.51 9.02 301 444 431 440 327 
0.0042 -0.1499 -0.1312 -0.9799 179.50 17.12 -15.50 2.86 2.60 9.04 -0.0800 0.0600 0.0400 0.0022 0.0100 0.0011 2.88 2.51 9.02 298 443 432 440 325 
0.0042 -0.1497 -0.1314 -0.9800 179.50 17.06 -15.50 2.85 2.67 9.11 -0.3600 0.0900 0.2900 0.0256 -0.2056 -0.0633 3.05 2.52 8.96 299 464 423 456 327 
0.0004 -0.2002 -0.1167 -0.9728 177.69 29.50 -14.38 11.25 2.21 9.24 6.7800 -0.8400 0.7400 1.7500 -11.4189 3.3511 9.46 1.27 2.20 259 475 291 302 254 
0.1991 -0.8085 -0.1781 -0.5243 116.00 54.13 147.94 10.56 -0.43 -6.77 2.9600 4.4500 -1.1300 6.6378 -2.9422 3.7511 5.53 -7.09 -3.89 205 437 263 267 211 
0.6116 -0.7606 -0.1278 -0.1765 23.94 21.25 93.25 0.69 -1.45 0.77 -1.7600 8.0100 -0.1700 3.7989 0.4633 1.0611 2.53 -9.09 2.66 201 427 256 269 210 
0.8245 -0.5518 -0.0775 -0.0983 14.38 13.31 64.25 0.42 -4.41 5.74 -1.0100 2.8000 1.4000 0.3456 0.1178 -0.1011 2.25 -8.42 4.48 208 427 268 273 215 
0.8504 -0.5084 -0.0644 -0.1194 14.81 12.63 58.63 7.23 -13.32 -11.09 5.4900 -2.4600 -14.1200 4.3944 0.5556 2.0511 1.05 -6.65 7.13 210 442 275 281 219 
0.9585 -0.2847 -0.0152 0.0074 355.69 1.25 28.25 -2.18 5.84 22.71 -2.2200 8.5200 11.6200 -1.2244 0.5178 -0.4744 0.23 -4.71 8.59 214 446 281 287 225 
0.9532 -0.3010 -0.0260 0.0046 1.87 3.87 40.06 1.65 -2.94 5.94 0.5400 4.2800 -1.3500 -4.0500 -0.8522 -0.9156 1.58 -8.10 5.28 248 440 301 309 245 
0.8173 -0.5666 -0.0601 -0.0856 19.06 12.44 75.94 -4.34 -6.35 -6.36 -7.4300 2.7900 -9.5300 -4.8656 -1.9433 -3.7878 4.44 -8.61 -1.45 120 488 287 305 243 
0.5792 -0.7632 -0.2269 -0.1747 34.56 34.63 110.19 11.92 -9.01 -5.25 8.2700 -0.9500 -1.4700 1.3856 -2.7344 -0.6989 5.48 -7.55 -2.98 259 500 299 303 245 
0.6011 -0.7095 -0.3601 -0.0745 10.38 32.00 106.81 3.69 -6.98 -3.17 -1.2600 0.7700 -1.3700 3.3844 -0.4222 -0.8356 5.46 -8.09 -0.88 249 504 309 304 243 
0.6605 -0.6008 -0.4489 0.0368 354.81 32.50 98.87 1.57 -7.60 -3.73 -3.4800 -0.0300 -2.4300 -1.6556 -0.4978 -0.3778 5.41 -7.96 -1.84 249 515 320 310 250 
0.6945 -0.5922 -0.4084 -0.0155 357.56 35.13 95.25 7.62 -5.08 3.34 -1.0000 2.3000 2.3900 -2.3678 2.5144 0.0500 5.66 -7.91 -1.16 259 506 326 317 258 
0.6134 -0.6722 -0.4058 -0.0853 23.94 40.81 111.31 6.52 -2.05 -2.34 -0.1600 3.4500 -0.5100 -2.0533 7.3522 -3.2611 8.67 -4.56 0.25 269 421 345 345 284 
0.6053 -0.4673 -0.3076 -0.5662 89.62 62.19 8.63 12.33 3.90 5.39 6.3300 4.1800 1.3800 0.8711 -3.3667 -1.1178 9.36 0.77 2.80 290 432 393 400 302 
0.5274 -0.4144 -0.4811 -0.5645 94.81 77.06 -30.44 11.17 1.57 3.77 1.0700 0.4000 2.0500 -0.4600 -0.8389 0.0789 9.64 1.02 1.45 285 431 385 386 291 
0.4935 -0.4511 -0.4838 -0.5648 98.19 80.94 -39.19 10.03 1.22 1.09 0.3500 0.2200 0.0400 -0.0344 0.0289 0.0456 9.68 0.96 1.19 287 430 385 385 291 
;
