-0.1102 0.6833 0.3114 0.6511 160.75 73.37 -116.62 9.40 2.46 -1.37 0.0100 -0.0500 -0.1500 0.0022 0.0156 -0.0022 9.39 2.49 -1.25 158 319 310 339 209 
-0.1106 0.6830 0.3112 0.6515 160.69 73.50 -116.37 9.36 2.37 -1.27 -0.0500 -0.1000 -0.0700 0.0167 -0.0022 -0.0022 9.40 2.49 -1.23 163 322 310 338 209 
-0.1113 0.6829 0.3116 0.6512 160.56 73.50 -116.62 9.36 2.47 -1.36 -0.0300 -0.0200 -0.1000 0.0000 -0.0078 0.0022 9.40 2.48 -1.24 158 327 309 340 212 
-0.1111 0.6832 0.3116 0.6510 160.62 73.44 -116.69 9.80 2.59 -1.52 1.1100 0.2600 -0.3100 -0.1589 -0.0400 0.3511 9.45 2.25 -1.29 162 332 290 265 206 
-0.1161 0.6965 0.2619 0.6579 160.06 81.12 -113.62 16.89 2.69 2.84 6.8400 0.9800 2.8200 -1.5789 -0.7733 3.3667 9.76 -0.72 -0.59 174 362 186 186 125 
-0.1857 0.7270 0.0103 0.6610 144.00 68.12 96.81 10.86 -2.62 -4.58 1.7900 0.6000 -4.4800 0.2944 -1.7500 5.2389 7.02 -6.73 -1.17 122 343 177 174 113 
-0.4280 0.7079 -0.2285 0.5134 94.06 27.12 91.69 -4.75 -0.31 1.65 -9.3800 8.3500 3.5900 1.3378 0.2656 0.9189 3.55 -9.06 1.15 117 339 173 179 116 
-0.5276 0.6101 -0.2603 0.5307 92.44 22.94 84.06 2.42 -7.69 -4.13 0.0800 0.0200 -5.6000 -0.5967 0.1222 -0.7156 4.28 -8.81 0.38 119 341 171 183 118 
-0.5044 0.6229 -0.2520 0.5423 89.06 22.12 78.44 9.07 -9.31 -7.31 4.1600 1.4300 -9.0500 6.0100 0.3800 2.9611 1.79 -8.00 5.37 114 361 186 190 120 
-0.7791 0.3151 -0.1556 0.5192 66.94 2.19 35.38 -7.78 3.78 18.88 -6.1900 6.8900 7.1800 -1.0356 0.3900 -0.7067 0.17 -5.82 7.88 113 357 196 190 125 
-0.7448 0.3072 -0.1931 0.5601 75.56 4.31 43.94 -1.62 -6.10 4.15 -2.7600 0.6800 -2.1900 -0.6800 -1.1844 -1.5600 2.16 -7.10 6.40 147 349 215 215 153 
-0.6479 0.4301 -0.1447 0.6118 91.75 24.94 52.81 -0.44 -1.35 2.04 -5.2100 5.7500 -3.2500 -1.9100 1.2078 -6.0533 6.50 -5.48 4.87 157 327 250 246 176 
-0.2805 0.4423 -0.0358 0.8511 153.94 46.50 7.69 11.96 4.72 8.39 4.5100 4.3300 1.6600 1.2533 -0.6633 -3.5578 6.62 2.68 6.71 171 311 297 298 194 
-0.0566 0.4096 0.1963 0.8891 174.31 55.06 -28.75 16.80 3.17 10.61 8.6800 0.6500 6.5800 -1.8900 -2.7656 1.5089 9.24 1.35 2.98 171 326 249 239 155 
-0.0447 0.6427 0.0350 0.7640 170.50 81.69 53.13 17.62 -1.15 -1.43 6.9200 1.5900 -2.9100 -0.5400 -3.4644 5.4122 8.42 -4.72 -1.70 122 351 200 201 132 
-0.3040 0.7485 -0.2305 0.5425 106.44 34.06 103.06 0.49 -2.36 2.18 -5.5000 5.4400 2.8900 1.9622 0.3778 2.5144 3.67 -9.08 -0.16 117 341 198 201 135 
-0.4993 0.6253 -0.3204 0.5070 87.19 14.75 91.00 -3.37 -6.92 -2.18 -5.7900 1.7000 -2.6900 -1.3444 0.9889 -0.4200 1.99 -9.53 -1.09 117 338 183 193 129 
-0.4585 0.6362 -0.3705 0.4977 97.56 18.00 90.94 12.96 -10.87 -24.93 7.3200 5.3800 -16.3600 8.4456 0.0656 2.6633 1.44 -8.40 4.84 122 347 233 220 150 
-0.7123 0.2972 -0.1812 0.6094 81.44 4.87 38.75 -4.80 -0.76 11.10 -3.2000 2.7100 -1.0800 -1.7044 0.0156 -1.2111 1.24 -6.96 6.79 130 347 252 242 167 
-0.6583 0.3365 -0.2034 0.6418 87.87 10.38 45.75 6.07 -6.64 7.52 5.9200 0.1100 0.8600 -1.3122 0.9589 0.3744 1.30 -7.49 6.18 172 366 337 352 201 
-0.6449 0.3490 -0.2977 0.6113 89.94 -5.31 58.13 -1.22 -8.57 1.35 -3.5100 -2.3600 -5.9300 -4.7811 9.6000 0.6533 -3.99 -8.94 -0.51 173 415 352 389 216 
-0.3026 0.0895 -0.8143 0.4872 114.87 -24.37 114.56 -6.08 -4.26 -9.09 -1.3600 3.8200 -5.8000 0.8500 0.2333 -0.3411 -3.79 -8.43 -3.26 171 400 362 396 215 
-0.3074 0.0892 -0.7476 0.5820 129.50 -18.19 85.62 2.14 3.57 -12.46 6.6700 17.8700 -11.0500 11.1811 -1.1489 -1.2411 -1.85 -5.36 7.99 173 392 357 407 222 
-0.3277 -0.0222 -0.0773 0.9413 142.31 -4.19 -4.75 -0.05 11.29 17.51 1.0200 8.8100 7.5800 3.0478 -2.8500 0.6456 0.70 3.45 9.15 183 398 372 410 223 
-0.3109 -0.0086 0.2291 0.9224 143.12 10.13 -26.87 4.82 6.22 13.04 1.9200 1.2300 3.9900 -0.1644 -0.3033 0.0578 2.38 4.32 8.47 179 402 365 404 222 
-0.2983 0.0618 0.2410 0.9214 144.56 16.62 -22.44 4.15 2.88 8.53 1.1100 -0.9200 -0.8000 -2.9511 -2.2056 0.6311 4.13 1.73 8.72 181 386 332 324 212 
;
