-0.1830 0.0969 0.3249 0.9228 157.50 17.25 -36.19 2.92 5.58 7.51 0.0000 0.0400 -0.0800 0.0178 0.0111 -0.0089 2.91 5.54 7.54 185 334 314 309 195 
-0.1829 0.0956 0.3260 0.9225 157.56 17.12 -36.38 2.98 5.65 7.47 0.1200 0.0900 -0.0400 0.0300 0.0678 0.0067 2.86 5.57 7.54 187 337 316 310 194 
-0.1901 0.0920 0.3237 0.9223 156.12 17.00 -35.50 2.40 5.58 7.48 -0.6000 -0.0300 -0.2300 -0.2389 0.0856 0.1956 2.89 5.23 7.77 183 338 317 313 195 
-0.2054 0.0906 0.3096 0.9240 155.06 17.06 -34.19 2.63 5.04 7.54 -0.3100 -0.2100 -0.2300 0.3178 -0.1744 -0.4833 2.78 5.53 7.60 187 333 316 310 196 
-0.1762 0.0870 0.3337 0.9220 158.87 15.94 -38.06 1.64 6.15 8.28 -1.5800 0.2100 0.8900 0.2222 -1.7667 0.4244 3.56 5.86 7.00 185 318 315 319 194 
-0.1260 0.2621 0.3646 0.8846 166.69 40.94 -47.06 16.90 9.37 7.32 8.1700 4.0200 2.5800 -1.9233 -5.5622 3.2367 9.25 2.96 1.31 171 291 186 179 129 
-0.1286 0.7323 0.1865 0.6422 148.50 74.25 165.06 12.59 0.15 -10.13 4.1800 1.4400 -5.2700 3.8467 -1.6567 4.8400 6.73 -5.68 -4.30 117 318 158 152 105 
-0.4836 0.8011 0.0226 0.3519 63.56 30.87 102.12 -2.21 -3.36 -4.20 -6.3200 6.5200 -1.5300 4.1256 1.2267 1.2989 3.87 -8.88 1.48 118 305 167 151 108 
-0.7306 0.5930 -0.0246 0.3376 49.56 21.19 67.25 1.00 -3.93 4.37 -2.5000 4.0200 0.0800 1.4689 0.1244 -0.2667 3.62 -7.87 4.58 123 313 170 162 111 
-0.7798 0.5066 0.0010 0.3676 50.94 22.06 58.75 2.61 -5.41 4.71 -1.1600 2.2100 -0.0100 -0.7444 0.1367 -0.3733 3.84 -7.90 4.35 126 313 173 165 111 
-0.7504 0.5414 -0.0076 0.3790 52.69 22.75 64.37 8.80 -24.49 -28.37 8.7900 -12.5800 -30.8800 7.8789 1.3100 1.6233 2.21 -6.22 7.24 124 329 174 172 113 
-0.9448 0.1741 0.0050 0.2774 29.75 4.37 11.75 -7.43 13.26 24.31 -9.7000 11.9400 12.3500 -0.9833 -0.4389 -0.7356 0.83 -1.87 9.59 124 340 180 174 114 
-0.9418 0.1601 0.0085 0.2955 36.31 7.94 19.94 2.36 -4.72 6.51 0.7500 -1.1400 -2.5300 -0.8744 -0.4389 -0.4800 1.85 -3.96 8.77 125 342 177 174 115 
-0.9111 0.2433 0.0275 0.3315 40.81 13.00 26.94 0.57 -1.60 8.17 -2.4700 3.8400 -0.0100 -1.9156 -0.7600 -0.6078 2.79 -5.25 7.79 140 315 188 185 125 
-0.8375 0.3937 0.0291 0.3779 53.88 23.87 49.25 -0.43 -1.35 2.37 -1.8900 5.2300 -4.6100 -4.0567 0.7267 -5.6111 6.73 -6.09 3.69 121 267 324 362 221 
-0.4815 0.5673 0.0120 0.6680 118.44 50.88 50.75 11.26 -7.04 1.09 3.9400 -2.3400 -1.3900 0.3778 0.1600 -2.1578 8.00 -3.29 4.60 107 225 240 237 174 
-0.3071 0.5794 0.0271 0.7545 134.37 67.87 50.06 11.73 -2.90 -1.72 0.9600 0.8000 -4.2200 2.2733 -1.9556 -1.4900 9.60 -1.64 1.08 100 173 188 185 118 
-0.3182 0.6469 0.2361 0.6516 124.81 85.31 4.62 9.14 2.22 0.43 -0.9700 3.3300 0.9700 2.2267 -1.2744 -0.4556 9.75 -0.52 -0.83 100 177 184 182 115 
-0.3684 0.6389 0.3905 0.5509 111.50 80.56 169.94 10.44 0.59 -2.01 2.2000 1.8500 -4.2600 0.6667 -1.9000 -1.0089 9.34 0.14 -2.98 98 170 173 177 107 
-0.3954 0.6181 0.4916 0.4691 101.12 75.25 172.50 12.46 1.88 -1.33 -3.1600 0.9100 0.0500 -1.7744 1.7044 0.8311 9.51 -0.75 -2.24 105 183 188 186 116 
-0.3835 0.6500 0.3756 0.5378 111.62 81.69 128.37 8.15 0.53 1.48 -2.0700 2.4400 0.7400 -2.4222 -0.8000 0.0067 9.66 -1.22 -1.10 106 184 188 187 117 
-0.2755 0.7373 0.2705 0.5543 129.62 72.12 160.62 7.58 -0.18 -14.48 -3.1800 -0.5400 -14.2100 1.0833 0.7944 0.0744 9.36 -1.19 -2.64 101 178 180 182 106 
-0.2979 0.7444 0.3099 0.5109 120.87 69.31 157.12 7.06 -4.80 -4.00 -3.8700 -3.1300 -1.4400 -0.3100 0.8956 0.7567 9.25 -2.01 -2.54 105 181 190 187 114 
-0.3127 0.7500 0.2295 0.5358 119.50 71.75 132.50 12.71 -2.09 0.38 3.4100 0.3400 2.2100 -0.2500 2.7644 0.9933 9.36 -2.90 -0.08 108 201 209 186 127 
-0.3885 0.6052 0.0750 0.6907 124.44 54.00 46.00 7.10 -3.62 4.85 -0.1500 0.8700 -1.0900 -2.4856 7.3000 -0.6344 4.89 -5.31 6.62 138 332 319 364 214 
-0.2310 0.2254 -0.2408 0.9153 159.31 9.56 38.38 2.82 -5.97 6.06 0.1400 -0.1200 0.0800 -4.1211 2.6011 -0.7800 -0.16 -8.19 5.38 154 391 352 402 219 
-0.0527 0.0418 -0.5505 0.8321 173.19 0.31 75.94 1.36 -6.92 0.18 0.5600 2.5500 -2.7200 -4.3033 -0.3422 0.0800 0.00 -9.72 -1.26 117 350 325 364 218 
-0.0457 0.0408 -0.7924 0.6069 172.06 -1.75 107.62 -1.54 -7.43 -6.39 -1.9000 2.3000 -3.0800 -0.2233 -0.6067 0.0922 -0.52 -9.19 -3.36 114 329 311 328 205 
-0.0540 0.0396 -0.8020 0.5936 172.12 -0.25 100.81 -1.40 -2.70 -7.82 -1.2700 6.6200 -3.2400 6.6744 2.1300 -0.8544 0.62 -9.16 3.44 122 346 326 374 215 
0.0355 0.0071 -0.5071 0.8611 184.94 2.31 63.13 1.29 -9.36 18.20 1.7600 2.3600 11.5400 -5.3278 -1.9678 -0.4811 1.00 -9.74 0.47 118 337 323 353 214 
-0.0173 0.0767 -0.7717 0.6312 172.62 2.19 108.50 -5.32 -5.27 -26.02 -4.8800 3.0000 -22.0900 3.6144 0.5767 -0.6822 0.54 -9.56 -2.08 123 329 325 362 216 
-0.0021 0.0625 -0.6310 0.7733 181.87 4.81 70.94 1.33 -4.13 28.85 1.6100 3.5800 28.5900 -0.0789 -0.0633 -0.0033 0.70 -8.81 4.24 123 331 343 371 217 
0.0084 0.0652 -0.6028 0.7951 180.44 7.37 81.37 2.44 -6.47 -1.65 0.9800 3.5200 -4.4200 -2.9644 -0.2556 0.5111 1.03 -9.69 -1.02 127 319 332 363 216 
-0.0185 0.0842 -0.7573 0.6473 176.44 3.87 99.75 -0.59 -7.46 -5.15 -0.8900 2.2900 -3.6700 0.9689 -0.0700 -0.1611 0.66 -9.71 -1.13 140 296 318 334 212 
;
