0.7884 -0.1454 -0.4959 -0.3337 45.88 61.44 -12.25 8.57 1.10 4.65 -0.0500 0.1100 0.1400 0.0067 0.0189 -0.0044 8.60 0.99 4.58 167 354 354 402 215 
0.7889 -0.1450 -0.4950 -0.3339 45.88 61.38 -12.19 8.56 1.10 4.68 -0.0900 0.1000 0.1000 -0.0078 -0.0222 0.0078 8.61 0.99 4.57 169 353 351 398 213 
0.7882 -0.1458 -0.4960 -0.3338 45.88 61.63 -12.25 8.30 1.13 4.77 -0.2700 0.3700 0.3800 -0.2522 -0.5644 0.2511 8.83 0.72 4.19 170 375 336 362 214 
0.7635 -0.2106 -0.5193 -0.3210 46.00 72.37 10.88 10.86 0.43 6.57 1.1200 1.7300 3.8800 -3.3667 -4.3556 2.2689 9.39 -2.66 -0.94 148 379 194 197 137 
0.5602 -0.5641 -0.5600 -0.2332 42.69 56.31 129.50 11.12 -5.62 -5.67 3.4800 -1.1900 -1.8000 -0.5144 -2.1067 3.1256 6.22 -5.60 -5.09 100 370 180 179 117 
0.4835 -0.7374 -0.4686 -0.0540 6.94 29.44 124.44 3.11 -7.39 -6.77 -0.7800 0.5200 -2.1100 2.0867 0.9389 1.7111 4.03 -8.27 -3.38 98 367 182 174 112 
0.6127 -0.7150 -0.3354 0.0317 352.12 19.81 101.69 0.69 -5.04 -1.47 -2.2900 4.5400 0.1800 1.4600 0.3444 0.5789 2.84 -9.36 -0.54 100 355 183 176 114 
0.7003 -0.6540 -0.2753 0.0790 346.81 16.31 89.06 2.99 -9.00 -2.62 1.1200 -0.7200 -3.7600 1.3556 -0.2633 0.1378 2.70 -9.37 0.97 100 354 185 177 118 
0.7704 -0.5647 -0.2606 0.1401 335.94 12.25 69.69 2.73 -4.19 1.15 -0.5900 6.9700 1.6100 4.7500 -0.3011 1.1256 1.37 -7.42 6.25 106 364 175 184 121 
0.8931 -0.3269 -0.1595 0.2646 328.31 5.19 41.31 -2.92 -0.31 13.26 -3.1600 5.2000 2.9500 -1.7211 0.4267 -1.2356 1.01 -7.10 6.68 129 352 215 215 149 
0.8897 -0.4052 -0.1567 0.1402 346.87 12.88 53.00 6.12 -4.35 3.31 4.3000 2.9600 -1.6100 -3.0344 2.3556 -2.3989 3.06 -8.21 4.38 198 344 329 396 211 
0.8112 -0.5562 -0.0651 -0.1686 30.19 15.94 69.44 6.65 -12.75 3.43 3.6900 -3.9800 2.2300 -3.8689 3.4500 0.6811 1.50 -9.63 1.04 186 372 344 434 218 
0.6365 -0.6553 0.2634 -0.3099 55.19 1.75 91.44 -2.71 -10.32 -5.10 -2.4800 0.1700 -5.1500 0.2400 1.6844 0.9556 -0.42 -9.79 -0.29 172 366 348 430 219 
0.6314 -0.5706 0.3750 -0.3675 60.88 -2.06 80.56 -2.32 -3.79 -6.11 -2.0900 7.6000 -7.7300 5.6656 -2.7544 -1.7567 1.21 -8.23 5.19 181 379 347 433 221 
0.8024 -0.3869 0.0742 -0.4483 58.88 13.81 44.63 7.46 -6.88 21.76 5.6700 0.6800 8.1800 -4.5556 0.4567 0.8933 1.93 -8.49 4.49 171 368 355 426 218 
0.6827 -0.5476 0.2532 -0.4123 63.44 3.81 79.87 -0.96 -6.93 -12.35 -2.1000 2.0800 -15.9500 1.0567 -0.2033 0.3211 0.18 -9.70 1.36 166 355 344 398 216 
0.7019 -0.5151 0.2643 -0.4149 59.94 6.69 60.88 3.55 -0.81 11.70 3.1700 8.6400 11.0000 2.2678 -1.1444 -0.6022 2.46 -6.46 6.94 175 381 361 415 220 
0.7978 -0.4185 0.0379 -0.4324 57.38 18.31 52.63 4.14 -7.27 3.58 0.9400 0.6600 -2.2700 -2.2089 -0.2444 0.0411 3.22 -8.37 3.95 171 362 352 375 210 
0.7122 -0.5669 0.0906 -0.4039 59.00 20.00 68.62 0.64 -8.00 -3.21 -2.9300 0.8200 -6.2000 3.0656 -1.3989 -1.6633 4.54 -7.40 4.54 172 326 333 331 208 
0.7684 -0.4600 -0.1415 -0.4219 55.88 44.19 39.94 10.26 1.61 4.44 5.0800 5.1400 1.2600 3.8267 -4.4578 -0.8789 8.76 -2.18 3.80 179 348 345 377 213 
0.7495 -0.2853 -0.5101 -0.3110 44.44 72.25 10.00 14.30 2.29 6.02 6.4400 3.4700 5.7500 0.8911 2.6856 -0.5944 8.95 0.50 3.97 174 350 354 399 215 
;
0.7722 -0.1830 -0.5171 -0.3206 44.94 66.56 -7.25 8.90 0.60 3.95 0.3500 0.2000 0.3100 0.0011 0.0700 -0.0489 8.98 0.52 3.90 174 349 353 394 214 
0.7713 -0.1822 -0.5192 -0.3198 45.00 66.69 -7.31 8.87 0.64 4.10 -0.1100 0.1100 0.2500 0.0000 -0.0889 -0.0011 9.02 0.49 3.79 173 351 355 391 214 
0.7696 -0.1824 -0.5240 -0.3162 44.69 67.44 -7.56 8.86 0.75 3.92 0.0000 0.3600 0.5200 -0.1311 -0.5200 0.1733 9.18 0.32 3.41 176 362 348 369 212 
0.7412 -0.2402 -0.5488 -0.3029 45.25 76.62 19.12 14.50 0.11 6.84 5.7400 1.2700 4.5300 -3.6822 -3.1989 2.7867 9.34 -2.93 -0.54 146 358 177 189 124 
0.5801 -0.5848 -0.5287 -0.2045 31.75 49.75 122.06 10.18 -5.25 -6.96 0.6200 0.8100 -3.4600 0.6133 -0.9700 3.7456 5.16 -7.31 -3.99 98 344 179 173 109 
0.5690 -0.7300 -0.3782 0.0170 352.69 20.44 108.12 -0.38 -5.61 -3.12 -3.8100 3.5900 -0.6800 1.3756 0.5311 1.4800 2.17 -9.45 -1.45 100 342 184 175 113 
0.6675 -0.7011 -0.2330 0.0927 343.69 9.63 93.62 -0.46 -7.11 -0.24 -2.0500 2.3900 0.2800 0.5611 0.1000 0.0111 1.57 -9.67 -0.15 102 343 189 177 116 
0.7004 -0.6782 -0.2053 0.0859 346.19 10.19 89.75 4.81 -11.04 -11.33 3.7600 -1.9300 -12.4100 3.0911 -0.7800 0.6444 1.40 -9.49 2.02 107 344 191 178 116 
0.8088 -0.5328 -0.1788 0.1730 332.56 4.81 61.00 0.82 -0.79 17.14 -1.3000 7.0400 13.2000 1.0533 0.4567 0.3356 0.43 -7.77 5.96 108 352 198 184 120 
0.8588 -0.4482 -0.1393 0.2056 334.69 3.69 58.00 -0.21 -5.73 3.63 0.3000 3.3700 -0.9300 -2.6256 0.4856 -1.0933 1.28 -9.10 3.40 140 358 238 234 168 
0.7836 -0.5991 -0.1516 0.0629 358.62 8.31 79.50 8.66 -10.45 1.34 5.3400 -1.3500 -1.7000 -2.5144 5.0500 0.9267 0.54 -9.78 0.34 161 381 291 407 209 
0.6658 -0.7142 0.1681 -0.1357 29.12 -3.69 99.44 -3.20 -9.47 -9.05 -2.6200 0.0000 -7.2400 -1.1578 3.3456 1.1944 -0.97 -9.30 -2.94 140 360 347 421 213 
0.5542 -0.6804 0.4065 -0.2543 51.38 -6.37 100.19 -2.39 -5.05 -9.03 -1.1000 4.7800 -7.7600 6.1956 -1.6033 -0.5022 -0.72 -9.40 2.67 145 346 336 403 215 
0.8005 -0.4142 0.1876 -0.3905 50.75 4.44 45.81 6.12 -3.69 30.97 4.4800 2.0200 23.2600 -2.4056 -0.2644 0.0544 1.20 -7.44 6.26 145 371 342 404 218 
0.7676 -0.5005 0.1772 -0.3589 52.38 2.00 71.87 0.75 -5.90 -7.43 0.3200 3.8400 -10.5400 -2.6656 1.2733 0.5267 -0.33 -9.77 0.74 145 371 339 410 217 
0.6664 -0.5699 0.3287 -0.3510 54.38 -1.06 74.81 -1.49 -3.85 -4.19 -0.1100 6.7000 -0.8000 7.7733 -2.2322 -1.5467 1.80 -6.19 7.38 168 386 343 409 221 
0.8676 -0.2832 -0.0419 -0.4067 49.94 19.19 29.37 8.01 -1.70 19.06 4.9300 2.8900 6.8300 -3.7478 -0.3067 0.2800 3.32 -6.51 6.53 167 379 346 414 221 
0.7845 -0.4868 0.0486 -0.3811 52.00 15.06 62.69 0.91 -7.96 -5.45 -2.2900 0.7000 -9.4800 -0.3367 -0.0422 0.2789 2.15 -8.85 3.62 169 340 325 340 211 
0.7734 -0.5170 0.0637 -0.3613 49.25 19.81 56.38 -0.18 -4.56 -1.83 -1.9600 3.1600 -4.3800 5.8289 -3.0278 -2.6178 5.69 -4.48 6.60 181 354 341 380 216 
0.8442 -0.2437 -0.3000 -0.3714 45.81 46.50 4.94 10.94 3.04 9.98 4.9600 3.1200 3.3400 2.1833 -2.8211 -0.4889 8.27 1.01 5.16 183 360 348 411 214 
;
