0.6382 0.3293 0.1033 0.6881 265.75 18.44 -36.44 2.94 5.43 7.47 -0.1100 -0.0800 0.0200 -0.0011 0.0056 -0.0067 3.08 5.53 7.48 186 335 367 402 227 
0.6393 0.3275 0.1054 0.6877 265.75 18.44 -36.38 3.20 5.46 7.50 0.1000 -0.0500 0.0000 0.0033 -0.0111 0.0156 3.13 5.51 7.47 188 341 364 400 229 
0.6384 0.3285 0.1040 0.6882 265.69 18.56 -36.38 3.20 5.46 7.45 0.0900 -0.0400 0.0800 0.0333 0.0133 -0.0089 3.12 5.54 7.46 187 333 367 400 224 
0.6359 0.3326 0.1119 0.6873 264.94 18.25 -38.56 5.57 10.44 16.06 1.3000 3.3100 9.9700 -2.0978 -2.2511 1.8122 5.09 4.41 7.12 183 365 192 194 137 
0.5455 0.4659 -0.1434 0.6817 249.75 67.56 -25.37 13.36 3.42 4.24 0.1500 2.3500 -0.2100 2.7300 -7.9400 8.2711 8.87 -3.93 -1.35 113 340 168 169 120 
-0.1668 0.6170 -0.4785 0.6021 134.00 29.00 100.37 3.44 -3.66 2.85 -2.1900 4.9000 3.4100 4.5044 2.7567 0.6767 3.19 -8.95 2.38 136 335 173 171 126 
-0.4263 0.4310 -0.4003 0.6872 117.06 14.00 70.12 -1.05 -4.60 0.70 -2.0300 4.3000 -2.9300 -0.3189 0.0100 -0.4356 2.56 -8.90 3.22 132 342 177 176 133 
-0.3940 0.4309 -0.4033 0.7046 121.06 16.62 72.00 11.89 -18.91 -23.42 8.8400 -6.4700 -24.9900 6.3611 0.4922 2.3567 1.11 -7.35 6.38 132 360 180 182 124 
-0.5554 0.1721 -0.2186 0.7836 107.56 0.00 23.37 -6.34 11.58 21.81 -6.1300 11.9000 10.1000 -0.8056 -0.6556 -0.6133 -0.04 -3.54 9.14 132 366 183 180 130 
-0.5300 0.1402 -0.1778 0.8172 115.37 4.06 29.12 1.04 -2.47 7.35 0.1100 3.2700 -1.1900 -2.5922 -1.3011 -0.5189 1.71 -6.17 7.42 197 352 213 205 152 
-0.4715 0.3278 -0.2638 0.7750 116.50 19.12 54.50 2.10 -9.07 0.63 0.4700 -3.6000 -3.6500 -2.0533 -1.4189 -3.0378 5.59 -7.34 3.31 216 231 231 227 168 
-0.2839 0.4756 -0.2244 0.8018 145.44 37.50 46.19 3.98 -5.10 7.03 -4.2600 0.8100 1.0800 1.1556 1.8533 0.3278 4.82 -4.80 7.05 215 205 179 182 130 
-0.2740 0.3527 -0.1273 0.8856 145.62 38.81 28.62 -7.99 1.43 -1.87 -14.6400 4.6200 -9.6000 -0.7578 -5.1456 -2.3178 8.58 -2.68 3.91 204 201 179 181 126 
-0.1093 0.6578 0.0225 0.7449 174.69 87.25 -2.06 36.89 11.30 -5.82 29.5800 4.8600 -6.9800 -0.2778 -2.2422 -0.8989 9.48 1.99 -1.51 210 194 175 185 124 
0.0369 0.7502 0.0941 0.6534 184.69 78.00 -130.12 7.68 2.60 0.44 -2.4800 0.6000 0.9000 0.0644 0.2244 0.3400 9.66 1.27 -1.04 212 199 179 185 129 
0.0168 0.7410 0.0731 0.6673 183.69 80.81 -132.75 21.99 5.73 -1.62 14.4700 6.5700 -0.3700 -3.3100 -0.7756 2.6500 9.68 -0.25 -1.49 193 326 239 254 181 
0.0196 0.7051 -0.2029 0.6791 181.19 63.75 82.44 2.68 12.03 -5.34 -7.8700 18.8400 -7.6600 -5.7711 4.1867 8.5622 3.87 -8.97 0.73 161 382 305 376 223 
-0.0677 0.1287 -0.7527 0.6420 165.50 -3.56 106.62 -11.59 -3.92 -17.26 -10.9400 4.9700 -19.5900 2.9689 3.2389 -0.6578 -0.60 -9.61 -1.83 152 374 349 407 229 
0.1197 -0.0337 -0.5841 0.8021 198.31 7.50 57.56 1.75 20.15 2.92 2.9400 28.1300 7.4000 11.1378 -3.1056 0.5811 2.74 -1.24 9.33 180 393 366 405 234 
0.0775 0.1338 -0.0963 0.9833 189.25 17.00 17.44 3.69 12.14 22.71 1.4000 18.9100 3.4000 -11.7856 -0.5044 0.3889 2.38 -8.99 3.09 150 386 354 399 229 
0.0831 0.0110 -0.7710 0.6313 193.81 5.94 106.69 -5.95 -2.89 -36.45 -8.3300 13.7000 -28.2500 12.3989 1.5511 -1.6844 2.45 -7.90 5.25 176 352 312 365 228 
0.1491 0.1822 -0.1322 0.9628 195.50 24.69 -1.69 13.67 32.27 33.95 13.9900 25.1000 31.8900 -2.4500 -3.2989 1.5544 6.76 0.89 7.04 187 389 346 403 232 
0.0731 0.3671 -0.1788 0.9099 188.56 39.81 43.50 6.32 8.80 -1.28 -0.3700 14.3900 -9.5200 -9.2633 2.2411 4.3111 3.30 -9.17 1.04 178 394 348 395 229 
0.0771 0.0330 -0.7765 0.6245 197.62 7.12 106.37 -6.77 -4.64 -15.77 -7.1500 5.3700 -10.3900 4.6433 2.5444 -1.6956 2.54 -9.45 0.45 178 334 290 285 203 
0.2925 0.0712 -0.5364 0.7885 222.37 30.62 51.88 4.87 5.07 1.05 -1.1600 8.4100 -4.0300 8.8600 0.9878 -5.3344 6.27 1.15 7.44 190 321 341 371 221 
0.4404 0.3483 0.0737 0.8242 238.25 23.69 -37.94 6.75 14.01 14.27 3.3400 6.3900 7.5300 1.1467 -0.1189 -2.5356 2.80 6.56 6.72 186 352 363 412 223 
;
