0.0962 0.1412 0.0199 0.9851 191.06 15.88 -3.94 2.77 0.54 9.35 0.0700 -0.1200 -0.1000 0.0333 -0.0478 -0.0856 2.76 0.66 9.38 165 341 353 374 210 
0.0956 0.1436 0.0189 0.9849 191.31 15.69 -3.75 3.27 -0.24 10.54 0.9200 -0.8200 1.4100 0.2300 0.4289 -0.2311 2.37 0.81 9.47 166 342 242 264 170 
0.0935 0.1359 0.0428 0.9854 190.62 20.31 -7.75 0.46 -0.42 13.56 -0.4500 -2.2500 2.0800 1.1456 -8.1556 1.5500 8.09 1.04 5.43 159 370 168 176 120 
-0.0911 0.6384 0.0416 0.7631 145.56 74.56 102.81 13.87 -1.89 -4.16 5.1500 3.0700 -1.2300 4.1322 -4.3978 4.7833 6.16 -7.11 -2.73 149 371 176 170 119 
-0.5405 0.7661 -0.0024 0.3478 61.00 29.75 96.06 3.86 -5.27 -0.49 -1.0900 3.5700 -0.1600 3.2422 0.9378 0.5256 4.42 -8.62 1.48 150 348 166 164 121 
-0.7240 0.5783 0.0205 0.3754 54.75 27.06 63.63 2.96 -4.35 1.61 -1.7700 3.2900 -2.3200 1.2844 0.7567 0.0122 4.22 -7.31 4.97 150 336 178 169 121 
-0.7800 0.4778 0.0239 0.4035 54.56 24.81 52.69 2.94 -5.14 5.25 -0.2200 1.6200 0.3400 0.1022 0.2444 -0.3167 4.21 -6.89 5.55 153 333 183 176 123 
-0.7814 0.4630 0.0189 0.4179 55.88 23.69 49.56 10.04 -16.86 -7.61 5.7700 -7.4900 -12.5900 5.6478 2.4333 0.2567 2.51 -4.11 8.53 155 355 188 179 124 
-0.8948 0.1237 0.0330 0.4276 49.81 7.50 5.31 -6.53 9.94 14.29 -8.1300 10.4800 5.5600 0.1678 -0.0033 -0.4489 1.32 -0.31 9.71 158 365 190 182 124 
-0.8934 0.0719 0.0606 0.4394 53.13 10.56 5.75 3.30 -0.17 8.96 1.1500 0.7300 -0.4600 -0.9589 -0.4244 0.5700 2.11 -1.73 9.41 163 361 192 183 126 
-0.8851 0.1710 0.0453 0.4305 52.25 13.44 18.62 0.29 0.50 10.17 -1.7400 5.0800 1.0900 -5.7844 0.6333 -0.7722 2.22 -6.54 6.95 166 319 236 232 167 
-0.6662 0.4539 -0.2517 0.5355 92.44 4.31 70.19 6.75 -11.42 -6.28 5.7300 -2.1700 -5.7700 -3.0578 8.6422 -0.2878 -0.55 -9.72 1.09 128 309 318 386 217 
-0.2453 0.1874 -0.6927 0.6519 141.69 -6.25 96.94 3.42 -10.13 -2.17 0.1500 -0.3600 -0.9900 -1.8067 3.4356 0.6733 -0.84 -9.28 -3.05 122 333 322 380 217 
-0.0674 0.0465 -0.8240 0.5606 167.50 -2.87 112.44 -2.49 -8.40 -7.68 -1.2700 0.1500 -3.9100 -0.0956 0.2833 0.0167 -0.42 -8.92 -4.03 128 339 325 383 216 
-0.0578 0.0516 -0.8221 0.5640 169.25 -1.62 107.44 -1.84 -6.72 -10.03 -0.6300 3.9100 -7.6000 4.6789 0.1056 -0.8656 0.24 -9.79 0.46 138 351 337 393 217 
-0.0355 0.0392 -0.5834 0.8105 177.06 -0.13 64.06 0.30 -1.03 23.18 0.9300 5.4100 22.3800 -1.1044 -0.7378 0.3567 -0.26 -8.72 4.46 138 350 347 398 218 
-0.0462 0.0419 -0.5917 0.8038 171.31 1.06 80.62 -0.28 -4.38 -1.65 -2.2000 4.6200 -6.5600 -4.4500 -1.1889 0.0144 -0.05 -9.57 -2.12 132 312 300 306 189 
-0.0662 0.1028 -0.7773 0.6171 171.81 3.87 95.37 -0.79 -2.13 -11.24 -0.2100 8.2300 -5.7700 7.0089 2.6911 -0.8389 1.09 -8.86 4.03 144 347 334 353 210 
0.0168 0.0505 -0.4481 0.8924 181.56 7.25 52.19 3.63 -8.01 16.75 1.6600 -1.4500 6.5700 -1.3622 -1.5122 0.1933 1.83 -8.20 5.05 138 345 329 364 212 
-0.0500 0.1597 -0.4964 0.8518 169.44 14.50 63.31 -0.85 -9.41 1.15 -4.1700 -1.1300 -3.8600 2.0178 -6.4789 -0.1400 4.44 -7.93 3.67 144 320 184 186 126 
-0.4081 0.6204 -0.2211 0.6322 89.00 37.19 90.00 16.64 -8.35 1.64 10.8400 -1.5000 2.2000 1.3156 -0.8233 0.0989 5.30 -8.23 -0.31 126 322 172 160 109 
-0.6228 0.6813 0.0306 0.3835 61.25 33.75 81.62 6.78 -4.40 1.10 0.3200 4.5300 0.0400 0.0911 0.0211 1.6422 4.55 -8.55 1.49 138 340 175 167 115 
-0.6799 0.6649 -0.0170 0.3087 47.63 21.50 83.94 3.16 -10.57 -2.49 1.1700 -2.1500 -4.3200 1.1133 0.8233 0.1211 3.57 -8.99 1.56 138 337 179 175 117 
-0.7542 0.5742 -0.0285 0.3176 42.13 15.56 59.19 6.25 -4.81 -6.17 3.9800 5.7100 -9.9600 6.2600 1.9989 1.6933 0.98 -4.93 8.41 140 363 187 174 118 
-0.9322 0.1906 -0.0248 0.3068 37.81 4.44 22.94 -5.38 6.55 15.13 -2.5600 6.2800 0.1000 -1.3356 -0.0389 -1.2244 1.27 -4.82 8.44 140 361 192 178 119 
;
