0.2211 0.1005 0.0267 0.9697 205.62 10.63 -5.56 1.96 0.87 9.64 0.0400 0.0100 0.0800 -0.0133 -0.0544 0.1567 1.87 0.91 9.58 168 322 311 304 195 
0.2121 0.1057 0.0241 0.9713 204.44 11.38 -5.31 1.84 0.30 9.33 -1.2000 -1.2600 0.6200 0.7067 -1.5056 -0.2778 2.62 1.25 9.36 169 312 307 296 192 
0.2192 0.2114 0.0618 0.9505 205.56 28.94 -19.25 4.25 2.16 8.94 -1.0300 -1.7100 2.2700 2.2411 -11.0233 2.5467 9.11 2.84 2.23 173 326 166 209 142 
0.0289 0.8456 0.0012 0.5330 163.94 47.75 166.50 10.79 1.13 -15.30 -3.5300 4.6600 -7.3500 4.9033 -0.9022 3.3156 5.88 -5.58 -5.50 126 339 172 185 120 
-0.3801 0.8275 -0.1348 0.3906 84.25 30.37 111.44 2.35 -1.57 -1.49 -3.1500 6.5500 1.4700 2.7256 0.2644 1.4000 3.96 -8.92 -0.91 124 346 176 179 117 
-0.5916 0.6943 -0.1466 0.3827 61.19 18.75 87.31 7.32 -8.48 -8.71 3.3000 1.2800 -10.4100 4.6556 0.2422 1.5022 2.14 -8.97 3.30 125 352 180 177 115 
-0.8072 0.4369 -0.1362 0.3729 48.44 2.12 45.13 -8.13 7.76 23.09 -9.8500 15.0500 21.1800 -0.5167 1.2833 -0.6856 -0.34 -6.19 7.59 128 372 182 186 119 
-0.8089 0.3666 -0.1703 0.4269 58.31 4.44 51.13 3.87 -7.75 3.98 1.9500 0.4100 -1.1100 -1.8822 -0.5867 -0.4022 1.33 -8.34 4.96 137 352 197 210 132 
-0.7054 0.5140 -0.2045 0.4432 66.87 11.75 72.50 -2.23 -7.16 0.77 -1.9700 2.3800 -1.9000 -4.1422 0.4100 -3.3056 4.29 -8.80 -0.41 143 327 324 368 206 
-0.3942 0.7172 -0.2104 0.5347 118.25 41.25 95.50 29.95 -7.54 -4.31 21.0800 0.5200 -1.5600 0.0767 4.7589 5.8678 3.87 -8.92 1.23 132 340 341 402 214 
-0.3925 0.4125 -0.5336 0.6253 113.44 -2.94 89.37 -9.66 -3.19 -6.84 -8.1000 6.6000 -8.6200 -3.0689 3.3556 1.9289 -2.14 -9.24 -2.45 138 353 351 415 214 
-0.2976 0.2484 -0.7492 0.5370 126.37 -6.94 97.69 -4.08 0.69 -11.13 -0.7000 13.5400 -8.5700 10.5689 -1.9322 -3.6411 1.68 -7.70 5.82 152 378 339 412 217 
-0.3580 0.1970 -0.2203 0.8857 136.44 9.69 35.50 3.22 -1.06 25.34 4.8700 7.2100 8.2600 -8.3500 -1.1778 0.1367 2.14 -8.84 3.64 148 387 354 416 216 
-0.2462 0.3372 -0.6152 0.6688 139.12 5.94 99.12 -2.88 -5.35 -25.52 -3.1700 1.7400 -20.3000 2.4056 -0.8667 0.3700 0.48 -9.69 -1.41 154 360 351 399 214 
-0.3174 0.3326 -0.5436 0.7021 130.56 11.56 63.38 6.75 6.58 13.07 5.1600 12.9600 7.6000 5.8667 -0.5467 1.1056 2.49 -4.95 8.08 163 336 355 373 217 
-0.4573 0.2415 -0.1248 0.8467 124.81 19.25 27.31 3.11 -5.14 13.45 1.0500 -2.1400 3.3700 -2.8178 0.2000 -1.3444 3.52 -5.27 7.47 195 266 231 199 124 
-0.3311 0.1843 -0.2929 0.8779 139.62 -5.44 41.50 3.13 -4.57 -2.33 9.0400 4.3300 -8.6000 0.1467 5.5111 3.9633 -5.74 -5.44 5.78 208 160 164 154 106 
-0.4164 -0.2395 -0.4008 0.7801 117.81 -47.06 26.12 -2.23 7.51 6.06 -0.1000 7.4700 2.1700 1.3711 -2.2611 4.9867 -6.42 0.55 7.38 208 172 174 159 110 
-0.6403 -0.2585 -0.1725 0.7025 96.62 -34.44 -4.37 -8.65 1.15 11.73 -2.1000 1.1700 3.0800 -0.4033 -0.2033 -1.6911 -5.32 -0.37 8.22 208 177 174 163 112 
;
