-0.0549 0.0960 0.1661 0.9799 173.56 11.88 -18.75 2.06 3.07 9.10 0.0700 -0.0200 0.0000 -0.0044 -0.0011 -0.0044 2.02 3.08 9.08 177 353 366 405 216 
-0.0547 0.0959 0.1661 0.9799 173.56 11.88 -18.75 2.11 3.08 9.11 0.0800 0.0000 0.0700 0.0211 0.0300 -0.0322 2.00 3.10 9.08 181 353 363 405 214 
-0.0546 0.0933 0.1682 0.9798 173.44 11.56 -19.25 3.61 3.11 10.40 2.2900 -0.5600 2.1000 -0.4567 0.6778 0.7822 1.72 2.84 9.22 206 297 263 271 179 
-0.1258 0.0519 0.1387 0.9810 161.56 7.75 -13.19 6.27 3.61 14.61 2.3000 1.5100 5.1500 -2.0433 2.4256 3.0078 0.57 0.70 9.76 212 181 178 174 103 
-0.3419 -0.0074 -0.0291 0.9393 134.56 -7.50 7.12 -0.66 -1.39 8.86 2.0000 1.0600 -0.7400 -1.4656 2.0400 2.8711 -2.95 -1.96 9.14 211 178 181 165 102 
-0.5224 -0.1041 -0.2095 0.8200 111.31 -26.00 15.56 -1.92 -0.40 5.36 2.3000 2.0900 -3.0000 -0.4522 0.8733 2.0356 -5.45 -1.97 7.90 211 184 184 170 106 
-0.6309 -0.1770 -0.2673 0.7065 93.87 -36.13 8.38 0.23 1.51 3.50 5.5100 2.3300 -4.2500 1.1378 -0.2889 2.3822 -5.64 0.33 8.01 210 187 186 171 107 
-0.7188 -0.2390 -0.1827 0.6268 81.94 -33.63 -8.56 -9.90 1.49 13.02 -2.7000 0.3500 3.3200 -0.8089 -0.1644 -0.9911 -5.29 0.51 8.23 210 190 185 174 110 
-0.7023 -0.1891 -0.2043 0.6551 86.87 -31.81 1.75 -3.79 1.02 6.32 -0.7300 1.2700 -1.6500 -0.3822 -0.8556 -1.0278 -4.66 -0.95 8.57 212 192 194 180 115 
-0.6561 -0.1158 -0.2001 0.7183 98.00 -23.56 10.25 -6.95 -3.30 14.26 -2.7500 -1.1000 5.4400 -1.4667 -0.2533 -2.2100 -3.31 -3.22 8.64 211 195 195 184 115 
-0.5478 0.0034 -0.2725 0.7910 111.87 -15.75 29.25 -2.54 -3.37 7.56 0.2100 2.8100 -0.3700 -0.6322 -0.5878 -1.7367 -1.51 -5.40 8.04 207 315 255 222 142 
-0.4208 0.1048 -0.3378 0.8354 132.25 -4.06 40.50 -2.02 -3.60 5.84 -1.1200 4.2500 4.6500 -7.1222 2.3056 -3.3100 -0.43 -8.51 4.83 209 392 166 165 115 
-0.2715 0.1673 -0.5412 0.7781 140.12 0.25 68.62 11.45 -8.65 3.26 -1.1200 0.6900 -0.6100 1.8244 1.0067 -0.7356 0.60 -8.48 4.87 210 421 189 182 120 
-0.2446 0.1573 -0.4632 0.8372 148.50 1.87 58.31 -1.26 -6.39 3.23 -1.9800 1.4400 -2.7600 1.0122 0.2100 -0.8267 0.56 -8.06 5.54 205 422 191 186 121 
-0.1998 0.1431 -0.4022 0.8820 156.37 7.94 46.63 15.35 -6.39 5.70 13.9200 -0.0500 -0.5700 1.6822 -0.8989 1.1200 2.02 -6.05 7.44 170 432 204 193 129 
-0.2751 0.1989 -0.2731 0.9001 141.06 10.44 38.31 -2.83 -8.50 14.44 -4.0800 -1.0900 6.5100 0.0967 0.0511 1.8300 0.97 -6.12 7.59 170 438 207 193 132 
-0.4058 0.1670 -0.3029 0.8460 127.69 0.62 42.31 -3.56 -3.79 8.79 -3.2400 3.6500 1.6900 -2.0078 0.7889 -0.0644 -0.32 -7.69 6.06 175 434 210 194 132 
-0.3624 0.1818 -0.4438 0.7992 133.69 -0.62 59.75 -2.66 -3.86 4.58 -2.7600 4.6100 -0.1200 -1.2089 1.2400 -1.7578 0.59 -8.88 4.10 177 433 211 194 133 
-0.2016 0.2070 -0.5050 0.8134 157.75 10.38 65.75 1.90 -0.91 2.57 1.0400 7.9500 -2.0900 0.5278 1.6278 -2.6467 2.99 -8.21 4.43 175 435 210 194 133 
0.0085 0.2037 -0.4349 0.8771 183.25 22.75 48.88 15.75 -3.63 5.55 10.6500 -0.7500 0.8600 3.3900 -1.4267 0.0933 4.43 -5.02 7.15 190 442 226 206 142 
-0.0449 0.2837 -0.2191 0.9325 170.56 31.94 29.19 2.99 -8.02 14.43 -2.7500 -3.0000 6.3900 0.5456 -1.0244 1.6467 5.34 -4.31 7.00 192 440 233 226 160 
-0.1896 0.3478 -0.1798 0.9005 154.69 34.69 33.50 2.70 -2.92 6.11 -3.3500 0.9700 -1.3000 2.0600 -3.2133 -0.3578 6.84 -3.60 6.02 193 421 322 317 218 
-0.2629 0.5435 0.0220 0.7969 137.25 72.56 43.13 16.63 -1.69 1.59 6.6600 -0.2200 0.2000 1.6000 -1.6878 1.3000 9.44 -2.64 0.07 124 229 312 344 232 
-0.4044 0.6554 0.1443 0.6214 106.12 66.75 85.81 8.81 -1.71 -3.55 -3.0000 2.8300 -2.0500 1.0711 -0.2200 -0.3400 8.88 -4.14 0.06 107 195 199 216 140 
-0.4767 0.6546 0.2585 0.5267 95.69 71.87 88.56 8.01 1.01 -0.79 -1.4100 4.1100 -0.9100 1.2567 -1.3600 -1.3289 9.57 -2.08 -0.45 111 192 199 208 131 
-0.4700 0.6060 0.4270 0.4790 86.75 79.19 130.00 12.24 2.91 -6.66 -3.4000 3.7200 -2.7900 4.6800 -0.4233 -0.1211 9.68 -1.43 -0.46 113 191 199 207 132 
-0.5541 0.5230 0.5032 0.4077 75.87 79.62 98.50 8.28 2.40 2.56 0.0800 4.0700 3.0600 -2.5756 0.1456 0.2356 9.62 -1.83 -0.35 118 196 203 211 134 
-0.4728 0.6100 0.3719 0.5157 98.25 78.75 94.37 10.32 1.44 -3.78 0.7700 2.9300 -4.2600 -2.1467 0.7856 0.0978 9.60 -1.97 0.07 118 200 205 214 134 
-0.3915 0.6498 0.2565 0.5989 114.19 78.06 81.06 7.58 -2.13 -5.75 -1.2200 -0.3400 -5.6400 0.7889 0.3067 -0.2011 9.60 -1.93 0.43 120 201 201 207 123 
-0.4407 0.6185 0.3335 0.5585 104.00 78.81 118.06 17.66 -1.05 0.18 5.7400 1.0200 -1.1700 -0.9978 -0.5733 1.8556 9.20 -2.42 -2.37 126 202 206 213 130 
-0.3704 0.7491 0.2849 0.4694 102.94 62.94 137.62 9.42 -2.49 -0.99 -0.1400 0.4300 2.4100 -1.6667 0.1156 0.2722 8.57 -2.84 -3.82 136 211 217 230 151 
-0.2938 0.7960 0.2069 0.4870 123.44 68.12 139.12 8.02 -1.12 -0.71 -1.6100 0.8000 -0.5500 -0.8567 5.0356 -1.7122 9.72 -1.05 0.65 167 316 282 269 188 
;
