0.4964 -0.3273 -0.4308 -0.6789 108.00 61.50 -32.81 9.14 2.39 3.22 0.7800 -0.0900 -0.4700 -0.0433 -0.1556 0.0022 8.69 2.50 3.77 184 325 313 313 175 
0.4871 -0.3422 -0.4350 -0.6756 108.37 62.75 -33.38 8.67 2.79 5.68 0.7800 0.8800 4.3200 -1.7811 -1.9344 1.5667 9.26 1.50 2.84 209 282 279 252 149 
0.4332 -0.5109 -0.3671 -0.6454 115.69 73.44 3.87 14.56 -1.24 7.29 8.7900 -0.6700 1.9000 -2.9589 8.7356 2.1878 6.12 -2.44 7.25 208 167 173 175 104 
0.5267 -0.1758 0.1466 -0.8187 111.62 -4.56 30.06 0.63 -4.99 6.27 3.9600 0.8400 -1.5300 -2.0367 4.0700 3.0244 -5.25 -5.33 6.33 207 177 180 179 109 
0.5969 0.0869 0.4680 -0.6459 91.75 -45.19 41.38 6.80 1.55 -2.76 13.6500 6.5700 -7.1800 1.5867 -0.1400 4.6844 -7.96 -1.28 5.57 208 180 185 185 111 
0.7508 0.2699 0.3461 -0.4937 65.37 -49.44 -9.75 -14.07 1.31 11.88 -6.9800 0.2900 5.0300 -0.2978 -0.6611 -1.7511 -7.14 0.44 6.70 210 190 191 194 120 
0.7207 0.2156 0.3189 -0.5765 83.25 -41.75 9.06 -11.12 -2.05 7.90 -7.4900 2.0200 -2.2400 3.1378 -11.1767 -5.5544 2.60 -0.78 9.42 135 406 185 178 112 
0.5259 -0.4764 -0.4304 -0.5578 79.00 82.12 86.31 -1.83 -1.95 1.13 -11.5600 -0.5200 0.6900 -0.7756 -0.7511 -0.0522 9.69 -1.46 0.01 128 401 187 183 112 
0.5056 -0.5385 -0.4825 -0.4708 89.06 84.06 176.87 11.81 -0.27 -11.50 6.1700 -0.0900 -12.8200 1.8611 -0.8833 -0.5356 9.68 0.13 -1.54 130 389 198 188 115 
0.5395 -0.4637 -0.5709 -0.4099 66.69 85.06 4.25 17.45 6.25 10.25 6.1700 7.8500 9.8600 -0.1511 6.1867 2.1056 8.52 -2.30 4.25 135 403 203 190 114 
0.7851 -0.3840 -0.2794 -0.3976 53.25 43.50 37.50 -10.83 -3.44 5.47 -16.8300 2.5500 -2.9800 -2.1056 -0.5178 -0.9433 6.97 -4.92 4.82 132 406 206 192 115 
0.6854 -0.4802 -0.2482 -0.4880 78.37 60.31 41.44 5.79 6.80 -3.87 -2.2400 9.3100 -7.2300 -0.0322 -1.2567 -4.1478 9.39 -0.27 2.79 138 398 202 193 116 
0.4832 -0.4700 -0.4423 -0.5916 100.06 82.44 -38.75 24.42 -0.62 -4.88 13.4300 -1.4700 -3.3100 2.2444 -0.1833 1.7344 9.78 -0.31 0.51 149 387 200 194 119 
0.5875 -0.4700 -0.4823 -0.4487 71.00 78.87 56.75 4.26 -0.43 6.51 -5.2500 1.2300 4.8100 -1.2633 0.4911 -0.1344 9.55 -1.82 1.21 154 384 193 192 124 
0.5754 -0.5093 -0.4330 -0.4711 83.19 78.62 58.50 9.31 -2.92 -7.08 1.2900 -2.1800 -8.8600 -0.2033 3.6500 -3.1722 9.37 0.04 2.88 177 358 265 253 174 
0.5365 -0.3414 -0.3731 -0.6756 103.31 55.13 -18.69 7.25 2.58 7.70 -0.8800 1.0600 3.4100 0.6567 -1.3300 1.0500 8.31 1.65 4.93 192 341 328 349 200 
;
