-0.0681 -0.2155 -0.0810 -0.9708 187.94 24.06 -11.75 3.96 1.88 8.75 -0.0500 0.0900 0.0000 -0.0056 -0.0133 0.0089 4.01 1.82 8.75 229 400 387 412 258 
-0.0676 -0.2166 -0.0806 -0.9706 187.94 24.19 -11.75 3.91 1.85 8.85 -0.0900 0.1200 0.0200 0.0156 -0.0256 0.0033 4.03 1.83 8.74 229 401 389 408 258 
-0.0676 -0.2184 -0.0809 -0.9702 187.94 24.31 -11.75 4.25 1.97 8.78 0.6400 0.4800 0.3300 0.0178 0.1422 -0.3900 3.92 1.88 8.78 296 415 400 429 285 
-0.0844 -0.1761 -0.0682 -0.9784 189.37 16.94 -6.25 8.15 1.42 13.00 6.4300 2.1500 2.0900 -2.0556 -2.1978 7.0100 2.96 -1.73 9.18 272 247 236 243 177 
0.2451 -0.1257 0.1534 -0.9490 140.31 3.87 25.69 -1.77 -2.63 6.35 -0.2200 2.4400 -2.1700 -0.7089 1.1900 6.0333 -2.28 -4.68 8.30 271 235 235 238 171 
0.5988 0.0303 0.3100 -0.7379 94.62 -29.62 25.56 -2.35 1.67 4.30 3.9100 4.2900 -3.8900 0.3800 0.0711 4.1478 -5.97 -1.93 7.53 270 243 238 240 174 
0.7738 0.1354 0.2877 -0.5478 69.44 -35.06 5.31 -8.09 0.80 9.50 -1.6300 1.3900 2.9100 0.1633 -0.7189 -1.0367 -5.11 -0.82 8.32 270 250 245 244 181 
0.7608 0.1049 0.2434 -0.5923 77.56 -28.75 10.44 -8.54 -2.32 11.96 -5.7700 0.5400 4.6700 -0.9489 -2.3922 -2.6856 -2.76 -3.06 8.89 282 340 312 301 236 
0.6384 -0.1454 0.1877 -0.7322 103.81 9.31 33.75 7.43 3.24 11.90 5.5200 8.8100 3.2400 -6.0233 -2.8378 -1.0300 4.19 -7.71 4.36 296 462 414 469 302 
0.3984 -0.5590 0.3628 -0.6302 114.06 21.31 95.12 4.55 -3.34 -6.79 0.3800 5.9600 -4.6800 -4.5689 0.2644 2.8378 1.68 -8.65 -4.29 298 480 441 493 311 
0.2960 -0.5983 0.6309 -0.3956 104.44 4.19 118.75 -0.60 -3.96 -12.34 -0.3300 5.8600 -7.9700 6.3456 0.8056 0.5222 0.30 -9.78 -0.62 304 467 434 495 317 
0.4871 -0.3427 0.4646 -0.6553 105.50 -0.06 54.56 1.99 10.19 0.43 0.4900 16.4300 -5.0000 10.4189 0.3700 1.2944 -0.34 -1.73 9.64 311 477 450 513 323 
0.6713 0.0598 -0.0484 -0.7372 93.69 0.50 -14.69 -2.15 7.65 22.65 1.1200 4.6300 12.4600 0.2600 -0.4233 -0.3622 0.93 3.19 9.22 312 479 441 505 323 
0.6573 0.0393 -0.1463 -0.7382 98.62 10.38 -12.56 2.27 3.73 7.06 -0.1600 1.4400 -3.8100 -2.2967 -2.3200 -1.0822 3.27 0.69 9.21 303 453 365 445 307 
;
0.3322 -0.0924 -0.1369 -0.9286 140.62 15.13 -11.56 2.57 2.00 9.29 0.0400 0.0900 0.0000 0.0067 0.0111 -0.0056 2.56 1.90 9.27 284 403 390 388 287 
0.3318 -0.0911 -0.1374 -0.9288 140.69 15.00 -11.63 2.53 2.02 9.28 0.0400 0.1100 0.0000 0.0067 0.0033 -0.0089 2.54 1.91 9.27 284 404 388 389 288 
0.3287 -0.0913 -0.1373 -0.9299 141.00 15.25 -11.44 2.28 2.71 10.37 -0.4300 0.4500 0.5700 -1.3156 -1.0000 0.3356 3.19 1.01 9.21 288 391 381 378 281 
0.3356 -0.1733 -0.0801 -0.9225 139.87 24.00 1.06 4.61 -0.97 9.73 0.9800 -1.2200 1.4800 -1.8078 -1.2044 0.4789 4.69 -1.47 8.48 288 297 290 291 218 
0.3688 -0.2529 0.0320 -0.8939 131.25 18.25 19.37 0.28 -6.75 13.36 0.3300 -3.1100 3.8100 -1.9533 3.2467 3.0744 0.17 -4.80 8.54 282 262 261 263 196 
0.5005 -0.0863 0.3027 -0.8065 112.56 -15.50 38.69 2.59 -2.61 4.20 8.2300 4.2600 -3.9200 -1.0167 1.3744 2.7911 -4.91 -5.69 6.29 283 266 265 267 201 
0.6417 0.0450 0.4177 -0.6417 84.12 -38.38 30.44 -5.03 2.34 3.91 -2.0000 4.5400 -0.5100 0.9756 -1.2311 1.9600 -5.98 -2.21 7.44 281 273 268 272 203 
0.7555 0.1002 0.3047 -0.5713 75.44 -33.50 14.44 -5.92 -2.39 10.55 0.4400 0.2800 1.3000 -0.2844 -0.4367 -0.9467 -4.94 -2.57 8.06 285 275 273 277 210 
0.7322 0.0433 0.2827 -0.6182 82.19 -24.19 19.31 -13.37 -3.31 15.88 -8.0100 1.9800 8.1100 -1.5322 -6.2300 -5.5300 1.29 -4.46 8.63 300 407 364 398 283 
0.5286 -0.3541 0.0995 -0.7651 112.31 37.13 42.00 18.24 1.51 7.66 9.9700 6.6300 2.3600 -6.2956 1.2689 1.3978 5.63 -7.39 3.10 313 494 447 516 321 
0.3812 -0.5901 0.3679 -0.6091 113.75 19.87 99.50 1.67 -2.40 -14.23 -2.0800 5.9000 -12.1600 -1.3489 0.4767 3.3367 1.06 -9.07 -3.57 301 472 429 487 310 
0.4132 -0.5251 0.5701 -0.4780 96.12 0.56 90.81 -1.14 3.60 -7.10 -0.8100 14.2900 -7.7700 9.7411 -2.1822 -0.7222 0.98 -6.92 6.87 313 470 441 503 321 
0.6927 -0.1465 0.0585 -0.7038 88.62 7.56 3.87 1.77 10.73 20.11 1.5800 7.9100 12.7000 4.4356 -0.5511 0.4533 1.79 2.40 9.33 314 472 443 507 323 
0.7185 0.0189 -0.1835 -0.6706 86.94 14.63 -15.13 2.50 3.97 13.13 0.2700 1.4300 1.0700 -2.4833 -0.4844 -0.6778 2.82 0.88 9.34 313 454 437 489 316 
0.6722 -0.1139 -0.1236 -0.7211 95.56 21.12 0.06 4.97 -0.22 1.53 0.4600 -0.8900 -7.2000 1.5622 -1.8856 -0.2989 4.87 0.99 8.45 305 428 413 436 306 
0.6309 -0.1435 -0.2833 -0.7079 97.44 38.44 -21.12 2.99 6.87 13.91 -2.2700 2.2300 7.4300 -3.5644 -2.9356 -0.5478 7.31 1.67 6.31 306 419 410 423 304 
;
