-0.1080 0.3025 0.0838 0.9433 166.94 35.94 -6.56 5.75 0.98 7.82 0.0200 0.0600 -0.0600 0.0222 0.0678 -0.0122 5.71 0.93 7.91 191 355 369 422 221 
-0.1093 0.2968 0.0862 0.9447 166.69 35.25 -7.00 5.92 0.92 7.99 -0.0200 0.0000 -0.0200 0.2611 0.1467 0.0533 5.58 1.10 7.98 189 356 372 424 220 
-0.1201 0.2830 0.0999 0.9464 165.19 33.50 -8.56 6.76 1.52 7.91 3.0900 0.2900 -0.1000 0.3933 2.3378 0.3644 4.26 1.38 8.72 205 369 360 424 229 
-0.1938 0.0400 0.1151 0.9734 150.56 -1.87 -9.50 2.30 3.18 15.31 4.3600 1.6200 5.3000 -1.8900 1.9400 5.7478 -1.36 0.75 9.68 215 250 224 216 134 
-0.5631 -0.0847 -0.1096 0.8147 102.62 -20.12 10.88 -4.23 1.31 5.13 -0.7700 1.2100 -2.7100 -2.4722 2.1200 3.5933 -5.36 -2.35 7.86 216 183 176 174 110 
-0.7313 -0.1216 -0.3383 0.5797 72.75 -42.19 15.38 -3.26 0.16 1.60 3.5400 2.2100 -6.0500 -0.4722 0.4200 1.5900 -7.10 -1.27 6.64 214 190 181 178 114 
-0.7889 -0.1612 -0.3634 0.4686 60.25 -46.56 3.62 -10.06 1.93 14.85 -4.3500 1.6300 8.8700 -0.4722 -0.2133 0.4189 -7.09 -0.11 6.77 214 194 185 185 117 
-0.8065 -0.1530 -0.3531 0.4490 59.13 -44.06 8.69 -6.22 0.14 5.33 1.7300 2.2400 -1.6300 0.0700 -0.6367 -1.1156 -6.39 -1.65 7.25 214 186 179 192 125 
-0.7712 -0.1080 -0.3361 0.5297 74.50 -39.50 13.25 -6.90 0.11 3.67 1.4000 4.1700 -2.0800 7.9411 -2.9611 -1.9256 -4.51 2.38 8.37 218 300 329 380 213 
-0.6273 -0.2092 0.1563 0.7337 101.62 10.38 -29.75 16.56 1.92 13.44 10.3100 -1.7800 7.6800 -1.2522 -7.5511 3.7022 7.86 3.11 4.96 213 162 175 178 126 
-0.5557 0.3375 0.5945 0.4733 67.44 85.56 -175.69 -0.21 0.99 6.53 -10.5700 -0.0700 5.1100 -0.8711 1.6667 0.4711 9.76 -0.16 0.84 213 174 173 183 130 
-0.6113 0.3680 0.5519 0.4315 75.87 82.00 -30.75 17.65 5.65 -3.26 7.5200 3.4000 -4.7200 -0.3589 0.0878 -0.9956 9.61 1.54 1.18 213 178 174 188 130 
-0.5603 0.3585 0.5546 0.5001 83.12 78.31 -47.06 8.34 2.52 2.26 -1.3300 1.3800 0.4900 -0.3433 0.2089 0.0156 9.59 1.37 1.51 211 180 188 190 134 
-0.5623 0.3760 0.5323 0.5090 83.75 79.69 -31.62 9.16 3.51 0.45 -0.4200 3.5000 0.0000 -0.5411 0.3767 0.7744 9.64 0.24 1.75 198 224 237 234 171 
-0.5906 0.3980 0.4672 0.5240 85.87 72.56 -8.06 7.71 0.44 3.95 -1.1200 -0.6000 0.9000 -1.9822 2.2144 -2.8056 8.59 1.67 4.42 201 277 280 268 186 
;
