0.0466 0.1238 -0.4130 -0.9011 175.87 -8.38 -45.31 -0.60 5.83 5.20 1.7500 -2.0200 -3.6700 -0.6044 -5.4600 1.1367 2.13 6.12 7.35 173 283 279 259 188 
0.0110 -0.1611 -0.3603 -0.9188 177.62 17.00 -47.06 1.64 7.30 5.79 -1.0800 0.7600 0.0900 2.5722 1.2744 -0.6356 2.02 8.05 5.21 172 307 295 270 190 
0.0258 -0.0880 -0.5030 -0.8594 176.56 9.88 -61.69 1.79 8.92 4.98 -0.0200 0.3600 0.2800 -0.2500 -0.2667 0.2678 1.93 8.40 4.67 176 313 299 271 192 
0.0435 -0.1196 -0.4749 -0.8708 172.25 17.56 -53.81 6.07 10.92 6.63 2.9900 3.4400 0.6500 -3.0578 -4.7722 3.7833 6.09 5.29 5.56 171 281 253 212 157 
0.1177 -0.4579 -0.2640 -0.8407 159.00 64.69 -33.75 9.71 3.55 1.49 -0.0900 2.4900 0.9400 2.0689 -0.6200 3.6278 9.42 0.31 2.68 112 284 331 374 223 
0.3717 -0.6086 -0.1927 -0.6741 114.25 70.00 64.31 4.08 -0.78 3.30 -6.9800 1.5400 2.2100 -0.0656 -2.2400 1.4167 8.73 -4.40 0.62 103 201 191 188 139 
0.4664 -0.6815 -0.1667 -0.5388 96.50 64.00 93.44 6.49 -1.06 -1.28 -3.5500 2.4700 -0.9200 0.8211 -1.7033 -1.3278 9.10 -3.36 -1.41 104 191 184 171 120 
0.4331 -0.6954 -0.3431 -0.4595 88.37 68.87 131.56 12.12 1.83 -8.90 13.2500 17.5100 37.5800 -2.8122 -0.8811 -0.8578 9.08 -2.32 -2.86 105 190 188 177 119 
0.4404 -0.6851 -0.4382 -0.3804 83.12 65.25 137.37 9.42 -0.25 3.25 -0.8100 2.0800 5.4900 -1.9800 1.1967 0.3489 9.05 -2.71 -2.62 109 196 174 179 123 
0.3965 -0.7145 -0.3203 -0.4792 106.19 71.44 129.37 10.92 1.44 -6.17 1.4200 3.5200 -4.0200 -1.5300 1.0033 0.3033 9.38 -2.26 -1.73 110 196 191 180 123 
0.3239 -0.7303 -0.2230 -0.5585 122.56 74.31 126.12 8.84 -3.19 -12.64 -2.9000 -1.8600 -11.5300 2.1711 -2.0467 0.2233 9.26 -2.51 -2.00 113 192 180 173 116 
0.4282 -0.6935 -0.3184 -0.4841 101.00 67.06 136.37 16.44 -1.62 0.80 4.0800 -0.6400 -2.5400 -0.2556 1.4211 0.6678 8.97 -3.10 -2.46 114 184 185 178 125 
0.4093 -0.7309 -0.2773 -0.4705 96.06 66.50 118.00 12.02 -1.91 3.30 1.7300 2.7400 5.5600 -0.2100 1.4422 1.4600 8.80 -4.22 -0.89 124 258 242 210 152 
0.4877 -0.7004 -0.1984 -0.4819 86.44 57.69 92.37 9.49 -9.51 1.51 2.2400 -4.2400 1.6200 0.5167 0.6767 1.5744 7.50 -6.30 0.37 173 391 176 166 121 
0.5767 -0.7090 -0.0664 -0.4005 61.94 33.25 94.44 6.40 -6.13 -4.32 -1.7500 3.1000 -2.8800 0.8356 1.1533 1.4978 4.16 -8.88 -0.05 134 374 176 169 121 
0.6407 -0.6989 0.0579 -0.3127 51.88 20.56 88.06 2.73 -5.09 -2.62 0.1800 4.2600 -2.1000 0.6678 0.2178 -0.0856 3.46 -9.13 0.81 136 367 178 171 122 
0.6649 -0.6708 0.0630 -0.3223 51.44 20.06 84.87 3.81 -9.22 -1.77 1.8800 -1.0900 -4.9700 0.0244 0.3122 -0.0056 3.26 -9.19 0.94 136 362 183 174 124 
0.7153 -0.6158 0.0734 -0.3219 45.81 14.56 71.25 6.48 -5.44 -4.62 0.4100 9.2800 -1.4500 6.5356 2.0578 1.6622 0.46 -6.56 7.26 138 373 186 177 126 
0.9224 -0.2515 0.0837 -0.2811 34.06 -1.62 28.37 -5.61 3.95 17.26 -4.5600 7.0800 6.5500 -1.3078 0.2211 -0.7744 -0.26 -5.14 8.34 138 372 187 179 126 
0.8923 -0.2916 0.1109 -0.3264 41.06 0.37 39.19 0.63 -6.03 6.00 0.1400 0.3500 -1.5500 -0.9700 -0.2933 -0.6167 0.51 -6.84 7.00 160 365 211 201 148 
0.8375 -0.4006 0.1116 -0.3546 47.81 8.94 52.00 -3.89 -3.00 1.12 -5.2400 4.8000 -4.8000 -1.0278 -0.3122 -4.5567 4.06 -7.26 5.18 164 334 244 227 168 
0.6697 -0.4771 -0.0260 -0.5685 88.00 42.00 43.13 10.85 -3.23 5.33 2.9800 2.6100 1.0300 0.0656 -1.0233 -4.1678 8.19 -2.43 4.80 167 338 241 228 161 
0.4754 -0.4810 -0.2164 -0.7041 115.37 66.31 19.62 13.88 -0.32 6.72 4.7900 -0.7200 3.9200 -2.4000 -3.0156 0.5567 9.52 -2.03 1.16 165 368 213 198 135 
0.3438 -0.7166 -0.1603 -0.5853 116.87 65.50 117.87 13.51 -6.16 -2.26 4.5000 -1.9300 -2.2900 -1.6311 -3.7733 3.3978 7.01 -5.07 -4.60 119 336 178 173 119 
0.3606 -0.8528 -0.0022 -0.3777 84.62 37.25 121.62 7.35 -3.05 -11.55 0.8300 4.6100 -7.0300 4.8267 -0.2011 2.3833 4.57 -8.49 -1.76 132 352 183 173 121 
0.6486 -0.7020 0.0311 -0.2924 45.38 18.81 85.81 0.39 -3.85 2.65 -2.3200 5.0600 1.4200 0.3989 0.4656 0.0789 2.70 -9.35 1.12 141 348 185 178 122 
0.6860 -0.6667 0.0666 -0.2834 46.56 17.19 84.06 9.63 -21.83 -26.26 7.7000 -10.8100 -29.2000 5.6289 -0.2200 2.2067 1.74 -8.98 3.53 140 354 190 179 123 
0.8775 -0.3809 0.0808 -0.2800 33.94 0.44 34.81 -6.56 11.03 20.17 -5.9200 13.3600 10.9700 1.7678 0.2744 0.1267 -0.35 -3.74 9.05 141 368 193 182 126 
0.9316 -0.2018 0.0693 -0.2944 36.81 0.31 26.50 0.39 -3.22 8.30 0.1700 0.6500 -1.0000 -1.1656 -0.5156 -0.5956 0.59 -5.11 8.34 150 364 197 190 134 
0.8978 -0.2861 0.0427 -0.3320 42.19 9.00 33.44 -2.04 -2.16 6.87 -5.5400 3.9100 -1.2700 -1.5711 -2.2456 -2.3444 3.44 -5.54 7.31 160 337 241 226 165 
;
