0.8120 -0.1407 -0.3887 -0.4121 53.81 48.38 -7.87 7.23 0.87 6.50 -0.0600 0.0000 0.0800 -0.0156 -0.0378 0.0000 7.34 0.88 6.43 185 355 347 393 208 
0.8109 -0.1428 -0.3900 -0.4123 53.88 48.63 -7.75 7.25 0.83 6.49 -0.1000 -0.0100 0.0500 -0.0211 -0.0433 -0.0011 7.38 0.86 6.39 184 357 347 393 209 
0.8094 -0.1454 -0.3918 -0.4125 54.00 49.00 -7.62 7.31 0.88 6.49 -0.1200 0.0000 0.1000 -0.0378 -0.0400 0.0011 7.42 0.84 6.34 187 357 347 391 208 
0.8074 -0.1490 -0.3945 -0.4125 54.00 49.81 -7.19 8.20 0.74 6.73 0.0600 0.4700 1.4100 -1.9800 -1.0511 1.0900 7.89 -0.38 5.80 193 296 305 274 186 
0.7703 -0.3300 -0.3685 -0.4026 57.00 57.31 34.94 10.74 -3.74 7.20 2.5200 -0.2000 2.4000 -3.6411 2.7222 1.0656 7.44 -4.75 4.26 213 184 198 194 129 
0.7289 -0.4749 -0.0877 -0.4853 67.75 22.81 46.25 -1.63 -7.08 1.12 -3.2700 -0.2500 -4.1700 0.9289 4.6367 2.7711 -1.89 -6.40 7.17 214 174 187 187 120 
0.7938 -0.1599 0.3434 -0.4760 59.50 -28.69 37.13 -1.95 -3.16 3.01 3.5700 1.7500 -4.1100 1.1833 1.0267 2.0567 -6.16 -3.71 6.65 215 182 193 190 126 
0.8371 0.0188 0.3829 -0.3903 48.06 -40.63 16.06 -9.35 -0.68 10.74 -3.6500 0.6700 3.5200 0.2733 -0.8600 0.2067 -6.05 -1.48 7.57 213 185 192 193 126 
0.8681 0.0467 0.3212 -0.3755 47.19 -35.69 12.06 -5.86 -1.91 9.84 -0.3800 -0.1400 2.1000 -0.3300 -0.5889 -0.5656 -5.21 -2.15 8.01 210 202 196 209 145 
0.8679 -0.0410 0.2383 -0.4340 56.31 -10.38 19.44 -0.80 -1.56 6.26 -0.9100 0.9100 -3.9800 -3.1367 -13.3800 -2.7089 6.48 -4.52 5.79 150 405 191 194 133 
0.6787 -0.5477 -0.3826 -0.3049 39.38 55.44 99.37 7.79 -6.06 -3.49 -1.4700 -0.0100 -0.8900 1.4400 -2.6211 1.3822 6.71 -6.66 -2.57 149 424 186 190 131 
0.6121 -0.6052 -0.5087 -0.0153 357.44 38.94 107.19 7.39 -5.89 -2.25 2.1900 1.2200 -0.1600 3.2389 1.1833 0.0233 6.19 -7.57 -0.58 152 431 201 197 135 
0.7183 -0.4420 -0.5263 0.1084 339.50 39.81 89.75 7.28 -6.14 2.02 -1.8900 0.3300 0.2000 -1.5622 0.9822 0.3011 6.03 -7.72 -0.03 152 428 203 199 138 
0.6984 -0.5160 -0.4906 0.0733 349.00 37.88 85.56 -1.77 -3.95 10.23 5.0700 1.0300 4.8300 0.2011 -1.1311 0.2422 6.30 -7.41 1.20 158 430 209 202 141 
0.7509 -0.4625 -0.4665 0.0687 349.87 40.13 81.75 3.83 -4.09 4.50 -2.7200 3.7900 2.9800 -2.2678 0.6744 -1.4733 7.18 -6.67 0.17 173 402 243 250 180 
0.7372 -0.4850 -0.4421 -0.1604 35.44 55.81 60.06 6.79 -3.70 -1.27 0.1800 0.0000 -4.9400 4.0189 2.6056 -3.7167 7.97 -1.37 5.54 192 364 346 410 214 
0.8094 -0.1811 -0.4081 -0.3813 50.56 52.88 -6.94 11.48 4.40 10.64 4.0300 3.7600 7.1500 -1.2011 -0.8944 0.4644 8.04 0.81 5.54 188 369 350 396 217 
;
0.7990 -0.1620 -0.4423 -0.3739 50.25 55.81 -7.31 7.88 0.90 5.21 0.0600 0.2500 0.0300 -0.1544 0.0000 -0.0478 8.11 0.66 5.46 185 370 350 403 215 
0.7980 -0.1671 -0.4398 -0.3766 50.50 55.81 -6.50 8.13 0.71 5.43 -0.0500 0.1100 -0.0500 -0.0533 -0.0200 0.0033 8.12 0.61 5.45 187 371 349 404 218 
0.7971 -0.1694 -0.4402 -0.3770 50.69 56.06 -6.31 8.00 0.65 5.56 -0.0700 0.1100 0.1500 -0.2822 -0.1856 0.1033 8.20 0.47 5.34 194 354 343 383 216 
0.7839 -0.2224 -0.4341 -0.3842 54.63 59.25 9.19 10.85 -0.03 10.35 2.8000 1.9000 5.0100 -5.5656 1.5578 1.1244 8.03 -3.24 4.58 211 204 195 200 125 
0.7351 -0.4427 -0.1812 -0.4803 65.81 33.50 42.25 5.69 -5.53 2.89 1.5700 0.7800 -4.1600 -0.7578 8.2533 3.6722 -0.46 -6.75 7.09 211 168 173 187 120 
0.7722 -0.2177 0.3504 -0.4834 62.81 -27.31 45.69 -1.02 -3.66 2.07 6.7100 3.0200 -4.2200 1.4378 1.5900 3.1689 -6.67 -4.44 5.63 213 177 179 187 118 
0.8201 0.0367 0.4474 -0.3549 42.50 -50.44 13.38 -12.49 0.65 10.25 -6.4300 0.9500 4.6100 0.3100 -1.0789 0.2722 -7.17 -0.50 6.66 214 183 181 190 123 
0.8618 0.0818 0.3762 -0.3303 44.25 -43.31 12.44 -9.98 -1.68 7.65 -4.0300 0.5500 1.0000 -0.9222 -2.9078 -4.1933 -4.40 -3.91 7.83 213 201 189 205 136 
0.7929 -0.2025 0.2083 -0.5356 72.19 9.94 36.81 4.56 -3.47 -1.70 0.9800 1.4300 -9.4900 -0.0056 -13.8167 -2.2400 8.12 -5.08 2.07 166 409 201 207 139 
0.5886 -0.6417 -0.4111 -0.2698 38.44 50.81 114.31 4.75 -5.96 -4.86 -2.0300 1.2800 -1.3900 2.6422 -2.6156 0.2567 6.56 -6.63 -3.00 156 427 189 197 139 
0.6027 -0.5746 -0.5536 0.0127 350.94 40.19 108.25 8.40 -6.36 -2.68 2.3600 0.8100 -1.0600 5.1389 1.0511 -0.1589 6.42 -7.40 0.15 168 434 198 198 141 
0.6600 -0.4296 -0.5916 0.1732 336.62 38.56 92.37 4.64 -8.06 -2.00 1.5300 -0.8100 -3.7800 -0.5389 0.9111 -0.2567 6.20 -7.59 0.01 161 438 199 202 142 
0.7501 -0.4464 -0.4828 0.0707 348.50 41.13 79.37 6.14 -6.89 2.83 -0.6300 0.8300 0.5200 -0.6478 0.1578 0.0556 6.34 -7.36 1.29 160 430 214 215 156 
0.7197 -0.4919 -0.4884 0.0383 358.62 43.50 90.12 5.11 -5.34 -0.61 -1.7500 1.4400 -1.9100 -0.9422 4.0000 -2.6700 7.90 -5.59 1.52 165 326 258 277 181 
0.7882 -0.4005 -0.3688 -0.2869 46.06 51.00 28.06 8.19 -0.16 5.07 1.2800 2.1100 1.6300 2.9733 -0.6011 -0.7744 7.69 -0.76 6.02 182 335 340 413 218 
0.8084 -0.1951 -0.4481 -0.3279 42.94 59.94 -1.12 10.11 1.35 6.58 1.3400 1.1900 1.0500 0.7244 0.4367 -0.0967 8.44 0.41 4.97 171 348 350 405 216 
;
