0.7896 -0.1328 -0.4943 -0.3386 46.38 60.44 -14.69 8.47 1.32 4.77 -0.0400 0.1300 0.0900 0.0044 0.0233 -0.0056 8.52 1.22 4.69 197 360 342 405 213 
0.7905 -0.1322 -0.4929 -0.3388 46.38 60.25 -14.56 8.46 1.35 4.82 -0.0300 0.1200 0.1200 0.0078 0.0111 0.0056 8.51 1.22 4.71 195 360 343 403 212 
0.7910 -0.1319 -0.4921 -0.3390 46.38 60.19 -14.56 8.40 1.38 4.85 -0.1500 0.1100 0.0700 -0.0144 -0.0256 0.0044 8.51 1.22 4.71 194 354 343 391 212 
0.7863 -0.1492 -0.4958 -0.3372 47.31 63.63 -6.12 9.93 2.25 9.70 2.6000 2.9800 5.6000 -6.3156 0.7333 1.4889 8.66 -2.06 4.10 214 175 200 189 120 
0.7158 -0.4405 -0.2756 -0.4666 70.06 46.50 41.25 10.87 -7.35 2.84 5.2700 -0.7400 -4.0500 -0.7067 8.6333 3.5789 1.63 -6.14 7.46 212 171 191 178 113 
0.7830 -0.2200 0.2538 -0.5236 66.00 -15.75 37.13 0.00 -3.85 4.95 4.5400 1.3300 -2.7200 1.4233 2.1633 2.5956 -5.29 -4.06 7.18 213 175 195 182 118 
0.8372 0.0304 0.3659 -0.4055 48.63 -40.88 13.94 -13.11 0.68 10.50 -6.4100 0.7600 3.0200 0.1633 -1.0089 0.2167 -6.01 -1.03 7.67 214 176 198 184 121 
0.8680 0.0516 0.3120 -0.3827 48.69 -34.56 12.31 -4.58 -1.98 8.31 0.7900 -0.0400 0.3100 -0.2367 -0.5089 -0.5367 -5.16 -2.18 8.04 212 183 206 190 123 
0.8598 -0.0103 0.2750 -0.4301 56.13 -22.19 17.75 -6.91 -1.20 7.76 -3.1100 2.3100 -1.4700 -0.0200 -7.0656 -4.1311 2.36 -3.11 8.99 215 308 323 318 206 
0.7145 -0.3570 -0.2179 -0.5609 77.56 64.37 32.25 9.35 -1.59 -4.59 -0.7000 0.1900 -5.8700 -1.1067 -11.8111 0.5033 8.26 -2.31 -4.73 209 380 354 406 229 
0.2985 -0.7664 -0.5483 -0.1517 114.31 26.12 158.75 -1.81 -1.15 -0.92 -6.2600 0.6800 4.1500 -3.0078 -0.9256 0.5922 3.16 -1.96 -9.07 211 345 326 371 226 
0.1667 -0.8510 -0.4812 -0.1280 121.75 21.81 170.00 3.50 -2.15 -13.40 -0.2900 -0.1900 -2.8700 0.7144 0.4133 0.0978 3.75 -2.04 -8.82 210 347 326 373 227 
0.2109 -0.8473 -0.4706 -0.1270 121.44 25.75 163.69 2.39 -1.45 -7.61 -1.5600 1.1500 0.4800 0.5811 1.0722 -0.6856 4.93 -2.62 -8.05 213 336 322 370 227 
0.2742 -0.8009 -0.5061 -0.1650 112.94 35.69 160.56 5.25 -0.23 -10.09 -1.3400 1.6500 -3.3900 2.9922 4.9556 -2.0744 8.38 -2.71 -4.29 206 363 325 364 208 
0.5738 -0.5356 -0.4933 -0.3748 63.00 74.56 49.13 7.48 -0.18 0.26 -1.1100 1.5700 -2.0500 5.9844 5.1522 -1.2644 7.94 0.63 5.71 214 397 354 432 217 
0.8308 -0.0562 -0.3982 -0.3848 47.94 43.00 -19.94 9.34 9.38 26.98 -2.0000 3.8400 7.2500 -0.8200 -1.9833 0.4178 7.60 1.68 5.96 206 385 353 418 218 
;
0.8228 -0.0814 -0.4255 -0.3679 47.88 49.25 -15.50 8.35 1.10 6.06 1.1800 -0.5100 -0.2000 -0.0711 0.0878 -0.0067 7.45 1.68 6.13 202 386 352 418 216 
0.8236 -0.0844 -0.4242 -0.3668 48.00 49.69 -15.38 8.00 1.00 5.52 0.4500 -0.5900 -0.4900 -0.0522 -0.0611 0.0111 7.59 1.55 5.99 203 383 352 416 218 
0.8199 -0.0980 -0.4323 -0.3624 47.69 51.56 -13.81 7.92 1.09 5.55 0.6000 -0.1600 -0.2700 -0.2311 -0.1822 -0.1300 7.78 1.40 5.79 212 364 352 390 211 
0.7966 -0.1364 -0.4564 -0.3721 52.13 58.88 -9.13 8.31 1.51 7.16 -0.1400 1.2900 2.7400 -1.9244 -1.6311 0.2344 8.86 -0.09 4.19 212 346 320 280 184 
0.7269 -0.3130 -0.4278 -0.4366 66.75 61.13 16.87 15.38 -1.63 5.15 9.4800 -1.2200 -1.7800 -4.7100 11.4667 2.8033 4.07 -4.37 7.77 213 167 172 166 99 
0.7596 -0.2203 0.1791 -0.5852 74.19 -10.75 33.75 -0.46 -4.86 3.28 5.3500 0.7700 -4.7400 1.2678 4.1333 2.8611 -5.40 -3.99 7.14 214 176 178 172 105 
0.7785 0.0595 0.3969 -0.4826 60.50 -46.06 18.37 0.76 0.18 3.79 6.7800 1.3800 -2.3100 1.4022 -0.2289 2.7667 -7.35 -0.06 6.48 213 178 183 175 107 
0.8402 0.1965 0.3401 -0.3738 48.00 -44.13 -6.37 -9.60 0.55 10.96 -1.5700 -0.2600 2.9400 -0.5311 -0.9267 -1.3322 -6.20 -0.16 7.59 214 186 190 180 114 
0.8347 0.0992 0.2900 -0.4575 59.25 -32.75 9.63 -3.69 -1.25 9.97 -2.1900 0.5800 1.0600 -1.9000 -3.3656 -2.7178 -2.58 -3.60 8.74 212 239 229 213 134 
0.7598 -0.1982 0.1425 -0.6027 83.00 13.88 30.37 -2.06 -3.26 0.16 -3.2000 2.5500 -8.8800 -0.1567 -11.9922 -5.6833 8.91 -2.69 3.06 212 407 364 431 231 
0.3998 -0.6833 -0.4370 -0.4269 87.31 45.19 165.25 8.73 -1.35 -9.48 -0.5600 -1.0800 0.3200 -1.5956 -1.1689 0.4756 3.43 -1.19 -9.10 212 359 314 386 228 
0.1008 -0.8707 -0.4631 -0.1313 124.44 18.25 178.06 3.13 0.37 -14.77 0.0700 0.8900 -4.2700 0.1411 0.5756 -0.1044 3.38 -0.25 -9.19 212 357 316 389 230 
0.1144 -0.8650 -0.4634 -0.1549 123.12 23.44 175.31 4.30 -0.50 -8.55 0.3800 0.4000 0.1000 0.6600 1.1144 -0.1611 4.57 -1.15 -8.59 210 357 312 380 230 
0.2180 -0.8238 -0.4797 -0.2091 116.94 40.19 165.94 5.58 1.16 -11.16 -1.1900 2.9200 -4.3600 4.1767 8.0100 -1.5422 9.29 -2.24 -2.19 207 395 339 401 220 
0.6486 -0.4304 -0.4223 -0.4645 67.69 66.00 18.12 4.55 1.09 1.49 -4.9300 1.9000 -2.1600 5.3622 2.7067 0.3811 7.65 0.75 6.08 214 390 343 429 222 
0.8352 -0.0641 -0.3935 -0.3788 47.75 45.56 -18.00 10.14 4.58 13.43 2.3700 1.1700 3.0500 -0.7044 -1.1256 0.2444 7.67 1.34 5.95 188 390 348 417 224 
;
