0.8565 -0.0524 -0.4746 -0.1960 25.75 56.44 -10.00 8.15 0.97 5.40 -0.0200 0.0000 0.0800 0.0056 0.0267 -0.0067 8.16 0.94 5.34 184 345 340 384 205 
0.8566 -0.0526 -0.4742 -0.1963 25.81 56.38 -9.94 8.05 0.95 5.39 -0.0900 0.0100 0.0700 -0.0011 0.0122 0.0056 8.16 0.93 5.34 189 343 336 384 206 
0.8569 -0.0527 -0.4738 -0.1964 25.81 56.31 -9.94 8.09 0.95 5.42 -0.0200 -0.0100 0.0600 -0.0611 0.0078 0.0233 8.16 0.88 5.36 185 342 335 382 209 
0.8575 -0.0590 -0.4717 -0.1968 25.81 56.25 -8.63 8.09 0.82 5.47 -0.1000 -0.0200 0.0600 -0.0556 -0.0100 0.0111 8.15 0.79 5.38 183 339 340 379 204 
0.8573 -0.0619 -0.4712 -0.1979 26.00 56.38 -8.25 8.01 0.74 5.44 -0.1800 -0.0700 0.1300 -0.0844 -0.0911 0.0211 8.20 0.73 5.32 184 344 339 376 205 
0.8538 -0.0698 -0.4763 -0.1981 26.12 57.69 -7.06 8.71 0.94 5.65 0.6300 0.5000 0.5600 -1.0744 -0.7989 0.7044 8.58 -0.40 4.71 185 310 287 305 192 
0.8110 -0.2731 -0.4713 -0.2132 32.00 61.63 44.69 9.23 -4.16 5.09 0.9100 -0.4300 2.1800 -3.7778 0.9322 0.9056 8.23 -4.71 2.48 210 277 259 256 172 
0.7336 -0.5144 -0.3309 -0.2963 45.31 48.50 66.69 11.95 -7.13 1.96 4.0700 -0.3700 -1.7800 -0.7744 5.8122 2.7322 4.93 -7.35 4.21 206 218 217 219 149 
0.7957 -0.4762 0.0435 -0.3718 50.88 8.50 53.25 1.42 -8.21 1.14 2.4300 -0.4500 -4.9800 1.1833 5.6867 3.0556 -2.54 -7.16 6.19 213 172 178 185 115 
0.8248 -0.2206 0.3822 -0.3534 42.75 -33.56 43.13 -0.58 -3.02 4.21 5.6600 2.5300 -1.5600 1.1678 -0.0789 3.0178 -6.61 -3.57 6.29 213 178 181 187 119 
0.8976 -0.0425 0.3940 -0.1929 19.44 -42.81 11.44 -9.23 2.49 9.99 -5.2100 3.0100 3.4500 0.1744 -1.7378 1.4778 -5.88 -0.21 7.83 211 184 188 192 126 
0.9532 0.0054 0.2858 -0.0989 13.06 -31.44 4.75 -6.78 -0.32 9.55 -0.6900 0.3100 0.9400 0.0244 -0.2622 -1.1311 -4.77 -1.19 8.47 212 192 196 204 129 
0.9505 -0.0198 0.2505 -0.1828 23.62 -26.69 8.38 -9.41 -1.39 11.56 -4.2400 -0.3100 2.8900 -0.6400 -7.7756 -3.6778 0.70 -2.18 9.53 167 364 202 196 132 
0.8887 -0.1901 -0.2441 -0.3383 39.94 49.31 13.75 14.07 -3.15 3.77 2.8900 -1.9200 -3.0700 1.9433 -5.4122 2.2167 9.14 -2.45 2.55 121 414 193 194 124 
0.7604 -0.2493 -0.5974 -0.0520 359.87 67.19 65.87 8.04 -5.02 -1.56 -0.8700 -0.4600 -3.7300 3.0656 0.9444 0.4633 8.73 -3.47 2.79 112 412 190 190 128 
0.8159 -0.1005 -0.5522 0.1394 337.62 59.44 35.00 6.36 1.68 4.07 -1.4900 4.4800 0.5600 1.8656 1.0967 0.0989 8.08 -2.29 5.05 119 407 195 192 129 
0.8497 -0.0209 -0.4793 0.2187 331.50 52.00 25.25 7.41 0.95 5.61 -2.2100 2.6100 -0.6900 -1.8244 1.5433 -0.4122 7.00 -3.15 6.09 123 416 202 199 131 
0.8919 -0.1451 -0.4003 0.1525 341.44 40.19 33.13 6.46 -8.67 2.51 0.1000 -4.3800 -3.8500 0.4000 0.4178 1.1644 5.61 -4.65 6.55 124 416 198 195 130 
0.9188 -0.2079 -0.2991 0.1517 342.00 26.87 31.44 2.06 -2.97 10.69 -2.0300 1.8600 2.9600 -0.5022 -0.5944 0.4367 4.48 -4.83 7.25 129 408 207 201 132 
0.9083 -0.2399 -0.3058 0.1549 340.37 30.00 40.31 1.45 -3.35 3.63 -4.4200 2.1800 -3.4800 -1.7500 -0.9478 -1.0411 5.80 -5.96 5.18 143 366 224 233 160 
0.8679 -0.3145 -0.3832 0.0314 3.50 43.44 43.81 7.69 -2.45 -0.86 4.2300 1.5100 -4.9300 2.1300 2.1100 -4.5356 7.20 -1.81 6.40 176 327 287 329 200 
0.8897 -0.1217 -0.3886 -0.2064 27.87 47.50 -0.56 8.80 0.50 11.48 2.4500 0.0600 3.7300 -0.6233 -1.8778 -0.3256 7.83 0.36 5.88 181 351 337 380 205 
;
