0.8406 -0.0835 -0.4163 -0.3362 43.56 49.25 -12.38 7.64 1.39 6.10 0.2500 0.0900 -0.0500 0.0133 0.0522 0.0156 7.43 1.37 6.24 178 347 339 364 214 
0.8408 -0.0831 -0.4166 -0.3357 43.50 48.94 -12.25 7.15 1.31 6.54 -0.3300 -0.0600 0.1900 0.0433 0.0489 0.0200 7.35 1.36 6.34 180 342 342 364 210 
0.8439 -0.0802 -0.4124 -0.3336 43.00 48.75 -12.13 6.89 1.45 6.40 -0.2600 0.3500 0.4900 -0.0567 -0.6033 0.1067 7.60 1.25 6.06 196 334 313 339 209 
0.8311 -0.1456 -0.4260 -0.3264 43.56 54.38 6.81 8.01 -1.21 8.29 1.7700 -0.8700 2.2400 -2.5211 0.6689 1.0344 7.69 -2.65 5.46 209 198 202 201 132 
0.8317 -0.3283 -0.2707 -0.3566 46.50 34.63 29.19 7.10 -3.57 2.69 -2.4400 0.3700 -5.3000 0.9300 6.9289 1.9211 0.48 -3.88 8.99 210 175 176 182 113 
0.9160 -0.1253 0.1483 -0.3512 40.19 -18.06 17.94 -5.65 -3.62 10.39 -1.8800 -0.8500 0.9500 0.4344 3.5844 0.8611 -5.83 -2.16 7.57 213 178 185 189 118 
0.8721 0.0071 0.3777 -0.3109 39.63 -42.38 17.56 2.66 -0.46 1.51 9.4000 1.5900 -5.7700 0.6611 -0.3622 0.8933 -6.68 -1.44 7.03 211 187 191 192 119 
0.8917 0.0665 0.3441 -0.2863 35.19 -39.63 4.75 -10.88 -0.39 13.15 -3.2800 -0.1200 5.1500 -0.6778 -0.6233 -0.7611 -5.69 -1.14 7.90 211 192 204 198 123 
0.8910 0.0200 0.3155 -0.3259 41.56 -34.44 14.13 -7.77 -0.57 10.46 -3.2900 2.2800 2.6200 -0.9478 -1.5689 -1.6144 -4.28 -3.29 8.18 202 289 288 307 200 
0.8625 -0.1650 0.2303 -0.4192 54.06 -6.75 35.88 2.57 -4.68 8.61 2.9100 1.4900 0.2200 -4.6644 -1.6967 -1.6344 0.79 -8.12 5.42 201 372 303 430 217 
0.7037 -0.5156 0.2435 -0.4238 61.13 5.06 77.06 5.98 -5.23 -0.24 2.6100 4.8200 -2.9500 -5.0700 1.2833 1.4022 -0.04 -9.70 -1.43 183 389 304 433 218 
0.4789 -0.6672 0.4797 -0.3089 62.69 -4.87 114.87 -3.39 -5.31 -12.38 -2.0900 4.2300 -9.1300 1.4467 -2.3956 0.4200 -1.88 -8.92 -3.59 162 345 323 386 214 
0.6454 -0.6046 0.3904 -0.2562 42.75 -9.13 78.50 1.40 -1.84 7.72 5.4700 6.5400 19.5300 6.8089 -0.1489 0.2111 -1.36 -7.55 6.10 166 367 346 405 219 
0.7980 -0.4359 0.2521 -0.3309 46.19 -5.44 70.19 3.66 -5.80 0.86 4.1900 4.1300 -1.9400 -5.5289 2.0100 -0.2589 -0.79 -9.72 -0.93 169 362 342 408 219 
0.5293 -0.6835 0.4141 -0.2849 57.69 -2.12 107.69 2.10 -3.28 -18.87 0.5200 7.2000 -14.0800 7.4289 -1.0189 0.3622 -0.78 -9.70 1.16 171 339 325 367 218 
0.8246 -0.3660 0.2052 -0.3795 48.75 -2.19 45.25 0.33 -5.00 29.53 1.6900 1.9600 17.0600 -5.1178 -0.4978 0.0256 0.10 -8.81 4.30 172 346 331 372 216 
0.6733 -0.6058 0.2787 -0.3193 53.44 0.25 94.25 3.90 -3.30 -11.67 1.7700 6.4000 -11.5500 -0.8822 1.8789 1.1744 -0.37 -9.48 -2.45 167 307 291 300 196 
0.6268 -0.6004 0.3674 -0.3342 54.19 -0.31 75.75 0.27 2.31 -5.65 0.8600 11.4600 -8.9200 12.1111 -7.2033 -4.0656 4.37 -4.31 7.63 200 355 339 398 217 
0.8903 -0.1280 -0.2864 -0.3301 39.88 40.63 -0.19 11.63 0.61 11.33 10.5200 2.1800 5.3300 1.6500 -3.2311 -0.9611 7.97 0.90 5.64 183 354 344 388 217 
0.8354 -0.0787 -0.4487 -0.3076 40.31 52.50 -15.88 6.32 2.41 4.87 -1.3200 0.4800 -0.5000 -0.1033 -0.0778 -0.0989 7.80 1.73 5.68 182 353 344 378 216 
;
