0.6762 0.2327 0.0854 0.6937 268.50 11.94 -26.25 2.15 4.15 8.67 0.1100 -0.1200 0.0800 0.0056 0.0044 0.0000 2.03 4.24 8.60 193 317 344 382 217 
0.6763 0.2336 0.0845 0.6934 268.56 12.19 -26.31 2.18 4.17 8.70 -0.3500 -0.2400 0.1500 0.0322 -0.3244 -0.0244 2.29 4.28 8.51 196 312 345 384 220 
0.6802 0.2756 0.0610 0.6765 271.75 21.62 -32.44 4.37 4.16 10.01 1.4800 -0.6100 2.7900 2.8167 -6.2989 0.1178 6.35 6.06 4.36 205 314 285 281 216 
0.6296 0.5303 -0.0873 0.5611 273.12 45.19 -44.50 17.46 8.12 3.60 4.7700 3.1000 -4.8100 -1.9333 8.0289 2.4367 4.03 1.99 8.71 213 169 179 184 137 
0.5740 -0.0410 0.0272 0.8174 245.75 -13.25 5.50 8.14 3.42 4.85 7.2800 6.2200 -6.0500 -5.0744 3.2933 4.9211 -4.85 -2.72 8.07 213 183 171 178 124 
0.1934 -0.3294 -0.0490 0.9229 192.69 -36.81 9.00 -9.07 3.11 7.25 -7.3000 1.6200 -0.0600 0.1789 -1.7144 2.1756 -4.97 0.15 8.44 212 184 174 187 124 
0.0039 -0.2391 0.0056 0.9709 182.56 -26.75 1.00 -4.03 1.35 11.61 0.1100 1.8100 1.7800 -0.3467 -0.4033 -0.9233 -4.10 -0.77 8.87 212 186 180 187 130 
0.0679 -0.2060 -0.0272 0.9758 189.19 -21.44 4.81 -2.92 -1.49 6.98 -0.1600 -0.5700 -1.9800 2.6256 -1.7367 -2.2411 -2.46 0.24 9.48 212 267 234 243 169 
0.2379 -0.0412 0.0932 0.9659 212.50 -3.56 -14.88 1.96 5.19 5.65 2.3600 1.7300 -3.8200 2.8478 -1.2256 -2.5000 -0.26 4.58 8.66 198 352 305 319 202 
0.4041 0.1450 0.2653 0.8633 233.06 5.50 -38.69 10.00 9.81 15.33 -1.4600 0.1100 13.9100 -2.9144 -3.0811 0.0000 2.72 5.57 7.59 213 320 324 354 224 
0.4673 0.3152 0.1153 0.8179 240.06 30.69 -28.87 8.83 3.06 11.73 4.1200 -1.7100 3.8500 -1.8867 -4.4233 1.7267 7.66 2.42 5.61 213 183 182 187 138 
0.3197 0.5975 -0.1568 0.7185 213.44 87.00 -2.75 -6.29 -0.80 3.54 -20.1900 -0.0900 7.5800 3.1633 -3.4522 0.1678 9.42 -0.90 -2.53 209 172 170 182 121 
0.1088 0.8071 -0.0538 0.5778 205.87 68.75 -151.50 20.71 5.22 -10.08 10.1300 2.5800 -5.0700 0.5044 -1.8100 1.9456 9.04 1.26 -3.56 214 178 174 191 127 
0.1108 0.8134 -0.0667 0.5672 202.69 70.50 -164.25 8.06 3.23 -2.20 -1.5300 2.3200 0.0800 -2.0433 -0.6189 1.2100 9.19 0.52 -3.35 212 201 184 205 144 
0.1625 0.8079 -0.2040 0.5286 217.75 64.87 -172.62 3.01 2.90 -3.25 -4.0000 3.0200 1.5700 -2.1100 -3.1033 0.7667 7.90 1.02 -5.71 214 375 318 318 205 
0.2574 0.8318 -0.3860 0.3044 234.69 40.31 -162.50 19.00 -3.51 -18.17 12.7100 -5.2800 -8.1300 -2.6111 3.5944 2.1600 7.72 2.90 -5.29 211 168 168 180 126 
0.4905 0.5363 -0.4222 0.5419 252.06 54.69 13.81 8.57 13.61 -17.87 -1.2300 17.7900 -24.3600 -3.5200 8.8800 9.4578 -3.70 -4.33 7.97 210 165 166 172 113 
0.1302 -0.3552 -0.0646 0.9234 186.31 -42.38 3.37 -13.55 4.64 11.63 -10.6400 0.3100 6.0900 0.3956 -1.0644 0.3433 -6.21 1.11 7.50 211 169 168 174 114 
0.0139 -0.3152 0.0441 0.9479 182.75 -36.06 -4.75 -7.43 1.23 10.18 -2.2000 0.4700 2.1100 0.2178 -0.3444 -0.0367 -5.57 0.72 8.03 210 176 176 180 117 
0.0485 -0.2848 0.0421 0.9564 186.94 -32.38 -2.75 -5.67 0.30 8.15 -0.2600 -0.2500 -1.0400 1.4256 -2.2100 -3.1611 -3.82 0.18 9.02 204 209 206 209 150 
0.3123 -0.0309 0.0819 0.9459 226.62 7.56 -13.94 1.98 5.80 0.08 -0.5700 3.0000 -7.4400 3.0544 -11.9478 -1.7378 7.26 4.84 4.47 206 320 309 345 220 
0.4584 0.6280 -0.0480 0.6271 256.75 54.19 -62.81 9.98 5.13 2.44 1.2300 -0.5500 -1.6400 -2.9611 4.9300 -1.8511 5.76 4.98 6.17 206 364 334 405 229 
;
