0.0384 0.4802 0.1272 0.8671 185.00 55.25 -27.00 8.02 2.58 4.98 -0.1100 0.0300 0.0000 0.0322 0.0267 0.0078 8.04 2.54 4.99 173 326 325 377 219 
0.0376 0.4793 0.1293 0.8672 184.94 55.31 -27.25 7.88 2.66 5.00 -0.1800 0.0900 0.0600 0.0533 -0.2611 -0.0022 8.16 2.57 4.78 169 327 322 376 219 
0.0403 0.4971 0.1301 0.8569 185.44 57.69 -29.44 8.33 2.67 4.42 -0.0200 0.0100 -0.0400 0.0089 -0.5933 0.0733 8.50 2.53 4.17 171 329 318 365 216 
0.0322 0.5545 0.1259 0.8220 183.94 71.56 -36.00 11.34 3.57 7.73 4.5400 0.5900 6.4200 -3.6633 -1.9111 2.0989 9.78 -0.11 0.71 213 214 198 202 137 
0.1082 0.5463 -0.1789 0.8111 196.69 49.25 24.81 8.95 -3.21 -1.01 2.6400 0.7200 -8.8800 -0.6133 10.8611 2.7200 -0.50 -3.97 8.95 208 179 180 187 124 
0.1066 -0.2151 -0.1630 0.9570 191.31 -27.56 22.37 -0.26 0.37 3.64 5.6200 3.3800 -4.0200 -0.2167 2.8044 2.2656 -6.93 -2.12 6.60 212 179 177 189 120 
-0.0443 -0.4286 -0.0720 0.8995 169.56 -52.94 -0.25 -19.36 2.41 7.59 -10.5500 0.0900 1.9800 0.4533 -1.2078 0.0456 -7.51 1.00 6.21 208 186 182 191 123 
-0.0760 -0.4044 -0.0125 0.9114 172.87 -46.50 -0.44 -6.56 -0.08 8.71 0.9900 -0.1200 1.9600 0.0778 -0.4033 -0.7422 -6.85 -0.38 6.99 208 190 185 195 129 
-0.0195 -0.3571 -0.0355 0.9332 178.75 -39.13 3.75 -6.83 -0.46 8.47 -1.8100 -0.2900 0.6300 1.1022 -4.0278 -2.0456 -4.11 -0.45 8.89 187 270 221 257 179 
0.1207 -0.0404 -0.0140 0.9918 195.56 6.44 0.00 12.62 -0.53 7.50 7.8600 -1.5600 0.8300 -0.7600 -5.6356 2.9533 6.37 -1.15 7.36 106 257 291 264 181 
-0.0186 0.3788 -0.1247 0.9169 174.25 45.44 23.44 3.84 0.11 2.92 -6.7100 0.6200 -0.8100 1.2267 -2.6389 0.1456 7.88 -2.60 5.21 99 181 187 181 114 
-0.0988 0.5443 -0.0693 0.8301 166.94 67.56 30.56 12.88 1.35 -3.65 1.5900 3.8900 -5.7500 2.8889 -1.7111 -0.2956 9.56 -1.02 1.88 110 183 182 177 114 
-0.2278 0.6176 0.1167 0.7437 142.87 74.31 27.87 9.03 0.16 20.55 0.5700 2.3000 12.7300 -1.9867 0.6311 0.6356 9.23 -1.93 2.67 111 182 193 184 115 
-0.1945 0.5959 -0.0110 0.7791 155.25 65.87 44.06 8.66 -0.37 0.39 -0.4100 2.6500 -2.7700 -2.3711 0.3811 0.1478 8.77 -3.47 2.65 110 183 193 183 116 
-0.0978 0.5832 -0.1599 0.7904 166.31 63.44 54.63 5.75 -3.87 -3.56 -2.7000 -0.7500 -5.4400 0.7767 -1.0333 -0.2822 9.01 -3.30 1.99 111 184 187 184 117 
-0.1116 0.5961 -0.0915 0.7899 161.62 67.12 34.88 13.49 10.31 37.16 9.1800 3.5500 15.9700 -0.4011 -1.0411 1.8822 9.09 -2.88 2.27 115 174 185 185 113 
-0.1629 0.5836 -0.0588 0.7933 157.37 63.81 38.19 7.85 -2.00 5.50 -1.0600 0.8000 2.1100 0.0589 -0.3578 0.2233 8.79 -2.67 3.42 127 193 197 205 138 
-0.1791 0.5905 -0.0496 0.7854 151.44 68.12 52.63 6.83 -1.26 1.96 -0.5900 -0.3500 2.8200 -0.2567 -3.0356 -0.4189 9.48 -2.50 -0.08 194 264 238 232 153 
-0.1252 0.7373 -0.0187 0.6636 164.00 77.94 117.19 17.86 -4.72 -4.54 9.3600 -4.7700 -3.9800 0.4311 2.1067 1.4100 9.49 -2.30 0.86 201 180 179 177 113 
-0.1583 0.6385 -0.0886 0.7479 149.31 63.81 69.12 0.82 -2.18 -4.66 -8.8200 2.7300 -6.5200 1.6289 -0.1500 0.7900 8.38 -4.78 1.75 205 180 176 182 113 
-0.2740 0.6347 -0.0454 0.7211 143.81 68.87 63.75 -2.94 9.09 3.22 -6.0900 10.5600 -1.3900 -1.8211 -1.3689 -5.4678 9.74 0.89 0.69 205 183 178 187 115 
0.0132 0.6988 0.0843 0.7102 181.94 82.50 -119.69 14.26 0.28 -1.10 3.1700 -0.1400 0.5200 -0.1644 0.6267 -0.4056 9.71 1.12 -0.70 205 191 180 190 115 
0.0220 0.7283 0.0680 0.6815 183.87 81.62 -118.44 9.68 1.26 -1.86 -0.1100 0.0400 -1.1700 0.1200 -0.0656 0.1400 9.70 1.18 -0.72 205 187 183 187 115 
0.0148 0.7272 0.0764 0.6820 181.81 81.69 -112.87 13.03 2.84 -3.75 4.2600 1.3000 -5.1600 0.7556 3.3589 -0.4589 9.57 1.62 1.36 206 364 244 231 160 
-0.0304 0.5282 0.1459 0.8359 172.19 57.25 -23.12 2.40 2.40 5.47 -6.4100 -0.5400 0.1400 0.7533 0.5378 1.3833 7.90 1.68 5.55 211 399 320 363 208 
;
