0.8090 -0.1107 -0.4632 -0.3446 46.13 55.63 -14.38 8.03 1.33 5.49 -0.0500 -0.0500 0.1300 -0.0244 -0.0333 0.0022 8.10 1.36 5.34 178 342 345 397 210 
0.8084 -0.1122 -0.4637 -0.3449 46.19 55.81 -14.13 7.93 1.29 5.49 -0.2500 -0.0100 0.0900 -0.0756 -0.2256 0.0800 8.18 1.28 5.24 178 340 336 391 210 
0.8000 -0.1355 -0.4766 -0.3384 45.94 59.94 -8.25 10.76 1.58 8.29 2.0100 1.9600 3.8900 -5.0711 1.5133 1.2344 8.08 -1.48 5.34 201 234 231 225 151 
0.7977 -0.3331 -0.2477 -0.4376 60.25 32.69 29.12 3.92 -6.08 6.13 0.5000 -0.5500 -3.1700 -1.6622 6.8756 2.6911 0.38 -5.67 7.99 215 168 175 171 105 
0.8397 -0.2116 0.2156 -0.4512 53.94 -16.25 32.63 -4.78 -5.11 7.84 -0.8400 -0.3800 -0.1100 0.5289 2.2722 1.5567 -4.90 -4.13 7.41 212 174 182 177 109 
0.8491 -0.0635 0.3602 -0.3811 48.00 -35.75 26.37 1.61 -1.44 3.44 6.5800 1.8900 -2.9300 1.0033 -0.2733 1.0422 -5.82 -2.68 7.41 210 180 188 179 112 
0.8730 0.0034 0.3279 -0.3609 44.94 -33.75 15.81 -7.02 -2.87 10.33 -1.2400 -0.5400 2.0400 -0.2456 -0.5378 -0.6311 -4.97 -2.54 8.05 216 183 190 186 120 
0.8708 -0.0351 0.2841 -0.3997 50.81 -25.37 19.62 -7.35 -5.24 11.23 -3.1100 -2.8800 3.6600 2.6911 -7.0100 -2.7422 0.15 -2.18 9.55 211 320 304 331 201 
0.8561 -0.0981 -0.1898 -0.4706 50.13 37.63 -7.75 7.81 -1.99 4.76 2.4900 -2.6800 -2.2700 3.4389 -5.9267 6.8833 8.83 -1.05 4.12 213 410 356 433 216 
0.8151 -0.1627 -0.5559 -0.0073 357.06 62.44 41.19 3.80 -2.10 1.96 -3.6000 1.0900 -1.1100 0.4911 -0.1522 0.5878 8.41 -3.35 3.75 209 401 346 431 221 
0.8326 -0.1564 -0.5266 0.0704 349.37 58.81 39.50 7.56 -0.28 3.75 -0.9600 2.8900 0.2700 -0.1400 -0.4722 0.3222 8.43 -3.45 3.62 209 357 339 407 226 
0.8155 -0.1824 -0.5427 0.0844 348.94 58.31 50.19 8.14 -1.66 4.18 0.2700 2.4300 0.3900 -1.5167 0.5378 0.1778 8.15 -4.50 3.07 206 353 328 383 226 
0.8093 -0.2878 -0.5116 0.0206 358.87 53.81 57.00 10.44 -2.90 0.64 1.6600 1.4000 -1.9900 -2.3056 2.8222 -0.4644 7.30 -5.32 3.80 203 296 286 348 223 
0.8021 -0.4332 -0.3973 -0.1051 13.81 43.69 66.56 4.38 -7.61 1.18 -2.6500 -1.3300 -1.0400 -0.8989 1.4622 1.6900 5.45 -7.59 2.93 204 314 281 352 223 
0.8027 -0.5352 -0.2514 -0.0773 11.63 27.75 70.44 0.90 -9.72 2.66 -2.8400 -1.2100 -0.4300 -0.6411 0.2256 -0.1111 4.49 -8.31 2.61 208 325 289 355 225 
0.7836 -0.5684 -0.2271 -0.1061 16.25 29.25 74.00 3.26 -7.92 1.57 -2.0900 0.2700 -0.9500 0.2411 -0.1956 -0.8222 5.34 -7.84 2.44 202 323 303 360 222 
0.8048 -0.5090 -0.2604 -0.1594 25.31 36.31 58.69 2.77 -5.26 1.24 -3.0300 0.8600 -2.9900 2.1078 2.4778 -2.4833 5.90 -4.95 6.06 202 363 330 378 216 
0.8641 -0.2901 -0.2519 -0.3250 43.19 41.13 17.62 8.12 0.85 5.47 1.9400 2.4400 -0.8400 2.8878 -2.6678 -1.2333 7.73 0.04 6.02 206 381 332 414 220 
0.8200 -0.1291 -0.4420 -0.3399 45.50 52.69 -12.38 9.94 4.09 7.88 3.2600 2.7000 3.1300 -0.1833 -0.6833 0.0078 7.86 1.57 5.63 204 366 344 407 217 
;
0.7656 -0.0889 -0.5057 -0.3875 53.63 57.44 -28.37 8.21 2.57 4.75 -0.0500 0.0500 0.1000 0.0033 0.0344 -0.0078 8.26 2.50 4.65 186 356 345 382 210 
0.7665 -0.0881 -0.5045 -0.3876 53.63 57.25 -28.25 8.16 2.60 4.80 -0.1200 0.1100 0.1000 0.0022 0.0167 -0.0089 8.23 2.51 4.68 186 358 344 382 211 
0.7673 -0.0872 -0.5030 -0.3881 53.63 57.00 -28.12 8.14 2.63 4.86 -0.0600 0.1100 0.0900 -0.0056 -0.0122 -0.0078 8.22 2.52 4.70 185 356 343 382 210 
0.7668 -0.0878 -0.5034 -0.3885 53.63 57.50 -28.00 9.33 2.43 6.19 1.5500 0.1400 3.1500 -2.2389 -0.8089 1.3011 8.65 1.34 4.40 205 273 266 266 185 
0.7521 -0.2568 -0.4464 -0.4113 61.00 58.44 13.38 11.52 -0.33 7.32 4.9000 1.5800 1.0300 -4.3122 5.2789 2.1733 6.14 -4.02 6.49 212 154 175 173 106 
0.7942 -0.3458 -0.0126 -0.4996 62.38 11.06 35.69 0.15 -5.90 6.11 0.5900 0.4600 -2.2200 -0.0400 5.0567 2.9500 -2.34 -5.62 7.67 214 162 180 177 110 
0.8349 -0.1525 0.3346 -0.4095 49.81 -31.06 34.38 2.81 -1.47 0.71 9.9800 3.4200 -6.7500 1.8278 0.4378 2.9856 -6.24 -2.76 7.03 215 165 183 178 113 
0.8915 0.0424 0.3495 -0.2849 33.56 -38.69 5.37 -10.66 -0.03 12.42 -4.3300 0.0500 4.1200 -0.1311 -0.9889 -0.7189 -5.38 -0.87 8.14 212 171 192 188 120 
0.9088 0.0250 0.2616 -0.3242 42.63 -25.00 8.25 -6.06 -0.92 10.04 -2.8400 0.2500 1.2700 2.5800 -5.8722 -2.8300 -0.36 -0.21 9.79 212 392 343 398 217 
0.8510 -0.0163 -0.2499 -0.4616 53.19 38.88 -17.44 14.01 -0.57 6.33 5.6600 -2.7100 -0.0100 -0.2922 -2.8333 4.0811 8.46 -0.21 4.94 209 423 362 433 223 
0.8276 -0.1932 -0.4832 -0.2103 24.69 62.44 18.94 7.75 -0.76 1.91 -2.7000 0.5900 -2.3900 2.1111 -0.7022 1.6456 8.74 -1.90 4.01 204 427 366 434 224 
0.8366 -0.1531 -0.5253 -0.0273 359.44 62.13 30.94 6.00 2.46 5.38 -2.7000 4.8800 1.3900 1.0211 -0.0356 0.6744 8.57 -2.47 4.06 207 428 361 438 223 
0.8340 -0.1186 -0.5350 0.0645 351.12 61.50 35.50 10.28 -1.38 2.47 2.4300 1.6000 -0.7400 -1.0789 0.1178 -0.0844 8.63 -2.97 3.57 206 373 340 414 225 
0.8113 -0.2396 -0.5331 -0.0123 8.63 60.25 58.13 8.48 -1.94 -0.42 0.8900 1.5900 -2.7800 -3.1056 1.1778 1.0267 7.94 -5.33 2.14 190 297 260 337 222 
0.7722 -0.4755 -0.4041 -0.1197 17.44 42.69 70.75 -0.93 -10.04 2.11 -6.7100 -2.9400 -0.5400 -1.5044 1.6711 1.0111 5.47 -7.77 2.38 203 323 271 351 223 
0.7662 -0.5768 -0.2361 -0.1563 24.37 33.06 75.25 2.75 -8.50 1.51 -2.6800 -0.2600 -0.2400 -0.2189 -0.0722 -0.6189 5.66 -7.76 1.95 200 330 279 355 224 
0.7543 -0.5683 -0.2661 -0.1931 29.62 40.44 71.31 2.31 -5.30 0.23 -4.2600 1.6500 -2.6800 1.9944 0.9722 -1.7878 6.95 -5.77 3.80 194 354 309 372 217 
0.8130 -0.3967 -0.3234 -0.2778 39.81 50.00 35.56 6.20 -2.11 1.82 0.1800 1.2600 -1.9600 2.7667 -1.0456 -2.5256 8.35 -0.74 5.08 197 373 337 404 217 
0.7978 -0.1902 -0.4661 -0.3318 45.63 60.56 -8.50 14.64 2.99 7.51 4.4800 1.8900 2.5300 1.1178 0.4167 -0.1767 8.37 1.29 4.93 201 358 335 398 213 
;
