0.4736 0.5276 0.0518 0.7032 247.87 43.81 -52.56 6.94 5.63 4.25 0.1400 0.0400 -0.0700 0.0033 0.0089 0.0033 6.79 5.61 4.29 182 304 291 299 198 
0.4737 0.5270 0.0521 0.7037 247.87 43.75 -52.38 8.02 6.50 4.59 0.9700 0.8900 0.5200 0.0556 0.0511 0.3811 6.91 5.46 4.29 186 303 300 314 207 
0.4476 0.5390 0.0469 0.7120 241.75 48.13 -51.75 12.62 9.54 9.02 4.2900 4.2100 4.6900 -1.8244 3.5778 1.8778 6.82 3.56 6.07 210 362 335 334 213 
0.3907 0.2596 -0.0122 0.8831 224.19 12.94 -2.87 2.63 0.53 3.74 1.0200 0.1600 -4.2500 -3.6189 5.6111 3.9356 -3.57 -1.90 8.92 212 265 238 211 141 
0.1646 -0.3147 -0.0343 0.9342 194.31 -41.44 8.75 -3.59 -0.03 1.67 4.7000 -0.5000 -4.8900 -0.7700 1.8500 2.2189 -7.65 0.00 6.13 210 177 179 171 110 
-0.0313 -0.4307 0.0379 0.9012 173.44 -48.81 -13.38 1.45 6.72 5.71 3.2200 5.5800 3.4400 0.8644 -0.8289 3.4600 -5.90 3.78 6.85 206 183 176 176 114 
-0.1425 -0.3155 0.1435 0.9271 164.56 -32.56 -22.44 -6.41 4.35 9.91 -0.8700 1.5200 1.3100 -0.7256 -0.4667 -1.8367 -5.26 1.68 8.09 213 187 184 182 120 
-0.0281 -0.3001 0.0513 0.9521 177.44 -35.50 -5.06 -4.61 -1.40 11.16 0.8800 -1.2600 3.7100 -1.0600 0.1100 -0.8178 -5.69 -0.47 7.97 210 305 213 213 141 
0.0150 -0.2939 -0.0778 0.9526 183.25 -33.44 17.81 -6.02 -0.50 9.04 -2.0300 2.3000 0.0500 -3.6478 0.9400 -3.1667 -5.01 -5.79 6.12 206 419 195 178 124 
0.1704 -0.3209 -0.3693 0.8553 209.31 -19.56 61.69 -2.75 -4.28 -0.21 1.0600 5.0300 -4.6900 -1.3856 2.3700 -4.1211 -0.48 -9.33 2.95 169 435 194 185 132 
0.4691 -0.2700 -0.5144 0.6651 258.44 11.63 66.87 9.56 -2.10 -2.29 8.1500 6.2300 -5.8600 4.7700 1.9400 -1.5633 2.64 -6.76 6.58 172 429 186 190 133 
0.6695 -0.0936 -0.2652 0.6875 266.31 12.56 23.81 12.71 -3.02 21.65 6.2300 -1.3800 12.8700 0.7644 -1.0189 4.0700 2.06 -3.38 8.96 173 429 197 194 134 
0.4797 -0.0325 -0.2534 0.8394 234.81 9.38 33.63 -8.47 -4.00 13.84 -8.6300 3.0300 4.6100 -3.6211 0.4356 0.7311 0.92 -7.46 6.28 172 429 194 192 136 
0.3961 -0.1872 -0.4605 0.7720 238.06 4.56 65.06 -3.45 -1.15 2.31 -2.8700 8.5100 -1.7200 -2.2922 2.0500 -1.8522 1.58 -9.40 2.28 175 433 197 190 137 
0.5249 -0.3127 -0.5505 0.5689 271.50 15.06 77.62 2.19 0.13 -0.64 0.4000 9.6000 -3.0900 1.9233 2.5200 -2.7956 3.78 -8.30 3.59 175 433 204 192 135 
0.7403 -0.2361 -0.4279 0.4617 297.06 23.81 47.69 17.04 -0.14 6.20 13.0700 5.6700 0.4600 4.1233 -0.1422 2.0311 3.29 -4.81 7.88 176 430 202 195 140 
0.7108 -0.0437 -0.2629 0.6509 266.31 19.25 24.19 -1.08 -8.85 17.86 -6.1500 -4.8500 6.9400 2.7767 -3.9333 3.0889 4.46 -3.28 8.08 185 351 207 203 145 
0.4203 0.2473 -0.3060 0.8176 227.25 54.19 30.25 2.34 3.55 2.02 -7.4900 6.3300 -2.4100 1.5311 -10.7322 -0.2956 8.98 -2.80 -2.74 190 288 308 345 224 
0.0501 0.8026 -0.4644 0.3711 242.31 35.50 164.19 0.28 0.00 -14.00 -1.8600 0.6600 -6.4300 -4.2167 -3.0578 0.9478 3.70 0.61 -9.05 197 281 301 353 221 
0.1755 0.8065 -0.5591 0.0787 249.75 18.69 -165.87 5.33 -1.39 -12.67 2.1900 -3.5400 -5.9400 -0.1311 0.3044 0.1789 3.46 2.53 -8.81 211 310 311 353 221 
0.2048 0.7961 -0.5607 0.0990 250.31 23.31 -170.06 12.54 1.60 -32.82 8.3900 4.5000 -24.3700 6.7489 3.6778 2.3811 5.27 -3.25 -7.60 213 425 363 410 233 
-0.1915 0.6726 -0.4753 0.5338 131.44 30.31 94.69 -1.55 6.12 2.29 -5.2200 13.3000 0.6900 3.0289 1.5633 1.4756 3.72 -8.69 2.57 214 442 388 423 236 
-0.3906 0.4415 -0.3721 0.7170 123.50 19.44 68.19 0.92 -2.87 3.17 -2.6000 4.6800 -0.5000 -0.4756 0.5178 -0.2222 3.23 -8.60 3.40 216 439 389 427 234 
-0.3451 0.4191 -0.3970 0.7400 132.00 21.06 69.50 2.17 -6.37 2.89 -1.5400 2.6600 -0.2800 -0.5011 0.0667 -1.0911 4.25 -8.35 2.86 215 432 383 420 233 
-0.2405 0.4693 -0.4004 0.7494 148.25 33.31 75.50 1.46 -4.56 0.31 -5.0700 2.4200 -2.4700 -1.9189 0.3200 -3.7178 7.53 -6.21 0.92 208 314 254 259 187 
0.1268 0.5204 -0.3011 0.7889 208.81 62.44 18.31 14.39 1.74 5.12 4.7800 1.7400 -0.9900 1.2756 6.0533 -3.0800 5.85 1.39 7.74 212 319 292 296 207 
0.3611 0.3035 0.0266 0.8813 224.69 30.12 -20.87 6.67 5.37 10.39 2.0000 2.0500 2.0600 1.3644 -1.3689 -0.5222 5.38 4.18 7.04 209 309 315 336 202 
;
