0.2025 0.1705 0.1069 0.9584 203.81 16.50 -16.50 3.00 2.53 9.14 0.3500 0.0000 0.1500 0.0178 0.0744 0.0556 2.76 2.66 9.02 173 302 313 321 201 
0.1985 0.1655 0.1071 0.9601 203.25 15.81 -16.31 2.69 2.76 8.78 0.1300 -0.0900 -0.3100 -0.0256 0.1256 0.0378 2.60 2.62 9.08 173 301 313 320 200 
0.1934 0.1531 0.1073 0.9631 202.25 14.56 -15.94 1.26 4.39 13.38 -2.2600 2.6100 5.3200 -2.6844 -2.8011 2.0244 4.43 1.01 8.68 190 278 276 264 181 
0.0831 0.2383 -0.0484 0.9664 186.06 20.37 9.25 3.66 -4.13 10.78 2.8500 -2.6900 1.3600 -2.0689 3.6067 2.8267 0.57 -3.36 9.19 206 174 180 179 122 
-0.0729 -0.0500 -0.2237 0.9706 167.56 -13.56 27.75 -1.93 -3.74 8.25 1.3600 1.1900 0.1400 -1.3489 1.9667 2.4511 -4.45 -4.60 7.42 204 177 183 175 118 
-0.2269 -0.2324 -0.3181 0.8907 147.50 -37.44 34.75 -1.33 -1.40 6.10 4.4100 3.1200 -0.9200 -1.6133 0.3856 2.1178 -6.98 -4.07 5.55 207 180 186 178 122 
-0.3957 -0.2833 -0.3764 0.7884 121.19 -49.25 28.62 -0.74 3.47 0.86 5.3100 6.0700 -3.1000 0.9933 -1.4767 4.2967 -7.33 -0.37 6.49 206 181 193 181 122 
-0.6011 -0.2979 -0.2266 0.7061 99.37 -41.69 -1.87 -12.95 0.81 10.34 -4.0500 0.4700 2.1600 -0.6667 -0.5478 -1.5511 -6.10 -0.88 7.62 207 185 196 186 125 
-0.5623 -0.2112 -0.2535 0.7583 108.06 -36.44 12.63 -5.49 -1.27 7.93 -0.7300 0.2400 -0.2800 -0.0400 -1.4378 -1.1900 -5.02 -2.26 8.10 204 194 202 195 133 
-0.4790 -0.0931 -0.1084 0.8661 126.37 -6.81 -0.75 -0.90 5.86 10.39 4.0100 0.9400 -1.5800 5.1322 -11.6011 2.1444 7.06 3.41 5.88 147 394 184 162 120 
-0.4521 0.4382 0.4086 0.6608 101.06 79.37 8.44 15.00 -0.59 -0.42 3.9600 0.8800 -3.3600 1.2878 2.2744 2.2833 9.16 -2.32 2.60 130 251 173 163 120 
-0.6196 0.3870 0.2430 0.6381 97.12 40.19 9.25 1.69 -1.32 2.47 -5.2800 0.4000 -5.5400 0.8611 3.8022 0.0200 3.58 -0.56 9.10 151 192 178 164 119 
-0.6655 0.1375 0.0861 0.7285 93.31 15.25 4.44 -0.44 -0.08 7.23 -1.8100 0.8700 -1.3800 0.0244 0.8711 0.8722 1.79 -0.90 9.59 151 198 175 168 121 
-0.7244 0.0933 0.0341 0.6821 86.37 10.19 4.25 2.11 1.00 9.08 -0.0300 1.9600 -0.7000 0.1844 -0.7378 0.1833 2.00 -0.68 9.57 153 192 177 171 122 
-0.7143 0.0985 0.0425 0.6916 90.06 10.88 5.31 3.67 2.15 9.58 2.7400 3.0800 -0.0300 -1.4411 0.5578 -1.6789 1.54 -1.50 9.56 132 191 181 176 126 
-0.5920 0.0996 -0.0538 0.7980 112.62 2.37 13.38 -0.18 -3.98 8.78 -0.5400 -2.1700 -0.9900 -0.4489 1.0356 -0.6089 -0.51 -2.73 9.40 132 192 188 180 127 
-0.5123 0.0500 -0.1375 0.8463 117.00 -3.00 16.81 -4.38 -4.78 8.51 -3.3000 -1.4200 -0.9700 -0.0689 -0.7078 0.1478 -0.17 -3.02 9.32 139 199 187 182 130 
-0.5329 0.0948 -0.1214 0.8320 113.44 3.69 17.56 -2.46 -2.05 6.72 -4.4900 -0.3400 -3.2000 0.3022 -2.8611 0.6644 2.30 -2.91 9.07 157 258 201 191 139 
-0.5760 0.2521 0.0258 0.7772 105.94 33.19 15.38 8.47 -1.98 3.84 5.3800 0.0100 -0.8200 -1.7244 -2.3789 -1.5078 7.36 -2.14 6.10 207 193 194 188 130 
-0.4915 0.4945 0.1636 0.6980 107.75 63.06 41.13 8.44 -4.48 0.25 -3.7900 0.1900 -2.0700 -0.1611 -0.5578 -0.2944 9.11 -2.86 2.19 206 188 202 191 128 
-0.4457 0.5921 0.2705 0.6145 111.00 80.87 43.69 3.50 5.95 0.44 1.2900 9.2100 -1.1400 0.9267 -2.5144 -3.4333 9.69 1.44 -0.26 207 195 206 194 129 
-0.3144 0.5697 0.4800 0.5884 123.81 75.75 -122.31 14.39 3.06 -0.62 3.9100 0.9400 0.7100 -0.1211 -0.3622 0.5244 9.49 1.68 -1.75 207 199 208 193 130 
-0.3099 0.5999 0.4739 0.5653 122.37 76.81 -135.19 9.07 2.34 -0.72 -0.4700 0.6700 0.7700 -0.1700 0.0922 0.1878 9.57 1.44 -1.56 206 200 207 195 131 
-0.3165 0.6068 0.4601 0.5656 120.62 78.44 -139.12 12.93 4.03 -1.00 4.2600 3.3200 1.5600 0.4156 2.3444 -0.1489 9.71 1.31 -0.18 205 200 192 192 132 
-0.3911 0.4867 0.4203 0.6584 120.44 69.25 -34.94 6.59 4.21 4.69 -2.9700 1.1500 0.0500 -2.1656 3.1256 -1.6256 7.85 2.40 5.36 185 238 221 219 154 
;
