0.6921 0.2443 0.0853 0.6738 271.56 12.13 -27.56 2.17 4.34 8.54 0.0400 -0.0100 -0.0400 0.0011 0.0111 -0.0267 2.05 4.44 8.49 181 333 356 384 220 
0.6934 0.2435 0.0859 0.6727 271.69 12.00 -27.62 2.15 4.40 8.53 0.1000 -0.0800 0.0400 0.0367 0.0022 -0.0178 2.04 4.46 8.48 183 328 355 384 221 
0.6868 0.2605 0.0914 0.6723 270.62 14.88 -33.88 1.19 3.92 15.36 1.1100 0.7600 8.4500 7.2456 -0.5800 1.0656 3.50 7.85 4.71 200 308 302 304 216 
0.5372 0.4303 0.2297 0.6881 254.12 19.31 -51.81 7.72 9.93 3.37 2.9300 -0.2600 -2.9300 -5.3333 5.2722 1.3767 0.88 3.77 9.00 215 214 198 202 147 
0.4695 0.0457 0.0898 0.8771 234.37 -9.31 -3.50 -1.38 0.96 4.37 3.2500 2.0600 -5.5500 -5.8989 3.3644 1.2956 -4.92 -2.81 7.99 212 171 170 177 117 
0.3128 -0.3892 -0.0296 0.8659 216.62 -44.00 22.44 0.96 1.73 1.55 8.8200 5.5100 -5.4500 0.0944 -0.1322 3.8456 -7.57 -0.36 6.21 213 178 178 181 121 
0.0662 -0.3780 0.1204 0.9155 185.00 -41.63 -19.75 -14.16 8.97 16.90 -14.5600 3.5700 11.4900 0.8622 -1.8356 0.9211 -4.83 4.30 7.36 213 185 182 183 126 
0.0257 -0.2331 0.2151 0.9480 185.37 -25.81 -22.37 -3.69 5.40 5.16 -1.1300 1.1400 -0.9500 -0.7433 0.2711 -0.8467 -4.55 2.61 8.28 214 189 183 185 130 
0.0922 -0.2384 0.1452 0.9558 191.50 -28.69 -13.94 -10.57 2.06 13.23 -6.2300 0.8700 5.9200 -1.9044 -5.8844 -2.0589 -1.73 0.29 9.64 211 349 305 292 196 
0.2122 0.1080 -0.0615 0.9693 204.00 32.69 5.62 12.22 -4.60 0.56 6.1700 -4.1500 -8.4200 4.1322 -8.8722 3.9022 9.29 -1.62 2.67 218 438 378 437 228 
-0.1303 0.6376 -0.0758 0.7555 155.37 67.31 50.25 3.83 -3.11 -2.13 -3.6800 1.0500 -5.1200 3.2867 0.3744 0.5433 8.77 -2.66 3.47 218 444 381 433 234 
-0.3022 0.5303 0.0678 0.7892 136.06 60.38 21.12 7.06 5.41 5.55 0.0300 7.1500 1.5200 0.6756 0.7544 -0.4889 8.29 -1.17 5.10 217 434 352 437 230 
-0.3109 0.4834 0.0591 0.8162 140.25 55.50 28.69 11.19 5.63 5.13 1.7900 8.3200 -1.7900 -4.8133 0.1089 0.3667 7.97 -4.37 3.66 215 337 350 414 221 
-0.1843 0.5646 -0.2154 0.7752 154.00 47.69 67.31 6.72 -6.09 -3.81 -2.4700 -0.2700 -5.5300 -5.1289 1.1100 4.4100 4.58 -8.65 0.45 197 270 250 328 215 
-0.1323 0.3879 -0.6091 0.6790 160.62 20.94 94.00 -2.72 -13.76 -3.86 -5.9100 -3.9200 -2.2000 -0.1589 1.0022 -0.9422 3.95 -8.94 -0.70 200 291 256 340 218 
-0.0414 0.3672 -0.6276 0.6853 174.44 28.69 94.00 3.43 -7.46 -0.63 -2.2200 1.2300 -0.1600 -0.2400 -0.8100 -0.9356 5.35 -8.13 -1.15 210 294 269 332 219 
-0.0684 0.5000 -0.5911 0.6292 161.87 33.63 108.37 -1.59 -0.33 -0.97 -5.9000 8.8000 2.8700 -1.9778 -3.9922 -2.3756 5.43 -6.11 -5.40 203 322 285 314 218 
-0.0146 0.7820 -0.5372 0.3156 246.87 23.56 173.00 11.67 0.11 -16.22 7.1500 0.8900 -7.1800 -3.2856 -0.9489 -0.4700 2.85 2.67 -8.99 204 306 264 336 220 
0.2383 0.8289 -0.5061 0.0024 242.44 14.94 -154.12 6.05 5.17 -10.87 3.9900 0.5500 -2.1400 -0.2900 0.5178 0.3178 2.90 4.36 -8.28 205 318 275 346 220 
0.2787 0.8162 -0.5059 0.0161 243.37 18.25 -152.87 5.69 3.81 -16.31 5.8300 -1.8700 -10.9200 2.0611 -0.0100 0.4122 3.01 3.07 -8.81 200 305 266 327 218 
0.0984 0.8210 -0.5433 0.1453 249.94 27.50 161.75 4.21 12.08 -14.04 -0.3200 22.0200 2.4500 13.0444 3.7622 3.3067 3.95 -8.96 -0.35 213 440 375 430 236 
-0.4316 0.4655 -0.4022 0.6598 112.19 12.56 69.94 -2.46 1.85 2.00 -3.5700 9.7300 -1.7200 0.9522 0.6689 0.1244 1.67 -8.62 4.36 216 441 378 436 238 
-0.4537 0.3659 -0.3799 0.7183 116.50 10.75 63.56 1.43 -4.91 3.27 -0.4100 3.0600 -0.8900 -0.3411 0.6400 -1.0278 2.33 -8.59 4.09 217 438 379 437 238 
-0.3719 0.3854 -0.3922 0.7479 130.06 19.00 66.81 1.04 -3.24 2.06 -2.9300 5.6300 -1.8700 -1.3689 -0.4122 -2.8244 4.90 -8.04 2.71 206 349 333 363 230 
-0.1739 0.5173 -0.3706 0.7516 165.81 48.06 73.75 7.53 -1.01 0.56 2.3900 5.5400 -1.2100 1.2889 4.7456 -9.4811 8.79 -1.01 4.20 199 324 303 332 217 
0.4275 0.4052 -0.1284 0.7979 247.12 45.63 -17.50 13.67 5.71 11.71 8.0600 3.8700 5.8200 0.1411 3.3356 -3.7011 5.01 3.77 7.53 187 345 333 403 232 
0.6483 0.3030 0.0440 0.6971 267.94 20.31 -32.19 5.06 4.94 7.68 2.1900 -0.4400 -0.5100 0.5022 -1.7889 -0.5356 3.79 5.37 7.26 182 361 355 411 227 
;
