0.1150 0.1293 0.2628 0.9492 193.75 10.75 -32.50 2.23 4.99 8.19 0.3000 -0.1300 0.0800 -0.0022 0.0144 -0.0144 1.84 5.18 8.11 172 360 368 400 205 
0.1156 0.1304 0.2624 0.9491 193.94 10.88 -32.50 1.61 5.17 8.24 -0.0900 0.0100 0.0000 0.0522 -0.3044 -0.0100 2.02 5.21 8.05 172 360 367 398 206 
0.1235 0.1520 0.2635 0.9446 195.19 13.31 -33.63 1.95 4.97 8.48 -0.6500 -0.5400 0.7900 0.8789 -1.4367 -0.0667 3.08 5.81 7.26 177 328 320 396 207 
0.1248 0.2340 0.2974 0.9172 193.50 19.81 -36.81 12.68 11.49 18.21 7.7600 6.2200 1.7500 -5.1456 3.3256 4.8967 1.79 1.39 9.54 204 170 183 198 137 
-0.1437 -0.0389 -0.0258 0.9885 158.87 -8.88 6.87 -3.40 0.90 5.96 -1.2200 1.9800 -3.7800 -2.5922 1.1667 1.6067 -3.23 -2.75 8.83 208 177 184 194 128 
-0.2897 -0.1595 -0.2346 0.9141 141.62 -27.87 23.44 2.55 0.62 0.81 9.3900 4.5500 -6.9900 -0.1222 0.2456 2.7678 -5.64 -2.68 7.55 207 175 186 195 129 
-0.4833 -0.2484 -0.2075 0.8134 111.06 -35.19 -1.94 -17.82 4.05 16.03 -15.8600 0.4300 8.2200 -0.0211 -1.6856 0.5144 -4.48 1.64 8.56 208 184 196 200 130 
-0.5886 -0.2089 -0.0901 0.7758 107.94 -25.25 -4.44 -2.25 1.60 9.41 0.8800 0.5600 1.0100 -0.3011 -0.4511 -0.9967 -3.91 0.09 8.98 208 188 199 208 136 
-0.5114 -0.1211 -0.0966 0.8452 121.00 -13.19 4.87 1.17 0.75 12.05 4.0700 3.5300 3.0100 -1.7400 -0.6333 -1.9733 -0.46 -2.15 9.55 167 333 253 229 147 
-0.3699 0.1594 -0.0863 0.9112 135.62 29.50 20.19 8.64 -3.20 1.40 3.1200 0.0700 -6.5300 -0.6656 -13.2011 3.5656 8.50 -4.87 0.17 123 407 190 171 123 
-0.4639 0.8002 0.1215 0.3600 58.50 36.44 114.69 2.03 -3.94 -0.86 -3.2200 2.8100 1.3200 2.3811 -1.7756 0.7467 4.84 -8.14 -2.51 131 409 193 179 127 
-0.6046 0.7520 0.1921 0.1792 32.38 30.94 101.31 8.73 -7.43 -5.40 4.6200 -0.3000 -5.3800 3.1722 1.1589 -0.6478 5.37 -8.20 0.12 126 419 194 183 128 
-0.7056 0.6346 0.2941 0.1134 21.19 34.00 87.87 3.96 -8.05 -0.55 -2.4400 -0.4700 -2.0900 -2.1856 -0.9344 0.2900 5.43 -8.12 -0.73 132 415 201 189 130 
-0.6721 0.6760 0.2259 0.2010 34.50 36.38 84.25 8.75 -4.43 9.50 3.7200 3.8000 7.1700 0.2544 0.9600 -0.2856 5.91 -7.76 0.91 131 389 207 191 134 
-0.6864 0.6475 0.1682 0.2851 48.75 37.38 87.06 8.27 -5.08 2.75 3.0800 0.6400 1.8700 -3.5333 0.4256 -0.6589 6.33 -7.34 -1.44 185 187 214 185 130 
-0.4971 0.7623 0.0944 0.4035 87.19 49.88 101.00 1.36 -9.07 -8.65 -6.9800 2.1800 -4.1500 2.2100 1.9600 -2.2533 8.50 -4.38 2.13 208 186 202 185 133 
-0.4755 0.5660 0.1453 0.6576 110.19 64.19 46.69 -1.69 0.34 -1.96 -12.8300 4.3500 -1.5300 -0.0322 -2.4967 -2.6256 9.68 -0.75 1.33 209 177 205 186 134 
-0.2809 0.5685 0.3651 0.6816 139.37 72.87 -75.75 29.55 10.86 2.98 11.8000 5.3100 4.9400 -0.0567 -1.2756 0.2378 9.26 3.22 -0.19 209 183 207 187 134 
;
