0.0585 0.1550 0.2628 0.9505 187.00 15.44 -32.50 2.84 4.98 7.96 0.3400 -0.0900 0.0000 0.0289 -0.0344 0.0433 2.68 5.08 7.94 173 351 369 391 213 
0.0565 0.1600 0.2634 0.9496 186.75 15.88 -32.56 2.60 5.07 8.06 -0.1700 -0.0300 0.0800 -0.0189 -0.0089 -0.0033 2.68 5.07 7.95 174 352 367 390 214 
0.0569 0.1599 0.2624 0.9500 186.87 15.75 -32.50 2.85 5.32 8.13 0.3900 0.1700 0.1300 0.3178 0.1833 -0.1522 2.52 5.24 7.88 179 337 349 366 215 
0.0582 0.1414 0.2967 0.9427 183.94 10.31 -31.37 -1.29 5.71 13.14 -1.8700 0.9300 5.5400 -3.3289 -2.9000 3.1222 3.06 1.82 9.13 207 170 162 178 128 
-0.1271 0.0568 -0.0328 0.9897 161.37 2.19 13.69 2.71 -1.59 3.30 2.1200 2.0500 -6.0400 -3.6600 1.5144 4.7522 -2.32 -4.80 8.22 211 175 168 173 122 
-0.3667 -0.0927 -0.3194 0.8688 129.19 -27.62 31.19 1.90 0.32 1.71 7.1300 4.2400 -5.6100 0.6233 -0.0278 3.4678 -5.81 -2.86 7.35 210 181 175 179 124 
-0.5592 -0.2288 -0.2679 0.7505 100.69 -39.88 2.69 -13.36 6.20 16.32 -12.7700 3.0700 10.2200 0.0067 -1.7278 0.9311 -5.44 1.31 8.05 208 182 178 182 126 
-0.6520 -0.2297 -0.1501 0.7068 96.81 -30.87 -4.06 -5.24 1.79 9.02 -0.1600 1.1800 0.5900 0.0200 -0.4333 -0.8200 -4.77 0.23 8.56 208 186 179 185 130 
-0.6041 -0.1826 -0.1439 0.7622 105.31 -23.62 0.94 -3.79 0.99 10.26 0.1500 1.5800 1.8100 -0.0356 -2.6644 -2.0211 -1.68 -0.60 9.64 209 234 196 216 157 
-0.4877 0.0150 -0.0380 0.8721 125.69 6.06 6.00 0.56 4.26 17.50 2.2500 4.4900 6.2900 -4.4533 -3.7000 -2.0378 3.96 -3.38 8.30 182 345 310 343 210 
-0.3313 0.3450 -0.1730 0.8610 138.75 30.19 47.31 5.31 -0.82 5.85 4.2900 8.1600 0.5200 -6.0978 -2.6011 2.1178 4.40 -8.63 1.47 154 375 347 402 214 
-0.2512 0.4894 -0.5732 0.6072 137.56 13.31 107.62 0.88 -0.43 -13.17 -4.3500 6.0800 -11.0800 -4.7722 1.0589 1.9244 1.16 -7.70 -5.95 144 377 355 400 215 
-0.1389 0.3857 -0.8124 0.4147 145.19 6.19 123.94 -0.08 -1.79 -12.24 -1.0300 7.3100 -8.3700 7.0167 1.0333 -0.2867 1.58 -9.65 -0.65 152 365 345 389 216 
-0.2499 0.2695 -0.5033 0.7820 142.12 10.00 53.56 2.12 14.35 -1.69 1.3700 20.6900 -6.8600 10.4878 0.6600 0.1311 1.34 -1.35 9.61 165 376 365 411 216 
-0.3893 -0.0511 0.1389 0.9092 131.12 3.06 -26.25 2.48 15.12 23.67 -1.0600 8.1500 11.6500 1.3456 -0.8544 0.4156 1.58 5.76 7.77 165 376 367 408 217 
-0.4084 -0.0520 0.3278 0.8503 128.31 10.13 -37.75 0.71 7.05 10.19 -1.2400 1.0900 2.9000 -0.3589 -0.7644 0.1056 2.21 5.75 7.62 170 380 366 402 218 
-0.3934 0.0182 0.3295 0.8581 132.56 21.19 -31.37 2.02 14.39 20.62 -0.6600 11.0600 11.1600 -8.2400 -3.8256 0.9022 6.02 0.28 7.73 173 364 353 387 217 
-0.2659 0.4036 -0.0793 0.8719 148.00 40.56 46.00 11.11 5.89 0.49 5.3300 13.0700 -4.3800 -7.3144 1.1078 3.3778 4.70 -8.53 1.05 174 357 354 383 215 
-0.1941 0.4507 -0.6115 0.6207 141.44 12.88 107.94 -2.60 -1.63 -13.21 -4.9600 6.7300 -9.6800 -0.1400 -0.4722 1.7156 0.19 -8.81 -4.29 171 348 348 380 216 
-0.2649 0.3709 -0.7159 0.5289 130.19 3.12 99.31 -1.56 -1.85 -8.46 -2.0200 7.3300 -8.1300 7.0978 -1.5989 -1.3744 1.76 -9.12 3.12 171 365 359 405 217 
-0.3796 0.2974 -0.2927 0.8257 130.25 18.00 29.37 7.45 16.05 31.07 3.1000 18.6500 30.6900 1.7344 2.3189 -0.3367 2.22 -1.86 9.36 176 386 370 402 217 
-0.3586 0.2500 -0.1526 0.8864 139.12 20.56 41.44 5.99 2.51 1.39 1.9600 9.7900 -5.9000 -7.7778 0.0656 0.7911 2.92 -9.05 2.37 164 377 370 407 216 
-0.2171 0.3842 -0.6076 0.6603 140.75 12.13 98.75 0.26 -7.02 -21.13 -1.6600 2.5200 -18.9300 3.3722 0.0233 -0.2467 2.01 -9.59 -0.28 157 345 359 380 216 
-0.3080 0.3570 -0.4485 0.7593 134.00 20.56 52.13 -0.02 11.28 8.59 1.3000 17.4500 16.4800 6.9478 -1.7311 -1.0856 5.32 -1.92 8.00 146 360 362 388 216 
-0.3928 0.3494 0.0533 0.8490 130.75 40.94 17.81 14.22 5.41 15.17 6.6500 9.4100 6.4700 -6.0456 -0.2011 2.2733 6.01 -6.18 4.66 153 373 362 387 216 
;
