0.6508 -0.2839 -0.5843 -0.3930 62.19 79.62 -30.00 9.56 0.94 1.57 -0.1000 0.0700 0.0400 -0.0156 -0.0311 0.0044 9.65 0.87 1.50 177 341 334 382 202 
0.6496 -0.2844 -0.5858 -0.3923 62.19 79.81 -30.62 9.61 0.86 1.52 -0.0200 0.0000 0.0100 0.0156 0.0244 0.0144 9.65 0.87 1.50 176 339 337 381 202 
0.6505 -0.2840 -0.5852 -0.3921 62.25 79.50 -29.87 9.60 1.03 1.84 0.1900 0.0200 0.4200 -0.3922 -0.2089 0.0944 9.69 0.68 1.30 204 322 320 350 206 
0.6168 -0.3541 -0.5592 -0.4260 73.00 82.06 -3.00 10.89 -0.30 4.91 1.4200 -0.3900 2.6000 -2.7633 1.4778 0.5411 9.49 -0.81 2.32 214 215 215 230 155 
0.6198 -0.4400 -0.3156 -0.5680 84.69 47.81 25.25 10.94 -2.65 0.79 1.3100 0.5300 -6.2600 -1.5856 9.4733 3.9278 0.25 -4.96 8.45 213 165 175 178 103 
0.7361 -0.1481 0.3082 -0.5842 74.06 -24.12 39.63 1.52 -3.46 4.73 6.0700 1.9900 -1.8900 -0.1533 1.2600 3.1133 -6.04 -4.72 6.10 214 173 181 183 107 
0.7897 -0.0266 0.4275 -0.4393 57.00 -40.63 32.00 -7.34 -2.64 7.49 -0.7900 1.0100 0.8200 -0.1922 -0.4411 -0.9078 -5.95 -4.29 6.50 211 179 189 194 115 
0.7830 -0.0654 0.3869 -0.4825 67.06 -29.12 33.69 -11.35 -5.61 6.09 -8.0100 3.5200 -1.7900 4.0811 -12.4278 -6.1200 3.48 -2.90 8.69 158 285 231 199 122 
0.6354 -0.4459 -0.3370 -0.5328 69.87 73.00 84.75 14.35 -7.12 -4.55 4.3900 -0.6300 -2.2300 0.3611 -6.6367 4.4411 6.54 -5.74 -4.51 114 400 185 172 111 
0.4768 -0.7527 -0.4537 -0.0165 358.12 24.50 124.94 3.73 -11.75 -5.79 0.5200 -3.3600 -1.1900 1.8922 0.8811 1.0989 3.60 -8.27 -3.82 102 382 183 175 111 
0.5922 -0.7247 -0.3488 0.0510 349.37 18.62 104.19 1.47 -7.46 -3.31 -1.5600 2.7200 -1.3300 1.7567 1.0111 0.7111 2.69 -9.39 -0.78 103 370 187 177 113 
0.7025 -0.6605 -0.2541 0.0749 348.00 14.56 87.81 1.59 -5.53 1.13 -0.5100 3.6300 0.8000 0.6278 0.3433 0.0389 2.39 -9.45 0.96 104 363 189 180 113 
0.7404 -0.6281 -0.2278 0.0731 348.69 14.25 83.62 3.35 -11.48 -5.41 2.0100 -5.0700 -11.8900 2.3289 -0.7022 0.4556 2.25 -9.32 2.03 109 375 191 180 113 
0.8073 -0.5247 -0.2134 0.1658 332.12 8.81 60.50 2.13 1.03 10.46 0.6400 9.5300 6.2000 3.9644 -1.4111 0.3533 1.71 -6.51 7.12 111 381 196 186 118 
0.9037 -0.2847 -0.1771 0.2662 328.69 9.75 39.75 0.64 -1.41 9.64 -1.2500 3.9400 0.4400 -2.3389 0.4167 -1.0100 1.91 -7.24 6.32 138 373 215 209 137 
0.8703 -0.4169 -0.2052 0.1632 341.56 13.75 57.56 1.22 -4.64 2.97 -1.3400 3.4500 -1.6000 -1.3933 -0.1933 -2.0578 3.48 -8.16 4.16 170 342 251 259 174 
0.8234 -0.5009 -0.2665 -0.0064 9.44 30.75 66.50 1.32 -5.21 -2.87 -3.4800 1.7800 -6.0900 -0.0111 0.4211 -4.6544 7.36 -5.39 3.59 173 340 301 316 192 
;
0.7628 -0.4020 -0.3986 -0.3126 49.31 64.56 36.88 15.89 0.29 -0.09 8.8700 1.1600 -1.7400 2.2156 -1.1178 -2.7667 9.41 -0.12 2.75 170 390 312 405 211 
0.7077 -0.2324 -0.5438 -0.3865 57.81 69.87 -20.06 14.20 4.81 15.04 5.6400 3.3300 8.0200 -0.2144 -0.3389 0.0467 9.30 1.29 2.82 165 384 343 403 210 
0.7014 -0.2142 -0.5562 -0.3907 58.56 71.25 -25.31 8.51 1.58 2.73 0.1800 0.4200 0.8800 -0.7522 -0.8856 0.2400 9.44 1.12 2.40 177 355 342 387 208 
0.6456 -0.3082 -0.5825 -0.3859 62.31 88.44 -0.06 10.48 0.08 1.63 1.9900 -0.3300 2.9700 -3.6911 -3.4478 1.6511 9.44 -0.92 -2.47 202 243 233 229 151 
0.4404 -0.5923 -0.5813 -0.3426 81.94 67.12 162.69 15.29 -0.80 -3.53 4.9400 -0.7000 -1.5100 -2.1700 6.0256 1.9600 9.58 -1.99 0.50 215 173 181 180 115 
0.5806 -0.4984 -0.1742 -0.6198 93.25 34.63 36.69 7.48 -1.15 -9.86 2.0400 3.0500 -16.7900 0.5467 6.0967 5.3356 -1.81 -5.64 7.81 213 175 173 180 114 
0.7502 -0.0884 0.3191 -0.5723 70.69 -26.19 29.50 -6.00 -1.41 8.71 -2.5000 2.2500 1.5600 0.5967 -0.4322 1.1589 -4.79 -3.36 7.86 214 181 180 185 117 
0.8057 -0.0275 0.2943 -0.5133 66.44 -23.81 23.37 -6.63 -1.67 8.66 -4.0000 1.9800 -0.2200 0.6256 -3.3722 -2.8289 -0.82 -3.86 8.97 200 258 207 197 122 
0.7542 -0.2601 0.0303 -0.6022 77.31 28.00 29.56 6.39 -6.05 8.14 0.1600 -2.5200 1.2500 -1.6433 -8.9356 0.0867 8.06 -4.92 2.62 154 385 206 191 124 
0.6017 -0.6533 -0.3165 -0.3332 49.75 49.25 105.94 7.04 -8.40 -2.67 0.8900 -1.4500 -0.5700 0.5489 -3.4789 2.6844 5.29 -7.48 -3.48 146 406 230 206 140 
0.5622 -0.7599 -0.3253 -0.0267 356.62 19.62 111.69 2.24 -7.82 -1.36 -0.8700 1.0200 2.3600 0.9933 -0.1889 1.1922 2.11 -9.18 -2.69 137 395 222 209 139 
0.6067 -0.7379 -0.2779 0.1013 340.31 10.38 103.25 2.43 -9.82 -2.14 1.0300 -0.8100 -0.3900 0.8900 0.4311 -0.0778 1.79 -9.50 -1.62 115 361 207 198 131 
0.6621 -0.6970 -0.2522 0.1105 341.69 10.38 91.56 4.90 -11.45 -8.78 4.1900 -0.9800 -15.1100 4.4733 0.6800 1.2189 0.92 -9.19 3.28 107 359 201 191 125 
0.8891 -0.4106 -0.0875 0.1824 335.81 -0.62 42.31 -5.20 10.59 22.10 -4.4500 14.9600 12.6500 0.3856 0.6244 -0.6533 -0.33 -5.14 8.33 121 366 213 199 135 
0.9366 -0.3071 -0.0509 0.1608 343.00 1.31 39.44 0.03 -3.42 6.54 -0.9000 3.7500 -0.8200 -1.6744 -0.5489 -1.6867 1.37 -7.21 6.49 154 353 258 246 167 
0.8897 -0.4301 -0.1467 0.0439 357.81 17.19 56.31 0.83 -4.96 -0.04 -2.4700 1.8500 -5.3300 -0.9589 0.6022 -4.7622 5.49 -6.76 4.50 171 339 286 292 184 
0.8241 -0.4087 -0.2895 -0.2646 42.19 49.00 37.38 9.41 -1.30 3.13 1.4200 2.1100 -1.9200 2.1989 -2.2844 -2.2844 8.52 -1.28 4.67 180 357 327 390 207 
0.7438 -0.2724 -0.4896 -0.3646 52.63 69.12 0.50 12.22 2.68 7.83 2.1200 2.1200 3.9500 0.2322 -1.5556 0.1133 9.40 0.33 2.76 179 364 352 413 208 
;
