0.0505 -0.1935 -0.3010 -0.9324 173.87 22.94 -36.13 3.90 5.32 7.21 0.0800 0.0000 -0.0800 0.0756 0.0233 -0.0911 3.78 5.38 7.26 167 317 293 278 188 
0.0455 -0.1895 -0.3087 -0.9310 174.50 22.12 -37.50 3.49 5.53 6.98 -0.2500 -0.0800 -0.1700 0.4178 -0.1922 -0.1844 3.66 5.77 7.02 170 317 290 278 187 
0.0339 -0.2012 -0.3399 -0.9181 176.00 24.56 -42.88 7.57 6.85 8.88 5.6400 2.4200 4.8100 -1.0867 0.4678 1.2411 4.55 5.42 6.78 205 229 222 209 136 
0.1183 -0.1370 -0.2296 -0.9563 162.69 13.19 -17.19 8.04 4.24 13.86 4.6800 3.3500 2.1900 -6.0267 5.7811 3.1011 -1.12 -1.46 9.63 209 177 182 178 119 
0.2998 0.1038 0.2293 -0.9202 139.19 -27.00 28.69 -1.95 0.14 2.06 3.5400 1.7400 -6.3200 -2.4556 2.1844 2.6256 -6.60 -4.69 5.52 208 185 188 181 122 
0.4351 0.2511 0.4421 -0.7431 115.37 -51.88 40.63 3.98 1.09 -0.30 12.8800 6.3100 -4.7600 0.5189 -1.2833 2.7489 -7.98 -2.00 5.32 211 191 193 186 123 
0.6174 0.3101 0.3145 -0.6510 89.19 -49.69 -4.69 -22.81 -0.11 11.73 -10.8500 -0.5800 4.3700 0.2500 -1.3000 -1.4033 -6.75 0.39 7.09 212 192 198 190 126 
0.6210 0.2727 0.2377 -0.6953 97.94 -42.19 0.25 -7.69 -0.07 8.13 -0.4400 -0.0700 1.0600 0.0144 -0.1111 -0.5900 -6.43 -0.36 7.39 211 197 200 195 131 
0.5723 0.2250 0.2292 -0.7545 107.62 -34.13 7.62 -9.22 -5.27 10.49 -4.5000 -3.4400 3.9700 1.4111 -3.6933 -4.4522 -2.82 -1.63 9.24 210 380 293 324 209 
0.3632 -0.0065 0.0614 -0.9297 141.31 7.19 -1.69 7.87 2.07 6.52 5.8900 1.0500 -3.9200 1.2922 -7.1967 2.7000 6.10 1.25 7.57 191 411 374 435 227 
0.4320 -0.3520 -0.2602 -0.7885 114.81 55.31 -8.50 5.97 4.30 2.66 -2.8500 3.6000 -2.3300 2.6611 -0.0211 2.5867 8.26 0.17 5.27 188 416 376 434 227 
0.6357 -0.3389 -0.3369 -0.6063 83.19 56.06 4.69 4.25 3.17 6.02 -3.6000 3.7100 0.5100 0.8344 0.3533 1.0322 7.97 -0.79 5.64 188 424 374 436 227 
0.7138 -0.3135 -0.3290 -0.5329 72.37 53.88 10.06 5.12 3.07 7.83 -2.7000 4.2500 2.3600 -0.7011 -0.7956 -0.0800 8.24 -1.23 5.17 201 425 363 434 228 
0.6532 -0.3872 -0.3428 -0.5531 86.12 64.00 17.19 11.50 4.98 2.55 2.6300 6.5300 -1.4500 -3.6967 -2.1500 -0.0200 9.26 -2.02 2.48 181 345 349 396 229 
0.4787 -0.6138 -0.2247 -0.5862 102.75 65.12 77.25 9.12 -4.40 -6.62 2.7900 1.7800 -5.1800 -2.8222 2.5856 2.4989 7.78 -5.93 0.64 185 287 267 366 228 
0.4478 -0.6748 0.0768 -0.5816 106.94 42.63 84.25 -0.02 -12.51 -1.82 -6.4100 -4.7100 -2.3700 -0.7744 0.8578 0.2844 6.15 -7.60 0.60 190 304 273 371 229 
0.4162 -0.6542 0.1877 -0.6030 111.06 39.88 84.12 4.19 -7.62 0.94 -2.1100 -0.1200 0.3300 0.6189 -0.3111 0.1844 6.31 -7.44 0.94 197 292 271 338 223 
0.4795 -0.6238 0.1530 -0.5979 96.75 35.69 74.62 4.18 -8.02 6.02 0.4200 -4.9100 1.9700 -1.3644 -2.6144 1.7878 5.42 -8.13 0.68 153 369 170 177 111 
0.5515 -0.7269 0.0707 -0.4032 66.94 30.00 94.19 10.89 -11.98 -1.63 4.4000 -3.7400 -3.2700 2.1222 0.3300 0.0533 4.96 -8.35 1.28 137 344 178 184 119 
0.6907 -0.6077 -0.0114 -0.3918 58.00 28.44 70.31 4.02 -3.72 2.82 -0.9000 5.2900 0.8800 0.3978 0.4244 0.6289 4.10 -8.13 3.63 144 338 181 182 122 
0.7432 -0.5612 -0.0004 -0.3642 52.81 24.69 65.06 7.82 -13.76 -11.50 6.5200 -7.5000 -20.9200 4.0489 1.1544 1.3478 3.27 -7.24 5.73 140 352 186 188 122 
0.8897 -0.3087 0.0173 -0.3359 38.25 5.81 25.75 -7.46 14.74 26.83 -9.5300 14.5800 15.8300 -0.0278 0.2411 0.0700 0.38 -3.41 9.18 140 365 189 191 124 
0.9196 -0.2073 0.0360 -0.3319 41.81 5.00 25.69 1.68 -3.35 7.08 -0.0200 1.8900 -0.9300 -0.4156 -1.1689 -0.1611 1.61 -4.53 8.54 152 364 191 194 129 
0.8878 -0.2804 -0.0176 -0.3646 46.50 17.44 32.19 -3.47 1.38 7.78 -5.0900 6.2700 -0.8600 -3.8122 -1.8422 -2.9322 5.35 -5.93 5.68 162 334 230 222 159 
;
