0.9143 0.0186 -0.2905 -0.2816 34.25 31.25 -13.44 5.29 2.03 8.03 0.1200 0.0600 -0.0700 -0.0367 0.0856 -0.0722 5.03 1.97 8.17 194 344 337 336 218 
0.9129 0.0201 -0.2899 -0.2866 35.00 31.81 -13.75 5.40 2.03 8.87 -0.0100 0.0100 0.9800 -1.4000 -1.0122 0.5344 5.77 1.26 7.82 197 335 347 349 220 
0.8932 -0.0712 -0.3483 -0.2755 33.94 44.81 -3.00 8.11 0.38 7.56 0.1900 0.3300 1.9500 -0.6467 -0.3356 0.2544 7.33 -0.14 6.50 197 328 347 338 220 
0.8597 -0.1598 -0.3992 -0.2755 36.50 50.81 7.31 9.61 -2.68 9.06 3.4100 -2.4900 2.8400 -1.1511 3.4611 0.7078 6.30 -1.49 7.35 200 193 216 215 142 
0.9218 -0.1456 -0.1669 -0.3184 38.00 14.63 10.31 3.82 -2.51 8.03 1.9800 -0.5100 -1.7000 -0.7078 5.7878 0.9822 -1.71 -2.17 9.40 209 179 202 205 135 
0.9234 -0.0529 0.2629 -0.2748 31.44 -31.87 16.12 -4.21 -1.49 6.49 2.3900 0.0700 -1.8600 -0.9744 2.0433 1.5644 -6.99 -2.08 6.55 215 183 200 203 138 
0.8894 -0.0351 0.4334 -0.1412 14.44 -50.75 14.06 2.84 0.29 0.47 9.3600 2.1800 -5.3700 0.1133 -1.1044 2.6556 -7.28 0.01 6.56 213 183 202 199 133 
0.9267 0.0399 0.3732 0.0189 357.00 -42.13 -7.56 -14.31 1.55 12.86 -6.3500 0.1900 5.3500 -0.3211 0.1189 -0.5967 -6.43 0.59 7.37 212 187 207 202 137 
0.9335 0.0153 0.3582 0.0071 359.44 -42.75 -1.62 -5.16 0.40 6.25 1.6400 0.3300 -1.1800 -0.1522 0.2644 -0.1978 -6.82 -0.02 7.04 213 194 209 207 141 
0.9269 -0.0068 0.3752 -0.0032 1.19 -43.50 2.12 -5.66 -0.76 6.16 -0.3200 -1.2100 -1.8400 1.2667 -2.6733 -2.1067 -5.48 -0.61 8.10 216 219 209 209 148 
;
0.9670 -0.0015 -0.0261 -0.2532 35.50 25.19 -10.69 15.56 3.64 3.92 9.0800 0.6300 -2.8700 4.3267 -3.8456 0.2489 7.10 4.10 5.36 210 382 329 409 221 
0.8436 0.1508 -0.4719 -0.2076 25.94 46.88 -42.13 6.59 5.96 6.92 -5.7200 4.1800 7.5500 -1.6044 -0.9356 -0.0822 7.45 4.07 4.89 196 379 331 431 212 
0.8267 0.0780 -0.5134 -0.2166 29.50 55.81 -36.38 9.22 2.37 5.33 1.3700 -0.8900 0.5700 -0.3367 -0.3911 0.1022 8.27 3.07 4.26 199 374 338 429 217 
0.8160 0.0453 -0.5303 -0.2254 31.00 57.81 -36.06 8.45 2.91 4.81 0.1300 -0.1100 0.8400 0.0267 -0.2322 0.2500 8.47 2.87 4.01 205 341 332 376 218 
0.7845 -0.0353 -0.5743 -0.2313 35.13 70.62 -29.94 15.11 2.11 7.48 6.9900 1.4100 4.6900 -3.6867 1.2356 0.8611 9.30 0.08 3.08 211 224 231 235 152 
0.7537 -0.2531 -0.5100 -0.3284 48.50 66.87 12.31 11.79 -0.10 0.25 3.9300 0.7900 -4.4300 -2.1822 4.7944 1.3967 6.91 -2.63 6.43 215 185 203 209 131 
0.8708 -0.2697 -0.0977 -0.3992 46.63 10.00 26.31 3.64 -3.21 3.58 2.6500 1.7700 -4.4500 -0.0422 5.3400 3.6444 -3.24 -4.23 8.22 213 192 213 210 134 
0.9014 -0.1100 0.3484 -0.2325 23.62 -42.88 23.87 0.97 2.37 -1.27 7.4800 5.0300 -6.1400 0.3956 -0.0100 4.0133 -7.64 -0.50 6.12 218 199 212 212 133 
0.9116 0.0333 0.4098 0.0034 358.25 -46.13 -6.75 -16.84 0.63 11.25 -6.7200 -0.2100 4.4600 -0.2533 0.1556 -1.0489 -6.99 0.29 6.86 213 196 214 215 135 
0.9174 0.0027 0.3972 -0.0266 3.81 -47.38 3.00 -4.11 -0.48 5.41 2.8400 -0.0200 -1.4800 -0.0733 0.0578 -0.1333 -7.26 -0.56 6.55 214 199 216 222 140 
0.9171 -0.0148 0.3957 -0.0461 6.75 -45.13 5.50 -7.46 -2.39 4.59 -0.4500 -1.7700 -3.2900 2.9022 -4.4467 -2.5678 -4.42 -0.09 8.75 212 302 284 292 191 
;
0.9637 0.0857 0.0329 -0.2507 30.19 7.56 -10.63 5.53 0.51 8.78 2.6000 -1.0400 -0.4200 0.3544 -6.3278 0.4456 5.73 1.89 7.73 214 350 315 376 214 
0.8859 0.0172 -0.4073 -0.2213 26.75 48.94 -19.37 8.04 2.19 7.34 -0.1200 0.2300 1.4000 0.8567 -0.4733 -0.2078 7.68 2.49 5.56 206 355 338 400 218 
0.8629 0.0477 -0.4620 -0.1993 26.25 48.25 -24.37 8.39 3.87 8.11 -4.8200 0.6900 5.2500 -0.5589 -0.1733 -0.1822 7.00 2.61 6.34 199 352 329 402 211 
0.8774 0.0388 -0.4247 -0.2195 28.44 47.00 -21.06 6.94 2.93 8.27 -0.0900 0.7700 2.2600 -1.1278 -0.0656 -0.1556 7.27 1.98 6.26 205 360 328 344 213 
0.8713 -0.0380 -0.4115 -0.2646 35.69 45.75 -9.19 10.80 0.47 10.98 4.3100 -0.0400 4.0200 -3.4711 4.5133 0.4100 4.90 -0.85 8.45 212 238 238 228 130 
0.9327 -0.1247 -0.0349 -0.3367 38.63 -3.87 15.44 -1.52 -3.43 6.63 2.4200 -0.8100 -2.8300 -0.9833 3.5744 1.3344 -3.87 -3.15 8.43 213 196 210 203 121 
0.9094 -0.0740 0.3115 -0.2656 30.81 -35.56 20.12 -2.50 -2.08 6.36 3.2000 0.6500 -0.9100 -0.0311 1.3044 1.4633 -6.72 -2.07 6.82 213 196 211 204 123 
0.8938 -0.0130 0.4172 -0.1642 18.75 -49.25 12.06 3.74 -0.18 0.84 11.0500 1.8900 -4.0700 0.5189 -0.7811 3.0844 -7.32 0.54 6.49 212 197 211 201 121 
0.9240 0.0599 0.3768 -0.0266 4.00 -42.75 -5.81 -11.91 1.04 11.49 -3.3600 0.3700 4.2900 -0.3056 0.0367 -0.8822 -6.63 0.09 7.22 213 204 212 202 122 
0.9280 0.0225 0.3655 -0.0690 8.38 -43.00 1.00 -5.99 -0.80 6.92 0.6300 -0.2400 -0.4600 -0.2744 0.1744 -0.0867 -6.78 -0.25 7.07 213 200 215 204 128 
0.9248 0.0073 0.3745 -0.0670 8.69 -43.81 3.19 -5.37 -0.40 7.22 1.2300 -0.0100 0.1700 0.4267 -0.1367 -0.3133 -6.72 -0.36 7.12 213 252 260 253 168 
;
0.9244 0.0455 0.3577 -0.1240 20.87 -40.19 -1.19 0.07 2.07 8.59 5.3800 1.4400 1.6900 4.8989 -2.6200 -2.0722 -5.06 1.58 8.24 212 377 333 402 215 
0.9182 0.1866 0.0881 -0.3381 38.88 -1.69 -17.62 5.75 0.81 6.65 2.6200 -2.2100 -1.8800 2.1456 -6.0689 2.6311 5.02 3.47 7.66 211 367 346 413 222 
0.8774 0.0994 -0.4156 -0.2179 27.50 44.94 -30.37 5.56 5.37 8.91 -3.1700 0.4600 1.4600 -0.8078 -1.1089 0.1211 6.83 3.33 6.18 205 374 343 413 220 
0.8696 0.0588 -0.4262 -0.2422 31.69 46.06 -25.56 7.12 2.49 6.81 0.0000 -0.4700 0.7200 -0.2522 -0.6978 -0.0089 7.37 2.81 5.81 200 372 340 409 221 
0.8439 0.0312 -0.4733 -0.2505 32.69 54.00 -29.69 9.54 3.56 8.20 1.1000 0.9000 4.0100 -0.3522 -0.8356 -0.3100 8.29 2.83 4.38 213 369 350 378 221 
0.8033 -0.0012 -0.5251 -0.2808 41.00 54.56 -28.75 13.18 3.82 6.89 4.5300 1.0100 0.3500 -3.7078 5.8667 -0.0689 5.36 1.13 8.13 212 219 240 218 133 
0.9200 -0.0714 -0.0520 -0.3818 44.19 -12.06 12.56 -5.03 -1.46 4.76 4.1900 0.0500 -2.9600 -2.1100 3.8989 2.1833 -6.47 -2.86 6.78 217 167 182 174 108 
0.8602 -0.0333 0.4508 -0.2362 28.25 -52.19 25.06 -4.44 -1.56 3.81 5.6400 1.0700 -2.2900 -0.9600 0.2911 0.7056 -8.16 -2.33 4.90 216 176 185 174 112 
0.8649 -0.0229 0.4838 -0.1323 14.94 -55.94 12.81 -18.18 0.58 10.41 -12.3900 0.9900 5.3400 -0.2956 -0.8256 -0.5578 -7.65 -0.91 6.05 215 176 191 179 114 
0.8925 -0.0167 0.4367 -0.1114 14.44 -51.19 12.38 -5.47 -2.08 6.71 1.8100 -0.8300 0.3600 -0.1656 0.1300 0.2633 -7.72 -1.26 5.90 217 187 196 184 117 
0.8901 -0.0206 0.4442 -0.0996 12.75 -51.44 11.00 -6.23 -0.62 4.54 1.4700 0.1500 -1.1400 1.8600 -0.4567 -0.4544 -7.42 -0.62 6.37 214 268 262 262 169 
;
0.9036 0.0623 0.3755 -0.1968 28.81 -38.50 0.25 -2.61 0.63 7.66 3.2300 0.2300 -0.9000 2.9267 -7.1111 -0.5644 -1.76 1.64 9.50 211 344 326 326 202 
0.9409 0.1086 -0.1034 -0.3037 33.94 14.81 -18.25 4.47 2.70 10.64 0.4600 -0.5000 1.9600 0.7622 -1.1144 0.7778 3.86 3.40 8.34 211 363 347 396 219 
0.9232 0.1208 -0.2632 -0.2525 31.19 27.87 -23.50 5.99 5.14 9.86 1.1100 1.3400 3.0300 -1.2656 -0.9533 -0.0300 5.35 2.83 7.71 206 357 353 400 210 
0.8932 0.0344 -0.3457 -0.2853 36.50 38.75 -18.37 8.35 1.31 6.37 1.7700 -0.6700 0.0000 -0.3122 -0.4667 -0.1333 6.52 2.24 6.97 205 356 355 395 205 
0.8738 0.0085 -0.3840 -0.2981 37.25 42.00 -19.56 5.94 3.07 10.51 -1.4000 0.2700 3.6600 -0.5278 -0.3989 -0.3511 6.50 2.32 6.96 210 272 270 282 203 
0.8718 -0.0324 -0.3529 -0.3381 43.38 35.00 -7.87 9.13 0.59 6.84 4.4200 -0.0700 -1.6000 -2.9111 8.3789 1.0089 0.47 -1.07 9.73 212 184 203 207 127 
0.9268 -0.0353 0.2051 -0.3125 34.00 -31.06 13.81 -1.37 -0.51 5.98 2.1800 -0.3900 -1.1500 -0.8911 3.2267 1.9433 -7.38 -1.55 6.26 213 180 197 194 113 
0.8729 0.0242 0.4623 -0.1541 18.56 -55.44 7.25 -3.84 0.88 2.66 0.4300 1.8500 0.4800 0.7078 -0.0611 0.8100 -8.14 0.18 5.45 213 184 201 197 115 
0.8750 0.0598 0.4608 -0.1359 19.31 -54.88 6.62 -6.93 -1.54 7.06 1.4300 0.0400 1.4500 -0.4500 0.2244 -0.5778 -7.97 -1.36 5.54 212 190 208 200 118 
0.8676 0.0025 0.4669 -0.1709 22.31 -54.06 16.12 -6.01 -1.88 5.12 1.7400 -0.2900 -0.4000 -0.0678 -0.3244 -0.0200 -7.80 -1.66 5.69 213 199 209 210 130 
;
0.8834 0.0062 0.4358 -0.1723 23.44 -47.06 8.06 -4.53 0.53 6.35 3.9100 1.1800 -0.4200 3.9100 -3.0456 -0.2789 -5.56 0.91 8.02 216 316 291 309 188 
0.9318 0.1468 0.1697 -0.2852 33.63 -16.94 -11.56 -1.61 0.98 9.12 0.1400 -1.1300 -0.5900 0.7522 -4.4311 0.6433 0.23 2.43 9.49 211 343 322 367 211 
0.9467 0.0992 -0.1456 -0.2698 31.06 18.44 -16.06 4.26 1.95 9.04 1.1300 -0.2700 0.4300 0.3544 -2.1044 0.4889 4.82 2.61 8.12 212 359 338 397 220 
0.9129 0.0598 -0.3194 -0.2470 30.19 36.69 -20.06 7.16 4.70 10.94 2.2400 2.2900 4.0800 -0.4956 -1.6811 -0.0956 6.86 2.60 6.50 207 361 339 396 220 
0.8680 0.0095 -0.4203 -0.2640 34.13 47.13 -20.06 7.57 2.06 7.46 0.4800 -0.2600 1.2100 0.2878 0.0911 -0.0967 7.13 2.45 6.26 208 359 327 392 221 
0.8726 0.0230 -0.4119 -0.2615 32.88 43.81 -20.44 6.72 3.69 12.26 0.1900 0.9600 5.4900 -0.2422 0.7956 -0.0300 6.27 2.32 7.17 215 373 351 419 228 
0.9102 0.0109 -0.2969 -0.2884 37.00 25.00 -8.13 9.46 0.75 8.60 7.3500 -0.4000 -3.8000 -3.7967 8.7667 0.8878 -1.70 -1.37 9.55 217 204 205 207 127 
0.9227 -0.0357 0.2516 -0.2897 33.88 -30.06 16.00 -1.35 -0.86 7.41 3.1800 1.1800 -0.6300 -1.3989 1.4233 0.1678 -6.13 -2.99 7.03 213 188 194 190 117 
0.8779 -0.0701 0.4099 -0.2377 28.44 -45.13 25.00 2.92 -0.98 1.99 7.7700 1.4100 -3.3000 0.9333 0.2189 2.7100 -7.59 -1.17 6.09 217 196 199 192 120 
0.8948 0.0136 0.4237 -0.1400 18.62 -48.56 10.13 -8.22 -2.51 7.11 0.4300 -0.8700 0.5100 -0.0767 0.0178 -0.4422 -7.21 -1.55 6.45 212 200 211 195 121 
0.8958 -0.0112 0.4125 -0.1652 20.37 -47.44 12.94 -6.75 -2.27 6.48 0.9600 -0.2000 0.2100 0.1367 -0.0133 0.2189 -7.21 -1.32 6.50 215 209 211 201 127 
0.8993 -0.0032 0.4078 -0.1578 20.31 -46.88 11.13 -5.27 -1.05 7.11 1.6300 0.4300 0.5700 0.7178 -0.4700 -0.2444 -6.89 -1.00 6.90 209 270 258 252 164 
;
0.9158 0.0438 0.3374 -0.2136 28.00 -36.00 2.56 -4.24 -1.18 6.97 -0.4100 -1.0100 -1.0500 1.6244 -3.9067 -0.8100 -3.63 0.47 9.09 206 321 300 297 190 
0.9391 0.0731 0.0967 -0.3215 39.50 -10.44 -6.31 -2.27 0.69 9.71 0.3400 0.2500 0.6900 0.9244 -3.8456 0.2056 0.52 1.82 9.62 209 355 319 307 199 
0.9249 0.0538 -0.1524 -0.3442 39.00 20.62 -13.19 5.15 1.48 7.88 0.9300 -0.7500 -0.7900 1.0078 -2.6533 0.9978 5.47 2.37 7.77 207 351 300 351 209 
0.8954 0.0306 -0.3480 -0.2760 37.06 39.75 -17.19 10.16 1.34 9.22 3.5800 -0.4800 2.2200 0.0700 0.0344 -0.1222 6.55 2.17 6.95 203 336 286 342 207 
0.8738 0.0044 -0.3779 -0.3060 37.88 41.13 -19.62 6.91 2.90 9.77 -0.4900 0.2700 3.1000 -0.2567 -1.3933 0.6744 6.98 2.19 6.52 206 341 312 305 210 
0.8552 -0.0547 -0.4223 -0.2955 41.19 48.81 -9.81 10.01 0.15 9.40 2.9200 -0.4500 2.0800 -2.9244 1.6622 0.4733 6.61 -0.52 7.22 206 206 209 210 126 
0.8972 -0.1815 -0.1563 -0.3710 43.81 7.87 18.56 3.56 -2.78 -1.09 2.9200 1.1700 -9.9000 -0.6689 8.9833 4.3978 -6.11 -3.06 7.03 212 199 187 185 110 
0.8774 -0.0262 0.4400 -0.1897 19.56 -53.38 14.00 -0.14 0.74 2.01 5.0900 1.4400 -2.7700 0.4500 -0.1178 2.8100 -7.96 0.34 5.71 214 201 194 188 115 
0.8958 0.0578 0.4387 -0.0407 6.06 -51.38 -4.31 -9.85 0.33 8.11 -1.3600 -0.0900 1.6100 -0.4578 -0.2089 -1.2900 -7.56 -0.49 6.21 213 201 201 193 115 
0.8987 0.0012 0.4287 -0.0926 12.00 -50.06 7.75 -5.70 -0.72 5.95 1.4000 -0.0600 -0.5400 -0.0722 -0.1378 0.1111 -7.40 -0.87 6.36 213 204 197 192 117 
0.9067 -0.0099 0.4123 -0.0878 11.25 -47.63 7.81 -7.27 -1.40 6.53 -0.0900 -0.3200 0.2900 0.0744 -0.2178 -0.1444 -7.11 -0.94 6.67 214 205 201 197 118 
;
0.9135 -0.0124 0.3943 -0.0998 12.81 -45.38 8.56 -6.34 -1.21 6.64 0.4800 -0.3000 -0.4100 0.5044 -0.4244 -0.3967 -6.73 -1.02 7.05 213 211 204 204 125 
0.9244 0.0118 0.3448 -0.1625 24.31 -36.88 5.25 -5.05 1.66 7.55 2.9300 2.4900 -1.9800 3.1889 -7.9467 -2.7911 -1.77 0.47 9.63 217 316 273 273 180 
0.9246 0.0593 -0.1147 -0.3583 41.56 17.44 -15.50 6.95 2.06 8.82 2.1000 -0.9300 0.5200 1.4978 -2.5744 1.5033 5.14 3.09 7.75 216 371 340 393 220 
0.8897 0.0715 -0.3639 -0.2661 32.06 38.00 -24.06 3.10 3.10 8.68 -5.6500 -0.4100 2.0900 -0.2544 -2.9200 0.1622 6.87 2.97 6.32 200 373 346 417 222 
0.8571 0.0257 -0.4427 -0.2620 34.13 48.13 -24.81 8.57 2.74 9.56 1.3500 0.3200 4.0900 -1.1956 0.6878 0.2944 7.19 2.22 6.28 210 344 327 322 213 
0.8727 -0.0454 -0.3912 -0.2886 38.06 42.56 -6.44 11.68 0.87 9.23 5.3900 -1.5400 -0.3200 -2.7178 7.9978 0.4422 2.56 -1.26 9.38 213 264 249 244 141 
0.9310 -0.0889 0.0851 -0.3437 39.56 -13.44 16.25 2.72 -2.85 7.62 3.7800 0.4700 -1.3300 -1.6511 3.5478 1.4467 -5.25 -3.38 7.55 214 222 226 219 133 
0.8824 -0.0892 0.3899 -0.2476 29.25 -43.38 28.06 7.80 -1.15 -0.52 14.1400 2.9600 -5.1300 0.6511 1.4044 4.3544 -7.98 -1.13 5.58 211 225 226 217 129 
0.8865 0.0201 0.4589 -0.0556 6.44 -54.00 0.94 -14.44 0.11 9.27 -4.9100 -0.1100 2.9800 -0.5367 0.0867 -1.3889 -7.86 -1.02 5.77 212 224 236 222 134 
;
0.8813 -0.0253 0.4603 -0.1036 14.13 -54.00 14.25 -5.66 -1.75 5.95 2.1800 -0.3400 0.1700 0.1278 0.0622 0.2211 -7.99 -1.29 5.53 212 233 237 228 138 
0.8784 -0.0098 0.4642 -0.1129 15.19 -53.94 11.75 -6.50 -1.84 6.16 1.1600 -0.7000 0.4800 1.1933 -0.3244 -0.4400 -7.77 -0.98 5.89 212 299 274 297 177 
0.8914 0.0498 0.4119 -0.1826 25.62 -43.50 1.75 -3.82 0.15 7.84 5.1100 1.4900 -0.0200 1.9389 -5.4556 -0.2400 -3.35 0.97 9.16 211 348 321 324 193 
0.9603 0.0896 0.0306 -0.2624 30.31 4.12 -10.38 3.46 1.27 7.82 1.5700 -0.5000 -1.5700 0.4000 -3.5367 0.6256 3.94 1.98 8.75 211 356 328 330 198 
0.9268 0.0444 -0.2892 -0.2355 28.56 35.88 -16.12 6.55 1.65 6.27 0.4400 -0.7100 -0.9600 0.4511 -2.1300 0.0044 7.02 2.31 6.43 204 353 320 343 197 
0.8638 -0.0142 -0.4322 -0.2587 35.75 52.50 -16.62 12.91 0.45 5.52 3.0700 -1.2700 0.5600 -0.0933 0.1367 -0.0322 8.00 1.61 5.42 198 357 331 345 206 
0.8394 -0.0468 -0.4666 -0.2750 35.88 52.69 -17.44 7.24 1.71 9.32 0.7900 0.3100 3.9200 -1.2022 1.6867 -0.4944 6.96 1.54 6.73 201 336 334 347 203 
0.8988 -0.0687 -0.2673 -0.3406 41.19 19.87 1.69 2.15 -1.16 7.84 -4.4700 -0.7400 -1.5300 -1.8544 7.4711 1.3067 -2.43 -1.99 9.28 213 252 258 247 150 
0.9139 -0.0615 0.2576 -0.3076 37.00 -31.94 20.37 0.74 -1.65 7.02 6.5100 1.9700 0.6100 -0.7978 2.8678 0.8300 -7.02 -3.04 6.13 213 206 224 223 137 
0.8494 -0.0485 0.4694 -0.2363 28.00 -52.94 27.75 -0.57 -0.89 -0.79 3.5600 1.9200 -3.9500 0.5722 -0.3033 2.2689 -8.08 -1.24 5.41 218 207 228 219 133 
0.8817 0.0118 0.4511 -0.1379 18.87 -51.88 11.00 -7.70 -1.97 8.50 0.4500 -0.7100 2.2800 -0.1778 -0.0756 -0.3289 -7.59 -1.50 6.01 212 210 217 222 139 
;
