0.4842 0.0837 0.1277 0.8616 238.56 1.25 -17.62 0.49 3.14 9.34 0.0900 0.1500 0.0800 0.0522 0.0500 0.0233 0.21 3.01 9.33 179 305 348 390 216 
0.4818 0.0881 0.1306 0.8620 238.44 1.69 -18.50 -0.54 3.28 10.94 -0.1400 0.2100 1.8200 0.8300 -1.5267 0.6822 1.15 3.50 9.08 187 301 277 307 220 
0.4391 0.1708 0.0863 0.8778 227.94 16.56 -14.75 7.24 4.25 11.68 5.8800 2.4600 3.3300 -1.4644 1.7344 3.5400 2.86 0.71 9.35 195 252 233 223 157 
0.2086 0.0237 -0.0308 0.9772 199.19 -5.75 7.25 -2.34 0.41 6.46 -0.4500 2.2500 -3.8000 -2.8367 3.3978 2.7522 -4.11 -2.58 8.52 208 172 168 181 116 
-0.0212 -0.3181 -0.1725 0.9320 170.81 -42.69 24.81 -1.41 -0.88 1.53 6.8200 3.4100 -4.0000 -1.2933 -0.0533 3.0900 -7.48 -1.81 6.07 209 180 173 174 114 
-0.2961 -0.3681 -0.1570 0.8672 137.00 -43.25 -1.81 -17.10 2.39 13.29 -14.9000 0.9600 5.5400 -0.5467 -1.9100 -0.8100 -5.49 0.18 8.12 210 188 180 180 119 
-0.3029 -0.2524 -0.1293 0.9099 146.62 -32.00 9.44 -1.09 -0.34 8.53 3.2700 0.8100 -0.1100 -0.2900 0.3456 -0.1733 -5.33 -1.85 8.01 212 192 173 182 125 
-0.2612 -0.2527 -0.1681 0.9163 147.69 -33.38 11.63 -6.19 -1.65 8.36 -0.8900 0.1200 0.6900 0.2978 -0.3256 -0.1678 -5.13 -1.50 8.21 210 192 183 190 128 
-0.2438 -0.2100 -0.1389 0.9366 153.81 -20.00 11.13 -7.73 -1.78 15.51 -3.9700 -1.0900 6.8200 -3.3811 -7.4256 -3.2611 2.03 -3.77 8.82 179 373 190 179 118 
-0.0929 0.3610 -0.2056 0.9048 165.56 55.06 45.50 16.81 -4.31 -3.94 5.2100 0.2000 -5.3100 5.0578 -3.0533 2.3222 8.55 -4.52 1.57 126 409 183 172 111 
-0.4225 0.6331 0.0271 0.6481 108.87 56.56 64.12 3.40 -3.94 0.16 -4.6800 2.2300 -2.7200 3.5556 0.8178 -0.5756 8.10 -3.58 4.20 125 410 189 173 113 
-0.5690 0.4662 0.1903 0.6501 97.37 54.31 24.19 6.86 2.88 4.66 -0.5600 5.1300 -0.6600 0.8544 0.8044 0.0978 7.69 -1.95 5.76 128 394 190 176 113 
-0.6060 0.3879 0.1990 0.6653 95.31 47.94 18.94 9.00 1.24 5.96 1.2000 4.7200 0.9400 -2.5056 2.2844 -0.8922 6.56 -2.82 6.71 123 386 191 179 119 
-0.5264 0.3768 0.0233 0.7618 116.69 34.13 28.81 6.94 -3.58 5.34 1.1600 -2.0600 -2.1500 -2.6322 2.3300 -1.1211 4.55 -4.88 7.18 124 394 199 185 121 
-0.3879 0.3338 -0.1721 0.8417 130.50 24.25 38.69 2.83 -6.28 9.20 -2.6200 -0.7900 3.2100 -0.6456 2.0689 -0.5922 3.51 -5.81 7.07 144 391 194 182 123 
-0.3506 0.3102 -0.2277 0.8538 135.19 22.12 42.25 2.63 -6.23 6.16 -1.2100 0.0800 -0.2700 0.3278 -1.8456 1.6578 3.80 -6.44 6.34 143 369 189 185 122 
-0.4591 0.3815 -0.2008 0.7767 114.75 24.25 48.00 2.99 -3.32 9.07 -0.1500 3.5500 2.8700 -1.1100 -2.2244 1.2422 4.26 -7.42 4.77 128 301 185 186 127 
-0.5394 0.4975 -0.1965 0.6503 99.19 25.37 64.44 3.81 -10.40 2.12 0.6800 -2.3800 -1.7400 -1.2767 -0.1033 -0.2267 4.29 -8.32 2.88 139 309 178 185 123 
-0.5089 0.5683 -0.2391 0.6008 99.25 25.69 76.25 5.29 -9.62 -0.49 1.2500 -0.9200 -2.9700 -0.3989 -0.2578 0.4422 3.98 -8.80 1.66 135 314 179 184 120 
-0.5229 0.5687 -0.2862 0.5668 88.69 16.31 70.37 11.56 -4.21 -12.57 5.3000 12.5400 -9.1300 8.2111 2.6256 2.0478 0.74 -5.34 8.19 134 362 189 184 126 
-0.7873 0.1284 -0.0912 0.5962 74.19 -0.50 16.00 -5.93 4.95 13.95 -4.8700 6.5100 3.0300 -2.1989 -0.5544 -1.6344 0.55 -3.83 9.00 134 369 188 188 125 
-0.7334 0.2125 -0.1096 0.6364 82.37 8.19 28.44 1.08 -3.96 6.50 -1.7900 1.5300 -1.7700 -0.5667 -1.3422 -0.7544 2.42 -4.94 8.11 149 361 199 196 137 
-0.6815 0.3368 -0.0592 0.6470 90.94 26.50 37.94 -1.64 -0.87 2.04 -5.7400 4.4400 -5.3600 -3.4733 -1.8967 -5.8056 7.61 -3.96 4.74 155 338 208 228 154 
-0.2272 0.4410 0.0873 0.8639 165.19 44.50 -16.87 7.88 6.93 8.34 1.3000 3.2200 1.7000 1.6167 3.5033 -7.3222 2.65 5.85 7.40 172 347 304 311 199 
0.1422 0.1534 0.3121 0.9268 200.50 11.75 -39.94 4.84 10.11 11.13 3.1900 3.0000 3.8500 -0.9644 1.1689 -1.5067 0.91 5.90 7.77 168 351 328 366 207 
;
