0.8655 -0.0575 -0.4622 -0.1841 24.00 55.19 -7.06 8.07 0.66 5.52 0.0200 -0.0400 -0.0600 -0.0078 -0.0222 0.0044 8.05 0.68 5.54 182 350 356 403 221 
0.8656 -0.0572 -0.4627 -0.1827 23.81 55.25 -7.00 8.07 0.65 5.56 0.0000 -0.0400 -0.0200 -0.0022 -0.0400 0.0100 8.08 0.68 5.51 183 350 356 403 222 
0.8617 -0.0587 -0.4706 -0.1802 23.12 57.56 -7.25 8.49 0.53 9.07 1.4800 0.7600 5.0400 -0.9222 -2.6133 1.0689 9.03 -0.04 3.82 179 351 353 394 217 
0.8010 -0.1667 -0.5519 -0.1611 23.44 68.44 23.06 14.30 -3.07 3.78 4.1600 -0.8800 -0.9800 -0.7911 1.8511 1.4267 8.33 -2.81 4.32 178 379 334 408 217 
0.8516 -0.2729 -0.4310 -0.1205 12.63 50.25 38.81 7.99 -4.60 0.77 -0.0700 -0.3400 -4.3200 1.2989 -0.1022 2.1400 6.82 -4.69 5.24 178 388 360 411 219 
0.8786 -0.2537 -0.4012 0.0524 347.94 43.44 41.13 3.96 -1.75 3.75 -3.5700 2.8600 -1.2800 1.9733 -2.6467 0.9811 7.27 -4.39 4.88 178 373 358 417 224 
0.8386 -0.1428 -0.4846 0.2039 331.62 49.31 41.13 7.52 -1.71 4.79 0.0900 2.2700 0.0600 0.1178 0.2611 -0.0044 7.45 -4.09 4.89 181 363 364 414 225 
0.8411 -0.1297 -0.4796 0.2136 332.75 48.13 40.50 7.90 -2.42 5.36 1.0200 1.9600 0.0000 -1.6789 0.7589 -0.3800 7.12 -4.65 4.86 174 358 360 421 228 
0.8539 -0.2375 -0.4493 0.1114 349.44 44.56 48.06 8.56 -4.24 2.41 0.7900 0.9100 -2.8200 -2.8600 1.0767 0.0422 6.47 -6.14 4.05 174 281 300 384 226 
0.8218 -0.4305 -0.3734 -0.0015 359.25 35.19 65.56 0.67 -9.97 2.27 -4.6400 -3.0400 -0.5000 -0.4011 0.6289 0.7767 4.81 -7.88 3.29 191 306 296 377 225 
0.8172 -0.4933 -0.2977 0.0118 358.19 28.19 67.19 3.93 -8.09 4.15 -1.2400 0.2100 0.6600 1.3978 0.3356 0.5900 4.24 -7.85 4.04 180 352 286 314 214 
0.8353 -0.4628 -0.2764 0.1080 341.44 20.62 63.81 3.24 -5.57 5.59 0.8600 3.3200 2.5800 -0.8711 -1.1867 0.7111 3.35 -8.63 3.21 122 378 205 209 118 
0.7695 -0.4838 -0.3544 0.2194 326.19 18.62 74.44 3.85 -11.51 0.02 0.5800 -2.3700 -2.5500 -0.0978 -0.2122 0.5511 2.79 -9.12 2.25 107 380 189 191 116 
0.7447 -0.5015 -0.3547 0.2609 320.31 14.63 74.00 4.92 -12.90 -4.98 3.1700 -3.7800 -9.8500 2.5944 -0.2678 1.0311 1.92 -8.72 4.03 107 381 191 195 117 
0.8088 -0.3699 -0.2589 0.3767 307.00 6.31 45.63 -0.71 3.60 14.16 -1.4300 10.1200 8.2700 2.6211 -0.4211 0.3044 1.06 -5.11 8.29 108 386 197 207 121 
0.8493 -0.2215 -0.1901 0.4399 306.75 8.31 34.94 0.60 -1.45 7.33 -1.4700 4.0100 -1.1100 -2.7767 -0.8189 -1.3300 2.55 -6.98 6.39 137 375 228 234 146 
0.8146 -0.3478 -0.3470 0.3082 323.62 24.19 60.56 1.81 -6.14 -0.16 -2.7000 1.8100 -4.2700 -1.8856 1.2022 -3.8833 5.84 -7.06 3.47 164 350 285 281 182 
0.8234 -0.3596 -0.4390 0.0052 6.75 52.19 55.56 12.38 -2.04 -0.78 4.7300 1.3100 -3.6700 1.2311 0.0844 -3.8700 8.93 -2.18 3.38 171 354 333 393 208 
0.7988 -0.1691 -0.5480 -0.1816 27.37 68.50 -1.12 15.63 1.69 7.34 8.4800 6.0000 10.0900 0.5378 0.3122 -0.0711 9.06 0.87 3.63 170 368 355 420 216 
0.8007 -0.0906 -0.5588 -0.1962 27.75 67.75 -11.06 7.32 0.36 1.95 -1.0700 0.1100 -0.7800 -0.1400 -0.1744 -0.0122 9.07 0.68 3.65 168 367 356 411 216 
;
0.7978 -0.1036 -0.5582 -0.2031 28.75 69.12 -9.38 9.86 0.47 3.33 0.3200 -0.0700 -0.1000 -0.0900 -0.0689 0.0211 9.18 0.52 3.38 168 361 357 407 218 
0.7921 -0.1147 -0.5627 -0.2066 29.37 70.12 -8.25 9.12 0.33 3.33 0.1200 -0.0300 0.0000 -0.0311 -0.2389 -0.0244 9.27 0.48 3.14 166 361 356 405 214 
0.7840 -0.1123 -0.5766 -0.2007 27.94 72.81 -12.19 13.06 0.61 6.58 5.2700 0.2200 4.7700 -0.1533 -0.9044 0.0678 9.54 0.52 2.18 174 365 342 415 222 
0.7610 -0.1526 -0.6018 -0.1880 26.37 74.94 13.75 13.83 -1.58 1.66 3.0800 -0.7800 -2.0100 -0.6944 0.4800 2.3300 9.06 -2.27 2.97 174 391 348 422 223 
0.8087 -0.2595 -0.5195 -0.0943 8.63 59.44 44.63 4.36 -1.79 -1.67 -3.4200 2.2000 -4.5500 2.4600 0.1422 1.7078 7.83 -3.91 4.40 176 402 350 426 225 
0.8715 -0.1788 -0.4499 0.0785 347.37 47.38 32.25 4.24 0.45 6.05 -2.2500 3.7000 0.4700 0.9256 0.3000 0.5433 6.93 -3.31 6.09 173 405 362 427 225 
0.8899 -0.1347 -0.4150 0.1331 344.06 44.50 30.56 6.73 -1.55 5.91 0.4000 1.9300 -0.5400 -2.1333 -0.2989 -0.3289 7.03 -4.15 5.41 181 351 357 400 225 
0.8582 -0.2518 -0.4443 0.0522 354.44 47.31 49.63 9.22 -3.29 2.14 1.6900 1.7400 -1.5600 -2.2456 1.7789 0.9422 6.48 -6.23 3.91 184 280 290 354 223 
0.8225 -0.4218 -0.3814 0.0126 356.19 35.63 65.19 2.39 -9.25 1.91 -3.7300 -2.3300 -0.3200 -0.1578 0.5200 1.8056 4.30 -8.08 3.51 195 300 290 358 221 
0.8196 -0.4941 -0.2825 0.0653 350.94 23.19 67.81 2.33 -8.49 4.21 -1.4600 -0.0200 0.7600 -0.5300 0.3622 -0.2044 3.86 -8.43 3.19 196 307 293 340 220 
0.8124 -0.5133 -0.2686 0.0662 347.75 20.87 69.25 2.09 -7.28 5.26 -1.1700 1.1400 1.5400 0.1989 -1.5789 0.8356 3.30 -8.73 2.98 160 378 232 238 153 
0.7762 -0.5137 -0.3290 0.1590 336.37 20.62 76.31 5.76 -10.74 0.02 3.1500 -1.4900 -2.5000 -1.2156 -0.7822 0.5333 3.34 -9.15 1.07 108 365 206 206 120 
0.7133 -0.5718 -0.3606 0.1852 329.25 15.88 83.87 5.94 -11.71 -9.27 3.9000 -1.3100 -11.5400 3.8156 0.0789 1.5911 1.54 -9.09 3.33 97 367 199 193 112 
0.8119 -0.4172 -0.2232 0.3420 312.56 2.94 51.38 -4.56 1.83 19.76 -5.1300 7.9200 12.8600 0.0911 0.5189 -0.2811 0.09 -6.87 6.98 109 376 209 204 120 
0.8470 -0.3676 -0.1752 0.3419 317.87 4.50 50.31 1.85 -6.23 3.62 -0.2500 1.2700 -1.8700 -0.1000 -0.6400 -1.5700 1.88 -7.60 5.89 148 363 242 252 169 
0.8541 -0.3638 -0.2742 0.2512 330.69 19.87 54.13 -0.29 -5.67 2.18 -4.2200 0.7500 -4.0500 -1.5289 -0.5144 -3.1900 5.41 -6.99 4.22 164 337 272 272 180 
;
