0.5060 -0.3058 -0.5184 -0.6179 101.37 64.56 -50.31 8.97 3.09 2.67 0.0900 -0.1400 0.0100 0.0400 -0.0467 -0.0022 8.86 3.24 2.64 168 354 333 380 216 
0.5015 -0.3126 -0.5245 -0.6130 101.69 66.12 -53.88 8.08 3.60 2.57 -0.8600 0.6600 0.6000 -0.2856 -2.0067 0.6122 9.30 2.82 1.22 176 361 339 373 214 
0.4385 -0.4306 -0.5605 -0.5551 104.69 76.25 -108.56 18.05 0.36 0.44 10.4500 -1.6800 1.2100 -0.9111 0.2144 0.3500 9.53 1.90 -1.25 187 405 358 411 220 
0.4256 -0.5052 -0.5442 -0.5172 95.75 83.69 -175.00 13.01 -0.19 -6.16 1.2600 -1.1500 -6.2800 1.9544 2.1444 2.1233 9.73 -0.56 1.00 190 419 365 426 224 
0.6368 -0.4267 -0.4683 -0.4395 63.13 72.44 32.81 4.80 1.10 -1.78 -4.7500 3.6500 -3.5400 2.8811 1.0111 1.5478 8.85 -2.05 3.67 190 422 370 427 224 
0.7933 -0.3023 -0.4417 -0.2901 35.81 60.56 28.75 5.72 4.06 5.05 -2.4500 6.2600 1.6000 0.1778 -0.2433 0.6767 8.50 -2.68 4.08 203 418 341 423 227 
0.7940 -0.3292 -0.4568 -0.2293 36.63 61.63 44.88 8.91 0.46 2.90 0.5000 4.0700 -0.4600 -4.3300 -0.3900 -0.3900 8.78 -3.82 2.08 201 335 327 402 227 
0.6566 -0.5375 -0.3893 -0.3582 59.38 61.19 85.56 8.83 -3.12 -3.92 -1.5100 1.5100 -3.9700 -2.3300 0.0589 2.8344 7.26 -6.51 -0.91 207 287 278 359 222 
0.5932 -0.7236 -0.1554 -0.3168 53.00 35.25 97.75 -0.16 -12.05 -0.91 -6.0200 -4.2600 0.0000 -1.2144 1.1267 0.1756 5.32 -8.09 -1.53 211 313 288 362 221 
0.5438 -0.7709 -0.0660 -0.3250 63.75 36.56 104.62 2.42 -6.07 -2.04 -3.2700 3.8100 0.2700 1.4767 -0.3944 -1.7633 6.88 -6.85 -1.35 213 354 317 378 224 
0.5395 -0.7343 -0.2307 -0.3413 65.81 50.25 114.75 0.49 0.50 -3.21 -6.6500 5.6700 -0.9700 -4.8078 -4.8300 -3.1989 6.98 -2.74 -6.31 205 284 272 326 222 
0.1254 -0.8750 -0.4052 -0.2334 130.81 25.81 -174.31 10.57 -0.68 -21.07 6.7200 -2.0900 -11.3100 -0.4389 0.5611 0.0456 3.89 1.88 -8.80 211 282 271 342 220 
-0.0048 -0.8885 -0.3990 -0.2266 131.19 24.19 -168.69 6.63 1.98 -10.34 2.4000 -0.0200 -1.8400 0.7467 -0.0489 0.4122 4.09 1.14 -8.83 209 302 284 359 224 
0.0599 -0.9016 -0.3790 -0.1998 137.00 23.12 177.87 5.28 -0.56 -17.39 1.7400 -0.7800 -8.5700 3.9289 2.6811 2.2267 4.81 -3.25 -7.89 215 403 338 422 227 
0.4566 -0.8264 -0.2697 -0.1893 36.13 34.00 107.12 1.00 -0.66 -0.93 -4.4600 8.4300 1.7700 1.6211 1.3089 1.4922 4.46 -8.72 -0.25 216 428 363 434 225 
0.6848 -0.6978 -0.1382 -0.1580 25.75 23.31 90.62 1.78 -3.70 0.25 -1.7100 5.0000 0.3000 -0.1922 0.1978 -0.1978 3.94 -8.97 -0.14 214 425 362 429 224 
0.6738 -0.7066 -0.1287 -0.1738 30.62 25.94 92.87 2.98 -6.75 -1.27 -1.2200 2.6200 -0.8600 -0.7589 -0.0011 -1.4711 5.25 -8.22 -0.90 209 384 285 352 217 
0.6252 -0.7143 -0.1928 -0.2484 46.44 39.88 96.31 4.90 -4.95 -1.84 -1.9900 2.0000 -1.0600 2.3889 3.5678 -4.9722 8.24 -5.07 1.56 198 312 288 302 205 
;
