0.1026 0.0412 0.2494 0.9620 192.12 1.62 -29.25 0.22 4.85 8.51 -0.0400 0.0600 -0.0100 0.0033 -0.0144 0.0033 0.28 4.79 8.55 175 358 367 395 210 
0.1027 0.0422 0.2496 0.9620 192.12 1.69 -29.31 0.27 4.74 8.59 0.0000 -0.0300 0.1200 0.3400 0.0533 0.0622 0.28 5.00 8.42 176 364 367 397 208 
0.0937 0.0413 0.2711 0.9571 190.81 1.56 -32.56 0.88 5.60 8.82 0.2100 -0.2500 0.6700 1.4544 0.4844 0.3333 0.12 6.05 7.70 179 380 348 406 213 
0.0356 -0.0027 0.3991 0.9162 181.44 -2.94 -51.44 -1.37 11.64 9.05 -0.9100 3.6300 2.0500 -0.1067 -1.3556 1.7089 0.58 7.84 5.85 178 383 351 401 213 
-0.0731 0.1096 0.4069 0.9039 166.94 23.00 -43.69 4.97 6.20 6.29 2.0400 -0.7400 -2.8900 0.5144 -6.4711 5.4244 8.09 3.55 4.25 171 405 368 410 218 
-0.2933 0.5281 0.3459 0.7180 129.31 77.06 -35.38 6.97 0.53 -0.81 -4.5000 -0.7200 -3.0400 1.6733 1.2944 1.1944 9.46 0.54 2.50 168 416 372 415 219 
-0.4517 0.4835 0.3619 0.6567 107.50 71.87 -5.94 4.84 1.82 1.77 -4.4400 1.6600 -1.2700 1.5000 1.2300 1.0122 8.92 0.13 4.05 171 415 373 412 218 
-0.5779 0.3875 0.3548 0.6245 92.06 62.19 1.87 5.71 2.45 5.24 -2.5600 2.6400 0.3700 0.1756 -0.1789 0.8156 8.70 -0.61 4.46 172 418 375 407 219 
-0.6149 0.4078 0.3561 0.5734 86.19 65.62 14.00 8.50 2.76 4.16 0.1300 4.9700 0.6600 -1.5100 -1.1733 -0.3167 9.22 -1.19 3.09 171 412 354 397 220 
-0.5380 0.5165 0.3289 0.5793 97.50 71.37 46.94 10.83 1.45 -2.54 2.1700 3.4900 -5.4100 -4.7467 -0.0144 4.0211 8.32 -5.10 0.86 171 245 247 330 224 
-0.4827 0.6935 -0.0255 0.5342 94.87 39.56 87.12 -1.42 -13.97 -2.92 -7.0900 -5.6000 -2.4400 -0.5811 1.7056 1.1822 5.06 -8.37 0.67 187 267 252 346 223 
-0.4783 0.6470 -0.2138 0.5540 99.12 31.56 85.25 4.81 -7.81 1.01 0.0000 0.7600 0.3900 -0.0100 -0.1511 -0.5244 5.46 -8.12 0.58 187 276 264 343 222 
-0.4719 0.6525 -0.2099 0.5546 94.19 26.75 84.62 -2.17 -7.57 1.68 -2.5500 1.7600 1.6100 0.8367 -3.6044 2.2522 2.98 -9.30 0.78 183 372 185 185 118 
-0.6279 0.6405 -0.1941 0.3972 63.13 16.50 83.00 4.86 -10.97 2.33 2.2900 -1.9800 -0.5600 2.4533 -1.5344 -0.7900 3.39 -8.97 2.01 143 341 182 182 127 
-0.7087 0.6000 -0.0331 0.3697 55.75 25.06 71.31 6.96 -8.64 1.31 2.5800 -0.5800 -1.6500 -0.4011 -0.1256 -0.0589 4.34 -8.37 2.68 147 344 182 186 130 
-0.7071 0.6036 -0.0081 0.3683 54.69 25.19 72.00 5.80 -9.25 0.78 1.2000 -0.6600 -2.0300 0.5300 0.3822 0.2122 3.94 -8.40 3.16 147 341 188 190 132 
-0.7411 0.5602 -0.0277 0.3689 50.88 18.75 63.75 6.43 -14.29 -14.13 2.7800 0.1800 -12.2600 6.0711 1.9100 1.1278 1.61 -6.33 7.30 141 365 193 193 133 
-0.9023 0.2726 -0.0323 0.3323 41.06 6.44 30.50 -3.00 0.31 11.37 -3.6700 4.2800 1.4800 -1.8789 -0.4767 -0.8022 1.53 -5.87 7.70 144 362 197 195 135 
-0.8546 0.3519 -0.0392 0.3798 49.50 13.06 41.50 1.86 -2.51 5.34 -1.2200 3.1900 -2.9300 -2.3878 0.8111 -2.4778 3.05 -6.91 6.24 171 299 224 222 165 
-0.6985 0.4238 -0.0587 0.5735 90.44 27.56 40.56 -0.02 -4.29 2.76 -3.9800 2.0900 -3.6000 2.2478 0.0689 -6.5489 6.14 -2.00 7.37 182 325 290 259 191 
-0.3933 0.3014 0.1561 0.8544 137.69 39.50 -9.94 9.26 5.88 10.00 1.7400 4.1400 2.7900 1.8233 -0.9378 -1.8978 6.07 3.33 6.94 175 321 311 301 199 
-0.2253 0.3333 0.3032 0.8638 152.00 47.19 -33.94 7.38 3.91 7.45 -0.3400 0.0900 1.5800 -1.2167 -2.1100 -0.4033 7.80 3.51 4.79 173 316 295 287 197 
-0.1535 0.4295 0.2804 0.8446 159.19 57.00 -35.13 11.49 3.02 6.88 4.0200 0.2100 4.0800 -0.2722 -3.4033 2.2500 9.37 1.69 2.32 170 320 219 203 150 
-0.1995 0.6575 0.1934 0.7003 142.87 83.62 173.81 11.69 -1.33 0.28 0.7400 0.7500 -0.0500 -0.0733 -5.7533 4.9311 7.62 -4.67 -4.02 153 339 187 176 120 
-0.3691 0.8839 0.0007 0.2871 69.75 27.25 125.69 0.52 -5.22 -8.53 -2.4400 2.8800 -3.3900 3.5200 1.3067 1.8856 3.58 -8.72 -2.68 122 344 179 170 115 
-0.5936 0.7437 -0.1010 0.2903 50.06 17.50 90.87 -0.73 -3.98 -1.30 -2.7500 4.8600 -2.1300 2.4922 0.5656 0.1178 2.78 -9.18 1.99 125 331 183 173 118 
-0.7260 0.5922 -0.0792 0.3406 50.38 16.37 71.50 2.60 -7.05 1.64 0.1500 0.6100 -3.2800 -0.0289 0.1844 0.1700 2.58 -8.93 3.11 125 337 186 177 120 
-0.7825 0.5201 -0.0862 0.3313 44.56 9.25 53.00 -2.22 9.04 17.39 -4.6500 17.8500 15.9800 3.3144 1.3667 0.1489 0.56 -5.39 8.16 129 357 189 181 121 
-0.8870 0.2768 -0.0813 0.3605 46.38 3.94 34.44 0.15 -4.65 8.33 -0.4800 1.4600 -0.1000 -0.9156 -0.4778 -1.1133 1.38 -5.97 7.65 137 360 190 183 125 
;
