-0.4899 0.3326 0.5641 0.5754 99.19 69.37 -66.00 9.16 3.28 1.61 0.0900 0.1100 0.0700 -0.1167 -0.1489 0.0256 9.20 3.11 1.33 300 448 432 440 318 
-0.4835 0.3436 0.5621 0.5765 100.06 70.12 -67.69 8.90 3.11 1.26 -0.4100 0.0000 0.0900 -0.1378 -0.3733 0.0644 9.26 3.03 1.07 304 441 435 438 319 
-0.4655 0.3687 0.5707 0.5671 101.50 72.37 -82.87 9.88 3.14 0.89 1.7900 0.6300 0.7000 -0.5744 -2.4611 0.2122 9.32 2.78 -1.18 302 445 431 432 317 
-0.3967 0.4646 0.5919 0.5258 104.87 75.31 -116.31 20.27 -0.11 0.86 11.5100 -2.4000 1.1400 1.7922 0.6100 1.6644 9.69 0.96 -1.08 319 522 468 527 348 
-0.5391 0.4552 0.5428 0.4556 75.00 84.87 3.06 7.86 -2.84 -6.98 -2.9000 -3.7200 -10.5200 2.5444 1.0922 2.3978 9.36 -1.96 2.13 323 538 487 544 355 
-0.7379 0.3520 0.4789 0.3198 41.75 64.87 27.69 1.32 3.62 0.82 -6.6700 5.6100 -2.5600 2.5944 0.4756 0.7989 8.42 -1.46 4.80 336 545 477 555 363 
-0.8436 0.1960 0.4528 0.2120 27.25 57.75 15.56 7.13 3.97 5.84 -0.9700 5.5100 0.8800 -1.1067 -0.0278 0.1800 8.30 -1.86 4.86 278 491 423 500 291 
-0.8237 0.2721 0.4363 0.2391 36.56 58.63 32.06 10.00 2.26 2.93 2.2100 5.7800 -1.3900 -5.6422 -0.0989 -0.1367 8.47 -3.85 3.07 250 391 352 397 278 
-0.6647 0.5391 0.3281 0.3998 61.88 56.63 74.44 8.44 -4.93 -4.64 0.6700 0.3800 -4.6400 -2.6700 1.4689 3.2233 6.62 -7.20 0.68 355 422 391 462 345 
-0.6346 0.6863 0.0528 0.3515 58.25 29.44 87.69 -2.61 -12.28 -2.47 -6.6300 -3.5100 -2.0000 -0.5733 0.8433 0.4533 4.25 -8.83 0.16 306 399 369 436 325 
-0.6127 0.6984 -0.0547 0.3660 61.81 26.62 89.00 3.96 -8.77 0.18 0.0600 0.4300 -0.3000 0.2056 0.1333 0.0567 4.44 -8.74 0.24 299 381 351 382 302 
-0.6276 0.6693 -0.0870 0.3881 68.06 21.31 82.75 4.01 -7.45 -3.54 0.0800 0.7200 -6.9300 -0.9756 11.3256 0.7033 1.55 -9.30 2.66 299 498 290 279 225 
-0.4047 0.3055 -0.4621 0.7275 129.31 1.37 64.19 -4.00 -6.37 2.77 -1.9900 3.8400 -0.8500 1.8589 2.6022 -0.9867 0.21 -8.00 5.65 301 508 299 281 229 
-0.2761 0.1349 -0.3693 0.8771 147.56 1.00 40.75 8.08 -2.70 15.86 8.8800 2.6800 8.4700 1.9222 -0.2411 0.4767 0.03 -5.13 8.35 294 505 298 285 233 
-0.3320 0.0983 -0.2418 0.9064 135.31 1.44 31.50 -1.25 -10.18 17.79 -2.3900 -4.0400 9.5000 -2.3256 -1.5800 2.3178 0.24 -6.31 7.50 291 505 303 284 232 
-0.4766 0.2065 -0.3468 0.7811 115.19 -1.69 52.69 -6.78 -3.14 6.93 -6.5100 5.5100 0.2000 -2.6978 0.5322 0.0144 -0.57 -8.88 4.11 290 505 306 285 234 
-0.4225 0.2772 -0.5140 0.6931 120.37 -1.81 74.31 -2.94 -2.73 0.75 -2.4000 6.6800 -1.4600 -0.5144 2.2344 -1.4556 0.47 -9.57 2.05 292 509 312 289 237 
-0.2495 0.2477 -0.5676 0.7445 147.62 5.44 74.81 4.02 -2.14 -0.03 3.5100 7.2700 -2.9300 2.3311 1.9867 -0.7678 0.99 -8.89 4.00 292 511 315 294 241 
-0.1630 0.1384 -0.4542 0.8649 157.62 5.19 50.31 9.68 -9.11 11.26 8.0000 -2.6100 5.3000 2.6467 -1.6222 1.5022 1.02 -5.99 7.68 405 613 451 426 375 
-0.3039 0.1582 -0.2619 0.9022 139.94 8.19 34.44 -3.43 -7.38 10.29 -4.7700 -1.0000 1.5300 0.1867 -0.6522 0.2667 1.72 -5.42 7.98 391 589 421 397 352 
;
