0.7278 0.3029 0.0937 0.6080 280.19 13.19 -34.75 2.09 5.53 7.70 -0.2000 0.1300 -0.1500 -0.2833 0.0144 -0.0800 2.17 5.33 7.93 167 375 366 406 233 
0.7345 0.2891 0.0846 0.6081 280.81 13.38 -32.25 2.45 4.98 8.23 0.1600 -0.0900 0.1100 -0.1311 -0.0744 -0.0044 2.33 4.99 8.10 168 366 366 401 229 
0.7382 0.2835 0.0718 0.6078 281.06 13.44 -31.81 4.53 4.74 11.46 2.1000 -0.7300 4.7100 2.5433 1.8211 0.6344 1.75 6.08 7.48 177 375 340 393 230 
0.6443 0.3910 0.1072 0.6484 264.12 37.56 -51.06 18.97 6.88 2.82 13.1300 2.5200 -0.3200 2.0222 -3.9600 6.7078 9.45 2.50 0.72 180 403 365 404 232 
0.2708 0.6059 -0.2162 0.7161 211.06 75.94 25.25 6.53 0.51 -4.41 -2.7300 2.2700 -6.7000 3.8456 -0.4622 3.7344 8.88 -3.24 2.58 179 412 374 417 232 
-0.0857 0.5443 -0.1625 0.8185 162.50 56.63 38.63 1.85 3.02 2.07 -5.6200 6.4600 -2.4100 2.7267 0.2900 0.6567 7.81 -2.65 5.29 176 419 381 416 231 
-0.2466 0.4756 -0.0111 0.8443 145.06 53.06 24.37 7.52 5.14 7.38 -0.2900 7.2800 2.5300 -1.6167 -0.8822 -0.1944 8.12 -2.71 4.76 179 373 343 401 222 
-0.1896 0.5576 -0.0640 0.8057 159.25 63.88 50.56 13.38 2.25 -3.43 4.7500 4.8700 -8.1100 -3.6467 -0.6944 3.5000 8.14 -5.35 1.08 178 270 234 307 209 
-0.1229 0.5422 -0.3759 0.7413 160.31 39.00 79.62 -2.51 -14.07 -1.89 -11.6100 -8.4700 -1.8600 -1.2056 2.3867 0.8289 4.70 -8.46 1.56 193 278 247 304 208 
-0.0668 0.3741 -0.5287 0.7590 171.75 31.50 79.00 6.72 -7.41 3.52 1.4300 0.7800 1.1000 -0.0744 -0.1144 -0.5667 5.60 -7.90 1.50 192 288 247 312 208 
-0.0372 0.4094 -0.5142 0.7527 173.50 35.75 81.00 2.63 -7.12 1.37 -2.9500 1.8200 -0.0200 1.4400 -1.5433 -0.6967 6.29 -7.39 1.32 191 278 244 307 205 
-0.0748 0.5067 -0.4275 0.7449 169.87 45.25 80.75 4.09 -5.03 -1.03 -3.0300 0.3500 -2.3800 -2.1078 -1.2822 -1.8789 7.86 -5.85 -0.08 162 268 244 260 199 
0.0430 0.6249 -0.3998 0.6691 190.56 65.50 105.50 16.35 -3.56 -0.91 10.1800 1.3000 1.2200 -0.2667 6.0278 -1.5833 9.32 -2.48 1.76 109 229 260 265 192 
0.1464 0.4900 -0.2883 0.8096 194.50 60.94 54.88 14.20 -1.26 -1.54 -0.4200 2.5900 -4.3600 1.5011 -2.9156 -0.6244 8.88 -3.57 2.09 100 162 166 161 112 
0.0402 0.5667 -0.1995 0.7984 177.87 69.19 38.13 -2.55 17.99 39.83 -2.3200 -2.2300 37.5900 0.7378 -2.5378 0.7700 9.52 -1.96 1.28 110 175 176 171 118 
-0.0261 0.6462 -0.1257 0.7523 180.25 75.37 66.44 10.46 3.77 1.75 0.2600 5.4300 -1.7400 -3.7178 -0.1278 -0.3367 9.56 -2.17 0.09 109 180 176 171 122 
0.1609 0.6450 -0.2849 0.6906 208.19 80.19 84.19 9.52 -5.00 -13.52 -1.2500 -4.6900 -14.3300 4.7689 -0.7822 -0.6556 9.76 -0.87 0.18 110 172 173 170 120 
0.1550 0.6772 -0.2195 0.6850 206.19 84.06 5.81 8.59 -3.46 -1.98 -1.7100 -1.7500 0.3500 -0.4022 1.0111 0.5222 9.65 -1.35 1.02 112 182 181 182 136 
0.1953 0.5787 -0.2607 0.7477 210.94 71.06 35.69 11.15 -1.17 6.55 4.8100 0.5800 2.1900 -1.7478 3.1444 1.4867 8.25 -3.09 4.30 176 331 300 348 224 
0.2940 0.2870 -0.3627 0.8364 223.69 35.44 44.69 9.42 -1.66 5.14 6.0100 5.3000 -0.7100 -7.6500 1.0867 2.7122 3.68 -8.85 2.02 175 312 287 328 223 
0.2741 -0.1550 -0.7104 0.6294 227.62 5.62 101.81 0.45 -2.53 -5.45 -0.7100 5.3900 -3.0700 -3.6300 1.7433 1.7644 -0.28 -8.47 -4.92 140 285 280 306 220 
0.2105 -0.4156 -0.7740 0.4288 239.62 1.44 118.00 -8.67 -2.00 -17.01 -5.5700 10.4000 -10.6300 8.6300 4.3067 -2.2267 2.23 -9.47 1.17 154 325 310 347 225 
0.5940 -0.2423 -0.4594 0.6144 267.81 14.31 61.50 6.15 -9.34 22.93 3.5800 0.9000 11.1400 -5.4833 -2.0522 -0.1911 2.71 -9.41 0.20 150 299 286 318 221 
0.4042 -0.3547 -0.6992 0.4711 258.37 10.94 108.81 -7.85 -9.42 -26.37 -7.8600 2.9500 -16.2100 6.3689 3.1289 -1.3822 2.61 -9.45 0.04 166 316 305 354 227 
0.5648 -0.2762 -0.5457 0.5540 270.06 18.12 75.50 4.94 -8.99 8.07 1.2100 2.4500 1.8100 -3.1178 -2.3833 0.6967 2.72 -9.41 -0.20 154 287 279 299 206 
0.3826 -0.3199 -0.6931 0.5205 248.81 9.38 99.62 -2.16 -6.41 -6.64 -4.6100 3.6300 -5.4700 3.9033 -1.0367 -1.0044 1.70 -9.62 0.76 157 282 269 294 207 
0.4380 -0.1307 -0.5405 0.7064 245.44 20.31 50.13 -0.32 4.45 5.53 -4.6400 9.7700 -0.8900 8.6156 3.1222 -3.8189 2.82 -0.51 9.37 179 341 328 367 224 
0.6360 0.1517 0.0445 0.7553 262.12 8.69 -21.50 5.71 8.88 14.61 3.7900 4.2300 5.1400 2.2967 -0.5533 -1.2078 1.37 5.27 8.15 179 394 355 407 231 
0.6661 0.2797 0.1699 0.6702 269.56 8.69 -39.19 0.33 6.15 15.87 -0.8100 -2.0500 4.0000 -1.5200 -1.2111 -0.6322 1.71 5.07 8.21 179 401 363 413 227 
;
