-0.0904 0.0831 0.1370 0.9829 169.44 10.81 -15.00 1.94 2.49 9.24 0.0700 0.0100 -0.0200 0.0044 0.0056 0.0011 1.84 2.49 9.30 186 373 375 394 221 
-0.0903 0.0839 0.1370 0.9828 169.50 10.94 -15.00 1.96 2.50 9.27 0.0700 -0.0300 -0.0100 -0.0056 -0.0100 0.0067 1.87 2.48 9.29 185 373 374 397 220 
-0.0901 0.0845 0.1368 0.9828 169.50 10.94 -15.00 2.04 2.36 9.44 0.1200 -0.2100 0.2600 0.4533 -0.0422 -0.0011 1.88 2.73 9.22 187 383 374 399 221 
-0.1059 0.0797 0.1934 0.9721 166.00 12.50 -26.25 7.61 9.89 14.74 5.3200 4.8700 4.6500 -0.8933 -3.2844 1.3211 4.23 3.91 7.93 192 422 378 420 230 
-0.1895 0.2805 0.2313 0.9121 148.62 45.75 -22.81 11.14 2.55 0.66 3.5500 0.2600 -4.9600 4.7033 -2.8422 4.7867 9.06 1.00 3.59 195 438 384 427 233 
-0.5221 0.4374 0.3644 0.6350 94.56 69.00 3.25 7.07 3.90 -1.07 -1.9700 5.1000 -4.0500 3.8700 0.3467 2.2589 8.92 -0.80 3.97 196 441 388 428 233 
-0.7352 0.3058 0.4258 0.4297 55.31 61.00 10.13 4.54 4.65 4.86 -4.1300 5.4400 0.3100 2.0400 0.6878 1.2289 8.26 -0.85 5.20 196 439 384 429 233 
-0.8248 0.2141 0.4290 0.2997 38.00 56.31 11.75 5.92 4.52 7.19 -1.5900 5.6500 2.4000 -0.9044 -0.8044 -0.1089 8.36 -1.33 4.94 206 404 354 415 233 
-0.7875 0.2880 0.4418 0.3189 46.94 63.13 27.44 10.60 3.42 0.42 1.7300 5.1900 -3.3600 -3.5244 -0.0322 0.4267 8.70 -3.18 3.19 205 337 327 360 231 
-0.7076 0.4930 0.3318 0.3823 55.88 53.94 61.25 6.66 -5.71 -0.39 -2.8800 -1.9400 -2.6200 -2.8811 1.8600 2.2733 6.62 -6.75 2.58 206 293 255 338 225 
-0.6884 0.6086 0.0957 0.3828 59.69 34.56 74.19 0.90 -11.92 -0.10 -3.7700 -3.2600 -1.6300 -0.0967 0.6522 -0.1456 5.39 -7.86 2.27 207 306 263 350 226 
-0.6675 0.6157 0.0327 0.4175 63.94 34.06 73.12 4.87 -7.02 3.17 -0.7400 0.9600 0.6300 -1.0244 0.1422 0.0711 5.43 -7.95 1.82 206 310 271 347 227 
-0.6280 0.6541 -0.0186 0.4212 72.62 29.62 81.50 14.04 -3.89 -0.59 7.9500 3.1000 -2.9400 -4.4189 11.6011 2.5122 2.03 -9.52 1.09 176 370 335 404 230 
-0.3561 0.3852 -0.5917 0.6121 123.25 0.50 92.62 0.10 -10.35 -0.22 1.3600 -0.0800 0.8800 -1.9811 1.2333 1.3400 -0.67 -9.63 -1.69 198 379 350 418 227 
-0.2859 0.2949 -0.7298 0.5465 125.69 -5.62 105.19 -2.85 -7.18 -8.05 -2.6600 1.8900 -6.0600 0.0467 0.3856 -0.3078 -0.67 -9.41 -2.64 190 347 340 347 219 
-0.2532 0.2948 -0.7072 0.5906 136.81 0.69 93.00 -1.36 -4.76 0.41 -1.0900 4.3400 3.4700 3.8011 2.0933 -0.6689 0.41 -9.49 2.42 166 352 342 369 226 
-0.2377 0.2385 -0.5955 0.7294 142.12 4.50 85.62 1.57 -5.62 -2.41 -0.2000 4.1700 -4.7300 -3.2111 -1.1900 0.7011 0.36 -9.62 -1.84 154 348 341 366 225 
-0.2542 0.3273 -0.6968 0.5855 135.44 2.50 95.31 -2.19 -4.72 -6.41 -1.1400 4.3000 1.5900 4.1967 2.0911 -0.4700 0.67 -9.43 2.57 167 357 350 377 227 
-0.2434 0.2256 -0.5355 0.7766 143.69 6.37 72.31 3.93 -9.11 7.48 2.3000 1.3900 2.2000 -2.3011 -1.6478 0.6189 1.10 -9.65 1.30 174 360 348 378 227 
-0.3036 0.3403 -0.6041 0.6536 125.87 3.19 90.12 -0.11 -8.20 -1.62 -1.1000 1.1700 -1.7800 -0.9433 -0.6411 0.7556 -0.12 -9.76 -0.88 173 349 337 348 216 
-0.3632 0.3757 -0.6398 0.5635 112.87 -2.94 95.81 -1.27 -9.77 -2.89 -0.7200 -0.2000 -1.7000 0.4533 -0.5511 -0.0322 -0.54 -9.76 -0.67 173 310 312 321 213 
;
