0.8143 -0.0193 -0.5366 -0.2205 30.06 61.75 -25.94 8.68 2.08 4.25 0.0600 0.0000 0.0300 0.0789 0.0489 0.0456 8.62 2.03 4.19 178 362 358 405 218 
0.8173 -0.0139 -0.5342 -0.2156 29.56 61.50 -25.75 8.73 1.96 4.25 0.1200 -0.0600 0.0400 -0.0111 0.0311 0.0267 8.61 2.01 4.22 177 360 356 404 218 
0.8177 -0.0167 -0.5330 -0.2166 29.75 61.69 -25.12 8.95 2.06 4.27 -0.0600 -0.1400 0.3000 -0.0056 -0.3244 0.1333 8.77 1.85 3.95 177 358 355 392 215 
0.7967 -0.0522 -0.5682 -0.1993 27.81 70.94 -18.75 14.86 2.17 5.80 5.7200 1.2300 2.5700 -1.4733 -1.3167 1.6067 9.57 -0.34 2.09 173 370 353 392 217 
0.7567 -0.2037 -0.6063 -0.1357 15.19 74.00 52.06 12.18 -4.67 -0.07 2.4700 -2.0100 -1.8400 1.4144 0.5100 2.4233 8.83 -3.70 2.07 179 404 364 417 219 
0.7890 -0.2371 -0.5631 0.0643 343.31 56.56 60.94 5.71 -3.92 -0.86 -2.4800 1.4900 -3.7300 3.6533 -0.8378 1.5700 7.74 -5.03 3.28 178 405 363 422 224 
0.7850 -0.1088 -0.5314 0.2994 315.69 49.88 47.56 4.30 0.00 4.37 -2.6300 4.2700 0.0000 0.7367 -0.6489 -0.1778 7.67 -4.32 4.31 178 379 362 412 224 
0.7761 -0.0574 -0.5344 0.3298 314.37 52.63 48.69 9.68 -3.03 2.63 2.8000 1.9700 -0.5800 -1.6356 1.0333 0.2378 7.51 -5.05 3.77 184 356 354 414 227 
0.7977 -0.1931 -0.5211 0.2343 331.62 46.81 55.88 8.19 -4.68 2.64 1.1100 0.8900 -1.2000 -2.9544 2.4322 -1.4878 6.97 -5.65 3.94 183 353 346 428 229 
0.8387 -0.3327 -0.4302 0.0266 359.56 44.06 55.81 7.07 -7.28 3.65 -3.5800 -1.9300 -0.9600 -1.6089 -1.0144 0.6500 6.43 -6.69 3.15 196 285 297 330 214 
0.8201 -0.4533 -0.3492 -0.0057 0.25 32.75 65.56 1.48 -9.06 4.13 -3.8000 -1.5200 0.7500 -0.6578 0.1589 0.5244 4.72 -7.98 3.16 205 293 295 339 214 
0.8068 -0.5141 -0.2912 -0.0066 1.56 29.00 70.69 4.93 -8.17 1.82 0.3600 -0.0500 -0.9100 -0.0978 0.0489 -0.0267 4.84 -8.07 2.73 204 292 294 334 215 
0.8049 -0.5278 -0.2706 -0.0200 3.37 25.31 69.25 7.44 -5.78 2.62 3.7700 1.9800 -1.5800 -1.3467 7.3022 1.6733 1.94 -8.80 3.85 181 330 318 356 218 
0.8235 -0.5301 0.1169 -0.1649 23.12 -6.06 65.56 -1.50 -8.42 7.06 0.8100 -0.5500 1.8800 -1.5811 0.7467 1.4222 -2.40 -8.99 3.07 182 361 307 419 221 
0.7471 -0.5670 0.3177 -0.1393 23.44 -19.31 85.25 -4.95 -9.90 -5.71 -0.5000 -0.5700 -6.7900 0.5278 1.4378 -1.2578 -2.44 -9.49 0.16 170 353 351 419 221 
0.7235 -0.5653 0.3124 -0.2435 37.81 -6.44 72.69 2.71 -3.16 -3.50 3.4300 6.2900 -4.9200 6.9911 -2.3800 -1.5544 0.86 -6.93 6.87 177 375 338 419 225 
0.8882 -0.3194 0.0486 -0.3267 40.81 7.75 41.00 8.25 -4.74 14.34 5.3700 3.2500 1.5700 -5.6400 1.6178 1.0144 0.46 -8.76 4.36 173 372 357 419 221 
0.7372 -0.5698 0.2347 -0.2770 41.19 -3.12 81.19 -2.73 -8.85 -15.88 -2.5200 1.4700 -15.2200 3.6733 -1.3689 -0.2667 -0.17 -9.21 3.33 173 367 357 421 223 
0.8395 -0.4404 0.1006 -0.3018 40.38 8.56 45.69 7.79 -2.20 23.50 7.3600 3.9400 17.3100 -0.2067 -0.8256 0.1744 1.93 -6.81 6.77 174 384 359 419 221 
0.8360 -0.4681 0.0576 -0.2805 36.13 7.19 62.31 1.02 -6.18 0.29 -1.0100 2.5600 -5.3500 -3.0378 -0.0178 1.2089 0.34 -9.49 2.43 172 371 349 372 212 
0.7506 -0.6025 0.1569 -0.2213 33.44 3.19 74.00 -2.74 -7.63 -4.12 -3.7300 2.2400 -7.3000 3.9156 -2.3544 -2.4589 2.54 -8.09 4.91 173 319 325 319 208 
0.8470 -0.4213 -0.1265 -0.2984 41.63 35.25 36.00 9.33 1.15 3.14 4.3300 6.6400 0.3300 6.5222 -3.4611 -1.2156 7.62 -0.44 6.15 189 340 349 371 215 
0.8314 -0.1141 -0.4786 -0.2584 33.25 62.88 -10.25 13.45 2.87 7.10 5.5700 2.2700 3.0300 0.9822 -1.9433 0.0844 9.30 0.96 2.94 188 340 349 378 216 
;
0.7747 -0.0769 -0.5953 -0.1988 28.44 71.44 -24.19 8.86 1.12 2.68 0.2600 -0.3800 0.1300 0.0656 0.0444 -0.0722 9.22 1.44 2.98 179 340 348 376 218 
0.7841 -0.0552 -0.5849 -0.2001 28.62 69.81 -25.56 9.09 1.28 2.83 0.1900 -0.2500 -0.2300 -0.0233 -0.0411 -0.0189 9.22 1.46 3.00 176 341 350 378 218 
0.7822 -0.0564 -0.5870 -0.2009 28.31 70.31 -25.94 9.16 1.22 2.79 0.0500 -0.2000 -0.1400 0.0022 -0.1378 -0.0211 9.26 1.44 2.85 180 345 348 376 220 
0.7773 -0.0541 -0.5960 -0.1940 27.75 71.69 -28.06 9.48 1.31 2.74 -0.0500 -0.0500 0.1100 0.1456 -0.6011 0.1400 9.43 1.36 2.28 186 344 351 375 217 
0.7515 -0.0760 -0.6316 -0.1749 27.25 81.87 -20.75 19.06 0.77 4.26 9.9400 0.2200 3.0800 -1.0600 -0.8478 2.3211 9.71 -1.21 0.61 176 355 352 367 218 
0.7293 -0.2441 -0.6323 -0.0933 8.50 71.31 69.87 9.28 -5.07 -4.18 -0.8700 -2.0800 -5.3000 3.2089 -0.1144 2.7689 8.50 -4.42 2.04 175 398 361 419 224 
0.7781 -0.1944 -0.5731 0.1682 330.94 54.13 58.69 2.90 -1.93 -0.22 -3.9700 3.6300 -3.3500 2.4756 0.6444 -0.2633 7.82 -4.25 4.10 172 403 370 429 224 
0.8053 -0.0666 -0.5209 0.2750 321.44 53.50 39.00 7.62 0.44 4.75 -0.6000 3.4200 0.9800 -0.0856 -0.4267 -0.0444 7.97 -3.50 4.50 172 382 367 426 221 
0.8054 -0.0641 -0.5215 0.2744 323.69 52.19 44.25 9.29 -3.06 2.64 1.5200 1.4700 -2.0900 -1.9556 2.3022 -0.2922 7.12 -4.88 4.63 173 378 361 433 227 
0.8561 -0.2330 -0.4406 0.1365 345.62 42.75 46.50 8.65 -5.04 2.64 1.0400 0.0000 -1.3000 -2.6656 1.7878 -0.1411 6.04 -6.27 4.49 181 332 318 381 224 
0.8272 -0.4208 -0.3686 0.0527 352.62 30.19 65.62 -1.85 -9.71 2.72 -5.9600 -1.4500 -0.4200 -1.3133 0.7189 1.1556 3.75 -8.56 2.94 203 346 311 368 222 
0.7958 -0.5513 -0.2469 0.0417 355.12 19.81 74.19 2.62 -9.87 1.51 -0.9800 -0.9600 -0.8300 0.0422 0.2633 -0.3178 3.39 -8.86 2.46 205 341 320 374 220 
0.7990 -0.5576 -0.2252 0.0015 1.50 20.37 71.31 3.55 -6.66 2.38 2.9100 1.3100 -0.5800 0.4289 4.3300 0.0978 2.50 -8.58 4.02 183 392 358 413 220 
0.8523 -0.5014 0.0350 -0.1450 22.69 -1.56 61.50 -0.79 -7.96 5.35 0.5700 0.8200 0.4400 -4.1600 2.5800 1.7789 -2.44 -9.29 1.96 150 394 359 438 221 
0.6945 -0.6029 0.3629 -0.1501 26.44 -19.75 94.81 -5.25 -9.52 -8.07 -1.5800 -0.2800 -7.4300 -0.1089 0.1844 -0.2722 -3.21 -9.17 -1.24 142 367 353 393 217 
0.6884 -0.5995 0.3649 -0.1828 30.37 -13.19 80.19 -0.10 -1.56 -4.03 1.5700 8.1200 -3.7100 7.5289 -2.9500 -2.2356 0.10 -7.47 6.34 150 379 348 415 224 
0.8989 -0.3156 0.0581 -0.2985 37.50 5.50 36.94 6.53 -3.63 20.39 5.2000 3.2700 6.3600 -5.6278 0.9633 0.6256 0.45 -8.18 5.38 149 364 358 410 221 
0.7648 -0.5421 0.2148 -0.2740 40.00 -3.87 78.44 -1.69 -6.81 -12.04 -0.0300 1.9700 -15.3800 0.6600 -0.2611 0.1189 -0.91 -9.68 1.22 147 356 355 408 221 
0.7776 -0.5238 0.2216 -0.2679 37.56 -2.06 59.69 -0.84 -4.20 15.95 -0.3200 2.9700 8.9600 0.0367 -3.3111 -0.9244 1.16 -7.84 5.76 153 348 352 362 218 
0.8585 -0.4340 -0.0031 -0.2732 35.44 18.87 45.06 4.24 -4.01 2.31 0.9800 2.2200 -3.1300 5.4333 -2.4878 -2.6789 5.39 -3.04 7.60 174 355 357 385 219 
0.8940 -0.1548 -0.2969 -0.2976 34.75 41.00 -0.13 8.95 3.51 11.17 2.5600 3.2700 4.9600 1.5867 -1.9022 -0.0178 7.46 1.53 6.16 178 354 358 394 220 
0.8531 -0.0338 -0.4651 -0.2340 30.00 57.38 -18.94 12.02 4.79 7.72 4.5900 3.3500 4.0000 0.1600 0.0656 0.0211 8.55 2.02 4.34 169 347 358 385 221 
;
