0.8344 -0.0095 -0.4349 -0.3384 44.13 47.00 -24.12 7.26 2.72 6.06 0.0700 0.0000 -0.0300 0.0033 0.0244 -0.0022 7.16 2.73 6.10 186 357 364 398 221 
0.8349 -0.0091 -0.4340 -0.3384 44.06 46.94 -24.06 7.47 2.71 6.15 0.5600 0.0400 0.0700 -0.3267 -0.2567 0.5100 7.30 2.43 6.07 181 359 358 387 222 
0.8355 -0.0616 -0.4409 -0.3221 41.56 54.06 -12.00 11.21 1.72 9.30 4.1900 0.9200 4.0800 -1.8700 -2.0033 1.1867 8.81 -0.28 4.29 181 343 357 367 225 
0.7745 -0.2659 -0.5116 -0.2603 33.00 70.00 38.50 11.70 -3.27 1.28 0.2800 -0.9900 -1.6700 0.6489 -0.7567 2.2122 8.92 -3.55 1.96 178 347 368 380 229 
0.7559 -0.3429 -0.5533 -0.0695 4.62 59.88 72.81 6.99 -5.45 -1.48 -2.0400 0.2000 -3.0700 2.6444 0.2667 1.1422 7.98 -5.17 2.36 180 379 369 411 230 
0.7924 -0.2558 -0.5409 0.1191 336.87 53.00 62.25 5.85 -1.53 2.13 -1.9100 3.9800 -0.6500 2.2256 -1.7211 0.6411 7.93 -5.11 2.64 181 386 366 416 228 
0.7375 -0.1221 -0.6020 0.2806 315.44 55.56 66.00 9.47 -2.12 2.23 1.1300 2.2800 0.4600 0.0800 -0.5144 0.3656 8.03 -5.25 1.98 187 375 367 408 231 
0.7035 -0.1276 -0.6278 0.3076 315.25 52.94 73.50 8.90 -4.83 0.76 0.7300 0.8100 -0.9200 -1.6356 1.1900 -0.0344 7.70 -5.84 1.62 194 376 364 419 233 
0.7421 -0.2556 -0.5916 0.1844 336.12 51.69 74.00 7.99 -5.60 -0.09 1.4400 0.8600 -1.5600 -2.1167 2.1422 -0.1322 7.63 -5.89 1.79 184 374 366 416 236 
0.7741 -0.3873 -0.5006 0.0122 2.25 48.81 70.69 8.37 -5.42 0.57 1.3100 1.1500 -1.4000 -1.1322 1.7933 0.8678 6.72 -6.71 2.43 190 336 358 377 231 
0.7828 -0.4760 -0.4003 0.0226 355.31 31.75 71.94 -2.92 -9.49 4.98 -7.4800 -1.2500 1.9700 -1.3811 1.0056 0.5067 4.16 -8.56 2.35 200 349 352 382 231 
0.7726 -0.5757 -0.2663 -0.0258 7.31 27.50 78.69 4.51 -8.98 0.00 0.0700 -0.3300 -1.9400 -0.7078 0.1500 -0.6711 5.00 -8.33 1.27 200 350 361 384 230 
0.7511 -0.5911 -0.2722 -0.1115 19.69 35.38 75.81 1.02 -5.57 -1.29 -4.2000 2.3700 -3.7000 2.9789 0.6500 -2.9756 6.99 -5.81 3.66 186 348 355 356 225 
0.8194 -0.3540 -0.3832 -0.2375 33.81 55.88 29.00 12.13 3.51 8.86 1.1900 4.8800 3.6600 2.1989 1.2511 -2.5089 7.80 0.13 5.93 194 375 363 414 227 
;
0.8364 -0.1082 -0.4365 -0.3133 40.75 57.00 -11.94 16.69 4.17 9.56 4.7000 1.6000 2.3800 -0.7044 -0.5000 0.3944 8.58 0.48 4.70 190 367 352 405 226 
0.8043 -0.1572 -0.4834 -0.3078 42.13 60.63 -5.12 8.08 0.84 4.75 -0.3100 0.3700 0.0900 0.0078 0.0078 -0.0444 8.50 0.46 4.86 187 369 360 402 227 
0.8060 -0.1537 -0.4784 -0.3129 42.06 60.13 -6.50 9.23 0.72 6.86 0.4100 -0.0900 2.4400 1.0367 -0.4556 0.2922 8.60 0.72 4.65 194 387 368 414 230 
0.8137 -0.1508 -0.4888 -0.2760 36.00 62.94 4.19 11.66 -1.72 6.15 3.5800 -1.2800 1.5000 -0.3511 -1.2111 1.6689 8.92 -1.64 3.70 188 410 365 428 228 
0.7866 -0.2788 -0.5252 -0.1663 18.37 66.81 54.63 9.45 -4.45 -0.98 0.3700 -0.6600 -3.8400 1.7844 -3.0944 1.9556 8.70 -4.48 0.56 185 413 368 432 229 
0.7314 -0.2759 -0.6193 0.0731 345.81 59.19 77.81 4.84 -2.85 -1.27 -2.8900 2.7500 -2.2800 3.1167 -0.7056 -0.0256 8.40 -4.71 1.80 191 418 370 431 231 
0.7445 -0.1144 -0.6188 0.2228 324.37 61.31 64.81 8.62 -0.52 2.36 0.2900 3.3300 -0.1100 0.9256 -0.3978 -0.1200 8.68 -4.09 2.00 194 409 374 430 230 
0.7269 -0.0587 -0.6309 0.2650 319.25 62.13 66.50 9.17 -3.09 1.87 0.6400 1.0900 -0.2900 -0.4356 0.2433 0.2767 8.55 -4.46 1.73 198 395 376 421 230 
0.7247 -0.0988 -0.6297 0.2617 321.31 58.25 68.00 10.27 -3.54 1.65 0.8100 1.1300 0.1000 -1.9189 1.6911 0.1089 8.01 -5.15 2.30 195 376 372 425 231 
0.7696 -0.2283 -0.5709 0.1724 338.50 51.69 65.19 8.62 -4.01 0.56 2.5400 1.6500 -2.0600 -3.0578 3.0333 -0.3578 7.20 -5.96 2.95 183 367 366 420 235 
0.8080 -0.4001 -0.4323 -0.0092 5.69 42.63 65.37 4.11 -7.49 2.20 3.6000 3.2800 -0.6100 -0.9344 0.4411 1.6444 5.63 -7.59 2.60 192 327 330 356 228 
0.8060 -0.5299 -0.2614 -0.0369 6.12 22.50 70.25 -3.68 -9.50 0.96 -7.4700 -0.6500 -2.3600 -0.8211 1.2733 0.5622 2.61 -9.05 2.71 196 340 337 366 228 
0.7800 -0.6018 -0.0862 -0.1481 26.62 20.37 73.25 5.84 -9.65 2.15 3.2700 -0.7800 -0.2200 0.0533 0.7344 -0.9189 4.08 -8.45 2.83 193 338 339 366 228 
0.7830 -0.5600 -0.1053 -0.2496 34.81 29.00 63.63 3.37 -6.17 0.25 -1.7000 0.9500 -3.8200 2.9878 -0.6733 -1.8333 5.94 -6.05 4.92 189 344 333 352 225 
;
0.8365 -0.3761 -0.2894 -0.2740 35.00 48.75 33.88 12.67 2.87 8.75 4.1300 4.3900 2.6800 3.1489 1.2267 -2.2144 7.76 -0.75 5.93 198 372 362 402 226 
0.8483 -0.1369 -0.4232 -0.2872 37.44 53.69 -5.06 12.32 5.28 8.47 -0.0700 3.3400 3.7000 -0.3300 0.1011 0.2978 7.71 0.69 6.00 192 369 362 398 227 
0.8443 -0.1233 -0.4319 -0.2922 38.38 53.00 -4.06 7.53 0.85 5.73 -0.2800 0.3800 -0.0800 0.0311 -0.1811 -0.0711 7.87 0.45 5.82 191 365 361 399 227 
0.8383 -0.1208 -0.4467 -0.2884 36.88 57.13 -5.81 9.08 1.01 10.24 2.0800 0.5600 4.9800 -1.3267 -2.1300 0.4556 8.93 -0.07 4.03 191 366 366 413 228 
0.7847 -0.2286 -0.5088 -0.2703 35.75 67.81 21.62 10.84 -3.09 0.03 2.0500 -1.5500 -3.4800 0.1311 -1.4056 1.5611 9.16 -2.58 2.34 186 375 356 416 228 
0.7719 -0.2929 -0.5460 -0.1422 16.81 66.94 52.44 7.44 -2.38 0.01 -1.4800 0.8600 -2.3300 2.3822 -1.1433 0.7189 9.00 -3.14 2.26 184 388 345 417 228 
0.7913 -0.1833 -0.5831 0.0142 355.62 66.44 49.63 7.63 -0.41 1.34 -1.0300 3.0100 -0.6700 1.4556 0.1500 0.3500 8.90 -2.91 2.88 182 395 369 421 229 
0.8075 -0.1154 -0.5694 0.1024 344.56 63.88 43.44 8.90 -0.73 3.87 0.0200 2.1200 0.3800 -0.3422 0.5122 0.0744 8.70 -3.09 3.28 186 392 373 421 230 
0.8014 -0.1273 -0.5734 0.1130 343.06 62.75 50.56 9.65 -2.75 1.57 0.8000 0.6600 -1.2100 -0.4022 -0.3667 0.6789 8.59 -4.02 2.46 185 371 364 420 231 
0.7736 -0.1983 -0.5870 0.1332 341.37 56.06 63.00 5.87 -4.49 2.69 -1.3000 0.9000 -0.3500 -2.0100 1.7244 -0.0611 7.72 -5.30 2.87 187 372 362 421 233 
0.8079 -0.3372 -0.4824 0.0301 358.56 47.19 60.88 7.36 -5.11 2.79 -0.7300 0.5100 -0.9200 -1.4556 2.6167 0.6756 6.22 -6.50 3.88 184 344 351 408 234 
0.8323 -0.4540 -0.3147 -0.0463 4.62 31.81 65.06 5.54 -5.65 3.57 -1.5200 0.9600 0.1800 -2.0856 2.5200 1.0867 4.14 -8.38 2.94 192 340 327 369 231 
0.7909 -0.5728 -0.2019 -0.0751 13.31 23.87 74.37 3.72 -9.68 1.73 0.7400 -0.6200 -0.5400 -0.7878 0.1033 -0.2133 4.06 -8.70 1.97 194 349 338 374 233 
0.7582 -0.6170 -0.1711 -0.1234 18.62 24.62 79.12 3.27 -9.00 -0.15 -1.2800 -0.1500 -2.0200 1.6600 0.1978 -0.9422 4.62 -8.29 2.44 191 343 343 374 232 
0.8091 -0.5209 -0.2167 -0.1645 23.87 33.88 59.25 1.92 -4.67 0.72 -3.7100 1.6400 -3.6300 3.5289 -1.2511 -2.4300 6.87 -4.76 5.12 192 363 351 412 228 
0.8540 -0.2720 -0.3931 -0.2051 28.69 52.88 18.44 9.51 2.30 8.55 4.6600 3.7000 2.2800 1.4900 1.2067 -2.5600 7.56 0.47 6.22 200 401 369 443 229 
;
0.8544 -0.0629 -0.4326 -0.2809 36.31 54.50 -15.19 16.57 6.36 8.21 2.2700 4.2500 6.5300 -1.3444 -0.4522 0.4044 8.25 1.28 5.14 197 378 363 416 222 
0.8226 -0.0963 -0.4836 -0.2829 38.38 58.13 -12.69 8.00 1.48 4.86 -0.2400 0.2600 -0.1500 -0.1089 -0.0822 -0.1167 8.35 1.14 5.00 192 382 363 410 221 
0.8181 -0.0954 -0.4885 -0.2883 38.19 59.13 -16.25 10.02 1.42 8.14 1.8800 -0.2800 4.0800 0.7022 -1.2344 0.3533 8.80 1.65 3.99 198 376 366 416 226 
0.7891 -0.0989 -0.5529 -0.2485 33.81 68.37 -11.56 13.99 -0.17 3.38 3.2800 -0.9200 -1.5100 -1.3022 -0.7011 1.0211 9.28 -0.57 3.10 190 390 362 407 229 
0.7735 -0.2124 -0.5767 -0.1552 16.44 73.25 41.94 9.74 -0.24 -2.69 -0.0100 1.8300 -4.2300 2.7111 0.4033 1.3867 9.15 -2.52 2.44 186 369 362 407 226 
0.8043 -0.1338 -0.5759 0.0594 346.69 63.88 43.25 6.40 0.79 2.92 -2.2100 3.7500 -0.4300 1.6256 -0.0233 0.7489 8.62 -3.16 3.44 183 362 366 398 228 
0.8022 -0.0729 -0.5622 0.1872 331.75 61.38 45.06 9.01 -1.06 2.45 2.0500 2.5600 -0.0100 -0.4222 0.3122 0.5200 8.56 -3.75 2.94 186 350 369 400 231 
0.7865 -0.1113 -0.5715 0.2061 332.56 56.94 50.56 8.42 -3.57 2.56 0.8900 0.7700 -1.1600 -1.3256 1.1700 0.0156 7.92 -4.45 3.68 185 365 369 422 232 
0.8234 -0.2062 -0.5107 0.1368 343.62 50.25 50.69 8.01 -4.65 1.65 1.0200 0.3200 -2.3200 -1.8467 1.9811 0.1500 6.94 -5.42 4.31 182 370 367 424 231 
0.8517 -0.3681 -0.3729 -0.0024 4.81 34.31 57.81 -1.52 -9.21 4.03 -3.1600 -1.2000 1.2600 -2.2033 1.1733 1.3822 4.09 -8.17 3.54 196 317 330 360 229 
0.8065 -0.5446 -0.2260 -0.0440 7.69 23.62 71.69 2.68 -8.40 3.61 -0.1200 0.2800 0.5600 -1.3200 0.4300 -0.4822 4.01 -8.68 2.16 202 334 331 369 230 
0.7608 -0.6118 -0.1855 -0.1122 18.56 25.31 79.31 3.78 -8.99 -0.61 -0.8400 -0.1300 -1.9800 0.0978 0.0578 -0.7300 4.64 -8.48 1.58 199 330 336 366 232 
;
0.7581 -0.5948 -0.2036 -0.1733 28.06 33.44 71.19 2.04 -6.03 -0.34 -3.6400 1.4800 -3.6200 3.3456 -0.2200 -2.1411 6.54 -5.94 4.24 189 334 335 344 226 
0.8263 -0.3708 -0.3372 -0.2570 35.94 51.44 33.75 11.68 0.47 6.37 2.6700 2.8600 1.6100 1.6211 0.7578 -1.9133 8.00 -1.33 5.49 192 354 350 375 226 
0.8082 -0.2161 -0.4471 -0.3165 44.13 61.94 4.12 14.24 1.56 4.16 5.6900 1.7300 0.0100 0.7367 0.2344 -0.6744 8.71 0.39 4.47 189 354 346 372 216 
0.7925 -0.1743 -0.4783 -0.3358 46.06 62.06 -4.37 9.69 0.69 4.84 0.9000 0.2700 0.5100 0.5900 0.1011 -0.0978 8.69 0.54 4.50 186 360 349 375 220 
0.7866 -0.1512 -0.5108 -0.3122 41.94 65.12 -11.56 12.66 0.52 7.06 4.8300 -0.6000 2.9100 -0.7811 0.1456 0.6878 8.97 0.28 3.94 186 361 355 392 222 
0.7951 -0.2065 -0.4938 -0.2853 37.56 64.37 13.38 10.44 -1.54 1.98 1.2100 -0.1800 -2.4200 0.5289 -1.7422 2.1433 8.97 -2.25 3.23 187 370 358 394 221 
0.7741 -0.2782 -0.5551 -0.1232 11.50 68.25 61.31 9.59 -2.01 -2.03 -0.0900 1.8100 -3.5200 2.4711 0.4344 0.7822 8.90 -3.51 2.12 187 365 359 398 224 
0.7939 -0.1874 -0.5754 0.0587 347.94 62.31 52.06 6.35 -0.50 2.28 -1.9400 3.1200 -0.5100 1.3422 0.1467 0.5800 8.51 -3.63 3.23 185 368 365 398 231 
0.8040 -0.1144 -0.5610 0.1609 335.62 59.81 47.13 8.63 -0.16 4.26 0.8400 3.3300 1.2200 -0.4678 0.0278 0.2800 8.47 -3.87 3.06 185 360 358 404 231 
0.7952 -0.1453 -0.5641 0.1685 336.37 57.00 54.44 10.17 -4.19 1.24 2.1900 0.7400 -1.2300 -0.7878 1.1544 0.5378 7.79 -4.85 3.42 189 367 359 423 231 
0.8223 -0.2410 -0.5003 0.1246 344.69 48.25 54.44 7.91 -4.75 2.65 0.5800 0.5300 -1.0800 -1.5244 1.4400 0.0089 6.77 -5.83 4.01 181 365 359 419 232 
0.8436 -0.3448 -0.4088 0.0491 355.50 39.25 55.81 5.93 -5.33 3.81 -0.4000 1.6700 -0.1900 -1.7189 0.7933 0.1278 5.75 -6.93 3.87 181 345 335 370 231 
0.8207 -0.4647 -0.3318 -0.0184 4.19 32.50 67.00 4.13 -6.75 3.46 -0.9400 1.3000 -0.1600 -2.2211 1.0589 0.2422 4.92 -8.12 2.41 191 347 330 373 229 
0.7662 -0.5833 -0.2499 -0.1015 17.50 30.69 78.19 5.21 -9.49 -0.65 0.0500 -1.2700 -2.1400 -0.2067 0.0289 -0.3867 5.25 -8.13 1.53 192 352 339 378 229 
0.7510 -0.5906 -0.2570 -0.1451 22.56 35.19 75.44 4.46 -6.80 0.58 -1.7900 1.5200 -1.8100 2.2811 0.9689 -1.2578 6.12 -6.74 3.62 184 348 346 368 227 
0.8266 -0.4401 -0.2784 -0.2132 30.87 41.88 47.31 3.57 -4.18 1.97 -1.9100 0.9500 -2.8000 2.3644 -0.2733 -2.4933 7.56 -2.88 5.53 191 359 355 384 225 
;
0.8264 -0.2422 -0.4092 -0.3015 41.81 55.75 8.88 10.13 1.57 6.16 3.4000 2.4500 1.1500 0.9344 -0.8789 -0.8200 8.42 0.15 5.02 194 366 353 407 226 
0.8011 -0.1607 -0.4810 -0.3179 43.25 59.63 -8.75 10.80 3.02 6.18 3.1300 3.6000 2.7700 0.3667 0.6122 0.2389 8.09 1.02 5.43 186 365 344 397 222 
0.8168 -0.1263 -0.4677 -0.3134 42.44 57.69 -9.25 8.09 0.98 4.26 -0.1300 0.0200 -0.5200 -0.0011 0.0133 -0.1989 8.26 0.95 5.19 184 365 354 401 222 
0.8120 -0.1159 -0.4747 -0.3195 41.88 58.94 -14.81 11.39 1.10 8.73 2.9100 0.5600 4.1400 -0.5700 -0.7811 0.3178 8.71 1.12 4.35 187 361 360 400 224 
0.8027 -0.1533 -0.4897 -0.3039 41.31 60.50 -1.37 14.20 -0.42 3.56 4.5100 -0.5400 -2.7600 0.2256 0.3656 1.9267 8.26 -1.01 5.18 183 366 337 403 225 
0.8528 -0.2007 -0.4337 -0.2103 23.12 54.50 18.94 6.36 -1.45 0.49 -1.6200 0.8200 -4.7700 2.1122 -1.0011 1.8589 8.04 -2.28 5.12 171 362 339 399 225 
0.8687 -0.1264 -0.4786 0.0215 354.12 55.00 24.81 4.94 0.70 3.76 -3.1500 3.0200 -1.4000 1.7956 -0.2356 1.0011 7.87 -2.23 5.39 173 367 368 401 227 
0.8687 -0.0444 -0.4712 0.1461 339.37 53.81 20.69 8.01 0.33 5.50 0.3200 2.6100 0.1300 0.1656 -1.0533 0.4311 8.14 -2.22 4.98 178 367 363 395 229 
0.8570 -0.0509 -0.4851 0.1662 338.44 54.00 26.00 9.02 -1.57 4.27 0.9300 0.7900 -0.8100 -1.1378 1.0922 -0.2078 7.52 -2.94 5.55 183 367 361 399 229 
0.8793 -0.1251 -0.4443 0.1171 347.00 47.69 29.75 8.26 -1.90 4.81 1.2500 1.6300 -1.0200 -1.9478 1.3256 -0.6922 6.84 -3.69 5.96 173 364 362 411 230 
0.8965 -0.2294 -0.3788 0.0129 0.25 40.50 36.25 6.16 -3.92 5.01 -0.0500 0.4700 -0.4500 -2.2067 0.7011 0.1156 5.89 -5.35 5.72 173 326 341 373 233 
0.8732 -0.3762 -0.3060 -0.0485 8.94 33.06 52.38 3.84 -6.40 4.86 -0.8400 0.5600 0.1400 -1.7933 1.1011 -0.0989 4.99 -7.14 4.48 187 343 333 360 229 
0.8277 -0.4973 -0.2208 -0.1375 21.19 30.44 64.50 4.94 -8.97 0.92 -0.2800 -1.3700 -2.5100 -1.4122 0.4456 -0.7678 5.29 -7.73 2.88 185 344 331 364 230 
0.7659 -0.5691 -0.2086 -0.2145 32.75 35.13 71.37 5.01 -7.60 0.04 -1.1400 0.5400 -2.5700 1.5122 0.3200 -0.6144 5.89 -7.02 3.46 183 334 336 354 226 
0.8025 -0.4882 -0.2214 -0.2618 38.63 38.25 50.63 3.32 -5.77 1.38 -2.0500 -0.0300 -2.9200 2.7933 -0.0056 -1.6589 6.51 -4.15 6.03 185 354 345 372 225 
;
0.8444 -0.2853 -0.3137 -0.3275 42.31 49.25 17.62 11.20 1.94 5.73 5.0800 3.7300 0.5800 1.4211 -0.2700 -1.7244 8.03 -0.27 5.61 195 370 350 406 225 
0.8163 -0.1556 -0.4280 -0.3553 48.25 51.75 -7.69 8.14 3.31 7.09 0.3500 2.3900 1.2800 1.0400 -1.7444 0.1422 8.01 1.34 5.49 185 368 353 407 223 
0.7964 -0.1406 -0.4735 -0.3489 47.50 59.13 -11.06 8.96 1.54 4.09 0.4700 0.4800 -0.9900 0.0789 -0.0067 -0.1011 8.44 1.01 4.88 183 366 353 400 225 
0.7911 -0.1390 -0.4823 -0.3494 46.94 59.63 -14.69 9.98 1.41 7.25 2.0300 0.0900 2.8300 0.7333 -0.2078 0.0111 8.55 1.47 4.56 191 366 358 405 227 
0.7915 -0.1345 -0.4954 -0.3318 45.44 61.00 -9.06 12.69 0.28 5.50 3.9200 -0.6900 -0.2200 -0.7567 -0.1500 0.7989 8.63 -0.11 4.64 189 383 350 413 229 
0.8087 -0.2040 -0.4722 -0.2856 34.38 61.69 11.00 11.53 -0.53 0.40 1.9500 0.8300 -4.5900 1.5978 0.8000 2.1411 8.23 -1.74 5.03 192 389 356 413 227 
0.8705 -0.1622 -0.4568 -0.0855 4.19 55.69 23.50 6.29 1.21 2.82 -2.1500 3.7800 -2.0000 2.2433 -0.7600 1.8778 8.00 -2.63 5.00 185 371 360 411 227 
0.8635 -0.0879 -0.4816 0.1212 342.12 53.56 25.50 4.01 0.31 6.62 -2.3500 2.6400 0.9200 -0.0944 -0.3389 0.1078 8.03 -2.44 5.06 185 371 365 423 229 
0.8604 -0.0665 -0.4867 0.1360 342.50 55.38 25.56 10.23 -1.55 3.76 1.8600 0.8000 -1.0000 -0.3267 0.0489 0.1356 8.05 -2.54 4.97 185 383 366 434 231 
0.8521 -0.0858 -0.5004 0.1276 343.00 56.56 31.87 9.58 -2.16 3.71 1.3600 0.8600 -1.5000 -1.5144 0.3456 0.8022 7.87 -3.82 4.40 186 372 367 429 233 
0.8602 -0.2146 -0.4553 0.0821 353.44 46.81 44.38 7.65 -4.15 2.77 0.7000 1.2400 -1.4400 -1.9733 1.0489 0.2311 6.65 -5.56 4.57 177 336 336 394 232 
0.8524 -0.3692 -0.3701 -0.0135 0.94 38.19 55.94 5.72 -4.82 3.96 -1.5800 1.5700 -0.2200 -1.6100 1.4911 0.4367 5.35 -7.09 4.15 185 329 338 379 231 
0.8314 -0.4752 -0.2841 -0.0462 8.69 30.12 65.37 3.71 -8.10 1.66 -0.2200 0.2100 -2.0600 -1.8967 1.0500 -0.2878 4.83 -8.11 2.61 186 340 325 365 229 
0.7733 -0.5781 -0.2204 -0.1390 23.12 30.94 76.06 5.77 -9.68 0.38 0.6000 -1.3000 -1.6000 -0.5911 0.2022 -0.4678 5.30 -8.06 1.72 191 345 327 369 229 
;
