0.8165 -0.0924 -0.4660 -0.3281 43.75 55.25 -15.75 8.05 1.48 5.37 0.0100 0.0000 0.0100 -0.0033 -0.0078 -0.0044 8.06 1.51 5.37 194 360 343 389 210 
0.8161 -0.0925 -0.4665 -0.3284 43.81 55.25 -15.88 8.03 1.51 5.42 -0.0200 0.0200 0.0400 0.0011 -0.0067 -0.0222 8.06 1.54 5.36 194 360 344 387 209 
0.8143 -0.0929 -0.4691 -0.3289 44.00 56.00 -16.37 8.23 1.79 5.56 0.0700 0.2000 0.3900 0.0211 -0.6100 0.1478 8.33 1.50 4.94 194 360 341 389 210 
0.7992 -0.1095 -0.4992 -0.3165 42.81 61.50 -15.31 12.64 2.50 8.02 4.2900 1.4700 3.6500 -0.9611 0.1922 0.5322 8.65 0.61 4.56 190 366 346 387 216 
0.7921 -0.1985 -0.4940 -0.2986 39.06 65.94 11.50 12.30 -2.08 4.31 2.7700 -1.1600 -0.2500 -0.3600 -0.4411 2.3522 8.82 -2.53 3.45 186 367 347 388 221 
0.8080 -0.3137 -0.4683 -0.1714 19.50 57.19 45.81 6.30 -4.26 0.95 -2.4000 0.2000 -2.6400 1.7156 -0.4611 1.7422 7.76 -4.46 3.98 175 379 349 397 222 
0.8414 -0.2753 -0.4650 0.0077 354.37 50.75 48.50 6.02 -1.18 2.70 -2.1500 3.4900 -1.3500 1.8311 -0.3489 0.8044 7.45 -4.51 4.50 176 391 357 406 224 
0.8436 -0.1885 -0.4843 0.1356 340.87 50.25 44.50 7.35 -2.03 4.42 -0.4900 1.9200 -0.2600 -0.4289 -0.5856 0.1444 7.64 -4.56 4.10 185 376 346 409 225 
0.8358 -0.2137 -0.4918 0.1176 346.44 49.38 47.38 7.39 -4.42 4.03 0.1000 0.3900 -0.5900 -1.7067 1.0500 -0.5289 7.22 -4.94 4.42 190 369 331 419 227 
0.8444 -0.3243 -0.4260 -0.0184 7.37 46.63 53.88 7.40 -5.86 4.16 -0.9200 -0.3500 -0.2100 -2.4333 0.1400 -0.5989 7.25 -5.87 2.99 185 320 302 393 226 
0.7831 -0.4749 -0.3812 -0.1259 17.00 42.94 69.31 5.62 -5.90 2.50 -1.4700 0.4300 0.1700 -1.1244 1.1400 1.4133 5.61 -7.62 2.52 192 331 295 384 226 
0.7789 -0.5640 -0.2499 -0.1135 17.12 29.81 75.69 1.44 -10.46 0.96 -2.8500 -1.8700 -0.8700 -0.7867 0.3756 -0.1889 4.84 -8.37 1.60 197 341 299 386 227 
0.7443 -0.6115 -0.2244 -0.1473 22.94 31.81 79.94 4.98 -8.28 1.58 -0.1100 -0.1900 0.1200 0.2311 -0.0856 -0.2722 5.38 -8.05 1.50 205 322 310 357 219 
0.7628 -0.5890 -0.1965 -0.1808 31.50 27.44 70.87 4.04 -9.12 0.02 -1.2000 0.0800 -4.1100 -0.1167 8.8556 1.5311 1.43 -8.55 4.57 211 217 232 235 146 
0.7696 -0.4064 0.2660 -0.4146 59.19 -9.94 56.69 -2.43 -8.27 7.24 -1.3200 -1.0300 1.1700 -0.1078 5.2411 2.0578 -4.56 -7.56 4.25 213 182 197 193 114 
0.7049 -0.2103 0.5269 -0.4258 61.69 -36.94 65.56 -5.43 -7.34 3.95 1.3500 -0.7300 0.5800 -0.1578 0.3078 0.9222 -6.77 -6.57 2.63 214 177 195 185 112 
0.7072 -0.1482 0.5867 -0.3656 51.75 -47.19 64.81 0.86 -3.48 1.08 8.1500 2.4300 -2.2700 1.0589 -2.4289 2.2367 -7.48 -4.64 4.30 212 181 198 187 113 
0.8451 -0.0596 0.4620 -0.2623 32.25 -45.56 24.62 -14.23 -2.16 12.10 -7.8000 0.1600 5.7400 0.4511 -1.4622 -0.2978 -6.20 -2.38 7.20 213 188 204 192 116 
0.8968 -0.0451 0.3498 -0.2671 34.19 -36.38 20.81 -4.96 -3.42 8.60 0.6400 -0.3200 0.7000 -0.1089 -0.0089 -0.1222 -5.74 -3.01 7.35 213 198 215 199 125 
0.8927 -0.0610 0.3432 -0.2857 36.38 -34.19 21.12 -4.72 -3.09 5.94 0.5700 -0.5100 -1.8100 2.4889 -3.2078 -1.9344 -3.69 -2.18 8.81 205 280 270 266 173 
0.9066 -0.0293 0.0855 -0.4124 51.00 1.94 3.06 3.06 -0.46 8.37 1.5200 0.0000 -0.8300 1.8767 -6.2144 0.0456 4.72 0.93 8.53 210 354 329 381 210 
0.8414 -0.0925 -0.3764 -0.3766 46.38 52.56 -11.81 8.79 1.13 6.33 0.2900 0.1000 0.5600 0.2322 -2.7800 0.8811 9.00 0.78 3.81 202 361 335 399 212 
0.7773 -0.1544 -0.5286 -0.3043 43.06 66.12 -12.38 9.78 1.05 4.83 0.6200 0.0100 0.3000 0.2444 -0.0733 -0.0567 9.03 0.88 3.70 190 358 341 399 213 
;
