0.6527 0.4136 0.1407 0.6190 272.87 18.87 -50.38 6.10 9.15 7.71 3.3600 2.1700 2.5600 2.3056 0.1044 1.4567 3.71 7.80 4.63 184 389 363 423 231 
0.5225 0.5411 0.1705 0.6366 250.56 38.25 -67.69 16.30 8.49 3.63 9.1400 2.2100 1.5500 0.9500 0.4011 6.0833 8.48 4.19 2.56 181 416 376 418 235 
0.1417 0.6195 -0.0140 0.7720 184.25 81.56 11.44 9.98 0.19 -2.94 -0.8700 1.1800 -4.3900 5.0156 -0.1489 2.5856 9.35 -2.67 1.22 187 435 386 423 232 
-0.2811 0.6064 0.0523 0.7420 135.62 65.37 33.75 3.38 2.48 -1.07 -4.6900 5.2700 -3.9700 2.3933 1.0833 0.5733 8.40 -1.67 4.75 193 441 389 429 236 
-0.3997 0.4626 0.1385 0.7791 125.00 55.44 16.62 7.18 6.21 4.84 -0.5200 8.1900 -0.1300 -2.0811 -0.2378 -0.4044 8.18 -2.10 4.96 187 419 361 416 227 
-0.3024 0.5221 0.0096 0.7974 146.19 58.00 44.88 16.03 2.44 -10.09 10.1800 3.8100 -15.2900 -4.3500 0.7867 3.2433 7.40 -6.24 1.53 184 253 242 324 215 
-0.2006 0.4982 -0.4331 0.7238 149.75 28.00 81.44 -12.12 -17.29 -0.09 -15.1900 -8.7500 -0.4900 -1.3900 2.5433 -0.6000 3.75 -9.01 0.95 182 271 253 338 210 
-0.0714 0.3697 -0.5615 0.7369 172.56 30.81 84.37 2.92 -7.71 1.22 -2.0400 0.6900 0.2800 -1.0478 -0.8222 -1.3222 6.03 -7.72 -0.13 162 270 261 332 212 
0.0372 0.4579 -0.5635 0.6865 190.06 45.31 95.06 21.86 -4.17 -6.20 16.5000 2.9500 -6.5900 -0.2189 4.6767 2.2567 6.27 -7.47 0.95 170 334 307 380 227 
0.0912 0.1705 -0.6365 0.7467 194.87 9.56 86.25 -4.19 -3.53 -3.69 -6.9400 6.2100 -5.4400 -4.9300 5.3711 6.1178 -2.44 -8.93 -3.22 143 299 298 337 217 
0.0802 -0.3775 -0.7510 0.5357 199.87 -14.63 112.94 -9.50 -1.49 -13.00 -7.0800 8.1400 -11.0100 6.7944 2.7011 -3.3711 0.30 -9.77 0.69 142 328 303 354 228 
0.4640 -0.2271 -0.4598 0.7224 248.25 6.56 52.63 13.89 0.42 37.48 10.9000 4.8700 25.0700 -4.2989 -0.6456 1.0678 1.30 -8.89 3.92 160 348 314 377 228 
0.3682 -0.2822 -0.6203 0.6324 239.31 4.31 94.31 -7.74 -0.04 -22.01 -9.0700 5.1800 -27.0000 -0.4867 0.9478 -0.9611 1.03 -9.16 -3.34 158 331 307 380 229 
0.4315 -0.2899 -0.6196 0.5881 257.31 11.94 70.56 0.91 -3.54 26.70 2.9200 0.2300 17.2600 0.7722 -2.9122 -0.7089 2.97 -8.27 4.34 158 336 312 355 220 
0.4800 -0.1101 -0.5487 0.6756 246.00 23.62 67.50 2.88 -14.29 -3.00 -0.7500 -4.1800 -6.2300 6.1256 -5.6322 0.7889 5.16 -6.93 4.61 143 258 178 181 137 
0.1740 0.2720 -0.3871 0.8636 197.50 35.69 36.75 7.21 -1.83 6.48 3.0800 1.2100 -1.2100 6.0389 1.2856 1.0800 4.40 -1.45 8.64 163 224 177 187 144 
-0.0063 0.2155 -0.0408 0.9756 174.31 23.75 2.81 4.57 3.38 7.95 0.3700 3.6400 -1.1800 1.3856 0.3778 2.4822 3.60 -0.05 9.11 163 204 180 196 146 
-0.2043 0.1869 0.0405 0.9600 154.00 22.37 -0.06 1.90 4.25 9.35 -1.5200 3.8700 0.2200 -0.3444 0.2522 0.1556 3.65 -0.22 9.09 167 200 187 192 148 
-0.2183 0.1821 0.0110 0.9587 158.25 18.81 4.69 5.55 2.01 8.26 4.7400 1.9000 -0.6400 -1.9544 1.9211 -3.3178 1.92 -1.50 9.49 149 201 191 198 148 
0.0142 0.0508 -0.1201 0.9913 183.75 4.62 16.62 4.35 -4.68 8.01 2.4200 -2.3700 -2.0300 -2.1756 2.3500 -0.3156 -0.34 -4.16 8.87 148 196 208 207 154 
0.0474 -0.0501 -0.2357 0.9694 184.56 -5.31 27.75 -5.07 -6.17 8.38 -4.0800 -0.6600 0.1500 -0.1478 0.9622 -0.6067 -1.31 -4.66 8.52 149 207 217 210 161 
0.0608 -0.0618 -0.2366 0.9677 186.31 -2.75 27.31 -3.08 -4.62 2.99 -3.6900 0.0200 -6.6300 0.0900 -3.6011 -0.6733 1.77 -4.37 8.59 160 209 221 219 162 
0.0727 0.1877 -0.2272 0.9528 193.62 31.31 22.94 2.59 2.57 0.22 -0.3500 7.1800 -5.0800 2.6778 -0.5511 -7.3022 6.45 1.06 7.30 177 292 288 297 207 
;
