-0.4610 0.2695 0.3871 0.7516 116.06 53.88 -35.19 15.28 3.48 9.15 6.7100 -0.2900 1.4100 0.7789 -1.6767 1.6722 9.06 2.48 2.80 234 460 399 473 272 
-0.5169 0.4007 0.4976 0.5698 90.19 79.31 -35.81 11.91 -0.66 -3.59 1.0100 -0.7800 -5.4900 2.8200 0.7422 2.2911 9.65 -0.66 1.58 236 471 409 479 275 
-0.6859 0.3604 0.5277 0.3480 47.06 75.00 35.06 4.49 3.65 0.10 -5.2400 5.9600 -1.6400 2.5456 1.4067 0.9367 9.09 -1.66 3.26 237 476 401 481 274 
-0.7996 0.2435 0.5056 0.2141 27.31 64.25 24.75 6.81 5.60 5.78 -1.3300 7.5400 2.0100 -0.8144 0.1856 0.5778 8.64 -2.39 3.95 243 485 408 490 283 
-0.8124 0.2957 0.4634 0.1944 28.62 58.31 40.56 10.05 0.35 0.69 2.4300 3.3500 -3.6200 -2.6911 0.6467 0.9033 7.95 -4.58 3.42 238 390 393 429 275 
-0.7079 0.5595 0.3502 0.2514 39.81 46.94 91.31 8.31 -5.91 -4.06 -3.1800 -1.2600 -1.8500 -2.6811 2.8700 2.7544 5.51 -8.04 -1.01 238 349 333 400 275 
-0.6208 0.7369 0.1223 0.2380 44.63 29.25 98.06 -1.71 -11.67 -2.83 -4.8600 -2.6200 -1.1500 -0.6344 0.1589 -0.2156 4.98 -8.30 -1.54 249 371 352 412 279 
-0.5695 0.7615 0.0571 0.3041 57.50 32.63 101.69 4.69 -7.53 -1.50 -1.2400 0.7800 0.4200 -0.4756 -0.2078 -0.0811 5.36 -7.96 -1.97 253 380 365 434 282 
-0.5434 0.7820 0.0706 0.2971 56.69 33.06 106.44 5.09 -9.52 -3.47 -1.4000 -1.7800 -0.7600 3.8456 0.9800 -1.0833 5.86 -7.85 -0.31 281 461 413 479 286 
-0.6271 0.7078 0.1988 0.2574 43.94 38.13 103.62 4.26 -0.52 0.58 -2.6400 6.7700 3.3300 -4.1678 -3.5344 -0.3622 5.42 -6.23 -5.28 273 370 346 356 274 
-0.3251 0.8978 0.2603 0.1434 149.44 20.50 153.87 3.57 2.27 -11.71 0.8100 3.8100 -7.7100 -3.8778 -0.2822 0.2978 2.58 -1.30 -9.36 269 358 340 382 282 
-0.0875 0.9546 0.2427 0.1487 150.50 20.94 174.12 7.06 -3.67 -10.96 2.8500 -1.8700 -0.9400 0.3100 0.8678 0.1167 4.07 -1.15 -8.84 272 374 349 392 284 
-0.1226 0.9382 0.2482 0.2078 149.37 28.87 171.31 1.83 0.73 -10.77 -3.6900 2.0200 -2.9300 1.9900 2.3156 -2.0656 6.26 -1.51 -7.39 271 418 374 412 283 
-0.3129 0.7874 0.3599 0.3907 100.94 71.31 145.81 4.41 -2.34 -3.73 -5.3400 0.4500 -2.1200 3.0567 6.7756 -3.2767 9.45 0.52 2.56 277 448 392 480 283 
-0.5321 0.3085 0.3918 0.6842 105.31 47.50 -24.12 2.55 4.24 8.35 -0.3700 2.4300 3.5500 -0.4500 4.5200 -1.3878 4.48 3.36 8.04 273 444 409 455 265 
;
