0.4385 -0.3827 -0.3990 -0.7086 116.50 63.25 -30.69 8.81 2.14 3.67 -0.0200 -0.2200 0.0900 0.1356 -0.0800 -0.0200 8.79 2.30 3.67 183 314 299 305 175 
0.4334 -0.3917 -0.4322 -0.6870 114.12 69.50 -47.81 19.04 3.02 6.49 12.1800 -0.4600 4.1000 0.4589 -0.4033 1.2056 9.58 1.81 1.04 184 385 339 384 216 
0.4680 -0.4885 -0.4719 -0.5654 93.94 86.37 0.00 13.61 -1.74 -4.54 1.8100 -1.1900 -7.1200 2.0233 0.5822 2.1267 9.61 -1.63 1.03 184 414 354 424 220 
0.6584 -0.4507 -0.4360 -0.4163 57.25 68.75 44.38 4.79 1.72 -1.72 -5.0000 4.3300 -4.4700 2.7233 1.7478 1.1989 8.51 -2.61 4.09 190 424 366 434 221 
0.8156 -0.2926 -0.4147 -0.2779 34.25 56.00 24.81 5.54 2.89 4.53 -2.0500 5.4100 -0.0800 0.8533 0.0933 0.5711 8.03 -2.21 5.17 197 422 366 434 222 
0.8466 -0.2526 -0.4149 -0.2175 29.75 54.19 27.69 9.54 1.56 5.17 2.2000 4.4000 -0.2300 -3.0978 0.1300 -0.2711 7.95 -3.57 4.47 193 369 332 396 222 
0.7734 -0.4318 -0.3287 -0.3276 50.44 50.06 53.38 7.52 -4.23 0.14 -0.9100 0.0000 -3.7600 -4.0044 1.3167 0.2233 7.05 -6.32 2.55 182 287 276 363 221 
0.6600 -0.6297 -0.1216 -0.3914 59.88 37.63 79.19 2.24 -10.12 -0.46 -3.3000 -2.3300 -1.2800 -0.8056 0.9911 0.9811 4.87 -8.43 1.13 198 317 283 363 223 
0.6550 -0.6694 -0.0098 -0.3505 55.44 28.50 83.19 2.13 -8.53 1.02 -2.5500 0.3700 -0.1000 -0.5089 0.0444 0.2278 4.53 -8.66 0.77 189 347 249 288 194 
0.6420 -0.6881 0.0098 -0.3380 55.94 27.25 87.94 -0.42 -7.07 -3.99 -4.3700 1.2100 -4.0700 0.0322 -4.3411 -1.6478 5.22 -8.24 -0.96 154 409 199 198 126 
0.5698 -0.7692 -0.1821 -0.2247 36.13 33.69 113.12 13.73 -8.89 -7.24 8.0300 -1.1600 -3.5500 1.5756 -1.7378 -0.5533 5.44 -7.46 -3.27 156 421 190 196 129 
0.5871 -0.7226 -0.3536 -0.0903 13.31 32.63 107.87 7.36 -7.11 -4.08 2.7500 1.0000 -2.5600 4.5444 0.8389 -0.3733 5.53 -8.08 0.44 145 425 197 209 135 
0.7006 -0.5746 -0.4229 0.0042 0.75 34.81 92.50 3.99 -8.31 -0.33 -2.4300 -1.8300 -1.4800 -1.7367 -0.1089 -0.2889 5.56 -8.03 -0.86 133 424 206 211 137 
0.7313 -0.5795 -0.3505 -0.0801 7.87 37.50 86.75 7.18 -5.08 3.90 -0.5800 1.7200 0.9900 -1.6267 2.3956 0.0878 5.75 -7.91 0.56 151 416 209 218 143 
0.6874 -0.6260 -0.3495 -0.1154 25.19 42.25 95.75 2.91 -2.89 0.48 -4.2700 3.8300 1.4800 -1.8022 1.9600 -3.7022 8.34 -5.09 -0.75 164 375 253 257 177 
0.5882 -0.5480 -0.3791 -0.4584 86.00 74.00 35.31 15.19 0.42 0.08 6.8400 1.3900 -3.1300 -0.1911 0.5067 -2.2033 9.37 0.43 2.82 175 347 310 347 199 
;
