0.8436 -0.0280 -0.4738 -0.2513 33.19 54.50 -19.12 7.98 1.79 5.34 0.0100 -0.0400 -0.0100 -0.0011 -0.0567 0.0144 8.00 1.86 5.34 178 352 343 380 206 
0.8415 -0.0302 -0.4781 -0.2497 32.50 55.75 -18.25 8.93 2.62 8.04 0.7400 2.4200 4.4800 -1.6544 -1.0278 1.2544 8.49 0.49 4.87 182 353 330 377 208 
0.8326 -0.1940 -0.4595 -0.2409 33.88 55.69 22.12 11.67 1.30 6.13 2.6700 3.2100 -0.9500 -5.5433 1.7867 2.2389 6.77 -5.36 4.63 176 334 340 390 210 
0.7850 -0.5242 -0.1765 -0.2791 38.56 28.19 66.19 4.85 -5.82 -0.28 0.6900 2.8400 -3.7000 -3.0900 3.4589 2.6600 2.02 -9.31 2.31 167 344 345 409 212 
0.7007 -0.6353 0.1900 -0.2631 41.44 -0.06 87.19 -1.88 -6.60 -3.92 -0.9800 2.9200 -4.2500 -1.5833 1.2167 1.3489 -1.21 -9.67 -1.07 169 349 345 411 214 
0.6221 -0.6512 0.3636 -0.2383 41.94 -7.81 94.69 -2.62 -6.41 -6.87 -1.3000 3.4100 -6.6400 3.2456 -1.1567 -1.4700 -0.45 -9.70 1.32 167 347 344 406 214 
0.7639 -0.5311 0.1708 -0.3244 47.25 11.13 57.31 4.54 -1.64 7.99 3.5100 6.8500 9.6200 4.9133 -1.5722 -1.1500 3.63 -4.90 7.67 172 369 356 429 220 
0.8591 -0.3214 -0.0647 -0.3929 49.44 20.31 38.56 8.71 -2.95 14.35 4.4100 5.0600 3.1400 -6.3556 2.2311 1.5467 1.86 -8.62 4.26 171 362 353 426 219 
0.6825 -0.6006 0.2394 -0.3409 53.38 2.06 88.56 -1.27 -4.19 -14.83 -1.4900 4.0700 -17.1600 -0.7656 -0.2267 0.1956 -0.01 -9.76 -0.93 167 339 348 407 217 
0.6890 -0.6006 0.2467 -0.3222 49.63 7.37 69.12 2.76 2.42 -0.78 1.5900 10.7500 -3.9400 8.2578 -2.5811 -2.0011 3.84 -5.04 7.47 168 356 347 430 221 
0.8741 -0.2538 -0.1764 -0.3745 46.31 31.87 16.94 11.01 -1.38 22.41 4.6300 0.3700 12.8100 -1.2600 -2.2544 0.8622 6.12 -2.88 7.09 163 360 259 248 168 
0.8340 -0.3655 -0.2843 -0.3000 32.69 48.44 52.00 9.52 -9.09 -4.57 1.7400 -1.8700 -7.4600 2.6267 -5.8400 2.7100 7.11 -6.68 0.97 123 398 175 188 127 
0.7596 -0.3927 -0.5113 0.0858 343.50 45.50 71.37 3.80 -4.36 1.83 -1.9300 2.1900 -0.2600 2.7300 0.6189 -0.9022 7.35 -5.43 3.53 114 399 175 188 126 
0.8231 -0.1929 -0.5078 0.1653 336.12 51.31 45.88 8.18 -0.15 4.54 0.8500 4.0400 0.2200 0.9556 0.1478 -0.1500 7.70 -3.87 4.67 117 399 180 190 128 
0.8394 -0.1302 -0.4897 0.1964 335.62 48.31 41.06 6.41 -2.49 4.71 -0.0200 2.0400 -0.3600 -2.2233 1.1322 -0.1678 6.92 -4.96 4.84 118 410 190 195 131 
0.8547 -0.2791 -0.4253 0.1037 348.50 39.31 51.31 4.93 -7.28 2.37 -0.2700 -0.8500 -1.6200 -1.5144 2.4656 0.5444 4.99 -6.74 5.06 122 416 198 198 131 
0.8768 -0.4072 -0.2543 0.0259 357.69 22.12 53.81 -0.21 -9.75 4.45 -2.4600 -1.5000 0.3300 0.1389 0.3489 0.2522 2.96 -7.51 5.56 125 413 200 199 135 
0.8872 -0.4434 -0.1268 -0.0137 1.94 13.56 53.81 1.11 -5.55 6.98 -0.9600 3.4400 1.2000 -1.5767 1.0400 -0.3033 2.18 -8.14 4.99 149 362 222 231 165 
0.8568 -0.4952 -0.1121 -0.0903 15.56 22.19 55.94 1.27 -4.93 -1.94 -2.9500 1.7300 -7.7400 3.0244 -0.9167 -4.4911 6.14 -4.56 6.12 170 307 289 304 192 
0.8677 -0.2382 -0.3492 -0.2615 33.75 51.25 11.25 18.35 4.52 9.58 6.9500 3.2000 4.8000 2.2067 0.1156 -0.7556 7.97 0.47 5.69 176 338 335 382 209 
;
