-0.0776 0.6320 0.1734 0.7513 168.19 77.56 -49.00 9.56 1.57 1.31 0.0000 -0.0300 -0.0600 0.0067 0.0100 -0.0056 9.57 1.59 1.39 151 274 322 351 217 
-0.0776 0.6313 0.1734 0.7520 168.19 77.44 -48.69 9.57 1.58 1.33 -0.0200 -0.0100 -0.0500 -0.0022 0.0011 -0.0111 9.57 1.59 1.40 166 275 315 346 217 
-0.0776 0.6312 0.1735 0.7520 168.19 77.44 -48.69 9.55 1.59 1.33 0.0200 0.0000 -0.0700 0.0011 -0.0156 0.0011 9.57 1.59 1.39 161 276 318 356 215 
-0.0776 0.6313 0.1734 0.7519 168.25 77.50 -48.81 10.58 1.80 0.54 2.7800 1.0400 -0.5200 -0.4844 0.3078 0.2600 9.56 1.35 1.67 174 319 325 366 219 
-0.0765 0.5938 0.1254 0.7911 169.50 67.06 -10.38 16.43 4.89 13.67 7.9500 4.5100 8.1600 -4.4856 3.3800 2.5733 7.20 -2.74 6.05 186 374 344 382 220 
-0.0809 0.3418 -0.2831 0.8925 169.62 29.37 49.75 6.16 0.92 -0.72 1.6500 8.6100 -5.3700 -5.6311 1.4267 3.6767 1.59 -9.46 2.02 177 376 319 369 217 
-0.1253 0.1158 -0.7064 0.6870 156.50 -5.62 98.50 -4.15 -3.29 -10.18 -3.4200 5.9000 -8.4600 -1.0744 1.1911 0.4300 -1.47 -9.27 -2.81 175 377 342 369 209 
-0.1009 0.0200 -0.7652 0.6356 165.75 -6.25 90.31 -2.46 1.23 -7.96 -1.3200 12.0900 -8.1800 9.0200 -1.7244 -1.3844 0.26 -7.03 6.82 184 390 348 360 219 
-0.0775 0.0585 -0.1780 0.9792 170.81 7.56 18.37 5.15 0.74 30.25 3.4500 4.0100 18.4800 -5.2689 -0.9711 -0.2133 2.15 -5.50 7.82 186 395 353 370 215 
-0.0450 0.1356 -0.4384 0.8873 174.31 9.19 66.06 3.20 1.60 -0.53 0.6700 11.2100 -5.1300 -7.9167 0.0422 1.8567 0.19 -9.65 -1.70 178 402 358 400 216 
-0.0703 0.0643 -0.8435 0.5286 160.25 -4.62 119.62 -4.81 -4.24 -20.30 -3.6600 5.1300 -12.5700 5.2100 -0.5767 -0.6856 -0.49 -9.61 -1.88 176 384 329 329 218 
-0.0911 0.0913 -0.6386 0.7586 167.25 4.00 65.69 3.98 2.73 8.51 4.3500 10.4100 4.3000 7.4656 -0.0578 -0.3556 1.23 -4.90 8.40 183 391 344 317 209 
-0.1026 0.0282 -0.1763 0.9786 169.19 -1.50 21.69 -1.15 -2.73 18.40 1.7600 1.1600 4.3700 -3.1744 0.6467 -1.1244 -0.22 -5.45 8.14 174 402 283 235 165 
-0.0172 -0.0244 -0.3599 0.9325 180.44 -4.81 47.44 -0.40 -6.71 1.20 0.6000 -0.4600 -4.7200 -1.4133 2.0756 -1.4844 -1.11 -8.23 5.20 167 422 170 170 124 
0.1943 -0.2161 -0.5063 0.8119 216.62 -5.62 68.37 5.60 -5.29 -0.52 4.6700 2.2900 -3.1400 3.1267 0.7256 -0.5622 -0.30 -8.29 5.22 167 422 182 184 130 
0.3304 -0.1682 -0.3741 0.8500 220.81 -2.87 43.00 3.67 -7.51 11.70 3.2600 -2.4800 4.6100 2.3411 -0.6622 1.0256 -0.64 -5.01 8.40 163 433 194 195 129 
0.2609 -0.0829 -0.2086 0.9389 207.94 -2.69 25.37 -1.58 -8.70 17.29 -2.1900 -5.1900 8.6200 -1.4778 -0.5033 1.8978 -0.72 -4.87 8.48 166 433 190 188 133 
0.1226 -0.0994 -0.3098 0.9376 194.19 -7.06 42.69 -6.98 -4.32 10.87 -5.6900 4.0500 2.4000 -3.4444 0.8789 -0.9456 -1.08 -8.46 4.83 165 429 187 195 131 
0.1735 -0.1497 -0.5407 0.8094 208.37 -0.69 71.87 -0.97 -0.07 1.51 -1.0000 9.1900 -1.7500 -1.0922 1.2722 -1.6456 0.90 -9.53 2.12 153 435 192 191 136 
0.3036 -0.1543 -0.6039 0.7206 229.12 9.19 75.87 4.72 -3.73 1.20 4.6300 5.0900 -2.0100 1.0100 1.6389 -0.4922 1.67 -9.12 3.18 165 428 198 194 132 
0.4067 -0.1807 -0.5064 0.7386 237.50 6.94 60.00 10.51 -4.88 2.38 10.6300 2.4600 -0.1600 4.3822 -0.1644 1.3600 0.53 -6.66 7.17 170 419 193 194 133 
0.3435 -0.0954 -0.2829 0.8904 215.75 0.75 31.62 -3.03 -9.18 18.26 -3.7600 -4.0700 8.8800 -0.5611 -1.8778 2.1622 0.50 -5.28 8.24 176 408 199 196 133 
0.1591 -0.0179 -0.3110 0.9368 198.50 3.81 37.50 -2.58 -3.20 7.31 -2.6600 3.7700 -1.1700 -0.5122 -0.0456 -0.3056 0.85 -6.40 7.37 172 402 215 224 153 
0.1406 0.0426 -0.3486 0.9257 192.37 22.44 39.81 3.18 -1.45 -8.03 -0.8500 3.9200 -14.2400 3.6822 -17.2056 -5.8900 9.50 -2.15 -1.10 200 317 326 378 230 
-0.0622 0.8797 -0.0665 0.4667 156.62 52.63 159.25 7.36 -2.47 -0.89 -0.3700 0.4300 6.7000 1.0456 -4.0622 3.5156 5.24 -4.53 -6.93 200 317 323 398 232 
-0.1901 0.9407 -0.1891 0.2078 208.19 15.94 161.50 0.22 3.67 -2.94 -2.5400 6.9000 0.3400 -6.6089 0.8089 -0.2189 3.34 1.36 -9.11 207 291 307 378 229 
0.1867 0.9251 -0.3009 0.1371 216.25 21.69 -161.56 4.36 2.45 -16.62 0.9300 -0.1800 -4.9500 0.5822 0.5744 -0.1389 3.99 2.60 -8.56 206 303 321 384 233 
0.1766 0.9271 -0.2799 0.1758 213.00 25.56 -166.31 3.21 1.72 -7.54 -1.6900 -0.2200 0.8700 0.8489 0.2622 -0.3233 4.45 1.50 -8.60 209 297 308 377 232 
0.0944 0.9482 -0.2202 0.2086 203.44 29.00 -178.81 2.26 0.58 -9.66 -3.6000 0.8500 -0.7300 5.4800 3.8656 -0.9656 7.14 -2.34 -6.29 192 367 348 406 218 
;
