0.6787 0.2762 0.0732 0.6765 270.12 15.88 -29.50 2.57 4.69 8.18 -0.1000 0.0300 -0.0100 -0.0044 0.0033 0.0033 2.68 4.64 8.20 162 360 364 393 224 
0.6784 0.2760 0.0732 0.6769 270.12 15.88 -29.50 3.58 5.12 8.98 1.5400 0.6800 1.0100 1.0322 -0.1256 -0.2300 2.81 5.06 7.90 169 343 347 400 229 
0.6281 0.3579 0.0355 0.6900 261.19 35.00 -34.44 22.16 10.03 17.43 12.2400 6.6400 10.4700 -3.8467 -1.9544 4.8144 8.77 0.25 4.36 176 329 329 377 229 
0.3699 0.4033 -0.4650 0.6959 228.44 52.75 72.87 -0.13 6.37 -1.61 -7.3900 12.1800 -2.9400 -4.1011 0.8989 7.0322 3.42 -9.17 -0.48 181 318 326 365 226 
0.1213 -0.0449 -0.7731 0.6209 199.50 2.75 106.81 -5.01 -4.50 -8.90 -5.0800 3.3700 -7.6100 -0.7933 -0.2756 -0.1722 -0.01 -8.83 -4.26 165 319 318 371 225 
0.1208 -0.0952 -0.7910 0.5922 203.12 8.13 90.75 -0.70 9.97 -8.95 0.8500 21.7300 -7.9400 12.8167 -1.9756 -3.0489 3.85 -4.60 7.75 179 378 351 395 230 
0.1694 0.1785 -0.1752 0.9533 199.69 23.87 20.75 11.46 3.68 25.28 4.6000 10.7600 7.7900 -8.2456 -0.5967 2.1722 3.28 -7.95 4.70 174 352 350 393 230 
0.1340 0.0118 -0.6721 0.7281 200.44 7.25 97.50 -4.54 -5.80 -34.28 -6.1800 1.4300 -30.3900 5.0289 1.2322 0.0711 0.84 -9.77 -0.04 168 339 338 373 224 
0.1499 0.0098 -0.5515 0.8205 200.81 16.75 50.06 11.77 13.94 25.03 5.5600 14.0900 13.1700 2.1233 -0.6278 -0.6011 3.91 -4.03 8.03 188 361 352 397 229 
0.1648 0.2133 -0.3108 0.9114 200.19 30.62 39.50 5.26 -4.99 1.27 -2.1700 1.3700 -4.9500 -2.3922 -0.3667 -0.1078 5.34 -6.65 4.82 168 293 315 315 214 
0.1980 0.2441 -0.3956 0.8630 208.50 36.94 37.50 2.33 0.21 -0.02 -3.9500 4.1800 -6.2300 4.5211 -0.2700 -3.6689 6.61 -0.84 7.19 180 291 304 324 205 
0.3194 0.3699 -0.0367 0.8716 221.12 40.06 -21.56 11.48 6.64 16.54 5.2500 2.2700 10.0400 -0.0344 -2.2189 0.0411 6.99 3.35 6.00 189 298 320 344 209 
0.3384 0.4407 -0.0082 0.8314 224.62 47.56 -20.19 16.21 5.05 16.18 9.9800 4.1000 8.2700 -4.4022 1.4744 1.8844 6.76 -0.56 7.08 190 322 320 349 207 
0.3317 0.2214 -0.3129 0.8620 220.19 28.06 44.25 5.57 7.56 -0.51 -0.9000 14.4500 -6.4500 -8.0533 2.3156 4.1244 1.01 -9.59 1.76 180 275 294 295 192 
0.1644 -0.2294 -0.7319 0.6202 206.25 -5.87 110.87 -3.53 -3.12 -12.61 -4.1800 4.1500 -10.1100 0.1833 0.4078 0.1756 -1.20 -8.33 -5.02 175 284 274 276 184 
0.1639 -0.2623 -0.7198 0.6215 206.69 -3.81 78.12 -3.06 10.33 2.71 2.7700 19.8300 5.8500 8.5300 -3.2444 -1.3389 1.52 -5.22 8.15 186 340 345 358 220 
0.1960 0.0502 -0.2576 0.9448 202.81 11.38 35.56 8.77 0.65 16.03 4.3600 9.8500 5.0600 -9.1011 1.9967 1.3489 0.70 -9.24 3.20 172 343 324 322 222 
0.1462 -0.1554 -0.7155 0.6653 205.50 -1.50 105.87 -6.58 -4.53 -26.23 -3.6100 3.6900 -22.6400 3.2589 -0.1411 -1.9600 0.46 -9.44 -2.58 166 337 310 342 216 
0.2024 -0.0423 -0.6554 0.7264 210.06 18.12 63.88 12.55 8.30 21.19 10.9800 15.8400 15.4100 5.2322 -1.4033 1.2089 4.27 -4.90 7.33 135 287 291 309 201 
0.1080 0.2861 -0.2727 0.9122 192.62 37.88 31.56 11.62 -3.99 13.06 5.8400 -4.1000 4.5300 0.3089 -1.8278 -0.0144 6.67 -3.65 6.18 149 199 164 163 125 
0.0468 0.3531 -0.1967 0.9135 182.31 39.38 21.75 5.01 -3.65 2.52 0.0700 -1.2000 -2.5300 3.2744 1.9467 1.1644 5.09 -1.36 8.26 165 200 163 169 130 
-0.0903 0.2188 -0.0176 0.9714 166.25 22.19 2.56 2.25 3.88 5.48 -1.0700 4.6200 -3.2700 1.2244 0.8611 1.4289 3.07 0.18 9.31 167 195 168 167 134 
-0.2053 0.1331 0.0413 0.9688 156.62 14.94 -0.94 1.03 3.20 8.12 1.0300 3.1600 -1.5600 -1.1300 -0.1278 -0.6678 2.39 -0.66 9.48 170 188 171 173 141 
-0.1197 0.1119 -0.0473 0.9854 169.06 10.69 8.44 7.00 -0.91 9.10 4.4600 -0.2600 -0.3400 -1.5144 1.8033 -1.9511 0.84 -2.18 9.52 165 186 179 184 149 
-0.0073 0.0215 -0.1290 0.9914 179.12 0.62 15.50 -2.45 -5.52 9.01 -3.3600 -2.0800 -0.5700 -0.5144 1.2644 -0.7444 -0.47 -2.89 9.35 162 190 182 187 146 
0.0123 -0.0215 -0.1578 0.9872 180.81 -0.69 18.69 -1.17 -1.68 6.64 -2.5700 1.4300 -3.7700 -0.7422 -1.8889 -0.0911 1.26 -3.65 9.01 165 203 193 200 160 
0.0200 0.1433 -0.1946 0.9702 187.00 23.19 19.56 -0.17 0.01 -0.40 -2.1200 3.9200 -8.5800 4.0711 -0.9467 -6.6767 5.10 1.33 8.26 170 296 283 282 203 
0.3599 0.2523 0.1586 0.8841 231.69 13.19 -36.25 6.31 15.37 9.70 3.7600 8.3100 3.0500 2.3267 1.6478 -3.1678 -0.27 7.36 6.46 174 359 352 383 219 
0.4998 0.2472 0.3547 0.7505 247.44 4.31 -51.75 1.59 13.03 11.43 2.2600 2.2600 5.6600 -1.2500 -3.3089 1.2989 3.30 7.13 5.86 174 391 366 421 226 
;
