0.8834 0.0020 -0.4159 -0.2158 27.44 47.25 -15.63 7.13 1.68 6.37 -0.0300 -0.0900 -0.0300 0.0000 -0.0922 -0.0222 7.24 1.80 6.35 197 328 329 339 200 
0.8787 0.0024 -0.4287 -0.2097 25.44 51.31 -16.25 11.26 5.12 12.28 3.5400 3.8600 7.2000 -1.9989 0.4278 0.9389 7.80 0.55 5.91 195 367 346 354 207 
0.8826 -0.1530 -0.3973 -0.1994 26.00 46.31 20.12 10.00 1.53 8.88 3.0700 5.3200 1.1400 -5.1744 2.9467 2.0644 5.31 -5.77 5.88 194 394 357 391 213 
0.8194 -0.5161 -0.1078 -0.2250 32.13 19.94 72.00 3.62 -3.83 -3.89 1.1700 5.2300 -5.9500 -4.9644 1.9278 2.0211 1.73 -9.62 -0.79 182 372 349 376 212 
0.5831 -0.7750 0.1524 -0.1902 33.88 4.56 109.44 -1.24 -7.14 -7.55 -1.8400 1.9600 -3.8500 -0.8644 -3.0200 0.7611 -0.75 -8.84 -4.15 177 324 325 354 208 
0.5526 -0.8225 0.1334 -0.0182 4.06 -6.94 110.12 -3.13 -6.79 -4.16 -2.5200 2.8400 -1.7300 2.3211 -0.1744 -0.5944 -0.89 -9.61 -1.69 178 340 332 355 209 
0.6942 -0.7145 0.0674 -0.0551 10.56 3.19 85.44 0.41 -4.18 -3.77 -0.6100 5.2500 -4.3400 7.0678 -1.2578 -2.9744 2.80 -8.02 4.89 193 343 343 391 218 
0.9210 -0.3375 -0.1215 -0.1520 19.12 14.19 32.81 1.95 -3.69 28.70 1.1800 2.1700 16.7200 -5.1222 -0.6367 0.8444 1.49 -7.67 5.92 197 375 353 393 223 
0.7889 -0.5987 0.0588 -0.1258 17.69 -0.06 87.31 0.30 0.05 -8.57 -0.0200 10.0400 -8.2200 -7.5222 0.9522 2.0500 -1.33 -8.40 -4.87 184 375 340 376 211 
0.4269 -0.8741 0.2310 -0.0137 2.19 -10.88 128.56 -5.58 -2.45 -10.67 -3.1900 6.3100 -4.7300 3.7744 -0.9744 -1.5211 -1.24 -9.14 -3.31 185 341 302 358 209 
0.6857 -0.7175 0.1004 -0.0706 12.50 1.81 79.12 4.51 1.93 1.91 3.0100 11.1000 -0.7500 12.4200 -2.2100 -2.7900 2.47 -4.62 8.28 208 408 353 393 216 
0.9733 -0.1281 -0.1243 -0.1440 16.69 16.44 12.06 3.08 3.23 20.49 0.6900 4.5800 6.7900 -4.2633 -1.4478 0.5678 3.46 -4.31 8.09 205 405 355 371 220 
0.9018 -0.3834 -0.1716 -0.1019 8.75 23.06 56.69 -0.45 -6.39 -0.86 -5.1200 1.2600 -5.3600 -4.3256 -5.5744 2.7722 3.07 -9.28 0.68 128 273 302 294 199 
0.6523 -0.6588 -0.3361 0.1662 331.75 12.38 97.69 -4.18 -10.05 -9.51 -7.6500 -0.3200 -9.0300 1.5167 2.0578 -3.0400 4.18 -8.86 -0.09 105 208 243 240 192 
0.7571 -0.5400 -0.3677 -0.0021 1.25 38.94 72.56 12.20 -0.24 5.06 4.5200 5.8600 3.4600 4.9100 -2.4622 -2.6478 8.00 -4.73 3.10 97 176 178 174 106 
0.8066 -0.1904 -0.5584 0.0344 354.12 66.75 46.38 10.63 -0.01 5.58 0.2800 2.3100 2.9600 0.3856 -0.8533 -1.0933 9.42 -1.83 2.00 98 178 178 178 109 
0.7673 -0.0952 -0.6342 0.0078 0.19 79.12 47.06 10.73 1.09 0.81 1.3400 1.8900 -0.7000 -0.4733 -0.9744 -0.3856 9.75 -1.03 0.19 99 175 179 174 106 
0.6934 -0.0873 -0.7149 -0.0246 2.81 84.62 175.37 16.15 2.41 -11.04 4.1400 2.8400 -11.2100 4.0844 1.0733 1.0256 9.69 -1.33 0.60 99 168 177 180 107 
0.7526 -0.0074 -0.6497 0.1069 341.00 77.37 54.44 10.03 1.39 6.53 2.4700 3.8200 2.5500 -2.6967 -0.1722 0.1011 9.53 -2.07 0.96 107 179 185 184 108 
0.7361 -0.1496 -0.6586 0.0453 355.94 71.44 76.06 7.64 -0.25 -6.67 -2.8600 2.4100 -7.8400 -1.4144 0.1367 -0.2933 9.32 -3.02 0.26 104 184 187 185 110 
0.7313 -0.2055 -0.6501 -0.0170 358.37 74.81 71.50 11.91 0.28 39.80 14.4800 -5.9100 7.8000 -0.5022 -0.0578 0.7800 9.48 -2.48 -0.13 104 175 181 184 107 
0.7173 -0.2001 -0.6674 0.0061 357.87 71.62 81.25 8.05 -3.91 1.16 -1.0500 -0.4400 1.1000 0.8678 0.6267 0.1500 9.21 -3.13 1.22 110 188 187 189 119 
0.7613 -0.1754 -0.6226 0.0463 352.81 66.94 62.50 9.26 -2.91 0.80 -2.2500 -1.0100 -2.2800 -0.4000 0.2267 0.7422 8.64 -4.23 1.88 114 205 215 221 147 
0.7886 -0.2320 -0.5681 0.0386 355.69 61.13 49.50 8.78 -3.58 2.82 0.7600 -0.0700 -0.6800 5.2589 2.8467 -1.9844 8.09 -0.88 5.46 171 349 326 365 217 
0.8917 0.0961 -0.4370 0.0679 349.56 56.06 -11.00 4.74 1.85 6.40 -2.3000 1.8800 0.5500 -0.9967 -7.6322 4.1711 9.60 -1.95 0.35 207 386 353 409 230 
0.5467 -0.1354 -0.8111 0.1578 331.19 44.69 144.25 -6.00 7.75 -1.24 -12.7700 10.5600 0.0200 -9.7944 -3.7122 2.7644 4.50 0.45 -8.69 202 297 281 368 229 
0.1635 -0.4850 -0.8318 -0.2148 61.81 26.56 -164.75 4.66 2.76 -16.70 0.6900 0.6100 -5.7900 0.6933 -0.5500 0.0933 3.88 1.95 -8.78 204 309 298 372 230 
0.1205 -0.5081 -0.8333 -0.1815 62.44 22.75 -169.62 4.16 1.83 -8.03 -0.2600 -0.0400 1.1300 0.3956 0.8122 -0.3178 4.16 1.41 -8.76 206 317 301 378 229 
0.1628 -0.4872 -0.8406 -0.1717 59.75 27.00 -172.69 6.08 0.74 -10.41 2.7600 -0.3700 -2.0600 1.3867 3.2156 -0.5256 6.05 0.47 -7.69 200 301 278 363 228 
0.3841 -0.3784 -0.8229 -0.1790 44.06 58.75 178.06 9.78 1.87 -6.74 -0.3300 1.5000 -3.2900 2.6144 5.3511 -0.1178 9.70 -0.68 -1.23 209 303 296 334 221 
0.7411 -0.1862 -0.6219 -0.1710 23.75 71.87 7.69 3.68 0.58 0.61 -5.3900 0.3200 -2.5400 2.2300 3.0589 -0.4311 8.13 0.56 5.45 207 311 315 340 218 
0.8940 -0.0003 -0.4202 -0.1553 19.94 44.00 -13.31 6.05 1.64 9.08 -0.9500 -0.2500 1.7900 0.1644 1.3289 -0.2778 5.88 2.01 7.57 205 319 317 352 217 
;
