0.7840 0.0760 -0.3179 -0.5277 67.81 24.50 -29.94 3.92 4.60 8.01 -0.2200 0.0400 0.2500 0.0044 -0.0944 0.1344 4.12 4.42 7.71 175 327 324 318 207 
0.7899 0.0662 -0.3181 -0.5201 65.87 25.75 -24.56 5.68 9.12 17.07 -0.2800 5.6800 8.1600 -5.0722 -1.7556 1.6378 4.86 -0.03 8.51 183 311 324 318 204 
0.8026 -0.2891 -0.2177 -0.4742 58.38 39.63 31.56 6.91 -1.18 5.54 0.4700 3.8800 -1.2700 -2.8322 0.2356 4.3956 4.55 -7.17 4.89 179 338 322 321 203 
0.7953 -0.5325 0.0332 -0.2878 37.56 7.50 68.69 -2.17 -5.44 -1.83 -2.0700 3.8000 -5.2700 -3.7256 0.6533 2.0989 -0.73 -9.73 0.94 183 358 329 275 204 
0.6656 -0.6660 0.2885 -0.1739 29.12 -10.75 96.81 -4.12 -7.33 -5.37 -2.6200 2.0700 -5.0000 -0.7900 -1.4467 0.2656 -2.34 -9.37 -1.67 181 354 327 326 204 
0.6656 -0.6902 0.2670 -0.0960 18.31 -11.25 91.87 -1.88 -2.23 -10.56 -2.0300 11.6400 -9.0000 10.6778 -2.4578 -1.6922 -0.24 -7.35 6.48 186 370 316 380 218 
0.9291 -0.2706 0.0776 -0.2399 29.69 0.75 34.63 1.92 -3.66 26.16 2.5600 4.0000 14.2600 -6.6311 -0.6878 -0.7100 0.99 -8.39 4.96 181 349 326 310 207 
0.7108 -0.6390 0.1664 -0.2426 42.00 2.81 99.87 2.20 2.54 -9.17 2.1800 10.4000 -6.4700 -7.0900 1.3278 0.6311 0.54 -6.81 -7.03 166 272 246 231 169 
0.3101 -0.8693 0.3547 -0.1495 44.75 0.69 132.62 -0.74 2.97 -17.11 -0.4500 14.1900 -8.7100 11.9389 -3.3822 -0.8689 0.33 -9.61 1.91 192 323 300 303 201 
0.9072 -0.3687 -0.0036 -0.2027 23.81 11.63 24.50 6.31 14.23 31.63 3.1800 15.7500 22.9800 0.6411 0.7256 -1.1733 1.99 -1.33 9.50 207 400 327 301 209 
0.9435 -0.1937 -0.0632 -0.2614 32.94 14.75 31.25 3.42 1.06 4.39 0.4400 7.1000 -3.0400 -7.7789 -3.7967 0.0467 3.80 -8.43 3.25 206 388 203 196 148 
0.6759 -0.7068 -0.1052 -0.1802 29.19 21.56 100.50 0.38 -7.08 -10.54 -4.0800 1.5100 -8.8000 -1.0433 -3.4444 -0.3378 2.93 -8.64 -3.59 156 375 178 174 125 
0.5641 -0.7900 -0.2396 -0.0108 355.87 17.25 110.25 3.72 -7.46 -4.77 1.2300 1.9200 -0.8600 2.9667 -4.0022 -2.5011 3.74 -8.78 -2.20 147 401 180 176 129 
0.6456 -0.5557 -0.4986 0.1607 329.19 29.19 95.50 11.47 -6.08 0.95 5.0600 2.9500 1.7900 2.8989 -1.1722 -0.4011 5.33 -8.20 0.63 150 413 180 172 119 
0.6756 -0.3591 -0.5698 0.2999 308.87 33.63 83.06 7.46 -6.34 2.41 1.8300 1.4900 1.4700 0.5911 -1.1200 0.3189 5.31 -8.19 0.91 160 414 179 170 127 
0.6384 -0.3127 -0.6017 0.3641 300.56 32.69 84.75 5.78 -7.29 0.32 0.5500 0.8300 -1.0800 -0.0522 0.1922 -0.1400 5.40 -8.14 0.82 159 405 175 177 129 
0.6719 -0.2780 -0.5748 0.3755 301.12 35.56 69.81 11.60 -4.63 10.09 3.7100 1.6100 3.9300 -1.4133 1.0322 0.6444 5.49 -7.85 2.07 152 419 188 182 137 
0.6697 -0.3058 -0.5714 0.3626 303.75 33.44 79.50 7.13 -8.16 -6.61 -7.8000 3.6900 6.6600 1.4111 -2.9967 -0.4000 5.56 -7.62 2.66 145 403 181 187 135 
0.7114 -0.2975 -0.5238 0.3621 310.06 30.25 72.00 3.02 -5.21 6.51 -1.4900 3.4000 4.5500 -2.7033 0.2711 -0.5456 5.08 -8.28 1.27 167 281 248 274 204 
0.6794 -0.4432 -0.5520 0.1929 338.31 39.00 96.56 2.78 -0.56 -2.43 -3.9200 5.6900 -0.9000 -4.3278 2.1356 -5.7522 8.94 -3.54 -1.91 174 281 306 326 216 
0.6060 -0.3247 -0.6413 -0.3406 58.81 77.31 -56.75 14.77 4.98 2.25 2.5900 2.2800 1.6800 5.1233 -0.8544 2.0378 9.60 1.87 0.57 191 351 350 385 219 
0.5909 -0.1823 -0.7748 -0.1313 23.50 57.25 169.06 1.52 2.52 -6.32 -0.2400 5.2000 0.0200 -6.1156 -6.3656 4.1611 3.62 0.56 -9.09 200 271 270 321 218 
0.0903 -0.5353 -0.8272 -0.1452 66.56 18.00 -171.25 5.44 3.97 -10.33 3.7000 2.0600 -2.6000 0.1044 -0.3267 0.3600 2.69 1.27 -9.34 206 294 293 355 225 
0.0958 -0.5555 -0.8173 -0.1199 68.06 17.81 -176.44 3.07 1.23 -7.79 0.0000 0.6800 2.0300 0.3511 0.3711 -0.0344 3.31 0.25 -9.22 208 297 302 355 227 
0.1480 -0.5391 -0.8206 -0.1193 66.50 22.44 -177.62 4.95 1.25 -8.90 1.1100 1.0200 0.4900 0.2311 0.3833 0.1800 4.02 0.08 -8.94 210 297 299 347 226 
0.1848 -0.5421 -0.8116 -0.1149 67.12 25.94 178.56 6.65 1.24 -10.54 1.4100 2.2000 -2.4300 1.2000 2.3878 -1.1456 5.57 -0.62 -8.04 204 321 298 317 222 
0.3807 -0.4432 -0.8016 -0.1271 33.94 56.25 163.75 8.44 -1.42 -3.16 0.1100 0.2300 0.1400 -0.4911 7.8833 -1.6689 9.78 -0.61 -0.03 201 345 331 329 216 
0.7605 -0.2007 -0.4928 -0.3721 56.19 53.31 -12.44 3.54 0.05 2.87 -3.3100 -1.5800 -3.8200 0.3867 4.3633 -2.3933 4.93 2.68 8.03 195 349 336 347 216 
0.8076 0.0616 -0.2413 -0.5345 66.94 13.94 -24.94 1.03 6.42 8.07 -1.0300 2.2700 -0.4700 1.5956 1.0944 0.3889 1.52 5.12 8.21 195 357 342 390 218 
;
