0.3552 0.5390 0.1418 0.7505 230.56 45.00 -57.44 7.01 5.78 3.73 0.0700 -0.0700 0.0000 -0.0189 0.0978 -0.0267 6.90 5.84 3.77 170 288 287 297 185 
0.3556 0.5331 0.1450 0.7539 230.50 43.94 -56.31 6.94 6.05 3.97 0.4000 0.0600 -0.1500 -0.5233 1.3922 -0.5822 6.19 5.97 4.70 163 292 282 307 178 
0.3840 0.4707 0.1661 0.7768 232.69 36.56 -50.75 6.03 6.29 5.10 0.4400 0.1600 0.3400 0.1589 0.4300 -0.0889 5.68 6.17 5.07 172 299 287 312 189 
0.3616 0.4586 0.1810 0.7913 226.19 36.88 -47.75 9.01 11.28 14.15 4.3900 6.4500 8.8900 -1.9456 -2.4256 3.8600 7.82 2.96 5.11 179 360 320 345 205 
0.1917 0.4711 -0.1049 0.8546 200.31 54.25 21.19 6.97 2.59 1.40 0.3600 6.8500 -4.0700 -4.8322 1.6867 5.4889 5.50 -6.86 4.32 176 363 316 385 211 
0.0222 0.1849 -0.5490 0.8149 181.31 13.56 73.87 0.34 -2.16 -2.59 -1.3500 7.1000 -4.2500 -3.7011 0.5656 3.0067 -0.63 -9.77 -0.50 175 358 321 385 210 
-0.0964 -0.0111 -0.7672 0.6340 160.75 -10.88 102.87 -5.34 -3.95 -11.41 -3.6800 5.2700 -9.7400 1.9356 -0.0878 -1.2733 -1.32 -9.60 -1.43 176 361 329 407 215 
-0.0602 0.0317 -0.6658 0.7430 173.44 2.25 70.06 1.90 8.06 -1.98 3.0400 16.7100 -3.9900 12.1744 -0.9722 -2.2833 2.13 -3.44 8.92 192 392 356 395 221 
-0.0834 0.0629 0.0328 0.9940 169.19 1.69 -8.31 -10.24 10.12 33.41 0.9600 9.4000 17.8300 -5.8833 -1.7367 -0.9711 0.84 -2.39 9.47 201 385 348 383 225 
-0.0079 0.0371 -0.3351 0.9414 179.81 3.81 56.63 3.65 0.92 -6.77 2.2700 9.3100 -10.5500 -8.6489 -0.4756 1.2267 -0.01 -9.72 -1.29 177 386 338 372 215 
-0.0225 -0.0173 -0.8329 0.5526 175.69 -4.00 115.81 -2.00 -3.86 -17.13 -0.8900 6.9800 -11.1300 5.5544 -0.0456 -0.3578 -0.60 -9.75 -0.84 176 390 331 379 215 
-0.0196 -0.0016 -0.5843 0.8113 176.06 1.62 54.00 9.00 10.30 15.97 4.4400 16.5900 14.5600 7.6767 -1.6267 0.8011 1.47 -2.03 9.47 190 383 340 377 220 
-0.1041 0.1128 -0.0582 0.9865 167.94 14.31 8.38 3.32 0.85 15.14 -0.1100 2.0000 2.4500 -2.7844 -0.5111 -0.4511 3.08 -3.19 8.74 190 379 298 271 196 
-0.0492 0.2166 -0.2222 0.9494 176.06 25.87 34.88 -0.48 -4.79 1.90 -5.4000 0.5600 -5.4300 -3.6189 -5.8589 -0.3656 6.43 -6.42 3.68 179 388 184 173 129 
-0.1050 0.5975 -0.4119 0.6799 147.75 42.19 109.06 6.87 -6.45 -8.13 -1.4700 -1.5200 -5.1800 0.7700 -4.0133 -0.2200 5.06 -7.23 -4.26 126 409 176 170 115 
-0.3185 0.8043 -0.2855 0.4125 99.50 28.44 120.31 8.05 -7.42 -4.84 3.8500 0.5300 -0.2100 2.4000 -0.4756 -0.7733 4.88 -7.83 -3.30 138 421 187 177 119 
-0.4396 0.7827 -0.1534 0.4130 85.25 31.25 106.87 5.48 -6.79 -1.46 0.2900 1.3600 0.3100 0.6944 -0.4089 -0.3578 5.27 -7.99 -2.10 142 424 187 180 122 
-0.4635 0.7617 -0.1235 0.4357 87.69 32.94 103.37 5.17 -8.08 1.52 -0.5700 -0.6200 2.9600 -1.1333 0.3900 0.1967 5.20 -7.92 -2.48 137 425 190 183 121 
-0.4154 0.7773 -0.1716 0.4401 93.75 33.13 108.50 6.57 -8.34 -7.00 1.1900 -0.4700 -4.7600 2.2600 0.7578 -0.4489 5.65 -7.89 -1.37 135 429 199 185 126 
-0.5023 0.7158 -0.0876 0.4773 82.00 36.13 96.00 8.11 -6.25 5.95 -0.9700 0.6300 3.1700 -2.2400 1.2400 -0.0278 5.79 -7.79 -1.32 135 422 193 185 127 
-0.4359 0.7653 -0.1221 0.4576 95.12 37.00 101.94 5.63 -9.45 -7.98 3.8400 1.9900 -4.0600 2.7222 3.1300 -0.4478 6.07 -7.67 0.68 134 423 196 187 128 
-0.4582 0.6624 -0.1599 0.5708 107.31 37.06 84.44 3.97 -6.47 3.38 -0.4900 0.2300 2.4500 -2.2756 0.5400 -1.0244 6.41 -7.41 -0.21 149 413 197 188 128 
-0.2750 0.6490 -0.2656 0.6578 140.25 45.81 84.12 9.31 -10.22 -2.69 1.6300 -3.8700 -4.2800 3.3300 2.2733 -1.2444 7.09 -5.91 3.28 127 169 168 179 121 
-0.2609 0.4754 -0.1658 0.8237 142.69 41.63 37.94 7.15 -3.84 2.96 0.4200 -0.0500 -3.1900 3.4300 2.0022 0.6333 5.22 -2.90 7.77 141 194 174 182 127 
-0.3823 0.2739 -0.0151 0.8823 130.37 26.50 13.88 2.95 0.67 7.80 -1.3300 2.3700 -1.4400 0.9544 0.5667 0.9511 3.86 -1.74 8.84 144 191 174 185 125 
-0.4694 0.2009 0.0170 0.8597 122.12 20.00 8.88 1.75 -0.15 9.02 -1.2200 1.1500 -0.0700 0.1467 0.3567 -0.2656 3.04 -1.12 9.25 152 195 177 184 127 
-0.4467 0.1511 0.0125 0.8818 128.94 14.56 6.94 3.93 1.71 8.83 2.3800 3.2400 -1.0600 -1.1278 1.4978 -2.7844 1.85 -1.49 9.51 136 198 174 181 130 
-0.2614 0.0807 -0.0670 0.9595 154.25 4.31 11.75 3.00 -5.14 6.82 1.1400 -3.7200 -2.5900 -0.8144 0.6856 -0.6222 -0.16 -2.86 9.37 135 193 175 190 130 
-0.1871 0.0166 -0.1553 0.9698 158.25 -1.94 18.44 -4.96 -4.88 10.36 -3.2700 -1.0700 0.2700 -0.4444 -0.6044 -0.1378 -0.18 -3.49 9.16 138 204 176 191 134 
-0.2123 0.0522 -0.1705 0.9608 150.75 5.25 19.50 -2.12 -2.94 5.84 -4.1300 -0.0500 -3.8300 1.2289 -4.5978 1.7300 3.53 -2.76 8.72 145 243 169 194 139 
;
