0.1437 0.0979 0.0596 0.9830 196.62 10.06 -8.44 1.65 1.39 9.53 -0.0600 -0.0400 -0.0300 -0.0067 -0.0167 0.0044 1.72 1.41 9.54 181 351 351 363 211 
0.1436 0.0983 0.0588 0.9830 196.62 10.13 -8.38 1.71 1.39 9.47 -0.0200 -0.0600 -0.0500 0.0144 0.0244 -0.0367 1.71 1.41 9.55 179 354 349 365 211 
0.1469 0.0946 0.0618 0.9827 197.44 10.31 -8.69 1.69 1.38 15.46 0.0500 -0.7800 5.0100 -0.1544 -3.2567 1.1822 4.26 1.11 8.76 185 360 346 383 226 
0.0124 0.3813 -0.0123 0.9243 174.12 48.81 12.69 9.80 -1.18 11.51 2.2400 2.3300 5.4900 -1.8589 -3.1322 4.6167 7.45 -4.82 4.14 185 381 352 396 232 
-0.2715 0.5435 -0.2785 0.7439 130.75 32.75 78.69 3.08 -0.35 2.48 -1.9000 8.7100 1.3600 -3.7878 0.9367 5.0600 1.64 -9.63 -0.74 181 379 350 398 234 
-0.3652 0.4777 -0.6292 0.4926 103.37 -2.56 109.69 -4.29 -4.17 -7.23 -3.0700 3.9700 -2.6800 -1.5989 0.0956 0.4611 -1.10 -8.58 -4.60 154 361 323 386 230 
-0.3484 0.4864 -0.6933 0.4017 100.94 -3.44 112.81 -1.85 -4.79 -9.84 -0.9400 5.6400 -6.7900 4.8689 0.1922 -2.2489 0.92 -9.72 -0.86 157 360 338 388 229 
-0.4467 0.4220 -0.4281 0.6627 114.25 10.38 55.81 2.80 3.42 26.23 -4.4100 9.2700 25.0700 0.8956 1.4589 1.0178 -0.06 -6.30 7.50 157 361 345 404 231 
-0.4793 0.2536 -0.3823 0.7482 115.19 2.56 66.87 1.28 -2.00 -0.64 1.0300 6.8600 -6.2300 -7.0489 -2.6100 0.5333 0.44 -9.54 -2.20 145 343 332 390 224 
-0.3190 0.5314 -0.6661 0.4149 104.94 0.94 117.62 -3.32 -2.88 -16.14 -2.5100 7.4400 -8.8400 5.8956 -0.0422 -1.4800 0.94 -9.70 -1.01 157 338 329 398 227 
-0.4695 0.4505 -0.4040 0.6429 108.06 11.56 61.44 2.29 -4.55 24.47 1.2000 1.9800 16.8100 0.4122 -1.0011 0.0511 1.95 -7.89 5.47 170 349 338 393 228 
-0.5144 0.4221 -0.3169 0.6758 105.50 15.38 66.31 1.79 -6.30 1.00 -1.6500 2.7200 -2.4600 -1.6589 -2.2733 -0.6856 3.63 -8.92 1.82 183 350 328 364 221 
-0.4612 0.6201 -0.2651 0.5765 98.00 32.25 90.62 1.44 -1.14 -5.08 -4.9600 6.8100 -3.6800 -2.5778 -7.9956 -1.7367 5.13 -7.09 -4.41 202 340 308 317 219 
-0.3271 0.9058 0.0276 0.2681 171.50 27.44 148.56 3.46 -2.09 -8.42 -1.6800 1.3300 -1.0400 -4.1078 -3.2356 -3.1211 2.97 -0.58 -9.32 209 312 288 322 224 
0.0070 0.9630 0.2288 0.1421 152.62 16.81 -171.69 5.83 1.50 -14.05 4.2700 -0.7300 -4.9600 -1.0856 0.0122 -0.8833 2.94 2.46 -9.02 217 336 299 339 226 
0.0905 0.9423 0.2630 0.1865 148.44 18.12 -164.25 6.36 0.59 -14.08 4.6000 -2.1800 -7.2200 1.2500 -0.0956 0.6789 3.26 1.29 -9.15 221 329 304 348 229 
-0.0839 0.9521 0.2404 0.1691 152.69 23.19 167.87 6.38 0.23 -18.15 1.4600 5.6700 -7.9100 8.9733 3.7789 2.0567 5.08 -7.42 -3.89 227 435 361 433 237 
-0.6381 0.7309 0.1016 0.2198 33.69 23.31 89.12 -2.24 0.90 0.33 -5.3900 10.8300 -0.9800 0.7833 0.9844 0.3644 3.39 -9.12 1.15 228 442 373 439 241 
-0.7208 0.6514 0.0466 0.2322 37.31 22.87 80.12 3.84 -4.69 2.09 0.0400 3.6300 0.5200 -0.2600 0.4044 -0.7889 4.28 -8.68 1.53 234 440 379 437 241 
;
-0.6998 0.6510 0.0666 0.2863 45.44 28.69 81.06 4.72 -6.31 1.39 -0.7600 2.3700 0.7100 -0.4989 -0.9189 -1.0889 5.52 -8.07 0.69 219 362 331 326 219 
-0.6375 0.6779 0.1408 0.3380 63.50 44.25 85.50 5.75 -5.22 -0.51 -2.1200 0.6600 -1.2200 -0.0667 3.2444 -3.7900 8.25 -4.80 2.22 208 329 315 318 213 
-0.5193 0.5547 0.1960 0.6198 105.50 66.06 38.31 14.48 -0.82 5.06 6.4600 1.8300 3.2300 0.1022 -1.4122 -1.2456 9.41 -1.32 2.39 214 367 354 399 230 
-0.4384 0.5652 0.2339 0.6585 112.12 66.12 44.94 18.68 0.54 9.75 8.0900 5.6100 6.0100 -7.1467 2.4711 5.0133 6.60 -6.91 2.17 177 370 357 405 232 
-0.4249 0.5865 -0.3226 0.6094 108.06 16.56 88.62 -3.37 -3.20 -5.51 0.7100 5.2400 -6.1200 -3.8422 2.6378 3.4644 0.14 -9.52 -2.31 147 361 340 409 232 
-0.3270 0.4590 -0.6948 0.4468 106.50 -2.87 115.50 -2.33 -4.21 -10.79 -1.3700 4.7700 -6.4700 2.5044 -0.1589 -1.6000 0.28 -9.33 -3.00 152 358 340 402 231 
-0.3764 0.4734 -0.5583 0.5679 113.37 9.94 82.44 2.52 -0.13 3.28 1.2500 9.2400 2.0000 8.3178 0.5267 -0.6811 2.20 -6.89 6.61 155 388 368 422 236 
-0.5200 0.2067 -0.2607 0.7867 112.56 2.87 41.81 3.37 -3.81 20.01 3.3400 3.9100 7.6400 -6.1344 0.5156 -0.0167 0.73 -8.90 4.04 161 399 371 418 232 
-0.4127 0.3859 -0.5298 0.6325 112.50 1.75 89.69 -1.29 -6.05 -10.93 -0.0800 3.5700 -12.4600 -1.0467 -0.4367 0.3256 -0.05 -9.71 -1.33 161 405 372 420 233 
-0.4246 0.4303 -0.5580 0.5685 106.37 3.12 81.81 1.95 -3.33 -0.09 1.4900 6.2900 1.4800 7.1544 -0.6622 -1.4989 1.70 -7.75 5.75 171 398 373 423 236 
-0.5482 0.3127 -0.2440 0.7364 106.25 12.38 46.38 3.55 -5.61 13.62 1.7200 1.4200 5.9700 -2.7833 -0.5989 -0.0978 2.58 -7.96 5.10 180 396 368 415 233 
-0.5038 0.4418 -0.3051 0.6767 105.56 18.94 66.62 -0.62 -5.21 0.27 -4.6900 3.7400 -3.8100 -0.7511 -4.8200 -1.2044 4.92 -8.32 1.60 189 354 338 376 229 
-0.4698 0.7255 -0.1110 0.4904 88.50 38.75 104.44 -1.16 -0.05 -5.19 -6.6300 8.4000 -1.5200 -3.7267 -5.6667 -4.2656 5.88 -4.01 -6.73 199 315 312 322 224 
-0.1177 0.9371 0.2423 0.2218 148.94 23.44 -177.50 7.76 3.22 -16.96 4.2200 0.7900 -7.1900 -3.3233 -1.4144 -0.3567 2.58 3.09 -8.93 209 296 296 318 219 
0.1450 0.9376 0.2549 0.1870 149.19 16.44 -156.69 7.50 2.32 -12.59 4.1100 -1.4300 -4.0500 0.5311 0.3033 0.4744 2.99 3.51 -8.65 212 318 304 331 223 
0.1055 0.9440 0.2434 0.1964 151.69 18.62 -166.87 13.38 -0.24 -24.91 9.9200 2.1600 -16.8300 8.0667 3.0089 1.5656 4.22 -2.94 -8.34 224 414 339 410 230 
-0.4487 0.8417 0.2065 0.2183 46.19 33.94 108.50 -1.47 1.67 -4.74 -6.7600 10.4800 -0.6400 3.7178 2.0756 2.6322 3.82 -8.89 1.53 220 431 382 444 231 
-0.7495 0.6166 0.0189 0.2403 35.63 17.94 74.56 -0.33 -1.68 2.12 -2.8000 6.5600 -0.2600 -0.0356 0.3711 -0.5822 3.22 -8.88 2.60 216 436 386 443 232 
-0.7380 0.6077 0.0068 0.2934 44.81 23.00 74.12 3.67 -6.36 1.73 -0.0600 2.0500 -0.7400 -0.5389 -0.2844 -1.1022 4.59 -8.42 2.02 209 429 362 409 229 
-0.6883 0.6409 0.0725 0.3320 54.38 34.50 78.94 6.44 -7.35 0.82 0.7500 0.6600 -1.6400 0.7111 3.2589 -3.3011 6.78 -6.45 2.89 204 341 329 331 219 
;
