0.1389 -0.5922 -0.6027 -0.5165 149.81 51.25 -133.00 7.64 4.52 -4.41 -0.0500 0.0200 -0.1300 0.0144 0.1144 0.0578 7.70 4.44 -4.12 169 318 323 342 208 
0.1438 -0.5910 -0.6004 -0.5192 148.87 51.88 -132.69 7.65 4.51 -4.30 -0.0400 0.1300 -0.2600 0.0033 0.1678 0.0911 7.81 4.37 -3.99 167 317 325 345 208 
0.1675 -0.5893 -0.5849 -0.5316 142.00 57.88 -131.44 13.35 6.74 -3.92 8.5600 3.8100 0.0100 0.1189 1.2611 2.4733 9.08 2.49 -2.74 178 333 337 405 212 
0.3245 -0.6197 -0.4244 -0.5749 116.06 86.62 176.62 16.38 5.32 -0.43 2.7500 6.7900 -2.1800 -3.9344 6.2433 5.7078 7.68 -5.02 3.44 175 371 347 431 217 
0.4912 -0.5271 0.1780 -0.6702 107.31 21.94 69.56 1.68 -1.01 -2.85 -0.3900 8.1500 -4.3900 -5.7344 3.3856 3.2689 0.42 -9.76 -0.77 159 379 359 433 217 
0.3358 -0.4241 0.6836 -0.4900 109.62 -4.31 112.12 -0.81 -4.39 -11.56 0.0300 4.6100 -8.5600 1.2889 -0.8678 0.0556 -1.13 -9.13 -3.38 154 361 350 422 217 
0.4029 -0.3989 0.6411 -0.5172 103.87 -4.50 87.25 -0.34 -1.10 -2.24 2.1500 9.3700 -1.5400 10.0033 -2.3789 -1.9178 0.85 -6.78 7.02 162 380 355 425 223 
0.5845 -0.2181 0.2350 -0.7454 103.00 2.37 41.56 2.65 -2.76 16.46 2.5800 4.9200 7.5500 -7.2111 0.3944 0.3100 0.07 -9.16 3.47 160 386 353 429 221 
0.4422 -0.4047 0.5629 -0.5691 104.00 -3.06 96.75 -0.17 -5.64 -19.30 0.0300 3.2000 -17.2200 0.8900 -0.2500 -0.3044 -0.45 -9.62 -1.84 155 367 345 420 219 
0.4705 -0.4039 0.5120 -0.5944 103.50 3.19 67.69 1.20 0.53 3.96 3.2600 11.5400 7.9600 8.8078 -0.5433 -0.7867 1.59 -4.94 8.31 174 389 355 412 221 
0.6256 -0.2247 0.1139 -0.7383 99.56 11.75 29.06 6.52 -2.65 15.01 3.6400 1.9100 3.9500 -4.7533 -0.0567 0.3867 1.78 -7.42 6.15 171 369 345 426 219 
0.4130 -0.2982 0.4698 -0.7209 129.50 0.56 80.25 3.90 -7.07 -1.52 3.3800 3.0400 -0.4000 -7.9411 2.8811 1.3567 -0.43 -8.95 -3.97 116 333 327 356 187 
0.1647 -0.2203 0.8552 -0.4393 135.12 -6.94 126.75 -1.82 -5.79 -9.10 -0.2500 1.9200 -1.9700 -0.0467 -0.2589 0.6822 -1.64 -7.53 -6.05 116 346 348 366 195 
0.1907 -0.1892 0.8764 -0.3996 128.44 -10.75 126.44 -6.05 -4.04 -17.44 -2.7500 4.6200 -12.6900 5.0522 0.7222 -1.5744 -0.68 -9.44 -2.55 120 344 342 366 202 
0.1600 -0.1439 0.6650 -0.7152 158.12 0.37 76.37 3.50 -2.32 31.62 3.1200 5.8700 28.7500 -2.8467 -1.0044 -0.4656 0.50 -9.66 1.57 121 349 348 375 206 
0.1281 -0.1946 0.6995 -0.6756 157.19 4.62 102.12 -0.37 -4.88 -10.73 -2.3700 4.5500 -10.3200 -2.9733 -1.2856 0.4489 0.25 -8.63 -4.64 121 347 341 371 204 
0.1522 -0.2376 0.7872 -0.5483 151.69 2.44 101.25 0.69 -5.99 5.55 0.0000 4.4500 10.1700 2.8867 -0.1578 -0.2911 0.78 -9.69 1.21 132 356 350 385 214 
0.1763 -0.2249 0.6821 -0.6731 145.25 1.62 100.87 0.41 -6.52 -4.46 -0.3800 3.3400 -3.0500 -5.7167 -1.1411 1.1233 -0.85 -7.87 -5.78 140 351 325 367 203 
0.2062 -0.2988 0.8635 -0.3499 117.37 -8.81 131.75 -1.92 -3.42 -9.59 0.0600 3.9600 -3.6700 4.9456 -2.1678 -1.6100 -1.41 -9.01 -3.59 151 312 301 300 199 
;
