0.0233 0.1152 0.1702 0.9784 181.00 12.06 -18.19 7.48 4.65 9.14 4.5000 2.3100 -1.1300 -2.3556 1.4000 3.0444 1.50 1.03 9.63 184 295 289 304 200 
-0.1693 0.0867 0.0294 0.9813 154.81 11.56 -1.37 0.39 1.64 7.75 -3.5100 1.4600 -1.5400 1.9311 -1.5067 2.0811 2.96 1.07 9.28 184 304 299 313 200 
-0.3315 0.1479 0.1639 0.9172 139.87 23.25 -17.37 2.09 5.80 12.17 -0.9500 4.2700 6.0000 1.3944 1.7800 -0.6244 2.98 3.99 8.44 186 324 312 335 204 
-0.3223 0.1090 0.2357 0.9103 142.06 23.81 -20.50 5.11 7.00 15.26 0.5500 3.1500 5.1800 -4.5589 -2.1189 0.3422 5.34 0.64 8.19 187 357 335 380 212 
-0.2549 0.3453 -0.0135 0.9031 148.81 39.69 27.69 8.88 0.16 4.86 1.6400 5.5300 -2.0400 -5.2433 -0.6500 2.5189 5.81 -6.76 4.07 188 347 338 378 211 
-0.2442 0.4711 -0.3976 0.7486 142.69 26.94 80.31 1.17 -4.53 -2.88 -3.1000 4.1800 -3.5000 -2.6933 -1.8578 1.4267 3.20 -9.20 -1.10 185 353 354 384 210 
-0.2521 0.4749 -0.6000 0.5925 133.62 12.94 100.81 -0.80 -6.77 -5.94 -2.6100 3.0100 -4.4300 0.6989 0.4722 0.4511 1.80 -9.53 -1.38 185 349 354 390 210 
-0.2590 0.3793 -0.6057 0.6498 135.94 10.50 84.06 0.37 -1.57 -3.31 -0.0400 6.9200 -1.1900 7.6100 -0.7867 -1.6056 2.98 -7.18 5.96 183 360 357 419 215 
-0.3903 0.2799 -0.1860 0.8571 130.25 17.50 32.13 2.68 -3.11 25.21 -0.5800 2.0600 15.3700 -4.0511 0.2622 0.0689 2.43 -6.73 6.69 179 360 362 412 215 
-0.3283 0.3247 -0.4150 0.7839 135.75 12.69 73.87 3.17 -3.55 -5.23 -0.6100 5.0600 -10.2300 -5.4478 1.2378 0.5878 1.59 -9.59 -1.27 175 349 332 362 208 
-0.2222 0.3665 -0.6500 0.6276 138.87 9.94 89.00 0.64 -0.87 -8.40 -0.8700 9.1900 -5.5700 9.2078 -1.9944 -1.0722 2.79 -7.02 6.24 188 363 342 396 216 
-0.4257 0.2650 -0.1599 0.8503 125.44 17.94 28.00 3.49 -1.53 24.88 -0.0500 2.2700 15.2100 -2.9322 -2.2000 -0.1122 3.81 -5.43 7.21 182 367 334 374 212 
-0.4020 0.4222 -0.2339 0.7781 125.00 28.75 65.19 1.31 -6.55 -0.14 -3.9200 -0.1400 -1.5100 -2.4733 -11.4644 1.9833 3.49 -9.04 -1.45 120 335 152 153 100 
-0.5920 0.6813 -0.2247 0.3672 56.13 11.56 83.06 -1.24 -9.74 1.99 -2.8600 -0.3500 0.9100 2.1567 -0.3667 1.0289 1.41 -9.11 3.31 118 342 156 158 105 
-0.7667 0.5287 -0.1518 0.3311 45.38 6.19 65.19 1.96 -7.04 3.68 1.0000 1.8700 -0.4600 0.1811 -0.0233 0.1500 0.97 -8.75 4.30 117 338 161 163 108 
-0.7903 0.5056 -0.1367 0.3181 43.88 6.37 61.63 2.61 -12.41 -6.38 2.1700 -3.6700 -11.7000 3.0944 -0.2900 0.4089 1.07 -7.54 6.17 113 352 165 166 109 
-0.8856 0.3519 -0.0712 0.2946 34.19 5.12 36.56 3.06 5.49 21.81 1.3900 9.5600 12.4500 -0.2011 0.4367 -0.5156 1.00 -5.41 8.11 116 357 168 169 110 
-0.8973 0.3183 -0.0459 0.3023 38.81 6.37 39.94 1.13 -3.24 7.97 -0.1900 3.7200 0.8000 -3.5267 0.7756 -0.5589 1.02 -7.79 5.86 132 340 178 179 121 
-0.7557 0.5252 -0.1616 0.3564 55.81 9.81 74.81 4.57 -8.22 0.34 2.4300 0.4100 -2.2900 -4.0078 2.7100 -2.2933 3.11 -9.29 -0.21 152 359 184 181 123 
-0.4805 0.6688 -0.2539 0.5074 101.12 31.31 91.00 3.47 -7.85 -3.46 -4.6100 -1.0300 -3.1900 3.0233 -0.9878 -2.9611 7.12 -6.66 0.99 122 377 177 171 114 
-0.4161 0.6647 0.0352 0.6195 112.75 63.75 77.37 7.54 1.04 -0.89 -1.7000 4.0900 -3.1800 0.7400 -0.9511 -4.3000 9.78 -0.66 0.19 123 387 192 174 116 
-0.2756 0.6266 0.3446 0.6423 134.00 79.94 -109.06 20.78 7.57 -8.40 13.0900 5.7600 -5.9800 4.2133 1.2656 -0.4089 9.58 1.96 -0.72 137 391 194 180 119 
-0.4402 0.5029 0.4879 0.5615 95.69 82.81 -8.31 10.31 7.34 6.98 -3.6700 6.2300 3.6800 -1.6322 5.4644 3.3044 8.28 -2.35 4.69 135 391 193 179 120 
-0.6791 0.4474 0.1549 0.5609 76.31 40.19 43.50 -5.29 -3.79 3.91 -10.9700 2.2500 -1.6200 -1.8089 -0.4244 0.2133 5.97 -6.32 4.52 134 390 193 179 122 
-0.6309 0.5591 0.0663 0.5339 85.44 47.75 62.81 2.58 1.86 -3.12 -2.9700 8.0000 -5.7500 -1.1922 -1.3111 -4.1667 9.08 -3.36 1.51 135 390 194 181 124 
-0.4033 0.6179 0.2446 0.6291 118.94 82.75 42.63 16.14 2.92 -5.32 8.0400 3.2100 -5.6200 1.5367 -1.2556 -1.1800 9.79 0.51 -0.14 138 382 194 184 125 
-0.3865 0.5994 0.4185 0.5623 107.50 85.25 178.62 12.97 1.08 6.25 2.0800 1.8300 7.3100 -0.1189 0.7256 1.3378 9.69 -1.42 -0.42 138 375 185 182 123 
-0.4465 0.6268 0.3532 0.5320 101.94 79.19 96.44 7.93 -1.43 -0.02 -1.4800 0.1400 -0.8600 -1.0367 0.2533 -0.1244 9.65 -1.71 -0.01 153 340 188 196 138 
;
