-0.3233 0.1284 0.2110 0.9135 140.94 21.81 -19.00 3.81 3.03 8.54 0.0700 0.0000 -0.0300 0.0278 -0.0133 0.0189 3.67 2.98 8.58 190 380 338 356 204 
-0.3245 0.1302 0.2136 0.9122 140.81 22.12 -19.25 3.74 2.96 8.52 0.0300 -0.0200 -0.0600 0.0256 -0.0322 0.0022 3.72 3.02 8.55 191 380 339 359 203 
-0.3247 0.1320 0.2164 0.9112 140.69 22.44 -19.44 3.33 2.77 8.39 -0.1400 -0.0800 0.0300 0.0744 -0.3833 0.2256 4.09 2.97 8.39 193 372 328 357 203 
-0.3266 0.1956 0.2308 0.8954 141.25 36.50 -18.00 9.05 5.32 15.48 3.0200 2.7400 9.8500 -3.5033 -4.7733 0.8522 8.19 0.57 5.34 178 343 333 369 207 
-0.2260 0.5552 0.0950 0.7948 147.56 71.50 39.25 17.72 3.21 4.20 7.1700 7.6200 0.9500 -3.3378 0.2633 6.0256 7.90 -5.75 0.74 161 384 348 402 215 
-0.3107 0.6025 -0.3245 0.6597 128.25 27.44 86.37 -0.59 -1.49 -6.87 -3.3100 6.6100 -7.9400 -2.3778 4.0422 2.7867 2.03 -9.58 -0.40 165 395 355 420 219 
-0.2513 0.3765 -0.6162 0.6445 137.81 9.69 88.81 0.70 -3.57 -11.04 -0.3100 7.5000 -9.8100 6.1300 -0.2778 -0.1344 1.73 -8.78 4.00 170 379 357 409 220 
-0.3792 0.2538 -0.3096 0.8342 130.00 9.44 39.13 0.23 -4.91 33.07 -0.4600 1.2200 17.2600 -5.1533 -0.7422 -0.0500 1.75 -7.91 5.51 170 381 360 414 220 
-0.3106 0.3312 -0.5074 0.7324 136.56 9.19 84.31 1.02 -4.38 -10.40 -0.4100 4.8900 -11.5100 -2.4711 0.1456 -0.4533 1.70 -9.48 -1.84 172 376 345 407 217 
-0.2415 0.3632 -0.6265 0.6461 135.56 9.38 83.19 1.44 -2.20 -3.60 0.0000 8.0200 -3.2400 9.9678 -2.5567 -0.7800 2.55 -6.78 6.60 188 372 320 309 194 
-0.4554 0.3365 -0.1642 0.8077 118.25 31.44 42.19 8.59 -6.77 5.89 2.4500 -0.2100 -3.7100 -1.3611 -11.4822 -0.3289 7.87 -5.79 -0.74 156 379 179 175 115 
-0.4048 0.8414 0.1588 0.3207 62.19 35.06 133.75 7.07 -6.85 -8.63 1.5400 -0.7400 -2.5400 2.1122 -2.3822 -0.1611 4.40 -6.59 -5.76 125 392 183 179 112 
-0.4692 0.8313 0.2819 0.0965 19.56 25.06 123.87 6.93 -5.46 -4.89 1.3500 2.3800 -0.9300 2.1611 -0.0211 -0.1978 4.40 -8.00 -3.55 129 421 191 182 114 
-0.6479 0.7070 0.2500 0.1331 18.37 31.44 101.50 9.13 -3.94 5.60 -1.9700 0.9100 -0.4000 -1.7644 2.5300 0.4011 5.12 -8.16 -1.80 129 422 195 188 119 
-0.5964 0.7507 0.2441 0.1453 27.62 30.81 105.62 5.18 -9.73 -8.51 -9.7500 4.6800 11.9800 1.1511 -3.2767 0.3156 5.13 -8.28 -1.04 126 421 190 182 113 
-0.6699 0.6845 0.2409 0.1567 29.19 32.38 93.69 0.46 -6.69 1.39 -3.7900 2.0300 2.3500 -2.0400 -1.0211 -1.1222 5.54 -7.83 -2.02 135 415 193 188 119 
-0.5579 0.7515 0.2721 0.2236 53.31 44.38 114.62 7.17 -2.69 -1.63 -1.5200 1.2400 0.8000 -2.5111 6.5411 -3.6833 9.01 -3.78 -0.75 159 396 209 198 137 
;
