0.1180 0.1076 0.2660 0.9507 193.94 7.87 -32.31 1.44 5.45 8.41 0.3100 0.3300 0.1700 -0.0789 0.5022 0.1344 1.13 5.12 8.28 170 360 357 405 213 
0.0908 0.0803 0.2595 0.9581 189.62 6.25 -30.50 -1.34 5.00 11.46 -3.0600 0.0900 4.1000 -0.4300 -1.7056 1.0278 2.40 4.44 8.40 175 294 308 357 218 
0.0331 0.2078 0.2220 0.9521 182.31 29.31 -28.25 10.01 6.66 12.82 2.1400 3.1400 5.9400 -1.7433 -1.6778 2.5489 6.71 1.90 6.89 168 331 325 367 217 
-0.0731 0.4248 0.0408 0.9014 167.37 55.06 15.81 9.58 4.07 5.02 0.2600 7.0500 -1.6400 -4.1333 -4.1344 5.5256 7.57 -5.98 1.71 142 297 295 316 214 
-0.2776 0.5883 -0.4022 0.6443 128.19 26.25 93.56 -0.45 -3.54 -1.70 -4.5200 4.7500 -1.0400 -1.8000 1.3867 4.1133 0.84 -9.58 -1.90 142 333 336 355 217 
-0.3383 0.4182 -0.6703 0.5111 115.00 -2.81 104.50 -6.07 -7.12 -8.58 -4.4600 2.1500 -6.1600 2.3689 0.8900 -0.5556 -0.07 -9.74 -1.13 143 377 346 401 217 
-0.3201 0.3227 -0.5714 0.6833 131.94 7.44 71.19 -0.09 2.13 -4.81 -1.2300 10.9900 -6.3800 10.1067 -0.5067 -1.9633 2.44 -4.95 8.10 151 376 348 389 218 
-0.3648 0.0937 -0.1398 0.9158 137.62 3.25 24.00 5.20 3.49 19.45 3.7200 9.9200 2.2800 -8.6611 -1.0544 -0.3011 1.51 -8.22 5.12 143 375 336 360 218 
-0.2542 0.2822 -0.5760 0.7238 142.81 5.44 90.31 -3.10 -9.36 -22.88 -2.5600 -0.5400 -23.3600 2.3656 -0.7133 -0.5367 0.90 -9.74 -0.58 141 367 311 346 217 
-0.3017 0.3257 -0.4835 0.7544 134.94 16.87 49.19 7.36 16.66 13.38 3.5000 22.7800 13.6100 8.2178 -2.1922 -0.6944 4.44 -0.56 8.72 154 393 270 289 207 
-0.4237 0.2752 0.1324 0.8528 126.87 39.94 2.44 8.48 0.23 8.69 1.1300 -1.3400 -0.0700 -1.9189 -2.8511 1.7256 7.29 -2.16 6.18 158 285 150 167 120 
-0.4587 0.4443 0.0869 0.7646 114.50 48.56 23.37 11.31 -3.54 5.57 -1.2600 0.9400 -5.0100 3.7656 1.3800 1.1333 6.55 -1.62 7.11 150 177 166 165 122 
-0.5967 0.2739 0.1357 0.7420 100.75 29.37 8.13 2.20 -2.84 3.00 -2.2400 -0.2100 -4.8700 1.6567 1.0111 2.0156 3.50 -0.83 9.12 146 195 160 171 126 
-0.6985 0.1049 0.0914 0.7020 88.94 14.19 -1.31 0.35 4.51 9.23 -1.7900 3.8500 -0.1600 0.6144 0.4300 0.5556 2.11 0.70 9.54 153 200 170 174 128 
-0.7363 0.0536 0.1051 0.6663 84.19 13.69 -2.62 0.81 0.25 8.97 -0.9800 -0.1200 -0.8000 -0.7167 -0.1689 -0.5122 2.20 0.02 9.55 151 214 173 177 130 
-0.6979 0.0803 0.0550 0.7095 93.69 8.75 3.50 4.63 2.66 9.90 2.4300 3.0100 0.5000 -1.5122 2.3478 -2.3944 0.15 -1.50 9.68 136 212 177 183 134 
-0.5837 0.0468 -0.0987 0.8046 108.81 -3.62 14.25 1.17 -7.08 7.25 1.0200 -4.8300 -1.8300 -0.2256 -0.9511 1.7289 -0.74 -2.73 9.38 136 197 180 185 135 
-0.6056 0.0505 -0.1445 0.7809 104.19 -5.25 17.25 -0.22 -2.55 8.82 0.9000 0.4100 -0.8200 -0.2767 -0.5900 0.3000 -0.36 -2.96 9.33 143 218 180 188 139 
-0.6422 0.1074 -0.1171 0.7499 96.94 2.44 19.44 -2.77 -2.27 8.84 -4.0600 1.3400 -0.3300 -1.6900 -3.1589 0.9311 2.12 -4.57 8.41 165 284 191 190 140 
-0.6900 0.3263 -0.0812 0.6409 80.19 23.06 44.38 5.96 -4.98 4.73 2.7400 -0.5300 -2.5700 -2.1567 -4.1278 2.1933 4.34 -7.82 4.01 141 318 188 184 137 
-0.7131 0.5650 -0.0200 0.4145 60.75 26.31 66.87 4.93 -11.48 1.85 1.0600 -3.7300 -1.9500 -0.9111 -0.1900 0.1811 4.37 -8.30 2.84 148 323 192 186 138 
-0.6793 0.6021 -0.0406 0.4177 62.44 25.87 72.87 5.88 -10.96 -2.11 2.1100 -3.6000 -7.4400 0.6322 0.6233 0.6433 3.84 -8.47 3.07 141 328 189 183 138 
-0.7596 0.5068 -0.0575 0.4036 51.63 15.00 48.31 2.50 8.79 3.37 -3.7800 21.7300 3.9700 6.5422 1.2044 1.6589 1.06 -3.10 9.23 145 336 194 184 138 
-0.9271 0.1140 0.0009 0.3572 43.75 4.81 12.38 0.23 -0.56 9.60 -0.0600 0.8700 -0.5800 -1.2233 -0.3678 -1.0089 1.21 -2.88 9.29 149 336 194 187 138 
;
