0.0675 0.4095 0.1240 0.9013 188.56 46.13 -23.69 7.02 2.78 6.23 0.0000 0.0300 0.0200 -0.0089 0.0033 0.0000 7.07 2.73 6.21 179 350 340 376 204 
0.0676 0.4095 0.1240 0.9013 188.56 46.13 -23.69 7.02 2.77 6.26 -0.0100 0.0200 0.0400 -0.0100 -0.0122 0.0011 7.07 2.73 6.21 183 350 340 376 207 
0.0677 0.4097 0.1239 0.9012 188.56 46.19 -23.75 7.07 2.79 6.23 -0.0100 0.0200 0.0000 -0.0078 -0.0189 -0.0022 7.08 2.73 6.20 179 350 347 375 204 
0.0679 0.4100 0.1238 0.9011 188.56 46.25 -23.75 7.25 2.79 6.16 0.1700 0.0700 -0.0300 -0.0122 0.0167 -0.0144 7.08 2.73 6.20 183 352 340 376 208 
0.0669 0.4082 0.1320 0.9008 187.12 44.94 -27.75 9.25 9.53 15.51 1.4900 6.9900 10.8700 -1.6133 1.1656 0.5544 6.36 2.83 6.90 202 381 343 392 218 
0.0347 0.3371 -0.0066 0.9408 184.56 35.56 14.06 6.74 3.09 2.76 0.9200 5.6600 -5.6200 -7.6200 1.5211 2.1433 4.05 -6.71 5.88 205 393 336 397 218 
0.0573 0.1153 -0.5123 0.8491 187.87 10.94 67.75 -0.49 -4.55 -1.78 -1.7100 4.7700 -3.8400 -3.8811 1.0656 1.5522 0.06 -9.80 0.21 199 393 344 405 220 
-0.0087 -0.0209 -0.7371 0.6755 176.87 -3.69 94.12 -2.45 -7.44 -15.31 -3.4800 2.9400 -15.0800 5.5167 -0.9022 -0.1922 -0.47 -9.27 3.15 193 392 346 405 217 
-0.0069 0.0232 -0.4022 0.9153 179.62 6.62 31.62 6.20 12.62 19.58 5.4200 16.0900 14.6300 5.5556 0.2833 -0.1467 1.53 -0.30 9.68 204 406 355 405 220 
0.0121 0.0874 -0.0692 0.9937 182.50 11.25 18.12 5.72 3.74 12.33 3.4700 8.4100 2.6000 -8.5489 -0.1956 0.9500 1.72 -7.86 5.59 194 399 352 395 220 
0.0112 0.0602 -0.6148 0.7863 180.69 3.00 87.44 -1.76 -3.77 -10.03 -2.3700 4.8900 -10.8600 -3.9989 -0.0700 1.1356 -0.48 -9.33 -2.96 189 392 350 397 217 
-0.0344 -0.0057 -0.7958 0.6046 174.81 -2.37 97.75 -3.84 0.65 -9.65 -3.5000 11.0600 -8.7900 9.4600 -0.0456 -1.5844 0.63 -8.55 4.74 196 400 349 411 220 
0.0034 0.0645 -0.2978 0.9525 180.56 6.56 26.75 2.19 -1.67 25.15 0.5500 0.7900 12.4400 -0.6289 -0.6967 -0.2056 1.25 -4.09 8.82 198 389 351 388 221 
0.0113 0.0974 -0.2614 0.9603 181.50 13.44 33.19 1.56 -6.43 4.66 -0.5600 -1.5900 -4.6400 1.7256 -1.3611 -0.9800 3.53 -4.11 8.16 195 288 319 361 219 
0.0245 0.1854 -0.0856 0.9786 183.94 23.12 -1.69 4.22 -2.13 5.84 0.8000 -2.9600 -2.1600 4.0600 -0.4922 -0.6333 4.28 3.35 8.15 193 313 331 396 225 
-0.0333 0.2838 0.2213 0.9324 168.56 42.31 -26.56 9.94 9.28 13.38 1.6500 6.7000 7.0800 -2.2556 -4.2289 7.4411 8.83 -1.88 3.81 194 298 318 396 227 
-0.3494 0.6794 -0.0820 0.6400 105.94 40.31 103.37 4.69 1.50 1.67 -1.1200 9.1700 5.1700 -5.2933 0.5489 2.6944 3.53 -7.20 -5.63 200 276 279 352 228 
-0.1922 0.8477 -0.3710 0.3268 226.81 29.31 150.37 8.74 1.43 -16.42 5.0700 1.2000 -12.0200 -3.1478 -0.6400 -0.2444 4.51 -1.75 -8.52 210 298 295 356 228 
0.0189 0.8862 -0.3995 0.2339 228.44 25.37 170.37 6.05 -3.32 -9.72 1.1100 -1.5500 -0.4600 0.3522 0.2911 -0.2122 4.51 -1.58 -8.56 211 304 292 361 231 
0.0150 0.8870 -0.3825 0.2582 226.50 28.25 168.44 4.47 -2.29 -8.68 -0.2300 -0.5700 -0.8100 0.3078 0.0889 -0.4511 4.80 -1.77 -8.36 203 286 296 376 230 
0.0091 0.8904 -0.3490 0.2921 222.12 33.75 165.81 9.20 -4.60 -11.84 2.1800 -2.2500 -3.8800 2.8522 3.8222 -0.6900 7.35 -3.13 -5.67 195 397 174 174 109 
-0.0981 0.8029 -0.2137 0.5479 153.94 59.75 125.87 2.46 -1.40 1.34 -7.7900 2.4200 4.0600 2.5044 0.6600 -1.2667 9.07 -3.53 -1.12 136 418 187 182 120 
-0.1765 0.7377 -0.0231 0.6512 152.19 75.06 113.06 4.28 1.39 -2.11 -3.8300 3.3700 -1.3800 -0.0656 -0.7878 -2.6256 9.64 -0.31 -1.72 129 410 200 188 121 
-0.0717 0.7696 0.1348 0.6200 165.81 75.69 -159.19 22.04 1.08 -4.99 13.3100 1.3900 -0.8000 2.5533 1.8711 0.5189 9.68 0.44 -1.47 124 391 204 191 125 
-0.2413 0.6807 0.2087 0.6594 134.94 81.06 45.25 9.79 2.10 3.94 -0.5800 3.6500 2.0000 -0.4389 4.9700 2.1511 8.36 -2.56 4.41 150 388 199 189 127 
-0.3895 0.4463 -0.0085 0.8057 129.50 38.81 33.56 -3.53 -4.51 7.55 -9.0200 1.3800 0.7300 -2.7933 -0.1144 1.5689 5.18 -6.18 5.56 138 391 201 189 124 
-0.3356 0.4642 -0.2315 0.7863 139.06 40.06 58.50 -3.05 1.30 -0.59 -8.6900 7.7800 -6.1500 -1.7489 -0.2589 -5.3033 8.68 -3.62 2.75 142 395 200 193 127 
-0.0084 0.6045 -0.0782 0.7927 183.12 77.81 9.44 15.12 5.93 -5.60 8.1500 5.4200 -6.5600 1.7233 -2.1067 -1.5511 9.74 1.09 0.20 139 383 202 190 128 
0.0030 0.7342 0.0742 0.6749 175.44 81.62 -149.87 18.48 -1.71 -0.65 6.8300 -0.9400 3.5200 2.2700 0.1567 1.3211 9.69 -0.50 -1.41 148 380 201 191 127 
-0.1599 0.7396 0.1003 0.6460 150.75 80.25 128.75 7.15 -0.85 3.05 -2.7000 0.4000 3.2600 -0.4900 0.4233 -0.0944 9.67 -1.37 -0.83 147 381 201 192 126 
-0.1497 0.7333 0.0727 0.6592 155.50 81.69 129.62 8.87 -2.83 -1.98 -0.8100 -1.8400 -1.5300 -0.5900 1.5700 -1.0522 9.80 -0.30 -0.08 167 360 210 219 158 
-0.1083 0.6828 0.0895 0.7170 164.44 83.19 1.00 8.64 -1.13 1.04 -1.4200 -0.6700 -0.3000 0.2578 3.2167 -0.7589 9.06 0.17 3.74 170 371 320 392 218 
-0.0729 0.5027 0.0882 0.8569 171.06 59.31 -11.50 7.27 1.25 5.96 -0.8500 -0.1100 0.5200 0.5256 -1.4822 -0.0500 8.78 1.27 4.16 181 358 332 382 213 
;
