0.6851 0.2174 0.0784 0.6908 269.50 11.13 -24.44 2.13 3.30 9.04 0.2000 -0.6600 0.2800 -0.0222 0.0056 -0.1511 1.86 3.98 8.76 170 317 349 384 222 
0.6899 0.2158 0.0793 0.6864 270.19 10.69 -24.44 1.75 3.88 8.87 0.0600 -0.2300 0.1500 0.0656 -0.0089 0.0933 1.85 4.00 8.75 171 322 356 387 223 
0.6879 0.2156 0.0807 0.6883 270.25 10.50 -24.62 0.83 4.78 11.31 -3.1200 1.2800 4.3600 0.5911 -3.4656 0.3133 3.32 4.27 8.17 179 333 310 374 230 
0.6176 0.4330 -0.1006 0.6488 260.25 57.13 -36.13 21.10 6.10 11.13 10.8800 5.9200 12.0100 0.3189 0.7678 6.5533 9.06 -1.03 3.60 185 354 335 385 225 
0.2897 0.3272 -0.4406 0.7842 218.19 38.19 66.87 0.15 7.90 -6.16 -3.2900 15.6100 -8.2200 -8.6811 0.5056 5.9278 1.79 -9.05 -3.31 178 308 327 375 217 
0.1245 -0.1699 -0.8589 0.4669 205.37 1.50 118.31 -3.93 1.91 -16.28 -3.9800 12.8900 -12.5500 10.0956 -1.7289 -3.0644 2.13 -9.21 2.59 183 355 342 411 231 
0.1641 0.1728 -0.3760 0.8954 200.50 27.19 34.25 14.46 8.56 34.53 8.2000 8.8000 25.6500 -3.4767 -0.5022 1.1889 4.26 -6.15 6.33 177 365 362 415 233 
0.1432 0.1183 -0.5392 0.8214 200.00 15.94 77.50 2.65 -0.83 -5.71 -1.7900 6.1000 -9.5100 -5.7500 2.3711 2.0556 1.09 -9.51 -2.11 166 325 342 388 228 
0.1354 -0.0842 -0.7830 0.6012 204.06 8.38 96.31 -2.12 1.91 -14.54 -1.2600 14.9800 -11.6200 11.0711 -3.3444 -2.9611 3.93 -6.94 5.69 177 369 364 402 232 
0.1143 0.1899 -0.3163 0.9224 193.37 25.19 36.81 8.57 -1.56 24.24 3.5000 5.1800 8.1300 -6.3656 -1.2222 0.8922 4.07 -8.04 3.85 167 321 358 390 226 
0.0961 0.1298 -0.6375 0.7534 195.94 15.31 86.87 -0.69 -6.94 -7.13 -3.4500 2.9000 -7.1200 -0.3011 2.2222 -1.1944 2.89 -9.36 0.33 159 237 215 218 162 
0.2178 0.1145 -0.6285 0.7379 215.87 34.31 66.25 -0.39 5.54 -2.48 -5.4400 11.0900 -6.2600 11.3022 0.8622 -6.1622 7.14 0.67 6.68 176 266 254 266 187 
0.3433 0.4207 0.0093 0.8397 226.19 41.13 -32.25 12.26 12.73 18.00 14.7400 11.9600 16.8800 -4.7889 0.7544 0.5300 6.40 3.02 6.78 183 282 272 288 178 
0.4142 0.4104 -0.0709 0.8093 233.81 48.69 -16.56 13.31 1.49 18.30 5.3600 1.1200 12.8900 -2.6500 0.4867 2.9033 7.59 -0.82 6.15 185 351 322 370 219 
0.3226 0.3470 -0.3631 0.8023 220.87 46.94 54.00 12.04 8.68 4.36 3.3000 16.5100 -0.4700 -6.7222 0.6322 6.7944 3.37 -9.20 0.16 183 343 325 367 222 
0.0858 -0.0559 -0.7900 0.6045 189.62 -3.06 113.56 -5.72 0.99 -12.24 -5.2100 7.0000 -9.2800 -1.7200 0.0044 1.5489 -1.96 -7.75 -5.66 180 312 299 339 215 
0.0152 -0.1636 -0.8323 0.5294 186.69 -4.50 107.25 -3.22 7.76 -17.00 -1.6800 19.9300 -15.1400 10.2789 -3.0389 -6.1133 3.91 -7.92 4.25 173 315 300 320 219 
0.1385 0.3087 -0.1738 0.9249 197.12 39.19 -6.00 2.64 33.24 11.43 1.8000 25.8400 11.5300 4.0622 -2.1267 -0.6444 5.76 5.87 5.32 193 374 357 391 226 
0.1301 0.4062 0.3129 0.8486 198.06 39.75 -52.63 9.67 7.88 7.04 1.7900 1.4800 1.2800 -1.5389 -0.9522 0.5656 6.95 5.01 4.75 186 376 356 386 226 
0.1630 0.4437 0.1982 0.8587 201.00 41.56 -40.25 7.88 5.21 6.05 1.0000 0.8600 -0.0700 0.8378 0.8422 0.2489 6.00 5.01 5.91 192 336 331 381 230 
0.0947 0.4354 0.2180 0.8683 186.75 63.75 -38.69 -3.79 1.82 -1.48 -6.5300 3.4100 2.1500 -4.5922 -19.1656 19.1122 1.80 -4.41 -8.56 204 267 262 326 210 
-0.0184 0.8024 -0.5931 0.0632 252.75 7.44 -177.44 4.79 1.59 -18.29 2.7800 3.0100 -6.7600 -2.1944 -0.6633 -0.0333 2.00 2.05 -9.37 207 292 284 344 213 
0.1566 0.8088 -0.5657 0.0363 249.81 14.31 -168.00 3.63 2.46 -9.59 -1.9600 2.3200 1.7500 0.1489 0.3233 -0.2289 2.76 1.66 -9.25 208 295 289 349 212 
0.1324 0.8168 -0.5550 0.0856 248.37 16.69 -174.25 3.79 2.71 -6.65 1.4000 2.0500 2.2500 0.3500 0.4578 0.1711 3.15 0.55 -9.26 208 298 289 348 213 
0.1255 0.8107 -0.5539 0.1421 247.81 24.94 -177.87 10.60 2.73 -11.24 6.3200 2.9100 -2.8800 0.9111 8.4644 -0.5900 8.52 -0.06 -4.85 185 326 303 332 221 
;
