0.0283 0.0336 0.0424 0.9981 183.25 3.69 -4.94 0.77 0.50 9.76 0.2300 -0.3500 -0.0100 0.0633 -0.0067 0.0011 0.66 0.86 9.74 199 349 343 357 213 
0.0154 0.0357 0.0481 0.9981 180.81 4.06 -5.87 0.84 1.55 9.88 0.4200 1.1400 0.5500 0.2456 -0.0511 0.8089 0.83 1.11 9.70 200 361 352 397 216 
-0.0535 0.0656 0.0626 0.9944 171.62 10.13 -7.06 4.55 0.63 16.44 4.2100 -0.2600 6.0700 0.5789 -3.6878 2.9011 3.96 0.89 8.92 206 384 369 415 237 
-0.2242 0.2510 0.0208 0.9415 149.19 32.75 14.25 8.92 0.91 11.99 1.7000 3.9700 3.1900 -4.3600 -2.3067 4.5033 5.42 -6.11 5.41 200 391 369 416 235 
-0.3797 0.4395 -0.3333 0.7427 122.25 17.06 72.56 0.05 -0.99 -1.13 -1.2900 8.1000 -3.5900 -4.0378 1.1444 2.4211 0.65 -9.77 -0.37 202 397 374 420 242 
-0.3604 0.4256 -0.6284 0.5423 111.62 -0.25 100.00 -1.24 -5.33 -12.28 -0.7500 4.9100 -10.7900 4.5489 -0.0944 -0.1422 0.04 -9.71 1.32 203 389 368 416 236 
-0.4925 0.3151 -0.3769 0.7184 111.25 6.50 47.75 2.49 6.85 28.03 1.7300 10.8900 27.9900 0.6944 -0.3544 0.2978 1.53 -5.16 8.19 209 404 381 432 240 
-0.5087 0.2960 -0.2888 0.7551 113.50 8.06 56.75 3.98 -2.65 0.82 1.5800 7.4700 -6.0100 -7.7744 1.9311 0.4656 0.83 -9.74 -0.77 199 406 384 430 236 
-0.2964 0.4448 -0.6550 0.5341 121.06 4.56 102.50 0.98 -2.41 -18.68 -0.6400 7.5200 -15.9000 8.4267 -0.7433 0.1178 0.74 -9.32 2.95 195 381 372 405 235 
-0.5013 0.2800 -0.2785 0.7699 111.00 11.81 32.38 4.85 1.25 35.47 3.2200 1.8500 24.1500 -1.5244 -1.7011 0.2089 2.94 -5.13 7.81 197 395 389 420 242 
-0.5133 0.3654 -0.2191 0.7450 113.50 19.12 57.50 3.31 -3.27 -1.57 -1.0500 4.5400 -5.6200 -4.0056 1.9800 -0.3633 3.01 -9.02 2.35 197 366 347 354 222 
-0.3253 0.4207 -0.4354 0.7264 133.94 20.87 69.81 4.59 -7.15 2.61 2.0200 0.7900 0.3200 0.7500 -0.5533 -2.1344 4.73 -7.75 3.67 203 381 363 390 231 
-0.2770 0.4290 -0.3513 0.7847 141.62 27.62 64.37 4.74 -9.76 2.81 0.1600 -1.3000 -0.9400 -0.5578 0.1400 0.3044 4.31 -8.10 3.44 202 388 367 399 233 
-0.2800 0.4149 -0.3923 0.7717 139.31 24.44 67.62 4.01 -8.38 3.01 0.2500 -0.1900 -0.2400 -0.0778 0.0467 0.2400 3.90 -8.34 3.34 203 392 372 403 234 
-0.2949 0.3983 -0.4109 0.7653 137.00 19.25 68.50 4.39 -9.33 7.23 0.2100 -0.1300 2.4500 -3.0633 0.1556 0.9378 2.39 -9.33 1.84 208 397 381 409 237 
-0.2704 0.3896 -0.5873 0.6558 135.75 9.56 95.00 3.03 -6.94 -12.18 1.7400 3.2900 -10.9400 1.8544 -0.6333 1.1100 0.91 -9.75 -0.46 201 380 378 418 232 
-0.3627 0.3328 -0.5414 0.6815 120.00 3.44 65.87 -1.85 5.67 3.92 -1.4000 12.5100 1.6800 9.6033 -2.3500 -0.5789 2.06 -3.55 8.90 215 400 381 440 245 
-0.5510 0.1342 -0.0134 0.8235 112.44 8.38 9.88 -2.74 2.43 28.49 -1.5700 5.7200 14.6900 -6.4456 0.7467 -1.0211 1.33 -5.22 8.19 217 401 388 445 245 
-0.4178 0.2976 -0.3628 0.7780 127.25 10.75 68.69 5.98 -1.15 -12.62 3.2000 7.7900 -18.6500 -3.9911 0.0489 -0.1844 2.03 -9.59 0.05 209 370 375 393 230 
-0.3170 0.3763 -0.5338 0.6878 126.62 9.63 69.62 1.73 4.42 -2.18 2.4200 14.3200 2.6800 11.5833 -1.5978 0.3022 2.17 -4.09 8.63 220 395 385 438 242 
-0.5530 0.1570 -0.0387 0.8173 111.12 13.25 14.00 1.75 -0.60 22.20 0.6500 2.7100 7.1300 -4.8756 -1.0733 -0.5200 3.08 -5.24 7.69 215 389 386 426 240 
-0.4597 0.3587 -0.2499 0.7731 120.69 18.69 57.69 2.88 -4.07 -1.48 -0.3500 3.8800 -5.7000 -3.5400 -0.0867 0.1222 3.12 -8.97 2.40 211 373 364 383 229 
;
