0.6938 0.3056 0.0176 0.6519 273.25 21.06 -28.62 3.48 4.36 8.40 -0.9100 -0.2300 0.2600 0.1078 0.5422 0.0611 3.08 4.43 8.18 183 337 357 390 223 
0.6893 0.2808 0.0514 0.6659 271.75 17.00 -28.56 3.61 4.59 8.44 0.9200 0.1100 0.2400 0.3311 0.9122 -0.0611 2.38 4.66 8.28 184 352 358 395 225 
0.6747 0.2553 0.1312 0.6800 267.56 6.31 -33.63 -1.77 7.51 13.38 -1.9000 2.8700 5.3700 -0.0467 -1.9367 4.0478 2.36 5.05 8.06 188 366 344 388 225 
0.5165 0.3378 -0.0022 0.7868 242.19 41.25 -12.88 8.31 7.11 12.78 1.1600 7.4700 4.2500 -5.3833 -3.4556 6.0900 7.60 -4.08 4.65 197 356 344 390 226 
0.2272 0.2393 -0.5488 0.7681 204.50 27.00 77.81 1.71 4.74 -2.43 -3.1600 13.3700 -4.9200 -5.6844 0.8100 6.0711 -0.16 -9.66 -1.65 186 336 351 405 227 
-0.0833 -0.1223 -0.8287 0.5398 161.44 -17.00 118.19 -13.00 -3.42 -13.56 -9.3200 7.6500 -9.5400 5.2867 1.3989 -2.7633 -0.71 -9.71 -1.16 189 333 351 401 229 
0.1395 0.0034 -0.5776 0.8043 201.75 18.00 50.06 16.52 13.39 19.54 12.5500 17.8600 25.7300 2.9511 0.9467 -0.7811 3.39 -3.39 8.54 192 343 352 399 228 
0.2096 0.1268 -0.3084 0.9192 205.37 20.75 46.06 5.00 2.85 2.79 0.8900 10.5600 -3.6800 -8.1233 0.1356 2.7744 1.88 -9.53 1.30 180 365 352 395 226 
0.1281 -0.0651 -0.7607 0.6329 202.19 6.37 102.81 -4.53 -5.09 -22.17 -6.6600 9.0500 -16.1600 8.8856 0.0656 -2.6256 3.16 -8.51 3.68 191 377 351 400 232 
0.2098 0.2025 -0.2932 0.9105 205.19 31.50 19.75 9.49 9.26 19.58 3.3500 7.2100 13.5200 2.0156 -1.2044 -0.2311 5.81 -0.53 7.87 195 393 352 388 228 
0.1999 0.3206 -0.1342 0.9161 206.44 40.81 14.81 6.30 -3.12 5.22 -0.0900 -0.7400 -2.4400 -3.4856 -3.1644 0.3522 7.54 -3.88 4.90 179 405 178 180 143 
0.1274 0.5024 -0.4366 0.7354 185.00 52.88 108.31 10.20 -7.66 -12.14 5.2800 -0.3500 -6.4400 1.7644 -9.6644 1.5300 3.18 -7.10 -5.95 157 413 177 173 127 
-0.3216 0.7545 -0.4292 0.3783 95.37 16.44 119.81 4.26 -5.27 -2.29 0.7200 2.5200 1.7100 1.4267 -0.5322 -1.1578 3.26 -8.46 -3.71 150 420 180 173 131 
-0.3862 0.7304 -0.3120 0.4691 107.31 29.94 95.06 0.75 -0.57 15.99 2.6800 4.3300 16.3300 -1.3178 -2.7322 1.1100 4.88 -8.49 -0.43 149 417 187 180 134 
-0.3953 0.6669 -0.3186 0.5453 112.62 29.81 99.56 8.95 -11.30 -9.52 3.0700 -2.7500 -8.7500 4.7300 2.6522 -1.1178 5.82 -7.87 0.45 143 422 187 183 139 
-0.3918 0.6495 -0.2462 0.6033 121.69 35.94 86.81 5.84 -4.49 1.98 0.9700 3.2700 1.9300 -3.9111 5.4367 -1.3178 6.23 -7.53 0.74 167 415 189 189 141 
-0.0204 0.4509 -0.4677 0.7600 188.44 42.75 72.50 5.27 -5.30 2.20 -2.0100 1.1300 -0.0600 -1.0989 1.6600 -2.2244 7.23 -5.96 2.87 176 384 193 193 147 
0.2156 0.4257 -0.4800 0.7361 215.56 62.63 85.81 8.28 -3.51 -4.89 -0.1300 0.4200 -4.2900 -0.9911 -7.7656 -1.4589 8.05 -3.08 -4.65 176 380 191 187 138 
0.1428 0.7100 -0.5464 0.4207 220.62 47.81 159.94 9.06 -3.10 -8.20 4.0300 -0.7500 -0.9600 -1.0456 -0.4933 -0.0544 7.07 -1.62 -6.59 172 310 191 197 151 
0.2385 0.6653 -0.5638 0.4272 241.75 65.81 151.56 20.52 1.08 -5.67 8.0800 3.6000 -2.9600 -1.6456 9.1911 3.8344 8.45 -4.15 2.72 171 366 338 398 229 
0.4823 0.0353 -0.5870 0.6493 252.44 26.69 80.37 -1.03 -1.34 -6.43 -5.5000 7.3000 -7.3400 -4.9744 0.1544 3.6211 1.32 -9.36 -2.60 131 270 292 334 224 
0.3306 -0.3622 -0.7040 0.5137 249.31 6.81 99.12 -7.00 -1.04 -12.15 -5.0100 11.4100 -2.7800 7.7189 3.4389 -2.0344 2.12 -8.24 4.86 139 328 317 357 227 
0.5695 -0.2137 -0.4732 0.6373 261.75 14.69 70.06 1.25 -4.79 6.58 -1.0000 5.8700 0.3300 -5.8378 -2.4289 1.6267 1.75 -9.57 -1.20 142 312 309 351 227 
0.3139 -0.3738 -0.7266 0.4835 244.12 4.87 111.44 -7.81 -5.04 -20.97 -7.0300 6.9100 -13.5800 9.0711 3.3844 -2.4056 2.60 -9.20 2.16 160 342 331 370 230 
0.5947 -0.1644 -0.4390 0.6531 264.75 19.37 50.63 6.68 -7.41 17.18 1.5000 -1.0100 5.9800 -1.2322 -1.7556 -0.5778 3.94 -7.42 5.04 153 349 332 371 232 
0.5773 -0.1262 -0.5099 0.6251 265.12 25.44 61.50 3.69 -4.77 1.14 -1.4000 2.9200 -3.7700 1.0300 -0.4467 0.3856 4.14 -7.66 4.48 167 342 311 333 225 
;
