0.8176 -0.0908 -0.4361 -0.3649 48.13 51.19 -15.69 7.60 1.67 5.94 -0.0800 0.0300 -0.0100 -0.0044 0.0989 -0.0111 7.61 1.66 5.95 184 350 347 383 213 
0.8199 -0.0878 -0.4304 -0.3672 48.25 50.06 -15.63 7.39 1.76 6.49 -0.1000 0.0900 0.2600 0.0111 0.0800 -0.0333 7.47 1.71 6.11 183 348 346 381 212 
0.8224 -0.0839 -0.4238 -0.3702 48.44 49.25 -15.63 7.36 1.78 6.26 -0.0100 0.0600 0.0300 0.0156 0.0133 -0.0067 7.42 1.72 6.17 182 347 347 382 212 
0.8232 -0.0829 -0.4222 -0.3704 48.38 49.13 -15.56 8.97 2.36 6.67 0.7600 0.9800 1.1600 -0.6022 0.0533 0.7344 7.50 1.12 6.20 190 354 335 366 214 
0.8353 -0.1691 -0.3922 -0.3462 44.19 51.75 11.69 13.81 1.72 12.47 6.2900 3.5100 6.0300 -5.5300 2.0811 2.4089 6.69 -4.76 5.35 190 355 345 382 214 
0.7780 -0.4995 -0.1077 -0.3654 52.06 27.19 63.63 5.27 -4.90 -2.08 1.1400 4.2400 -3.6200 -4.5756 1.9422 2.1544 2.75 -9.32 1.26 181 360 346 403 215 
0.6359 -0.6766 0.2027 -0.3112 50.94 5.87 92.75 -2.14 -6.02 -6.72 -3.5100 3.5900 -6.5900 -0.1811 1.2767 0.7389 0.28 -9.76 -0.83 176 345 342 402 215 
0.6226 -0.6428 0.3044 -0.3263 56.94 3.81 85.94 -0.31 -3.44 -6.27 -1.2700 6.9100 -7.9300 6.6967 -1.0789 -1.6522 2.09 -7.93 5.36 182 360 352 414 222 
0.8223 -0.3312 0.0162 -0.4625 60.00 15.00 33.38 5.83 -4.69 28.09 3.2200 1.3000 15.2500 -4.5767 0.0611 0.1444 2.26 -7.38 6.04 180 366 353 416 223 
0.7071 -0.5144 0.1951 -0.4443 65.00 8.63 74.31 0.86 -4.16 -9.73 -1.0900 4.7200 -15.7200 -0.7433 -1.1533 0.0933 1.28 -9.65 1.16 178 351 340 394 221 
0.7119 -0.5472 0.1881 -0.3981 55.88 14.19 57.81 8.66 2.11 11.94 7.7900 9.6100 10.3900 6.3556 -0.9867 -0.3911 4.10 -3.80 8.05 201 376 340 411 222 
0.8694 -0.2903 -0.1387 -0.3751 47.31 27.94 33.25 5.01 -4.31 8.33 0.0900 0.5700 -1.9800 -5.6178 -1.2867 0.6622 4.73 -7.42 4.32 200 234 224 229 150 
0.7247 -0.5892 0.0319 -0.3558 56.38 12.44 70.56 0.51 -5.67 -10.80 1.5000 4.1400 -11.5300 3.3156 7.2733 5.0378 -3.27 -7.96 4.68 211 173 173 188 115 
0.7923 -0.1530 0.4470 -0.3860 48.81 -39.00 42.00 -6.39 -1.35 8.38 0.7000 2.7700 3.2100 1.7456 -0.6733 2.9744 -6.88 -2.37 6.57 213 178 177 188 116 
0.8905 0.0358 0.3771 -0.2521 30.06 -42.88 7.06 -8.98 0.94 11.02 -4.1600 0.9500 4.0500 0.0478 -0.9044 0.0456 -6.19 -0.50 7.58 214 184 185 192 119 
0.9108 0.0384 0.3301 -0.2452 31.19 -37.81 8.63 -6.27 -1.13 8.88 -0.5000 0.0800 0.7800 -0.3133 -0.0933 -0.5856 -5.85 -1.64 7.69 215 196 191 203 130 
0.9117 -0.0106 0.2710 -0.3087 42.19 -19.00 10.38 0.48 0.51 4.54 3.5300 2.5500 -5.7000 2.3367 -8.8300 -1.9944 2.95 -0.04 9.35 212 358 327 355 205 
0.8591 -0.0787 -0.3109 -0.3989 47.19 44.56 -10.06 9.37 1.30 6.86 0.7500 0.1900 1.7900 0.9822 -0.8644 0.6078 7.68 1.26 5.96 210 383 351 419 217 
0.8402 -0.0696 -0.4276 -0.3262 43.13 48.75 -14.31 5.38 3.78 6.70 -1.0400 1.6900 1.4200 -1.8922 -0.3556 0.2644 7.66 0.91 6.05 201 357 354 407 216 
;
