0.6929 0.2834 0.1597 0.6435 274.19 8.06 -38.06 0.74 6.99 9.28 0.5500 2.1000 3.4500 3.0711 -2.0956 0.1633 2.17 7.26 6.21 183 345 364 418 230 
0.6257 0.4364 0.1907 0.6178 264.19 21.31 -55.19 2.81 13.21 7.81 0.7400 5.4600 4.0800 -0.8633 -3.3456 5.5711 7.14 5.02 4.46 188 352 317 378 231 
0.4218 0.4669 -0.1155 0.7686 233.12 55.25 1.00 4.57 10.67 2.63 -4.3700 12.7900 -4.2300 -8.1411 0.2956 6.1933 6.27 -6.50 3.80 188 306 311 379 230 
0.1904 0.1138 -0.6658 0.7124 199.06 14.25 94.31 -0.97 -2.32 -4.93 -3.9900 5.2200 -4.1700 -4.2578 2.6167 4.1122 -0.53 -8.95 -3.97 174 291 297 376 227 
0.0305 -0.1783 -0.8527 0.4901 188.69 -6.31 121.12 -5.84 -2.66 -14.09 -4.4700 6.1200 -9.2900 5.8400 0.8456 -2.6900 0.77 -9.63 -1.65 183 352 333 411 228 
0.2031 0.0251 -0.6122 0.7638 209.87 25.87 56.63 15.07 12.53 20.77 14.2700 16.7500 22.4600 3.8089 1.1744 -0.8900 4.86 -3.33 7.83 188 373 347 401 230 
0.2444 0.1799 -0.2914 0.9072 211.56 26.62 43.00 10.43 4.79 4.32 4.6700 14.1900 -6.0600 -9.1011 2.9856 3.0956 1.91 -9.58 0.79 171 373 355 413 230 
0.1993 -0.1829 -0.7611 0.5895 214.12 3.37 104.94 -5.97 -6.65 -25.29 -7.6100 6.9600 -19.6900 9.6689 -1.2733 -2.4367 1.78 -9.15 3.02 181 365 339 403 230 
0.2365 0.1353 -0.3223 0.9066 206.62 26.62 12.88 9.09 12.68 30.57 4.1900 8.0400 19.7300 -0.7711 -2.9289 0.3667 5.61 -0.93 7.98 182 374 275 265 191 
0.1849 0.3231 -0.2075 0.9047 202.44 45.69 27.75 6.63 -8.10 1.36 -1.8100 -7.7600 -4.8200 1.2733 -6.5433 2.1233 8.54 -4.42 1.88 147 379 165 162 115 
-0.1481 0.6775 -0.2913 0.6590 150.00 52.63 94.94 3.85 -8.99 -4.10 -0.4000 -0.4700 -2.1000 4.4500 0.4400 -0.8744 8.15 -5.19 1.65 113 385 181 166 118 
-0.2935 0.5933 -0.0682 0.7465 135.19 57.63 49.81 6.28 0.41 2.27 -1.9000 4.6100 -1.1600 1.8467 0.4022 -0.2011 8.22 -3.23 4.25 120 394 179 173 124 
-0.3630 0.5225 0.0399 0.7705 128.75 56.13 35.00 7.97 0.33 4.14 0.4300 3.7400 0.0300 -0.6733 0.4389 -0.0189 8.02 -3.32 4.54 121 394 174 173 127 
-0.3453 0.5196 -0.0067 0.7816 134.87 52.50 40.31 11.29 -0.54 2.41 3.8900 3.3700 -3.1900 -2.7222 2.1433 0.1200 7.04 -4.80 4.85 121 413 187 175 132 
-0.2367 0.4328 -0.2203 0.8415 151.75 33.88 49.06 -4.05 -14.14 -0.58 -11.1400 -6.6600 -3.4400 0.6022 -0.4689 1.0300 4.10 -6.72 5.84 124 432 192 182 132 
-0.1901 0.2739 -0.3419 0.8786 155.12 20.69 49.63 2.71 -6.69 7.55 -0.3700 0.6000 1.3300 -0.3367 -0.3933 0.2033 3.62 -7.21 5.55 145 422 203 184 134 
-0.2156 0.3095 -0.3693 0.8493 151.31 21.44 57.50 1.45 -2.93 4.25 -1.6800 4.2300 -0.9500 -5.6889 6.8600 -1.1089 2.84 -8.81 3.21 185 409 174 174 129 
0.2015 -0.0383 -0.5379 0.8177 227.31 1.00 63.06 -18.92 -11.00 1.67 -9.9100 -0.1500 0.3900 3.0711 1.5467 -4.7000 0.88 -7.75 5.94 176 436 192 195 132 
0.6340 -0.1893 -0.3231 0.6766 268.00 9.00 40.44 6.24 -4.30 10.53 5.5000 0.9900 3.4300 2.4344 -0.2311 0.0044 1.56 -4.68 8.47 170 439 194 191 135 
0.6581 -0.0712 -0.1987 0.7227 261.69 9.00 20.12 10.09 -5.02 19.46 4.7900 -2.3900 13.8200 -0.2878 -0.1522 4.6144 0.58 -3.11 9.28 175 442 201 192 134 
0.4232 -0.0954 -0.2053 0.8773 228.00 -1.12 32.56 -10.35 -2.32 14.26 -9.3200 5.2600 3.9100 -4.2089 0.4100 -0.4189 -0.37 -7.64 6.13 176 438 197 191 134 
0.3825 -0.2280 -0.4545 0.7715 236.69 1.62 66.12 -2.56 1.69 1.06 -3.0800 10.0000 -3.2300 -2.0756 1.5656 -1.6833 1.23 -9.43 2.37 179 437 196 195 140 
0.5089 -0.3024 -0.5461 0.5928 267.00 14.06 76.12 3.73 -1.17 0.93 0.9500 7.9500 -1.5300 0.6344 2.2356 -1.1733 3.00 -8.79 3.13 172 441 203 198 138 
0.6678 -0.2941 -0.4461 0.5182 285.75 14.94 56.44 20.01 1.19 4.79 18.5500 8.1400 -0.2400 5.3322 -0.3956 1.9967 1.70 -5.43 7.98 174 428 199 197 133 
0.6651 -0.0748 -0.2371 0.7042 260.31 14.19 25.62 -4.90 -11.13 18.90 -7.7100 -5.0600 6.6200 -0.3667 -2.0411 1.7778 3.16 -4.71 7.99 167 423 200 199 136 
0.5221 -0.0093 -0.3058 0.7961 246.25 16.87 31.37 -0.15 -1.29 8.55 -1.9900 3.8400 -0.7400 0.1344 0.5044 0.1356 2.35 -4.93 8.14 169 426 210 206 148 
0.5352 -0.0374 -0.2612 0.8025 246.87 13.31 25.00 1.28 -0.82 5.07 -0.9300 2.1800 -4.4000 4.4722 0.2200 -0.0467 2.37 -1.44 9.40 180 349 299 325 211 
;
