0.1342 0.2278 0.0591 0.9626 196.00 25.19 -11.19 4.12 1.82 8.62 -0.2500 0.0000 -0.1400 0.0356 -0.0811 -0.0289 4.25 1.76 8.65 166 358 363 384 209 
0.1370 0.2355 0.0609 0.9602 196.19 25.81 -11.63 4.23 1.80 8.53 -0.1000 0.0000 -0.1300 -0.0111 0.0411 -0.0078 4.24 1.77 8.66 168 356 360 382 210 
0.1395 0.2363 0.0620 0.9596 197.12 26.56 -12.38 7.22 2.14 10.40 4.2600 0.7200 2.4200 1.7467 -2.3189 -1.3944 5.58 3.33 7.33 169 328 326 392 213 
0.1458 0.3748 0.1393 0.9049 192.94 45.56 -27.62 10.87 4.50 9.25 6.8900 3.9100 8.3900 -0.4100 -1.3411 4.0811 8.42 0.94 4.92 172 334 323 385 217 
-0.0956 0.5128 -0.0161 0.8530 161.94 59.38 32.75 6.98 1.95 4.41 -1.6900 6.7100 -0.1000 -3.4067 -1.8078 5.0644 7.12 -6.42 2.03 173 324 324 376 216 
-0.2704 0.5717 -0.3970 0.6652 129.25 24.75 93.62 -0.82 -4.50 -4.14 -5.2900 3.5400 -4.5800 -2.7078 1.6133 2.8956 1.53 -9.35 -2.49 169 323 318 366 215 
-0.2740 0.4376 -0.6610 0.5446 127.94 6.06 103.12 -1.98 -7.63 -8.20 -3.0100 2.9000 -7.1900 3.6844 1.4800 -0.9600 1.64 -9.66 0.12 170 332 325 375 215 
-0.2894 0.3439 -0.5006 0.7399 137.31 14.19 63.13 2.36 1.31 3.99 2.1200 9.9800 5.3900 6.4567 0.6178 -0.9433 2.89 -5.05 7.88 172 364 337 386 217 
-0.3629 0.2417 -0.1930 0.8790 135.37 17.31 39.44 4.32 -1.07 10.62 0.9900 6.1900 0.9600 -6.5100 -0.1156 0.7922 2.79 -8.67 3.61 167 362 344 382 215 
-0.2575 0.3681 -0.5444 0.7084 141.75 13.44 87.87 -0.48 -9.01 -18.03 -1.1700 0.5500 -17.6700 3.6078 0.2878 -0.5422 2.60 -9.32 1.56 163 337 337 371 214 
-0.2950 0.3514 -0.4035 0.7916 136.00 21.12 48.94 3.82 7.01 7.60 -0.5200 13.7100 7.2300 6.4911 1.0611 0.1978 3.19 -2.44 8.94 157 347 341 348 211 
-0.4232 0.1974 0.0063 0.8843 128.81 22.19 10.13 5.29 1.21 17.92 1.4000 2.9700 8.1900 -3.7289 -0.7378 -0.3978 4.25 -3.53 8.09 180 362 340 344 213 
-0.3279 0.3263 -0.1982 0.8641 142.06 24.50 48.31 8.55 -3.36 1.17 5.3800 4.5500 -3.8500 -6.5378 4.7444 1.0011 2.27 -9.05 2.99 108 263 313 317 210 
-0.1442 0.1998 -0.6322 0.7346 161.56 2.50 89.81 -1.22 -9.66 -3.96 -0.4000 0.0300 -2.5800 -2.1722 2.3044 0.7878 -0.20 -9.57 -2.09 106 290 307 309 204 
-0.0323 0.0226 -0.8028 0.5950 175.12 -1.19 107.87 0.44 -7.35 -4.48 1.3000 1.8600 -1.2400 -0.4589 -0.2278 -0.3178 0.00 -9.18 -3.44 106 298 310 314 206 
-0.0283 0.0290 -0.8227 0.5670 172.62 -1.44 111.19 -2.10 -8.58 -5.67 -2.4400 1.2900 -3.3400 0.2856 -1.4489 -0.6711 -0.25 -9.21 -3.34 109 305 312 316 206 
-0.0834 0.0958 -0.7878 0.6027 164.81 0.00 100.00 -1.62 -6.23 -6.71 -0.6800 3.8200 -4.3300 5.5533 0.9456 -0.9400 0.66 -9.58 1.97 124 316 321 341 209 
-0.0366 0.0558 -0.5363 0.8414 175.81 2.62 61.56 2.06 -8.20 21.83 1.1500 -0.6900 11.4000 -2.5389 -1.6544 -0.5178 1.19 -9.22 3.09 128 290 316 332 210 
-0.0511 0.1329 -0.6495 0.7469 171.19 6.87 87.81 0.53 -5.81 -6.43 -1.4300 3.7600 -7.9300 -2.5489 -0.7878 0.5811 0.55 -9.51 -2.31 128 293 282 309 207 
-0.0980 0.1534 -0.7723 0.6086 161.37 2.62 99.62 -2.56 -3.69 -11.12 -1.3600 7.7600 -4.3800 6.2611 1.4733 -1.2356 1.26 -9.37 2.57 136 317 311 335 210 
-0.0809 0.1118 -0.5089 0.8497 167.94 6.81 62.31 0.65 -11.47 7.24 -1.0000 -2.1300 0.6700 -1.2000 -0.9222 -0.2389 1.63 -8.98 3.57 139 309 300 324 208 
-0.1043 0.1853 -0.5457 0.8106 162.50 13.19 70.00 3.75 -7.85 1.61 1.7600 0.7400 -1.7600 0.5222 -3.6744 -0.2278 3.53 -8.72 2.75 193 261 241 229 152 
-0.2181 0.3809 -0.4760 0.7621 145.56 19.56 72.06 6.27 -7.52 -2.50 3.3100 1.8200 -6.3800 2.3833 5.5944 3.5367 0.00 -8.53 4.83 208 186 190 170 111 
-0.2951 -0.0339 -0.4952 0.8165 135.69 -28.94 54.81 -5.00 -5.36 5.73 -3.6200 0.4800 0.7500 1.0144 0.5278 3.7200 -6.86 -4.92 4.98 206 174 181 174 108 
-0.4626 -0.2499 -0.4203 0.7395 112.44 -51.25 32.56 -1.70 1.58 4.60 6.7000 4.7500 -1.3700 0.0967 -1.1789 2.4022 -7.66 -1.74 5.87 209 183 184 169 106 
-0.6174 -0.2740 -0.3104 0.6689 92.69 -45.69 3.75 -14.90 0.17 11.23 -7.7800 -0.0700 3.6100 -0.1633 -1.3022 -0.5600 -6.23 -0.59 7.54 208 187 190 171 107 
-0.6402 -0.2054 -0.2547 0.6951 95.06 -37.44 7.00 -6.83 0.09 8.10 -0.5800 0.7400 -0.1600 -0.0556 0.1856 -0.1744 -6.04 -1.12 7.63 208 190 194 172 110 
;
