0.7797 -0.1052 -0.5107 -0.3469 47.94 60.38 -22.62 8.46 1.87 4.57 -0.0600 0.0000 0.1100 -0.0122 -0.0500 0.0078 8.53 1.86 4.45 182 348 348 381 215 
0.7780 -0.1066 -0.5129 -0.3468 48.00 60.75 -22.81 8.57 1.78 4.48 0.0000 -0.0400 0.0500 -0.0078 -0.0211 0.0067 8.56 1.85 4.39 179 346 347 382 214 
0.7767 -0.1080 -0.5147 -0.3467 48.13 61.00 -22.94 8.80 2.03 4.47 0.4600 0.3400 0.3300 -0.0244 -0.0567 0.0978 8.61 1.77 4.32 180 351 346 377 216 
0.7755 -0.1396 -0.5156 -0.3365 46.94 64.75 -9.69 14.75 3.88 8.72 5.9700 4.2100 4.3300 -4.5222 1.7089 1.9544 8.47 -1.83 4.57 185 337 328 370 215 
0.7612 -0.4263 -0.2893 -0.3939 58.25 44.88 54.50 10.29 -3.46 -1.44 2.5900 3.9700 -5.2600 -5.8078 5.7478 2.2000 4.37 -8.33 2.74 181 323 324 369 216 
0.5997 -0.6096 0.2192 -0.4697 75.94 14.13 84.87 1.35 -6.24 -3.90 -1.7500 3.2900 -4.8000 -2.0256 -0.2267 1.5844 1.02 -9.70 -0.94 176 338 332 389 216 
0.5453 -0.6381 0.3848 -0.3839 70.37 4.19 93.25 0.07 -4.20 -12.22 -1.1100 7.2300 -10.6200 8.1756 -2.4733 -1.3933 1.71 -8.67 4.23 174 349 328 407 222 
0.7964 -0.3505 0.0385 -0.4914 62.44 17.75 30.75 8.22 -0.19 35.88 4.5500 3.0900 21.1200 -5.7367 -0.1044 0.5822 2.92 -6.88 6.33 179 358 348 410 224 
0.6918 -0.5310 0.1786 -0.4556 68.37 10.63 77.00 1.30 -2.13 -10.25 -0.8800 6.5200 -16.2400 -2.3844 0.7200 0.5611 1.04 -9.75 0.07 177 349 337 395 222 
0.6625 -0.5594 0.2651 -0.4219 63.38 8.88 68.75 3.52 -1.88 6.01 4.7400 6.8400 5.2800 6.6733 -0.8589 -0.6022 2.76 -5.84 7.37 182 324 293 387 224 
0.8320 -0.3525 -0.0128 -0.4282 53.88 19.87 43.44 2.87 -5.98 8.45 -0.9500 0.9300 -0.6500 -5.1133 -1.7211 0.0933 3.83 -8.49 3.05 158 206 199 195 129 
0.6563 -0.6583 0.0295 -0.3674 58.38 28.94 87.81 5.77 -3.37 -8.01 -1.9600 1.5300 -13.6600 3.7256 -2.1567 -3.2033 6.26 -7.53 0.41 121 162 165 169 111 
0.6845 -0.6006 -0.2580 -0.3227 46.88 53.13 71.19 13.02 2.42 1.44 3.9600 8.1500 0.0600 5.5856 -1.9400 -2.2189 8.92 -3.10 2.62 122 163 161 174 117 
0.7780 -0.2936 -0.5106 -0.2189 31.37 67.50 37.81 11.48 1.66 7.85 0.3100 3.1100 4.8700 -2.3278 0.3467 0.4567 8.92 -3.05 2.68 123 174 176 177 119 
0.7342 -0.4156 -0.4636 -0.2709 44.06 64.56 62.44 9.96 -0.34 -2.90 0.4000 2.8300 -5.7600 -1.6056 0.2544 0.1478 8.78 -4.06 1.59 121 176 177 179 120 
0.6815 -0.5096 -0.4042 -0.3354 52.38 63.13 69.06 7.03 -3.17 -14.62 -2.1600 0.6000 -19.3300 5.9167 -1.1700 -0.4400 8.98 -3.32 2.10 118 169 168 179 117 
0.7217 -0.3981 -0.5125 -0.2410 37.63 66.06 60.69 9.28 -5.34 1.75 -0.9900 -1.2300 0.4300 -0.9467 0.7078 1.2567 8.41 -4.40 2.44 142 192 196 202 143 
0.7462 -0.4707 -0.3817 -0.2756 45.25 55.06 60.06 2.74 -2.61 1.14 -4.0200 1.7200 -3.5400 -0.2133 3.3678 -3.2267 8.13 -3.40 4.29 170 290 295 311 201 
0.7142 -0.3333 -0.3286 -0.5204 72.94 54.38 1.56 19.59 4.82 3.88 8.6300 2.9300 -0.2600 2.8767 -3.2011 1.5367 8.79 0.57 4.30 179 373 350 421 223 
0.7323 -0.2387 -0.5164 -0.3742 53.00 64.94 -3.37 6.37 1.21 6.12 -2.0500 0.1400 -0.3000 -0.2500 0.2511 -0.0089 8.86 0.17 4.19 169 388 356 419 223 
0.7584 -0.2274 -0.4741 -0.3851 53.94 63.13 -2.44 8.92 0.33 4.59 -0.1900 0.5600 0.1100 -0.1322 0.0489 -0.0078 8.73 0.14 4.45 168 384 358 409 224 
0.7569 -0.2324 -0.4695 -0.3907 54.69 63.44 -1.81 9.25 0.11 4.37 0.3900 0.0200 0.0300 -0.0344 0.0967 -0.0422 8.76 0.15 4.38 166 383 356 405 222 
;
0.7545 -0.2338 -0.4709 -0.3929 55.13 63.50 -2.37 8.74 0.38 4.24 0.1000 0.1800 -0.1200 -0.0322 -0.0856 -0.0133 8.81 0.19 4.30 166 375 354 408 223 
0.7500 -0.2361 -0.4753 -0.3947 55.63 64.12 -2.81 8.77 0.47 4.21 0.0400 0.2100 -0.0700 -0.0467 -0.0700 -0.0167 8.85 0.22 4.21 164 374 355 407 223 
0.7462 -0.2390 -0.4791 -0.3957 55.94 64.69 -3.00 8.75 0.38 4.25 -0.0200 0.1200 0.0500 -0.0722 -0.0378 -0.0289 8.88 0.22 4.15 164 364 350 400 222 
0.7438 -0.2439 -0.4780 -0.3985 56.44 65.19 -1.19 12.52 2.23 10.01 3.9900 2.7100 5.7200 -3.7889 -0.0500 1.2711 8.81 -1.93 3.83 178 311 299 296 191 
0.7000 -0.4599 -0.3444 -0.4241 64.50 56.13 56.31 10.35 -1.27 1.93 2.4000 4.0200 -2.6200 -5.0400 4.3133 2.7244 5.87 -7.41 2.58 181 390 354 432 219 
0.6068 -0.6209 0.1323 -0.4783 77.25 19.94 82.06 2.59 -4.29 -2.64 -0.6900 4.5400 -4.1700 -3.0044 0.7844 1.9844 1.70 -9.62 -0.77 183 399 363 439 219 
0.5227 -0.6496 0.3761 -0.4042 74.00 6.62 94.94 1.03 -4.51 -9.94 0.0800 5.1900 -10.0100 5.8767 -1.6767 0.3100 1.02 -9.39 2.60 171 377 351 421 219 
0.7602 -0.4374 0.1385 -0.4601 61.06 13.50 41.00 3.87 0.75 31.70 0.9500 3.6700 24.9400 -2.3378 -0.4278 -0.0467 2.42 -6.26 7.14 167 381 363 430 223 
0.7330 -0.4630 0.1546 -0.4738 68.19 9.81 67.25 3.39 -4.04 -5.66 0.6800 4.5800 -12.2300 -3.4478 1.1489 0.8356 0.79 -9.72 0.94 156 387 357 418 221 
0.6365 -0.5591 0.3217 -0.4227 63.69 4.19 71.50 -0.26 -2.10 -1.45 0.0800 6.4200 -0.0400 8.2511 -4.2300 -0.3122 2.46 -6.09 7.28 174 356 334 390 221 
0.8425 -0.3493 -0.0334 -0.4086 51.19 21.94 41.50 2.63 -6.30 9.72 -2.4000 0.4400 0.9400 -5.4456 -2.2489 -0.2011 4.59 -8.13 2.98 132 209 191 207 142 
0.6385 -0.6747 -0.0428 -0.3677 63.63 38.75 88.75 6.00 -4.43 -11.05 0.0500 4.9200 -10.2200 2.6722 -2.0144 -2.3389 7.53 -6.27 0.08 105 170 166 176 112 
0.6341 -0.6008 -0.3331 -0.3549 55.69 63.31 78.94 12.10 5.83 -5.02 4.7200 10.6000 -7.5500 6.9244 -1.8889 -2.1533 9.50 -1.95 1.39 108 170 166 178 113 
0.7405 -0.3290 -0.5339 -0.2415 35.50 68.56 49.38 7.51 -0.19 6.45 -3.2100 1.3200 5.3100 -1.7022 0.9056 0.1167 8.71 -3.46 2.84 107 179 174 181 117 
0.7359 -0.4413 -0.4101 -0.3091 48.19 61.13 59.38 8.11 -0.68 -3.05 -1.3800 2.6700 -6.1400 -1.1589 -0.1622 0.0733 8.59 -4.36 1.81 108 182 177 180 120 
0.6826 -0.5104 -0.3898 -0.3488 52.44 63.19 63.94 7.73 -3.09 -8.51 -0.6700 0.8500 -8.0100 5.3389 -1.7944 -0.5667 9.13 -2.89 2.07 108 181 178 184 120 
0.7224 -0.3975 -0.4953 -0.2736 42.38 65.69 55.13 8.97 -3.98 5.50 -0.7700 -0.2200 3.9200 -2.2533 1.6311 1.0056 8.16 -4.58 2.90 115 194 188 196 137 
0.7054 -0.5315 -0.3005 -0.3601 57.75 53.69 68.75 2.59 -4.18 -3.99 -5.2400 1.8100 -5.9200 -0.1511 0.9378 -1.9178 8.29 -4.71 2.25 149 275 260 280 199 
0.6655 -0.4893 -0.3364 -0.4523 67.44 64.81 35.81 10.97 -0.36 -0.09 3.5100 1.3600 -0.6600 5.3811 1.7867 -2.2422 8.56 0.86 4.69 167 390 352 416 216 
0.7437 -0.2261 -0.4749 -0.4127 57.75 64.81 -5.37 8.16 -0.08 3.09 -1.0300 -0.7100 -1.4600 -0.1578 0.1122 -0.1344 8.84 0.31 4.22 167 379 356 409 216 
;
0.7350 -0.2486 -0.4695 -0.4214 59.88 64.25 -3.50 8.88 -0.02 5.24 0.0300 -0.2700 0.7000 -0.2411 -0.0700 -0.0400 8.87 0.19 4.17 161 371 354 402 215 
0.7277 -0.2621 -0.4684 -0.4271 60.63 65.00 -2.06 8.71 -0.36 4.37 -0.0800 -0.4300 0.4200 -0.0733 -0.1344 0.0756 8.91 0.03 4.08 163 360 350 390 214 
0.7269 -0.2712 -0.4711 -0.4196 60.00 66.50 -0.44 9.98 0.74 6.75 1.3300 0.7700 3.1400 0.0822 -1.0600 -0.0467 9.23 0.05 3.28 179 366 352 389 216 
0.6986 -0.3270 -0.4803 -0.4175 62.69 69.37 20.44 13.01 0.42 6.37 3.4500 2.2000 2.0700 -4.0222 2.3500 1.3478 8.38 -3.31 3.84 180 372 349 382 213 
0.6625 -0.5263 -0.1895 -0.4983 76.62 46.00 60.63 7.22 -1.88 -1.21 0.9400 4.2200 -3.1100 -5.2322 2.6933 2.4611 5.24 -8.09 1.78 173 399 362 439 218 
0.5400 -0.6558 0.2043 -0.4863 84.19 20.75 91.56 2.38 -5.43 -3.44 -1.3100 3.8400 -3.8500 -3.0978 0.6756 1.4278 2.41 -9.21 -2.35 167 395 364 442 217 
0.4527 -0.6803 0.3929 -0.4217 81.81 10.81 96.31 -1.11 -2.90 -9.34 -3.2200 7.7000 -6.9400 10.0800 -2.9567 -0.7800 2.54 -7.53 5.73 168 377 359 420 223 
0.7784 -0.3616 0.0542 -0.5102 67.37 14.75 39.69 2.73 -6.01 22.22 1.9900 2.0400 8.2400 -5.5489 -0.5100 -0.0722 2.42 -8.50 4.23 168 389 365 429 223 
0.6108 -0.5818 0.2747 -0.4615 75.19 10.00 86.56 -1.13 -5.28 -12.10 -3.3900 3.7900 -14.0900 -0.1589 -0.8900 -0.4944 1.80 -9.63 -0.38 168 381 364 429 221 
0.6096 -0.6041 0.2527 -0.4467 70.00 15.88 70.44 6.75 -3.72 16.06 2.6300 3.3600 12.0000 1.5322 -1.0933 -0.0589 3.41 -7.66 5.07 182 392 367 427 223 
0.7064 -0.5571 0.0819 -0.4290 61.69 21.37 74.50 3.44 -8.25 -0.49 -0.5600 0.6000 -1.9900 -2.2711 -0.9622 0.6711 3.28 -9.23 0.20 147 364 344 369 213 
0.6059 -0.7092 0.1273 -0.3372 57.19 18.75 92.25 2.04 -7.73 -7.29 -1.8100 1.3800 -7.0100 2.7444 -1.1544 -0.1778 3.25 -9.19 1.01 114 227 215 219 161 
0.7261 -0.6249 -0.0328 -0.2848 41.06 26.94 71.69 4.40 -2.56 -1.02 1.3000 6.1200 -3.5200 4.5011 -3.6044 -2.3311 6.39 -6.29 3.94 92 179 186 181 113 
0.8155 -0.3910 -0.3633 -0.2238 25.75 55.56 41.56 6.24 8.99 39.85 28.5500 -1.1700 17.2400 0.1133 0.6267 0.9311 8.78 -3.33 2.80 96 184 189 185 113 
0.7837 -0.3442 -0.4863 -0.1757 26.00 61.63 53.88 9.20 -2.05 6.43 -0.5200 1.5400 2.6800 -1.8667 0.8900 0.1933 8.41 -4.25 2.69 97 190 192 189 114 
0.7463 -0.4451 -0.4315 -0.2422 38.63 59.56 65.00 7.79 -5.60 -4.39 -0.0700 -0.7700 -6.8400 -0.1167 -0.4300 -0.4200 8.67 -4.24 1.68 98 190 193 190 116 
0.7239 -0.4374 -0.4756 -0.2416 32.13 65.37 66.62 11.56 10.85 39.85 4.3200 -5.7900 4.6100 -0.8744 -0.8722 -0.4133 9.05 -3.65 0.90 98 192 197 192 119 
0.7205 -0.4352 -0.4929 -0.2202 35.75 62.19 72.06 4.81 -3.69 4.78 -4.0900 0.7600 1.4800 -3.0400 1.7656 0.3578 8.35 -4.97 1.26 120 232 232 235 172 
0.6920 -0.5212 -0.3678 -0.3381 55.88 62.06 60.19 6.32 -3.35 -2.63 0.9400 0.2300 -5.6100 3.2544 1.6856 -3.0578 8.89 -0.99 4.00 173 365 335 406 214 
0.7315 -0.2457 -0.4749 -0.4231 58.63 63.75 -11.19 18.74 7.10 13.80 -0.4500 3.6200 11.2100 -0.7122 0.3867 -0.0022 8.28 1.31 5.07 181 382 358 420 219 
;
