0.0312 0.4498 0.1127 0.8854 183.37 51.88 -20.56 6.42 2.89 7.68 -0.8400 0.9300 1.4600 -0.9111 -0.7333 0.2689 8.01 1.53 5.44 192 288 300 305 195 
0.0408 0.4755 0.0510 0.8773 186.56 56.63 -11.56 9.35 1.09 4.70 1.5200 0.5400 0.2900 -0.4444 0.8133 0.1333 7.98 0.81 5.63 198 300 303 313 198 
0.0511 0.4398 0.0103 0.8966 186.06 48.88 -2.31 10.20 4.01 12.45 2.6000 4.3700 4.7400 -4.3011 2.4256 1.1178 6.02 -2.30 7.38 200 368 323 363 210 
0.0851 0.2548 -0.2948 0.9171 191.75 26.87 47.63 8.86 -0.45 -0.07 3.7300 5.8500 -6.6500 -6.7889 3.7878 2.6256 1.97 -9.32 2.29 187 377 334 374 212 
0.1403 -0.0781 -0.7094 0.6863 204.06 3.50 98.75 -0.60 -8.17 -13.56 -0.1900 1.8300 -10.8400 0.1267 -0.3556 0.4289 0.07 -9.58 -2.05 184 366 329 369 211 
0.1081 -0.1088 -0.6895 0.7079 195.44 -0.56 74.69 0.02 6.97 -6.60 -0.2900 16.4200 -8.0700 11.1756 -2.3922 0.2433 0.60 -4.57 8.65 194 388 348 400 222 
0.0536 0.0459 -0.0221 0.9973 184.12 3.62 -3.94 -6.15 8.12 33.11 -6.2500 7.0100 20.9600 -4.1911 -1.4256 -1.1467 1.16 -1.19 9.66 195 391 357 406 228 
0.1025 0.0587 -0.2333 0.9652 194.25 10.81 40.81 6.09 3.28 -0.67 5.1400 11.2800 -7.6900 -9.6956 -0.7011 1.4567 1.65 -9.59 1.18 192 384 348 390 218 
0.0826 -0.0295 -0.7723 0.6292 193.44 3.56 106.69 -2.34 -6.70 -17.38 -2.9000 2.8200 -13.2100 2.9900 -1.0256 -0.5133 0.44 -9.63 -1.75 184 381 350 375 219 
0.0294 0.0519 -0.6635 0.7458 184.62 10.69 66.81 6.22 5.88 13.84 3.7600 13.0100 12.2100 7.0989 -1.2067 -0.2256 2.73 -4.61 8.20 190 379 349 396 224 
0.0169 0.1453 -0.1693 0.9747 182.25 15.25 20.06 2.43 0.76 18.35 1.5900 5.2400 5.5600 -5.0589 -0.1322 0.1333 2.48 -6.01 7.33 189 389 356 396 222 
0.0464 0.1021 -0.4757 0.8724 186.12 11.50 68.50 2.33 -4.79 -4.81 -0.1400 4.2200 -7.9800 -5.0833 0.2189 1.1878 1.03 -9.72 -0.76 181 356 316 313 204 
0.0280 0.0448 -0.7561 0.6523 185.06 6.25 98.06 -1.19 -8.79 -7.49 -2.1600 0.8600 -5.6800 4.1778 -1.2278 -1.3856 2.05 -9.53 1.03 177 295 274 269 193 
0.0281 0.1829 -0.5432 0.8190 184.31 24.87 57.19 4.75 0.09 0.31 0.2600 6.4300 -6.1400 8.9844 -0.2344 -3.0544 5.56 -1.92 7.84 189 293 305 323 210 
0.0134 0.3215 0.0942 0.9421 179.25 38.44 -28.75 12.93 10.98 11.64 7.0900 6.3200 6.1800 3.8811 -0.5178 0.1144 6.37 5.94 4.48 201 337 330 398 224 
-0.0660 0.3656 0.3983 0.8387 170.94 42.69 -55.19 1.97 5.47 7.08 -4.9700 -0.3700 2.4300 -2.9422 -4.5422 4.0122 8.74 3.39 2.83 207 311 332 403 232 
-0.1015 0.7327 0.1266 0.6609 152.37 56.44 161.37 12.09 3.73 -5.20 2.0400 9.0300 -1.0400 -6.0144 -0.5333 3.6200 4.10 -0.70 -8.88 204 262 274 347 224 
0.0561 0.9423 -0.2849 0.1671 216.25 18.69 -176.06 3.85 0.78 -11.67 1.1400 -0.6000 -3.5000 -1.5100 -0.5022 0.4711 3.03 1.57 -9.19 209 287 278 355 223 
0.1352 0.9216 -0.3413 0.1264 220.44 19.87 -170.56 2.76 1.13 -10.30 -0.7100 -0.2600 -1.0500 0.8444 0.7356 -0.4256 3.79 1.06 -8.97 206 298 284 347 223 
0.0854 0.9329 -0.2960 0.1868 213.75 24.81 178.56 4.32 -0.91 -15.29 -1.6500 -0.7400 -4.3800 4.4978 1.8044 0.0567 5.35 -3.24 -7.54 208 403 218 233 167 
-0.1931 0.8736 -0.2105 0.3940 117.44 37.19 132.19 3.52 -2.53 -0.93 -2.9000 2.9600 3.7700 3.2033 -1.3278 0.7656 5.33 -7.24 -3.90 163 422 182 187 121 
-0.4171 0.8121 -0.1353 0.3849 81.31 30.06 113.37 5.03 -5.28 -1.65 -0.0500 1.9800 0.8200 0.3767 -0.6878 -0.4956 4.94 -7.82 -3.25 131 418 190 204 134 
-0.4857 0.7415 -0.0836 0.4554 86.12 36.81 99.37 8.33 -5.54 3.77 3.1600 2.0200 3.4100 -2.1756 2.2733 1.0667 5.34 -7.99 -1.91 129 419 194 208 136 
-0.4411 0.7852 -0.1427 0.4105 88.50 32.13 104.69 -12.91 -0.01 9.01 0.3900 0.3700 9.0600 0.7167 -3.9367 0.6022 5.11 -8.27 -1.27 129 427 198 210 137 
-0.4775 0.7424 -0.1311 0.4513 89.75 33.88 101.50 4.77 -4.46 1.07 -0.2300 3.2900 2.6900 -3.1111 -0.0078 -1.2422 6.11 -6.93 -3.27 150 416 214 225 161 
-0.2528 0.8108 -0.1713 0.4993 143.37 54.06 124.31 8.78 -3.26 -5.13 0.6800 0.0300 -3.5100 -2.9178 6.1822 -3.4156 9.65 -1.68 0.44 154 297 259 267 184 
;
