0.4695 -0.3527 -0.3627 -0.7236 114.12 58.44 -21.87 8.61 1.85 4.43 0.2400 0.0000 -0.3300 0.0267 -0.0367 -0.0656 8.38 1.96 4.68 168 297 325 321 201 
0.4631 -0.3561 -0.3695 -0.7226 114.87 59.19 -23.81 8.63 2.06 4.20 0.1700 -0.0400 -0.3600 -0.0233 -0.2244 -0.1522 8.49 2.12 4.40 168 299 324 320 201 
0.4468 -0.3680 -0.3812 -0.7209 116.69 61.00 -27.56 8.40 2.11 3.90 -0.1300 -0.0500 -0.1000 0.3222 -0.4944 -0.1222 8.68 2.39 3.87 182 305 323 324 199 
0.4333 -0.3826 -0.4198 -0.6997 114.69 66.62 -37.06 11.01 3.11 5.20 2.7400 1.2900 2.0400 -1.0344 -3.0600 1.0800 9.57 1.57 1.44 207 365 358 408 228 
0.3926 -0.5492 -0.4067 -0.6155 115.44 87.75 -0.75 8.68 -0.52 -0.83 -1.5900 0.1500 -0.7600 -2.1467 -1.5356 1.8956 9.65 -1.39 -0.99 215 367 354 392 230 
0.3002 -0.7729 -0.2720 -0.4884 112.56 50.63 160.50 12.33 0.98 -2.63 12.9100 5.3500 7.1600 -3.3511 -1.7711 2.5222 3.37 -0.86 -9.16 213 330 315 367 220 
0.0232 -0.9684 -0.2066 -0.1375 156.81 17.19 -177.62 1.03 2.93 -13.22 0.1200 0.8200 -3.4600 -0.1478 0.5422 -0.2011 3.33 0.67 -9.19 211 334 322 376 221 
0.0110 -0.9598 -0.2054 -0.1910 155.25 23.25 -177.19 4.71 1.11 -12.01 1.4300 2.3700 -4.8300 2.4667 4.3844 -0.2622 6.03 -0.76 -7.69 193 321 323 339 222 
0.2825 -0.8068 -0.2488 -0.4553 109.19 74.37 117.06 0.47 0.33 -6.24 -9.3600 3.1100 -5.1500 7.1778 7.3444 -1.5889 7.82 0.82 5.85 195 356 345 403 216 
0.6461 -0.1370 -0.3921 -0.6403 86.69 43.13 -35.50 4.00 11.35 10.64 -0.4400 8.8900 6.7400 0.4944 -3.8756 1.2400 8.05 4.31 3.55 199 356 343 385 217 
0.5992 -0.2120 -0.5250 -0.5660 89.94 65.19 -36.69 4.49 6.01 7.14 -5.5500 4.1900 4.3600 -7.5189 -10.5333 5.1589 9.37 -1.24 -2.59 207 347 330 359 224 
0.1696 -0.8958 -0.3578 -0.2018 146.94 19.12 177.62 -6.04 4.15 -14.99 -8.4000 5.0200 -5.3800 -1.0933 0.1544 1.1322 3.10 0.56 -9.28 212 321 326 374 222 
0.0146 -0.9658 -0.1843 -0.1821 157.94 22.12 -178.06 2.70 0.39 -7.77 -1.0000 0.8700 1.6900 0.2967 0.4167 -0.1167 3.97 0.11 -8.96 212 326 330 377 223 
0.0356 -0.9565 -0.2000 -0.2097 155.87 25.50 -179.00 2.94 1.41 -10.88 -1.0700 1.8900 -2.2600 2.0389 3.1589 -1.0578 5.88 -0.55 -7.82 199 317 315 308 209 
;
