0.3071 -0.0595 -0.1481 -0.9382 143.62 11.69 -14.31 1.97 2.37 9.24 -0.0700 -0.0100 -0.0600 0.0567 -0.0256 -0.0411 1.99 2.41 9.29 186 390 354 372 207 
0.3035 -0.0602 -0.1552 -0.9382 144.50 12.19 -15.63 2.32 2.86 9.01 0.1400 0.1800 -0.1000 0.1889 0.0467 -0.1522 2.01 2.77 9.18 185 392 360 372 208 
0.2957 -0.0508 -0.1707 -0.9385 144.94 11.19 -17.56 -0.64 1.82 9.88 -2.1900 -0.4200 0.6600 1.8200 -2.9078 -0.3833 3.32 4.06 8.27 177 391 364 395 212 
0.2729 -0.1233 -0.3201 -0.8988 144.56 23.75 -39.81 4.70 11.48 11.27 0.7300 4.1600 5.0300 1.3533 -1.7022 2.4422 5.66 6.11 5.16 186 323 323 392 215 
0.3757 -0.3402 -0.4675 -0.7242 117.44 74.44 -52.81 3.19 0.16 2.39 -7.7700 -0.4200 2.7200 -0.6867 -7.4733 7.0967 8.45 -3.13 -3.84 190 267 256 329 223 
0.3677 -0.8560 -0.3075 -0.1936 149.19 24.56 145.31 -5.40 5.65 0.69 -11.5400 6.6700 -2.8300 -6.3400 -4.2800 2.8978 1.92 -1.32 -9.52 197 286 278 348 225 
0.0212 -0.9884 -0.0995 -0.1127 169.31 13.19 179.94 1.57 -1.55 -11.95 -0.1200 -1.3500 -1.0100 -0.1278 0.0333 -0.0200 2.50 0.13 -9.47 199 296 287 356 226 
0.0140 -0.9829 -0.1066 -0.1494 166.62 18.50 179.81 1.67 0.19 -8.61 -0.3800 0.3400 -0.7400 0.2556 1.0078 -0.5656 3.87 -0.03 -9.01 199 297 287 356 226 
0.0397 -0.9585 -0.1621 -0.2313 159.00 29.12 179.37 5.14 -1.47 -10.29 1.0200 -1.9000 -2.4000 1.6911 1.5233 -1.2756 5.87 -0.64 -7.82 190 283 278 336 226 
0.1492 -0.8855 -0.2834 -0.3365 127.75 46.38 172.81 11.29 -1.27 -12.40 2.6000 -0.3500 -6.3000 4.5400 4.6089 -1.1011 8.62 -1.90 -4.26 188 401 355 427 224 
0.4444 -0.6503 -0.4159 -0.4545 89.31 77.56 120.25 6.38 -3.15 -3.77 -3.5700 -0.8500 -4.2800 2.1600 2.4344 -0.7933 9.58 -0.94 1.85 182 417 371 427 226 
0.6172 -0.4150 -0.4213 -0.5190 77.19 68.62 10.00 3.38 3.44 2.72 -5.2300 4.1500 -0.8300 1.5133 1.1356 0.4100 8.73 -0.34 4.45 185 424 379 428 225 
0.7123 -0.2990 -0.4078 -0.4868 67.69 59.94 3.19 5.74 2.96 5.11 -2.8000 3.2100 -0.0900 0.1711 -0.1378 0.2711 8.48 -0.37 4.90 184 422 366 424 224 
0.7256 -0.2969 -0.4105 -0.4656 65.87 61.19 6.87 9.96 5.21 7.25 1.3900 6.3300 3.0700 -1.9767 -0.2878 0.1867 8.71 -1.37 4.27 192 370 319 423 225 
0.6489 -0.4557 -0.3314 -0.5114 82.94 62.19 45.25 8.87 5.18 -4.34 1.4500 6.8600 -5.9900 -3.7756 0.1078 2.5822 7.94 -5.31 2.18 181 254 281 345 226 
0.5334 -0.6319 0.0170 -0.5621 91.06 37.50 77.37 -4.10 -11.79 -6.42 -12.3500 -6.3200 -7.2000 -1.9611 1.4156 1.3722 4.66 -8.55 1.05 191 274 291 356 225 
0.4924 -0.6400 0.2065 -0.5526 98.44 31.75 83.94 4.44 -9.29 0.99 -0.0100 -0.7000 -0.2800 -0.1156 -0.3311 -0.9600 5.90 -7.79 0.72 192 284 295 360 225 
0.4510 -0.6656 0.1588 -0.5730 103.12 38.69 85.44 6.46 -7.58 0.07 -0.1300 0.0200 -0.5700 0.1800 -0.1433 -0.1733 6.22 -7.55 0.64 191 279 294 352 224 
0.4627 -0.6744 0.1317 -1.4531 101.31 39.19 85.25 4.71 -7.08 -0.62 -3.0300 0.0000 -1.6500 0.3200 0.0356 -0.7956 6.58 -7.21 0.89 176 274 292 349 223 
0.4330 -0.6710 0.0403 -0.6005 109.87 54.06 76.69 6.57 -6.00 0.03 4.0700 0.9200 -0.3000 3.3667 -2.0456 0.1011 8.32 -4.97 1.49 190 357 339 374 224 
0.5145 -0.6391 -0.0075 -0.5716 95.69 36.38 77.19 7.02 -5.21 -0.58 1.4100 5.7200 -2.2400 -3.9056 3.4544 6.8989 0.33 -9.79 -0.28 117 209 214 235 154 
0.4995 -0.4642 0.6025 -0.4147 75.56 -17.87 103.37 -10.11 -7.21 -5.04 -6.7400 1.7400 -1.0500 -0.4322 -0.1889 0.5600 -3.77 -8.63 -2.71 108 232 223 237 151 
0.4927 -0.4270 0.6720 -0.3511 71.00 -20.44 106.69 -3.95 -9.14 -0.19 -1.5500 -0.2500 2.1000 -0.8989 -1.2978 -1.5522 -2.67 -8.93 -3.03 111 243 238 251 156 
0.4727 -0.5643 0.5906 -0.3309 70.31 -8.19 110.19 -2.32 -7.22 -4.86 -2.3100 2.0800 -2.1600 -0.6156 -3.2544 -4.2589 0.80 -9.01 -3.77 114 228 231 239 155 
0.4548 -0.8179 0.2314 -0.2660 49.38 16.19 120.75 3.73 -3.57 -12.35 -0.0200 3.2500 -7.3500 1.3567 -8.7311 -5.4011 2.28 -7.32 -6.10 117 226 241 251 160 
0.4181 -0.7932 -0.4253 0.1234 320.62 8.38 127.87 5.45 -6.51 -3.36 3.0100 1.4900 1.4700 -0.0078 -0.1433 -0.0022 1.40 -7.67 -5.93 120 228 245 253 158 
0.4196 -0.7750 -0.4515 0.1394 326.00 10.13 128.37 2.97 -6.64 -4.70 2.4500 1.8000 2.1100 -0.1589 1.5411 0.0433 2.26 -7.49 -5.90 128 248 260 272 183 
;
