0.8194 -0.0656 -0.4829 -0.3018 40.38 56.13 -19.25 8.21 1.80 5.11 0.0400 0.0000 -0.0200 0.0067 0.0300 0.0011 8.13 1.80 5.16 172 345 340 392 217 
0.8201 -0.0648 -0.4819 -0.3016 40.38 56.00 -19.25 8.17 1.83 5.10 0.0000 -0.0100 -0.0100 0.0089 -0.0233 0.0122 8.15 1.80 5.14 171 346 340 392 216 
0.8182 -0.0657 -0.4874 -0.2975 38.69 58.13 -18.00 9.84 2.19 6.79 1.3300 0.8900 2.2300 -1.0733 -1.9044 2.5922 9.06 -0.26 3.72 162 321 331 292 191 
0.7579 -0.2626 -0.5709 -0.1755 22.81 72.19 67.75 9.14 -2.92 2.58 -0.3500 0.3500 0.2200 -2.4833 -4.2767 2.9533 8.33 -4.64 -2.23 204 310 296 348 225 
0.5381 -0.5253 -0.6589 -0.0174 354.62 39.06 132.00 4.38 -4.20 -3.73 -0.6800 2.1100 1.9200 -1.3378 -3.1233 2.7022 3.48 -6.03 -6.89 210 328 304 362 228 
0.3210 -0.6816 -0.6469 0.1184 96.19 11.56 144.37 -0.82 -0.79 -0.80 -2.9100 4.7600 7.7300 -2.6344 0.1178 0.9056 1.49 -3.95 -8.84 213 344 304 370 228 
0.1454 -0.7745 -0.6157 -0.0018 102.75 11.50 172.00 1.37 -0.57 -19.67 -0.9300 -0.1800 -10.4700 -0.1311 -0.0756 -0.1067 2.19 -0.86 -9.51 214 347 300 374 229 
0.1343 -0.7720 -0.6185 -0.0587 101.81 15.81 170.56 3.81 -1.22 -8.07 -0.1500 0.5000 0.6700 1.0856 0.1556 -0.5011 2.92 -2.17 -9.10 208 346 310 350 221 
0.2224 -0.7267 -0.6494 -0.0284 94.44 21.75 158.56 7.18 -5.07 -13.03 4.4100 -0.5600 -6.4600 3.9133 5.4000 -0.5689 6.22 -5.22 -5.48 144 257 175 174 105 
0.6299 -0.5433 -0.5515 -0.0636 12.19 52.63 83.56 4.40 -3.48 -1.69 -4.5400 2.0800 -2.7800 4.4311 3.8833 -0.1056 6.89 -4.34 5.45 149 183 175 175 112 
0.9270 -0.2010 -0.3123 -0.0528 4.25 32.19 21.44 3.80 -1.50 5.01 -1.0700 1.5100 -3.9800 1.1322 2.6656 1.1933 3.25 -2.62 8.87 152 192 182 181 116 
0.9856 -0.1070 -0.1286 0.0245 356.25 11.69 11.13 -0.77 0.84 7.94 -2.2200 2.0000 -1.4500 0.9678 0.5400 0.1778 1.37 -1.15 9.64 154 198 163 182 116 
0.9965 -0.0387 -0.0648 0.0364 356.87 7.12 4.19 0.31 0.68 9.90 -0.4300 1.3700 0.1400 -0.3711 0.0967 -0.5444 1.06 -0.84 9.71 150 205 172 185 121 
0.9969 -0.0562 -0.0479 -0.0280 5.37 5.06 7.12 2.80 -0.67 9.81 1.9600 0.5700 0.1600 -0.6722 0.9600 -0.9956 0.32 -1.67 9.65 141 223 172 189 122 
0.9854 -0.1003 0.0283 -0.1343 18.19 -4.00 13.06 -1.34 -3.60 9.25 0.2200 -0.9300 -0.0900 -0.5056 0.8889 -0.7689 -1.41 -2.64 9.33 142 222 183 194 127 
0.9617 -0.1271 0.1172 -0.2125 24.12 -9.69 18.25 -0.98 -4.33 8.29 -0.6800 -1.4200 -0.1800 -0.2600 -0.2789 0.5911 -1.70 -3.29 9.08 142 216 190 195 128 
0.9589 -0.1623 0.1288 -0.1939 22.81 -9.88 22.06 0.00 -3.02 8.36 1.2400 0.7300 -0.5000 -0.2022 -0.7767 0.4956 -1.33 -3.77 8.94 146 251 199 217 154 
0.9632 -0.2083 0.0767 -0.1516 16.25 -2.25 27.81 -4.13 -4.71 3.32 -3.1200 0.0700 -5.9200 -1.3178 -2.0078 -1.5244 1.33 -5.47 8.02 163 276 252 255 178 
0.9282 -0.3024 -0.0823 -0.2004 28.19 21.44 29.87 8.08 -1.32 1.56 2.6900 3.0100 -6.1100 3.2589 -1.8133 -2.3644 5.59 -1.19 7.96 190 323 336 390 210 
0.8917 -0.0948 -0.3450 -0.2774 34.31 48.50 -7.37 13.18 3.52 8.27 5.5500 2.6900 3.0400 1.1367 -1.8833 -0.4411 8.12 1.51 5.27 179 341 351 417 215 
;
0.8355 -0.0581 -0.4823 -0.2567 34.25 60.06 -13.25 8.88 1.52 4.33 -0.3100 -0.1500 -0.9800 -0.4767 -0.2778 0.1278 8.75 0.69 4.36 171 334 340 400 216 
0.8044 -0.1216 -0.5206 -0.2589 35.81 64.12 -10.44 7.67 0.22 4.08 -1.1800 -0.4200 -0.1700 0.0689 -0.2889 0.0011 8.85 0.79 4.12 171 333 338 399 215 
0.7968 -0.1184 -0.5340 -0.2568 35.69 66.31 -12.81 11.03 1.67 5.38 2.7100 1.2400 3.0400 -1.2267 0.2056 0.3422 9.02 0.48 3.80 198 349 340 403 218 
0.7666 -0.2421 -0.5287 -0.2723 39.88 75.00 41.88 10.66 -1.92 1.67 -0.6400 0.6400 -0.9600 -3.4822 -5.0678 3.1256 8.73 -3.72 -2.45 209 338 324 394 225 
0.4698 -0.6183 -0.6188 -0.1185 20.50 36.75 146.31 5.67 -0.97 -4.62 -0.5900 2.5800 3.4300 -1.6922 -1.6333 2.0400 3.37 -4.01 -8.28 210 318 305 343 217 
0.2451 -0.7823 -0.5718 -0.0323 108.87 18.19 164.19 2.10 3.16 -14.42 -1.7500 3.3600 -12.0600 -1.7733 0.0667 -0.1711 3.16 -0.76 -9.25 209 300 292 334 206 
0.1464 -0.8052 -0.5650 -0.1045 108.81 20.81 170.69 5.26 -0.58 -5.79 1.5000 1.2400 3.2700 0.4689 0.2722 -0.0167 3.81 -1.90 -8.82 208 310 295 341 209 
0.2116 -0.7836 -0.5746 -0.1049 106.50 24.81 165.31 6.93 -1.99 -14.50 2.3600 -0.9600 -7.2500 1.8000 2.1722 -0.1678 5.53 -3.36 -7.36 206 316 228 223 154 
0.4361 -0.7103 -0.5319 -0.1495 32.19 45.31 129.81 9.70 -4.32 -9.70 2.8300 1.7500 -5.7700 4.9978 5.1022 1.4967 7.00 -6.85 0.20 144 234 186 183 114 
0.8290 -0.4576 -0.2960 -0.1255 16.19 31.19 43.88 0.57 -0.60 5.01 -2.9600 4.3900 -1.9000 3.8922 2.4744 0.5333 3.35 -3.25 8.62 160 218 185 187 122 
0.9822 -0.1174 -0.1173 -0.0872 8.94 11.75 9.25 0.05 1.69 8.14 -1.8600 2.7400 -1.3800 1.0444 1.3700 0.2822 0.86 -0.65 9.74 164 205 181 188 123 
0.9978 -0.0264 -0.0244 -0.0556 7.44 1.62 2.37 -2.56 -0.26 9.63 -0.7000 -0.1100 -0.7700 0.0722 -0.3533 -0.0756 0.06 -0.39 9.79 159 207 186 189 125 
0.9964 -0.0198 -0.0110 -0.0816 9.25 2.19 2.25 1.08 0.36 9.79 0.9900 1.4100 0.3500 -0.1556 -0.6033 0.1267 0.72 -0.54 9.76 152 217 183 193 126 
0.9940 -0.0511 -0.0272 -0.0928 12.19 3.12 7.37 2.78 -0.51 9.78 2.6100 0.3000 -0.3700 -1.5022 0.6644 -0.5789 0.14 -2.19 9.55 148 216 187 196 129 
0.9750 -0.1517 0.0498 -0.1547 18.87 -4.75 20.62 0.10 -6.13 7.83 -0.4600 -2.8600 -1.4900 -0.7967 0.9267 0.3533 -1.62 -4.14 8.73 149 212 196 199 131 
0.9584 -0.2069 0.1289 -0.1483 18.87 -12.06 27.94 -5.11 -5.12 8.28 -2.0100 0.0000 -0.4400 -0.2089 -0.7156 -0.1356 -1.85 -4.78 8.35 153 230 203 220 154 
0.9470 -0.2542 0.1168 -0.1577 18.06 -4.69 33.06 -2.79 -5.41 2.76 -1.6100 -0.5300 -6.1800 -0.2000 -2.1189 -1.9700 1.55 -5.47 7.98 169 266 257 256 179 
0.9227 -0.2858 -0.0804 -0.2461 33.38 21.81 26.44 5.56 -1.83 0.20 1.9600 2.1400 -7.1900 2.6689 -3.8756 -2.0211 6.15 -1.63 7.46 182 310 327 372 210 
0.8561 -0.1413 -0.3964 -0.2999 39.38 52.44 -6.50 13.41 4.48 10.47 4.9000 2.9000 4.1000 0.5356 -1.7022 -0.6778 8.11 1.70 5.24 178 347 349 413 178 
;
