-0.0293 -0.0089 0.1857 0.9821 176.50 -0.31 -21.75 -0.99 4.25 9.46 -0.5500 0.7500 0.4600 0.2211 -0.2444 -0.3633 -0.03 3.80 9.03 189 355 331 338 195 
-0.0089 -0.0030 0.1964 0.9805 179.12 -0.25 -22.44 0.02 4.14 9.07 0.2400 0.1900 -0.1200 -0.0844 0.0122 -0.1322 -0.10 3.71 9.07 190 349 328 337 197 
-0.0016 -0.0081 0.1920 0.9814 179.81 -0.81 -22.12 0.06 3.74 9.11 0.2200 0.0900 0.1600 0.1644 -0.2233 -0.0122 -0.02 3.77 9.04 188 343 329 337 196 
-0.0002 0.0108 0.2098 0.9777 179.69 2.44 -26.06 0.61 6.51 10.92 -0.8400 2.4800 2.0100 0.0200 -3.7144 1.2333 2.48 4.52 8.33 195 358 352 378 213 
-0.0169 0.3258 0.1962 0.9247 176.50 54.19 -27.12 7.33 0.67 2.93 -3.6300 -2.1100 -1.4900 -0.8056 -10.4200 3.1444 9.62 0.10 -1.86 206 329 267 315 216 
-0.0594 0.9169 0.0344 0.3931 179.62 31.81 173.31 5.33 -0.35 -4.73 -2.1500 3.5600 6.5100 0.1522 -2.5089 1.9100 2.61 -1.57 -9.31 206 262 250 277 215 
-0.0776 0.9855 -0.0966 0.1154 191.31 10.69 172.81 2.09 3.92 -13.09 0.7800 4.3000 -6.6800 -2.2989 0.4267 -0.8022 1.94 0.84 -9.57 208 282 263 299 219 
0.0611 0.9907 -0.0743 0.0966 188.62 11.69 -174.31 2.59 -0.47 -9.67 1.0400 -0.8500 0.4000 0.3144 0.4544 -0.0889 2.27 0.69 -9.51 207 290 265 312 219 
0.0411 0.9885 -0.0660 0.1296 187.31 16.31 -176.25 2.49 1.90 -9.43 0.3700 1.5200 -0.3000 -0.3167 1.0878 -0.5200 3.42 0.80 -9.15 209 280 266 311 218 
0.0611 0.9708 -0.0502 0.2263 187.44 30.37 -174.50 14.07 3.34 -11.77 8.9700 2.9200 -5.5700 0.1600 8.8367 3.6833 8.88 -1.17 -3.97 192 352 325 373 216 
-0.0140 0.6809 -0.2440 0.6904 175.44 60.25 78.12 7.11 0.75 1.12 -0.6800 6.0100 -0.6100 -4.8200 5.6067 6.0233 4.82 -8.32 1.86 121 321 323 376 217 
-0.0232 0.2010 -0.6423 0.7392 175.00 10.00 87.87 1.02 -5.74 -2.52 0.4000 3.9000 -2.0300 -1.8300 2.1278 1.8244 0.22 -9.76 -0.92 117 328 323 372 216 
-0.0086 0.0025 -0.7687 0.6395 178.87 -1.19 103.37 -2.47 -5.86 -6.87 -3.0600 3.3500 -7.0900 -0.6500 0.2211 -0.5678 0.12 -9.39 -2.82 124 335 324 371 216 
0.0432 0.0000 -0.7542 0.6553 191.56 5.44 89.81 0.26 -6.89 5.02 1.7900 2.3400 9.9000 3.3956 1.5278 -0.2367 1.06 -9.44 2.39 128 342 320 375 217 
0.1029 -0.0217 -0.6592 0.7445 195.06 6.06 86.06 0.90 -6.62 -2.35 -1.3100 3.6400 -6.4900 -2.2500 -1.0000 0.4711 0.79 -9.62 -1.67 123 333 320 356 215 
0.0604 0.0109 -0.7383 0.6716 193.69 7.50 86.06 2.71 -2.48 12.04 0.2700 6.8100 13.8100 3.1378 1.0367 0.0956 1.16 -8.95 3.82 135 346 331 377 218 
0.1342 0.0076 -0.5635 0.8151 197.56 11.44 71.31 0.21 -9.85 -0.08 -2.1700 -0.7900 -3.4500 0.1667 -4.0633 -0.5800 3.03 -9.07 2.16 156 349 333 374 214 
0.0074 0.2593 -0.5611 0.7860 175.25 29.87 71.75 5.39 -6.28 -1.42 4.2100 2.3200 -6.1300 3.2800 -3.8767 0.3478 5.99 -7.16 2.98 108 255 290 283 205 
-0.2021 0.4835 -0.3622 0.7708 146.50 38.94 71.62 4.91 -2.58 -4.07 -0.2900 4.0300 -4.8200 2.3178 -2.6944 -2.3167 7.61 -5.71 2.34 101 186 188 186 122 
-0.2586 0.6116 -0.0862 0.7427 139.44 63.50 57.13 14.36 1.75 6.40 -0.0100 -0.0100 -0.0100 -0.0011 -0.0011 -0.0011 -0.01 -0.01 -0.01 104 190 189 179 111 
;
