0.0924 -0.0423 -0.0061 -0.9948 169.37 4.87 -0.25 0.81 0.03 9.76 -0.0300 0.0000 0.0200 0.0022 0.0056 -0.0067 0.83 0.04 9.77 270 442 445 484 311 
0.0923 -0.0421 -0.0062 -0.9948 169.37 4.81 -0.25 0.80 -0.01 9.78 0.0000 -0.0700 0.0700 0.0322 0.0411 -0.0067 0.80 0.06 9.77 268 438 446 483 310 
0.0905 -0.0323 -0.0247 -0.9951 169.75 4.12 -7.12 4.57 1.69 13.69 -1.8200 0.7500 7.1300 1.3944 -0.9711 1.9678 1.70 3.02 9.17 305 441 388 472 322 
0.1806 -0.3244 -0.1979 -0.9072 149.94 63.94 -16.81 4.89 -1.02 -0.05 -4.9900 -1.5300 -1.5000 0.9500 -12.9644 4.0822 7.60 -2.37 -5.72 309 386 392 434 320 
0.2227 -0.9352 -0.2205 -0.1648 157.50 20.06 157.25 -4.24 2.68 0.27 -2.0700 5.9100 4.2300 -2.9078 -0.3144 -0.3078 2.94 -1.87 -9.16 306 398 377 428 315 
0.0710 -0.9676 -0.1854 -0.1561 157.62 19.62 177.44 6.24 -1.26 -14.76 3.5400 -1.7500 -5.2300 0.0233 0.0656 -0.1300 3.37 -0.21 -9.20 310 407 382 427 316 
0.0720 -0.9586 -0.2078 -0.1810 152.94 23.44 171.50 6.00 -3.60 -18.28 2.5900 -1.4900 -8.9200 7.9033 3.3333 -0.9178 6.37 -5.32 -5.21 322 482 433 512 327 
0.5501 -0.7394 -0.3073 -0.2371 38.00 43.19 103.62 4.66 -4.97 -3.64 -3.5400 2.6800 -2.7700 4.9533 1.3633 -0.8078 7.04 -6.64 1.55 320 484 443 513 327 
0.7952 -0.4509 -0.3690 -0.1679 21.62 47.94 54.50 5.20 1.30 2.75 -1.7100 6.2900 -1.7800 2.4011 -0.0467 -0.2533 7.42 -4.24 4.80 318 467 415 511 326 
0.8582 -0.2995 -0.3984 -0.1230 16.06 49.56 40.88 8.69 1.84 3.17 1.2900 5.8500 -1.6100 -1.1689 0.4722 -0.3078 7.43 -4.42 4.62 249 433 375 491 312 
0.8297 -0.3777 -0.3629 -0.1927 31.94 47.94 51.56 10.44 -0.53 1.43 2.8200 5.1200 -2.5300 -7.1078 0.8733 -1.3611 7.64 -5.84 1.91 321 391 312 441 346 
0.6223 -0.6536 -0.2339 -0.3616 59.69 45.63 87.12 1.11 -10.96 -0.07 -7.1700 -4.7900 0.2400 -1.1989 1.7011 0.7656 6.28 -7.49 0.72 308 403 380 439 323 
0.6006 -0.6787 -0.0521 -0.4193 71.56 39.44 84.87 4.58 -8.09 0.60 -1.7700 -0.3900 0.1400 -0.6322 0.1989 -0.3189 6.42 -7.40 0.40 302 400 380 431 315 
0.5625 -0.6942 -0.0469 -0.4466 77.00 43.31 87.25 5.26 -5.50 -0.52 -1.6600 1.6100 -1.1200 1.3989 1.1078 -0.5322 6.94 -6.79 1.34 289 402 385 405 307 
0.5903 -0.6099 -0.0803 -0.5226 87.87 48.69 61.88 2.18 -3.50 -0.80 -5.0000 1.5500 -4.8600 1.7033 2.1722 -3.7522 7.86 -3.24 4.87 289 410 387 411 302 
;
