0.8156 -0.0856 -0.5289 -0.2184 29.94 64.12 -12.19 8.75 0.80 4.18 -0.1100 -0.0700 0.0600 0.0344 -0.0111 -0.0211 8.82 0.92 4.16 190 348 339 384 212 
0.8145 -0.0835 -0.5311 -0.2183 30.00 64.44 -12.94 8.71 0.96 4.11 -0.0800 0.0200 0.0000 -0.0044 -0.0611 -0.0289 8.86 0.97 4.08 191 349 341 384 212 
0.8115 -0.0831 -0.5350 -0.2199 30.37 64.94 -13.88 8.93 1.71 4.75 0.4900 0.8100 1.1600 0.0344 -0.8344 0.4478 9.12 0.76 3.50 198 351 344 348 216 
0.7609 -0.1683 -0.5960 -0.1935 29.56 80.06 40.31 9.51 -1.51 0.39 0.2800 -0.2400 0.5500 -3.2167 -6.6967 3.6756 8.49 -3.29 -3.63 208 346 333 365 225 
0.4329 -0.5488 -0.7136 -0.0480 79.00 32.19 149.00 3.86 -1.16 -4.10 -2.9700 4.1100 4.5500 -2.2589 -2.3544 3.3633 2.11 -3.87 -8.75 213 309 313 354 224 
0.1566 -0.7586 -0.6324 -0.0030 102.06 13.00 174.44 2.28 4.02 -26.54 1.0400 3.3800 -22.2700 -0.0389 1.2867 0.2144 2.81 0.40 -9.38 211 308 306 356 224 
0.1270 -0.7648 -0.6223 -0.1078 100.75 20.44 174.19 4.88 0.27 -6.63 -0.6100 1.9900 1.2600 0.7878 0.3844 -0.2244 3.81 -1.43 -8.92 209 315 316 345 222 
0.2033 -0.7275 -0.6492 -0.0895 93.75 24.06 166.87 2.23 0.84 -7.34 -1.5600 1.6500 1.9000 1.0233 -0.5767 -1.3322 3.88 -2.32 -8.69 213 374 339 378 225 
0.2141 -0.6609 -0.7178 -0.0466 84.12 20.75 167.94 3.69 -2.23 -8.17 0.9200 -0.6900 0.3900 -1.3922 -0.8289 -0.3233 2.89 -0.99 -9.31 213 318 317 350 223 
0.1107 -0.6563 -0.7435 -0.0649 82.62 14.44 178.50 5.60 -4.89 -12.96 3.5200 -5.2100 -4.4500 0.3822 0.6189 0.2411 2.76 -0.29 -9.40 209 325 314 351 224 
0.1737 -0.6659 -0.7233 -0.0568 87.25 25.00 161.94 7.87 -7.46 -19.35 2.8600 1.0100 -7.5600 8.0567 2.7844 2.2456 5.48 -7.09 -3.97 213 425 346 430 220 
0.6409 -0.5751 -0.4936 0.1216 334.75 26.50 93.56 -1.50 3.30 2.51 -5.5200 11.7800 2.6900 0.3344 1.0444 0.6700 3.75 -9.05 0.42 214 423 355 432 219 
0.7022 -0.5678 -0.4009 0.1543 336.31 23.37 88.50 2.31 -5.14 0.06 -1.6300 3.2200 -0.5200 -0.9244 -0.3256 -0.8189 4.48 -8.70 -0.45 213 409 347 371 215 
0.6687 -0.5806 -0.4576 0.0801 350.06 34.44 97.87 0.42 -3.89 -4.60 -5.1100 3.2400 -3.5200 0.3578 1.2100 -4.4978 7.71 -6.01 -0.69 202 335 300 331 209 
0.7109 -0.3923 -0.5642 -0.1498 31.81 72.44 57.06 14.48 -1.67 4.47 5.0300 0.7900 5.2300 1.5244 1.4711 -2.3767 9.21 -0.14 3.36 202 344 319 368 213 
;
0.7759 -0.1780 -0.5168 -0.3150 45.19 67.00 -6.56 12.22 0.17 5.27 2.5000 -0.3700 1.0700 -0.2989 -0.2867 0.1789 9.19 0.12 3.40 188 346 331 369 213 
0.7581 -0.2156 -0.5239 -0.3231 45.94 69.00 -2.44 9.61 -0.20 3.68 0.4300 -0.2400 0.0300 0.1667 -0.2056 -0.0078 9.20 0.23 3.36 182 351 334 378 211 
0.7558 -0.2055 -0.5363 -0.3146 45.13 70.06 -4.94 8.98 0.45 3.20 -0.1700 0.0500 -0.1900 0.1767 -0.1233 -0.0956 9.24 0.38 3.23 182 351 332 379 212 
0.7514 -0.1967 -0.5467 -0.3127 45.38 71.12 -8.69 9.70 0.63 3.29 0.8400 0.4200 0.8400 0.1000 -0.5400 -0.0267 9.41 0.42 2.70 199 357 331 379 216 
0.7153 -0.2483 -0.5751 -0.3096 49.88 81.81 17.31 10.49 -0.86 2.15 1.6500 -0.6900 0.4800 -2.9311 -5.7989 2.4778 8.99 -1.93 -3.38 212 355 329 382 223 
0.4122 -0.6107 -0.6529 -0.1757 90.50 37.69 157.06 2.58 -1.03 -3.87 1.6700 2.8600 6.9900 -2.5789 -2.3567 3.1322 2.89 -2.51 -9.02 212 319 299 337 220 
0.1536 -0.7786 -0.6029 -0.0816 104.44 20.44 176.50 4.44 1.53 -17.42 0.7700 0.4500 -5.8800 0.4222 0.4644 -0.0933 4.05 -0.41 -8.91 213 332 308 350 222 
0.1698 -0.7584 -0.6121 -0.1465 100.00 25.87 172.37 3.01 1.41 -8.87 -1.5700 2.5400 0.2700 1.4500 1.2756 -0.6489 4.98 -2.04 -8.19 211 374 326 365 223 
0.2935 -0.6863 -0.6530 -0.1287 91.12 36.94 163.06 3.41 -0.03 -5.56 -2.9400 1.9900 1.2700 -0.1944 -0.5544 -1.0867 6.02 -1.67 -7.55 208 370 342 386 222 
0.2607 -0.6277 -0.7184 -0.1480 81.00 32.00 173.62 8.37 -3.47 -9.27 2.9800 -2.9000 -0.8900 -0.5444 -1.4556 0.2689 4.29 -0.60 -8.79 210 318 291 370 224 
0.1567 -0.6585 -0.7277 -0.1109 85.31 21.00 177.19 7.17 -4.48 -12.54 3.9300 -4.1900 -3.5900 0.4289 0.4256 0.8656 3.79 -0.92 -8.99 211 332 324 379 227 
0.1910 -0.7083 -0.6732 -0.0930 95.31 22.62 166.31 7.51 3.19 -30.35 3.6400 7.1700 -20.8800 9.3900 3.7389 2.1844 4.17 -7.09 -5.33 214 415 341 429 223 
0.6061 -0.6260 -0.4623 0.1647 328.19 18.94 95.50 -2.77 4.62 8.39 -4.6600 12.7100 5.8400 -0.3433 1.3478 -0.6600 3.48 -9.15 -0.31 214 424 357 441 222 
0.6895 -0.5950 -0.3958 0.1180 342.50 24.94 90.44 3.62 -7.37 -1.12 -0.2500 0.7600 -0.9200 -0.1611 -0.1022 -0.4644 4.50 -8.71 -0.13 210 420 360 440 219 
0.6959 -0.5818 -0.4146 0.0735 350.31 31.44 91.87 2.62 -3.25 -0.85 -2.4400 3.6700 -0.6300 0.4544 0.5778 -2.0078 6.27 -7.53 0.15 193 339 244 330 213 
0.7521 -0.4702 -0.4568 -0.0681 16.37 53.81 66.81 9.21 -4.67 1.88 0.5500 0.3100 -0.4100 1.6311 1.4722 -3.0644 8.55 -2.72 3.94 196 332 312 350 214 
0.8098 -0.2370 -0.4810 -0.2382 34.06 64.31 11.81 13.18 -0.47 6.57 3.8300 0.1800 2.9400 1.5522 1.2089 -1.3467 8.50 0.74 4.82 196 354 326 399 217 
0.8237 -0.0915 -0.4861 -0.2771 37.13 58.25 -14.13 8.69 1.94 5.25 0.3900 1.1200 1.3100 0.0544 -1.0800 0.5178 8.71 1.04 4.37 192 351 325 399 218 
;
