-0.0966 0.0588 0.2340 0.9656 168.50 9.13 -26.50 1.59 4.31 8.63 0.1500 0.0100 -0.0100 0.0100 0.0011 0.0011 1.56 4.32 8.66 219 394 401 439 253 
-0.0968 0.0588 0.2341 0.9656 168.50 9.13 -26.50 1.72 4.30 8.64 0.1400 0.0000 -0.0200 0.0056 0.0144 -0.0022 1.55 4.32 8.66 219 392 399 442 253 
-0.0970 0.0587 0.2344 0.9655 168.50 9.13 -26.50 1.71 4.30 8.71 0.1300 -0.0400 0.0900 0.0578 0.0033 -0.0100 1.56 4.35 8.64 220 395 401 438 255 
-0.0970 0.0584 0.2375 0.9648 168.37 8.94 -27.37 1.98 4.63 9.42 0.2700 -0.0100 1.2600 1.8133 0.0144 0.1467 1.49 5.33 8.09 229 406 401 451 253 
-0.1268 0.0439 0.3451 0.9289 161.62 9.25 -42.94 1.95 9.63 10.42 -0.4200 2.3000 2.9600 -1.6122 -2.6356 2.5900 3.50 5.93 6.98 246 380 348 409 257 
-0.2243 0.3295 0.3326 0.8547 146.87 65.50 -42.19 7.59 -0.47 -3.37 -2.4600 -1.7800 -3.2300 2.1022 -13.6000 4.8678 6.66 -1.66 -6.99 246 324 324 347 254 
-0.1859 0.9350 0.2744 0.1263 149.87 16.56 162.56 -0.86 0.09 3.10 -3.9600 3.6700 11.2800 -2.4711 -0.2389 0.6522 2.00 -1.93 -9.40 245 315 318 363 257 
-0.0382 0.9764 0.1870 0.1005 158.06 12.81 -177.69 3.50 1.35 -17.25 0.7500 0.3500 -6.5600 0.2000 -0.0022 -0.0422 2.30 0.65 -9.51 246 330 323 371 259 
-0.0075 0.9733 0.1944 0.1214 157.06 14.56 -179.37 3.22 -0.07 -7.55 0.6000 -0.0900 2.0200 0.3544 1.0933 -0.2822 3.21 -0.15 -9.26 247 328 322 368 258 
-0.0573 0.9525 0.2347 0.1855 149.81 25.62 177.37 5.91 0.29 -10.20 1.8200 0.8900 -1.7800 1.3111 3.2800 -0.8567 6.22 -0.98 -7.51 228 357 259 249 189 
-0.2134 0.8502 0.3015 0.3751 114.31 55.31 161.94 6.87 -1.31 -4.48 -2.6800 1.3400 3.2800 2.6311 1.8189 -0.7067 8.79 -2.32 -3.65 152 417 205 194 131 
-0.3627 0.7359 0.3750 0.4315 102.31 67.06 153.69 1.80 1.79 -5.94 -5.0500 3.4200 -4.4300 0.5944 -0.2233 -2.4789 9.16 -0.04 -3.48 142 416 203 198 136 
-0.3271 0.6313 0.5262 0.4664 106.50 68.12 -164.50 20.98 1.72 -7.21 12.2900 0.6800 -3.2900 3.8811 1.9311 -0.9322 9.37 0.96 -2.70 145 413 201 203 138 
-0.5120 0.4548 0.6170 0.3877 66.12 83.44 176.44 12.00 2.67 -0.11 0.6800 3.8900 -0.2000 0.8844 4.2856 2.0311 9.34 -2.24 1.95 150 423 205 208 141 
-0.7531 0.3859 0.3764 0.3772 52.81 51.69 34.81 -2.92 -1.54 5.24 -10.9000 2.7100 0.1700 -1.8822 0.9267 1.5800 6.43 -5.07 5.38 163 434 226 226 157 
-0.7707 0.4733 0.1886 0.3828 55.31 42.88 56.06 -1.70 -0.39 -0.11 -7.6600 6.3100 -3.8200 -2.3311 -1.8289 -2.6478 8.20 -5.10 1.67 158 436 229 227 157 
-0.5513 0.6145 0.3177 0.4664 85.75 72.19 86.75 10.19 2.19 -12.37 5.9500 4.3600 -12.5700 1.3067 -1.8278 -3.2011 9.75 -0.28 -0.98 154 427 208 220 150 
-0.4611 0.5574 0.5279 0.4450 80.12 76.00 153.19 17.77 -0.63 4.67 7.7600 1.4200 7.5700 1.1167 -0.1289 2.3000 9.05 -2.95 -2.33 157 427 215 219 150 
-0.5392 0.6150 0.4826 0.3133 61.75 64.50 119.31 4.84 -1.79 -0.19 -4.2100 2.0300 1.1900 -2.5300 0.5600 -0.3344 8.96 -3.31 -2.18 206 359 222 230 167 
-0.4592 0.6625 0.4001 0.4360 97.19 76.06 123.69 14.56 -6.65 -4.73 3.5400 -4.0500 -4.5400 -0.2889 2.3567 0.1278 9.61 -1.49 1.18 231 201 231 221 149 
-0.4853 0.5534 0.2787 0.6169 101.69 71.50 42.00 2.81 -1.95 0.68 -6.6800 0.8200 -1.4400 0.9867 -0.6178 0.2411 9.40 -2.30 1.56 229 211 233 220 148 
-0.4874 0.5891 0.3562 0.5372 98.31 81.25 75.50 7.66 5.32 -1.25 7.2600 7.0100 -1.9400 -0.6600 -2.5600 -2.7678 9.72 0.88 -0.94 231 216 236 222 148 
-0.3351 0.5920 0.4684 0.5638 118.69 78.44 -137.37 11.67 1.46 -0.90 0.9300 0.2200 0.7500 0.2356 0.0578 0.0511 9.61 1.28 -1.40 230 221 237 222 148 
-0.3442 0.5833 0.4754 0.5615 117.25 79.19 -134.19 9.44 2.04 -1.93 -0.0500 0.8000 -0.5400 -0.0522 0.0844 -0.0911 9.62 1.37 -1.25 229 225 241 227 149 
-0.3455 0.5781 0.4734 0.5677 117.44 80.25 -125.75 10.32 3.36 -0.99 0.4300 2.0800 -0.0800 -0.0367 1.4544 0.0311 9.71 1.31 0.02 230 240 228 234 162 
-0.3818 0.5211 0.4279 0.6321 118.94 77.44 -47.75 6.72 3.30 2.78 -3.0700 1.1100 0.4900 -0.8878 1.0822 -1.6411 9.11 2.54 2.56 234 304 296 308 225 
;
