-0.2062 0.4896 0.3598 0.7670 149.56 63.88 -52.19 8.50 3.32 2.80 -0.2700 -0.0400 0.1200 -0.0144 0.0556 -0.0056 8.78 3.39 2.74 171 315 282 302 175 
-0.2109 0.4828 0.3567 0.7715 149.37 63.50 -51.06 8.70 3.39 2.73 -0.0100 -0.0300 0.0200 0.0133 0.0067 -0.0211 8.77 3.41 2.75 176 318 284 303 175 
-0.2114 0.4806 0.3572 0.7725 149.44 63.00 -51.13 10.88 4.20 3.17 1.6300 0.4800 0.6000 0.8033 0.2356 0.3144 8.76 3.49 2.66 202 330 295 302 183 
-0.2437 0.4844 0.3906 0.7439 141.56 68.00 -63.81 15.60 4.79 4.20 5.7200 1.7700 3.0800 -0.0656 -1.0233 2.2978 9.61 1.83 0.61 212 378 347 414 226 
-0.3199 0.6297 0.3350 0.6236 119.44 80.94 134.19 6.65 -0.41 -1.48 -2.9000 1.7900 0.4200 -0.1656 -5.7700 5.2967 7.34 -4.51 -4.67 213 362 348 402 227 
-0.3697 0.8898 0.1645 0.2112 44.69 21.94 138.69 -2.81 -0.76 2.68 -8.1400 6.2300 11.1300 -1.7011 -0.1522 0.6344 2.71 -5.59 -7.58 213 346 331 390 224 
-0.2351 0.9583 0.1085 0.1212 166.56 16.87 160.31 4.58 -0.40 -20.54 2.2200 -0.4900 -13.5200 -0.9467 -0.0389 -0.1478 2.97 -1.55 -9.21 213 353 332 393 224 
-0.1119 0.9748 0.1179 0.1528 165.81 20.37 167.31 4.19 -3.84 -9.03 -0.8400 -1.5700 -0.3000 1.7044 1.1744 -1.2244 4.46 -2.80 -8.26 210 347 334 388 224 
-0.2292 0.9202 0.2036 0.2435 152.00 37.38 154.69 6.97 -3.58 -8.76 1.6200 -0.7600 -1.6700 1.8444 3.9289 -1.4267 8.01 -3.49 -4.43 210 413 208 217 138 
-0.4140 0.7070 0.2896 0.4949 101.94 76.56 99.50 4.09 -1.17 -0.04 -4.4500 2.5000 0.8600 2.5933 0.3933 -1.0289 9.70 -1.16 0.74 210 429 209 210 144 
-0.4894 0.5353 0.4025 0.5585 98.00 84.87 2.56 1.62 2.12 -3.06 -7.6100 2.4900 -4.0400 0.6689 -2.0444 -2.0122 9.74 0.85 -0.69 143 429 207 205 142 
-0.3916 0.5208 0.5588 0.5131 102.25 73.12 -144.62 28.46 4.89 -2.53 19.7300 3.0300 2.0700 2.0444 1.1133 1.4922 9.56 0.61 -2.08 121 425 207 202 142 
-0.5433 0.4821 0.5461 0.4173 69.25 80.62 76.25 6.00 -0.05 4.30 -4.8200 0.6300 2.2000 -0.8722 4.7567 1.7000 8.68 -3.09 3.33 117 426 212 207 143 
-0.7139 0.4481 0.2638 0.4691 67.31 49.06 42.56 -1.90 -3.45 2.28 -8.8800 2.3600 -2.9900 -1.0578 -0.8544 0.3067 7.25 -5.16 4.09 117 427 215 210 144 
-0.6696 0.5387 0.1997 0.4706 73.19 54.31 60.31 1.99 1.73 -2.16 -4.5700 6.5000 -4.2700 -0.7933 -1.2244 -2.9567 9.18 -3.07 1.52 123 425 217 211 145 
-0.5042 0.5724 0.3619 0.5359 95.25 80.75 68.37 14.71 0.99 -5.29 5.8000 2.2900 -5.1000 0.5311 -2.2500 0.1311 9.63 -1.33 -1.23 124 422 217 212 147 
-0.4752 0.6281 0.4649 0.4045 76.87 69.19 133.31 15.72 -4.69 2.79 5.4400 -1.5800 5.5400 0.2311 -0.1289 1.2367 8.73 -3.64 -2.55 125 422 221 215 148 
-0.5136 0.6642 0.4316 0.3298 66.81 62.56 121.31 6.02 -3.32 -2.25 -2.6100 0.5100 -0.2100 -0.3289 0.1867 -0.3633 8.84 -3.58 -2.26 128 421 218 220 149 
;
