0.0256 0.5154 0.0718 0.8536 183.44 60.88 -17.94 8.45 1.53 4.66 -0.0800 0.0300 0.0400 0.0289 0.0544 -0.0333 8.54 1.49 4.57 180 325 317 349 208 
0.0257 0.5110 0.0754 0.8558 183.31 60.50 -18.69 8.58 1.64 4.49 0.1600 0.0700 0.0100 0.3022 0.2178 -0.0378 8.48 1.65 4.62 185 322 319 351 211 
0.0166 0.4981 0.0951 0.8618 181.75 58.00 -20.87 8.95 1.94 4.90 1.2800 0.3100 -0.0300 0.5078 0.9300 -0.3178 7.97 2.20 5.25 186 333 326 358 209 
0.0104 0.4274 0.1490 0.8917 181.44 46.19 -26.12 9.16 4.27 7.51 1.6700 1.3700 0.8800 1.0156 3.5211 -1.5633 4.94 4.23 7.33 194 366 331 374 211 
0.0328 0.1978 0.2477 0.9479 183.81 17.62 -30.87 -0.82 5.80 10.10 -3.3600 0.7200 2.1800 -1.4044 -0.8867 1.6044 3.51 3.93 8.26 200 361 350 400 222 
-0.0900 0.3186 0.1392 0.9333 159.06 55.81 2.31 2.19 -0.97 1.37 -7.1800 3.0000 -1.1200 -4.5044 -10.0778 8.3567 6.57 -6.31 -3.61 210 345 306 321 226 
-0.1967 0.8693 -0.3118 0.3293 224.62 21.62 153.69 6.31 -0.92 -14.08 -1.4300 -1.2800 -8.7800 -2.7333 -0.2022 0.2344 3.12 -1.53 -9.16 206 286 248 322 227 
0.0323 0.8892 -0.4205 0.1776 230.56 20.87 175.25 4.51 -1.53 -12.17 -0.2000 -0.5700 -1.5300 0.3100 0.4567 0.0622 3.89 -0.94 -8.94 208 298 257 329 227 
0.0392 0.8819 -0.4181 0.2144 230.56 24.44 172.69 3.91 -0.82 -7.80 -0.4000 0.3600 0.7200 0.1544 0.0656 -0.2133 4.08 -1.21 -8.83 207 302 260 333 227 
0.0209 0.8894 -0.3981 0.2237 227.00 24.50 169.75 10.39 -2.06 -13.65 6.5400 -0.7500 -6.2900 2.4933 1.3233 1.1333 4.59 -3.42 -7.95 200 360 274 391 225 
-0.1189 0.8091 -0.4200 0.3934 142.50 32.75 133.06 10.92 -1.56 -6.07 4.1400 6.4400 1.3800 -0.1578 3.6078 4.2767 4.47 -7.76 -3.98 175 397 351 411 223 
-0.1707 0.5102 -0.6503 0.5363 150.25 14.94 112.06 0.88 -0.78 -8.52 -0.2400 7.9700 -5.4100 -1.5767 6.4100 5.2000 0.62 -9.00 -3.84 175 396 350 407 218 
-0.0502 0.0057 -0.8420 0.5370 168.25 -6.44 114.94 -6.06 -5.86 -5.67 -4.3600 2.9600 -1.2400 0.7511 -0.1078 1.0489 -2.13 -8.84 -3.66 177 402 354 410 218 
-0.0821 -0.0807 -0.8208 0.5594 164.12 -12.25 110.94 -3.52 -5.26 -8.32 -0.4400 4.2000 -6.3800 2.3633 1.0878 -1.3300 -0.99 -9.53 -2.05 175 390 356 400 219 
0.0319 -0.0878 -0.6570 0.7480 185.31 -5.50 66.25 2.41 7.79 -3.62 2.7300 16.1400 -8.9200 12.4978 -2.3667 0.3256 -0.15 -2.41 9.50 194 393 351 397 221 
0.0209 -0.0257 0.1002 0.9944 181.25 -4.25 -23.00 -3.68 17.51 19.34 -3.5100 9.7300 11.2200 1.0167 -2.3978 0.8067 -0.23 5.81 7.89 204 402 356 401 224 
0.0062 -0.0008 0.2847 0.9586 181.12 0.06 -30.75 0.63 4.23 7.70 0.5300 -0.8200 -0.5800 -0.4767 -1.1256 0.1856 0.75 4.55 8.65 202 400 359 397 220 
0.0191 0.0707 0.2344 0.9694 182.44 9.06 -26.94 2.83 5.28 15.25 1.1700 0.9300 6.4600 -1.7867 -3.3989 0.0311 3.83 3.25 8.41 177 407 178 187 138 
0.0326 0.3673 0.0657 0.9272 181.62 48.88 -4.87 11.09 1.56 5.99 -0.3800 0.8500 -1.0600 -0.9767 -2.7711 4.3133 8.24 -2.89 4.44 123 362 171 174 115 
-0.2385 0.5855 -0.0983 0.7686 135.00 57.69 61.31 6.90 -3.87 -2.04 -1.5100 0.6700 -4.5200 3.9944 1.6044 -0.5233 8.05 -3.85 4.04 138 377 178 179 123 
-0.4326 0.4816 0.0641 0.7595 117.37 51.25 28.75 3.79 1.32 5.70 -2.8300 4.6200 0.0900 1.2056 0.5111 0.0756 7.44 -2.54 5.84 137 371 183 186 128 
-0.5128 0.4274 0.1345 0.7323 109.50 50.06 22.19 7.92 0.61 5.94 0.6000 2.5500 -0.5800 -1.0522 -0.1122 -0.1256 7.47 -2.84 5.67 132 369 193 185 130 
-0.4724 0.4512 0.0482 0.7557 119.06 44.81 33.94 10.07 -1.65 2.93 3.2900 2.0500 -2.9000 -2.7578 2.3411 -0.4922 6.08 -4.97 5.85 132 388 203 189 132 
-0.3453 0.4143 -0.1719 0.8243 135.69 32.63 45.19 2.11 -9.32 5.77 -2.6300 -3.5400 0.6700 -1.2122 3.0933 -0.0667 4.17 -6.35 6.19 140 380 200 191 132 
-0.2986 0.3373 -0.2676 0.8517 140.50 25.00 47.50 4.42 -5.61 6.17 0.7500 0.5000 -0.6300 -0.1222 -0.7189 0.7478 4.25 -6.79 5.64 147 374 200 194 139 
-0.3546 0.3890 -0.2600 0.8095 133.62 27.31 51.56 -0.39 -4.38 4.37 -4.3000 2.1700 -2.6900 -1.4467 1.4767 -2.9378 5.31 -6.32 5.28 164 318 202 223 167 
-0.1250 0.3520 -0.2392 0.8962 170.12 35.00 28.44 8.70 -1.68 6.96 2.6400 1.7000 -0.1600 2.8722 1.1567 -1.7078 5.27 -0.98 8.20 168 323 239 256 188 
;
