0.5170 -0.3967 -0.3771 -0.6581 103.69 65.75 -12.13 8.96 0.87 3.86 0.0400 0.0400 -0.0400 0.0022 -0.0233 0.0033 8.95 0.84 3.91 227 365 361 397 258 
0.5167 -0.3974 -0.3776 -0.6577 103.69 65.87 -12.13 8.97 0.89 3.87 0.1000 0.0700 -0.0300 0.0011 -0.0100 0.0011 8.95 0.84 3.90 227 363 362 396 258 
0.5145 -0.3991 -0.3798 -0.6570 103.87 66.44 -13.13 11.01 1.34 5.82 2.3100 0.5100 2.7900 -0.0467 -0.5878 0.0267 9.18 0.83 3.33 241 395 369 375 258 
0.4791 -0.4821 -0.3893 -0.6216 104.69 83.81 2.06 9.81 0.44 1.71 -0.7100 0.9500 1.3000 -2.6211 -6.0256 3.0233 8.84 -2.24 -3.59 242 377 371 344 256 
0.3090 -0.8422 -0.3361 -0.2868 140.12 31.69 154.75 2.23 0.38 -2.68 -1.0000 3.9700 7.3400 -2.2922 -2.6433 2.6644 1.82 -3.05 -9.13 245 349 321 323 243 
0.1118 -0.9665 -0.2238 -0.0575 155.06 9.19 174.50 0.11 2.42 -14.37 -0.9300 2.1300 -6.6900 -1.7822 0.4467 0.1489 1.91 0.98 -9.56 246 359 329 335 249 
-0.0323 -0.9738 -0.1949 -0.1124 157.44 12.25 -174.56 2.32 -0.27 -9.18 0.1500 -0.6700 0.5600 0.5156 0.5456 -0.0978 2.45 0.48 -9.48 247 361 328 336 248 
0.0306 -0.9674 -0.2060 -0.1442 155.81 19.62 177.12 12.19 1.60 -17.12 9.0400 2.0700 -8.2000 3.1456 8.2089 3.4256 6.88 -3.47 -6.05 222 364 319 364 242 
0.3579 -0.8051 0.0239 -0.4725 101.69 41.75 100.69 2.73 -1.79 -0.19 -5.3500 5.9800 -0.4400 -0.0444 4.8633 5.1033 3.09 -9.28 0.60 232 385 366 432 255 
0.4937 -0.5369 0.4208 -0.5394 94.81 6.62 86.19 -2.45 -5.88 -5.75 -4.1000 3.8400 -7.6500 2.0256 -0.2744 -0.2978 1.26 -9.50 2.04 233 389 365 430 254 
0.5629 -0.4525 0.2938 -0.6261 96.56 17.19 57.56 3.87 1.02 4.33 3.4200 8.8200 7.1900 6.1078 -0.3100 -2.0978 4.43 -4.00 7.77 234 410 343 431 260 
0.6127 -0.3119 -0.0067 -0.7261 100.37 26.81 30.25 9.73 -0.16 16.56 4.4800 6.1900 6.1200 -6.3967 1.5011 1.6267 2.99 -8.07 4.68 223 405 380 443 261 
0.4887 -0.4783 0.3903 -0.6165 102.94 10.19 81.44 -1.09 -5.86 -14.69 -1.8900 3.7100 -16.1800 1.2733 -1.2033 0.0667 1.33 -9.69 0.69 219 397 372 420 257 
0.5469 -0.4960 0.3329 -0.5865 93.81 17.69 61.69 8.26 1.08 16.86 6.2800 8.8000 15.9300 3.5878 -0.5511 -0.9178 4.38 -5.45 6.86 237 407 365 420 261 
;
0.6191 -0.4290 0.0846 -0.6523 93.62 25.62 55.50 6.97 -3.68 4.43 1.1100 5.0100 -3.6200 -5.9078 0.0511 1.9300 2.98 -9.25 1.27 226 401 380 408 256 
0.4658 -0.6226 0.3940 -0.4901 92.12 13.00 98.87 -2.53 -5.30 -11.81 -5.8400 4.6800 -8.8200 3.2122 -0.7156 -1.9589 3.44 -9.17 0.29 214 349 332 334 239 
0.5308 -0.5995 0.1462 -0.5809 96.50 43.00 61.88 7.71 3.75 -0.10 4.1700 9.9600 0.0800 9.0389 -1.0678 -4.7656 8.28 -1.03 5.14 238 381 373 391 255 
0.5715 -0.3981 -0.3614 -0.6199 93.94 70.50 -5.69 18.58 5.51 13.37 4.9200 4.2700 10.3100 -2.7211 -0.9544 0.6944 9.44 -0.21 2.62 228 379 367 350 246 
0.4642 -0.5520 -0.3370 -0.6051 108.75 78.62 54.06 10.37 -1.96 2.37 0.6800 0.0700 1.3200 -3.4500 -3.3278 1.7400 9.29 -2.72 -1.51 248 364 357 338 255 
0.2931 -0.8426 -0.2245 -0.3922 151.62 35.88 157.37 4.24 1.33 -3.20 3.4300 4.8400 4.7200 -3.5211 -2.2678 1.8856 1.78 -1.11 -9.57 247 345 325 333 255 
0.0174 -0.9858 -0.1535 -0.0662 163.19 7.69 -178.94 1.64 1.68 -11.20 1.0800 0.7400 -1.6900 -0.6978 0.3678 -0.0222 1.49 0.72 -9.66 250 357 332 348 257 
-0.0345 -0.9839 -0.1456 -0.0972 162.69 11.38 -174.50 4.67 0.99 -12.50 4.0500 1.8000 -2.9100 1.4878 0.8978 -0.3867 2.55 -0.07 -9.46 248 351 332 328 247 
0.0685 -0.9695 -0.1511 -0.1806 165.56 27.37 169.12 11.51 1.77 -9.04 4.0700 5.5000 -1.4200 2.1833 6.3967 7.3822 5.81 -5.58 -5.57 230 377 353 416 246 
0.3585 -0.7615 0.3162 -0.4377 100.37 18.19 107.37 -7.37 -1.35 -6.97 -8.5300 6.9200 -5.2800 1.1467 1.6489 2.8478 0.73 -9.68 -1.38 210 394 363 415 251 
0.4835 -0.4988 0.4836 -0.5325 95.00 5.75 79.37 -2.73 -1.12 -4.23 -3.4600 8.0900 -5.7000 6.7056 -1.9967 -2.7211 3.10 -7.34 5.71 211 419 376 440 262 
0.6147 -0.3638 0.0469 -0.6983 97.06 28.25 31.50 11.04 -2.25 27.75 4.6400 3.1100 14.6600 -4.9389 0.5200 0.9289 4.16 -6.45 6.09 213 420 384 446 264 
0.5262 -0.4873 0.2630 -0.6453 103.37 17.06 75.87 1.33 -3.26 -10.56 -0.6600 5.6900 -12.1500 -3.5056 0.4900 1.0833 1.86 -9.59 -0.78 211 406 377 440 261 
0.4502 -0.5476 0.4490 -0.5439 99.31 13.31 82.06 1.16 -1.40 -1.81 -0.5200 7.9700 -2.1800 9.3156 -1.8067 -2.5256 4.09 -6.58 6.00 229 415 382 440 264 
0.6303 -0.3940 0.0507 -0.6669 91.87 29.25 42.06 7.17 -4.43 11.94 1.7000 2.2600 3.1000 -4.8100 -1.4122 1.0978 4.85 -7.68 3.67 217 417 385 424 262 
;
