0.4271 -0.4668 -0.5693 -0.5249 101.75 77.50 -113.37 9.62 1.83 -1.07 0.0300 -0.0700 -0.2200 -0.0078 0.0111 -0.0056 9.57 1.94 -0.85 178 336 337 357 212 
0.4256 -0.4689 -0.5692 -0.5244 101.87 77.44 -114.00 9.66 1.95 -1.01 0.1600 -0.0900 -0.0600 -0.0433 0.0056 0.0433 9.57 1.91 -0.87 184 325 331 359 215 
0.4200 -0.4781 -0.5681 -0.5217 102.12 77.56 -119.19 11.81 2.64 -0.77 2.7700 0.9900 0.8100 -0.9178 0.9244 0.7900 9.69 1.44 -0.42 201 332 340 399 215 
0.4487 -0.4992 -0.4817 -0.5634 101.62 88.25 -178.50 8.66 -1.26 -3.91 1.6300 -0.1200 -2.1400 0.1800 -11.2711 6.7722 5.74 -3.80 -6.98 210 307 315 306 218 
0.3137 -0.8758 -0.3600 -0.0709 142.00 18.50 144.94 -3.59 2.12 4.87 -7.6100 8.1000 13.3100 -1.8689 1.2456 1.8311 2.96 -4.80 -8.01 211 308 292 313 219 
0.1639 -0.9611 -0.1818 -0.1277 159.31 18.94 170.19 4.19 -2.18 -20.93 1.6700 -2.2900 -10.8800 -0.6267 -0.0222 0.0967 3.30 -0.72 -9.20 211 320 300 322 221 
0.0838 -0.9645 -0.1733 -0.1809 158.87 24.19 172.87 5.24 -0.86 -9.67 0.8400 0.6400 -1.1200 1.3311 1.7044 -0.4656 5.02 -1.77 -8.23 212 314 294 287 211 
0.2137 -0.9164 -0.2039 -0.2702 104.25 42.69 152.56 11.06 -2.72 -10.93 1.8700 -0.0400 -5.6500 1.2333 9.6511 2.0900 8.34 -5.07 0.85 211 408 182 172 102 
0.3607 -0.4263 0.2197 -0.7999 134.37 21.00 51.88 -5.70 -6.34 0.34 -3.8100 2.8700 -3.3600 -1.7489 2.3511 1.0944 1.10 -8.52 4.71 212 426 191 178 113 
0.2831 -0.2199 0.4742 -0.8042 144.94 4.75 62.88 2.89 -5.45 -1.46 3.0600 3.1200 -5.5000 1.9211 0.9922 -1.0067 0.87 -8.15 5.37 210 419 180 172 116 
0.2164 -0.1423 0.3979 -0.8801 149.44 3.62 45.88 5.25 -9.97 16.57 4.0800 -3.9500 10.2200 0.0400 -1.4167 1.8633 0.41 -6.75 7.09 205 425 198 178 119 
0.3677 -0.1772 0.3611 -0.8384 129.87 0.37 51.31 -6.51 -10.26 10.16 -5.7700 0.4000 3.8500 -3.0122 0.6433 0.2544 -0.38 -8.83 4.24 202 426 197 180 121 
0.3358 -0.2170 0.5466 -0.7358 133.69 -2.25 75.69 -3.25 -0.24 2.01 -2.9500 9.5200 -1.0000 -1.1467 1.7178 -0.8322 0.02 -9.72 1.30 192 424 202 183 122 
0.1854 -0.1868 0.6375 -0.7241 155.06 2.94 82.19 4.79 -1.82 0.08 4.6200 7.5600 -1.5400 1.3056 1.4433 -0.4556 0.68 -9.52 2.23 186 424 208 185 123 
0.1158 -0.1222 0.5618 -0.8099 162.50 3.62 65.44 9.34 -8.60 6.21 8.4700 -0.4500 1.8500 2.9756 -1.4700 0.8378 0.67 -7.75 5.96 181 425 209 186 123 
0.2405 -0.1499 0.3634 -0.8875 146.50 5.94 43.94 -4.94 -12.37 13.37 -4.9400 -3.3500 4.2400 0.1878 -1.0678 -0.2633 1.68 -6.56 7.08 180 422 211 187 123 
0.2949 -0.2130 0.3030 -0.8809 143.12 11.38 41.56 0.49 -3.58 6.58 -0.9900 2.7800 -1.0600 0.6900 0.7944 -0.0578 1.62 -6.00 7.57 182 418 229 219 153 
0.3294 -0.1750 0.2501 -0.8935 136.00 9.25 29.87 3.14 -2.80 3.64 2.2500 1.1200 -5.4800 8.3822 -6.4122 1.3333 4.78 -0.40 8.55 203 351 332 384 207 
;
0.4031 -0.3882 -0.4268 -0.7104 120.87 63.63 -41.44 8.85 2.89 3.05 0.1000 0.0000 -0.1900 0.0100 -0.0378 -0.0256 8.79 2.90 3.22 183 331 317 323 195 
0.4007 -0.3897 -0.4291 -0.7095 121.06 63.75 -42.13 8.89 2.91 3.05 0.1600 -0.0100 -0.1700 0.0022 -0.0156 -0.0178 8.79 2.92 3.19 183 332 314 324 194 
0.3992 -0.3903 -0.4304 -0.7093 121.19 63.75 -42.56 8.86 2.90 3.04 0.0300 -0.0300 -0.1400 0.0022 -0.0056 -0.0100 8.80 2.93 3.17 183 331 317 323 193 
0.3989 -0.3907 -0.4310 -0.7089 121.25 63.88 -42.94 9.05 2.95 2.98 0.3300 0.0200 -0.1800 0.0211 0.0489 0.0800 8.81 2.88 3.17 181 329 317 322 195 
0.4094 -0.3902 -0.4277 -0.7051 118.50 65.19 -39.69 8.76 3.15 4.95 -0.6400 0.3600 1.9900 -0.7233 -2.4178 0.7622 9.45 1.91 1.77 191 336 329 328 204 
0.3698 -0.5287 -0.4280 -0.6329 119.50 83.00 -77.19 12.01 1.12 0.50 2.5500 0.2400 0.5900 -1.0478 -5.5511 2.6833 9.32 -0.38 -3.00 208 336 330 357 223 
0.2701 -0.8142 -0.3687 -0.3579 137.00 41.00 160.25 1.21 -0.09 -0.92 -2.4800 3.4800 9.3200 -1.0700 -4.3578 3.6078 2.84 -3.17 -8.83 213 315 311 357 221 
0.1327 -0.9668 -0.1920 -0.1042 159.44 14.69 173.81 1.29 2.74 -18.82 -1.6600 2.8800 -10.7400 -0.9089 0.8167 -0.1500 3.10 0.29 -9.29 212 320 314 361 222 
0.0212 -0.9705 -0.1691 -0.1708 160.12 20.19 179.62 4.60 -1.02 -8.26 0.7500 -0.3200 0.8100 0.4289 0.2344 0.1289 3.44 -0.55 -9.16 213 326 317 359 223 
0.0770 -0.9678 -0.1760 -0.1624 158.44 20.06 172.62 7.20 0.21 -12.59 5.3700 2.9000 -4.1600 1.4689 6.0111 1.3233 5.81 -2.55 -7.47 209 388 225 220 147 
0.2673 -0.8082 -0.0335 -0.5237 132.44 60.19 84.62 0.72 -1.40 -4.04 -7.4400 4.7900 -5.0200 -5.4467 9.9578 2.9411 4.38 -7.73 4.14 204 419 196 191 124 
0.1818 -0.2913 0.4539 -0.8223 158.31 17.94 60.31 5.65 -2.16 0.95 5.8600 5.9400 -3.7800 3.2722 1.1511 -0.4311 3.06 -6.39 6.77 194 424 209 195 130 
0.1964 -0.1962 0.2595 -0.9250 153.19 14.13 33.56 5.84 -8.79 15.32 2.1600 -4.2700 8.0000 0.0378 -0.9844 2.9033 1.84 -5.50 7.90 193 425 209 198 132 
0.3901 -0.2072 0.2798 -0.8524 127.44 5.87 44.38 -3.99 -6.24 12.08 -4.9300 2.2400 3.4400 -2.9356 0.2111 0.8667 0.35 -8.23 5.31 191 426 211 197 132 
0.4021 -0.2592 0.4611 -0.7474 125.19 0.69 67.31 -3.66 -2.90 3.24 -3.7100 6.4600 -0.2400 -1.2622 1.5022 -1.0678 0.45 -9.38 2.81 190 425 204 199 135 
0.2792 -0.2612 0.5477 -0.7442 143.44 6.06 74.50 1.25 -4.08 -0.19 1.0600 6.0200 -2.6900 1.2956 1.3600 -1.7100 1.84 -9.01 3.40 192 428 210 204 139 
0.1452 -0.2203 0.4788 -0.8374 162.00 14.00 58.19 11.09 -5.11 4.52 8.3200 1.4400 0.3700 2.9689 -0.3956 -0.0011 2.49 -6.80 6.60 190 430 213 208 138 
0.1946 -0.2121 0.2935 -0.9116 152.56 16.44 37.63 1.87 -10.09 14.00 -2.3400 -4.3700 5.9800 0.4667 -1.1022 0.9367 3.09 -5.51 7.49 185 430 214 208 139 
0.2997 -0.2608 0.2341 -0.8873 142.06 18.44 37.50 1.30 -3.93 7.84 -1.4500 1.7700 0.4200 0.0478 0.2467 0.1611 2.91 -5.68 7.43 186 428 215 209 139 
;
