-0.0375 0.0637 0.4927 0.8671 175.06 8.25 -59.44 1.54 8.01 5.36 0.1300 -0.3000 0.3500 -0.0256 0.1889 -0.1867 1.24 8.35 4.97 196 337 330 327 218 
-0.0342 0.0529 0.4934 0.8675 175.50 7.31 -59.25 1.21 8.54 4.73 -0.0400 0.2100 -0.2000 0.0267 -0.0156 0.0344 1.27 8.37 4.94 197 336 331 328 216 
-0.0345 0.0549 0.4961 0.8658 175.44 7.25 -59.63 1.29 8.18 5.02 0.1200 -0.2100 0.0700 0.0233 0.0700 -0.0578 1.18 8.40 4.91 196 336 330 327 216 
-0.0344 0.0484 0.4984 0.8649 175.37 6.62 -60.00 1.73 8.16 4.31 0.9400 -0.3300 -0.8900 0.2978 0.6767 -0.1011 0.87 8.56 4.70 186 284 326 323 216 
-0.0556 0.0047 0.5165 0.8545 170.87 2.31 -63.56 1.26 10.13 2.69 0.9600 2.3600 -1.2100 1.5222 2.5011 -0.0767 -0.37 9.18 3.40 184 294 331 331 215 
-0.1460 -0.1418 0.5485 0.8110 155.69 -4.62 -66.56 -0.59 10.42 5.11 1.5600 1.6100 1.0800 -0.5300 2.2289 0.9744 -0.82 8.70 4.43 191 321 336 349 216 
-0.3179 -0.1204 0.5000 0.7965 132.31 16.37 -61.44 1.61 7.57 5.96 -2.6100 0.9900 2.9500 -1.3956 -6.8633 9.8800 9.30 2.82 1.27 203 300 313 351 224 
-0.4465 0.6167 0.4619 0.4550 81.81 63.25 140.81 2.08 0.53 -1.45 1.8000 9.6600 9.2400 -3.5289 -6.5411 9.5667 1.47 -5.02 -8.29 201 274 276 345 228 
-0.1765 0.9750 0.1351 -0.0096 164.94 3.62 165.19 -0.11 -0.28 -16.91 1.2600 0.4500 -6.0300 -1.1222 0.5611 -0.7578 1.49 -1.47 -9.57 205 291 284 354 228 
-0.0706 0.9821 0.1617 0.0657 161.12 8.25 173.56 1.57 -2.76 -11.87 0.2300 -0.4800 0.4100 0.7611 0.4611 -0.3089 1.71 -1.60 -9.52 204 298 285 351 229 
-0.1113 0.9734 0.1808 0.0851 158.81 12.69 168.75 2.83 -0.82 -8.58 1.1400 0.5200 -1.0600 0.1256 0.9322 -0.0467 2.67 -1.89 -9.24 203 280 256 287 218 
-0.1319 0.9658 0.1722 0.1420 160.69 20.56 165.56 9.15 -7.51 -13.83 6.6200 -5.6700 -5.6200 3.0567 0.0433 1.7544 3.39 -4.29 -8.13 156 377 168 175 116 
-0.3701 0.9130 0.1039 0.1370 34.81 20.25 124.56 3.27 -6.26 -9.26 -2.0300 3.0000 -4.4100 6.2467 2.5222 -0.0544 3.98 -8.95 -0.37 147 366 163 185 123 
-0.7505 0.6180 0.0565 0.2273 33.94 20.50 71.56 -1.59 -4.43 2.28 -4.8000 4.0800 -1.5000 1.7644 1.2156 -0.3667 3.16 -7.95 4.77 151 333 177 185 125 
-0.8268 0.4789 0.0340 0.2931 40.06 20.12 54.13 1.91 -2.86 3.34 -1.5800 4.3300 -0.9100 0.0067 -0.0356 -0.3144 3.61 -7.32 5.42 152 337 178 187 127 
-0.8136 0.4802 0.0476 0.3244 43.88 23.31 55.31 7.44 -11.26 -1.69 6.6900 -11.2700 -15.6100 1.6867 0.6444 1.0478 3.40 -7.22 5.68 150 340 184 189 128 
-0.9010 0.3242 0.0198 0.2877 33.31 6.19 25.62 -7.48 18.61 16.08 -10.1700 25.4000 16.5500 2.2156 1.4456 1.0622 -0.66 -1.88 9.60 153 352 172 192 127 
-0.9590 0.1341 -0.0527 0.2438 30.50 -0.06 20.25 1.37 -3.31 7.87 1.1900 1.2200 -1.2300 -2.6411 -0.5322 -1.0033 0.71 -5.02 8.39 162 346 175 201 134 
-0.8934 0.3428 -0.0378 0.2877 37.38 8.81 46.63 3.68 -5.58 5.26 3.8600 2.1500 -0.9500 -5.5289 2.0700 -1.7667 1.91 -8.90 3.64 163 307 283 319 214 
-0.6142 0.5787 -0.2916 0.4505 93.06 7.94 85.75 6.51 -10.16 -6.53 2.9600 1.5200 -4.7800 -4.1189 9.3800 2.4467 0.43 -9.67 -1.53 129 351 277 403 223 
-0.1426 0.1801 -0.7833 0.5776 153.00 -2.06 110.19 -2.33 -6.91 -4.79 -0.5300 1.6200 -2.2500 -2.2878 1.0289 0.8122 -1.00 -8.21 -5.26 128 352 327 398 221 
-0.1215 0.1129 -0.8746 0.4555 150.69 -5.81 120.37 -3.99 -2.15 -16.20 -1.7400 8.2200 -10.1400 6.5856 1.3600 -1.5267 0.27 -9.78 -0.54 131 349 332 402 222 
-0.0507 0.0862 -0.6021 0.7921 174.75 4.37 67.12 4.05 -4.85 36.65 3.5700 1.1400 24.8000 -3.5656 -2.5200 -0.1189 1.37 -9.38 2.48 128 348 348 394 221 
-0.0737 0.1667 -0.6884 0.7020 165.12 5.94 99.19 -5.61 -3.85 -16.08 -8.6200 4.2300 -21.4300 -1.6256 -2.4811 0.3456 0.24 -9.26 -3.20 128 336 326 376 219 
-0.1219 0.1967 -0.6823 0.6935 163.87 8.56 74.81 3.74 4.59 14.07 4.6700 14.2900 17.4000 3.2922 1.6189 0.3244 1.37 -7.37 6.31 138 360 336 393 222 
-0.1193 0.1622 -0.4056 0.8915 164.56 12.31 56.19 4.67 -5.69 8.73 2.7000 2.9600 3.6900 -3.7222 -0.3978 0.1922 2.19 -9.13 2.81 151 354 329 390 222 
;
