0.1411 0.0948 0.3332 0.9274 197.31 4.69 -40.25 0.73 6.38 7.38 -0.0600 0.0600 -0.0800 -0.0089 -0.0078 0.0033 0.80 6.31 7.46 171 377 363 371 214 
0.1417 0.0953 0.3329 0.9274 197.37 4.75 -40.31 0.72 6.38 7.39 -0.0800 0.0600 -0.0300 0.0178 -0.0378 0.0122 0.83 6.33 7.44 170 375 358 369 215 
0.1423 0.0987 0.3338 0.9266 197.44 5.06 -40.50 0.84 6.41 7.38 0.0000 0.1000 -0.0500 0.0244 -0.0811 0.0078 0.89 6.36 7.40 174 373 355 369 214 
0.1438 0.1035 0.3359 0.9251 197.69 5.37 -41.13 1.20 7.05 7.67 -0.1300 0.3200 0.6000 0.7211 0.4733 0.0233 0.69 6.73 7.09 188 380 360 384 216 
0.1252 0.0778 0.3812 0.9127 193.75 0.75 -46.38 4.20 10.57 8.81 3.9300 3.8900 2.5400 -0.3689 5.3900 1.9122 -1.20 7.07 6.68 196 337 343 375 218 
-0.1306 -0.0967 0.4408 0.8828 156.31 4.87 -56.38 2.02 11.82 8.31 -0.5400 3.9200 2.8700 -1.9878 -3.4178 6.8989 5.95 5.76 5.23 200 330 304 346 223 
-0.3907 0.3936 0.3729 0.7439 117.44 72.12 -13.56 1.91 -3.04 0.42 -4.7800 0.0000 2.3800 -2.8189 -12.4489 10.0344 4.86 -5.95 -6.09 205 262 237 304 221 
-0.2847 0.9465 0.0787 0.1302 176.69 12.19 155.62 -2.18 1.85 -8.15 -3.7800 7.4500 -5.2200 -4.4667 1.1078 -1.2267 2.88 -0.38 -9.36 206 282 267 330 223 
0.0174 0.9877 0.0288 0.1524 176.56 17.19 -176.44 3.73 0.58 -14.11 0.9900 0.2000 -4.2400 0.8322 0.6944 -0.7233 3.28 0.38 -9.23 205 287 275 330 222 
-0.0109 0.9814 0.0718 0.1779 171.00 21.06 179.12 3.66 1.12 -8.40 0.3800 1.1300 0.5500 0.3411 0.7089 -0.3089 3.89 -0.29 -8.99 204 292 262 331 221 
-0.0341 0.9705 0.0970 0.2179 167.81 26.94 178.69 5.30 1.99 -9.89 0.0800 1.6600 -1.1500 0.8289 0.0389 0.5556 4.87 -0.67 -8.48 204 290 279 321 218 
-0.1064 0.9606 0.0784 0.2447 171.87 27.62 165.00 3.59 -0.75 -8.02 -2.2500 2.2600 1.3000 2.5078 -0.2589 0.8500 4.19 -4.05 -7.88 205 332 293 277 216 
-0.3056 0.9152 0.0613 0.2553 78.75 33.31 137.69 0.00 -1.38 -0.44 -5.7100 5.0600 5.5200 -1.1667 0.6900 -2.1089 6.53 -4.17 -6.00 205 315 305 332 218 
-0.1422 0.9076 0.1784 0.3525 155.62 43.25 178.44 5.64 3.08 -9.87 1.2900 1.0300 -4.4400 -2.3944 -3.0111 -2.1556 4.94 2.92 -7.94 205 299 287 305 220 
0.1431 0.9159 0.2448 0.2841 150.94 25.62 -150.81 9.50 4.06 -12.76 5.4100 -0.3500 -4.2900 0.1000 0.0644 0.9022 4.11 4.29 -7.79 206 298 276 311 221 
0.1562 0.9344 0.1938 0.2549 157.37 23.94 -157.25 8.27 2.77 -17.46 4.6500 -0.8200 -9.8000 3.4456 -0.4744 1.3756 3.73 1.24 -8.98 204 315 294 311 222 
-0.1118 0.9627 0.1608 0.1868 161.37 27.56 156.25 5.21 1.97 -14.38 0.1200 8.5400 -4.2900 8.7956 2.3722 2.0022 4.94 -7.93 -2.94 210 424 358 397 223 
-0.6708 0.7048 0.0989 0.2087 32.94 22.87 83.75 -1.96 1.60 2.30 -4.7200 9.9000 0.0800 0.9344 0.6411 0.4033 3.34 -8.96 2.14 213 424 362 402 222 
-0.7474 0.6223 0.0438 0.2285 35.56 21.12 76.94 2.97 -5.61 0.78 -0.2900 2.8200 -1.0600 -1.0367 0.3933 -0.7222 3.94 -8.84 1.53 212 424 359 402 221 
-0.6905 0.6595 0.0386 0.2945 49.69 28.12 83.12 4.58 -5.26 0.41 0.2600 2.9200 -0.2000 -1.3067 -0.1144 -1.3600 5.49 -8.11 0.22 210 316 305 275 212 
-0.5701 0.7283 0.0621 0.3752 71.06 39.50 98.75 19.04 -12.65 -4.94 13.1400 -5.3600 -6.6000 0.9911 1.1467 2.1300 5.37 -8.15 -0.86 210 237 244 227 189 
-0.6030 0.7090 -0.0983 0.3523 56.81 16.44 87.75 -11.13 -7.38 -2.60 -14.1100 1.8000 -3.0500 1.5844 2.5300 0.2756 1.79 -9.45 1.86 211 198 192 187 141 
-0.6664 0.5582 -0.1865 0.4576 75.75 20.06 67.62 -10.43 2.33 -0.95 -12.6600 12.6900 -5.8700 1.3444 -2.9067 -5.5489 7.29 -5.70 3.21 210 177 176 183 124 
-0.4508 0.5922 0.1884 0.6407 120.25 78.69 33.00 33.05 11.81 -0.55 22.4800 9.3500 -0.7500 0.2944 -1.3878 -2.7844 9.63 1.76 0.46 209 184 187 190 127 
-0.2555 0.5829 0.3969 0.6614 138.44 76.06 -88.87 11.71 3.82 -0.64 0.9900 0.7700 -1.3600 0.1178 -0.1667 -0.1567 9.47 2.51 -0.17 211 186 189 194 130 
-0.2361 0.5833 0.4094 0.6607 141.06 74.19 -93.56 9.64 3.07 -0.86 0.3300 0.4300 -0.7600 -0.0267 -0.0267 -0.1322 9.39 2.79 -0.21 211 187 186 196 132 
;
