0.6752 0.3115 0.1442 0.6529 271.69 12.19 -38.81 2.54 6.22 7.31 0.1400 0.1700 -0.0900 0.1067 0.5433 0.0378 1.82 6.05 7.49 172 383 376 402 223 
0.6649 0.3006 0.1672 0.6630 270.00 10.00 -39.19 1.75 6.26 7.46 0.0300 0.1300 -0.0100 0.0144 0.2122 0.0078 1.59 6.12 7.48 173 380 375 402 223 
0.6597 0.2941 0.1786 0.6681 268.94 8.31 -39.50 1.79 6.77 8.03 0.0400 0.7500 0.8200 0.7800 1.4267 0.1500 0.74 6.51 7.28 178 392 367 405 228 
0.6105 0.2638 0.2825 0.6913 259.31 -1.06 -47.25 2.31 10.57 6.75 2.7200 2.7000 -0.8600 0.0144 3.8133 1.8889 -1.14 7.44 6.27 182 350 352 359 223 
0.4211 0.1747 0.4201 0.7847 233.50 -3.12 -55.81 -0.59 9.19 6.09 -0.8300 0.7000 0.5000 0.8167 0.4522 2.3211 1.03 8.47 4.82 187 335 331 368 226 
0.2658 0.3027 0.4158 0.8154 213.87 20.25 -60.25 1.43 8.80 6.23 -1.1400 1.2000 1.0600 -2.6422 -2.7111 3.1811 6.40 5.66 4.79 200 312 330 386 222 
0.1794 0.5032 0.0972 0.8397 195.06 76.19 2.44 -24.92 -11.28 -20.47 30.0300 13.9700 8.2600 -12.7967 -10.8889 14.0044 0.93 -2.17 -9.51 211 263 262 349 210 
-0.0031 0.7896 -0.6108 0.0593 253.94 7.00 179.62 8.31 -3.29 -17.30 2.1400 -2.2900 -5.9400 -0.4978 0.1867 -0.1367 1.40 0.57 -9.68 205 282 275 351 207 
0.0609 0.8033 -0.5902 0.0515 252.37 9.56 -178.37 0.56 1.80 -6.68 0.3000 1.5700 1.3300 -0.0822 -0.0356 -0.0867 1.61 0.27 -9.66 208 287 269 360 210 
0.0560 0.8101 -0.5811 0.0551 251.06 8.56 -178.31 2.44 0.76 -9.90 0.9900 0.4000 -0.1500 0.0233 -0.0100 -0.1567 1.46 0.26 -9.69 208 291 280 358 213 
0.0469 0.8192 -0.5677 0.0656 249.44 10.69 177.62 7.78 0.76 -14.96 6.0700 0.9600 -4.8600 3.5089 3.9833 1.4156 3.86 -2.73 -8.58 203 313 294 342 216 
0.0656 0.6841 -0.5984 0.4117 205.56 48.13 132.44 13.01 2.06 -8.12 6.9100 10.2200 -7.2000 -4.7422 10.0367 6.5044 5.65 -7.98 -0.71 182 289 290 324 216 
0.2540 -0.0453 -0.7574 0.5998 224.06 10.81 103.44 -1.86 -1.16 -5.37 -3.3900 6.7800 -2.3400 -3.4644 1.5989 3.1422 -0.27 -8.67 -4.56 135 261 268 284 207 
0.1666 -0.3945 -0.7876 0.4431 221.56 -5.87 124.94 -7.83 -5.21 -11.92 -7.0400 3.2600 -6.8200 3.2544 1.4200 -1.7611 0.14 -8.94 -4.01 139 274 266 282 213 
0.3876 -0.3324 -0.6697 0.5393 257.87 14.19 86.12 12.85 -5.43 28.93 16.5000 3.5500 23.9500 -2.7656 -3.1544 0.2344 3.08 -9.28 -0.68 141 278 268 289 214 
0.3286 -0.2655 -0.7502 0.5085 239.75 9.00 111.19 -10.51 -6.41 -15.95 -13.5400 1.6500 -15.3200 1.0233 0.7222 -0.2989 1.56 -9.18 -3.04 149 280 255 285 217 
0.4083 -0.2363 -0.6757 0.5665 255.94 18.75 84.12 7.43 -9.27 14.92 4.5500 -1.5100 10.9000 -1.1589 -1.3767 -0.1644 3.26 -9.24 0.29 156 284 272 300 217 
0.4091 -0.2090 -0.6842 0.5665 251.37 18.50 91.69 3.65 -8.73 -0.17 0.7700 0.2500 0.8300 0.3533 0.3411 0.1511 3.02 -9.32 0.01 167 304 279 321 221 
0.4123 -0.2017 -0.6735 0.5795 248.75 20.62 89.44 2.80 -5.78 -2.56 -0.1500 3.6100 -3.0500 2.5444 -3.3667 -1.6744 4.69 -8.58 0.65 160 288 269 284 198 
0.3321 0.0492 -0.6486 0.6830 229.19 31.06 73.44 4.32 -6.12 1.74 0.0800 1.7300 -0.7400 5.7344 -0.7189 -3.0267 6.79 -4.89 5.11 176 303 288 312 210 
0.3811 0.3348 -0.2681 0.8190 230.87 48.75 4.37 5.99 0.93 3.43 -0.9600 0.2500 -2.6000 4.4122 1.1367 -2.6889 6.48 3.51 6.46 177 331 322 346 218 
0.4019 0.4289 0.0720 0.8058 232.44 40.63 -33.56 14.48 12.82 22.02 6.7200 8.6100 14.3500 -7.3422 -0.6533 2.9311 7.21 -0.97 6.56 168 327 323 378 224 
0.4099 0.2278 -0.4072 0.7838 235.69 39.63 49.44 6.71 2.06 -0.10 0.6900 9.7600 -5.9600 -7.1333 2.4689 4.3656 2.82 -9.35 0.83 143 285 295 317 216 
0.3014 -0.2377 -0.7045 0.5969 234.12 6.37 99.56 -2.93 -5.16 -8.06 -4.3700 3.0200 -7.0300 -1.5833 0.3167 0.8633 0.32 -9.20 -3.37 135 286 288 298 212 
0.3001 -0.3148 -0.7292 0.5283 246.56 10.88 96.62 -0.91 -1.64 7.49 9.3200 9.7900 24.4400 2.8922 0.0556 -1.8267 3.37 -9.03 1.78 136 303 303 306 214 
0.4324 -0.2535 -0.6477 0.5739 250.94 11.75 95.94 -3.06 -5.45 -6.31 -8.8900 4.7600 -9.8000 -4.0733 -0.9411 1.7111 0.41 -8.85 -4.19 133 287 295 301 213 
0.3226 -0.3793 -0.7253 0.4754 255.94 11.00 99.19 9.19 4.29 19.40 7.6700 12.6100 20.8800 2.5167 1.1822 -0.8178 3.09 -9.10 1.90 157 322 318 342 222 
0.5032 -0.2725 -0.5991 0.5600 262.25 17.37 84.19 1.02 -8.30 -2.34 -1.7300 1.2700 -3.4300 0.7833 -0.3678 -0.2667 3.10 -9.24 1.02 156 316 280 272 200 
0.5189 -0.1915 -0.5880 0.5902 262.94 25.44 67.62 2.77 -2.51 -0.94 -0.8800 5.7000 -5.0300 6.7133 -0.0411 -2.1600 5.34 -4.51 6.87 161 330 301 300 212 
0.6343 0.1511 -0.2246 0.7242 262.37 26.62 0.44 3.19 7.91 12.22 0.0700 7.1200 5.8900 3.1189 0.4389 0.3033 3.53 2.68 8.74 179 350 336 378 225 
0.6134 0.2822 0.0047 0.7376 260.25 25.87 -24.50 6.71 4.27 10.83 0.6500 -0.3700 1.6700 0.5978 1.2233 -0.6656 3.59 4.16 8.11 183 356 348 393 230 
;
