0.7807 -0.1441 -0.4432 -0.4163 56.13 54.25 -14.25 7.84 1.43 5.67 -0.0700 0.0400 0.1100 -0.0033 0.0100 -0.0044 7.95 1.41 5.55 197 365 355 402 220 
0.7811 -0.1439 -0.4424 -0.4164 56.13 54.19 -14.19 7.87 1.46 5.65 -0.0600 0.0200 0.0900 -0.0011 0.0011 0.0000 7.95 1.41 5.56 195 364 353 404 220 
0.7812 -0.1437 -0.4423 -0.4165 56.13 54.13 -14.19 7.67 1.49 5.80 -0.0600 0.1900 0.4400 -0.1133 -0.3011 0.2322 8.09 1.17 5.41 198 365 347 377 220 
0.7708 -0.2039 -0.4423 -0.4106 56.88 61.06 1.31 8.08 -1.65 7.72 0.0200 -0.8500 3.3900 -3.7933 -4.9433 1.5200 9.46 -2.07 1.48 211 378 344 338 219 
0.5619 -0.5586 -0.5182 -0.3220 56.63 60.75 138.37 2.37 -2.48 -4.72 -4.6500 0.4400 0.1000 -2.5667 -9.8667 1.0278 4.32 -2.71 -8.37 211 265 267 305 220 
0.2320 -0.7822 -0.5742 -0.0683 110.81 20.50 161.19 -0.29 -2.66 -3.29 -2.8100 -0.7400 5.5000 -2.0689 0.4722 0.8433 3.20 -2.10 -9.02 211 289 269 322 224 
0.1443 -0.8436 -0.5018 -0.1253 118.69 21.87 174.69 5.28 0.56 -12.82 1.3100 1.1700 -3.2600 0.2233 0.3644 0.0044 3.96 -0.76 -8.93 210 301 280 334 225 
0.1544 -0.8393 -0.4973 -0.1562 118.87 24.31 171.94 8.57 -1.85 -11.33 5.2400 0.5100 -3.0600 1.8822 -0.1000 1.8178 3.74 -3.01 -8.54 212 361 284 327 224 
0.3171 -0.8617 -0.3855 -0.0908 32.19 26.12 139.37 6.14 -4.10 -6.32 0.7300 2.6300 -0.3200 1.4711 6.4744 4.0989 4.62 -7.92 -3.46 211 404 332 408 217 
0.5715 -0.7723 0.0402 -0.2744 53.94 17.87 97.87 -2.35 -5.24 -6.31 -5.1200 3.7400 -5.4000 0.9811 2.6878 1.9478 1.56 -9.68 -0.08 207 397 345 428 218 
0.6503 -0.6144 0.2527 -0.3685 58.75 6.75 75.75 -1.04 -1.61 -6.19 -1.7500 9.0500 -10.3400 7.9867 0.1456 -1.8344 2.10 -6.04 7.42 194 385 349 424 222 
0.8609 -0.1501 -0.0946 -0.4769 57.69 20.69 -3.06 9.09 10.02 18.69 4.8700 8.2300 10.2500 3.1411 -0.5722 -0.2311 4.15 2.96 8.37 201 396 351 417 223 
0.8415 0.0215 -0.2990 -0.4495 56.63 31.12 -17.31 4.77 3.55 8.77 -0.3800 1.1600 0.4200 -2.3789 -1.7389 0.8722 6.23 0.73 7.53 201 369 347 379 220 
0.8127 -0.1852 -0.3249 -0.4468 57.69 45.88 2.19 5.82 -1.94 0.99 -1.3300 -1.6100 -5.7100 2.1356 -1.2689 0.0267 7.64 0.57 6.11 201 382 351 399 222 
0.8051 -0.1233 -0.4279 -0.3918 51.19 49.56 -15.31 4.49 4.11 17.02 0.1200 1.7300 2.5400 -1.5000 -1.0567 0.2067 7.64 0.88 6.07 178 371 351 397 221 
0.8055 -0.1548 -0.4006 -0.4083 53.88 50.19 -6.50 6.96 0.36 7.29 -0.4500 -0.3600 0.8500 -0.5122 -0.4689 -0.0089 7.69 0.51 6.05 172 365 352 386 218 
;
0.7941 -0.1816 -0.4030 -0.4172 55.56 52.44 -4.50 7.41 0.88 5.89 -0.6700 0.2200 0.1200 0.0289 -0.2211 0.0167 7.85 0.47 5.84 172 362 350 387 218 
0.7886 -0.1860 -0.4143 -0.4145 55.38 54.06 -4.94 7.99 0.71 5.67 -0.1400 0.3200 0.0200 -0.0133 -0.0600 0.0044 7.97 0.48 5.69 173 361 348 383 218 
0.7849 -0.1903 -0.4197 -0.4142 55.69 55.00 -4.81 8.15 0.54 5.76 0.1100 0.0600 0.0800 -0.0344 -0.1822 0.0078 8.10 0.46 5.49 176 361 348 385 218 
0.7791 -0.1973 -0.4295 -0.4120 55.19 57.69 -4.31 8.38 1.17 7.05 1.3700 0.8600 2.7400 -1.3022 -1.6111 0.6622 8.85 -0.29 4.21 201 348 335 385 224 
0.6852 -0.3873 -0.4765 -0.3917 60.50 76.50 92.81 9.17 -1.48 -1.80 -0.2000 1.4700 0.4200 -4.0444 -10.1700 4.0467 5.59 -3.28 -7.35 206 285 291 320 224 
0.2085 -0.8207 -0.5281 -0.0645 120.25 17.62 164.06 -3.40 1.04 -5.75 -6.0000 2.2500 2.0100 -1.7922 0.6544 0.4956 3.15 -1.28 -9.19 207 306 293 333 226 
0.1066 -0.8798 -0.4384 -0.1498 126.69 21.87 178.56 5.94 -0.32 -14.16 2.0300 -0.2300 -3.6300 0.3400 0.1944 0.2678 3.86 -0.28 -9.00 208 314 294 337 224 
0.1251 -0.8767 -0.4399 -0.1492 126.44 20.81 170.81 10.43 -2.00 -12.41 4.8600 0.5100 -4.0900 3.0444 3.2544 2.8367 4.52 -4.25 -7.58 192 394 304 365 214 
0.4011 -0.8631 -0.2528 -0.1740 46.50 29.44 127.69 4.37 -3.63 -6.56 -0.8000 4.7100 -0.2400 0.6067 3.3711 4.7944 3.18 -8.51 -3.68 177 404 345 416 216 
0.5336 -0.7974 0.1536 -0.2365 50.63 9.50 107.75 -4.80 -4.84 -9.15 -5.7600 4.3000 -6.7500 2.2089 1.7333 0.8611 1.10 -9.66 -1.27 181 391 343 412 215 
0.6512 -0.6274 0.2419 -0.3518 55.38 9.00 73.87 -1.12 0.91 -4.72 -2.1600 11.0700 -7.7200 9.1011 -1.7311 -2.9856 3.71 -5.30 7.36 197 400 350 424 222 
0.8519 -0.1221 -0.2028 -0.4673 58.00 25.25 -9.63 6.16 11.87 19.46 1.6200 7.1900 10.4200 0.9144 -0.9233 0.0656 4.61 2.46 8.29 207 396 357 425 224 
0.8331 -0.0208 -0.2966 -0.4665 59.06 32.63 -14.44 6.06 2.81 8.10 -0.1200 0.1700 -1.1300 -0.8711 -0.8578 0.4011 5.86 1.31 7.75 206 393 355 420 222 
0.8121 -0.1309 -0.3253 -0.4666 58.81 43.00 -5.12 6.61 -0.85 1.85 -0.5400 -0.9500 -4.4400 1.7622 -2.9033 1.1222 8.11 0.64 5.47 197 371 353 393 208 
0.8069 -0.1633 -0.4281 -0.3728 50.88 54.56 -1.81 9.30 2.68 7.67 0.0000 2.0600 0.1000 -0.5944 0.1978 -0.2267 8.07 0.07 5.55 185 359 351 383 209 
;
