0.8483 -0.0994 -0.4252 -0.2995 38.88 51.38 -7.87 7.61 0.81 6.13 -0.0400 -0.0200 0.0800 -0.0244 -0.0289 0.0011 7.68 0.83 6.03 170 350 331 395 205 
0.8470 -0.1015 -0.4269 -0.2999 39.00 51.69 -7.75 7.63 0.81 6.04 -0.0700 0.0000 0.0800 -0.0156 -0.0378 0.0044 7.71 0.81 5.99 167 349 334 394 204 
0.8456 -0.1037 -0.4289 -0.3003 39.06 52.00 -7.62 7.66 0.76 6.06 -0.0800 -0.0400 0.0700 -0.0289 -0.0356 0.0022 7.74 0.79 5.96 169 351 334 394 205 
0.8442 -0.1062 -0.4308 -0.3008 39.25 52.44 -7.44 7.53 0.76 5.99 -0.2600 0.0400 0.0100 -0.0589 -0.2100 0.0289 7.85 0.74 5.81 174 348 330 391 205 
0.8376 -0.1180 -0.4420 -0.2985 39.13 54.63 -5.56 9.42 1.17 7.02 0.2400 0.8700 2.0300 -1.7422 -0.6444 0.8933 8.24 -0.42 5.29 204 303 296 298 200 
0.8021 -0.2523 -0.4553 -0.2930 43.19 63.06 24.06 11.36 -2.61 6.21 1.6800 -0.5700 2.1600 -2.2989 -0.8867 0.1567 8.83 -2.70 3.28 209 171 180 179 118 
0.7238 -0.4102 -0.4324 -0.3478 51.38 66.31 46.75 4.56 -3.08 0.21 -7.1600 -0.7100 -2.5600 0.7556 -0.7900 -0.3456 9.24 -2.51 2.08 212 172 180 184 118 
0.6786 -0.3887 -0.5144 -0.3519 60.13 80.12 25.31 17.62 5.56 -3.35 13.6300 5.9200 -4.3900 0.1578 -0.7767 -1.5111 9.73 0.96 0.72 213 177 183 188 120 
0.6052 -0.3375 -0.5972 -0.4039 65.81 85.31 -2.81 7.11 0.24 1.70 -2.5100 0.1100 1.0200 0.0278 -0.0078 0.3733 9.78 0.14 0.70 210 185 186 193 127 
0.6209 -0.3641 -0.5726 -0.3925 65.75 83.69 1.12 17.53 2.50 2.50 8.9700 2.9500 1.4000 -1.6911 3.8800 1.4700 9.05 -1.37 3.50 192 324 283 342 200 
0.7411 -0.3812 -0.2565 -0.4896 67.75 37.19 34.44 7.06 -1.42 4.11 3.7600 4.7900 -2.5400 -6.5822 5.1633 2.7256 2.25 -8.06 5.11 178 367 316 417 217 
0.6306 -0.4762 0.3625 -0.4941 79.69 -4.12 83.19 -4.25 -5.12 -4.92 -0.3900 5.4000 -5.1400 -3.7922 0.4322 1.3578 -1.81 -9.40 -2.10 123 312 288 341 208 
0.4581 -0.5118 0.6299 -0.3624 75.75 -12.31 109.94 -3.65 -6.37 -12.65 -1.9700 3.5500 -9.4700 3.2878 0.2467 -0.4656 -1.87 -9.48 -1.64 136 325 296 351 212 
0.5313 -0.4078 0.5522 -0.4964 87.81 -10.31 79.81 3.05 -9.22 25.85 3.8700 -1.3200 14.5100 -3.2511 -0.7256 -0.1000 -1.55 -9.67 0.26 143 342 316 360 215 
0.5002 -0.4788 0.5847 -0.4228 78.69 -11.13 101.69 -5.07 -6.60 -17.64 -2.9500 3.9600 -13.6800 3.9189 0.3800 -0.4267 -1.73 -9.65 -0.10 146 342 320 370 215 
0.5714 -0.3708 0.4820 -0.5511 88.31 -6.12 70.06 2.35 -8.42 13.80 2.6000 -0.0100 5.4100 -0.0822 -3.5567 -0.5778 0.27 -9.12 3.58 159 338 318 339 211 
0.6717 -0.4901 0.2637 -0.4890 66.25 10.19 65.31 2.15 -6.74 -0.70 -0.3400 2.0300 -5.0700 3.4444 -3.3811 -0.2722 3.15 -7.60 5.32 171 333 316 328 212 
0.8124 -0.4227 -0.0705 -0.3954 49.63 32.19 37.06 8.68 0.61 2.74 2.8700 4.2000 -3.4000 4.9422 -2.1100 -1.1867 6.93 -1.59 6.74 181 358 339 396 219 
0.8511 -0.1443 -0.3873 -0.3239 40.81 50.94 -4.69 11.88 3.41 10.73 6.6700 6.6200 10.1600 -0.1389 -0.7922 -0.0022 8.08 0.56 5.51 176 354 347 389 218 
;
0.8261 -0.1388 -0.4496 -0.3101 41.19 55.75 -5.56 7.09 0.38 5.23 -0.6900 0.0200 0.2500 -0.1322 -0.0944 -0.1278 8.15 0.58 5.42 178 354 344 381 218 
0.8193 -0.1415 -0.4561 -0.3173 42.44 56.75 -5.87 8.10 0.61 5.37 -0.3200 0.0500 0.1100 0.0422 0.0511 -0.0222 8.18 0.57 5.37 176 353 340 381 219 
0.8191 -0.1409 -0.4564 -0.3177 42.13 57.13 -6.25 8.48 0.46 6.62 0.6800 0.1500 2.3300 -0.7578 -0.9444 0.5633 8.51 0.15 4.86 188 317 304 320 212 
0.7811 -0.2454 -0.4701 -0.3298 50.88 65.12 18.00 13.18 -3.23 6.15 2.7200 1.6700 0.1600 -2.7444 -1.5678 -0.6089 9.18 -2.14 2.68 198 176 177 187 119 
0.6652 -0.4491 -0.4577 -0.3826 56.69 71.06 59.00 0.97 -4.03 -2.46 -8.9700 -1.7200 -4.0700 2.8033 -0.6544 -0.2822 9.31 -2.57 1.64 211 188 184 189 122 
0.7045 -0.3363 -0.5399 -0.3148 54.94 78.69 8.94 9.00 5.64 0.01 5.0400 6.9000 -3.7800 -0.4789 -0.8189 -2.3956 9.48 1.74 1.78 211 191 184 193 125 
0.6251 -0.2777 -0.5891 -0.4303 67.19 78.69 -43.06 8.04 0.81 3.38 -2.5800 -0.5000 1.1200 -0.0833 0.2711 0.2100 9.61 1.00 1.67 210 194 189 195 128 
0.6427 -0.2919 -0.5688 -0.4221 67.00 78.12 -28.00 12.27 2.52 2.33 4.1200 2.2700 1.2700 -0.7933 0.3378 1.2100 9.63 0.06 1.80 208 315 260 289 189 
0.6841 -0.3544 -0.4734 -0.4269 63.94 62.81 21.75 11.06 0.44 4.38 2.3300 3.6600 -0.5100 -5.4544 5.7933 2.0189 5.54 -4.94 6.39 191 402 323 432 213 
0.7090 -0.4634 0.0923 -0.5235 74.62 13.06 64.00 2.27 -4.37 -1.70 0.8300 3.8500 -5.6300 -5.8178 4.0544 2.2267 -0.10 -9.80 0.02 135 378 317 433 214 
0.4565 -0.5399 0.5682 -0.4210 87.06 -4.56 109.19 -1.98 -6.84 -8.60 -1.7400 3.2900 -5.5800 -0.5233 0.1422 0.3378 -1.09 -8.93 -3.88 139 360 326 418 212 
0.4154 -0.5061 0.6311 -0.4160 92.44 -5.62 102.19 -1.62 -7.98 1.04 1.2000 0.9700 12.0200 3.2944 0.3822 0.0511 -0.97 -9.74 0.44 144 346 307 383 212 
0.4795 -0.4411 0.5690 -0.5018 89.69 -6.25 96.69 -2.15 -7.44 -7.03 -2.7100 2.4200 -9.5800 -1.6222 -0.6256 0.2489 -1.37 -9.37 -2.54 143 347 307 376 209 
0.4720 -0.4823 0.5867 -0.4476 90.31 -6.19 92.06 -0.86 -6.24 5.93 1.1700 3.2600 15.6400 3.1656 0.0422 -0.6789 -0.55 -9.59 1.95 149 353 314 386 213 
0.5328 -0.4547 0.4622 -0.5438 85.12 2.25 81.81 -2.09 -9.09 -6.53 -3.4700 0.5600 -8.6600 3.1433 -5.9678 -1.0667 1.82 -9.26 2.64 143 278 254 269 187 
0.7464 -0.5308 0.0405 -0.3994 53.13 29.12 54.75 7.51 -2.16 -3.18 2.0300 4.2400 -8.2000 5.5978 -3.8200 -1.7522 7.13 -3.87 5.50 151 304 306 344 209 
0.8244 -0.2631 -0.3999 -0.3019 37.69 56.31 8.88 12.54 4.86 10.42 3.8500 4.0700 4.2000 1.5256 -1.0756 -0.2833 8.56 0.38 4.76 145 346 339 384 213 
;
