-0.3835 0.3801 0.3131 0.7813 127.75 56.56 -21.12 7.91 1.96 5.04 -0.3100 0.0300 0.0400 0.0256 -0.1867 -0.0644 8.22 1.99 4.95 184 302 264 278 172 
-0.3762 0.3870 0.3213 0.7781 128.56 57.81 -23.37 8.44 2.17 4.99 0.1300 -0.2500 0.2900 0.1622 -0.2522 -0.1033 8.36 2.18 4.62 194 299 267 281 174 
-0.3676 0.4034 0.3492 0.7617 129.44 64.75 -32.56 16.57 2.67 9.55 7.0800 1.5600 6.9400 -1.5500 -4.0656 -0.0244 9.58 1.92 0.83 204 188 194 196 119 
-0.3098 0.5813 0.3970 0.6391 118.25 84.25 -5.25 4.49 1.12 -1.18 -7.3600 -0.1100 -2.1900 -0.2689 1.2033 1.8811 9.68 -0.52 1.45 210 202 203 202 123 
-0.4646 0.5598 0.3452 0.5930 104.69 81.25 42.75 -3.71 0.68 1.95 -9.2200 3.0400 -0.0100 -1.2867 -1.1111 -2.8422 9.75 0.87 0.44 211 203 205 205 126 
-0.3232 0.5768 0.4125 0.6266 125.44 81.69 -99.19 13.60 0.94 1.18 2.9600 -0.3600 1.6400 -0.0556 0.4789 0.4233 9.74 1.06 -0.10 210 207 202 207 127 
-0.3318 0.5920 0.3906 0.6219 124.25 85.44 -175.44 12.94 4.68 2.84 5.0400 4.0000 3.2500 -1.7011 1.1644 1.3867 9.79 -0.24 0.33 185 335 276 297 189 
-0.3402 0.6381 0.2045 0.6598 124.75 69.94 58.69 11.51 1.95 -0.74 1.8400 5.6400 -2.8900 -4.7544 2.6400 5.8522 6.54 -7.03 1.98 165 401 338 407 214 
-0.3887 0.5794 -0.3586 0.6202 119.19 18.62 92.19 -1.11 0.41 -2.34 -5.1800 4.0400 -5.2500 -5.7700 0.9378 1.8189 1.84 -8.60 -4.32 167 403 355 413 210 
-0.1865 0.5096 -0.7267 0.4212 133.00 9.31 127.25 -0.58 -3.74 -13.84 -2.3900 4.1400 -10.1900 6.3133 1.4856 -0.8356 2.52 -9.11 -2.59 182 398 358 415 211 
-0.2960 0.4182 -0.4760 0.7148 133.81 19.81 61.25 6.59 2.71 26.32 2.0400 6.3600 27.0000 1.4689 2.1244 0.6778 2.26 -6.37 7.10 189 394 358 421 218 
-0.3394 0.2928 -0.3699 0.8138 136.69 14.88 67.87 3.53 1.78 -2.51 0.8200 10.6500 -6.4900 -7.2389 -0.2000 -0.0111 2.70 -9.27 -1.69 183 403 360 403 207 
-0.1896 0.4099 -0.6581 0.6024 142.56 12.63 94.87 -2.18 -1.45 -9.23 -3.9000 9.0900 -8.6400 8.8933 -1.5189 -1.1233 2.69 -7.88 5.17 191 396 353 416 218 
-0.3854 0.2701 -0.2307 0.8517 130.19 16.44 35.13 2.96 -3.38 21.52 -0.4800 2.1100 10.0500 -3.3933 -2.0767 -0.1456 3.65 -6.62 6.24 192 393 351 410 217 
-0.3624 0.4304 -0.3045 0.7686 128.87 27.06 69.12 2.32 -3.22 -4.56 -1.7300 4.3300 -6.6200 -3.7867 -1.5456 0.0733 4.65 -8.63 -0.17 172 321 291 313 189 
;
-0.2870 0.5455 -0.3779 0.6909 134.69 35.75 72.44 4.33 -1.09 0.13 -0.5700 5.4000 -3.1300 6.8811 -0.9367 -3.6044 7.36 -4.00 5.08 185 337 313 323 197 
-0.3716 0.4324 0.1236 0.8122 128.37 53.69 -1.25 11.71 4.32 10.12 3.2000 3.6200 5.4100 2.9144 -0.3844 -0.4456 8.15 2.14 4.99 192 346 318 332 197 
-0.4158 0.3698 0.3709 0.7435 121.56 59.38 -26.56 8.16 1.62 11.09 0.4700 -0.2400 4.1400 -0.6467 -1.0189 0.5900 8.56 1.57 4.50 196 333 315 328 191 
-0.4028 0.4466 0.2953 0.7424 122.00 66.94 -2.50 12.57 -0.49 6.39 1.8000 -0.1200 0.6900 -2.7122 -2.1311 2.2322 9.39 -1.71 2.23 202 186 187 196 123 
-0.4077 0.6306 0.2120 0.6254 109.19 71.44 75.62 -4.35 -1.78 -0.46 -14.5800 2.8600 -1.2600 1.0478 -1.0322 0.3089 9.00 -3.82 0.67 193 182 188 195 120 
-0.4709 0.5953 0.2700 0.5924 109.75 77.50 26.06 23.01 9.52 3.89 19.4400 6.3300 -0.1400 0.4667 -0.0078 -1.5033 9.52 0.98 2.10 210 187 194 197 122 
-0.4030 0.5118 0.3886 0.6516 115.69 78.75 -25.44 6.57 1.17 3.59 -3.1600 0.5500 1.1200 -0.2322 0.1600 -0.1278 9.58 0.81 1.88 212 191 195 202 123 
-0.3956 0.5135 0.3760 0.6621 119.19 78.19 -27.69 8.84 4.22 2.07 -0.8900 3.6600 0.7700 -1.2211 -0.8267 -0.1911 9.68 0.90 1.23 209 245 229 244 166 
-0.3144 0.6049 0.3333 0.6514 130.12 87.06 179.69 24.88 7.83 7.11 11.6500 7.9800 8.0400 -7.2389 1.1678 5.0378 9.28 -2.78 -1.44 195 404 354 433 222 
-0.1862 0.7536 -0.1622 0.6093 149.81 50.94 107.81 2.81 4.80 -9.77 -4.7300 10.3400 -7.5200 -3.5411 1.8344 6.1400 4.63 -8.15 -2.87 193 410 363 435 219 
-0.1463 0.4990 -0.6713 0.5281 149.87 15.75 117.37 -2.93 -2.98 -10.32 -4.3800 5.4100 -5.6400 2.2644 0.1978 0.3522 2.07 -8.96 -3.40 190 395 358 424 218 
-0.2235 0.4017 -0.6253 0.6306 137.62 14.38 82.44 1.73 0.54 -1.45 2.3500 8.9800 0.1600 13.4656 1.6122 0.0356 2.24 -5.05 8.09 208 409 342 444 228 
-0.4159 0.1744 -0.1391 0.8817 129.62 12.88 29.56 2.77 -1.97 17.75 0.5100 5.0700 3.9900 -7.8867 -0.5178 -0.3900 2.87 -8.21 4.52 182 410 359 444 228 
-0.2884 0.4308 -0.5049 0.6901 135.81 16.69 91.25 0.22 -6.15 -17.97 -3.1100 2.8400 -19.5800 3.2200 -0.8789 0.1400 2.48 -9.47 0.50 182 407 365 441 227 
-0.3701 0.4076 -0.3961 0.7348 124.00 22.00 53.81 11.63 7.50 23.59 2.1300 11.0000 23.5400 1.8478 1.1978 0.4878 3.64 -4.89 7.67 195 412 358 441 228 
-0.4535 0.3696 -0.1630 0.7944 120.94 28.19 49.88 5.79 -5.04 2.46 0.2300 1.2500 -4.8200 -2.1067 -0.4267 0.6189 4.64 -7.77 3.75 175 379 322 386 210 
-0.4153 0.4915 -0.2741 0.7147 118.44 29.81 64.25 1.44 -7.59 -2.03 -3.7800 -0.0700 -5.6300 2.6544 -1.5911 -1.9678 6.42 -5.94 4.42 181 334 302 317 203 
;
-0.4476 0.4980 0.0021 0.7427 116.44 52.56 32.56 7.79 -0.03 3.07 1.0300 2.3400 -1.0400 3.8522 -3.5367 -1.3244 9.12 -0.88 3.48 171 327 313 316 201 
-0.4622 0.5216 0.3784 0.6091 104.81 85.69 -0.25 15.05 2.38 3.32 6.8000 2.4000 3.1600 1.9989 -0.8333 -1.1744 9.77 0.76 -0.17 199 258 238 242 168 
-0.4556 0.5140 0.4848 0.5414 98.56 87.87 -2.00 15.69 0.11 3.52 5.2800 0.9600 3.0200 -0.8778 1.0611 1.3378 9.76 -0.78 0.52 208 186 181 195 127 
-0.5031 0.5727 0.3812 0.5231 91.12 77.19 76.00 -3.78 -1.84 -1.30 -14.8300 0.3500 -3.1100 -0.4144 -0.0211 -0.8156 9.54 -2.19 0.53 212 188 184 207 124 
-0.4579 0.5710 0.3892 0.5593 107.19 88.75 -1.12 29.71 8.32 -0.97 19.6100 5.8200 -0.8400 0.4889 -1.5200 -0.4333 9.69 1.21 -0.85 211 197 190 213 129 
-0.3797 0.5673 0.4791 0.5518 110.75 82.37 -139.25 10.03 3.72 1.83 1.4700 3.4800 2.8100 -0.7500 -0.5744 0.6267 9.70 0.48 -1.32 205 218 203 222 155 
-0.3502 0.6611 0.4049 0.5257 113.62 76.69 151.50 15.95 4.39 -2.01 5.3000 6.8300 -3.7700 -5.1378 3.9856 5.1400 8.83 -4.20 -0.62 194 383 329 402 208 
-0.2588 0.7227 -0.1363 0.6262 139.25 50.00 107.00 4.52 0.25 -6.40 -4.1000 7.9700 -3.0400 -4.3278 3.1911 5.2722 5.23 -7.76 -2.90 189 394 345 413 212 
-0.1345 0.5715 -0.6152 0.5262 154.62 23.81 122.06 -0.11 -2.73 -17.41 -3.4900 6.2100 -12.2200 3.4056 0.7067 0.5256 3.89 -8.23 -3.62 195 396 339 425 213 
-0.2005 0.4685 -0.5381 0.6714 141.00 25.19 74.50 0.04 3.35 11.76 -2.1600 10.5700 14.4800 7.1989 -0.3544 -1.3644 4.97 -4.86 6.91 196 383 348 434 224 
-0.3666 0.3209 -0.1469 0.8609 135.31 25.00 38.88 6.20 -0.40 13.86 1.5700 8.6300 2.0400 -7.4733 0.5567 0.6033 3.70 -8.41 3.40 191 397 361 435 222 
-0.2002 0.4113 -0.5610 0.6900 151.94 20.06 96.87 3.47 -3.53 -21.60 1.1100 5.0400 -17.9700 2.0411 -0.6878 0.3011 3.31 -9.19 -0.75 187 393 362 434 222 
-0.2880 0.4155 -0.4410 0.7416 131.81 24.44 56.50 7.64 6.31 16.24 3.4700 11.3600 12.7000 4.5878 0.0167 -0.2611 4.66 -4.00 7.63 201 378 357 428 225 
-0.4346 0.3633 -0.0733 0.8209 125.56 32.88 37.75 6.64 -1.15 10.60 1.2100 5.6400 2.5700 -5.2378 0.0211 0.7178 5.15 -7.29 4.05 194 393 365 432 224 
;
