-0.4557 0.2433 0.3201 0.7941 120.31 42.69 -22.94 6.60 2.81 6.52 0.0600 0.0400 -0.1100 -0.0056 -0.0067 -0.0078 6.65 2.81 6.62 273 418 396 437 266 
-0.4560 0.2448 0.3212 0.7931 120.00 43.69 -23.25 6.50 2.62 6.24 0.4400 -0.0400 0.5300 0.5011 -1.4900 0.1967 7.40 2.84 5.76 276 412 368 420 278 
-0.4370 0.3423 0.3686 0.7457 121.06 59.38 -24.75 15.30 0.56 9.57 7.5300 -1.0500 4.1200 -2.2533 -0.4100 2.4544 8.95 0.23 3.98 261 233 241 254 183 
-0.4815 0.4659 0.2893 0.6837 104.12 63.25 13.88 2.38 0.38 2.09 -6.4900 1.5200 -2.3700 0.4178 -0.2533 2.3178 8.38 -2.36 4.50 254 232 242 260 187 
-0.6198 0.4608 0.2629 0.5784 84.50 62.13 33.06 -5.13 -1.37 1.32 -14.0000 1.9300 -2.9000 0.0144 -2.5922 -2.8811 9.51 -0.90 2.19 207 235 242 260 186 
-0.4728 0.4731 0.4444 0.5959 106.62 79.62 -57.56 25.70 4.53 -0.18 8.8700 0.6300 0.7600 0.1622 0.4856 0.1311 9.63 1.67 0.69 231 240 248 267 190 
-0.4360 0.4786 0.4863 0.5867 106.94 80.37 -64.44 8.59 1.94 0.91 -0.4000 0.8900 0.0900 -0.4378 -0.1911 -0.0056 9.68 1.44 0.61 238 255 258 277 203 
-0.4184 0.5193 0.4641 0.5831 107.94 85.50 -4.37 17.13 3.01 0.00 7.1900 1.1500 1.0500 0.1067 0.9756 1.5711 9.78 -0.22 0.56 270 463 271 261 213 
-0.4891 0.4935 0.3222 0.6429 111.69 55.06 14.94 6.23 0.43 0.55 -2.6500 2.0500 -3.3500 -7.1700 8.1944 -0.1511 2.83 -5.40 7.67 269 483 262 239 193 
-0.3267 0.2523 -0.2972 0.8610 144.06 11.94 46.88 -0.02 -5.86 -2.85 -1.0800 1.6800 -8.6300 0.1111 1.3233 -2.1811 2.25 -6.66 6.82 265 484 258 242 193 
-0.1224 0.1630 -0.2966 0.9330 166.81 13.00 34.06 9.05 3.22 5.35 8.5300 8.5500 1.6200 2.7389 1.3533 0.4267 1.36 -3.53 9.04 254 475 250 241 190 
-0.1544 0.0741 -0.1400 0.9752 157.44 5.44 15.50 4.24 -4.91 22.47 1.0200 -3.4300 13.7900 -0.9500 -1.1422 3.2156 1.10 -3.43 9.11 246 478 259 244 191 
-0.3699 0.1437 -0.2217 0.8907 132.87 4.37 34.44 -7.91 -2.64 9.58 -7.8100 4.7100 0.4500 -3.3856 0.6822 0.1411 0.24 -7.63 6.14 245 476 264 248 196 
-0.3251 0.2000 -0.4414 0.8121 138.50 2.75 60.25 -2.52 -0.85 1.44 -2.4200 7.9100 -3.3100 -0.9356 1.3978 -1.4189 1.07 -8.87 4.02 232 465 251 236 182 
-0.1759 0.1867 -0.5038 0.8248 159.37 8.06 63.00 3.89 -1.93 1.48 2.9900 6.4400 -3.3600 1.9711 1.4489 -0.9189 1.44 -7.94 5.56 229 464 252 236 182 
-0.1010 0.1176 -0.3810 0.9115 166.62 8.50 40.25 13.74 -4.25 11.24 11.8300 1.2000 4.4500 2.8689 -2.4022 1.0533 2.46 -4.39 8.41 233 462 254 239 185 
-0.2437 0.2066 -0.1685 0.9325 146.25 18.75 26.69 -4.97 -8.37 12.82 -7.4400 -2.0700 2.9500 -0.1922 -0.0778 0.6556 3.13 -4.52 8.11 233 460 255 240 185 
-0.3237 0.2275 -0.1797 0.9006 140.06 15.81 29.37 1.88 -0.63 5.71 -0.0700 3.7000 -2.9800 0.7933 0.5289 0.1500 2.21 -4.18 8.58 233 458 265 257 201 
;
