0.1741 0.1032 0.2941 0.9341 201.06 5.12 -36.13 0.78 5.93 7.77 -0.1100 0.1400 -0.0700 -0.0744 -0.0078 -0.0011 0.87 5.72 7.91 166 389 356 376 205 
0.1743 0.1027 0.2914 0.9349 201.12 5.19 -35.50 0.79 5.69 7.96 -0.1100 0.0100 -0.0300 -0.0589 -0.0278 0.0122 0.90 5.64 7.96 168 389 355 376 206 
0.1747 0.1034 0.2865 0.9363 201.12 5.37 -35.00 0.87 5.67 8.04 -0.0900 0.0400 0.1100 -0.0267 -0.0200 0.0156 0.93 5.59 7.99 169 390 352 380 203 
0.1742 0.1040 0.2875 0.9360 200.94 5.31 -35.44 1.67 6.21 7.93 2.1300 0.6700 0.4100 0.9322 1.2789 0.1456 0.44 6.03 7.71 174 401 365 388 206 
0.1262 0.0289 0.3519 0.9271 191.25 -5.06 -40.50 -2.11 9.62 11.99 -0.9900 3.3800 5.0400 -2.6767 -1.2833 4.3156 0.58 5.09 8.35 198 243 243 256 201 
-0.1455 0.2175 0.2613 0.9291 155.25 41.38 -25.12 6.76 2.16 5.16 0.2500 -0.6100 -2.6600 4.1700 -3.8011 4.9111 8.84 0.90 4.13 208 176 182 171 139 
-0.4398 0.5007 0.2715 0.6944 108.56 69.06 23.56 -1.26 -2.15 -0.84 -13.6800 -0.0700 -4.2800 1.0356 -1.2956 1.0256 9.23 -2.34 2.31 210 177 184 185 131 
-0.4854 0.5518 0.3522 0.5796 107.19 84.62 -0.50 21.10 12.80 -3.04 19.3500 8.1800 -5.1500 0.2867 -0.0200 -3.4167 9.33 2.98 -0.10 210 181 187 191 135 
-0.3177 0.5117 0.5145 0.6104 124.81 72.56 -99.87 9.29 3.42 1.42 -0.9000 0.6900 1.8400 -0.5922 0.2033 0.2233 9.41 2.71 -0.27 210 182 189 194 140 
-0.3066 0.5359 0.4763 0.6260 130.12 75.06 -97.25 13.19 6.50 0.82 4.3000 4.4500 1.7100 -1.7533 0.5800 0.6644 9.61 1.93 0.19 208 241 213 244 182 
-0.2912 0.5865 0.3195 0.6849 133.69 80.75 -12.00 11.94 6.17 2.96 1.3300 6.4200 -0.6400 -5.9333 1.5056 4.0400 8.77 -3.69 2.35 209 395 322 367 207 
-0.2430 0.6120 -0.2240 0.7184 143.62 42.31 85.94 5.04 1.71 -6.79 -0.7600 9.3600 -5.4800 -4.3022 1.0822 4.9144 3.59 -8.86 -2.14 193 387 321 373 208 
-0.2162 0.4833 -0.6707 0.5194 132.19 8.19 115.94 -5.29 -4.65 -13.92 -6.6100 3.5500 -11.7200 2.0989 0.1000 0.6167 0.73 -9.08 -3.61 155 352 339 382 209 
-0.2739 0.3531 -0.6185 0.6464 134.31 7.44 81.00 1.15 4.87 -7.82 0.0900 15.9300 -12.1100 11.2467 0.0089 -0.7844 1.77 -4.22 8.67 188 377 347 405 214 
-0.4171 0.0233 0.0789 0.9052 127.06 5.06 -17.75 2.55 18.24 17.98 0.0900 13.7300 10.3700 4.5667 -0.8100 0.8344 1.75 6.03 7.53 191 379 362 409 214 
-0.4702 -0.0701 0.3622 0.8018 119.37 15.06 -41.81 -0.81 9.91 13.25 -6.2200 3.6700 8.4700 -0.5678 -2.9056 0.0033 3.68 5.95 6.86 193 353 290 333 210 
-0.4060 0.1495 0.3299 0.8391 129.81 40.44 -20.00 9.05 5.88 6.84 -0.4600 3.1200 -2.7000 -4.4900 -9.4822 6.9244 9.05 -3.23 1.90 103 276 152 157 117 
-0.4868 0.7388 0.0844 0.4584 61.69 34.69 102.50 7.60 -2.72 -3.90 -3.3000 5.5700 -3.2700 3.6233 2.2433 2.9567 2.56 -9.45 0.44 105 297 165 162 122 
-0.7246 0.6484 -0.0845 0.2178 33.44 7.62 79.94 -4.49 -5.21 0.42 -4.0900 3.3800 -1.9400 -0.0422 0.5667 -0.9844 1.81 -9.46 1.82 110 316 175 168 124 
-0.7163 0.6279 -0.0914 0.2904 44.44 13.19 74.62 11.38 -14.39 -20.18 9.8200 3.3800 -11.0000 6.2200 1.5878 2.6189 0.41 -7.56 6.22 107 347 183 171 126 
-0.9088 0.3052 -0.1173 0.2594 30.81 -4.37 34.38 -8.19 2.29 17.15 -5.8300 5.4000 5.7600 -1.1178 -0.1344 -1.3489 -0.40 -5.86 7.85 109 347 184 173 127 
;
