-0.2731 0.0112 0.4176 0.8666 145.00 14.25 -47.75 2.40 6.94 6.41 -0.0800 -0.0700 0.0200 0.0033 0.0267 0.0156 2.41 7.03 6.39 193 335 334 326 217 
-0.2739 0.0099 0.4173 0.8665 144.87 14.19 -47.75 2.27 7.01 6.35 -0.1000 -0.0300 -0.0600 0.0200 -0.0033 -0.0122 2.40 7.04 6.38 194 337 332 327 218 
-0.2726 0.0092 0.4182 0.8665 145.00 13.88 -47.81 5.11 9.63 7.36 3.5400 2.8400 1.6800 0.0878 3.1322 -0.3444 1.09 7.06 6.70 178 347 321 331 217 
-0.3463 -0.1448 0.3356 0.8640 131.94 -3.00 -38.81 -2.03 7.27 11.87 -2.3100 1.1600 3.2400 -2.2722 -4.4667 4.9144 3.16 4.28 8.23 209 172 182 168 131 
-0.4982 0.2181 0.2924 0.7866 114.00 52.13 -13.50 4.73 0.72 2.28 -5.9600 0.1000 -0.9500 -0.0856 -3.1933 1.9444 9.49 -0.23 2.44 210 167 176 187 127 
-0.4469 0.5512 0.3644 0.6030 110.56 88.62 178.62 -6.62 5.50 -0.64 -7.3700 10.7700 -5.6700 -2.8022 -4.0156 -4.0578 9.03 3.08 -2.24 209 176 185 194 128 
-0.1669 0.6426 0.4789 0.5744 145.19 63.69 -137.44 10.37 2.06 -0.47 -1.0700 -0.2700 3.2200 0.2756 0.1456 0.4944 8.97 2.39 -3.14 211 178 189 197 131 
-0.2047 0.6601 0.4649 0.5534 140.00 67.19 -139.12 8.20 2.99 -2.52 -0.6700 0.3300 0.0700 -0.1722 0.2900 -0.3522 9.02 2.79 -2.61 212 182 186 199 133 
-0.1860 0.6376 0.4649 0.5854 145.94 66.81 -126.81 11.20 4.68 -1.77 2.5600 1.4100 0.2800 -1.2700 0.9156 0.1967 9.13 3.25 -1.47 208 215 195 220 164 
-0.1730 0.6152 0.3848 0.6660 149.56 75.37 -88.19 20.24 10.00 5.87 12.3400 6.8600 4.2700 -4.6733 4.9422 3.9033 9.20 -0.68 3.29 114 299 267 310 198 
-0.2261 0.4929 -0.0984 0.8344 151.81 40.69 49.19 7.74 3.83 0.52 0.1300 10.3400 -4.5300 -7.1844 3.9711 3.6800 3.00 -9.10 2.03 112 302 303 320 200 
-0.0937 0.2164 -0.7023 0.6716 167.31 6.50 103.37 0.29 -2.59 -8.42 -0.4300 4.9200 -4.2700 -3.2200 1.6644 0.9833 0.87 -8.50 -4.80 113 312 315 335 205 
-0.0028 0.0924 -0.8753 0.4747 178.75 4.37 124.06 0.33 -4.46 -9.70 -1.8500 4.2700 -5.1400 0.4100 -0.2244 -0.0633 0.79 -8.30 -5.14 115 312 322 341 206 
0.0030 0.1023 -0.8294 0.5492 182.94 8.75 103.75 0.01 -2.45 -3.15 -2.0400 6.5600 0.1500 6.8178 3.4022 -0.5178 1.75 -9.20 2.88 122 315 324 365 217 
0.1135 0.0381 -0.5900 0.7985 197.62 13.00 79.12 2.77 -7.67 5.76 1.2300 3.1600 3.4800 -4.8367 -2.3644 -0.7300 2.97 -9.13 -1.98 119 322 323 353 216 
0.0710 0.1371 -0.8191 0.5525 191.19 13.75 115.44 -0.54 -2.47 -24.44 -2.1700 8.7800 -17.9400 6.2144 0.8956 0.2356 2.12 -9.57 -0.18 125 320 328 361 218 
0.0619 0.0461 -0.5466 0.8339 188.06 5.37 54.88 -2.01 -2.06 30.31 -3.0100 -0.0700 20.9200 0.0522 -1.0956 -0.3322 1.08 -7.44 6.29 124 324 342 370 220 
0.0552 0.0927 -0.4584 0.8821 186.00 15.00 58.19 2.46 -7.69 4.55 0.9000 0.3500 1.7200 0.0533 -4.0444 0.1300 3.69 -8.19 3.92 156 352 322 386 219 
-0.0981 0.3207 -0.4998 0.7986 157.62 21.87 77.94 3.88 -4.19 3.04 -1.1400 5.9600 0.1100 -4.5300 -1.2844 4.2656 0.88 -9.67 -1.33 184 402 357 428 221 
-0.2547 0.3284 -0.7252 0.5490 125.31 -2.69 107.81 -4.10 -8.82 -8.91 -2.1700 0.2700 -4.4500 0.3844 0.2600 0.3711 -0.83 -9.27 -3.06 175 416 377 434 223 
-0.2731 0.3134 -0.7386 0.5308 127.87 -3.00 105.25 -2.53 -9.26 -7.02 -0.7800 1.6800 -5.0800 2.7944 -1.0678 -1.1378 0.10 -9.77 -0.79 193 425 364 439 221 
-0.3571 0.2993 -0.5146 0.7198 127.12 4.00 61.56 3.58 11.18 2.60 4.5400 20.6800 7.6300 11.7767 1.4622 1.2311 -0.07 -1.20 9.73 209 418 367 422 225 
-0.4685 0.0537 -0.0891 0.8773 125.00 2.37 20.12 1.86 12.03 11.89 1.9800 17.8300 -2.4000 -11.4000 -1.9756 -0.1922 1.72 -9.38 2.25 190 409 359 425 224 
-0.2751 0.4021 -0.6415 0.5925 128.62 6.06 98.06 -2.31 -2.41 -22.34 -5.1900 11.7100 -18.2200 10.4222 -0.1278 -0.2656 1.04 -7.66 6.02 204 396 370 422 226 
-0.4661 0.1111 -0.1205 0.8694 122.56 2.06 9.81 -3.44 8.68 35.56 -2.8600 8.6300 23.6400 -5.5011 -1.8211 -0.7756 1.39 -4.12 8.78 203 398 364 424 225 
-0.4002 0.2856 -0.3141 0.8121 127.31 12.69 65.06 3.20 -0.40 -6.70 -1.1700 6.9200 -10.1800 -7.0411 -0.9789 1.7433 0.93 -9.51 -2.19 181 372 360 402 221 
;
