0.6716 0.3479 0.1174 0.6435 272.31 17.00 -40.19 2.86 6.32 6.91 0.0200 0.2400 -0.1700 -0.0422 -0.0667 0.0933 2.97 6.01 7.15 183 355 373 408 224 
0.6685 0.3524 0.1091 0.6458 271.94 18.12 -40.06 3.56 6.12 6.88 0.3300 0.1600 -0.1400 -0.0356 0.0422 -0.0178 3.07 5.98 7.12 172 356 370 404 225 
0.6688 0.3525 0.1076 0.6456 272.06 17.94 -39.94 2.78 6.16 7.09 -0.1900 0.1300 -0.0400 0.0444 0.0667 -0.0522 2.96 6.02 7.14 177 359 371 407 225 
0.6686 0.3480 0.1208 0.6459 271.19 15.56 -41.25 5.58 9.79 11.14 2.8200 3.9500 4.0000 -1.1056 1.0211 2.7056 3.05 5.49 7.52 182 291 267 259 195 
0.5286 0.3499 0.0344 0.7727 242.25 38.44 -25.25 6.28 6.44 7.42 -1.2900 1.6200 0.0500 -0.7744 -1.2178 2.9422 7.52 1.33 6.14 204 160 167 175 128 
0.3154 0.4803 -0.1338 0.8074 217.56 68.81 -6.62 -16.46 -3.37 -1.02 -23.7900 2.1200 5.6200 0.0889 -3.6233 -3.0956 9.66 1.64 -0.23 205 167 168 177 123 
0.3204 0.7035 -0.0513 0.6323 234.31 64.87 -91.94 15.07 5.54 1.99 1.8300 0.8100 5.2500 0.1767 -0.4411 0.6311 9.02 3.81 -0.48 206 173 173 179 129 
0.2985 0.7245 -0.0435 0.6198 232.25 67.62 -99.75 6.68 4.43 -0.46 -2.8400 0.6900 0.4300 -0.5256 -0.8678 -0.2511 8.95 3.84 -1.07 207 180 175 186 132 
0.3186 0.7629 -0.0615 0.5593 239.00 61.81 -115.62 18.41 6.65 -4.74 11.1800 1.4500 -2.3100 1.6122 1.1422 0.3322 8.73 3.86 -2.21 192 254 186 191 140 
0.2108 0.7451 -0.0023 0.6328 209.37 75.69 -91.81 12.87 5.95 -2.76 0.1500 3.9800 -5.6100 1.3511 4.5744 2.6611 9.23 0.59 3.25 138 194 171 174 131 
0.0422 0.4756 -0.0389 0.8777 183.87 48.06 6.06 2.27 -2.73 -0.48 -4.3600 -1.8600 -7.7000 0.1578 3.1633 2.1944 4.93 -1.65 8.30 142 176 165 175 128 
-0.0610 0.2138 -0.0738 0.9722 171.50 21.06 9.75 0.03 1.06 6.47 -2.9400 2.3400 -2.8200 0.0956 0.1944 0.9800 2.96 -1.61 9.20 146 189 168 176 137 
-0.1217 0.1678 -0.0602 0.9764 164.69 18.69 9.88 3.25 -0.71 8.39 0.0200 0.9400 -0.8400 0.0022 -0.7944 0.7411 3.52 -1.79 8.97 147 185 174 180 137 
-0.1313 0.1842 -0.0609 0.9722 166.12 19.94 9.81 7.74 5.13 10.44 3.5600 6.0500 1.6000 -1.1900 2.2656 -2.8689 2.25 -1.74 9.38 143 185 174 186 144 
0.0728 0.0518 -0.1279 0.9877 191.19 5.62 15.88 4.13 -5.53 7.15 -0.2800 -3.1900 -2.2200 -1.2978 1.8400 -0.9444 -0.53 -3.84 9.00 144 174 179 193 144 
0.1802 -0.0819 -0.2012 0.9594 201.62 -5.25 25.56 -2.99 -6.07 7.38 -1.7700 -1.0900 -0.9000 -0.3156 -0.0511 -0.1578 -0.79 -4.52 8.66 156 193 186 203 154 
0.1876 -0.0714 -0.2319 0.9518 201.94 -0.37 28.06 -1.90 -1.59 5.57 -2.0600 2.7900 -4.5200 0.6433 -1.9044 -1.3167 1.71 -4.15 8.71 161 209 201 228 184 
0.2184 0.1667 -0.1694 0.9465 207.75 31.12 3.75 6.94 3.63 -5.21 2.3800 3.8100 -12.9100 9.8289 -0.8200 -1.7789 5.70 5.25 6.00 176 338 329 399 226 
0.1287 0.4313 0.3406 0.8255 192.25 45.38 -64.75 9.47 15.46 9.56 0.0000 8.7700 6.6100 -4.3222 -3.7967 6.7100 9.55 1.78 1.30 167 349 329 401 233 
-0.0728 0.8105 -0.1659 0.5570 226.25 26.56 150.56 7.69 16.45 -8.92 -18.2500 6.1100 -9.4100 -7.1844 -2.8078 3.9100 1.80 1.20 -9.56 157 314 287 329 223 
0.1575 0.7731 -0.6141 0.0175 256.25 14.25 -165.00 4.46 2.26 -11.71 1.2300 0.1800 -2.1200 -0.3567 0.2033 -0.0411 2.65 2.71 -9.04 157 331 295 339 225 
0.1928 0.7756 -0.6001 0.0345 255.31 16.62 -165.25 3.04 3.66 -7.20 0.1700 1.4400 2.0700 0.1244 -0.1467 0.1400 2.81 2.18 -9.13 158 331 289 342 223 
0.1786 0.7755 -0.6034 0.0515 255.62 17.50 -167.50 4.22 2.68 -9.29 0.9800 0.7700 -0.3000 0.6378 0.2011 -0.0667 3.09 1.58 -9.16 164 324 296 339 225 
;
