0.7355 -0.2107 -0.0670 -0.6405 82.12 21.62 13.81 3.64 -2.17 8.77 -0.0200 0.0100 -0.0900 0.0533 0.0400 -0.0211 3.59 -2.14 8.86 171 363 365 415 233 
0.7353 -0.2066 -0.0674 -0.6420 82.25 21.19 13.38 3.50 -1.95 8.64 -0.0200 0.1800 -0.2500 0.0833 0.1678 0.0544 3.43 -2.08 8.94 176 353 357 416 230 
0.7385 -0.1944 -0.0612 -0.6427 82.00 19.44 12.50 3.05 -1.95 8.78 -0.1800 0.0100 -0.2900 0.0444 0.2733 0.0156 3.07 -1.96 9.10 173 361 345 414 227 
0.7411 -0.1785 -0.0463 -0.6455 82.06 16.87 12.44 2.99 -2.11 9.76 0.3200 -0.0600 0.5600 0.3744 -0.0356 0.0278 2.81 -1.83 9.21 171 359 349 419 229 
0.7552 -0.1752 -0.0582 -0.6289 75.00 21.87 17.06 7.39 -2.90 7.58 1.2200 -1.6000 -3.3100 0.5100 -3.1689 2.6489 5.04 -4.16 7.30 184 340 325 354 227 
0.8111 -0.3214 -0.2812 -0.3997 50.19 57.69 20.19 17.55 1.33 11.53 13.5700 0.3800 10.0500 0.6856 -3.1700 -0.3733 9.64 -0.77 1.59 200 303 299 295 202 
0.6766 -0.3650 -0.5938 -0.2372 32.19 71.25 92.87 4.44 -1.25 -2.58 -5.9000 3.1000 -2.2800 0.0833 -0.2044 3.2711 8.12 -5.46 -0.53 199 202 201 212 142 
0.6921 -0.5033 -0.5125 -0.0714 9.19 51.13 91.25 -11.72 0.75 0.22 -17.9900 7.7900 2.0800 1.9333 0.2122 -5.3978 9.19 -3.37 0.54 211 176 188 183 115 
0.7067 -0.2072 -0.6328 -0.2391 43.44 79.75 -50.94 30.05 5.58 4.67 15.8100 2.9600 3.6600 0.5722 0.2989 0.2511 9.58 1.80 1.03 215 176 190 195 120 
0.7003 -0.1416 -0.6392 -0.2845 44.56 76.50 -45.44 7.22 1.59 1.25 -1.9000 0.0600 -0.4000 -0.4400 0.0578 0.0244 9.50 1.57 1.81 211 179 199 194 123 
0.7077 -0.1522 -0.6198 -0.3030 46.25 76.06 -40.25 10.13 1.64 1.68 0.6800 0.1600 0.2000 0.0433 -0.1100 0.4822 9.58 1.23 1.68 210 182 195 196 127 
0.7110 -0.1735 -0.6240 -0.2739 40.94 79.56 -25.56 9.57 0.73 1.96 -0.0800 0.2100 0.2400 -0.0644 0.1178 0.5467 9.65 0.34 1.66 216 187 197 203 131 
;
0.7266 -0.1969 -0.6096 -0.2485 37.75 78.94 -2.94 8.60 1.37 1.47 -1.6800 0.4500 -1.1600 -0.1400 0.6478 0.3878 9.53 -0.23 2.29 205 263 248 253 179 
0.7551 -0.1907 -0.5754 -0.2496 37.06 72.31 -5.81 8.31 0.98 2.07 -1.1800 -0.0500 -1.9500 1.3611 2.0656 -1.3278 8.69 1.52 4.26 202 365 331 375 214 
0.8036 -0.0414 -0.5236 -0.2797 37.94 59.94 -30.94 7.03 4.63 6.13 0.9100 3.3300 6.9400 -0.8611 -2.4111 0.5411 8.97 2.38 3.13 201 372 333 388 218 
0.7530 -0.0652 -0.5942 -0.2751 40.19 69.06 -39.50 9.01 1.55 2.16 0.6200 0.0500 0.5200 0.0233 -0.0111 0.0300 9.18 2.21 2.62 200 352 326 367 218 
0.7393 -0.1056 -0.6033 -0.2800 45.25 76.19 -32.19 22.65 1.64 4.85 14.5100 0.5000 -0.9600 -2.4289 -4.5667 4.2522 9.67 -1.27 -0.92 197 182 202 214 149 
0.7020 -0.4318 -0.5176 -0.2299 35.88 63.44 69.31 -8.46 -3.92 -5.32 -14.7900 2.0300 -6.4100 1.5500 0.1667 -0.9956 8.72 -3.88 2.22 198 180 193 207 140 
0.7407 -0.3353 -0.5316 -0.2372 39.56 77.81 28.25 28.11 8.44 4.80 22.5400 7.8900 3.8400 1.5689 -0.4178 -1.5322 9.57 1.23 1.70 215 181 197 209 136 
0.7237 -0.1599 -0.6142 -0.2711 38.75 77.19 -21.50 5.00 0.88 1.49 -4.3200 0.1400 -0.8300 0.2144 0.5322 -0.0811 9.49 0.74 2.34 215 184 196 212 144 
;
0.7458 -0.1448 -0.6001 -0.2505 37.44 75.25 -20.50 9.41 1.00 1.46 0.2000 0.1100 -0.8100 0.0544 -0.1911 -0.0700 9.50 0.93 2.23 212 187 196 211 148 
0.7442 -0.1354 -0.6034 -0.2525 37.56 75.06 -24.31 8.58 1.40 2.07 -0.7000 0.6000 -0.6200 0.3500 -0.2322 -0.2311 9.49 1.23 2.10 214 202 217 238 183 
0.7361 -0.1334 -0.6064 -0.2694 40.19 74.69 -31.69 9.98 2.44 1.65 -0.7200 -0.0100 -1.2600 0.5256 0.1244 0.3033 9.52 1.36 1.90 210 333 311 375 212 
0.7191 -0.1030 -0.6517 -0.2184 31.62 80.50 -59.38 8.95 1.92 2.16 2.3600 2.7500 3.4100 0.3533 0.2189 0.1144 9.65 1.52 0.72 199 364 322 397 216 
0.7153 -0.0932 -0.6639 -0.1970 31.12 80.87 -51.88 9.36 0.06 0.56 -0.7200 -1.0000 -0.4400 -0.4689 0.2856 -0.1344 9.66 1.25 1.11 198 344 319 381 220 
0.7112 -0.1188 -0.6566 -0.2213 36.06 81.62 -45.81 12.55 1.84 5.23 3.2500 0.7900 4.3100 -2.1744 0.2178 0.7633 9.72 0.32 1.22 205 303 293 283 194 
0.7000 -0.2529 -0.6094 -0.2733 43.44 81.44 30.00 13.15 -1.48 -1.08 3.0200 2.5000 -3.0700 -0.1367 0.4056 2.6333 9.27 -2.78 1.51 207 184 199 201 137 
0.7414 -0.4028 -0.4993 -0.1968 26.50 60.75 68.75 0.22 -2.97 -2.47 -8.5700 1.8400 -4.3200 1.0944 -0.3811 0.2900 8.34 -4.81 1.84 210 180 190 200 133 
0.7565 -0.3573 -0.5306 -0.1359 23.31 70.56 58.44 7.48 5.85 2.56 1.5500 7.8100 1.0800 2.0456 0.4700 -3.9000 9.54 0.63 2.14 211 183 193 201 133 
0.7233 -0.1475 -0.6357 -0.2256 33.13 81.94 -20.12 8.44 -0.15 1.24 -1.9000 -0.3000 -0.1300 0.1500 0.4189 0.0211 9.69 0.26 1.47 210 186 199 206 138 
;
0.7333 -0.1486 -0.6305 -0.2067 31.81 80.25 -18.56 8.81 -0.30 1.38 -0.1900 -1.1100 -1.4800 0.3878 -0.4289 -0.0867 9.68 0.70 1.38 216 192 203 208 140 
0.7267 -0.1299 -0.6442 -0.2000 29.94 81.25 -24.62 9.56 1.17 2.67 -0.1400 0.7200 1.3000 -0.0600 0.1467 0.0889 9.67 0.55 1.48 210 209 208 226 156 
0.7360 -0.1340 -0.6335 -0.1974 30.37 79.94 -17.37 9.69 1.32 0.54 -0.2800 0.5300 -1.0900 0.2789 0.5667 -0.4511 9.56 0.77 2.00 204 292 275 294 198 
0.7623 -0.0883 -0.6040 -0.2153 31.62 70.75 -29.81 8.66 1.95 1.79 -0.8100 -0.0400 -1.1300 1.3733 1.4356 -1.0389 8.71 2.79 3.52 200 369 322 390 217 
0.7896 0.0602 -0.5744 -0.2073 28.69 62.00 -47.50 9.56 4.47 8.14 2.8800 1.0500 5.4500 -0.6800 -1.4111 0.4622 9.00 2.91 2.57 209 355 332 395 224 
0.7750 -0.0130 -0.5892 -0.2279 33.81 67.56 -28.81 12.18 0.85 6.98 2.3900 -1.1800 2.6000 -3.8222 -0.1289 2.2322 9.17 -0.95 3.32 207 243 221 229 160 
0.7701 -0.3112 -0.5106 -0.2224 28.31 65.69 51.44 4.24 -2.41 -2.15 -6.3000 1.8800 -5.1100 0.8278 0.5933 1.1156 8.44 -4.02 2.95 211 194 192 196 127 
0.7994 -0.3342 -0.4781 -0.1440 20.19 61.69 50.44 -2.45 -0.09 0.10 -10.7500 3.5800 -2.5700 1.1044 -1.7589 -3.2856 9.49 -1.52 1.93 216 191 191 196 126 
0.7335 -0.1709 -0.6122 -0.2407 39.13 77.75 -31.00 23.16 1.95 4.44 7.2700 -0.0700 2.7500 0.1678 -0.4656 0.8544 9.68 0.86 1.26 215 192 193 199 130 
;
