-0.4927 0.3250 0.5995 0.5405 95.19 70.37 -77.44 9.14 3.10 0.50 -0.1900 -0.0900 -0.1800 -0.0311 0.0100 0.0156 9.24 3.19 0.75 226 390 381 419 275 
-0.4930 0.3255 0.5984 0.5412 95.44 70.37 -77.94 9.43 3.20 0.37 0.0600 -0.0900 -0.3700 -0.0100 -0.0100 -0.0211 9.24 3.21 0.63 226 387 380 418 276 
-0.4898 0.3281 0.5996 0.5412 95.62 70.50 -78.62 9.87 3.43 0.27 0.2500 0.3100 -0.3900 -0.2467 -0.1422 0.2356 9.30 3.04 0.60 274 376 377 391 269 
-0.4763 0.3811 0.5783 0.5417 99.94 76.44 -75.50 12.20 2.08 4.33 1.7800 -0.7500 1.9000 -3.6600 1.1767 -0.0811 9.44 1.59 2.09 254 226 229 230 162 
-0.4261 0.4845 0.3942 0.6544 113.19 74.50 -9.75 10.50 1.08 1.69 -0.0200 0.9300 -1.3700 -0.8878 0.8267 2.0022 9.13 -1.15 3.37 250 224 232 232 165 
-0.5121 0.5224 0.2563 0.6317 98.37 65.19 40.75 2.06 -1.21 -1.03 -9.5100 1.3800 -3.6900 -0.0011 -0.1811 1.0922 8.55 -3.62 3.12 251 229 238 236 166 
-0.5565 0.5295 0.2274 0.5985 98.81 65.37 33.50 -1.40 3.49 0.58 0.7000 9.5100 -2.3900 1.5467 -3.1200 -4.6078 9.47 1.12 2.26 252 232 239 238 169 
-0.4044 0.4675 0.4376 0.6530 114.31 76.87 -51.69 10.78 0.15 2.59 -1.0200 -1.5100 1.2400 0.3100 1.2667 0.4211 9.51 1.35 1.94 248 237 240 238 171 
-0.4528 0.4520 0.4228 0.6418 109.75 74.81 -30.87 6.81 1.26 1.86 -1.9700 -0.0500 -0.9500 1.6889 -2.6489 0.5067 9.73 1.11 0.37 222 439 238 231 170 
-0.4698 0.5472 0.5847 0.3714 60.00 64.75 148.25 16.64 -9.34 -8.93 3.4500 -6.0800 -6.1800 3.2133 1.8500 1.4122 8.52 -4.32 -2.18 191 442 246 233 168 
-0.6943 0.4583 0.5204 0.1925 29.75 64.06 74.12 3.88 -4.28 -2.39 -5.3700 0.4600 -4.0900 3.3478 2.3878 -0.5122 8.42 -3.01 4.00 190 321 240 230 164 
-0.8537 0.2258 0.4451 0.1488 18.06 54.63 23.25 4.31 3.97 2.81 -3.3500 5.7300 -2.5400 2.2156 0.8922 0.1478 7.55 -1.30 6.11 199 418 244 237 171 
-0.9044 0.0984 0.4048 0.0927 11.38 48.00 9.75 8.85 2.98 4.42 2.2400 3.7500 -2.2200 -1.6800 0.6178 0.2856 7.02 -2.03 6.53 198 444 259 242 174 
-0.9091 0.2101 0.3135 0.1762 27.69 38.00 22.12 7.69 -2.43 6.49 3.4300 -0.3500 -0.6600 -3.3722 2.9233 -1.6200 5.25 -3.82 7.34 200 461 259 245 177 
-0.8710 0.3234 0.1881 0.3183 41.44 29.94 32.50 -0.46 -7.52 8.56 -4.3400 -1.8600 0.9800 -0.5311 0.1822 -0.0789 4.54 -4.88 7.18 192 448 251 237 168 
-0.8612 0.3484 0.1470 0.3395 41.19 31.44 36.63 2.23 -2.64 5.67 -3.3800 2.5800 -1.1700 -1.3667 -2.0411 -0.0011 6.21 -5.55 5.16 203 413 258 259 188 
-0.7932 0.4602 0.2673 0.2959 44.38 48.19 56.06 3.97 -2.71 0.96 -3.0400 1.8500 -3.6800 -1.7433 0.8189 -4.3222 8.67 -3.12 3.34 217 358 296 290 210 
;
