-0.2181 0.0994 0.1619 0.9572 154.31 15.06 -16.06 2.39 2.69 9.12 -0.1000 0.0700 0.0500 0.0078 0.0078 -0.0178 2.53 2.62 9.10 180 377 342 361 195 
-0.2172 0.0979 0.1623 0.9576 154.44 14.94 -16.12 2.41 2.74 9.12 -0.2600 0.0800 -0.0800 -0.0289 -0.0244 0.0289 2.53 2.62 9.10 180 378 345 361 197 
-0.2179 0.0999 0.1650 0.9567 154.19 16.56 -17.31 2.79 3.19 12.34 0.8700 1.5700 5.0900 -0.1556 -3.1478 0.5944 5.04 2.54 8.01 194 320 308 320 188 
-0.1984 0.3173 0.1808 0.9096 155.62 51.38 -12.13 12.87 3.63 1.60 4.8700 10.3400 0.3600 0.5422 -4.4667 1.7378 9.54 0.05 2.23 202 167 183 185 119 
-0.3159 0.6013 0.2237 0.6990 121.69 77.50 33.56 2.19 0.20 -0.01 -9.6300 0.9200 -2.6500 2.1922 0.0178 1.7678 9.25 -2.25 2.32 209 176 188 193 121 
-0.4958 0.5688 0.3011 0.5831 100.75 78.44 47.06 1.80 5.92 1.44 5.8400 8.7200 -3.1900 -0.0856 -1.7022 -3.4489 9.74 1.05 0.39 207 178 191 197 124 
-0.3739 0.5481 0.4570 0.5924 113.62 83.62 -173.81 9.24 0.52 1.99 -2.0800 -0.2200 1.6100 0.0611 0.2678 0.6944 9.79 0.46 -0.03 199 184 191 198 127 
-0.4091 0.5701 0.4229 0.5734 109.00 88.31 179.62 12.52 1.65 -1.05 3.7100 1.2900 -1.2000 -0.8778 -2.3733 1.8622 9.48 -1.39 -2.06 182 257 223 222 147 
-0.3983 0.7374 0.3644 0.4060 77.50 56.38 132.87 7.87 -2.28 -5.55 -1.8300 1.9400 -0.9200 2.6022 0.9300 2.9611 6.93 -6.47 -2.47 147 415 190 195 131 
-0.5965 0.7263 0.2588 0.2229 35.75 36.25 102.06 2.16 -5.89 -1.79 -2.9500 2.0700 -0.5000 1.0389 -0.3033 0.6156 5.27 -8.18 -1.13 147 420 191 191 126 
-0.6573 0.6962 0.2565 0.1321 19.56 31.06 97.06 6.57 -7.31 -3.56 1.2600 1.0000 -2.9800 2.4211 -0.7078 -0.3933 5.15 -8.34 -0.05 142 419 196 195 127 
-0.7125 0.5966 0.3683 0.0277 2.87 32.81 90.37 9.55 -6.44 2.66 -1.7800 -0.4500 -0.7300 -2.5600 1.0744 0.1156 5.17 -8.29 -0.75 136 420 198 199 127 
-0.6832 0.6661 0.2819 0.1000 19.81 32.75 85.25 9.89 -4.71 7.99 0.8300 3.7000 5.1800 -0.9922 2.7378 -0.3811 5.43 -8.13 0.64 147 422 205 206 133 
-0.6960 0.6479 0.2527 0.1786 31.62 38.00 92.69 5.29 -3.43 0.28 -0.9000 3.7000 1.0500 -3.2678 1.1333 -3.0122 7.52 -6.03 -1.75 167 402 209 220 150 
-0.4930 0.6953 0.3210 0.4128 96.25 73.31 104.00 11.30 0.08 -2.11 3.9900 0.8900 -2.1400 -1.5078 7.5878 -4.3167 8.34 0.64 5.11 175 352 255 288 182 
-0.3740 0.3130 0.2014 0.8495 134.31 35.50 -11.25 5.79 2.94 9.62 2.7500 2.3400 2.5600 1.2589 0.6122 -1.1433 4.89 2.94 7.97 188 396 327 372 202 
;
