-0.1007 0.5444 0.2073 0.8066 165.87 66.75 -35.06 8.78 2.61 2.82 -0.2900 0.2900 -0.4100 -0.0100 -0.2944 -0.0622 9.05 2.28 2.98 163 319 316 347 209 
-0.0825 0.5557 0.2121 0.7996 168.31 67.37 -40.81 9.22 2.62 2.54 -0.1500 0.2000 -0.1500 0.1778 0.0622 -0.0567 9.02 2.56 2.85 177 317 317 346 211 
-0.0842 0.5534 0.2226 0.7982 167.87 67.12 -42.31 9.22 2.54 2.52 0.2000 0.0300 -0.2500 0.0444 -0.0100 -0.0044 9.04 2.57 2.76 179 318 316 345 212 
-0.0811 0.5496 0.2247 0.8005 168.44 65.37 -41.94 13.71 4.28 4.95 6.5900 1.8200 2.2600 1.1122 2.6056 -1.2644 7.84 3.62 4.63 186 284 319 333 211 
-0.0861 0.3619 0.2344 0.8981 168.19 40.00 -23.19 6.67 3.38 9.54 0.1300 0.2400 0.4500 -2.6511 -2.1367 3.6033 7.24 0.00 6.60 205 205 199 207 154 
-0.2112 0.4423 0.0218 0.8714 149.75 50.25 17.25 0.21 -3.11 2.65 -9.2800 -1.1500 -3.1800 0.0467 0.3911 0.1856 7.28 -1.97 6.26 209 178 173 189 127 
-0.2388 0.4739 0.0082 0.8475 150.31 59.94 22.19 -6.53 2.70 -2.39 -14.9300 6.3500 -5.2400 -0.1289 -3.3978 -4.4444 9.52 1.17 1.99 207 173 173 188 125 
-0.0173 0.6191 0.2118 0.7560 177.19 71.06 -73.75 17.17 2.62 3.76 5.9200 -0.3800 4.1600 0.2111 0.2422 0.3733 9.42 2.66 0.48 207 180 179 197 130 
-0.0423 0.6429 0.2144 0.7341 173.56 74.50 -70.81 7.59 2.22 -0.02 -2.0300 -0.1700 -1.2400 -0.7000 -0.1322 0.0556 9.49 2.29 0.91 207 187 187 205 145 
-0.0148 0.6469 0.1727 0.7426 179.06 74.75 -64.25 10.14 3.57 0.42 2.9000 1.6100 -0.7400 0.0533 -0.1644 0.0100 9.45 2.31 1.17 209 393 321 360 205 
-0.0288 0.5931 0.1541 0.7897 174.19 65.31 -20.44 16.41 7.49 9.40 8.0000 6.6000 3.7000 -4.7767 4.0222 3.7800 7.25 -2.42 6.13 209 419 346 402 213 
-0.0855 0.3089 -0.2943 0.9004 168.31 20.87 55.06 1.71 6.95 -5.86 -0.7000 15.1700 -9.7500 -8.2056 2.0967 4.1444 0.03 -9.80 0.05 200 395 344 373 207 
-0.1198 0.0366 -0.8066 0.5778 152.50 -12.69 115.87 -6.45 -4.41 -11.37 -4.3400 2.7600 -5.7400 -1.0544 0.3633 1.6578 -3.46 -7.33 -5.50 193 385 349 376 208 
-0.1617 -0.0829 -0.8693 0.4597 142.56 -19.94 121.06 -5.81 -4.45 -11.67 -1.4000 4.2300 -8.7800 4.8067 -2.1456 -2.9467 -1.83 -9.50 -1.56 199 364 337 378 208 
-0.1575 0.0940 -0.6221 0.7612 161.12 1.44 62.81 3.52 8.91 -2.85 2.8900 16.7400 -8.3800 11.2811 0.1567 -1.8356 1.11 -2.58 9.39 174 392 348 387 214 
-0.0779 0.0085 0.1573 0.9844 173.44 -1.25 -32.81 -2.65 20.99 17.18 -3.0000 12.1500 10.6200 2.3878 -0.6722 -0.6578 -0.61 7.41 6.38 208 368 354 392 214 
0.0052 -0.0109 0.4126 0.9108 180.87 -0.13 -48.06 1.55 7.71 8.94 1.2200 0.2000 2.0200 -0.4900 -0.5400 0.4811 0.51 7.04 6.79 208 374 344 388 213 
-0.0044 0.0452 0.3762 0.9254 179.19 5.75 -43.00 1.83 7.10 7.80 1.2300 0.5800 0.4600 -0.9333 -0.3911 0.3811 1.44 6.10 7.53 209 380 348 386 215 
-0.0224 0.1041 0.3096 0.9449 175.56 16.94 -34.13 4.75 6.48 11.47 1.5100 1.7400 4.0300 -2.1178 -4.8067 3.8389 6.90 2.60 6.45 183 362 205 193 133 
-0.1562 0.5095 0.1292 0.8362 150.31 73.75 24.31 14.79 -2.50 -3.45 6.2700 -0.4300 -2.6300 2.4456 -2.5544 3.5489 8.77 -4.36 -0.22 114 388 166 167 110 
-0.4345 0.6614 0.0643 0.6079 104.31 57.31 68.56 3.16 -2.92 -0.65 -5.1500 2.1600 -2.6700 3.2667 1.0033 0.3644 7.87 -4.51 3.71 105 393 185 171 113 
-0.5986 0.4906 0.1492 0.6154 90.12 50.75 35.94 7.21 2.31 6.18 0.2800 5.5000 1.2600 0.7444 1.1022 -0.2300 7.27 -3.19 5.74 108 372 181 175 115 
-0.6379 0.4177 0.1575 0.6275 89.06 45.94 29.75 8.03 -1.78 5.18 0.7400 1.2600 -1.2200 -1.2800 1.2144 -0.3678 6.55 -3.80 6.22 109 380 189 183 118 
-0.5778 0.4180 0.0209 0.7007 103.31 36.13 36.31 12.17 -5.19 1.20 3.2800 -2.2500 -5.8600 -1.6944 4.9356 -1.1422 4.19 -5.27 7.12 109 394 205 183 123 
-0.4700 0.3033 -0.1575 0.8138 120.12 17.56 34.06 -3.11 -6.95 11.96 -5.7100 -1.4700 3.5300 -0.8378 1.5800 -0.5544 2.06 -5.53 7.82 119 400 204 186 126 
-0.4457 0.2517 -0.2208 0.8302 121.81 12.88 38.88 0.54 -4.77 6.72 -3.4900 1.8500 -0.9900 -1.2000 -1.5811 0.8444 2.57 -6.85 6.52 135 363 205 195 139 
;
