0.1743 0.2986 0.1084 0.9321 201.12 31.31 -20.94 5.35 2.73 7.80 0.2800 -0.2100 0.0100 0.0144 -0.0178 0.0189 5.13 2.97 7.80 166 318 315 318 200 
0.1724 0.3001 0.1071 0.9321 200.94 31.37 -20.81 5.01 3.16 7.67 -0.0500 0.1900 -0.1400 0.0389 0.0722 -0.0444 5.08 3.00 7.82 169 317 313 320 200 
0.1735 0.2923 0.1099 0.9340 200.87 29.50 -20.50 8.03 4.01 7.83 4.0400 0.9500 -0.0700 -0.0144 3.1311 0.2378 3.39 2.94 8.71 184 340 340 359 204 
0.0988 0.0720 0.1556 0.9802 187.31 2.75 -17.00 1.54 5.47 9.58 5.2200 1.5700 0.8000 -1.1811 -1.4256 5.3733 1.86 1.58 9.49 207 253 275 270 192 
-0.1996 0.1806 0.0646 0.9609 152.00 26.06 0.56 2.54 0.05 8.23 -1.8900 1.1800 -1.1300 0.4456 -5.9867 2.6344 7.26 -1.12 6.48 205 174 182 184 119 
-0.3828 0.5226 0.1655 0.7436 116.81 70.87 31.31 4.03 -0.17 0.42 -9.6600 2.0800 0.0200 2.7444 -1.1633 0.4744 9.46 -1.64 1.97 208 177 182 190 117 
-0.4678 0.5164 0.3839 0.6058 111.94 76.12 -35.94 33.85 17.25 -0.51 26.5400 11.3100 0.5600 0.4133 -0.3633 -1.6944 9.19 3.33 0.65 209 184 188 197 120 
-0.3563 0.4704 0.5137 0.6229 119.19 73.50 -84.25 7.23 3.36 2.55 -2.4200 0.6800 1.2000 -0.5422 0.0944 0.0800 9.45 2.59 0.38 206 186 190 197 125 
-0.3507 0.4966 0.4828 0.6303 123.69 75.44 -81.12 12.32 6.24 2.05 5.1900 4.2500 2.5800 -1.1722 -0.8100 1.3844 9.70 1.41 0.06 206 328 286 283 182 
-0.3456 0.5925 0.3643 0.6299 119.94 84.31 2.62 16.18 3.74 3.22 4.6500 5.0200 0.0500 -4.5433 5.2356 2.9867 8.55 -3.37 3.41 182 377 333 362 204 
-0.3518 0.5212 -0.1357 0.7656 133.81 36.31 62.88 5.10 3.29 -2.86 -0.3700 10.1800 -5.8700 -7.2856 3.8144 2.1900 3.51 -9.14 0.49 173 380 340 368 207 
-0.1362 0.3903 -0.6758 0.6102 157.00 15.31 112.25 3.70 -3.08 -11.57 -0.3100 3.6200 -8.9000 -2.9200 0.2278 0.5433 2.12 -7.41 -6.05 175 380 346 369 206 
-0.0922 0.3820 -0.8117 0.4322 152.12 9.31 125.62 1.35 -4.04 -13.09 1.8400 4.6900 -7.5100 4.9189 0.1700 -0.3778 1.64 -9.20 -2.95 172 349 324 352 202 
-0.2419 0.2977 -0.6216 0.6830 137.31 2.75 73.62 4.35 4.67 -1.51 3.6100 13.6100 -6.7100 8.5844 -0.9078 3.2000 -1.02 -5.01 8.36 183 367 343 386 208 
-0.5306 -0.0504 -0.0522 0.8445 110.56 -8.75 -11.81 -5.93 18.18 19.16 -5.0200 12.7500 11.8900 3.2889 -1.0522 2.6244 -0.57 5.02 8.40 191 378 354 386 211 
-0.6223 -0.1954 0.2081 0.7289 100.56 0.37 -31.25 -3.10 6.76 14.32 -3.9200 2.8400 4.5400 -2.8567 -2.4089 -1.7556 1.38 3.16 9.17 185 359 246 225 158 
-0.5112 0.1130 0.1623 0.8364 119.19 28.94 -5.37 8.55 3.10 7.62 3.3400 3.4000 -1.1000 -3.2844 -9.1811 3.2678 9.08 -2.78 2.44 136 387 190 167 115 
-0.4675 0.7328 0.1935 0.4550 76.00 50.13 113.87 3.67 -3.36 -1.09 -4.0700 2.6200 2.7600 1.6178 -3.5289 2.4967 4.61 -7.78 -3.76 122 412 189 169 115 
-0.5653 0.7893 0.2020 0.1288 25.56 25.56 109.25 2.02 -6.57 -2.97 -1.7100 1.4100 -0.9400 1.2056 1.0122 -0.4456 4.60 -8.50 -1.64 128 422 190 171 117 
-0.6404 0.7230 0.2161 0.1431 22.87 29.37 98.75 7.60 -7.18 -0.61 2.4600 0.7800 0.3800 1.3722 -1.1000 -0.5167 5.06 -8.35 -0.78 129 424 200 176 122 
-0.6926 0.6451 0.3026 0.1122 18.25 33.56 91.75 6.38 -7.02 -0.19 -0.5500 0.5100 -0.6000 -1.8856 -0.7911 0.3500 5.23 -8.20 -1.21 137 421 203 183 124 
-0.6333 0.7169 0.2511 0.1479 27.37 32.19 97.25 7.82 -8.73 -6.91 -15.0000 8.6200 15.3100 -0.6033 -2.1744 0.2944 5.26 -8.27 -0.15 128 410 200 185 124 
-0.6646 0.6949 0.1935 0.1951 34.50 31.87 94.69 5.21 -4.26 1.05 0.9000 3.7100 2.1100 -3.1400 -0.1822 -0.9122 5.76 -7.45 -2.70 149 407 218 206 147 
;
