-0.0305 0.4758 0.1371 0.8683 175.31 56.56 -22.12 8.67 2.08 4.96 0.0100 0.0600 0.1200 0.6678 0.3333 0.2567 8.11 2.09 5.09 181 307 307 328 189 
-0.0718 0.4614 0.1673 0.8683 169.75 55.50 -24.19 8.18 2.30 4.86 0.2500 -0.0500 -0.2100 0.5156 0.1511 -0.0644 8.03 2.51 5.02 179 332 316 349 194 
-0.0860 0.4490 0.1956 0.8676 168.81 53.69 -26.44 8.58 2.90 5.47 1.0900 0.4700 0.2700 0.1178 0.6233 -0.2578 7.60 2.82 5.50 175 342 325 362 206 
-0.0776 0.3881 0.2247 0.8904 170.31 43.94 -29.25 7.98 4.42 7.61 0.6800 0.8800 1.3700 -0.2456 2.9678 -0.4856 4.98 3.57 7.64 180 318 313 343 209 
-0.0972 0.2385 0.1851 0.9484 166.94 31.00 -16.44 3.57 0.87 7.50 -2.0800 -0.3400 -0.8200 -1.4622 -2.6311 2.1267 6.85 0.32 7.00 204 191 187 200 136 
-0.2026 0.4806 0.0383 0.8524 148.06 62.56 24.25 -4.93 -0.50 0.71 -18.0200 8.2200 2.8900 0.6100 -7.1433 1.6711 9.00 -3.51 -1.68 206 159 175 176 110 
-0.1505 0.7875 0.1509 0.5784 163.31 71.37 -168.94 25.33 -1.19 -11.90 11.9100 -3.2800 -7.3300 -0.3811 -1.0011 1.7622 9.19 0.33 -3.39 213 168 176 184 113 
-0.0629 0.7877 0.1116 0.6025 168.69 77.44 -169.37 8.14 0.81 -0.63 -1.7200 0.3800 1.0500 -0.1133 0.4233 0.4144 9.67 0.14 -1.61 206 168 182 187 115 
-0.0698 0.7575 0.0825 0.6438 168.44 80.75 175.37 14.67 1.87 -3.25 6.8200 2.2400 -2.7400 -2.2533 0.4644 1.8711 9.64 -1.05 -1.44 164 199 201 223 147 
-0.0545 0.7359 -0.1160 0.6649 165.44 68.12 103.06 13.51 -0.94 -1.79 2.1800 5.2000 -2.0900 -2.7744 4.9322 5.8144 6.17 -7.55 0.96 113 247 255 265 180 
-0.1768 0.3862 -0.5483 0.7203 149.75 15.25 85.56 -1.61 -1.45 -3.19 -3.8300 6.4300 -3.3400 -1.1989 2.3156 4.5300 -1.19 -9.71 -0.51 109 239 248 242 155 
-0.2432 0.0847 -0.7473 0.6125 135.62 -17.56 99.69 -9.60 -7.92 -1.54 -5.8400 1.0600 0.6700 -0.1811 -0.6744 -0.9244 -2.63 -9.30 -1.62 113 237 241 239 157 
-0.2496 0.1317 -0.7436 0.6062 135.12 -11.00 97.75 -2.77 -9.42 -2.30 -2.0500 0.3000 -1.4000 0.3511 -1.4122 -0.6644 -1.39 -9.66 -0.91 117 233 245 242 163 
-0.2742 0.2737 -0.6802 0.6222 132.12 5.00 94.00 -2.96 -4.10 -7.20 -4.2600 6.0500 -7.1900 0.6867 -8.7400 -6.3389 4.42 -8.52 -2.00 123 223 232 242 159 
-0.3369 0.7974 -0.2433 0.4376 94.00 31.44 124.50 13.94 -6.05 -8.28 6.9300 0.7200 -0.9700 1.5700 -2.1800 -0.8867 4.66 -6.88 -5.19 120 231 245 254 168 
-0.3920 0.8762 -0.0215 0.2794 71.56 28.62 127.75 5.29 -6.00 -6.12 0.8500 0.5700 -0.8100 0.2033 -0.1667 -0.2722 4.84 -6.68 -5.29 120 235 249 262 171 
-0.3833 0.8748 -0.0162 0.2960 77.06 30.62 127.81 6.88 -4.62 -0.41 2.0900 2.5800 6.4400 -1.7522 1.0100 0.7122 5.01 -6.37 -5.51 130 259 264 286 195 
-0.2870 0.8904 -0.1231 0.3312 108.56 32.63 140.25 0.99 0.99 0.14 -4.5500 7.3500 4.4400 -0.8667 -3.1156 -1.4744 5.01 -3.95 -7.44 179 290 293 318 219 
-0.1487 0.9360 -0.1198 0.2959 197.25 30.87 162.06 7.88 -6.37 -20.34 4.1800 -3.2100 -9.7300 -2.7556 0.7778 1.0011 4.63 -0.62 -8.61 198 319 287 354 229 
0.0905 0.9387 -0.2352 0.2351 208.44 31.06 -173.44 3.75 1.10 -7.09 -0.9900 -0.3900 0.5700 -0.9978 -0.1022 0.0367 5.10 1.69 -8.20 208 331 297 364 228 
0.1707 0.9230 -0.2598 0.2268 212.00 30.37 -166.75 7.31 0.41 -17.15 3.5700 -2.3400 -10.1600 1.0556 -1.0000 1.1100 4.52 1.20 -8.61 207 323 295 355 227 
0.0421 0.9185 -0.3245 0.2220 221.25 27.50 162.69 6.71 1.75 -18.58 -1.9700 11.0200 1.9400 11.0978 3.5600 2.0956 5.27 -7.91 -2.38 211 432 370 428 227 
-0.4332 0.6694 -0.2863 0.5312 99.44 25.31 90.81 -0.66 0.38 -0.86 -4.3000 8.3300 0.3000 0.5489 1.0133 0.6789 3.61 -9.09 0.65 212 436 381 432 227 
-0.4720 0.5839 -0.3289 0.5728 101.81 20.75 83.25 1.04 -6.12 3.04 -2.5400 2.2800 1.9400 0.0233 0.2633 -0.0733 3.48 -9.08 1.17 211 441 375 432 227 
-0.4569 0.5731 -0.3400 0.5892 104.50 21.56 83.56 2.27 -8.31 1.10 -1.3000 0.8300 -0.1200 -0.2978 -0.0756 -0.6333 4.04 -8.90 0.70 217 433 364 429 226 
-0.4127 0.6107 -0.3221 0.5941 112.12 29.56 87.87 3.30 -5.05 -1.37 -2.1900 3.4100 -0.9000 0.6867 0.7944 -2.0289 5.94 -7.76 0.74 203 360 290 304 215 
-0.3186 0.6009 -0.2297 0.6962 138.19 43.25 64.19 0.74 -5.88 1.93 -3.0400 1.1500 0.1200 5.1267 3.5411 -2.6267 5.86 -3.48 7.04 214 334 306 304 216 
-0.2061 0.3047 -0.0254 0.9295 158.12 31.62 6.50 6.29 0.11 12.97 0.9200 0.4000 4.8500 1.3722 1.8100 -1.7578 4.01 0.54 8.93 210 345 329 312 216 
-0.1124 0.1974 0.0709 0.9713 167.00 27.06 -5.56 6.63 0.06 8.73 1.7200 -0.6900 0.3800 -0.4478 -1.6400 0.2333 5.79 0.45 7.89 208 334 316 325 214 
-0.1073 0.3121 0.0562 0.9423 167.50 37.81 -2.62 6.29 0.57 8.54 0.2900 0.2700 0.8800 -0.5533 -1.0244 -0.2122 6.52 0.16 7.31 199 333 323 325 211 
;
