0.0897 0.1333 0.2678 0.9500 190.75 11.75 -32.94 1.84 5.30 8.16 -0.1800 0.0400 0.1000 0.0278 -0.0144 -0.0367 1.97 5.24 8.04 174 364 368 392 210 
0.0908 0.1310 0.2693 0.9498 190.87 11.50 -33.13 1.92 5.33 7.98 -0.0200 0.0600 0.0400 0.0056 0.0811 -0.0167 1.91 5.25 8.05 174 366 368 393 210 
0.0876 0.1243 0.2744 0.9495 188.94 9.94 -35.50 3.66 7.95 10.97 -0.0300 4.5700 5.3900 3.4411 1.8089 0.7578 1.10 7.35 6.38 185 341 324 406 215 
-0.0598 0.1106 0.3714 0.9199 166.56 25.56 -42.50 8.35 6.83 8.03 2.8000 0.6400 2.5900 -0.2789 -5.0811 5.9722 8.45 2.95 3.99 206 167 185 185 158 
-0.3217 0.5126 0.2853 0.7432 124.87 72.44 -1.69 6.17 2.51 1.57 -5.2600 0.6100 -1.5100 0.2200 1.3478 3.1389 8.92 -2.00 3.53 210 168 183 187 142 
-0.5129 0.5484 0.2216 0.6222 98.25 67.00 47.25 -9.10 -1.29 -2.63 -18.6000 3.7900 -4.5500 1.3344 -2.1967 -4.6778 9.76 0.00 0.92 208 174 185 186 140 
-0.3561 0.4687 0.4798 0.6506 125.69 67.31 -80.94 25.20 10.87 3.78 13.4100 5.6600 3.8400 0.6156 -0.3789 0.3422 9.02 3.82 -0.15 209 177 190 195 145 
-0.3418 0.4488 0.5504 0.6155 121.37 68.81 -89.44 8.48 5.74 1.99 -0.2200 2.4200 1.7200 -1.1211 -0.1867 0.9800 9.35 2.94 0.14 209 182 183 205 165 
-0.3434 0.5407 0.4697 0.6075 118.75 81.50 -118.12 9.76 4.06 -0.91 -1.8800 2.4400 -0.8100 1.0956 -3.6433 3.7144 9.25 -1.30 -2.97 207 351 349 389 223 
-0.3695 0.7949 0.3886 0.2838 138.50 32.69 149.19 -0.34 1.72 -3.38 -8.9200 3.7200 1.5300 -3.9078 -1.6133 3.6000 2.37 -2.27 -9.24 199 318 302 358 227 
-0.0438 0.9886 0.1126 0.0902 168.31 10.88 -178.81 3.17 -0.03 -13.21 0.0500 -1.2400 -4.7000 -2.4456 1.3300 -0.8322 2.54 2.14 -9.22 203 304 269 339 222 
0.1144 0.9736 0.1228 0.1549 165.19 16.56 -163.94 3.77 1.84 -9.31 0.3200 -1.0600 0.0200 -0.0267 0.3478 -0.0356 3.06 2.60 -8.94 202 315 279 343 223 
0.1104 0.9675 0.1360 0.1822 163.62 18.94 -164.00 8.09 -0.33 -15.06 6.0300 -3.0600 -8.8200 1.8189 0.3444 -0.0422 3.46 1.51 -9.04 205 381 309 374 227 
-0.0854 0.9548 0.1488 0.2428 160.94 34.38 153.31 4.52 4.85 -10.82 -4.1200 14.8600 -1.9900 6.9244 3.4089 4.2078 4.90 -8.37 -1.40 212 425 357 422 225 
-0.6685 0.6899 0.0048 0.2777 44.81 20.44 83.50 -2.30 1.44 1.66 -4.8600 9.6300 0.2800 0.0444 0.8378 -0.0622 3.14 -9.17 1.46 212 424 371 422 225 
-0.6868 0.6580 -0.0466 0.3055 49.56 20.81 83.25 2.40 -6.90 0.60 -0.9500 1.7300 -0.6600 -1.0844 -0.4844 -0.9022 4.09 -8.90 0.23 207 414 350 399 222 
-0.6080 0.7257 0.0036 0.3220 57.81 30.37 97.62 2.75 -4.24 -1.52 -2.9700 4.1600 1.1100 -1.2778 -0.9533 -2.0911 6.20 -7.18 -2.45 194 304 277 322 219 
-0.4692 0.7808 0.1680 0.3767 82.62 55.38 117.87 8.19 -3.99 -8.89 3.0800 -0.9800 -6.3500 3.6133 1.0433 -7.0722 9.69 -0.79 -1.22 200 331 331 392 222 
-0.4327 0.5053 0.5238 0.5320 102.81 80.19 -140.50 13.46 3.14 3.65 1.6000 0.9400 3.9800 -2.7322 -7.4500 6.4411 7.61 -2.04 -5.82 201 302 268 311 223 
-0.1880 0.9166 0.3246 0.1387 151.19 13.38 171.56 -0.90 0.40 -5.76 -2.0800 4.3200 1.4100 -3.7489 -0.4067 1.6011 1.73 1.35 -9.55 204 271 276 320 225 
0.0771 0.9763 0.1556 0.1291 161.87 13.19 -168.12 1.42 2.52 -12.12 0.8300 0.8600 -2.2500 0.4200 0.2378 -0.2778 2.38 1.80 -9.33 205 288 294 336 227 
0.0649 0.9725 0.1726 0.1419 160.00 14.63 -169.81 3.10 1.52 -9.13 0.5300 -0.0600 0.0800 0.1533 0.1178 0.1833 2.50 1.53 -9.35 202 294 296 341 227 
0.0488 0.9757 0.1589 0.1426 161.69 15.31 -172.12 4.17 2.22 -9.74 1.8500 1.0100 -0.9200 0.8178 0.6278 -0.2267 2.96 0.78 -9.31 204 297 286 330 227 
;
