0.7346 0.3041 0.1981 0.5734 284.44 2.75 -41.88 0.41 5.98 7.61 -0.2400 -0.5200 0.2200 -0.3156 0.1022 -0.1311 0.27 6.35 7.46 167 405 370 399 221 
0.7463 0.2804 0.1929 0.5720 285.06 2.19 -39.38 1.69 7.08 7.93 1.5900 1.1400 0.3300 0.2211 0.8311 0.2556 0.00 6.38 7.44 175 414 357 400 226 
0.7056 0.2545 0.2646 0.6061 274.69 -5.62 -44.63 -0.95 8.33 8.62 -0.7800 1.5600 2.2400 2.0644 3.4289 3.7589 -0.66 7.88 5.79 185 330 319 329 221 
0.4383 0.3214 0.3365 0.7690 232.62 22.75 -52.88 8.67 9.26 7.06 3.3200 1.7400 1.0000 -1.6100 -1.0656 5.4900 7.05 4.18 5.37 212 190 187 190 149 
0.1351 0.4901 0.0335 0.8605 185.69 64.69 -5.37 -1.32 1.53 4.96 -11.9400 2.4600 2.1800 -0.0344 -3.6444 3.5133 9.27 -2.75 1.60 215 179 170 181 129 
-0.0907 0.7202 -0.1087 0.6793 178.37 77.25 139.31 14.06 8.01 -20.66 15.2700 7.0200 -21.4600 -0.6922 -0.5111 -4.6611 9.11 2.93 -2.12 208 178 171 182 126 
0.1920 0.7953 -0.0172 0.5747 214.56 67.94 -136.06 11.11 3.20 -0.61 0.9800 1.4000 2.3800 -0.0122 1.4333 0.1878 9.35 2.36 -1.76 211 182 176 188 134 
0.1777 0.7585 -0.0599 0.6241 210.69 75.50 -153.94 23.32 8.69 -3.44 13.4300 8.5300 0.1400 -1.7478 1.5500 5.6200 9.31 -2.18 -2.16 216 297 264 275 193 
0.1013 0.5754 -0.4472 0.6772 194.56 48.88 91.62 -1.78 6.86 -7.71 -6.9300 14.4100 -4.9300 -4.3311 1.4967 8.5233 1.78 -9.37 -2.26 208 394 337 364 218 
-0.0637 0.0573 -0.8058 0.5860 165.56 -7.25 110.00 -8.68 -5.15 -8.86 -7.2600 3.2400 -5.2300 -0.3022 0.8089 1.8856 -2.52 -8.63 -3.90 204 398 348 383 222 
-0.0888 -0.0989 -0.8246 0.5499 164.44 -12.50 109.56 -9.17 -2.07 -8.15 -7.8300 8.0700 -6.4400 5.2333 -0.2144 -4.9678 1.18 -9.72 0.38 206 391 358 413 229 
0.1345 0.1635 -0.5104 0.8334 204.69 30.94 38.25 5.63 17.05 -0.95 3.4400 22.8400 -5.7800 13.4944 3.7067 -4.3444 2.93 5.46 7.59 216 407 362 420 230 
0.2321 0.2449 0.3915 0.8561 210.25 12.19 -59.88 3.18 20.81 13.21 1.3300 8.5500 8.5800 0.0300 -2.1733 1.4489 3.09 8.36 4.07 213 404 367 418 230 
0.2247 0.3497 0.3967 0.8185 211.69 25.12 -59.06 7.01 10.46 7.94 2.9500 2.9300 3.3100 -2.3056 -2.5833 1.9844 5.85 6.29 4.71 216 399 373 415 233 
0.2098 0.5156 0.1609 0.8151 203.81 58.63 -46.44 12.75 -2.15 1.23 3.5500 -5.2300 -1.4100 3.1611 -0.7156 2.4711 9.26 2.36 2.17 215 433 375 421 237 
-0.0450 0.6180 0.1533 0.7697 167.12 74.25 -35.75 7.15 0.02 -5.66 -3.3900 0.1000 -7.2100 3.2689 1.7889 1.4444 9.19 1.23 3.17 218 436 380 422 237 
-0.2775 0.4944 0.2493 0.7850 136.94 64.44 -14.50 2.16 4.93 3.09 -6.2400 4.6200 -0.3200 -0.5833 0.0856 0.3267 8.72 0.75 4.40 214 440 371 416 233 
-0.3160 0.4672 0.2318 0.7926 139.25 61.88 -7.06 10.76 7.89 2.75 2.1500 7.2200 -3.1500 -2.9689 1.0278 0.5322 8.34 -0.61 5.11 209 381 360 412 230 
-0.2407 0.4879 -0.0012 0.8391 149.19 51.19 36.63 9.01 -5.89 -5.06 -0.4100 -3.4000 -8.3000 -6.2622 1.5022 3.7811 5.54 -7.34 3.39 184 252 242 334 217 
-0.2162 0.3828 -0.4424 0.7817 155.69 20.62 70.75 -7.36 -15.36 2.88 -7.1000 -4.8200 -0.1900 -1.1444 1.2744 -0.4333 3.24 -8.94 2.37 194 272 250 341 213 
-0.0588 0.2696 -0.5650 0.7776 172.06 21.56 76.81 1.33 -8.06 0.86 -2.1500 1.1700 -1.0600 -0.0300 -0.5944 -0.8633 4.23 -8.63 1.92 190 292 272 349 213 
-0.0170 0.3319 -0.5410 0.7725 182.50 32.06 75.50 1.31 -6.07 -5.20 -6.1100 2.0700 -8.0800 2.8067 6.2744 -3.6900 5.55 -5.67 5.75 193 340 348 411 229 
0.3226 0.2495 -0.2120 0.8881 225.12 32.56 1.00 2.44 8.04 4.91 -5.3500 7.5300 -0.8500 8.4456 4.3278 -6.7600 0.31 7.15 6.70 215 411 353 428 229 
;
