0.8190 -0.0855 -0.4800 -0.3025 40.50 56.88 -16.00 8.20 1.48 5.18 -0.0400 -0.0300 0.0300 0.0056 -0.0311 -0.0144 8.22 1.48 5.12 183 353 347 367 209 
0.8178 -0.0860 -0.4818 -0.3028 40.63 57.19 -16.19 8.24 1.44 5.10 0.0000 -0.0500 0.0200 0.0000 -0.0278 -0.0022 8.25 1.48 5.08 182 353 348 367 210 
0.8167 -0.0866 -0.4836 -0.3028 40.69 57.50 -16.31 7.96 1.48 5.08 -0.8400 0.1000 0.1000 -0.1378 -1.1678 0.2722 8.58 1.29 4.55 200 336 316 353 208 
0.7823 -0.1660 -0.5236 -0.2939 43.38 71.06 3.69 14.52 -0.36 6.61 6.6100 -0.3400 2.3700 -5.1433 -1.4911 -0.3178 9.66 -1.23 1.13 210 161 166 178 115 
0.5863 -0.4589 -0.5575 -0.3671 61.13 80.94 114.87 10.65 2.45 -0.84 -0.3100 2.3800 -0.7100 0.8511 0.9878 1.5744 9.47 -2.53 0.00 213 169 175 183 114 
0.6470 -0.4653 -0.5412 -0.2684 45.81 72.12 95.62 -2.75 -1.49 3.43 -8.6800 2.7200 1.0900 -1.4267 0.5100 -2.4856 9.69 -1.44 -0.24 213 173 178 188 118 
0.5809 -0.4377 -0.5760 -0.3730 64.75 83.75 174.87 13.84 -0.99 -1.17 2.5000 0.1200 0.3100 0.1311 -0.8311 1.4400 9.52 -1.95 -1.27 213 182 188 201 132 
0.5824 -0.5084 -0.5814 -0.2537 36.06 63.13 121.56 9.31 -6.66 -2.77 2.0100 -4.3000 -0.4900 2.7733 -5.0111 2.8867 6.36 -6.18 -4.16 122 377 186 191 130 
0.5687 -0.5660 -0.5901 0.0897 336.87 30.81 108.81 3.04 -7.84 -3.64 -3.0300 0.6800 -1.3600 2.4556 0.7644 2.0244 3.51 -9.09 -1.02 106 388 181 177 117 
0.6694 -0.5566 -0.4315 0.2363 320.87 17.25 86.62 1.05 -6.02 0.96 -2.3200 3.3600 -0.3500 0.8433 0.7622 0.0578 2.70 -9.31 1.45 113 382 181 178 117 
0.7290 -0.5264 -0.3658 0.2401 324.12 16.44 78.75 2.04 -7.95 -0.87 0.0500 -0.5300 -7.3400 1.1622 -0.1356 0.0511 2.86 -9.04 2.48 113 376 183 177 118 
0.7925 -0.4235 -0.3238 0.2963 314.12 13.00 54.00 5.45 6.02 16.01 3.1100 14.0300 11.8900 3.8433 -0.5056 1.2667 1.75 -5.54 7.89 117 385 188 186 122 
0.8483 -0.2347 -0.2125 0.4244 310.31 10.81 38.88 2.26 -1.68 4.54 -0.0700 3.6800 -3.2600 -2.2711 -0.1111 -1.9833 2.83 -6.93 6.33 138 360 219 213 153 
0.8500 -0.3333 -0.3271 0.2438 334.12 28.00 54.44 3.04 -5.62 -1.79 -2.3500 0.7300 -6.1700 -1.2533 2.6344 -5.5144 6.51 -4.96 5.39 164 295 290 298 188 
0.8943 -0.2051 -0.3759 -0.1298 20.37 48.63 12.38 9.36 0.47 6.75 1.5500 2.0200 3.6200 1.1311 -1.3456 -1.0567 7.94 0.28 5.74 162 327 340 399 210 
0.8495 -0.0649 -0.4891 -0.1867 24.25 62.38 -9.75 13.99 3.87 9.54 5.4000 1.8500 5.3800 -0.9033 0.6567 -0.2767 8.69 0.70 4.48 163 347 346 397 211 
;
