0.1687 0.4055 0.2360 0.8668 202.00 38.56 -44.25 6.14 5.27 5.42 0.0300 -0.1200 0.0000 -0.0044 -0.0022 -0.0067 6.11 5.35 5.49 187 409 363 359 220 
0.1661 0.3972 0.2371 0.8709 200.69 36.31 -42.56 6.12 5.36 6.43 1.1900 0.1900 0.7900 -0.1022 2.1578 -0.0844 4.87 5.35 6.61 194 424 356 348 187 
0.1333 0.2460 0.2715 0.9209 196.00 15.69 -37.88 2.48 9.37 11.31 1.8100 2.0000 4.1100 -0.7356 2.0511 0.1489 1.10 5.49 8.04 201 342 346 350 213 
0.0568 0.1007 0.2630 0.9578 185.25 12.88 -29.56 3.23 4.18 7.52 0.1200 0.9500 0.4200 -2.0678 -2.6033 4.1956 5.52 2.13 7.81 202 196 188 207 179 
-0.1409 0.3632 0.1149 0.9138 154.81 51.06 -4.12 3.31 0.77 3.45 -5.3600 1.4300 -1.8100 1.6144 -1.5167 2.0533 8.46 -0.66 4.90 207 173 180 195 127 
-0.3236 0.5280 0.1464 0.7714 132.56 70.62 25.44 -9.28 0.62 0.52 -15.5900 5.9000 -1.5100 -2.2633 -2.6644 -4.1611 9.75 0.96 0.02 216 178 174 198 128 
-0.0573 0.6848 0.2967 0.6632 172.94 67.56 -110.87 23.41 5.22 -2.77 9.3700 1.4100 1.2300 0.1567 -0.2567 1.1944 9.17 2.87 -1.95 208 178 182 203 133 
-0.0666 0.7039 0.2909 0.6446 167.75 72.06 -117.19 8.06 2.65 -0.04 -1.4800 -0.0800 1.0600 -0.5489 0.3500 0.3511 9.44 2.46 -0.98 210 181 186 203 128 
-0.0643 0.6990 0.2419 0.6700 172.06 74.62 -116.44 11.46 3.69 -2.06 2.5000 2.2600 -0.1600 -2.6511 -1.1033 0.5700 9.38 2.37 -1.56 173 373 182 212 143 
0.0535 0.7194 0.0995 0.6854 190.94 78.12 -60.63 12.67 4.41 3.99 1.7000 4.1500 -0.8600 -8.6867 8.4056 2.4344 6.99 -2.29 6.47 200 414 176 194 120 
0.1676 0.1409 -0.3641 0.9053 203.19 13.13 45.00 -1.68 -3.77 1.34 -0.6800 2.4400 -4.9800 -0.6689 2.8433 -0.8978 0.93 -7.16 6.62 178 424 184 199 126 
0.3136 -0.0978 -0.3765 0.8662 222.44 3.44 43.88 3.57 -4.10 5.27 3.5400 3.2600 -0.0800 1.6789 0.3722 -1.0356 0.76 -5.83 7.84 177 431 184 200 128 
0.3811 -0.0627 -0.2758 0.8802 225.44 6.75 30.62 7.35 -7.64 10.94 4.7400 -3.3500 2.9600 0.4756 -1.2833 1.5500 1.43 -4.76 8.45 176 426 191 203 129 
0.2573 0.0007 -0.2741 0.9266 207.06 7.50 32.94 -1.32 -7.94 16.15 -3.4200 -1.9100 7.6400 -2.4411 -0.6556 2.0389 0.74 -6.73 7.08 181 424 198 205 132 
0.1019 -0.0417 -0.4366 0.8929 191.87 -1.12 57.06 -4.91 -3.07 6.42 -5.0400 5.9200 1.5000 -2.7567 0.9611 -0.6767 -0.28 -9.19 3.40 178 424 193 204 130 
0.1535 -0.0953 -0.6060 0.7747 207.87 5.12 78.44 -1.08 -2.44 0.27 -1.7500 6.8000 -1.6300 -0.8278 2.3367 -2.1111 2.33 -9.41 1.44 178 425 199 204 130 
0.3867 -0.1288 -0.6188 0.6715 246.94 20.69 73.87 9.62 0.46 3.26 6.5600 8.4300 0.3000 1.7856 2.3311 -1.6411 4.00 -7.95 4.10 185 423 199 204 131 
0.5602 -0.0792 -0.4653 0.6807 257.87 24.06 49.06 13.81 -4.88 6.15 10.0800 1.1000 1.2900 3.6844 -1.0233 1.7244 3.73 -5.21 7.41 180 425 196 209 135 
0.4261 0.0605 -0.3141 0.8462 228.62 21.62 31.19 -1.45 -9.52 17.01 -5.4900 -4.1200 7.9000 -0.9844 -2.2711 2.2544 3.91 -5.78 6.88 197 412 194 208 132 
0.2495 0.1167 -0.3997 0.8743 211.62 23.69 45.69 0.99 -3.57 6.08 -2.5900 3.0300 -0.0400 -0.1289 0.5356 -0.3756 3.88 -6.43 6.29 193 398 193 199 132 
0.2396 0.1428 -0.4187 0.8643 199.44 34.31 53.13 7.82 -5.17 -7.24 0.9000 2.6500 -10.9700 1.0311 -19.0378 -1.4489 6.44 -5.87 -4.49 148 397 196 198 128 
-0.2520 0.8654 -0.2594 0.3467 101.94 27.12 132.81 4.17 -6.56 -6.75 0.9000 0.3900 -0.2500 2.0056 -0.4478 -0.0044 4.03 -7.27 -5.19 142 408 194 203 125 
-0.3923 0.8358 -0.1847 0.3367 81.62 26.06 117.56 5.41 -7.93 -4.15 -1.3200 -0.4500 -0.5300 2.2867 2.6211 -0.2678 5.14 -8.18 -1.62 153 421 197 207 133 
-0.4846 0.7133 -0.1624 0.4796 86.50 31.62 91.69 5.91 -6.58 -2.23 1.3700 1.7600 -1.8600 5.0800 0.9522 -0.4689 5.41 -7.83 2.32 159 430 193 215 135 
-0.6131 0.6306 -0.0298 0.4750 76.50 33.06 78.56 3.98 -8.41 0.43 0.9600 -1.0900 -3.3100 -1.5700 -1.7233 0.9378 4.94 -8.46 -0.17 160 423 205 214 137 
-0.5962 0.6530 -0.0645 0.4626 72.81 33.50 77.06 10.05 -6.29 6.51 1.4000 1.2700 3.0700 -0.7956 1.5200 -0.1089 5.29 -8.12 1.42 164 427 204 215 140 
-0.5906 0.6694 -0.0532 0.4476 75.44 32.56 87.12 3.64 -4.08 4.25 -1.6800 3.8400 3.7900 -3.5222 0.1300 -1.0178 5.75 -7.78 -1.55 172 424 210 215 147 
-0.3652 0.7946 -0.1164 0.4708 121.75 47.50 120.31 10.78 -1.29 -4.36 3.2800 4.1400 -1.7000 -5.2533 8.1933 -3.9400 9.59 -1.96 0.43 169 387 261 295 185 
;
