-0.3325 0.0155 0.3838 0.8613 137.75 16.25 -42.69 2.78 6.39 6.90 0.0000 -0.0200 -0.0100 -0.0233 0.0700 -0.0322 2.69 6.38 6.94 180 334 323 318 208 
-0.3328 0.0099 0.3810 0.8625 137.75 15.56 -42.44 2.60 6.30 6.92 -0.2100 -0.0600 -0.0200 -0.0300 0.1222 -0.1411 2.49 6.38 7.01 178 330 309 311 208 
-0.3248 -0.0018 0.3735 0.8689 139.37 13.06 -42.00 2.85 6.90 7.69 1.9200 1.1300 1.0500 -1.0133 0.3667 0.2978 2.05 5.97 7.49 187 273 279 263 189 
-0.3723 -0.0266 0.2531 0.8925 131.12 3.50 -21.69 -1.04 0.57 13.10 -1.3900 -3.0900 4.2200 -2.3456 -2.0178 -0.2289 1.85 1.75 9.46 208 154 161 168 121 
-0.3721 0.2023 0.2065 0.8820 131.62 47.13 -20.94 12.74 6.47 8.54 2.4100 4.1800 3.4700 0.2756 -2.6056 4.4856 9.11 0.10 3.60 209 168 180 177 125 
-0.4880 0.5170 0.2898 0.6407 102.37 71.75 34.88 -10.49 -3.39 1.24 -23.7700 -0.6200 0.8500 -0.9511 -4.0433 -1.6333 9.67 -1.46 -0.68 208 169 167 179 127 
-0.3007 0.6403 0.4125 0.5740 135.75 73.31 -131.94 30.07 7.63 -12.59 15.4100 1.3600 -5.3100 0.4800 -0.4944 0.9044 9.23 2.18 -2.49 207 174 186 181 128 
-0.2379 0.6521 0.4406 0.5692 134.00 72.81 -142.12 8.93 2.20 -0.57 -1.2100 0.4500 1.3900 -0.3211 0.1622 0.0856 9.42 1.74 -2.08 208 176 183 185 131 
-0.2298 0.6564 0.4164 0.5856 138.19 73.25 -137.50 8.62 1.97 -3.02 -0.6600 -0.1300 -1.1400 -0.0567 -0.1322 -0.3222 9.31 2.16 -2.18 208 181 182 186 131 
-0.2020 0.6606 0.4222 0.5870 142.37 70.62 -135.50 12.52 4.99 -3.83 5.9700 2.6100 -3.4400 0.9444 -1.5144 1.0400 9.15 1.39 -3.21 194 338 192 188 138 
-0.3464 0.6444 0.4288 0.5299 104.50 86.25 177.56 -0.47 -0.06 6.28 -10.7400 0.7500 6.9100 0.7322 -0.9100 2.0356 9.67 -1.57 0.19 130 392 183 175 127 
-0.4899 0.5811 0.3912 0.5189 98.31 82.06 90.06 0.51 1.13 -4.76 -8.4800 2.3900 -4.8600 -1.7189 -1.5522 -1.9144 9.73 -0.04 -1.14 127 395 191 178 124 
-0.3082 0.6228 0.4312 0.5756 127.37 76.62 -135.37 17.26 4.88 -11.57 8.3400 3.4200 -8.8900 1.6722 -0.7311 0.1411 9.40 1.39 -2.40 127 393 192 179 128 
-0.3580 0.6127 0.5050 0.4915 99.94 76.44 -178.37 17.85 2.39 -0.02 8.4100 2.7700 2.2400 3.0322 3.1589 1.8389 9.69 -1.42 -0.31 135 397 195 184 131 
-0.6129 0.4913 0.4277 0.4473 70.81 67.87 40.13 4.24 -0.45 5.69 -6.3500 1.2700 3.0300 -0.1422 4.9978 0.4067 7.27 -2.70 5.99 140 397 200 188 132 
-0.7338 0.3453 0.1639 0.5617 75.00 36.81 26.12 -3.10 -3.59 6.41 -8.0900 0.9700 -0.7400 -1.6400 -0.8333 0.4667 5.99 -4.67 6.19 140 396 198 187 133 
-0.6833 0.4717 0.1200 0.5443 80.75 46.75 48.31 -0.40 2.10 0.18 -7.5100 7.6300 -5.3700 -2.8833 -1.9067 -3.2433 8.64 -3.94 2.41 137 392 195 187 131 
-0.4293 0.6166 0.2231 0.6211 117.25 80.31 57.25 14.06 5.94 -10.64 3.3800 4.8800 -11.4300 2.1356 -2.1522 -2.2867 9.76 0.85 -0.25 137 389 197 188 133 
-0.3329 0.5964 0.4536 0.5726 114.00 78.25 -150.50 21.88 2.13 -1.99 9.3600 1.9000 4.0600 3.3456 -0.2589 1.2278 -0.01 -0.01 -0.01 156 355 183 199 143 
-0.0001 -0.0001 -0.0001 -0.0001 -0.06 -0.06 -0.06 -0.01 -0.01 -0.01 -0.0100 -0.0100 -0.0100 -0.0011 -0.0011 -0.0011 -0.01 -0.01 -0.01 200 395 365 413 216 
;
