0.8371 -0.0455 -0.4773 -0.2634 34.94 55.38 -17.94 7.93 1.77 5.44 -0.1200 0.0500 0.1600 0.0022 -0.0233 0.0056 8.07 1.72 5.29 185 360 339 397 212 
0.8365 -0.0457 -0.4781 -0.2637 35.00 55.50 -18.06 7.99 1.74 5.41 -0.1000 0.0100 0.1600 -0.0144 -0.0578 0.0133 8.10 1.71 5.25 183 363 343 399 213 
0.8351 -0.0475 -0.4805 -0.2637 35.00 55.94 -18.00 8.02 1.71 5.34 -0.0900 0.0500 0.1500 -0.0178 -0.0833 0.0189 8.15 1.68 5.18 184 362 344 397 211 
0.8323 -0.0520 -0.4853 -0.2626 34.38 57.44 -15.38 7.88 1.91 7.10 1.2400 0.9900 3.4200 -3.3611 -1.0922 1.6533 8.65 -0.50 4.58 206 226 244 250 165 
0.7790 -0.3113 -0.4631 -0.2861 44.00 63.75 40.19 8.28 -2.30 1.94 0.5300 3.6600 -0.3500 -0.5989 -1.1233 -1.5022 9.18 -2.33 2.51 208 162 179 182 118 
0.7170 -0.3906 -0.4612 -0.3472 51.63 68.19 45.38 3.60 -3.07 -1.08 -6.2300 -0.6500 -3.5100 0.1700 -0.3822 0.2100 9.09 -2.81 2.33 210 172 182 191 124 
0.7065 -0.3810 -0.4800 -0.3539 57.63 73.37 23.25 13.97 3.15 4.04 7.7300 4.1700 1.8400 0.6044 -1.0056 -1.8611 9.56 0.70 2.03 210 174 185 194 128 
0.6443 -0.3014 -0.5622 -0.4218 66.00 79.06 -22.56 11.38 1.38 3.10 1.6700 0.8600 1.4300 -0.0822 -1.1844 1.8511 9.74 -0.35 1.07 209 211 213 235 161 
0.6716 -0.3821 -0.5419 -0.3306 45.25 71.00 56.69 12.27 -0.28 -0.37 0.4000 2.2100 -4.0900 -2.2400 5.2111 4.1878 6.08 -6.33 4.36 203 402 336 443 213 
0.7692 -0.5633 -0.0270 -0.3005 44.38 17.56 73.06 0.85 -4.48 -1.85 0.0200 5.0100 -5.1200 -4.7556 2.5444 2.6667 0.58 -9.72 -1.09 192 409 357 448 215 
0.5674 -0.7264 0.3115 -0.2308 43.25 -2.81 108.31 -3.32 -6.22 -11.78 -2.7300 3.4800 -10.3200 1.7267 0.1656 0.1122 -0.66 -9.43 -2.60 176 379 343 418 212 
0.6517 -0.6421 0.3003 -0.2700 43.81 -2.00 76.00 -0.74 1.87 -4.30 0.0400 11.3200 -4.8900 10.7578 -2.7289 -1.2633 1.74 -4.23 8.66 193 375 345 420 221 
0.9161 -0.0641 -0.1397 -0.3703 44.00 19.56 -6.12 8.27 7.13 18.31 4.8000 5.3700 8.9500 0.5600 -0.9878 0.0289 4.11 1.71 8.73 195 376 349 417 221 
0.9005 -0.0336 -0.2369 -0.3630 43.94 28.25 -3.62 4.61 -1.36 4.09 -0.0200 -1.8500 -5.2000 -1.2378 -0.8289 0.4144 5.20 -0.56 8.28 190 356 342 398 220 
;
0.8900 -0.1147 -0.2833 -0.3386 39.31 38.63 -3.19 6.36 1.81 9.06 0.5800 1.3600 1.2300 1.5378 -1.2056 0.5589 6.99 1.24 6.75 196 359 348 403 221 
0.8733 -0.0358 -0.4148 -0.2532 32.13 49.13 -14.00 6.47 5.24 17.76 -0.2400 2.4600 6.0600 -0.4078 -0.9089 -0.1011 7.64 1.29 6.00 184 353 346 388 214 
0.8539 -0.0591 -0.4432 -0.2664 35.00 52.63 -12.69 7.64 0.92 6.03 -0.0900 -0.1800 0.6300 -0.1378 -0.5211 0.0322 8.01 1.22 5.51 191 345 338 378 212 
0.8336 -0.0953 -0.4728 -0.2693 36.69 59.50 -4.75 9.06 2.89 10.02 1.6000 0.8800 3.6600 -5.2822 -2.5422 0.5944 9.15 -1.65 3.09 199 258 245 236 157 
0.7030 -0.3991 -0.4604 -0.3668 58.19 69.56 39.50 12.15 2.07 2.17 1.7900 1.7200 1.2900 0.7444 0.3544 -0.0667 9.25 -1.74 2.72 210 178 188 190 126 
0.7081 -0.3907 -0.4579 -0.3693 53.81 68.69 42.19 -0.05 -4.26 -1.53 -11.8600 -2.8500 -3.7500 0.4844 -0.8167 -0.7944 9.26 -2.16 2.36 208 185 197 195 132 
0.6819 -0.3730 -0.4871 -0.3983 63.69 76.31 15.88 17.62 1.77 2.16 6.8700 1.3800 -0.0100 -0.3144 -0.6733 0.1078 9.65 -0.42 1.69 202 185 198 199 136 
0.6429 -0.3823 -0.5181 -0.4149 65.56 79.19 22.00 10.26 -0.57 2.92 1.4700 1.0800 1.9400 -0.1500 -0.8411 0.8356 9.65 -1.21 1.23 211 260 239 261 177 
0.6426 -0.4479 -0.4822 -0.3922 61.56 70.87 61.06 13.82 0.15 3.01 1.6600 2.7400 -1.3600 -3.3689 2.3822 4.5478 7.50 -6.02 1.90 201 395 344 410 208 
0.6719 -0.6477 -0.1176 -0.3394 51.56 27.81 85.00 3.12 -3.52 -3.26 -1.3000 5.7100 -4.5700 -3.7078 4.1211 4.5811 0.94 -9.64 -1.46 202 410 356 446 214 
0.5291 -0.7237 0.3614 -0.2563 51.50 -2.12 110.69 -3.25 -5.46 -12.98 -2.9100 3.3300 -10.3100 1.9467 0.4556 -0.0478 -0.34 -9.40 -2.75 200 400 361 448 214 
0.6395 -0.6104 0.3190 -0.3415 55.38 1.75 71.25 -1.70 4.49 -3.20 -3.7300 14.3800 -8.5200 10.6289 -1.1022 -1.1922 1.63 -4.38 8.61 186 369 354 427 219 
0.8857 -0.1124 -0.1226 -0.4335 51.13 22.06 -6.62 6.93 10.13 18.81 3.2800 6.9600 10.5100 1.6578 -2.0144 0.1356 4.85 3.10 7.93 193 376 356 428 222 
0.8560 0.0308 -0.3279 -0.3986 50.06 33.94 -21.19 6.51 3.29 9.08 0.8000 0.4600 1.2200 -0.8611 -0.4489 0.3800 5.92 2.31 7.46 195 380 356 421 220 
0.8524 -0.0530 -0.3350 -0.3981 49.63 38.69 -9.06 5.88 -0.11 4.74 -1.6100 -1.1000 -2.4700 -2.4244 -2.4200 1.1600 7.16 -0.65 6.66 192 309 298 276 190 
;
0.7963 -0.2673 -0.4116 -0.3536 46.50 61.25 16.37 9.90 -1.44 3.82 -0.2700 -0.5700 -0.9100 2.2711 4.6122 -0.7311 7.08 0.07 6.77 202 371 344 413 217 
0.8581 -0.0961 -0.3842 -0.3268 40.19 49.38 -11.69 14.35 8.79 22.07 -1.0400 1.3500 3.1700 -0.4256 -0.2622 0.0056 7.49 1.24 6.19 185 379 352 411 216 
0.8451 -0.0840 -0.4249 -0.3134 40.94 51.06 -11.06 7.44 1.25 7.04 -0.2500 0.1300 1.1500 -1.1822 -1.0678 0.7478 8.03 0.54 5.60 195 335 325 375 216 
0.7990 -0.2298 -0.4490 -0.3275 48.75 63.63 22.94 11.82 -4.39 8.34 2.3400 -2.4700 3.7100 -1.6322 -0.4411 -1.3922 9.08 -2.21 2.94 210 180 194 189 127 
0.7028 -0.3903 -0.4576 -0.3800 53.50 70.00 40.00 1.77 -2.26 -0.82 -9.5900 -1.0300 -2.6300 0.5056 -1.2644 0.7333 9.30 -2.46 1.86 212 186 200 199 134 
0.6891 -0.3754 -0.5246 -0.3303 56.63 79.00 34.13 12.56 1.98 0.38 7.5600 3.3000 -1.6300 -0.0311 -1.0567 -1.2411 9.75 -0.04 0.96 210 197 206 205 140 
0.6293 -0.3622 -0.5701 -0.3843 62.13 84.56 1.94 11.30 0.39 3.47 1.8000 0.9900 2.8900 -0.6022 0.0700 1.1456 9.67 -1.27 0.92 208 261 248 270 184 
0.6573 -0.4704 -0.4747 -0.3484 52.81 65.56 72.19 14.06 -0.91 4.25 3.9400 4.1700 2.1400 -3.7422 4.8022 4.5200 6.56 -6.92 2.28 207 389 339 414 210 
0.6838 -0.6437 -0.0303 -0.3420 55.50 22.06 85.87 2.30 -3.51 -4.57 -0.9700 5.7400 -4.7100 -4.1878 3.6244 3.2978 1.46 -9.46 -2.12 198 400 341 437 211 
0.4793 -0.7231 0.3810 -0.3196 68.37 5.00 112.81 -1.77 -5.11 -12.01 -2.5400 4.0300 -9.1500 1.2844 -0.7078 -0.6467 1.07 -9.22 -3.15 195 394 354 445 212 
0.5971 -0.6613 0.2913 -0.3483 56.44 6.00 77.12 1.39 7.11 -4.59 1.2900 17.5300 -5.6100 12.7289 -2.4511 -0.7089 2.36 -3.99 8.63 197 356 359 443 219 
0.9026 -0.0607 -0.1613 -0.3943 46.25 21.12 -10.44 5.57 11.23 20.92 1.4400 8.2800 12.6400 1.7867 -1.5411 -0.3078 4.40 3.65 7.96 198 381 362 437 219 
0.8685 0.0469 -0.3126 -0.3819 48.38 31.37 -18.75 5.94 2.58 8.42 0.5100 -0.0300 -0.5900 -1.7167 -0.3856 0.4033 5.37 1.46 8.07 196 388 361 434 218 
0.8685 -0.0778 -0.2881 -0.3959 48.13 35.19 -4.37 5.10 -0.06 5.29 -1.0300 -0.5000 -2.9700 -0.4856 -1.1711 0.8467 6.40 -0.20 7.41 198 356 342 353 214 
0.8566 -0.1584 -0.3665 -0.3267 39.31 50.13 0.94 5.65 -0.83 5.15 -2.4000 -0.3500 0.8100 1.8956 -0.5856 -0.2311 7.88 0.84 5.77 199 369 348 400 217 
;
