0.8438 -0.0052 -0.4720 -0.2556 33.69 53.00 -22.69 7.75 2.29 5.57 -0.0500 0.0100 0.1200 0.0056 0.0211 -0.0044 7.82 2.28 5.45 185 366 350 387 216 
0.8445 -0.0046 -0.4707 -0.2554 33.63 52.81 -22.62 7.71 2.32 5.60 -0.0700 0.0100 0.1200 0.0022 0.0144 -0.0056 7.80 2.28 5.47 187 367 348 388 218 
0.8449 -0.0043 -0.4699 -0.2554 33.63 52.75 -22.62 7.71 2.28 5.54 -0.0700 -0.0100 0.0500 -0.0400 0.0256 -0.0033 7.79 2.27 5.50 191 359 350 384 217 
0.8486 -0.0117 -0.4621 -0.2574 33.25 52.63 -16.87 8.07 1.41 8.42 0.5600 0.2700 3.6700 -4.2367 -0.0278 0.7833 7.91 -0.30 5.78 211 264 246 246 166 
0.8265 -0.2650 -0.3885 -0.3096 43.56 54.75 27.25 8.93 -1.20 5.86 0.2000 -0.8500 0.6700 0.0100 -2.4711 -0.9911 8.82 -2.38 3.55 212 163 179 179 117 
0.7581 -0.3425 -0.4587 -0.3124 43.88 64.56 36.13 0.28 -3.80 -3.05 -11.9900 -2.1200 -7.1700 0.8900 -1.7200 -0.2811 9.22 -2.08 2.59 212 172 185 186 121 
0.7260 -0.2863 -0.5182 -0.3499 58.31 71.44 -9.75 27.02 7.65 3.00 18.5400 5.7200 0.0100 -0.0600 -0.9600 -0.3533 9.41 1.52 2.26 208 176 186 188 126 
0.6707 -0.2595 -0.5678 -0.4005 59.69 76.62 -19.00 10.19 0.92 3.31 1.0900 0.2800 -0.3300 2.0422 -0.3833 2.6100 9.60 -0.64 1.85 199 392 192 193 129 
0.7280 -0.2681 -0.6161 -0.1359 10.19 71.37 71.12 8.25 -2.61 2.94 -2.2700 0.8000 0.5900 0.8600 0.2644 1.1644 8.77 -4.15 1.35 137 416 196 185 122 
0.7680 -0.2781 -0.5769 0.0093 359.44 61.31 67.31 4.92 -3.89 0.03 -3.3700 0.8000 -1.3500 -0.2222 -0.1200 -0.3533 8.71 -4.16 1.70 124 411 201 184 122 
0.7585 -0.2911 -0.5820 -0.0355 8.38 66.50 69.75 3.23 -2.41 0.15 -4.5300 1.0300 -1.7600 -0.6844 -1.3367 -1.4711 9.45 -2.56 0.42 121 411 204 186 125 
0.6967 -0.2598 -0.6542 -0.1383 22.75 81.25 90.19 23.93 -2.45 -2.00 14.2800 -0.6300 -1.0900 2.3244 2.1233 0.8500 9.55 -1.69 1.39 125 405 203 191 127 
0.8077 -0.1949 -0.5543 -0.0488 3.25 58.94 39.81 2.75 -2.45 6.57 -6.5000 1.0200 1.8300 -0.7633 2.6356 2.5333 6.57 -5.00 5.28 125 399 203 193 129 
0.8768 -0.3295 -0.3486 0.0336 356.25 34.94 51.06 -4.03 -2.82 3.38 -9.0900 4.1700 -1.7700 -1.3811 -0.8156 -2.0400 6.72 -5.87 4.04 124 401 205 195 130 
0.8134 -0.3607 -0.4462 -0.0962 18.94 58.00 54.31 11.43 1.17 -6.55 8.3700 4.7600 -9.9000 1.5789 -1.1589 -1.9844 9.10 -2.63 2.51 125 386 207 197 131 
0.7822 -0.2500 -0.5608 -0.1056 10.56 67.19 50.31 10.52 -2.92 9.29 0.6000 0.3100 7.1800 -0.1911 -0.1356 0.9900 8.79 -3.63 2.37 132 384 216 208 144 
0.7882 -0.2770 -0.5468 -0.0555 12.56 63.38 54.88 6.44 -3.73 1.20 -1.9400 -0.8100 -2.8800 -1.2122 1.5678 -1.5789 8.82 -2.92 3.12 158 313 251 272 189 
0.8026 -0.2747 -0.4742 -0.2357 34.81 61.69 18.81 8.15 -1.08 1.64 1.0100 0.5200 -2.4400 2.3511 1.3244 -1.2456 8.20 0.26 5.36 192 343 339 423 212 
;
0.8478 -0.0732 -0.4414 -0.2845 37.44 48.81 -16.94 6.79 8.78 12.32 -0.3700 6.0900 8.6700 -0.9022 -0.9067 0.2233 7.66 2.10 5.74 194 364 349 419 212 
0.8368 -0.0400 -0.4645 -0.2871 37.94 54.00 -19.25 8.90 1.03 5.86 1.0800 -0.7400 0.8900 -0.1267 -0.0833 0.0333 8.01 1.82 5.34 185 359 348 407 211 
0.8306 -0.0524 -0.4740 -0.2874 38.13 55.13 -18.81 7.98 2.28 5.69 -0.0400 0.4800 0.8300 -0.2633 -0.6389 0.2933 8.32 1.44 4.98 197 330 327 386 214 
0.8113 -0.1639 -0.4794 -0.2916 40.88 62.94 11.06 13.07 -1.65 7.70 4.0200 -0.0100 3.5400 -3.5767 0.6033 0.9567 8.68 -2.74 3.64 210 179 191 189 127 
0.7611 -0.3514 -0.4281 -0.3375 46.63 65.37 30.75 8.76 -1.13 1.78 -1.4600 0.8000 -1.6500 0.1989 0.4744 0.1856 8.76 -2.05 3.88 212 167 182 185 124 
0.7720 -0.3221 -0.4587 -0.2996 41.88 66.25 30.81 -3.81 -1.88 2.93 -11.0200 0.6700 0.5100 0.0756 -0.2811 -2.9656 9.35 -0.26 2.91 210 173 189 193 126 
0.6982 -0.2422 -0.5469 -0.3934 60.56 72.69 -22.37 17.72 2.47 2.63 4.5500 0.7400 0.7600 0.0511 -0.0233 0.8889 9.45 0.64 2.52 209 181 194 199 133 
0.7060 -0.2614 -0.5452 -0.3688 53.38 74.31 -3.37 9.90 0.26 4.48 3.4600 1.4000 2.8500 1.7389 -0.6933 2.3167 9.43 -0.94 2.51 206 408 188 189 122 
0.7459 -0.3025 -0.5534 -0.2142 27.06 71.06 65.50 6.66 -2.80 0.08 -4.1300 0.9000 0.0100 0.3767 -1.1256 0.9122 8.98 -3.90 0.28 128 413 198 185 120 
0.6910 -0.3720 -0.6115 -0.1006 18.12 68.62 99.00 4.83 -1.81 -2.98 -4.2700 0.8400 -3.1400 -0.1722 -0.5789 -2.4689 9.60 -1.62 -1.10 118 404 201 188 123 
0.6317 -0.2792 -0.6857 -0.2297 40.31 88.50 -178.94 27.04 2.40 2.16 14.0300 3.5900 4.6900 2.0567 2.5744 2.5678 9.61 -0.89 1.69 122 407 208 192 123 
0.8076 -0.2197 -0.5373 -0.1044 10.94 58.75 41.38 -2.36 -2.78 6.53 -10.5500 1.2200 1.6500 -2.2356 1.9856 1.5911 7.02 -5.26 4.36 123 405 210 195 125 
0.8337 -0.3906 -0.3758 -0.1053 18.69 47.31 55.00 -0.99 -0.09 -0.48 -6.5500 6.1300 -4.6700 -0.4200 -0.4800 -3.5078 8.63 -3.47 3.10 124 403 212 196 126 
0.7477 -0.3305 -0.4987 -0.2881 44.25 73.12 27.25 19.76 0.15 -1.88 10.3400 0.9700 -4.2100 1.5589 -1.5622 0.2856 9.65 -0.85 1.48 118 396 213 195 127 
0.7222 -0.2670 -0.6051 -0.2025 26.62 77.31 54.94 8.26 -0.83 7.44 -2.3600 1.4000 6.1100 -0.2722 0.4644 0.3256 9.41 -2.26 1.53 142 394 212 204 134 
0.7498 -0.3008 -0.5560 -0.1953 34.19 70.25 42.69 7.07 -2.27 -2.82 -2.7100 -2.2900 -7.0800 -0.3122 3.2633 -1.1256 8.58 -1.53 4.48 179 336 310 395 210 
0.8076 -0.2027 -0.4483 -0.3253 42.63 57.88 -5.87 7.55 3.66 10.61 -0.5300 2.3200 3.6400 1.9100 -1.0867 -0.5444 8.38 1.77 4.76 187 377 353 430 217 
;
0.8218 -0.0753 -0.4722 -0.3099 41.63 55.56 -15.63 6.29 1.29 4.88 -1.8300 -0.2900 -0.2700 -0.6556 -0.5767 0.1356 8.30 1.15 5.08 179 373 350 413 217 
0.8099 -0.1229 -0.4771 -0.3184 43.00 58.81 -10.88 8.64 0.77 5.55 0.1800 -0.0500 0.8300 -0.1700 -0.3956 0.0356 8.55 0.83 4.72 186 358 348 406 215 
0.7925 -0.1519 -0.5015 -0.3121 42.88 65.19 -4.69 12.47 1.19 7.62 5.7200 2.1500 4.5100 -6.0533 0.9200 1.8944 8.81 -2.09 3.74 212 262 234 239 158 
0.7513 -0.4153 -0.3539 -0.3712 54.81 53.75 44.63 4.78 -5.89 1.37 -7.2100 4.4100 -1.4300 0.9622 -3.7744 -1.4022 8.52 -3.22 3.61 211 174 180 187 121 
0.7266 -0.3975 -0.4348 -0.3535 49.94 68.00 48.88 -4.58 -4.36 -0.39 -13.5900 -0.0600 0.6200 -0.0322 -0.9867 -2.5889 9.65 -1.39 1.05 213 185 188 192 125 
0.6188 -0.3563 -0.5854 -0.3839 66.81 85.81 -3.81 21.51 2.83 -0.95 9.4500 1.0300 -0.4800 0.1967 -0.2233 0.5356 9.78 0.63 -0.01 211 190 192 196 129 
0.6072 -0.3522 -0.6054 -0.3751 61.38 87.62 -0.13 10.42 -0.54 1.18 0.9100 -0.6200 0.6100 1.8367 0.6033 1.4633 9.73 -0.83 0.81 204 390 194 193 126 
0.6894 -0.3315 -0.6075 -0.2138 24.25 72.31 95.87 5.26 -1.26 1.49 -4.4600 1.8900 2.2900 0.5689 -1.5378 1.2922 8.68 -4.28 -1.56 124 417 202 182 119 
0.6277 -0.3937 -0.6685 -0.0635 16.37 64.56 122.62 6.34 -3.18 -5.92 -1.3300 -0.2100 -4.4800 -0.1522 -0.5556 -2.3911 9.25 -1.67 -2.78 121 412 206 187 121 
0.5804 -0.2957 -0.7405 -0.1653 29.25 75.50 159.69 22.46 -1.61 -3.07 12.8900 0.1200 0.2100 2.1033 2.2044 2.0811 9.54 -2.12 -0.74 120 408 205 189 123 
0.7209 -0.2770 -0.6351 -0.0168 357.50 59.69 74.69 1.33 -0.98 6.67 -9.8500 3.0200 3.7200 -1.5544 1.8411 1.7933 7.41 -6.09 1.99 115 415 208 189 123 
0.7628 -0.4226 -0.4894 -0.0063 4.31 50.63 78.50 -0.81 -0.83 -1.65 -7.7000 5.2400 -2.8700 -1.1822 -1.0200 -3.1322 8.68 -4.54 0.08 121 413 208 192 124 
0.6747 -0.3685 -0.6188 -0.1617 30.69 78.00 102.94 16.76 -1.07 -4.83 7.7900 0.7300 -1.6600 2.6811 -1.1556 -0.8978 9.70 -1.01 -0.97 129 404 195 201 130 
0.6496 -0.2325 -0.7141 -0.1181 20.12 78.56 129.00 10.39 -0.96 1.78 0.0900 0.3000 3.5800 -0.9611 0.5889 0.7211 9.55 -1.98 -0.94 144 378 228 244 171 
0.6751 -0.2988 -0.6545 -0.1628 30.81 80.06 80.56 8.23 -3.30 -2.59 -1.3800 -1.9500 -3.3000 0.3900 4.5356 -1.1722 9.17 -0.58 3.40 165 337 333 419 215 
0.8140 -0.1533 -0.4828 -0.2842 38.94 53.63 -9.81 3.50 1.76 6.85 -5.8200 1.8400 0.5200 1.6644 -1.2044 0.0844 7.62 2.06 5.81 177 372 351 431 218 
;
