0.6794 0.2634 0.2014 0.6547 272.06 4.00 -38.44 0.61 6.26 7.59 -0.0100 0.2300 -0.0600 -0.0622 0.0411 -0.0100 0.65 6.05 7.68 176 355 369 406 224 
0.6812 0.2585 0.2003 0.6550 272.37 3.62 -37.81 0.38 6.00 7.79 0.0000 0.0100 0.0700 -0.0667 -0.1478 -0.1222 0.63 5.96 7.75 179 354 368 410 223 
0.6850 0.2605 0.1978 0.6510 272.44 3.56 -38.50 3.31 6.84 8.67 2.8800 2.4100 1.8300 2.3389 2.5267 0.5667 -0.18 7.05 6.80 182 358 359 413 228 
0.5695 0.2625 0.3451 0.6983 251.19 0.25 -52.06 2.38 12.70 8.35 1.6500 3.5700 2.4000 0.4733 -2.6500 4.7933 3.50 7.36 5.44 211 245 225 222 172 
0.3074 0.4596 0.2101 0.8063 211.75 48.13 -47.00 5.26 7.22 0.61 -5.1200 2.8500 -1.8800 1.1456 -1.4878 6.5356 9.26 0.67 3.15 209 169 169 172 134 
-0.0916 0.6390 -0.0164 0.7636 159.31 77.50 87.69 -7.98 8.99 7.24 -13.9600 11.0200 6.0700 -5.4633 -1.7633 -3.8278 9.44 0.17 -2.62 215 180 171 181 134 
0.1119 0.7986 -0.0057 0.5914 201.00 69.44 -151.25 18.02 1.78 -3.55 5.3100 0.2600 0.9500 0.0911 0.7756 0.2567 9.28 1.30 -2.87 213 179 173 188 140 
0.0881 0.7906 -0.0186 0.6056 196.87 76.06 -153.31 12.58 2.68 -3.07 4.3100 1.2600 -3.1700 -2.6356 -0.8433 3.0489 9.49 -0.67 -2.36 214 283 178 196 147 
0.0217 0.7891 -0.3036 0.5336 165.31 45.31 141.56 9.50 -0.99 -2.69 -0.5200 3.8600 4.4400 1.7944 2.8867 3.1700 5.63 -6.78 -4.28 192 424 183 171 136 
-0.2108 0.6727 -0.4611 0.5389 136.87 31.69 109.12 -1.33 -6.00 -3.12 -5.5900 1.8900 -1.6500 1.0744 -1.5744 -0.2144 5.16 -8.03 -2.21 134 423 176 173 133 
-0.2875 0.6624 -0.3837 0.5756 123.62 33.63 98.37 9.05 -7.51 -3.30 3.0300 0.6600 -2.8200 6.2344 0.1111 -1.2178 5.88 -7.74 1.23 127 413 180 177 138 
-0.4264 0.6520 -0.2469 0.5763 110.62 31.19 88.62 1.98 -8.15 -0.59 -1.4100 -0.8100 -2.9900 -1.5333 -0.0389 -0.1322 5.01 -8.41 -0.55 140 416 187 187 144 
-0.3274 0.5810 -0.3212 0.6724 126.56 35.75 82.87 12.75 -4.16 8.75 3.6900 3.0100 6.3700 -2.2511 4.5711 -1.0244 6.00 -7.66 1.21 178 410 275 284 202 
-0.0276 0.4424 -0.4766 0.7592 203.56 42.81 78.19 9.84 -8.46 -5.39 3.8300 -1.1300 -7.9200 -6.9756 1.2133 4.2222 5.88 -7.70 -1.45 178 281 302 336 225 
0.3039 -0.0880 -0.7800 0.5399 236.06 14.69 107.12 3.94 -3.02 -5.92 1.0000 6.2300 -1.8800 -2.1856 0.6156 3.5844 0.03 -8.86 -4.19 156 284 299 337 221 
0.1745 -0.3964 -0.7669 0.4735 219.37 -8.13 120.56 -11.13 -3.53 -16.72 -10.3100 4.3300 -12.1700 5.7067 2.9278 -1.4000 -0.12 -9.53 -2.29 163 306 315 369 229 
0.5344 -0.3339 -0.4943 0.5989 265.50 8.50 64.94 16.04 3.22 32.51 19.7500 7.9800 22.9600 -1.6878 -1.5189 0.2344 2.56 -8.74 3.60 168 346 334 391 231 
0.4655 -0.2692 -0.5946 0.5977 250.50 10.06 90.56 -2.12 -4.22 -2.85 -6.1800 5.3100 -5.1200 -3.8433 -0.9422 1.5667 0.23 -9.23 -3.30 158 331 331 382 231 
0.2646 -0.4008 -0.7347 0.4790 244.37 3.50 106.94 -3.71 -1.18 -10.48 -0.8700 9.3400 -0.0100 8.7689 4.5878 -2.0367 1.94 -8.71 4.05 175 339 341 402 233 
0.5803 -0.2674 -0.4514 0.6230 265.94 11.94 66.44 4.63 -8.73 5.03 3.0400 0.6500 0.4900 -2.0267 -1.6822 -0.2911 2.72 -9.20 2.00 180 342 336 394 233 
0.4996 -0.2840 -0.5900 0.5673 262.25 15.38 81.44 0.97 -6.30 -2.25 -1.4100 2.8800 -4.3300 2.3844 -0.7811 -0.0200 2.70 -9.06 2.59 171 304 312 340 223 
0.5250 -0.1578 -0.4685 0.6929 252.94 15.25 49.81 0.75 -1.03 2.01 -0.7300 6.6000 -5.0300 9.0211 0.4589 -1.0856 2.39 -1.52 9.38 181 311 314 332 222 
0.5878 0.0980 -0.0537 0.8013 253.56 12.19 -4.87 3.69 4.73 12.16 2.4700 4.4800 3.5400 3.6722 0.6200 -1.3733 1.59 3.36 9.07 186 345 338 358 222 
0.6281 0.2125 0.1122 0.7401 262.31 11.69 -28.50 5.13 5.52 8.47 2.0000 0.2100 -0.5300 1.8067 -0.6578 -0.3667 2.28 5.70 7.64 187 401 352 395 226 
;
