0.7033 0.3335 0.1337 0.6134 277.75 12.75 -40.44 2.20 6.18 7.34 0.0400 -0.0200 0.0500 -0.0022 0.0022 0.0000 2.16 6.20 7.27 185 356 369 393 221 
0.7033 0.3335 0.1337 0.6134 277.75 12.75 -40.44 2.17 6.18 7.34 0.0400 -0.0100 0.0300 -0.0044 0.0111 -0.0033 2.16 6.20 7.27 189 360 371 393 219 
0.7025 0.3343 0.1359 0.6134 277.62 12.31 -41.69 4.04 7.09 8.28 1.8800 0.6900 1.4900 2.2633 1.7656 -0.9167 1.13 7.49 6.21 190 390 372 413 229 
0.6450 0.3660 0.2935 0.6032 271.87 2.00 -57.56 1.25 10.48 5.51 1.4000 2.2700 0.0600 1.4411 2.9800 1.5567 0.01 8.78 4.35 205 404 343 374 228 
0.4767 0.3583 0.4064 0.6922 242.25 12.75 -65.75 4.10 9.42 4.62 2.6800 -0.3800 1.5700 -1.8800 -0.8711 5.0611 5.51 6.87 4.29 213 234 233 228 166 
0.2397 0.5056 0.1038 0.8223 202.37 65.06 -30.25 -6.83 1.61 2.94 -23.3100 1.1200 5.2700 0.5333 -7.8222 4.6933 9.41 -2.17 -1.65 214 168 166 188 127 
0.0516 0.7985 -0.0978 0.5917 204.69 68.87 -162.00 28.79 5.68 -11.77 12.7800 1.3900 -5.8600 -0.7711 -0.0711 -0.8422 8.65 2.28 -4.01 210 180 167 200 135 
0.1759 0.8353 -0.0601 0.5174 217.62 63.13 -148.37 9.89 3.73 -2.42 1.7200 1.5600 1.3600 -1.3100 -0.0522 0.2256 8.78 2.49 -3.56 217 205 161 200 139 
0.2195 0.8235 -0.1384 0.5046 221.81 63.06 -162.00 16.75 0.49 -8.07 6.7400 -0.6900 -4.3800 3.6822 -0.0289 4.2222 8.50 -2.23 -4.34 150 418 175 184 137 
-0.1624 0.7602 -0.2292 0.5859 143.94 54.69 106.12 4.10 -5.16 -2.94 -4.6000 0.8900 -2.4700 4.4189 2.5456 -0.8111 8.06 -5.05 2.35 135 422 181 175 133 
-0.3214 0.5426 -0.0441 0.7748 134.87 53.13 37.25 2.88 0.39 1.54 -4.3800 3.8400 -3.6300 1.7056 0.8600 -0.3678 7.51 -2.53 5.76 139 398 185 183 138 
-0.3575 0.4322 0.0452 0.8267 132.69 47.75 20.37 7.31 1.13 5.07 0.0800 3.2500 -1.3800 -0.3944 0.2367 0.0500 7.11 -2.46 6.27 139 382 172 184 136 
-0.3483 0.4241 0.0098 0.8359 137.25 44.06 24.69 9.08 -0.97 5.10 2.5100 1.7100 -1.6000 -2.3144 1.3711 -0.4444 6.15 -3.81 6.61 126 401 170 187 139 
-0.2206 0.3570 -0.1532 0.8947 156.69 31.81 32.00 2.83 -6.70 7.06 -1.9900 -2.2900 0.3700 -1.3178 1.7633 -0.6856 4.53 -4.83 7.22 122 414 185 195 141 
-0.1388 0.2779 -0.2372 0.9205 162.06 26.00 35.94 3.37 -5.25 7.45 0.2800 0.4600 0.4600 -0.0989 -1.3511 1.3867 4.36 -5.66 6.71 141 367 189 204 144 
-0.2608 0.3176 -0.2537 0.8757 142.44 24.19 42.94 1.23 -3.17 7.56 -7.3500 2.5200 0.2000 0.3967 -1.7356 0.8667 4.11 -6.24 6.34 177 295 234 242 176 
-0.3373 0.4031 -0.2020 0.8264 139.81 37.69 47.38 -1.28 -2.33 -0.75 -4.5700 2.3600 -6.9900 -2.6300 -1.3678 -6.1544 8.70 -2.91 3.43 207 204 164 177 131 
0.1522 0.4767 -0.0139 0.8657 211.31 36.19 -29.62 8.76 15.70 17.98 -1.7000 10.8300 12.2200 1.2056 -1.9422 3.9511 5.09 5.34 6.45 212 196 180 183 131 
0.0911 0.4769 0.1385 0.8632 183.00 65.62 -21.50 0.58 1.35 2.80 -9.2300 1.7400 0.6300 -0.8333 -4.2256 3.6111 9.61 -1.91 0.25 210 196 178 185 129 
-0.0590 0.7557 -0.0674 0.6488 181.25 76.37 163.62 22.35 1.97 -17.07 18.1700 1.3600 -11.9300 -0.5578 -0.9533 -1.9011 9.12 1.37 -3.33 215 197 181 189 130 
0.0922 0.8248 -0.0277 0.5571 198.62 68.12 -161.56 8.78 1.50 -2.64 -0.4900 0.2100 0.0700 -0.0511 0.2067 0.1511 9.19 1.10 -3.23 214 196 182 192 133 
0.0984 0.8076 -0.0293 0.5807 200.12 71.56 -153.44 10.40 3.41 -2.31 1.5700 2.4700 0.4200 -1.3978 2.5167 -1.5267 9.42 2.49 -1.04 215 252 207 208 172 
0.2844 0.6150 0.0840 0.7307 230.37 41.94 -55.75 3.31 0.82 -0.29 -6.5700 -6.3500 -5.9200 0.6867 4.2767 -5.5744 0.95 7.85 5.79 214 418 365 422 228 
;
