0.9108 0.0836 -0.4011 -0.0511 6.37 46.06 -16.12 6.95 1.95 6.63 -0.2100 0.0000 0.1300 0.0022 0.0833 -0.0011 7.00 1.89 6.59 179 340 321 348 214 
0.9131 0.0840 -0.3956 -0.0508 6.31 45.50 -16.00 6.94 1.93 6.64 -0.2000 0.0200 0.0500 0.0411 -0.0433 -0.0178 7.01 1.92 6.57 176 345 323 345 214 
0.9109 0.0891 -0.3995 -0.0509 6.31 46.06 -17.62 7.27 2.40 6.53 0.6900 0.5000 0.1500 1.1389 0.3144 -0.3756 6.91 2.64 6.43 187 366 323 357 217 
0.9176 0.1580 -0.3616 -0.0475 5.87 37.88 -26.31 6.40 4.44 8.09 0.4700 0.6200 1.1200 0.2033 1.0967 -0.2389 5.41 3.66 7.30 188 358 321 347 214 
0.9465 0.1715 -0.2699 -0.0436 4.62 27.31 -20.62 3.85 2.81 8.77 -1.6900 -0.2500 1.2200 -2.0322 1.6167 0.7744 3.48 1.59 9.02 192 349 322 324 210 
0.9847 0.0162 -0.1732 -0.0007 358.87 20.69 3.00 1.05 -2.03 8.80 -2.6000 -0.8400 -0.2800 -2.8556 -2.1922 0.7822 4.82 -2.85 8.04 212 231 185 190 130 
0.9105 -0.1931 -0.3652 0.0184 356.00 49.69 30.81 -7.11 -2.02 -0.91 -17.8600 4.6500 -2.0400 -1.2878 -2.6678 -5.1289 9.79 -0.34 0.30 207 173 172 174 112 
0.6813 0.0499 -0.7116 -0.1642 32.94 66.62 -92.87 26.76 6.02 -2.03 14.1200 1.2300 0.5100 0.2733 -0.3789 1.5422 9.19 3.35 -0.57 209 183 187 180 114 
0.6755 0.0482 -0.7195 -0.1539 24.50 74.31 -93.44 7.54 3.14 0.34 -1.0200 0.5800 0.2800 -0.2422 0.5200 0.2044 9.48 2.46 0.35 208 184 183 182 115 
0.7086 0.0338 -0.6900 -0.1437 23.19 75.19 -77.25 12.37 4.11 1.02 4.6700 2.2600 0.5900 -1.6811 1.2922 0.2144 9.41 2.27 1.56 208 228 174 183 124 
0.7891 -0.0470 -0.5786 -0.2008 27.69 64.31 -10.69 8.77 2.41 7.84 -0.5400 2.8500 2.1300 -3.4622 2.7544 2.0356 7.68 -1.70 5.85 157 287 268 258 183 
0.8767 -0.3036 -0.3014 -0.2200 29.94 34.19 41.88 9.03 -1.70 2.64 4.1700 6.3300 -3.4800 -7.0144 4.1500 2.2133 2.62 -8.74 3.56 119 308 283 315 207 
0.6918 -0.6517 0.1567 -0.2685 44.63 4.12 92.75 -0.67 -5.53 -4.91 -0.3300 3.9100 -2.6500 -2.9467 1.4822 0.8444 -0.12 -9.33 -3.00 120 310 296 338 209 
0.5027 -0.7615 0.3501 -0.2115 47.50 -0.94 116.31 1.10 -6.98 -6.48 1.6600 1.6400 -1.7500 -1.1411 1.1022 0.0389 0.20 -8.32 -5.17 144 344 316 385 215 
0.4166 -0.7874 0.3961 -0.2228 55.63 0.88 123.81 -3.44 -5.36 -17.79 -5.6800 3.8300 -16.4900 3.2044 0.8289 -0.4089 0.45 -8.99 -3.88 144 351 314 373 217 
0.5933 -0.5880 0.3337 -0.4370 76.56 6.87 75.12 7.80 0.80 39.46 4.0000 6.7500 32.6800 -2.5733 -0.0133 -0.0444 1.26 -9.45 2.26 150 363 321 354 214 
0.5384 -0.6330 0.3312 -0.4470 78.12 13.69 99.87 3.21 -3.28 -7.72 -0.6300 5.7700 -8.5600 -2.9444 -1.1367 0.3811 2.04 -8.63 -4.18 142 344 302 336 209 
0.4386 -0.7645 0.3449 -0.3229 72.00 10.63 106.81 -2.92 -2.27 -7.08 -2.7800 6.6300 6.3100 6.5111 4.0300 -0.0933 1.60 -9.44 2.07 148 338 305 352 214 
0.6006 -0.5245 0.2971 -0.5252 84.06 13.63 75.19 4.46 -8.74 4.73 2.4100 1.0200 -0.8300 -1.2678 -1.0511 -0.6000 3.06 -9.22 1.31 147 342 309 342 214 
0.5482 -0.6166 0.2579 -0.5028 83.37 21.56 83.06 2.71 -7.19 -1.84 -1.7600 1.5200 -3.2900 3.3211 -5.9011 -2.4656 5.65 -7.91 1.24 104 249 260 300 199 
0.6896 -0.6125 -0.1594 -0.3519 41.81 39.19 76.25 2.63 -6.95 -4.30 -2.0800 1.0200 -5.9400 2.7267 -5.3311 -0.9411 6.35 -7.42 0.82 99 224 226 225 151 
0.7261 -0.5205 -0.4349 -0.1126 20.69 55.63 83.62 8.28 -3.84 -4.03 4.1200 0.5100 -4.2600 4.3478 -2.6456 -3.9511 9.47 -2.53 0.00 101 181 176 180 114 
0.7135 -0.2204 -0.6543 -0.1193 16.56 83.37 6.25 10.43 3.17 -1.19 0.4100 4.8100 -2.8100 2.8278 0.2100 -1.1967 9.79 -0.03 0.45 101 173 178 183 116 
0.7418 0.0173 -0.6704 -0.0082 352.81 77.00 -4.62 12.37 0.46 39.55 -7.5400 0.0600 9.7000 -0.7322 1.2789 1.5678 8.62 -1.45 4.43 110 178 180 186 115 
0.8637 -0.0803 -0.4935 0.0634 355.00 56.31 24.81 9.43 0.23 4.23 1.5100 2.6500 -3.1800 -2.7289 -0.3633 -0.4800 8.32 -3.09 4.14 106 178 186 187 114 
0.8312 -0.2372 -0.5014 -0.0363 2.81 57.50 44.19 8.33 -3.73 -0.49 -0.6800 -0.3000 -3.1900 1.0878 1.4367 0.4389 7.76 -3.69 4.71 105 184 177 187 113 
0.8754 -0.1888 -0.4442 0.0248 353.56 48.94 27.87 -16.64 9.21 39.78 8.8700 -9.3800 4.1600 0.0422 -2.0711 0.4489 8.38 -3.03 4.09 105 172 167 181 105 
0.8375 -0.1671 -0.5148 0.0759 347.31 55.50 41.56 8.44 -3.27 5.06 1.0200 0.7600 1.3100 1.2056 0.4089 0.9511 7.76 -3.84 4.59 108 180 187 191 118 
0.8566 -0.1652 -0.4677 0.1417 343.31 45.81 40.00 4.13 -2.38 7.80 -3.9100 2.3900 2.1700 -2.1111 3.1411 -0.9733 5.97 -4.99 5.96 114 218 214 231 162 
0.9168 -0.2668 -0.2947 -0.0386 12.31 32.19 28.37 8.08 -3.55 2.28 1.5600 -0.6600 -5.2400 3.7611 6.0211 -4.8767 2.28 -0.74 9.50 194 339 305 305 200 
0.9287 0.0489 -0.0031 -0.3676 45.75 -4.25 -8.50 2.08 4.83 11.72 3.8500 3.0000 2.5200 1.2267 -1.5000 -0.1367 0.20 2.53 9.47 201 321 289 312 198 
0.9021 0.1236 -0.0766 -0.4063 47.75 2.87 -16.69 2.85 2.85 10.23 2.1300 0.1300 0.7300 0.1789 -0.7356 1.0456 1.16 2.85 9.30 201 309 304 299 197 
0.9244 0.1102 -0.1186 -0.3455 39.00 9.38 -16.44 2.10 3.01 8.62 0.5400 0.3500 -0.6100 0.0011 -0.5256 0.9933 2.20 2.58 9.20 195 300 306 295 195 
0.9470 0.0875 -0.1545 -0.2676 29.81 15.88 -14.75 1.68 3.96 9.61 -1.3100 1.6400 0.6600 -0.0622 -0.7089 1.0533 3.19 2.34 8.97 194 276 293 287 198 
0.9554 0.0841 -0.1832 -0.2158 25.56 18.25 -14.25 3.07 3.11 9.04 0.0000 0.7900 0.1000 -0.0878 -0.2256 0.0056 3.20 2.22 8.99 202 281 301 286 199 
0.9538 0.0729 -0.1893 -0.2216 26.31 19.19 -13.56 4.20 1.95 8.60 1.0700 -0.1700 -0.4200 0.0033 -0.1067 -0.0244 3.28 2.16 8.98 194 285 296 288 193 
;
