0.6503 0.3165 0.1282 0.6786 267.62 15.19 -37.38 2.63 5.78 7.29 0.1000 0.2300 -0.3200 0.0844 -0.0244 0.0133 2.59 5.79 7.47 186 361 368 396 223 
0.6506 0.3187 0.1312 0.6768 267.94 14.94 -37.69 2.40 5.61 7.43 0.2000 -0.2500 0.0000 0.4300 -0.2922 -0.1333 2.61 5.98 7.31 191 361 368 403 225 
0.6461 0.3489 0.1439 0.6634 267.37 17.44 -47.63 6.16 9.39 9.70 5.2800 3.5300 4.2100 2.9722 -2.1089 1.9067 4.63 7.62 4.06 165 361 351 396 231 
0.4867 0.5135 0.0916 0.7007 239.81 49.06 -42.31 7.08 2.86 3.89 -1.3200 -1.9700 -1.8500 -1.7589 -0.4411 5.4233 8.28 -0.50 5.21 115 208 210 219 177 
0.1806 0.4900 -0.2437 0.8173 198.44 68.37 49.13 5.36 0.31 -2.62 -1.9700 8.5200 -4.3400 2.1378 -2.9444 -1.4389 9.50 -2.41 0.00 99 170 165 175 116 
-0.0004 0.6760 -0.1445 0.7226 172.94 77.69 69.25 4.67 4.61 -0.76 0.1400 20.1300 32.2900 -2.2811 -0.4000 -0.1056 9.49 -2.23 0.98 102 174 176 174 117 
-0.0682 0.6648 -0.1376 0.7311 174.44 71.69 80.00 11.36 2.89 -3.02 1.8600 5.1200 -4.3600 -3.7267 -0.1333 0.3911 9.22 -3.27 -0.50 106 178 175 176 121 
0.0742 0.6761 -0.3286 0.6553 193.69 69.31 111.25 6.89 -8.64 -9.33 -2.7100 -5.1500 -6.6500 3.3489 0.1956 0.0678 9.22 -3.30 -0.24 110 171 171 178 120 
0.0229 0.6498 -0.2819 0.7055 180.75 66.06 87.12 7.91 -4.44 1.35 -1.3000 0.1600 1.9900 -0.7956 1.9344 -0.5822 8.93 -3.88 1.06 133 184 193 193 150 
0.0555 0.6026 -0.3130 0.7320 190.06 69.12 80.06 6.90 -3.98 2.25 0.7500 -2.3500 2.2400 -0.7044 -1.7078 -2.4278 9.62 -1.85 -0.25 173 196 185 182 134 
0.2009 0.6623 -0.2354 0.6823 220.81 84.62 -0.94 19.46 -0.55 -0.59 11.4300 0.1500 -2.4500 -4.2178 11.9956 -1.4567 6.58 0.12 7.26 207 170 153 164 110 
0.4551 -0.0249 -0.0768 0.8867 230.44 -11.25 13.31 9.41 2.50 5.40 4.3200 2.7600 -7.2800 -1.5722 4.5122 3.7978 -5.18 -2.66 7.88 209 172 172 165 113 
0.2076 -0.3508 -0.0207 0.9129 200.37 -41.13 8.63 -6.00 3.66 4.88 -0.5200 4.3800 -1.1400 0.8833 -0.6544 1.9289 -6.32 0.46 7.48 210 175 168 168 111 
0.0919 -0.3145 0.0792 0.9415 191.75 -35.81 -6.62 -8.29 0.25 13.48 -1.6500 0.0000 4.8600 -0.2644 -0.7656 -0.6800 -5.29 0.48 8.23 211 181 175 169 114 
0.1418 -0.2611 0.0444 0.9538 198.75 -29.75 1.12 -7.39 -1.71 10.05 -2.9400 -1.0400 1.9500 -0.2556 -4.8789 -3.2378 -2.10 -1.16 9.50 205 266 192 194 141 
0.3447 0.1013 -0.1017 0.9277 225.25 35.19 3.87 11.25 -2.18 -6.67 5.2500 -0.9300 -10.4400 5.6778 -10.4856 1.5144 9.80 -0.10 -0.14 120 295 312 381 229 
0.0390 0.7472 -0.1643 0.6428 180.94 74.94 132.56 9.02 -2.03 -2.69 -1.5900 0.2900 -1.2100 0.6367 -0.7978 0.5467 9.22 -2.51 -2.17 97 192 186 190 129 
-0.0197 0.7459 -0.1113 0.6564 178.00 82.00 119.81 11.57 2.21 -10.11 2.6900 3.1000 -10.8700 3.0711 4.3467 -0.8411 9.64 -0.21 1.77 99 183 180 181 120 
-0.0279 0.6365 -0.0091 0.7708 176.19 75.87 22.44 7.02 3.54 3.97 0.7300 5.0500 0.6700 -1.3711 -2.0678 1.0989 9.45 -1.99 1.67 104 189 187 181 125 
0.0155 0.6303 -0.1804 0.7549 184.56 73.19 64.56 9.37 -5.28 -9.38 -0.5500 -5.3900 -11.9600 0.3778 0.8833 -0.7178 9.44 -2.21 1.43 109 179 180 183 130 
0.0526 0.6078 -0.1542 0.7772 189.50 71.56 35.06 7.20 -3.91 1.68 -1.7600 -1.8300 -1.3000 0.4300 0.7656 0.7700 8.97 -2.09 3.36 117 188 186 197 141 
0.0303 0.5403 -0.1683 0.8239 185.06 64.31 38.88 5.80 -0.83 3.54 -3.0500 1.8600 0.0900 -3.3344 0.7533 -1.4278 8.98 -2.68 2.85 126 211 213 225 164 
0.2325 0.5043 -0.2703 0.7865 221.94 64.37 14.31 5.42 1.71 2.11 -1.2200 2.6300 -2.6900 -0.0422 5.5211 -4.7500 6.71 1.80 6.91 167 369 313 345 217 
0.5670 0.2985 0.0955 0.7618 258.19 9.13 -40.31 1.40 11.56 6.07 0.1400 4.6700 -0.1300 2.3800 -2.8567 1.0478 1.97 7.88 5.48 199 433 377 427 230 
;
