0.7888 -0.0978 -0.5842 -0.1638 23.44 72.50 -7.06 9.42 0.34 2.86 0.0600 0.0000 -0.0700 0.0056 0.0044 -0.0011 9.35 0.36 2.92 178 335 330 377 204 
0.7890 -0.0967 -0.5846 -0.1624 23.25 72.50 -7.12 9.39 0.41 2.94 0.0000 0.0400 0.0000 -0.0178 0.0178 -0.0467 9.35 0.39 2.92 178 334 331 375 204 
0.7888 -0.0955 -0.5847 -0.1642 23.56 72.56 -8.00 9.09 0.41 3.00 -0.5600 0.0200 0.2000 -0.2400 -0.4522 0.0733 9.44 0.31 2.61 178 328 327 372 203 
0.7701 -0.1177 -0.6046 -0.1657 24.56 76.69 -1.81 12.50 0.20 5.01 3.4700 -0.7400 2.0500 -1.8256 1.7578 -0.1589 9.23 -0.24 3.28 177 266 297 253 165 
0.8026 -0.1898 -0.5176 -0.2278 31.69 65.50 17.37 9.42 -2.09 4.55 -0.4300 -1.2200 -0.5200 -2.6822 -1.2356 1.6267 8.78 -2.98 3.16 96 156 172 174 111 
0.7683 -0.3587 -0.4997 -0.1769 21.06 62.56 59.13 5.34 -1.24 -0.46 -3.2600 1.9800 -3.1600 1.5611 -0.8733 0.2567 8.67 -3.93 2.31 101 159 177 179 116 
0.7833 -0.2917 -0.5461 -0.0547 4.50 62.13 57.94 10.54 -0.04 -1.29 2.1800 3.2400 -4.5300 2.1856 -0.4878 0.9222 8.55 -3.98 2.65 98 165 180 183 116 
0.7908 -0.1920 -0.5718 0.1044 347.19 59.63 60.75 8.61 -0.79 5.69 -1.8900 2.6000 3.2900 -1.6089 0.6144 0.3433 8.15 -4.94 2.28 107 172 188 186 119 
0.7759 -0.3082 -0.5497 0.0281 0.50 56.63 69.00 8.24 -2.45 0.42 0.3500 2.6000 -3.6600 -2.1433 0.7689 -0.9389 8.38 -4.82 1.62 103 172 188 186 119 
0.7503 -0.4006 -0.5104 -0.1265 21.44 60.88 70.31 7.63 -4.98 -6.26 -2.1700 -1.7000 -9.3300 1.4467 -0.4578 -0.7700 8.86 -3.74 1.86 106 165 184 182 115 
0.7405 -0.3455 -0.5544 -0.1578 25.37 67.37 67.12 9.89 -6.15 -1.35 -0.0700 -2.6900 -1.8500 -0.0644 1.1444 0.8633 8.64 -4.09 2.18 110 177 194 189 124 
0.7800 -0.3817 -0.4689 -0.1615 22.94 57.00 56.56 9.23 -5.40 4.55 1.4400 -1.5000 0.4200 0.1878 1.3867 0.7522 7.65 -4.77 3.83 149 236 234 212 142 
0.8442 -0.3680 -0.3547 -0.1614 21.25 42.06 43.81 4.37 -7.83 4.61 0.4700 -2.1500 -1.1500 1.3556 2.0300 0.2978 5.47 -4.64 6.67 152 364 190 179 112 
0.9211 -0.2840 -0.2133 -0.1593 19.19 27.37 26.62 7.53 -3.95 6.61 1.9700 0.0800 -0.6200 1.4167 1.6178 0.0189 3.45 -2.67 8.77 140 185 183 175 115 
0.9725 -0.1257 -0.1228 -0.1525 16.87 13.44 10.25 4.02 -0.59 7.31 1.8000 1.1700 -2.7100 1.0611 0.9622 1.3100 1.42 -1.11 9.63 154 195 192 179 117 
0.9958 -0.0443 -0.0465 -0.0659 4.87 4.62 3.69 -1.19 2.68 8.63 -2.3500 3.2200 -0.9900 0.5356 0.2200 0.6411 0.58 -0.20 9.78 165 198 187 179 119 
0.9991 0.0117 -0.0389 -0.0078 3.12 1.75 -1.25 0.90 0.95 9.56 1.6600 0.7900 -0.2600 -0.9011 -0.0322 -0.1011 0.21 -0.46 9.79 162 202 175 178 120 
0.9974 -0.0452 0.0077 -0.0554 8.06 -2.19 6.75 0.98 -0.12 10.00 1.3600 0.2600 -0.5600 -0.7900 1.0056 -1.1167 -1.07 -1.84 9.57 154 205 181 182 121 
0.9803 -0.1039 0.0935 -0.1391 17.62 -10.25 14.63 -2.40 -5.18 8.14 -0.2300 -2.6400 -1.1700 -0.1956 0.6478 -0.3444 -1.97 -2.61 9.24 153 203 185 165 123 
0.9706 -0.1173 0.1264 -0.1678 19.94 -11.88 16.31 -1.56 -1.93 9.52 0.8100 1.2300 -0.1900 -0.5233 -0.4956 0.2622 -1.82 -3.07 9.13 162 223 189 203 141 
0.9679 -0.1663 0.1072 -0.1550 18.37 -7.37 22.75 -3.23 -4.42 4.73 -1.9100 -0.8600 -5.0800 -0.2411 -1.7367 -0.8333 -0.02 -4.12 8.89 167 296 255 241 175 
0.9601 -0.2087 -0.0200 -0.1851 23.00 11.69 20.94 3.58 -4.76 4.00 1.0900 -1.3000 -4.6600 2.0611 -3.2433 -1.4056 4.62 -1.53 8.51 187 312 303 286 188 
0.9252 -0.1174 -0.2840 -0.2228 27.31 42.81 4.00 9.81 1.47 6.81 3.6500 1.5000 2.1900 1.2622 -2.8067 -0.9100 7.88 0.47 5.80 192 345 327 370 205 
;
0.8398 -0.0809 -0.4864 -0.2271 30.69 60.63 -12.69 14.02 4.52 13.02 8.1000 4.2500 13.0900 -0.5867 -1.3544 0.4667 9.13 0.98 3.42 176 354 349 403 208 
0.7972 -0.0868 -0.5574 -0.2153 30.31 67.50 -15.75 8.69 1.32 3.56 -0.2900 0.2800 0.0300 -0.0622 -0.2844 0.0056 9.12 1.00 3.46 171 353 348 400 209 
0.7902 -0.0912 -0.5662 -0.2164 30.56 69.25 -16.56 9.57 0.68 3.13 0.3800 -0.2800 -0.1700 0.0300 -0.1033 0.0144 9.21 0.97 3.22 174 349 350 393 207 
0.7835 -0.0945 -0.5754 -0.2145 30.44 70.81 -17.19 11.74 0.45 6.24 2.9100 -1.0900 4.2300 -2.3489 -0.3167 0.1133 9.36 0.49 2.87 176 230 240 241 162 
0.7643 -0.2109 -0.5461 -0.2704 39.88 70.12 16.87 13.67 -2.27 1.18 3.0900 0.2300 -4.2000 -1.1167 0.1722 2.2278 8.79 -2.86 3.25 134 169 179 185 118 
0.7816 -0.3617 -0.4693 -0.1954 24.75 60.63 55.31 2.72 1.13 -6.87 -3.4500 6.1800 -10.0900 3.3367 -2.1611 -0.2889 8.91 -3.44 2.20 117 170 175 183 108 
0.7866 -0.2299 -0.5710 -0.0486 10.69 63.00 47.00 7.34 -0.74 3.81 0.4200 2.9500 0.6700 -0.9489 0.6933 0.2078 8.63 -3.56 2.98 123 184 191 190 124 
0.7998 -0.3084 -0.5013 -0.1178 19.94 60.13 51.38 9.29 -1.25 2.41 0.9400 2.8000 -1.2600 -1.9356 0.3144 -0.1833 8.43 -4.17 2.76 116 178 192 193 124 
0.7610 -0.4108 -0.4468 -0.2289 34.56 61.00 56.81 9.48 -4.18 -8.04 0.1700 -1.3900 -11.8500 3.4344 -1.2033 -0.3578 8.88 -3.11 2.74 117 177 181 192 118 
0.7631 -0.3180 -0.5263 -0.1987 30.44 68.00 50.06 11.06 -4.82 1.68 0.5100 -2.0100 1.0600 -0.2889 1.9211 1.2344 8.45 -3.58 3.43 141 218 216 229 152 
0.8094 -0.3646 -0.4128 -0.2037 27.62 51.75 47.88 7.70 -7.75 4.21 0.1300 -2.9400 -2.0400 2.0411 1.4033 0.3933 6.94 -4.50 5.25 168 252 179 205 137 
0.8970 -0.2789 -0.2953 -0.1744 21.06 35.19 25.44 9.35 -5.85 6.26 2.7900 -2.7500 -1.3800 2.1567 1.7567 0.1211 4.65 -1.96 8.40 162 204 186 195 131 
0.9663 -0.1099 -0.1826 -0.1444 15.25 19.62 8.25 5.16 0.12 6.49 1.0900 1.5900 -2.7400 0.8800 1.9822 1.3411 1.84 -0.87 9.59 166 189 187 198 131 
0.9969 -0.0412 -0.0444 -0.0510 4.06 2.12 4.06 -0.60 3.34 9.14 -0.8600 4.0900 -0.3000 0.0633 0.4222 0.8567 -0.02 -0.48 9.79 175 197 193 200 134 
0.9987 -0.0183 0.0257 -0.0388 5.75 -1.12 2.00 2.24 1.70 10.06 2.2600 1.6900 -0.3100 -0.7244 0.0533 -1.2256 -0.06 -0.75 9.77 155 201 195 203 140 
0.9902 -0.0571 0.0189 -0.1263 16.00 -2.06 8.44 1.53 -3.82 8.27 1.9900 -2.1900 -1.6000 -0.8456 1.1622 -0.4789 -1.00 -2.09 9.52 150 205 198 205 143 
0.9794 -0.1057 0.0766 -0.1538 16.87 -6.87 13.75 -3.11 -3.35 10.12 -2.6500 -0.4700 1.0700 -0.5778 0.6967 -0.4144 -1.56 -2.72 9.28 151 215 205 215 152 
0.9709 -0.1432 0.1079 -0.1587 18.87 -8.44 19.75 -2.67 -2.88 7.37 -1.3700 0.3400 -1.9100 -0.8511 -1.4256 -0.5733 -0.46 -3.91 8.97 166 260 247 250 179 
0.9579 -0.2238 0.0138 -0.1791 22.37 6.81 26.37 1.80 -4.79 1.55 0.3500 -0.6000 -7.1100 0.9600 -2.1867 -1.6622 3.07 -3.67 8.55 175 285 287 286 189 
0.9321 -0.1914 -0.1935 -0.2389 29.25 32.69 12.25 11.28 0.88 7.40 4.2600 1.2700 0.1700 1.1267 -2.4156 -0.9633 6.88 -0.20 6.98 189 319 308 367 207 
0.8691 -0.1021 -0.4171 -0.2454 31.62 52.50 -5.12 9.74 0.52 7.93 2.7300 0.3400 1.4400 0.5100 -1.7778 0.1978 8.47 0.70 4.88 189 353 342 410 207 
;
