0.7042 0.2403 0.2067 0.6353 275.87 0.75 -36.94 0.37 5.57 7.91 0.2200 -0.2800 0.1000 -0.0333 0.0789 -0.0511 0.06 5.87 7.85 176 387 370 410 227 
0.7060 0.2365 0.2072 0.6346 276.19 0.44 -36.75 0.79 5.41 8.46 0.3300 -0.3100 1.7600 1.9544 -0.5589 0.0922 0.39 6.63 7.20 169 349 358 412 228 
0.6678 0.3904 0.1765 0.6087 273.75 24.25 -52.50 13.50 8.58 5.28 7.6400 2.0300 -0.3600 0.1644 -4.7300 6.7311 8.40 4.21 2.76 101 234 240 257 205 
0.3832 0.6100 -0.2654 0.6408 233.12 89.75 0.19 8.70 4.93 -5.07 -3.1600 3.3900 -4.4900 2.0522 -1.2822 0.3233 9.62 -1.28 -1.34 97 167 158 174 115 
0.1480 0.7026 -0.2675 0.6426 199.06 80.69 123.87 8.78 7.34 -9.79 -4.2000 9.6600 -6.8500 7.0322 0.6833 0.1511 9.70 -1.38 0.21 104 172 167 177 119 
-0.0400 0.7197 -0.0490 0.6914 173.37 80.87 114.31 10.44 4.50 1.57 0.8200 6.6300 2.2800 -3.0156 -0.2089 0.5589 9.64 -1.56 -0.85 99 177 167 181 121 
0.0828 0.7171 -0.2175 0.6569 201.00 77.75 134.37 8.05 -1.48 -10.61 -0.8100 -1.4400 -10.2200 -1.6744 0.9400 -0.7633 9.66 -0.73 -1.48 103 168 169 184 123 
0.2186 0.6910 -0.2440 0.6443 212.37 85.37 -179.69 16.32 2.34 34.06 6.9700 -2.5100 5.3500 -0.1711 1.2089 0.5767 9.80 -0.05 -0.28 105 174 176 184 134 
0.2094 0.6439 -0.2446 0.6941 212.81 83.37 5.31 13.03 -2.44 4.28 2.1500 -2.7100 2.0100 1.2033 0.2289 2.4989 9.47 -2.43 0.73 150 328 210 220 180 
0.0504 0.6343 -0.2831 0.7176 180.50 67.31 82.50 11.17 -6.92 -1.09 2.4800 -2.4700 -1.3200 1.8711 -0.8678 1.7544 8.40 -4.99 0.77 150 398 166 187 132 
-0.2003 0.6208 -0.1884 0.7342 145.44 55.81 67.19 6.90 -3.80 -4.41 -1.1300 2.0900 -6.4600 3.6256 0.3144 0.4067 7.92 -4.49 3.63 127 391 183 191 128 
-0.3747 0.5242 -0.0146 0.7646 125.00 51.31 39.38 6.26 2.51 4.45 -1.0300 6.4000 -1.0700 0.6011 0.1156 0.5122 7.43 -3.80 5.14 119 372 179 188 134 
-0.4202 0.4889 -0.0132 0.7644 125.44 46.00 41.75 11.12 -1.59 3.71 4.2200 2.9000 -1.8500 -3.6433 2.5444 -1.1989 6.59 -5.30 4.95 120 376 188 193 136 
-0.2250 0.4487 -0.2322 0.8331 155.12 38.44 51.75 8.49 -8.43 -1.11 -1.8400 -3.4900 -4.6300 -1.8856 2.4956 0.0844 5.13 -6.78 4.88 121 394 197 196 137 
-0.1107 0.3056 -0.3820 0.8651 162.75 24.12 54.13 2.66 -6.14 10.75 -4.0700 -0.0700 3.7300 -1.4633 2.9500 0.4656 2.76 -7.84 5.20 135 386 199 197 142 
-0.1466 0.2314 -0.4370 0.8567 155.19 14.75 59.69 0.23 -5.72 9.66 -2.3100 2.6500 5.0000 -1.4467 -3.1856 1.3722 2.36 -8.86 3.44 114 344 177 177 120 
-0.3318 0.3816 -0.4738 0.7210 126.44 14.56 73.00 2.98 -9.58 2.43 -0.3100 -1.2400 -1.5600 1.3911 0.2044 -1.7489 3.49 -8.36 3.73 137 328 193 184 124 
-0.3163 0.4101 -0.4014 0.7554 133.75 20.56 69.12 9.30 -19.60 -18.94 6.5100 -11.2000 -25.2300 5.6122 1.3722 1.7000 2.05 -7.37 6.12 142 347 183 189 125 
-0.4774 0.1472 -0.1862 0.8461 118.06 0.94 17.31 -7.45 22.42 27.15 -8.4500 21.2000 15.7900 -1.8700 -0.2844 -0.3956 0.06 -3.03 9.32 140 361 186 190 123 
-0.4877 0.1350 -0.1575 0.8480 121.37 6.44 25.56 0.27 -2.83 6.14 -2.6800 3.8800 -1.6800 -1.2800 -1.7100 -0.8522 2.61 -4.97 8.03 160 352 193 196 143 
-0.4072 0.3379 -0.1860 0.8279 130.94 28.44 43.63 -1.41 0.94 -0.85 -4.7300 6.9100 -7.6500 -3.8556 -1.0500 -8.0644 8.31 -3.79 3.55 163 328 238 230 171 
0.1677 0.5266 -0.0781 0.8297 219.69 51.44 -32.63 9.18 9.58 4.82 1.4900 5.6500 3.0800 3.7567 2.6900 -7.1789 2.43 8.12 4.91 177 386 338 396 224 
0.4865 0.4047 0.3408 0.6952 251.12 17.25 -64.44 7.16 12.15 9.70 2.0800 3.2800 5.3000 -3.0067 -1.8778 0.7800 4.29 7.35 4.85 172 408 372 425 229 
;
