-0.0664 0.0375 0.2104 0.9746 172.19 5.81 -24.00 0.92 3.89 8.93 -0.1100 -0.0800 0.0200 -0.0056 -0.0289 0.0078 1.01 3.97 8.90 171 370 365 409 216 
-0.0660 0.0393 0.2103 0.9746 172.25 6.00 -23.94 0.92 3.88 8.92 -0.1100 -0.0600 0.0300 -0.0122 -0.0356 0.0000 1.04 3.95 8.91 173 370 364 409 215 
-0.0654 0.0416 0.2096 0.9747 172.31 6.25 -23.87 1.01 3.85 8.93 -0.0700 -0.1100 0.0200 -0.0044 -0.0222 0.0011 1.08 3.94 8.91 171 370 366 408 214 
-0.0651 0.0428 0.2094 0.9747 172.31 6.31 -23.87 0.96 3.92 8.95 -0.1400 0.0100 0.0700 0.0522 -0.0144 -0.0078 1.08 3.97 8.89 174 368 361 407 216 
-0.0600 0.0589 0.2103 0.9740 174.19 10.69 -22.31 3.83 2.23 13.42 1.6300 -0.2500 5.3700 -0.1422 -3.4356 0.3822 4.04 3.36 8.27 127 289 311 290 203 
-0.0906 0.3478 0.2006 0.9114 162.44 50.56 -20.25 8.15 2.09 4.19 -0.4600 0.5300 -1.9600 0.5478 -4.8889 4.5000 9.19 -0.64 3.34 112 222 216 213 166 
-0.3228 0.6156 0.1337 0.7064 124.12 71.87 62.81 6.68 -0.69 0.06 -4.9200 1.2400 -1.3600 1.9822 -1.7367 1.0644 9.09 -3.62 0.49 100 170 171 173 117 
-0.4517 0.6659 0.2091 0.5557 98.06 68.87 87.81 8.66 2.67 -4.98 -0.6300 5.8700 -5.3600 3.5778 -1.2578 -0.9267 9.38 -2.83 -0.05 102 171 160 171 100 
-0.5696 0.5488 0.4415 0.4236 71.00 76.25 93.44 18.20 -1.95 9.49 5.1900 5.6200 4.7000 -0.5000 0.1300 0.8611 9.44 -2.43 -1.02 102 179 179 182 111 
-0.5369 0.5818 0.4450 0.4186 78.37 75.19 106.12 12.04 -0.21 0.00 2.5600 2.5300 0.3400 -2.1333 0.5678 0.0756 9.51 -2.29 -0.64 101 180 183 183 113 
-0.4586 0.6496 0.3453 0.4985 96.87 74.19 107.50 9.61 -0.27 -0.80 0.3100 2.1500 -0.3600 -2.3678 0.9578 0.4400 9.38 -2.77 -0.62 103 182 185 186 115 
-0.3701 0.7084 0.2091 0.5635 116.12 71.81 111.00 7.04 -2.11 -6.15 -2.3800 0.5000 -5.4400 -0.9744 -0.2400 -0.0789 9.29 -2.75 -1.49 105 182 185 187 114 
-0.3417 0.7167 0.1765 0.5818 111.06 72.56 102.12 9.15 -3.01 -6.88 1.5500 4.3900 40.6500 -2.1356 -2.9256 0.9333 9.03 -3.25 -1.98 107 180 183 184 106 
-0.4162 0.7205 0.2441 0.4980 100.62 67.56 111.31 8.48 -3.80 -1.07 1.2000 0.1100 1.1600 0.4778 -0.2333 -0.0478 9.07 -3.46 -1.34 105 184 185 187 112 
-0.4426 0.6960 0.2560 0.5042 97.44 68.25 99.31 9.83 -3.10 3.91 0.6400 0.6500 4.4200 0.4900 1.5044 0.5278 8.96 -3.90 0.72 149 318 225 210 146 
-0.5367 0.5765 0.2317 0.5709 92.06 64.94 49.06 12.60 -6.49 4.99 2.5400 -0.3800 -0.4600 -0.9689 -0.3878 1.8867 8.44 -4.20 2.69 158 402 179 185 116 
-0.6128 0.6068 0.2654 0.4312 61.94 55.56 79.25 7.06 -7.71 -4.75 -1.5400 -1.3900 -4.9500 2.9378 -0.0911 0.2633 7.86 -5.46 2.08 136 416 187 187 116 
-0.7455 0.4825 0.3381 0.3118 43.44 53.75 52.38 6.07 -0.52 1.62 -1.6200 4.2200 -1.8000 2.6456 0.0778 -0.1844 7.93 -3.60 4.49 139 415 194 192 120 
-0.8233 0.3169 0.3893 0.2648 34.69 53.63 29.75 8.20 2.28 4.96 0.3200 4.9600 -0.3100 0.2089 0.4700 0.3611 7.64 -2.91 5.41 138 395 197 194 120 
-0.8450 0.3110 0.3442 0.2659 37.06 46.69 31.94 6.25 -2.01 3.00 1.7300 1.0600 -3.6300 -2.3644 1.7389 -1.1511 6.56 -4.16 5.97 138 415 199 197 125 
-0.7841 0.3956 0.1802 0.4429 61.25 37.94 37.38 6.70 -7.46 5.38 -0.4000 -3.6300 -0.3600 -0.6811 3.0389 -0.1000 4.82 -5.05 6.88 141 422 202 198 127 
-0.7736 0.3626 0.0474 0.5175 69.25 24.81 34.88 -0.12 -4.73 9.15 -2.1700 0.9900 1.0200 -0.2167 -0.6689 0.1622 4.23 -5.27 7.10 146 414 201 196 130 
-0.7681 0.3900 0.0341 0.5067 64.69 27.06 40.94 3.15 -4.79 6.57 -1.6600 0.2900 -0.1400 -0.0244 -1.7300 1.2189 4.73 -6.21 5.93 142 333 187 205 136 
-0.7869 0.4611 0.0974 0.3984 53.63 33.38 49.25 2.22 -6.07 4.34 -3.2100 0.0000 -0.7200 0.6489 -1.5111 -1.9656 6.70 -5.10 5.01 155 344 199 213 141 
-0.7073 0.4841 0.2279 0.4620 73.00 53.75 47.63 12.70 -5.99 4.11 5.1100 -1.8900 -0.2800 1.6144 -2.6589 0.7078 8.36 -3.90 3.32 151 393 191 199 134 
-0.7020 0.4852 0.3248 0.4078 54.81 57.19 48.94 10.60 -1.64 2.57 1.8700 2.7500 -0.5400 2.5522 0.4644 1.3222 7.76 -3.86 4.58 153 389 191 200 136 
-0.8306 0.3428 0.3443 0.2720 33.94 47.63 33.81 5.56 -0.33 4.81 -1.5300 3.2700 -0.7000 0.9511 0.4922 0.5133 6.86 -3.52 6.04 145 382 193 201 134 
-0.8762 0.2888 0.3159 0.2217 27.81 42.19 31.25 7.55 -1.16 5.05 1.8500 2.4300 -1.5900 -1.2533 0.8889 0.2022 6.15 -4.41 6.22 144 387 195 204 136 
-0.8638 0.3485 0.2267 0.2847 38.94 35.44 36.38 8.14 -4.55 4.98 0.8200 -0.3400 -1.8400 -2.5100 3.0022 -1.8667 4.99 -5.31 6.55 134 404 200 208 137 
-0.7802 0.4088 0.0598 0.4698 64.19 26.37 41.88 0.57 -7.78 5.60 -4.0600 -2.5300 -0.0300 -0.0444 0.3600 0.6144 3.47 -6.26 6.69 142 414 207 207 136 
-0.7563 0.3889 -0.0669 0.5219 70.00 18.12 44.06 2.04 -5.37 8.30 -0.6300 1.4400 1.4200 -0.9489 -0.4156 -0.1056 3.33 -6.83 6.19 151 390 194 210 142 
-0.7399 0.4414 -0.0774 0.5018 66.50 18.00 51.81 -1.53 -4.37 2.98 -5.0400 3.0600 -3.0400 0.5967 -0.6300 -1.4833 3.57 -6.98 5.88 159 321 219 228 159 
;
