0.0255 0.5975 0.0855 0.7969 183.62 71.44 -31.44 9.25 1.55 2.65 0.0500 -0.0200 0.0200 -0.0022 0.0011 0.0067 9.29 1.62 2.66 174 298 317 338 203 
0.0251 0.5977 0.0856 0.7968 183.56 71.50 -31.62 9.26 1.62 2.72 -0.0100 -0.0300 0.0500 0.0056 -0.0356 -0.0011 9.30 1.63 2.62 176 298 313 338 202 
0.0251 0.5992 0.0858 0.7956 183.56 71.62 -31.94 9.26 1.59 2.73 -0.0600 -0.0200 0.1100 -0.0044 -0.0056 0.0011 9.30 1.63 2.62 175 299 317 339 203 
0.0252 0.5993 0.0858 0.7955 183.62 71.69 -32.06 9.39 1.64 2.60 0.1100 -0.0300 0.0100 -0.0189 -0.0133 0.0078 9.31 1.62 2.59 176 302 307 336 204 
0.0229 0.5914 0.0613 0.8037 183.75 69.87 -14.38 15.99 -1.20 4.49 7.1700 -2.2200 0.3100 -1.1611 1.4033 2.0911 8.84 -0.60 4.18 112 329 331 374 222 
-0.0425 0.4958 -0.0916 0.8625 171.12 52.50 32.00 5.40 -4.75 3.24 -0.3500 0.8000 -3.3900 -0.7656 -1.6222 3.2511 6.75 -5.65 4.30 99 186 179 189 133 
-0.2096 0.4866 -0.2557 0.8086 148.56 45.31 57.13 3.44 -1.55 3.11 -3.2800 2.5700 -1.0400 1.0889 -0.4778 -1.8967 7.84 -4.52 3.75 108 186 177 182 120 
-0.1979 0.5546 -0.0995 0.8021 152.69 61.88 44.88 13.42 1.67 1.18 2.9300 3.2700 -1.7800 1.8000 -0.9411 -0.7567 9.14 -2.13 2.82 112 180 182 188 111 
-0.2449 0.5576 0.0654 0.7905 146.31 62.00 22.50 4.75 -0.73 10.64 -2.0300 2.1400 4.1300 -2.9089 2.9322 0.3489 7.55 -3.08 5.43 121 184 181 188 127 
-0.1668 0.4838 -0.1227 0.8503 159.81 52.25 39.50 7.86 -2.28 3.87 0.5800 1.2800 -1.1100 -2.2400 -1.5400 -0.4256 8.34 -4.26 2.88 123 186 185 187 121 
-0.0654 0.5691 -0.2330 0.7859 171.81 59.31 60.94 5.12 -5.30 -5.36 -4.1000 -1.3900 -7.8300 0.5611 -0.6144 -0.4778 8.53 -4.11 2.54 118 185 184 192 121 
-0.0699 0.5732 -0.1777 0.7969 165.87 65.19 49.06 22.34 -7.64 29.15 10.8800 0.5300 4.0600 -0.7444 1.8944 0.9322 8.85 -3.57 2.24 114 179 181 181 109 
-0.0803 0.5753 -0.1798 0.7939 167.62 61.75 53.38 7.23 -4.47 2.68 -1.2800 -0.5600 0.8800 0.6489 -0.5800 0.0344 8.73 -3.64 2.55 114 181 183 189 119 
-0.1312 0.6248 -0.1372 0.7574 156.75 67.19 78.75 3.67 -3.91 2.92 -3.9400 -0.2600 2.2500 -2.0189 -1.8767 -1.1378 9.14 -3.12 -1.67 136 237 217 237 168 
-0.0283 0.7064 -0.1205 0.6969 179.25 79.12 42.06 19.57 -2.73 -2.80 10.3000 -0.5700 1.5200 7.2933 4.4178 -1.2222 8.43 1.86 4.63 187 407 327 411 174 
-0.1766 0.4412 0.2474 0.8444 151.94 56.50 -27.69 3.57 4.39 6.00 -5.3000 3.5400 0.0700 -0.6378 -3.2611 3.9344 9.33 0.17 3.00 213 344 351 422 219 
-0.3084 0.6442 0.1151 0.6904 129.44 66.50 90.44 1.11 -1.27 -3.02 -4.0000 4.9700 -0.0800 -5.4444 -5.2533 6.0278 5.04 -6.05 -5.82 206 271 276 326 228 
-0.1356 0.8911 -0.3456 0.2609 224.37 21.31 164.81 3.47 3.54 -19.19 -0.3600 3.2700 -10.6300 -2.5322 0.4878 -0.2878 4.30 0.41 -8.80 212 309 276 353 226 
0.1199 0.8977 -0.3792 0.1897 226.19 25.62 -175.50 6.38 -0.83 -12.14 -0.8500 -0.9300 -1.4600 0.6322 -0.1556 0.4533 4.27 0.02 -8.82 210 315 280 362 227 
0.0760 0.8901 -0.3968 0.2111 227.81 26.25 177.31 4.14 0.29 -7.38 0.0500 0.6600 1.0500 0.0467 1.3100 -0.8856 5.06 -0.21 -8.39 209 299 278 349 227 
0.1303 0.8891 -0.2952 0.3246 219.06 47.50 -178.31 19.42 1.24 -11.22 10.9100 2.1700 -2.7900 -0.3611 5.8133 5.3078 8.73 -2.60 -3.61 209 403 191 199 112 
0.1991 0.4235 -0.4584 0.7556 211.37 40.50 57.50 -0.27 -1.69 -1.34 -6.3100 2.8100 -6.7700 -2.5722 6.1889 2.2978 1.95 -8.25 4.91 209 419 205 207 121 
0.2993 -0.1571 -0.4957 0.8000 221.00 0.00 62.56 0.04 -4.17 2.73 0.1100 4.8600 -1.7000 1.1744 0.8789 0.2300 -0.55 -8.26 5.24 211 420 207 208 125 
0.3345 -0.2007 -0.3941 0.8322 223.31 -5.56 48.75 3.82 -8.27 9.13 6.0600 -2.8100 3.7500 1.3833 -0.7411 1.5222 -1.35 -6.45 7.25 159 425 205 203 127 
0.2475 -0.1821 -0.3057 0.9012 208.00 -10.63 41.56 -5.31 -12.10 14.39 -3.2200 -4.2900 6.8100 -2.7633 -0.2211 0.4956 -1.84 -7.63 5.87 173 427 192 198 130 
0.1686 -0.1981 -0.4609 0.8484 202.75 -10.25 64.81 -8.23 -3.47 5.01 -6.7500 5.3600 1.3500 -2.1833 0.2744 -1.7067 -0.88 -9.46 2.39 176 431 204 194 132 
0.2291 -0.2110 -0.6186 0.7213 219.62 0.88 84.19 -1.23 -3.25 -1.68 -1.6200 6.6200 -2.5600 -0.4289 2.0511 -1.0633 0.89 -9.75 0.52 174 428 205 196 131 
0.3721 -0.2650 -0.6226 0.6354 244.87 8.44 82.81 3.70 -2.43 0.54 3.9900 6.3000 -1.6200 1.8922 1.4189 -0.9344 1.90 -9.26 2.60 179 431 207 196 133 
0.5102 -0.2382 -0.5037 0.6552 255.81 11.25 62.31 11.09 -4.70 4.47 10.2700 3.5200 0.5600 3.8578 -0.4433 1.3744 1.25 -6.92 6.82 177 435 207 200 131 
0.4657 -0.1207 -0.2975 0.8246 235.00 3.75 35.38 -1.48 -10.87 17.29 -4.4600 -5.0900 8.6100 -0.1800 -1.7322 1.9122 0.76 -5.53 8.05 177 432 208 198 132 
0.3043 -0.0512 -0.3146 0.8976 216.25 6.06 38.38 -3.14 -3.60 7.89 -3.6400 2.8500 -0.2300 -0.5889 -0.0567 -0.0367 1.11 -6.44 7.30 171 430 207 198 133 
0.2913 -0.0547 -0.3568 0.8859 216.69 6.00 41.88 0.68 -5.06 6.83 0.3400 1.4000 -0.2700 0.8533 -0.3844 0.0500 1.10 -6.16 7.54 169 433 225 209 150 
;
