0.3608 -0.4446 -0.4561 -0.6813 124.12 69.19 -57.81 9.20 2.91 1.74 0.0500 -0.0400 -0.1200 -0.0022 0.0267 -0.0067 9.16 2.94 1.86 212 349 345 347 230 
0.3616 -0.4437 -0.4556 -0.6818 124.12 69.12 -57.56 9.24 2.93 1.65 0.0200 -0.0200 -0.1200 0.0078 0.0389 0.0011 9.16 2.94 1.88 212 348 346 354 230 
0.3619 -0.4432 -0.4554 -0.6820 124.06 69.06 -57.38 9.22 2.96 1.70 0.0200 0.0100 -0.1600 0.0122 0.0244 0.0022 9.16 2.94 1.88 207 354 349 357 230 
0.3701 -0.4397 -0.4579 -0.6782 118.75 69.81 -54.13 11.71 3.59 5.42 3.3500 -0.1600 2.5500 0.5011 -1.0356 1.9944 9.55 1.51 1.62 166 364 366 391 253 
0.4905 -0.4742 -0.4126 -0.6035 100.19 74.25 12.63 9.76 -1.71 1.41 -2.5700 -0.5300 -1.7500 -3.6244 0.4822 2.7200 8.68 -3.63 2.74 121 215 222 218 146 
0.5259 -0.5932 -0.1746 -0.5839 93.56 61.19 63.56 4.11 -3.74 -3.37 -2.2400 0.9800 -6.3400 2.1922 -2.4722 -0.1544 8.86 -3.99 1.31 129 212 218 214 144 
0.5881 -0.5801 -0.3139 -0.4681 72.06 67.31 71.25 11.04 4.33 -7.14 2.1300 9.1000 -8.8100 6.0622 -1.3544 -0.5733 9.27 -2.74 1.60 131 213 218 223 149 
0.6989 -0.4335 -0.4431 -0.3569 51.00 67.56 59.19 7.14 0.98 5.61 0.2400 5.1600 5.0100 -2.2389 0.0911 0.2411 9.04 -3.63 1.06 135 222 227 225 153 
0.6236 -0.5457 -0.4067 -0.3846 69.37 68.75 78.94 10.12 -0.29 -6.97 1.1700 2.4500 -8.7000 -1.0700 0.4178 -1.8178 9.44 -2.49 0.86 135 220 226 226 153 
0.5724 -0.5190 -0.3771 -0.5106 78.25 73.87 42.25 10.20 -2.67 10.94 -2.1500 6.7200 34.9100 -0.2133 0.0067 1.8611 9.33 -2.14 2.09 137 214 226 231 158 
0.6603 -0.4342 -0.3867 -0.4754 72.87 61.56 25.75 9.14 0.39 9.44 1.4400 2.3000 4.4100 -2.7156 4.5211 -0.1867 6.82 -2.86 6.42 201 378 272 261 194 
0.6504 -0.3507 -0.0217 -0.6734 101.69 18.25 36.81 10.53 -0.36 5.64 1.1900 -0.6500 -2.5400 -6.3144 9.4922 -0.5078 -1.03 -8.51 4.75 237 467 234 246 175 
0.3658 -0.2150 0.5382 -0.7282 131.12 -3.37 74.00 1.81 -6.30 -0.49 0.5600 2.0900 -3.1400 0.6833 2.2733 -1.0822 -0.28 -9.40 2.77 243 471 246 241 179 
0.2312 -0.1494 0.5658 -0.7772 148.81 -1.44 69.62 2.16 -3.62 1.82 2.7600 5.0500 -2.3900 2.0622 -0.4411 -0.1533 -0.04 -8.72 4.48 229 473 245 247 179 
0.2507 -0.1338 0.4604 -0.8410 142.81 -0.37 54.44 4.14 -12.80 11.16 2.6800 -6.1300 5.4800 0.7489 -1.8344 1.8000 -0.35 -7.57 6.22 217 467 246 250 180 
0.4216 -0.1670 0.4104 -0.7912 119.56 -6.12 55.19 -7.49 -12.36 12.65 -7.1700 -2.2800 5.9200 -3.2978 -0.5578 1.1989 -1.70 -8.99 3.51 221 468 249 252 182 
0.4578 -0.2607 0.5554 -0.6434 110.87 -9.75 79.12 -3.47 -3.31 1.16 -1.4000 6.5000 -0.7100 -1.0378 2.2867 -0.8378 -1.22 -9.71 0.54 291 527 316 280 149 
0.2980 -0.2348 0.6510 -0.6575 134.06 -3.12 86.94 -0.68 -1.52 0.78 0.9600 7.8500 -0.1400 1.2544 1.6356 -2.3244 1.06 -9.63 1.48 297 530 284 287 222 
0.1580 -0.2291 0.5762 -0.7685 159.56 10.81 73.31 10.90 -7.13 3.18 10.5100 1.0800 0.6400 1.9744 -0.5078 -0.2122 2.19 -8.65 4.06 209 455 239 241 171 
0.1907 -0.2348 0.4578 -0.8361 148.50 13.06 59.63 6.48 -10.63 10.62 -0.3100 -3.8700 5.8100 -0.0111 -2.5333 2.2078 1.96 -8.45 4.55 199 444 227 234 159 
0.4054 -0.3638 0.3920 -0.7413 120.62 12.50 65.94 -3.07 -9.33 6.26 -4.1400 0.1800 1.4900 -0.2189 -0.3022 -0.1900 2.25 -8.88 3.49 198 442 229 234 160 
0.4143 -0.3884 0.4017 -0.7184 120.19 13.06 65.81 0.57 -6.85 1.44 -1.8300 0.6600 -3.9000 4.6589 -7.6867 1.0733 3.59 -7.66 4.94 204 431 247 213 149 
;
