0.2256 0.4734 0.0010 0.8514 207.25 55.94 -19.56 13.63 1.33 4.46 5.0600 -0.4700 -1.0700 -1.1500 -1.9622 3.2256 9.11 -0.58 3.55 112 240 214 232 170 
0.0511 0.6060 -0.1713 0.7751 183.31 73.94 61.63 4.40 0.46 -4.36 -4.2500 1.8400 -5.8000 3.9244 -2.2633 0.4589 9.39 -2.80 0.15 101 183 180 189 117 
-0.1585 0.7098 -0.0276 0.6857 147.94 75.75 93.94 6.35 2.18 2.09 -3.9300 4.1300 2.2000 3.4022 -1.0522 -0.8678 9.63 -1.83 -0.15 104 187 184 188 114 
-0.2866 0.7018 0.2177 0.6147 126.19 80.19 141.12 15.81 4.25 -9.59 4.4700 4.7900 -4.3100 4.4144 -0.3233 -0.0556 9.56 -1.16 -1.80 106 189 187 194 116 
-0.3607 0.6896 0.3380 0.5293 114.69 78.12 136.12 12.67 4.87 2.01 3.1300 7.0700 2.3000 -2.8933 0.5411 0.9044 9.58 -1.65 -1.24 110 191 190 194 118 
-0.2532 0.7245 0.1479 0.6238 139.12 78.87 110.69 7.38 -3.03 -17.32 -2.1800 -1.8100 -17.3800 1.7156 1.3356 -0.9744 9.74 -1.10 0.26 107 182 184 190 109 
-0.2205 0.7178 0.2043 0.6280 143.94 81.00 159.19 13.00 -2.99 -1.99 1.9300 -1.6300 -0.6700 -1.5678 2.1678 1.4067 9.64 -1.75 -0.21 112 195 199 212 140 
-0.2352 0.7036 0.0426 0.6692 139.87 71.81 74.69 7.02 -5.18 0.06 -1.5100 -2.2900 -1.6900 1.4989 0.0833 0.8300 8.99 -3.20 2.25 207 198 199 206 123 
-0.2874 0.6046 -0.0336 0.7421 135.94 60.75 57.69 -1.29 -2.68 -4.53 -14.4100 2.9400 -6.4300 2.6211 -1.8256 -1.5322 9.05 -2.88 2.42 209 184 192 209 124 
-0.2623 0.6045 0.1557 0.7360 149.06 78.37 -19.50 37.65 12.44 0.65 25.7900 8.1200 -0.1300 0.4211 -0.1800 -1.0444 9.45 2.30 1.17 212 187 200 214 126 
-0.1609 0.6171 0.2693 0.7216 153.75 78.44 -59.88 7.05 2.55 1.86 -2.9100 1.1100 0.4800 -0.1367 0.3489 0.5022 9.65 1.20 1.25 210 187 196 213 128 
-0.1882 0.6191 0.2373 0.7245 151.06 81.50 -42.19 8.80 3.79 2.80 -0.2100 2.4800 2.9600 -0.3478 1.2511 -0.2133 9.53 1.09 1.98 190 255 231 251 167 
-0.1696 0.4957 0.2347 0.8188 162.56 49.38 -32.44 1.04 2.59 6.06 -3.3300 -1.8100 -2.4400 -3.4789 4.4756 -6.9978 1.93 4.58 8.44 201 352 319 354 203 
0.1998 0.0408 0.2058 0.9571 206.56 -2.69 -24.62 6.29 7.38 3.72 6.9600 3.5300 -5.1400 2.7967 -1.6778 -0.4033 -0.11 4.52 8.70 177 317 307 309 200 
;
