0.1607 0.2170 0.0920 0.9584 198.94 22.50 -15.56 3.07 3.29 8.53 -0.6600 0.7900 -0.1900 -0.0133 0.0344 0.1622 3.75 2.45 8.72 169 319 307 321 198 
0.1586 0.2188 0.0934 0.9583 198.69 23.00 -15.56 4.22 2.21 8.63 0.3500 -0.2200 -0.0200 -0.0022 -0.0878 0.1189 3.87 2.40 8.68 170 320 307 322 198 
0.1575 0.2206 0.0923 0.9581 198.62 23.12 -15.56 3.74 2.57 8.60 -0.1400 0.1200 -0.0800 0.1744 0.0256 -0.0522 3.85 2.53 8.65 170 322 309 322 198 
0.1629 0.2217 0.1144 0.9546 198.25 22.37 -21.37 6.72 6.27 12.50 1.1100 1.7300 4.2900 1.2056 -1.6689 2.3278 5.07 3.64 7.55 132 331 319 322 210 
-0.0182 0.3504 0.1658 0.9216 170.56 47.63 -18.87 10.46 3.37 3.97 0.4500 0.8300 -2.4000 0.4722 -2.4333 5.0233 8.41 -0.60 5.00 107 248 243 251 205 
-0.3235 0.5582 0.0886 0.7589 128.31 65.06 42.13 5.38 -1.49 2.39 -3.2100 0.5900 -0.0500 1.8811 -2.5544 0.0456 9.25 -2.86 1.51 94 176 166 176 110 
-0.4164 0.6376 0.2190 0.6100 107.56 75.94 82.50 8.58 1.42 -2.53 -0.8700 3.7400 -2.8300 2.8611 -1.9667 -0.8889 9.60 -1.74 -0.90 100 185 167 187 116 
-0.4721 0.6001 0.4332 0.4789 88.44 80.12 123.75 10.03 1.97 -7.08 1.8000 3.8100 -8.1700 3.1411 -0.3300 -0.4800 9.68 -0.97 -1.19 98 179 160 180 115 
-0.5244 0.5328 0.5042 0.4324 80.44 82.06 101.81 7.16 1.38 4.49 -0.6800 2.3300 4.3500 -2.2122 0.0367 -0.4244 9.74 -1.02 -0.25 101 185 173 185 119 
-0.4565 0.5821 0.3987 0.5420 102.87 83.81 173.81 10.14 2.32 -3.14 -0.4000 3.3000 -2.3800 -1.8244 0.5922 0.5011 9.69 -1.48 0.00 103 184 175 187 119 
-0.3843 0.6478 0.2949 0.5879 117.19 81.87 95.12 10.71 -3.61 -15.27 0.9500 -4.2700 -20.2200 5.6233 -1.0589 0.4222 9.69 -1.49 -0.16 103 175 164 183 112 
-0.4573 0.6340 0.3891 0.4874 93.31 76.56 110.75 7.93 -5.08 -3.38 -2.5600 -3.1400 -2.5400 -0.1678 1.6511 -0.6333 9.58 -2.02 0.38 105 187 174 188 124 
-0.4926 0.5737 0.3364 0.5613 97.25 76.31 55.19 8.12 -0.49 5.73 -1.4600 1.4200 4.1300 -0.3156 0.9578 0.8633 9.32 -2.47 1.76 133 312 230 220 160 
-0.5508 0.5345 0.3147 0.5585 89.69 70.94 41.25 9.44 -6.54 5.77 -0.7000 -2.7600 2.2100 -3.0089 -2.2311 -0.4622 9.43 -2.37 1.21 160 387 182 176 126 
-0.4507 0.6284 0.3159 0.5498 101.44 78.00 107.19 6.20 0.42 -4.17 -3.3100 2.6200 -3.5800 0.6722 -1.6178 -1.9378 9.58 -0.89 -1.89 133 405 190 185 128 
-0.3606 0.6394 0.4706 0.4896 108.44 73.56 -175.50 12.08 3.66 -9.39 3.2700 3.2500 -6.4800 1.1922 -1.1622 0.1244 9.08 0.20 -3.68 134 411 195 188 131 
-0.3723 0.6392 0.5333 0.4103 89.00 68.12 166.56 21.03 0.74 -5.52 11.6700 1.9300 -1.5800 2.2444 3.9356 0.3167 9.59 -1.65 -1.13 142 412 194 190 130 
-0.5919 0.5040 0.4499 0.4396 72.37 72.44 45.13 6.85 -1.00 4.20 -2.4300 0.8200 1.0600 -0.6344 5.2544 -0.5722 7.98 -1.95 5.35 148 406 198 191 131 
-0.6910 0.3647 0.2019 0.5905 81.69 42.00 27.25 -2.58 -3.09 5.69 -9.0200 0.8200 -1.0900 -3.0000 -1.0767 1.1600 6.36 -5.19 5.35 138 403 201 191 130 
-0.6324 0.5306 0.0753 0.5593 85.06 46.50 58.75 -0.73 -1.53 0.51 -8.3100 4.5300 -2.6900 -1.6433 -2.0567 -2.6378 8.40 -4.79 1.55 136 400 201 193 132 
-0.4388 0.6706 0.1901 0.5671 110.37 73.50 96.06 9.22 1.35 -12.61 1.7100 4.3300 -9.4400 2.2422 -2.4878 -2.3522 9.59 -0.81 -1.85 128 394 208 192 132 
-0.3613 0.6762 0.4356 0.4716 101.56 70.19 163.19 19.40 0.06 0.45 9.4500 1.4600 4.1000 0.5867 -0.1978 0.7900 9.00 -1.78 -3.45 134 393 208 194 134 
-0.4041 0.6899 0.4229 0.4266 95.00 70.12 144.56 11.76 0.41 -1.09 2.6500 2.5700 0.7500 -3.8533 5.5678 -0.7856 9.67 -1.24 0.96 164 388 173 195 141 
-0.2868 0.4547 0.0941 0.8379 151.81 35.44 15.94 3.67 -8.39 -7.64 -1.0900 -4.3800 -10.3800 -4.9800 10.5956 -2.1356 -0.21 -5.12 8.35 207 423 265 271 177 
-0.0756 0.0305 -0.3511 0.9328 172.75 -1.19 44.94 -1.29 -4.61 6.00 0.8800 0.5800 0.0300 -0.7867 0.4711 -0.4156 -0.07 -7.62 6.17 209 424 205 192 125 
-0.0316 0.0171 -0.4489 0.8929 176.75 0.50 52.94 0.06 -6.33 5.06 0.5000 1.4100 -0.6100 0.4811 0.1422 -0.4511 0.43 -7.62 6.15 208 408 169 179 118 
-0.0300 0.0514 -0.4053 0.9122 175.44 4.25 46.56 3.94 -6.30 6.03 1.8800 -1.4400 -0.8300 1.9033 -1.6267 1.4200 1.23 -6.38 7.34 205 422 193 174 126 
-0.1259 0.1116 -0.3082 0.9363 161.75 6.75 37.31 3.50 -11.94 14.29 2.2200 -6.4000 6.9300 -0.7867 0.0144 1.6756 0.46 -6.40 7.41 206 426 198 179 128 
-0.2209 0.0962 -0.3677 0.8982 151.50 -0.75 48.31 -4.60 -4.46 7.71 -4.5600 2.4800 0.2300 -1.7800 0.7133 -0.1956 -0.66 -8.28 5.20 208 430 199 183 129 
-0.2009 0.0662 -0.5274 0.8229 154.37 -6.19 67.06 -5.24 -3.78 2.57 -3.4700 5.6400 -1.6800 -1.1967 1.4989 -1.0011 -0.79 -9.39 2.68 205 429 200 185 129 
-0.0715 0.0211 -0.6159 0.7842 173.94 -1.94 76.12 0.13 -3.71 0.69 0.6400 5.6600 -1.6500 1.0200 1.3889 -1.0589 0.06 -9.38 2.83 204 431 203 187 129 
0.0564 -0.0361 -0.5642 0.8229 189.62 0.06 64.56 6.21 -4.46 3.02 7.4800 4.2300 -0.6200 3.1833 -0.2467 0.1444 -0.04 -7.58 6.21 203 431 208 187 130 
0.0538 -0.0003 -0.3550 0.9333 183.75 5.06 37.19 7.48 -11.19 13.81 3.6400 -5.6400 5.4600 1.3089 -3.9178 2.1844 2.29 -5.16 8.01 202 430 211 188 130 
;
