0.0650 0.4541 0.3328 0.8239 188.94 44.81 -58.75 7.29 5.97 3.60 0.3300 0.0400 -0.1000 -0.0767 0.1033 -0.0156 6.90 5.90 3.68 171 236 219 234 167 
0.0663 0.4501 0.3243 0.8293 189.31 44.75 -56.81 8.04 7.48 4.04 2.2100 2.8300 0.7600 -0.7422 0.2478 -0.2211 6.79 5.70 4.17 171 344 275 262 186 
0.0938 0.4130 0.2761 0.8628 191.75 39.63 -41.06 4.38 5.87 8.53 -3.0500 1.6900 4.4600 -4.8433 -0.8289 2.4644 7.06 1.85 6.53 154 326 342 354 218 
0.0696 0.4237 -0.0726 0.9002 187.81 48.50 18.31 3.04 -5.11 -1.90 -4.7800 -0.9800 -8.9400 -2.9100 -1.7956 1.2556 7.40 -4.64 4.44 105 185 199 199 145 
0.0559 0.4941 -0.3214 0.8058 188.62 59.69 59.31 9.43 -1.34 -10.18 4.4600 3.7000 -14.8600 5.4333 -2.0289 -1.5867 9.38 -2.31 1.63 102 164 168 172 116 
-0.0465 0.6570 -0.0754 0.7487 173.56 79.12 65.44 7.40 1.27 5.30 -2.4400 3.6100 3.6400 -2.1289 1.4011 0.6567 9.28 -2.72 1.57 107 188 175 182 123 
0.0020 0.6277 -0.2002 0.7523 184.87 71.37 69.87 8.74 0.97 -3.62 0.0400 3.6000 -5.2000 -1.8211 -0.3511 -0.5544 9.42 -2.66 0.46 109 192 187 185 128 
0.1273 0.6200 -0.2864 0.7193 203.12 74.69 67.69 11.39 -3.41 -9.88 3.1000 -3.3200 -18.6400 1.7278 2.6400 -0.3956 9.25 -1.88 2.63 109 173 173 180 120 
0.0635 0.6037 -0.1475 0.7809 190.69 76.31 51.31 11.48 -1.51 1.05 -1.2400 -1.9000 -3.1200 -0.6256 0.8956 0.6533 9.28 -2.50 1.90 114 183 183 188 129 
0.0659 0.5865 -0.2112 0.7791 189.81 70.06 47.31 10.05 -2.05 4.30 0.5600 0.7300 2.1500 0.1556 0.8189 0.1900 8.98 -2.53 3.00 126 205 208 213 159 
0.0705 0.5115 -0.2040 0.8317 189.50 60.06 31.75 9.48 -2.73 6.66 1.9400 -2.4600 2.3000 2.5822 1.5778 -0.8756 7.99 -1.44 5.49 172 378 184 195 143 
0.0982 0.3878 -0.1561 0.9031 192.44 42.63 21.00 11.96 -5.07 3.84 3.9200 -1.5500 -5.3900 3.6400 1.7522 0.3122 5.47 -1.25 8.03 165 238 178 186 142 
0.0213 0.2238 -0.0304 0.9739 181.31 22.94 2.62 3.63 -2.02 2.28 -0.2600 -0.8500 -7.1300 1.2367 2.0067 1.5278 2.10 0.19 9.57 168 207 177 182 134 
-0.0821 0.0845 0.0371 0.9924 168.44 8.25 -4.87 0.36 5.74 8.59 -1.0400 4.9900 -0.6700 -0.0078 0.0544 1.0022 1.22 0.83 9.69 167 198 184 188 138 
-0.1423 0.0549 0.0275 0.9879 166.44 6.06 0.00 0.26 3.83 9.54 1.1400 4.1600 0.4800 -1.6100 0.8567 -2.5356 0.27 -1.07 9.74 167 200 184 197 145 
0.0112 0.0034 -0.0891 0.9960 181.87 -0.50 12.56 2.49 -6.71 7.16 1.5700 -4.8600 -1.9300 -0.3322 0.8644 0.2744 -0.70 -2.54 9.44 165 206 191 204 151 
0.0023 -0.0619 -0.1359 0.9888 180.25 -8.19 15.88 -3.65 -3.71 9.40 -1.7000 -1.1500 -0.1000 -0.1256 0.2156 -0.0544 -1.61 -2.71 9.28 165 208 193 204 152 
-0.0054 -0.0806 -0.1333 0.9878 179.19 -9.13 15.19 -1.40 -2.32 9.62 0.0500 0.3300 0.2400 -0.2067 -0.4356 0.2900 -1.31 -2.65 9.34 163 205 192 206 152 
-0.0519 -0.0274 -0.1501 0.9869 171.06 0.25 18.37 -7.03 -6.10 6.29 -5.9000 -2.2400 -3.5500 2.0400 -5.0744 0.7178 3.29 -2.49 8.89 172 425 214 222 148 
-0.2009 0.2975 -0.0259 0.9330 148.62 41.06 12.81 16.69 -3.20 2.15 7.7500 -1.0100 -4.0200 2.9278 -0.2678 0.5867 7.13 -0.78 6.67 169 435 210 206 141 
-0.3793 0.3754 0.1492 0.8324 129.62 47.31 1.62 6.55 3.77 4.66 0.4400 4.0700 -2.1900 0.4667 0.4544 -0.0778 7.03 0.13 6.82 169 422 205 196 138 
-0.3968 0.3448 0.1625 0.8350 130.00 44.50 1.19 7.69 1.33 5.30 1.8400 1.7700 -1.6200 -1.3522 0.3844 -0.4989 6.67 -0.55 7.15 168 416 199 209 144 
-0.3283 0.3472 0.0680 0.8758 142.19 39.06 10.81 10.94 -3.02 2.57 3.4200 -1.3100 -3.6800 -3.3244 3.2800 -3.0422 5.10 -2.17 8.08 167 431 218 220 151 
-0.1169 0.2742 -0.1030 0.9490 166.94 29.50 19.06 4.55 -8.10 7.48 -2.6800 -4.5600 0.8500 -0.4433 -1.5678 0.9367 4.96 -3.72 7.58 165 391 221 231 150 
-0.1379 0.2764 -0.1718 0.9354 162.75 27.81 26.81 4.01 -3.98 8.55 -0.6600 0.0000 0.7200 0.4167 -0.2511 0.5822 4.56 -3.88 7.75 169 378 222 220 153 
-0.1682 0.2803 -0.1580 0.9318 161.75 27.25 25.19 1.20 -3.76 6.77 -3.3000 -0.0400 -1.5400 -1.5589 2.2211 -3.2433 4.01 -3.62 8.18 167 302 220 227 160 
0.0796 0.1911 -0.1967 0.9584 196.25 23.94 19.12 5.12 -2.34 1.70 3.3100 0.4600 -5.8900 2.5300 0.8378 -3.2500 3.84 -0.54 9.00 168 272 264 246 172 
;
