0.8112 -0.0576 -0.5293 -0.2416 33.13 62.44 -20.50 8.67 1.54 4.12 0.0100 -0.0300 -0.1200 -0.0022 0.0022 -0.0100 8.69 1.59 4.24 191 354 346 397 215 
0.8113 -0.0574 -0.5292 -0.2419 33.19 62.38 -20.56 8.69 1.57 4.18 0.0100 -0.0100 -0.0900 -0.0011 -0.0144 -0.0067 8.69 1.60 4.24 192 355 346 391 215 
0.8094 -0.0610 -0.5331 -0.2386 32.88 63.75 -18.94 8.95 1.39 6.00 1.3900 0.3400 3.0900 -2.3689 -0.6811 0.4600 9.08 0.38 3.67 164 280 281 242 155 
0.7693 -0.2091 -0.5316 -0.2861 40.63 72.06 12.94 14.38 -1.32 2.59 4.5900 -0.2600 -0.6300 -1.5733 -0.7400 1.9767 9.27 -2.48 2.00 102 197 182 174 108 
0.7409 -0.4084 -0.4583 -0.2726 41.00 61.06 55.88 6.46 -2.71 0.01 -0.9000 1.7200 -2.1000 0.5044 -0.6144 1.4767 8.24 -4.72 2.40 93 194 178 169 107 
0.7605 -0.4470 -0.4342 -0.1824 22.87 55.13 68.94 6.18 -1.35 -3.68 -2.4900 3.3100 -7.2000 2.5111 -2.6644 0.1411 8.22 -5.11 1.53 96 198 171 170 107 
0.7654 -0.3154 -0.5609 -0.0102 3.44 58.44 72.56 12.21 -1.35 -1.89 2.4400 2.0300 -2.0400 -1.4733 1.5933 0.9456 8.09 -5.43 1.06 99 196 182 174 111 
0.7372 -0.4244 -0.5225 -0.0573 13.13 54.81 79.81 10.01 -3.82 0.62 3.2100 2.6700 -2.4700 -1.4278 0.8778 -0.2967 8.03 -5.52 1.04 100 201 185 175 114 
0.7346 -0.4866 -0.4440 -0.1627 25.56 53.81 75.31 6.36 -4.64 -9.44 -3.1500 0.4700 -16.0100 4.2089 -1.0978 -0.4689 8.21 -4.81 2.34 103 185 174 174 109 
0.7509 -0.4005 -0.5052 -0.1432 22.75 60.56 70.31 8.09 -6.37 1.53 -1.2400 -1.5300 0.1400 -0.6600 -0.5678 1.1078 8.20 -5.23 1.17 108 212 188 187 123 
0.7330 -0.4718 -0.4741 -0.1234 17.69 52.31 80.87 8.26 -6.66 6.26 0.7900 0.0100 5.6400 -1.5700 0.5956 0.9300 7.25 -6.57 0.58 116 285 206 192 126 
0.6877 -0.5767 -0.4297 -0.0994 13.25 42.25 96.75 8.85 -8.44 -4.04 2.0900 -1.6600 -4.3600 1.2167 -2.3700 2.0833 5.16 -8.21 -1.42 108 395 190 181 120 
0.6945 -0.5928 -0.3961 0.0970 341.44 23.87 88.25 0.84 -8.85 -2.82 -2.1200 0.9200 -3.0900 2.2756 0.8122 0.7589 3.11 -9.00 2.32 105 385 184 179 120 
0.7967 -0.5000 -0.2899 0.1767 334.37 15.63 66.87 2.03 -7.38 -2.29 -0.2900 0.6900 -7.5900 2.5000 -0.1389 0.4733 2.36 -7.99 5.17 106 391 187 180 120 
0.8792 -0.3445 -0.2186 0.2461 327.62 10.75 41.06 0.79 2.03 18.94 -2.1500 7.2100 12.8000 0.1267 1.5556 -0.1200 1.08 -5.70 7.90 106 400 189 181 122 
0.9088 -0.3069 -0.1441 0.2432 331.00 7.00 40.94 2.63 -7.84 4.41 1.1300 -0.3800 -0.9800 0.0078 -0.1378 -0.2611 1.43 -6.43 7.25 109 401 194 184 122 
0.9042 -0.3276 -0.1657 0.2182 333.00 9.69 43.75 -0.84 -3.39 7.53 -3.7200 3.7000 0.3100 -1.5044 -1.1656 -0.9878 2.68 -7.33 5.92 117 355 226 215 154 
0.8651 -0.3908 -0.2820 0.1389 347.56 27.25 55.25 3.47 -6.76 0.85 -1.4100 0.1100 -3.9200 -0.9678 0.3422 -4.3033 6.49 -5.73 4.59 148 320 266 262 180 
0.8429 -0.3301 -0.4019 -0.1379 23.25 55.88 38.38 11.80 -2.06 1.01 4.4300 1.1900 -2.6600 0.5544 -1.2278 -2.4067 8.92 -1.50 3.76 159 360 329 380 209 
0.8025 -0.1924 -0.5059 -0.2511 34.63 65.19 2.31 13.49 2.01 6.07 4.3400 4.7600 4.8700 0.4600 -0.5267 0.4567 8.85 0.04 4.22 155 371 341 395 209 
;
