0.0065 0.5717 0.1024 0.8140 180.81 68.31 -28.25 9.10 1.75 3.17 -0.1000 -0.0100 0.0300 0.0156 -0.0267 -0.0478 9.11 1.75 3.16 171 311 299 294 190 
0.0085 0.5731 0.1059 0.8126 181.25 68.31 -29.69 9.16 1.86 3.03 -0.0600 0.0500 -0.0200 0.0211 0.0400 0.0011 9.11 1.80 3.15 177 306 298 299 188 
0.0088 0.5722 0.1068 0.8130 181.19 68.12 -29.62 8.98 1.89 3.22 -0.0700 0.0800 0.0100 -0.0144 -0.0222 -0.0011 9.10 1.80 3.17 172 305 297 303 189 
0.0093 0.5718 0.1064 0.8134 181.25 68.12 -29.50 8.99 1.79 3.27 -0.0500 0.0000 0.1800 0.0400 -0.0033 0.0022 9.09 1.81 3.17 170 323 304 306 189 
0.0045 0.5723 0.1125 0.8123 179.25 66.94 -29.94 13.61 2.08 8.24 3.6700 -0.2900 4.2800 0.0756 3.6656 0.2644 8.00 1.97 5.31 117 361 359 399 224 
-0.0516 0.4381 0.1071 0.8910 172.00 55.38 -5.31 7.95 -1.72 2.96 0.0200 -1.6100 -1.6000 -4.2767 -8.2333 2.0411 9.59 -1.96 0.40 95 176 177 184 119 
-0.0828 0.7580 -0.0560 0.6445 162.94 75.37 125.75 5.81 0.34 -2.55 -4.2300 2.9600 -1.6100 1.8144 -0.1400 -0.4478 9.52 -1.96 -1.23 106 177 172 178 118 
-0.1794 0.7431 0.0763 0.6401 143.94 80.06 115.62 7.76 3.84 -1.87 10.2800 14.5200 28.2200 -2.0833 2.0656 0.2344 9.61 -1.69 0.96 103 188 177 181 120 
-0.2589 0.6575 0.0859 0.7023 140.25 74.87 61.75 9.05 0.12 3.68 0.0000 3.1600 2.9500 -1.5078 -0.0578 0.2711 9.40 -2.59 1.02 111 186 178 185 121 
-0.2033 0.6695 -0.0059 0.7144 149.81 72.56 70.62 9.23 -0.20 0.64 1.1500 1.9700 -1.5100 -0.9878 -0.5356 -0.7833 9.50 -2.35 0.55 107 187 181 187 122 
-0.1159 0.6833 -0.0531 0.7189 164.25 76.56 77.00 2.72 -6.44 -11.00 -2.2600 -3.8500 -16.6400 1.2000 1.2933 -1.6656 9.69 -1.20 0.82 113 178 182 184 114 
-0.1525 0.5935 0.1036 0.7834 157.12 76.69 4.87 12.56 1.51 4.75 1.8900 -0.7000 -1.9700 -0.2289 1.8289 0.3689 9.28 -0.69 3.08 115 177 184 190 126 
-0.1668 0.5578 0.0673 0.8102 156.25 67.69 12.00 8.38 -0.96 6.41 -0.5000 0.0800 3.1000 0.0256 -0.4556 0.8867 9.14 -1.22 3.31 128 192 195 214 147 
-0.2203 0.6030 0.0550 0.7648 144.00 73.00 47.13 8.88 -4.83 -0.37 2.8300 -2.7800 -2.7800 2.2033 -2.8100 1.2356 9.31 -3.04 0.08 179 361 326 350 227 
-0.3890 0.6816 0.1487 0.6016 107.81 66.75 85.00 12.05 -2.00 2.71 1.3800 3.2100 2.6600 -0.1933 -1.5822 3.4122 7.67 -6.06 -0.71 211 390 347 408 231 
-0.4685 0.7911 0.0141 0.3929 81.62 36.25 113.44 -2.16 2.78 -1.33 -9.1500 9.6800 2.8400 -5.7400 -0.8422 1.2489 4.81 -5.57 -6.47 207 346 317 385 230 
-0.1191 0.9333 -0.2005 0.2728 204.50 25.44 171.50 11.37 1.81 -25.39 5.9900 -0.7500 -22.5000 -2.4133 -0.4956 -0.0567 3.46 1.69 -9.01 213 327 282 350 233 
0.1032 0.9536 -0.2184 0.1796 205.75 23.44 -173.31 5.05 2.12 -9.15 0.4500 0.8200 -0.3600 0.2333 0.5544 -0.0122 4.16 0.89 -8.83 215 333 289 354 233 
0.0943 0.9489 -0.2139 0.2121 205.19 26.94 -174.37 2.84 0.13 -9.10 0.1100 -0.1500 -1.4700 1.4422 -0.6300 -1.5633 4.27 0.54 -8.81 199 352 257 277 207 
0.0165 0.9576 -0.1239 0.2594 192.25 34.50 172.62 10.95 -6.14 -12.54 3.5800 -6.0200 -4.8600 3.3956 1.7144 0.0122 6.67 -3.27 -6.39 189 409 176 166 118 
-0.2345 0.8718 -0.0297 0.4291 118.06 50.31 130.37 2.55 -2.03 -9.48 -5.9800 3.9400 -4.6800 5.9344 2.6911 -0.4000 8.13 -5.46 -0.31 137 417 180 174 125 
-0.5253 0.6252 0.1238 0.5638 90.44 55.56 59.38 4.17 1.64 3.89 -3.1800 5.8800 -0.0400 1.8389 -0.2489 0.9900 7.80 -4.70 3.62 132 400 181 182 129 
-0.6487 0.5200 0.1826 0.5248 77.00 50.94 49.44 8.39 -0.24 4.36 1.3500 4.7300 0.6500 -0.3878 0.6167 0.1667 7.42 -4.79 4.24 135 391 184 178 127 
-0.6267 0.5128 0.1223 0.5738 89.94 47.00 49.06 10.34 -2.99 1.67 3.2900 2.1000 -2.6900 -2.9878 1.9467 -0.6978 6.81 -5.55 4.34 132 400 194 184 129 
-0.4644 0.5137 -0.0858 0.7163 119.50 39.56 53.69 7.40 -10.12 -0.29 -1.9400 -5.1800 -5.3700 -0.8044 3.0989 0.9622 5.03 -6.80 4.95 147 402 186 185 130 
-0.3887 0.4154 -0.2489 0.7838 126.50 26.00 54.56 1.99 -8.59 6.96 -1.4700 -0.5300 1.3300 -0.4756 -1.1878 0.7989 4.34 -7.62 4.38 156 388 191 188 133 
-0.4127 0.4704 -0.2653 0.7335 121.50 30.19 62.06 -2.10 -4.86 3.40 -7.6300 2.8500 -0.7700 0.2867 -2.2956 -2.1956 6.52 -6.56 3.23 169 317 196 196 149 
-0.3136 0.6030 -0.1118 0.7249 142.87 60.94 60.00 10.14 -0.28 -0.99 2.1800 2.8200 -3.6000 1.1833 2.6033 -5.7344 8.96 -0.15 3.96 173 313 224 228 169 
-0.0347 0.4908 0.1168 0.8627 176.37 54.13 -24.00 11.02 4.35 7.63 2.0200 1.5100 3.0600 1.5322 -2.7944 0.5167 8.53 2.88 3.88 179 302 265 287 190 
-0.0508 0.5411 0.2007 0.8151 173.81 65.06 -37.06 6.99 2.67 5.53 -0.6200 0.8200 3.0400 -1.6167 -0.0300 -0.5522 8.83 2.36 3.54 176 291 264 277 188 
;
