-0.1412 0.1144 0.3455 0.9207 162.56 17.87 -39.38 3.00 5.90 7.20 0.0300 0.0000 -0.0100 -0.0089 0.0056 -0.0122 3.01 5.92 7.21 193 349 326 310 191 
-0.1407 0.1141 0.3453 0.9208 162.62 17.87 -39.38 3.08 5.89 7.20 0.0500 0.0000 -0.0300 0.0033 0.0122 -0.0078 3.01 5.92 7.21 191 347 323 309 192 
-0.1407 0.1140 0.3453 0.9208 162.62 17.87 -39.38 3.03 5.89 7.23 -0.0300 0.0100 0.0200 0.0378 -0.0144 0.0311 3.02 5.93 7.19 191 349 321 312 191 
-0.1420 0.1208 0.3491 0.9183 161.31 19.37 -38.75 4.79 9.35 13.25 2.8300 4.3600 5.4200 -2.6389 -4.9811 2.3567 5.80 4.09 6.76 111 302 345 359 204 
-0.1823 0.3969 0.2083 0.8751 153.19 58.19 -10.25 11.09 1.63 1.96 1.6100 1.6900 -0.5400 -1.6500 -1.1200 3.6378 8.89 -2.06 3.56 99 182 180 207 140 
-0.3220 0.5910 0.0348 0.7388 128.69 62.75 55.31 5.21 -2.94 1.30 -3.4700 1.3000 -1.1800 0.8967 -1.1433 0.9600 8.58 -4.34 1.90 98 174 180 182 112 
-0.4095 0.6472 0.0685 0.6393 112.87 63.13 71.94 4.93 -1.35 -2.27 -3.1500 2.8800 -4.0900 1.7189 -1.6922 -0.8544 9.08 -3.56 0.92 97 175 180 181 113 
-0.4381 0.6472 0.2283 0.5806 103.25 74.44 82.94 14.75 0.47 -7.03 -1.3600 8.9900 27.0800 -1.4744 -3.1689 -1.0256 9.51 -2.08 -1.16 99 170 178 184 111 
-0.4321 0.6689 0.3196 0.5134 100.44 74.37 107.69 9.20 -1.95 2.84 -0.3000 1.0600 4.0000 -0.4256 0.3456 0.0044 9.46 -2.53 -0.46 99 180 186 186 114 
-0.4124 0.6720 0.2693 0.5530 108.31 74.75 100.56 10.11 1.85 -2.80 0.4000 4.5900 -2.7200 -1.6833 0.5744 -0.0011 9.46 -2.54 -0.39 101 180 185 187 115 
-0.3375 0.6967 0.1822 0.6063 124.75 76.19 98.31 8.34 -3.38 -10.07 -1.7100 -3.4300 -13.9900 1.0144 0.5667 -0.2156 9.58 -2.06 0.00 100 166 174 179 106 
-0.2906 0.7209 0.2079 0.5939 127.50 75.12 129.69 9.00 -4.99 -4.62 -1.8100 -2.6400 -2.1800 -0.1244 -0.1989 0.6500 9.39 -2.48 -1.34 104 172 181 187 111 
-0.3093 0.7258 0.1441 0.5972 124.62 72.75 102.12 11.99 -2.01 4.00 1.8800 0.8800 4.8800 -0.1878 2.6711 0.6678 9.18 -3.30 0.99 114 197 200 208 136 
-0.3387 0.6346 0.0198 0.6944 130.56 58.56 60.50 10.82 -4.40 4.20 3.2100 0.3300 0.8000 -2.0911 3.7989 1.6789 6.81 -5.90 3.85 177 336 318 375 209 
-0.2981 0.4519 -0.2744 0.7947 141.37 26.31 60.25 5.32 -3.02 2.26 0.1700 4.9700 -1.4900 -4.5533 3.2111 1.6356 2.10 -9.27 2.38 193 385 350 418 217 
-0.2007 0.2942 -0.6378 0.6829 146.31 6.00 96.81 0.50 -5.76 -5.70 -0.6000 3.1000 -3.9400 -3.6900 -0.4800 0.9867 0.14 -8.94 -4.02 188 385 361 422 215 
-0.1942 0.3024 -0.8049 0.4723 134.37 -2.06 118.37 -1.36 -5.61 -8.39 -0.8500 3.2300 -3.8400 1.8944 1.0344 0.3233 -0.40 -9.13 -3.54 183 366 354 410 216 
-0.2155 0.2393 -0.7402 0.5903 140.25 -1.50 95.25 2.66 -2.21 -7.80 3.9600 8.7700 -7.7600 7.7667 -1.6378 -0.0844 0.08 -8.96 3.98 182 351 347 410 215 
-0.3710 0.1761 -0.3165 0.8551 129.87 6.25 26.56 5.38 9.60 13.35 2.3600 11.7900 7.3000 7.5100 -0.6133 1.4400 1.83 1.27 9.54 187 373 342 415 216 
-0.5073 0.0110 0.1844 0.8417 116.69 10.88 -22.56 -1.54 8.51 14.96 -3.8900 3.2800 4.8200 0.4433 -0.5589 -0.3400 1.82 4.44 8.54 188 379 361 417 217 
-0.4814 -0.0220 0.2526 0.8390 121.69 13.00 -26.75 2.03 4.55 10.34 -1.1000 0.1900 2.7900 -0.8244 -2.4689 -0.3411 3.82 3.77 8.20 189 362 269 250 177 
-0.3871 0.2478 0.2613 0.8488 133.00 51.88 -14.13 9.46 3.70 10.39 3.6300 3.4200 5.1400 -4.5356 -7.6733 4.1689 9.44 -2.50 0.85 127 358 170 162 108 
-0.3774 0.7861 0.0709 0.4844 79.50 40.63 115.37 11.88 -5.67 -6.32 5.3100 3.7800 -2.5400 3.9722 3.3511 2.0678 4.41 -8.75 -0.26 125 352 160 165 114 
-0.6740 0.6653 -0.0515 0.3168 49.25 18.75 78.25 -0.92 -4.77 -0.60 -3.3100 3.8200 -3.5800 1.3689 0.5378 0.1711 2.81 -8.88 3.04 133 337 168 168 117 
-0.7476 0.5581 -0.0670 0.3536 50.75 17.00 65.19 3.77 -10.00 -4.62 1.2600 -1.8400 -9.0000 2.7733 0.4356 0.4011 2.54 -7.70 5.49 135 343 173 168 119 
-0.8486 0.3859 -0.0405 0.3596 43.63 10.06 37.19 0.40 2.86 8.63 -2.8200 10.4500 4.5100 3.9900 0.3011 0.6200 1.15 -3.16 9.20 139 360 179 176 119 
-0.9310 0.1407 0.0016 0.3369 39.88 5.37 16.25 -0.51 -1.55 10.76 -1.4100 0.0700 -0.4600 -0.9044 0.0211 -0.3778 0.92 -3.43 9.13 136 366 182 178 119 
;
