-0.3840 0.5107 0.6000 0.4814 102.19 72.37 -141.69 9.44 1.92 -2.84 0.1700 0.0600 -0.4200 0.7767 0.3200 -0.1567 9.38 1.80 -2.21 220 406 357 397 259 
-0.4245 0.4676 0.6147 0.4726 95.00 75.44 -132.19 9.42 1.83 -1.84 -0.1700 0.0500 -0.2600 0.2811 1.1744 -0.2456 9.56 1.96 -0.91 225 413 361 402 262 
-0.4733 0.4133 0.6002 0.4949 92.69 77.81 -105.56 8.38 1.97 -0.27 -0.8800 -0.0500 0.3200 -0.4433 -1.0500 0.2711 9.56 1.89 -1.06 222 408 350 381 253 
-0.4210 0.4753 0.6010 0.4855 100.06 74.56 -138.31 19.09 1.28 -3.61 11.3200 -0.4600 -0.7500 -0.7989 1.7833 1.7956 9.62 0.76 -1.70 161 316 355 342 241 
-0.4650 0.5557 0.4868 0.4878 90.06 82.12 109.56 6.14 -0.38 -4.36 -5.3800 1.7800 -4.1400 -0.5556 0.4511 0.8578 9.51 -2.32 0.45 131 220 228 228 157 
-0.5405 0.5721 0.3712 0.4927 82.00 74.44 70.06 7.05 0.49 -3.15 -2.1500 3.3700 -4.1300 2.4378 0.0222 -0.0244 9.44 -2.28 1.28 129 216 220 216 147 
-0.6448 0.4611 0.4572 0.4033 57.06 72.94 52.19 -0.43 2.46 36.65 -4.4300 -0.8300 31.2700 -1.2056 -2.0422 1.6344 9.33 -2.92 0.64 133 222 228 224 150 
-0.6243 0.5290 0.4520 0.3551 62.00 69.31 90.25 10.13 -0.98 5.32 1.7600 3.5000 1.6800 -3.7800 0.8600 -0.8644 9.29 -3.08 -0.41 137 222 232 226 152 
-0.4854 0.6413 0.3651 0.4689 88.75 74.06 110.12 5.40 -4.50 -18.92 -3.9000 -2.5900 -12.1700 2.5933 -1.7256 -1.2222 9.58 -1.62 -1.28 135 220 227 223 148 
-0.4744 0.6153 0.4365 0.4537 89.25 76.56 106.37 7.46 -4.97 1.13 -2.6600 -2.6300 1.2800 -0.3944 0.8433 1.8067 9.23 -3.29 0.30 156 420 302 275 202 
-0.5255 0.6493 0.2969 0.4628 78.56 62.63 97.75 9.91 -8.75 -7.26 2.8200 -2.7800 -5.1500 1.8111 -1.5189 1.3500 8.01 -5.45 -1.47 146 456 250 234 168 
-0.5930 0.6803 0.3511 0.2495 37.25 45.75 104.75 7.27 -1.24 -1.76 0.9500 5.3600 0.1300 1.1022 -2.0544 1.1956 6.02 -7.44 -2.09 151 458 241 231 164 
-0.6242 0.6671 0.4022 0.0595 9.25 34.94 103.75 3.41 -7.25 -5.96 -0.8500 0.5700 -6.1100 3.0911 0.4100 -0.0878 5.69 -7.97 0.29 147 466 238 232 167 
-0.6960 0.5569 0.4517 -0.0377 355.44 35.56 91.94 3.75 -9.02 1.80 -3.1900 -0.5200 -0.3400 -2.2700 -0.8311 -0.2178 5.75 -7.85 -1.18 149 459 243 238 167 
-0.6828 0.6149 0.3905 0.0573 9.44 39.38 90.12 14.47 -3.04 6.94 6.3400 4.5200 8.7500 -0.9633 2.9978 0.0756 6.29 -7.51 -0.10 151 458 246 238 167 
-0.6874 0.6077 0.3846 0.1011 21.94 42.31 96.94 6.41 -3.45 -0.67 -0.7200 3.4100 0.7700 -2.8467 0.9833 -1.4989 7.39 -6.16 -1.88 154 425 252 254 181 
-0.5582 0.6768 0.3669 0.3095 71.62 62.50 103.75 11.79 -1.27 -3.08 1.5200 0.8100 -4.3000 -0.7389 9.9500 -4.6733 8.56 -1.30 4.59 212 394 334 329 232 
;
