-0.4606 0.2242 0.3601 0.7797 118.81 43.00 -29.12 6.53 3.47 6.23 -0.1000 0.0000 -0.0100 0.0389 -0.0878 0.0044 6.72 3.50 6.21 218 389 375 415 240 
-0.4592 0.2275 0.3647 0.7774 118.81 43.56 -29.62 6.76 3.50 6.12 -0.0100 -0.0100 -0.0400 0.0544 0.0133 0.0222 6.75 3.53 6.16 217 386 375 419 239 
-0.4604 0.2274 0.3680 0.7752 118.19 43.88 -30.00 6.66 3.73 6.27 -0.1200 0.2200 0.1200 0.6522 -0.9633 0.4333 7.22 3.55 5.59 212 401 363 418 242 
-0.4682 0.2909 0.4254 0.7178 112.62 60.38 -34.69 10.94 3.73 7.85 3.4000 -0.7000 3.3700 -2.2111 -4.5256 2.8922 9.71 0.43 1.25 146 261 286 281 235 
-0.4467 0.5630 0.2889 0.6325 108.81 70.75 43.63 4.55 -7.00 -0.30 -3.6300 -1.0400 -3.4500 0.0900 -3.7700 0.2767 9.36 -2.88 0.49 127 207 211 209 140 
-0.4509 0.6562 0.2693 0.5419 97.69 73.00 92.87 1.35 1.02 -6.26 -7.1900 4.9300 -5.9100 3.0878 -0.2811 -0.9967 9.53 -2.30 -0.03 131 208 210 207 138 
-0.5272 0.5518 0.4665 0.4472 73.81 80.19 130.44 14.83 7.48 -8.29 2.9000 8.6600 -3.5800 4.8433 0.5478 -0.0889 9.62 -1.42 -1.21 130 209 215 214 139 
-0.5710 0.4844 0.5970 0.2877 56.19 74.44 125.31 10.54 3.39 4.11 3.0900 6.3700 4.1700 -3.3378 0.8456 0.2689 9.51 -2.02 -1.27 134 210 217 215 140 
-0.5022 0.6025 0.4477 0.4294 84.12 75.00 118.94 10.39 0.55 -11.59 0.8800 1.2600 -13.5000 -0.3456 -0.2400 1.1333 9.28 -2.79 -1.47 135 212 220 215 142 
-0.5418 0.6160 0.3930 0.4153 63.38 69.56 83.44 18.45 -1.56 29.28 3.5400 2.6100 10.0200 0.6144 -1.0233 0.5878 9.18 -3.39 -0.53 139 209 216 216 142 
-0.5803 0.5905 0.4299 0.3604 62.19 66.31 98.37 5.10 -2.95 3.16 -6.2500 1.8400 2.2200 -1.1633 0.7411 0.2522 8.87 -4.12 -0.63 163 310 299 287 217 
-0.5529 0.6143 0.4095 0.3864 73.31 71.37 104.94 8.71 -1.13 -0.58 -1.7100 0.8100 -0.3900 0.8911 2.1956 -3.2100 9.75 -0.79 0.59 236 418 339 411 252 
-0.5223 0.4116 0.4927 0.5612 96.94 69.62 -41.63 10.28 4.35 5.23 6.5500 1.5200 2.2900 -1.6444 -1.8000 0.5367 9.20 2.31 2.46 167 346 368 383 251 
-0.5175 0.4025 0.4195 0.6279 98.25 70.25 -1.19 16.20 -0.56 -1.53 2.8000 1.6000 -4.9800 0.1644 1.2100 4.1433 8.74 -3.01 3.25 130 221 222 223 151 
-0.6619 0.5101 0.2950 0.4634 66.62 60.75 52.13 4.23 2.04 -0.24 -3.4700 4.2700 -4.3900 3.3856 -2.9633 -1.2489 9.35 -2.18 1.95 140 207 210 215 139 
-0.6690 0.3768 0.5482 0.3315 51.81 82.12 57.13 6.65 2.74 4.85 -1.5100 5.8200 2.5800 -0.9756 -0.8267 0.9778 9.66 -1.59 -0.41 142 213 221 220 149 
-0.6075 0.4489 0.5857 0.2941 53.50 75.69 113.31 9.23 2.28 1.23 -0.3200 3.8100 -0.2300 -3.4600 1.1567 -0.3089 9.55 -2.10 -0.64 142 216 222 221 149 
-0.5129 0.5522 0.4706 0.4587 88.75 83.25 174.62 12.68 -0.67 -11.37 1.3200 -1.1000 -12.7700 1.8356 0.7056 -0.2056 9.78 -0.50 -0.44 142 203 208 213 142 
-0.5376 0.4514 0.5615 0.4381 84.44 86.62 -178.56 9.29 -1.66 -1.27 0.6000 -2.5300 -0.5200 -1.0733 -1.4733 0.8889 9.67 -0.17 -1.61 145 214 222 225 156 
-0.4597 0.5911 0.5154 0.4166 85.44 74.56 149.81 3.18 -3.22 -2.02 -5.2300 -2.2000 -0.3000 -2.4556 0.6722 0.2244 9.58 -1.17 -1.72 165 261 273 278 211 
-0.4174 0.6031 0.4035 0.5471 108.31 88.94 -0.13 13.06 1.78 -0.26 4.7100 1.1900 -1.9100 -1.9733 5.5800 -3.6978 8.75 2.46 3.67 215 382 354 419 239 
-0.3206 0.2979 0.3877 0.8113 139.25 43.06 -39.06 6.77 6.34 7.99 0.0800 1.5800 1.7700 -0.1300 0.5056 0.3156 6.37 4.11 6.20 223 367 357 370 210 
;
