-0.0754 0.0338 0.2187 0.9723 171.12 5.94 -24.81 1.12 4.18 8.70 0.0600 0.1200 -0.0300 -0.0578 -0.0611 0.0556 1.08 4.06 8.86 171 347 368 416 214 
-0.0798 0.0422 0.2156 0.9723 170.50 6.94 -24.50 1.44 4.06 8.83 0.2500 0.0200 -0.0200 -0.0367 -0.1267 0.0600 1.29 4.01 8.85 171 347 366 414 213 
-0.0856 0.0540 0.2134 0.9717 169.81 8.44 -24.06 1.59 4.15 8.89 -0.0500 0.2300 0.0000 -0.0056 -0.1211 0.0156 1.53 3.97 8.83 176 343 369 412 219 
-0.0855 0.0634 0.2159 0.9706 170.00 9.25 -24.75 1.82 3.93 10.29 0.4300 0.0700 2.5000 1.4489 -0.8289 0.5056 2.10 4.76 8.31 173 354 332 411 217 
-0.0966 0.1636 0.2754 0.9424 167.87 28.94 -32.31 12.58 6.60 7.11 7.5500 2.3900 1.4200 -1.1833 -3.2822 3.7111 7.69 2.53 5.52 115 282 268 265 205 
-0.2363 0.4913 0.1643 0.8220 140.44 66.25 12.88 7.44 -0.72 -0.09 -2.9100 2.8300 -4.5200 0.9178 -2.0322 2.7767 9.01 -2.88 2.57 109 182 182 181 125 
-0.4210 0.6202 0.1496 0.6447 108.75 67.75 61.38 3.94 -1.14 1.46 -4.1400 2.4200 -0.8300 2.2833 -1.2644 -0.4189 9.31 -2.69 1.46 115 181 180 179 116 
-0.5015 0.5753 0.3167 0.5632 95.31 76.12 56.69 8.27 1.10 -0.18 -0.4000 3.2700 -2.0600 2.0289 -0.7900 -0.9444 9.71 -1.03 0.88 115 176 172 180 103 
-0.5427 0.4934 0.4825 0.4788 83.00 84.81 4.12 10.17 0.61 4.13 -0.1500 2.3600 2.4000 -0.4878 0.9311 0.6744 9.71 -1.08 0.79 120 185 181 186 114 
-0.5515 0.5120 0.4232 0.5047 87.00 79.44 54.75 10.07 2.79 2.40 -0.1500 4.3400 0.4600 -2.5422 -0.3767 0.2978 9.62 -1.81 0.57 120 187 185 188 116 
-0.4423 0.6142 0.3276 0.5655 108.87 81.37 86.19 10.99 -0.84 -14.91 -1.6200 -1.5700 -17.5400 2.1256 1.1267 -2.0089 9.79 0.15 0.53 116 185 175 184 103 
-0.3872 0.5565 0.3944 0.6203 116.50 84.81 -2.50 6.28 -2.20 -2.03 -5.3000 -2.6600 -1.3800 -0.5733 1.0344 1.1289 9.64 -0.62 1.66 119 190 186 192 121 
-0.4217 0.5601 0.2966 0.6485 113.62 77.25 25.62 12.39 -0.88 5.02 3.4800 0.4300 4.3200 0.2733 0.5644 1.0222 9.44 -1.55 2.12 126 238 231 208 140 
-0.5142 0.5142 0.2469 0.6406 98.50 60.25 23.87 11.45 -1.40 5.39 1.4000 0.6200 0.5500 2.4178 3.0533 -0.5844 7.11 -0.47 6.73 179 253 176 184 124 
-0.6275 0.2781 0.1932 0.7011 96.06 36.69 9.75 6.91 -2.18 5.25 1.4300 -0.4300 -2.5000 -0.0967 -0.0222 1.4833 5.51 -1.98 7.86 147 218 178 186 124 
-0.6864 0.2546 0.1052 0.6730 87.12 26.00 14.13 3.65 -0.28 6.58 -0.2400 2.1500 -1.5200 0.2244 0.6522 1.8889 3.45 -2.49 8.83 149 219 179 188 125 
-0.7729 0.1988 0.0438 0.6010 73.69 16.31 15.63 1.73 -0.89 8.33 -0.5700 2.2400 -0.5900 0.5656 0.1578 1.1233 2.37 -2.44 9.19 153 214 181 190 128 
-0.8148 0.1663 0.0380 0.5541 69.37 13.50 13.56 1.39 0.69 8.40 -0.0900 2.9300 -0.3800 -0.3489 -0.8100 -0.7267 2.75 -2.40 9.09 147 216 184 189 129 
-0.7705 0.2021 0.0361 0.6035 77.94 17.25 16.94 5.21 -1.96 9.54 1.1000 0.4500 0.1400 -1.2944 1.5878 -1.2833 2.10 -3.44 8.93 141 220 173 194 131 
-0.6884 0.1984 -0.0907 0.6918 91.69 6.94 24.75 0.31 -5.67 7.15 -1.1300 -1.6400 -1.4500 -0.8167 1.4167 -0.3167 0.19 -4.67 8.61 140 212 180 193 131 
-0.6535 0.1745 -0.1868 0.7125 95.19 -0.37 30.37 -2.39 -5.09 8.44 -1.3700 0.3300 0.2900 -0.1556 -0.8089 0.3633 0.16 -5.10 8.37 142 224 181 196 132 
-0.6725 0.2195 -0.1841 0.6824 88.87 4.81 34.75 -1.53 -4.65 5.98 -2.5500 0.9600 -1.8700 -1.3644 -2.3467 0.3478 1.97 -6.32 7.23 151 300 187 204 142 
-0.6749 0.4005 -0.1427 0.6032 84.06 20.69 52.25 3.23 -7.47 -0.51 -0.7600 -0.3900 -5.7500 -1.4089 -4.4844 -1.0278 5.66 -7.39 3.07 142 397 182 189 129 
-0.5947 0.6762 0.0813 0.4271 67.50 43.19 90.50 14.53 -8.26 -2.82 8.8100 -0.7400 -0.4000 1.4422 -2.1467 -0.3022 6.63 -7.11 -1.25 146 419 188 193 130 
-0.6105 0.7114 0.2514 0.2407 38.56 39.38 100.06 8.61 -5.73 1.21 2.2300 1.3000 2.3500 0.9644 -0.6011 0.5400 5.86 -7.79 -0.99 147 422 187 195 132 
-0.6528 0.6848 0.2741 0.1729 29.69 36.69 95.06 8.65 -8.10 -3.55 2.3400 -0.4600 -3.9900 3.7678 -1.1100 -1.8144 6.33 -7.46 0.59 130 419 192 197 132 
-0.6913 0.6328 0.3132 0.1541 28.44 38.19 90.69 4.32 -7.79 -0.14 -0.8700 -0.2800 -0.0600 -1.5333 -0.8489 -0.0789 5.98 -7.68 -1.12 138 410 190 197 133 
-0.6832 0.6542 0.2556 0.1998 31.12 38.56 83.75 9.92 -3.98 8.23 0.6300 2.9500 5.4800 -1.1744 0.9678 0.3544 6.19 -7.58 0.50 151 415 198 202 136 
-0.6843 0.6400 0.2837 0.2041 36.06 42.25 93.25 5.93 -2.61 1.43 -0.8000 4.2500 2.0300 -3.3533 1.3489 -2.5344 7.78 -5.75 -1.55 164 372 200 213 150 
;
