-0.0636 0.1252 0.0753 0.9872 172.56 14.94 -7.87 2.58 1.20 9.34 0.0800 0.0000 0.0400 -0.0356 -0.0178 0.0211 2.54 1.28 9.38 160 312 331 353 192 
-0.0638 0.1281 0.0746 0.9869 172.62 15.25 -7.81 2.67 1.44 9.35 0.0900 0.0600 0.0000 -0.0133 -0.0589 -0.0267 2.61 1.28 9.36 162 311 334 354 193 
-0.0620 0.1312 0.0746 0.9866 172.87 15.63 -7.87 2.74 1.10 10.04 0.0800 -0.1000 0.7600 0.2944 -0.6678 0.1622 3.06 1.47 9.19 168 345 313 350 192 
-0.0681 0.2166 0.1016 0.9686 171.12 32.56 -11.81 11.23 0.85 8.51 5.6800 -0.2100 3.0300 0.5922 -2.7533 1.4656 7.35 1.45 6.31 138 369 329 322 202 
-0.1550 0.4630 0.1252 0.8637 155.12 60.56 -0.75 10.35 -0.60 3.56 1.5500 -0.6300 -1.6600 0.4656 -2.4444 3.2933 8.99 -2.00 3.36 108 209 220 235 179 
-0.3529 0.6145 0.0831 0.7007 120.19 67.12 63.31 8.19 0.18 0.27 -0.2200 3.1200 -1.6500 2.4633 -0.5533 -0.0144 9.11 -3.27 1.51 98 176 182 180 114 
-0.4707 0.6080 0.2115 0.6033 100.81 69.87 62.00 5.34 1.36 -0.93 -3.2800 4.3700 -2.0500 2.0411 -2.2456 -0.8333 9.50 -2.38 0.45 99 181 186 181 110 
-0.5023 0.5866 0.4099 0.4855 85.37 80.44 106.25 13.35 1.29 -5.86 4.3600 3.2900 -4.2500 0.1556 -0.8911 -0.2078 9.64 -1.22 -1.28 101 182 183 181 111 
-0.5198 0.5674 0.4912 0.4080 77.25 76.06 117.75 10.07 -0.20 1.15 1.7000 2.6000 1.9100 -1.6100 0.1478 0.6389 9.40 -2.42 -1.33 105 188 190 185 112 
-0.4844 0.6338 0.3982 0.4529 88.56 73.19 113.44 11.72 2.02 -0.96 2.2500 4.8400 0.2800 -2.2189 1.2756 0.6022 9.34 -2.85 -0.79 103 188 190 182 110 
-0.4122 0.6951 0.2500 0.5332 109.44 71.31 106.81 5.95 -4.13 -11.83 -5.7300 -4.0500 -14.6800 1.0300 0.8278 0.0978 9.36 -2.90 -0.12 108 168 173 174 106 
-0.4919 0.6196 0.2902 0.5385 95.06 70.00 103.62 21.09 -4.09 -5.55 1.8900 -3.4300 -2.7800 -0.4433 0.1656 0.6189 9.08 -3.54 -1.07 111 174 182 179 111 
-0.4628 0.6974 0.2781 0.4712 90.25 66.37 104.37 8.20 -2.96 2.07 -2.7200 0.9200 3.7800 0.0078 0.8456 0.1033 9.01 -3.84 -0.17 121 199 211 207 144 
-0.4850 0.6467 0.2429 0.5363 98.25 69.94 77.50 12.19 -3.77 1.44 0.2200 -2.5400 -0.1600 0.2556 3.2433 -0.8589 9.10 -2.46 2.66 194 369 341 355 212 
-0.4950 0.4709 0.2132 0.6984 110.94 57.81 15.75 1.84 0.12 7.26 -7.4800 2.3900 0.4900 -3.1856 -7.3522 3.0756 9.10 -3.51 0.99 208 366 335 380 222 
-0.3441 0.8482 0.2048 0.3467 159.00 25.19 158.25 3.30 3.65 -10.16 -5.5700 4.4900 -1.1300 -3.4300 -0.8511 0.4911 2.01 0.68 -9.57 207 334 321 351 218 
0.0734 0.9779 0.1398 0.1370 163.75 14.56 -168.12 4.37 0.18 -14.51 1.4700 -1.8900 -4.5000 0.1556 0.4711 0.1756 2.73 2.02 -9.19 204 340 323 360 218 
0.0771 0.9733 0.1344 0.1691 163.69 19.44 -168.44 3.57 2.49 -8.64 0.3700 0.6400 0.0800 0.9256 1.3878 -1.0033 4.06 1.59 -8.78 204 326 308 326 215 
0.0386 0.9205 0.2216 0.3195 192.94 43.38 -156.87 7.08 3.98 -8.76 0.0600 1.2100 -2.2700 0.2656 8.0689 -1.7611 8.70 4.06 -1.97 182 334 307 322 207 
-0.0739 0.5270 0.3531 0.7694 162.50 50.44 -51.19 5.70 4.20 1.91 -0.5600 -1.2500 -2.9100 1.9300 9.1822 -1.5478 3.06 6.24 6.91 187 348 330 368 208 
-0.2607 -0.0342 0.3525 0.8981 147.44 6.87 -39.56 0.06 5.74 8.02 -1.0400 -0.5700 0.6100 -0.0111 -1.1644 0.1667 2.03 6.09 7.40 188 345 334 346 208 
-0.2394 0.0245 0.3585 0.9020 151.19 14.81 -40.50 3.65 8.33 10.33 0.3900 2.5000 4.7400 -2.0200 -5.7633 1.2311 5.69 5.06 6.17 195 335 321 359 217 
-0.1359 0.5373 0.3353 0.7618 162.81 67.69 -141.37 13.62 3.30 -12.25 18.6700 2.5700 4.5000 -2.3422 -4.9667 4.5978 3.23 1.01 -9.20 200 296 326 365 222 
0.0302 0.9885 0.0917 0.1165 169.25 12.63 -175.94 1.30 2.89 -4.62 0.6300 1.8200 3.5400 -0.3989 0.5811 -0.4678 2.48 0.96 -9.43 200 308 327 371 223 
0.0486 0.9838 0.1094 0.1332 167.25 14.44 -172.25 3.31 1.75 -10.92 0.9200 0.5200 -1.3700 0.1133 0.1022 -0.0578 2.43 1.25 -9.41 201 312 327 372 224 
;
