-0.0214 -0.1126 -0.4887 -0.8649 182.62 10.13 -59.56 1.45 8.47 4.62 -0.2600 0.1400 -0.2200 -0.0333 -0.2611 0.1356 1.88 8.31 4.84 165 312 295 285 189 
-0.0216 -0.1228 -0.4883 -0.8637 182.87 10.69 -59.88 1.90 8.48 5.07 0.2000 0.0200 0.2700 -0.0356 0.0611 -0.0867 1.74 8.33 4.85 165 312 293 284 188 
-0.0238 -0.1177 -0.4870 -0.8651 183.12 10.50 -59.44 2.82 8.91 5.22 1.1600 1.1000 0.8300 -0.7822 0.0900 0.8489 2.19 7.99 5.23 129 310 329 370 211 
0.0370 -0.1928 -0.4123 -0.8896 170.12 28.56 -42.25 9.43 6.97 6.47 3.4100 2.1400 -1.8000 -2.8667 -1.5600 3.5511 6.71 2.70 6.61 110 251 334 321 216 
0.1862 -0.4385 -0.1532 -0.8658 151.50 61.75 0.56 7.99 -0.74 1.42 -2.7300 1.9200 -0.7400 -0.4433 -1.3833 1.7233 9.13 -1.80 3.06 94 175 190 193 137 
0.2529 -0.6052 -0.0833 -0.7502 141.00 77.37 45.88 10.48 3.21 -3.70 0.5500 4.3200 -5.5800 2.4722 -2.5756 -0.4433 9.73 -1.06 -0.46 96 179 191 186 127 
0.3220 -0.6877 -0.2916 -0.5816 117.19 79.31 150.75 8.35 3.57 -1.86 1.1600 6.2400 -0.6400 4.1944 -1.6900 -0.9678 9.48 -0.89 -2.31 96 171 179 184 118 
0.4391 -0.6191 -0.4694 -0.4511 92.31 75.19 150.31 7.86 -0.73 1.65 -1.8000 1.9000 3.9800 -1.8867 0.6133 -0.0544 9.54 -1.15 -1.91 99 183 193 191 126 
0.3748 -0.6721 -0.3818 -0.5118 111.19 76.69 147.12 9.85 2.14 -3.58 0.0400 3.5300 -1.9000 -2.0778 -0.2911 1.7189 9.32 -2.04 -2.25 102 181 195 193 129 
0.2753 -0.7527 -0.1976 -0.5643 135.56 74.62 142.25 8.71 1.14 -9.20 0.4300 2.8500 -10.0100 -1.4833 -0.5544 -0.8889 9.46 -0.67 -2.49 102 184 195 195 129 
0.2415 -0.7675 -0.2307 -0.5472 117.06 69.31 151.06 7.80 18.70 39.78 -8.6600 8.4600 43.1300 0.3956 -0.1733 0.3467 8.91 -1.80 -3.65 102 186 194 195 128 
0.3284 -0.7462 -0.2605 -0.5172 115.56 71.31 130.37 11.45 -2.70 1.04 3.0400 -0.1000 2.6600 -1.0822 3.0267 1.2722 9.21 -3.33 -0.35 108 197 205 210 141 
0.3943 -0.6841 -0.0853 -0.6076 107.75 58.56 84.87 12.00 -7.61 1.27 3.2400 -2.2600 0.0000 0.7044 -0.3656 2.2256 7.21 -6.60 0.68 110 387 187 201 141 
0.5453 -0.6658 -0.0076 -0.5093 82.25 38.88 81.75 6.68 -8.11 -2.40 2.6600 0.9300 -2.5800 0.6611 0.1367 2.1700 4.82 -8.44 1.22 113 340 176 188 130 
0.6563 -0.6297 0.0566 -0.4117 61.69 23.75 75.50 2.03 -4.35 -1.26 -1.3600 -0.0100 -0.0100 1.3900 -0.7178 1.5344 2.91 -8.92 2.83 115 323 187 190 133 
0.7278 -0.5834 0.0907 -0.3487 52.13 16.50 71.44 2.38 -5.51 4.19 -0.3300 3.3100 0.9400 -0.7711 -0.0467 -0.5367 3.15 -8.92 2.56 116 330 189 192 132 
0.6884 -0.6185 0.0870 -0.3688 55.31 19.44 76.94 10.03 -17.45 -18.85 7.2500 -8.3200 -24.2900 6.2367 0.8467 1.6233 2.20 -7.86 5.42 116 332 184 193 133 
0.8873 -0.2924 0.0778 -0.3479 39.81 -0.69 24.19 -9.14 16.26 24.68 -11.7700 14.4100 14.6600 1.3311 -0.0044 0.2078 -0.64 -2.11 9.55 115 336 192 194 135 
0.9209 -0.1415 0.0742 -0.3556 43.81 -1.19 20.37 1.75 -2.68 8.00 1.8400 1.2700 -0.6900 -1.7489 -0.7656 -0.3344 0.54 -4.76 8.55 113 329 197 199 136 
0.8789 -0.2979 0.0741 -0.3651 45.31 6.06 39.38 -0.80 -4.92 6.78 -1.9700 1.6800 -0.7600 -2.4533 -0.6267 -0.9889 1.77 -7.39 6.19 118 330 212 212 144 
0.7834 -0.4755 0.0714 -0.3938 55.94 19.06 59.75 1.72 -12.22 1.48 -1.1500 -4.5100 -3.3900 0.7767 -2.1789 -2.6822 5.27 -7.20 4.05 105 401 196 195 138 
0.7128 -0.5295 -0.1206 -0.4438 64.37 43.63 53.38 10.04 -6.65 -0.74 3.2800 0.8600 -4.1900 3.8011 -0.7467 -0.9889 7.55 -3.53 5.16 109 408 197 193 140 
0.7858 -0.3351 -0.3252 -0.4056 52.31 51.25 20.62 8.01 5.14 5.92 0.1700 6.8900 0.1300 1.5089 0.3767 0.3333 7.47 -1.64 6.12 111 404 196 195 138 
0.8298 -0.2523 -0.3458 -0.3580 46.75 48.19 15.38 6.44 -0.35 5.84 -0.3500 1.2200 -0.9700 -0.5644 0.1311 -0.2467 7.24 -1.88 6.34 111 397 194 195 139 
0.8195 -0.2787 -0.3055 -0.3969 53.63 45.44 19.44 7.76 0.34 5.10 0.9300 2.7300 -1.5400 -2.1767 0.5644 -0.3189 6.77 -3.10 6.36 109 409 198 198 139 
0.7710 -0.3691 -0.2062 -0.4763 66.12 40.69 31.37 6.95 -5.75 5.11 0.4300 -2.0300 -1.0200 -0.8122 1.5767 -0.8378 5.87 -4.00 6.74 110 412 204 201 140 
0.7432 -0.3635 -0.1245 -0.5477 70.25 35.88 29.31 4.14 -3.41 10.67 -2.0200 0.5300 3.5600 -0.0967 0.6667 0.0244 5.54 -3.84 7.11 110 416 203 202 141 
0.7639 -0.3571 -0.1248 -0.5228 68.25 34.81 31.19 3.33 -2.21 7.70 -3.1100 2.9400 1.7400 -0.5478 -0.6933 0.0767 5.87 -4.46 6.45 116 388 203 205 142 
;
