0.1032 -0.0865 -0.0248 -0.9906 168.12 10.13 -1.81 1.76 0.28 9.66 0.1000 0.0000 0.0000 0.0011 -0.0111 -0.0044 1.74 0.30 9.64 222 361 374 410 248 
0.1022 -0.0870 -0.0247 -0.9907 168.19 10.25 -1.75 1.80 0.33 9.60 0.0400 -0.0100 0.0000 -0.0089 0.0044 -0.0100 1.75 0.30 9.64 218 365 371 412 248 
0.1018 -0.0882 -0.0244 -0.9906 168.25 10.38 -1.75 1.65 0.34 9.69 -0.0900 -0.0400 0.2400 0.0578 -0.1211 0.0344 1.80 0.33 9.63 199 377 366 403 246 
0.1142 -0.1027 -0.0305 -0.9877 165.19 14.69 -2.06 2.23 0.55 10.12 1.9600 0.5600 0.0200 1.0644 -5.4478 0.8267 5.50 0.57 8.09 145 348 361 336 240 
0.2216 -0.3630 -0.0854 -0.9010 147.00 47.13 6.37 8.37 -4.25 8.30 2.2400 -3.1000 0.9900 -0.9478 -2.9344 3.6667 7.84 -3.02 5.04 123 210 215 209 152 
0.3923 -0.5495 -0.0209 -0.7374 117.31 57.69 54.19 9.76 -2.40 0.74 -1.8600 2.3900 -1.7700 2.1500 -3.4267 1.3511 8.40 -4.86 1.36 125 210 207 202 133 
0.5369 -0.6611 -0.2263 -0.4727 75.81 60.81 90.44 4.84 1.93 -6.45 -2.8800 7.2000 -6.0500 4.6678 -2.0744 -1.0000 8.84 -4.24 0.07 127 214 214 209 138 
0.6544 -0.5049 -0.4845 -0.2864 40.38 69.00 85.50 24.81 9.63 39.79 8.2800 6.7900 3.0300 -1.1089 0.8456 1.9944 8.93 -4.04 -0.21 130 218 218 215 141 
0.6445 -0.5390 -0.4762 -0.2595 47.50 62.50 95.12 10.21 -0.82 -0.15 2.0000 3.7500 -2.2700 -3.0678 1.7411 -0.0122 8.72 -4.47 -0.24 132 220 221 216 142 
0.5773 -0.6256 -0.3218 -0.4144 71.56 63.19 86.37 8.21 -7.69 -11.51 -0.4800 -3.5800 -11.5900 4.6644 0.2244 0.0911 8.80 -4.07 1.44 133 209 215 215 138 
0.6144 -0.5711 -0.3614 -0.4071 68.81 64.19 73.00 7.55 -5.10 2.50 -0.7500 -0.6200 2.2300 -0.5411 1.2644 0.4433 8.54 -4.43 1.87 135 223 225 226 152 
0.6218 -0.5794 -0.2685 -0.4534 73.37 58.25 72.12 6.60 -5.04 2.65 -2.2700 0.4200 1.3200 -1.9500 0.8344 0.6711 8.01 -5.48 1.35 150 271 263 262 204 
0.5516 -0.6470 -0.1570 -0.5024 86.50 56.56 84.06 4.80 -6.43 0.62 -3.3400 0.3200 1.4400 -3.1589 -6.3344 0.6733 6.94 -5.22 -4.54 258 414 370 442 277 
0.2828 -0.9172 -0.2065 -0.1901 158.12 22.62 156.25 -3.05 3.62 0.30 -7.1900 7.0200 7.6600 -5.2789 -1.7422 0.3344 2.61 -0.72 -9.42 256 393 353 412 269 
-0.0065 -0.9755 -0.1500 -0.1605 162.00 18.50 -175.50 5.31 -0.75 -15.19 1.0300 -1.4300 -1.1400 0.7678 0.2889 -0.0478 3.31 0.03 -9.23 257 394 356 419 269 
0.0428 -0.9670 -0.1694 -0.1852 159.19 23.44 177.87 2.38 0.64 -8.03 -2.0800 1.3900 0.0400 1.0789 0.9989 -1.2256 4.69 -0.62 -8.58 256 373 344 385 258 
0.1188 -0.9212 -0.2575 -0.2664 146.19 38.38 172.62 6.14 0.25 -7.62 0.4900 1.1800 0.5000 1.6689 5.5944 -1.2367 8.86 -1.16 -4.02 244 371 313 365 254 
0.3308 -0.6271 -0.3040 -0.6363 127.00 69.75 -10.56 1.97 0.09 3.97 -5.6900 -1.3500 -2.8300 -1.0400 12.0489 -3.3144 2.51 1.85 9.29 240 402 361 437 264 
;
