0.1207 0.5020 0.0969 0.8509 195.25 57.94 -31.69 6.96 2.90 5.54 0.6900 0.6000 2.1400 -0.1644 0.0600 -0.0056 8.49 2.63 4.12 178 304 283 318 207 
0.1116 0.5289 0.0882 0.8367 195.12 60.38 -32.31 8.49 2.72 2.73 0.5800 0.2400 -1.3800 0.1933 0.2022 -0.0856 8.50 2.67 4.09 176 303 285 309 203 
0.1074 0.5230 0.0983 0.8398 194.50 58.75 -32.63 8.67 2.57 3.77 0.4000 -0.1800 -0.5300 0.0733 -0.0022 -0.0422 8.38 2.78 4.25 164 305 284 307 201 
0.1064 0.5244 0.1052 0.8383 194.56 58.81 -34.69 10.54 2.88 5.20 3.4100 0.1300 1.3100 0.7722 0.3167 0.0211 8.31 3.12 4.16 170 336 305 324 206 
0.0827 0.5078 0.1049 0.8511 190.37 58.63 -25.12 12.00 -0.06 5.45 5.2100 -0.7800 0.5200 -2.0911 -0.0600 3.1733 8.76 -0.60 4.35 100 279 292 260 194 
-0.0370 0.5759 -0.1204 0.8077 170.44 68.31 60.56 6.48 0.33 -3.95 -3.4400 4.8400 -4.1800 0.1322 -1.5889 -0.2278 9.12 -3.57 0.27 106 166 179 169 111 
-0.1174 0.6944 -0.1124 0.7010 159.12 72.50 83.69 6.67 0.64 -0.79 -2.0900 3.6600 -0.8600 2.1056 -0.3567 -0.7911 9.52 -2.27 0.51 106 181 178 171 110 
-0.1808 0.6897 0.0509 0.6993 148.44 81.44 80.06 11.48 1.86 -7.30 0.0100 2.4200 -6.0600 2.9089 0.8122 0.3400 9.71 -1.24 0.52 111 176 175 179 114 
-0.2196 0.6932 0.1360 0.6729 143.69 80.81 87.44 10.94 2.36 3.54 0.9100 3.7200 3.0900 -2.6922 -0.3400 0.2967 9.62 -1.85 -0.20 112 186 183 181 115 
-0.1134 0.7288 -0.0333 0.6745 163.69 76.75 108.62 6.98 0.50 -6.95 -3.3400 1.5300 -7.3200 -1.5067 -0.5578 0.0678 9.49 -2.02 -1.35 118 180 182 180 114 
-0.0233 0.7549 -0.0980 0.6481 176.81 77.44 145.00 10.26 -3.41 -8.78 0.9800 -2.2900 -6.5700 3.1589 -0.4278 -0.9622 9.55 -0.82 -2.03 115 173 182 180 108 
-0.0681 0.7906 0.0190 0.6082 167.12 74.31 158.31 10.62 -2.28 -2.82 0.1000 -1.3500 -1.0100 -0.0033 2.4156 0.3756 9.66 -1.43 -0.85 118 188 188 187 128 
-0.0988 0.7081 -0.0206 0.6989 162.25 78.87 81.44 8.10 -2.19 3.88 -4.0400 -0.4600 2.5800 -0.9522 0.0856 1.2289 9.43 -2.66 0.36 149 286 279 273 197 
-0.1677 0.7480 -0.1011 0.6340 137.69 54.81 125.75 3.63 0.52 -5.10 2.7400 6.6100 -0.3300 -7.9133 -4.6489 2.8767 3.59 -2.75 -8.69 210 359 314 367 232 
-0.0113 0.9401 -0.2878 0.1822 214.94 16.62 -179.12 8.51 1.09 -10.21 3.4800 1.4900 -0.4700 -3.5722 1.3067 -0.5489 3.04 2.76 -8.90 210 322 277 342 225 
0.2496 0.9181 -0.2895 0.1048 214.56 20.56 -153.00 4.41 5.81 -13.45 0.3200 0.9000 -4.0300 0.5556 0.4544 -0.0533 3.60 4.16 -8.11 212 330 282 351 228 
0.2597 0.9179 -0.2709 0.1288 212.69 21.87 -154.37 8.77 1.77 -14.46 6.5100 0.0700 -11.2300 1.2300 -0.9578 0.0822 3.32 3.12 -8.67 194 344 303 361 234 
0.0583 0.9249 -0.2842 0.2459 215.19 34.69 154.75 0.30 10.25 -7.16 -5.1500 14.4100 2.4100 7.5389 5.6956 3.6956 5.43 -8.11 -0.90 213 439 360 422 227 
-0.4490 0.6219 -0.2873 0.5737 102.94 24.56 82.37 -2.99 0.61 1.15 -5.1500 8.6400 -0.5800 0.3333 0.4856 0.1456 3.75 -8.88 1.77 210 438 375 423 228 
-0.4659 0.5533 -0.3107 0.6165 107.50 24.06 77.69 2.70 -6.27 2.78 -1.1100 1.6700 0.9100 -0.3022 -0.0189 -0.7700 4.49 -8.53 1.75 215 430 360 416 243 
-0.4163 0.5800 -0.2957 0.6346 113.94 30.75 81.25 2.29 -6.73 0.73 -2.4700 1.1000 -1.0400 -0.4478 -1.5722 -1.7967 6.12 -7.65 0.24 206 409 254 268 203 
-0.3453 0.6956 -0.1985 0.5979 123.19 47.69 98.19 5.40 -4.36 -2.22 -2.0200 2.4100 -0.8100 -1.7822 0.2989 -2.9978 8.52 -4.52 -1.75 200 331 234 257 187 
-0.1683 0.7966 -0.0731 0.5760 149.75 65.50 137.31 10.82 -1.50 -5.18 1.7000 0.3300 -2.6400 1.5111 -0.2756 -3.5167 9.34 -0.44 -2.92 199 309 286 336 221 
-0.1262 0.7541 0.2195 0.6060 154.25 76.69 -140.19 16.62 5.40 1.01 6.8800 3.7100 3.1600 3.1022 3.6711 -2.0844 9.36 2.90 0.24 191 313 320 380 223 
-0.2535 0.5685 0.3857 0.6810 134.19 85.00 -175.37 3.82 3.18 4.56 -4.8900 4.6700 6.3500 -4.7867 -8.2867 10.2578 6.45 -4.24 -6.03 206 280 292 361 227 
-0.1053 0.9557 -0.1680 0.2176 208.94 15.94 175.37 -3.90 4.99 -14.42 -7.0600 3.5800 -7.0800 -3.9811 0.4256 0.1744 3.14 2.67 -8.89 208 309 287 364 230 
0.2296 0.9116 -0.3267 0.0974 220.06 18.75 -157.25 4.02 3.35 -12.77 1.3800 -0.6600 -3.7000 0.5067 0.5267 -0.0644 3.30 3.38 -8.59 215 315 287 369 226 
0.2191 0.9144 -0.3201 0.1161 218.00 21.25 -160.37 3.58 3.11 -7.83 -0.1500 0.0600 0.6900 0.4967 0.3611 -0.1300 3.79 2.75 -8.61 211 317 294 367 229 
0.1893 0.9233 -0.2935 0.1595 213.06 24.56 -165.81 6.82 3.57 -11.27 2.0500 1.9800 -2.9300 3.1111 3.7067 -0.8722 6.20 0.38 -7.58 204 366 315 357 223 
;
