0.1063 0.2772 0.0717 0.9522 192.69 30.87 -12.94 4.93 1.51 8.22 -0.1200 -0.2700 0.0000 0.0189 0.0089 -0.0156 5.03 1.87 8.20 168 351 358 380 205 
0.1055 0.2768 0.0704 0.9525 192.56 30.69 -13.00 4.91 1.84 8.10 -0.0100 -0.0800 -0.1300 0.0511 0.0411 -0.0089 4.98 1.93 8.22 168 349 358 380 205 
0.1049 0.2735 0.0743 0.9532 192.62 30.19 -13.44 7.23 1.97 9.01 2.9700 0.0600 1.1700 0.8456 1.4378 -0.4256 4.25 2.45 8.48 172 336 312 386 206 
0.1038 0.2217 0.1130 0.9630 192.25 24.44 -15.13 6.34 0.77 8.76 7.0400 -1.0000 -1.1200 0.1578 -2.5178 4.0811 6.12 0.49 7.64 107 252 272 288 211 
-0.1303 0.4273 -0.0001 0.8947 159.19 53.75 15.81 5.34 -3.51 2.17 -2.5200 -0.1100 -3.4400 1.3711 -4.6033 0.4256 9.27 -2.19 2.30 98 190 175 184 131 
-0.2484 0.6675 0.1127 0.6928 136.12 81.37 87.50 8.82 3.24 -2.05 -1.6800 4.5600 -1.9600 3.3922 -1.8522 -0.9122 9.71 -0.89 -1.02 100 178 171 172 112 
-0.3389 0.6702 0.3564 0.5559 112.19 79.00 166.75 9.22 3.84 -6.24 0.2600 4.6900 -4.7900 4.7622 -1.7067 -1.0278 9.40 -0.54 -2.71 101 173 165 172 105 
-0.4236 0.5900 0.5229 0.4460 91.19 74.87 167.25 8.47 0.88 -1.18 -0.4100 2.3200 2.4500 -1.0689 0.4667 0.1222 9.50 -0.70 -2.29 105 184 175 178 114 
-0.4001 0.6299 0.4671 0.4744 103.25 76.25 166.00 9.36 2.67 -2.71 -0.3600 2.6000 -0.9200 -2.1533 0.1033 0.3744 9.51 -0.45 -2.31 103 187 180 180 116 
-0.3048 0.6932 0.3694 0.5386 125.12 75.62 178.44 7.02 -0.76 -7.97 -2.2000 -1.7500 -6.6300 -0.5378 -0.8122 -0.7267 9.28 0.60 -3.11 105 188 182 183 113 
-0.2538 0.7045 0.4024 0.5267 120.37 68.81 -175.12 20.54 -11.36 6.01 5.3800 1.8400 1.4500 0.2911 1.3167 1.0633 9.17 -0.19 -3.45 107 183 178 180 107 
-0.3011 0.7148 0.3984 0.4896 114.44 69.50 171.87 11.59 0.22 -0.92 2.2600 0.8700 3.2900 0.4389 0.5889 0.6200 9.23 -0.94 -3.15 116 203 194 199 131 
-0.3470 0.7009 0.3850 0.4901 110.50 74.69 157.75 12.10 0.25 0.62 4.0500 0.2900 1.2200 -1.1244 7.0389 -2.4133 9.35 0.61 2.86 192 212 198 191 122 
-0.3584 0.3325 0.1799 0.8536 138.50 22.00 0.31 1.84 -0.77 9.47 2.5000 0.0500 -0.1100 -3.5756 6.7067 2.0967 -2.50 -2.64 9.10 207 172 173 171 103 
-0.4123 -0.1578 -0.2669 0.8567 124.94 -35.44 24.06 -1.29 -0.50 4.02 5.6200 2.4600 -3.0700 -0.2178 0.9478 1.9400 -7.03 -2.54 6.33 207 176 177 171 105 
-0.5300 -0.2727 -0.3121 0.7398 104.44 -47.25 8.25 -7.61 3.86 8.85 -5.7000 2.4900 3.8100 0.5133 -1.0722 2.9211 -6.74 0.93 7.06 209 182 183 171 106 
-0.6404 -0.2876 -0.1999 0.6835 96.69 -39.06 -4.69 -7.99 0.99 7.56 1.3600 0.8300 -0.2800 0.1611 -0.2189 -0.9767 -6.03 0.11 7.73 206 183 184 175 107 
-0.5840 -0.2566 -0.1934 0.7455 104.12 -36.88 -1.06 -4.60 0.77 8.17 1.1800 0.5400 0.1300 0.1678 -0.8444 -0.2022 -5.22 0.21 8.29 208 192 189 183 118 
-0.5809 -0.2026 -0.1304 0.7775 107.06 -25.31 -3.12 -4.03 -1.14 7.88 -0.3100 -2.0800 -0.4400 2.8733 -2.4656 -0.6600 -2.77 1.99 9.19 207 298 262 262 177 
-0.5112 -0.1654 0.1386 0.8320 118.75 -2.37 -31.37 -2.88 7.36 12.27 -3.5700 1.8200 4.8500 0.1756 -5.6922 1.1611 3.50 5.68 7.17 206 363 322 359 218 
-0.4063 0.2236 0.4009 0.7901 126.50 52.56 -38.50 5.33 1.37 2.17 -3.7300 -2.0100 -2.5900 -2.7789 -10.3189 4.9633 9.40 -0.38 -2.76 201 351 323 348 223 
-0.2454 0.8738 0.2902 0.3034 153.44 26.31 161.75 -4.47 0.49 -7.08 -5.0400 1.7100 -5.5100 -3.9422 -1.1589 2.0133 2.04 -0.37 -9.58 203 323 304 338 225 
-0.0081 0.9852 0.1082 0.1331 167.25 15.44 -179.37 2.53 -0.74 -8.81 -0.1900 -0.4800 0.4400 -0.2700 0.2722 -0.1567 2.78 0.35 -9.39 202 328 312 343 225 
;
