0.7068 -0.2396 -0.4493 -0.4910 69.50 60.25 -12.44 8.36 0.99 4.75 -0.1400 0.0000 0.0000 0.2200 0.2200 -0.0867 8.43 1.19 4.85 176 318 327 335 214 
0.7131 -0.2211 -0.4497 -0.4903 69.00 59.00 -14.13 9.11 1.04 5.50 0.6800 -0.0300 1.2100 -0.2744 0.4867 0.1789 8.26 1.05 5.17 174 315 326 350 220 
0.7201 -0.2456 -0.4174 -0.4969 69.56 58.13 -2.56 10.81 -0.56 6.99 2.1600 -0.3100 1.1500 -1.0811 0.1222 0.8822 8.33 -0.73 5.11 174 283 283 255 178 
0.7226 -0.3372 -0.3475 -0.4933 68.56 55.44 19.56 7.87 -5.55 3.80 -0.9700 0.6100 0.0800 -2.7522 -0.2344 -0.0467 8.08 -3.09 4.60 104 162 169 172 110 
0.6785 -0.4675 -0.3170 -0.4696 64.12 62.88 51.75 7.63 -1.37 -1.29 -2.7100 1.9400 -3.9900 1.6522 -1.7678 1.0489 8.70 -3.95 2.18 105 170 172 175 116 
0.7131 -0.4697 -0.4128 -0.3169 45.19 62.50 61.50 7.98 -1.59 5.42 -1.4700 1.9200 3.3400 0.7200 -0.0589 -0.1867 8.71 -3.80 2.41 107 172 176 181 118 
0.7258 -0.4296 -0.4551 -0.2856 42.13 65.87 57.75 15.57 0.12 -9.88 1.3400 0.9000 -10.5000 3.5156 1.3844 -0.8167 8.97 -2.26 3.23 111 177 185 184 123 
0.7414 -0.3570 -0.4707 -0.3183 49.50 67.87 36.75 9.73 0.52 6.51 0.6300 2.7000 3.7100 -2.1444 0.7011 -0.1022 8.90 -2.51 3.25 117 190 197 195 133 
0.7039 -0.4341 -0.3692 -0.4241 64.44 62.81 42.69 11.02 0.26 0.30 2.2300 3.4800 -3.4000 -1.2911 -1.0211 -0.2889 9.01 -3.08 2.31 113 184 194 192 130 
0.6272 -0.5022 -0.3478 -0.4832 77.44 66.19 43.69 7.17 -4.45 -6.88 -1.3100 -2.0100 -9.8500 3.4333 1.0278 -0.3211 8.78 -1.54 4.07 121 175 183 187 123 
0.6587 -0.4018 -0.4260 -0.4725 71.81 68.37 22.75 8.28 -2.29 3.67 -2.4500 -0.8900 0.2100 -0.7633 -1.1178 0.8011 9.11 -2.07 2.97 154 235 244 236 167 
0.6451 -0.4584 -0.3750 -0.4828 77.37 66.56 35.19 6.30 -3.22 1.87 -1.9900 -0.7900 -3.4600 -1.1556 1.6522 -1.8122 8.83 -1.58 3.94 168 289 263 297 201 
0.5958 -0.4036 -0.3091 -0.6218 93.75 57.25 2.87 9.38 0.89 1.81 3.9400 1.7600 -3.3600 2.4767 0.2256 -0.2533 8.23 0.78 5.26 172 351 341 409 218 
;
0.6434 -0.2603 -0.4124 -0.5900 82.44 57.31 -20.81 7.36 8.59 12.65 0.1100 4.7000 13.0900 -1.1156 -0.0278 0.3067 8.43 2.01 4.58 168 355 350 412 219 
0.6508 -0.2360 -0.4600 -0.5561 81.06 58.75 -23.25 8.25 1.68 5.13 0.1400 -0.3400 0.2900 0.0700 0.1133 -0.0556 8.30 2.07 4.78 169 354 345 398 222 
0.6572 -0.2181 -0.4565 -0.5587 80.37 57.44 -26.06 9.85 2.52 5.91 1.3300 -0.1500 0.9700 -0.4767 0.7444 0.0522 8.06 2.28 5.08 175 347 342 368 218 
0.6611 -0.2343 -0.4321 -0.5670 81.81 58.88 -14.69 10.90 -0.22 5.52 2.5900 -1.8100 0.4900 -2.8300 -0.4656 0.8278 8.59 -0.45 4.69 140 184 175 186 122 
0.6204 -0.4020 -0.2718 -0.6160 88.50 55.38 22.25 6.52 -1.59 2.66 -1.3100 1.2800 -2.1100 -0.2367 -1.9778 0.8589 8.52 -2.84 3.92 121 182 179 186 122 
0.6295 -0.4976 -0.2899 -0.5218 76.62 62.31 47.75 6.84 -0.95 -3.05 -1.1200 4.2400 -7.1100 1.6333 -1.1433 0.3978 8.73 -3.48 2.78 117 190 175 186 125 
0.6847 -0.4774 -0.3833 -0.3954 52.50 64.81 56.06 6.83 2.38 0.69 -1.7100 9.7700 3.8100 -0.1422 0.0444 1.0200 8.81 -3.59 2.34 117 185 182 188 126 
0.7379 -0.4273 -0.4628 -0.2424 39.31 62.38 62.50 10.26 -0.82 3.16 1.6200 3.1800 0.5200 -1.4167 1.0311 -0.3467 8.66 -3.99 2.27 124 187 184 190 126 
0.7157 -0.4746 -0.3802 -0.3434 53.25 59.94 57.63 7.19 -1.67 -0.59 -0.7900 2.0700 -4.5300 -0.9222 0.5267 -0.8733 8.61 -3.84 2.68 119 194 185 193 127 
0.6899 -0.4761 -0.3597 -0.4097 58.56 63.31 48.63 4.09 -5.71 1.94 -6.1600 3.7000 36.7300 -1.7856 -3.4267 -1.3167 9.22 -2.73 1.89 133 196 191 198 134 
0.6919 -0.4661 -0.3685 -0.4102 65.06 59.50 47.88 3.34 -4.02 1.95 -3.4500 -0.3500 -2.7900 -1.0500 1.7033 -1.5622 8.22 -3.34 4.15 167 289 249 283 198 
0.6459 -0.4240 -0.2554 -0.5812 87.56 54.81 14.75 8.52 -0.96 -0.80 1.7100 0.6300 -6.6700 4.0256 -0.1856 -1.6289 8.13 1.17 5.34 178 382 337 418 223 
0.6499 -0.2281 -0.4567 -0.5631 81.62 59.44 -20.56 9.97 1.31 5.56 0.7100 -0.8100 -0.2300 -0.2333 0.1900 -0.0744 8.49 1.63 4.61 176 372 350 417 224 
;
0.6492 -0.2525 -0.4386 -0.5679 82.31 58.25 -19.50 8.83 1.45 5.18 0.5900 -0.2800 0.3100 0.4311 0.4478 -0.2311 8.18 1.97 5.02 170 368 348 422 224 
0.6499 -0.2189 -0.4547 -0.5683 82.31 57.25 -27.12 10.51 1.88 6.31 1.7100 -0.5800 1.8200 -1.3456 1.3411 -0.0389 7.87 2.18 5.42 180 366 344 357 217 
0.6541 -0.2538 -0.3911 -0.5956 84.81 55.50 -7.37 9.01 -0.56 5.56 -0.1200 -1.2400 -1.0000 -2.1611 -0.9211 1.1800 8.34 -0.92 5.07 171 227 224 212 150 
0.6235 -0.4166 -0.2816 -0.5988 89.81 59.06 25.19 8.01 -2.28 1.90 0.3500 0.6300 -2.9700 -0.1733 -2.4000 0.1156 9.03 -2.42 2.94 132 195 181 182 126 
0.5751 -0.5219 -0.3250 -0.5397 83.81 70.87 47.94 9.22 1.43 -1.09 -0.1000 4.4000 -3.4700 2.5978 -0.8400 0.1344 9.41 -2.08 1.79 122 190 188 186 130 
0.6527 -0.4350 -0.4658 -0.4097 56.88 73.62 37.19 7.23 4.91 -2.54 -2.3000 8.3500 -3.4400 -3.5889 4.0911 0.8956 9.08 -1.89 3.16 128 189 186 189 132 
0.7554 -0.3528 -0.4497 -0.3203 48.06 60.50 35.88 6.55 -1.27 8.36 -0.9400 2.1900 4.1400 -2.4989 0.7878 -0.2500 8.33 -3.43 3.86 126 194 191 192 132 
0.7161 -0.4485 -0.3243 -0.4253 63.94 57.75 44.25 7.74 -2.31 -1.48 -0.5700 1.5900 -5.7500 -0.6178 0.3533 -0.7522 8.34 -3.51 3.75 122 192 187 193 135 
0.6888 -0.4437 -0.3015 -0.4877 67.75 58.94 32.69 8.38 -3.54 -0.92 -17.0100 2.5300 36.0300 -2.1556 -2.3367 -0.0822 9.25 -1.86 2.66 131 203 195 198 139 
0.6951 -0.4205 -0.3755 -0.4462 66.31 61.06 36.63 3.84 -2.74 4.31 -3.6000 0.3300 -1.0400 -1.3622 0.9978 -0.8144 8.35 -3.10 4.08 160 300 278 290 206 
0.6716 -0.4208 -0.2866 -0.5383 79.69 56.94 20.69 7.69 -1.51 -0.84 -0.0900 0.5500 -4.8200 2.9067 -0.1667 -1.5744 8.32 0.52 5.15 175 362 334 415 218 
;
0.6794 -0.2209 -0.4253 -0.5556 77.00 58.19 -16.19 12.12 1.45 8.10 3.1800 0.1900 2.6500 -0.3889 -0.0833 0.0333 8.48 1.09 4.80 167 361 340 399 217 
0.6754 -0.2605 -0.4261 -0.5427 77.69 58.56 -12.56 8.67 0.59 4.68 0.3400 -0.4900 -0.1400 0.0489 0.0878 -0.0144 8.33 1.16 5.03 165 353 339 399 218 
0.6783 -0.2463 -0.4236 -0.5475 77.69 57.38 -15.63 7.89 1.38 7.43 -0.0400 -0.4200 2.5400 -0.4100 -0.9656 0.3800 8.55 1.39 4.58 173 336 337 371 219 
0.6539 -0.2870 -0.4263 -0.5552 82.31 60.75 -7.37 11.34 -0.75 4.90 1.2600 -1.4800 -1.0800 -2.0567 -0.1500 0.8067 8.55 -0.61 4.75 176 214 226 221 150 
0.6312 -0.4066 -0.3179 -0.5789 84.44 61.38 22.50 8.01 -1.53 1.04 -0.5800 1.1900 -3.4600 -0.3522 -2.2011 0.4289 9.11 -2.37 2.74 138 184 185 188 126 
0.6104 -0.5035 -0.3774 -0.4811 74.25 71.31 52.50 10.72 3.07 -5.18 0.2900 5.5000 -7.6700 3.7233 -0.3411 0.9456 9.14 -2.51 2.47 133 186 179 185 119 
0.7526 -0.3376 -0.4839 -0.2924 44.19 60.69 35.00 2.28 0.94 4.90 -2.9400 3.8500 1.0000 -1.0911 -0.3511 0.4033 8.49 -3.25 3.67 136 188 197 196 133 
0.7633 -0.4016 -0.3798 -0.3345 50.75 57.50 43.69 8.57 -2.03 2.22 0.5100 1.8900 -2.0600 -1.6456 1.0311 -0.4433 8.14 -3.84 3.88 133 188 193 199 133 
0.7191 -0.4539 -0.3011 -0.4315 62.75 55.44 42.94 8.28 -1.40 -1.66 1.0700 1.6100 -6.4300 0.8856 0.3044 -0.2756 8.09 -3.35 4.39 133 187 189 196 133 
0.7441 -0.3864 -0.3490 -0.4186 53.75 62.00 27.81 28.84 -2.87 12.32 6.5200 -0.0200 -2.1600 -1.3422 0.8756 -0.2622 9.04 -2.34 2.98 149 209 209 211 149 
0.6928 -0.4440 -0.3922 -0.4111 63.38 64.56 46.44 5.27 -3.62 2.50 -3.6300 -1.1000 -1.8500 -1.0833 1.4933 -1.2867 8.75 -2.73 3.47 171 294 286 297 199 
0.6544 -0.4283 -0.3339 -0.5262 79.31 62.94 20.25 9.22 -0.90 0.70 0.2600 0.3900 -3.1800 1.9433 -0.2578 -1.1000 8.79 -0.13 4.33 174 332 321 386 216 
0.6505 -0.3120 -0.4158 -0.5538 80.25 61.44 -10.00 12.90 3.61 8.07 1.8300 1.0200 5.4600 -0.2667 0.5300 0.1789 8.35 0.85 5.06 174 338 331 391 216 
;
0.6725 -0.2747 -0.4060 -0.5544 78.94 58.19 -8.75 8.02 0.24 4.98 -0.0200 -0.5700 -0.0300 0.1067 0.2222 -0.0711 8.24 0.85 5.24 166 329 326 387 216 
0.6800 -0.2584 -0.4024 -0.5558 78.31 56.00 -10.63 7.52 0.38 6.52 -0.4400 -0.7300 1.5800 0.7856 -0.5467 -0.1578 8.23 1.33 5.15 170 321 328 372 216 
0.6761 -0.2498 -0.4281 -0.5451 78.87 58.63 -12.25 9.90 -0.57 6.93 1.7300 -1.8300 1.7900 -2.3511 0.2133 0.2711 8.28 -0.02 5.23 173 242 252 248 171 
0.6434 -0.3576 -0.3285 -0.5918 85.62 58.25 13.88 9.84 -0.75 1.88 1.3000 0.9200 -2.5500 -0.8522 -1.1056 1.0833 8.67 -2.33 3.93 139 191 197 201 138 
0.6161 -0.4940 -0.3224 -0.5219 78.50 67.56 48.38 6.65 -0.28 -1.95 -2.3400 3.4600 -5.0700 1.4178 -0.7344 0.0878 9.20 -2.73 1.99 126 186 190 193 131 
0.6536 -0.4584 -0.4229 -0.4288 60.56 70.87 39.75 6.58 3.73 -2.50 -1.8200 7.6500 -2.6700 -3.7767 2.7900 0.2222 8.94 -1.97 3.51 132 192 194 200 138 
0.7403 -0.3694 -0.4473 -0.3397 50.31 64.12 38.81 6.53 -1.51 7.60 -2.4600 1.1500 3.2500 -2.4922 0.6278 -0.3511 8.54 -3.22 3.56 130 190 205 204 137 
0.6959 -0.4624 -0.3350 -0.4355 66.56 59.44 46.88 6.13 -1.74 -3.14 -2.2900 2.3000 -7.2400 -0.4911 0.3111 -0.4989 8.43 -3.57 3.50 127 196 198 206 137 
0.6943 -0.4376 -0.3132 -0.4779 63.69 60.81 29.19 -0.93 19.87 39.69 -10.2000 14.0300 36.0500 -2.2344 -2.6489 0.2967 9.39 -1.91 2.07 141 198 203 208 144 
0.6550 -0.4662 -0.4037 -0.4366 69.50 66.94 47.38 3.63 -3.67 2.30 -4.8800 -1.0100 -0.9900 -0.6033 -0.5200 -0.9544 9.18 -2.48 2.37 170 301 288 333 208 
0.6093 -0.4680 -0.3762 -0.5179 83.62 69.50 19.81 11.04 -0.76 0.13 1.8900 -0.0600 -2.9700 2.0267 1.8000 -1.4600 8.68 0.42 4.53 175 359 308 410 219 
0.6433 -0.2931 -0.4090 -0.5771 83.25 60.13 -9.06 9.63 1.16 6.09 -0.2600 0.2400 0.2400 0.1356 0.0289 -0.0267 8.50 0.76 4.83 171 354 337 403 218 
;
0.6491 -0.2959 -0.4049 -0.5720 82.81 59.63 -9.19 8.71 0.55 5.03 0.3400 -0.3400 0.1100 0.3589 -0.0689 -0.1422 8.50 0.96 4.79 174 341 342 391 218 
0.6444 -0.2835 -0.4369 -0.5599 81.81 63.13 -15.75 8.93 0.39 4.96 0.6500 -0.4000 1.4200 -1.7856 0.2600 -0.2022 8.68 0.81 4.47 180 324 318 319 208 
0.6125 -0.3407 -0.3823 -0.6022 90.00 60.94 -2.44 10.18 0.00 4.12 1.5600 0.0600 -1.4300 -1.7778 0.2378 0.5633 8.50 -0.68 4.82 163 209 215 221 150 
0.5928 -0.4302 -0.2968 -0.6127 90.62 63.88 25.12 8.40 -0.69 0.01 -0.3500 1.9600 -3.6100 0.3100 -2.8422 1.0544 9.25 -2.54 2.02 122 187 186 192 126 
0.5882 -0.5355 -0.3678 -0.4817 75.37 72.06 63.25 7.68 2.61 -7.90 -0.2200 6.2700 -8.9900 4.2822 0.8211 -0.1344 9.32 -2.12 2.18 124 180 177 189 124 
0.7341 -0.3262 -0.4949 -0.3314 51.81 69.56 30.94 10.34 3.78 4.85 1.5100 2.3100 0.3800 -0.9822 0.5111 1.0589 9.16 -2.35 2.58 129 189 195 199 135 
0.7360 -0.3833 -0.4405 -0.3425 52.69 65.56 40.63 9.98 0.63 4.06 1.4400 3.6500 0.1600 -2.3800 0.1911 -0.1956 8.94 -2.96 2.72 126 194 195 200 135 
0.6687 -0.4827 -0.3705 -0.4272 66.37 64.19 51.56 7.20 -2.76 -11.17 -3.0400 0.2500 -14.6100 3.2978 0.6089 -0.0233 8.68 -2.64 3.71 131 173 179 189 127 
0.6994 -0.4006 -0.4500 -0.3846 59.56 69.19 40.88 13.20 -2.04 0.97 -0.5900 0.2800 -1.1300 -2.2278 2.7478 0.1222 8.49 -2.93 3.93 161 250 247 250 176 
0.6713 -0.4640 -0.3235 -0.4789 74.69 62.81 43.50 6.57 -4.14 0.01 -2.7600 -0.8800 -4.2500 -1.3056 0.8989 -1.5000 8.82 -2.57 3.40 168 298 274 319 204 
0.5837 -0.4678 -0.2988 -0.5927 92.37 63.44 17.37 7.97 -1.25 1.36 1.5600 0.7800 -2.1400 2.6078 0.4989 -1.2078 8.55 0.39 4.77 175 371 340 416 225 
;
0.6207 -0.2900 -0.3960 -0.6114 86.50 58.25 -17.81 10.13 1.00 11.56 2.5100 0.2700 3.2300 -0.1889 -0.5311 0.0900 8.76 1.28 4.21 169 380 347 420 222 
0.6262 -0.2930 -0.4392 -0.5737 84.81 61.75 -17.62 9.08 1.21 5.76 0.4200 -0.3600 1.9600 0.9356 0.3256 -0.3900 8.46 1.86 4.58 175 367 345 409 224 
0.6399 -0.2418 -0.4458 -0.5773 85.19 56.75 -20.19 9.68 0.94 6.67 2.3900 -0.8300 1.3800 -2.5200 0.0367 0.9122 8.23 0.56 5.29 180 305 270 262 188 
0.6234 -0.3560 -0.3252 -0.6155 89.56 58.56 12.44 8.23 -2.16 1.66 -1.0800 -0.3000 -3.2900 -1.8589 -1.4844 1.2011 8.62 -2.76 3.76 144 185 182 190 130 
0.5905 -0.5261 -0.2834 -0.5425 83.50 66.75 53.81 7.53 -0.29 -1.09 -2.0300 2.9400 -3.1600 1.0678 -2.0189 -0.3956 9.31 -2.79 1.26 135 186 185 191 133 
0.5809 -0.5236 -0.4301 -0.4510 71.25 79.06 66.44 15.03 4.38 -7.40 -5.2700 4.5100 -8.7700 7.9556 1.3222 1.0989 9.26 -1.37 2.90 152 182 184 196 133 
0.7178 -0.3333 -0.5139 -0.3312 50.44 72.56 31.19 9.28 1.31 4.56 -1.4700 2.8800 2.2900 -1.7578 -0.1844 0.0211 9.15 -2.06 2.84 153 191 194 198 137 
0.6913 -0.4218 -0.4277 -0.4017 63.31 67.62 42.50 6.78 0.30 -1.79 -1.7400 2.3700 -5.5000 -1.3111 0.4700 -0.6944 9.06 -2.54 2.74 143 192 191 202 138 
0.6600 -0.4476 -0.3658 -0.4798 69.06 66.81 28.31 7.49 -3.73 -3.60 -0.5300 11.7000 36.3600 -2.6156 -2.4144 -0.6144 9.36 -1.09 2.68 156 198 195 201 142 
0.6567 -0.4133 -0.4313 -0.4602 70.56 69.00 29.25 4.92 -2.55 3.74 -4.3500 -0.7100 -0.2100 -1.3422 -0.4433 -0.1933 9.15 -2.02 2.86 174 279 267 280 197 
0.6190 -0.4533 -0.3711 -0.5232 83.25 67.75 21.12 8.33 -1.80 -0.80 -0.6900 -0.5600 -5.3200 1.9056 1.0911 -1.0522 8.71 -0.13 4.49 179 355 320 410 220 
;
0.6478 -0.2983 -0.4181 -0.5626 79.31 62.00 -16.00 12.15 2.69 10.25 2.1500 0.5000 3.7800 -0.2222 0.1644 0.0878 8.64 0.90 4.54 175 364 344 412 220 
0.6584 -0.2881 -0.4370 -0.5408 79.00 62.38 -12.25 9.58 0.20 4.18 0.6900 -0.9200 0.1600 0.3333 -0.0989 0.0111 8.70 1.07 4.38 174 359 331 404 224 
0.6594 -0.2715 -0.4601 -0.5289 76.94 63.94 -17.25 9.22 0.48 6.48 0.5900 -0.5100 2.0100 -2.1700 0.3244 -0.3933 8.69 0.84 4.45 175 271 264 258 178 
0.6262 -0.3462 -0.3910 -0.5790 86.62 63.75 3.31 11.20 -0.39 2.43 2.0200 -0.2000 -2.5000 -1.7867 -0.0400 1.1533 8.80 -1.51 4.03 145 196 195 203 139 
0.5980 -0.4766 -0.3110 -0.5645 84.94 66.31 39.00 7.80 -1.59 -0.96 -1.6200 1.5300 -3.7200 0.5589 -2.1489 0.7122 9.23 -2.96 1.48 126 193 190 192 132 
0.5874 -0.5441 -0.4157 -0.4315 69.75 75.37 78.25 10.83 3.58 -9.69 2.0400 5.9400 -10.7500 6.9944 0.0900 -0.4033 9.59 -1.47 1.36 129 181 188 194 135 
0.7444 -0.3426 -0.4661 -0.3334 45.75 66.62 35.25 8.34 -1.47 5.38 -1.4600 1.9100 3.1200 -2.2811 1.5411 -0.1789 8.72 -2.84 3.45 130 191 196 200 136 
0.7136 -0.4276 -0.3843 -0.4003 61.88 62.56 42.63 7.39 -0.28 -1.08 -1.9300 2.5700 -5.7700 -1.1144 0.0056 -0.6178 8.80 -2.97 3.13 125 193 194 200 136 
0.6570 -0.4614 -0.3599 -0.4753 72.94 67.31 36.69 13.73 -2.62 -11.29 1.8700 -0.9900 -12.8100 5.3911 -0.9800 0.4100 9.24 -1.37 2.97 133 184 191 195 129 
0.6847 -0.3816 -0.4820 -0.3915 60.00 72.56 35.25 7.41 -0.43 1.96 -3.2700 0.5400 -1.0300 -1.6967 0.8044 -0.1844 9.09 -2.12 2.98 163 258 251 258 184 
0.6505 -0.4370 -0.4112 -0.4657 74.87 70.44 28.31 6.87 -2.60 -0.91 -2.3100 -1.5500 -3.5800 -0.1433 0.0500 -1.4211 9.23 -0.58 3.25 170 323 303 361 213 
;
0.6145 -0.3674 -0.4026 -0.5703 85.75 64.06 -5.94 10.42 0.74 2.52 2.2200 0.0800 -2.1400 1.5422 1.4956 -0.3478 8.42 1.24 4.86 172 363 339 406 216 
0.6509 -0.2834 -0.4132 -0.5703 82.37 60.94 -11.19 8.63 0.59 3.99 0.4200 -0.2800 -0.5900 0.0422 -0.2622 -0.0278 8.73 0.93 4.34 169 357 337 400 220 
0.6411 -0.2974 -0.4316 -0.5606 81.94 62.38 -13.50 8.88 0.50 5.60 -0.0100 -0.5800 1.8100 1.0844 -0.1689 -0.1400 8.70 1.42 4.29 178 354 341 379 218 
0.6374 -0.2787 -0.4543 -0.5565 86.87 61.25 -16.81 10.24 0.65 6.41 1.5000 -0.5800 -0.5700 -3.5300 -0.2022 -0.2456 8.54 0.21 4.80 175 244 229 232 153 
0.5236 -0.4327 -0.3149 -0.6630 105.00 68.75 13.75 9.25 -0.96 -1.93 -0.4300 0.7600 -6.3500 0.4256 -2.4500 0.5144 9.53 -1.32 1.84 131 191 186 189 129 
0.5018 -0.5501 -0.3547 -0.5654 92.75 78.37 51.19 6.75 3.03 -6.34 -3.7200 5.0100 -8.3400 4.4411 -1.9178 -1.0056 9.73 -0.98 0.65 130 200 194 193 132 
0.6599 -0.3672 -0.5280 -0.3885 53.13 74.75 16.62 1.44 -11.91 5.07 -6.1100 4.1300 1.2700 -0.2833 -2.2978 0.5711 9.45 -1.17 2.34 132 195 194 200 137 
0.7100 -0.3628 -0.4671 -0.3822 58.69 68.87 30.62 8.65 -0.36 3.32 -0.2200 1.7400 -0.9100 -2.3911 0.7078 0.0433 9.01 -2.44 3.00 132 199 193 199 138 
0.6589 -0.4617 -0.3583 -0.4735 72.37 63.63 38.31 9.05 -0.29 -7.14 2.4000 1.5900 -11.9800 2.1378 1.4267 -0.4067 8.52 -2.00 4.41 140 171 169 187 124 
0.6915 -0.3273 -0.4523 -0.4584 73.19 69.62 4.69 9.93 -3.20 -0.02 0.6000 -1.6100 -1.8300 -0.3956 0.0911 -0.1956 9.21 -0.18 3.35 172 255 239 249 176 
0.6227 -0.3990 -0.4393 -0.5100 81.50 72.75 11.44 8.21 -1.99 0.19 -1.6200 -1.6000 -4.0600 -1.4933 1.6233 -1.0500 9.03 -0.37 3.78 179 319 297 338 208 
0.5715 -0.3873 -0.3698 -0.6218 94.50 64.75 -9.38 11.27 1.54 1.02 2.9000 0.5000 -2.4300 2.0344 0.0489 -0.0289 8.89 1.41 3.88 177 359 334 412 220 
;
0.6061 -0.2952 -0.4565 -0.5806 85.87 61.38 -22.37 4.72 3.04 9.18 -1.4800 1.1300 4.6300 -0.4567 0.0044 0.1967 8.31 1.57 4.95 176 351 339 403 218 
0.6389 -0.2634 -0.4275 -0.5828 84.69 58.75 -18.19 8.55 0.70 5.10 0.2900 -0.8000 0.3700 0.2544 -0.2600 -0.0156 8.46 1.68 4.65 173 348 339 399 219 
0.6387 -0.2609 -0.4473 -0.5692 83.31 60.81 -20.75 8.94 1.06 6.26 0.7800 -0.7900 1.9800 -1.5267 -0.0200 0.0356 8.64 1.13 4.49 175 311 276 285 192 
0.6031 -0.3422 -0.3887 -0.6067 92.50 63.19 -2.50 10.91 -1.51 1.22 2.1500 -1.2200 -2.7400 -1.7167 -0.9200 1.0478 8.99 -1.03 3.76 169 201 204 208 141 
0.5699 -0.4816 -0.3215 -0.5830 88.19 68.75 35.63 8.94 -1.10 -0.61 -1.7400 1.9800 -3.3900 1.3922 -1.0678 1.0378 9.13 -2.64 2.38 142 188 189 192 131 
0.6365 -0.4907 -0.3795 -0.4583 67.69 69.00 49.19 6.56 2.29 -1.96 -2.1000 4.5600 -4.6500 3.3544 -0.8922 -0.1500 9.32 -1.96 2.31 137 191 184 191 124 
0.7266 -0.3402 -0.5029 -0.3215 47.94 70.44 31.25 9.40 -0.60 5.29 1.2100 3.5900 1.6700 -1.3167 0.1311 0.7733 9.20 -2.18 2.56 140 199 206 209 140 
0.7411 -0.3658 -0.4597 -0.3251 48.25 66.37 38.63 6.87 -1.31 5.60 -2.3600 1.7700 1.9400 -1.3089 0.4433 -0.5867 8.94 -2.45 3.18 139 198 200 205 139 
0.7081 -0.4081 -0.4155 -0.3994 60.88 65.44 36.94 9.60 -0.75 -2.59 0.4000 1.6200 -7.2600 1.6244 0.5633 -0.0656 8.78 -2.10 3.82 144 198 188 193 121 
0.7559 -0.2970 -0.4641 -0.3537 54.63 69.31 22.81 11.14 -2.82 -0.52 3.4200 -2.9000 -2.7900 -1.1911 -0.0411 0.2556 9.24 -1.75 2.75 156 202 201 205 138 
0.6917 -0.4031 -0.4467 -0.3994 60.19 70.12 39.50 8.02 -1.77 3.90 -1.6400 0.7000 1.5500 -1.0522 0.1144 0.0567 9.19 -2.42 2.37 176 277 270 277 193 
0.6617 -0.4503 -0.4141 -0.4335 69.37 70.00 39.94 9.60 -2.29 0.04 0.4200 -0.6800 -3.5200 -0.2233 1.4933 -1.2067 9.06 -1.30 3.50 179 323 307 347 213 
;
