0.9504 0.1325 -0.1937 -0.2040 24.19 18.37 -20.37 3.20 3.18 8.65 0.0900 -0.0600 -0.0200 0.0033 -0.0300 0.0033 3.11 3.24 8.71 182 368 363 414 219 
0.9501 0.1320 -0.1962 -0.2032 24.00 18.75 -20.44 3.58 3.70 9.43 0.5100 0.4400 0.5900 -0.4722 -0.0700 0.1967 3.25 2.88 8.78 183 348 306 369 224 
0.9553 0.0640 -0.2047 -0.2037 25.06 24.75 -8.75 6.64 4.33 16.75 2.2300 2.8400 8.2700 -3.9978 -0.8300 0.4233 4.76 -1.33 8.46 167 337 322 341 218 
0.9239 -0.2349 -0.1884 -0.2362 29.25 25.06 31.25 5.49 0.28 8.82 1.5300 5.5000 -0.2500 -5.1933 0.3256 1.3078 3.25 -7.52 5.37 161 336 324 333 215 
0.7999 -0.5613 0.0032 -0.2125 29.69 11.31 72.94 3.96 -2.41 -1.01 1.7300 7.4900 -3.4200 -5.1044 2.0711 1.3144 0.66 -9.70 -1.21 135 315 309 322 213 
0.5353 -0.7846 0.2433 -0.1966 44.50 2.56 117.19 -0.12 -5.10 -8.93 -1.4300 2.4700 -4.6300 -2.2756 1.1556 0.5167 0.63 -7.58 -6.18 136 317 310 332 216 
0.3664 -0.8300 0.3707 -0.1987 57.25 3.19 130.31 -1.13 -4.00 -13.41 -3.0400 4.4200 -9.2900 2.8578 -0.1256 -0.3911 0.78 -8.64 -4.55 139 329 323 383 222 
0.5415 -0.7053 0.3046 -0.3414 68.44 10.44 89.25 4.18 -8.14 24.89 3.3400 0.8400 32.9900 -1.5544 0.1667 -0.4278 2.09 -9.54 0.84 145 341 349 395 224 
0.5187 -0.6852 0.3109 -0.4061 76.00 13.38 106.56 2.73 -1.24 -6.93 -0.8000 9.3300 -6.6900 -3.6778 -1.5633 0.7589 1.34 -7.94 -5.59 136 321 327 376 219 
0.3925 -0.8081 0.3712 -0.2349 61.06 5.87 118.31 -2.51 0.24 -9.18 -1.6100 8.9500 1.7700 9.1367 4.0467 -1.7578 2.39 -9.40 1.44 161 337 348 401 224 
0.5987 -0.5626 0.2250 -0.5239 84.50 21.69 74.81 6.34 -10.04 5.35 2.1500 -0.7300 -0.1300 -1.1578 -1.4100 0.0011 4.06 -8.85 1.09 159 335 339 397 223 
0.5759 -0.6501 0.1945 -0.4559 70.69 19.94 84.12 3.39 -7.88 -2.80 0.3900 2.0600 -5.1600 4.6022 -1.0278 0.0822 3.27 -8.63 3.31 164 287 291 268 193 
0.7921 -0.4647 0.0146 -0.3955 48.81 20.69 42.31 8.28 -0.13 -0.55 4.7700 5.6900 -5.8000 4.6700 -2.1533 3.1900 3.98 -3.00 8.44 209 206 201 199 144 
0.9374 -0.1265 -0.2764 -0.1702 15.13 37.13 8.00 7.45 1.29 19.61 0.7900 2.2300 12.0000 0.6733 -7.6389 2.7678 8.58 -1.98 4.30 209 172 169 178 117 
0.7593 -0.1593 -0.6273 0.0677 346.56 67.19 78.19 -4.84 -0.79 1.56 -14.7900 3.1200 0.6700 -0.6922 -2.0700 -1.6944 9.21 -3.18 -1.03 210 178 176 181 117 
0.6531 -0.1324 -0.7444 -0.0421 19.19 80.87 -168.06 30.23 7.65 -10.34 20.1900 3.2500 -8.5800 -0.0333 -0.5878 0.0678 9.46 1.40 -2.13 214 179 176 185 119 
0.6149 -0.0934 -0.7687 -0.1493 26.56 78.06 -149.56 7.25 1.46 -1.81 -2.3100 0.4700 -0.1100 -0.1267 0.6122 -0.2144 9.65 1.12 -1.31 209 183 179 187 124 
0.6420 -0.0812 -0.7445 -0.1644 29.94 78.81 -126.00 10.73 2.21 -2.15 1.3700 0.6300 -0.9800 -0.0311 0.0889 -0.2078 9.59 1.75 -1.03 208 184 182 190 125 
0.6469 -0.0699 -0.7362 -0.1861 32.31 78.37 -113.44 14.76 3.18 -1.60 6.3200 1.8600 -0.8900 1.0156 1.2589 0.4422 9.68 1.52 -0.17 191 268 209 187 131 
0.7267 -0.0409 -0.6799 -0.0892 4.44 82.75 4.12 13.97 1.03 1.19 0.7600 1.0600 -0.6300 2.4800 0.1433 4.1289 9.24 -2.58 2.01 135 390 188 181 123 
0.7501 -0.0641 -0.6100 0.2473 316.56 57.75 57.06 3.23 -3.41 1.14 -4.2500 1.2200 -1.5600 2.2122 1.1022 1.0533 7.54 -4.64 4.20 116 407 190 180 116 
0.7595 -0.0169 -0.4935 0.4235 300.25 46.13 36.06 4.52 -1.86 3.75 -2.1500 2.1000 -1.3500 1.7533 0.5311 -0.1678 6.81 -3.05 6.35 119 395 190 184 116 
0.7791 0.0676 -0.3954 0.4818 296.00 42.25 20.69 6.52 0.53 6.38 -0.8300 3.1800 0.8700 -0.4689 0.7311 -0.3367 6.31 -2.55 7.05 118 392 199 183 115 
0.7982 0.0408 -0.3738 0.4707 300.56 38.56 23.44 8.79 -0.90 4.71 3.3200 2.1400 -2.5200 -1.9822 1.1811 -0.4156 5.68 -3.84 6.99 117 399 210 188 119 
0.8577 -0.1031 -0.3508 0.3616 319.69 28.87 31.25 2.41 -8.42 5.35 -0.5500 -3.5700 0.4600 -0.9044 1.1467 -0.5344 4.18 -4.73 7.49 119 408 213 189 125 
0.9064 -0.1748 -0.2731 0.2705 328.50 22.25 29.94 0.02 -4.34 10.25 -2.0300 0.6100 1.6400 -0.0156 -0.5989 -0.2911 3.93 -4.43 7.81 3 409 219 191 124 
0.9096 -0.1840 -0.2751 0.2512 328.00 25.12 32.44 2.14 -2.88 6.19 -2.5900 1.8200 -1.6100 -1.0233 0.2967 -0.4178 4.34 -5.17 7.10 147 351 216 204 135 
0.9174 -0.2241 -0.2767 0.1776 344.87 24.75 30.69 3.81 -2.67 6.94 -0.5900 1.4000 -0.5700 0.9056 1.3556 -3.5911 4.06 -2.88 8.44 158 335 234 216 145 
0.9634 -0.1245 -0.2229 -0.0820 12.88 28.69 9.94 8.80 -0.15 9.28 3.1900 0.4500 1.1800 0.7722 -0.6700 -1.2478 5.30 -0.39 8.23 166 337 237 220 149 
;
