0.0881 0.1036 0.2929 0.9464 190.56 8.25 -35.31 1.25 5.62 7.96 -0.1500 0.0000 0.0000 -0.0678 0.0689 -0.0878 1.35 5.59 7.94 172 378 366 396 214 
0.0917 0.1008 0.2896 0.9474 191.12 7.94 -34.81 1.36 5.51 7.98 -0.0400 0.0000 -0.0100 -0.0300 0.0467 -0.0144 1.33 5.52 7.98 173 374 370 393 214 
0.0911 0.0983 0.2875 0.9484 190.94 7.62 -34.56 1.25 5.71 8.12 0.0200 0.3200 0.2400 -0.2933 -0.3200 0.0567 1.54 5.26 8.12 173 345 347 383 218 
0.0919 0.1349 0.2390 0.9572 190.00 18.12 -27.75 8.77 10.92 16.67 4.2700 3.9600 9.0000 -3.6033 -1.6956 1.7800 5.53 1.53 7.94 165 330 323 366 217 
0.0421 0.3568 -0.0258 0.9329 182.00 44.25 14.56 7.51 3.53 7.46 0.0500 7.3400 -0.7100 -4.8533 -1.0956 3.9478 6.17 -5.87 4.84 154 310 322 363 218 
-0.0906 0.3505 -0.4546 0.8138 164.12 23.25 74.75 0.17 -2.43 -2.66 -2.9500 5.5800 -4.6900 -2.9767 0.9022 2.2900 1.73 -9.65 -0.02 156 318 321 365 218 
-0.1335 0.2202 -0.7079 0.6577 155.94 3.81 98.19 -1.66 -7.91 -5.24 -2.7500 1.7300 -4.0100 -0.2989 0.0267 0.2567 0.36 -9.63 -1.77 157 317 316 355 217 
-0.1295 0.2043 -0.7175 0.6533 161.94 8.44 89.00 0.87 -0.82 -0.40 1.3300 8.1000 9.1100 5.6333 1.6022 -0.8322 2.16 -8.50 4.37 158 340 332 365 217 
-0.0918 0.1917 -0.4761 0.8533 166.81 13.19 65.87 5.39 -5.10 11.48 2.2600 5.1600 5.1000 -5.9833 -0.6644 1.2289 1.65 -9.66 -0.07 152 336 327 356 217 
-0.1035 0.2190 -0.7592 0.6041 158.81 4.94 109.12 -6.19 -7.34 -25.00 -6.6800 4.0400 -19.4600 6.5578 0.7611 -1.9078 1.80 -9.63 0.08 154 331 323 361 217 
-0.0970 0.1863 -0.5114 0.8333 167.31 11.94 53.13 0.42 -3.68 24.29 -1.7600 0.8000 14.5900 0.7022 -1.7500 -0.0022 2.65 -6.74 6.60 159 346 329 369 217 
-0.1386 0.3284 -0.3162 0.8792 159.94 37.25 48.00 9.81 -3.84 -1.74 2.4200 0.3700 -7.9200 2.3967 -3.3133 -0.1989 7.68 -4.60 3.98 106 271 311 301 213 
-0.2823 0.5884 -0.0988 0.7512 131.94 57.25 66.44 8.87 -2.35 -6.05 -0.0700 4.9100 -6.1200 2.8844 -2.4389 -1.0833 8.75 -4.23 1.25 93 186 179 179 139 
-0.3922 0.6487 0.1284 0.6395 114.25 72.62 72.94 10.47 2.82 0.04 0.9500 4.7800 -1.0400 3.5589 -1.8389 -1.5144 9.70 -1.40 0.04 96 174 174 169 122 
-0.4558 0.5883 0.4054 0.5309 94.12 84.25 174.69 12.12 3.96 -3.34 2.5700 5.3300 -3.4000 3.3733 0.9156 -0.2111 9.77 -0.77 0.01 97 171 168 170 123 
-0.5432 0.5088 0.4766 0.4680 82.12 81.69 73.56 8.76 0.90 5.24 -0.5000 2.4500 4.5600 -1.9444 -0.1989 0.7589 9.59 -1.99 0.37 99 181 184 177 127 
-0.4816 0.6180 0.3455 0.5166 96.44 75.31 95.75 10.53 1.74 -7.36 -0.9800 3.1500 -7.8900 -1.9378 0.2033 1.0589 9.25 -3.18 -0.68 99 180 185 179 126 
-0.4353 0.6762 0.2361 0.5455 101.12 71.25 92.50 4.14 -6.34 -10.03 -4.0900 -4.3700 -10.3900 4.2533 -1.2500 -0.1111 9.25 -3.18 -0.59 101 173 176 174 118 
-0.4570 0.6999 0.2737 0.4758 91.75 64.25 108.75 6.74 -6.27 -2.34 -0.8600 -1.6900 0.0900 0.6267 0.6367 0.1500 8.77 -4.31 -0.74 99 178 181 181 126 
-0.4926 0.6824 0.2260 0.4906 89.31 62.69 90.31 8.72 -3.35 2.25 0.2900 1.5900 2.0000 -0.5978 1.5056 0.0267 8.63 -4.58 0.78 108 197 205 206 151 
-0.4960 0.6342 0.1376 0.5769 101.56 59.63 68.94 6.47 -3.59 2.07 -0.1200 1.3000 0.0900 -0.7222 1.1544 -0.6056 8.47 -4.42 2.19 148 287 213 202 151 
-0.4514 0.5831 0.0927 0.6691 114.37 58.31 44.38 7.50 -4.33 5.03 -0.9100 -1.3300 -0.6700 -1.5567 -0.1189 -0.0400 8.29 -3.87 3.52 184 388 174 171 127 
-0.4580 0.5908 0.1567 0.6455 103.19 68.87 47.81 6.64 0.04 1.81 -3.6200 2.2700 -0.6600 2.2122 -1.5522 -0.8367 9.54 -1.48 1.67 147 409 195 178 127 
-0.4879 0.5448 0.4010 0.5517 97.50 86.75 2.50 12.40 0.54 -8.73 4.6100 0.8100 -8.8100 2.6322 -1.5911 -0.6667 9.77 0.10 -0.76 151 410 199 179 129 
-0.5275 0.4763 0.5452 0.4445 72.62 85.50 4.31 24.37 4.14 2.34 8.7000 5.7800 1.2000 0.5989 5.3044 2.6644 8.96 -2.37 3.20 158 398 195 182 131 
-0.7727 0.3882 0.2861 0.4127 54.13 41.38 34.44 -5.54 0.00 9.25 -12.4400 3.5200 2.1600 -2.3422 2.2333 0.8200 4.65 -5.62 6.54 151 399 197 185 131 
-0.7776 0.4576 0.0585 0.4271 60.63 31.75 54.63 -2.41 0.07 -0.05 -7.3200 7.3400 -4.9600 -3.0867 -1.6789 -3.7944 7.58 -5.79 2.22 139 396 209 188 132 
-0.5128 0.6282 0.2110 0.5458 98.69 69.87 76.00 10.05 3.65 -9.87 2.3900 5.9700 -9.1900 1.7711 -1.9167 -3.8622 9.78 -0.05 -0.61 139 390 199 189 133 
-0.3859 0.5746 0.4838 0.5356 102.87 79.87 -162.25 22.07 1.47 -0.20 11.1300 1.9600 2.8500 1.5633 0.5100 2.3922 9.58 -1.30 -1.60 153 383 209 189 137 
-0.5088 0.6050 0.4603 0.4040 76.00 70.75 120.00 5.86 0.40 1.50 -3.4200 3.3000 2.6000 -2.0500 0.7422 -0.1644 9.27 -2.71 -1.65 159 373 197 195 148 
;
