0.0256 0.3071 0.0370 0.9506 183.06 35.63 -6.06 5.71 0.94 7.80 0.0200 0.0900 -0.1300 0.0244 -0.0989 0.0156 5.76 0.86 7.88 196 392 371 415 225 
0.0239 0.3134 0.0392 0.9485 182.81 36.56 -6.44 6.17 0.96 7.66 0.3600 -0.0100 -0.1600 0.0556 -0.0556 -0.1600 5.88 0.94 7.78 181 381 365 407 224 
0.0341 0.3323 0.0351 0.9419 184.25 39.81 -5.19 13.87 0.45 13.81 13.8800 3.1300 9.0800 -2.7711 -0.4044 5.0200 7.23 -2.73 6.02 139 330 294 355 222 
-0.1392 0.4426 -0.2357 0.8539 155.00 37.38 58.00 4.42 -0.38 6.49 -1.8500 7.3000 2.6400 -3.9567 -1.1300 4.6267 3.29 -9.13 1.38 141 336 317 354 217 
-0.3093 0.4186 -0.5831 0.6238 121.37 4.37 97.44 -0.07 -2.47 -2.76 -0.1600 7.2100 -1.2500 -2.3000 0.9244 2.0233 -0.73 -9.26 -3.14 146 344 316 374 217 
-0.2973 0.3716 -0.7487 0.4614 115.50 -5.56 113.50 -4.47 -6.52 -11.50 -3.3900 3.1600 -7.4700 3.2844 0.7433 -1.3822 0.00 -9.60 -1.98 163 365 333 359 219 
-0.2841 0.3188 -0.6083 0.6690 137.87 6.12 76.19 7.59 0.95 25.06 4.0500 8.9300 26.8700 -0.0056 0.8811 0.1344 0.98 -8.91 3.96 168 374 360 388 224 
-0.2631 0.2754 -0.5538 0.7404 138.69 6.25 83.75 -1.05 -6.91 -8.85 -6.6800 2.1600 -15.6500 -2.0478 -1.0856 0.1367 0.90 -9.71 -0.94 165 377 353 376 224 
-0.2562 0.3226 -0.5875 0.6965 143.31 10.19 73.37 0.14 -1.83 18.22 -0.2000 5.9000 16.0300 1.5733 -1.6100 -1.1956 2.81 -8.22 4.53 168 375 349 375 224 
-0.2701 0.4156 -0.3742 0.7838 135.12 34.50 70.50 6.25 -8.93 -8.11 2.3200 -0.2800 -9.9300 5.5244 -10.1589 -2.7056 7.86 -5.84 -0.36 182 383 356 426 232 
-0.5048 0.7032 0.1681 0.4716 79.31 58.06 91.06 10.36 -7.02 -6.87 1.5100 -1.9700 -6.7000 5.9389 -2.1589 -0.4811 8.63 -4.59 0.72 215 426 368 436 234 
-0.7132 0.4620 0.4140 0.3264 45.88 62.50 45.38 8.04 1.98 1.15 -0.8100 5.1900 -2.4200 3.1567 0.7800 -0.1333 8.47 -1.98 4.51 220 437 384 442 235 
-0.8328 0.2245 0.4329 0.2620 32.88 55.88 13.19 6.31 4.74 6.52 -1.8000 5.6500 1.1700 0.7478 0.2978 0.3378 7.95 -1.11 5.62 222 438 383 445 235 
-0.8553 0.1890 0.4257 0.2269 30.25 55.00 14.56 -322.89 -0.01 -0.01 -0.0600 7.0800 1.8800 -4.2378 -3.9344 -1.1044 9.07 -2.18 3.02 218 333 327 337 230 
-0.7197 0.4103 0.4698 0.3049 45.56 65.50 65.44 11.38 0.25 -4.22 -0.2400 1.9600 -6.9800 -3.1600 1.0678 1.9589 8.22 -5.25 0.88 212 283 261 323 225 
-0.6600 0.6104 0.2859 0.3317 55.44 48.25 81.37 2.50 -11.24 -1.16 -4.8700 -5.1100 -1.3700 -2.1944 2.0600 0.8556 6.59 -7.17 1.06 214 302 266 334 226 
-0.6107 0.6702 0.0764 0.4149 69.75 40.00 84.06 4.53 -9.63 -0.05 -1.5100 -1.3400 -0.5600 -0.4044 0.0033 0.0867 6.22 -7.56 0.47 216 317 275 345 227 
-0.5906 0.6927 0.0572 0.4099 68.94 39.44 88.06 5.61 -7.79 -0.32 -1.1600 0.7100 -0.2000 0.5056 -1.1056 0.0844 6.17 -7.61 0.02 216 315 293 349 229 
;
