0.3690 0.1521 0.1204 0.9089 224.19 10.81 -19.62 1.94 3.13 9.10 0.0600 -0.0900 0.0600 -0.0100 0.0044 0.0056 1.84 3.23 9.07 167 310 311 305 199 
0.3679 0.1519 0.1198 0.9095 224.00 10.81 -19.56 1.89 3.15 9.16 0.0400 -0.0600 0.0600 -0.0067 -0.0122 0.0022 1.84 3.22 9.07 168 311 314 304 199 
0.3685 0.1522 0.1190 0.9094 224.06 10.88 -19.50 1.93 3.13 9.13 0.0600 -0.0400 0.0400 -0.0156 -0.0222 0.0133 1.87 3.20 9.07 168 311 312 303 199 
0.3679 0.1531 0.1172 0.9097 224.00 11.06 -19.31 2.05 3.10 9.08 0.1700 -0.0600 0.0600 -0.0122 0.0178 0.0522 1.89 3.17 9.08 168 311 311 304 199 
0.3635 0.1508 0.1170 0.9118 223.12 10.75 -19.19 2.46 2.87 9.25 1.2700 0.0100 0.2500 0.4389 0.9844 0.6444 1.41 3.30 9.12 170 306 311 305 200 
0.2991 0.0866 0.1588 0.9370 211.56 2.31 -21.19 0.94 4.90 10.42 0.6300 1.3600 1.7300 1.7300 0.2989 2.5322 0.78 4.41 8.72 179 314 325 342 205 
0.1093 0.1276 0.2263 0.9595 190.19 15.56 -27.56 4.91 4.90 9.95 2.4900 1.1200 1.8000 -0.5000 -4.1167 4.3067 6.44 2.50 6.95 179 333 315 301 199 
-0.1256 0.4237 0.1089 0.8904 154.87 57.50 6.87 9.83 0.69 4.87 -1.8700 2.6500 -0.1600 -1.2422 -1.7722 5.7311 7.80 -4.72 3.59 178 306 280 277 190 
-0.4059 0.5817 -0.1239 0.6938 113.62 41.38 70.00 14.16 -0.53 1.59 8.1900 5.4400 -1.4600 -4.4211 10.5889 -0.1289 4.05 -8.22 3.47 173 329 336 379 213 
-0.1873 0.2686 -0.5684 0.7548 157.56 5.37 83.87 -5.54 -8.46 -1.02 -5.9800 1.1800 -2.6000 -2.3967 0.4600 0.8344 0.03 -9.76 -0.93 133 324 334 380 213 
-0.1061 0.1057 -0.7553 0.6380 163.37 -0.50 98.19 -6.04 -6.61 -16.30 -5.4700 4.0100 -13.9600 6.5211 2.5411 -1.6489 1.13 -9.27 2.97 135 328 325 361 212 
0.0196 0.0543 -0.4800 0.8754 182.81 6.25 54.63 7.85 -4.36 28.22 3.7900 0.7400 15.1300 -3.3533 -0.9622 0.5533 1.01 -8.93 3.91 133 331 326 352 211 
-0.0260 0.0770 -0.6305 0.7720 174.06 3.50 85.62 -2.05 -5.96 -8.35 -3.4000 3.4100 -10.5500 -2.0789 -0.7922 1.0011 -0.13 -9.75 -1.03 130 321 316 344 209 
-0.0602 0.0771 -0.6614 0.7436 174.19 3.31 75.81 2.43 1.05 12.40 -0.4800 8.8400 14.1500 2.7089 0.3378 0.0300 0.69 -8.22 5.29 140 333 333 368 213 
-0.0219 0.0624 -0.4794 0.8751 176.06 5.62 58.56 1.09 -9.57 4.02 0.0600 -1.1700 -1.4900 -0.2978 -0.7833 0.1956 1.23 -8.50 4.71 147 329 330 365 213 
-0.0652 0.1169 -0.4839 0.8648 171.81 7.94 57.88 1.05 -7.63 5.22 -0.6600 1.0500 0.0800 1.3100 -1.0900 0.2989 1.62 -7.73 5.80 158 336 321 292 199 
-0.1393 0.2075 -0.3810 0.8901 157.62 20.69 48.94 1.26 -6.48 -1.82 -3.2700 -0.1500 -8.3200 3.6544 -11.3789 0.2933 7.06 -5.81 3.53 144 368 189 175 131 
-0.3908 0.7207 -0.0198 0.5722 98.94 51.06 108.75 15.05 -10.42 -7.79 8.3700 -1.4800 -4.1700 2.6489 -3.2256 0.4200 6.45 -6.67 -3.15 136 406 185 168 122 
-0.5401 0.7822 0.1674 0.2617 44.38 33.88 106.81 6.84 -3.79 -1.59 1.6200 3.9800 0.2800 2.4400 -0.7633 0.3322 5.18 -8.25 -1.05 131 411 199 175 126 
-0.7039 0.6353 0.2410 0.2070 29.31 36.38 86.87 8.26 -5.14 4.79 1.8100 0.7900 1.4000 -2.6700 3.0244 -0.2667 5.76 -7.93 -0.10 129 409 203 181 128 
-0.6150 0.7280 0.1934 0.2332 44.50 36.44 96.69 6.43 -10.19 -9.81 -19.2600 10.0200 8.5800 0.7400 -0.6667 -0.3967 6.29 -7.43 1.07 120 419 209 182 132 
-0.6777 0.6266 0.1552 0.3522 59.13 41.06 74.81 5.27 -6.82 3.41 -1.6000 1.4000 2.9300 -1.1289 0.5911 0.1733 6.35 -7.24 1.84 159 412 227 220 161 
-0.6228 0.6421 0.1099 0.4333 73.56 47.06 81.44 4.90 -3.18 2.81 -2.0100 3.5800 2.3300 -3.6156 -1.1856 -2.7678 8.29 -5.13 -0.94 200 217 216 207 137 
-0.3810 0.7247 0.1599 0.5515 125.00 74.00 87.19 17.19 -2.05 0.62 10.1000 -0.0300 -0.7700 -2.8722 10.8700 -0.5267 5.81 -2.70 7.41 208 169 168 169 113 
-0.2952 0.0180 -0.2193 0.9297 140.81 -15.44 26.94 4.73 -4.10 3.06 4.2500 1.9800 -6.3100 -0.1733 1.7233 3.8689 -5.07 -3.45 7.65 206 182 174 171 114 
-0.4881 -0.2207 -0.2656 0.8016 113.81 -39.44 10.50 -13.04 -1.68 11.21 -4.0600 -0.4700 3.5900 0.1756 -0.7644 -0.0744 -5.95 -0.99 7.72 209 188 182 176 116 
-0.5196 -0.2221 -0.2203 0.7951 113.94 -34.69 8.75 -5.53 -0.67 9.17 -0.6400 0.6500 0.6900 -0.1944 -0.2411 0.1689 -5.43 -1.29 8.06 207 192 184 178 117 
-0.5256 -0.1943 -0.2167 0.7994 114.06 -31.31 10.06 -6.42 -1.43 7.93 -2.1400 0.4100 -0.5000 1.4811 -2.3900 -1.5644 -3.54 -1.11 9.07 201 226 186 189 130 
;
