-0.0002 0.3663 0.2211 0.9039 179.94 41.44 -32.19 6.44 3.91 6.28 -0.0500 0.0000 0.0500 -0.0011 -0.0033 0.0000 6.49 3.91 6.21 184 298 269 263 178 
-0.0002 0.3662 0.2211 0.9039 179.94 41.44 -32.19 6.48 3.96 6.26 -0.0500 0.0300 0.0100 -0.0156 0.0078 -0.0033 6.49 3.91 6.22 180 304 270 263 177 
-0.0002 0.3643 0.2201 0.9049 179.81 41.13 -31.75 7.20 4.66 7.05 0.3500 0.7100 0.7600 -0.0756 0.3900 0.4489 6.36 3.63 6.51 182 310 290 275 187 
-0.0244 0.3486 0.2017 0.9150 176.56 40.69 -25.50 9.22 6.77 12.33 2.9000 3.7200 5.9100 -2.8944 0.3878 0.9378 6.40 1.53 7.26 187 330 316 300 201 
-0.0079 0.3134 -0.0110 0.9495 180.87 32.31 10.75 6.48 3.12 9.67 4.8200 3.6600 -0.6800 -6.5489 2.8667 -0.1911 3.41 -5.51 7.35 177 356 322 324 206 
0.0862 0.0909 -0.4572 0.8805 193.12 10.75 65.75 2.93 -2.14 -3.51 0.6200 5.7100 -6.6300 -5.8133 1.5578 1.1689 0.79 -9.76 -0.31 154 334 330 335 211 
0.1147 -0.1047 -0.7719 0.6166 203.25 2.31 106.94 2.15 -6.28 -5.58 1.2200 2.6300 -2.3200 -2.0167 1.1844 0.7044 0.28 -8.70 -4.50 141 323 322 340 214 
0.1257 -0.2073 -0.8452 0.4763 209.44 0.50 122.06 -1.84 -7.30 -8.40 -1.9100 1.7300 -4.3200 0.5800 -0.3756 -0.3044 0.09 -8.43 -4.99 139 320 323 340 214 
0.1332 -0.1694 -0.8142 0.5391 208.50 3.06 102.62 -2.37 -2.66 -5.87 -4.8700 6.3700 -1.5900 6.5778 2.0233 -0.0356 0.32 -9.17 3.43 150 327 334 377 221 
0.2807 -0.1425 -0.5017 0.8057 218.31 3.56 66.62 2.75 -5.47 15.55 1.8900 4.8700 10.9800 -6.1267 -0.6944 -0.1578 0.78 -9.77 -0.12 147 315 320 369 222 
0.1899 -0.1906 -0.7845 0.5588 216.87 4.75 115.25 -1.50 -4.51 -23.07 -1.6000 3.1000 -19.1000 1.2333 0.2900 -0.0589 0.93 -8.87 -4.07 148 306 323 377 221 
0.2227 -0.1689 -0.7261 0.6282 220.81 6.06 83.00 -0.43 -1.78 10.65 -2.1100 7.9800 10.8700 5.0344 2.0978 0.4444 0.19 -8.00 5.66 164 330 335 384 223 
0.3416 -0.1669 -0.4281 0.8199 224.94 2.37 56.06 1.55 -9.14 6.35 1.3500 -0.4900 0.0000 -0.6544 -1.0111 0.2278 0.83 -8.40 4.99 162 332 338 385 224 
0.3025 -0.1230 -0.4801 0.8141 219.62 5.37 58.19 0.70 -8.75 5.00 -0.8800 -1.5200 -0.2400 2.0511 -5.5489 0.7089 2.22 -7.63 5.73 152 308 273 253 192 
0.0188 0.2115 -0.3482 0.9130 162.44 32.06 37.63 18.04 -1.65 5.45 6.4700 3.6600 4.0300 4.4244 0.6756 0.7556 5.98 -2.68 7.28 146 241 206 196 155 
-0.3688 0.2753 -0.0006 0.8878 132.19 27.75 9.75 5.19 0.91 7.50 0.6500 2.3200 -1.6900 2.0844 1.5389 0.8467 3.53 -0.35 9.13 167 207 195 194 148 
-0.4787 0.1290 0.0797 0.8648 119.56 16.31 -2.37 0.36 4.68 9.72 -2.6300 3.8800 0.5100 0.4367 0.2278 0.9244 2.61 0.60 9.43 183 208 195 197 152 
-0.5386 0.0988 0.0992 0.8309 113.94 15.75 -2.94 2.17 2.05 9.03 -1.9100 0.7600 -0.2400 -0.6722 -0.5556 -0.5333 2.83 0.07 9.38 170 215 199 212 163 
-0.4957 0.1129 0.0483 0.8597 121.94 12.75 2.87 4.71 1.47 9.31 3.3400 1.8300 -0.5500 -1.9467 2.1344 -1.9633 0.85 -1.59 9.63 153 244 212 222 172 
-0.3430 0.0215 -0.1284 0.9303 143.31 -7.50 17.94 2.11 -6.02 5.79 1.1600 -4.3800 -3.5700 -2.2744 2.1056 0.8667 -2.92 -4.33 8.29 129 215 224 227 179 
-0.2993 -0.0981 -0.2964 0.9017 144.31 -21.06 32.25 -4.62 -5.47 7.34 -0.3700 -0.4100 -0.5800 0.1178 -1.2467 -0.0389 -2.80 -4.99 7.96 136 232 224 228 178 
-0.3354 -0.0208 -0.2812 0.8989 135.37 -9.06 29.19 -3.52 -5.23 9.12 -2.4900 0.7200 0.3000 1.1511 -2.8411 0.8111 0.06 -4.17 8.87 187 340 205 199 141 
-0.4492 0.1587 -0.1708 0.8624 122.31 12.63 27.62 -3.02 -3.88 2.48 -5.2900 1.5700 -6.2200 -0.4678 -5.2578 -0.0556 5.23 -4.63 6.87 162 343 194 192 133 
-0.4554 0.4724 -0.0162 0.7544 121.94 51.50 40.75 4.22 1.13 1.35 -0.7600 5.5900 -2.5500 -1.0244 -2.5589 -4.3144 9.41 -1.32 2.40 145 379 206 198 139 
-0.1917 0.6449 0.1844 0.7165 153.87 84.25 -4.19 15.42 4.24 -6.06 6.8600 3.3300 -4.9500 0.9167 -1.7022 -1.4200 9.51 2.20 -0.91 143 412 206 203 143 
-0.1237 0.6874 0.3216 0.6394 151.69 74.06 -126.87 26.47 6.09 -1.97 17.0500 4.1300 0.8200 2.9800 3.7011 1.6922 9.76 0.89 0.12 159 404 204 206 142 
-0.4000 0.5475 0.2961 0.6727 114.87 67.31 18.25 0.27 1.12 5.96 -9.3500 2.6100 1.6200 -1.5111 4.0289 2.2811 6.95 -3.06 6.19 159 398 203 207 145 
-0.4996 0.3565 -0.0244 0.7891 113.75 30.87 32.19 -4.84 -3.19 4.33 -9.5100 2.2400 -2.7200 -1.9922 -0.3944 -0.8300 5.53 -5.35 6.07 152 401 206 210 144 
-0.3900 0.4788 -0.0717 0.7833 138.37 49.00 38.38 -1.07 0.50 -2.39 -7.5000 5.1500 -8.2700 1.0511 -1.8867 -4.8922 8.65 -0.34 4.59 139 398 209 207 144 
-0.0748 0.5040 0.1501 0.8473 170.44 61.31 -30.75 13.33 8.95 -1.13 5.7000 4.5000 -4.7800 2.9278 -2.6100 0.2778 9.03 3.40 1.70 147 383 210 205 146 
-0.1563 0.5891 0.3395 0.7165 151.19 74.44 -80.87 16.97 4.15 4.96 5.7300 1.9900 5.4100 0.8289 0.1578 2.3500 9.76 0.89 0.11 155 372 209 209 151 
-0.2915 0.6490 0.2885 0.6408 130.50 87.69 177.69 8.00 -0.24 2.48 -2.2800 0.1700 2.0500 -0.5589 0.3544 0.0200 9.78 -0.53 0.29 154 369 212 211 153 
-0.2695 0.6547 0.2337 0.6664 139.12 87.12 1.44 7.18 -2.18 -1.19 -2.1100 -2.0700 -2.0400 -0.9044 0.1756 -1.0133 9.77 0.49 0.66 167 340 241 248 184 
;
