0.3571 0.0717 -0.0073 0.9313 221.94 8.00 -2.12 1.36 0.28 9.64 -0.0200 -0.0600 0.0400 -0.0156 -0.0411 0.0033 1.40 0.35 9.69 184 411 375 427 229 
0.3566 0.0740 -0.0091 0.9313 221.81 8.31 -2.06 1.42 0.19 9.68 0.0700 -0.1500 0.0100 -0.0089 -0.0300 -0.0033 1.42 0.35 9.69 185 410 375 425 229 
0.3561 0.0747 -0.0093 0.9315 221.81 8.38 -1.94 1.09 -0.13 9.94 -0.8700 -0.4100 0.6500 -0.3878 -1.2578 0.0500 2.03 0.15 9.59 136 363 350 405 228 
0.3621 0.1839 -0.0751 0.9108 224.44 32.63 2.19 14.23 -1.09 16.21 5.2200 -0.6000 7.1600 -2.4711 -4.5589 2.5944 6.91 -3.02 6.26 112 336 312 339 221 
0.1998 0.3265 -0.4017 0.8320 201.12 40.00 62.31 2.97 -0.56 2.64 -3.0300 7.1800 -0.8800 -3.8133 -0.8078 4.2256 3.89 -8.97 0.70 117 340 323 343 215 
0.0027 0.1792 -0.7083 0.6828 177.50 10.38 98.00 1.42 -4.18 -0.30 -1.1800 4.3500 0.9700 -2.6511 0.6522 1.9500 0.46 -9.25 -3.20 126 370 351 397 228 
-0.0258 0.0558 -0.8448 0.5314 175.00 0.31 119.00 -2.77 -5.23 -9.46 -3.0200 3.7600 -5.2300 0.0278 0.5067 -0.1278 0.18 -8.34 -5.14 130 377 353 403 228 
0.0154 0.0267 -0.8367 0.5469 187.62 4.44 107.44 0.87 -8.76 4.52 0.7300 1.4300 10.7300 2.3844 1.1933 0.0067 0.96 -9.73 -0.62 127 378 357 399 227 
0.0735 -0.0180 -0.7617 0.6436 191.00 4.87 104.81 -0.23 -6.10 -7.26 -2.6000 3.9600 -6.4000 -2.6244 -1.2067 0.1122 0.47 -8.67 -4.55 127 373 353 388 227 
0.0159 0.0221 -0.8548 0.5183 184.94 3.94 112.62 -1.77 -6.15 -4.83 0.7800 1.9700 5.0400 3.8233 -0.1044 -0.4278 1.13 -9.70 -0.86 129 344 320 322 202 
-0.0370 0.1392 -0.7167 0.6823 164.69 8.63 96.25 2.87 -8.30 -2.11 0.8800 1.0500 -1.9800 -0.1289 -8.4156 -1.4867 1.43 -9.40 -2.37 121 200 192 198 116 
-0.3806 0.5671 -0.5598 0.4693 90.62 4.12 106.31 0.60 -9.81 -3.10 -1.9000 0.2100 0.7700 -0.2800 -1.1633 -0.0189 0.26 -9.36 -2.89 122 222 211 215 128 
-0.4503 0.6536 -0.4775 0.3768 81.56 3.75 108.69 0.09 -10.60 -1.98 -1.0500 -1.2100 1.0300 -0.2944 -0.3289 -0.2433 0.55 -9.12 -3.54 125 243 230 231 138 
-0.4075 0.6461 -0.5282 0.3709 85.37 3.06 114.12 -3.32 -8.82 -4.20 -2.6800 0.1300 -0.5100 0.0344 -0.9089 -1.6700 1.23 -8.81 -4.12 130 245 233 237 147 
-0.4260 0.7617 -0.3547 0.3356 65.19 14.94 116.69 0.05 -4.12 -9.90 -4.2700 3.0300 -6.7300 2.1656 -8.8567 -5.2767 3.03 -7.80 -5.10 130 240 235 235 147 
-0.4688 0.8437 0.2585 0.0401 356.12 16.69 126.44 9.31 -5.57 -5.62 5.1800 1.5900 2.4200 0.4478 -0.8467 -0.7867 2.84 -7.68 -5.37 131 243 241 244 152 
-0.4698 0.7916 0.3881 -0.0449 350.94 17.44 126.12 4.32 -5.51 -5.27 2.0000 2.1800 0.8400 -0.9167 1.4544 0.0044 3.47 -7.15 -5.72 133 253 256 261 166 
-0.4518 0.8312 0.3148 0.0775 32.19 27.81 128.87 7.80 -1.81 -3.92 -0.7100 4.7900 -0.1900 -2.7311 12.0356 -1.1900 7.80 -5.86 -0.93 139 273 277 275 176 
;
