-0.4942 0.3576 0.5552 0.5653 97.69 72.56 -65.50 9.45 2.40 1.31 -0.0700 -0.0700 0.4800 -0.0278 0.0556 -0.0333 9.35 2.67 1.21 240 410 394 444 276 
-0.4915 0.3600 0.5538 0.5677 98.31 72.31 -65.00 9.25 2.83 1.56 0.0000 0.0800 0.3000 -0.0300 0.0100 -0.0244 9.33 2.71 1.28 240 411 393 442 276 
-0.4908 0.3593 0.5519 0.5704 98.56 72.06 -64.37 9.19 2.66 1.58 -0.0700 -0.0300 0.2700 -0.0256 -0.0356 -0.0211 9.32 2.73 1.30 241 411 394 443 275 
-0.4893 0.3590 0.5514 0.5724 99.00 71.81 -64.25 9.38 2.80 1.60 -0.1000 0.0100 0.2600 -0.0022 0.0478 -0.0433 9.30 2.78 1.37 240 413 393 441 275 
-0.4884 0.3566 0.5491 0.5768 99.50 71.31 -63.25 9.59 3.03 1.71 0.2800 0.3700 0.5600 -0.2067 -0.1422 0.2767 9.33 2.66 1.38 242 408 402 445 279 
-0.4722 0.4200 0.4962 0.5954 108.50 77.31 -33.31 17.61 5.50 10.99 9.8400 5.9000 6.8500 -8.1189 3.2800 2.9822 8.97 -2.14 3.32 209 401 403 448 275 
-0.3379 0.5165 -0.1166 0.7781 137.19 36.88 61.94 8.78 3.08 -3.07 3.2000 10.9500 -6.0200 -7.4978 4.5333 4.3300 2.41 -9.50 0.12 193 395 392 452 274 
-0.1744 0.3146 -0.7075 0.6083 149.44 6.00 106.56 1.92 -3.46 -6.94 0.2900 4.9400 -3.0900 -0.7122 0.3544 0.7122 0.56 -9.08 -3.65 196 409 395 461 277 
-0.1380 0.2516 -0.7920 0.5389 150.75 2.81 112.31 0.57 -6.40 -5.77 -0.3400 3.3900 -4.6200 0.8189 -0.4522 -0.3033 0.55 -9.29 -3.06 198 406 396 458 277 
-0.1793 0.2553 -0.7065 0.6352 149.75 3.94 87.75 -1.80 -6.49 7.98 -1.7000 1.4800 16.2100 3.0789 0.2367 -0.1133 0.64 -9.21 3.28 205 412 410 466 282 
-0.1884 0.1996 -0.5798 0.7671 152.81 6.62 81.31 3.22 -6.52 2.82 1.7800 4.2800 -0.7800 -4.5089 -0.7178 -0.0767 1.35 -9.53 -1.83 203 408 395 452 276 
-0.1466 0.3057 -0.7584 0.5568 147.69 5.81 112.62 -1.85 -3.66 -20.68 -3.2800 5.9100 -16.0400 5.4911 0.2667 -0.5744 1.07 -9.70 -0.87 212 402 400 464 280 
-0.2062 0.2261 -0.5607 0.7694 151.75 5.12 65.12 2.50 -7.89 24.10 3.0700 -0.3300 17.5600 -0.7000 -0.0267 -0.0122 0.84 -8.82 4.18 215 414 411 466 284 
-0.2218 0.2181 -0.5351 0.7855 147.37 5.69 73.06 1.31 -8.38 2.71 1.0500 -0.4200 -1.1200 -1.7833 0.5067 -0.3322 1.11 -9.65 1.29 235 443 250 241 180 
-0.1406 0.2211 -0.6404 0.7219 159.87 8.88 86.12 2.74 -5.24 -8.15 1.1900 4.8100 -9.6800 2.5767 0.6200 -0.3578 1.72 -9.45 1.92 239 466 251 246 190 
-0.1226 0.1799 -0.5370 0.8150 161.87 8.50 61.63 6.89 -1.95 3.99 5.4900 5.9400 0.0300 4.2756 0.5289 1.2411 0.54 -6.69 7.14 242 472 255 252 194 
-0.2318 0.0801 -0.3003 0.9218 147.75 -1.25 33.50 -1.47 -10.27 21.70 -1.1600 -5.9200 14.2900 -1.3722 -1.1078 1.6944 -0.25 -5.69 7.97 240 468 258 256 195 
-0.3730 0.1448 -0.3441 0.8494 131.12 -0.56 50.13 -7.64 -5.45 6.88 -6.8700 4.1200 -0.0700 -3.4500 0.4878 -0.4433 0.03 -9.03 3.80 236 471 259 256 196 
-0.2802 0.2320 -0.5518 0.7505 142.94 3.75 76.06 -1.11 -0.58 -1.12 -1.8300 8.9600 -3.3400 -0.3500 1.6322 -1.2556 1.31 -9.51 1.99 233 471 262 258 198 
-0.1270 0.2049 -0.5790 0.7789 165.06 10.88 73.00 9.10 -2.33 0.72 8.9900 6.4900 -2.3100 2.3800 0.8533 -0.1589 1.85 -8.56 4.40 235 469 267 261 198 
-0.1162 0.1499 -0.4406 0.8774 161.00 8.75 50.56 5.99 -10.91 11.38 3.4100 -3.5900 5.1700 1.9711 -1.9989 1.9622 1.53 -6.53 7.14 234 465 270 262 200 
;
-0.3104 0.1948 -0.2999 0.8807 137.87 9.50 41.06 -4.63 -7.73 8.52 -5.4600 0.2600 0.9800 0.2678 -0.7611 -0.3256 2.18 -6.23 7.24 236 466 277 267 203 
-0.3440 0.2406 -0.2612 0.8693 136.62 13.69 39.25 0.76 -5.13 7.28 -0.6300 0.9300 0.6100 0.6300 -0.0911 -0.0178 2.35 -5.65 7.65 232 431 315 320 242 
-0.3782 0.2537 -0.2136 0.8643 130.44 20.56 36.38 5.45 -7.78 15.48 2.0000 -2.0300 8.4800 -2.7433 -1.0556 0.0944 4.62 -6.40 5.80 234 410 391 464 280 
-0.3152 0.3844 -0.3438 0.7967 143.50 20.62 67.87 8.56 -3.32 -0.89 4.8300 6.5100 -4.2400 -6.4578 4.2644 1.2600 2.13 -9.56 -0.34 214 425 422 474 284 
-0.0856 0.2474 -0.7338 0.6270 164.62 9.75 105.37 2.86 -4.27 -5.91 1.6400 4.0700 -3.0500 -0.6433 -0.6611 0.3444 1.17 -9.14 -3.33 200 392 413 432 270 
-0.1259 0.2560 -0.7743 0.5648 152.44 5.00 108.00 0.84 -5.23 -10.59 -0.3900 3.6000 -8.5600 3.3333 -0.6611 -0.3333 1.05 -9.67 -1.24 195 378 396 410 260 
-0.1917 0.2474 -0.6116 0.7266 151.69 6.94 73.19 2.01 -6.10 22.57 2.1300 2.6800 23.3700 -0.5356 -0.6611 -0.2767 1.48 -9.04 3.49 203 380 394 400 264 
-0.1842 0.2658 -0.5732 0.7529 152.75 11.50 82.44 2.60 -6.58 -3.89 -0.2600 3.4900 -8.1700 -2.0778 -0.5622 0.1500 1.91 -9.55 -1.06 199 353 361 366 248 
-0.1681 0.3076 -0.6561 0.6683 151.75 10.88 86.31 -1.75 -4.05 -5.02 -2.8700 5.2100 -2.0300 5.2044 1.5622 -0.0989 1.61 -8.67 4.27 220 400 400 413 269 
-0.2068 0.1902 -0.4337 0.8562 153.19 8.81 55.94 2.37 -10.32 11.81 0.8300 -1.8600 3.5200 -1.6189 -0.9444 -0.5367 2.12 -8.56 4.28 237 406 385 382 265 
-0.1794 0.2382 -0.5032 0.8111 153.44 10.38 69.37 4.42 -8.50 2.26 3.8800 0.0100 -0.9800 -1.0956 -1.3944 1.6467 0.77 -9.45 2.49 252 459 246 243 185 
-0.2479 0.2472 -0.5957 0.7229 142.81 2.50 81.87 -1.80 -8.23 -6.29 -1.7100 2.3400 -7.6800 0.1700 -0.1933 -0.3922 0.66 -9.69 1.31 234 463 247 250 191 
-0.2253 0.2460 -0.5886 0.7364 147.56 6.56 76.12 2.46 -4.67 -0.95 0.6800 5.4000 -3.8400 2.8989 0.6178 -0.3411 1.29 -8.74 4.24 234 472 253 260 194 
-0.2208 0.1797 -0.4246 0.8594 150.37 6.50 48.38 9.65 -5.71 10.65 10.1600 -1.8600 8.2700 3.5189 -1.0422 1.0322 1.08 -5.39 8.11 234 470 257 263 196 
-0.3711 0.1753 -0.2498 0.8770 130.31 7.06 36.50 -6.98 -13.41 14.13 -10.3300 -5.5400 5.7000 -2.7078 -0.3711 1.5656 0.61 -7.36 6.44 232 467 260 263 198 
-0.4395 0.2556 -0.3967 0.7643 122.06 2.06 60.56 -5.34 -2.35 4.12 -4.9400 7.0800 -0.1500 -1.6489 1.4089 -1.1244 0.58 -9.12 3.54 230 467 262 265 199 
-0.2960 0.2661 -0.5196 0.7560 141.19 6.75 72.00 1.29 -1.16 0.91 0.4000 8.4500 -2.3500 0.3000 1.1178 -1.3500 1.79 -9.09 3.19 228 464 261 267 201 
-0.1728 0.2424 -0.5025 0.8117 158.31 13.31 64.25 12.72 -5.82 0.10 12.2200 2.1300 -3.7000 2.8433 -0.1667 -0.2711 2.54 -7.36 5.94 231 460 266 269 200 
-0.2164 0.2336 -0.3295 0.8889 148.31 16.44 43.69 0.69 -11.06 11.98 -4.2000 -4.2400 3.9400 0.2333 -1.7189 1.5167 2.89 -6.55 6.69 229 460 269 273 203 
-0.3495 0.2933 -0.2805 0.8445 134.56 17.50 45.31 0.09 -3.98 6.90 -2.0800 2.9000 0.0300 0.4656 0.1667 -0.0300 2.90 -6.44 6.79 228 456 263 273 203 
;
