-0.0410 0.1344 0.3514 0.9256 174.81 16.06 -41.44 3.09 6.29 6.97 0.5000 -0.0600 -0.1000 -0.4022 0.2278 -0.2022 2.56 6.06 7.26 177 384 370 413 215 
-0.0306 0.1205 0.3292 0.9360 176.31 14.00 -38.44 2.21 5.80 7.68 -0.0200 -0.0700 0.1000 -0.0611 -0.0878 0.1078 2.48 5.85 7.46 175 383 371 412 215 
-0.0336 0.1266 0.3207 0.9380 175.75 15.06 -37.81 4.21 6.16 8.22 1.7800 0.3300 0.9400 0.8356 0.4656 0.1756 2.45 6.05 7.31 182 378 344 392 216 
-0.0574 0.1250 0.3030 0.9430 172.06 19.06 -32.94 9.43 11.46 18.55 4.2700 5.2500 10.1100 -5.1911 -1.5222 2.9822 5.37 0.92 8.14 174 311 337 375 217 
-0.1486 0.3403 -0.0613 0.9265 160.06 34.81 29.75 2.77 2.39 3.39 -1.1700 8.1200 -3.6000 -5.9111 1.2867 3.3189 3.53 -7.91 4.58 149 312 308 322 213 
-0.1580 0.2605 -0.5479 0.7791 159.00 10.75 81.81 1.24 -4.93 -4.01 -0.5400 4.2700 -3.7300 -2.8933 1.0622 0.9144 1.09 -9.69 -1.02 144 305 297 317 213 
-0.0825 0.1632 -0.7549 0.6298 166.37 4.37 103.56 -1.32 -7.70 -4.29 -1.5200 0.2600 -2.8300 -0.5978 0.4500 0.1156 0.80 -9.35 -2.82 137 311 296 318 215 
-0.0549 0.1490 -0.7720 0.6154 170.25 6.94 99.00 0.90 -4.62 -11.04 -0.3100 5.5600 -10.1500 7.0889 1.8944 -0.7044 1.67 -9.13 3.16 140 323 303 331 216 
-0.0283 0.0873 -0.4308 0.8978 176.12 6.44 46.25 0.80 -4.24 29.85 -0.0400 1.8500 18.6000 -2.6678 -2.3467 -0.4322 2.02 -7.95 5.37 138 327 307 341 215 
-0.0287 0.1597 -0.5505 0.8189 175.87 13.50 75.00 0.08 -4.00 -2.95 -3.1200 5.3600 -8.5100 -3.3900 -0.8544 -0.2311 2.44 -9.46 -0.79 133 311 291 323 215 
-0.0230 0.2135 -0.6893 0.6920 177.37 16.25 82.12 0.93 1.03 -9.64 -0.8900 13.3300 -2.2700 7.1922 3.0522 0.4656 1.99 -7.00 6.56 143 325 311 345 216 
-0.0369 0.1271 -0.3110 0.9412 174.50 16.37 36.06 4.45 -4.44 18.95 1.1500 0.2700 7.6800 -1.5556 -0.2856 -0.1078 4.07 -6.44 6.16 162 345 331 368 216 
-0.1135 0.2571 -0.4178 0.8640 163.56 18.69 62.31 3.41 -3.73 1.49 1.0200 5.6200 -2.7000 -5.7300 -1.8078 2.4611 1.54 -9.67 -0.41 164 350 332 351 214 
-0.2083 0.2849 -0.7407 0.5717 136.00 -1.44 111.50 -4.58 -7.60 -9.57 -1.3500 1.3200 -5.1900 -1.3122 -1.4511 0.2256 -0.88 -8.48 -4.82 166 372 350 366 215 
-0.2050 0.2888 -0.8068 0.4730 137.19 -1.56 114.00 0.12 -6.27 -11.26 0.8700 3.7500 -8.0900 4.8044 -0.4844 -0.4567 0.08 -9.74 -1.07 159 362 348 374 216 
-0.2742 0.2166 -0.5869 0.7303 136.94 -3.50 64.37 1.13 7.99 2.60 1.9200 15.5400 3.8800 7.3956 0.0622 1.8000 -1.47 -4.50 8.58 157 360 340 367 216 
-0.4525 -0.0071 -0.1418 0.8804 125.06 -5.94 12.00 -4.65 4.11 29.75 -2.1400 5.9400 16.6500 -4.5011 -2.2067 -0.9367 0.64 -4.92 8.45 165 367 350 371 216 
-0.3607 0.2427 -0.3654 0.8231 134.81 10.31 66.31 5.54 2.69 -6.36 2.4300 10.6800 -9.1800 -8.0178 1.6978 0.2467 1.80 -9.44 -1.92 153 365 350 366 214 
-0.1309 0.3777 -0.7448 0.5344 152.44 12.25 113.94 4.86 -2.42 -20.26 1.1400 8.7100 -14.1300 7.5144 1.0433 0.4989 1.94 -9.58 0.68 158 346 343 359 213 
-0.2926 0.2458 -0.4280 0.8190 134.75 7.50 38.38 2.54 13.34 15.69 -5.5400 18.1000 12.6500 5.8978 1.5089 2.4611 -0.04 -0.50 9.79 167 344 348 381 216 
-0.4933 0.0157 0.0460 0.8685 120.87 5.06 -4.87 -1.32 3.74 18.38 -2.6100 2.0700 7.3700 -1.6222 -3.6489 -0.1411 3.14 -0.18 9.28 173 366 355 384 216 
-0.4655 0.3243 0.0969 0.8177 115.50 54.69 22.87 14.37 -5.19 -1.54 7.2800 -1.7500 -4.2000 1.7956 -6.1011 2.8678 8.83 -4.24 -0.13 180 403 343 405 217 
-0.5518 0.6259 0.2504 0.4910 80.69 63.06 73.56 6.32 -5.35 -1.71 -2.9400 -0.9200 -3.1600 2.6533 1.7100 -0.9533 8.77 -3.28 2.88 182 413 364 408 217 
-0.6451 0.4589 0.3251 0.5173 76.19 62.50 28.00 7.38 2.17 4.17 -1.2300 4.4500 1.0000 1.6533 -0.0989 0.0156 8.68 -1.50 4.30 176 416 368 404 219 
-0.6978 0.3630 0.3773 0.4890 69.81 61.31 16.25 7.05 3.45 6.32 -1.6100 4.9500 1.7700 -1.4011 -0.5244 0.3911 8.67 -1.81 4.19 183 410 361 404 219 
-0.6622 0.4404 0.3386 0.5029 78.06 63.69 39.19 9.94 3.60 3.03 0.8500 7.2300 -0.5500 -5.5111 0.2400 0.1189 8.75 -3.89 2.07 192 265 277 346 223 
-0.5066 0.6350 0.1151 0.5717 98.94 53.00 73.87 4.98 -6.95 -6.05 -2.4300 -1.0300 -7.0700 -3.2078 2.0944 2.7000 6.33 -7.40 1.10 194 278 273 343 224 
;
