0.8324 -0.0754 -0.1451 -0.5295 63.88 19.81 -2.94 1.96 0.72 8.42 -1.1800 0.3200 -0.0700 2.4689 -3.6556 1.0356 5.16 1.56 8.18 173 359 348 397 209 
0.8133 -0.0729 -0.3979 -0.4182 51.56 50.56 -17.31 8.23 0.69 3.92 0.0000 -0.7800 -1.4100 0.0478 -1.4533 1.4233 8.45 0.90 4.88 179 367 350 413 210 
0.8078 -0.1362 -0.4778 -0.3173 42.44 57.50 -10.19 6.16 1.25 5.98 -1.3600 0.3500 1.3700 0.8033 0.5467 -0.5811 7.94 1.57 5.53 180 364 318 399 209 
0.8293 -0.0718 -0.4470 -0.3276 43.63 52.31 -14.25 14.93 4.67 12.52 7.1800 3.4400 5.8900 -3.8044 0.5056 0.6011 7.73 -0.26 6.01 177 381 358 375 207 
0.8276 -0.2593 -0.3061 -0.3926 52.69 39.38 24.00 6.32 -0.96 6.43 1.8000 2.9500 -1.8300 -4.9267 2.9389 2.0633 3.87 -6.37 6.36 157 363 359 403 210 
0.7725 -0.4722 0.0944 -0.4138 56.75 9.81 62.13 2.93 -3.61 0.18 1.4000 4.6300 -3.2500 -4.3722 2.3311 1.4100 0.00 -9.64 1.77 121 324 346 375 206 
0.6190 -0.5849 0.3915 -0.3486 58.63 -6.44 93.62 -1.54 -7.24 -3.19 -0.4500 2.2200 -1.9100 -1.5567 1.3944 0.6433 -1.53 -9.45 -2.12 130 342 349 398 210 
0.5112 -0.6003 0.5295 -0.3129 63.63 -9.81 108.69 -2.49 -7.92 -5.55 -1.0400 1.4600 -2.6200 -0.4900 0.1744 0.0600 -1.73 -8.96 -3.58 132 341 348 394 213 
0.4840 -0.5998 0.5551 -0.3129 68.00 -8.13 105.94 -3.23 -5.89 -9.72 -2.0300 4.6000 -5.4600 5.1856 0.9767 -0.9722 -0.62 -9.71 1.18 138 351 353 404 214 
0.6053 -0.4529 0.4150 -0.5061 77.87 -2.31 78.62 3.66 -10.02 9.99 2.4400 1.3600 4.8800 -4.1378 -0.5789 0.9467 -0.92 -9.72 -0.82 132 341 343 381 210 
0.5258 -0.5887 0.5164 -0.3321 62.63 -9.44 104.81 -8.14 -6.60 -18.47 -5.3200 4.7600 -13.3800 5.5744 1.5189 -1.4533 -0.66 -9.72 1.05 144 353 348 401 216 
0.6176 -0.4020 0.3929 -0.5501 83.81 -1.69 61.50 3.49 -5.38 15.93 3.6100 2.2400 9.5800 0.5556 -1.1811 -0.6400 0.51 -8.24 5.28 148 354 349 380 214 
0.6495 -0.4168 0.2864 -0.5678 79.44 8.13 62.63 -0.78 -9.69 2.81 -3.6700 -1.3400 -1.5200 0.1689 -6.8478 0.0122 3.11 -8.67 3.36 140 336 231 207 140 
0.7185 -0.6408 -0.0951 -0.2531 22.37 28.69 89.00 5.54 -7.78 -3.66 1.2500 0.9900 -2.0200 0.5256 -6.6333 0.3944 3.47 -8.89 -2.24 108 360 192 181 116 
0.5866 -0.6586 -0.4374 0.1755 320.62 14.56 104.56 4.77 -14.27 -4.71 3.1400 -4.5500 -2.1700 2.4500 -0.4400 0.2633 2.07 -9.54 -0.87 106 365 177 175 113 
0.6545 -0.5494 -0.4178 0.3083 309.00 11.69 82.81 1.64 -7.37 1.10 -0.9900 2.3500 -0.4900 1.8689 0.6100 0.0000 1.86 -9.24 2.70 110 368 186 178 116 
0.7411 -0.4607 -0.3444 0.3463 310.50 11.31 68.44 1.11 -4.41 5.73 -0.6700 3.9800 1.7600 -0.4189 -0.0189 -0.2044 2.11 -8.92 3.46 112 371 186 182 117 
0.7505 -0.4434 -0.3510 0.3419 308.62 12.00 65.37 7.43 -10.64 -8.35 3.3800 2.8500 -7.1100 5.8944 0.5889 1.5467 1.09 -6.76 7.01 114 383 195 188 122 
0.8220 -0.2001 -0.1652 0.5070 296.87 2.37 24.87 -7.35 8.51 26.20 -5.0800 11.1300 9.3600 -3.4200 0.3478 -1.6667 0.64 -5.66 7.97 116 383 203 193 125 
0.8334 -0.3169 -0.2311 0.3893 313.25 10.06 52.00 1.78 -5.15 0.38 -0.4200 2.6300 -5.1600 -2.8656 -0.2456 -1.9678 2.97 -8.44 3.99 134 384 221 215 146 
0.7920 -0.4541 -0.3630 0.1865 341.81 29.19 68.31 5.05 -6.47 -3.63 -1.0400 0.9800 -6.5700 1.2789 2.2000 -4.7411 6.66 -5.69 4.39 159 352 280 294 182 
0.8726 -0.2709 -0.3868 -0.1248 20.12 50.13 22.37 9.40 2.29 3.93 3.0400 3.6100 -1.3800 2.8433 -0.6789 -2.4744 7.95 0.62 5.69 168 365 342 399 209 
0.8585 0.0148 -0.4683 -0.2083 29.06 52.63 -26.37 12.66 5.45 10.68 6.4700 1.9900 4.0800 0.3589 0.1578 -1.1689 7.57 3.36 5.24 170 383 358 417 211 
0.8500 0.0552 -0.4546 -0.2604 34.31 50.13 -29.19 5.49 3.63 6.95 -1.5400 0.0900 0.5300 -0.2133 -0.9322 -0.0256 7.91 2.88 5.01 169 365 358 413 210 
0.8240 0.0251 -0.4981 -0.2689 35.63 53.25 -31.19 7.30 2.54 5.24 -0.0200 -0.3500 0.4400 0.1056 0.4867 -0.0100 7.68 3.01 5.29 172 364 352 411 213 
;
0.8432 -0.0782 -0.5087 -0.1553 20.81 61.88 -3.12 8.72 0.23 4.55 0.0600 0.0000 -0.0300 -0.0033 0.0156 0.0033 8.64 0.25 4.61 169 345 336 357 196 
0.8433 -0.0784 -0.5084 -0.1552 20.81 61.81 -3.06 8.70 0.13 4.58 0.1200 -0.0800 -0.0500 -0.0056 0.0033 0.0144 8.64 0.24 4.61 170 346 339 345 197 
0.8433 -0.0788 -0.5086 -0.1547 20.75 62.00 -2.87 8.41 0.17 4.86 0.0400 0.4100 1.0100 0.0300 -0.3911 0.1067 8.75 0.15 4.41 169 346 306 344 200 
0.8295 -0.1183 -0.5225 -0.1579 23.31 65.19 10.88 16.22 2.02 9.75 6.9000 3.1800 5.8000 -4.8167 2.3756 0.9933 8.20 -2.75 4.60 153 337 342 381 211 
0.8306 -0.3722 -0.2947 -0.2913 42.38 37.44 44.06 7.63 -3.04 2.15 2.4300 3.2800 -3.9200 -4.9133 4.1978 1.6722 3.32 -7.95 4.66 143 333 342 401 213 
0.7232 -0.5374 0.1828 -0.3934 59.69 4.12 74.25 4.47 -5.61 -0.05 3.8600 4.4400 -1.9100 -3.5944 3.6744 1.7722 -0.98 -9.75 0.08 142 337 339 397 210 
0.5370 -0.5579 0.5208 -0.3594 67.75 -10.31 104.12 -1.92 -5.15 -6.24 0.0900 2.4700 -3.9200 -1.0267 0.6156 0.3511 -1.89 -8.97 -3.46 135 335 334 383 207 
0.4725 -0.5626 0.5891 -0.3363 72.94 -9.06 104.87 -1.81 -5.96 -9.63 -0.5600 4.4200 -3.0500 5.2122 0.6389 -0.8578 -0.88 -9.70 1.08 147 342 338 387 210 
0.5928 -0.4409 0.4376 -0.5126 80.19 -3.69 79.75 1.69 -9.79 6.77 1.5700 1.5600 0.3900 -3.5322 -0.8411 0.4044 -0.81 -9.74 -0.70 137 339 329 366 208 
0.5211 -0.5687 0.5167 -0.3716 71.31 -6.50 99.81 -4.79 -8.16 -9.43 -3.1700 2.2300 -5.2300 3.3989 0.8444 -0.8044 -0.51 -9.75 0.85 149 349 338 390 214 
0.5812 -0.4759 0.4330 -0.4982 77.62 -1.37 80.50 -1.97 -9.84 1.05 -2.7000 -0.2600 -1.5700 0.4156 -9.3833 1.6122 -0.28 -9.63 1.78 144 325 274 245 168 
0.7794 -0.6191 0.0228 -0.0939 1.19 9.44 77.44 4.86 -9.54 1.61 2.3500 -1.0700 -0.8200 -1.6922 -2.7444 -0.5011 2.49 -9.47 0.44 117 364 198 189 121 
0.6830 -0.6280 -0.3329 0.1685 324.94 12.31 91.44 2.60 -11.56 -2.85 0.2100 -1.2300 -2.2200 1.1033 -1.0422 0.5100 1.57 -9.67 0.33 104 354 183 177 113 
0.6793 -0.5686 -0.3594 0.2933 313.00 8.75 82.50 2.15 -7.69 1.06 0.2700 1.9800 -0.2600 0.8767 0.1289 0.0333 1.43 -9.51 1.88 107 352 187 181 117 
0.7116 -0.5286 -0.3373 0.3170 312.25 8.31 77.06 1.44 -8.79 1.20 0.6900 -1.0800 -4.8900 0.4433 0.1500 -0.0267 1.37 -9.36 2.55 112 353 190 182 117 
0.7596 -0.4530 -0.2886 0.3666 307.06 4.94 59.00 1.82 0.12 6.02 0.7800 10.0500 4.6200 5.0178 0.3144 0.6133 0.33 -5.73 7.94 114 365 194 188 122 
0.8477 -0.2501 -0.1398 0.4464 306.31 1.06 36.19 -2.68 -0.70 8.62 -2.3700 4.8900 -0.4600 -3.1178 0.0333 -1.6011 1.00 -7.55 6.16 119 370 202 195 129 
0.8074 -0.4261 -0.2681 0.3077 320.44 11.63 63.19 -0.42 -5.16 -0.24 -2.3600 2.8400 -5.2800 -2.2478 0.3911 -3.1867 3.96 -8.60 2.53 157 339 255 248 174 
;
