0.8574 -0.0604 -0.4346 -0.2689 34.81 51.06 -11.88 7.59 1.22 5.99 -0.0400 -0.0400 -0.0300 -0.0267 -0.0156 0.0011 7.63 1.25 6.02 176 350 348 390 213 
0.8567 -0.0628 -0.4352 -0.2698 34.94 51.25 -11.63 7.57 1.18 6.01 -0.0700 0.0000 0.0600 -0.0256 -0.0389 0.0067 7.66 1.22 5.98 176 348 347 392 213 
0.8554 -0.0654 -0.4370 -0.2704 35.06 51.56 -11.50 7.67 1.21 5.99 -0.0700 -0.0300 0.0200 -0.0178 0.0011 -0.0056 7.68 1.20 5.97 176 348 347 393 213 
0.8555 -0.0686 -0.4368 -0.2697 34.63 51.88 -8.06 8.69 3.08 9.82 1.0800 2.7500 5.2100 -4.4500 -0.5511 0.8956 7.92 -1.16 5.65 155 335 340 336 212 
0.8177 -0.3185 -0.3468 -0.3312 48.00 45.94 35.25 10.69 -1.06 6.24 4.2700 4.1500 -0.3900 -5.8878 5.2800 1.4478 4.14 -7.32 5.02 141 359 352 386 217 
0.6779 -0.5291 0.1935 -0.4723 73.37 10.19 73.37 5.18 -4.12 -0.77 3.8900 5.8500 -1.9200 -6.9044 4.6778 1.5089 0.26 -9.54 -2.24 129 346 346 395 215 
0.3842 -0.5931 0.5931 -0.3857 90.19 -0.94 118.00 -0.54 -4.98 -9.63 -0.3500 3.1900 -5.1800 0.8622 -0.4144 0.8233 -0.73 -8.63 -4.59 132 342 343 372 215 
0.4082 -0.5554 0.6179 -0.3784 86.87 -4.50 106.31 -1.55 -3.39 -8.96 -2.5600 4.9700 -4.3200 6.2378 2.4211 -0.8300 -0.03 -9.59 2.03 145 344 334 397 219 
0.5042 -0.3914 0.4479 -0.6261 103.00 2.87 77.50 2.25 -10.10 5.80 1.7000 0.4900 3.2400 -3.7389 -1.0489 0.0156 0.52 -9.76 -0.69 143 341 351 396 218 
0.4064 -0.5281 0.5820 -0.4661 95.37 -0.06 107.00 -1.07 -6.18 -12.39 -0.9000 3.4200 -9.7100 1.1111 -0.5122 0.6567 -0.55 -9.44 -2.56 144 340 347 385 217 
0.4908 -0.4793 0.5367 -0.4913 91.94 -2.69 82.94 -3.03 -5.75 5.31 -1.8500 2.8600 10.9400 2.4678 -0.6156 -1.2956 0.44 -9.09 3.64 149 350 353 395 218 
0.5275 -0.4270 0.4017 -0.6149 97.25 8.19 75.62 0.97 -9.55 5.28 -0.6900 0.0000 2.9600 -2.5389 -3.0200 0.2667 1.77 -9.64 0.23 157 364 349 406 214 
0.5077 -0.6498 0.3970 -0.4030 67.19 3.00 105.62 -0.11 -5.50 -6.09 -0.7000 3.5000 -4.2000 -2.9978 -1.8344 1.0256 -0.99 -8.50 -4.78 162 365 357 406 212 
0.4496 -0.7631 0.4361 -0.1591 36.31 -9.94 123.81 -5.10 -6.21 -9.67 -3.4600 2.1000 -4.5000 2.1856 -1.3133 -0.8944 -1.74 -8.76 -4.04 163 340 339 391 210 
0.5867 -0.7042 0.3450 -0.2020 41.44 -5.00 92.69 0.17 0.37 -8.79 1.7800 12.3200 -9.8600 11.3500 -2.5544 -1.3600 0.42 -7.22 6.61 178 359 350 400 218 
0.9153 -0.1748 -0.0046 -0.3627 42.50 10.69 9.81 8.72 6.01 15.65 5.8700 6.0900 7.0000 3.2233 -0.9767 -0.0433 3.01 0.85 9.29 169 354 348 393 222 
0.9264 0.0002 -0.1909 -0.3247 38.38 22.12 -7.00 4.00 1.08 10.81 0.1200 -0.5800 -0.5400 -1.3011 -1.0200 0.3333 4.47 0.14 8.72 167 348 348 389 219 
0.9147 -0.0867 -0.2465 -0.3083 35.56 32.75 0.81 5.80 -1.22 4.66 -0.4100 -0.3800 -2.3400 2.0400 -2.7900 1.2611 6.96 0.29 6.90 174 346 346 372 217 
;
