0.8228 -0.0409 -0.5056 -0.2564 34.63 58.56 -21.56 8.29 1.87 4.88 -0.0600 0.0000 0.1400 -0.0089 -0.0622 0.0056 8.39 1.87 4.70 187 354 351 381 211 
0.8205 -0.0428 -0.5090 -0.2567 34.75 59.06 -21.75 8.34 1.90 4.77 -0.0800 0.0300 0.1000 -0.0122 -0.0344 0.0044 8.42 1.86 4.65 183 355 349 381 210 
0.8190 -0.0440 -0.5111 -0.2569 34.81 59.31 -21.87 9.94 2.50 4.92 1.5800 0.9000 0.5300 -1.0356 0.0878 0.7711 8.49 1.23 4.74 191 333 309 365 213 
0.8258 -0.1492 -0.4641 -0.2835 40.19 56.38 7.31 13.34 2.92 11.34 5.3600 3.7500 4.6900 -5.7178 2.7733 1.3078 6.82 -3.79 5.93 155 326 317 372 212 
0.8040 -0.4247 -0.1082 -0.4019 57.63 23.06 51.81 7.43 -2.50 2.94 4.8000 4.9900 -4.1600 -6.1722 5.1389 1.4789 1.27 -9.36 2.62 132 306 312 365 211 
0.5776 -0.5666 0.4011 -0.4295 74.56 -1.50 94.62 -0.27 -5.75 -4.55 -0.5400 4.1200 -3.7700 -2.6400 1.5667 0.5344 -0.62 -9.30 -3.03 131 305 308 366 210 
0.4096 -0.5812 0.5969 -0.3716 84.75 -3.44 113.50 -1.79 -5.47 -13.10 -0.9200 3.5100 -10.6200 4.1544 0.0678 -0.0344 -0.63 -9.65 -1.60 137 305 308 361 214 
0.5529 -0.4420 0.4736 -0.5242 86.62 -3.94 72.69 4.02 -7.00 25.67 1.8500 -1.2000 16.6400 -2.5689 -0.4056 0.8889 -1.25 -9.49 2.11 137 315 313 366 215 
0.5496 -0.4678 0.5134 -0.4643 79.12 -7.56 94.12 -3.08 -6.21 -15.79 -1.7800 2.7500 -16.7500 1.9989 -0.6433 -0.3522 -1.21 -9.71 -0.52 142 309 316 369 214 
0.5947 -0.4293 0.4540 -0.5059 84.75 -4.31 66.75 -1.98 -3.65 15.43 1.4200 2.1700 11.0300 0.8511 -3.4800 -0.6233 0.73 -8.21 5.31 154 345 302 290 190 
0.6805 -0.4578 0.1865 -0.5409 70.94 21.12 61.31 5.79 -12.55 -2.37 2.9500 -3.3500 -8.9300 3.1033 -10.9967 -0.2533 6.31 -7.36 1.43 117 375 181 189 124 
0.7292 -0.5521 -0.3926 -0.0958 8.94 43.75 81.50 5.96 -5.90 0.90 -1.0800 0.9800 -0.1200 3.7422 -1.9433 -0.6767 7.34 -6.26 1.74 110 382 179 181 119 
0.7838 -0.3182 -0.5288 0.0695 346.87 52.94 63.00 9.12 -0.92 2.47 1.5200 4.3500 0.1200 2.5789 -0.6622 0.3978 7.88 -4.76 3.35 111 383 176 183 122 
0.8088 -0.1707 -0.5294 0.1909 331.44 51.19 50.56 6.49 -0.89 6.88 -1.1800 3.2700 1.4100 -1.9111 1.1022 -0.0133 7.24 -5.24 4.02 113 406 185 187 125 
0.8239 -0.2747 -0.4761 0.1381 344.87 42.13 57.06 6.87 -5.54 1.02 3.0500 1.0700 -3.2200 -2.5744 4.2678 0.8178 5.12 -7.15 4.31 113 420 194 190 125 
0.8619 -0.4550 -0.2239 0.0012 1.19 17.94 57.63 -2.04 -9.94 6.87 -6.0900 -1.4400 2.8300 -0.4222 1.8522 0.1900 2.11 -8.03 5.20 117 421 209 195 128 
0.8636 -0.4876 -0.1248 -0.0263 2.00 14.56 62.63 -2.56 -6.96 3.76 -6.3500 1.8200 -0.8200 -1.8278 -1.2067 -1.0811 3.44 -8.77 2.71 141 311 224 221 159 
;
