-0.5134 0.3314 0.5657 0.5538 94.37 71.31 -63.88 9.29 2.82 1.23 0.0000 0.0000 -0.1700 -0.0322 -0.0211 -0.0022 9.29 2.81 1.36 243 410 409 441 284 
-0.5115 0.3328 0.5657 0.5546 94.81 71.31 -64.12 9.40 2.75 1.14 0.0700 -0.1000 -0.2000 -0.0600 0.0844 -0.0489 9.27 2.85 1.44 241 408 402 424 280 
-0.5098 0.3408 0.5558 0.5613 95.75 74.50 -60.06 12.43 5.57 5.03 2.8100 4.6300 4.6000 -4.4311 -1.2889 1.0822 9.72 0.81 0.95 204 401 410 437 286 
-0.4051 0.5630 0.3554 0.6266 119.75 75.19 23.56 16.34 3.35 2.85 7.2400 6.1700 -0.5200 -7.4822 5.8844 3.8389 7.25 -5.05 4.24 200 428 418 475 293 
-0.3286 0.4859 -0.2992 0.7526 134.37 24.37 74.50 4.42 -0.12 -1.84 -0.1900 8.3800 -3.6000 -4.9211 1.3933 2.2133 2.10 -9.53 -0.89 192 427 417 483 291 
-0.2023 0.3608 -0.7090 0.5711 142.44 4.94 110.44 -0.53 -5.59 -6.93 0.0800 3.2100 -3.0500 -1.6044 0.8567 0.9056 0.37 -8.61 -4.66 192 419 409 466 287 
-0.1620 0.2790 -0.8062 0.4959 142.75 0.62 114.87 1.14 -3.31 -15.54 0.5300 7.1100 -12.1100 6.6811 0.0578 -0.3967 0.13 -9.80 0.31 203 424 413 466 289 
-0.2561 0.1733 -0.5324 0.7880 144.56 0.88 59.13 4.88 -4.81 34.53 4.1800 2.2400 27.0400 -3.5444 -0.4722 -0.4400 0.69 -8.87 4.12 202 424 409 466 289 
-0.2145 0.2434 -0.5928 0.7371 148.12 6.50 88.81 0.37 -4.04 -11.02 -0.8900 4.6800 -12.3600 -2.3167 -0.2467 0.1000 1.00 -9.52 -2.10 198 407 390 423 276 
-0.2009 0.2869 -0.6744 0.6500 146.06 6.50 85.87 -1.14 -4.12 -0.75 -1.9900 5.2000 -1.2900 5.4778 0.7578 -0.7500 1.36 -8.52 4.65 208 414 404 456 286 
-0.2419 0.2082 -0.3781 0.8690 148.31 11.69 47.44 3.30 -7.21 16.13 1.6400 -0.0600 7.3700 0.4144 -4.0956 -0.0289 3.62 -6.71 6.15 226 437 416 461 286 
-0.3376 0.3773 -0.2770 0.8167 130.37 24.94 55.75 6.41 -3.29 10.68 1.6500 3.9000 3.1800 -4.2667 -2.1544 2.9644 2.76 -9.26 1.62 259 462 431 488 293 
-0.3987 0.5168 -0.4846 0.5824 106.69 9.50 95.75 1.14 -6.49 -6.79 -1.2600 3.4500 -6.2400 -2.1522 1.0233 1.9367 0.20 -9.38 -2.83 251 467 430 495 293 
-0.3595 0.5096 -0.6409 0.4476 102.37 -1.12 108.62 -2.58 -5.70 -12.49 -2.8400 3.9300 -9.8100 4.5933 -0.4111 0.1089 -0.24 -9.78 -0.53 227 445 426 481 291 
-0.5066 0.3893 -0.4589 0.6175 100.81 4.69 55.13 5.60 4.84 8.15 3.2500 13.8400 6.5100 11.0922 -0.0733 -0.7889 1.36 -2.49 9.38 275 468 434 488 298 
-0.6443 0.1731 -0.0665 0.7419 97.50 11.19 30.00 6.35 1.16 9.47 4.9000 7.3200 -2.1500 -7.4200 0.5411 1.3978 1.06 -8.69 4.39 250 463 429 491 294 
-0.5126 0.4307 -0.4709 0.5745 96.06 -0.06 82.81 -2.02 -8.20 -16.40 -2.3400 2.3500 -15.7300 3.7622 -0.5022 -0.1556 0.02 -9.38 2.84 247 450 431 486 296 
-0.5995 0.3478 -0.3099 0.6509 95.19 6.94 43.50 3.99 1.52 23.69 3.2200 5.8600 17.7200 0.4789 -1.2400 -0.0978 1.87 -5.53 7.87 255 456 426 473 295 
-0.6328 0.3403 -0.1891 0.6694 91.37 11.56 54.31 5.16 -3.60 6.80 2.4000 5.8300 1.0300 -6.0167 1.1400 1.4011 0.84 -9.64 1.57 228 409 393 353 244 
-0.4750 0.5479 -0.4892 0.4847 95.06 4.62 101.56 0.12 -6.39 -10.16 -1.3900 2.3800 -7.7100 0.0078 1.0944 -0.3556 1.40 -9.29 -2.79 221 332 327 304 220 
-0.3832 0.5468 -0.5197 0.5330 112.00 13.75 90.31 -1.88 -3.94 -3.69 -4.5700 5.5800 -5.1200 5.0844 1.0722 -3.3589 4.53 -7.62 4.17 226 355 349 331 243 
;
