-0.0266 0.0641 -0.4923 -0.8676 183.44 -7.81 -59.19 -1.42 8.35 5.07 -0.0100 0.1900 0.0900 -0.0500 0.0411 0.0344 -1.33 8.33 4.99 171 292 332 324 197 
-0.0197 0.0659 -0.4905 -0.8688 182.12 -7.31 -59.00 -2.21 13.00 8.77 -1.8000 5.2200 4.3400 -3.0911 -1.3633 1.7822 0.10 7.43 6.39 172 300 330 327 199 
0.0347 -0.1526 -0.2716 -0.9496 173.81 26.12 -19.06 6.69 7.94 11.97 1.0000 6.7500 3.1900 -7.7556 -1.2522 3.3333 4.82 -3.15 7.93 173 350 332 396 211 
0.1082 -0.2343 0.3222 -0.9108 166.94 14.69 55.25 1.33 1.22 1.21 2.2800 9.7900 -4.1700 -7.7556 3.2822 0.9900 1.05 -9.74 0.34 152 377 333 403 213 
-0.0141 -0.0975 0.7951 -0.5984 188.62 10.00 115.56 3.97 -2.15 -13.76 2.6300 6.1100 -8.5600 -0.9567 0.8944 0.1956 1.87 -8.01 -5.33 138 336 305 368 209 
-0.0465 -0.0779 0.8444 -0.5280 187.37 9.50 108.75 0.15 -1.13 -12.86 -1.5900 8.6400 -7.0100 7.6544 3.0033 0.1222 1.63 -9.36 2.41 143 351 329 388 214 
-0.0715 -0.0407 0.5273 -0.8457 189.37 9.06 67.37 1.14 -10.11 15.92 -0.3400 3.0800 5.3900 -5.2189 -2.4856 -0.9256 2.36 -9.49 -0.59 134 335 341 394 214 
-0.0483 -0.1216 0.7894 -0.5998 186.94 11.69 110.75 -1.66 -4.86 -25.23 -4.2200 5.2100 -21.6400 4.9722 1.0833 -0.4511 2.24 -9.53 -0.45 142 334 323 396 213 
-0.0906 -0.0492 0.5399 -0.8354 193.69 8.44 52.50 -0.44 -0.77 27.70 1.3000 4.3100 17.7400 -0.8211 -1.5667 -1.0722 2.63 -7.32 5.95 146 341 305 347 208 
-0.0820 -0.1716 0.4527 -0.8712 186.06 26.69 57.19 8.44 -10.00 0.56 2.7200 -3.6400 -5.7700 4.9933 -7.8333 1.7467 6.08 -6.54 4.03 147 248 183 179 142 
0.3664 -0.4847 0.1433 -0.7812 121.44 41.00 42.94 8.95 -2.22 6.84 -3.0700 -0.4700 1.5100 4.6489 1.1756 0.4178 5.61 -2.04 7.77 146 214 184 185 141 
0.6121 -0.2589 -0.1307 -0.7357 96.25 30.81 2.69 5.09 2.80 7.50 0.0300 3.0800 -0.7300 2.3089 1.0422 1.1544 4.50 0.66 8.68 151 218 187 186 141 
0.7206 -0.1138 -0.2111 -0.6506 81.31 26.44 -7.62 3.21 5.20 8.95 -1.3000 3.5400 -0.0400 0.0578 0.2422 1.1533 4.37 0.95 8.72 159 217 187 185 143 
0.7783 -0.1088 -0.2050 -0.5834 76.31 24.19 -3.69 1.40 2.18 8.00 0.1200 2.3700 -0.9600 -1.4767 0.8067 -1.3733 3.09 -0.07 9.30 148 214 192 191 148 
0.7048 -0.1102 -0.0596 -0.6982 92.50 11.25 6.75 3.13 -0.61 9.61 -0.2300 0.7800 0.4500 -1.8378 1.3667 -1.0111 0.82 -2.47 9.45 140 237 202 194 152 
0.6356 -0.1066 0.1180 -0.7555 100.06 -0.56 19.00 -0.97 -6.16 7.65 -2.3900 -2.3200 -1.4300 -0.3256 0.9222 -0.1889 -0.77 -3.48 9.13 147 223 209 203 156 
0.6146 -0.0855 0.1855 -0.7619 102.06 -5.62 24.06 -1.87 -4.32 8.16 -1.1000 -0.1900 -0.5700 -0.7933 -0.0333 -0.0867 -0.87 -4.44 8.69 151 230 220 219 174 
0.6029 -0.1459 0.2119 -0.7552 105.44 1.50 32.44 -5.55 -3.54 0.76 -7.0400 1.1900 -10.1300 -2.7700 -3.5867 -2.4000 2.99 -6.68 6.52 112 270 326 352 214 
0.4604 -0.4067 0.2097 -0.7607 120.00 31.37 51.88 14.44 -6.42 0.53 7.9500 -1.7600 -2.3000 -0.5111 -2.1144 -1.6678 6.88 -5.94 3.66 99 189 210 211 146 
0.3834 -0.6110 0.0447 -0.6912 122.44 58.69 64.06 13.51 -3.28 2.16 6.4200 3.2500 1.4200 2.4478 -0.6189 -1.6778 9.26 -2.71 1.72 102 182 188 181 120 
0.3730 -0.6436 -0.2197 -0.6312 115.56 81.69 88.19 16.64 4.14 -6.74 8.8300 5.5000 -6.3400 4.0167 -1.3378 -0.7044 9.65 -0.94 -1.42 102 172 177 179 119 
0.4378 -0.6130 -0.4888 -0.4399 90.19 72.25 159.44 11.67 1.95 2.14 -0.3300 3.1600 3.8900 -2.1778 0.9967 0.5822 9.47 -1.36 -2.11 104 184 196 188 126 
0.3830 -0.6759 -0.3704 -0.5092 111.69 76.87 140.44 9.90 4.25 -5.69 0.3600 4.2800 -6.6000 -2.2533 0.3933 0.8689 9.49 -1.71 -1.75 106 183 193 187 127 
0.3443 -0.7022 -0.2563 -0.5681 108.25 79.00 97.56 4.01 -8.30 -12.84 -7.9200 9.5000 32.5600 -4.0089 -4.5967 1.0767 9.45 -1.93 -1.72 109 186 188 194 132 
0.4402 -0.6479 -0.4203 -0.4578 93.87 76.25 133.81 10.26 -2.60 1.46 1.1300 0.2100 4.1500 -0.2022 1.9456 0.1078 9.64 -1.73 -0.37 114 192 202 206 144 
0.4355 -0.6241 -0.3091 -0.5703 113.87 78.50 68.56 8.84 -2.58 0.77 -0.3000 -0.8800 -0.5000 -4.0189 5.3822 -2.1000 9.04 -1.11 3.61 145 281 281 268 185 
0.2357 -0.4428 -0.1010 -0.8592 153.12 48.25 -2.12 8.76 -0.26 4.66 0.8700 -1.2300 -2.0600 0.4133 3.1700 -1.6844 5.39 1.40 8.06 163 321 318 305 196 
;
