0.7073 0.2896 0.1447 0.6284 276.69 9.06 -36.81 1.48 5.97 7.64 -0.1000 0.2200 -0.1300 0.0411 0.0244 0.0178 1.52 5.84 7.72 181 332 369 403 222 
0.7059 0.2905 0.1481 0.6288 276.62 9.00 -37.06 1.76 5.74 7.74 0.1700 -0.0800 0.0300 0.0267 0.0333 -0.0356 1.52 5.85 7.71 179 327 367 407 222 
0.7063 0.2917 0.1508 0.6271 276.87 8.81 -38.06 3.68 8.94 9.16 2.8300 3.1400 2.4400 -0.5578 0.4867 0.1544 1.61 5.58 7.89 173 304 291 291 208 
0.6842 0.2677 0.0392 0.6772 268.00 23.50 -22.50 10.44 10.12 18.90 2.7700 5.5000 9.8300 -4.5878 -0.7267 3.9633 5.24 -1.06 8.21 156 303 282 285 203 
0.5473 0.0634 -0.3483 0.7584 250.19 23.62 45.31 2.53 2.38 -0.04 -0.8100 9.5000 -5.6800 -7.1156 1.3956 2.2811 1.97 -9.37 2.06 153 303 285 295 214 
0.3995 -0.3483 -0.6336 0.5636 249.44 4.06 100.00 -1.15 -3.34 -9.01 -3.9000 3.4100 -9.0600 -2.3011 0.0522 0.9000 -0.01 -9.05 -3.77 153 272 275 293 216 
0.3394 -0.4466 -0.6735 0.4815 255.75 4.56 98.62 -2.02 -2.75 2.09 -1.7100 6.8300 10.9500 5.5533 0.2533 -1.3322 1.88 -9.13 3.01 162 311 300 315 219 
0.4930 -0.3215 -0.5458 0.5964 257.06 7.69 85.56 -1.63 -6.65 -2.17 -3.8800 3.0300 -8.6200 -3.0711 -0.7622 0.3578 0.97 -9.58 -1.80 150 296 289 320 220 
0.4023 -0.3785 -0.6501 0.5218 260.19 10.63 88.69 3.36 -2.66 7.36 2.7900 10.2000 11.1800 4.9389 1.8722 -1.5767 2.74 -8.28 4.46 171 336 313 339 224 
0.5880 -0.2504 -0.4736 0.6060 267.00 14.00 66.94 3.42 -8.05 3.80 0.2800 0.3100 -0.8200 -0.7178 -0.2711 0.3233 2.24 -9.05 3.02 169 332 303 320 217 
0.5280 -0.2715 -0.5228 0.6118 259.69 12.69 70.75 2.60 -9.92 1.44 0.1600 -2.7800 0.2100 1.9978 -0.7644 0.6311 2.00 -8.58 4.28 166 330 298 346 217 
0.4902 -0.1838 -0.4678 0.7121 247.31 11.25 58.50 4.42 -5.12 12.62 4.3900 2.1700 8.3000 -4.6978 -0.4678 2.5622 0.66 -9.46 2.49 166 307 307 342 219 
0.3317 -0.3158 -0.6111 0.6456 232.75 -2.06 94.19 -1.59 -6.15 -3.04 -1.0300 3.6800 -1.4400 -3.4867 0.8389 0.9867 -0.98 -9.10 -3.50 161 295 303 334 216 
0.2345 -0.4616 -0.7131 0.4727 234.37 -5.56 117.06 -6.43 -5.15 -15.15 -4.1800 4.5900 -10.4800 6.3433 1.9189 -1.9944 0.40 -9.76 -0.84 159 305 295 355 219 
0.5300 -0.3553 -0.4931 0.5913 263.00 6.56 70.81 10.54 -11.13 27.76 3.2300 -2.7400 17.8800 -4.6067 -1.0600 -0.1956 1.44 -9.69 0.06 144 326 320 357 221 
0.4026 -0.4092 -0.6693 0.4717 259.06 7.69 108.12 -10.12 -4.92 -30.46 -9.4000 3.9000 -25.2000 6.4622 2.5544 -2.4767 2.33 -9.51 -0.43 154 325 314 363 221 
0.5779 -0.2802 -0.5190 0.5641 270.19 16.69 66.19 8.05 -10.16 19.17 2.5500 -2.5100 10.6100 -1.8622 -1.4322 0.5911 2.60 -9.06 2.69 160 322 320 359 216 
0.5065 -0.2788 -0.5675 0.5862 260.31 13.13 79.44 1.53 -8.86 0.61 -0.2400 0.5600 -1.5000 0.5800 -0.4222 0.6144 1.80 -9.45 1.84 167 333 206 180 118 
0.4557 -0.2070 -0.5447 0.6729 238.50 18.94 63.06 2.69 -0.40 -6.81 0.0800 3.8600 -6.5700 6.7433 -12.0533 -0.5633 7.22 -5.76 3.27 153 388 174 170 118 
0.0765 0.5446 -0.3334 0.7657 191.94 66.56 70.25 6.55 1.38 -1.73 -2.8700 4.0400 -2.8200 0.4922 -2.5867 -2.9533 9.72 -1.16 -0.53 132 387 178 169 111 
0.1650 0.7363 -0.1946 0.6267 211.81 78.56 -163.56 25.26 6.65 -11.21 17.5400 4.6100 -7.3100 3.5256 0.7811 0.2911 9.64 0.35 -1.71 145 379 187 173 118 
-0.0009 0.7125 -0.0649 0.6986 170.12 77.87 62.44 4.49 5.15 9.71 -8.9900 8.4300 10.8800 -0.7233 3.3111 4.6756 7.80 -4.83 3.44 142 376 183 175 124 
-0.1993 0.4771 -0.2708 0.8120 152.50 39.63 62.25 -7.78 -2.52 2.16 -12.0700 5.0900 -0.1400 -3.4522 -0.7967 -2.8544 7.64 -6.02 1.22 137 370 182 177 120 
0.0449 0.6090 -0.3323 0.7188 196.06 73.00 93.19 10.19 9.20 -9.53 1.3600 10.3000 -9.0600 0.6733 -1.7567 -3.3967 9.71 0.02 -1.36 131 376 184 182 118 
0.1546 0.7709 -0.1790 0.5914 204.12 72.81 179.12 21.50 -1.76 -3.87 10.3900 -1.3700 0.5400 1.9267 0.0011 1.9244 9.17 -1.72 -3.00 138 374 189 184 125 
-0.0343 0.7755 -0.1984 0.5984 169.56 64.62 128.56 6.11 -0.93 2.34 -4.0900 2.9200 4.3700 -1.1489 0.8078 -0.8111 9.17 -2.73 -2.10 135 374 203 195 144 
0.0992 0.7177 -0.2132 0.6555 207.06 85.94 177.00 6.24 -0.06 -3.27 -2.6200 0.8800 -1.7200 -0.6411 0.2089 -2.4533 9.70 1.36 0.21 166 309 257 248 183 
0.3541 0.6392 -0.0936 0.6762 244.56 54.19 -51.75 7.27 2.85 -0.33 0.2800 -2.9600 -3.5700 -1.2178 8.3667 -7.3700 1.38 6.72 6.99 195 389 354 393 218 
;
