0.0629 0.0635 0.2421 0.9661 187.44 5.25 -28.50 0.84 4.64 8.68 -0.0600 0.0400 0.0800 0.0178 0.0000 0.0056 0.89 4.66 8.58 168 385 367 389 209 
0.0626 0.0632 0.2416 0.9663 187.37 5.25 -28.37 0.86 4.59 8.63 -0.0300 -0.0400 0.0700 -0.0100 -0.0289 -0.0033 0.91 4.63 8.59 165 384 367 389 209 
0.0630 0.0649 0.2401 0.9665 187.44 5.50 -28.25 1.03 4.60 8.66 0.1100 -0.1500 0.0300 0.1300 -0.0811 0.0700 1.01 4.68 8.55 167 380 361 391 210 
0.0467 0.1191 0.2376 0.9629 185.37 17.94 -28.37 -2.01 3.63 14.93 -1.3900 0.3200 1.7000 -1.1089 -9.0589 0.2111 7.63 3.89 4.76 140 325 333 360 216 
0.0922 0.4179 0.0472 0.9026 188.56 49.56 -0.31 15.83 7.28 9.41 5.3300 8.0900 0.9300 -5.0833 1.3344 4.1300 6.55 -4.40 5.81 135 341 338 361 216 
-0.0319 0.3391 -0.3871 0.8568 173.56 29.81 61.50 0.47 0.26 1.84 -3.3500 8.7300 -1.1100 -4.3267 0.4600 3.3133 2.28 -9.48 1.03 138 358 339 363 217 
-0.1019 0.2008 -0.7028 0.6748 162.75 5.00 98.62 -0.07 -5.70 -7.26 -1.0300 2.7900 -5.2800 -0.7844 1.2311 0.9633 0.26 -9.48 -2.46 139 347 337 362 217 
-0.0757 0.0984 -0.7821 0.6106 165.87 -0.25 103.00 -3.24 -8.40 -4.60 -2.6700 1.2800 -2.7100 1.5533 -0.6822 -0.7367 0.38 -9.74 -1.00 139 344 340 365 215 
-0.0723 0.1633 -0.6635 0.7266 171.00 11.44 75.69 -1.32 -2.84 3.87 -3.8900 5.9800 3.0200 6.2367 1.3322 -0.8144 2.10 -6.93 6.60 143 349 342 370 216 
-0.0267 0.1296 -0.3639 0.9220 176.31 13.44 49.81 2.62 -1.84 13.73 -0.0200 7.0600 1.5100 -6.9089 -0.7056 -0.0922 2.53 -9.26 1.97 146 347 344 378 216 
0.0001 0.1871 -0.6985 0.6907 179.31 14.25 97.12 -1.89 -8.95 -22.38 -6.2100 2.8200 -18.7200 7.3222 0.0144 -0.5256 2.38 -9.15 2.59 146 338 338 368 216 
-0.0681 0.1424 -0.3915 0.9065 169.87 9.75 36.13 1.28 1.17 23.17 0.4200 5.1400 14.1200 0.5500 -2.0478 -0.5956 2.91 -4.78 8.04 148 329 335 360 215 
-0.0811 0.2557 -0.2605 0.9274 168.81 32.38 40.19 7.01 -6.32 3.46 1.1000 -0.9200 -2.4000 0.2300 -6.6656 0.1044 7.50 -5.50 3.10 146 319 184 159 136 
-0.3031 0.6959 -0.1702 0.6284 97.31 39.19 100.50 12.99 -3.66 0.85 4.2500 4.3700 3.8800 2.7967 0.9111 0.4200 4.45 -8.73 0.14 126 327 180 167 130 
-0.6857 0.6296 0.0471 0.3622 56.63 31.94 73.75 4.57 -4.80 3.46 0.0200 3.3600 0.9900 -0.5722 -0.3144 1.0311 4.69 -8.37 1.98 131 326 187 172 134 
-0.6835 0.6467 0.0193 0.3380 52.75 27.37 81.56 5.70 -8.85 -2.88 2.5700 -0.8400 -4.2000 -0.3489 0.0922 -0.4400 4.64 -8.60 0.78 128 320 181 174 133 
-0.6729 0.6594 0.0104 0.3351 49.56 24.19 76.19 9.09 -11.54 -14.97 1.6400 8.3400 -9.0600 7.2189 3.9522 1.1833 2.05 -6.76 6.79 128 346 184 175 134 
-0.9031 0.2543 -0.0380 0.3441 42.94 3.81 26.69 -6.32 2.62 13.13 -5.6200 5.0400 1.2200 -2.0944 -0.1433 -1.0311 0.92 -5.35 8.16 123 342 191 178 134 
-0.8576 0.3250 -0.0643 0.3933 50.63 10.06 40.13 2.26 -5.40 6.79 -0.5800 0.0000 -0.8200 -0.3711 -0.3556 -1.6733 2.92 -6.23 6.97 143 196 180 179 136 
-0.7766 0.3690 0.0069 0.5106 72.00 24.44 35.94 3.34 -8.44 5.89 0.8000 -4.0800 -1.7100 1.0844 2.4567 -5.3356 4.44 -3.03 8.19 158 198 169 175 135 
-0.5971 0.1916 0.0640 0.7763 105.12 18.87 1.12 6.58 2.26 10.88 1.5800 2.2300 0.3900 0.5656 1.3900 1.0256 2.15 0.22 9.56 149 191 175 175 135 
-0.6755 0.0663 0.0842 0.7296 90.25 12.19 -2.25 1.37 3.53 7.86 -0.5300 3.0500 -1.8200 0.5267 -0.2278 2.0889 2.13 0.42 9.56 146 193 174 174 133 
-0.7786 0.0559 0.0972 0.6174 75.06 12.69 -1.00 1.71 2.92 8.86 -1.4200 1.9500 -0.6600 -0.7267 1.4011 -1.0600 1.75 -0.22 9.64 143 193 165 180 137 
-0.7553 0.0719 0.0413 0.6501 85.81 5.62 4.94 5.65 3.37 9.19 6.5100 3.3300 -1.6400 -1.8978 3.1433 -3.1322 -0.59 -1.99 9.58 133 197 179 182 139 
-0.5941 0.0322 -0.1743 0.7847 107.37 -10.44 20.31 -3.03 -7.84 6.80 -1.7400 -4.3900 -1.6700 -0.2267 0.0300 -0.1900 -1.80 -3.71 8.89 138 199 183 187 141 
-0.5715 0.0466 -0.2075 0.7926 107.69 -7.87 22.06 0.42 -1.84 9.80 1.1700 1.5000 0.5400 0.0167 -0.2167 -0.3044 -0.97 -3.61 9.06 141 203 184 187 141 
-0.5760 0.0854 -0.1747 0.7940 109.50 -3.19 23.12 -4.05 -2.10 6.71 -4.1600 1.5700 -3.0100 -0.9856 -0.2600 -2.2600 0.28 -4.56 8.67 146 224 192 199 153 
;
