0.9001 -0.0107 -0.3569 -0.2498 31.00 40.38 -12.00 6.39 1.56 7.34 0.0500 0.0200 0.0200 -0.0078 -0.0278 -0.0133 6.36 1.56 7.29 183 314 333 341 204 
0.8994 -0.0109 -0.3581 -0.2504 31.06 40.50 -12.13 6.38 1.60 7.30 0.0500 0.0400 -0.0100 -0.0033 0.0033 -0.0111 6.37 1.56 7.28 184 317 333 341 205 
0.8990 -0.0106 -0.3586 -0.2509 31.12 40.38 -12.38 7.19 2.20 8.68 1.1200 0.8700 2.3600 -0.2233 0.9344 0.3922 6.00 1.40 7.62 192 331 343 350 209 
0.9163 -0.0577 -0.3115 -0.2453 30.75 38.31 2.81 10.37 2.36 13.47 3.5000 3.5100 4.6200 -5.5456 1.5467 0.9022 5.34 -3.67 7.35 164 324 334 350 210 
0.8620 -0.3817 -0.1478 -0.2991 39.88 25.00 48.19 5.65 -3.70 4.81 1.8500 3.5700 -0.7700 -4.5867 3.1578 1.4256 2.24 -8.73 3.83 156 332 323 357 213 
0.6942 -0.6101 0.1826 -0.3356 55.50 7.87 86.81 3.67 -5.54 -4.23 2.2100 4.0700 -4.4900 -3.7556 1.6367 0.4211 1.20 -9.45 -2.29 136 334 331 367 215 
0.4764 -0.7223 0.3751 -0.3325 72.00 6.81 110.31 1.92 -7.30 -5.18 0.5800 1.7700 -1.1300 -0.1744 0.3533 0.8789 0.73 -9.10 -3.58 131 320 311 319 205 
0.4449 -0.7043 0.4471 -0.3259 70.69 2.37 113.31 -0.64 -8.01 -4.72 -1.2800 1.3700 -2.2100 0.4911 -0.7356 0.1156 0.04 -9.10 -3.63 136 320 289 298 195 
0.5099 -0.6940 0.4098 -0.3006 60.75 1.06 101.12 -1.53 -3.93 -10.26 -2.5400 4.7200 -2.6900 9.3944 2.2644 -1.1867 0.74 -8.83 4.18 155 329 324 355 212 
0.7075 -0.4735 0.2368 -0.4683 66.44 5.31 71.56 -0.11 -6.18 8.89 -0.0700 5.2700 3.3700 -6.5556 -0.2544 0.0133 0.98 -9.64 -1.47 154 325 305 324 209 
0.4459 -0.7299 0.4084 -0.3188 71.31 5.56 119.25 0.37 -3.21 -22.46 -2.2300 5.9500 -16.7900 3.3678 -0.7178 0.2422 0.68 -9.09 -3.60 150 321 298 327 206 
0.5745 -0.6349 0.3400 -0.3890 71.25 6.50 78.00 -0.95 -1.39 21.19 -1.9300 5.2600 21.1400 1.8978 0.9111 -0.6611 1.33 -8.46 4.76 169 356 337 364 208 
0.6357 -0.4866 0.2624 -0.5388 81.12 12.88 71.62 4.51 -7.62 1.82 2.0600 1.5500 -1.6300 -1.9422 -0.8478 0.4267 2.16 -9.45 1.41 169 341 324 344 205 
0.6220 -0.6114 0.2598 -0.4145 55.19 8.69 82.19 3.54 -5.47 -4.40 8.6700 4.2400 -4.4000 2.3689 -5.4144 4.0256 -0.42 -9.36 2.86 168 284 279 289 194 
0.8683 -0.4798 0.0847 -0.0934 8.06 1.62 50.25 1.60 -5.22 7.30 0.9800 1.8300 0.7200 2.9833 -3.0689 -0.3667 2.33 -5.68 7.64 162 289 301 305 202 
0.9572 -0.2249 -0.1824 0.0054 358.06 22.37 21.62 3.85 -0.95 12.95 0.4200 1.8800 3.2900 1.0489 -1.6300 0.1833 4.69 -2.49 8.23 165 299 304 312 201 
0.9543 -0.1097 -0.2734 0.0507 353.44 30.94 14.69 3.63 0.42 18.16 -1.0900 2.6900 10.5800 -2.2178 2.1000 -0.3978 4.14 -2.91 8.39 165 326 331 351 207 
0.9566 -0.2567 -0.1320 -0.0410 10.75 11.00 39.25 10.23 -1.87 7.55 9.7900 4.6300 -0.7200 -6.9433 5.7778 -0.6622 0.28 -9.06 3.74 157 332 328 368 211 
0.7025 -0.6259 0.2342 -0.2446 43.75 -1.75 92.25 2.68 -5.97 -7.10 2.3300 3.2500 -5.3400 -2.4389 2.5067 0.6600 -0.33 -9.42 -2.68 154 327 323 362 212 
0.4988 -0.6937 0.4291 -0.2930 63.00 -0.81 110.50 -2.68 -4.40 -9.62 -4.3300 4.0200 -12.3000 2.6711 -1.9311 -1.1911 0.20 -9.53 -2.29 146 322 303 327 203 
0.6269 -0.5693 0.2998 -0.4394 75.00 8.00 63.69 6.91 0.50 33.19 8.0400 6.0400 30.9700 0.0656 0.0467 -0.7256 1.74 -7.79 5.69 157 345 338 346 206 
0.6515 -0.4862 0.2366 -0.5321 78.69 11.94 73.37 1.73 -4.61 -1.32 -0.4000 5.0100 -6.5100 -4.4522 -0.1622 0.4711 1.68 -9.63 -0.73 143 317 293 328 207 
0.5048 -0.6670 0.3824 -0.3926 74.44 7.12 98.87 -4.11 -4.01 -15.18 -4.1000 6.6500 -9.0200 7.6722 1.7978 -0.8922 1.53 -8.81 4.00 158 340 319 358 215 
0.6898 -0.3749 0.2010 -0.5859 79.87 11.31 46.00 5.62 -5.34 16.93 4.0400 0.8400 7.8100 -0.6456 -1.3133 -0.5467 2.85 -6.98 6.26 151 340 331 359 219 
0.6888 -0.4263 0.1278 -0.5722 78.87 18.50 51.56 3.83 -6.85 5.85 0.5100 0.5300 0.1600 0.1133 -2.1256 0.4156 3.62 -7.37 5.34 155 335 329 349 212 
0.7178 -0.4909 0.0539 -0.4909 65.31 24.56 56.63 4.34 -6.96 1.83 0.2400 0.5500 -2.8400 1.5111 -1.7111 0.7167 4.29 -7.14 5.15 168 320 306 308 205 
0.8044 -0.4470 -0.0735 -0.3843 48.38 28.87 43.44 2.89 -4.78 1.58 -2.2700 0.8000 -4.3600 3.8356 -1.4344 0.0289 5.49 -3.97 7.08 182 320 306 281 203 
0.8605 -0.2785 -0.3386 -0.2595 28.25 60.50 36.13 18.47 -1.49 6.17 14.6500 -0.4000 4.2200 -1.8500 -6.7711 1.8833 8.73 -3.84 -2.26 155 352 181 174 110 
0.5089 -0.4671 -0.7213 0.0507 334.06 36.38 125.69 7.70 -11.43 -7.96 1.7100 -1.7700 -4.3600 4.0278 1.0956 2.6267 4.16 -8.68 -1.83 124 328 162 165 101 
0.6170 -0.4833 -0.5314 0.3214 303.12 18.12 86.62 -1.63 -3.16 -0.85 -4.4500 5.7800 -2.1500 1.6078 0.3422 0.4478 2.63 -9.24 1.91 125 325 170 170 107 
0.6918 -0.4346 -0.4343 0.3794 303.12 16.19 74.31 1.64 -7.24 -1.61 -0.4500 -0.0500 -7.4900 0.8933 -0.2611 -0.1500 2.86 -8.82 3.18 124 333 178 173 106 
0.7428 -0.3320 -0.3671 0.4509 294.56 11.00 48.56 -2.03 5.14 13.92 -4.7700 12.6000 8.5500 4.0889 -0.2956 0.8789 1.19 -4.73 8.50 134 352 179 180 113 
0.7921 -0.1558 -0.1818 0.5616 290.94 7.50 28.44 1.21 -3.03 10.27 -0.1700 1.3100 1.2500 -1.9533 -0.1544 -0.7133 1.72 -5.70 7.78 133 354 181 187 116 
0.7958 -0.2225 -0.2737 0.4922 297.69 15.06 41.06 -4.28 -1.24 5.70 -8.6700 6.7300 -0.2600 -1.6344 -2.6133 -2.6978 5.13 -6.25 5.53 156 355 211 207 143 
0.8042 -0.2084 -0.5016 0.2412 346.94 51.75 48.38 14.56 -2.23 -3.97 7.5200 0.9500 -7.4600 2.9111 4.0778 -7.3011 7.14 0.47 6.69 180 339 294 300 188 
0.9055 0.0845 -0.3343 -0.2475 30.19 30.00 -28.19 5.35 7.45 11.40 1.2900 2.9800 3.7000 1.1289 -2.4200 1.6133 6.13 4.30 6.32 187 343 315 335 197 
0.8763 0.1555 -0.4235 -0.1691 20.75 43.50 -33.38 3.82 4.21 9.39 -3.5500 -0.1900 2.3700 -0.6489 0.0467 -0.1578 6.40 3.48 6.55 180 333 312 332 187 
0.8936 0.1088 -0.3967 -0.1799 23.31 42.81 -26.56 7.09 2.25 5.72 0.5100 -0.8900 -0.6000 -0.2144 -0.0733 -0.0189 6.74 3.09 6.40 181 328 320 319 190 
0.8907 0.0889 -0.4017 -0.1935 24.69 42.75 -25.12 6.71 2.78 6.57 0.1300 -0.1700 0.0900 -0.1011 0.0567 -0.0167 6.63 2.96 6.58 178 326 307 330 191 
;
