0.7178 0.2715 0.0969 0.6337 277.06 11.81 -31.56 2.14 4.84 8.28 0.1400 -0.2400 0.0600 0.0322 -0.0333 0.0211 2.05 5.03 8.16 177 357 369 402 231 
0.7161 0.2738 0.0950 0.6349 276.81 12.19 -31.62 2.44 5.07 8.42 0.8600 0.2200 0.3300 0.4933 0.1489 -0.0822 1.98 5.25 8.03 173 366 370 406 232 
0.7031 0.2822 0.1500 0.6353 274.69 7.94 -37.31 -0.03 9.11 14.11 -0.1300 4.0500 8.1500 -2.9622 -5.5600 2.8611 4.44 3.90 7.81 128 275 303 292 217 
0.6727 0.2307 -0.1794 0.6797 266.44 37.94 10.94 10.38 5.44 11.32 1.5400 10.2700 2.4000 -6.5411 -1.3100 5.8044 5.21 -6.92 4.58 145 253 270 266 207 
0.3918 -0.1259 -0.6237 0.6646 234.75 10.94 88.87 -2.18 1.24 -7.52 -4.9400 9.4300 -7.9900 -4.4278 1.6478 2.8956 -0.46 -9.22 -3.30 147 275 283 287 214 
0.2241 -0.3907 -0.7395 0.5002 234.12 -0.31 108.81 -4.82 -1.78 -10.33 0.0800 8.3300 1.8800 9.6656 3.8467 -2.8633 1.94 -9.24 2.64 164 327 322 351 224 
0.4847 -0.2673 -0.5717 0.6057 253.31 13.31 88.44 5.32 -2.58 3.80 0.7400 8.2900 1.2800 -6.4356 -1.4967 1.9478 0.91 -8.67 -4.47 152 298 292 315 225 
0.1946 -0.4058 -0.8024 0.3920 233.50 -0.25 127.44 -11.38 -1.07 -20.54 -12.0700 11.1100 -9.0800 8.6722 2.6211 -3.3333 2.78 -9.40 -0.14 161 320 325 363 230 
0.5452 -0.1953 -0.5570 0.5953 266.12 23.75 66.06 10.97 -6.05 15.45 5.5100 1.7300 10.0800 -0.9333 0.0400 -0.6800 4.48 -8.05 3.34 168 328 330 374 231 
0.5589 -0.1609 -0.5822 0.5682 268.44 27.62 73.62 4.98 -8.86 2.06 -0.5900 -1.2700 -0.0200 0.7889 -0.8600 1.0878 4.03 -8.62 2.35 169 255 255 244 167 
0.4759 -0.1822 -0.5785 0.6369 244.19 11.81 71.37 7.67 -11.35 -1.46 5.2200 -0.1100 -4.1500 3.0967 7.3822 4.1989 -3.05 -7.90 4.92 208 174 181 176 115 
0.3520 -0.4767 -0.2565 0.7636 225.25 -40.81 63.06 0.95 -2.28 -0.18 10.9400 6.7100 -3.1200 -0.3311 -0.2433 3.8389 -8.08 -4.35 3.43 217 175 176 174 106 
0.1025 -0.5139 -0.0973 0.8462 187.69 -55.94 17.06 -8.13 4.93 9.63 -4.0600 4.9900 5.2900 0.8267 -2.7611 2.0422 -6.93 0.28 6.92 209 184 183 176 107 
0.0132 -0.3385 0.0156 0.9407 185.69 -37.50 1.31 -8.15 1.11 14.49 -1.4500 1.0500 4.8200 -0.4078 -0.4511 -1.7678 -5.48 -1.28 8.02 215 185 186 174 113 
0.1339 -0.2941 -0.0424 0.9454 196.31 -32.31 11.13 -4.26 -1.41 9.25 0.0600 -0.1500 1.8900 0.1433 -0.8144 0.5156 -4.70 -1.38 8.49 212 213 209 209 135 
0.1294 -0.2148 -0.0555 0.9665 198.44 -19.06 13.63 -7.64 -0.90 16.74 -3.7700 2.7800 7.3900 -5.5078 -2.5567 -4.4167 -0.35 -5.83 7.87 202 366 279 315 198 
0.2949 -0.0574 -0.4517 0.8401 219.87 15.06 64.75 4.26 2.71 2.01 3.4500 13.2900 0.7100 -6.0889 -3.8289 1.3256 2.63 -9.38 -1.03 200 404 347 407 226 
0.0999 -0.0797 -0.8528 0.5063 199.44 1.94 124.19 -5.74 0.72 -18.94 -6.3600 5.8700 -13.7900 -0.0533 -0.7811 0.1533 -0.70 -7.00 -6.82 190 386 348 398 224 
0.0652 -0.1378 -0.8547 0.4963 199.81 1.06 106.19 -0.29 7.26 -12.44 0.6600 20.9100 -11.4700 13.1144 -1.0700 -1.6989 1.69 -7.10 6.54 201 397 358 416 231 
0.1712 0.1005 -0.0945 0.9755 196.94 13.06 -11.44 2.69 19.02 17.44 1.1700 12.7600 10.3400 4.9500 0.4678 -0.1611 2.21 5.76 7.61 191 420 374 423 233 
0.1018 0.1478 0.3326 0.9258 193.50 12.19 -40.63 2.24 9.94 12.44 0.7300 3.0600 3.5300 -2.0900 -0.9578 -0.6656 2.51 5.26 7.88 184 412 371 413 232 
0.1902 0.2073 0.1913 0.9404 205.94 21.94 -24.31 1.83 3.64 3.96 -2.4500 0.4100 -4.0700 -2.0978 -2.1711 -2.2700 4.66 2.97 8.09 188 367 350 381 228 
;
