0.0203 0.0208 0.1451 0.9890 182.31 2.06 -16.75 0.50 2.82 9.37 0.1400 -0.0300 -0.0100 0.0044 -0.0078 0.0256 0.37 2.82 9.38 240 383 379 381 266 
0.0191 0.0223 0.1451 0.9890 182.19 2.19 -16.75 0.49 2.86 9.34 0.0900 0.0400 -0.0100 0.0100 0.0222 0.0078 0.36 2.82 9.38 241 382 379 382 267 
0.0187 0.0205 0.1456 0.9890 182.12 1.94 -16.75 0.38 3.07 9.54 0.1600 0.9700 0.6100 0.1644 0.1711 0.0167 0.23 2.87 9.37 256 388 367 420 275 
-0.0021 0.0558 0.1195 0.9913 176.81 12.25 -9.69 7.50 5.92 16.05 2.5700 0.4800 5.2800 -3.8378 -2.6044 2.0089 4.19 -1.39 8.75 233 404 377 430 286 
-0.1123 0.2729 -0.1379 0.9454 164.50 29.56 30.31 6.96 -2.20 8.81 1.4500 3.5100 1.6300 -4.4622 -1.3867 3.1722 4.30 -7.34 4.87 215 407 373 428 284 
-0.2100 0.3466 -0.4797 0.7783 146.75 15.38 79.81 -0.38 -3.48 -1.65 -2.6400 5.6900 -2.0900 -3.8611 -0.1511 2.1244 0.77 -9.63 -1.64 208 398 375 419 282 
-0.2203 0.3181 -0.7414 0.5483 134.56 -0.13 111.25 -1.08 -5.45 -7.10 -1.5300 3.7500 -3.6400 -1.1944 -0.6656 0.3889 -0.52 -8.69 -4.49 205 393 370 414 282 
-0.2437 0.3354 -0.7692 0.4864 127.12 -2.06 110.62 -1.88 -3.62 -10.79 -1.4400 6.1800 -5.7700 5.4344 1.4467 -0.7044 0.25 -9.77 0.68 223 411 393 445 291 
-0.2877 0.2534 -0.5856 0.7142 136.12 1.87 82.69 0.68 -13.71 10.76 -1.1000 0.9400 6.2400 -4.7978 -1.0667 -1.2044 0.96 -9.40 -2.62 217 400 375 431 283 
-0.1896 0.4014 -0.7488 0.4921 138.75 7.00 116.31 -3.85 -1.53 -21.39 -3.4300 9.0200 -9.1500 8.1667 1.8856 -0.4300 1.90 -9.56 1.02 230 415 398 449 292 
-0.2554 0.3115 -0.5300 0.7462 141.56 11.38 76.75 2.60 -11.53 6.35 0.5900 -0.4500 1.1100 -2.1989 -0.8289 -0.0500 2.02 -9.57 0.60 235 410 397 433 289 
-0.2618 0.3882 -0.5894 0.6583 131.69 11.13 89.50 2.35 -10.63 -2.06 1.1200 0.0400 -2.4900 2.3478 -2.3411 2.1733 0.44 -9.70 1.31 260 389 263 261 200 
-0.4751 0.2659 -0.5891 0.5972 97.25 -27.06 77.50 -13.96 -2.90 -2.08 0.8300 1.9700 -3.7800 1.1111 -2.8022 3.0167 -6.27 -6.78 3.28 256 251 223 214 155 
-0.6700 0.0016 -0.5181 0.5317 74.12 -43.94 40.81 -2.45 0.56 5.08 5.2200 5.2000 1.2000 2.3544 -2.2678 1.9378 -6.41 -2.36 7.02 253 243 218 213 155 
-0.8030 -0.1274 -0.3098 0.4930 60.63 -37.00 3.56 -12.50 -0.51 17.48 -5.7700 -0.4100 8.4100 -0.5067 -0.4489 0.3767 -5.47 -0.32 8.12 253 252 226 217 159 
-0.8381 -0.1116 -0.2707 0.4602 58.19 -33.50 5.37 -4.89 0.45 5.98 0.9200 1.0100 -2.9200 0.6589 -0.9800 -0.9111 -4.91 -0.83 8.44 251 276 233 233 175 
-0.8060 -0.1113 -0.1840 0.5515 74.75 -20.56 -2.12 -4.45 4.34 5.93 -1.7900 3.7700 -3.1200 3.4133 -3.2044 -4.1789 -1.39 2.30 9.42 260 362 318 321 247 
;
