0.7949 -0.0856 -0.5172 -0.3054 42.00 61.00 -21.75 8.57 1.73 4.45 -0.0500 0.0000 0.0800 0.0011 -0.0211 0.0033 8.58 1.76 4.39 185 346 336 368 210 
0.7941 -0.0862 -0.5184 -0.3054 42.06 61.13 -21.87 8.53 1.76 4.51 -0.0300 0.0100 0.1000 -0.0222 -0.0278 -0.0156 8.59 1.76 4.38 186 347 335 367 211 
0.7930 -0.0867 -0.5189 -0.3074 42.38 61.19 -21.87 9.55 2.54 5.45 1.9700 1.2500 1.7600 -1.0500 -0.4378 0.7356 8.71 1.17 4.33 183 339 330 343 213 
0.7992 -0.1856 -0.4660 -0.3312 48.19 52.31 5.37 7.12 2.10 9.82 -0.6600 3.0900 3.7000 -4.9533 2.9989 0.1956 5.51 -3.14 7.47 188 352 337 369 214 
0.7915 -0.3715 -0.0607 -0.4815 65.75 22.56 44.88 4.55 -3.82 2.75 1.5300 3.2500 -3.1400 -5.4156 2.1267 0.9189 2.38 -8.78 3.65 187 346 331 382 216 
0.6029 -0.5612 0.3135 -0.4725 79.19 5.19 86.44 -1.01 -6.74 -2.65 0.3200 2.2700 -2.4100 -4.0133 1.3267 1.1678 -0.06 -9.49 -2.44 145 341 328 382 214 
0.3978 -0.5795 0.5950 -0.3898 90.44 -1.12 115.69 -0.13 -6.27 -9.30 -0.6100 2.6300 -5.0800 0.6856 -0.0656 0.1578 -0.26 -8.90 -4.10 142 337 325 374 215 
0.4217 -0.5438 0.5887 -0.4242 91.31 -1.37 98.37 -0.34 -8.86 2.06 -0.3500 1.1900 5.9000 3.2211 0.0111 -1.1178 0.54 -9.62 1.79 161 363 339 404 223 
0.4799 -0.5073 0.4958 -0.5164 92.69 1.81 98.19 -2.16 -6.41 -8.90 -2.5300 2.9900 -8.2000 -2.1100 -0.6233 0.8844 -0.35 -9.14 -3.52 153 350 337 397 221 
0.4595 -0.5433 0.5518 -0.4349 88.56 -1.06 90.31 -1.33 -5.19 -0.05 -0.3900 5.8300 6.1500 5.5011 1.1856 -1.2444 0.50 -8.60 4.67 174 360 343 397 223 
0.5792 -0.3971 0.3320 -0.6298 93.19 8.81 63.94 2.80 -7.78 5.58 0.1500 0.8500 0.9100 -1.2633 -2.7422 0.4689 1.97 -9.02 3.28 190 359 335 386 220 
0.6489 -0.5725 0.1968 -0.4609 58.19 19.87 78.19 0.85 -6.28 -3.07 -2.9000 2.8200 -3.5900 -0.3856 -8.4933 -2.1311 4.94 -8.34 -1.46 203 364 331 387 222 
0.5684 -0.7411 -0.3475 -0.0830 7.56 28.81 122.81 3.59 -5.18 -5.57 3.1500 3.3500 0.4100 -3.7922 -3.6844 -0.5467 2.85 -5.32 -7.72 207 324 317 382 226 
0.2353 -0.7876 -0.5693 0.0132 107.25 14.50 163.06 2.94 0.27 -9.63 2.6300 1.7200 -3.0900 -3.2900 1.1078 -1.8011 3.22 0.36 -9.25 209 315 295 356 225 
0.0772 -0.7563 -0.6269 -0.1706 100.19 21.75 -174.62 6.09 1.14 -9.83 1.5000 0.5700 0.1300 1.0356 0.5122 0.0133 4.07 0.10 -8.91 211 326 297 364 226 
0.1566 -0.7378 -0.6360 -0.1634 97.81 26.75 177.56 3.61 -0.86 -8.95 -1.7400 -0.4000 -0.4000 1.6433 1.2311 -1.2022 5.09 -0.89 -8.33 205 324 312 368 225 
0.2997 -0.6530 -0.6762 -0.1627 51.38 46.88 161.75 7.11 -1.22 -8.84 0.2600 1.2400 -3.7100 3.6789 7.8344 -1.6000 9.58 -2.06 -0.10 206 360 345 397 224 
0.7726 -0.2679 -0.4807 -0.3167 43.50 53.88 1.69 1.17 1.21 5.15 -6.2000 0.4800 -0.8300 2.7222 4.1211 -0.5744 5.64 1.68 7.84 205 395 347 432 221 
0.8695 -0.0362 -0.3945 -0.2950 37.75 48.56 -11.63 9.99 0.38 5.09 2.1300 -1.1000 -1.3600 -0.6533 -0.7011 0.3378 7.80 0.80 5.88 180 379 339 412 220 
0.8459 -0.1002 -0.4360 -0.2902 37.75 52.81 -7.81 6.72 0.91 5.97 -1.0400 0.1500 0.1200 0.0400 -0.4800 0.0311 8.00 0.79 5.60 178 377 348 405 217 
;
0.8356 -0.1084 -0.4578 -0.2835 37.38 56.00 -7.87 8.24 0.69 5.40 0.0300 -0.0600 0.0100 -0.0544 -0.0422 0.0022 8.15 0.71 5.39 182 371 345 403 219 
0.8311 -0.1178 -0.4609 -0.2881 38.69 56.69 -6.94 8.29 0.63 5.35 0.0900 -0.0200 0.0300 -0.0844 -0.1133 0.0000 8.24 0.60 5.26 182 366 347 399 216 
0.8256 -0.1285 -0.4640 -0.2941 39.38 57.38 -6.31 8.10 0.75 5.62 -0.3300 0.2700 0.5500 -0.2222 -0.5222 0.2467 8.48 0.31 4.90 184 370 351 386 221 
0.7938 -0.2137 -0.4937 -0.2838 41.00 65.81 19.12 13.81 0.49 8.12 5.7300 1.7500 4.1300 -4.6422 1.2289 1.2978 8.44 -3.44 3.59 188 368 351 411 220 
0.7347 -0.4782 -0.2596 -0.4050 61.44 45.69 52.50 9.14 -2.73 1.47 3.2500 3.6000 -2.2500 -5.2456 3.6467 2.1000 4.50 -8.15 3.06 182 346 332 401 220 
0.6133 -0.6049 0.2220 -0.4568 73.69 11.31 83.81 2.33 -3.82 -4.68 0.5600 5.5400 -5.0600 -3.3122 3.8178 3.0200 -0.51 -9.65 -1.63 157 336 323 386 219 
0.4753 -0.5621 0.5596 -0.3808 77.62 -6.94 107.00 -3.88 -5.96 -8.80 -3.5100 3.3200 -6.9900 0.8478 -0.0378 -0.1589 -1.14 -9.38 -2.60 150 336 324 378 218 
0.5227 -0.4835 0.5106 -0.4820 88.19 -2.62 80.87 0.00 -3.31 12.65 1.5800 8.2400 25.6100 -0.2422 -1.3289 0.1878 -0.01 -9.31 3.06 142 340 330 396 221 
0.5447 -0.4960 0.4585 -0.4971 83.19 -1.19 92.56 -4.80 -7.04 -14.47 -5.0700 2.5200 -15.3800 0.9156 -0.0144 -0.2967 -0.16 -9.77 -0.82 148 334 325 397 223 
0.5327 -0.4822 0.4404 -0.5383 90.50 3.81 79.06 1.12 -8.48 14.35 -1.2900 -0.5700 8.7400 -2.1389 -6.6067 1.0522 0.47 -9.79 0.30 154 327 336 373 216 
0.6335 -0.6854 0.2498 -0.2580 31.75 2.69 95.25 -4.30 -8.61 -4.45 -4.3400 1.3600 -2.5100 0.5533 -7.2656 -1.8489 1.20 -9.66 -1.14 188 364 337 395 217 
0.6555 -0.7365 -0.1654 0.0225 351.94 12.94 100.50 -2.55 -5.34 -2.31 -4.1100 3.4300 0.0900 -2.1756 -4.2467 -2.3633 2.98 -8.36 -4.15 203 379 341 388 221 
0.4617 -0.7418 -0.4814 0.0692 345.37 20.94 133.31 4.10 -5.75 -6.74 0.4200 0.4100 -0.0400 -2.4011 -1.2011 -2.4656 3.90 -4.55 -7.75 201 362 335 382 225 
0.2423 -0.7187 -0.6503 -0.0428 95.50 21.62 169.75 6.58 1.73 -13.51 4.0200 1.1900 -5.4300 -2.7456 0.0733 -0.7267 3.72 0.84 -9.03 208 330 296 350 228 
0.1108 -0.7138 -0.6664 -0.1846 93.87 24.94 -175.62 3.79 0.34 -6.56 -1.3500 -0.1400 1.9800 0.3156 -0.0111 0.1322 4.28 0.33 -8.81 212 344 310 358 226 
0.1434 -0.7191 -0.6572 -0.1741 95.00 26.06 -179.06 3.75 -0.26 -10.16 -0.6200 -0.1300 -1.5600 1.8356 1.0722 -1.0078 4.91 -0.58 -8.46 208 348 318 346 228 
0.3010 -0.6294 -0.6938 -0.1787 57.25 50.75 164.94 7.59 -1.78 -7.16 -3.2600 -0.6600 -2.4900 4.0644 8.5911 -0.8478 9.60 -1.63 1.11 190 337 321 372 217 
0.7605 -0.2766 -0.4968 -0.3137 42.81 61.75 7.12 2.84 0.08 5.56 -5.4600 0.0000 0.3500 1.5889 0.9678 -0.4689 8.00 0.50 5.64 179 351 333 373 211 
0.8208 -0.1240 -0.4742 -0.2933 39.00 60.00 -8.25 9.20 0.77 4.30 -0.8500 -0.4200 -0.4500 0.5033 -0.2856 0.1089 8.65 0.82 4.53 179 354 331 381 213 
;
