0.6577 0.2845 0.1465 0.6819 267.94 11.31 -35.69 2.15 5.23 7.62 0.4100 -0.2900 -0.1700 0.0233 -0.2022 0.0489 2.05 5.60 7.77 177 348 360 386 228 
0.6583 0.2876 0.1416 0.6811 268.00 11.63 -35.56 1.26 5.44 7.77 -0.7800 -0.1400 -0.1200 -0.0533 0.0278 -0.0678 1.89 5.55 7.85 173 347 360 388 229 
0.6610 0.2833 0.1415 0.6803 268.25 11.50 -35.31 2.39 5.49 7.80 0.0000 -0.0800 0.1500 -0.0811 -0.1500 0.1389 2.16 5.46 7.84 180 329 343 379 231 
0.6527 0.2984 0.0925 0.6902 265.37 22.44 -29.81 11.55 9.39 15.70 4.0200 2.5700 8.2200 -4.0011 -1.1667 2.4100 5.40 1.51 8.03 160 309 290 316 215 
0.5877 0.2310 -0.2421 0.7366 254.37 39.13 18.31 6.06 1.46 9.99 -0.6100 5.8100 1.5300 -5.7544 0.1367 3.6222 5.04 -6.55 5.26 143 290 266 288 204 
0.4352 -0.0878 -0.5703 0.6911 242.44 16.19 78.12 1.40 -1.41 -2.85 -0.3600 7.8300 -3.6700 -4.6789 0.7822 2.8911 0.32 -9.60 -1.94 141 279 254 272 199 
0.2581 -0.3999 -0.7181 0.5077 233.00 -3.00 113.56 -3.62 -4.66 -11.40 -3.5500 4.0000 -8.0200 0.7756 0.5433 -0.2967 -0.31 -9.06 -3.73 133 272 261 286 204 
0.3365 -0.4074 -0.6726 0.5181 253.62 4.94 95.62 7.05 -4.88 20.28 5.0400 5.0200 25.4100 -0.3433 -1.1022 -0.2822 1.34 -9.71 -0.20 149 301 300 317 221 
0.3657 -0.3896 -0.6775 0.5054 249.37 4.94 110.06 -1.26 -4.16 -9.66 -3.2300 4.8600 -7.1900 -2.2844 -0.5400 0.5511 0.30 -8.28 -5.24 138 287 277 301 217 
0.2695 -0.4301 -0.7488 0.4262 250.31 5.12 111.56 -3.03 -3.87 -7.17 -3.2300 5.1200 0.8500 7.2356 2.4267 -2.1422 2.67 -9.22 1.98 162 312 320 365 226 
0.5641 -0.2493 -0.5576 0.5557 271.12 22.56 75.87 6.97 -8.46 2.62 2.6900 0.3700 0.1300 -0.8344 -1.6422 -0.2389 4.20 -8.78 1.13 173 320 300 367 229 
0.4836 -0.1837 -0.6559 0.5496 254.31 25.50 87.81 4.44 -7.42 -2.96 -0.5600 -0.5000 -6.6000 1.4989 -10.3833 -0.3900 4.00 -8.80 -1.64 162 303 182 175 121 
-0.0220 0.3262 -0.7258 0.6052 165.62 20.75 107.06 6.52 -9.24 -1.89 2.4900 -0.4400 1.4400 2.4244 -4.9444 -1.7822 3.65 -8.76 -2.46 158 385 178 170 123 
-0.2946 0.6168 -0.4807 0.5493 117.06 23.56 103.50 7.56 -7.00 -1.18 1.5500 -0.6200 1.8000 1.2933 -1.5611 -0.6289 4.12 -8.73 -1.70 176 419 179 172 123 
-0.3839 0.6859 -0.3488 0.5105 105.31 26.31 101.81 5.88 -8.47 -4.06 1.8900 -0.2500 -3.1500 2.0678 2.0022 -0.7267 4.91 -8.48 -0.31 181 408 186 183 128 
-0.4153 0.6168 -0.2751 0.6094 108.19 30.56 88.06 6.38 -7.25 1.42 -1.9500 0.4500 -0.6700 -1.8222 1.2911 0.1367 4.76 -8.56 -0.32 173 415 195 178 133 
-0.3769 0.6264 -0.3265 0.5991 115.75 31.50 86.69 9.11 -6.47 4.75 2.9500 2.8900 2.8000 -0.9256 2.7833 -0.2344 5.21 -8.28 0.56 171 407 203 188 140 
-0.3066 0.5941 -0.3618 0.6498 135.37 34.94 91.50 5.50 -6.42 0.10 -0.3000 0.2700 -1.2500 -0.7522 3.0811 -2.6044 7.09 -6.76 0.08 131 354 349 404 233 
-0.0619 0.5695 -0.3701 0.7314 175.19 54.13 79.50 9.39 -7.98 0.80 -2.1200 -1.0500 -1.1800 -1.5644 -2.9278 0.6333 7.91 -5.77 -0.47 94 181 184 180 139 
0.0159 0.6137 -0.3940 0.6841 184.00 63.38 97.75 10.23 -0.82 -4.57 0.3500 3.9900 -3.4800 3.5933 1.2122 -3.0544 9.53 -2.24 0.50 101 181 174 180 128 
-0.0060 0.6738 -0.1042 0.7315 173.31 80.75 64.75 12.82 11.13 27.77 6.9900 1.8700 28.1200 -0.2833 -0.9311 0.7933 9.61 -1.94 -0.03 110 182 178 181 126 
-0.0873 0.6984 -0.1083 0.7020 168.69 72.44 90.12 11.71 3.86 0.25 3.0200 6.6500 -2.4600 -3.8633 1.2633 0.5511 9.20 -3.37 -0.13 109 184 181 188 129 
0.0575 0.6510 -0.3065 0.6921 192.00 69.81 96.87 5.87 -7.39 -10.82 -3.4300 -4.7200 -9.9100 2.4422 0.1144 -0.9622 9.44 -2.64 -0.01 107 178 175 182 129 
0.1127 0.6652 -0.2922 0.6778 200.50 75.25 98.12 7.68 -4.58 -0.21 -2.2700 -1.3100 0.8100 -0.5089 0.3978 0.3511 9.42 -2.71 0.08 109 189 187 188 136 
0.1418 0.6160 -0.3419 0.6954 203.75 71.87 90.37 4.23 -2.24 3.49 -4.6200 1.0900 3.0600 -2.3333 3.5533 -0.3556 9.24 -2.79 1.71 139 260 238 232 173 
0.3367 0.4307 -0.3272 0.7708 233.50 50.44 9.63 4.88 0.16 4.30 -1.9100 -0.1700 -2.8100 4.7533 6.6389 -4.9444 2.28 3.85 8.72 189 401 356 405 233 
;
