-0.1093 0.2280 0.1589 0.9544 167.37 28.06 -16.75 4.57 2.50 7.92 0.0200 -0.0200 -0.2500 0.0133 -0.1600 -0.0122 4.72 2.52 8.21 183 399 367 433 225 
-0.0929 0.2402 0.1575 0.9534 168.87 29.25 -16.94 4.88 2.51 8.15 -0.1300 0.0100 -0.1100 0.0178 0.0333 -0.0044 4.78 2.50 8.18 183 400 372 428 226 
-0.0860 0.2422 0.1564 0.9537 169.62 29.19 -17.25 5.73 2.45 8.92 1.4100 -0.0500 1.2700 0.6489 0.7122 0.0933 4.57 2.73 8.23 185 352 359 398 232 
-0.0908 0.2656 0.0982 0.9548 169.31 38.06 -1.62 14.44 -0.04 14.65 4.9200 -0.4000 6.7500 -4.1711 -1.6000 3.1922 6.73 -3.40 6.26 168 331 334 385 227 
-0.1678 0.4220 -0.2643 0.8508 153.87 34.19 60.56 5.66 -0.16 4.54 -0.1600 8.1000 0.2900 -4.2100 -0.1800 4.1744 2.62 -9.41 0.77 152 333 325 352 218 
-0.2625 0.3708 -0.6391 0.6206 131.75 3.06 101.06 -1.41 -4.26 -4.88 -1.8600 4.3900 -3.3400 -1.4889 0.1844 1.4878 -0.61 -9.18 -3.37 156 331 316 346 216 
-0.2523 0.3110 -0.7731 0.4919 125.44 -5.19 113.25 -3.14 -5.89 -9.48 -3.7100 3.7300 -7.1900 1.6311 0.3500 -0.2189 -0.62 -9.41 -2.67 156 332 321 358 220 
-0.2496 0.2598 -0.6768 0.6420 142.56 1.75 83.37 3.96 -1.73 23.68 3.0900 6.0400 24.1300 -3.1744 -2.5433 1.3444 -0.03 -9.78 0.67 162 360 340 377 224 
-0.2650 0.2733 -0.7042 0.5994 128.06 -3.62 105.25 -7.28 -6.30 -20.43 -6.1500 3.0000 -19.8100 2.5089 0.3833 -1.9478 0.23 -9.48 -2.47 167 345 331 366 223 
-0.2422 0.2752 -0.6005 0.7107 144.50 5.94 70.31 3.74 -3.46 23.02 3.7400 4.6200 19.1900 0.7989 -2.0067 -0.0056 1.58 -8.47 4.67 169 353 268 242 174 
-0.3264 0.3245 -0.4426 0.7696 126.12 14.81 67.81 2.15 -14.54 -1.89 1.9700 -2.7300 -9.3600 5.3311 -8.3867 1.5433 3.96 -7.66 4.65 174 270 170 167 116 
-0.7155 0.4081 -0.0266 0.5665 75.62 25.00 36.06 3.36 -4.57 7.84 -1.0500 0.7600 0.1400 3.0589 0.4789 0.4311 3.71 -3.21 8.48 160 195 170 170 121 
-0.8080 0.1937 0.0886 0.5493 66.19 19.94 9.50 3.69 1.36 8.78 0.3500 2.6000 -0.2300 1.2178 0.4944 1.5100 2.89 -0.76 9.33 168 208 175 175 124 
-0.8778 0.0950 0.1086 0.4568 53.44 15.06 4.12 1.54 2.70 9.82 -1.0600 3.2400 0.0900 -0.5900 0.4778 0.4556 2.15 -1.13 9.49 168 201 179 180 125 
-0.8828 0.1129 0.0453 0.4537 56.25 9.25 10.44 5.19 1.34 9.24 5.7600 3.5400 -0.1000 -2.4267 2.3644 -2.5756 0.75 -2.99 9.30 144 193 176 179 128 
-0.7910 0.1740 -0.1096 0.5762 74.12 0.31 26.81 1.18 -4.00 7.99 1.1100 -0.3900 -0.2600 -0.9233 0.8111 0.1000 -0.55 -5.20 8.29 144 201 186 182 130 
-0.7705 0.2081 -0.2117 0.5641 73.56 -7.00 35.38 -6.59 -7.93 6.88 -3.6900 -0.5800 -0.5800 0.2544 -0.7111 -0.2011 -1.06 -5.76 7.85 147 211 184 185 133 
-0.7579 0.2209 -0.2158 0.5746 72.94 -2.69 36.13 -1.84 -3.65 6.87 -2.1800 1.6900 -1.0800 -0.9978 -1.4400 -0.2544 0.46 -6.30 7.49 161 270 219 221 167 
;
-0.7558 0.3331 -0.1428 0.5453 73.06 12.94 42.00 3.27 -4.35 5.43 1.8600 2.6800 -0.3200 0.6511 0.1833 -2.9344 3.84 -5.44 7.19 173 273 271 275 202 
-0.6614 0.3518 -0.0210 0.6621 93.19 28.81 32.00 9.02 -3.17 10.88 4.3600 1.5500 4.1400 -1.7856 1.1144 -1.7544 5.02 -4.63 7.02 176 318 324 383 220 
-0.5052 0.3381 -0.1680 0.7760 122.00 13.00 48.06 0.40 -9.95 9.70 0.1300 -0.5500 1.8400 -5.5667 1.5367 -0.5644 1.31 -9.38 2.51 158 348 340 407 223 
-0.2466 0.3077 -0.6309 0.6682 140.25 4.81 94.50 2.31 -5.13 -2.57 1.7300 4.6300 -1.6300 -4.1144 0.6833 0.9811 0.29 -9.01 -3.83 157 332 336 352 217 
-0.1631 0.2771 -0.8260 0.4630 139.94 -1.56 123.00 -1.94 -5.26 -10.84 -1.8200 2.6000 -5.8700 0.9856 0.2200 -0.2756 -0.19 -8.38 -5.08 147 346 336 356 219 
-0.1760 0.2715 -0.7891 0.5220 145.94 2.12 104.37 -1.35 -4.06 -3.93 -1.0800 4.2800 8.0200 6.9233 3.1156 -0.4778 0.78 -9.44 2.50 150 349 341 358 219 
-0.1259 0.1927 -0.6138 0.7551 161.87 10.00 85.87 3.06 -6.20 -3.64 0.6800 3.5000 -5.5500 -3.0300 -1.1489 0.0133 1.85 -9.45 -1.81 143 348 320 327 212 
-0.1216 0.2717 -0.7014 0.6476 160.00 10.50 90.37 0.01 -5.86 4.17 -1.6200 4.3300 10.0300 3.2333 1.2489 -0.2578 1.77 -9.22 2.82 152 361 336 367 217 
-0.1095 0.1981 -0.5513 0.8030 164.81 12.31 71.31 3.58 -9.38 2.15 1.2300 -0.2300 -1.2500 -0.0289 -0.5611 0.4656 2.03 -9.12 2.96 159 358 336 395 223 
-0.1973 0.2562 -0.5137 0.7947 146.87 12.06 67.87 4.31 -12.28 0.96 3.3700 -3.0900 -6.3300 7.0389 -8.1778 2.9967 3.13 -7.00 6.10 166 259 200 193 148 
-0.6534 0.3560 -0.0241 0.6676 82.62 26.75 26.56 6.30 -2.44 8.47 1.7300 1.4400 0.2000 2.5656 -0.1100 2.1222 4.08 -2.79 8.46 155 266 187 182 133 
-0.8319 0.2065 0.1179 0.5014 57.88 22.94 12.38 5.24 1.51 8.22 0.8300 4.1600 -0.4000 1.8433 0.0567 2.1922 3.51 -1.39 9.04 136 267 189 180 132 
-0.9158 0.1141 0.1349 0.3607 40.94 18.31 5.75 0.90 3.00 9.14 -2.3700 3.7600 -0.1800 0.0033 0.4322 0.3333 2.64 -0.92 9.39 138 213 190 184 133 
-0.9256 0.0953 0.0912 0.3549 44.88 10.81 7.50 3.77 0.96 10.36 2.3400 2.5500 0.9300 -1.3456 1.2178 -1.4022 1.46 -1.90 9.50 135 202 190 185 136 
-0.8752 0.1392 -0.0146 0.4631 59.25 4.00 17.44 2.29 -2.32 8.03 1.6300 0.3200 -0.6400 -1.3667 0.8478 -1.2956 0.28 -3.86 9.00 129 203 192 189 138 
-0.8107 0.1879 -0.1196 0.5413 67.87 -0.50 26.56 -1.02 -7.35 7.18 -1.5300 -2.7000 -1.4000 0.0400 -0.1211 0.3656 -0.25 -4.49 8.71 133 202 197 193 143 
-0.8033 0.1910 -0.1601 0.5409 68.00 -2.62 29.37 -0.04 -3.77 8.09 0.6100 1.4300 -0.4300 -0.3578 -0.3978 0.3033 -0.23 -5.01 8.42 146 223 211 211 167 
;
