0.7109 0.1712 -0.3051 -0.6101 81.31 12.75 -39.13 2.05 6.04 7.65 0.0100 0.0700 0.0800 -0.0278 -0.0922 -0.0444 2.16 6.02 7.42 181 331 344 389 222 
0.7083 0.1675 -0.3073 -0.6130 81.81 13.63 -39.19 2.85 6.13 7.24 0.5100 0.0900 -0.1500 -0.0367 -0.0089 0.0144 2.37 6.01 7.37 180 335 339 382 223 
0.7067 0.1611 -0.3119 -0.6143 82.06 14.13 -38.88 2.31 6.49 7.89 -0.2900 0.5500 0.3900 -0.7933 -0.6067 0.1378 2.71 5.58 7.59 186 340 338 368 221 
0.7078 0.0757 -0.3067 -0.6318 84.44 24.56 -28.62 0.52 3.02 5.40 -5.6500 -1.1100 -3.5300 0.2033 -13.8922 1.6089 8.95 3.24 2.33 207 334 311 290 209 
0.3640 -0.4178 -0.7390 -0.3832 93.25 47.75 -161.69 9.49 0.84 -7.29 1.3900 -0.7300 -1.9700 0.3889 -3.2744 0.3700 4.93 1.38 -8.36 210 283 268 282 212 
0.1589 -0.5515 -0.8060 -0.1448 70.87 23.56 179.44 10.82 -1.95 -13.94 5.7800 -1.0400 -4.4300 3.0044 0.5767 2.7267 3.56 -2.64 -8.74 214 306 292 319 225 
0.2995 -0.6376 -0.7039 0.0907 315.50 18.75 133.00 0.08 -1.84 -2.57 -4.2200 6.0800 4.1400 5.6633 2.5411 2.1067 2.97 -9.28 -1.07 216 415 361 432 227 
0.6353 -0.5222 -0.4653 0.3275 305.44 13.13 87.62 -0.64 -3.18 0.85 -2.0900 5.1600 0.2100 -0.0178 0.2456 -0.2011 2.26 -9.53 0.46 214 413 364 433 227 
0.6501 -0.5349 -0.4424 0.3092 309.94 14.63 88.37 2.18 -8.17 -0.25 -0.4300 1.3200 -0.4400 -0.2789 -0.0767 -0.4422 2.77 -9.40 0.03 214 414 360 428 227 
0.6490 -0.5287 -0.4756 0.2703 316.31 21.94 91.81 1.37 -4.32 -0.28 -3.2500 4.6900 0.1900 -0.6856 0.3567 -3.7000 6.07 -7.66 -0.65 207 334 290 304 217 
0.7155 -0.3878 -0.5807 0.0230 9.94 64.19 74.06 11.44 -2.46 0.30 3.1800 1.0000 -1.8500 -0.3233 5.9989 -6.2289 8.55 0.13 4.79 195 328 318 317 217 
0.8303 -0.0515 -0.4056 -0.3787 53.19 36.63 -23.62 5.12 4.99 11.47 -0.2700 1.0700 3.8200 0.7511 2.7144 -2.8456 3.48 4.59 7.93 192 333 322 340 219 
;
0.8013 0.1036 -0.2849 -0.5157 66.31 19.62 -29.19 3.38 5.34 8.58 -0.6900 0.3800 0.2800 -0.5933 0.2411 -0.3567 2.97 4.30 8.29 195 349 322 346 214 
0.7909 0.0881 -0.2677 -0.5432 69.19 19.81 -26.94 4.10 4.41 8.91 0.6200 0.0300 0.5400 -0.3944 -0.7044 0.1222 3.77 3.95 8.13 198 345 325 337 204 
0.7793 0.0483 -0.2930 -0.5518 71.00 24.19 -25.87 4.52 4.23 7.91 0.3300 0.2400 -0.2000 -0.0967 -0.4644 0.0022 4.33 3.85 7.91 198 342 325 340 204 
0.7679 0.0283 -0.3129 -0.5582 72.00 26.75 -26.19 4.48 4.23 8.18 -0.4500 0.7900 1.0600 -0.0978 -0.6889 0.1933 4.71 3.76 7.72 198 339 329 340 209 
0.7549 -0.0350 -0.3364 -0.5620 74.94 36.13 -19.69 6.11 3.08 8.79 -1.6800 -0.2800 1.1600 -3.3200 -4.5900 -0.3144 8.13 0.97 5.39 195 301 271 301 209 
0.5402 -0.4221 -0.4979 -0.5312 91.25 81.56 -149.75 11.64 0.57 -6.31 2.6900 -1.2700 -4.5700 0.6311 -7.9689 0.4189 7.14 0.34 -6.70 202 314 275 312 217 
0.2063 -0.6582 -0.7040 -0.1692 87.75 26.06 172.19 8.54 -1.75 -15.63 5.3000 1.5000 -6.6100 5.2933 -0.2933 2.3956 3.31 -5.53 -7.38 210 388 301 378 224 
0.5138 -0.6260 -0.5581 0.1806 318.94 19.37 103.81 -1.67 -0.87 2.33 -4.7900 8.4800 4.1500 1.6256 1.1722 0.4711 2.78 -9.40 -0.23 213 410 363 430 224 
0.6656 -0.5718 -0.4186 0.2341 322.69 17.44 90.06 2.02 -6.25 -0.36 -0.6000 2.6000 -0.4000 -0.1300 0.0344 -0.3867 3.23 -9.25 -0.08 212 409 363 426 225 
0.6727 -0.5657 -0.4321 0.2018 327.50 21.87 91.19 3.28 -5.90 0.46 -0.7300 2.7300 0.9100 0.1578 -0.7278 -1.4578 4.70 -8.60 -0.32 205 354 334 330 220 
0.6863 -0.4960 -0.5160 0.1292 346.44 41.13 89.56 5.60 -4.27 -0.19 -1.1800 2.4500 -0.3300 0.0844 2.6722 -4.8233 8.42 -4.76 1.54 204 329 317 320 217 
0.7659 -0.3231 -0.5170 -0.2040 39.94 69.25 26.19 12.77 -0.92 3.53 2.9700 -0.8900 0.0100 0.1678 5.4211 -5.5244 7.37 2.01 6.14 195 333 324 333 219 
0.7506 -0.0396 -0.3685 -0.5470 74.50 30.94 -27.56 3.05 4.40 9.31 -1.8200 0.4400 1.4800 1.1289 1.4067 -1.7711 3.37 5.08 7.67 192 331 308 301 214 
;
0.7208 0.1267 -0.2722 -0.6248 81.75 10.88 -28.62 0.14 4.55 10.75 -0.7700 -0.3000 0.0400 0.0278 -0.8433 -0.0700 2.10 4.28 8.56 192 319 277 281 208 
0.7186 0.0934 -0.2354 -0.6477 84.19 12.56 -26.69 2.85 4.68 8.99 0.5100 0.2600 0.2300 0.0111 -0.1522 -0.0578 2.23 4.28 8.53 194 320 269 297 219 
0.7087 0.0518 -0.2406 -0.6612 87.94 18.37 -20.44 1.39 3.46 10.88 -2.9300 0.1500 1.2300 -2.7444 -7.4267 -0.0922 6.66 1.45 7.03 198 314 278 327 219 
0.5446 -0.3892 -0.4198 -0.6129 95.62 85.31 -3.75 15.01 -1.13 -4.71 5.8900 -1.1800 -2.5100 1.2467 -7.4089 2.0933 7.75 -1.13 -5.89 202 329 294 338 227 
0.3392 -0.6891 -0.6207 -0.1575 96.81 34.50 152.81 8.28 -4.42 -10.83 3.2500 0.3600 -3.3600 5.8556 2.2478 1.8689 5.15 -6.95 -4.60 211 405 351 419 227 
0.6232 -0.6090 -0.4839 0.0813 343.25 27.75 97.37 0.57 -2.15 -0.64 -3.4900 6.7600 -0.0600 0.9744 0.2489 1.1367 3.70 -9.08 -0.09 211 412 365 428 227 
0.6990 -0.5877 -0.3807 0.1451 336.87 21.31 88.37 3.03 -6.29 0.90 -0.2700 2.3800 0.6100 0.0033 0.0978 -0.2489 3.71 -9.06 0.29 217 413 360 419 227 
0.7054 -0.5818 -0.3845 0.1266 340.50 24.12 88.50 2.98 -6.03 0.33 -1.1600 3.3200 0.2200 0.0178 -0.3178 -1.3444 4.91 -8.48 0.13 206 348 325 323 219 
0.7155 -0.5297 -0.4535 0.0423 358.75 41.13 86.62 4.51 -3.81 -0.36 -2.3000 2.4100 -1.4500 0.5667 4.3856 -5.6656 8.46 -3.90 3.03 196 321 305 316 215 
0.7910 -0.2802 -0.4023 -0.3661 58.13 51.81 -0.13 11.15 1.72 7.51 3.7000 0.6200 0.9400 1.8100 5.0444 -3.8367 4.51 3.09 8.13 192 322 312 322 216 
0.7691 0.0862 -0.2585 -0.5781 74.19 14.13 -30.00 0.73 7.02 11.52 -2.0100 2.0100 3.6100 0.9433 0.6589 -0.4644 1.67 5.50 7.94 194 319 302 308 213 
;
0.7536 0.1777 -0.2197 -0.5935 77.06 6.50 -30.75 -0.33 4.91 9.33 -1.4400 -0.0600 0.4100 0.2356 -0.9522 -0.1889 1.58 5.08 8.23 194 325 297 313 217 
0.7290 0.1414 -0.2587 -0.6177 81.19 13.19 -32.69 2.46 5.54 8.14 -0.1200 0.4200 0.1700 -0.0311 -1.5922 0.1089 3.21 5.08 7.74 192 332 313 336 221 
0.6882 0.0273 -0.3293 -0.6458 88.69 29.12 -27.00 5.49 4.62 8.48 -0.6900 1.1400 1.0100 -4.3000 -6.0022 0.2878 7.86 1.64 5.62 198 309 286 320 221 
0.4633 -0.4569 -0.4766 -0.5912 105.75 75.44 -147.44 14.01 0.25 -9.72 6.3600 0.0000 -3.9700 0.9800 -7.0200 1.0633 6.30 0.48 -7.49 202 322 291 327 222 
0.1926 -0.7209 -0.6401 -0.1829 98.19 26.94 172.75 6.52 -1.76 -12.37 2.3200 0.5600 -2.7500 4.6300 -0.1722 1.5578 3.71 -4.63 -7.80 214 395 314 377 229 
0.4329 -0.7014 -0.5631 0.0593 341.44 24.56 123.50 1.19 -3.33 -0.63 -3.2700 3.9100 2.3300 1.2067 0.5000 0.8678 3.85 -8.29 -3.54 213 406 347 414 228 
0.5681 -0.6684 -0.4677 0.1089 337.94 22.56 110.87 2.84 -5.42 -2.08 -0.7000 2.2900 0.9600 -0.1678 0.2022 -0.3756 3.99 -8.35 -3.22 212 404 358 411 228 
0.5682 -0.6642 -0.4773 0.0905 342.87 25.56 112.19 3.31 -5.92 -2.87 -1.6100 2.6100 0.9400 0.7078 0.2111 -1.2467 5.09 -7.89 -2.82 205 348 316 314 222 
0.6376 -0.5829 -0.5035 -0.0136 16.00 50.25 96.06 7.26 -4.72 -1.12 -0.8300 0.2200 -1.7700 0.9756 8.3167 -6.4711 8.44 -2.12 4.51 200 317 311 320 215 
0.7772 -0.1613 -0.2889 -0.5353 75.62 27.31 -11.13 2.32 3.89 11.24 -1.3500 1.5000 2.8900 1.8189 1.4156 -1.4200 2.66 3.34 8.82 195 319 315 329 217 
;
0.7280 0.0682 -0.2221 -0.6451 84.31 12.44 -24.25 2.45 5.00 10.41 0.0100 1.3500 1.9300 -0.1933 0.8322 -0.4078 1.42 4.02 8.82 196 314 310 320 219 
0.7084 0.0953 -0.1792 -0.6760 87.69 7.12 -22.12 0.04 3.60 8.76 -0.9900 0.1300 0.0000 -0.0300 -0.0089 -0.0167 1.22 3.67 9.00 195 314 309 320 220 
0.7041 0.0918 -0.1809 -0.6805 88.00 7.69 -22.37 0.82 4.03 9.09 -0.5400 0.3100 0.2300 0.0978 -0.3500 -0.1178 1.46 3.79 8.92 195 323 309 329 224 
0.6831 0.0626 -0.2103 -0.6965 92.44 14.50 -21.19 1.95 4.54 10.35 -1.0800 1.3300 1.3700 -2.1389 -5.5056 -0.2789 5.38 2.16 7.90 202 310 287 313 213 
0.5229 -0.3484 -0.3933 -0.6712 105.87 77.94 -53.63 15.46 2.56 -6.70 7.6300 1.0900 -3.4400 1.2267 -7.5244 1.0856 8.12 0.80 -5.43 210 313 297 314 217 
0.2532 -0.6723 -0.6464 -0.2572 93.19 37.38 175.62 8.83 -2.00 -9.50 4.6000 -1.0500 -2.6500 3.1678 -1.2278 1.6956 4.60 -2.92 -8.15 210 376 337 348 226 
0.3764 -0.6945 -0.6132 -0.0103 354.06 29.12 134.81 4.26 -2.53 -2.23 -1.5300 4.7800 2.8500 2.7656 2.4144 1.5367 4.70 -7.88 -3.45 211 408 357 402 228 
0.5862 -0.6470 -0.4797 0.0879 343.31 26.37 108.25 2.50 -4.48 -1.45 -1.1200 3.3700 0.9200 -0.1278 -0.0933 -0.0300 4.41 -8.30 -2.77 214 409 362 403 224 
0.5903 -0.6505 -0.4721 0.0742 346.06 27.62 109.50 5.21 -7.49 -2.76 0.7700 0.6900 0.0500 -0.0767 -0.0456 -0.1478 4.64 -8.09 -3.00 209 406 353 382 223 
;
0.5901 -0.6445 -0.4822 0.0613 349.37 30.44 109.44 4.64 -6.44 -1.87 -0.1600 2.1200 1.1400 0.1656 1.1211 -1.7589 6.23 -7.25 -2.17 200 333 295 312 217 
0.6787 -0.5536 -0.4625 -0.1376 36.94 56.94 74.25 4.67 -4.67 0.11 -4.1500 -0.5800 -2.6100 1.1089 6.9278 -4.9722 7.24 -1.89 6.33 193 312 307 318 220 
0.7551 -0.1879 -0.2272 -0.5856 79.87 26.56 -4.50 2.70 2.65 10.50 -0.6000 2.1700 2.3500 2.1567 1.5456 -1.4011 2.73 2.64 9.03 194 318 315 334 217 
0.7000 0.0422 -0.2183 -0.6786 89.25 13.25 -23.19 1.09 4.21 9.94 -1.0300 0.2300 1.1700 1.0456 -0.2011 -0.4122 2.14 4.41 8.49 191 330 319 335 218 
0.6756 0.0962 -0.2419 -0.6898 92.12 10.81 -26.87 1.39 4.23 8.63 -0.3000 -0.1400 -0.0400 0.0156 -0.3156 -0.1289 2.03 4.25 8.59 192 323 306 321 219 
0.6630 0.0766 -0.2327 -0.7073 93.81 11.38 -25.94 0.92 4.52 8.33 -1.2800 0.2000 -0.4100 -0.1756 -0.0644 -0.0633 1.94 4.15 8.66 197 328 302 322 219 
0.6516 0.0638 -0.2315 -0.7196 96.19 12.94 -24.62 1.05 4.08 9.25 -1.6000 0.2300 0.4900 -0.9867 -1.4533 -0.1111 2.95 3.48 8.67 192 318 305 326 220 
0.6125 -0.0653 -0.2628 -0.7427 102.19 31.00 -18.75 5.51 1.43 6.86 -0.0900 -1.4100 -1.2400 -0.0022 -7.2600 0.6733 8.78 1.91 3.92 198 328 304 318 218 
0.4518 -0.4932 -0.5404 -0.5104 86.81 73.81 178.37 18.94 -3.52 -5.18 8.6300 -1.0400 -0.5400 3.2933 -2.3833 4.4189 7.81 -3.84 -4.50 203 394 336 375 221 
0.5403 -0.6438 -0.5389 -0.0557 357.87 34.69 115.44 1.78 -0.40 -0.26 -3.6800 7.2300 2.5800 2.2011 0.8800 1.7633 4.27 -8.67 -1.63 209 418 366 423 225 
0.6528 -0.6299 -0.4112 0.0900 344.81 25.25 98.06 3.66 -6.12 -0.79 -0.5100 2.3600 0.3700 -0.3956 0.2222 -0.3267 4.43 -8.63 -1.38 212 415 375 423 223 
0.6452 -0.6360 -0.4193 0.0590 350.69 28.56 101.06 4.03 -6.63 -1.08 -0.5000 1.9500 0.7500 -0.4022 0.0133 -1.0056 5.26 -8.05 -1.88 202 381 349 362 220 
;
0.6216 -0.6263 -0.4705 -0.0025 7.00 40.44 109.19 6.33 -4.84 -2.04 0.2100 1.6000 -0.3700 -1.5489 3.8389 -3.6744 8.48 -4.80 -1.03 192 326 310 311 216 
0.6556 -0.4710 -0.4377 -0.3959 72.12 67.94 22.00 10.23 -0.90 2.64 -0.9600 -0.5400 -1.3900 0.7167 5.9667 -3.3256 6.58 1.08 7.18 195 309 303 309 213 
0.6567 -0.1453 -0.2964 -0.6780 93.19 32.56 -18.50 6.47 3.97 9.94 1.0500 0.8300 2.2500 0.2244 3.1678 -1.5989 3.07 3.53 8.61 190 300 306 314 213 
0.6310 0.0377 -0.2142 -0.7446 100.25 10.63 -22.19 1.58 3.14 10.13 0.1700 0.1200 1.6900 -0.0267 0.8067 -0.3333 1.22 3.65 9.01 187 300 294 300 212 
0.6184 0.0729 -0.1604 -0.7659 102.25 4.81 -19.37 0.14 2.55 10.03 -1.0700 -0.6200 0.7700 0.4633 -0.6111 0.0756 1.16 3.47 9.09 188 318 304 310 210 
0.6143 0.0557 -0.2085 -0.7590 102.00 12.06 -24.19 2.14 5.63 13.41 -1.0800 0.9700 5.2400 -1.8022 -3.9756 0.9122 4.31 2.97 8.28 190 317 320 320 213 
0.5627 -0.2834 -0.3419 -0.6972 99.62 69.00 -9.56 14.34 -1.43 -1.36 3.5900 -1.9700 -3.3500 0.2089 -8.9056 3.9644 8.58 -2.65 -3.92 200 339 244 331 226 
0.4414 -0.7169 -0.5244 -0.1273 9.13 34.06 129.56 4.76 -1.04 -4.64 -1.1500 5.5600 2.1800 4.0778 1.2722 2.2444 4.39 -8.51 -2.07 211 406 363 396 224 
0.6654 -0.6262 -0.3932 0.1022 343.19 22.44 93.31 1.40 -3.90 0.48 -2.2700 4.9400 0.7500 0.2733 0.3244 -0.3233 3.85 -9.01 -0.10 204 410 360 396 223 
0.7003 -0.6102 -0.3638 0.0696 351.19 26.87 91.06 3.25 -5.26 0.02 -2.0000 3.6000 0.0000 -0.9411 1.4267 -1.8222 5.52 -8.09 -0.30 197 359 341 348 220 
0.6921 -0.5947 -0.3911 -0.1196 30.94 50.06 87.44 7.59 -3.46 -0.81 -0.0300 1.8000 -1.4300 -0.6111 4.0167 -5.1733 8.97 -2.70 2.87 193 333 321 350 222 
;
0.6852 -0.3289 -0.3441 -0.5513 82.69 44.75 -2.19 4.67 0.81 9.66 -1.6200 -0.0300 2.1200 1.7233 5.5500 -2.1311 2.92 2.19 9.10 192 341 340 367 221 
0.6757 0.0193 -0.2068 -0.7073 94.19 12.81 -21.75 1.98 4.11 10.18 -0.0100 0.6000 1.8700 0.1822 2.3478 -0.9067 0.28 4.04 8.92 196 368 352 403 209 
0.6472 0.1196 -0.1434 -0.7391 98.19 0.88 -20.81 -0.54 2.33 10.12 0.1600 -1.1400 0.9000 0.2356 -0.4711 -0.1278 0.42 3.55 9.12 191 372 360 419 213 
0.6364 0.1026 -0.1660 -0.7462 98.81 4.56 -22.87 0.30 5.03 12.89 -0.6100 1.6800 4.5300 -1.8022 -3.6356 0.5900 2.82 3.08 8.86 189 353 339 332 220 
0.6039 -0.1450 -0.2381 -0.7467 104.00 41.50 -7.75 5.54 -1.03 3.56 -2.2800 -1.4600 -2.8500 -0.6478 -8.4811 0.3544 9.55 0.12 2.21 194 293 266 282 187 
0.4053 -0.6094 -0.4564 -0.5060 97.75 69.06 167.94 11.34 -1.37 -8.45 4.0800 -0.3700 -3.8400 2.2278 -4.8800 1.3722 6.52 -2.81 -6.76 203 359 305 333 221 
0.4241 -0.7097 -0.5612 -0.0386 355.69 31.81 122.19 4.57 -0.51 0.76 0.7600 7.4800 2.7800 3.6411 2.7522 1.9678 4.26 -8.81 -0.45 212 418 364 427 225 
0.7177 -0.5714 -0.3765 0.1290 340.37 22.56 84.87 0.98 -3.36 2.31 -1.8000 4.8800 1.0800 -0.7444 0.2233 -0.4800 3.97 -8.95 0.47 208 416 371 419 224 
0.7070 -0.5936 -0.3754 0.0833 347.31 26.44 90.56 3.64 -6.39 -0.90 -1.1600 2.4300 -0.1400 -0.6544 0.1167 -1.1556 5.02 -8.40 -0.52 198 394 352 360 221 
0.6824 -0.5988 -0.4183 -0.0296 21.81 45.88 92.25 6.72 -5.10 -1.36 -0.9100 1.0700 -2.2000 -0.7489 6.7956 -5.1011 8.44 -3.91 3.08 196 337 333 334 218 
;
0.7056 -0.3505 -0.2685 -0.5543 83.12 38.88 7.31 3.20 0.21 8.98 -1.3400 0.6700 0.7800 1.5611 3.5411 -2.7200 3.23 0.98 9.20 193 352 344 366 219 
0.6403 -0.0334 -0.1938 -0.7425 99.69 15.50 -18.94 2.32 3.64 12.49 -0.2300 -0.0900 3.4100 -0.0778 1.4456 -1.0022 1.19 3.44 9.10 190 360 296 386 218 
0.6050 0.0745 -0.1613 -0.7762 104.69 3.94 -18.37 0.15 1.78 9.89 -0.8800 -1.1100 0.3400 -0.0067 -0.3589 0.0022 0.87 3.03 9.28 187 362 352 386 223 
0.5992 0.0467 -0.1633 -0.7824 105.31 8.94 -18.06 1.71 3.89 11.30 0.1500 1.2700 2.5400 -1.4667 -1.2144 -0.2233 2.45 2.20 9.23 189 352 334 312 212 
0.5594 -0.1335 -0.1835 -0.7972 112.56 35.44 -7.56 6.91 -0.12 5.02 -0.2300 -1.3100 -2.8500 -0.5711 -7.0289 -0.3100 9.17 0.84 3.35 187 295 267 276 186 
0.3652 -0.5847 -0.4208 -0.5897 111.94 76.25 -171.62 13.51 -1.21 -7.50 5.9800 0.0700 -4.0200 4.0078 -3.6922 2.2322 8.16 -2.09 -5.00 202 383 328 340 213 
0.4826 -0.6761 -0.5287 -0.1743 18.75 42.81 123.00 7.91 -2.61 -3.04 -0.1600 4.3300 0.7300 3.3667 1.4900 2.8811 5.13 -8.25 -1.30 200 409 372 424 220 
0.7051 -0.6011 -0.3696 0.0695 347.50 24.75 87.94 0.87 -3.85 1.30 -2.8200 4.5600 0.4900 0.2267 0.7211 -0.0789 4.01 -8.90 0.85 198 415 365 416 224 
0.7347 -0.5872 -0.3357 0.0509 353.19 26.50 85.06 2.84 -6.21 0.90 -1.4600 2.6700 0.5000 -1.0278 -0.8567 -1.0944 5.16 -8.33 -0.23 193 368 346 332 219 
0.6714 -0.6123 -0.4161 -0.0338 14.75 41.75 98.62 6.47 -5.54 -1.71 -0.6200 1.1400 -1.1500 -0.8656 3.3467 -3.4611 8.29 -5.22 0.13 194 324 311 311 213 
0.6697 -0.5049 -0.4062 -0.3627 63.25 67.37 49.00 9.42 -2.64 3.27 0.7600 0.1600 0.6000 0.6367 1.3456 -2.1778 8.97 -0.98 3.83 194 328 315 320 215 
;
