0.7250 -0.0101 -0.2813 -0.6285 81.56 31.94 -19.94 4.44 1.60 6.58 -2.5900 -0.9500 -1.4800 -0.3733 -6.0044 1.3311 8.25 1.74 4.99 194 322 314 250 195 
0.5718 -0.3483 -0.5688 -0.4777 79.44 77.37 -144.00 6.98 2.31 -4.10 -1.2500 1.5500 1.5600 -0.2522 -7.2822 -0.3700 6.26 1.41 -7.40 200 261 255 273 204 
0.1623 -0.5302 -0.7988 -0.2336 67.81 28.81 -163.31 7.58 3.53 -11.62 3.2700 0.7500 -3.7600 -0.7444 0.6689 -0.0822 4.76 3.26 -7.92 202 273 237 286 210 
0.1117 -0.5338 -0.7810 -0.3043 69.00 30.50 -154.50 5.31 2.87 -7.85 1.1300 -0.8600 -2.0500 -0.2844 -0.2833 0.2267 4.88 3.80 -7.60 205 286 248 296 214 
0.1122 -0.5558 -0.7795 -0.2660 71.31 28.00 -170.50 13.94 3.89 -22.91 7.7500 7.2500 -10.7800 8.6311 0.9100 3.5044 4.68 -4.65 -7.24 211 386 344 399 220 
0.5660 -0.4994 -0.6237 0.2030 313.44 26.25 92.12 0.00 4.19 2.52 -4.5800 11.7300 0.1900 1.2567 2.0400 2.2933 2.48 -9.31 1.78 219 421 357 418 221 
0.6968 -0.4849 -0.3884 0.3584 304.94 10.25 75.87 -1.52 -3.67 2.85 -3.1100 4.8200 0.4300 -0.2656 -0.0989 -0.3533 1.93 -9.36 2.17 204 418 370 416 219 
0.6978 -0.4932 -0.4060 0.3239 311.87 15.88 80.44 2.00 -5.33 1.81 -1.1900 4.5000 0.0700 -2.5456 0.3589 -2.2811 4.30 -8.81 -0.07 188 401 361 372 219 
0.6612 -0.5266 -0.5150 0.1424 341.12 34.25 97.87 18.47 -8.50 -2.58 13.3700 -0.9300 0.1900 -1.7000 1.7567 2.7411 4.56 -8.54 -1.48 190 363 333 365 217 
0.6484 -0.6927 -0.3039 0.0851 349.56 8.88 101.00 -4.66 -6.23 -8.04 -7.2100 2.5300 -7.2000 -3.4278 1.9789 3.7589 -0.84 -8.67 -4.49 182 355 345 346 210 
0.4962 -0.8648 0.0703 0.0322 354.25 -7.56 119.75 -3.50 -7.69 -6.83 -1.9100 0.8600 -1.5700 1.5478 0.8767 0.4456 -1.29 -8.88 -3.93 192 354 343 359 210 
0.5675 -0.8102 0.1448 -0.0248 6.44 -6.56 108.94 -1.73 -5.14 -8.97 -0.5100 5.2200 -7.4500 4.6344 -0.6711 -1.2033 -0.31 -9.79 0.22 189 327 313 340 209 
0.8356 -0.5421 0.0209 -0.0867 13.63 7.81 47.75 4.79 13.27 2.26 3.9600 18.6600 -3.2100 11.0833 1.8222 -1.1478 1.31 0.72 9.69 199 341 321 381 219 
0.9665 0.1863 -0.1033 -0.1434 17.25 10.38 -29.31 4.04 11.57 17.68 0.7800 4.9600 7.7100 -0.2489 -2.3978 -0.0744 2.78 5.02 7.94 204 348 348 378 215 
0.9307 0.2097 -0.2397 -0.1796 22.50 23.50 -29.87 4.20 5.04 9.38 0.2500 0.7400 1.9100 -1.1644 -0.8444 0.0111 4.44 3.86 7.83 196 336 299 264 211 
0.9225 0.1170 -0.3012 -0.2112 26.12 33.50 -21.19 11.44 5.11 11.08 6.4400 2.9500 1.7500 -1.1111 -1.3744 2.1300 6.64 1.41 7.07 157 190 178 184 148 
0.9267 -0.0206 -0.3536 -0.1257 12.00 38.81 0.00 5.90 -1.79 4.26 -0.2800 -1.5600 -3.9000 -0.6167 2.6033 2.0122 4.55 -1.20 8.60 150 205 182 191 147 
0.9789 -0.0833 -0.1858 0.0146 354.75 17.56 10.06 0.19 0.13 6.03 -2.8200 1.7900 -2.7500 0.9256 1.0244 1.8511 1.88 -1.23 9.54 160 200 185 197 151 
0.9820 -0.0362 -0.0909 0.1617 338.87 9.25 5.50 0.41 2.55 9.59 -0.8500 3.1900 -0.0300 -0.2056 -0.7233 0.9089 1.93 -1.04 9.55 163 172 183 197 150 
0.9759 -0.0422 -0.0915 0.1937 339.06 8.81 7.62 3.08 0.80 10.27 1.8400 2.5900 0.6800 -1.0856 0.7067 -1.3233 1.26 -1.74 9.56 147 174 184 200 153 
0.9882 -0.1009 -0.0640 0.0957 351.50 5.19 13.44 3.55 -4.21 9.23 2.8300 -2.1600 -0.5400 -0.9633 1.4256 -0.8878 0.21 -3.02 9.32 148 182 189 208 160 
0.9860 -0.1667 0.0017 0.0111 358.25 -0.94 19.00 -1.92 -3.53 9.73 -1.9000 -0.3400 0.8700 -0.0011 -0.1833 0.3733 -0.07 -3.07 9.31 150 185 192 215 166 
0.9850 -0.1627 -0.0123 0.0551 352.44 1.00 18.81 0.70 -2.53 8.96 0.1000 0.8000 -0.3300 -0.4589 -0.1100 0.3144 0.27 -3.49 9.15 155 193 205 221 176 
0.9759 -0.2038 -0.0200 0.0756 352.50 0.25 26.19 -4.04 -1.95 6.74 -4.4500 0.7900 -3.1600 -1.7000 -1.8578 -1.1378 1.28 -5.39 8.09 158 194 225 231 182 
0.9449 -0.2928 -0.1462 0.0068 3.06 19.00 33.94 6.40 -3.54 4.81 2.5300 1.2500 -3.0400 1.5078 2.8844 -3.1144 2.85 -3.77 8.58 177 227 245 254 194 
;
