-0.0297 0.0501 0.2173 0.9744 176.44 6.31 -25.00 1.14 4.00 8.90 0.0300 -0.1100 0.0500 0.0056 0.0044 0.0067 1.08 4.11 8.83 188 376 384 409 227 
-0.0301 0.0504 0.2169 0.9744 176.44 6.37 -24.94 1.07 3.97 8.89 -0.0100 -0.1400 0.0500 0.0089 0.0000 -0.0011 1.08 4.11 8.83 189 375 384 410 226 
-0.0302 0.0504 0.2170 0.9744 176.44 6.37 -25.06 1.19 4.18 8.94 -0.1200 -0.2100 0.1700 0.6856 -0.8689 -0.2133 1.49 4.50 8.58 195 381 375 406 223 
0.0143 0.1511 0.2939 0.9437 183.81 22.06 -42.06 6.58 12.28 10.54 2.1800 6.2400 3.2500 -1.9522 -3.8678 -0.4411 5.58 5.85 5.54 217 341 319 291 223 
0.0865 0.5743 0.2360 0.7791 193.25 66.50 -103.75 5.65 0.67 -7.41 -2.6700 -2.1200 -3.7000 2.9044 -9.8544 0.2967 5.75 2.27 -7.60 230 332 307 325 234 
0.0427 0.9528 0.1888 0.2340 157.62 22.37 -170.62 1.53 2.05 -3.17 -2.6200 0.6500 6.0000 -0.0833 -0.4222 -0.5311 3.28 1.53 -9.10 228 319 286 323 229 
0.0717 0.9531 0.2275 0.1862 152.00 18.62 -164.37 4.29 4.28 -10.37 2.1500 0.8900 -3.0800 -1.1878 0.3422 -1.3044 3.04 3.77 -8.52 228 330 306 332 231 
0.1540 0.9199 0.2881 0.2169 144.94 18.19 -154.81 6.10 2.88 -11.45 2.8700 -0.9600 -2.8900 0.9800 0.1944 0.3389 3.26 3.29 -8.63 229 334 309 339 231 
0.0800 0.9314 0.2839 0.2133 147.06 21.19 -166.62 6.76 1.78 -13.34 1.8800 0.2900 -4.2400 2.6600 0.3722 1.1133 3.87 0.11 -9.00 228 349 331 359 236 
-0.1442 0.9389 0.2384 0.2020 153.19 31.31 158.06 5.41 -0.85 -7.88 0.0400 4.8500 0.9600 5.6689 3.0211 1.9044 5.98 -6.65 -4.01 231 445 380 435 240 
-0.5621 0.7743 0.1187 0.2653 46.06 29.81 100.06 1.04 -1.57 0.91 -3.4700 7.4800 1.4300 1.1611 0.5200 1.3989 3.87 -9.00 -0.31 236 448 389 438 241 
-0.6617 0.7108 0.0308 0.2365 39.75 22.00 90.62 1.56 -4.91 0.95 -1.9300 3.4200 0.9200 -0.5678 0.0067 -0.4922 3.92 -8.97 -0.36 238 443 388 428 241 
-0.6298 0.7305 0.0380 0.2612 46.50 26.69 96.06 3.82 -6.26 -0.91 -1.1100 2.5800 0.1700 -0.7500 -0.8278 -0.6700 4.81 -8.37 -1.71 234 399 336 359 229 
-0.5546 0.7790 0.0889 0.2787 59.63 34.44 109.00 8.45 -7.22 -5.13 2.6200 -1.2800 -2.7600 -1.8322 1.0633 -0.9411 6.41 -6.62 -3.33 214 305 277 298 216 
-0.4152 0.8354 0.0388 0.3578 84.00 37.19 120.19 17.39 -7.49 -7.01 10.7000 -0.5800 -3.4300 -1.6578 6.4789 5.9844 4.41 -8.35 -2.61 160 303 307 342 226 
-0.4079 0.6373 -0.4523 0.4721 99.19 6.44 100.94 -5.58 -5.71 -3.16 -6.4000 2.6300 -1.9100 -0.9356 4.0678 2.8456 -0.93 -9.49 -2.28 190 347 347 406 237 
-0.3820 0.3787 -0.6963 0.4753 100.62 -11.44 106.81 -1.63 -6.95 -3.04 -0.4400 1.6700 -0.9900 -1.1933 -0.4756 0.2589 -2.25 -8.79 -3.69 195 340 347 400 235 
-0.3749 0.4010 -0.7261 0.4142 94.81 -11.13 109.94 -1.40 -4.55 -12.10 -0.4400 5.7800 -10.5300 4.8878 -2.4678 -1.9211 -0.93 -9.76 -0.14 193 346 342 400 234 
-0.5619 0.3924 -0.3740 0.6248 96.87 8.31 49.75 11.47 11.37 6.15 9.4200 17.3400 3.3000 8.6567 0.4678 1.0700 1.57 -2.04 9.45 194 372 366 419 240 
-0.7209 0.1006 0.0867 0.6802 85.75 16.50 -1.12 5.08 3.39 19.24 0.4200 2.0000 8.0800 0.5867 -1.1056 0.2978 3.45 0.85 9.13 194 375 379 429 249 
-0.7294 0.0959 0.1685 0.6560 84.50 22.94 -4.25 3.36 1.66 9.65 -0.4100 1.0900 0.3500 -0.7978 -0.6867 -0.5489 4.33 0.27 8.79 250 411 414 454 290 
-0.6835 0.1921 0.1838 0.6799 91.12 34.69 3.31 7.68 1.47 9.08 1.4800 2.0100 1.4300 -2.8267 -2.1844 0.0567 6.83 -2.00 6.73 247 367 396 409 279 
-0.5838 0.4341 0.1293 0.6738 99.56 47.50 34.00 9.19 -2.75 7.44 1.0600 1.0500 0.9700 -3.6789 0.7656 0.8244 6.78 -5.47 4.49 226 385 300 276 212 
-0.4918 0.5361 -0.0988 0.6790 111.62 33.50 60.00 4.89 -4.50 1.02 -0.1200 2.8500 -1.8900 -2.3944 6.1300 0.9667 2.44 -8.36 4.48 234 429 307 291 223 
-0.3195 0.3000 -0.4827 0.7582 137.69 7.31 72.12 2.51 -8.00 -2.09 0.2200 1.2500 -3.1200 -0.7311 2.8656 -0.6044 0.92 -9.51 2.18 246 466 223 221 166 
-0.1462 0.1717 -0.5864 0.7780 161.56 5.50 73.37 2.23 -5.51 -0.32 1.8300 3.9700 -3.1800 1.9733 0.1511 -0.1500 1.01 -8.89 4.01 229 465 230 219 162 
-0.1309 0.1287 -0.4638 0.8667 161.19 5.81 52.63 8.70 -4.83 8.43 7.1700 2.3200 2.1600 2.7533 -1.3722 1.4544 0.99 -6.48 7.29 215 455 215 216 155 
-0.2891 0.1573 -0.2939 0.8973 139.87 6.00 37.81 -0.92 -9.50 15.84 -2.5700 -3.8300 8.9100 -1.1589 -0.5633 2.0122 0.56 -6.54 7.28 214 460 227 221 162 
-0.4171 0.1881 -0.3538 0.8158 124.31 -0.69 51.06 -3.67 -5.73 10.13 -3.7400 3.3000 2.4600 -2.6289 1.2789 0.3689 -0.73 -8.64 4.56 215 462 233 227 166 
-0.3732 0.1969 -0.5287 0.7365 128.44 -6.19 71.75 -1.53 -3.96 3.54 -0.2700 5.4300 0.3000 -1.1922 1.8033 -0.8256 -0.77 -9.59 1.86 217 465 234 229 169 
-0.2270 0.1625 -0.6285 0.7260 149.44 -1.75 81.44 1.14 -4.95 0.01 1.2900 4.8300 -1.4500 0.6756 1.7478 -1.0378 0.23 -9.63 1.80 214 462 239 233 171 
-0.0909 0.1066 -0.6017 0.7863 169.94 4.25 71.69 5.03 -4.81 0.14 4.6100 4.0200 -3.4800 3.5389 0.4056 -0.8089 1.10 -8.21 5.24 217 462 242 232 171 
-0.0408 0.0916 -0.3801 0.9195 173.19 9.44 38.88 11.73 -7.05 13.86 9.4200 -1.7900 6.5300 2.6944 -2.5689 1.8356 2.51 -4.49 8.34 208 455 240 234 167 
;
