-0.1085 0.1595 0.0980 0.9763 167.31 19.44 -9.56 3.42 1.51 9.07 0.1400 -0.0100 -0.0600 -0.0067 -0.0189 0.0056 3.28 1.53 9.11 182 398 380 424 228 
-0.1084 0.1615 0.0981 0.9760 167.31 19.69 -9.56 3.43 1.57 9.09 0.1600 0.0400 0.1300 0.0378 -0.0356 -0.0444 3.34 1.57 9.08 187 388 374 424 229 
-0.0944 0.1870 0.1226 0.9701 169.31 27.44 -16.94 0.99 5.64 10.41 -2.0000 0.6500 -3.0600 1.9778 -10.7622 1.0878 8.73 2.78 3.48 207 345 307 298 218 
-0.1334 0.8037 0.2966 0.4983 140.75 41.63 169.81 5.78 1.81 0.57 -6.5700 0.7000 8.7400 1.6656 -0.3056 -0.0533 5.12 -3.28 -7.68 213 303 267 298 216 
-0.2562 0.8856 0.3486 0.1691 135.31 28.69 161.31 5.03 -1.45 -6.93 2.2500 0.4800 -1.4900 -2.5922 -0.3622 -1.2656 4.48 -0.67 -8.69 216 324 282 321 222 
-0.1028 0.8875 0.3995 0.2052 131.31 26.50 178.50 8.39 -2.27 -12.89 3.9200 -1.9800 -4.7500 0.9822 -0.2756 0.5944 4.34 -0.96 -8.73 216 333 288 336 224 
-0.1846 0.8942 0.3734 0.1637 136.94 24.44 161.62 8.63 -4.57 -13.67 3.4800 0.4600 -5.8600 3.7311 1.4300 1.9400 4.18 -5.80 -6.70 222 386 349 404 228 
-0.5491 0.7935 0.2222 0.1397 25.50 27.12 103.69 2.41 1.50 0.52 -4.9400 10.2300 -0.5000 2.9422 1.3644 1.6400 3.18 -9.20 1.08 222 438 356 440 229 
-0.7549 0.6376 0.0992 0.1171 18.06 17.37 79.44 0.69 -2.65 1.78 -1.5300 5.6600 0.2300 -0.7133 0.1522 -0.6822 3.34 -9.11 1.35 222 435 383 439 228 
-0.7172 0.6707 0.1222 0.1442 23.69 22.56 88.19 6.11 -6.53 0.39 4.5900 2.1300 -0.2200 -3.4078 1.7911 -1.7422 4.89 -8.38 -1.40 206 391 349 419 229 
-0.5452 0.7760 0.0458 0.3140 62.69 30.56 105.06 14.30 -7.91 -3.85 6.3100 1.4500 -2.5600 -3.2189 4.2933 6.8089 1.68 -8.95 -3.61 191 361 340 402 227 
-0.4158 0.7064 -0.4920 0.2932 71.44 -3.12 123.56 -5.91 -2.48 -12.76 -4.8700 4.7800 -7.2600 -0.4533 1.0422 1.8256 -1.37 -7.58 -6.05 190 363 345 414 227 
-0.3939 0.5795 -0.6392 0.3169 79.94 -7.25 114.56 -1.51 -2.93 -9.02 0.2400 9.2300 -7.3000 8.1633 -1.5078 -1.3467 -0.39 -9.61 1.87 196 371 344 409 230 
-0.6403 0.3520 -0.2968 0.6149 88.12 5.50 39.25 3.91 10.56 15.17 2.4200 14.3300 10.5500 5.9411 -0.5033 0.1167 1.46 -1.17 9.62 199 378 357 417 231 
-0.7218 0.0651 0.1010 0.6816 86.81 15.00 -6.06 4.40 4.08 17.11 1.4700 2.5800 7.3600 0.3456 -0.6500 -0.2622 3.02 1.47 9.20 199 383 361 416 230 
-0.6970 0.0816 0.1736 0.6909 90.56 23.56 -5.94 5.40 2.89 9.93 1.1300 2.4600 1.1000 -2.3189 -2.0278 -0.0922 5.25 -0.45 8.27 205 377 352 394 226 
;
