-0.3974 0.0213 0.2928 0.8694 130.81 15.56 -30.69 2.75 4.78 8.09 0.1200 -0.0500 -0.0200 -0.0111 0.0222 -0.0078 2.62 4.81 8.12 159 398 381 407 216 
-0.3975 0.0206 0.2916 0.8698 130.87 15.44 -30.62 2.72 4.81 8.09 0.1100 -0.0100 -0.0300 -0.0222 0.0111 -0.0456 2.60 4.81 8.13 157 398 382 406 216 
-0.3951 0.0201 0.2907 0.8712 131.25 15.31 -30.50 2.71 4.69 8.12 0.0700 -0.1000 -0.0200 -0.0100 0.0256 -0.0156 2.58 4.79 8.15 156 398 380 405 216 
-0.3948 0.0207 0.2896 0.8717 131.19 15.56 -30.25 2.59 4.95 8.57 0.0400 0.5600 0.9100 -0.1044 -0.4256 0.2522 2.92 4.64 8.12 146 364 366 390 215 
-0.4000 0.0837 0.2954 0.8635 131.37 28.06 -26.87 3.63 4.11 9.58 -2.6400 0.5200 1.8900 -2.7644 -5.9889 -0.5633 7.47 2.54 5.81 179 298 287 260 212 
-0.2437 0.5141 0.2739 0.7755 148.37 82.69 -69.69 3.70 -0.91 -8.10 -5.8000 -2.1900 -6.0400 0.0178 -14.9522 2.3144 5.40 -0.17 -8.18 198 245 226 241 201 
-0.0670 0.9652 0.1977 0.1573 159.50 16.50 175.75 0.34 0.29 -7.41 -1.0100 0.5100 1.6900 -1.5067 -0.0644 0.5889 2.02 0.15 -9.59 200 262 241 268 214 
0.0323 0.9844 0.1360 0.1072 163.87 12.06 -172.69 1.72 2.47 -11.18 -0.2600 0.4500 -2.0000 -1.1678 0.4389 -0.6278 2.36 2.47 -9.18 202 276 252 280 217 
0.1157 0.9650 0.1713 0.1613 159.37 16.62 -162.56 4.00 3.08 -8.88 1.1500 0.0600 -0.3300 -0.3011 0.4378 -0.0189 3.09 3.01 -8.80 204 285 250 282 218 
0.1301 0.9570 0.1715 0.1948 160.12 20.00 -160.44 6.69 0.56 -16.84 5.4100 -2.9800 -10.1200 1.3456 0.7000 0.5700 3.87 2.36 -8.69 208 308 245 267 217 
-0.0075 0.9659 0.1370 0.2192 164.06 33.19 170.37 4.06 6.83 -18.14 1.1300 10.8200 -3.2200 9.5556 2.0322 2.7467 5.93 -7.13 -3.15 213 419 362 410 225 
-0.5800 0.7523 0.0922 0.2987 53.88 32.13 96.69 -1.29 1.70 0.84 -6.8100 9.7000 0.7100 0.4222 1.1178 0.0044 5.20 -8.30 -0.18 213 422 362 413 223 
-0.6068 0.7120 0.0509 0.3495 61.31 35.06 91.69 2.97 -4.62 0.14 -1.7500 2.2400 0.7100 -0.7989 -0.1022 -1.2411 6.44 -7.34 -0.77 211 402 343 346 220 
-0.5212 0.7459 0.1069 0.4007 80.00 48.13 106.12 7.47 -5.94 -2.91 -0.2100 -1.1200 -1.7700 -1.6144 -3.0878 -2.5867 8.00 -4.47 -3.47 169 373 163 165 103 
-0.4088 0.7855 0.2584 0.3863 83.87 58.44 125.75 15.83 -9.72 -7.89 7.1700 -3.4900 -4.3800 4.8822 0.4622 -0.2833 8.61 -4.57 -1.00 140 403 177 175 110 
-0.6426 0.5593 0.4028 0.3345 51.56 63.81 73.00 5.25 -1.38 2.45 -3.9200 2.5100 0.6400 2.7111 1.0467 -1.0011 8.90 -3.03 2.76 142 394 180 179 112 
-0.7498 0.3622 0.4485 0.3246 46.44 64.87 34.50 7.06 0.13 1.89 -1.6200 2.6500 -1.0500 1.0844 0.5656 -0.2978 8.76 -1.86 3.97 138 334 184 182 115 
-0.7877 0.2933 0.4440 0.3104 42.69 61.19 23.56 9.36 0.25 3.40 0.9300 1.6900 -1.3400 -0.7022 0.5633 0.4600 8.30 -2.37 4.63 138 375 184 185 118 
-0.7977 0.3278 0.3796 0.3350 47.81 54.44 28.81 9.72 -2.24 2.91 2.6400 1.0500 -0.9100 -1.8778 1.5700 -0.6722 7.49 -3.14 5.49 119 379 189 188 119 
-0.7559 0.3746 0.2325 0.4839 68.75 43.75 29.69 5.18 -5.90 3.23 -0.1200 -2.2000 -2.0800 -0.7611 1.8644 -0.4556 6.16 -3.68 6.67 125 398 193 189 121 
-0.7407 0.3577 0.1432 0.5503 74.37 35.63 27.12 2.77 -3.60 9.35 -2.1000 0.3600 1.9100 -0.4456 0.0633 0.0367 5.59 -3.86 7.06 132 391 191 189 125 
-0.7317 0.3686 0.1042 0.5638 76.12 34.25 32.31 4.04 -1.92 6.79 -1.4600 3.4900 -0.0600 -2.5789 1.0289 -0.7289 5.32 -5.17 6.41 152 292 215 222 175 
-0.6401 0.4504 -0.0093 0.6224 91.94 31.81 47.13 12.77 -3.24 7.23 5.2100 1.7900 0.8100 -3.8567 5.9267 -1.1744 3.57 -7.29 5.48 179 351 272 373 214 
-0.4080 0.3754 -0.3463 0.7568 128.69 14.81 65.94 6.00 -8.04 -3.74 3.9300 0.5000 -5.4600 -6.7633 1.9244 0.1111 2.07 -9.57 -0.47 171 363 296 370 214 
-0.1621 0.3437 -0.7068 0.5967 148.87 8.00 105.37 0.33 -6.36 -7.79 -1.2300 3.1700 -5.5500 2.2889 -0.7356 0.5533 0.61 -9.70 -1.28 164 350 317 387 214 
-0.2833 0.2869 -0.5884 0.7009 130.12 4.81 67.31 4.41 5.15 -2.33 2.5500 14.5400 -3.3400 12.0078 -0.5322 -0.7078 1.72 -3.14 9.12 171 356 341 414 221 
-0.4744 0.0967 -0.0136 0.8749 124.44 8.94 8.25 3.96 5.71 23.97 2.8200 9.3200 10.7200 -7.7800 0.2267 -0.7411 1.68 -5.73 7.77 175 358 340 402 221 
-0.3350 0.2814 -0.4241 0.7929 136.31 7.75 72.69 1.68 -3.45 -15.62 0.3100 3.1200 -24.0800 -1.9289 -0.8200 0.1567 1.11 -9.71 0.69 168 335 334 380 217 
-0.3333 0.2920 -0.4688 0.7642 130.37 11.94 51.06 4.31 12.85 -0.34 6.0800 23.0000 3.4800 9.9622 0.0322 -0.2867 3.22 -0.66 9.23 167 352 346 395 220 
-0.4647 0.1724 0.0973 0.8631 125.12 23.75 4.56 8.45 6.01 20.29 4.6900 7.6300 9.0700 -7.4822 -0.0578 0.0067 3.94 -5.19 7.32 179 363 346 388 218 
;
