0.7911 0.0005 -0.5952 -0.1412 20.25 70.31 -30.06 9.29 1.74 2.87 0.0100 0.0800 0.0400 0.0244 0.0644 0.0022 9.22 1.66 2.89 181 328 332 371 206 
0.7925 0.0013 -0.5933 -0.1411 20.19 70.00 -29.69 9.24 1.76 2.82 -0.0900 0.0900 -0.0100 -0.0211 0.0633 -0.0011 9.19 1.66 2.96 179 326 335 372 205 
0.7943 0.0002 -0.5905 -0.1429 20.56 69.81 -29.25 9.69 1.90 2.80 0.4300 0.5200 0.0400 -0.1267 -0.0856 -0.0556 9.22 1.63 2.89 183 338 332 369 205 
0.7905 -0.0247 -0.5938 -0.1477 21.75 72.81 -19.69 11.56 2.80 5.23 0.7000 2.5700 3.1200 -3.5944 -2.9922 1.7411 9.74 -0.64 0.85 204 328 339 349 213 
0.6593 -0.3004 -0.6672 -0.1730 29.56 73.62 127.37 4.82 -0.55 -2.68 -3.9200 1.8600 0.0000 -3.0500 -4.1778 2.4511 7.91 -3.06 -4.91 198 277 232 268 191 
0.3735 -0.5745 -0.7238 -0.0820 78.69 31.06 160.37 3.59 -2.17 -7.53 -1.7600 0.1500 0.2200 -2.2233 -1.9044 0.9967 3.08 -1.57 -9.17 211 280 272 286 206 
0.1171 -0.6955 -0.7065 -0.0582 90.31 12.69 177.56 -1.25 -0.97 -10.90 0.5400 -1.5100 -2.5400 -1.1700 0.1778 -0.5833 1.99 0.49 -9.58 213 305 291 306 216 
0.0501 -0.7056 -0.6999 -0.0991 90.56 12.44 -177.12 4.35 -1.34 -16.10 2.1600 -1.3300 -6.8200 2.7633 0.0500 0.3756 2.25 -1.41 -9.43 216 377 309 341 220 
0.2623 -0.6911 -0.6735 -0.0015 91.94 25.81 145.87 5.63 -3.42 -6.04 -0.7100 2.5600 0.1300 4.5156 3.5978 1.4722 5.13 -7.59 -3.48 215 420 364 437 220 
0.6346 -0.5872 -0.4858 0.1281 333.75 25.56 93.94 -0.55 -2.18 2.56 -4.3700 6.6400 2.2900 0.7944 0.6356 0.5622 3.71 -9.05 0.56 216 422 370 444 221 
0.7032 -0.5501 -0.4113 0.1838 331.44 22.56 87.19 3.11 -5.97 0.29 -0.7400 2.4900 -0.1100 -1.2422 -0.2489 -0.8244 4.28 -8.80 -0.47 208 395 265 276 195 
0.6407 -0.5815 -0.4827 0.1353 331.94 26.87 106.25 2.03 -4.11 -6.31 -1.2500 4.0900 -3.6100 -0.8578 -0.0189 -1.6189 4.78 -7.64 -3.85 139 399 183 185 127 
0.5264 -0.5654 -0.6253 0.1106 337.06 33.81 121.00 8.96 -10.83 -7.56 3.4300 -3.1000 -1.8000 1.6567 0.9067 -0.5567 6.15 -7.05 -2.90 143 408 191 193 135 
0.6285 -0.4791 -0.6002 0.1230 335.25 38.88 100.44 4.69 -5.55 -0.65 -0.5800 2.2900 0.7800 1.5111 -0.0378 -0.0256 6.08 -7.67 -0.56 147 409 191 189 136 
0.7028 -0.4055 -0.5551 0.1832 330.44 40.06 80.37 2.90 -1.85 12.55 6.2900 3.2700 8.1600 -0.6011 1.2289 -0.1078 6.64 -7.12 1.14 158 419 200 197 142 
0.6921 -0.3740 -0.5881 0.1874 330.00 41.63 90.56 7.97 -9.17 -6.47 0.8700 -1.7900 -6.4200 2.6467 2.0222 -0.1744 6.52 -7.18 1.42 148 411 200 199 146 
0.7122 -0.3669 -0.5616 0.2067 330.87 39.38 81.25 3.80 -7.85 0.03 -1.5500 0.4100 -0.4500 -0.5178 -0.6622 0.0711 6.17 -7.57 0.79 161 407 208 208 155 
0.6901 -0.4250 -0.5654 0.1533 339.00 42.38 92.62 5.00 -4.20 0.64 -1.8800 2.0800 -0.1700 -1.9333 2.3033 -2.1378 7.82 -5.91 -0.09 166 385 239 266 184 
0.7410 -0.4145 -0.5129 -0.1266 25.19 63.19 63.81 10.78 -3.18 -1.28 1.7600 0.2200 -3.7400 1.6122 1.2767 -2.9133 9.13 -1.52 3.22 175 356 300 367 205 
0.7725 -0.2098 -0.5421 -0.2556 36.00 69.94 0.25 9.82 0.13 4.23 0.3500 0.2500 0.5000 1.6544 0.7567 -0.4500 8.91 0.81 3.99 178 351 315 400 209 
;
