0.5422 0.0516 0.1611 0.8230 246.75 -5.06 -18.75 -0.85 2.99 9.31 0.0100 -0.1500 0.0700 -0.0022 -0.0044 -0.0033 -0.87 3.14 9.24 174 376 369 413 216 
0.5426 0.0517 0.1602 0.8229 246.75 -5.06 -18.69 -0.84 2.97 9.31 0.0200 -0.1500 0.0700 -0.0044 -0.0056 0.0033 -0.86 3.13 9.25 173 375 368 418 215 
0.5427 0.0518 0.1601 0.8229 246.75 -5.06 -18.69 -0.84 2.96 9.30 0.0000 -0.1700 0.0500 0.0044 0.0000 0.0044 -0.86 3.13 9.25 175 376 375 414 216 
0.5426 0.0518 0.1602 0.8229 246.75 -5.06 -18.81 -0.42 3.38 10.11 1.0000 1.2700 2.1700 0.7489 0.1711 0.3522 -0.82 3.47 9.13 175 329 351 402 217 
0.5242 0.1014 0.1289 0.8357 243.06 12.94 -13.25 0.51 -2.40 6.68 -8.1400 -6.0900 -6.4900 0.9978 -13.4433 2.7367 9.28 0.92 3.00 197 322 288 314 221 
0.2626 0.8340 -0.2972 0.3834 218.12 34.69 -162.87 17.31 2.99 -8.21 8.5700 -2.1800 0.0100 -0.1067 1.4167 -0.4056 3.14 3.10 -8.75 199 297 265 313 220 
0.2184 0.9260 -0.2918 0.0981 214.75 18.31 -157.19 4.01 3.89 -10.68 1.3900 -0.3000 -2.6600 -0.1222 -0.1278 -0.0911 3.06 3.78 -8.51 201 305 273 322 220 
0.2180 0.9265 -0.2869 0.1083 214.12 20.25 -162.56 11.09 -2.46 -23.84 8.3000 -2.3000 -20.0300 6.9200 0.8478 1.9767 4.15 -1.93 -8.66 205 406 310 336 222 
-0.2526 0.8521 -0.2796 0.3634 97.31 27.87 112.37 0.95 7.99 0.65 -7.6900 16.0400 3.8600 4.2056 3.3589 2.4644 2.97 -9.20 1.61 210 423 341 377 224 
-0.5672 0.5441 -0.3051 0.5377 88.00 13.25 75.37 0.83 -1.57 3.20 -1.7000 7.0300 0.6200 -0.5256 0.5467 -0.4989 2.41 -9.18 2.43 209 428 343 365 224 
-0.5300 0.5295 -0.3291 0.5748 95.25 15.63 77.50 2.26 -7.86 1.68 -0.1900 1.3100 0.2100 -0.1589 -0.1578 -0.4389 2.95 -9.17 1.81 210 423 323 334 220 
-0.5111 0.5571 -0.3049 0.5792 97.62 21.25 77.19 3.67 -7.05 3.29 -2.1100 0.5400 2.0700 -0.8000 -1.0422 -0.9656 4.46 -8.60 1.49 130 331 171 179 106 
-0.5014 0.6065 -0.1915 0.5866 99.44 34.06 74.75 12.22 -11.88 3.33 7.5500 -2.9700 1.9500 -0.8311 0.4089 -0.1044 5.91 -7.48 2.28 141 327 180 186 109 
-0.5121 0.6089 -0.1607 0.5840 95.50 31.12 76.87 4.58 -7.62 -0.13 -0.2900 0.8000 -2.0900 -0.4744 0.0267 0.8389 4.50 -8.56 1.60 136 324 172 190 113 
-0.5325 0.6189 -0.2061 0.5394 90.87 27.31 81.00 2.66 -6.45 1.58 -1.0400 1.5000 -0.8100 -0.7033 0.0678 -1.4122 5.35 -8.15 0.94 140 328 179 194 118 
-0.4790 0.6462 -0.1638 0.5712 99.50 35.13 79.81 16.38 -16.28 -16.97 11.3400 -8.1700 -25.4900 5.5656 1.9978 4.5489 3.13 -7.80 5.03 140 333 192 201 124 
-0.7578 0.2618 -0.1160 0.5863 73.81 2.50 21.44 -9.62 21.27 23.81 -9.6400 21.2400 15.4700 0.2278 -0.0322 -0.1533 -0.05 -2.45 9.49 141 349 191 205 123 
-0.7752 0.1542 -0.0920 0.6056 77.87 4.31 23.19 3.69 -5.78 6.64 2.8100 -1.5400 -1.9900 -1.0867 -0.3856 -0.3133 1.21 -4.56 8.59 144 349 193 204 124 
-0.7352 0.2490 -0.1114 0.6206 80.69 9.25 32.81 0.43 -3.83 9.91 -0.4700 1.6900 2.0000 -2.7856 -0.1300 -1.1389 2.19 -6.51 6.99 151 215 182 196 122 
-0.6149 0.3834 -0.1989 0.6599 101.75 17.75 49.19 3.53 -10.78 2.81 1.8100 -4.7100 -2.8200 1.0500 1.5756 -3.5800 4.04 -5.37 7.13 148 185 180 192 121 
-0.4193 0.2891 -0.1128 0.8531 129.19 21.37 22.62 7.62 -1.73 6.57 3.1600 2.1400 -1.6800 2.9467 1.0544 1.4611 2.38 -1.59 9.37 157 194 185 183 120 
-0.5013 0.1004 0.0123 0.8593 117.81 9.56 3.00 -0.80 4.07 9.84 -1.6700 3.9400 -0.2200 1.0633 0.0956 0.7489 1.47 0.29 9.69 164 206 178 184 120 
-0.5511 0.0490 0.0610 0.8307 112.62 8.69 -2.56 2.10 1.83 9.25 0.5500 1.3000 -0.4200 -0.2633 -0.3200 -0.2011 1.60 0.26 9.67 159 207 188 181 121 
-0.5386 0.0623 0.0468 0.8390 115.44 9.13 0.00 5.22 4.52 9.51 4.1800 4.3300 -0.1300 -1.5456 1.7267 -1.7311 0.62 -0.86 9.74 161 218 189 188 127 
-0.4234 0.0103 -0.0952 0.9009 134.87 -8.44 14.38 0.15 -6.54 7.37 2.2600 -3.4600 -1.9600 -1.5822 3.2722 -1.2256 -3.48 -3.85 8.31 162 224 191 193 128 
-0.2778 -0.1447 -0.2855 0.9058 148.12 -27.00 31.50 -8.55 -6.19 6.71 -2.1400 -0.3800 -0.5600 0.0344 -1.1044 0.2322 -4.15 -4.73 7.51 159 220 193 195 129 
-0.2775 -0.1149 -0.2983 0.9059 144.37 -19.69 31.12 -1.27 -3.42 4.78 2.5600 0.0600 -3.3900 -0.3533 -2.9489 0.6844 -1.84 -4.93 8.27 168 260 212 223 158 
-0.3773 0.0621 -0.2440 0.8912 132.06 2.12 26.62 -1.28 -3.66 4.21 -2.1800 1.2900 -4.3000 2.5844 -3.4011 -2.6833 3.74 -2.10 8.81 167 276 239 258 180 
;
