0.1122 0.1144 0.2676 0.9501 193.44 9.06 -32.75 1.56 5.40 8.03 -0.0300 0.1300 -0.0900 0.0078 0.0133 -0.0100 1.54 5.24 8.13 173 357 369 388 211 
0.1125 0.1142 0.2686 0.9498 193.50 8.94 -32.81 1.54 5.35 8.11 0.0500 0.1200 -0.0500 0.0089 -0.0067 0.0033 1.53 5.26 8.13 172 360 370 389 212 
0.1124 0.1139 0.2692 0.9497 193.19 8.38 -33.19 2.61 5.86 10.63 1.3000 0.0200 3.3800 2.6200 1.2189 -0.0856 0.61 6.45 7.35 194 349 332 376 219 
0.0510 0.0082 0.3829 0.9224 183.06 2.75 -42.63 -5.20 5.18 1.85 -5.7600 -3.6300 -8.3500 0.2389 -13.0122 8.1156 8.21 4.04 3.51 191 306 303 305 219 
-0.1187 0.7917 0.2610 0.5394 153.00 41.88 173.25 11.74 2.39 -4.72 2.0000 2.9500 2.5800 -0.8311 0.3544 0.1389 3.83 -1.33 -8.92 200 246 266 287 216 
-0.0709 0.9687 0.1707 0.1659 158.19 20.87 178.19 5.47 -0.10 -9.99 3.6200 -0.5900 -0.6900 -1.1800 0.1033 -0.8667 3.43 0.89 -9.14 203 270 271 302 217 
0.0272 0.9578 0.2145 0.1893 154.87 20.94 -171.06 5.55 0.31 -10.39 1.9400 -1.1700 -1.4200 0.0833 0.7078 0.2944 3.99 1.39 -8.84 204 285 277 308 219 
0.0024 0.9493 0.1982 0.2438 156.81 28.94 -174.81 11.30 -0.80 -14.66 5.8800 -0.9400 -6.3600 1.7889 1.3711 1.6067 5.70 -0.88 -7.92 205 310 280 308 221 
-0.1775 0.9237 0.1228 0.3165 107.94 43.63 147.62 5.41 0.91 -13.69 5.5400 6.5500 -1.8900 6.2500 3.3178 3.7678 6.21 -7.39 -1.70 212 428 358 405 222 
-0.6101 0.7241 0.0191 0.3210 51.31 25.06 89.50 -1.80 0.42 0.14 -4.6700 9.2400 0.1400 0.5511 0.4322 0.9356 3.20 -9.24 0.70 212 425 365 408 222 
-0.6753 0.6779 -0.0500 0.2863 46.94 19.31 86.44 1.63 -5.89 0.90 -1.3400 2.9800 -0.3000 -1.2422 0.5689 -1.3456 4.05 -8.92 -0.08 208 419 340 406 221 
-0.5816 0.7233 -0.0320 0.3708 69.25 33.31 95.94 3.66 -4.46 -1.01 -1.0400 1.9100 -2.2700 -1.1133 -1.5567 -1.4644 6.23 -7.12 -2.56 201 265 253 247 195 
-0.4423 0.8099 0.1056 0.3704 87.50 47.63 122.75 16.85 -6.99 -3.14 13.9600 -2.5100 -0.3900 -4.7556 8.9489 -4.0433 9.44 -2.55 -0.60 208 169 180 183 133 
-0.1871 0.3531 -0.0569 0.9149 158.87 4.06 18.50 -21.79 -5.05 11.48 4.4200 0.5200 1.0500 -2.7956 -1.8278 3.0967 -3.10 -4.52 8.13 210 163 155 164 114 
-0.4005 -0.1373 -0.3177 0.8484 122.37 -35.25 26.87 -2.49 1.89 2.56 2.9300 4.5700 -4.5100 0.7611 0.1022 3.3178 -6.39 -1.75 7.22 209 168 160 169 117 
-0.5823 -0.2420 -0.2354 0.7396 102.00 -37.19 0.88 -6.04 2.54 11.13 -2.3700 1.2100 3.7000 1.1267 -1.3422 0.5078 -5.05 0.83 8.36 211 171 166 172 120 
-0.6163 -0.2345 -0.1124 0.7433 100.87 -28.37 -8.19 -7.08 1.36 11.53 -1.3000 0.3200 1.8400 -0.2578 -0.0489 -0.4889 -4.58 0.92 8.61 210 171 171 175 121 
-0.5949 -0.2129 -0.1167 0.7662 105.69 -27.00 -4.00 -8.15 1.06 11.09 -3.7500 1.3300 4.3300 -0.6556 -2.9767 -2.8444 -2.49 -0.63 9.46 193 223 175 179 127 
-0.4267 0.1016 -0.0838 0.8948 136.31 25.75 18.62 4.72 -3.25 3.80 1.2100 -0.1200 -3.5200 1.7222 -16.8256 1.0278 9.38 -2.79 -0.47 118 374 174 174 124 
-0.4363 0.7660 0.1340 0.4527 70.06 44.50 102.75 5.50 -2.78 -1.30 -4.3000 4.0300 0.2300 2.9389 2.2456 3.0356 4.57 -8.58 1.25 133 335 180 176 127 
-0.7318 0.6139 0.0138 0.2958 43.38 20.25 73.06 -2.98 -5.76 -1.16 -4.9800 4.2300 -2.5100 0.7778 0.7133 -0.8778 3.43 -8.58 3.26 135 341 179 177 128 
-0.7463 0.5792 -0.0042 0.3281 48.81 22.94 69.56 4.53 -9.31 -2.25 1.6800 -4.3300 -9.9600 0.0633 -0.0622 0.5000 3.77 -8.47 3.16 135 363 185 182 130 
-0.8234 0.4792 0.0469 0.3004 36.75 20.12 41.38 0.23 18.28 25.21 -4.2700 22.9500 20.7600 1.1956 1.2967 0.0111 2.52 -4.14 8.51 137 380 196 187 130 
-0.9031 0.2765 0.0590 0.3231 41.38 17.69 30.00 2.95 -4.33 4.84 0.7400 1.1900 -2.3900 -0.6667 -0.5122 -1.3511 3.88 -4.79 7.61 151 375 200 196 140 
;
