-0.0741 0.1111 0.2991 0.9448 171.00 14.75 -34.50 2.67 5.33 7.86 0.0800 -0.0400 -0.0100 0.0278 -0.0156 0.0000 2.51 5.38 7.80 194 372 377 406 223 
-0.0742 0.1121 0.2999 0.9445 171.00 14.81 -34.69 2.70 5.38 7.84 0.4900 0.0700 0.0800 0.0867 0.0611 -0.0311 2.46 5.46 7.75 196 380 384 405 223 
-0.0748 0.0979 0.3475 0.9296 170.06 14.25 -44.88 1.59 11.58 11.01 -2.2700 4.2300 2.5100 -2.3611 -5.3711 2.6700 5.28 5.23 6.39 205 307 234 285 225 
-0.0831 0.5872 0.3186 0.7394 163.31 64.81 -145.62 4.84 1.27 -0.08 -6.7000 0.7200 6.9400 1.1322 -4.8578 2.1867 6.06 -0.17 -7.70 208 268 230 271 220 
-0.0653 0.9285 0.2703 0.2460 147.56 27.19 -175.75 3.06 2.29 -8.26 2.6200 0.3300 -2.2400 -1.5278 -0.4956 -1.3433 3.81 2.24 -8.74 216 286 250 301 221 
0.0676 0.9142 0.3200 0.2394 140.94 23.62 -161.87 7.20 1.21 -11.00 2.5200 -1.4200 -1.8600 0.4011 0.0478 0.5322 4.18 2.50 -8.51 215 296 261 304 225 
0.0411 0.9182 0.3062 0.2481 143.87 24.50 -166.25 7.03 0.35 -18.35 3.7800 -1.0600 -10.9600 2.1378 -1.6144 0.8644 3.11 0.81 -9.26 217 332 284 291 219 
-0.1197 0.9436 0.2712 0.1472 149.12 24.69 158.56 6.16 0.17 -11.54 -2.0800 8.2700 0.9900 9.6767 5.6100 1.5178 5.85 -7.54 -2.23 223 429 296 416 226 
-0.6363 0.7164 0.1368 0.2514 43.06 30.75 90.75 -2.52 0.84 1.17 -7.2000 8.5900 0.6300 -0.2678 0.3500 -0.0522 4.92 -8.47 0.17 222 431 348 419 226 
-0.6463 0.7010 0.0925 0.2868 49.50 32.50 91.50 3.00 -5.98 -0.32 -2.0800 2.2300 0.2100 -1.1522 -0.4833 -1.0578 5.94 -7.70 -1.20 223 418 348 393 224 
-0.5340 0.7598 0.1698 0.3297 69.87 46.31 112.37 9.44 -10.97 -5.14 0.4400 -6.5100 -6.0100 1.4056 1.1467 -2.8933 8.89 -3.44 -2.26 209 392 345 388 225 
-0.4776 0.6761 0.3292 0.4543 81.50 69.06 103.87 11.78 -4.62 -2.72 1.9400 -0.1500 -2.9700 1.8522 0.6100 -0.4789 9.28 -3.16 -0.01 200 410 367 403 227 
-0.6013 0.5310 0.4086 0.4353 69.19 71.69 56.19 7.30 2.81 2.38 -2.4700 5.2200 0.8800 2.0789 1.3289 0.0633 9.04 -2.09 3.14 198 424 363 410 228 
-0.7196 0.3790 0.4145 0.4084 57.63 63.63 26.44 7.01 0.85 5.30 -1.6500 2.6100 1.6500 0.9889 0.6011 -0.0389 8.59 -1.63 4.42 193 428 374 411 228 
-0.7609 0.3122 0.4078 0.3965 55.19 60.31 16.69 7.09 1.27 6.00 -0.9000 2.7800 1.1200 -0.2100 -0.0467 -0.4322 8.57 -1.18 4.61 198 425 372 409 229 
-0.7411 0.3207 0.4038 0.4299 61.63 60.75 18.56 11.78 3.16 5.63 2.4200 4.9300 0.3800 -4.6578 -0.5033 -0.3111 8.72 -2.72 3.56 181 292 306 318 226 
-0.6031 0.5315 0.2806 0.5245 84.75 63.25 62.19 5.89 -0.78 -0.76 0.7900 2.8200 -3.2900 -3.1844 0.4711 0.8589 8.56 -4.70 0.83 186 272 257 317 226 
-0.4849 0.6747 0.1308 0.5409 98.12 58.19 85.25 5.95 -10.19 -2.83 -2.0400 -4.4500 -2.7600 -1.2411 0.2178 0.3256 8.11 -5.49 -0.12 198 289 263 323 227 
-0.4244 0.7179 0.0449 0.5500 104.87 55.88 94.50 6.89 -6.42 -0.57 -1.3200 -0.6400 0.1900 0.0033 -0.6656 -0.0400 8.12 -5.44 -0.76 196 290 273 320 224 
-0.4139 0.7458 0.0614 0.5182 102.31 55.19 103.25 1.98 -4.72 -2.30 -7.7200 1.6400 -0.9600 0.9422 -2.5578 -0.2900 7.85 -5.43 -2.23 200 325 305 324 214 
-0.3977 0.8024 0.1764 0.4086 95.56 52.38 138.94 4.35 3.29 -1.81 -1.0300 6.5500 3.3500 -5.4644 -2.1033 -5.4678 7.18 1.02 -6.59 196 263 227 250 193 
0.0833 0.8506 0.3855 0.3477 131.62 23.62 -144.25 10.97 8.83 -15.92 4.6800 2.8200 -7.9900 -0.6833 -0.9100 0.0400 3.48 6.09 -6.85 209 284 257 289 205 
0.2314 0.8503 0.3609 0.3052 134.50 20.56 -140.00 7.73 5.95 -9.98 3.5800 -0.4800 -3.6600 1.1767 -0.3556 0.4444 3.40 5.03 -7.69 210 298 265 307 215 
0.1337 0.9013 0.3351 0.2396 140.69 19.81 -159.56 12.12 4.57 -18.43 7.4900 2.6600 -9.6100 7.3022 3.5222 3.2133 4.93 -2.59 -8.07 218 422 360 431 230 
-0.4188 0.8493 0.2173 0.2369 53.44 35.50 116.37 0.13 -0.18 -2.26 -4.9700 8.4900 1.1000 2.7711 1.6767 2.2000 4.47 -8.69 -0.75 220 432 369 418 228 
-0.6693 0.7032 0.0576 0.2327 37.19 22.81 88.25 1.56 -3.92 1.01 -1.9000 4.8800 0.6900 0.4922 0.8278 -0.3300 3.89 -8.96 0.81 219 430 374 421 228 
-0.6908 0.6747 0.0466 0.2556 41.38 24.87 84.87 3.15 -6.49 1.77 -1.3000 2.6800 0.9800 -0.2822 0.0944 -0.9044 4.70 -8.58 0.60 216 420 364 380 224 
;
