0.0300 0.5489 0.0673 0.8326 184.12 65.50 -20.44 8.94 1.39 3.75 0.0300 -0.0300 -0.0400 -0.0033 0.0189 0.0000 8.91 1.42 3.81 185 323 321 348 211 
0.0300 0.5481 0.0674 0.8331 184.12 65.31 -20.31 9.02 1.50 3.82 -0.0300 -0.0200 0.0500 -0.1744 0.0289 0.0411 8.90 1.35 3.87 188 295 319 345 212 
0.0327 0.5460 0.0594 0.8350 184.50 65.19 -18.69 8.90 1.23 3.82 0.0100 -0.0600 -0.0200 -0.0144 -0.0267 -0.0067 8.90 1.31 3.88 190 298 320 345 209 
0.0336 0.5471 0.0582 0.8344 184.62 65.37 -18.81 8.93 1.27 3.78 0.0100 -0.0200 -0.1000 0.0022 -0.0444 -0.0133 8.92 1.32 3.82 186 305 317 346 209 
0.0386 0.5492 0.0591 0.8327 186.25 65.19 -21.06 10.50 1.87 3.64 2.7200 0.5100 -0.3300 0.0878 1.4000 -1.0322 8.48 2.04 4.47 167 307 315 343 211 
0.0927 0.4363 0.1129 0.8879 192.19 41.38 -23.00 3.98 3.08 7.48 -4.1800 0.5400 0.1600 -1.9111 1.9833 0.3211 5.02 1.94 8.19 198 309 298 366 227 
0.0769 0.3884 -0.0367 0.9175 182.62 66.56 28.06 -0.03 -2.72 -7.75 -2.8500 2.3700 -5.8700 -6.0556 -12.0189 3.5989 5.68 -3.30 -7.27 197 301 263 336 224 
0.0013 0.8937 -0.3897 0.2220 228.94 21.31 176.19 2.42 -0.52 -14.21 -1.5200 0.0000 -4.2700 -1.2256 0.0556 -0.6111 3.67 0.81 -9.05 204 314 284 350 224 
0.1329 0.8936 -0.4007 0.1525 228.25 22.81 -172.50 5.14 -0.26 -10.15 0.6300 -1.4800 -1.2900 0.2567 0.2389 0.1778 3.96 1.02 -8.91 208 330 283 354 227 
0.1212 0.8912 -0.4047 0.1653 228.44 21.44 -177.19 13.12 -0.02 -32.34 7.9600 2.2700 -19.4500 10.6600 3.0156 1.7133 4.84 -5.58 -6.44 212 433 365 426 223 
-0.3979 0.6952 -0.2742 0.5321 102.31 28.12 85.94 -0.54 2.70 2.29 -4.6600 11.7900 0.5400 1.3033 1.5033 2.0967 2.97 -9.02 2.40 216 441 375 428 222 
-0.5400 0.5068 -0.3134 0.5945 96.75 15.00 71.25 0.06 -2.64 3.37 -1.9400 5.7100 0.4300 -0.1389 0.4122 -0.4467 2.65 -8.91 3.11 212 432 373 426 223 
-0.5040 0.4933 -0.3257 0.6297 104.00 18.50 72.19 1.19 -5.75 3.92 -2.0500 1.8000 -1.8000 -0.3467 -2.2922 -1.5711 4.41 -8.46 2.23 210 303 276 319 224 
-0.4332 0.5703 -0.1952 0.6701 121.00 42.50 60.31 3.43 -4.62 2.32 -2.9000 0.7300 -1.8900 3.0089 1.1311 -5.3178 7.91 -2.20 5.34 202 282 298 347 227 
-0.2422 0.4402 0.1580 0.8500 151.25 54.75 -14.19 12.30 6.34 6.40 4.3400 3.5300 1.4400 2.5744 1.1300 -3.5911 6.62 4.89 5.32 202 301 292 351 219 
-0.1038 0.3065 0.3822 0.8656 167.81 38.00 -48.44 8.26 10.78 10.02 1.6400 4.1600 2.5400 -1.7000 -1.0322 1.5067 7.28 3.92 5.27 203 292 307 386 227 
-0.1187 0.4690 0.1934 0.8535 159.56 71.12 -1.69 5.35 -2.31 -1.57 0.6000 3.6800 1.5300 -4.9700 -12.4211 12.9100 4.53 -6.23 -6.05 208 263 288 380 226 
-0.1801 0.8572 -0.3878 0.2870 231.31 20.19 152.62 2.12 -0.72 -13.60 0.1000 3.0200 -7.1100 -2.7700 0.4922 -1.1744 3.54 -1.66 -8.99 209 297 287 373 226 
0.0222 0.8953 -0.4018 0.1910 227.31 22.62 172.56 7.36 -3.53 -11.21 1.9700 -0.4100 -0.6300 1.0600 0.8778 -0.0078 4.44 -1.92 -8.52 210 304 291 375 225 
-0.0129 0.8859 -0.3768 0.2701 225.56 28.50 164.06 1.67 -2.10 -8.08 -2.5700 0.6300 -0.2200 1.4656 -0.5511 -0.7600 4.62 -2.92 -8.13 209 358 275 257 181 
-0.0734 0.9000 -0.3403 0.2623 221.06 25.12 158.00 6.64 -5.75 -13.55 1.9200 -1.0800 -6.3800 3.5433 -0.2100 -0.2200 4.16 -5.24 -7.16 157 413 171 172 102 
-0.2802 0.8557 -0.2571 0.3510 97.25 28.19 124.50 3.77 -4.07 -2.24 -0.4700 4.3900 2.1900 4.2189 1.9878 -0.1933 5.15 -8.12 -1.89 135 429 178 177 109 
-0.4951 0.7072 -0.1445 0.4837 86.56 33.25 87.87 4.90 -5.51 3.07 0.2800 1.7500 1.8100 1.2567 0.0878 -0.0833 5.45 -8.04 1.29 135 433 188 183 114 
-0.5667 0.6448 -0.0793 0.5068 82.94 34.50 78.31 6.70 -7.26 -0.22 1.4500 0.3800 -3.0800 2.5400 2.7367 -1.1033 5.78 -7.22 3.25 123 432 181 190 116 
-0.5830 0.6181 -0.0449 0.5254 85.62 34.94 75.50 2.56 -8.03 3.72 -0.8200 0.2600 1.0700 -2.1822 -1.2322 -0.2722 5.67 -7.98 0.46 137 430 186 194 121 
-0.5151 0.6602 -0.1157 0.5342 93.37 35.69 76.19 -15.36 -0.93 13.69 -8.1500 4.3900 15.7900 -0.6711 -1.8444 1.0767 5.74 -7.63 2.22 130 426 182 191 119 
-0.5297 0.6247 -0.1285 0.5591 93.69 34.75 81.75 6.51 -7.57 2.74 0.3800 0.5500 1.7700 -1.6889 0.7133 -0.9167 6.00 -7.74 0.19 148 418 185 194 127 
-0.3831 0.6909 -0.1637 0.5909 124.06 49.00 89.62 7.08 -3.39 0.43 -0.8700 3.0100 -0.4900 -0.1600 4.6467 -3.9978 8.63 -4.09 2.20 162 336 201 218 148 
;
