0.1129 0.3474 0.0935 0.9262 194.19 38.44 -19.25 5.79 2.47 7.02 -0.1100 -0.0500 -0.1500 0.2289 -0.0711 -0.5467 6.04 2.86 7.17 171 7 288 7 191 
0.1426 0.3499 0.1180 0.9183 198.87 37.63 -24.75 6.59 3.48 6.73 0.7700 0.3200 -0.2400 0.1844 -0.4211 -0.3400 6.09 3.52 6.82 178 7 296 9 212 
0.1637 0.3671 0.1328 0.9059 200.62 38.44 -27.50 6.25 3.73 6.77 0.3300 0.1400 0.1100 0.0956 0.0411 -0.0600 6.07 3.59 6.80 173 7 302 9 212 
0.1603 0.3644 0.1452 0.9058 199.56 37.81 -29.00 6.58 4.95 7.92 -0.2200 1.4100 1.3300 -0.9044 -1.5867 0.5244 6.79 3.25 6.27 177 9 317 8 215 
0.1504 0.5758 0.0454 0.8024 203.94 77.87 -107.81 7.56 3.03 -10.32 1.4800 1.1600 -3.7000 -2.5422 -11.2044 0.7622 5.06 2.16 -8.11 190 8 295 7 214 
0.1731 0.9501 -0.1493 0.2120 196.81 25.75 -160.75 6.65 2.72 -9.19 2.1000 -0.9700 -1.7200 -0.8133 0.0922 -0.6322 3.97 3.65 -8.18 189 10 302 10 216 
0.2244 0.9504 -0.1162 0.1812 193.69 23.87 -156.00 7.15 2.55 -12.74 4.7600 -0.7400 -6.5500 2.2111 -0.0278 0.1433 4.10 2.39 -8.57 189 8 323 10 223 
0.0242 0.9523 -0.1001 0.2874 191.00 38.00 159.56 13.94 -0.44 -12.96 -1.0200 5.5900 -7.8200 6.8522 5.8144 3.1522 6.45 -7.31 -1.03 214 12 377 9 229 
-0.4988 0.6558 -0.1471 0.5473 93.25 30.62 75.69 -4.09 2.02 2.82 -7.3900 8.7500 0.4700 0.9389 0.7656 0.3411 4.20 -8.15 3.45 214 8 387 10 230 
-0.5678 0.5330 -0.1832 0.5999 94.69 26.44 66.87 2.57 -4.55 2.15 -1.8600 3.3000 -1.3900 -1.3278 -0.0078 -0.9900 4.95 -8.02 2.67 212 10 377 9 228 
-0.4721 0.6125 -0.1870 0.6058 106.75 37.69 82.81 8.07 -6.30 0.02 2.8300 0.8000 -0.6900 -1.9911 -0.1911 -3.0689 7.53 -6.26 -0.47 183 12 343 9 228 
-0.2606 0.7110 -0.1410 0.6377 137.37 55.31 95.81 20.73 -4.76 -0.66 10.2000 3.1400 -0.8700 -1.8878 2.4289 5.1122 5.90 -7.82 -0.41 185 8 338 11 224 
-0.3258 0.5272 -0.4957 0.6084 121.37 8.31 96.12 -10.07 -1.96 -8.64 -12.3400 6.1200 -8.4400 -2.8056 1.1489 3.2233 -1.31 -9.18 -3.18 182 8 333 11 221 
-0.3187 0.3216 -0.7153 0.5323 122.81 -4.25 99.19 -5.71 -3.63 -8.40 -6.0300 6.4000 -8.2900 7.7178 0.4722 -3.7278 1.87 -8.86 3.75 183 9 336 9 224 
-0.2394 0.2623 -0.2970 0.8864 153.56 22.12 23.44 11.66 17.53 21.43 8.4300 17.9900 17.8500 2.1600 2.5144 -0.6233 2.82 0.58 9.37 198 7 370 11 229 
-0.1970 0.1597 0.0012 0.9673 157.19 19.25 14.06 6.13 6.05 10.21 1.2100 9.5900 -2.2500 -8.5189 -0.8967 2.7011 2.67 -7.45 5.78 186 7 354 8 227 
-0.2160 0.2401 -0.5613 0.7620 147.25 2.37 85.12 -6.57 -7.58 -13.18 -6.9200 1.8100 -14.8500 -2.1067 0.0256 0.1211 0.01 -9.74 -1.13 187 10 353 10 226 
-0.1719 0.1901 -0.6813 0.6857 154.87 2.87 81.25 -0.64 -3.99 -9.45 -1.1400 7.1200 -12.6800 10.3444 -1.4433 -0.7011 1.34 -5.84 7.76 185 8 372 11 228 
-0.2299 0.0930 -0.0703 0.9662 152.00 8.94 0.50 2.49 10.40 24.43 1.8200 8.8900 14.9900 1.0789 -0.7833 -0.0767 2.15 0.93 9.52 192 9 370 9 227 
-0.2366 0.1259 0.0314 0.9629 152.75 17.25 6.19 3.59 -1.15 7.15 -1.1800 -0.8200 -3.9600 -5.0733 -1.3411 -0.3856 4.18 -4.45 7.66 163 8 201 5 144 
-0.1896 0.3457 -0.2192 0.8925 153.25 38.69 42.94 4.64 -6.95 0.07 -2.7200 -0.6200 -2.9300 1.8422 -1.5856 -1.7078 7.83 -3.94 4.38 145 6 193 5 140 
-0.2044 0.5701 -0.0261 0.7953 152.00 69.06 28.50 6.80 2.25 0.63 -1.2900 4.0000 -1.2500 1.4333 -3.1689 -2.7256 9.70 0.76 1.16 139 7 184 9 123 
-0.1021 0.6713 0.2372 0.6948 165.25 74.56 -103.75 17.69 9.50 -8.14 9.2300 6.5800 -7.7000 3.6344 1.0333 -1.0778 9.14 3.42 -0.86 153 9 185 6 128 
-0.2313 0.5877 0.4379 0.6398 132.94 75.31 -100.06 17.39 6.56 5.71 4.9700 4.2900 5.0200 0.6133 4.3467 2.6811 9.40 0.44 2.75 165 11 194 6 139 
-0.4951 0.4476 0.2769 0.6913 106.62 56.56 17.06 -2.88 0.05 6.47 -11.6000 2.5800 0.5100 -3.4733 2.1722 2.0633 6.66 -4.26 5.78 166 6 199 5 140 
-0.5337 0.5131 -0.0231 0.6718 103.69 43.44 57.63 -3.29 -0.26 0.48 -9.8000 5.7200 -3.0000 -2.7167 -0.6478 -3.9078 8.30 -4.79 2.04 161 11 205 7 146 
-0.2499 0.6415 0.0494 0.7236 150.94 77.50 29.25 13.32 5.85 -6.52 6.6900 6.2900 -7.3500 1.9289 -1.9478 -2.3256 9.72 1.25 0.27 160 6 209 7 150 
-0.1436 0.6617 0.2899 0.6763 154.50 77.00 -107.44 19.22 2.75 -1.29 9.1000 0.3200 0.3400 2.3422 -0.1667 1.0700 9.61 1.25 -1.49 164 9 211 6 150 
-0.2673 0.6701 0.3557 0.5941 128.19 82.12 -171.37 7.94 0.12 2.11 -2.2100 0.0800 2.7700 -0.2967 0.0856 1.3689 9.70 -0.88 -1.10 166 5 211 6 152 
-0.3189 0.6853 0.2843 0.5898 123.62 81.69 134.31 6.56 -0.85 -0.36 -3.0000 0.0900 0.0300 -1.1289 -0.3711 -0.0544 9.67 -0.85 -1.36 169 9 224 7 163 
-0.2501 0.7156 0.2539 0.6008 139.87 82.12 176.62 11.73 0.33 -0.83 2.1500 0.0700 -0.1700 -0.9167 2.3367 -1.7778 9.68 1.43 0.59 170 8 262 8 177 
;
