0.2566 0.2050 0.1027 0.9390 210.62 19.44 -18.31 2.89 2.75 8.85 -0.4000 -0.1000 0.0500 -0.0078 0.0622 0.0311 3.22 2.88 8.79 176 301 304 310 202 
0.2546 0.2017 0.1025 0.9402 210.06 18.87 -18.25 2.89 2.99 8.80 -0.0400 0.2200 -0.1700 0.0556 -0.0356 0.0189 3.18 2.95 8.79 175 303 307 311 202 
0.2524 0.1989 0.1058 0.9410 210.00 18.37 -18.25 3.12 2.51 9.11 0.1600 -0.2600 0.7300 0.9644 0.5633 -0.2367 2.78 3.39 8.76 172 318 315 335 202 
0.2260 0.1866 0.1453 0.9449 204.25 16.56 -17.87 0.74 3.76 10.13 -2.7900 0.6200 0.5800 -1.6444 -3.9989 2.1278 4.73 0.99 8.53 188 328 318 348 210 
0.0884 0.4943 -0.0166 0.8647 186.87 84.06 -1.94 5.96 0.09 -13.82 -2.7600 0.6100 -10.1100 2.2756 -13.3044 -0.1289 5.24 -0.60 -8.26 198 290 288 336 217 
-0.0355 0.9773 0.0522 0.2023 173.25 18.94 177.87 5.26 0.54 -6.61 2.5900 -0.6200 2.6200 -1.2600 -0.8133 -0.6767 2.08 0.71 -9.55 199 303 298 357 219 
0.0728 0.9859 0.0911 0.1198 168.56 13.19 -167.87 5.12 2.68 -10.94 2.8800 0.4200 -2.1100 -1.2733 0.3778 -0.2900 2.48 3.17 -8.93 202 318 307 363 220 
0.1584 0.9686 0.1082 0.1578 167.50 16.56 -159.37 6.81 1.01 -12.26 4.6400 -2.1200 -3.7400 0.8656 1.8022 0.4044 3.90 2.68 -8.58 199 322 315 369 222 
0.0787 0.9501 0.0987 0.2853 170.00 35.81 -171.37 12.22 5.27 -21.19 4.5500 10.1700 -13.0000 6.4978 4.3044 3.7700 7.13 -4.07 -5.35 208 419 366 414 220 
-0.4465 0.7706 -0.0045 0.4548 84.69 39.75 97.12 0.71 -0.09 -2.33 -6.4200 11.2000 -1.5400 2.2122 0.9344 2.4722 3.92 -8.88 1.37 210 428 373 421 219 
-0.6526 0.6227 -0.1237 0.4136 65.25 20.44 77.56 -0.78 -2.87 2.55 -3.8200 5.8100 0.4800 -0.7467 0.1622 -0.8022 3.80 -8.88 1.65 208 425 366 418 218 
-0.5967 0.6500 -0.1255 0.4536 78.44 28.62 83.62 5.28 -6.41 0.37 0.7700 2.0200 -0.3100 -1.8111 0.3856 -2.3522 6.00 -7.75 0.09 190 386 354 404 218 
-0.4184 0.7214 -0.1115 0.5405 110.00 44.88 97.50 21.27 -8.07 -2.08 13.3900 -0.3100 -0.6600 -1.1778 3.1967 3.7944 5.18 -8.31 -0.29 168 342 344 386 218 
-0.4084 0.5696 -0.4409 0.5607 106.00 10.06 93.81 -4.86 -3.13 -4.86 -7.3800 6.0300 -5.6300 -2.7589 2.3522 3.3778 -1.30 -9.31 -2.75 169 334 336 367 215 
-0.3350 0.3639 -0.7219 0.4839 117.19 -6.06 100.50 -2.87 -0.74 -11.51 -2.2900 11.6300 -9.4000 9.4622 -1.0833 -1.8567 0.48 -8.21 5.32 180 364 341 392 218 
-0.4343 0.1916 -0.1932 0.8586 126.62 10.56 20.69 5.81 7.28 37.70 2.3700 8.3800 26.3000 -2.6233 0.7178 -0.6356 1.61 -3.76 8.90 184 371 359 396 218 
-0.3557 0.2154 -0.3024 0.8577 137.87 8.69 58.13 3.67 2.11 -5.54 0.7200 8.4900 -12.5700 -7.6411 0.1622 0.4278 1.24 -9.70 -0.68 173 359 336 373 212 
-0.1960 0.3460 -0.7184 0.5707 141.37 6.50 104.31 -0.35 -2.74 -14.93 -2.5100 8.2600 -11.1900 7.6056 -1.2089 -0.8111 1.73 -9.26 2.70 178 364 344 380 215 
-0.3734 0.2997 -0.2897 0.8287 129.75 18.37 36.31 6.36 1.68 26.25 2.6100 4.7200 17.4500 0.6878 -0.9800 -0.1267 3.79 -4.36 7.92 170 349 327 321 210 
-0.4100 0.3262 -0.1309 0.8417 129.31 27.81 37.00 6.92 -5.06 8.56 2.3800 0.1400 2.2600 -2.3656 -0.2233 -0.1722 4.87 -6.26 5.76 188 253 277 246 183 
-0.3535 0.3853 -0.2766 0.8063 131.62 20.25 53.13 8.52 -10.72 -3.26 3.1300 -2.6800 -12.3900 1.2733 9.5256 2.7889 -2.37 -7.23 6.17 205 171 174 166 117 
-0.2969 -0.2191 -0.4681 0.8030 134.81 -47.81 52.31 -2.18 2.14 1.42 1.1300 6.0700 -2.0600 0.5056 -1.5578 3.3644 -8.39 -2.84 4.19 209 170 171 165 119 
-0.4841 -0.3403 -0.3465 0.7279 109.06 -52.63 9.75 -11.71 3.64 10.57 -6.1100 1.7800 6.2400 0.8233 -2.4044 1.0300 -6.57 0.10 7.27 208 177 171 170 123 
-0.5646 -0.2538 -0.2022 0.7589 108.69 -36.00 3.94 -10.53 0.65 12.83 -3.4400 1.7500 3.4400 -0.8233 -0.3278 -1.1078 -5.29 -1.51 8.11 207 182 177 177 126 
;
