0.0891 0.1453 0.0510 0.9841 190.25 15.75 -7.56 2.74 1.14 9.32 0.1400 -0.0600 0.0100 0.0156 0.2078 0.0389 2.56 1.24 9.38 169 346 357 382 210 
0.0870 0.1354 0.0524 0.9856 190.00 14.69 -7.50 2.38 1.22 9.19 -0.4400 -0.1700 -0.1300 0.0756 0.2700 0.0178 2.30 1.26 9.44 171 349 356 383 209 
0.0839 0.1207 0.0568 0.9875 189.62 13.06 -7.94 2.12 1.25 9.35 0.0400 -0.1100 0.1400 0.5933 0.3433 -0.1356 1.96 1.76 9.44 183 357 346 400 213 
0.0995 0.0332 0.1938 0.9754 192.25 -5.56 -26.19 -3.35 4.69 6.29 -4.1900 -0.5400 -3.1600 -2.5511 -3.9233 1.5544 0.39 3.16 9.27 189 301 275 282 210 
0.0355 0.2974 0.1189 0.9467 182.75 57.44 -28.69 4.52 0.27 -9.42 -3.8600 -0.9600 -9.5900 2.5378 -12.0967 0.8256 7.98 2.08 -5.29 203 282 280 285 212 
0.0093 0.9171 0.2359 0.3214 152.75 26.06 -167.25 6.47 3.45 -9.78 2.5300 1.2500 -2.1900 -1.1578 -1.5078 0.5778 2.82 3.09 -8.86 205 282 269 300 213 
0.1492 0.9553 0.1898 0.1705 158.06 15.50 -158.19 5.87 3.03 -11.91 3.1800 -1.5100 -2.9700 0.4256 0.1478 0.4678 2.75 3.28 -8.82 205 294 273 310 215 
0.1241 0.9637 0.1614 0.1725 161.25 17.69 -164.31 9.79 2.23 -21.83 4.8300 1.4300 -12.0700 5.8022 1.2867 1.7567 4.12 -1.60 -8.75 206 376 290 364 222 
-0.3278 0.8963 0.1120 0.2768 65.44 37.38 115.75 0.52 1.66 0.94 -6.2300 8.1200 3.0800 2.3322 1.8600 2.8967 4.61 -8.65 -0.06 212 422 350 411 221 
-0.6565 0.6924 0.0117 0.2990 48.69 24.25 85.37 0.34 -1.52 0.35 -3.5800 6.8300 0.0600 0.1967 0.3278 0.1667 3.86 -8.95 1.03 211 420 360 414 222 
-0.6670 0.6703 -0.0215 0.3246 53.13 24.75 83.94 1.78 -6.37 2.34 -1.4600 2.3700 1.3700 -1.5044 0.3778 -1.7656 5.15 -8.33 0.14 213 400 348 376 218 
-0.5500 0.7243 0.0087 0.4157 78.06 40.19 96.37 3.69 -6.95 -1.53 -2.4300 -1.0300 -0.4100 -1.8333 1.3278 -2.9967 7.97 -5.52 -1.45 211 220 218 225 161 
-0.3526 0.7388 0.0734 0.5696 120.56 68.19 97.19 13.54 -3.44 -1.30 2.3900 -3.2100 -1.4400 1.8067 -1.1444 -1.2500 9.48 -2.46 0.23 208 163 174 177 119 
-0.3635 0.6605 0.2056 0.6240 116.50 78.56 66.44 -2.26 -0.32 0.44 -10.9100 3.7000 1.9800 2.8356 -0.2222 -3.2311 9.76 0.81 0.41 209 171 179 184 120 
-0.3389 0.5131 0.5001 0.6097 123.62 72.19 -97.81 22.99 7.24 -1.95 12.9600 3.8100 0.7000 0.4300 -0.8411 0.6622 9.29 2.78 -1.40 212 177 182 187 122 
-0.3201 0.5306 0.5398 0.5698 121.62 71.87 -116.87 8.97 3.68 -0.98 -0.4900 1.0200 0.2500 -0.4478 -0.0544 0.1733 9.36 2.61 -1.28 211 177 186 191 126 
-0.3028 0.5534 0.5099 0.5848 127.31 73.31 -117.00 7.97 3.53 -1.15 -1.2100 0.4900 -0.2600 -1.0044 -0.0367 -0.3589 9.37 2.64 -1.12 212 202 198 210 143 
-0.2527 0.5740 0.4777 0.6152 136.12 70.75 -103.75 15.02 5.51 -1.70 5.5400 2.7000 -1.2300 -0.3922 0.4533 1.3478 9.50 2.41 0.19 196 360 215 199 140 
-0.3266 0.6105 0.3932 0.6050 117.87 84.25 179.06 16.14 -1.96 -3.89 3.2200 -0.2600 -2.8500 2.3656 -1.6711 5.0411 8.40 -4.59 -2.08 145 418 182 185 124 
-0.5564 0.7189 0.2180 0.3552 56.50 43.94 96.75 1.25 -1.45 -0.34 -3.6500 5.6300 0.5300 2.0956 -0.8122 1.2944 5.80 -7.90 0.10 134 417 188 185 123 
-0.7275 0.6156 0.2079 0.2205 25.56 36.00 81.25 11.41 -1.02 11.22 4.1500 5.3700 7.3000 -2.3289 2.8589 0.2856 5.47 -8.09 0.82 131 420 197 190 122 
-0.6752 0.6781 0.2130 0.1972 33.69 33.81 93.25 8.00 -9.93 -5.21 2.5500 -2.1100 -5.6000 2.2056 1.8733 -0.2333 5.52 -8.05 0.83 127 418 194 190 123 
-0.7150 0.6316 0.1892 0.2326 39.19 33.75 80.00 4.00 -5.83 3.37 -2.5800 1.3400 0.3800 -1.3244 0.0256 -0.6622 5.70 -7.90 1.01 128 417 203 195 126 
;
