0.2380 0.2320 0.1211 0.9353 208.62 22.06 -21.44 4.34 3.63 8.45 0.1200 0.0600 -0.0300 -0.1322 0.4156 -0.2022 3.44 3.30 8.56 164 310 324 323 199 
0.2472 0.2126 0.1260 0.9370 209.81 19.56 -21.31 2.44 3.17 8.59 -0.6300 -0.0700 0.1600 0.0456 -0.5489 0.0356 3.57 3.37 8.48 166 307 322 322 199 
0.2513 0.2404 0.1202 0.9298 210.06 23.37 -21.94 5.06 3.62 8.38 0.9100 0.1500 -0.0100 0.0089 0.2300 0.0456 3.90 3.35 8.34 163 308 323 324 198 
0.2476 0.2432 0.1202 0.9301 209.87 23.31 -22.00 4.73 3.49 8.40 1.2800 -0.0400 0.1600 0.0333 -0.1689 0.0300 4.00 3.42 8.26 167 309 321 317 201 
0.2404 0.2331 0.1374 0.9322 207.31 18.87 -25.00 5.78 7.08 12.52 6.0800 4.1500 6.4300 0.6222 2.1222 1.4022 2.11 4.62 8.38 183 323 329 353 213 
0.0963 0.1577 0.1535 0.9707 187.25 30.87 -15.00 -3.54 -4.10 -2.00 -11.7000 -5.0700 -16.4900 2.9211 -22.2144 4.6144 7.83 -1.41 -5.73 201 301 288 325 212 
-0.1083 0.9589 0.0089 0.2623 179.12 24.44 166.56 4.39 0.57 -3.92 -0.1300 1.2900 4.7500 -1.1689 -0.8711 -0.7133 3.34 -1.15 -9.14 203 305 277 335 211 
-0.0082 0.9866 0.0311 0.1598 175.69 18.19 -176.87 6.32 0.07 -12.99 3.1900 -1.9600 -5.1600 -0.9544 0.5100 -0.5833 3.41 1.49 -9.07 202 318 296 345 214 
0.0542 0.9749 0.0610 0.2071 172.75 24.94 -173.00 8.45 -2.13 -13.66 3.6700 -2.8900 -5.6400 1.4789 1.2789 0.8378 5.16 -0.27 -8.32 204 321 296 323 211 
-0.1133 0.9484 0.0336 0.2944 114.81 41.69 148.00 2.18 4.10 -11.55 3.0600 2.9100 8.2500 8.0222 4.7800 4.2311 5.97 -7.74 0.73 212 423 364 416 217 
-0.6625 0.6196 -0.0289 0.4199 63.19 26.12 72.69 -0.57 -0.26 0.14 -3.9700 8.1500 -2.5600 0.3022 0.9011 -0.3967 4.09 -8.35 3.08 212 425 361 419 218 
-0.6777 0.5783 -0.0607 0.4501 68.94 27.25 68.62 1.56 -5.35 3.18 -2.7400 1.8100 -0.3700 -0.6822 -0.1944 -1.2389 5.35 -7.73 2.77 210 428 357 414 217 
-0.6008 0.6119 -0.0132 0.5142 83.75 40.06 72.44 4.87 -5.50 -0.87 -1.2900 0.3500 -3.2700 -0.5278 -0.8178 -2.0156 7.59 -6.02 1.47 131 376 342 402 216 
-0.4605 0.6634 0.0983 0.5815 108.69 64.31 77.69 12.34 -7.18 -1.37 0.3100 -2.2200 -3.2800 0.0622 -0.2744 -0.7822 9.22 -3.19 0.96 100 236 241 266 195 
-0.4243 0.6586 0.1852 0.5931 107.56 69.37 70.50 9.87 -6.55 3.01 0.8200 3.5900 3.8400 1.0122 1.5300 -0.1867 8.96 -2.95 2.65 95 184 188 179 118 
-0.4835 0.5585 0.1968 0.6447 106.19 66.50 44.25 6.45 -0.26 -1.35 -1.0400 2.6800 -4.0900 1.0389 -2.4778 -0.8844 9.51 -2.05 1.19 97 185 186 181 118 
-0.4515 0.6035 0.3558 0.5526 97.94 82.56 105.81 12.92 3.38 30.03 5.0800 -1.3600 20.7300 -0.0211 -0.5911 0.7200 9.68 -1.39 -0.67 101 183 188 181 117 
-0.4681 0.5829 0.3405 0.5701 104.62 79.44 54.13 11.44 2.97 3.85 2.9300 4.5800 -1.1400 -3.3544 0.4122 -0.8244 9.69 -1.06 0.97 102 186 190 185 118 
-0.3257 0.6444 0.2387 0.6494 126.50 83.00 69.94 8.45 -1.97 -5.57 -1.2100 -0.2100 -3.9600 1.0333 0.0444 0.7278 9.67 -1.58 0.38 101 190 192 188 118 
-0.3735 0.6484 0.2600 0.6104 113.87 80.12 87.25 7.50 -4.58 -3.14 -5.7400 2.1300 15.4700 -2.3267 -3.6544 1.3522 9.46 -2.27 -1.21 103 179 186 185 117 
-0.4109 0.6837 0.2823 0.5330 106.37 74.19 105.44 9.43 -3.61 0.92 1.8600 -0.1100 2.9200 -0.0544 1.1656 0.0000 9.45 -2.60 -0.17 118 206 208 206 135 
-0.4214 0.6426 0.2155 0.6025 112.00 70.25 62.13 9.26 -4.52 7.23 -1.0700 -2.9700 3.4500 -0.9578 0.9656 0.7122 8.72 -3.73 2.45 174 374 161 167 116 
-0.4411 0.6320 0.0325 0.6364 107.62 51.94 72.44 8.59 -9.24 -0.01 -0.9900 -0.7700 -3.3200 0.2233 -0.8089 3.1144 5.87 -7.72 1.44 137 367 180 170 118 
-0.6013 0.6576 -0.0894 0.4450 66.00 26.19 79.25 2.95 -4.72 0.28 -1.4000 4.0200 -1.9400 2.2711 -0.1833 0.3656 4.03 -8.40 3.02 144 370 183 173 120 
-0.7129 0.5756 -0.0345 0.3992 58.69 24.37 68.62 3.06 -6.45 -0.36 -0.2700 0.8900 -4.8000 -0.0622 0.2422 -0.6600 4.39 -8.13 3.26 145 366 184 175 121 
-0.7167 0.5418 -0.0322 0.4379 60.25 22.44 55.19 5.12 -2.28 1.00 -3.0900 8.5400 -1.4200 5.7056 1.8878 1.4533 2.04 -4.75 8.32 147 380 185 177 122 
-0.8796 0.1851 -0.0140 0.4380 53.69 6.75 16.69 -5.70 3.63 14.19 -6.2700 4.9500 3.4000 -0.3322 -0.1100 -1.4111 1.33 -2.65 9.34 153 381 187 178 121 
;
