0.7938 -0.1913 -0.4442 -0.3688 49.75 57.75 -2.56 8.20 0.26 5.08 -0.0800 0.0200 -0.1300 -0.0322 -0.0056 0.0111 8.30 0.21 5.21 183 330 328 337 198 
0.7937 -0.1932 -0.4439 -0.3683 49.75 57.88 -2.06 8.23 0.18 5.14 -0.1100 0.0100 -0.0800 -0.0389 -0.0244 -0.0067 8.32 0.17 5.18 184 331 329 336 196 
0.7923 -0.1960 -0.4443 -0.3693 50.13 58.06 -1.44 7.61 1.96 8.63 -0.9700 1.9800 3.0600 -2.7378 -2.4944 0.4156 8.93 -0.78 3.96 192 336 307 321 196 
0.6547 -0.3952 -0.5251 -0.3735 61.88 79.31 131.75 5.48 -0.24 -6.14 -4.2800 0.5500 -3.8000 -2.4544 -11.2922 -0.0067 4.92 -0.45 -8.46 198 262 238 276 189 
0.1359 -0.6548 -0.7349 -0.1129 83.69 18.44 -179.44 1.10 0.00 -9.56 -0.5900 -0.5400 -0.4100 -1.0511 -0.0656 -0.3778 2.78 1.04 -9.34 204 282 250 300 200 
0.0597 -0.6472 -0.7440 -0.1556 81.50 17.00 -169.44 5.59 -0.75 -14.01 2.8000 -2.5000 -5.3400 0.6567 0.4467 -0.0856 3.11 1.50 -9.17 208 293 264 309 206 
0.1075 -0.6378 -0.7491 -0.1433 81.37 21.12 179.62 8.43 0.94 -19.07 1.9600 1.0400 -9.7400 6.2989 4.7489 1.7222 5.88 -4.51 -6.40 212 412 340 416 221 
0.5609 -0.5705 -0.5991 0.0333 348.87 37.88 110.56 -0.32 0.06 1.13 -6.0500 8.5200 3.2500 1.8122 1.2311 1.2211 5.05 -8.39 -0.33 213 425 357 435 224 
0.6912 -0.5356 -0.4672 0.1306 339.69 30.75 91.25 2.55 -3.27 -0.03 -2.2600 4.6700 -0.0700 -0.8289 -0.4744 -0.7156 5.41 -8.13 -0.81 212 416 355 422 216 
0.6511 -0.5526 -0.5156 0.0706 352.62 38.31 102.31 14.58 -6.19 -2.74 9.5200 1.4800 -0.4000 -4.4911 7.0911 0.3200 6.65 -7.17 -0.59 208 349 305 344 211 
0.6461 -0.6871 -0.1945 -0.2693 51.06 33.94 90.44 10.55 -7.03 -2.12 5.6000 4.0800 -4.2000 -4.8711 7.5178 5.1967 2.65 -9.40 -0.81 201 334 313 356 205 
0.5020 -0.6817 0.3839 -0.3686 73.25 3.37 107.37 -3.25 -7.20 -7.60 -0.4200 2.3300 -3.4300 -0.9689 0.5711 0.9722 0.05 -8.95 -3.99 175 362 328 398 218 
0.4105 -0.6444 0.5444 -0.3463 80.06 -0.19 114.44 -0.54 -7.82 -5.95 -0.9200 0.2700 -1.8600 0.8544 0.1144 -0.2978 0.23 -9.09 -3.66 162 332 294 337 206 
0.4231 -0.6213 0.5324 -0.3892 86.44 2.69 106.69 -2.54 -5.67 -10.77 -2.6600 3.7200 -6.6800 4.7033 1.8056 -0.6678 1.04 -9.74 0.38 175 352 314 364 214 
0.5147 -0.4818 0.4126 -0.5768 94.37 7.12 83.00 3.76 -7.04 5.32 -0.3300 4.0800 0.4500 -4.7356 -1.3944 1.1367 0.46 -9.54 -2.18 160 338 306 342 210 
0.4449 -0.6217 0.5142 -0.3887 84.50 2.44 104.31 -2.21 -3.39 -11.32 -2.0300 5.7100 -4.1000 5.1267 1.4533 -0.6878 1.09 -9.60 1.64 168 348 319 371 218 
0.5304 -0.4619 0.3849 -0.5977 97.25 9.44 73.94 4.54 -9.24 9.51 2.5700 0.0500 4.5700 -1.9178 -1.4311 0.2178 1.70 -9.56 1.30 170 357 331 371 219 
0.5058 -0.5497 0.4248 -0.5115 89.31 5.62 91.44 -0.90 -8.58 -3.38 -1.5100 1.1300 -2.9800 -0.7911 -0.8867 0.5422 0.40 -9.73 -1.10 166 355 318 361 213 
0.5043 -0.5881 0.4642 -0.4293 78.31 2.50 95.62 0.13 -7.25 -5.39 0.1100 2.8100 -4.8800 3.3767 -3.1567 -1.0267 1.08 -9.69 0.97 169 328 313 321 207 
0.6870 -0.5534 0.1936 -0.4294 62.13 18.06 61.81 3.38 -1.97 -1.75 -0.6900 5.1100 -6.6500 7.9211 -6.3989 -1.7678 6.90 -3.71 5.88 179 330 321 347 213 
0.8141 -0.2665 -0.4042 -0.3207 39.88 60.13 13.00 13.36 1.20 8.24 3.8600 1.6100 3.1500 1.9656 -3.8367 0.1256 9.45 -0.48 2.55 181 339 326 355 213 
;
0.7590 -0.1752 -0.5901 -0.2121 31.00 74.87 0.69 9.67 1.15 5.87 0.0000 0.5800 0.8900 0.3011 0.0344 -0.1844 9.46 0.21 2.55 185 339 324 359 216 
0.7700 -0.1389 -0.5858 -0.2113 30.62 73.50 -7.50 9.70 0.42 4.14 0.3600 -0.0600 0.9700 -0.1667 -0.0767 0.0156 9.41 0.31 2.70 173 341 323 362 215 
0.7697 -0.1406 -0.5852 -0.2131 30.75 74.00 -7.00 9.47 0.51 3.10 0.0500 0.1700 0.5800 -0.3411 -0.2233 0.1000 9.46 0.24 2.54 177 342 327 360 215 
0.7481 -0.1832 -0.5983 -0.2211 35.56 81.69 18.00 9.47 1.76 3.84 -0.3100 2.6100 2.4400 -4.2500 -6.2167 1.3544 9.33 -1.11 -2.79 192 338 315 353 222 
0.3961 -0.5141 -0.7361 -0.1926 74.87 40.56 171.37 2.81 0.46 -7.43 -3.4800 1.9500 1.4100 -2.4411 -2.3600 1.5300 4.11 -0.26 -8.89 203 270 261 291 204 
0.1166 -0.6674 -0.7174 -0.1622 85.00 23.12 -170.62 2.05 0.71 -9.78 -0.1600 -1.0400 -1.3700 -1.6411 0.0344 -0.6100 3.80 2.92 -8.55 206 283 270 295 207 
0.0303 -0.6407 -0.7179 -0.2706 83.25 23.00 -157.44 7.71 1.32 -12.82 4.5200 -2.0800 -5.2000 1.5200 -0.2089 0.4878 3.71 2.26 -8.78 209 300 276 303 216 
0.1495 -0.6536 -0.7269 -0.1481 84.50 29.12 169.25 8.10 -0.49 -14.72 0.6500 4.0700 -3.3100 8.1356 3.5033 2.2367 5.89 -6.50 -4.37 214 424 360 439 222 
0.6234 -0.5497 -0.5453 0.1085 337.06 31.94 96.56 -1.80 2.10 2.91 -6.8900 10.4900 2.8500 0.3144 0.9644 0.1189 4.93 -8.47 0.10 213 428 357 444 221 
0.6879 -0.5392 -0.4708 0.1202 344.37 32.56 93.75 10.44 -4.88 -2.29 5.2700 1.7400 -2.0600 -2.9533 3.3211 -0.4533 5.86 -7.79 -1.02 199 404 331 430 220 
0.6529 -0.6865 -0.2932 -0.1285 32.00 29.00 95.94 7.88 -5.22 -8.11 1.4700 2.5400 -7.9100 -4.8411 11.8178 5.9578 1.41 -9.61 -1.34 168 348 307 391 219 
0.5206 -0.6306 0.4407 -0.3702 73.19 -1.69 102.19 -2.11 -6.94 -5.70 -2.3700 2.5500 -3.4900 -0.9856 0.4056 0.5889 -0.72 -9.36 -2.81 185 362 324 372 221 
0.4645 -0.6165 0.5296 -0.3516 74.25 -2.87 109.19 -1.22 -7.30 -6.32 -1.4500 2.1700 -3.8900 0.2233 0.1178 -0.5444 -0.13 -9.27 -3.19 179 364 313 355 221 
0.4675 -0.6218 0.4863 -0.3978 85.69 5.06 97.37 0.95 -7.09 0.01 -0.2500 2.6500 1.9200 7.2900 2.5767 -2.4622 2.24 -8.78 3.74 184 383 332 399 226 
0.5286 -0.4661 0.3219 -0.6322 96.44 14.06 76.19 4.43 -7.27 2.81 -0.7100 0.8700 -1.2000 -3.5856 -2.4400 1.4267 1.44 -9.64 -1.03 160 359 310 375 224 
0.4886 -0.6344 0.4354 -0.4113 79.62 5.75 98.94 -2.69 -6.73 -12.00 -3.1600 3.9200 -8.5300 7.0522 2.3956 -2.1256 2.22 -8.76 3.78 173 376 336 404 226 
0.5840 -0.4132 0.2772 -0.6414 93.12 12.69 62.13 6.17 -6.86 6.17 3.7200 -0.1500 -0.3800 -4.0422 -1.0889 1.0200 1.95 -9.52 1.23 170 380 331 381 215 
0.5459 -0.5933 0.3372 -0.4860 81.31 13.00 83.44 1.72 -5.37 -4.40 -0.5300 4.0700 -5.8400 6.7578 -3.5567 -0.8044 3.27 -8.16 4.33 179 352 331 342 210 
0.7859 -0.4312 -0.0977 -0.4323 51.69 41.06 33.94 12.42 2.42 6.26 5.2000 5.0300 1.5300 5.1611 -3.6833 0.0467 8.36 -1.31 4.94 188 358 333 360 217 
0.8051 -0.1880 -0.5102 -0.2372 30.81 69.44 1.75 14.53 6.00 12.89 3.5700 4.7700 7.8700 1.6333 0.3133 -0.9000 9.10 1.21 3.42 183 351 330 366 216 
;
