0.6848 -0.2690 -0.5841 -0.3430 53.13 79.69 -10.63 9.49 0.64 1.64 -0.0500 0.2500 -0.0300 0.0189 0.0011 -0.0222 9.64 0.35 1.72 187 358 342 387 212 
0.6851 -0.2656 -0.5848 -0.3435 53.25 79.56 -12.63 9.82 0.75 1.89 0.0400 0.4000 0.0700 -0.0133 0.1144 -0.0889 9.62 0.48 1.80 187 356 341 384 210 
0.6860 -0.2570 -0.5828 -0.3516 54.56 78.44 -17.25 10.93 2.81 3.60 1.5800 2.9700 2.8000 -1.9856 -0.9567 0.9522 9.70 -0.07 1.42 186 348 343 331 212 
0.6121 -0.4213 -0.5451 -0.3882 70.31 82.06 111.37 9.16 1.63 -0.16 -1.7500 2.0700 -0.4400 -3.9811 -3.6189 1.8500 8.77 -1.84 -3.96 201 324 316 304 207 
0.2966 -0.7797 -0.4726 -0.2844 121.19 34.81 168.00 1.94 -0.40 -8.07 -0.5400 0.8700 0.7800 -2.3533 -1.7233 1.3244 3.35 -0.52 -9.20 202 298 285 298 205 
0.0590 -0.8921 -0.4248 -0.1423 129.06 17.19 -176.62 2.06 -0.65 -10.80 -0.5300 -1.5000 -1.8500 -0.8967 0.2444 -0.7367 2.98 1.53 -9.21 209 313 289 311 211 
-0.0012 -0.8746 -0.4500 -0.1805 124.94 18.56 -171.12 6.00 -2.44 -15.08 3.2900 -3.2700 -7.2200 3.4333 2.0778 0.7433 4.11 -0.83 -8.86 211 397 301 326 210 
0.2702 -0.8409 -0.4250 -0.1982 59.31 38.06 148.19 9.58 -3.34 -9.99 1.6000 3.0500 -4.0600 3.9778 2.3900 2.7422 6.05 -6.84 -3.57 211 413 340 426 216 
0.6163 -0.7280 -0.2650 -0.1414 21.06 28.69 98.06 -0.55 -0.57 1.18 -4.6700 7.7800 2.0500 1.0800 0.2822 0.9122 3.91 -8.99 -0.11 212 422 355 435 217 
0.7000 -0.6818 -0.1882 -0.0992 17.37 24.19 90.37 3.14 -5.57 0.46 -0.3300 2.5300 0.4500 -0.6078 -0.2144 -0.7400 4.53 -8.67 -0.56 213 412 364 414 216 
0.6505 -0.7100 -0.2344 -0.1334 23.62 31.06 101.19 2.27 -4.21 -3.00 -2.6500 3.8000 -1.5300 -1.2933 -3.3611 -1.5989 5.35 -7.38 -3.58 202 308 312 322 217 
0.4861 -0.7610 -0.4117 -0.1226 30.87 36.13 132.81 6.80 -3.37 -5.19 0.3300 2.2400 -1.3300 -4.5533 -1.5411 -2.1622 5.55 -2.63 -7.63 204 310 307 325 215 
0.2027 -0.8027 -0.5219 -0.2056 113.81 32.31 178.87 7.28 -1.54 -12.02 4.6200 -1.2700 -4.1200 -2.1289 -1.6056 0.0033 4.12 1.49 -8.77 206 301 295 321 217 
0.0374 -0.8274 -0.5143 -0.2226 116.44 24.19 -169.87 4.90 0.75 -9.34 0.8500 -0.3500 0.0600 0.4478 0.0767 0.1622 4.03 1.24 -8.84 207 315 299 333 217 
0.0621 -0.8318 -0.5106 -0.2087 117.00 24.19 -173.31 4.34 0.19 -8.76 1.3400 -1.4900 -1.1700 -0.0656 -0.2033 0.0622 3.99 0.97 -8.90 208 324 310 344 220 
0.0924 -0.8414 -0.4982 -0.1882 119.25 26.12 174.25 11.37 -4.76 -20.69 4.6600 1.8400 -4.4500 7.9678 4.2189 2.1556 6.18 -5.75 -4.97 213 422 349 436 224 
0.6094 -0.7040 -0.3452 -0.1171 16.31 32.06 98.37 0.23 0.79 0.33 -4.5500 9.5100 1.5400 1.4078 1.0822 1.5844 4.03 -8.93 0.33 213 426 354 439 222 
0.7227 -0.6528 -0.2189 -0.0592 9.94 23.37 86.75 2.11 -4.01 0.79 -1.4800 4.2300 -0.0700 -0.5900 0.1244 -0.7022 4.30 -8.81 0.18 212 419 357 414 218 
0.6927 -0.6703 -0.2461 -0.1016 17.50 30.19 93.00 3.76 -6.12 -2.28 -1.9200 2.2000 -1.4700 -0.1511 -0.7878 -1.9922 6.12 -7.60 -0.87 197 330 311 316 209 
0.6763 -0.6149 -0.3478 -0.2088 40.31 51.75 81.87 6.62 -4.61 -0.19 -0.6300 0.7800 -1.4300 3.0422 1.9744 -3.5933 8.72 -3.32 2.99 204 338 320 353 212 
0.7384 -0.3426 -0.4477 -0.3701 54.88 66.50 14.63 13.14 0.49 7.53 4.8300 0.6000 3.6000 0.6678 0.0800 -1.0933 9.03 0.09 3.81 204 356 337 398 215 
0.7304 -0.2443 -0.4938 -0.4037 57.25 68.12 -7.06 10.70 2.01 6.74 0.3000 0.9300 0.8800 -0.1933 -0.3978 0.1844 9.26 0.18 3.21 186 355 337 393 213 
;
0.7118 -0.2714 -0.5192 -0.3874 57.13 72.25 -2.56 9.57 0.34 2.79 0.3000 0.2100 -0.0600 -0.0700 -0.5011 0.1656 9.44 0.01 2.65 176 355 339 391 214 
0.6990 -0.2890 -0.5339 -0.3778 56.56 74.75 0.25 9.34 0.28 2.68 -0.1800 0.3200 0.0900 0.0189 -0.0267 0.0789 9.46 -0.05 2.56 179 356 339 390 213 
0.7003 -0.2902 -0.5352 -0.3727 56.06 75.06 1.62 9.59 0.28 2.60 0.2500 0.4300 0.0600 -0.0533 -0.0378 0.0322 9.48 -0.05 2.50 180 355 338 388 212 
0.6959 -0.2950 -0.5372 -0.3744 56.50 76.69 5.81 10.06 1.93 4.07 -0.2300 2.9700 3.2400 -2.6956 -2.1622 1.4278 9.67 -1.47 0.58 193 335 332 338 211 
0.5324 -0.5592 -0.5448 -0.3271 68.12 62.00 149.06 4.37 0.97 -4.33 -4.1900 2.5300 0.6100 -4.3389 -5.2911 1.1922 6.28 -1.04 -7.45 198 301 275 299 205 
0.1341 -0.8290 -0.4924 -0.2289 120.81 28.12 -176.50 7.87 -3.00 -17.39 2.0600 -4.2200 -8.5700 0.8744 0.4411 0.8800 4.86 0.21 -8.50 206 330 312 326 218 
0.1732 -0.8594 -0.4329 -0.2101 127.81 31.75 163.25 7.20 -1.91 -14.42 2.4600 3.2200 -4.9300 6.9089 2.8511 2.2089 5.57 -6.46 -4.82 212 418 347 410 216 
0.6106 -0.7280 -0.2910 -0.1120 15.94 27.62 97.81 -0.18 -0.84 2.58 -4.1000 7.8400 2.9800 0.9400 0.8411 0.9822 3.67 -9.09 0.07 209 420 356 423 217 
0.7106 -0.6747 -0.1804 -0.0845 16.50 22.62 88.06 1.45 -4.89 0.24 -2.3900 3.6400 -0.0500 -0.2011 -0.1778 -1.3156 4.69 -8.61 0.18 196 372 338 350 211 
0.6865 -0.6663 -0.2264 -0.1830 35.94 37.75 87.75 3.37 -4.97 -2.23 -2.5200 2.4800 -2.2600 1.6367 3.6167 -4.4367 7.70 -5.51 2.52 191 334 320 332 211 
0.7045 -0.4210 -0.2845 -0.4954 74.75 52.50 15.88 5.60 2.96 7.42 -0.5500 4.7600 2.2700 0.2900 -2.4456 -2.0856 8.29 0.32 5.22 192 331 330 339 210 
0.5752 -0.3930 -0.4319 -0.5728 94.75 79.81 -10.75 14.89 -0.66 0.09 3.6300 -1.6400 -0.1900 -2.6556 -4.6189 0.3244 9.63 0.21 -1.82 195 309 297 290 195 
0.2963 -0.6887 -0.4769 -0.4589 118.37 58.69 -175.62 8.53 -1.47 -6.41 0.0100 -1.3800 -0.3800 -1.2356 -3.8489 -0.0044 6.24 0.90 -7.51 203 290 278 290 186 
0.0587 -0.8290 -0.4916 -0.2603 118.94 26.31 -167.75 5.52 1.60 -11.21 1.9700 -1.4900 -3.2700 0.2278 -0.4856 0.3378 3.97 1.64 -8.81 210 325 286 322 210 
0.0728 -0.8545 -0.4799 -0.1852 121.62 24.75 174.19 10.54 -3.91 -25.91 4.3600 1.3300 -12.8000 9.3889 4.3278 2.2600 5.71 -6.21 -4.99 210 430 344 431 223 
0.6384 -0.6960 -0.3165 -0.0889 11.50 27.94 92.62 -1.29 0.85 2.90 -5.3900 9.0700 2.4500 1.0300 0.9422 1.0144 3.68 -9.02 1.03 212 431 355 443 221 
0.7433 -0.6353 -0.2018 -0.0557 9.19 22.19 83.50 2.85 -4.80 0.92 -1.1200 3.7900 -0.0800 -0.7500 -0.0033 -0.5600 4.12 -8.88 0.51 209 424 362 439 218 
0.7021 -0.6642 -0.2393 -0.0933 16.69 29.50 92.12 2.20 -4.12 -1.16 -3.1400 4.5600 -1.0500 -0.9811 -0.5678 -2.2989 6.07 -7.60 -1.16 193 365 314 316 209 
0.6302 -0.6517 -0.3619 -0.2167 46.25 54.50 96.56 12.46 -5.86 -3.79 3.8900 -0.5700 -2.2900 2.0478 3.1933 -3.2278 9.08 -2.95 2.22 204 339 330 346 211 
0.6843 -0.4100 -0.4409 -0.4115 62.06 72.69 31.00 15.32 -0.63 7.30 4.3000 0.1800 4.0100 0.7200 0.8044 -0.9222 9.35 -0.66 2.86 201 345 333 370 213 
;
