0.3016 0.4061 0.2429 0.8277 220.00 31.69 -49.50 5.19 6.29 5.39 0.0600 -0.0500 -0.0600 0.0089 0.0033 -0.0056 5.15 6.34 5.41 194 325 335 405 223 
0.3016 0.4059 0.2429 0.8278 220.00 31.69 -49.50 5.21 6.29 5.36 0.0300 -0.0600 -0.0400 0.0100 0.0000 -0.0100 5.15 6.35 5.41 193 327 340 402 223 
0.3016 0.4060 0.2433 0.8276 220.00 31.62 -49.50 5.16 6.28 5.37 0.0200 -0.0700 -0.0100 0.0067 -0.0011 -0.0044 5.14 6.35 5.41 197 324 336 405 223 
0.3016 0.4058 0.2435 0.8277 220.06 31.62 -49.56 5.19 6.32 5.34 0.0600 -0.0200 -0.0500 0.0022 0.0144 -0.0133 5.13 6.36 5.41 193 324 337 403 223 
0.3028 0.4057 0.2449 0.8269 220.31 31.50 -50.13 7.31 8.50 7.63 6.1400 5.2600 4.6900 -1.4011 -0.8856 0.8844 5.60 5.78 5.59 203 339 335 335 225 
0.3223 0.4631 0.1214 0.8167 224.81 56.94 -49.50 7.88 -0.12 -3.04 -0.1400 -1.7200 -2.7700 1.1956 -12.0656 3.4789 7.67 1.39 -5.94 200 239 265 310 222 
0.0739 0.9335 -0.2463 0.2499 212.00 28.31 176.37 0.69 0.23 -5.22 -2.6200 1.8200 4.0200 1.1922 0.3856 0.6167 4.41 -1.77 -8.57 207 271 283 327 223 
-0.0076 0.9256 -0.2823 0.2519 213.69 28.56 173.31 0.13 4.45 -6.98 -2.0000 4.1300 -0.2900 -3.2478 0.0044 -1.6567 4.47 1.51 -8.59 207 284 283 328 223 
0.2103 0.9324 -0.2224 0.1922 204.75 26.50 -155.81 15.33 0.15 -14.71 9.0700 -2.7800 -5.9200 0.9689 -0.0211 0.6156 4.53 3.36 -8.01 208 336 338 392 227 
0.1390 0.9397 -0.1979 0.2419 202.56 36.19 178.19 19.85 0.98 -26.90 5.2700 6.6600 -15.8100 8.4078 4.3833 5.5056 6.44 -6.46 -3.59 213 419 368 426 225 
-0.4384 0.6497 -0.2682 0.5601 98.62 22.19 79.69 -4.46 3.76 3.95 -6.0200 12.0500 0.7000 0.9389 1.2889 1.6244 2.01 -9.11 3.00 213 424 374 428 226 
-0.5598 0.4720 -0.3400 0.5901 94.37 10.31 70.87 0.30 -4.12 2.87 -1.3300 4.2200 -0.4000 -0.5144 0.4733 -0.6689 2.05 -9.12 2.93 216 417 374 423 225 
-0.5029 0.4780 -0.3594 0.6240 104.12 14.31 73.69 6.56 -6.55 0.01 4.4900 1.5300 -2.1000 -1.4122 1.0389 0.6500 1.95 -9.39 2.03 142 262 263 281 204 
-0.4492 0.4230 -0.5074 0.6015 108.06 -3.44 85.44 -8.98 -11.61 -1.19 -4.8500 -1.6700 -0.3800 -0.9178 1.5133 1.4967 -2.31 -9.52 -0.28 106 208 217 213 152 
-0.4236 0.2601 -0.6836 0.5344 100.69 -18.94 95.31 -5.81 -10.57 -2.43 -1.7700 -0.0500 -0.6800 -0.0833 0.1722 0.1611 -3.46 -9.12 -0.93 111 198 213 202 134 
-0.4470 0.2487 -0.6964 0.5034 97.00 -22.12 96.50 -3.70 -8.73 -0.25 0.1800 -0.3900 0.8800 -0.2567 0.5856 -0.1089 -3.59 -9.01 -1.40 111 208 219 217 144 
-0.4205 0.2702 -0.7161 0.4873 98.31 -18.44 100.75 -6.02 -8.96 -1.92 -3.2200 0.4600 -0.2600 -0.1856 -2.4478 -2.0889 -2.09 -9.46 -1.49 121 197 217 218 147 
-0.4699 0.5208 -0.5385 0.4670 86.69 3.25 97.37 1.43 -6.76 -4.98 0.0500 2.3700 -3.2700 -0.0889 -6.6178 -3.9200 2.94 -9.05 -2.34 118 201 221 225 152 
-0.5026 0.8049 -0.1135 0.2946 54.69 22.31 113.12 5.50 -6.21 -7.62 2.9200 1.8600 -3.4400 0.7911 -3.6733 -1.7822 3.80 -7.95 -4.29 124 209 225 226 154 
-0.5024 0.8401 0.1432 0.1461 31.19 22.81 120.00 5.20 -7.46 -4.27 1.1100 0.4900 -0.0300 -0.1678 0.4122 -0.1244 3.96 -7.73 -4.53 129 216 238 236 163 
-0.4954 0.8403 0.1458 0.1652 38.69 25.56 119.81 3.65 -7.40 -3.52 -0.1700 0.8300 1.2300 0.0000 0.2722 -0.1022 4.42 -7.62 -4.29 140 245 254 255 179 
-0.4913 0.8374 0.1229 0.2055 47.44 27.87 120.06 5.11 -7.14 -4.62 2.0200 0.2800 1.1000 -1.6800 2.0511 0.7211 4.78 -7.18 -4.64 168 403 187 184 131 
-0.4437 0.8387 -0.0212 0.3151 74.94 31.44 114.06 2.30 -9.06 -4.37 -2.6700 -1.7600 -1.0700 -0.2756 0.7611 0.3111 5.16 -7.81 -2.90 166 421 172 172 117 
-0.4528 0.7924 -0.1050 0.3950 82.31 32.38 107.50 5.32 -8.60 -5.92 0.1600 -0.0600 -2.5200 2.0289 1.2633 -0.0344 5.38 -8.15 -0.80 161 427 184 190 130 
-0.5590 0.7009 -0.0784 0.4361 73.81 30.81 87.94 3.26 -7.45 1.65 -1.7000 0.6300 -0.0900 1.4267 -0.9478 -0.0567 5.01 -8.34 1.15 137 433 186 195 127 
-0.6585 0.6182 0.0168 0.4288 63.31 33.38 76.56 8.49 -6.84 3.40 -1.3200 -0.3200 -0.4500 -2.1389 1.2989 0.4244 5.00 -8.33 1.27 141 426 190 192 128 
-0.5917 0.6971 -0.0322 0.4037 72.94 32.56 86.31 4.84 -8.84 -4.06 0.2800 -0.0400 -4.2700 0.7300 -1.3000 -0.3522 5.49 -7.99 1.44 138 424 192 194 124 
-0.5977 0.6638 -0.0499 0.4468 75.81 31.19 83.50 2.70 -5.66 5.24 -1.2400 3.3300 4.8500 -2.9311 0.4500 -0.9200 5.50 -8.09 -0.58 159 422 204 196 135 
;
