0.1765 0.4546 0.0419 0.8721 202.81 51.00 -21.75 7.60 2.23 5.76 0.0400 0.0400 0.0100 0.0167 0.0722 0.0067 7.60 2.29 5.75 184 300 303 300 196 
0.1761 0.4507 0.0433 0.8741 202.69 50.31 -21.62 7.38 2.26 5.92 -0.0800 -0.0600 0.0900 0.0133 0.0067 -0.0167 7.53 2.32 5.83 180 306 300 293 195 
0.1754 0.4460 0.0464 0.8765 202.62 49.75 -21.69 7.54 2.36 5.92 0.2500 0.0900 0.0100 0.0233 0.2144 -0.0322 7.39 2.37 5.98 186 301 298 296 196 
0.1722 0.4283 0.0526 0.8855 201.44 46.63 -19.75 6.11 4.23 10.90 -2.7600 1.3600 4.3500 -0.6033 -4.0422 1.0944 8.41 1.60 4.76 190 356 338 303 210 
0.1147 0.6910 -0.1135 0.7045 197.81 71.00 164.56 3.42 -1.37 -6.60 -0.4100 2.3800 1.5900 -4.4122 -6.6289 2.5756 4.99 -0.26 -8.43 197 267 250 282 202 
0.1385 0.8749 -0.4216 0.1935 232.94 25.69 -170.25 3.35 2.60 -10.85 -1.4600 0.8300 -2.6100 -1.0500 -0.1256 -0.4278 4.13 2.52 -8.52 206 280 264 292 210 
0.2283 0.8661 -0.4240 0.1339 231.62 24.94 -161.87 6.37 1.25 -11.40 1.8400 -2.0800 -3.8400 0.7900 -0.3533 0.1267 3.98 2.18 -8.68 208 295 264 295 216 
0.1395 0.8857 -0.4155 0.1531 229.69 24.44 -177.87 13.89 0.02 -28.38 3.8300 5.9900 -8.6400 11.3267 4.2222 2.6389 6.12 -6.39 -4.21 212 425 365 415 225 
-0.3358 0.6672 -0.3526 0.5637 112.75 26.12 90.44 -2.23 2.95 2.51 -6.3700 11.0200 1.8500 1.2833 1.5067 1.2422 3.05 -9.17 1.64 212 429 369 422 227 
-0.4417 0.4997 -0.3896 0.6352 112.00 16.87 78.12 1.03 -3.04 2.53 -1.9100 5.7500 0.2800 -0.8211 0.4267 -0.5444 3.12 -9.16 1.55 214 422 369 418 224 
-0.3758 0.5102 -0.4179 0.6510 121.00 21.25 83.12 9.19 -6.67 -0.79 5.3400 1.5300 -0.6900 -3.1767 0.7756 1.4100 2.53 -9.43 -0.82 121 220 222 221 160 
-0.3420 0.4095 -0.6191 0.5762 122.06 -4.25 96.37 -9.27 -8.58 -5.95 -8.2600 0.7700 -4.7200 -0.1044 2.5433 3.6178 -3.21 -9.10 -1.74 106 209 210 213 141 
-0.3029 0.0800 -0.7770 0.5460 121.75 -22.62 103.25 -7.01 -9.88 -0.01 -2.0200 -0.2900 2.1700 0.4078 -0.8056 -0.6644 -3.43 -9.06 -1.45 117 233 239 229 156 
-0.3159 0.1077 -0.7449 0.5777 122.25 -20.06 97.69 -3.88 -8.61 0.52 -1.3300 0.5000 1.1800 -0.2367 -0.5711 -0.3878 -3.13 -9.21 -1.21 126 242 239 235 165 
-0.3481 0.2111 -0.7139 0.5697 114.06 -10.00 94.81 -6.66 -5.63 -6.38 -4.7800 5.4500 -6.6900 -0.7744 -10.7167 -6.1867 2.35 -9.38 -1.60 129 233 228 239 168 
-0.4675 0.7908 -0.1863 0.3484 65.25 24.25 115.44 7.74 -5.16 -10.20 7.3600 2.4300 -5.8900 1.4022 -3.6756 -2.1933 4.30 -7.54 -4.55 136 237 251 249 173 
-0.4865 0.8415 0.1037 0.2109 47.06 27.12 119.00 5.37 -6.39 -2.81 -1.1600 1.4600 -0.3800 -0.3922 0.9733 -0.1944 4.84 -7.52 -4.00 146 250 267 262 182 
-0.4833 0.8246 0.0682 0.2860 63.94 33.69 115.25 10.66 -5.33 0.68 6.8100 1.8300 4.5600 -0.4078 3.9589 0.4244 6.17 -7.39 -1.85 141 198 186 190 147 
-0.4698 0.6669 -0.0876 0.5717 109.81 44.94 68.25 13.66 -8.99 -1.71 5.3000 -3.2500 -3.8000 2.8867 7.0667 -3.5378 6.05 -3.62 6.81 153 205 181 182 144 
-0.3869 0.2853 -0.0125 0.8768 132.50 25.19 13.06 4.11 0.03 6.57 0.6300 2.4700 -2.0900 0.8511 1.9200 0.6189 2.95 -1.37 9.25 160 183 184 190 147 
-0.4514 0.1444 0.0005 0.8806 123.50 13.50 7.56 -0.56 1.52 9.04 -2.5100 2.7100 -0.2700 0.0289 0.1411 0.7744 1.97 -1.36 9.50 172 182 193 197 148 
-0.5046 0.1310 -0.0099 0.8533 119.56 12.81 8.94 2.05 0.13 9.47 0.8800 2.4800 0.3600 -0.6822 0.0567 -0.7178 2.12 -1.87 9.38 167 179 196 205 156 
-0.4378 0.1370 -0.0671 0.8860 129.81 9.63 15.94 7.61 -0.79 8.78 6.6400 0.4400 -0.8000 -2.0056 3.1100 -2.1089 0.13 -3.84 9.02 157 187 201 208 161 
-0.2608 -0.0020 -0.2587 0.9301 150.69 -11.31 31.25 -6.97 -8.48 6.15 -5.9000 -2.8800 -1.4400 -0.3878 1.8711 -1.1978 -2.92 -5.50 7.56 159 200 213 215 165 
-0.1807 -0.0934 -0.3310 0.9214 157.19 -16.12 36.69 -3.11 -3.74 6.96 -0.9000 1.9400 -0.8300 -0.8000 -1.5789 -0.0389 -1.94 -5.92 7.56 167 217 217 221 172 
-0.2281 0.0337 -0.3480 0.9088 151.56 -0.44 40.88 -2.46 -4.47 -0.48 -2.6600 1.8600 -6.8900 3.2678 -1.7711 -4.1100 3.05 -4.41 8.20 172 234 222 237 182 
-0.0701 0.1990 -0.0916 0.9732 175.25 22.75 5.37 7.65 4.78 10.31 3.8000 4.7900 1.6800 2.5444 -1.8811 -1.0056 4.96 1.24 8.36 181 259 269 269 191 
-0.0266 0.3171 0.1079 0.9418 175.62 40.13 -15.81 8.41 4.02 9.11 1.6600 1.6300 2.3800 0.7000 -1.3411 0.5211 7.10 2.16 6.39 185 276 289 308 201 
-0.0601 0.4113 0.1476 0.8975 172.12 50.81 -19.00 8.95 2.59 9.19 0.6500 0.5600 2.4800 -0.7356 -0.7178 0.3900 7.97 1.56 5.48 186 283 297 313 196 
-0.0547 0.4670 0.1022 0.8766 173.25 56.88 -12.31 7.98 1.19 4.86 -0.2600 0.1400 -0.2700 -0.2000 -0.5111 -0.0289 8.42 1.02 4.92 186 273 297 298 182 
;
