-0.4543 0.4432 0.5141 0.5770 104.06 78.06 -67.37 9.20 1.71 0.89 -0.3000 -0.1600 0.1800 -0.0589 -0.3444 0.0667 9.61 1.82 0.60 228 379 341 361 239 
-0.4364 0.4713 0.5184 0.5646 103.37 80.94 -119.12 7.52 3.24 0.32 1.4600 2.2100 4.3800 -2.1478 -9.4922 3.6611 7.29 -0.35 -6.54 240 366 362 353 251 
-0.1237 0.8447 0.4816 0.1979 127.44 23.19 -179.81 3.39 0.63 -11.22 -1.3300 1.3400 -1.3700 -0.7400 0.4589 1.8644 3.68 -0.04 -9.08 244 339 328 343 251 
-0.0697 0.9269 0.3157 0.1905 143.44 24.19 179.87 -0.11 1.33 -6.76 -3.9400 0.7900 1.4800 -1.2444 0.3000 -0.1700 4.26 0.81 -8.79 253 362 342 362 258 
-0.0063 0.9232 0.3012 0.2388 142.94 26.81 -171.37 13.40 -3.04 -15.65 9.3500 -3.8400 -6.0000 2.2900 3.0767 1.0111 5.64 -0.22 -8.01 263 434 385 434 273 
-0.2421 0.8806 0.2880 0.2880 88.12 42.25 151.37 11.41 -2.56 -14.87 4.4900 3.8900 -10.3000 5.5333 3.1078 2.7889 6.55 -6.99 -2.06 269 474 367 488 280 
-0.6570 0.6870 0.1646 0.2634 39.31 31.56 83.75 -2.07 1.98 4.04 -6.6700 10.1000 2.6900 0.3500 0.9167 0.6022 4.45 -8.54 1.85 274 483 420 495 285 
-0.7286 0.6334 0.1025 0.2395 37.00 27.62 79.75 2.65 -4.47 1.18 -1.2600 3.0000 -0.4400 -0.7856 -1.3133 -0.9611 5.17 -8.30 0.61 258 455 297 290 226 
-0.6580 0.6815 0.1874 0.2597 51.19 41.63 92.19 -1.95 -2.40 -1.01 -8.2700 6.6400 2.8100 -1.4056 2.5644 -6.8200 9.04 -3.74 0.52 155 431 242 277 179 
-0.4448 0.5580 0.3792 0.5891 114.56 82.87 -68.19 15.95 8.32 -8.21 9.2900 6.4800 -10.4300 1.7600 -1.2200 -3.0644 8.90 4.07 -0.56 154 424 249 278 180 
-0.3327 0.4329 0.6042 0.5803 113.81 67.25 -110.00 26.92 10.07 3.59 14.9300 7.2700 8.1600 1.2444 3.8656 4.3544 9.80 -0.01 0.34 162 425 251 273 184 
-0.6476 0.4509 0.4108 0.4567 68.69 59.69 37.94 -2.55 -4.29 2.71 -10.9300 -0.9100 -2.6900 -1.7567 3.8256 1.6300 6.15 -4.83 5.91 170 426 260 269 187 
-0.7376 0.4438 0.0984 0.4993 68.50 36.44 45.81 -3.56 -1.94 0.04 -9.2900 3.7600 -5.4100 -0.8100 -1.4156 -1.8867 6.91 -5.31 4.48 173 427 254 264 181 
-0.6374 0.4765 0.1755 0.5795 90.37 54.50 30.31 9.03 7.47 -2.78 6.2600 9.8500 -8.1500 2.4711 -0.8544 -3.8667 8.72 0.46 4.44 175 395 249 257 179 
-0.5324 0.3552 0.4661 0.6108 91.87 72.87 -41.13 21.72 4.12 7.77 7.0200 3.5700 9.6900 1.2422 0.1333 2.1711 9.69 0.49 1.38 189 415 261 265 188 
-0.6181 0.3798 0.5019 0.4709 75.75 76.31 3.31 5.74 0.54 4.72 -3.5100 0.5500 1.4000 -1.6144 0.3033 -0.0511 9.46 -0.43 2.52 194 421 255 269 192 
;
-0.0325 0.7225 0.5703 0.3894 172.62 36.50 -150.12 6.94 4.47 -6.78 1.5300 1.6900 -0.1200 -1.1278 -0.3922 1.1356 5.91 3.96 -6.73 232 373 371 419 273 
-0.0063 0.7751 0.4984 0.3884 116.81 37.19 -155.12 9.08 3.24 -7.71 2.4500 0.2500 -0.1400 1.5067 -0.6433 2.1022 5.92 1.66 -7.63 243 342 358 416 273 
-0.1003 0.8766 0.3795 0.2781 136.37 32.94 179.25 3.57 0.34 -5.73 -1.4400 1.1100 3.4400 0.5822 -1.1444 2.6522 4.33 -1.59 -8.65 255 309 338 392 266 
-0.1406 0.9495 0.2208 0.1730 155.25 22.75 168.50 -0.51 0.00 -1.65 -5.1800 2.4400 6.5400 -2.9444 0.0722 -0.4067 3.90 -0.04 -8.99 261 341 337 397 267 
0.0303 0.9549 0.2016 0.2159 154.25 24.12 -166.50 6.10 3.11 -18.30 4.6300 -2.0100 -9.3900 0.6378 0.7822 -0.9478 4.18 2.44 -8.52 263 349 351 403 273 
0.0198 0.9318 0.2808 0.2293 144.87 25.37 -176.44 14.00 -1.41 -27.48 6.0400 0.5000 -15.9000 8.4900 3.9822 1.3911 6.16 -5.05 -5.70 277 481 416 485 291 
-0.5699 0.7482 0.2180 0.2604 45.13 36.00 91.94 -4.32 2.46 2.59 -10.0900 10.2900 1.5600 1.8744 1.7922 1.5389 4.42 -8.47 2.16 281 489 429 498 295 
-0.7458 0.6031 0.0603 0.2762 40.38 25.31 73.25 1.54 -2.18 2.73 -2.0600 5.4800 -0.4700 -0.3667 -0.5844 -0.6833 4.67 -8.35 2.14 282 490 411 496 291 
-0.7130 0.6272 0.1051 0.2953 47.00 33.31 78.37 6.79 -8.85 -0.66 0.5800 -0.6600 -1.8800 -1.3500 -1.2267 -1.6211 6.31 -7.47 0.71 215 420 240 245 172 
-0.6234 0.6519 0.1725 0.3959 71.56 52.38 81.37 0.64 -1.69 -1.01 -9.0600 4.2300 -1.9400 0.3122 -0.6811 -4.6844 9.32 -3.00 0.29 166 433 236 248 168 
-0.4360 0.5776 0.4236 0.5448 110.44 82.31 -120.62 17.14 7.33 -10.41 13.3100 4.9500 -10.8400 2.7633 -0.3956 -2.9244 8.85 3.75 -1.93 173 435 247 259 173 
-0.3830 0.4156 0.6575 0.4982 91.50 72.69 -125.87 20.99 8.73 0.02 5.5600 6.6300 1.0400 1.4756 4.3156 4.5278 9.70 -0.91 1.03 180 440 255 259 174 
-0.7335 0.3984 0.4183 0.3582 47.94 54.25 41.19 -5.37 -0.92 7.88 -12.9500 3.3500 3.2000 -2.4367 1.4744 2.1344 6.25 -5.82 4.80 179 443 262 262 172 
-0.7635 0.5245 0.2057 0.3155 48.88 42.88 66.81 -1.95 0.39 -1.90 -8.2600 7.1400 -4.5000 -1.5089 -1.0733 -3.8511 8.33 -4.98 1.35 181 445 262 265 176 
-0.5704 0.5687 0.3602 0.4707 85.25 78.69 64.75 13.13 2.31 -11.13 5.7000 2.1300 -11.9700 3.3367 -2.7633 -2.2844 9.75 0.69 -0.74 185 439 262 261 177 
-0.5361 0.4072 0.6282 0.3901 65.00 81.87 -176.06 15.91 6.07 8.10 3.4000 6.7400 10.2900 0.4011 0.2633 1.2667 9.59 -1.31 -1.54 189 440 267 262 176 
-0.5756 0.4505 0.6204 0.2843 54.63 75.75 137.62 7.28 -1.29 -2.46 -1.9300 0.1400 -1.3800 -2.2722 0.1267 0.3300 9.46 -1.51 -2.07 200 442 259 263 189 
;
