0.7513 0.2393 0.0661 0.6115 281.37 11.44 -26.81 2.68 4.07 8.62 0.5800 -0.2100 0.1000 0.0333 0.1233 -0.0056 1.94 4.35 8.56 176 299 371 397 221 
0.7501 0.2388 0.0715 0.6125 282.00 9.56 -27.44 2.74 4.98 9.28 1.8300 0.7300 1.5900 2.4811 0.8022 -2.0778 0.68 5.70 7.94 183 328 364 408 227 
0.7314 0.3038 0.2587 0.5530 284.19 2.62 -46.75 -3.42 0.36 1.20 -5.1500 -8.9600 -6.6300 2.8267 -16.9656 7.9922 8.76 4.05 -1.70 189 280 259 283 203 
0.1827 0.7923 -0.5736 0.0994 257.44 16.56 -171.37 -5.76 -0.46 -2.61 -3.6200 0.8000 7.8600 -0.8022 -0.2911 0.1333 2.68 1.30 -9.34 203 284 256 309 202 
0.1714 0.7600 -0.6255 0.0413 258.00 16.50 -164.12 5.01 2.30 -13.50 1.9800 -0.5000 -6.4300 -0.4278 0.3556 -0.9156 2.67 3.20 -8.87 208 293 267 318 206 
0.1584 0.8081 -0.5654 0.0480 248.44 16.31 -174.62 15.02 0.88 -33.24 8.5000 3.3900 -21.2000 14.4533 3.6544 3.7578 4.61 -7.58 -4.16 214 428 368 419 233 
-0.3725 0.5129 -0.4210 0.6489 117.06 14.56 72.87 -2.95 4.05 2.54 -3.7300 11.6800 -1.7300 1.6744 1.9689 0.9589 0.88 -8.67 4.48 215 435 377 424 231 
-0.4492 0.3016 -0.4119 0.7333 118.62 4.37 62.25 0.24 -2.23 2.28 -0.4900 5.7600 -1.7200 -1.5911 0.4078 -1.0544 1.28 -8.99 3.68 216 404 358 400 230 
-0.3310 0.3745 -0.5002 0.7071 133.12 12.94 81.31 5.62 -9.15 -3.48 3.2800 0.4700 -3.0300 -4.1133 1.6622 -0.9467 3.05 -9.20 -1.44 129 228 212 230 168 
-0.0811 0.3077 -0.7178 0.6193 167.81 10.06 102.62 0.74 -10.41 -4.38 -5.5900 -2.6000 -1.9200 -0.5889 1.8189 3.1778 -0.21 -9.49 -2.44 112 214 203 219 162 
-0.0757 0.0256 -0.7987 0.5964 164.81 -6.62 106.44 -6.16 -10.02 -1.55 -4.8500 -0.7800 1.2300 -0.1789 -0.5256 -0.4522 -1.16 -9.30 -2.86 121 221 208 225 168 
-0.0820 0.0423 -0.8013 0.5911 163.62 -4.19 106.62 -5.71 -9.84 -2.47 -5.8100 -0.4300 0.2100 0.3933 -2.9878 -2.4489 0.14 -9.46 -2.57 127 204 198 226 171 
-0.1428 0.3168 -0.7314 0.5867 144.00 14.81 108.44 -0.61 -2.13 -14.56 -3.1100 6.2800 -10.9300 1.2378 -9.5511 -6.1222 3.63 -7.54 -5.10 126 212 217 239 181 
-0.3361 0.8472 -0.2615 0.3177 81.50 21.31 126.12 12.83 -4.99 -4.13 7.6200 1.9200 1.6200 1.1611 0.7200 0.7678 3.36 -7.99 -4.57 134 222 238 262 194 
-0.3867 0.8153 -0.2542 0.3480 90.81 23.44 119.94 5.33 -4.98 -2.02 1.7500 2.9700 3.4400 -1.4667 2.9978 -1.1744 5.51 -6.86 -4.31 155 277 253 284 201 
-0.1704 0.7770 -0.3278 0.5097 156.37 46.38 127.56 26.20 -0.68 -9.97 17.0100 6.0900 -8.3000 -2.8289 4.1367 7.7867 5.57 -7.01 -3.98 150 319 299 360 218 
-0.0814 0.3665 -0.7297 0.5714 161.06 6.56 107.94 -2.02 2.82 -8.20 -3.7000 12.1200 -5.0100 -1.9933 5.7167 5.8722 -2.34 -8.43 -4.41 157 368 340 414 228 
-0.0248 -0.1787 -0.8533 0.4893 185.69 -8.25 117.37 -8.81 -0.69 -20.14 -5.6600 14.4300 -14.9900 9.7944 -1.7578 -3.8800 1.26 -9.35 2.67 163 372 359 417 232 
0.1685 0.0673 -0.3950 0.9006 200.19 16.00 31.81 12.58 5.86 39.83 8.4600 8.9200 31.4400 -4.0567 0.4211 0.6033 2.48 -5.77 7.52 168 357 347 400 233 
0.1605 0.0289 -0.5110 0.8439 203.25 10.69 76.94 2.62 -0.04 -10.99 -0.7800 8.8600 -16.8800 -7.1567 0.5567 0.6944 1.30 -9.20 -3.12 146 329 314 379 226 
0.1500 -0.0673 -0.7843 0.5982 207.62 11.06 90.75 -1.20 8.47 -11.65 -0.3100 20.0200 -9.7100 12.0056 -1.2078 -1.6222 3.66 -5.49 7.24 169 371 342 397 231 
0.1514 0.1541 -0.1469 0.9653 196.87 20.75 13.25 9.23 3.63 30.98 5.4800 6.1700 14.1500 -6.6922 -0.4144 0.7011 3.71 -5.42 7.27 171 368 345 383 228 
0.1453 0.1122 -0.4955 0.8490 199.31 15.50 72.75 3.76 1.40 -5.31 1.8900 10.3500 -7.0500 -7.3300 4.7856 1.9067 1.15 -9.46 -2.29 168 327 301 311 205 
0.2055 -0.2198 -0.8212 0.4849 230.56 8.31 116.81 0.39 -3.13 -14.58 -2.9400 7.5900 -8.9400 7.5044 -0.1800 -1.3033 2.66 -9.39 0.83 166 273 265 290 200 
0.3820 0.0272 -0.4912 0.7823 231.94 28.44 33.75 2.93 8.80 4.94 -2.8700 11.6800 -2.9700 11.1567 0.8056 -3.2989 4.11 3.53 8.16 196 309 327 359 221 
0.4330 0.3162 0.1896 0.8225 236.69 17.06 -43.44 2.63 16.29 14.63 3.8700 12.4800 18.4200 -5.5844 0.1511 0.6556 2.51 5.37 7.80 192 308 333 369 219 
0.4824 0.2544 0.1672 0.8214 241.25 14.81 -33.75 2.65 4.35 6.82 0.3000 -0.7500 -0.2300 -0.3589 -0.1244 0.0844 2.68 5.14 7.90 191 310 339 373 217 
0.4905 0.2714 0.1524 0.8140 242.19 17.00 -32.44 3.07 4.50 7.94 0.0800 -0.5300 0.0200 -0.0333 -0.0378 -0.0056 2.86 5.02 7.91 192 307 334 370 216 
;
