0.3165 -0.5514 -0.4800 -0.6044 124.69 76.00 -106.56 9.56 2.22 -0.87 0.0300 0.0000 -0.1800 -0.0056 0.0411 -0.0356 9.51 2.29 -0.65 179 316 320 327 207 
0.3157 -0.5496 -0.4811 -0.6057 124.94 75.81 -105.75 9.70 2.35 -0.92 0.1000 -0.0200 -0.2300 -0.0467 0.1922 0.1867 9.54 2.17 -0.54 179 317 318 314 202 
0.3247 -0.5693 -0.4570 -0.6014 123.50 80.56 -124.56 8.74 1.72 1.19 0.4100 0.4500 2.4400 -2.0644 -4.9022 1.5789 8.87 0.31 -4.15 200 301 313 302 203 
0.1761 -0.8212 -0.3668 -0.4001 134.87 44.50 178.94 5.16 -0.09 -6.90 0.9300 1.9100 1.6000 -1.7011 -2.4900 2.0244 4.89 -0.15 -8.49 204 308 289 296 201 
0.0302 -0.9447 -0.2632 -0.1932 151.19 21.06 -174.56 -1.27 1.35 -10.48 -2.5000 0.0100 -4.0600 -1.5011 -0.1967 -0.3711 3.42 1.98 -8.97 211 327 309 323 216 
-0.0413 -0.9434 -0.2512 -0.2127 149.12 22.75 -170.06 6.17 0.50 -15.40 2.7000 -0.8500 -5.4700 1.6900 0.4778 0.1822 4.12 0.48 -8.88 212 333 307 333 219 
0.0801 -0.9371 -0.2647 -0.2130 150.06 30.56 165.75 6.43 -0.57 -15.14 -0.0700 4.4500 -2.0300 8.4978 2.9856 1.1533 6.26 -6.47 -3.87 216 420 367 434 225 
0.5881 -0.7503 -0.1885 -0.2359 38.56 31.75 98.75 0.04 -0.74 2.36 -5.7600 7.8000 3.3300 0.8722 0.7422 0.6878 4.54 -8.68 -0.26 215 421 350 422 223 
0.6489 -0.7155 -0.1470 -0.2129 37.56 31.81 99.19 6.41 -7.22 0.79 2.1600 1.1100 -0.6400 -4.1678 1.3633 -1.8144 6.26 -6.71 -3.42 131 372 182 175 107 
0.5529 -0.7236 -0.2115 -0.3548 64.00 50.25 92.94 12.46 -9.24 -5.48 3.1400 -3.3000 -5.6300 5.8089 2.6578 0.1278 6.98 -5.45 4.19 116 351 185 180 109 
0.8192 -0.3769 -0.2413 -0.3586 46.13 37.75 28.75 4.52 2.04 8.14 -1.0600 5.2800 0.1600 1.6089 1.7111 1.0200 4.69 -3.01 8.06 128 191 191 182 113 
0.9055 -0.2072 -0.1315 -0.3463 40.63 20.75 16.62 3.16 0.11 7.81 -6.5000 0.5400 -0.3000 -0.2344 3.4378 -1.9133 2.08 -2.35 9.28 138 203 191 187 115 
0.8951 -0.1471 -0.0033 -0.4208 53.69 3.69 16.69 2.77 -0.51 10.34 1.0500 2.5200 0.3700 -1.6367 3.0233 -1.6333 -1.03 -3.97 8.90 128 202 196 189 116 
0.8104 -0.1564 0.2007 -0.5277 64.94 -9.19 30.00 1.29 -6.46 7.41 1.1100 -2.5400 -0.6700 -0.8000 0.4767 0.4333 -1.66 -5.30 8.07 129 199 203 191 118 
0.8185 -0.2084 0.2277 -0.4846 61.38 -8.81 35.00 -4.03 -7.53 6.40 -2.3400 -1.5400 -1.1200 0.3733 -0.9056 -0.4200 -0.91 -5.44 8.10 130 203 207 192 119 
0.8173 -0.2356 0.1735 -0.4965 62.63 -1.19 34.19 -0.76 -3.98 5.94 -1.1300 1.9800 -2.6400 -0.7911 -1.4067 -0.6989 0.94 -5.94 7.73 154 280 214 209 145 
0.7855 -0.3580 0.0797 -0.4985 67.37 19.06 41.19 1.67 -3.22 -1.88 -0.7900 2.6800 -8.0800 2.3333 -2.3111 -4.3167 5.98 -3.75 6.80 173 308 274 298 198 
0.6821 -0.3005 -0.2267 -0.6270 88.62 39.13 -0.56 7.36 1.36 12.47 -1.1000 0.8000 3.7000 0.7078 -2.1011 -0.2111 6.42 1.18 7.31 188 321 310 328 204 
0.6358 -0.2494 -0.3525 -0.6398 89.62 54.81 -13.50 11.24 4.63 7.76 1.5300 3.2500 3.8000 -0.7978 -1.2578 -0.0844 8.66 1.15 4.44 182 307 301 289 194 
0.5737 -0.3544 -0.4106 -0.6137 95.50 66.87 -13.50 10.15 0.63 2.78 0.4300 -0.6100 -0.5500 -0.4589 -0.2300 -0.2456 9.08 0.93 3.56 178 299 304 292 194 
;
0.5305 -0.3934 -0.4115 -0.6281 100.19 69.12 -16.12 9.92 0.31 2.99 0.8800 -0.5200 -0.4000 -0.0511 -0.1367 -0.0467 9.21 1.00 3.20 178 299 297 295 193 
0.5162 -0.4042 -0.4138 -0.6316 101.37 69.50 -17.81 8.79 1.35 3.06 -0.4000 0.3700 -0.1000 0.0144 -0.2889 0.0067 9.27 1.02 3.03 181 316 287 295 192 
0.4984 -0.4474 -0.4254 -0.6086 101.87 84.31 -1.62 9.03 0.67 1.01 1.6100 0.6900 1.2300 -2.8133 -9.6856 3.2344 7.37 -1.19 -6.35 203 337 315 367 224 
0.1576 -0.8827 -0.4034 -0.1825 137.19 20.00 173.75 -3.17 2.98 -11.46 -5.8000 4.2000 -2.6900 -1.5756 -0.7333 1.5056 2.68 -0.15 -9.43 209 310 295 337 217 
0.0481 -0.9517 -0.2664 -0.1449 148.12 18.81 178.69 0.46 -1.20 -9.23 -1.9400 -1.2600 -1.5500 0.5156 0.4033 -0.6144 3.55 -0.29 -9.13 211 340 320 360 221 
0.1187 -0.9216 -0.3137 -0.1951 141.25 31.19 166.75 12.35 -5.41 -18.35 8.3700 1.5300 -8.3800 6.6722 3.3967 2.7856 6.08 -6.49 -4.11 215 426 369 433 223 
0.6074 -0.7452 -0.1957 -0.1934 29.12 28.06 96.31 -2.03 1.35 3.56 -6.2400 9.8800 3.7000 0.9867 0.8000 0.6044 4.11 -8.90 0.04 215 427 357 436 223 
0.6772 -0.7012 -0.1453 -0.1688 30.44 27.25 92.81 3.43 -6.82 0.47 -1.0300 0.5500 1.2100 -1.1711 0.2956 -1.6289 5.55 -8.00 -1.06 204 383 200 211 158 
0.5699 -0.7398 -0.2300 -0.2739 60.38 46.56 102.56 10.32 -9.58 -6.81 3.7400 -4.8000 -4.8200 3.1478 1.6833 -1.0467 7.76 -5.83 1.36 120 289 180 179 109 
0.7249 -0.5126 -0.2618 -0.3783 51.06 48.44 46.19 7.27 -2.97 -0.63 0.0300 2.6000 -5.7800 5.5644 3.1222 -1.1233 5.87 -1.39 7.72 143 180 176 178 115 
0.8850 -0.0887 -0.2386 -0.3898 46.44 24.50 -4.87 0.44 5.43 8.26 -3.9000 4.7700 -0.4100 0.4289 2.1811 0.8611 2.49 0.90 9.44 153 183 177 181 117 
0.9316 -0.0032 -0.1072 -0.3474 41.06 8.75 -2.25 -2.03 -1.12 8.40 0.1900 -0.1900 -0.9700 -0.6256 0.2822 -0.1600 0.66 -0.16 9.78 144 180 182 183 118 
0.9229 -0.0284 -0.0187 -0.3836 46.06 3.44 2.87 1.71 0.95 9.51 1.4700 1.7600 -0.3100 -0.4956 -0.2444 -0.7378 0.73 -0.84 9.74 143 184 182 186 120 
0.8959 -0.0679 -0.0071 -0.4389 53.31 4.94 7.62 2.00 -1.77 9.51 -0.1200 -1.4800 -1.4000 -0.7244 -0.2644 -0.5144 0.89 -1.83 9.59 147 189 184 190 124 
0.8765 -0.1180 0.0074 -0.4667 54.75 7.06 13.00 1.78 -4.03 9.46 -0.3000 -1.4700 0.2900 -0.3078 -0.1278 0.1867 1.63 -2.41 9.36 152 196 189 194 130 
0.8868 -0.1604 -0.0239 -0.4327 52.69 10.81 16.50 0.12 -2.26 7.43 -1.6200 0.4200 -2.2000 -0.5367 -0.7711 -0.7689 2.40 -3.06 9.00 160 218 193 213 155 
0.8497 -0.2191 -0.0549 -0.4765 61.13 20.12 19.69 2.33 -2.86 3.23 -0.7300 -0.0500 -5.1100 0.0978 -0.7089 -2.7644 4.62 -2.19 8.36 168 262 240 249 180 
;
