0.0656 -0.0132 -0.3500 -0.9343 171.87 4.00 -40.63 0.89 6.25 7.48 0.1500 -0.1400 0.0400 -0.0333 0.0133 0.0056 0.69 6.34 7.44 289 408 399 392 306 
0.0666 -0.0131 -0.3465 -0.9356 171.81 3.94 -40.38 0.75 6.33 7.49 0.1000 0.0100 0.0600 -0.0011 0.0211 -0.0111 0.66 6.33 7.45 288 402 401 393 306 
0.0665 -0.0117 -0.3449 -0.9362 171.81 3.81 -39.94 0.85 6.25 7.59 0.1800 0.0300 0.0200 -0.2089 0.0711 0.0111 0.63 6.16 7.60 289 407 400 394 307 
0.0687 -0.0099 -0.3299 -0.9415 171.56 3.62 -38.06 0.80 5.96 7.74 0.3200 -0.0400 0.0400 -0.1389 0.0489 0.0889 0.64 5.95 7.76 289 409 402 393 306 
0.0808 -0.0128 -0.3147 -0.9457 169.00 5.44 -35.69 1.26 6.13 8.77 0.0000 0.7200 0.8700 -0.2133 -1.4000 2.0444 2.35 5.26 7.92 293 420 400 394 304 
0.1754 -0.1624 -0.2997 -0.9236 157.19 30.87 -33.56 8.36 5.14 5.61 3.0700 0.6700 -1.1700 0.5878 -2.3733 1.1900 6.85 4.29 5.54 290 433 343 321 269 
0.2308 -0.3642 -0.3572 -0.8286 139.87 57.25 -48.38 18.02 9.46 -4.63 4.0400 5.1400 -5.2400 7.2422 0.1689 5.4189 9.60 1.50 1.27 273 485 298 293 242 
0.6057 -0.4037 -0.5060 -0.4626 67.25 78.19 21.69 1.06 2.38 1.48 -5.4500 3.2100 -0.6100 2.9044 0.1578 0.1178 9.52 -0.67 2.25 262 496 313 303 238 
0.7271 -0.2664 -0.5505 -0.3120 40.75 73.69 13.19 17.72 5.26 10.14 6.4500 4.4700 6.2100 -0.1967 3.0144 1.7744 8.65 -1.85 4.21 229 461 285 270 179 
0.8475 -0.2836 -0.3900 -0.2216 27.19 46.81 34.88 -0.40 -2.74 6.33 -8.3800 1.8700 0.0100 -2.9611 1.5844 1.0289 5.89 -5.86 5.19 166 412 233 226 162 
0.8167 -0.4636 -0.2496 -0.2365 36.19 41.50 57.13 -0.85 -0.08 -0.21 -6.6200 6.2000 -4.4600 -1.6800 -0.6989 -3.1322 7.89 -5.02 2.92 151 398 212 200 137 
0.6798 -0.4956 -0.3628 -0.4008 65.62 67.56 52.13 14.83 0.16 -6.09 6.7200 1.7900 -8.1900 1.6422 -1.1711 -1.1478 9.49 -1.66 1.79 149 389 209 205 140 
0.6674 -0.4089 -0.4943 -0.3783 53.25 72.37 46.56 13.15 0.81 9.58 -0.1800 3.3600 7.2300 -1.7144 -0.9489 4.2200 8.15 -5.27 1.33 154 399 215 207 140 
0.6889 -0.5978 -0.3432 -0.2242 33.25 40.94 92.19 4.69 -9.34 -0.97 -1.9600 -1.4000 0.7200 -0.5178 0.0967 1.2044 5.54 -8.05 -0.74 153 409 210 207 142 
0.6508 -0.6989 -0.2606 -0.1418 22.87 32.56 98.50 5.75 -8.00 -1.24 1.9500 0.3900 -1.6200 0.4456 -2.1056 -0.1256 5.21 -8.14 -1.63 152 415 208 208 143 
0.6498 -0.6794 -0.3345 -0.0651 8.13 31.50 97.12 -1.53 -1.63 4.69 -0.1100 4.8000 15.2900 0.3844 -3.7767 -0.0111 5.21 -8.29 -0.51 148 413 213 210 145 
0.6770 -0.6534 -0.3341 -0.0559 11.63 31.94 97.37 10.93 -10.41 -10.73 -0.5300 -0.5900 -8.0000 3.7944 2.8678 -0.5322 5.46 -8.11 0.64 141 419 209 210 144 
0.7194 -0.6278 -0.2787 -0.1030 20.25 31.19 85.56 2.72 -6.34 1.79 -2.8300 2.6400 1.4900 -1.1744 0.3956 -1.2456 5.75 -7.93 0.27 165 396 221 219 158 
0.6633 -0.6487 -0.2205 -0.3010 58.63 47.44 77.56 2.99 -3.19 -1.60 -3.8000 3.2200 -3.2900 2.4567 3.2611 -4.5422 8.17 -3.46 4.17 167 331 300 306 185 
;
0.6375 -0.3856 -0.2979 -0.5967 87.50 60.56 4.31 17.92 1.97 9.07 8.0000 1.1600 4.1300 0.3167 0.3511 -1.0678 8.65 0.59 4.57 171 330 325 347 195 
0.5668 -0.3764 -0.4005 -0.6137 96.06 69.25 -9.75 11.75 0.29 4.38 1.8700 -0.0800 1.0500 -0.5856 -0.4067 0.1222 9.33 0.35 2.99 171 341 244 241 164 
0.5142 -0.4636 -0.3946 -0.6042 97.94 75.50 10.56 13.75 -1.19 6.15 4.6700 0.1100 4.4500 -0.6311 -0.6022 1.7656 9.44 -1.84 1.87 152 387 189 183 119 
0.5425 -0.5625 -0.3198 -0.5357 86.56 70.81 70.06 2.89 -2.19 -0.32 -6.9400 1.4200 -1.2300 0.4644 -1.2656 -0.2244 9.27 -3.18 -0.03 127 393 197 184 116 
0.5171 -0.6090 -0.4127 -0.4375 80.44 75.31 117.69 10.93 3.68 -11.05 1.2100 4.7300 -10.2200 2.4400 0.1144 -1.5067 9.70 -1.01 -0.98 124 392 203 188 119 
0.5620 -0.4910 -0.5406 -0.3884 62.19 80.06 90.69 19.06 -0.20 3.95 7.5400 2.2600 3.9800 2.2000 3.9289 2.3422 8.84 -2.94 3.04 133 399 203 191 122 
0.8015 -0.3767 -0.3515 -0.3036 39.75 45.50 40.25 -4.28 -3.23 9.18 -11.1700 1.8400 2.0600 -3.0233 1.3500 2.0078 5.35 -6.44 5.09 134 397 204 193 120 
0.7949 -0.5262 -0.1602 -0.2560 37.00 33.38 67.87 -2.85 -0.12 -0.84 -8.8700 8.7500 -4.1300 -2.0722 -1.6967 -2.8500 7.20 -6.58 0.94 131 396 205 193 123 
0.6104 -0.6196 -0.3242 -0.3720 70.31 66.44 88.00 12.18 2.57 -7.83 6.8200 5.3200 -6.1600 2.2044 0.2433 -3.4867 9.72 -1.11 0.60 136 393 209 196 125 
0.5576 -0.4875 -0.4969 -0.4523 73.87 80.94 97.75 19.48 -1.46 -4.17 4.9900 0.4000 -4.3800 -1.1811 -1.8744 4.9833 8.55 -4.49 -1.67 149 396 208 204 130 
0.5681 -0.7111 -0.3398 -0.2371 38.88 39.75 109.62 0.70 -7.66 0.13 -2.9500 -0.2600 3.7500 1.4433 -1.2400 1.6067 4.77 -8.26 -2.23 156 411 211 208 132 
0.6292 -0.7256 -0.2632 -0.0918 14.50 28.12 98.94 7.85 -4.76 -2.10 -6.2000 7.8100 6.5200 1.1111 -3.9456 -0.3289 4.81 -8.53 -0.23 144 412 213 205 131 
0.6981 -0.6475 -0.3021 -0.0463 12.06 29.75 93.94 11.70 -11.07 -9.42 7.6100 -1.7500 -10.6300 3.2033 2.1667 0.5556 5.28 -8.26 0.08 137 414 214 206 132 
0.6922 -0.6410 -0.3254 -0.0640 15.25 32.19 91.06 2.29 -6.82 -0.08 -2.4100 2.4600 1.1300 -1.7344 -0.0733 -1.0800 5.69 -7.94 -0.78 163 401 217 214 141 
;
