0.7249 0.3011 0.1063 0.6104 279.75 12.31 -35.44 2.20 5.52 7.84 0.0900 -0.0500 0.0900 0.0122 0.0411 -0.0200 2.07 5.55 7.80 178 365 370 392 223 
0.7249 0.3002 0.1084 0.6105 279.75 12.00 -35.44 2.15 5.54 7.84 -0.0800 -0.1600 0.1000 0.0222 0.0989 -0.0100 1.96 5.57 7.82 177 363 376 390 221 
0.7242 0.2972 0.1146 0.6116 279.50 10.75 -35.69 3.44 6.41 9.71 1.9500 0.8500 2.4700 1.8478 1.9733 -0.3167 0.77 6.34 7.43 184 335 331 351 214 
0.6998 0.2384 0.2071 0.6407 274.62 2.44 -32.94 -6.09 3.92 10.02 -2.9900 -0.8900 -0.6900 -0.6700 -9.1722 3.4867 6.53 3.03 6.64 174 366 174 174 123 
0.5125 0.5024 -0.2981 0.6293 247.37 85.06 -2.00 3.43 -0.50 -4.05 -9.7100 -0.9600 -2.9600 6.9056 -7.5189 3.7700 8.58 -3.11 -3.57 157 386 186 178 129 
-0.0103 0.7738 -0.3355 0.5372 184.37 60.31 144.62 9.88 -0.06 -11.77 6.4000 -0.8800 -11.2800 2.7478 0.2344 -2.3900 9.08 -1.01 -3.54 154 378 177 187 133 
-0.0586 0.7875 -0.0906 0.6068 158.75 71.31 113.94 15.85 2.93 -3.08 -0.3400 9.0400 -3.1700 2.6867 6.7933 1.9822 8.06 -4.12 3.76 161 368 190 188 140 
-0.2802 0.4276 -0.1442 0.8473 141.94 33.38 39.81 -9.07 -0.03 9.88 -13.2100 5.7100 2.5500 -4.0244 -0.7611 1.6722 4.46 -7.58 4.32 169 378 196 196 140 
-0.2223 0.4856 -0.4164 0.7358 156.25 37.94 87.81 0.74 2.88 -4.99 -5.9800 9.6400 -4.9400 -2.6989 -0.7022 -5.5300 8.46 -4.62 -1.78 152 389 200 196 145 
0.1278 0.7004 -0.3548 0.6060 206.87 73.50 148.56 17.50 2.16 -11.81 9.7800 2.5300 -8.4800 4.9967 -0.4467 -1.4489 9.45 -0.88 -2.44 159 369 197 200 151 
-0.0614 0.7800 -0.0923 0.6158 159.37 68.50 125.31 12.23 0.78 3.85 2.4200 4.3800 5.8700 0.1189 1.5167 2.7100 8.47 -4.77 -1.20 171 332 196 203 153 
-0.1782 0.7194 -0.2581 0.6198 147.25 48.25 111.94 3.50 -8.74 -5.15 -3.1100 -1.9700 -3.0900 -6.4322 -3.1778 4.1700 4.72 -5.90 -6.24 158 368 197 201 152 
-0.1283 0.7452 -0.5230 0.3932 139.62 27.25 133.12 7.85 -5.53 -4.27 2.3000 1.9300 1.8900 3.2367 2.3533 -0.0267 5.30 -7.55 -3.32 157 418 197 198 150 
-0.2221 0.6518 -0.4316 0.5827 136.62 35.00 102.75 7.38 -4.64 -0.29 1.1100 2.9000 1.2100 1.4300 -0.7789 0.3500 5.43 -8.08 -1.12 161 418 195 192 145 
-0.3154 0.6383 -0.3568 0.6048 124.44 34.19 88.87 11.54 -4.62 11.26 3.9200 2.8600 6.6000 -0.4689 0.4911 0.5867 5.51 -8.10 -0.19 154 406 196 194 144 
-0.3040 0.6391 -0.3784 0.5967 125.44 30.56 99.81 6.75 -11.37 -9.32 -0.7000 -1.9300 -6.5000 4.3367 2.0800 -0.7500 5.26 -8.25 0.55 150 416 200 202 150 
-0.3485 0.6093 -0.3334 0.6294 125.00 32.50 86.87 2.75 -5.74 2.58 -2.5600 2.8100 2.7800 -1.6378 -0.4467 -0.1089 5.40 -8.16 -0.51 172 392 211 211 155 
-0.2074 0.6310 -0.4092 0.6255 158.94 44.50 100.06 6.87 -1.23 -1.82 -1.2600 4.1300 -1.9700 -2.7544 8.8189 -6.3600 8.90 -2.72 3.07 172 341 261 278 195 
0.4772 0.3875 -0.1823 0.7674 250.62 40.00 -17.44 5.66 10.03 8.71 2.0200 7.6200 4.1200 0.9967 6.1678 -3.2489 0.81 4.58 8.63 181 392 345 405 226 
0.6356 0.2241 0.1629 0.7206 264.56 12.31 -33.50 13.87 6.17 15.67 1.4400 -1.5900 6.4800 -1.0267 0.7378 -0.2711 2.47 4.58 8.30 177 376 341 317 223 
0.6448 0.2893 0.0446 0.7061 262.87 31.44 -26.37 14.09 5.11 6.08 7.5300 1.2900 -2.7500 0.4822 -8.2722 7.5267 9.38 -0.12 2.83 171 408 175 177 134 
0.1970 0.5979 -0.4244 0.6509 196.12 60.63 115.44 5.94 0.14 -3.37 -2.8000 5.2700 0.3200 3.7233 -3.5111 1.6233 6.82 -6.40 -2.94 174 415 175 178 132 
-0.2293 0.7177 -0.3542 0.5540 130.31 38.69 109.44 5.94 -4.34 -2.69 0.6700 3.0800 -0.6500 6.0089 1.4667 -1.2778 6.72 -7.13 0.37 149 431 189 185 135 
-0.3773 0.6731 -0.2019 0.6032 117.94 40.13 92.50 7.31 -8.59 -1.94 1.5400 -1.3100 -2.7200 -1.0622 1.2211 -0.0056 6.27 -7.50 -0.74 147 428 187 187 145 
-0.3089 0.6028 -0.2491 0.6922 129.87 44.31 78.50 8.23 -3.73 6.45 -2.5300 2.6000 1.7900 -2.7522 1.4622 0.1856 6.61 -7.22 0.54 153 417 197 199 151 
-0.2159 0.6597 -0.3257 0.6420 153.56 49.25 102.75 7.27 -0.55 0.68 -0.2500 5.1000 1.7800 -4.5600 6.7833 -5.0889 9.45 -2.26 1.26 165 348 264 289 203 
0.4301 0.4217 -0.1919 0.7748 245.69 40.94 -14.81 2.51 5.41 4.32 -2.3500 4.1500 -2.7700 3.9656 6.5222 -4.8500 -0.33 5.67 7.99 208 400 359 402 227 
;
