-0.0246 -0.2682 -0.1849 -0.9451 183.00 29.81 -24.69 4.87 3.36 7.49 -0.0200 -0.2200 -0.0600 0.0256 0.0478 -0.0433 4.84 3.57 7.74 165 322 282 267 188 
-0.0261 -0.2655 -0.1855 -0.9457 183.19 29.44 -24.69 4.92 3.59 7.78 0.1700 0.0400 0.0000 -0.0167 0.0378 0.0378 4.81 3.55 7.76 165 323 280 265 189 
-0.0238 -0.2639 -0.1841 -0.9465 182.69 29.31 -24.44 4.62 3.32 7.63 -0.3800 -0.2500 0.0100 0.4689 -1.3911 0.1711 5.36 3.67 7.34 163 346 194 177 123 
0.0007 -0.4088 -0.2248 -0.8845 174.56 57.13 -51.63 21.07 8.57 -2.07 13.0100 5.0200 -3.2300 6.7600 -3.4322 4.2533 9.51 1.39 -1.93 146 380 190 171 118 
0.3401 -0.6749 -0.3726 -0.5385 107.81 76.94 139.37 1.25 0.61 3.39 -8.3800 2.4400 4.8900 0.1511 -0.0778 1.2178 9.28 -2.66 -1.68 144 385 196 175 120 
0.3951 -0.7122 -0.3160 -0.4866 106.62 70.94 140.19 1.36 1.44 -5.97 -5.3900 3.4800 -4.5600 -1.3600 -1.1111 -3.3133 9.16 0.61 -3.42 133 382 198 180 121 
0.2178 -0.6792 -0.4597 -0.5291 132.44 65.87 -149.25 24.29 5.13 -6.91 15.4500 3.3900 -1.9200 3.3189 1.1867 1.9844 9.30 0.41 -3.06 144 374 195 183 125 
0.4577 -0.6042 -0.4624 -0.4600 82.81 76.62 96.12 5.72 1.85 2.61 -5.6600 4.3300 1.6900 0.7211 5.4289 2.4144 8.21 -4.02 3.52 153 372 196 184 125 
0.7018 -0.4590 -0.1559 -0.5219 72.44 39.13 43.25 -5.10 -3.79 6.94 -10.1800 2.4500 1.1300 -1.9778 -0.6167 0.9456 5.62 -6.44 4.79 149 379 192 185 126 
0.6627 -0.5712 -0.0493 -0.4819 74.62 41.63 71.00 0.63 1.54 -0.57 -5.9100 9.1200 -2.8300 -2.9378 -1.8467 -3.2778 8.27 -5.25 -0.38 144 376 202 184 126 
0.3903 -0.7483 -0.2074 -0.4946 110.31 69.44 131.81 13.15 3.03 -16.12 8.2300 4.1600 -14.8200 4.4700 1.1133 -3.9089 9.66 0.05 -1.65 159 380 190 163 123 
0.4418 -0.5829 -0.4957 -0.4683 84.12 78.44 141.94 11.63 5.04 10.15 -0.2400 6.4100 11.2300 -0.7100 -0.4156 3.0000 9.09 -3.38 -1.39 161 375 200 185 125 
0.5132 -0.6573 -0.3948 -0.3855 78.44 65.31 119.87 5.48 -2.69 -1.08 -1.7200 0.7000 2.0700 -2.5033 -1.8778 1.3089 8.29 -3.67 -3.72 138 320 174 186 122 
0.3795 -0.8119 -0.2949 -0.3315 77.62 45.00 137.37 16.31 -11.92 -10.38 7.6700 -4.7800 -4.2400 1.7967 1.8689 1.9789 6.66 -6.17 -3.68 136 324 177 186 123 
0.5323 -0.7748 -0.1417 -0.3102 57.19 36.94 100.25 3.70 -5.69 -7.48 -2.6500 4.3500 -5.3200 3.2978 1.5433 1.5256 4.79 -8.46 1.19 143 327 179 184 124 
0.7205 -0.6234 -0.0434 -0.3008 44.44 24.62 74.31 -1.18 -1.00 3.87 -4.7300 7.2600 1.0200 -0.5222 0.2522 -0.8944 4.48 -8.43 2.21 143 326 178 185 125 
0.6891 -0.6395 -0.0417 -0.3383 53.06 29.94 80.00 7.77 -13.36 -7.99 3.3600 -6.7000 -11.6300 1.5733 0.7822 0.3067 4.76 -8.27 2.23 140 328 188 186 124 
0.8122 -0.4843 -0.0527 -0.3210 39.13 18.75 40.69 -0.64 16.79 13.34 -4.5000 24.3200 12.1400 4.1067 1.8011 1.0844 1.35 -2.98 9.24 144 337 191 187 125 
0.9437 -0.1757 -0.0184 -0.2797 35.38 8.63 20.75 -1.21 -0.56 9.88 -0.8300 2.7600 0.2100 -1.6533 -0.8678 -0.9600 2.24 -4.42 8.45 145 340 193 188 126 
0.8870 -0.3119 -0.0374 -0.3386 43.00 17.81 37.25 1.94 -3.46 7.49 -1.8500 2.3400 0.4200 -3.5333 0.0689 -2.1411 3.91 -6.83 5.84 143 241 193 186 125 
0.7256 -0.4748 -0.0082 -0.4980 80.00 32.31 48.44 9.65 -13.61 -0.18 7.1600 -7.0000 -6.1700 1.7878 0.9433 -2.0600 5.83 -4.51 6.45 154 194 183 179 126 
0.6329 -0.3223 -0.0535 -0.7020 96.56 26.50 16.87 2.64 2.35 8.45 -1.5000 4.5900 0.0000 2.1478 2.5878 0.6633 2.61 -1.02 9.39 162 199 182 176 126 
0.7162 -0.0939 -0.0671 -0.6883 85.75 10.94 2.00 -0.38 3.36 9.00 -1.4100 2.7700 -0.8500 0.4122 0.0278 1.0544 1.47 -0.17 9.69 161 208 173 177 127 
0.7643 -0.0519 -0.0599 -0.6400 78.94 10.00 -0.19 0.23 0.44 9.39 -2.2700 0.6100 -0.0600 0.0722 -0.2778 -0.3078 1.85 0.11 9.62 160 209 185 180 125 
0.7495 -0.0649 -0.0696 -0.6552 84.12 10.13 1.19 3.43 3.40 10.52 1.9500 3.3700 0.0700 -1.6067 2.0833 -1.8956 0.64 -1.07 9.72 156 214 192 183 129 
0.6719 -0.0602 0.0607 -0.7357 98.56 -2.87 11.75 -1.79 -5.70 6.93 -3.0700 -3.5600 -2.2000 -1.0478 2.5444 -1.3144 -2.56 -2.99 8.98 150 221 186 188 132 
0.5893 0.0174 0.2147 -0.7787 105.44 -16.75 19.44 -10.09 -6.30 8.93 -6.5100 -2.5100 0.3700 -0.7089 -0.0322 -0.3867 -2.95 -3.73 8.57 152 219 196 189 133 
0.5814 -0.0143 0.2468 -0.7751 105.25 -13.69 24.69 -3.54 -2.94 6.76 -1.8000 0.4500 -2.3400 -0.1111 -1.4578 -0.4022 -1.13 -4.16 8.80 157 224 192 189 133 
0.5878 -0.1187 0.1700 -0.7820 108.12 3.06 22.81 -0.19 -2.80 6.80 -1.0700 1.2400 -2.3200 0.4667 -1.5178 -2.1478 2.15 -3.24 9.00 167 242 194 210 148 
;
