0.8290 0.0098 -0.5329 -0.1689 23.00 61.69 -24.37 8.58 1.88 4.19 -0.0100 -0.0200 -0.0200 -0.0033 0.0000 -0.0056 8.63 1.92 4.23 179 359 347 391 210 
0.8291 0.0098 -0.5329 -0.1689 23.00 61.69 -24.37 8.63 1.89 4.22 0.0000 -0.0200 -0.0200 -0.0256 -0.0089 0.0333 8.63 1.89 4.23 179 361 345 386 210 
0.8298 -0.0032 -0.5318 -0.1689 23.44 61.69 -17.94 10.92 4.22 8.71 2.6900 2.6000 4.2700 -3.4144 1.2944 0.8044 8.22 -0.31 5.33 175 387 216 220 151 
0.8488 -0.2162 -0.4194 -0.2385 32.81 53.31 24.06 6.65 -1.38 4.43 -1.8700 1.4100 -1.2900 -1.9233 -0.6078 0.6811 7.79 -3.68 4.66 124 375 181 189 121 
0.8061 -0.3688 -0.3945 -0.2421 33.25 55.94 45.56 5.42 -3.58 0.82 -2.2800 0.2500 -3.2100 0.0411 0.7133 -1.2989 8.36 -3.22 3.96 113 377 180 189 117 
0.7910 -0.3190 -0.4332 -0.2916 40.63 61.19 25.37 17.85 -0.56 2.65 9.9600 0.9600 -0.2800 2.8589 -0.7756 1.5544 8.56 -1.76 4.43 119 383 186 198 126 
0.8540 -0.2121 -0.4557 -0.1344 9.31 49.31 29.31 6.47 -1.79 9.29 -2.7800 0.7700 2.5100 -0.1500 2.3944 3.0900 5.37 -4.71 6.70 125 384 203 205 131 
0.9193 -0.2946 -0.2574 0.0439 352.37 22.81 42.13 -3.35 -4.02 4.02 -5.4300 2.5700 -2.7700 -1.3622 -0.3211 0.4711 3.41 -7.04 5.90 123 386 197 208 132 
0.8865 -0.3990 -0.2293 0.0477 356.56 23.75 52.25 2.31 -2.85 2.58 -1.4100 4.1100 -2.5500 -0.0300 -0.3544 -2.3467 5.26 -6.38 5.26 127 383 204 211 134 
0.8625 -0.3722 -0.3295 -0.0951 15.75 44.81 46.88 14.54 -1.85 -4.36 9.3900 2.4900 -8.2900 3.1433 -2.7844 -0.4933 8.31 -3.34 3.98 128 376 208 218 138 
0.8562 -0.2040 -0.4747 -0.0043 356.50 50.25 36.75 5.05 -2.56 14.05 -2.4100 1.4400 7.9000 -2.4967 1.0733 1.6144 6.58 -5.52 4.72 136 379 215 228 148 
0.8544 -0.3798 -0.3547 -0.0059 5.44 36.25 57.06 6.94 -4.63 1.14 2.6800 1.8100 -2.3500 -1.1700 1.6822 -0.4789 5.66 -6.85 4.13 160 358 325 402 212 
0.8508 -0.4650 -0.1877 -0.1572 24.37 20.94 56.25 4.88 -7.75 4.55 1.6300 0.1000 -2.7100 -3.7722 2.8778 3.0400 0.64 -9.18 3.37 145 397 355 432 217 
0.7486 -0.5914 0.2286 -0.1938 30.37 -10.81 83.56 -5.25 -7.74 -5.99 -3.1400 1.8800 -5.7500 -1.0422 1.2678 0.8833 -2.75 -9.40 -0.27 142 382 360 432 216 
0.6872 -0.5953 0.3713 -0.1885 31.19 -15.25 85.31 -2.70 -5.75 -5.56 0.4900 4.2600 -7.2100 5.0567 -2.8389 -1.3500 -1.20 -8.82 4.09 141 362 354 425 219 
0.8813 -0.3844 0.0798 -0.2629 32.81 9.75 35.06 12.37 1.19 34.74 9.7200 3.6300 22.7000 -3.9611 0.5356 0.6056 1.70 -6.75 6.90 141 377 366 432 223 
0.8243 -0.4900 0.1251 -0.2545 34.75 -1.31 70.06 -0.62 -5.08 -8.11 -0.8600 3.8500 -15.6500 -2.8911 0.7400 0.7967 -1.12 -9.71 0.74 131 360 354 420 216 
0.7609 -0.5632 0.2291 -0.2269 32.81 -3.12 67.81 0.88 -0.97 7.22 3.2600 8.1200 12.5100 5.3189 -2.3844 -1.1333 1.42 -6.33 7.34 152 391 356 428 224 
0.8744 -0.4125 0.0360 -0.2529 32.31 6.50 56.88 3.89 -5.35 4.11 2.2700 2.6600 -2.7100 -4.6700 1.2633 1.2789 -0.03 -9.58 2.09 148 389 358 431 221 
0.7225 -0.6409 0.1976 -0.1678 24.44 -5.00 85.44 -3.57 -8.67 -7.57 -3.0500 0.9300 -7.3800 2.5322 -1.4011 -0.9789 -0.38 -9.58 2.04 153 329 326 333 210 
0.8076 -0.5633 0.0533 -0.1664 25.69 12.56 62.31 2.63 -2.98 -1.75 1.4800 5.2000 -7.0300 4.6389 -1.6844 -3.1100 4.90 -5.66 6.32 174 343 348 368 212 
0.9018 -0.2617 -0.2489 -0.2373 27.00 41.13 16.56 15.52 3.89 11.38 7.4800 4.5400 5.1900 3.3667 -1.6867 -0.6689 7.76 0.08 5.99 179 356 357 403 217 
;
