0.5231 -0.4183 -0.4868 -0.5607 93.87 78.19 -31.50 9.62 0.83 1.51 0.0000 -0.1200 -0.1800 0.0322 -0.0567 -0.0044 9.60 1.04 1.65 170 308 310 308 195 
0.5220 -0.4210 -0.4896 -0.5574 93.75 78.62 -32.69 9.70 1.04 1.41 0.0400 -0.0100 -0.1800 0.0044 0.0267 0.0044 9.61 1.04 1.63 171 307 313 309 196 
0.5223 -0.4206 -0.4894 -0.5575 93.69 78.56 -32.31 9.63 1.01 1.46 0.0200 0.0000 -0.1300 -0.0200 -0.0056 0.0278 9.61 1.02 1.63 171 322 287 269 180 
0.5184 -0.4319 -0.4872 -0.5543 94.19 81.00 -27.50 11.88 1.15 5.23 3.6100 0.3500 3.6500 -1.6489 -3.3767 1.3733 9.76 -0.33 -0.77 140 390 179 179 107 
0.4424 -0.6063 -0.4891 -0.4443 85.06 73.12 151.75 6.22 -0.44 -3.08 -3.8500 0.9800 -0.8100 0.6833 0.3611 0.1800 9.39 -1.71 -2.23 127 406 182 184 112 
0.4911 -0.5681 -0.5266 -0.3986 79.94 78.25 153.00 6.54 -2.91 -10.89 0.2600 -2.2600 -10.3200 1.8567 -0.3256 -1.3467 9.61 0.00 -1.91 134 403 191 188 115 
0.5380 -0.4465 -0.6242 -0.3487 58.69 81.50 139.37 20.94 1.07 4.03 8.7200 2.4300 4.2800 1.1478 3.6589 3.2511 9.15 -3.16 1.54 138 404 195 191 118 
0.7775 -0.4271 -0.3910 -0.2454 31.75 46.81 51.63 -3.62 -2.78 8.05 -10.4200 3.0600 3.3500 -1.6667 1.8122 1.3000 5.52 -6.59 4.71 137 405 204 193 119 
0.7986 -0.5156 -0.1926 -0.2435 37.38 36.38 65.94 -1.80 1.03 -0.67 -7.6700 8.7700 -4.1000 -2.1333 -1.0900 -3.0811 7.43 -6.20 1.57 133 404 207 193 119 
0.6148 -0.6061 -0.3209 -0.3894 70.75 65.87 89.37 16.13 -0.03 -11.55 8.5800 1.6300 -10.1700 1.1144 -1.7122 -1.0167 9.35 -2.68 -1.22 129 390 203 196 122 
0.5693 -0.5724 -0.4905 -0.3280 52.56 66.44 105.00 12.89 -4.30 6.63 1.6100 0.8200 7.9300 0.9889 0.4900 1.8956 8.36 -5.12 -0.19 132 390 210 198 123 
0.6627 -0.5718 -0.4255 -0.2296 41.06 55.44 92.12 2.64 -3.60 -0.64 -4.9700 1.4700 -1.2000 -2.2633 -0.4289 -0.7500 8.38 -4.95 -1.17 166 366 202 199 125 
0.5624 -0.6322 -0.3682 -0.3853 75.37 65.81 80.56 20.78 -11.22 -1.59 8.1400 -7.8800 -3.3500 2.7989 7.6122 0.1933 6.86 -3.21 6.21 147 223 183 189 119 
0.7604 -0.3002 -0.1876 -0.5444 66.62 32.88 13.25 4.62 -2.70 2.73 -1.1900 1.1300 -7.3800 3.6678 0.5644 2.4000 4.31 -0.45 8.79 158 203 181 185 118 
0.8981 -0.0646 -0.1736 -0.3989 45.19 17.87 -3.25 -0.29 4.63 6.03 -3.4600 3.9900 -2.5800 0.6644 0.6744 1.4356 2.26 0.75 9.51 159 204 177 184 118 
0.9417 0.0044 -0.1082 -0.3187 39.13 8.69 -3.50 1.68 0.85 8.88 0.6500 0.3100 -0.6100 -0.8278 0.8544 -0.9533 1.09 0.20 9.74 151 203 181 188 119 
0.9237 -0.0225 -0.0486 -0.3794 46.44 5.69 1.25 2.14 -0.71 8.95 0.9300 -0.2000 -0.6700 -1.0111 0.9889 -1.6233 0.28 -0.89 9.76 144 202 183 191 122 
0.8713 -0.0678 0.0472 -0.4837 61.63 -3.62 12.25 -0.14 -4.94 8.05 -0.0400 -2.9700 -1.4900 -1.3333 1.1467 -1.0589 -1.52 -3.30 9.10 141 209 180 193 124 
0.8179 -0.1053 0.1672 -0.5403 65.87 -9.25 21.50 -4.64 -6.28 9.05 -3.1400 -2.6200 -0.2700 -0.2767 -0.1322 -0.0767 -1.66 -3.89 8.84 142 213 186 195 125 
0.8182 -0.1299 0.1787 -0.5309 66.50 -8.88 24.19 -3.32 -2.23 5.45 -2.2800 1.5200 -4.9700 -0.0044 -1.0822 -0.7589 -0.64 -4.07 8.89 150 228 199 213 142 
;
