0.1597 0.1922 0.1519 0.9563 198.94 18.56 -21.81 3.08 3.35 8.64 0.0500 -0.0300 0.1300 0.0111 -0.0122 -0.0267 3.13 3.47 8.61 186 379 358 407 219 
0.1670 0.1940 0.1512 0.9548 199.94 18.56 -22.00 3.56 4.12 8.93 -0.1200 0.1600 -0.1900 0.0833 0.1000 -0.1367 3.03 3.59 8.60 187 376 356 403 217 
0.1683 0.1853 0.1600 0.9548 198.12 17.62 -20.87 2.57 6.19 15.42 -1.7600 2.2500 6.7800 -1.8033 -2.5644 1.4800 4.39 1.91 8.55 176 391 174 171 118 
0.0877 0.4140 0.0129 0.9059 189.00 57.88 -0.06 7.01 -0.95 1.12 -2.0500 0.1500 -2.5600 0.8544 -5.6178 1.7844 9.63 -1.31 1.23 122 385 168 171 109 
-0.0686 0.7175 -0.0858 0.6879 164.31 74.19 113.62 3.82 -2.24 -1.89 -5.6500 1.7400 -0.5300 0.5800 -0.7656 -0.8989 9.43 -2.00 -1.76 123 383 179 177 113 
-0.0573 0.7716 -0.0085 0.6334 171.75 77.37 170.87 15.73 0.42 -10.41 11.9100 -0.7000 -6.7700 3.2467 0.2456 -1.7578 9.54 0.62 -2.15 141 377 182 187 122 
-0.1588 0.7056 0.1861 0.6650 149.06 88.94 1.00 11.64 3.72 3.84 -2.1400 3.6500 1.6100 -0.6522 4.9378 3.2489 8.87 -2.45 3.36 154 379 179 185 123 
-0.3363 0.5058 -0.0305 0.7938 131.44 45.38 40.81 -2.64 -2.58 6.41 -9.9800 2.7700 1.1600 -1.7889 1.2056 1.4489 5.57 -6.19 5.16 155 382 185 186 124 
-0.3431 0.4838 -0.2383 0.7691 133.69 37.25 62.75 -0.65 -0.52 -0.43 -7.2700 6.3300 -4.0200 -1.3411 -0.7867 -4.7878 8.19 -5.00 1.98 150 396 186 188 125 
-0.0638 0.6296 -0.1218 0.7646 177.87 77.81 37.88 14.88 5.07 -5.73 8.5100 5.4600 -6.1900 1.2067 -1.3689 -2.3189 9.75 0.92 0.39 147 371 187 191 127 
0.0080 0.7144 0.0699 0.6962 176.56 84.81 -175.25 17.40 0.98 4.73 5.1600 0.4800 5.8100 0.5667 0.6156 2.5978 9.76 -0.86 0.04 153 359 186 195 130 
-0.1371 0.6957 -0.0189 0.7049 156.50 72.81 85.31 4.84 -2.17 1.88 -4.0200 0.7100 0.1300 -2.8278 -1.2011 2.6100 8.56 -4.64 -1.13 157 365 177 189 125 
-0.1599 0.7615 -0.2810 0.5617 143.87 45.13 123.69 2.87 -8.87 -8.48 -1.5800 -2.5400 -3.8800 2.9922 -1.1056 -0.8100 6.86 -6.13 -3.37 2 416 175 187 124 
-0.2903 0.7530 -0.2011 0.5553 120.81 45.75 101.94 8.88 -3.67 0.64 0.1300 3.2100 1.2000 1.7544 1.1111 0.9611 6.65 -7.20 0.25 140 429 185 185 127 
-0.4080 0.6604 -0.1844 0.6028 109.56 38.44 85.00 6.90 -7.26 0.48 1.2800 0.2600 -0.3900 0.1367 0.0200 0.6200 5.67 -7.97 0.67 168 429 187 185 125 
-0.4696 0.6506 -0.1721 0.5715 99.75 36.19 78.62 1.26 -0.68 13.47 -1.0600 6.0600 12.1300 -0.6200 -1.6722 1.2178 5.83 -7.69 1.67 165 426 194 192 126 
-0.4831 0.6304 -0.1686 0.5838 101.31 35.75 83.12 11.76 -11.25 -8.45 -6.0700 2.0000 -5.2200 4.6922 -1.2000 -2.5344 6.47 -6.72 2.98 184 434 196 191 131 
-0.5279 0.5786 -0.0779 0.6169 99.31 38.06 68.19 7.13 -3.58 6.94 2.9300 5.2300 5.3300 -3.0133 0.5667 0.1889 5.86 -7.71 1.52 205 324 215 202 143 
-0.3856 0.6260 -0.2466 0.6313 130.56 38.69 86.25 10.82 -7.06 -1.32 10.9800 0.4400 -8.0500 -6.1267 12.7511 -1.3900 6.43 -7.10 2.04 208 204 191 180 113 
0.2557 0.0529 -0.4627 0.8472 218.31 0.56 50.13 -3.49 -1.52 3.21 -0.3800 5.2900 -1.7800 -0.1444 2.3889 4.9156 -4.75 -6.54 5.53 208 216 191 176 113 
0.1277 -0.4272 -0.2435 0.8613 190.25 -47.44 39.94 -0.70 2.58 -0.63 7.5500 6.1200 -5.7500 2.1811 -1.2633 4.5278 -7.73 -0.41 6.00 214 216 197 176 115 
-0.1376 -0.4092 0.0310 0.9015 160.12 -43.69 -18.75 -19.28 1.67 13.78 -9.5400 -0.1700 5.7200 -0.4133 -0.9789 -1.6578 -6.31 1.75 7.29 214 219 193 179 113 
-0.0843 -0.3457 0.0208 0.9343 171.44 -40.06 -4.75 -2.88 1.27 6.44 3.0500 0.6900 -1.0000 0.0622 -0.0233 0.0100 -6.27 0.50 7.52 209 221 200 182 116 
-0.0638 -0.3353 0.0077 0.9399 172.69 -38.25 -3.81 -6.11 0.21 8.03 -0.3000 -0.2500 0.0800 0.1244 -0.5844 -0.8500 -5.72 0.24 7.95 192 253 189 182 119 
-0.0082 -0.2622 0.0051 0.9650 180.44 -26.69 0.00 -0.73 0.95 10.07 6.5600 0.9500 1.4700 -1.4133 -2.7667 0.4578 -2.49 -0.73 9.45 198 258 219 197 138 
;
