0.9001 -0.0046 -0.3988 -0.1756 22.00 46.00 -10.94 6.99 1.36 6.65 -0.1600 0.1000 -0.0300 0.0100 -0.0300 0.0000 7.06 1.30 6.67 184 317 330 362 231 
0.8999 -0.0043 -0.3994 -0.1750 22.06 46.06 -10.94 6.94 1.33 6.68 -0.0600 0.0500 -0.0100 0.0011 -0.0133 -0.0122 7.06 1.29 6.67 183 316 329 360 231 
0.8995 -0.0037 -0.4005 -0.1747 21.62 46.44 -11.19 11.80 4.32 13.90 4.3300 3.3200 8.5200 -2.4578 0.5767 0.4644 7.05 0.27 6.80 183 352 191 180 127 
0.8754 -0.1700 -0.4113 -0.1891 23.31 55.50 22.56 7.92 -0.58 0.92 -0.7100 1.9000 -4.2200 1.8467 -2.8322 1.4344 8.85 -2.77 3.16 154 377 182 172 113 
0.7764 -0.2362 -0.5840 -0.0181 358.50 65.87 71.37 1.06 -2.82 0.34 -9.0500 1.1500 -0.4100 -0.3167 -0.6567 -1.2400 9.17 -3.43 0.43 139 379 186 172 114 
0.6948 -0.1996 -0.6904 -0.0273 9.00 80.75 118.75 5.80 2.93 -8.98 -0.6700 3.0800 -10.7500 1.2456 -1.1478 -3.7400 9.52 1.64 -1.66 144 373 189 176 118 
0.6149 0.0536 -0.7808 -0.0970 12.00 71.62 -140.19 28.47 6.89 -1.36 17.6200 5.5400 2.8900 2.6567 3.6433 1.6622 9.76 0.56 -0.64 157 371 195 180 121 
0.7321 0.0526 -0.6635 0.1450 332.06 71.50 46.38 2.19 0.05 2.81 -7.5000 2.7900 -0.3700 -0.6833 3.5467 3.2244 7.44 -4.69 4.32 164 374 195 187 127 
0.8181 -0.1852 -0.4590 0.2929 319.37 36.69 52.56 -4.62 -3.03 4.36 -9.6800 4.1600 -0.2200 -2.4744 -0.7511 -0.1244 5.81 -7.19 3.25 166 379 202 188 126 
0.7418 -0.3215 -0.5464 0.2186 333.31 47.81 80.50 3.41 2.02 -4.84 -2.8200 8.0200 -6.2300 -0.9389 -1.5456 -5.4156 9.31 -2.98 -0.65 157 389 185 193 129 
0.6514 -0.0823 -0.7542 0.0077 357.37 79.19 168.69 20.33 0.93 -7.09 11.6500 1.2300 -1.2000 3.8100 -0.3856 -0.8456 9.55 0.19 -2.19 163 382 195 196 137 
0.6105 0.1404 -0.7681 0.1332 332.12 77.12 160.81 9.51 0.64 1.55 -1.2200 1.5400 2.8000 -0.2789 0.6500 0.2122 9.59 -1.10 -1.69 168 309 240 256 187 
0.6528 0.1415 -0.7339 0.1229 342.75 83.50 -175.56 14.74 -5.50 -3.60 6.3000 -5.2600 -2.8700 0.9478 5.4300 -5.7000 8.09 4.93 2.51 183 292 324 402 230 
0.8300 0.3253 -0.4510 0.0419 346.19 59.06 -44.19 2.37 8.61 9.74 -6.7800 5.5400 5.2900 -3.7933 -4.9789 7.9222 9.46 -2.51 0.46 208 318 342 406 232 
0.5224 -0.1522 -0.8011 0.2491 298.56 33.00 133.12 -7.49 3.22 -3.35 -7.4000 10.6900 2.8300 -8.8311 -0.7889 2.3567 3.54 -1.96 -8.92 212 288 289 371 226 
0.1448 -0.5107 -0.8307 -0.1674 63.63 24.62 -168.44 5.57 4.18 -17.59 1.3000 0.7800 -8.2800 -0.0522 -0.3389 0.0300 3.98 2.40 -8.63 214 288 290 375 227 
0.1071 -0.5222 -0.8203 -0.2076 65.31 22.44 -166.81 3.91 1.61 -8.81 -1.0200 -0.2700 0.2100 0.6478 -0.4767 0.2678 3.38 1.51 -9.07 210 288 290 376 226 
0.1122 -0.5367 -0.8237 -0.1445 65.81 20.12 -173.94 2.75 0.97 -9.34 -0.2000 0.0400 -0.5900 1.4711 -0.0478 -0.6700 3.42 0.21 -9.18 209 291 293 369 222 
0.1774 -0.4894 -0.8508 -0.0724 58.38 24.06 173.44 7.73 -2.28 -11.70 3.8200 -0.5700 -3.8600 3.9911 4.1733 -0.8644 6.13 -2.80 -7.11 215 384 324 426 227 
0.4980 -0.3344 -0.7994 0.0343 348.19 58.50 126.87 8.31 -8.66 -3.17 -0.8800 -5.1300 -2.1800 0.4800 2.9467 -0.5467 9.03 -3.78 0.41 203 416 367 436 223 
0.7661 -0.1845 -0.6144 0.0410 353.19 66.75 49.94 6.51 -0.74 -0.28 -1.9800 4.3800 -2.3400 4.3833 2.0244 0.0911 8.53 -1.95 4.42 189 431 374 435 225 
0.8534 0.0181 -0.4908 0.1745 334.62 55.13 11.56 3.08 3.10 4.98 -4.9200 4.2400 -0.7000 1.6322 0.2444 0.6056 7.66 -0.69 6.07 194 428 378 437 225 
0.8639 0.0937 -0.4177 0.2654 324.81 50.38 5.44 3.92 5.41 7.79 -3.0600 6.1900 1.8300 -0.5500 -0.5033 -0.2856 7.80 -0.73 5.89 213 427 375 433 223 
0.8557 0.0416 -0.4709 0.2105 338.87 58.75 18.44 12.60 9.94 2.89 5.6400 10.6200 -2.7400 -7.4511 -1.2467 -1.5289 9.20 -2.35 2.41 170 262 270 327 223 
0.7361 -0.3077 -0.6028 -0.0065 356.44 56.06 85.75 4.54 -8.08 -3.14 -6.6200 -4.1900 -2.2800 -2.2733 2.2444 2.4967 6.56 -7.24 0.79 193 277 269 340 225 
0.7260 -0.5516 -0.4099 -0.0276 6.69 38.06 87.00 1.77 -10.73 -2.56 -3.9400 -2.8000 -2.9100 -0.2922 0.3011 -0.2822 6.13 -7.64 0.28 192 287 270 345 225 
0.7166 -0.5765 -0.3859 -0.0725 11.63 40.06 86.94 5.38 -7.22 0.24 -0.9300 0.3000 -0.2600 0.3022 -0.4189 -0.2300 6.46 -7.36 0.40 189 282 281 346 223 
0.7310 -0.5472 -0.4030 -0.0621 8.94 40.94 78.75 2.62 -6.58 0.00 -4.4400 0.6400 -2.1000 3.1778 0.7067 -0.3367 6.44 -6.39 3.71 192 349 316 373 218 
0.8619 -0.3361 -0.3772 -0.0423 7.31 45.31 39.38 5.83 -1.88 1.90 -0.4100 2.1700 -3.0400 4.5256 1.0467 -3.0611 7.14 -0.69 6.68 190 366 330 366 218 
0.9144 0.0412 -0.3785 -0.1379 18.94 40.75 -22.62 7.63 7.44 11.02 0.8200 4.2200 4.7800 0.5200 -0.7744 -0.3633 6.60 3.57 6.29 192 353 332 360 216 
;
