0.8093 -0.1176 -0.3907 -0.4226 55.13 46.94 -11.81 7.11 1.38 6.61 -0.0100 0.0000 0.0300 0.0033 0.0389 -0.0067 7.15 1.37 6.56 194 359 355 381 213 
0.8103 -0.1163 -0.3887 -0.4229 55.06 46.63 -11.75 7.07 1.38 6.61 -0.0400 0.0000 0.0500 0.0111 0.0322 -0.0078 7.11 1.38 6.60 191 358 354 379 214 
0.8113 -0.1149 -0.3868 -0.4230 55.06 46.38 -11.75 6.99 1.37 6.70 -0.1600 0.0100 0.0700 -0.0067 0.0133 -0.0067 7.08 1.38 6.63 194 358 354 377 212 
0.8119 -0.1194 -0.3849 -0.4224 54.69 46.94 -8.13 7.06 1.46 10.31 0.4400 0.9800 4.4800 -3.0456 -1.5600 0.9278 7.71 -0.95 5.97 187 373 199 199 139 
0.7534 -0.3573 -0.3535 -0.4241 60.19 59.06 37.75 8.45 -2.65 4.08 -0.6200 1.5100 1.0100 -2.0011 -3.5022 0.5044 8.88 -3.99 1.11 149 377 180 178 117 
0.6270 -0.5665 -0.3965 -0.3590 59.38 64.62 87.62 3.97 -3.91 -1.72 -5.3900 0.2600 -1.1000 0.0611 -0.3144 -0.5667 9.03 -3.81 -0.13 121 392 191 176 114 
0.5909 -0.5611 -0.4387 -0.3789 67.06 73.31 94.81 8.90 -0.81 -4.80 0.6600 1.5300 -4.8000 1.2389 -0.0922 -1.9089 9.68 -1.49 -0.25 116 388 191 175 117 
0.5720 -0.4662 -0.5477 -0.3943 64.62 84.12 174.25 22.28 -0.43 0.61 11.7100 1.4400 3.0300 2.4211 2.4244 2.2856 9.33 -2.40 1.81 114 388 195 180 119 
0.7614 -0.3855 -0.4494 -0.2640 33.56 55.63 49.75 3.28 -2.87 6.53 -7.0600 1.8300 2.5000 -1.1656 1.9356 2.7744 6.16 -6.29 4.30 122 387 197 185 121 
0.8099 -0.4930 -0.2568 -0.1874 28.81 37.56 64.00 -3.90 0.14 1.53 -8.6700 7.1900 -2.3000 -1.7289 -0.5511 -2.2156 7.11 -6.34 2.28 123 391 198 185 122 
0.6913 -0.5487 -0.3331 -0.3317 56.50 61.06 71.81 16.18 -1.17 -6.01 7.8700 0.9700 -6.0400 1.3511 -1.3633 -1.6033 9.28 -3.00 0.93 126 387 200 189 125 
0.6461 -0.4848 -0.4792 -0.3434 53.06 70.87 78.94 11.96 -3.90 4.56 2.2900 -0.2100 3.2800 -0.5956 -0.2567 1.4644 8.82 -4.26 0.38 160 362 213 217 151 
0.6694 -0.5617 -0.3683 -0.3174 52.63 52.69 76.06 10.06 -5.91 -2.33 2.0900 0.9400 -3.0900 -1.2967 1.2300 4.0222 5.59 -7.88 1.64 166 301 298 311 199 
0.7247 -0.6459 -0.0438 -0.2361 30.50 13.31 80.31 -1.97 -6.43 0.18 -3.9900 2.9900 -1.4300 -0.0889 1.4522 3.6178 -0.84 -9.65 1.50 116 272 263 273 179 
0.7487 -0.6244 0.2061 -0.0850 10.69 -14.00 82.62 -7.41 -8.11 2.03 -4.9400 0.9900 0.9100 -0.7556 -0.6322 -0.5111 -2.15 -9.53 0.72 119 266 262 273 177 
0.7186 -0.6789 0.1381 -0.0599 8.56 -0.69 88.56 -5.29 -6.32 -3.51 -4.9700 4.0900 -5.0500 -0.6856 -7.7478 -5.8756 3.58 -9.02 -1.36 115 252 256 275 175 
0.5728 -0.6504 -0.4976 0.0372 345.19 33.13 122.87 12.31 -3.28 -11.32 9.4500 2.0400 -4.7100 1.4033 -3.1567 -2.2633 5.05 -6.16 -5.70 124 270 268 286 181 
0.4336 -0.4529 -0.7596 0.1729 314.69 29.87 129.94 6.26 -5.14 -2.88 0.5600 1.4500 2.5600 -0.1167 0.9244 0.0244 5.19 -6.53 -5.13 130 274 270 288 185 
0.4751 -0.4521 -0.7408 0.1450 332.50 37.88 128.25 6.89 -4.14 -0.23 -0.0500 2.4300 4.3000 -0.4200 4.6956 -1.3133 7.99 -5.11 -2.45 145 306 289 294 190 
;
