0.7435 -0.2197 -0.3851 -0.5006 67.81 52.56 -3.81 7.86 0.34 5.76 0.0100 0.0100 -0.1900 -0.6344 -0.1644 0.2611 7.87 -0.04 5.85 181 373 237 235 167 
0.7338 -0.2806 -0.3724 -0.4940 67.75 57.06 7.44 7.58 -0.16 6.51 -1.5200 0.5000 0.9100 -1.2867 -1.4833 0.2022 8.61 -1.31 4.48 178 315 210 212 145 
0.6673 -0.4047 -0.3816 -0.4953 74.87 67.94 26.19 8.32 -0.87 0.41 1.4100 -0.1200 -2.5800 0.7256 -1.5167 -0.7567 9.53 -1.01 2.05 126 343 208 205 135 
0.6119 -0.4251 -0.4857 -0.4570 72.31 80.56 25.50 13.36 -0.52 1.90 3.8000 0.7000 1.7400 1.2289 -0.4878 0.6122 9.69 -1.00 1.04 117 359 210 200 136 
0.6492 -0.4140 -0.5244 -0.3636 54.50 76.44 58.63 15.17 -0.95 1.20 4.6200 1.0300 -0.0800 1.1456 1.5589 2.2033 8.90 -3.30 2.44 119 369 215 205 136 
0.7849 -0.4030 -0.3842 -0.2718 35.63 49.19 46.81 2.99 -4.40 5.91 -4.1300 0.3600 1.2600 -0.4989 2.7944 1.7278 5.72 -5.82 5.42 123 375 220 207 136 
0.8455 -0.4365 -0.1757 -0.2526 34.56 30.31 50.38 -1.51 -3.99 2.14 -6.3100 2.7600 -3.1800 -0.5611 -0.2300 -1.3867 5.50 -6.33 5.06 119 383 214 208 140 
0.7957 -0.4589 -0.2008 -0.3405 50.13 42.94 47.56 6.23 -0.17 2.62 -0.1100 4.3600 -2.6200 0.3922 -0.7900 -2.2533 7.72 -3.81 4.67 125 379 222 213 146 
0.7296 -0.4086 -0.3244 -0.4421 62.63 58.94 32.31 14.76 -0.14 2.37 5.5500 1.8100 -2.0600 1.1978 -0.7256 0.1322 8.67 -2.31 3.95 122 380 223 218 152 
0.7606 -0.3635 -0.3909 -0.3696 47.31 56.19 32.50 9.24 -2.38 7.93 -1.4900 0.7900 3.1800 0.3011 1.0578 2.4511 7.04 -4.17 5.40 143 367 241 238 168 
0.8436 -0.3719 -0.2580 -0.2889 41.38 34.69 38.50 -1.30 -6.16 3.39 -6.8700 -0.7700 -3.2800 0.9467 0.7767 -1.2522 5.14 -4.47 7.04 160 356 282 288 197 
0.8447 -0.3027 -0.1878 -0.3995 51.69 37.13 22.06 4.92 -0.92 0.37 -0.6900 2.0500 -5.5800 2.4956 -2.4689 -1.8433 7.47 -0.90 6.28 167 359 340 400 220 
0.7836 -0.1971 -0.4044 -0.4284 59.00 52.63 -9.25 13.93 5.56 11.00 3.3100 4.0900 8.3000 -1.3311 -1.4778 0.5078 8.25 0.85 5.22 172 359 350 405 217 
;
0.7467 -0.2311 -0.4356 -0.4464 62.06 58.69 -3.81 7.58 0.23 6.10 -0.7900 -0.2000 1.3500 0.0989 -0.2300 -0.0100 8.40 0.37 5.03 177 360 344 397 221 
0.7383 -0.2528 -0.4422 -0.4421 62.81 62.25 0.94 11.48 0.92 8.98 2.1700 1.2400 3.5900 -3.2356 0.2778 -0.3089 8.60 -0.94 4.60 170 364 213 214 140 
0.6812 -0.3785 -0.3461 -0.5224 75.37 59.50 21.87 9.69 -1.19 3.97 0.0500 0.3500 -1.5700 -1.2411 0.5367 1.1533 8.07 -3.02 4.66 130 364 205 199 132 
0.6877 -0.4507 -0.2431 -0.5146 72.94 51.75 39.81 5.39 -2.93 1.39 -2.3100 0.9700 -3.4700 0.0789 0.0356 0.2889 7.54 -4.10 4.72 124 372 205 200 135 
0.7005 -0.4503 -0.2250 -0.5059 71.94 50.75 37.63 7.87 -1.51 3.34 2.0000 2.6200 -1.3300 1.0811 -0.4578 -0.4033 7.89 -3.10 4.91 123 362 209 204 140 
0.7278 -0.4113 -0.2891 -0.4665 60.75 51.06 36.00 11.82 -3.58 7.87 3.4200 0.1700 2.6200 0.4433 0.7311 3.4689 6.22 -5.15 5.54 128 353 212 213 141 
0.8413 -0.4155 -0.1550 -0.3090 38.63 26.31 45.94 -3.44 -6.66 7.36 -7.7300 -0.1500 0.0100 -0.9033 0.7911 0.5256 3.38 -7.02 5.94 127 364 217 213 143 
0.8376 -0.4523 -0.0538 -0.3013 41.94 23.19 51.69 -1.39 -4.32 2.23 -5.1100 3.3500 -3.8300 0.3956 -0.5711 -2.5222 5.19 -6.25 5.47 128 375 214 211 144 
0.7739 -0.4370 -0.1673 -0.4267 61.38 43.63 38.63 8.79 2.32 1.54 2.9400 6.1000 -3.5500 1.7200 -1.3033 -2.1544 7.89 -2.41 5.28 128 366 218 213 145 
0.7237 -0.3531 -0.3515 -0.4776 64.25 60.06 19.69 16.13 -0.34 7.57 5.5600 0.5700 3.8300 0.3256 -0.5033 1.7933 8.50 -2.48 4.20 131 363 225 218 150 
0.7538 -0.3962 -0.3744 -0.3669 52.44 57.69 40.75 4.88 -4.70 4.31 -4.2700 -0.9800 -0.9900 -0.5433 0.2444 -0.4811 8.22 -3.41 4.10 149 361 243 248 174 
0.7396 -0.3964 -0.3348 -0.4287 61.94 55.75 26.69 4.45 -2.52 -1.35 -3.2400 -0.4200 -5.8900 2.6456 -0.3311 -1.3022 8.26 -0.76 5.22 172 357 336 389 213 
0.7505 -0.2303 -0.4335 -0.4424 61.19 57.63 -9.38 8.84 1.94 7.79 3.0800 1.5500 1.9500 -0.3111 -0.9878 -0.3011 8.38 1.11 4.96 176 367 353 419 216 
;
0.7431 -0.2057 -0.4267 -0.4727 65.62 56.88 -7.25 7.90 0.27 5.05 0.3700 -0.6800 -0.1800 -0.3378 -0.3167 -0.0244 8.43 0.41 4.99 169 360 357 408 217 
0.7245 -0.2513 -0.4291 -0.4772 66.50 59.75 -5.19 9.39 0.97 7.03 0.9300 0.8000 2.7500 -0.2400 -0.4589 0.3522 8.58 0.22 4.73 176 362 292 298 206 
0.7073 -0.3073 -0.4147 -0.4831 71.75 63.31 10.31 9.78 0.00 4.83 1.2800 1.2800 0.1000 -2.5778 -0.4056 0.3200 8.97 -1.88 3.46 158 371 199 205 134 
0.6335 -0.4509 -0.3486 -0.5233 79.00 65.94 31.06 9.19 -1.89 2.08 0.1000 0.5000 -1.0000 -0.1133 0.2356 0.4467 8.81 -2.37 3.59 130 381 203 196 133 
0.6467 -0.4613 -0.3212 -0.5156 76.75 63.13 35.75 8.34 -0.86 -1.05 1.5000 2.2600 -4.9400 2.1378 -0.1956 -0.8567 8.93 -1.56 3.72 130 373 207 203 140 
0.6935 -0.3789 -0.4043 -0.4604 61.75 63.06 24.37 12.99 0.33 7.98 2.4000 1.9100 4.4300 0.4733 1.8733 3.0167 7.74 -3.17 5.10 132 373 215 211 144 
0.8198 -0.3782 -0.2635 -0.3399 43.75 38.44 39.69 -2.09 -6.35 6.11 -6.9600 -0.9300 -0.5900 -1.3200 0.4900 0.6667 5.07 -6.09 5.76 131 370 216 210 144 
0.8154 -0.4490 -0.1340 -0.3401 47.13 33.00 49.56 1.86 -3.07 1.58 -3.7600 3.3100 -3.6600 0.0089 -0.5456 -2.0667 6.39 -5.53 4.97 132 373 214 211 145 
0.7515 -0.4382 -0.2352 -0.4335 63.44 50.56 35.50 9.93 1.02 2.40 2.7400 4.0200 -2.3300 2.0133 -0.9011 -1.7856 8.25 -1.64 5.02 133 365 216 219 150 
0.7223 -0.3307 -0.3853 -0.4695 62.13 62.00 15.31 13.53 0.50 7.98 2.3800 0.5700 3.5800 -0.2911 -0.2167 1.2833 8.65 -2.06 4.11 135 365 217 216 150 
0.7473 -0.3727 -0.3983 -0.3796 54.13 61.31 34.06 6.32 -2.95 3.26 -2.9600 0.3300 -1.0800 -0.1611 -0.3500 -0.2889 8.72 -2.56 3.67 145 365 231 234 168 
0.7205 -0.3932 -0.3968 -0.4109 62.13 62.19 27.00 5.41 -2.59 -0.83 -3.4000 -0.8600 -5.0900 1.4367 0.3022 -1.4833 8.56 -0.75 4.71 166 351 295 346 206 
;
0.7183 -0.2763 -0.4307 -0.4714 66.94 60.56 -5.37 11.01 1.21 7.41 1.8900 0.8900 2.2100 -0.0833 0.0678 -0.3556 8.42 0.75 4.95 167 353 351 411 216 
0.7115 -0.2574 -0.4344 -0.4886 69.37 61.88 -4.44 9.46 -0.23 4.61 0.6200 -0.6900 -0.7100 0.1178 0.2989 0.0189 8.65 0.25 4.60 173 350 347 404 219 
0.7116 -0.2737 -0.4346 -0.4794 67.56 61.81 -1.19 12.01 0.42 9.45 3.5500 0.3400 4.1600 -2.0156 0.1400 0.9078 8.55 -1.02 4.68 172 362 241 240 162 
0.7126 -0.3763 -0.3381 -0.4860 68.44 56.25 28.62 8.16 -0.93 4.04 -0.5200 1.6300 -1.6200 -1.1844 0.1744 1.0678 7.74 -3.82 4.63 131 367 219 214 140 
0.7126 -0.4655 -0.2275 -0.4730 67.19 49.13 46.44 4.12 -3.37 1.17 -3.1000 1.5800 -3.2300 -0.2089 -0.5378 -0.1778 7.57 -4.78 3.98 120 372 222 212 138 
0.6905 -0.4913 -0.2396 -0.4738 70.50 54.25 45.63 8.43 -0.72 1.38 1.6300 3.1200 -2.1900 1.4778 -0.2044 -1.2289 8.33 -2.85 4.31 120 370 216 219 144 
0.6940 -0.4200 -0.3196 -0.4897 65.06 57.06 33.81 17.52 -1.93 7.47 6.0400 0.7200 3.2600 0.8267 1.2811 3.9378 7.01 -4.49 5.16 121 368 218 217 145 
0.8243 -0.4253 -0.1961 -0.3182 40.50 30.50 47.00 -7.29 -7.36 6.37 -10.2700 -0.5500 -0.7200 -0.9656 0.0611 0.2411 4.12 -6.95 5.54 123 379 213 212 141 
0.8185 -0.4642 -0.1072 -0.3209 45.75 31.87 51.25 -0.36 -1.48 -0.03 -4.2200 5.4900 -5.5100 0.5922 -1.3822 -3.1444 6.95 -4.95 4.82 119 381 215 212 143 
0.7367 -0.4259 -0.2899 -0.4380 62.88 56.94 34.94 16.72 -0.27 5.38 8.9400 1.3000 2.4300 0.6144 -1.1711 -0.0022 8.70 -2.63 3.66 119 385 217 216 145 
0.7148 -0.4252 -0.3853 -0.3998 57.50 62.69 43.94 9.13 -3.47 3.42 -0.2800 -0.1300 -0.2200 0.0633 -0.0256 0.1622 8.64 -3.29 3.24 132 386 223 222 148 
0.7179 -0.4372 -0.3820 -0.3841 56.44 62.44 45.69 6.24 -1.91 2.65 -2.2100 1.3000 -0.6900 -0.1044 0.2544 -0.4589 8.77 -2.99 3.19 162 368 243 251 174 
0.7006 -0.4285 -0.3964 -0.4104 62.19 67.37 39.50 8.73 -1.39 -0.31 -0.3000 0.6700 -3.0400 0.5933 0.5956 -1.4322 9.24 -1.24 3.03 167 340 296 358 208 
0.6917 -0.3260 -0.4521 -0.4592 67.56 64.81 -0.69 10.61 0.80 6.51 1.1200 0.6800 1.7300 0.6478 -0.2100 -0.3044 8.79 0.61 4.30 171 338 345 391 207 
;
0.7142 -0.2518 -0.4490 -0.4741 67.50 59.19 -6.75 7.64 1.14 7.63 -0.2600 0.2100 1.0100 -0.5322 -0.7311 0.1667 8.56 0.28 4.77 169 332 343 384 209 
0.7073 -0.2795 -0.4287 -0.4876 69.37 61.69 -2.56 8.71 0.31 4.95 0.0100 0.2500 0.3200 -0.0889 -0.2633 0.0000 8.71 0.17 4.50 167 334 343 378 208 
0.7028 -0.2862 -0.4380 -0.4821 68.12 64.25 -2.50 9.04 0.62 6.52 0.2700 0.9200 3.7500 -1.6289 -1.4778 0.1944 9.20 -0.30 3.36 170 346 242 244 172 
0.6331 -0.3945 -0.4468 -0.4939 79.19 74.37 12.50 15.55 1.82 -1.61 9.1600 4.8300 -2.7600 0.7078 -0.3278 1.5522 9.50 -1.01 2.20 127 342 218 211 144 
0.6736 -0.4347 -0.4240 -0.4213 58.63 62.94 44.69 6.98 -1.71 1.80 -2.0600 1.8400 -1.2400 -0.2733 2.6767 3.8056 6.36 -5.71 4.79 119 356 220 216 146 
0.8126 -0.4696 -0.1450 -0.3134 40.75 27.19 54.63 -5.71 -7.46 3.34 -9.5300 0.3000 -2.2300 -0.6978 0.0589 -0.4533 4.14 -7.60 4.59 119 370 219 211 145 
0.7852 -0.5095 -0.1018 -0.3370 50.75 34.88 55.25 2.10 0.97 -0.30 -3.5100 7.1000 -4.9800 1.4689 -0.5744 -3.7989 7.35 -4.19 4.95 121 378 216 213 150 
0.7199 -0.3975 -0.2971 -0.4853 67.50 57.19 25.81 19.76 0.97 5.40 10.4400 1.7900 1.7600 1.1333 -0.8522 1.8222 8.39 -2.67 4.29 122 368 223 219 154 
0.7559 -0.4052 -0.3557 -0.3715 51.31 55.75 43.13 4.73 -6.30 4.78 -3.1500 -1.9100 0.3000 -0.1344 0.2889 -0.4300 8.06 -3.83 4.06 129 367 226 223 156 
0.7432 -0.4250 -0.3320 -0.3960 57.19 56.56 40.81 6.86 -1.87 2.27 -1.8400 1.4900 -2.5400 -0.0456 0.0556 -0.3656 8.24 -3.27 4.17 151 348 260 257 182 
0.7389 -0.3867 -0.3360 -0.4377 62.31 57.50 23.12 7.32 -1.22 2.72 1.6900 1.3500 -0.8000 1.7189 -0.3289 -1.5056 8.55 -0.41 4.76 168 354 314 368 209 
0.7305 -0.2532 -0.4212 -0.4743 67.31 56.56 -6.37 8.05 2.01 7.51 -0.0200 1.0300 1.5400 0.3533 -1.3456 0.0589 8.32 0.92 5.09 169 344 341 404 215 
;
0.7209 -0.2348 -0.4361 -0.4846 67.87 59.69 -7.44 8.72 0.54 5.61 0.1300 -0.0600 0.4700 -0.1800 -0.3356 0.0089 8.59 0.50 4.70 165 341 350 398 216 
0.7101 -0.2615 -0.4401 -0.4835 68.00 61.75 -6.12 10.10 0.75 7.87 1.5900 0.1300 3.4300 -0.9144 -0.2222 0.1956 8.69 0.03 4.53 174 349 251 251 172 
0.6909 -0.3421 -0.3964 -0.4985 70.50 64.31 18.94 12.18 -0.15 5.15 2.8200 1.8000 0.7000 -1.7322 0.5544 1.6756 8.52 -3.01 3.79 140 358 220 205 136 
0.7000 -0.4719 -0.2874 -0.4525 64.56 53.19 48.00 4.16 -3.10 0.92 -3.8700 1.4500 -3.0500 -0.4456 0.8522 0.7078 7.29 -5.05 4.17 125 366 216 207 140 
0.7192 -0.4891 -0.2057 -0.4485 64.44 47.56 48.69 5.70 -2.47 2.11 -1.5600 2.4000 -2.3500 0.5578 -0.2800 -0.7022 7.49 -4.43 4.50 129 364 214 210 144 
0.7158 -0.4454 -0.2496 -0.4764 65.25 51.75 38.19 19.22 -0.94 8.94 10.7300 2.0000 4.6800 0.6611 1.9144 2.9467 6.56 -4.64 5.61 126 353 224 219 146 
0.8339 -0.4089 -0.1481 -0.3398 40.69 26.81 45.44 -6.13 -9.03 5.44 -10.8400 -2.2700 -2.2100 -1.1756 1.8244 0.0744 3.22 -7.06 5.98 127 363 221 219 148 
0.8250 -0.4465 -0.0420 -0.3438 47.31 24.87 49.38 -0.06 -2.49 1.00 -4.6900 4.2800 -4.8700 1.1333 -1.3878 -2.6600 5.78 -5.44 5.74 125 368 220 218 148 
0.7697 -0.3978 -0.2241 -0.4462 62.50 48.88 29.12 14.41 3.96 5.69 8.3400 4.9700 1.8800 0.8156 -2.2567 0.1656 8.30 -2.23 4.71 130 362 221 221 149 
0.7389 -0.3986 -0.3765 -0.3917 53.13 59.81 42.81 9.78 -5.65 4.59 -0.1600 -1.9800 0.1200 -0.4322 0.4500 0.7567 8.16 -4.10 3.56 127 362 226 222 150 
0.7534 -0.4398 -0.3494 -0.3420 48.75 56.25 48.06 5.08 -2.86 1.42 -3.9600 0.8500 -3.1700 0.0578 1.0178 -1.3367 8.26 -3.31 4.11 154 348 254 254 180 
0.7462 -0.3707 -0.3769 -0.4047 58.06 61.56 22.12 9.17 0.67 2.35 2.3000 2.5000 -0.5400 1.7833 -0.1078 -1.4567 8.84 -0.14 4.22 169 351 335 399 215 
;
0.7303 -0.2357 -0.4810 -0.4241 60.94 62.00 -12.75 10.31 2.43 6.72 2.4600 3.0000 4.6100 -0.4144 1.3133 -0.0333 8.38 1.09 4.97 168 353 352 410 217 
0.7325 -0.2252 -0.4608 -0.4476 63.06 61.56 -9.19 8.40 0.09 4.62 -0.5800 -0.5300 0.0400 -0.1467 -0.0567 -0.0411 8.62 0.71 4.61 166 348 347 409 216 
0.7278 -0.2345 -0.4616 -0.4497 62.69 62.13 -9.50 10.24 1.14 7.14 2.0400 0.6800 3.0900 0.1767 -0.5133 0.3789 8.81 0.62 4.25 173 360 324 332 210 
0.7228 -0.2732 -0.4549 -0.4427 64.75 64.12 6.12 11.27 0.03 6.27 2.7000 0.7500 1.6700 -2.5822 0.0144 1.0844 8.75 -1.82 4.02 165 356 227 212 140 
0.6928 -0.4346 -0.3378 -0.4658 67.62 59.31 40.69 8.88 -2.56 0.68 -0.1300 0.9000 -3.1000 -0.5656 0.2989 1.3833 7.83 -4.44 3.88 132 357 220 205 137 
0.7176 -0.4892 -0.2365 -0.4357 62.50 48.19 50.00 1.20 -3.19 2.26 -6.5100 1.8100 -2.1800 -0.0611 0.5989 -0.6711 7.29 -4.71 4.55 126 361 217 210 144 
0.7106 -0.4492 -0.2339 -0.4884 70.19 51.94 36.25 15.82 1.31 3.96 9.6500 4.0400 -0.2300 1.5033 -0.9567 0.9911 7.92 -3.27 4.75 124 357 222 211 147 
0.7690 -0.4109 -0.2731 -0.4065 50.06 43.94 41.19 3.70 -7.03 8.75 -3.5200 -2.0500 3.5100 -0.5811 1.9122 2.7100 4.93 -6.13 5.84 125 357 224 217 143 
0.8444 -0.4376 -0.0851 -0.2971 38.25 23.12 50.13 -4.12 -6.28 2.87 -7.4600 1.6600 -3.2200 -0.1378 -0.5989 -1.3322 4.69 -6.65 5.46 127 371 224 215 143 
0.8013 -0.4532 -0.1609 -0.3558 51.25 40.13 46.50 6.72 1.86 -0.30 2.2700 7.1600 -4.5700 1.5111 -0.7378 -3.0800 7.75 -3.34 4.99 127 371 221 215 149 
0.7381 -0.3746 -0.3484 -0.4398 61.63 59.81 26.87 15.45 -2.06 6.56 6.5700 0.0500 2.1800 0.0256 -1.1411 0.8467 8.72 -2.57 3.65 121 370 222 219 149 
0.7308 -0.4062 -0.3916 -0.3841 54.44 61.38 39.50 6.93 -3.03 4.39 -1.7600 0.2300 0.6300 -0.1200 0.0967 0.2156 8.50 -3.18 3.70 141 370 232 231 160 
0.7402 -0.4117 -0.3558 -0.3949 57.69 56.88 36.06 2.52 -3.21 -1.94 -5.9500 -0.2900 -8.0300 2.1467 -0.3500 -0.6456 8.27 -2.27 4.74 165 355 290 307 196 
0.7657 -0.2869 -0.4249 -0.3884 52.75 63.38 4.62 12.13 2.86 9.21 5.5100 2.5500 4.8800 -0.2122 -0.7033 -0.8611 9.05 0.45 3.72 174 363 352 390 200 
;
0.7301 -0.2404 -0.4957 -0.4042 58.81 66.00 -6.25 9.15 0.87 6.60 -0.1300 0.4700 2.4200 -0.2922 -0.1933 -0.0844 8.99 0.32 3.89 166 345 331 367 187 
0.7227 -0.2607 -0.4830 -0.4200 60.31 66.37 -3.37 9.12 0.13 4.22 0.0600 -0.1500 0.1900 -0.2589 0.2833 0.0100 8.91 0.14 4.08 164 344 330 362 188 
0.7241 -0.2684 -0.4695 -0.4280 60.81 65.94 -1.81 9.62 -0.01 7.21 0.5500 0.2000 4.1000 -1.2556 -1.3489 0.1500 9.24 -0.18 3.25 170 356 306 288 191 
0.6607 -0.3622 -0.4734 -0.4562 73.12 72.62 13.19 12.00 -0.50 3.98 2.3000 0.9600 0.4000 -1.7767 0.2922 -0.3111 9.28 -1.03 2.98 172 343 222 221 144 
0.6155 -0.4546 -0.3989 -0.5054 76.50 72.00 40.25 12.64 -0.80 0.71 -1.0900 1.0100 -2.1000 -0.2111 0.3611 2.3567 8.75 -3.72 2.38 131 357 219 213 143 
0.6724 -0.5141 -0.3081 -0.4344 66.00 58.00 52.94 0.69 -2.68 1.85 -7.4900 1.5300 -1.2600 0.5233 0.3467 -1.1244 8.40 -3.44 3.68 127 371 217 213 143 
0.6681 -0.4504 -0.3256 -0.4948 74.87 63.69 31.44 15.78 3.83 1.65 7.9400 5.8600 -2.1500 1.3011 -0.3067 -0.2644 8.99 -1.54 3.58 126 363 219 220 146 
0.6994 -0.4131 -0.3587 -0.4599 60.63 55.69 38.13 3.66 -5.10 9.03 -6.2900 -2.1300 5.0800 -1.3178 2.8489 3.7378 5.72 -5.91 5.32 130 364 222 222 147 
0.7999 -0.4799 -0.0918 -0.3485 47.13 28.56 55.88 -4.66 -6.65 0.36 -8.2600 2.1700 -5.2100 0.2033 -0.4544 -2.2489 5.93 -6.27 4.63 133 369 223 222 148 
0.7414 -0.4675 -0.2014 -0.4373 64.25 49.44 40.75 9.62 3.30 3.34 4.0200 7.1200 0.1000 1.6722 -0.8189 -2.1833 8.33 -2.19 4.67 126 364 218 227 148 
0.6982 -0.3791 -0.3717 -0.4803 67.69 63.44 22.12 14.53 -1.32 6.13 4.8800 -0.1000 2.2200 0.3333 -0.6322 1.0922 8.81 -2.18 3.69 125 363 221 233 150 
0.7193 -0.4060 -0.3864 -0.4105 58.38 61.88 37.69 6.00 -3.79 4.16 -2.7300 -0.7200 0.4300 -0.0611 -0.0400 0.1122 8.60 -3.02 3.60 138 353 232 237 159 
0.7197 -0.4211 -0.3804 -0.3999 58.69 62.50 38.63 4.60 -2.47 -3.14 -5.3500 -0.2000 -8.7900 1.4444 1.9678 -1.3689 8.37 -1.75 4.78 170 356 309 328 203 
;
0.7556 -0.2566 -0.4036 -0.4478 61.50 56.75 -6.19 11.35 6.06 13.73 4.4100 3.5300 6.8200 -0.1156 -1.6389 -0.8856 8.62 1.55 4.40 178 352 346 370 187 
0.7084 -0.2191 -0.4680 -0.4808 68.87 60.00 -13.31 9.42 1.29 9.66 0.8900 0.3300 4.7000 -0.2878 -0.4156 0.2467 8.63 0.77 4.59 179 347 319 310 198 
0.7000 -0.2795 -0.4442 -0.4843 70.06 63.38 0.00 11.49 0.30 7.12 1.7200 0.2600 2.4400 -2.1100 0.8600 1.2167 8.42 -1.39 4.82 168 365 213 220 143 
0.6968 -0.4004 -0.3295 -0.4955 70.19 58.56 31.69 6.63 -2.69 1.86 -1.1700 0.2600 -2.4800 -0.6711 -0.3522 0.6744 8.27 -3.50 3.93 128 361 211 210 138 
0.6950 -0.4727 -0.2875 -0.4592 65.25 55.56 47.56 6.00 -2.70 1.96 -2.6600 1.4600 -1.7000 0.0544 0.2911 0.4856 7.86 -4.40 3.86 127 365 214 213 143 
0.7113 -0.4697 -0.2753 -0.4446 65.50 55.25 42.81 6.55 -0.45 1.84 -0.4600 3.2200 -2.3900 2.0967 0.3200 -2.1078 8.41 -2.02 4.60 138 362 215 226 148 
0.7424 -0.3328 -0.3557 -0.4600 59.00 51.00 19.31 11.71 -0.95 10.76 -0.3400 0.3700 3.4300 -0.4100 0.7856 4.2167 5.84 -4.07 6.73 135 365 216 226 150 
0.8721 -0.3557 -0.1425 -0.3043 37.25 23.56 39.94 -6.82 -7.65 4.96 -9.9900 -0.9100 -3.2500 -0.7367 -0.4456 -0.2789 3.96 -6.35 6.33 135 366 222 224 151 
0.8397 -0.4099 -0.1308 -0.3312 46.44 33.88 41.38 2.35 0.57 -0.35 -2.5500 5.9600 -6.2300 1.5911 -1.5878 -3.1367 7.15 -3.25 5.86 133 371 219 228 150 
0.7745 -0.3159 -0.3258 -0.4408 60.06 53.31 16.00 16.51 -0.73 9.10 8.2800 0.2900 3.5000 -0.1822 -1.3644 1.2133 8.33 -2.16 4.69 133 370 221 230 154 
0.7624 -0.3665 -0.3694 -0.3846 52.56 57.00 33.50 7.10 -2.79 3.15 -1.4100 0.4600 -1.7000 -0.2844 -0.0167 0.3867 8.11 -3.35 4.35 150 365 226 243 163 
;
0.7678 -0.3903 -0.3500 -0.3683 51.50 55.25 33.88 2.57 -2.04 0.16 -5.2300 0.6300 -4.2500 2.3533 0.0800 -1.6278 8.24 -1.20 5.16 163 343 296 322 200 
0.7755 -0.2279 -0.4390 -0.3924 55.19 60.31 -8.94 12.62 3.20 6.69 7.0300 2.4800 2.8300 -0.1067 1.1311 -1.7678 8.18 1.72 5.11 173 342 332 349 179 
0.7350 -0.2017 -0.4697 -0.4454 63.00 62.56 -12.44 10.81 0.24 4.92 -0.0800 -0.7700 0.6900 0.2311 0.3800 -0.1989 8.71 0.83 4.42 172 345 342 363 193 
0.7271 -0.2245 -0.4756 -0.4412 62.06 63.25 -10.88 10.39 0.65 7.74 1.6600 0.0400 3.5600 -0.5767 -0.0022 0.0367 8.72 0.58 4.43 170 355 258 257 176 
0.7249 -0.2596 -0.4196 -0.4806 69.25 56.25 0.62 8.58 0.07 6.57 0.5300 0.4100 0.8500 -2.4656 1.0911 0.5944 7.62 -1.47 5.98 158 356 205 208 144 
0.7214 -0.3589 -0.2741 -0.5250 70.94 50.81 27.31 6.71 -2.31 2.87 -1.4900 0.9300 -3.1900 -0.7178 -1.6622 0.9589 7.90 -3.71 4.45 122 364 200 201 138 
0.7074 -0.4639 -0.2798 -0.4539 64.37 55.06 45.56 6.42 -2.13 2.27 -2.1000 1.8200 -1.5400 0.1200 -0.1222 -0.0944 8.11 -3.95 3.82 124 367 202 205 142 
0.7052 -0.4615 -0.3033 -0.4446 65.50 57.94 42.69 8.69 -0.51 2.03 3.3700 3.7700 -2.1900 0.9800 0.6222 -1.4544 8.45 -2.50 4.28 133 360 211 214 146 
0.7565 -0.3499 -0.3124 -0.4556 55.31 46.63 24.81 9.31 -2.24 10.92 -1.5500 -0.1300 4.0000 -0.2922 1.6256 3.5811 5.28 -4.52 6.91 136 358 221 221 149 
0.8753 -0.3615 -0.1098 -0.3019 40.00 19.81 41.25 -7.14 -6.95 3.26 -10.0700 -0.1100 -4.5100 -0.7422 0.2467 -1.4478 3.11 -6.65 6.49 139 367 217 220 153 
0.8144 -0.4036 -0.0529 -0.4136 56.94 29.19 39.25 3.66 0.66 0.32 -0.5000 5.4800 -5.8600 2.9400 -1.6533 -2.6222 6.50 -3.03 6.68 140 363 224 227 150 
0.7812 -0.2814 -0.2908 -0.4753 61.13 48.88 10.44 15.15 1.23 9.62 6.7700 1.3400 3.3500 0.6700 -1.5467 1.4722 8.02 -1.46 5.45 138 359 222 226 152 
0.7988 -0.2950 -0.3776 -0.3638 46.88 54.19 22.62 6.56 -2.39 5.80 -1.8400 0.3000 0.3100 -0.1600 0.2144 0.5767 7.78 -2.72 5.30 150 352 226 233 159 
;
