0.0744 0.1530 0.3200 0.9320 189.00 13.69 -39.63 2.26 6.01 7.38 -0.0100 -0.1300 0.0700 0.0256 -0.0467 0.0333 2.36 6.08 7.32 170 330 363 392 209 
0.0723 0.1553 0.3209 0.9315 188.87 14.06 -39.75 2.44 6.07 7.31 0.0100 0.0300 -0.0300 -0.0089 0.0489 -0.0122 2.36 6.08 7.31 174 329 362 392 211 
0.0717 0.1558 0.3248 0.9301 188.62 14.63 -41.94 1.11 7.16 10.00 -1.5500 1.7000 4.1700 1.5489 -2.9989 1.5844 4.07 6.90 5.64 173 326 224 290 209 
0.0287 0.3212 0.3585 0.8760 179.06 40.69 -50.88 15.12 7.54 -1.35 12.9000 2.9000 -7.4900 6.5544 -6.3133 7.0744 9.45 2.25 -1.29 160 382 155 170 128 
-0.3443 0.7129 0.3898 0.4704 92.94 65.87 142.25 0.47 0.83 2.65 -8.5100 3.6500 5.0800 0.5756 0.5544 -0.1089 9.01 -2.97 -2.47 141 391 178 180 131 
-0.4324 0.6804 0.3882 0.4465 95.19 71.94 139.56 3.64 2.26 -2.06 -5.4400 3.7400 -1.4500 -1.3033 -1.1444 -1.1933 9.26 -0.85 -3.11 133 385 183 184 132 
-0.2921 0.7130 0.4406 0.4607 116.37 64.75 -178.37 16.08 1.75 -10.73 8.6900 1.2800 -6.2400 2.1744 0.8411 -1.7344 8.84 0.66 -4.17 142 367 184 188 135 
-0.3896 0.5883 0.5582 0.4366 88.81 77.37 171.87 15.36 3.96 0.45 3.8700 4.9900 1.6500 -0.0289 5.4267 2.5267 9.42 -2.25 1.50 151 372 187 190 137 
-0.6478 0.4877 0.2729 0.5177 74.75 51.81 45.25 -6.49 -2.77 7.08 -13.9400 3.0600 2.1500 -1.5922 0.3767 1.7522 6.59 -6.04 4.01 146 382 179 191 138 
-0.6566 0.5794 0.1165 0.4686 74.00 47.75 71.25 -0.73 2.07 -2.65 -8.8400 7.9100 -5.6600 -1.9822 -2.9389 -3.7978 8.79 -4.31 -0.34 142 389 196 193 138 
-0.4080 0.6856 0.3124 0.5156 108.62 78.75 141.06 21.28 1.16 -10.54 11.5700 2.4700 -4.8700 5.3044 -0.9456 -0.6489 9.51 -0.85 -2.22 160 377 213 193 138 
-0.4866 0.6110 0.5220 0.3426 67.06 66.44 135.25 8.45 0.30 0.68 -0.8400 3.6600 3.6100 -1.4900 0.2156 1.7444 8.69 -3.49 -2.87 198 330 227 225 158 
-0.4381 0.7195 0.3941 0.3675 91.19 61.38 143.44 27.39 -4.95 -7.52 22.2100 -4.1000 -4.6800 -5.8622 16.1422 -2.6900 9.08 -0.46 3.66 211 202 194 181 121 
-0.3223 0.1499 0.0071 0.9347 139.75 -3.44 9.69 2.44 0.22 2.25 4.5500 4.3300 -8.4200 -3.0256 5.3589 3.1400 -5.29 -2.95 7.70 209 173 174 175 122 
-0.4722 -0.2393 -0.2982 0.7943 112.50 -44.06 14.69 -1.22 5.27 3.12 1.9100 5.4900 -2.7200 0.3211 -1.3833 3.0489 -6.53 0.22 7.31 211 185 169 176 121 
-0.6501 -0.2742 -0.1860 0.6837 92.62 -36.88 -7.81 -14.12 1.23 14.08 -4.0800 0.7100 5.6700 -0.0856 -1.1156 -1.4444 -5.02 0.39 8.40 209 192 183 175 121 
-0.6147 -0.2033 -0.1535 0.7465 102.12 -28.44 -0.75 -4.93 1.28 9.11 0.0400 0.9400 0.2500 0.1100 -0.5378 -0.9367 -4.32 -0.06 8.79 209 199 189 184 126 
-0.5652 -0.1562 -0.1127 0.8021 117.12 -9.88 -2.62 -5.47 1.71 10.10 -3.6200 2.1800 -1.9900 5.2711 -15.7822 -0.3389 6.97 3.24 6.07 139 385 181 173 124 
-0.4030 0.5281 0.4315 0.6104 98.00 83.12 141.37 13.24 -0.73 -2.49 -0.0500 -0.5500 -2.6000 3.3633 0.2611 3.3533 9.09 -3.63 -0.56 137 404 190 181 125 
-0.6466 0.5473 0.4018 0.3478 54.81 62.25 68.69 2.79 -3.02 -1.46 -5.2000 2.1000 -3.1700 1.9389 1.6578 0.3278 8.17 -4.10 3.52 124 399 194 187 126 
-0.7758 0.4073 0.3469 0.3346 45.00 53.25 39.94 6.19 0.73 3.53 -1.1800 4.1100 -1.0500 1.0111 1.2778 -0.2022 7.49 -3.31 5.38 119 375 211 191 125 
-0.8217 0.3373 0.3179 0.3317 45.13 47.44 31.94 7.72 -0.73 5.21 2.5900 2.6400 -1.2300 -1.9178 0.4700 0.0089 7.07 -4.24 5.29 121 392 213 193 128 
-0.7756 0.4355 0.2280 0.3960 59.56 42.94 44.56 4.05 -6.88 1.19 -3.0100 -1.4500 -3.1300 -2.6678 1.9444 -1.8211 6.34 -5.26 5.30 116 402 215 192 128 
-0.6654 0.4633 0.0634 0.5819 84.37 37.50 43.69 3.58 -7.31 6.07 -2.7700 -1.7000 0.2200 0.1556 -0.0489 0.0356 5.86 -5.38 5.72 120 403 218 193 129 
-0.6553 0.4498 0.0369 0.6057 85.19 36.31 43.19 6.21 -4.78 5.31 0.5100 0.6700 -0.6900 -0.3356 0.0356 0.4478 5.65 -5.74 5.58 131 392 210 192 133 
;
