0.8099 -0.0593 -0.5467 -0.2039 28.25 65.44 -17.75 8.93 1.22 3.85 0.0100 0.0000 -0.0500 0.0100 0.0278 -0.0089 8.91 1.24 3.89 172 354 349 409 223 
0.8108 -0.0588 -0.5455 -0.2039 28.19 65.25 -17.69 8.88 1.22 3.81 0.0100 -0.0400 -0.0300 0.0133 0.0244 -0.0067 8.90 1.25 3.91 174 353 349 404 222 
0.8112 -0.0582 -0.5450 -0.2037 28.12 65.31 -17.81 11.04 2.77 4.99 2.9400 1.8000 2.5800 -0.9744 0.3067 0.4211 8.91 0.89 3.99 174 363 283 272 188 
0.8193 -0.1391 -0.5108 -0.2201 31.44 62.56 10.75 10.32 0.90 7.89 0.3200 3.1400 1.3600 -4.9178 1.2222 1.9267 8.00 -3.66 4.31 120 374 190 188 118 
0.7810 -0.4404 -0.3499 -0.2715 37.75 51.25 58.94 2.28 -5.01 -2.46 -5.6900 0.4700 -5.0400 -0.0556 -0.0189 -0.7611 7.96 -4.96 2.84 104 382 194 182 118 
0.7485 -0.4382 -0.4009 -0.2949 43.88 62.75 50.44 11.40 -0.51 -2.72 4.6600 2.5900 -3.9100 2.8667 -1.2911 -1.0067 9.26 -1.97 2.54 108 386 201 192 122 
0.7567 -0.2896 -0.5441 -0.2183 26.69 69.25 44.06 17.56 -1.86 8.27 5.2900 1.2400 4.1000 0.2233 1.7878 3.7589 7.89 -4.57 3.59 118 384 207 201 127 
0.8508 -0.3753 -0.3660 -0.0373 2.56 33.44 54.44 -5.64 -4.53 4.93 -11.0300 2.1900 -1.5900 -1.7811 1.6944 0.9889 3.79 -7.80 4.57 114 384 202 201 128 
0.8452 -0.4870 -0.2135 -0.0547 10.25 27.69 62.13 -0.41 -2.00 -0.85 -4.4900 5.6500 -5.0100 0.2522 -1.0411 -3.3522 6.70 -6.18 3.60 114 382 205 199 130 
0.7991 -0.4153 -0.3785 -0.2136 33.06 55.19 50.06 14.62 -2.32 1.15 9.4000 0.2400 -2.7200 0.9300 -1.4167 -0.4900 8.66 -3.56 2.89 112 377 209 205 132 
0.7753 -0.3681 -0.4728 -0.1999 25.75 60.13 55.69 8.91 -4.76 5.71 -1.1500 -0.2200 2.9100 0.2833 -0.1933 1.5222 8.01 -4.91 2.79 121 365 209 216 140 
0.7928 -0.4016 -0.4404 -0.1276 22.12 52.75 59.13 3.94 -6.24 2.45 -5.0700 -2.2500 -2.8400 -0.1456 1.6933 -2.1733 8.03 -3.86 4.08 152 220 201 200 124 
0.7816 -0.3442 -0.4173 -0.3107 46.56 62.31 32.19 16.29 -1.13 -3.29 7.7400 1.2400 -6.8500 -0.2856 -1.7922 -0.0644 9.10 -2.44 2.69 102 162 168 180 116 
0.7363 -0.3652 -0.4940 -0.2838 36.00 69.31 49.19 9.55 5.47 1.67 -0.9500 7.2000 0.6100 3.6844 -1.4244 0.5944 9.24 -2.57 1.99 105 172 176 184 121 
0.7808 -0.2512 -0.5610 -0.1126 16.94 68.75 45.25 11.59 -0.60 4.68 1.5500 2.5900 2.1900 -1.0156 1.5233 -0.2356 8.90 -2.58 3.18 111 184 178 188 122 
0.7968 -0.2935 -0.4957 -0.1824 27.75 62.56 42.31 9.67 -0.19 0.58 0.4500 2.7300 -3.5500 -1.9011 0.6878 0.0944 8.49 -3.61 3.30 112 185 184 189 122 
0.7745 -0.3940 -0.4246 -0.2541 37.50 58.81 50.38 5.63 -7.55 -7.50 -2.9800 -3.8600 -10.3000 2.3911 -1.3378 -0.1500 8.64 -3.38 3.17 106 174 181 187 122 
0.7605 -0.3713 -0.4796 -0.2321 35.75 64.44 55.69 10.44 -5.81 1.96 0.0300 -2.2400 0.5100 -0.7089 0.1878 0.9400 8.59 -4.15 2.23 118 206 194 210 142 
0.7374 -0.4570 -0.4406 -0.2307 35.50 58.75 72.31 2.71 -6.40 0.14 -5.1400 -1.6900 -1.9300 -1.6144 0.0122 -0.8744 8.64 -4.53 0.93 154 266 244 274 189 
0.7015 -0.4724 -0.4294 -0.3167 50.31 65.81 45.25 11.87 -0.10 -2.09 5.7100 2.8500 -3.6100 4.2689 1.1400 -1.0489 8.92 -0.86 3.97 170 352 346 402 207 
0.7966 -0.1805 -0.5008 -0.2866 38.63 63.00 0.56 9.09 1.15 5.80 -1.2100 0.4900 -0.5700 0.0100 0.4144 0.1344 8.69 -0.16 4.54 167 349 348 410 211 
;
0.8046 -0.1777 -0.4983 -0.2699 37.06 65.00 2.56 11.89 -0.35 4.31 3.2600 0.0000 0.0800 -0.2267 0.2567 -0.0733 8.89 -0.25 4.12 161 350 348 408 212 
0.7972 -0.1878 -0.5070 -0.2687 37.00 65.75 3.50 9.46 -0.65 3.73 0.4500 -0.4400 -0.2000 -0.0767 0.0800 -0.0056 8.93 -0.26 4.02 161 348 350 406 211 
0.7957 -0.1874 -0.5120 -0.2638 36.69 66.25 4.06 9.15 -0.26 3.82 0.2400 0.1000 -0.0300 -0.3444 -0.2311 0.2033 9.03 -0.45 3.78 165 357 306 367 210 
0.7890 -0.2246 -0.5067 -0.2651 38.56 66.25 18.44 12.25 -1.21 9.25 2.0600 -0.4200 7.1300 -3.2533 -0.8022 2.3656 8.98 -3.06 2.45 140 376 191 184 123 
0.7341 -0.4279 -0.4709 -0.2372 35.06 61.50 67.94 6.54 -3.68 -0.36 -3.2600 0.7100 -2.8400 -0.8200 0.7100 0.5411 8.28 -4.87 1.91 109 392 188 182 115 
0.7370 -0.4712 -0.4139 -0.2520 39.38 58.63 63.56 4.77 -3.47 -3.26 -3.3700 1.3300 -5.0900 1.0333 -0.5089 -1.0689 8.75 -3.66 2.46 111 389 196 190 122 
0.7493 -0.3773 -0.4713 -0.2722 36.56 66.00 45.56 20.14 -2.98 5.01 9.8300 -0.3000 2.8800 1.9144 1.6667 2.6678 8.12 -3.69 4.06 116 386 198 194 128 
0.8613 -0.3267 -0.3806 -0.0816 4.37 38.00 45.81 0.71 -3.82 8.26 -5.8000 2.1000 2.2700 0.2611 1.4844 3.4422 3.58 -6.62 6.28 123 397 205 201 127 
0.8986 -0.3661 -0.2197 0.1007 348.19 18.81 48.88 -3.22 -2.69 4.72 -6.2300 4.6400 -1.5500 -1.7611 -0.9111 -1.9367 4.30 -7.21 5.06 126 410 209 205 131 
0.8444 -0.4292 -0.3170 -0.0490 14.94 41.69 57.00 5.98 -2.04 -2.63 2.1600 4.2300 -6.4500 0.2400 -1.0578 -3.4722 8.24 -3.84 3.64 128 411 210 212 139 
0.7906 -0.3246 -0.4668 -0.2272 30.56 63.06 38.13 16.55 -4.41 1.84 6.2800 -1.2300 1.2600 1.5856 -0.0533 1.6178 8.50 -3.10 3.75 127 408 211 220 151 
0.8292 -0.2875 -0.4668 -0.1092 13.13 55.44 46.06 4.30 -3.16 7.53 -4.5400 0.9200 2.7100 -1.8178 0.6300 -0.1356 7.91 -4.53 3.61 153 398 249 290 190 
0.7897 -0.3826 -0.4504 -0.1647 28.31 58.44 56.50 9.71 -7.07 -3.57 3.1400 -3.5600 -6.8200 -0.5111 1.4444 -1.4178 8.48 -3.50 3.44 166 231 236 262 177 
0.7867 -0.3768 -0.3790 -0.3091 43.19 53.06 39.50 7.79 -3.11 4.65 -0.8800 0.6300 0.5500 -0.6167 0.8811 1.2156 7.05 -4.72 4.91 112 179 184 198 125 
0.8071 -0.4103 -0.3232 -0.2751 34.94 51.25 46.31 10.50 0.65 0.08 2.9000 4.5600 -3.9700 4.3000 -2.3233 -0.1578 8.38 -3.09 4.02 113 174 183 194 126 
0.8160 -0.2578 -0.4938 -0.1544 21.37 61.81 35.13 10.24 -0.99 6.80 0.7600 2.7900 2.8500 -1.3822 0.4489 0.0989 8.49 -3.17 3.73 118 192 197 204 129 
0.7925 -0.3506 -0.4565 -0.2017 30.31 59.69 52.50 9.84 -1.70 -1.58 0.9000 1.5300 -5.9100 -0.8189 -0.4078 0.3833 8.39 -4.44 2.43 115 193 196 204 128 
0.7570 -0.4335 -0.4407 -0.2115 30.81 57.75 62.19 3.62 -8.13 -5.92 -5.4700 -4.6700 -8.9400 2.9367 0.0889 -0.5844 8.38 -3.84 3.33 115 176 185 195 130 
0.7962 -0.3220 -0.4758 -0.1896 27.56 61.69 48.06 13.71 -4.44 4.03 0.8900 -1.8300 0.7000 -0.5756 -0.1956 0.9422 8.55 -4.01 2.62 136 216 223 234 163 
0.7603 -0.4077 -0.4771 -0.1677 27.94 59.56 73.87 3.97 -5.44 -0.97 -4.4800 -0.4500 -3.7600 -0.8044 2.4144 -2.0056 8.76 -3.92 1.98 159 279 272 332 201 
;
