-0.1468 0.1450 0.2300 0.9510 162.31 20.00 -24.75 3.04 3.72 7.64 -0.0900 -0.0600 -0.6900 0.0944 -0.0111 0.0378 3.37 3.90 8.34 173 320 312 277 199 
-0.1495 0.1409 0.2358 0.9498 162.06 19.62 -25.75 2.92 4.05 8.38 -0.3100 0.0900 0.3000 0.1133 -0.2689 -0.0500 3.39 4.12 8.22 174 345 275 256 196 
-0.1406 0.1549 0.2455 0.9465 163.56 22.25 -27.00 4.04 4.02 7.80 -0.1100 -0.7300 -0.9100 -0.0022 -0.8078 0.2444 4.30 4.06 7.81 155 360 187 177 129 
-0.1348 0.2758 0.2723 0.9119 161.94 42.88 -35.75 10.25 4.73 4.18 0.8100 0.1700 -0.9100 2.8700 -4.1144 1.6311 8.55 4.05 2.55 123 364 171 168 115 
-0.2049 0.5580 0.4167 0.6877 142.06 72.37 -102.69 11.45 3.52 -3.05 -0.3400 0.0000 -2.5200 1.0922 -1.3167 1.5956 9.44 1.44 -2.20 115 373 161 164 113 
-0.2908 0.6516 0.4493 0.5375 123.06 73.56 -156.12 4.39 2.73 -2.10 -4.7200 1.2800 -0.5600 -1.5244 -0.6933 -2.3889 9.00 2.67 -2.81 97 366 167 180 120 
-0.2075 0.6185 0.5349 0.5370 132.31 63.00 -137.56 21.74 5.60 -5.23 12.8000 2.8000 -0.0900 3.0356 2.0400 2.2900 9.38 0.97 -2.66 105 383 187 182 124 
-0.4778 0.5624 0.4997 0.4536 82.37 80.50 91.37 2.39 0.26 6.91 -7.7200 0.8900 4.2900 -1.6056 3.6167 2.0100 8.88 -3.31 2.50 107 391 191 189 126 
-0.6157 0.5355 0.2356 0.5278 81.62 57.19 55.88 -1.00 -2.16 1.72 -10.3400 2.5300 -1.4800 -1.0244 -1.0511 -0.6233 8.50 -4.47 1.95 108 389 194 191 125 
-0.4972 0.6359 0.2182 0.5485 100.00 69.50 81.06 0.00 3.94 -2.43 -7.6100 7.0100 -3.8900 -2.6467 -1.1256 -5.0111 9.75 0.36 -0.95 104 380 193 188 126 
-0.1982 0.6310 0.4037 0.6321 148.69 68.00 -112.00 21.23 9.05 -8.98 13.6600 5.0300 -7.8100 2.2589 -0.5400 0.9767 8.99 3.22 -2.19 102 371 197 187 126 
-0.2787 0.6317 0.4854 0.5364 114.50 73.56 -170.31 7.25 0.51 9.36 -5.2600 0.3600 11.1200 -0.3744 0.6978 1.8422 9.41 -1.33 -2.39 107 364 190 189 127 
-0.3863 0.6779 0.3877 0.4909 104.94 76.19 147.06 11.25 -3.57 -4.55 3.6000 -3.5400 -2.5800 1.4856 -0.1033 0.4378 9.53 -1.50 -1.70 151 383 178 181 124 
-0.4598 0.6326 0.4113 0.4682 86.44 76.56 111.25 13.21 -4.28 -1.67 2.7100 -1.9800 -1.6200 2.3578 2.3467 0.6844 9.39 -2.50 1.24 142 387 189 180 124 
-0.6534 0.4796 0.3830 0.4432 63.44 64.06 44.06 5.84 -1.39 0.51 -2.7200 2.0400 -2.8100 1.9711 1.2456 1.4589 8.07 -3.28 4.50 133 387 191 181 124 
-0.7983 0.3532 0.3445 0.3454 44.81 51.56 30.50 4.63 1.11 5.40 -2.4800 3.9600 -0.2300 0.5111 0.0033 0.0967 7.60 -2.90 5.47 126 363 197 184 123 
-0.8253 0.3047 0.3436 0.3288 43.25 49.81 25.06 8.06 -2.26 4.88 0.5500 0.4900 -0.8700 0.0089 0.1056 0.3867 7.38 -2.83 5.79 129 369 198 184 122 
-0.8344 0.3041 0.3190 0.3310 44.56 46.50 26.37 7.70 -0.68 5.18 1.4800 1.9700 -1.9300 -1.5189 0.3378 -0.1544 6.96 -3.63 5.86 127 386 200 186 124 
-0.8045 0.3705 0.2455 0.3940 53.94 42.19 34.25 5.05 -5.04 6.37 -3.8500 -1.3400 0.6400 -0.9167 1.0544 -0.0811 5.97 -4.52 6.32 127 399 203 185 124 
-0.7992 0.3771 0.1532 0.4422 58.06 34.50 34.13 1.89 -5.21 9.33 -2.9400 0.9900 4.0300 -0.5367 0.6800 -0.0722 5.27 -4.64 6.83 127 409 204 188 125 
-0.8012 0.3743 0.1284 0.4489 58.19 32.94 35.63 5.27 -5.00 6.64 -0.5000 0.0300 -0.0600 -0.3389 -0.2267 0.2511 5.37 -5.10 6.42 134 403 200 189 126 
-0.7925 0.4142 0.1276 0.4291 56.69 34.44 42.31 -0.35 -5.24 4.65 -6.8100 -1.1100 -2.3900 -0.6389 -2.5167 -0.2844 6.49 -5.62 4.72 134 355 192 189 129 
-0.7364 0.4792 0.2214 0.4232 62.31 50.31 47.00 8.25 -4.89 2.24 1.0300 -0.4500 -1.4700 0.4678 -0.8200 -1.8622 8.41 -3.35 3.76 133 367 201 189 128 
-0.6790 0.4619 0.3661 0.4377 62.38 66.50 53.63 17.16 -4.59 6.10 6.3700 -2.4200 2.8900 0.0944 -0.8811 1.3322 8.85 -3.90 1.60 133 396 200 186 126 
-0.6941 0.5024 0.4062 0.3174 46.81 60.69 67.37 9.08 -5.92 -0.38 0.3000 -1.2500 -3.1000 1.4533 0.9189 0.5400 8.23 -4.56 2.75 128 388 198 186 127 
-0.7794 0.4172 0.3875 0.2615 34.56 54.56 46.25 4.93 0.22 3.65 -2.7900 4.3700 -0.2700 1.5444 -0.0778 0.2322 7.91 -3.58 4.55 109 360 200 189 126 
-0.8354 0.3077 0.4019 0.2145 29.44 53.31 34.63 10.34 -0.33 3.25 3.1300 2.7500 -1.7900 -1.0344 1.1533 -0.2278 7.54 -3.53 5.17 119 381 203 188 127 
-0.8288 0.3470 0.3126 0.3082 44.75 45.63 34.63 7.44 -3.54 3.76 0.8500 0.5000 -1.4900 -1.8322 1.7511 -0.5611 6.56 -4.30 5.87 118 409 205 192 126 
-0.7816 0.4066 0.1997 0.4288 58.31 41.50 38.63 3.51 -9.56 5.46 -2.9300 -4.5200 0.6400 0.1667 0.5900 -0.4500 6.49 -4.46 5.82 119 411 210 193 127 
-0.7729 0.3981 0.1876 0.4570 61.38 41.31 36.56 4.57 -3.18 5.40 -2.6900 1.2700 -0.5500 -0.4922 -0.3767 0.0411 6.55 -4.62 5.63 125 391 202 192 130 
-0.7454 0.4460 0.1841 0.4600 66.56 43.81 43.31 1.02 -3.85 4.13 -6.2800 0.6400 -1.5500 -0.7778 2.2656 -3.9200 6.97 -3.54 5.91 146 347 207 212 150 
-0.5867 0.3681 0.1785 0.6989 108.62 43.06 5.12 7.46 0.09 4.45 1.1500 -0.0900 -2.3300 2.2811 3.6700 -4.8400 4.06 2.55 8.55 160 340 277 250 180 
;
