-0.1044 0.0682 0.4776 0.8697 166.37 12.56 -56.81 2.08 8.10 5.27 -0.0500 0.1100 0.0300 -0.0322 -0.1122 -0.0300 2.16 8.00 5.23 173 347 309 283 194 
-0.0994 0.0742 0.4754 0.8710 167.00 13.00 -56.44 2.40 7.81 5.24 0.1600 -0.1500 -0.0700 -0.1622 -0.0478 0.1033 2.29 7.89 5.35 173 341 305 281 193 
-0.1044 0.0864 0.4641 0.8754 165.94 15.44 -54.56 2.95 7.53 5.40 0.3500 -0.0400 0.1200 -0.1011 -1.6189 1.5067 3.87 7.32 5.24 173 321 236 229 176 
-0.1490 0.2233 0.4512 0.8511 158.00 36.81 -56.38 6.24 6.09 3.84 -1.0400 -0.6600 -0.6000 1.1578 -4.9956 3.5267 8.31 4.97 1.52 151 356 176 173 123 
-0.2185 0.5751 0.4695 0.6333 138.06 70.06 -128.56 6.72 2.93 -2.70 -2.5100 0.7500 -0.1200 0.3533 -0.7844 -0.5233 8.93 2.35 -3.27 129 376 183 175 119 
-0.1953 0.6343 0.5074 0.5496 142.50 62.38 -131.62 11.75 5.53 -6.96 1.6800 1.7200 -4.4600 1.1200 0.1689 0.0856 8.69 3.32 -3.07 127 379 190 178 125 
-0.2446 0.6051 0.5604 0.5099 121.19 63.50 -150.87 13.87 4.29 -4.76 6.8900 3.1900 0.0900 2.7244 0.7144 1.2944 9.09 0.23 -3.66 131 375 191 181 128 
-0.4479 0.5751 0.5537 0.4025 76.62 77.19 139.75 10.87 1.13 2.17 -0.5400 2.6800 2.4500 0.6356 5.0567 1.7889 9.18 -2.81 1.98 142 385 191 187 131 
-0.6933 0.4525 0.3002 0.4738 69.62 51.44 37.50 -2.65 -2.14 5.42 -10.3300 2.3000 -0.9300 -2.3911 0.7311 1.0933 6.70 -5.28 4.81 144 382 186 190 133 
-0.6760 0.5356 0.1376 0.4871 73.19 46.75 60.13 -1.76 1.11 -1.13 -8.8100 7.7100 -4.5900 -2.7778 -1.5167 -2.9756 8.63 -4.52 1.05 139 384 196 190 132 
-0.4187 0.6694 0.2429 0.5635 115.94 80.00 114.62 13.22 6.54 -11.36 3.0800 5.3300 -10.6600 1.6011 -1.0700 -3.5400 9.62 1.38 -1.24 140 386 197 193 134 
-0.2870 0.5970 0.4768 0.5778 121.19 73.37 -139.31 21.00 3.32 -2.62 9.9300 0.9100 1.7000 2.5033 -0.4500 2.2444 9.40 -0.06 -2.78 144 388 204 197 136 
-0.4542 0.6244 0.4928 0.4012 80.06 71.12 139.44 5.86 -1.11 3.65 -3.4500 0.8400 4.8100 -0.6344 -0.1444 1.7678 8.91 -3.30 -2.39 142 344 200 196 137 
-0.4873 0.6778 0.4024 0.3757 75.62 63.69 123.50 7.99 -6.15 -0.92 -0.9000 -2.4400 1.4600 -1.4322 -0.9044 1.5389 8.24 -4.19 -3.25 170 270 292 317 219 
-0.4225 0.7881 0.3379 0.2936 68.87 42.88 139.94 -2.38 0.83 -1.90 -8.8000 6.0500 1.4100 -5.7256 -5.3389 2.2244 3.74 -2.62 -8.67 191 277 351 424 234 
-0.0797 0.9605 0.2228 0.1467 155.44 15.06 -179.37 3.74 3.69 -12.42 -0.4000 3.6000 -5.0900 -2.0100 -0.5444 -0.2422 1.86 2.04 -9.40 194 293 317 396 231 
0.1142 0.9614 0.2137 0.1305 154.62 11.94 -161.94 5.85 2.75 -13.71 2.5400 -0.0200 -5.4000 0.1522 0.1289 0.1800 2.21 2.95 -9.08 194 292 332 385 231 
0.0802 0.9617 0.2186 0.1447 153.37 15.81 -174.12 10.28 -0.31 -36.04 9.0400 2.1100 -23.1300 11.4100 5.3322 1.6178 5.47 -5.99 -5.50 212 429 385 432 229 
-0.5828 0.7719 0.1558 0.2008 32.56 25.31 97.12 -3.24 5.71 1.42 -7.8600 13.9900 1.1200 1.9278 1.0600 0.8467 3.37 -9.17 0.78 213 428 375 436 227 
-0.7255 0.6541 0.0524 0.2077 33.19 20.81 80.44 0.12 -2.63 3.24 -2.9100 5.4600 1.7300 -0.4056 0.1422 -1.0033 4.18 -8.75 1.43 210 429 353 424 227 
-0.6910 0.6624 0.0923 0.2740 45.50 31.69 83.94 5.76 -7.05 -0.45 -0.9500 -1.1400 -2.2400 -1.8089 -3.0267 -1.4011 6.54 -7.23 -1.01 126 366 182 171 115 
-0.6263 0.6760 0.2433 0.3026 51.63 48.88 83.19 10.83 -8.61 0.32 3.2800 -0.9000 0.4200 4.2467 0.5678 -0.7500 7.77 -5.12 3.07 124 392 198 176 121 
-0.7809 0.4248 0.3557 0.2886 38.94 53.75 43.44 6.35 -2.32 3.24 -1.4600 1.6700 -0.7300 2.1933 0.3911 -0.5467 7.93 -2.73 5.07 122 378 201 180 126 
-0.8411 0.2635 0.3920 0.2636 34.19 51.81 21.12 7.02 -0.41 4.66 -0.5500 2.2900 -0.8500 -0.2311 1.0144 -0.2711 7.40 -2.15 6.05 124 369 204 185 129 
-0.8588 0.2562 0.3544 0.2668 35.19 46.94 24.25 8.43 -1.23 4.68 1.0600 1.7600 -1.2700 -1.5522 1.1122 -0.3344 6.73 -3.32 6.30 122 383 205 188 131 
-0.8411 0.3230 0.2644 0.3439 47.56 40.88 29.75 9.11 -3.07 3.84 2.8200 0.0400 -3.0600 -1.3489 1.3544 -0.8244 6.04 -4.05 6.56 122 404 209 190 132 
-0.8057 0.3605 0.1674 0.4391 57.00 34.88 31.94 1.76 -8.63 6.85 -0.3400 -2.6600 2.0600 0.5378 2.0022 -0.3300 4.91 -3.88 7.54 127 408 212 190 134 
-0.8246 0.2955 0.1183 0.4677 59.44 27.87 25.25 3.27 -3.52 7.72 -0.9800 0.1800 -0.4400 -0.3178 -0.1300 -0.0567 4.67 -3.87 7.69 129 406 211 190 136 
-0.8176 0.3119 0.1163 0.4698 59.63 29.12 27.81 0.99 -2.19 8.97 -4.4600 1.9600 1.7600 -0.7589 -1.5578 0.1600 5.39 -4.40 6.90 139 376 193 192 143 
;
