-0.1791 -0.1234 0.0881 0.9721 159.06 -12.00 -12.69 -1.92 2.08 9.41 0.1200 -0.0500 0.0000 0.0100 0.0222 -0.0300 -2.05 2.11 9.35 189 374 370 435 224 
-0.1730 -0.1244 0.0886 0.9730 160.06 -12.25 -12.69 -1.99 1.93 9.40 0.0800 -0.0900 0.1700 0.0644 0.0311 -0.0144 -2.10 2.14 9.33 187 377 370 435 224 
-0.1687 -0.1262 0.0920 0.9732 160.44 -12.31 -13.44 -2.81 2.39 10.89 -1.2100 0.2800 1.8000 0.3178 -1.6600 0.4811 -1.14 2.64 9.37 194 379 259 273 213 
-0.1951 0.0613 0.1435 0.9683 155.00 30.87 -14.06 22.94 11.13 4.12 14.8500 12.5300 3.6500 2.8278 -6.0444 2.2978 9.27 1.58 2.74 139 397 188 215 120 
-0.3190 0.6271 0.3331 0.6276 115.06 82.25 146.06 1.82 0.07 1.64 -8.0700 1.2800 3.2000 1.1900 -0.7411 0.7656 9.44 -1.85 -1.88 132 392 195 224 125 
-0.3936 0.6816 0.3886 0.4790 105.50 73.37 156.69 3.13 3.05 -6.01 -3.0200 4.9000 -5.4000 -0.3300 -0.9567 -2.7467 9.16 1.00 -3.34 134 388 204 230 129 
-0.2812 0.6391 0.5318 0.4792 117.00 65.19 -159.37 25.45 2.38 -9.25 18.0900 0.0800 -1.3400 3.1189 1.2400 2.7578 9.23 -0.79 -3.21 137 389 206 233 133 
-0.5305 0.5952 0.4656 0.3842 64.50 67.06 94.37 3.02 0.62 4.21 -5.6000 4.6000 3.7800 -0.2322 4.3611 2.8178 7.59 -5.79 2.22 143 395 210 234 138 
-0.6804 0.5986 0.1580 0.3923 59.63 41.69 75.19 -3.93 -2.07 1.60 -10.0100 5.1100 -0.3000 -3.1189 -0.7656 -1.4989 6.97 -6.87 -0.59 144 401 214 234 143 
-0.4861 0.7347 0.1725 0.4407 95.19 61.94 110.62 6.53 6.73 -6.18 -1.0500 9.7000 -5.5500 -1.0089 -0.0356 -4.6600 9.58 -0.85 -1.89 141 390 218 234 141 
-0.2764 0.6629 0.4091 0.5629 127.87 74.81 -150.50 21.04 3.85 -7.57 11.9000 0.9700 -3.0600 2.6011 -0.8322 0.4433 9.22 0.90 -3.21 143 389 219 238 147 
-0.3568 0.6406 0.5038 0.4567 99.37 71.12 172.19 8.16 -0.09 4.48 -1.3600 0.9100 7.5300 -0.8200 1.1456 0.6100 9.41 -0.93 -2.57 174 378 234 266 196 
-0.3792 0.6398 0.4177 0.5220 110.87 82.37 169.87 18.00 -3.68 -7.98 6.7600 -4.5600 -4.6700 1.0356 1.7722 0.3633 9.79 -0.37 -0.25 205 429 353 454 237 
-0.4811 0.5506 0.4180 0.5392 91.44 80.37 34.13 9.16 2.53 -1.68 -0.9500 4.4900 -2.8500 2.9422 1.9056 1.3833 9.19 -1.28 3.16 219 438 372 456 236 
-0.6895 0.3753 0.3832 0.4867 67.00 60.75 18.87 3.48 3.79 4.60 -4.9100 5.6800 0.0300 0.8933 -0.2033 0.8567 8.40 -1.81 4.70 223 438 375 455 237 
-0.7465 0.3397 0.3709 0.4357 61.50 58.38 21.19 8.74 6.18 6.33 1.0700 8.0800 1.5000 -2.5378 -0.8044 -0.4178 8.67 -2.42 3.88 220 346 321 416 236 
-0.6345 0.4979 0.3260 0.4931 79.00 66.50 61.94 11.74 -1.15 -3.82 1.9600 0.0900 -6.2300 -3.0311 -0.0089 3.1256 8.27 -5.24 0.25 213 284 288 336 228 
-0.5199 0.6967 0.1131 0.4811 89.00 50.19 90.62 1.01 -12.33 -3.82 -4.9400 -5.0000 -3.0600 -1.2000 1.0500 -0.2944 7.54 -6.25 -0.15 219 309 294 354 230 
-0.4493 0.7136 0.0221 0.5371 100.87 52.56 92.25 8.28 -5.40 -0.43 0.3400 0.4600 -0.0300 -0.0311 -0.4733 -0.1744 7.89 -5.78 -0.54 219 318 299 357 230 
-0.4382 0.7333 0.0553 0.5168 99.12 54.13 97.81 4.73 -4.14 -2.06 -3.4900 1.3400 -1.5900 0.0000 1.8778 -1.0089 8.32 -5.18 0.17 208 340 311 346 220 
;
