-0.2422 0.0932 0.1845 0.9479 151.31 15.38 -18.37 2.37 2.98 9.03 -0.1700 0.0000 0.0900 0.0033 -0.0111 -0.0033 2.59 2.98 8.97 182 394 361 394 198 
-0.2418 0.0923 0.1837 0.9483 151.37 15.25 -18.31 2.40 2.91 9.09 -0.2500 -0.0500 0.1400 0.0178 0.0200 0.0022 2.55 2.98 8.98 182 395 362 394 199 
-0.2415 0.0912 0.2161 0.9417 151.06 19.06 -22.62 2.44 5.36 13.97 0.0100 -0.9000 5.7400 -2.6222 -3.1100 1.0689 5.34 1.59 8.06 185 368 178 186 128 
-0.2321 0.4217 0.1565 0.8624 148.12 64.56 -7.44 6.77 0.04 4.00 -2.4700 -1.5500 -0.4300 2.9500 -6.1111 1.1678 9.80 -0.02 -0.25 118 345 186 181 115 
-0.3218 0.7035 0.3013 0.5575 111.37 73.69 141.50 4.22 -0.71 -0.84 -5.8300 1.0200 2.0600 1.0633 0.3133 0.3011 9.26 -2.35 -2.20 121 383 191 184 118 
-0.3741 0.7053 0.3502 0.4898 108.44 72.37 150.25 6.12 2.62 -8.34 -2.4700 3.5100 -6.1400 0.2578 -0.5311 -2.4944 9.25 0.40 -3.22 121 385 196 188 120 
-0.2850 0.6682 0.4814 0.4905 115.06 68.06 -167.62 24.29 1.78 -4.42 15.5700 1.0600 0.5500 2.7233 1.8711 2.0911 9.38 -0.99 -2.65 126 389 201 191 123 
-0.5167 0.6060 0.4314 0.4240 73.31 69.62 90.19 5.21 -1.94 2.30 -4.5900 2.1900 1.3500 0.8933 4.2033 2.0444 8.02 -4.81 2.93 128 390 200 196 126 
-0.7092 0.5107 0.1874 0.4485 63.50 42.69 54.75 -0.63 -2.79 6.82 -6.9600 3.7700 2.1200 -2.3200 -0.7578 1.1122 6.14 -7.02 3.00 129 391 205 196 124 
-0.6492 0.6379 0.1071 0.4001 66.44 43.13 85.31 -1.93 1.05 -1.60 -8.6000 8.7400 -1.5500 -1.9911 -1.7711 -3.6289 8.13 -5.24 -1.55 125 393 210 202 125 
-0.3826 0.7516 0.2778 0.4598 108.25 69.00 145.37 22.36 1.27 -12.55 16.1000 0.4100 -5.3800 2.1244 -1.2444 -0.2756 8.92 -1.53 -3.76 126 391 210 207 130 
-0.4109 0.7083 0.4304 0.3799 79.87 62.00 138.62 8.33 -1.38 2.99 -0.5900 1.9600 5.8800 -1.2567 0.3433 1.2233 8.41 -3.73 -3.37 160 346 213 232 157 
-0.4186 0.7542 0.3294 0.3841 84.62 57.00 133.81 10.76 -5.70 -5.59 3.1600 -1.3500 -0.8900 0.0011 -0.0467 1.7000 7.68 -4.74 -3.81 205 333 347 419 229 
-0.4092 0.8416 0.2320 0.2655 62.69 35.31 134.81 -2.79 0.68 4.99 -8.5000 6.7200 12.3900 -4.5467 -2.5111 1.8444 3.37 -3.95 -8.31 210 318 338 398 229 
-0.0798 0.9814 0.1263 0.1205 165.56 15.31 -179.62 7.63 -0.10 -23.50 3.0700 -1.6100 -10.7200 -0.2689 0.1067 0.2478 2.81 0.78 -9.36 213 321 338 401 229 
0.0168 0.9805 0.1114 0.1607 166.75 19.06 -176.44 3.73 1.13 -9.89 -0.2800 0.6800 -0.1000 0.7056 0.6233 -0.3333 3.68 0.16 -9.08 213 323 337 401 227 
-0.0344 0.9669 0.1560 0.1990 159.56 24.75 178.69 4.28 2.40 -10.82 0.3200 1.4300 -2.2900 2.6933 3.5000 -1.7967 6.34 -1.19 -7.38 203 357 318 370 221 
;
-0.2346 0.8290 0.3115 0.4009 118.81 64.00 165.81 6.43 -0.87 -0.60 -2.6300 -0.1800 2.0600 1.5567 5.7456 -3.1211 9.76 0.91 0.13 202 352 305 274 191 
-0.3280 0.5067 0.3840 0.6987 132.31 71.81 -46.00 9.99 3.17 4.24 1.3700 0.9700 1.7300 0.4889 -2.4033 0.4467 9.58 2.03 0.52 172 375 187 182 121 
-0.2963 0.5949 0.4296 0.6113 123.31 76.50 -143.12 23.20 5.38 0.14 12.3200 4.2100 3.1500 1.2189 -0.0967 1.9678 9.54 -0.27 -2.25 125 377 194 191 120 
-0.4045 0.6733 0.3744 0.4929 99.12 71.75 126.12 -5.00 -2.89 -2.33 -15.4500 -0.3100 -2.3800 -1.0778 0.4278 -0.4489 9.44 -2.26 -1.38 115 382 191 200 125 
-0.3572 0.6733 0.3316 0.5559 116.44 82.19 153.87 13.99 6.81 -8.83 6.5400 6.9200 -6.8400 2.9544 -1.5678 -0.4478 9.57 0.12 -2.10 116 379 198 204 129 
-0.4274 0.6225 0.4643 0.4629 87.56 76.50 123.12 12.51 1.00 6.54 -1.2000 2.6100 6.5700 -0.3933 3.4478 3.8733 8.61 -4.54 1.14 122 380 197 203 127 
-0.6170 0.6017 0.1478 0.4852 75.81 44.31 67.50 -1.86 -6.70 4.82 -8.7600 0.2600 2.2900 -0.9500 0.0467 0.5233 6.14 -7.24 2.42 123 386 197 203 129 
-0.6049 0.6301 0.0438 0.4849 80.44 44.63 78.69 2.24 -1.33 0.25 -4.5800 5.4600 -0.4500 -2.0567 -1.2144 -2.4956 8.04 -5.59 -0.31 124 386 201 202 128 
-0.4100 0.7335 0.1538 0.5199 109.87 68.00 112.12 8.07 3.04 -4.37 -0.3500 5.7200 -2.7900 -0.4022 -0.8011 -3.1389 9.52 -0.82 -2.16 125 389 204 205 130 
-0.2424 0.7186 0.3446 0.5533 134.44 72.37 -166.12 11.51 3.21 -6.79 2.7500 1.6700 -3.5200 1.5344 -1.3078 -1.7733 8.76 1.82 -4.00 127 389 204 203 132 
-0.2152 0.6860 0.5135 0.4684 126.37 58.25 -161.69 17.10 2.58 -0.91 7.1200 0.6800 4.6500 1.1111 0.1478 1.7078 8.44 0.46 -4.97 154 367 220 231 157 
-0.2912 0.7155 0.4832 0.4122 109.19 62.56 172.50 7.14 -1.92 -2.97 -2.8000 -0.8100 1.3400 -0.8333 -2.1111 3.4167 7.67 -2.45 -5.59 201 297 325 378 225 
-0.2270 0.9060 0.2775 0.2249 150.50 24.81 162.69 6.16 0.53 -4.77 -0.6200 2.6200 4.1400 -1.7578 -1.0689 2.3444 2.02 -1.69 -9.44 211 308 320 379 226 
-0.0465 0.9854 0.1257 0.1055 165.06 14.38 179.19 5.70 -0.16 -16.26 3.3000 -1.0100 -6.1600 -0.1189 0.6100 -0.1011 2.96 0.27 -9.34 211 316 321 377 227 
-0.0258 0.9778 0.1298 0.1621 164.31 19.56 177.69 2.74 -0.33 -7.65 -0.3100 1.0500 1.4700 0.7056 1.6856 -1.5911 4.45 -0.60 -8.71 205 312 306 333 210 
;
