-0.2131 0.2636 0.3531 0.8720 149.25 37.31 -43.31 3.95 8.25 6.61 -3.0000 2.2800 1.8900 2.4889 3.2589 0.1267 4.49 6.21 6.10 177 271 248 243 200 
-0.3334 0.0835 0.3979 0.8506 138.12 24.81 -43.94 4.70 5.89 6.28 1.1400 -0.0700 -0.1000 0.0922 -0.7622 -0.3033 4.45 6.35 5.99 178 279 268 262 200 
-0.2947 0.1173 0.4257 0.8475 141.69 27.00 -47.00 3.75 6.86 5.83 -1.0200 0.2500 -0.2400 0.1511 -0.4256 -0.1033 4.62 6.47 5.72 179 286 276 267 201 
-0.2770 0.1462 0.4439 0.8395 144.75 32.13 -50.81 6.46 9.80 10.86 3.3800 3.4200 3.9200 -3.0967 -4.5478 1.7433 7.66 4.51 4.12 180 344 171 166 126 
-0.2075 0.4913 0.3244 0.7812 147.81 74.31 -47.31 9.07 2.32 -0.12 -2.3100 1.2900 -0.9200 -0.2067 -2.3144 1.9833 9.79 0.01 -0.50 144 364 172 167 118 
-0.2515 0.7126 0.2635 0.5995 132.56 78.75 169.50 4.49 2.33 -4.13 -5.1000 2.2300 -2.6500 1.1144 -0.4667 -1.7044 9.51 0.64 -2.27 125 368 173 171 119 
-0.2432 0.6787 0.4116 0.5576 130.62 72.00 -149.75 18.17 2.35 -7.50 9.9700 1.2500 -3.9500 3.9400 1.8578 -0.4489 9.51 1.39 -1.91 144 352 178 181 129 
-0.4572 0.5123 0.5140 0.5141 87.19 86.50 2.00 9.57 4.12 3.30 -2.5700 5.0100 2.0100 0.9256 4.0133 3.1178 8.83 -2.69 3.29 161 343 185 184 133 
-0.7194 0.4219 0.2720 0.4801 67.37 47.56 33.50 -0.56 -2.27 7.94 -7.7200 1.6400 1.7600 -1.8411 1.7533 -0.0500 6.24 -4.39 6.15 162 365 195 192 136 
-0.7059 0.4520 0.1183 0.5324 76.06 42.88 47.94 -0.80 -0.32 0.63 -7.7500 5.3600 -3.8300 -3.5578 -2.0311 -2.6489 8.06 -5.09 2.27 153 379 190 184 131 
-0.4539 0.6555 0.1790 0.5764 112.69 74.56 85.44 10.67 4.75 -8.89 2.5800 6.1300 -9.0700 0.3944 -0.2400 -4.6078 9.76 0.88 -0.16 155 379 195 185 133 
-0.2565 0.5983 0.4088 0.6396 134.75 75.62 -112.69 18.88 4.76 -3.95 9.1500 2.3400 -2.0500 1.6289 -0.2889 0.7967 9.54 1.40 -1.76 156 377 198 188 134 
-0.3571 0.6171 0.4592 0.5300 106.69 79.06 172.75 7.70 -0.72 2.83 -2.1100 0.3400 4.9300 0.0489 0.2989 0.8344 9.56 -1.21 -1.79 156 355 202 189 135 
-0.4012 0.6432 0.4091 0.5079 106.25 79.19 154.37 9.11 -1.30 -1.78 0.7900 -1.0600 -0.8600 -1.3856 -0.1689 -0.7378 9.62 -0.12 -1.87 189 247 210 205 153 
-0.3280 0.6512 0.3825 0.5675 120.44 85.19 179.94 15.77 -1.68 -3.49 3.7800 -0.5700 -1.8200 1.5311 3.4689 0.3578 9.66 -0.55 1.55 206 184 176 176 118 
-0.4827 0.5050 0.3311 0.6344 103.00 72.56 11.56 0.29 0.88 2.88 -10.2400 1.0900 -0.5800 0.7211 -0.1944 -0.1344 9.36 -0.28 2.91 206 177 187 177 121 
-0.4940 0.4900 0.4080 0.5911 103.81 83.06 -20.75 4.59 4.64 -0.75 -3.9700 3.9200 -1.4800 -1.3478 -2.8644 -2.5744 9.52 2.24 -0.62 206 187 194 180 121 
-0.2935 0.5480 0.5128 0.5920 127.25 71.37 -120.12 13.89 3.66 0.02 2.7600 0.6000 1.6300 -0.1489 -0.1489 0.4878 9.34 2.30 -1.85 205 190 196 182 122 
-0.2894 0.5875 0.4988 0.5676 126.37 73.12 -128.00 8.18 1.87 -2.26 -0.9500 -0.3900 -0.5000 -0.2967 0.1044 0.0333 9.40 2.28 -1.57 204 186 185 184 126 
-0.2781 0.5960 0.4681 0.5901 130.69 75.50 -125.00 13.18 3.77 -2.02 5.1100 1.8100 -1.5200 -1.1544 0.0278 1.7822 9.67 1.00 -1.21 168 239 168 183 132 
-0.3078 0.6764 0.3109 0.5925 121.94 79.50 116.56 10.67 -0.86 -2.59 0.0000 1.0000 -1.5900 -1.6289 1.6656 5.0811 8.48 -4.92 0.03 151 213 219 257 170 
-0.4116 0.6773 -0.1188 0.5981 110.50 37.19 85.56 1.09 -3.83 -2.83 -5.3700 4.2300 -3.3100 -1.8711 2.0433 3.9211 2.81 -9.39 0.07 110 231 244 257 168 
-0.4442 0.5284 -0.4813 0.5402 100.19 4.44 92.44 -3.93 -8.17 -1.23 -5.0600 1.3600 -0.2100 -0.1800 -0.2356 0.7933 -0.10 -9.78 -0.65 116 251 244 260 166 
-0.4569 0.4838 -0.5505 0.5042 95.75 -0.50 94.44 -0.31 -9.49 -1.30 -0.1600 0.4800 -0.3900 -0.0733 -0.1956 -0.2311 0.08 -9.77 -0.80 118 257 244 261 166 
-0.4527 0.5073 -0.5378 0.4985 94.75 2.00 95.87 -3.86 -8.31 -2.63 -5.0800 1.3300 -2.2300 -0.4667 -4.0733 -2.6378 1.57 -9.54 -1.62 115 254 243 252 160 
-0.4732 0.7243 -0.3098 0.3943 73.37 19.37 108.12 5.15 -6.30 -9.69 2.4200 1.8700 -6.2300 0.3600 -7.9700 -2.9956 3.03 -7.98 -4.82 115 243 245 254 160 
-0.4867 0.8571 0.1641 0.0407 357.00 11.19 122.06 5.00 -7.04 -2.34 2.9000 0.8700 2.3800 0.0078 -3.1189 -1.0633 1.38 -8.07 -5.39 114 242 248 255 164 
-0.4568 0.8141 0.3425 -0.1058 331.56 7.87 124.62 3.11 -7.28 -5.59 1.2200 0.5300 0.5600 0.1056 -0.2400 -0.1967 1.37 -8.01 -5.47 119 242 248 253 166 
;
