-0.4041 -0.0163 0.3463 0.8466 129.06 14.81 -38.19 2.58 5.83 7.44 -0.0100 -0.0500 -0.0400 -0.0811 -0.1678 -0.0156 2.60 5.81 7.45 187 380 313 290 192 
-0.4009 0.0060 0.3341 0.8530 129.56 16.31 -34.94 2.38 5.06 7.45 -0.4200 -0.1400 -0.1900 -0.3611 -0.2611 0.0544 2.93 5.12 7.83 186 371 323 292 190 
-0.3984 0.0313 0.3176 0.8599 130.44 18.44 -33.81 4.40 13.02 16.71 -0.7700 8.8100 9.0400 -3.6389 -2.7911 -0.2811 4.45 3.84 7.84 183 343 166 169 119 
-0.2939 0.3752 0.2862 0.8312 138.56 69.31 -29.87 11.57 0.83 -3.67 -2.0400 -0.8600 -4.1300 5.5144 -3.5200 2.8967 9.72 -0.60 -1.13 128 373 170 169 120 
-0.4537 0.6439 0.4314 0.4399 86.25 72.12 133.31 2.30 -1.53 -0.82 -7.6700 1.1300 1.6200 -0.5056 -0.1811 -0.7300 9.39 -1.66 -2.26 125 377 166 175 124 
-0.3909 0.6641 0.4500 0.4514 102.19 70.44 167.31 10.17 1.72 -10.77 2.7300 2.1700 -8.1800 0.1556 -0.2856 -1.4289 9.08 0.24 -3.68 125 368 177 177 126 
-0.3495 0.6411 0.5283 0.4334 95.44 69.19 175.25 24.76 0.10 -3.12 14.1700 0.0600 0.8100 2.4478 2.7200 2.3556 9.43 -2.16 -1.56 136 359 176 181 128 
-0.6183 0.5467 0.4178 0.3798 59.56 63.19 64.19 -0.41 -1.07 5.98 -9.8400 2.3600 3.3700 0.1800 3.9333 0.8756 7.30 -4.57 4.67 139 369 182 184 128 
-0.7561 0.4429 0.1877 0.4437 61.25 41.38 45.63 -1.39 -2.13 4.83 -7.6400 3.8400 -0.3200 -2.5100 -0.9867 -0.2567 6.83 -6.09 3.50 134 371 181 183 128 
-0.6309 0.6107 0.1560 0.4525 74.06 50.69 76.69 3.28 1.10 -3.14 -4.0600 6.7700 -4.1200 -2.4267 -1.5311 -2.6422 8.71 -4.40 -0.84 121 370 184 183 126 
-0.3854 0.7257 0.2480 0.5132 112.31 72.44 133.81 11.97 1.15 -9.98 2.7400 2.4300 -6.9400 1.2567 -1.1089 -2.6278 9.39 -0.40 -2.76 121 361 186 184 126 
-0.3174 0.6746 0.4379 0.5025 109.81 71.81 179.56 18.46 0.01 -1.01 7.0400 0.9700 4.2300 2.5700 -0.1522 1.2733 9.19 -1.31 -3.14 129 355 183 188 128 
-0.4403 0.6515 0.4796 0.3894 83.12 68.19 144.69 7.05 0.20 0.34 -1.9200 2.5400 1.5900 -3.2244 0.8767 0.0056 9.24 -1.70 -2.80 156 245 245 258 165 
-0.3583 0.7137 0.3605 0.4820 109.81 70.81 146.50 19.19 -2.55 -8.19 8.2500 -1.2500 -5.9700 -0.9911 1.9511 4.0078 8.70 -4.16 -1.73 114 230 302 316 205 
-0.4352 0.7411 0.0406 0.5095 94.69 44.25 93.81 2.00 -2.63 -1.50 -4.7800 4.4900 -1.7600 -0.0311 2.3033 4.8011 3.69 -9.07 0.42 111 227 251 245 164 
-0.5708 0.6118 -0.3087 0.4524 74.87 6.62 86.69 -3.68 -7.60 0.41 -5.6500 2.5500 -0.0800 -0.6511 0.3356 1.4400 -0.23 -9.80 0.09 117 230 244 229 149 
-0.5711 0.5580 -0.4444 0.4061 71.25 -3.81 91.81 -1.91 -8.98 -0.40 -1.1300 0.6500 0.3900 -0.2567 0.3567 -0.0100 -0.72 -9.76 -0.54 119 242 247 236 152 
-0.5410 0.5647 -0.4680 0.4117 74.31 -0.50 95.00 -4.52 -8.98 -0.76 -4.6500 0.6000 -0.4900 -0.7322 -3.4167 -2.9178 1.48 -9.56 -1.56 119 246 252 248 157 
-0.5234 0.7678 -0.1885 0.3177 55.88 20.56 109.50 4.50 -5.51 -10.06 0.8300 1.9800 -6.9700 1.0467 -7.7833 -3.7189 3.46 -7.81 -4.80 120 249 255 252 160 
-0.4763 0.8030 0.3570 -0.0309 338.75 14.56 125.37 9.02 -5.87 -6.66 6.5600 1.4200 -1.1800 0.8500 -1.5122 -0.7722 2.09 -7.89 -5.43 121 249 262 259 165 
-0.4551 0.7250 0.4916 -0.1603 322.75 12.81 123.00 2.99 -7.15 -3.82 0.3200 0.7100 0.9900 -0.4489 1.0100 0.1411 2.46 -7.88 -5.28 123 253 269 267 171 
-0.4655 0.7492 0.4609 -0.0980 343.31 18.56 125.00 11.04 -4.24 -1.80 7.9800 3.7000 3.5200 -1.8167 5.5100 0.5478 5.02 -7.20 -4.36 131 282 288 270 191 
-0.5330 0.7756 0.1478 0.3042 73.44 40.13 99.31 11.49 -7.25 -6.27 6.4100 0.4300 -5.9000 -1.5389 8.0856 2.2189 5.15 -8.28 1.00 175 358 320 359 208 
-0.4628 0.5829 -0.3069 0.5931 104.62 20.19 83.81 4.10 -6.16 -2.19 1.3200 3.7800 -2.3000 -2.1000 1.7989 1.9400 1.93 -9.61 -0.13 176 372 329 365 210 
-0.4136 0.5275 -0.5206 0.5289 104.37 5.37 99.19 -0.32 -7.98 -4.53 -0.1300 1.7900 -3.7300 -1.9556 1.2644 0.9600 0.33 -9.33 -2.99 171 375 337 377 211 
-0.3265 0.4797 -0.6675 0.4665 111.00 0.31 110.62 -0.30 -8.01 -6.99 -0.0100 1.0900 -2.7500 0.8489 1.1156 0.7200 -0.21 -9.33 -3.00 171 363 341 380 212 
-0.3303 0.4076 -0.6774 0.5157 114.00 -0.81 100.69 1.33 -5.45 -10.79 0.4600 6.3000 -10.3900 6.1844 -0.9000 -0.9222 0.62 -9.35 2.86 172 347 335 385 213 
-0.4891 0.2706 -0.2958 0.7747 114.62 7.87 27.06 6.36 17.97 6.10 4.0800 23.0300 3.0100 10.7856 3.4078 2.0389 -0.01 3.48 9.16 182 398 370 415 219 
-0.6166 -0.1542 0.2123 0.7422 98.87 3.19 -33.19 -1.40 7.83 10.83 -1.3300 1.2900 0.5600 0.8400 -0.6033 0.6689 1.11 5.86 7.78 179 398 375 424 220 
-0.6354 -0.1723 0.2920 0.6938 94.87 8.56 -39.31 1.13 8.71 11.15 -0.9600 2.4000 3.9400 -0.9878 -0.4867 -0.1967 1.85 5.62 7.81 180 396 367 418 219 
;
