0.6534 0.2727 0.1310 0.6940 266.56 11.94 -33.38 1.95 5.21 8.01 -0.0600 0.0000 -0.0400 0.0222 -0.0478 -0.0400 2.04 5.30 7.99 182 342 365 385 226 
0.6555 0.2754 0.1311 0.6908 267.06 12.19 -33.69 2.34 6.11 8.51 0.2200 1.3000 1.8400 -0.4044 -1.1689 0.1089 2.85 5.09 7.87 145 320 302 354 227 
0.6431 0.3437 0.0264 0.6838 264.69 35.81 -30.75 14.32 6.01 11.60 8.6400 4.6200 5.9400 -2.8922 -2.8189 3.5178 8.14 1.20 5.32 121 254 238 246 196 
0.4642 0.3957 -0.3878 0.6910 238.50 62.38 52.31 6.15 2.25 0.72 -4.3300 7.5100 -2.3900 -1.6833 -1.2800 7.2544 5.66 -7.93 1.07 130 223 209 205 168 
0.0720 0.1582 -0.6749 0.7171 182.69 10.69 89.37 -2.73 -4.35 -1.26 -3.6000 4.5400 -0.2900 -0.9489 0.1744 3.2656 -1.14 -9.71 -0.68 122 196 184 187 142 
-0.1124 -0.0179 -0.7542 0.6467 158.19 -11.75 100.31 -1.98 -9.04 -0.24 -0.1100 -0.1300 1.3000 -1.0022 -0.7122 -0.6622 -1.75 -9.32 -2.47 117 194 176 178 134 
-0.1335 0.0523 -0.7969 0.5869 155.25 -7.37 106.69 -1.88 -9.54 -2.25 -0.8700 -0.0800 0.5300 -0.2533 -1.0689 -1.1767 -0.57 -9.33 -2.93 121 197 188 190 147 
-0.1296 0.1967 -0.7862 0.5713 153.94 5.19 108.75 -0.93 -7.22 -5.38 -1.3500 2.2400 -3.5000 0.2756 -5.1922 -4.5333 2.66 -8.69 -3.67 121 200 192 203 156 
-0.2374 0.6077 -0.5799 0.4880 116.56 18.81 116.62 5.88 -5.45 -7.82 2.6100 2.5600 -2.7800 1.7711 -5.5811 -2.4033 2.96 -8.22 -4.44 122 197 199 215 173 
-0.4121 0.8309 -0.2291 0.2955 66.44 17.25 121.94 4.55 -6.32 -5.88 0.9300 1.3900 -0.8000 -0.3244 -0.7400 -0.7800 2.99 -7.67 -5.32 131 212 204 220 182 
-0.3985 0.8718 -0.1420 0.2470 63.38 18.69 126.94 5.30 -7.40 -4.77 2.2900 -0.1600 0.9200 0.2444 0.0356 0.0722 3.12 -7.49 -5.49 135 229 222 232 185 
-0.4002 0.8658 -0.1548 0.2575 71.50 19.62 124.94 8.27 -9.21 -3.30 2.6400 -3.6600 0.1200 -0.5689 3.5578 0.9611 4.14 -7.50 -4.77 137 339 174 171 114 
-0.3520 0.7877 -0.2515 0.4385 107.00 36.19 108.62 2.55 -7.40 -11.31 -0.5600 1.9300 -6.5100 4.2678 0.6389 -1.7567 6.92 -6.94 0.13 123 343 169 169 120 
-0.4677 0.6627 -0.0563 0.5822 99.25 45.50 78.31 4.44 -1.68 2.54 -1.3100 4.6100 0.9600 0.2167 -0.3733 0.8567 6.67 -7.03 1.46 120 358 179 178 127 
-0.5257 0.6575 -0.0494 0.5375 92.69 40.19 80.94 9.45 -5.23 1.34 2.8700 3.8300 -1.7700 -2.7178 1.7544 -0.5500 6.39 -7.39 0.74 118 385 196 177 129 
-0.3794 0.6472 -0.2020 0.6296 126.94 40.44 81.81 4.52 -7.07 -3.93 -1.4000 1.3800 -4.7600 -2.8678 2.3000 1.6100 5.17 -8.30 0.58 114 358 183 183 131 
-0.2350 0.4700 -0.4926 0.6937 143.75 23.19 83.00 -0.81 -11.61 3.51 -6.9600 -4.1800 5.5400 -0.0133 1.3211 0.2400 3.35 -9.06 1.63 120 367 191 191 130 
-0.2269 0.3978 -0.5297 0.7139 141.19 17.50 84.00 3.65 -8.49 -0.86 1.2300 1.0300 -0.9700 0.5600 -1.3600 1.7656 1.90 -9.57 0.94 126 355 196 198 143 
-0.3368 0.3897 -0.5514 0.6562 127.25 7.62 86.44 -2.83 -7.07 0.86 -5.5300 2.2700 -1.1200 -1.6689 -0.5922 -1.5511 2.27 -9.51 -0.75 155 394 187 194 141 
-0.2770 0.5586 -0.5363 0.5688 124.12 22.62 106.62 6.41 -11.06 -7.13 6.3700 -1.9700 -3.5200 2.3989 -1.9933 -2.8878 4.92 -8.10 -2.49 164 418 178 190 144 
-0.3539 0.6985 -0.3058 0.5415 110.94 32.69 98.31 5.99 -6.82 -2.19 -0.8400 1.8000 -1.4700 1.4833 -0.0867 -0.1300 5.35 -8.21 -0.04 152 416 181 191 144 
-0.4511 0.6198 -0.1917 0.6129 102.50 37.00 78.19 13.66 -4.89 8.33 5.1400 1.3700 2.3100 -2.9644 2.2611 1.5844 5.07 -8.39 0.15 153 426 190 196 148 
-0.4164 0.6984 -0.2674 0.5170 104.62 31.56 98.06 3.91 -10.17 -11.06 -5.1100 9.3400 22.1500 3.2267 -1.9656 -0.3300 5.89 -7.77 0.99 142 430 196 199 151 
-0.4424 0.6542 -0.2056 0.5779 109.06 33.88 86.56 0.48 -4.40 4.19 -3.5100 4.8200 5.0600 -3.0222 -1.5544 -0.6600 5.72 -7.74 -1.85 152 415 201 201 152 
-0.2078 0.7503 -0.3043 0.5489 158.44 53.00 121.31 12.04 3.26 -5.92 3.9600 5.8600 -4.1900 -2.6500 9.6944 -7.3211 9.60 -0.07 1.97 163 309 241 247 181 
0.3932 0.4568 -0.0016 0.7979 242.31 36.63 -38.00 11.12 11.40 10.98 5.5600 3.9500 3.3400 -0.3278 1.2878 -2.5467 3.61 6.05 6.81 180 353 335 390 230 
0.6021 0.3420 0.1600 0.7035 264.19 15.56 -42.88 3.09 5.20 4.05 2.0000 0.6600 -2.3800 2.0567 -0.9167 -0.4078 3.22 7.28 5.71 169 402 372 407 230 
;
