0.1393 0.5963 -0.0247 0.7902 199.87 71.37 -23.56 9.01 1.07 2.89 -0.2400 -0.1600 -0.0700 0.0944 0.0556 -0.0311 9.27 1.28 2.90 173 306 285 293 196 
0.1372 0.5905 -0.0183 0.7951 199.50 70.50 -23.37 9.14 1.25 3.12 -0.1000 -0.1200 0.1100 -0.0656 0.0633 0.0200 9.22 1.26 3.07 173 306 284 290 197 
0.1371 0.5845 -0.0209 0.7995 199.37 70.00 -21.69 9.22 1.16 3.23 0.1800 0.0600 0.2100 0.0978 -0.0367 0.1633 9.23 1.15 3.09 180 314 291 292 183 
0.1237 0.5916 -0.0449 0.7954 198.00 72.06 -7.56 21.14 2.54 7.74 11.7800 2.6500 3.0200 -3.3433 -0.4067 3.5267 8.97 -2.77 2.82 130 252 243 250 178 
0.1068 0.4023 -0.3787 0.8266 193.62 37.63 60.31 1.67 -1.64 -2.07 -3.3000 5.3600 -5.7200 -3.4556 1.2478 4.4867 2.72 -9.16 2.16 128 221 215 213 151 
-0.0305 0.0898 -0.6565 0.7484 169.81 -0.13 85.62 -3.93 -6.61 -0.73 -3.4000 3.0400 -0.9800 -0.8400 -0.1356 2.3833 -1.98 -9.60 0.04 129 230 227 226 156 
-0.1727 -0.0176 -0.7123 0.6801 149.56 -15.56 90.94 -5.96 -8.01 -0.21 -3.4300 1.5400 0.0100 -0.3700 -3.0744 -2.0222 -1.43 -9.70 0.01 136 233 230 233 160 
-0.2390 0.2835 -0.6529 0.6605 133.00 13.00 92.56 3.91 -5.93 -10.85 1.4500 3.6500 -10.6000 1.7389 -11.5089 -4.9167 4.62 -8.10 -3.01 133 231 230 230 157 
-0.4266 0.8160 -0.1462 0.3616 74.56 27.87 114.81 9.27 -3.74 0.08 4.2900 2.9500 4.8300 -0.2267 -0.7078 -0.6144 4.71 -7.71 -3.79 132 231 242 236 159 
-0.4402 0.8340 -0.0585 0.3273 77.12 30.75 117.62 7.16 -5.66 -2.55 3.9300 2.7700 3.2800 -0.8567 2.2856 -0.0967 5.61 -7.16 -3.65 149 267 245 225 156 
-0.3114 0.7654 -0.1948 0.5284 134.00 46.44 100.12 14.35 -4.02 -13.51 0.4800 1.5600 -18.1000 -2.7456 26.5222 0.0489 -0.12 -7.80 5.93 190 426 183 179 126 
0.2888 -0.0532 -0.4106 0.8632 227.06 6.44 48.81 -5.95 -4.90 3.40 1.6100 6.1000 0.9600 0.8211 1.5289 -2.7756 0.55 -7.12 6.71 173 428 198 186 134 
0.5592 -0.2187 -0.3111 0.7367 256.87 1.31 42.69 11.67 -4.18 10.44 10.8700 1.0000 2.7800 0.6044 -0.5044 0.6767 0.11 -6.21 7.58 175 432 197 190 135 
0.5342 -0.1807 -0.2791 0.7773 246.37 0.94 38.81 0.83 -10.23 13.84 -0.3600 -3.9200 6.6000 -1.3767 -1.7511 1.8589 0.24 -6.81 7.04 176 428 207 190 136 
0.3727 -0.1664 -0.3918 0.8245 225.56 0.37 54.75 -6.12 -6.66 7.05 -6.3600 1.8600 1.5200 -2.3978 0.1711 0.1167 -0.15 -8.93 4.03 169 427 207 193 139 
0.3204 -0.2320 -0.5355 0.7462 229.69 0.69 74.19 -3.12 -4.16 2.03 -2.6300 5.7100 -0.5100 -1.0644 1.9833 -1.2111 0.67 -9.60 1.85 174 424 200 194 137 
0.4365 -0.3056 -0.5633 0.6315 253.31 6.87 78.87 2.65 -2.39 0.82 2.5300 7.5000 -1.6500 1.0122 1.5911 -0.5844 1.30 -9.34 2.67 171 427 202 193 139 
0.5602 -0.3029 -0.4644 0.6154 265.75 8.44 62.19 11.46 -4.59 3.62 12.1000 2.1000 -0.6100 4.1811 -0.1044 0.4422 1.31 -6.92 6.82 177 422 204 199 142 
0.5786 -0.1366 -0.2784 0.7543 248.19 6.37 31.12 -0.63 -10.79 17.84 -3.3000 -5.4800 9.5400 0.0989 -1.8078 2.3478 1.40 -4.61 8.53 173 417 203 201 142 
0.3918 -0.0184 -0.2655 0.8807 227.06 11.38 29.00 -1.93 1.10 10.92 -3.9500 5.5700 2.2300 0.3522 -1.2967 0.6478 2.35 -4.66 8.29 176 406 232 229 164 
0.3168 0.0258 -0.3035 0.8983 218.37 12.44 34.88 2.69 -6.15 11.43 1.8200 0.5000 4.3300 -1.0922 -0.4244 0.5422 2.04 -6.19 7.32 170 368 221 212 149 
0.2612 -0.0129 -0.4052 0.8760 209.37 12.56 50.50 -1.59 -13.00 0.46 -5.8200 -2.9700 -12.6900 5.1111 -11.2078 -1.7044 6.78 -5.38 4.58 135 389 182 174 123 
-0.1152 0.5513 -0.1383 0.8147 161.50 64.25 46.63 3.09 -3.12 0.67 -5.4400 0.7100 -1.1400 0.6567 -1.9956 -1.8500 9.49 -1.73 1.71 124 396 189 175 120 
-0.0663 0.6913 -0.0068 0.7195 173.37 87.69 2.25 10.68 1.83 -6.60 3.4600 1.5400 -7.7500 1.1667 -1.8944 -1.3556 9.69 0.79 -1.28 127 387 195 182 124 
-0.0416 0.7509 0.1176 0.6486 166.37 80.87 -157.81 24.61 2.86 -1.49 13.4200 2.4400 0.7500 2.2411 3.0033 2.7200 9.65 -1.47 0.83 132 392 192 183 127 
-0.2975 0.6062 0.0725 0.7340 132.06 60.31 39.75 -2.98 -0.95 10.59 -12.6700 2.2600 5.1900 -1.5578 1.8656 2.1200 6.54 -4.98 5.33 133 385 196 183 126 
-0.3685 0.4716 -0.1400 0.7888 132.81 40.75 50.44 -0.81 -0.70 2.33 -6.8500 5.4200 -1.7600 -2.0500 -1.4267 -2.0956 7.57 -5.35 3.17 123 393 197 186 126 
-0.1816 0.6083 -0.1647 0.7549 160.44 65.50 72.37 7.92 2.63 -5.21 -2.9200 4.5800 -7.2800 -0.9167 -1.1944 -3.9156 9.77 -0.78 0.12 131 380 200 188 126 
0.0738 0.7195 -0.0273 0.6899 193.31 82.62 -123.00 19.79 3.73 -10.39 10.9200 1.0700 -8.0000 3.1333 -0.0778 0.4711 9.64 1.09 -1.43 132 370 207 192 134 
-0.0729 0.7544 0.0778 0.6477 159.81 81.19 147.25 7.34 -0.05 8.35 -3.5700 1.0900 8.4800 -0.3978 -0.4600 1.6533 9.46 -2.17 -1.36 138 362 201 197 138 
;
