-0.2891 -0.0405 0.4584 0.8394 142.00 11.31 -53.94 1.96 7.72 5.67 0.0500 -0.0700 0.0400 -0.0144 -0.0144 -0.0156 1.92 7.77 5.65 191 319 319 311 200 
-0.2867 -0.0395 0.4581 0.8405 142.37 11.31 -53.94 1.98 7.78 5.71 0.0400 0.0000 0.0200 -0.0167 0.0089 -0.0189 1.91 7.77 5.66 191 320 317 309 199 
-0.2847 -0.0389 0.4576 0.8414 142.56 11.19 -53.81 1.98 7.73 5.86 0.0200 -0.0100 0.1700 -0.2333 -0.0189 0.1444 1.98 7.66 5.78 191 313 314 310 199 
-0.2934 -0.0159 0.4345 0.8514 142.06 15.13 -47.50 1.46 10.62 10.88 -1.3100 3.5700 4.1500 -3.4378 -3.2222 1.0844 4.38 5.12 7.11 149 268 318 305 198 
-0.2662 0.2736 0.2685 0.8844 146.06 46.44 -15.00 14.27 4.78 7.99 7.1200 4.3600 0.6600 -4.7189 -2.5522 4.3189 8.25 -2.62 4.59 115 225 268 252 178 
-0.3516 0.5776 -0.0833 0.7320 119.94 45.25 69.94 5.09 -0.60 -1.05 -4.0500 7.0700 -3.6300 -1.0622 -0.5111 5.2444 3.54 -9.05 1.22 112 218 251 241 172 
-0.5582 0.5767 -0.3429 0.4882 77.81 6.75 84.44 -3.23 -5.50 1.18 -4.3600 3.8800 0.7000 -0.0100 -0.4433 1.8289 -0.52 -9.75 0.88 118 206 243 244 174 
-0.5975 0.5461 -0.4282 0.4017 68.62 -3.69 89.87 -1.80 -9.27 -0.63 -0.2100 0.4400 -0.8100 -0.7211 -0.4567 -0.6889 -0.15 -9.78 -0.56 122 212 246 247 177 
-0.5538 0.6025 -0.4241 0.3879 68.75 0.62 95.87 -8.82 -8.73 -2.23 -8.5500 2.2400 -2.1900 -0.5089 -7.9933 -4.3989 2.16 -9.33 -2.10 125 210 238 234 174 
-0.5490 0.8229 0.0817 0.1218 9.13 16.25 116.94 3.50 -6.31 -10.06 -0.0900 1.2700 -5.6400 0.6311 -5.6056 -2.6544 2.35 -8.00 -5.14 124 212 250 253 179 
-0.4605 0.7371 0.4683 -0.1592 316.00 10.44 120.44 6.17 -6.31 -1.20 3.3000 1.2100 3.6800 -0.2733 -0.8378 0.0600 1.48 -8.40 -4.82 130 213 257 256 178 
-0.4525 0.7048 0.5031 -0.2130 310.94 9.56 120.75 3.19 -8.26 -4.57 1.3300 -0.0300 0.4000 -0.0244 0.9689 -0.2111 2.11 -8.23 -4.87 132 223 264 265 186 
-0.4908 0.7103 0.4813 -0.1516 331.94 17.37 117.56 7.23 -5.51 -1.45 5.4700 3.5400 1.9000 -0.3267 4.7367 -1.3367 4.86 -7.91 -3.12 169 286 304 319 214 
-0.6195 0.6846 0.3639 0.1229 33.75 43.06 102.00 5.65 -5.27 -3.07 -0.9900 0.0400 -2.5200 -1.9789 3.5478 -3.3122 8.59 -4.72 0.19 192 303 320 337 219 
-0.5422 0.5321 0.3063 0.5737 105.06 69.44 13.06 6.84 -1.07 2.04 -7.9100 -0.5900 -2.2100 -3.1733 -5.5778 1.6989 9.63 -1.38 1.20 201 292 319 348 224 
-0.3587 0.7946 0.2764 0.4044 81.81 38.31 148.75 2.61 1.00 -9.28 -2.4200 3.2500 -1.7400 -4.0733 -3.1067 1.5344 2.33 -1.89 -9.33 204 295 286 340 225 
-0.0571 0.9771 0.1794 0.0995 158.12 12.56 177.37 7.18 -3.32 -14.52 4.3900 -2.8400 -3.1800 0.0278 -0.0900 -0.0933 2.01 -0.27 -9.59 207 307 307 346 228 
-0.0403 0.9742 0.1964 0.1031 157.00 13.13 177.44 2.13 -0.14 -9.65 -0.1900 0.4300 -0.1300 0.3756 0.5700 -0.2411 2.59 -0.60 -9.43 206 307 310 348 228 
-0.0682 0.9645 0.2142 0.1385 154.25 18.50 175.50 4.02 0.85 -9.35 1.3700 1.3100 -0.4000 -0.2800 1.9544 -0.5244 4.28 -0.41 -8.81 185 285 300 308 222 
-0.0896 0.9208 0.2339 0.2989 152.12 39.94 178.12 17.95 -0.73 -14.29 12.8400 1.1500 -6.7400 0.1111 5.4200 3.2722 8.55 -1.97 -4.36 158 348 311 364 218 
-0.2744 0.7870 -0.0262 0.5519 118.44 49.44 102.56 6.91 3.53 -0.49 -2.0800 12.1800 -0.3800 -1.6389 4.5322 6.7589 3.43 -9.18 -0.18 168 345 322 374 218 
-0.4179 0.5192 -0.5469 0.5066 100.81 0.19 101.44 -6.93 -4.00 -8.28 -5.2100 4.3900 -6.1900 -0.6233 0.3300 1.2833 -1.35 -9.13 -3.28 167 355 323 386 220 
-0.3904 0.4282 -0.6794 0.4502 101.69 -7.19 102.75 -4.72 -3.07 -8.08 -3.1900 7.3900 -8.5500 5.1156 0.0322 -2.2167 0.35 -9.61 1.88 141 340 295 389 220 
-0.4427 0.3040 -0.3400 0.7720 121.87 12.25 41.19 11.08 10.57 25.12 7.1900 18.8800 30.5000 2.3567 1.8411 0.0378 1.21 -1.38 9.63 181 379 337 408 222 
-0.4559 0.1795 -0.1698 0.8550 125.25 10.13 46.50 1.83 9.27 -2.48 -0.1500 17.4800 -8.0400 -12.9722 -1.5200 1.1667 1.44 -9.38 -2.43 146 328 336 333 196 
-0.2373 0.5236 -0.7211 0.3867 115.50 2.62 119.00 -5.14 6.41 -19.89 -6.6500 17.2300 -13.3900 12.8978 -0.9122 -2.3000 1.54 -8.57 4.51 170 347 336 381 213 
-0.5117 0.1929 -0.1591 0.8220 115.25 7.56 19.44 0.48 1.37 37.27 0.4000 4.3600 22.1200 -4.1911 -0.7522 -0.5889 2.05 -4.86 8.26 169 355 345 389 214 
-0.4556 0.3332 -0.2886 0.7734 119.75 13.56 64.19 0.80 -0.45 -5.73 -2.4000 7.5900 -9.3600 -6.7089 -1.7778 1.5222 1.17 -9.59 -1.64 163 313 309 343 208 
-0.3196 0.4973 -0.6483 0.4798 113.87 3.56 110.06 -4.98 -4.76 -11.11 -5.4200 4.4100 -7.7500 3.8489 -0.5778 -2.1089 1.79 -9.57 -1.15 167 293 275 300 204 
;
