0.1849 0.2288 0.0346 0.9551 201.94 25.00 -9.56 4.10 1.56 8.72 -0.1000 0.1700 -0.0200 0.0078 0.0322 -0.0078 4.12 1.48 8.77 165 324 336 346 195 
0.1857 0.2268 0.0357 0.9554 202.00 24.81 -9.69 4.09 1.61 8.70 -0.0300 0.1000 -0.0700 -0.0044 0.0022 -0.0100 4.11 1.50 8.77 164 324 334 346 196 
0.1857 0.2266 0.0361 0.9554 202.00 24.81 -9.69 4.04 1.60 8.74 -0.0700 0.0800 -0.0600 0.0044 0.0056 -0.0044 4.11 1.50 8.77 165 325 337 347 195 
0.1857 0.2262 0.0367 0.9555 202.00 24.69 -9.81 4.07 1.62 8.71 0.0000 0.0700 -0.0100 0.0233 0.0244 -0.0111 4.08 1.54 8.78 165 324 337 347 198 
0.1872 0.2240 0.0409 0.9556 202.31 24.00 -10.63 6.45 2.55 10.85 1.1500 0.4000 3.1200 0.1256 -0.5278 -0.0022 4.23 1.93 8.63 165 336 244 261 194 
0.1614 0.2875 0.0424 0.9431 195.00 40.00 -4.94 18.47 4.42 10.06 5.7000 5.4400 3.0400 -1.6144 1.6733 3.5022 6.34 -2.14 7.16 147 212 173 191 139 
-0.0451 0.3342 -0.2283 0.9133 168.31 32.94 44.25 -1.21 -3.50 0.04 -5.0300 2.8300 -3.9900 -2.6389 -7.0133 5.1378 4.11 -8.72 1.76 141 200 212 244 170 
-0.3765 0.4789 -0.4644 0.6428 114.75 10.94 84.87 -0.60 -8.22 0.83 -1.6500 1.8600 0.0400 -0.4578 -1.2000 1.8289 0.37 -9.79 0.38 132 214 227 244 157 
-0.4752 0.4430 -0.5364 0.5388 96.12 -3.69 88.50 -2.88 -8.64 0.83 -1.7600 1.0900 0.5800 -0.0467 -0.2800 0.2178 -0.96 -9.75 0.18 134 230 241 250 160 
-0.4846 0.4321 -0.5546 0.5205 94.19 -4.50 89.81 -1.92 -9.38 0.50 -1.2900 0.5000 0.1900 -0.7811 -1.5744 -0.5544 -0.42 -9.78 -0.42 131 227 240 249 163 
-0.5127 0.5717 -0.4639 0.4417 75.31 4.81 96.19 -2.01 -9.15 -2.48 -3.2900 1.0300 -1.9700 -0.1078 -6.2833 -3.0522 2.30 -9.33 -1.92 132 227 236 256 170 
-0.5591 0.7904 -0.0645 0.2420 38.75 19.81 108.56 2.63 -6.05 -10.29 1.2100 3.1000 -6.3500 1.4344 -7.4700 -2.7600 3.25 -8.30 -4.06 135 226 239 263 173 
-0.5411 0.7596 0.3585 -0.0425 346.56 18.50 115.75 7.86 -6.93 -2.45 4.5200 1.3600 1.7700 -0.1967 0.2989 0.0533 3.06 -8.32 -4.18 136 228 248 270 175 
-0.5243 0.7502 0.3970 -0.0679 346.25 18.69 118.19 3.00 -8.21 -4.44 -0.1600 -0.2600 0.0000 -0.1844 0.1378 -0.1967 3.36 -8.03 -4.49 135 230 251 273 178 
-0.5189 0.7538 0.4010 -0.0414 351.81 21.12 119.31 3.89 -6.72 -3.92 0.0800 1.2800 0.5200 -0.1144 1.0400 -0.3711 4.13 -7.82 -4.22 154 243 258 276 182 
-0.5491 0.7427 0.3807 0.0443 19.94 33.25 115.81 5.98 -2.39 -3.16 -0.1400 3.4000 -0.5800 -2.7989 8.4200 -2.9244 7.94 -5.66 -0.97 164 267 276 273 185 
-0.5467 0.5932 0.2181 0.5492 96.00 64.50 43.38 12.74 -0.51 3.62 3.4200 0.8600 0.5300 1.4656 -0.1844 -1.6900 9.06 -0.90 3.62 169 286 292 280 188 
-0.5117 0.4720 0.3515 0.6260 101.06 74.12 6.81 10.62 -1.02 2.31 0.5500 -0.8200 -0.2000 -0.4056 -1.0911 0.2900 9.61 -0.50 1.85 110 287 296 280 187 
-0.4785 0.5311 0.3767 0.5891 102.81 80.81 26.87 9.15 -0.50 2.51 -0.3200 0.1200 0.4300 -0.5656 -0.6389 0.1300 9.72 -0.85 0.92 169 285 295 276 184 
-0.4529 0.5660 0.3669 0.5830 104.19 82.75 40.81 10.90 -0.02 2.27 1.4000 1.1000 1.7200 0.3100 1.0256 0.2344 9.63 -0.89 1.58 165 287 295 281 193 
-0.4684 0.5620 0.2807 0.6213 109.69 71.19 47.06 14.60 -0.06 4.41 5.7900 2.7200 0.7200 -4.5400 2.9467 1.9689 8.41 -4.27 2.67 133 281 291 302 195 
-0.3864 0.5920 -0.0959 0.7007 121.69 42.94 69.25 7.68 -5.20 -1.11 2.3900 2.3300 -2.7500 -1.9367 2.0222 3.6900 4.27 -8.61 1.90 124 258 278 262 170 
-0.4196 0.5000 -0.4260 0.6265 108.62 10.63 83.44 0.44 -5.99 -1.28 -0.8700 3.1600 -1.7000 -0.7122 0.4856 2.0578 -0.09 -9.79 0.48 117 238 249 238 151 
-0.4833 0.4370 -0.5461 0.5266 93.31 -5.12 90.12 -2.65 -9.24 0.95 -1.9800 0.5400 0.9100 -1.0433 -0.2989 -0.0422 -1.01 -9.72 -0.80 126 230 242 243 155 
-0.4672 0.4803 -0.5730 0.4719 90.62 -3.62 98.12 -0.46 -8.48 -2.27 -0.1700 0.2900 -0.6400 -0.9433 -0.6589 -0.5567 -0.24 -9.54 -2.23 125 224 242 238 151 
-0.4429 0.5566 -0.5641 0.4192 83.56 -1.00 105.44 -3.67 -8.63 -5.47 -4.2100 1.6000 -3.1400 0.5178 -5.0244 -3.8400 1.44 -9.32 -2.67 130 225 245 247 154 
-0.5151 0.7930 -0.1757 0.2737 45.69 17.25 111.87 2.58 -4.41 -10.21 -0.6500 3.7500 -6.2100 2.1100 -7.3533 -4.4556 3.51 -8.11 -4.24 135 233 251 249 158 
-0.5088 0.7784 0.3674 -0.0151 351.37 20.44 122.00 11.06 -6.07 -4.17 7.1900 1.4500 0.7100 -0.2200 0.1744 0.1256 3.35 -7.74 -4.99 140 233 249 249 162 
-0.4955 0.7726 0.3958 -0.0291 355.75 20.81 122.62 2.18 -7.18 -5.02 -1.5100 0.5200 0.0100 0.1022 0.3378 -0.2511 3.79 -7.66 -4.79 143 246 263 261 170 
-0.5217 0.7754 0.3542 0.0333 20.25 28.31 116.19 0.87 -1.36 -5.47 -5.8500 4.4000 -2.6800 -1.3578 7.7444 -1.7900 6.82 -6.95 -1.11 154 253 251 257 170 
-0.5417 0.6785 0.2036 0.4525 84.81 64.81 83.81 13.21 -1.92 1.39 7.8200 2.4500 2.1200 -0.3011 2.5589 -2.8267 9.53 -1.22 1.92 203 190 198 201 155 
-0.4653 0.5262 0.3443 0.6229 110.25 76.69 5.75 12.91 -1.83 4.35 6.2400 -1.9300 -1.1800 -1.5867 0.2744 -0.5278 9.49 -0.01 2.46 205 187 201 192 145 
-0.3817 0.5345 0.2542 0.7099 123.69 70.69 13.38 3.40 -0.99 -0.47 -7.4600 -0.2100 -3.7400 -0.5033 -1.5967 1.6822 9.17 -2.28 2.59 202 194 203 199 152 
-0.4069 0.6161 0.2124 0.6401 116.00 78.56 64.31 -0.91 9.30 2.15 -4.5800 11.7300 -1.3200 -0.3889 -0.1689 -5.3511 9.67 1.59 0.31 204 203 209 205 153 
-0.2369 0.6024 0.3895 0.6552 139.44 77.44 -104.25 10.45 1.91 2.39 -1.0400 -0.0800 2.5400 -0.2611 0.3256 0.3311 9.64 1.75 -0.32 204 201 211 209 153 
-0.2491 0.6066 0.3689 0.6587 138.62 79.25 -90.75 9.12 2.36 -0.67 -0.0400 0.9500 -0.0600 0.0811 0.0133 0.0444 9.63 1.81 0.05 202 205 211 211 154 
-0.2552 0.6017 0.3635 0.6639 137.87 80.81 -84.94 12.12 5.69 3.41 2.4900 4.7400 3.0100 -1.4500 1.1556 0.8900 9.72 0.88 0.85 204 220 206 210 158 
;
