0.0649 -0.2435 -0.2235 -0.9416 172.12 29.19 -26.44 4.62 3.71 7.63 -0.1000 -0.1300 0.0300 0.0122 0.0711 -0.0189 4.76 3.82 7.67 163 319 319 308 201 
0.0639 -0.2407 -0.2232 -0.9424 172.31 28.69 -26.44 4.75 3.61 7.46 0.0500 -0.1800 -0.2600 0.0544 0.0278 -0.0611 4.68 3.87 7.69 165 317 322 310 201 
0.0609 -0.2374 -0.2268 -0.9426 172.56 28.25 -26.94 4.58 4.62 8.82 0.1300 1.1400 1.9900 -1.5667 -0.7167 0.5600 5.02 3.13 7.81 153 320 307 314 198 
0.0562 -0.2943 -0.1132 -0.9473 170.62 33.25 -4.06 3.07 2.67 12.25 3.3700 2.3500 3.4500 -4.3767 -6.3700 0.9389 7.47 -2.51 5.83 130 277 269 267 184 
0.0942 -0.5193 0.2095 -0.8231 161.75 52.88 67.62 6.95 -1.43 2.68 -5.5300 4.5700 0.3500 -2.1822 -3.2211 4.7844 5.51 -8.09 -0.51 125 249 240 242 169 
0.3231 -0.5983 0.4728 -0.5605 108.50 14.13 101.62 -3.34 -4.71 -4.29 -3.8900 4.4800 -1.4700 0.5222 -1.4356 2.6889 -0.33 -9.61 -1.87 128 257 243 250 173 
0.5053 -0.5230 0.5585 -0.3989 76.75 -11.13 100.69 -7.77 -8.11 0.26 -2.7800 1.5800 2.2400 -0.7233 -1.3900 -0.6611 -1.88 -9.39 -2.10 131 250 245 252 174 
0.5042 -0.5370 0.5732 -0.3588 69.62 -11.00 104.31 -5.56 -8.05 -2.78 -4.2400 1.1900 -0.8800 -0.7578 -2.4378 -1.9878 -1.02 -9.38 -2.64 135 243 248 248 174 
0.5192 -0.7045 0.3894 -0.2872 54.75 4.94 109.00 -2.36 -4.96 -7.73 -2.6300 4.1800 -6.2400 -0.6533 -5.8544 -5.3122 2.61 -8.33 -4.45 136 240 241 249 174 
0.4858 -0.8581 -0.1616 -0.0403 347.87 9.81 123.06 8.89 -5.09 -7.04 7.5500 2.0500 2.0400 0.4933 -3.0456 -1.0567 0.77 -8.29 -5.17 136 248 249 256 172 
0.4352 -0.7675 -0.4221 0.2086 306.19 2.00 122.25 2.79 -7.79 -5.34 2.3100 0.5500 0.1600 -0.1100 0.3111 0.0278 0.37 -8.25 -5.28 142 249 257 259 176 
0.4321 -0.7708 -0.4215 0.2038 310.87 3.19 123.19 2.77 -5.39 -1.99 1.6400 4.3200 4.6300 -0.2656 1.6111 -0.2989 1.19 -8.07 -5.44 154 273 275 280 190 
0.4584 -0.7875 -0.3989 0.1025 349.06 17.06 125.19 7.64 -7.14 -4.66 4.7100 0.0100 -0.6900 -2.1733 3.2711 -1.5011 5.11 -6.39 -5.39 192 309 295 350 226 
0.4475 -0.8192 -0.3259 -0.1501 46.81 35.88 128.75 -0.10 -8.62 -6.15 -6.3000 -2.0300 -0.8800 -0.8544 -1.9422 2.6400 4.78 -6.66 -5.36 201 320 319 358 227 
0.4163 -0.8823 -0.1888 -0.1122 24.69 16.31 136.87 -2.76 9.09 12.54 -6.2100 15.5900 19.2600 -8.0144 -0.9789 -0.0667 1.87 -1.81 -9.45 199 316 314 360 229 
-0.0501 -0.9875 -0.1191 -0.0899 167.81 8.13 -170.37 -0.62 -1.49 -17.05 -1.0400 -2.7500 -2.3100 0.0311 0.2133 -0.5267 0.83 1.38 -9.67 201 319 319 369 229 
-0.0675 -0.9909 -0.1052 -0.0498 167.56 5.25 -172.12 1.39 1.23 -9.64 1.7400 0.1800 0.0000 0.2244 0.5289 -0.1122 1.27 1.19 -9.64 203 317 316 370 228 
-0.0521 -0.9885 -0.1165 -0.0815 166.19 9.38 -172.50 1.13 2.46 -9.75 -0.5000 1.2300 -0.1800 -0.2744 0.0967 -0.0800 1.76 1.45 -9.53 199 306 321 363 225 
-0.0640 -0.9847 -0.1171 -0.1123 166.00 12.94 -171.44 0.57 2.33 -7.46 -2.1900 1.0500 1.6900 -0.3378 1.5867 -0.7211 3.27 1.66 -9.09 204 286 268 245 184 
-0.1118 -0.9606 -0.1331 -0.2167 166.75 21.50 -158.00 15.17 -0.10 -17.76 9.9000 -3.3400 -10.4400 0.0156 5.1100 2.2011 6.13 3.26 -6.92 209 171 176 171 122 
-0.0743 -0.7969 0.0135 -0.5994 180.81 80.06 58.44 8.04 9.24 -8.15 -4.4700 9.6800 -12.2700 0.2400 8.2367 9.2500 2.43 -6.83 6.59 210 173 173 167 122 
0.3558 -0.0521 0.3834 -0.8507 125.50 -20.87 40.63 2.32 6.91 -0.86 3.1600 10.9200 -7.6900 2.4278 -0.2278 6.5300 -6.08 -2.22 7.36 209 176 184 176 125 
0.6641 0.2202 0.2341 -0.6750 90.25 -35.56 -1.12 -13.93 0.10 13.46 -4.3300 -0.7200 4.0400 -0.3133 -0.6867 -1.9144 -5.11 -0.61 8.34 209 183 186 181 128 
0.6189 0.1683 0.2088 -0.7383 100.31 -30.44 7.62 -5.74 -0.47 8.05 -0.3900 0.8700 -1.1600 -0.2600 0.0144 -0.1489 -4.97 -1.37 8.34 210 191 196 189 136 
0.6102 0.1523 0.2249 -0.7442 102.44 -29.19 10.38 -5.77 -1.45 6.38 -2.4400 -0.5700 -3.2300 2.0789 -2.3244 -2.8544 -2.86 -0.98 9.32 208 262 246 254 185 
;
