0.7336 -0.2251 -0.5164 -0.3801 54.75 68.06 -9.63 9.04 0.67 3.67 -0.1200 0.0600 0.0600 -0.0067 0.0744 -0.0122 9.07 0.62 3.65 170 338 336 387 214 
0.7362 -0.2224 -0.5128 -0.3816 54.63 67.56 -9.63 9.04 0.69 3.70 -0.0600 0.0900 0.0400 -0.0033 0.0044 0.0022 9.06 0.63 3.69 170 337 337 388 213 
0.7378 -0.2220 -0.5127 -0.3788 53.63 68.50 -5.87 11.25 1.69 6.01 1.2800 2.2100 3.5900 -3.2167 -1.1411 1.7078 9.31 -1.38 2.74 165 313 318 298 193 
0.6606 -0.4681 -0.4840 -0.3319 54.25 68.00 87.50 12.30 -3.60 -0.45 2.1100 0.8800 -0.7700 -2.2311 -0.2278 2.9922 7.94 -5.69 -0.80 136 271 267 256 157 
0.6163 -0.6860 -0.2897 -0.2563 39.38 38.94 97.69 5.72 -4.18 -3.77 -0.5300 4.1400 -2.6000 0.2856 1.0222 4.2089 3.55 -9.12 -0.49 123 245 251 243 151 
0.6845 -0.7217 -0.0333 -0.0972 11.94 5.19 92.37 -3.69 -6.22 -0.14 -5.1500 3.0400 0.0700 -0.1333 -0.3756 1.7156 -0.71 -9.76 -0.49 125 254 268 254 159 
0.6924 -0.7192 0.0563 0.0121 356.69 -5.31 92.19 -3.56 -8.96 1.00 -2.6900 0.3000 1.1700 -0.8656 -1.7156 -1.2989 -0.10 -9.76 -0.86 131 261 269 260 167 
0.6461 -0.7480 -0.1404 0.0579 346.94 10.25 103.12 0.66 -6.43 -8.23 0.2300 1.8600 -5.4400 0.3789 -5.3067 -4.2300 3.51 -8.47 -3.47 126 260 267 261 167 
0.5166 -0.5991 -0.5908 0.1588 319.75 25.81 120.50 11.42 -6.43 -4.70 5.7000 0.7000 0.4200 0.7133 -1.0611 -0.7622 4.36 -7.41 -4.70 135 258 271 270 170 
0.4705 -0.4985 -0.6989 0.2042 314.25 27.25 121.87 4.79 -7.31 -3.42 1.1200 -0.0300 1.2300 -0.3856 0.5900 0.2222 4.52 -7.33 -4.67 135 267 272 270 171 
0.4810 -0.5350 -0.6748 0.1646 326.00 28.87 124.44 10.79 -5.11 -3.48 7.1400 1.5400 0.3700 -2.4522 3.7678 1.4667 5.28 -6.72 -4.79 138 265 271 269 173 
0.5338 -0.7015 -0.4722 0.0024 3.19 26.69 114.69 4.81 -5.35 -9.57 -0.7300 2.9000 -6.5100 -0.0367 4.9422 4.7378 2.36 -9.22 -2.34 145 265 272 274 175 
0.6385 -0.7679 -0.0138 -0.0486 5.69 0.50 98.06 -5.97 -7.88 -0.85 -5.4800 1.7600 0.6700 0.2600 1.0367 0.7222 -0.89 -9.72 -0.93 135 271 278 277 179 
0.6631 -0.7337 0.1425 -0.0414 7.00 -6.87 97.06 0.79 -9.48 -0.68 1.5500 -0.1800 0.2600 -0.1322 0.0167 -0.0078 -1.05 -9.65 -1.36 136 273 276 277 175 
0.6578 -0.7429 0.1199 -0.0327 4.87 -5.81 97.75 -4.89 -9.48 -1.32 -4.5500 0.7000 -0.1900 -0.3322 -3.0833 -2.0044 0.16 -9.68 -1.53 135 269 277 276 175 
0.6262 -0.7587 -0.1750 0.0402 346.56 13.75 105.69 1.76 -6.28 -8.36 -0.3200 2.2800 -4.8400 0.0989 -7.5189 -4.5389 3.42 -8.08 -4.37 129 257 278 273 177 
0.4535 -0.5677 -0.6590 0.1944 308.50 22.50 125.94 9.26 -6.52 -6.37 4.9800 0.9700 -0.6600 0.8456 -1.3111 -0.9778 3.83 -7.26 -5.35 138 255 281 280 181 
0.4203 -0.4602 -0.7440 0.2411 302.00 24.44 125.25 4.33 -6.60 -3.36 0.1100 1.0100 2.1000 -0.4856 0.8367 -0.3478 4.50 -7.04 -5.11 144 269 291 291 186 
0.4828 -0.4661 -0.7220 0.1680 330.87 36.88 123.19 5.62 -2.64 -2.37 0.1400 2.9400 0.2700 -0.2467 6.6533 -2.6378 8.53 -4.78 -0.71 157 302 300 298 188 
0.7809 -0.2908 -0.5198 -0.1882 32.13 64.12 14.63 12.33 0.51 4.70 4.8800 0.8800 0.2500 1.7489 0.2378 -2.4767 8.49 1.40 4.69 173 355 325 388 206 
;
