0.4197 -0.4656 -0.5215 -0.5789 107.62 77.94 -85.25 9.70 1.94 -0.01 -0.0300 0.0100 -0.2800 -0.1189 -0.1244 0.0489 9.60 1.96 0.05 226 375 361 332 248 
0.4180 -0.4767 -0.5214 -0.5711 107.81 78.62 -89.94 9.60 1.91 -0.29 -0.3100 -0.1200 -0.0500 -0.1756 -0.2400 0.0211 9.61 1.91 -0.16 216 361 352 345 245 
0.3879 -0.5209 -0.5013 -0.5718 113.19 80.62 -119.75 14.30 1.73 0.32 6.0800 -0.4800 1.3900 -3.2233 -2.4367 2.6822 9.60 -0.07 -1.99 143 272 273 255 170 
0.2958 -0.7504 -0.3137 -0.5010 113.37 65.19 145.37 10.73 -0.66 -6.23 2.2800 3.8900 -2.3900 0.7678 -1.1978 4.9578 6.81 -5.90 -3.85 142 262 254 246 162 
0.4717 -0.8339 -0.0469 -0.2825 49.56 23.25 114.94 1.12 -2.84 -4.48 -1.9400 6.4700 -0.7300 2.0222 0.2811 4.2644 0.91 -9.39 -2.64 145 269 263 255 169 
0.6252 -0.7485 0.1870 -0.1176 19.69 -7.37 98.87 -5.14 -6.39 -0.81 -3.1000 2.9200 0.8100 1.1389 0.4533 1.4244 -2.48 -9.45 -0.71 150 278 275 267 178 
0.6888 -0.6613 0.2844 -0.0858 13.19 -16.00 91.62 -5.02 -9.00 1.67 -4.0000 0.1400 1.8600 -0.7100 -1.6100 -0.8678 -2.10 -9.56 -0.47 153 280 280 276 184 
0.6718 -0.7319 0.1130 -0.0159 358.50 -3.44 98.06 -7.00 -5.29 -6.34 -5.7200 3.8200 -6.7800 -2.1789 -6.2189 -5.1556 1.89 -8.90 -3.64 154 282 285 281 187 
0.5084 -0.7475 -0.4219 0.0696 343.25 22.50 121.44 11.54 -3.41 -8.68 6.4300 3.7900 -1.2000 1.5233 -1.5189 -2.0711 4.67 -7.42 -4.37 158 288 286 287 189 
0.5147 -0.6036 -0.5994 0.1074 335.56 29.06 120.94 7.42 -5.68 -3.30 1.3100 1.1200 0.8700 -0.6111 0.2222 0.4567 4.60 -7.28 -4.67 161 289 290 289 195 
0.5057 -0.6256 -0.5873 0.0892 343.56 30.56 121.25 7.26 -4.65 -3.62 1.8100 3.5800 0.3400 1.2211 5.4422 -1.3000 6.62 -6.97 -1.92 203 376 361 417 258 
0.7201 -0.5089 -0.4495 -0.1426 36.63 54.69 68.56 9.91 -8.54 -3.64 -4.5600 -5.5300 -5.1500 -3.5878 6.0167 -0.6678 6.74 -5.52 4.49 129 211 223 218 151 
0.7259 -0.5134 -0.1879 -0.4174 59.88 46.25 54.88 11.40 -4.03 0.54 4.2300 1.6300 -2.2100 1.6900 -0.6822 -0.8089 7.81 -4.42 3.92 127 214 221 212 143 
0.7316 -0.4507 -0.3422 -0.3802 50.81 59.06 47.00 1.82 3.99 39.62 -10.5900 5.9500 37.0500 -1.3589 -3.4333 0.0556 9.00 -3.68 1.26 128 218 219 217 143 
0.6742 -0.5039 -0.4230 -0.3356 54.81 65.00 73.00 10.15 0.92 5.26 -1.1800 4.4700 2.2900 -2.9567 0.6356 -0.4089 8.95 -3.95 0.65 131 219 228 221 144 
0.5728 -0.5961 -0.3572 -0.4347 78.19 69.31 85.37 11.76 -2.95 -12.32 1.5700 -1.3900 -15.3500 2.8900 0.3656 -0.6856 9.36 -2.80 0.70 131 210 211 211 136 
0.5711 -0.5439 -0.4235 -0.4457 77.56 75.06 80.31 7.54 -4.63 -0.70 -3.4000 -2.0100 -2.3400 -1.3856 0.5667 0.3956 9.36 -2.78 0.78 137 226 231 230 163 
0.5372 -0.6018 -0.3533 -0.4737 85.00 71.37 95.37 4.77 -2.32 0.74 -2.3100 1.6300 0.0100 -2.1878 2.3089 -2.6900 9.67 -1.62 0.10 185 324 316 335 234 
0.4248 -0.5401 -0.3093 -0.6574 116.81 67.50 -3.69 10.38 1.75 2.66 2.5300 2.3500 -0.6300 1.3933 -0.6378 -0.3678 8.78 1.63 4.05 228 392 378 443 261 
;
