0.8008 -0.0582 -0.5395 -0.2533 35.06 63.25 -23.56 8.80 1.73 3.98 0.0000 0.0000 -0.0500 0.0122 0.0422 -0.0044 8.74 1.77 4.07 168 350 348 387 218 
0.8024 -0.0572 -0.5374 -0.2534 35.00 63.00 -23.44 8.80 1.71 3.98 0.0800 -0.0200 -0.0900 0.0144 0.0311 -0.0011 8.73 1.77 4.09 169 348 345 386 217 
0.8029 -0.0570 -0.5367 -0.2531 34.69 63.31 -22.19 11.29 2.69 6.34 1.4400 2.2300 3.9300 -2.6167 -0.6700 1.8444 9.04 -0.01 3.79 157 315 308 301 196 
0.7724 -0.2938 -0.5165 -0.2244 32.38 66.25 58.75 15.34 -1.53 2.00 3.9400 1.1400 -1.3900 -3.9278 -0.3656 3.3200 7.86 -5.84 0.36 126 250 255 248 162 
0.6688 -0.6203 -0.3834 -0.1447 19.44 37.88 96.94 4.79 -4.82 -4.94 -0.4400 3.7300 -3.7000 0.3289 0.4767 3.7833 3.32 -9.18 -0.84 120 235 245 240 155 
0.7016 -0.6957 -0.1519 0.0244 352.50 5.37 88.44 -3.27 -6.61 -0.13 -3.7600 3.0300 -0.2100 1.1456 0.7467 1.7689 -0.64 -9.71 1.14 125 248 250 245 162 
0.7521 -0.6530 0.0040 0.0898 346.44 -8.31 80.81 -2.88 -8.54 4.10 -1.1500 1.1200 2.6300 -0.5944 -0.2911 0.0200 -1.48 -9.60 1.31 129 251 253 254 166 
0.7349 -0.6696 -0.0087 0.1068 342.75 -6.50 85.12 -4.26 -9.09 0.89 -3.0100 0.7200 0.1800 -1.0544 -2.1300 -1.3722 0.02 -9.80 0.13 129 252 260 261 173 
0.6636 -0.6788 -0.2634 0.1720 324.69 10.31 97.50 -0.21 -8.05 -5.89 -1.3800 1.4300 -4.1500 -0.7856 -6.0611 -2.9233 2.79 -8.87 -3.10 128 251 259 264 175 
0.4473 -0.5020 -0.6740 0.3060 283.25 16.87 117.50 7.25 -7.64 -6.05 3.5400 0.7400 -0.5700 0.8756 -1.8656 -1.0611 2.84 -8.32 -4.33 131 255 265 277 179 
0.3629 -0.3513 -0.7740 0.3818 267.87 17.44 117.81 3.74 -7.96 -3.94 0.5500 0.2400 0.2900 -0.2267 0.2389 -0.0467 3.10 -8.19 -4.39 134 261 279 284 184 
0.3898 -0.3677 -0.7677 0.3513 280.69 21.37 119.00 6.53 -9.53 -0.30 3.1500 -2.2000 3.5800 -0.9689 2.3978 -0.7756 4.81 -7.40 -4.25 142 337 212 210 143 
0.5361 -0.4010 -0.7184 0.1891 332.25 44.06 112.44 8.23 -7.93 -7.58 1.9000 -3.1900 -4.6200 2.9667 1.7822 -1.6000 7.84 -5.86 -0.50 115 398 183 183 117 
0.7205 -0.2728 -0.6194 0.1510 333.69 53.81 75.75 6.99 -4.62 -0.43 -2.3900 1.4600 -1.5900 2.5100 1.0678 0.1167 7.70 -5.20 3.11 117 402 189 181 122 
0.7963 -0.1548 -0.5306 0.2458 324.81 49.25 50.06 6.85 -0.65 6.01 -0.3300 3.9100 1.4400 -0.5700 0.7256 0.3844 7.06 -5.13 4.46 117 396 194 188 122 
0.8363 -0.2126 -0.4604 0.2083 335.00 41.75 49.44 7.64 -4.21 4.39 1.6800 1.6200 -0.2500 -2.1978 1.5456 -0.0867 5.99 -6.27 4.56 119 403 197 194 127 
0.8449 -0.3632 -0.3818 0.0919 348.50 34.56 58.31 5.44 -9.37 1.25 -1.4500 -2.1700 -1.7500 -0.2600 1.2756 0.6300 4.63 -7.39 4.47 122 409 210 199 131 
0.8594 -0.4349 -0.2626 0.0577 352.81 21.75 57.56 0.00 -8.87 7.10 -3.6600 -1.0600 1.7700 0.2044 0.3144 0.1411 3.11 -7.79 5.07 128 398 215 206 136 
0.8617 -0.4648 -0.1992 0.0412 354.37 17.06 61.75 1.13 -5.97 4.40 -2.5000 2.5300 0.0700 -2.3900 0.9367 -0.1856 2.73 -8.88 3.12 148 343 221 221 146 
0.8145 -0.5524 -0.1706 -0.0488 13.94 24.06 64.50 -1.31 -2.34 -2.88 -4.5600 4.8300 -7.3300 3.5044 -0.1933 -5.2111 6.72 -4.32 5.67 166 327 278 300 187 
0.8530 -0.2268 -0.3711 -0.2886 38.31 51.69 4.69 14.34 3.72 9.24 6.4100 2.2000 3.0600 2.1600 -2.6222 -0.5044 8.43 0.98 4.90 173 358 333 392 210 
0.8113 -0.0885 -0.5079 -0.2755 37.25 60.25 -16.94 12.27 3.15 11.50 2.7500 1.0300 4.2900 -0.7633 -0.7889 0.1422 8.86 0.97 4.08 168 357 343 395 205 
;
0.7931 -0.1227 -0.5247 -0.2841 39.69 63.94 -14.56 8.10 0.53 4.49 -0.7300 -0.4900 0.1200 0.0200 -0.0989 -0.0267 8.84 1.10 4.09 166 355 342 394 206 
0.7911 -0.1176 -0.5278 -0.2859 39.69 64.50 -15.88 9.04 1.12 4.00 0.2200 0.0000 0.0500 -0.0156 -0.1622 0.0011 8.90 1.13 3.95 167 352 343 391 211 
0.7871 -0.1414 -0.5307 -0.2808 40.13 68.06 -3.31 13.89 1.55 7.95 7.1200 1.5300 4.2400 -3.0500 -2.4544 2.4267 9.38 -2.04 1.97 164 338 288 273 179 
0.7175 -0.4379 -0.4860 -0.2394 33.31 58.06 78.56 11.42 -2.29 -3.14 3.4100 3.9300 -4.5600 -1.3511 1.3589 5.2511 5.74 -7.90 0.82 150 267 275 277 175 
0.7346 -0.6417 -0.2116 -0.0615 5.44 15.88 84.31 -0.98 -4.55 -1.88 -2.7500 4.5000 -2.5000 0.1567 1.9956 3.4722 -0.12 -9.73 1.14 134 229 264 251 157 
0.7489 -0.6591 0.0499 0.0477 351.25 -11.00 82.12 -4.76 -8.32 2.92 -3.0800 0.8600 1.9800 0.2289 0.6556 0.7422 -2.65 -9.33 1.39 138 233 259 250 157 
0.7490 -0.6497 0.1087 0.0721 347.81 -13.56 82.56 -3.99 -9.11 1.62 -2.1400 0.5300 0.0500 -0.7433 -2.5056 -1.2578 -1.16 -9.68 0.99 138 236 261 254 162 
0.7241 -0.6694 -0.1109 0.1233 337.19 4.37 87.12 -1.81 -8.93 -3.24 -2.7500 1.0300 -4.1400 -0.7567 -7.1267 -2.9233 2.68 -9.38 -0.96 139 235 257 266 166 
0.5692 -0.5505 -0.5516 0.2621 302.56 21.06 107.75 5.85 -7.57 -6.22 2.8900 1.1300 -2.7700 0.5167 -3.5478 -1.6656 3.69 -8.20 -3.91 144 241 265 274 170 
0.4053 -0.3492 -0.7666 0.3551 276.69 21.87 116.81 6.00 -7.33 -2.80 1.9600 0.7600 1.2200 -0.0356 0.7200 0.1467 3.76 -8.14 -3.95 146 258 271 276 175 
0.4458 -0.3705 -0.7455 0.3289 293.69 27.37 113.87 8.22 -11.43 -2.91 0.6200 -3.7400 -0.6500 0.2322 4.4567 -1.9522 6.38 -7.21 -1.81 141 360 196 215 149 
0.6737 -0.3522 -0.6314 0.1529 336.37 50.00 86.25 6.95 -5.33 -1.50 -0.1800 1.0700 -2.8000 1.6844 1.7433 -0.4267 7.68 -5.69 2.17 117 387 191 206 138 
0.7880 -0.2380 -0.5419 0.1700 334.56 49.50 58.94 7.28 -1.70 4.70 0.1300 3.5400 0.8800 -0.2833 0.9122 0.5522 6.99 -5.73 3.79 119 383 196 211 141 
0.8242 -0.2843 -0.4626 0.1611 341.19 39.75 56.50 7.90 -4.76 2.39 3.2300 1.4300 -2.1600 -2.3100 3.2589 0.5811 5.20 -7.13 4.26 127 387 205 217 145 
0.8486 -0.4706 -0.2409 0.0193 2.12 15.94 62.19 -0.23 -9.65 -0.85 -3.3500 -1.0200 -4.2900 -1.5178 4.7133 2.0044 -0.28 -9.04 3.76 126 388 225 227 152 
0.8203 -0.5565 0.1211 -0.0522 7.19 -9.44 69.75 -6.00 -10.52 3.04 -4.4300 -1.2400 0.2700 -0.2278 1.5233 0.1489 -2.22 -9.10 2.89 132 390 230 232 154 
0.7999 -0.5699 0.1767 -0.0640 7.00 -11.13 73.19 -4.66 -6.76 1.55 -3.8100 2.7000 -2.0900 -0.1044 -1.2500 -2.7578 -0.09 -9.40 2.76 141 329 233 249 167 
0.8091 -0.5678 -0.0312 -0.1483 26.25 21.06 63.38 3.06 -1.57 -1.84 -0.5300 5.4800 -6.3900 4.8056 -1.4811 -5.0478 6.87 -3.95 5.75 161 316 292 307 190 
0.8262 -0.2518 -0.4033 -0.3021 39.25 60.00 8.44 18.44 2.45 9.83 8.1600 1.5800 3.8000 1.3711 -0.7389 -0.4644 8.81 0.45 4.26 168 335 341 402 210 
;
