0.6663 -0.2268 -0.3768 -0.6022 84.19 50.81 -13.88 7.51 1.50 6.03 -0.0700 -0.0200 0.0900 -0.0089 0.0056 0.0022 7.60 1.48 6.01 230 365 370 441 263 
0.6663 -0.2267 -0.3768 -0.6022 84.19 50.81 -13.88 7.53 1.47 6.08 -0.0700 -0.0100 0.0600 -0.0067 0.0111 0.0000 7.59 1.48 6.01 230 364 369 438 263 
0.6672 -0.2266 -0.3758 -0.6019 83.81 50.69 -13.13 8.00 1.90 7.20 0.2200 0.9500 2.1400 -0.7478 -1.0733 0.5556 7.97 0.88 5.64 225 370 354 332 229 
0.6340 -0.3477 -0.3713 -0.5825 87.62 67.00 11.06 13.53 0.38 5.29 5.7300 1.3000 2.1700 -4.1356 -2.0867 1.7556 9.39 -2.49 1.31 214 355 279 250 187 
0.4902 -0.6583 -0.2527 -0.5123 89.25 61.50 98.69 10.51 -3.03 -3.43 0.1900 2.4100 -2.2000 -0.6000 -0.4333 3.9478 6.63 -7.05 -1.53 196 282 237 230 172 
0.5601 -0.7629 -0.0394 -0.3206 52.75 26.31 99.56 -0.01 -5.44 -2.29 -4.2400 3.6600 -0.1900 0.6800 -0.0856 2.6511 2.34 -9.47 -0.96 195 281 251 246 180 
0.6476 -0.7318 0.0907 -0.1921 30.31 7.87 94.81 -1.18 -7.52 -0.53 -2.0200 1.9100 0.4600 -0.0867 -0.6156 0.0600 1.13 -9.70 -0.87 203 292 260 253 184 
0.6545 -0.7378 0.0727 -0.1483 24.87 7.69 96.37 0.66 -8.97 -0.52 -0.6100 0.3200 0.7700 -0.7311 -2.1678 -0.7233 1.65 -9.47 -1.90 202 295 263 257 188 
0.6043 -0.7893 -0.0974 -0.0485 4.62 12.13 108.62 -0.45 -8.04 -4.64 -3.0300 0.9100 -1.4800 -0.7400 -4.1000 -2.1433 2.41 -8.50 -4.25 203 299 265 268 194 
0.4832 -0.7662 -0.4107 0.1037 320.44 11.75 124.06 5.35 -6.17 -8.36 3.7900 1.8900 -0.9400 0.5611 -3.0111 -1.4989 1.35 -7.93 -5.60 204 301 270 268 195 
0.3622 -0.6185 -0.6369 0.2840 280.75 5.56 125.31 3.62 -7.44 -5.57 2.3700 0.9300 0.2200 0.0244 0.3200 0.1144 0.92 -8.01 -5.58 206 304 269 269 198 
0.3677 -0.6205 -0.6326 0.2819 288.37 7.62 125.44 2.88 -6.08 -4.23 2.0800 2.4700 1.6700 -0.3678 1.6678 -0.2278 2.03 -7.73 -5.67 205 324 288 282 207 
0.4229 -0.6552 -0.5996 0.1801 324.31 19.69 126.06 7.82 -5.96 -4.34 4.3600 1.3200 -0.2000 -1.3589 7.9778 -1.3944 6.79 -6.42 -2.93 231 306 291 280 202 
0.6613 -0.5881 -0.2791 -0.3728 73.69 42.75 47.00 2.21 -7.70 -1.27 -6.0400 -0.9300 -6.7900 1.0311 10.8611 0.8122 -0.45 -4.58 8.65 238 217 192 223 150 
0.7079 -0.0580 0.2485 -0.6586 82.19 -23.56 21.00 0.87 -0.83 7.20 3.2400 2.1800 -0.7700 1.5389 1.1689 4.2644 -5.40 -0.84 8.13 237 208 194 212 142 
0.8331 0.1586 0.2585 -0.4625 54.38 -34.69 -5.44 -12.28 -0.20 12.44 -6.3900 -1.6600 4.8500 -0.3844 -0.2744 -0.5322 -5.47 0.67 8.10 238 217 207 216 144 
0.8389 0.1393 0.2534 -0.4612 59.31 -33.44 2.69 -3.59 -0.28 7.69 1.7900 0.0700 -0.6500 -0.2756 -1.0633 -1.5522 -4.83 -1.22 8.44 237 221 212 218 149 
;
0.7974 0.0283 0.1951 -0.5704 76.87 -10.88 9.38 -0.39 1.72 6.52 0.3000 2.5500 -3.3800 2.2144 -8.4044 -2.6456 3.71 0.25 9.07 243 306 274 261 187 
0.6656 -0.2155 -0.2519 -0.6686 90.12 46.81 -4.69 8.06 0.05 6.41 0.3600 -0.6000 0.4200 0.4511 -3.8589 0.3678 8.88 0.60 4.10 249 365 333 361 234 
0.5713 -0.3947 -0.4484 -0.5629 89.69 75.31 -12.94 13.76 1.95 6.62 5.1100 1.1000 5.7100 -1.2544 -0.2011 0.5256 9.54 0.16 2.23 247 378 346 358 238 
0.5374 -0.4861 -0.4039 -0.5583 92.12 75.19 41.94 15.78 -0.88 2.80 4.6400 1.4800 -0.6000 -3.5100 -0.3211 4.7500 8.29 -5.14 0.91 227 348 318 296 213 
0.5549 -0.6994 -0.0455 -0.4482 71.37 33.00 91.06 0.87 -1.78 -4.18 -4.8600 6.2700 -3.6400 -0.5833 -0.5022 5.3233 1.17 -9.70 -0.77 190 266 251 243 170 
0.6333 -0.6888 0.2637 -0.2342 38.38 -2.69 94.87 -2.14 -6.59 -0.14 -1.3200 2.8000 0.9500 -0.4956 -0.0956 0.1467 -0.74 -9.72 -1.01 198 281 263 257 180 
0.6231 -0.7080 0.2675 -0.1974 33.75 -1.69 99.87 -2.56 -8.45 -2.64 -4.3500 1.2300 -0.7300 -0.9400 -3.5622 -2.6511 1.05 -9.38 -2.65 198 282 268 262 183 
0.5616 -0.8204 -0.0660 -0.0849 7.56 14.75 115.75 1.70 -6.48 -10.00 0.0000 0.7700 -5.3500 0.8322 -7.4767 -4.1978 2.36 -7.84 -5.38 203 285 273 273 187 
0.4052 -0.6867 -0.5693 0.2005 298.81 9.56 126.75 6.67 -6.42 -5.96 4.2100 1.6200 1.5300 0.2767 -0.4478 -0.1244 1.40 -7.95 -5.55 209 289 275 277 191 
0.3864 -0.6331 -0.6180 0.2608 293.69 9.00 125.06 3.07 -6.70 -4.56 2.3200 1.3500 1.4000 -0.3400 1.2878 -0.3333 2.27 -7.72 -5.59 214 309 295 296 207 
0.4385 -0.6640 -0.5821 0.1671 331.50 20.50 125.25 12.18 -5.76 -4.06 4.9600 2.3500 -3.9300 -1.9178 14.4400 -0.2922 6.72 -7.00 -1.36 240 258 250 253 169 
0.6807 -0.5035 -0.0533 -0.5294 83.94 16.56 37.69 1.13 -2.37 -4.93 -2.7600 5.6600 -6.4700 2.0278 6.3022 4.0267 -4.54 -3.56 7.92 236 210 205 208 136 
0.7662 0.1234 0.3136 -0.5471 65.62 -38.88 3.19 -6.09 0.74 8.88 -1.9900 0.3100 2.0300 1.2256 -0.6511 2.4444 -5.69 1.43 7.85 240 221 214 215 140 
0.8353 0.2094 0.2137 -0.4611 59.56 -33.00 -9.19 -8.94 0.65 11.78 -2.3600 -0.2200 2.6300 -0.2322 -0.5489 -1.7522 -5.12 0.24 8.35 243 226 214 219 147 
0.7895 0.1525 0.2198 -0.5524 70.12 -30.56 0.50 -4.49 -0.54 10.75 0.0700 -0.4700 1.9500 -0.5089 -0.9267 -0.7733 -4.48 -0.58 8.70 241 244 236 232 156 
;
0.7714 0.0581 0.1573 -0.6138 80.50 -10.25 6.44 -1.01 -0.24 6.65 0.2600 2.0900 -5.9400 0.2856 -10.4311 -3.0333 5.83 -0.31 7.87 250 356 319 319 219 
0.5860 -0.3718 -0.3652 -0.6205 92.87 73.56 -4.31 9.92 -0.28 2.41 0.8600 -0.4800 1.4900 1.1389 -1.2356 -0.2178 9.68 0.43 1.46 252 373 344 364 239 
0.5485 -0.4080 -0.4747 -0.5544 91.12 76.25 -24.50 13.01 2.13 5.13 4.9000 1.1000 4.0600 -0.0311 -0.1289 -0.0989 9.57 1.05 1.85 247 382 346 362 240 
0.5184 -0.4499 -0.4824 -0.5443 92.62 84.19 0.19 20.70 1.53 3.68 10.0600 2.1700 2.2900 -3.9100 1.4100 4.4333 9.20 -3.15 1.17 232 368 341 329 232 
0.5527 -0.6578 -0.1610 -0.4857 76.37 45.13 85.19 5.15 -1.74 -4.43 -1.2700 6.1800 -4.4300 0.0833 1.1589 6.2700 3.07 -9.28 0.69 212 304 294 283 201 
0.6802 -0.6437 0.2051 -0.2843 40.00 0.06 85.00 -4.48 -4.55 1.04 -4.2000 4.4400 -0.0600 -0.6744 0.2578 0.7356 -0.93 -9.75 0.44 213 314 300 292 206 
0.6758 -0.6606 0.2559 -0.2037 32.38 -3.06 92.56 -3.31 -7.77 -1.35 -2.2800 1.5200 -0.3900 -1.6311 -2.4833 -2.0967 0.83 -9.59 -1.84 213 308 296 292 203 
0.5925 -0.7975 -0.0030 -0.1138 15.75 13.63 109.37 0.29 -7.33 -7.37 -1.8200 1.1700 -3.8900 -0.3678 -7.7633 -4.3167 2.56 -8.06 -4.95 212 306 295 291 203 
0.4200 -0.7178 -0.5332 0.1550 306.87 11.25 129.94 7.29 -6.90 -10.47 3.7100 0.5200 -2.6800 1.6256 -1.2456 -0.7033 1.77 -7.81 -5.65 217 314 303 302 211 
0.3818 -0.6029 -0.6501 0.2611 291.06 10.31 125.94 2.95 -6.84 -5.99 1.4400 0.6900 -0.5200 -0.5844 1.0267 -0.1156 2.14 -7.57 -5.84 218 322 311 312 218 
0.4071 -0.6301 -0.6328 0.1920 317.12 18.12 128.31 10.10 -4.86 -2.32 7.7800 1.3900 2.5100 -2.3289 6.6489 0.5111 5.35 -6.61 -4.87 216 271 260 258 176 
0.5741 -0.7134 -0.3208 -0.2418 63.63 47.63 87.19 7.00 -10.72 -12.83 1.2600 0.5700 -14.5600 1.1389 14.3078 2.2633 2.27 -6.83 6.65 239 202 204 215 142 
0.6731 -0.1407 0.3281 -0.6477 83.69 -25.50 34.19 -4.12 -0.74 5.80 3.7100 4.1300 -0.4300 1.9600 0.9267 3.5644 -6.12 -2.02 7.38 241 208 208 216 145 
0.8072 0.1665 0.2945 -0.4837 59.13 -39.63 -1.94 -14.67 -0.47 13.31 -9.0900 -2.7000 5.1100 -0.0344 -0.7822 -0.0933 -5.85 0.58 7.84 240 208 212 219 148 
0.8301 0.1564 0.2670 -0.4638 59.56 -35.50 0.75 -5.14 -0.59 8.16 0.5100 -0.1600 0.3500 -0.2767 -0.3411 -0.7211 -5.49 -0.59 8.09 247 223 224 234 162 
;
