0.6716 0.2827 -0.0673 0.6816 269.12 28.81 -18.94 4.72 2.84 8.17 -0.1800 0.1700 0.0800 -0.4867 -0.6656 0.1867 5.04 2.51 8.02 168 309 297 279 193 
0.6716 0.2855 -0.1279 0.6716 270.56 35.56 -13.19 8.63 2.28 9.23 3.2000 -0.0200 -0.3700 -1.3367 -0.7011 0.3078 6.31 0.90 7.44 153 268 227 212 153 
0.6590 0.2925 -0.2749 0.6361 270.12 54.56 0.69 18.91 -2.37 10.72 4.8700 -3.3300 4.9400 -2.1389 -1.5000 3.7989 8.27 -2.84 4.42 113 249 218 209 150 
0.4776 0.1647 -0.5281 0.6826 243.81 40.25 66.44 8.17 -0.98 4.76 1.0000 6.9300 1.9000 -3.5767 -1.9744 4.6178 3.64 -9.10 0.05 108 227 212 207 150 
0.1646 -0.0615 -0.7628 0.6223 199.81 3.31 105.00 -4.15 -3.09 -3.00 -3.8600 5.2600 -0.3300 -1.4678 -1.8556 2.1611 -1.89 -8.87 -3.71 110 232 216 218 152 
-0.0728 -0.1223 -0.8182 0.5570 163.44 -15.50 111.69 -3.86 -7.84 -1.36 -1.4400 0.2400 2.7300 0.2233 -0.0644 -0.3856 -2.36 -8.91 -3.34 114 232 221 226 166 
-0.0749 -0.0776 -0.8129 0.5723 164.00 -10.88 109.12 -8.41 -7.25 -5.25 -7.3500 3.2300 -2.6900 0.3578 -5.4589 -5.0122 0.49 -9.41 -2.68 119 233 227 241 182 
-0.1852 0.4594 -0.6758 0.5459 133.31 19.62 115.69 5.82 -1.43 -16.67 4.1100 6.2000 -11.5200 1.7600 -9.0489 -5.2244 3.21 -7.33 -5.65 123 240 234 256 195 
-0.3683 0.8456 -0.2498 0.2949 72.00 17.75 123.56 7.39 -6.89 -0.15 1.9800 -0.7600 4.2600 -0.3878 1.2256 0.3333 3.30 -7.86 -4.82 127 235 239 266 196 
-0.3715 0.8196 -0.2689 0.3434 88.69 22.19 121.37 5.48 -5.15 -2.45 1.7100 2.8200 2.7500 -0.6622 2.5033 0.3833 4.41 -7.63 -4.29 142 250 246 272 192 
-0.2316 0.7005 -0.4011 0.5430 153.87 41.75 101.94 3.06 -4.19 -3.62 -4.6600 2.3600 -4.1600 2.0922 10.5633 -4.8222 7.27 -4.59 4.70 170 289 281 286 200 
0.2655 0.3240 -0.1233 0.8997 222.50 33.38 -18.37 7.05 13.38 8.37 2.9700 7.1000 2.6800 4.6678 3.1000 -6.6056 0.97 7.68 6.00 196 351 329 302 162 
0.4951 0.3105 0.2202 0.7809 247.37 21.00 -38.19 10.56 4.30 9.28 6.1100 -0.4800 3.5200 -1.6667 -0.8189 1.7122 4.64 4.63 7.28 192 344 327 336 211 
0.5181 0.3915 -0.0412 0.7593 248.00 51.75 -21.00 20.15 4.65 9.58 9.2900 4.7400 2.9400 -4.7611 -3.7011 5.1922 9.15 -2.43 2.54 150 246 251 260 187 
0.2576 0.3854 -0.5702 0.6783 206.87 40.31 89.12 -0.61 2.56 -1.88 -5.6400 10.2900 -1.8000 -1.0011 1.1656 6.7856 1.37 -9.70 -0.29 133 226 226 225 164 
-0.0692 0.0431 -0.7281 0.6806 164.50 -5.37 94.62 -5.43 -7.03 2.68 -3.1600 1.7800 2.3900 -0.9133 -1.8844 -0.3356 -1.12 -9.63 -1.42 136 229 219 217 158 
-0.1470 0.1041 -0.7560 0.6293 153.19 -4.56 100.19 -5.12 -9.53 -1.96 -5.9200 -0.1400 -0.3100 -0.6267 -1.6933 -2.1300 0.46 -9.53 -2.22 141 229 228 234 165 
-0.1608 0.3727 -0.7053 0.5811 144.50 18.56 109.19 3.56 -2.65 -14.57 2.1900 5.5100 -10.8500 2.6478 -10.5322 -5.7544 3.98 -7.61 -4.71 155 236 229 239 183 
-0.3668 0.8271 -0.2389 0.3526 82.06 24.06 122.62 13.02 -5.45 -3.56 7.6700 2.3700 1.0200 0.1678 1.8178 0.8278 4.06 -7.67 -4.55 160 247 254 258 196 
-0.3688 0.8101 -0.2452 0.3842 98.81 27.06 117.69 14.09 -3.75 -0.48 13.8200 3.3200 1.4700 -3.4056 5.8167 1.8167 4.97 -7.52 -3.84 169 323 292 321 210 
-0.1607 0.6345 -0.5677 0.4994 145.25 20.19 121.31 9.07 1.91 -19.65 1.4400 12.6200 -12.9700 -1.5500 8.4022 9.5133 -0.16 -8.41 -5.03 175 330 322 349 213 
-0.0563 -0.0665 -0.8964 0.4345 160.19 -12.88 130.81 -10.04 -2.03 -12.00 -6.2700 6.4100 -2.3800 2.9333 0.9356 0.9622 -2.79 -8.06 -4.82 182 337 337 368 215 
-0.0121 -0.1860 -0.8096 0.5566 183.31 -9.31 105.69 2.18 2.30 -19.55 5.3000 13.6600 -18.2000 12.2322 -1.4411 -3.7978 1.26 -7.63 6.02 175 317 334 385 224 
0.1675 0.0705 -0.0962 0.9786 199.75 3.62 -11.88 -4.95 33.79 16.63 2.2100 28.9100 10.6000 5.6856 -2.2922 1.9256 1.83 6.73 6.89 181 405 362 414 227 
0.0793 0.2178 0.3342 0.9135 189.87 21.19 -40.50 1.28 5.95 8.64 -1.4100 0.5000 0.7800 -2.2256 -2.3856 0.4778 4.41 4.85 7.28 185 390 367 406 229 
0.1211 0.2917 0.1795 0.9317 195.25 30.50 -25.12 3.51 3.47 6.31 -1.4000 0.0300 -1.6400 -1.0578 -1.0244 -0.0089 5.45 2.85 7.63 187 384 352 374 227 
0.1587 0.3107 0.0995 0.9318 201.25 32.81 -20.31 1.55 5.04 10.22 -3.6700 2.1100 2.7900 -1.5044 -1.3256 -2.1522 5.57 3.00 7.48 192 365 349 366 225 
;
