0.3248 0.0785 0.0580 0.9407 218.06 6.31 -9.19 1.11 1.54 9.63 -0.2200 0.0400 0.1300 -0.2722 -0.2678 0.2078 1.23 1.38 9.63 169 361 336 369 211 
0.3094 0.0983 0.0178 0.9457 215.12 13.81 -2.56 2.25 0.75 11.41 -0.3600 1.2000 4.0000 -1.5856 -5.2833 -0.2711 5.38 -0.54 8.17 126 283 271 272 189 
0.2925 0.4269 -0.2030 0.8312 218.62 68.12 18.81 15.68 -0.92 -0.71 6.5400 0.8200 -2.2600 0.8089 -8.4778 2.5767 8.81 -3.20 -2.85 112 220 219 222 140 
-0.0607 0.7430 -0.4152 0.5214 148.94 37.69 126.19 1.29 -1.34 -1.85 -4.1000 5.5500 2.0600 2.4278 -2.5656 3.4400 3.09 -8.31 -4.17 114 224 220 227 139 
-0.3763 0.6521 -0.4992 0.4289 93.81 6.62 108.06 -5.65 -6.77 0.16 -5.2600 1.6700 2.7700 0.7322 -0.5900 0.7367 0.15 -9.51 -2.37 120 237 234 242 152 
-0.4474 0.5692 -0.5400 0.4293 88.31 0.88 104.06 -2.92 -9.58 -0.93 -3.1600 0.1300 0.6100 -0.8433 -1.7867 -1.6044 0.94 -9.27 -3.04 124 240 238 245 157 
-0.4402 0.7381 -0.3751 0.3475 66.69 13.69 116.37 0.61 -3.00 -13.50 -1.0100 5.4300 -9.0900 0.9211 -9.4656 -5.7956 2.48 -7.61 -5.65 126 240 235 247 159 
-0.4552 0.8658 0.2021 0.0469 7.25 16.19 126.00 9.16 -5.69 -2.72 6.4800 1.2200 3.5100 -0.3478 0.4944 -0.4378 3.22 -7.47 -5.46 127 242 244 257 169 
-0.4633 0.8488 0.2410 0.0821 25.25 22.50 127.06 5.09 -5.93 -4.78 2.5600 1.8700 1.7200 -0.5211 2.7578 -0.1056 4.70 -6.98 -5.02 145 260 261 270 175 
-0.4646 0.8303 0.1389 0.2748 69.69 38.94 118.94 15.06 -11.58 -12.24 -3.1800 0.5700 -11.4600 2.3444 10.9744 -1.9278 7.24 -6.31 1.94 211 179 187 196 119 
-0.4815 0.5922 0.0549 0.6437 105.37 61.00 54.69 -4.99 4.99 1.68 -8.9700 8.8400 2.6100 -0.1811 -2.3078 -5.4178 9.78 -0.30 0.63 214 184 191 202 123 
-0.2771 0.6187 0.3949 0.6201 136.62 77.25 -118.56 23.11 3.62 -2.06 7.8400 1.3000 0.9000 -0.1644 -0.0533 0.5167 9.58 1.73 -1.15 210 191 194 204 126 
-0.2492 0.6360 0.3790 0.6243 136.37 80.31 -118.81 7.84 2.64 -0.73 -1.9900 1.5000 0.1600 -0.9933 -0.0178 0.2933 9.70 1.25 -0.62 209 197 199 208 137 
-0.2221 0.6465 0.3122 0.6597 146.62 81.44 -71.37 9.36 5.32 3.31 -0.0900 3.7100 2.4400 -1.7933 6.4389 -2.9978 8.21 2.73 4.60 216 357 316 345 222 
-0.0630 0.2774 0.2340 0.9297 181.19 20.81 -27.37 1.04 2.59 4.48 -0.4200 -1.1900 -4.9100 -2.4189 3.3722 -5.2989 -0.67 3.27 9.21 211 398 345 369 215 
;
