-0.5028 0.3821 0.5892 0.5040 90.19 77.81 -86.12 9.56 2.13 0.12 -0.1700 0.0100 0.0500 -0.0867 -0.0411 -0.0078 9.58 2.05 0.13 237 398 393 423 270 
-0.5005 0.3849 0.5875 0.5062 90.75 77.87 -86.37 9.61 2.16 0.05 0.0400 0.1700 0.0100 -0.2722 -0.1200 0.1622 9.60 1.96 0.08 251 379 368 408 268 
-0.4860 0.4288 0.5612 0.5148 96.19 83.81 -6.12 14.49 4.18 4.35 6.5400 3.8000 2.9200 -5.3000 -1.0644 2.2533 9.78 -0.54 -0.43 211 327 335 303 225 
-0.3885 0.6620 0.2570 0.5872 112.12 71.00 93.44 12.37 -0.09 -4.33 2.6500 4.5900 -4.1400 -1.8889 1.1967 5.8433 7.27 -6.57 -0.24 175 273 287 273 206 
-0.5034 0.6954 -0.1671 0.4848 79.87 20.06 91.37 -2.98 -4.02 -2.59 -5.1500 4.7300 -1.6800 -0.1511 0.7922 4.2800 -0.04 -9.80 -0.34 169 263 277 265 196 
-0.6062 0.5861 -0.4258 0.3281 55.63 -8.56 92.94 -4.02 -7.55 -0.27 -1.9400 1.6000 -0.0500 -0.4278 -0.8756 -0.2622 -1.53 -9.66 -0.65 175 273 288 278 204 
-0.6142 0.6290 -0.3854 0.2804 46.44 -4.87 96.25 -6.20 -7.50 -5.35 -6.5700 2.6200 -5.3500 -1.2911 -6.4322 -3.5567 0.98 -9.51 -2.17 177 271 287 277 205 
-0.5820 0.8061 0.0768 0.0744 6.50 15.56 112.81 3.28 -3.88 -11.36 4.1800 5.6700 -7.2000 0.3122 -4.5856 -4.4733 3.84 -7.66 -4.75 173 281 293 291 213 
-0.5046 0.6990 0.5038 -0.0533 346.06 26.69 123.00 7.48 -5.54 -4.48 1.8600 1.9000 0.7400 0.2678 -1.0289 -0.8656 4.54 -7.14 -4.94 180 284 304 301 219 
-0.4854 0.6402 0.5901 -0.0791 341.50 28.62 126.19 5.83 -3.77 -2.64 1.1600 4.6000 3.3300 0.2500 0.7322 -0.8456 5.43 -6.63 -4.75 203 318 333 328 236 
-0.5233 0.6136 0.5911 0.0203 18.94 45.31 124.31 16.45 0.24 -6.39 9.5200 5.3400 -4.1000 -3.8844 7.9144 -0.1211 8.36 -5.01 -1.02 240 406 379 437 273 
-0.5757 0.6589 0.2112 0.4356 82.62 47.75 78.31 12.30 -4.78 -6.15 5.5700 3.3100 -8.5600 -5.8689 4.2211 4.4544 4.35 -8.77 0.42 242 425 387 473 278 
-0.4405 0.5898 -0.4431 0.5116 98.62 4.81 101.56 -4.85 -1.39 -10.67 -5.4900 7.1400 -8.8900 -2.4400 0.8044 2.1878 -1.24 -8.75 -4.24 234 415 387 466 271 
-0.4066 0.5052 -0.6563 0.3856 87.56 -7.00 105.19 -1.26 0.35 -11.88 0.1200 10.5500 -10.3300 8.9856 -1.6589 -2.4689 0.44 -9.24 3.23 234 398 384 456 270 
-0.6261 0.3076 -0.1877 0.6915 96.87 12.44 22.12 6.24 16.49 9.11 -0.7800 19.0400 9.1200 8.5022 -1.1689 0.6889 2.42 2.75 9.09 249 431 403 457 276 
-0.6599 0.0020 0.2645 0.7032 94.81 23.87 -23.62 7.74 5.76 13.53 2.3900 1.4200 3.6500 -0.7900 -0.9100 -0.1378 4.56 3.22 8.05 239 425 402 459 274 
-0.6186 0.0972 0.2926 0.7227 99.69 31.69 -19.69 4.82 2.84 4.81 -0.3200 -0.0300 -3.4000 -0.3167 -1.6033 -0.2133 6.04 2.67 7.24 239 422 400 459 273 
-0.5783 0.1652 0.3256 0.7296 103.56 35.56 -20.31 2.74 1.32 9.55 -0.6700 -0.9600 2.6200 -1.0044 -1.2000 -0.7756 5.86 2.51 7.44 240 417 383 476 273 
;
