-0.0647 0.1624 0.2048 0.9631 172.31 19.75 -23.50 3.06 3.24 8.82 0.1700 0.0200 0.7200 0.1078 -0.5356 0.2744 3.75 3.61 8.30 194 357 337 392 229 
-0.0654 0.2208 0.1980 0.9528 173.00 31.06 -21.50 9.06 4.83 11.11 7.1900 2.7500 2.0400 -2.5056 -4.8256 1.5056 7.60 0.98 6.11 137 252 232 236 191 
-0.0486 0.4977 0.0179 0.8658 171.56 65.94 13.25 13.15 -0.91 3.87 2.5700 0.8800 0.7100 -0.3811 -3.8089 3.4067 9.07 -3.61 0.88 128 237 235 242 186 
-0.2275 0.6965 -0.1475 0.6644 131.12 51.25 96.75 5.46 -2.23 -0.23 -2.4000 4.7100 0.5800 0.4256 -1.1411 4.8311 4.44 -8.65 -1.25 135 248 243 248 191 
-0.4717 0.6675 -0.3466 0.4602 83.31 12.19 97.81 -2.54 -6.30 -0.53 -3.5600 3.0000 0.8600 0.0167 -0.3089 1.3956 0.81 -9.68 -1.33 172 285 282 289 229 
-0.5243 0.6398 -0.4140 0.3801 71.06 3.12 100.50 0.26 -9.08 -1.46 -0.4000 0.5800 -0.1900 -0.2800 -1.1678 -0.3344 0.63 -9.55 -2.11 177 285 284 290 226 
-0.5373 0.7147 -0.3242 0.3090 55.56 7.12 103.94 -2.63 -6.38 -5.20 -4.2600 2.7100 -4.6600 0.1344 -9.0022 -5.1456 2.96 -8.49 -3.90 139 247 250 257 189 
-0.5006 0.8308 0.2363 0.0573 5.69 20.06 124.37 4.90 -4.47 -10.72 4.2400 2.9200 -4.3100 1.2944 -4.6033 -2.8211 3.14 -7.28 -5.76 146 254 259 269 195 
-0.4377 0.7063 0.5436 -0.1180 326.69 17.75 128.87 6.97 -6.73 -4.29 1.7300 0.7200 0.7100 -0.1767 0.5511 0.0244 3.21 -7.15 -5.88 140 251 257 270 195 
-0.4374 0.7020 0.5543 -0.0932 338.56 21.37 130.00 6.18 -5.01 -2.31 2.6600 2.2800 4.0100 -0.5433 1.0922 0.6467 3.92 -6.85 -5.80 161 272 277 288 199 
-0.4528 0.7498 0.4824 0.0042 10.75 28.94 132.81 1.23 0.71 -2.00 -3.6100 6.8900 4.5800 -3.8100 1.0000 -1.7044 5.84 -4.22 -6.64 225 323 317 324 241 
-0.2483 0.8165 0.4739 0.2169 123.44 32.31 179.12 4.73 2.43 -23.25 1.2800 1.1400 -14.3400 -3.5811 -1.3900 0.8633 3.52 2.86 -8.69 208 297 269 301 209 
0.1043 0.8882 0.3827 0.2317 134.00 18.69 -156.06 5.33 2.61 -10.33 2.4300 -1.0400 -1.6100 -0.5022 -0.6467 0.2422 2.80 4.09 -8.45 227 336 298 339 243 
0.1575 0.8956 0.3542 0.2184 137.06 16.25 -152.81 4.43 3.91 -11.67 1.9600 -0.7600 -3.5900 0.5544 0.0456 0.3156 2.96 3.92 -8.48 222 335 302 338 234 
0.1064 0.9132 0.3344 0.2072 141.12 18.44 -164.00 7.00 2.98 -17.01 3.0700 0.3800 -7.8000 4.0267 0.4222 2.1200 3.52 -0.45 -9.13 233 410 352 406 252 
-0.2475 0.9211 0.2491 0.1679 52.44 30.94 137.00 3.76 0.21 0.61 -6.4100 7.5500 2.7300 4.0122 1.7022 2.0856 4.93 -8.25 -1.91 241 454 410 465 265 
-0.6376 0.7352 0.1314 0.1888 31.94 25.06 95.44 0.41 -1.91 0.96 -3.5000 6.5300 1.5900 -0.2467 0.4989 -0.0600 4.13 -8.86 -0.65 255 467 412 464 266 
-0.6445 0.7280 0.1080 0.2076 37.06 27.12 96.50 3.58 -5.61 -0.24 -1.6400 4.2200 0.0500 -1.3444 -0.7944 -1.0200 5.00 -8.19 -1.97 235 353 347 361 242 
-0.5543 0.7808 0.1911 0.2158 45.81 36.06 114.81 1.54 -3.76 -1.43 -4.3700 2.2500 1.8100 -2.5511 -1.6478 -3.4989 6.82 -4.54 -5.38 232 335 324 369 243 
-0.2781 0.8452 0.3824 0.2490 130.50 37.00 164.44 10.74 -5.20 -10.21 7.2500 -4.4000 -2.3300 -3.5133 -3.3211 0.4711 3.99 0.43 -8.94 222 355 347 385 233 
0.0152 0.9263 0.3365 0.1688 142.94 16.56 -170.81 2.60 1.74 -7.43 1.7300 1.4400 0.3400 -1.3844 0.1889 0.6111 2.59 2.17 -9.20 220 309 301 368 238 
0.0908 0.9435 0.2616 0.1816 149.12 17.87 -162.94 3.16 4.90 -12.23 0.2100 2.4100 -1.7600 0.8222 0.2922 0.0356 3.17 2.26 -8.99 227 330 312 374 242 
0.0580 0.9420 0.2667 0.1956 148.37 20.06 -166.94 3.31 1.71 -7.24 0.0100 -0.6200 1.3100 -0.3200 0.3133 -0.0644 3.56 2.34 -8.82 226 331 303 369 240 
0.0714 0.9311 0.2690 0.2358 147.37 24.37 -163.06 4.74 2.73 -9.61 0.3100 0.3600 -0.8800 0.1856 0.4600 -0.1211 4.45 2.58 -8.34 224 311 298 355 237 
0.0314 0.8934 0.2992 0.3336 179.44 42.94 -160.56 9.88 4.84 -6.97 0.2400 1.9200 -0.7100 1.2111 8.2333 -0.9533 9.32 2.55 -1.61 228 368 356 378 239 
;
