0.6495 0.2857 0.1827 0.6805 267.25 8.69 -38.75 1.47 5.92 7.51 -0.0800 -0.1100 -0.0800 -0.0167 0.0289 0.0067 1.47 6.05 7.56 181 337 349 392 231 
0.6490 0.2839 0.1827 0.6818 267.12 8.63 -38.63 1.54 5.92 7.50 -0.0700 0.0000 0.1000 -0.1622 -0.3733 0.0722 1.66 5.96 7.60 183 308 343 376 229 
0.6501 0.3083 0.1125 0.6853 265.62 24.31 -32.13 13.89 11.00 12.58 12.0300 6.9200 5.9000 -3.6700 -2.6422 3.6389 7.72 1.17 5.92 140 227 216 215 148 
0.4855 0.3661 -0.3795 0.6973 241.87 59.88 46.06 5.98 2.25 2.75 -3.3800 7.5400 -0.9000 -2.5856 -1.4822 6.4567 5.94 -7.70 1.25 124 201 193 189 137 
0.1243 0.1634 -0.6804 0.7036 190.00 16.25 90.31 -1.91 -4.07 -1.75 -3.4100 4.4900 -0.4900 0.6167 -0.9389 2.9267 0.18 -9.80 0.17 131 215 210 212 146 
-0.0966 0.0704 -0.6980 0.7061 163.62 -2.37 89.69 -1.33 -8.51 1.45 -0.8100 0.9800 0.9500 -0.6233 -0.5033 -0.1800 -0.35 -9.78 -0.47 134 209 210 218 149 
-0.1138 0.1107 -0.7239 0.6713 159.87 0.31 94.87 -4.08 -10.09 -1.65 -5.1100 0.2300 -1.6500 -0.2744 -4.4933 -2.6956 1.66 -9.56 -1.36 140 218 221 221 154 
-0.2452 0.5025 -0.5983 0.5740 122.50 18.50 107.69 5.74 -7.13 -8.28 3.9100 2.0200 -5.0300 0.7322 -5.7878 -2.3400 3.12 -8.38 -4.00 140 219 223 224 158 
-0.4043 0.7848 -0.3084 0.3543 77.69 17.69 116.50 5.66 -7.58 -2.94 3.0200 1.2100 0.7100 -0.0156 -1.2033 -0.4344 2.86 -8.24 -4.47 150 222 224 225 161 
-0.4241 0.8261 -0.2254 0.2948 70.00 17.31 119.81 5.93 -5.89 -3.34 3.2800 2.3900 1.4300 -0.9633 1.7833 0.0856 3.36 -7.83 -4.84 151 244 240 244 182 
-0.3173 0.7924 -0.3291 0.4039 123.81 30.25 118.69 16.17 -2.55 -13.43 9.2100 5.3600 -12.4800 -5.2456 12.6944 5.4167 4.67 -8.45 -1.68 131 274 256 262 188 
0.1157 0.0654 -0.7542 0.6430 205.56 7.00 100.00 -0.30 -4.39 -8.50 -2.2400 5.0900 -6.4400 -2.0067 4.2111 3.4533 -0.93 -9.25 -3.09 114 251 249 243 181 
0.1868 -0.3820 -0.7314 0.5331 220.00 -8.31 111.69 -2.17 -7.69 -4.50 -1.0400 1.4100 -0.2100 0.4989 0.5133 0.1978 -1.52 -9.08 -3.36 111 260 248 238 173 
0.2131 -0.4094 -0.7061 0.5370 224.87 -6.94 108.75 -5.30 -7.63 -10.08 -5.0400 2.0100 -8.0600 2.8633 1.1033 -1.8122 0.00 -9.68 -1.51 116 270 254 243 177 
0.4025 -0.3135 -0.6043 0.6119 251.12 8.63 77.44 10.41 -3.09 26.48 9.0000 4.0700 21.7600 -1.4044 -0.3478 -0.0900 1.80 -9.40 2.11 119 281 262 256 184 
0.4181 -0.3028 -0.6234 0.5873 247.69 7.56 94.69 -3.22 -6.22 -8.30 -6.5100 2.4200 -9.3400 -2.1000 -0.8367 0.7722 0.41 -9.38 -2.82 121 272 261 256 189 
0.3223 -0.3594 -0.6989 0.5277 248.75 7.56 95.69 -1.30 -3.12 -4.39 -2.1600 6.4200 -0.7500 6.8000 3.9978 -1.8100 2.29 -8.39 4.52 136 299 303 295 215 
0.6097 -0.2107 -0.4495 0.6179 270.56 18.75 60.94 5.78 -9.33 6.22 1.2100 -1.0800 -0.9200 -1.6044 -1.9356 0.1189 3.74 -8.59 2.86 143 303 305 335 216 
0.5072 -0.1750 -0.5947 0.5987 250.69 23.12 77.12 2.14 -11.10 2.52 2.7600 -0.6300 1.7700 3.3522 -11.2800 4.6656 2.67 -9.32 1.40 199 398 352 416 231 
-0.0031 0.0816 -0.6695 0.7383 173.12 0.75 87.62 -3.93 -7.61 -4.56 -4.2800 2.3900 -4.7200 -1.2122 1.5511 2.0711 -1.69 -9.64 -0.60 207 412 357 425 233 
-0.0597 -0.1055 -0.7283 0.6744 173.31 -14.00 95.37 -6.13 -7.92 -3.53 -3.3200 1.5100 -2.6000 1.3756 1.0433 -0.2944 -2.28 -9.52 -0.40 193 402 358 413 234 
0.0226 -0.1340 -0.6759 0.7244 186.69 -5.25 80.94 -1.98 -1.83 -11.50 1.8800 11.4600 -14.6000 8.3356 -0.8411 -2.2611 1.26 -7.02 6.71 188 388 367 415 232 
0.1159 0.0980 -0.1786 0.9721 191.75 16.00 2.94 3.98 17.36 20.51 0.3200 11.9900 11.9200 4.6378 -2.2967 0.3711 3.52 3.59 8.41 197 395 360 409 235 
0.0569 0.2148 0.2245 0.9488 -0.06 -0.06 -0.06 8.61 39.97 35.14 -1.5300 1.1700 2.8200 -0.8222 -0.0356 0.0244 -0.01 -0.01 -0.01 190 396 364 407 231 
;
