0.3649 0.1723 -0.0104 0.9149 223.44 19.19 -6.37 3.52 0.87 9.13 0.2800 0.0200 -0.0800 0.0200 -0.2289 0.0356 3.39 0.99 9.14 169 336 319 340 216 
0.3614 0.2019 -0.0552 0.9086 224.00 28.37 -0.06 12.48 -3.54 12.23 7.1100 -2.3600 3.3200 -0.7333 -6.7389 2.2167 7.99 -1.93 5.34 112 218 213 215 140 
0.2187 0.5109 -0.3312 0.7625 204.56 70.50 83.44 11.22 0.44 -1.91 1.4300 4.8000 -0.0700 2.0156 -4.6744 3.8700 7.50 -5.76 -2.55 113 223 219 216 140 
-0.1933 0.6974 -0.4271 0.5420 125.44 28.87 112.56 2.98 -2.99 0.95 -0.4900 4.6300 4.4700 1.9200 -1.6178 3.1989 2.15 -9.23 -2.50 119 242 234 234 150 
-0.4669 0.6112 -0.4742 0.4284 80.56 1.44 99.81 -3.75 -6.74 -0.55 -5.0600 2.0800 0.9600 0.2800 -0.0756 0.3944 -0.31 -9.70 -1.36 120 247 243 242 157 
-0.5179 0.6011 -0.4579 0.4009 73.25 2.56 98.81 -3.27 -8.81 -0.14 -4.6300 1.5700 -0.2900 -1.3556 -4.1933 -3.4311 1.99 -9.22 -2.67 119 244 242 245 164 
-0.4800 0.8322 -0.1197 0.2502 45.75 19.50 121.56 8.17 -3.11 -13.94 9.5900 4.4000 -6.1200 1.6389 -4.9456 -3.1989 3.10 -7.52 -5.46 122 246 248 256 171 
-0.4819 0.8248 0.2951 0.0232 5.31 19.12 124.69 8.14 -6.77 -2.81 3.3400 1.0300 1.4400 -0.8556 1.5967 0.3511 3.56 -7.38 -5.38 123 249 257 269 181 
-0.4579 0.8446 0.2610 0.0938 27.44 24.44 128.06 9.24 -3.95 -0.33 5.6400 3.6000 5.7000 -2.6133 3.2544 0.8489 5.15 -6.19 -5.59 145 274 276 282 192 
-0.3199 0.8743 -0.0045 0.3651 113.50 41.56 132.94 19.82 2.20 -15.80 12.4600 7.3200 -12.9200 -0.9544 6.2233 8.3933 4.94 -7.83 -3.21 176 335 318 352 214 
-0.3044 0.5058 -0.5573 0.5839 131.25 7.62 97.00 -5.55 -5.42 -8.39 -6.1900 3.7900 -6.2000 -0.9256 1.9378 2.1956 -0.36 -9.62 -1.85 174 390 358 400 222 
-0.2258 0.2374 -0.7322 0.5972 141.81 -1.31 99.62 -1.65 -4.87 -8.48 -1.4300 5.7000 -8.7100 1.6000 -0.8856 -2.1089 -0.38 -0.01 -0.01 153 365 360 396 225 
-0.2250 0.2958 -0.5660 0.7358 144.75 12.31 67.31 2.83 -4.81 27.04 2.9800 1.1200 28.3500 0.5400 0.5367 0.0322 2.12 -8.02 5.21 164 376 361 411 231 
-0.2461 0.2902 -0.4941 0.7817 145.25 11.06 75.69 3.60 -4.07 -2.06 0.7400 5.3400 -7.4200 -3.9900 0.8889 1.4511 0.72 -9.67 -1.45 168 407 368 418 232 
-0.1968 0.2749 -0.7223 0.6033 143.19 2.37 96.62 -4.54 -2.05 -13.04 -4.1600 9.8200 -9.4700 6.8433 -1.9611 -1.9022 1.49 -9.09 3.35 172 417 368 425 232 
-0.2923 0.2312 -0.3585 0.8560 141.00 12.88 45.56 5.52 -5.38 26.00 2.4800 1.4900 15.0700 -3.5756 -0.5522 -0.1356 2.71 -8.13 4.76 168 412 371 412 231 
-0.2568 0.3206 -0.4963 0.7648 143.37 10.88 77.62 -0.11 -6.18 -5.02 -2.0500 3.1100 -6.9500 -2.1800 1.2756 0.8767 0.98 -9.75 0.34 168 417 372 419 229 
-0.1957 0.2543 -0.6434 0.6950 150.50 7.00 84.87 -2.54 -5.36 -6.07 -4.0300 4.8400 -7.4500 4.0544 -0.4433 -2.2589 2.85 -8.59 3.76 173 400 363 387 224 
;
