0.2540 0.5778 -0.0404 0.7746 216.25 66.25 -35.00 8.98 2.37 3.47 0.0300 0.1500 0.1400 -0.0056 0.0378 -0.0389 8.95 2.29 3.26 186 298 294 291 202 
0.2563 0.5762 -0.0381 0.7751 216.62 65.81 -35.38 9.14 2.40 3.04 0.1500 0.0000 -0.1300 -0.1811 0.0289 -0.0322 8.93 2.30 3.30 172 303 292 285 202 
0.2599 0.5734 -0.0439 0.7758 216.50 67.00 -32.75 9.30 5.40 7.89 2.2200 4.7400 6.0300 -3.9289 -2.8522 1.4589 9.63 0.52 1.74 155 259 246 224 156 
0.2725 0.6167 -0.3347 0.6583 226.06 77.50 91.81 15.98 0.79 -3.88 4.9200 3.8100 -3.9500 -3.0211 0.5811 5.1389 8.19 -5.37 -0.47 126 218 202 216 148 
0.1670 0.3310 -0.6543 0.6591 200.87 31.25 96.12 1.92 -0.82 -1.05 -2.7600 7.9100 -0.3000 -1.1367 1.1089 5.9578 0.48 -9.66 -1.56 118 220 219 219 148 
-0.0624 -0.0344 -0.7770 0.6255 165.19 -12.06 103.75 -7.69 -6.23 -5.61 -4.0000 2.8100 -2.2500 0.4844 -0.5111 0.2056 -2.59 -9.23 -2.06 118 230 228 227 162 
-0.0900 -0.0947 -0.7632 0.6328 165.37 -14.31 100.81 -5.39 -9.25 -1.04 -2.7000 1.0700 -0.2900 -0.2522 -2.6144 -1.7600 -1.46 -9.57 -1.53 123 236 216 233 168 
-0.1585 0.1827 -0.7284 0.6411 146.44 8.25 98.44 -1.79 -1.28 -10.54 -2.0600 9.1100 -10.5100 -1.1922 -10.0456 -7.6956 4.41 -7.27 -4.86 127 236 230 239 171 
-0.2830 0.8618 -0.2726 0.3209 91.81 24.00 132.37 8.99 -3.65 -5.69 7.0800 3.7900 1.2100 1.9211 -3.0056 -1.1667 3.63 -7.16 -5.61 133 249 260 257 178 
-0.3870 0.8705 -0.1398 0.2701 73.25 21.94 126.19 4.08 -7.31 -3.77 0.6200 -0.1600 0.4100 -0.7444 1.9411 0.0667 4.26 -7.05 -5.30 134 237 261 259 173 
-0.3428 0.8535 -0.1844 0.3465 93.50 30.12 124.12 6.93 -6.02 2.06 1.8700 1.8500 5.8200 2.0911 3.4089 -2.5356 6.98 -6.51 -2.23 185 403 316 423 222 
-0.3253 0.7102 -0.0532 0.6221 131.00 64.37 79.12 14.40 -9.40 -3.75 6.9200 -6.1900 -4.8500 1.1044 1.0878 -2.4578 9.42 -1.80 2.04 191 430 377 430 231 
-0.2640 0.5743 0.1343 0.7631 141.44 69.62 11.81 7.86 -1.88 -1.24 -2.2600 -0.6300 -4.6600 2.2644 1.7167 -0.1433 8.54 0.46 4.78 209 434 386 436 231 
-0.3484 0.4128 0.2278 0.8101 132.06 53.63 -8.50 5.12 4.87 5.75 -2.4800 4.3700 0.1900 -0.3578 0.9900 0.1400 7.47 0.63 6.31 209 426 389 438 228 
-0.3493 0.3749 0.1785 0.8400 139.37 49.44 -0.06 6.18 6.32 6.92 -0.5000 7.4600 0.3800 -4.7733 -2.7333 -0.9122 8.53 -1.53 4.57 186 340 348 407 221 
-0.1168 0.5659 -0.0609 0.8138 165.69 63.75 42.75 14.07 3.15 -5.29 6.0100 4.7600 -10.1500 -4.1433 1.6344 3.5856 7.54 -5.68 2.64 184 273 274 361 220 
-0.1352 0.4656 -0.4277 0.7629 157.00 28.50 79.37 -10.20 -16.11 -2.51 -13.1300 -7.0500 -1.6700 -0.4811 1.5467 0.7111 3.38 -9.06 1.56 200 257 256 337 216 
-0.1116 0.3364 -0.5464 0.7588 165.25 24.44 78.75 5.15 -8.42 2.55 0.9100 0.3900 0.5400 -0.3400 -0.3600 -0.3144 4.34 -8.67 1.44 206 278 260 344 218 
-0.0957 0.3691 -0.5477 0.7448 164.37 26.50 82.31 3.38 -8.34 0.06 -1.0000 0.5700 -1.0700 -0.0622 -0.7311 0.4822 4.18 -8.82 0.91 199 283 253 322 213 
-0.1300 0.3915 -0.5500 0.7261 161.69 26.31 84.44 -0.33 -6.88 -1.35 -5.3600 0.9800 -2.8700 0.4567 1.1244 -2.5967 5.88 -7.71 1.39 123 256 271 309 213 
0.0516 0.4150 -0.4715 0.7764 193.81 47.69 64.00 9.55 -4.03 2.20 0.5700 1.2500 -2.2600 2.0556 -1.1267 -0.3222 7.81 -4.72 3.56 104 193 197 188 141 
0.0645 0.5122 -0.2953 0.8040 187.25 63.00 54.75 20.08 -0.82 -4.71 9.0300 6.6200 -7.5300 7.3478 -0.6867 -1.3656 9.36 -1.42 2.53 101 171 173 170 117 
-0.0640 0.6133 -0.0339 0.7865 170.69 72.31 30.19 8.77 3.13 7.36 -1.0200 5.0900 5.6800 -2.9544 -0.4956 -0.0900 9.32 -1.99 2.28 107 179 179 175 121 
0.0607 0.6213 -0.1926 0.7571 195.12 76.87 64.87 9.30 -0.32 -14.31 -0.1300 -1.0600 -18.0600 0.3522 -1.0278 -1.3344 9.74 -1.08 -0.02 106 179 175 173 114 
0.0616 0.6946 -0.1119 0.7079 195.00 86.44 3.19 16.19 -1.99 5.16 1.5700 -1.1700 1.3400 -1.2956 1.4956 0.9278 9.66 -1.13 1.23 108 177 182 180 124 
0.1286 0.5863 -0.2012 0.7741 199.19 71.44 34.69 5.92 -3.04 4.49 -2.5500 -0.9700 1.6900 -2.0744 1.6378 0.1256 8.86 -2.46 3.40 119 192 185 196 144 
0.2441 0.4493 -0.2991 0.8056 216.87 60.69 29.50 4.51 -4.15 1.15 0.3000 -0.8600 -4.3000 0.8567 0.8644 -2.5544 8.82 -0.74 4.20 150 336 289 310 207 
0.3647 0.4507 -0.1689 0.7971 231.37 51.31 -12.56 8.03 2.23 3.96 0.1300 1.0400 -2.2200 1.7200 1.7756 -0.7533 6.50 2.76 6.80 187 320 317 357 221 
;
