-0.2122 0.0948 0.4633 0.8552 151.94 21.81 -53.75 3.71 7.27 5.16 -0.0600 -0.0800 -0.1800 0.0267 -0.0700 0.0478 3.78 7.32 5.31 182 322 337 325 211 
-0.2124 0.1047 0.4659 0.8526 152.19 21.56 -54.19 3.36 7.39 5.31 -0.1000 -0.0300 -0.0100 0.2044 0.0889 -0.2989 3.40 7.54 5.25 183 328 337 326 211 
-0.1976 0.0827 0.4802 0.8506 154.31 18.50 -56.88 3.03 7.80 4.81 -0.0400 -0.0700 -0.3100 0.4044 0.2444 -0.4744 2.74 8.05 4.87 181 330 340 327 212 
-0.1853 0.0602 0.5069 0.8397 152.44 20.69 -58.31 6.02 17.06 11.34 1.5300 9.3600 7.2500 -5.0933 -5.3044 6.2522 8.12 3.10 4.52 128 246 321 316 206 
-0.3048 0.5381 0.2208 0.7542 132.50 71.31 36.25 10.83 1.75 -0.80 2.0100 6.2100 -1.8700 -2.6811 -1.2578 6.9367 6.99 -6.84 0.62 117 220 249 247 179 
-0.4418 0.6553 -0.2618 0.5540 96.25 21.06 92.69 -2.11 -2.94 -3.70 -4.8700 5.8000 -2.5400 -1.1322 0.3378 3.5711 0.72 -9.68 -1.38 110 199 213 210 143 
-0.5185 0.5922 -0.4801 0.3872 70.62 -4.19 99.81 -4.95 -8.12 0.44 -2.7800 1.4300 2.0600 -0.3311 -0.9100 -0.6278 -0.53 -9.62 -1.79 118 204 213 211 141 
-0.5246 0.6252 -0.4551 0.3561 67.50 -1.37 101.50 0.96 -8.81 -1.24 1.1400 0.5500 0.3100 -0.1411 -0.4344 0.1789 -0.34 -9.59 -2.01 120 209 223 220 149 
-0.5406 0.6494 -0.4267 0.3223 59.44 -2.50 102.25 -4.24 -8.94 -2.40 -3.2200 0.5700 -0.2600 -0.3611 -2.3711 -1.5756 0.25 -9.52 -2.33 124 202 221 224 159 
-0.5527 0.7734 -0.2065 0.2318 41.38 10.13 108.19 0.74 -5.38 -10.27 -0.0300 3.2800 -7.7200 0.5244 -8.6700 -4.3567 2.46 -8.36 -4.48 129 207 226 242 171 
-0.4973 0.7803 0.3659 -0.0991 327.75 11.19 119.87 6.54 -6.70 -5.30 5.3800 1.3400 0.0200 0.4244 -1.8289 -0.4856 1.58 -8.43 -4.74 132 212 234 244 165 
-0.4672 0.7172 0.4756 -0.2027 313.94 8.94 119.19 1.90 -7.89 -4.59 -0.1100 0.2600 0.5200 -0.3656 1.1044 0.1200 1.83 -8.34 -4.81 133 211 234 248 172 
-0.4814 0.7398 0.4461 -0.1480 329.62 13.44 120.44 4.06 -4.25 -0.24 1.6600 5.2500 4.8600 -0.7189 4.2356 -0.6600 3.82 -7.86 -4.44 146 234 259 262 183 
-0.5479 0.7560 0.3158 0.1690 57.63 47.50 106.81 2.44 -4.96 -3.30 -4.6700 0.0600 -3.1800 0.8389 8.0933 -5.9422 8.82 -2.79 3.22 163 259 289 268 185 
-0.4814 0.4679 0.2960 0.6795 113.31 70.75 -12.94 19.79 5.66 5.60 7.8300 2.7800 2.2500 -0.0133 4.4422 -3.0233 8.07 3.05 4.65 164 270 308 295 194 
-0.3829 0.3022 0.3951 0.7784 128.44 51.75 -39.31 12.17 4.91 7.46 4.0000 0.9000 3.1100 -0.6911 -1.8767 0.9133 8.43 3.31 3.74 162 275 309 306 198 
-0.3535 0.4248 0.3671 0.7482 128.69 66.00 -22.81 14.78 6.02 6.73 6.7900 5.1200 2.1300 -4.1256 0.8944 3.5544 8.82 -1.85 3.86 141 265 306 298 197 
-0.3940 0.5337 -0.0189 0.7480 123.87 41.69 54.19 5.52 1.06 -0.60 -0.1800 8.5500 -5.1300 -4.7700 1.8156 5.0111 3.19 -8.96 2.35 145 251 277 287 194 
-0.4362 0.4595 -0.4916 0.5975 102.31 1.25 88.69 -6.25 -6.99 -4.68 -6.0000 2.2900 -4.0200 -0.5933 -1.5167 0.9478 -0.98 -9.74 -0.51 147 251 280 286 194 
-0.5007 0.4672 -0.5511 0.4769 85.81 -5.75 92.31 -1.04 -9.42 0.75 -0.4100 0.1700 0.6700 -0.4322 -2.1378 -0.4767 -0.71 -9.76 -0.56 144 242 280 281 189 
-0.5515 0.5777 -0.4528 0.3963 64.56 0.13 95.44 -4.76 -8.06 -4.08 -4.0900 1.8100 -3.3400 -0.7233 -7.5911 -4.5867 2.31 -9.23 -2.35 145 235 259 259 179 
-0.5528 0.8204 0.1094 0.0968 3.25 15.00 115.44 4.54 -6.68 -10.77 4.4100 2.1600 -5.2300 1.1556 -5.3456 -1.7822 1.85 -8.60 -4.32 147 234 252 255 178 
-0.4954 0.7206 0.4475 -0.1874 315.31 9.50 116.75 4.90 -7.38 -4.87 2.3300 1.1900 -0.3800 -0.1544 0.1744 0.0156 1.64 -8.59 -4.43 145 234 255 262 180 
-0.4888 0.7216 0.4567 -0.1784 322.25 11.63 118.06 4.18 -6.87 -3.37 2.6100 1.9600 1.5100 -0.2200 1.6256 -0.2456 2.68 -8.33 -4.41 151 256 276 277 187 
-0.5231 0.7603 0.3846 -0.0206 17.94 28.25 118.50 17.41 -5.41 -10.05 8.0600 3.4400 -10.9300 -3.4322 23.1389 -0.3300 5.34 -7.00 4.30 175 402 169 167 129 
-0.2776 0.2205 -0.4108 0.8400 145.25 14.69 55.88 21.60 -4.65 7.20 2.4800 1.2200 -0.1400 0.9411 2.7944 -1.5744 1.06 -7.23 6.52 170 421 189 183 136 
-0.0813 0.0657 -0.3849 0.9170 171.37 2.75 44.81 3.02 -4.72 7.74 2.1700 1.7200 0.2700 0.1489 0.4556 -0.2589 0.36 -6.77 7.08 171 420 191 186 136 
-0.0386 0.0449 -0.3610 0.9307 176.12 3.87 41.81 1.77 -5.38 6.34 0.7700 1.3000 -1.4400 0.4978 -0.2144 -0.3022 0.83 -6.24 7.51 170 421 193 187 138 
-0.0179 0.0517 -0.3159 0.9472 177.69 5.06 34.50 7.02 -2.89 8.32 5.9400 1.4500 2.0900 1.6033 -0.0289 1.2156 0.49 -4.57 8.66 168 424 196 189 137 
-0.1074 0.0477 -0.2181 0.9688 164.81 3.06 26.00 0.66 -10.47 18.87 -2.1500 -5.9100 9.7200 -2.2522 -1.3878 1.8722 0.77 -5.64 7.98 170 420 196 191 138 
-0.2457 0.1334 -0.3398 0.8980 147.19 3.00 47.25 -3.95 -3.85 9.40 -4.6300 4.7300 1.6200 -2.9444 0.7544 0.7611 -0.19 -8.49 4.88 167 418 198 192 138 
-0.2423 0.1314 -0.5347 0.7988 148.12 -3.44 70.06 -4.00 -3.36 2.08 -2.7900 6.0600 -0.7200 -1.2322 2.1789 -0.7467 -0.51 -9.55 2.13 169 415 203 192 138 
-0.0877 0.0646 -0.6324 0.7668 170.31 0.19 79.06 0.91 -4.05 -0.57 1.4500 5.5300 -2.4100 0.6444 1.8678 -1.1467 0.62 -9.50 2.31 169 416 205 192 138 
0.0620 0.0023 -0.5920 0.8035 190.50 4.56 70.56 5.07 -4.49 2.04 5.6600 4.6300 -0.9900 2.4300 0.5533 -0.4300 0.89 -8.35 5.05 169 416 208 193 139 
0.1022 -0.0025 -0.4346 0.8948 191.31 4.50 48.38 9.20 -7.12 11.21 7.9300 -0.9700 5.5100 2.4300 -2.0133 1.9789 0.80 -5.92 7.77 169 414 212 194 140 
-0.0828 0.0662 -0.2919 0.9506 165.37 4.12 33.75 -5.53 -6.60 13.29 -6.6600 -0.7800 4.4800 0.0222 -0.8867 1.2733 0.72 -5.43 8.12 170 412 212 195 140 
-0.2030 0.1020 -0.2793 0.9329 155.00 4.25 34.50 -1.37 -3.47 8.06 -1.8500 1.9900 -0.0300 0.1144 0.2778 0.0111 0.58 -5.49 8.10 168 409 214 198 142 
;
