-0.2587 -0.0103 0.1570 0.9531 149.75 3.62 -17.75 0.80 2.92 9.38 0.2000 -0.0400 0.0700 0.0122 -0.0178 -0.0067 0.65 2.99 9.31 176 423 377 423 213 
-0.2534 -0.0063 0.1589 0.9542 150.25 4.00 -17.87 0.79 2.96 9.34 0.0200 -0.1000 0.0500 0.0944 -0.0822 0.0567 0.74 3.06 9.28 177 419 377 425 214 
-0.2598 0.0049 0.1790 0.9489 148.31 10.19 -20.87 1.09 3.87 13.54 -0.7100 1.5300 5.9300 -1.3522 -6.6989 0.7289 5.77 2.75 7.43 156 351 335 398 217 
-0.2064 0.4260 0.1895 0.8602 153.81 62.50 -3.94 16.94 3.47 6.31 9.0400 4.9000 0.8300 -4.4033 -1.1467 5.2667 8.85 -3.72 1.99 110 239 267 262 166 
-0.2752 0.6346 -0.2083 0.6915 130.94 40.56 85.69 0.40 -1.83 -1.09 -3.0800 5.8300 -1.4900 -2.0222 -1.3744 3.8667 3.29 -9.12 -1.43 108 233 240 235 142 
-0.3911 0.5997 -0.5020 0.4853 98.69 6.94 105.56 -1.43 -5.75 -3.45 -2.1200 3.0400 -0.3900 -0.8100 -0.0089 2.1189 -0.32 -9.22 -3.31 108 247 248 247 149 
-0.4268 0.5514 -0.6095 0.3773 78.56 -7.81 110.50 -2.89 -7.63 -3.71 -1.4400 1.1300 -0.4000 0.0644 -0.3533 0.5922 -1.95 -9.03 -3.27 113 255 261 263 162 
-0.4686 0.5493 -0.6033 0.3387 71.62 -9.81 109.12 -6.32 -6.87 -5.46 -5.5600 2.9500 -3.1200 -0.0533 -3.4600 -3.3367 -0.33 -9.35 -2.91 115 258 268 273 168 
-0.5104 0.7762 -0.2510 0.2720 48.06 15.44 113.62 6.32 -2.75 -14.93 3.1600 5.2300 -10.3100 2.6967 -7.0133 -6.7267 4.33 -7.37 -4.78 122 266 274 289 177 
-0.4720 0.7736 0.4221 0.0263 359.44 26.19 128.62 10.84 -3.57 -4.40 6.4000 3.1200 2.6000 0.7144 -0.5822 -1.0844 4.62 -6.80 -5.33 124 271 284 303 184 
-0.4786 0.7053 0.5229 -0.0139 359.87 29.06 128.94 8.23 -2.04 -2.95 3.6000 4.3700 2.5200 -2.4444 2.8656 0.5844 5.51 -5.94 -5.50 144 301 293 334 199 
-0.4598 0.7826 0.3448 0.2394 74.44 49.94 119.87 15.36 -2.51 -8.70 4.7100 1.6100 -6.5400 -4.9122 8.4711 1.4411 7.57 -6.21 0.45 158 343 333 390 214 
-0.3451 0.6200 -0.2323 0.6652 131.69 31.75 78.06 11.75 0.33 -5.19 4.1000 9.6600 -8.0900 -7.0056 9.6467 3.8233 1.49 -9.68 -0.29 159 342 346 378 208 
-0.0761 0.1722 -0.7745 0.6039 167.31 4.37 110.37 -0.38 -5.00 -10.04 -3.5200 2.4100 -4.9900 -0.6511 -1.4678 0.9367 0.06 -8.71 -4.49 139 340 326 343 207 
-0.0999 0.1570 -0.8305 0.5250 159.75 1.19 110.25 -2.80 -3.14 -12.16 -2.7300 6.4900 -6.8000 5.7533 2.6978 -0.7400 1.00 -9.69 1.07 132 343 325 326 204 
-0.0520 0.1140 -0.6326 0.7643 171.00 6.25 82.62 1.22 -10.88 7.36 -0.6800 1.0800 3.8200 -3.8722 -1.8100 -0.0633 0.99 -9.57 -1.88 118 287 260 258 157 
-0.0931 0.1976 -0.7822 0.5835 162.25 5.00 106.31 -4.01 -3.39 -14.71 -4.8200 7.3900 -7.6400 5.4411 1.9344 -0.6578 1.38 -9.65 0.96 131 336 311 309 193 
-0.0527 0.1492 -0.5967 0.7867 171.94 10.94 77.00 3.10 -8.26 4.74 1.9800 1.6700 -0.3800 -2.5056 -1.3322 -0.2533 2.16 -9.56 0.07 149 337 306 321 199 
-0.0918 0.2585 -0.6520 0.7068 160.62 15.13 85.19 3.38 -5.86 -3.91 0.6500 3.3700 -5.4100 7.2778 -2.5622 -0.2333 3.23 -8.11 4.44 165 345 315 329 200 
;
