0.1107 0.0787 0.0219 0.9905 192.75 8.75 -3.56 1.47 0.51 9.73 0.0700 0.0000 0.1000 0.0133 -0.0433 0.0011 1.53 0.61 9.66 189 362 364 403 226 
0.1099 0.0852 0.0210 0.9901 192.62 9.63 -3.44 1.45 0.71 9.38 -0.6200 0.1500 0.0700 -0.0189 -0.7478 0.3233 2.10 0.54 9.56 185 354 357 402 225 
0.1094 0.1654 -0.0012 0.9802 194.06 23.50 -1.50 4.22 0.10 11.88 -0.0800 0.0500 4.0300 0.2722 -7.0844 -1.4300 7.10 0.62 6.73 136 293 271 277 206 
0.1071 0.5610 -0.0580 0.8188 189.37 78.44 14.69 12.99 -0.03 0.65 4.7800 2.7900 1.1500 1.4633 -5.2389 3.8611 9.00 -3.25 -2.10 122 253 234 235 165 
-0.2028 0.7903 -0.2017 0.5419 124.50 41.81 119.06 6.00 -1.18 -1.03 0.3100 6.4400 2.8500 1.1322 -0.9756 5.2233 2.74 -8.75 -3.45 116 242 220 218 141 
-0.4667 0.6852 -0.4388 0.3467 69.50 -0.31 108.44 -5.77 -6.84 -0.51 -5.1300 1.4600 2.4700 0.1667 -0.3433 1.4867 -1.84 -9.16 -2.95 118 257 229 229 146 
-0.5237 0.6099 -0.5250 0.2796 55.88 -12.13 107.69 -2.13 -8.10 -2.69 -0.0900 1.2800 0.0300 -0.1122 -0.3600 -0.2956 -1.94 -9.15 -2.92 126 259 244 245 157 
-0.5366 0.6343 -0.4885 0.2665 51.50 -9.13 106.37 -6.70 -8.29 -3.60 -6.3800 1.5400 -2.4400 -0.7378 -5.0000 -3.7722 -0.13 -9.34 -2.95 126 261 248 254 163 
-0.5400 0.8325 -0.0472 0.1146 11.63 11.00 117.69 4.62 -2.26 -14.07 2.9600 5.9100 -8.9200 0.2078 -6.5511 -5.1967 2.39 -7.61 -5.69 126 262 245 259 169 
-0.4428 0.7393 0.4937 -0.1166 327.00 15.94 125.56 8.62 -4.47 -2.14 5.4400 2.5400 4.3900 -0.1900 0.9200 -0.2633 3.11 -7.67 -5.24 138 268 262 274 183 
-0.4691 0.7155 0.5101 -0.0887 347.44 23.12 126.81 10.82 -6.52 -6.22 4.0800 0.6200 0.1600 -1.5478 5.3833 -0.7978 6.21 -6.30 -4.22 143 367 184 201 138 
-0.5254 0.7300 0.3519 0.2593 65.62 52.56 120.37 -2.59 -2.06 -4.59 -9.6200 1.0000 -2.0700 -2.7722 -2.0178 -3.2644 8.28 -1.93 -4.87 123 381 183 189 130 
-0.2197 0.7678 0.4190 0.4321 133.06 56.94 -169.19 12.75 5.82 -14.88 5.1800 3.5800 -9.5300 1.0711 0.2956 -2.4722 7.75 2.97 -5.21 122 399 194 193 135 
-0.1801 0.6744 0.5712 0.4319 121.19 54.75 -163.75 21.31 4.51 -7.66 9.5400 4.7600 -0.7400 3.5922 4.3733 3.8644 9.10 -1.93 -3.08 128 410 201 197 135 
-0.5682 0.6117 0.4001 0.3779 63.19 60.88 82.25 -1.05 -4.54 5.60 -10.6900 0.9000 3.6500 -0.6900 2.3500 2.2267 7.14 -6.28 2.37 123 409 200 193 132 
-0.6691 0.6110 0.1649 0.3896 62.31 45.25 76.75 -2.81 0.52 0.32 -9.3000 7.8200 -1.7000 -1.9722 -0.7178 -2.5489 8.20 -5.36 0.14 125 415 205 198 136 
-0.4969 0.6730 0.2626 0.4808 96.00 71.62 104.50 11.63 4.53 -9.54 4.3200 5.3000 -8.0600 0.8844 -1.6867 -2.7767 9.63 -0.61 -1.74 125 412 206 200 137 
-0.3871 0.6299 0.4645 0.4874 97.44 75.12 164.94 19.49 -1.04 0.40 7.3200 -0.7800 4.1600 1.6922 -0.4089 1.9311 9.19 -2.22 -2.58 130 410 212 202 136 
-0.4738 0.6552 0.4510 0.3780 78.00 67.31 131.44 5.99 -1.61 -1.08 -2.9700 1.4300 0.9600 -0.8456 0.1789 -0.1122 9.11 -2.64 -2.46 129 406 205 203 140 
;
