0.0396 0.0303 0.2753 0.9601 184.37 2.56 -32.25 0.82 5.45 8.00 0.4100 0.2900 -0.1400 0.0400 -0.1522 0.1700 0.65 5.26 8.24 177 369 355 382 208 
0.0330 0.0457 0.2761 0.9595 184.00 3.87 -32.13 0.76 5.00 8.43 -0.1800 -0.2300 0.2000 0.0044 0.1378 -0.0289 0.55 5.20 8.28 179 371 358 383 207 
0.0256 0.0411 0.2704 0.9615 182.50 4.87 -29.94 -1.81 9.28 17.10 -2.3700 2.2200 5.9800 -2.9289 -6.5678 3.7700 5.20 2.07 8.04 171 327 199 198 152 
-0.0825 0.3518 0.1060 0.9264 165.94 47.00 -8.94 14.32 3.35 6.46 8.0800 3.7700 -0.1800 3.3300 -2.1911 3.7689 8.60 0.13 4.69 150 180 169 162 128 
-0.3795 0.4609 0.1758 0.7827 120.81 54.19 12.56 3.29 -1.23 1.92 -5.1500 -0.5200 -3.5100 1.8389 1.9956 2.3589 6.53 -1.72 7.10 136 204 158 174 134 
-0.6051 0.2954 0.1352 0.7268 97.44 33.25 9.38 2.51 -0.48 4.11 -1.4100 1.3600 -3.4200 2.2289 1.0811 0.9333 4.59 -0.30 8.65 143 211 168 178 137 
-0.7065 0.1481 0.1564 0.6742 85.06 24.00 -1.06 3.20 3.41 8.32 -1.1100 3.0000 -0.6300 0.3644 0.4822 0.7889 3.61 0.27 9.11 149 212 172 180 138 
-0.7587 0.1155 0.1455 0.6244 80.00 20.44 0.19 0.69 0.73 8.65 -1.4200 1.0900 -1.0200 -0.5744 0.0089 -0.4733 3.08 -0.34 9.30 146 210 179 185 139 
-0.7123 0.1239 0.0733 0.6870 89.69 14.88 5.25 6.79 1.71 8.92 3.5600 0.4900 -0.9400 -1.2533 1.4333 -0.9911 1.68 -1.57 9.53 146 242 179 188 141 
-0.6546 0.0966 -0.0416 0.7487 97.06 4.19 11.88 0.40 -5.19 8.68 0.4800 -2.9900 -1.0300 -0.2667 -0.4489 0.9556 0.77 -2.34 9.49 148 201 186 189 141 
-0.6804 0.1136 -0.0687 0.7208 93.44 4.37 15.44 0.37 -1.33 8.97 -0.2400 1.7800 -0.6500 -0.5856 -1.2533 0.5144 1.46 -3.12 9.18 158 227 197 205 162 
-0.6943 0.2180 -0.0588 0.6833 87.37 16.62 27.06 -3.54 -2.68 3.96 -5.5100 1.5200 -4.4700 -1.6956 -4.6211 0.3833 5.22 -5.39 6.30 170 270 294 336 213 
-0.6558 0.5460 0.1041 0.5109 65.87 47.25 76.25 10.39 -7.21 -3.45 1.3200 -0.6300 -4.2500 -3.9922 -4.6222 0.7633 6.17 -6.93 -3.16 195 285 316 371 220 
-0.4249 0.8569 0.2347 0.1736 37.56 23.19 139.31 6.22 -4.67 -14.16 1.1500 0.6100 -4.6800 -1.0833 -1.2044 0.7333 2.56 -4.92 -8.08 198 303 291 366 222 
-0.2548 0.9376 0.2178 0.0928 153.94 17.00 157.31 5.44 2.84 -9.92 6.2700 4.5800 -5.6400 -2.9633 1.0911 -0.2978 2.91 -0.93 -9.31 203 309 301 373 224 
-0.0654 0.9635 0.2125 0.1489 154.81 18.50 176.25 4.20 -2.37 -12.49 0.8600 -0.1700 -1.3300 0.5900 0.3444 0.0078 3.33 -0.98 -9.16 204 313 303 382 226 
-0.0955 0.9572 0.2178 0.1649 154.19 21.69 172.87 3.42 -0.36 -9.35 -0.7100 1.0100 -0.2100 0.2656 0.6100 -0.1778 4.12 -1.21 -8.81 205 307 308 381 226 
-0.0988 0.9426 0.2299 0.2213 151.69 29.00 176.25 5.60 2.02 -9.30 1.2700 2.1800 -0.8700 -0.7000 1.2411 -0.8489 5.81 0.40 -7.88 200 340 300 333 219 
-0.1332 0.8593 0.3006 0.3919 132.44 57.88 177.94 2.91 0.46 -0.49 -7.1400 -0.2700 1.9500 0.6267 1.9300 -0.6722 9.25 0.19 -3.24 204 332 311 339 216 
-0.2014 0.7786 0.3701 0.4650 140.87 50.63 -175.37 5.33 2.66 -7.94 0.8500 0.8700 -1.6000 -3.2200 -2.7844 0.0267 5.39 2.12 -7.90 190 299 290 332 219 
0.0771 0.8896 0.3177 0.3190 141.00 29.00 -154.87 9.86 3.03 -9.80 1.9400 -0.6700 -0.6700 -0.4867 0.2233 0.5522 4.78 3.81 -7.66 197 292 289 345 222 
0.1154 0.9068 0.2767 0.2964 147.37 28.12 -156.00 4.10 2.46 -8.32 1.2900 -0.0200 -0.6600 0.4133 -0.5522 0.3167 4.19 2.99 -8.34 200 307 275 361 222 
0.0631 0.9373 0.2522 0.2322 150.62 23.87 -169.69 15.23 3.29 -25.34 8.7900 2.8400 -16.1800 8.0811 4.6333 2.8511 5.68 -4.33 -6.70 211 421 357 407 224 
-0.5099 0.7995 0.1452 0.2822 54.19 33.63 99.81 -3.03 -4.34 -6.53 -5.5300 10.4900 -0.3800 2.1767 1.8667 1.8833 3.68 -9.03 0.99 210 424 361 409 223 
-0.6996 0.6568 -0.0243 0.2803 43.81 18.94 81.75 0.22 -2.43 0.77 -2.5700 5.3200 -0.5900 -0.5267 0.4411 -0.7078 3.50 -9.08 1.14 210 426 359 415 223 
-0.6631 0.6755 -0.0310 0.3208 53.81 24.44 85.94 3.35 -6.32 -1.09 -0.7900 3.8100 -2.0700 -0.7178 0.2667 -1.4822 5.05 -8.40 0.17 197 399 347 393 220 
;
