0.9385 -0.0272 -0.3099 -0.1499 17.87 36.38 -3.56 6.13 0.41 9.19 0.5000 -0.1600 1.3700 1.5978 0.1578 -0.2078 5.84 1.29 7.76 189 369 323 321 206 
0.9263 0.0593 -0.3459 -0.1367 16.69 39.38 -15.63 8.78 3.21 10.94 2.4500 0.5700 2.8900 -0.9600 0.2656 0.9644 6.27 1.18 7.44 183 311 222 222 186 
0.9379 -0.0042 -0.3320 -0.1006 10.81 37.38 -1.62 7.40 -0.73 7.17 1.8600 -0.9100 -0.8200 -0.1922 0.9989 1.4533 5.38 -0.48 8.18 170 271 191 195 147 
0.9639 -0.0530 -0.2607 0.0015 355.50 28.31 7.75 5.57 -2.35 7.21 0.8200 -0.9500 -1.8900 0.9589 0.1967 2.8289 4.12 -1.42 8.78 146 171 159 168 114 
0.9580 -0.0295 -0.1979 0.2053 332.31 18.87 7.19 2.06 1.57 5.52 -1.1700 2.6000 -3.5300 1.5633 0.4944 1.8744 2.49 -0.44 9.47 155 177 162 173 117 
0.9286 0.0394 -0.1158 0.3505 316.56 13.69 -0.37 0.41 2.81 9.02 -2.5500 2.5700 -0.2300 0.2000 0.8178 -0.7600 1.99 0.43 9.59 166 182 170 171 121 
0.9291 0.0578 -0.0829 0.3557 318.81 10.44 -2.44 1.67 1.28 9.85 -0.0300 1.0700 0.4100 -0.6356 0.6189 -0.8522 1.17 0.03 9.73 164 187 171 179 127 
0.9550 0.0081 -0.0471 0.2927 328.44 3.37 1.50 0.74 0.78 9.67 0.1800 1.5000 -0.1900 -0.6267 1.2967 -1.7489 -0.31 -0.73 9.77 154 190 183 196 136 
0.9845 -0.0662 0.0316 0.1595 344.81 -7.19 9.44 -1.32 -2.80 9.81 -0.6300 -1.1700 -0.0400 -1.0233 1.1911 -0.5856 -2.31 -2.66 9.14 143 195 191 204 144 
0.9689 -0.1772 0.1119 0.1315 343.75 -16.81 21.12 -9.75 -7.56 5.28 -7.1200 -3.9200 -3.3500 -1.2000 0.5289 -0.4811 -3.53 -4.29 8.07 145 208 193 218 164 
0.9440 -0.2718 0.1313 0.1335 342.00 -16.87 31.87 -3.59 -1.94 7.47 -1.4600 2.6600 -1.2100 -3.8389 -1.7133 0.8422 -2.03 -6.92 6.63 3 234 244 252 168 
0.8368 -0.4784 -0.0666 0.2579 321.69 -6.37 65.31 1.75 -11.77 -1.85 2.8600 -1.7900 -5.5900 -3.1289 -1.8322 0.6800 -1.16 -9.62 1.50 104 204 219 207 130 
0.6471 -0.6661 -0.1779 0.3255 304.31 -15.44 91.25 -7.69 -11.58 -0.47 -4.5700 -0.4500 1.9700 -1.5811 0.3089 -0.0144 -3.12 -9.16 -1.52 117 212 224 220 136 
0.5535 -0.7670 -0.1415 0.2922 304.81 -14.63 103.87 -0.05 -8.75 -2.36 2.1200 1.0600 -0.1400 -0.2689 -0.0200 -0.5289 -1.81 -9.32 -2.44 119 221 233 224 140 
0.5491 -0.7498 -0.2415 0.2792 304.62 -6.50 103.06 -4.81 -8.42 -2.96 -4.5000 1.2600 -1.8300 0.4933 -5.7278 -4.5433 1.37 -9.54 -1.78 128 195 209 222 143 
0.5056 -0.4606 -0.6290 0.3695 284.37 21.56 105.87 2.40 -5.58 -9.88 -0.3200 3.1800 -7.5700 1.4833 -6.2233 -3.6611 4.66 -7.84 -3.57 125 203 225 223 144 
0.3320 -0.0716 -0.8253 0.4511 248.50 29.81 115.75 8.03 -6.54 1.35 5.8100 0.9300 3.5200 0.1200 -1.2100 -0.5078 4.98 -7.34 -4.16 128 207 228 233 149 
0.2991 0.0099 -0.8426 0.4478 248.37 30.87 119.25 4.57 -7.30 -3.82 -0.5100 -0.0400 0.1800 -0.1756 0.6711 0.0633 5.16 -7.31 -3.99 137 227 244 249 162 
0.3469 -0.0342 -0.8323 0.4310 260.69 33.88 117.50 7.27 -5.49 0.35 3.1400 3.0900 5.2300 -1.7500 2.8967 0.8378 5.54 -7.14 -3.79 156 393 177 176 116 
0.4477 -0.1695 -0.8016 0.3580 288.87 38.13 113.56 5.79 -7.93 -10.82 1.6500 -3.5800 -9.3600 -0.1344 -0.0678 0.2167 6.14 -7.10 -2.82 147 421 178 177 122 
0.5275 -0.2145 -0.7372 0.3636 289.87 38.06 98.25 4.36 -7.12 1.05 -1.8900 0.9400 1.7100 0.4922 1.4900 0.0433 6.03 -7.72 0.12 132 418 185 182 128 
0.5833 -0.2266 -0.6651 0.4075 287.44 35.00 89.56 4.91 -6.99 -1.64 -0.6700 0.7400 -1.9700 2.9222 -0.9389 0.1689 5.45 -8.08 0.96 133 417 182 187 124 
0.5344 -0.1007 -0.6517 0.5287 269.12 34.81 82.19 4.03 -7.62 1.87 -4.0000 0.8100 0.0900 -3.1033 0.1511 -0.6711 5.63 -8.02 -0.10 137 416 191 175 130 
0.5316 -0.1782 -0.7040 0.4360 282.00 36.50 86.75 -17.93 -1.35 14.70 0.3700 5.5300 13.5100 -0.8556 -1.0856 1.2533 6.11 -7.57 1.16 134 411 183 194 134 
0.5984 -0.1828 -0.6351 0.4529 289.19 37.44 85.75 6.75 -4.66 2.57 0.4500 2.6700 2.0500 -3.5900 2.5289 -1.9000 6.90 -6.93 -0.54 2 392 216 210 162 
0.7052 -0.3051 -0.6194 0.1610 347.37 52.88 72.62 5.41 -5.37 -1.90 -3.1700 -0.0900 -3.8900 2.8578 5.1689 -2.6444 7.21 -3.34 5.74 162 317 258 257 173 
0.9114 -0.0926 -0.3950 -0.0683 8.56 46.38 -1.00 12.32 3.90 7.71 2.8800 2.7200 0.8800 3.0644 0.7733 -0.2411 6.63 2.23 6.86 176 331 307 306 189 
;
