-0.3516 0.0291 0.4202 0.8360 134.37 20.06 -46.56 3.37 6.60 6.30 -0.0700 -0.0700 -0.0200 0.0167 -0.0011 -0.0111 3.37 6.69 6.32 184 321 312 304 206 
-0.3505 0.0302 0.4210 0.8361 134.50 20.19 -46.69 3.24 6.62 6.30 -0.1800 -0.0400 0.0000 -0.0656 -0.0756 0.0189 3.43 6.65 6.32 183 320 316 305 208 
-0.3489 0.0369 0.4197 0.8371 134.75 21.00 -46.06 3.07 6.78 7.30 -0.8600 0.1600 1.1100 -0.2467 -0.5489 0.1400 3.86 6.43 6.31 181 365 252 212 184 
-0.3362 0.1109 0.4201 0.8355 136.25 30.56 -44.63 9.44 9.52 10.94 3.9100 3.7100 4.8600 -1.6644 -1.9856 2.0644 6.94 4.20 5.50 146 271 159 161 125 
-0.3854 0.3431 0.3698 0.7727 123.50 57.56 -27.75 13.33 4.15 2.15 2.6900 1.7000 -2.8100 0.1633 1.3889 3.6322 8.20 -0.13 5.37 142 193 156 158 124 
-0.5920 0.3566 0.2247 0.6869 95.87 45.63 11.88 4.19 -2.87 1.96 -2.4200 -1.4900 -5.5200 0.6856 2.3867 2.0456 5.13 -2.04 8.10 136 203 161 159 128 
-0.7339 0.2065 0.1158 0.6367 80.94 23.06 7.75 0.11 0.51 5.09 -3.1800 1.6500 -3.4500 1.9344 1.0411 0.9022 2.77 -0.03 9.40 146 218 159 166 129 
-0.7919 0.0551 0.1144 0.5973 72.81 13.81 -4.56 0.59 2.75 8.47 -1.1300 1.7100 -1.1800 0.5967 -0.2500 0.6689 2.50 1.06 9.42 152 218 164 170 130 
-0.8073 0.0255 0.1375 0.5734 71.81 14.06 -6.69 3.05 2.83 9.45 0.9100 1.9200 0.0300 -0.5722 0.1433 -0.5244 2.30 0.84 9.49 151 216 169 172 131 
-0.7708 0.0368 0.0947 0.6289 80.00 10.13 -3.12 2.23 1.88 9.58 1.0000 1.5300 -0.0400 -1.0089 1.1689 -1.5889 0.89 -0.04 9.76 148 222 161 174 134 
-0.7062 0.0352 0.0055 0.7071 91.94 1.62 4.31 2.96 -1.86 8.55 1.0800 -2.6000 -1.5100 -1.1922 1.9733 -1.0211 -1.02 -1.70 9.60 145 220 163 176 136 
-0.6526 0.0062 -0.1238 0.7474 97.37 -9.75 11.50 -4.97 -3.48 9.72 -3.4600 -1.5800 0.2000 -0.6067 1.4778 -0.9600 -2.42 -2.44 9.18 148 215 169 178 139 
-0.6270 -0.0092 -0.1721 0.7597 100.87 -13.13 15.13 -2.59 -2.37 8.85 -0.9300 -0.1300 -0.5700 -0.1911 -0.0667 -0.1222 -2.11 -2.67 9.19 151 263 177 179 140 
-0.6284 0.0261 -0.1639 0.7600 100.37 -6.81 17.19 -2.25 -3.28 6.94 -0.3700 0.4400 -2.6900 -1.2178 -0.5300 -1.0567 -0.27 -3.67 9.08 161 293 192 181 141 
-0.5615 0.1353 -0.2187 0.7865 114.25 -0.81 34.94 3.59 -2.74 5.24 3.3200 1.6600 -2.4300 -2.7211 7.4211 -2.6722 -2.03 -7.54 5.92 181 413 164 200 147 
-0.2355 0.0231 -0.4703 0.8502 152.44 -10.31 56.13 -5.18 -9.60 4.35 -3.6000 -1.4400 -1.4700 0.2356 0.1400 -1.5144 -1.06 -8.25 5.18 197 414 192 206 148 
-0.1086 0.0249 -0.4590 0.8813 169.25 -2.56 51.88 1.44 -6.46 9.66 1.9400 0.1600 2.7600 1.2222 0.7167 -0.5344 -0.37 -6.94 6.90 196 423 197 201 149 
-0.0367 -0.0046 -0.3552 0.9341 175.94 -2.12 39.44 2.13 -2.99 6.60 3.1600 3.1200 -1.1300 1.4700 -0.0033 0.3511 -0.58 -5.23 8.27 190 424 197 201 147 
-0.0707 -0.0159 -0.2450 0.9668 168.31 -3.06 25.94 2.00 -8.12 17.26 1.8600 -3.5800 9.2500 -0.4811 -1.2867 2.3889 -0.38 -4.28 8.81 184 424 195 200 148 
-0.2523 0.0424 -0.2527 0.9331 146.50 -3.69 33.56 -4.43 -5.72 12.99 -2.6800 1.8300 3.7400 -3.2844 0.6911 1.0133 -1.39 -7.11 6.59 173 425 197 200 149 
-0.3002 0.0560 -0.4677 0.8295 140.25 -11.94 59.56 -5.72 -3.95 2.96 -4.2300 4.4300 -1.1800 -1.5889 1.6367 -0.6822 -2.22 -8.98 3.23 173 425 200 201 150 
-0.1938 0.0278 -0.6044 0.7723 156.62 -9.31 76.06 -4.06 -3.69 -0.03 -2.3300 5.9100 -2.2500 0.1911 1.4944 -1.8144 -0.58 -9.54 2.16 173 419 198 199 150 
0.0013 -0.0018 -0.6099 0.7925 183.19 0.69 73.87 1.69 -2.78 1.57 1.4700 6.2100 -1.5300 1.7611 1.6478 -0.9422 0.40 -8.90 4.08 172 421 203 201 151 
0.1337 -0.0549 -0.4915 0.8588 199.19 1.87 53.88 10.13 -1.85 8.71 10.1600 4.6500 3.6400 3.2644 0.0944 0.9100 -0.10 -6.20 7.59 175 421 207 201 152 
0.0861 -0.0266 -0.2634 0.9604 187.00 0.19 28.75 0.80 -8.86 16.93 -1.1900 -4.3700 8.4400 0.5911 -2.3856 2.6244 0.74 -4.24 8.81 175 418 205 203 151 
-0.1255 0.0842 -0.2283 0.9618 163.12 6.81 29.12 -3.96 -4.29 7.25 -4.7100 0.8700 -1.4200 -0.3978 -0.0589 0.1733 1.27 -5.10 8.27 175 416 208 205 150 
-0.1586 0.1050 -0.2545 0.9482 161.31 6.50 30.69 -0.53 -3.96 7.73 -2.4800 -0.1200 -1.0000 2.0833 -1.9211 -0.8333 2.16 -3.86 8.74 167 381 225 210 160 
-0.1780 0.2556 -0.0745 0.9473 153.56 44.25 11.31 9.14 -1.79 0.25 3.2700 0.1700 -6.3200 4.1511 -12.5622 2.7533 9.31 -2.08 -2.24 181 252 300 353 223 
-0.3107 0.8543 0.2493 0.3339 82.94 38.06 149.75 -1.37 -0.54 -3.51 -5.9600 1.6600 2.0700 -2.1467 -2.8400 -0.4589 3.56 -2.74 -8.71 197 260 307 373 227 
-0.1221 0.9478 0.2677 0.1227 148.62 15.63 174.12 4.94 -0.09 -11.43 3.4700 0.2800 -4.2500 -2.4567 -0.8256 0.0178 2.08 0.94 -9.53 200 276 316 373 228 
0.0491 0.9578 0.2529 0.1274 150.75 12.50 -169.37 3.76 1.34 -12.44 0.8600 0.1100 -1.9700 -0.1322 0.8178 0.0689 2.60 1.97 -9.24 200 284 312 379 229 
0.0585 0.9507 0.2514 0.1719 149.94 17.94 -168.25 7.43 0.14 -18.62 5.4900 -2.4100 -12.4700 2.4656 -0.7267 0.9467 2.92 0.52 -9.34 210 415 348 388 229 
-0.2119 0.9300 0.2415 0.1786 60.63 31.06 142.25 4.70 1.53 -7.81 -3.1300 6.9900 -2.1900 5.2311 3.1667 2.4400 5.08 -8.12 -2.05 214 430 348 419 227 
-0.6505 0.7165 0.0949 0.2336 39.75 25.94 88.37 -1.87 0.83 0.16 -5.7600 8.5400 -0.3500 0.4400 1.2356 -0.1244 4.18 -8.78 1.20 213 430 356 419 227 
-0.6964 0.6547 0.0380 0.2916 46.69 26.31 80.75 3.06 -6.71 1.43 -1.0500 1.7900 0.0800 -0.2678 0.1200 -0.2356 4.52 -8.60 1.30 215 434 364 422 228 
-0.6776 0.6620 0.0352 0.3185 50.81 28.12 82.62 3.10 -6.97 0.85 -1.5700 1.8200 -0.1700 -0.3200 -0.0278 -0.5900 4.94 -8.42 0.86 213 421 356 373 224 
;
