0.1093 0.1301 0.2493 0.9534 193.06 11.13 -30.87 1.84 5.01 8.22 -0.0400 0.0200 -0.0300 -0.0222 -0.0467 0.0100 1.92 4.93 8.25 168 358 365 395 212 
0.1100 0.1323 0.2482 0.9533 193.12 11.38 -30.81 2.24 5.23 8.25 0.2800 0.2200 -0.0100 -0.1044 0.5122 -0.0322 1.68 4.88 8.33 168 358 364 391 212 
0.1021 0.1047 0.2512 0.9568 191.56 8.00 -31.12 4.46 5.68 8.77 3.6700 0.6200 1.8900 2.6922 2.8678 1.7656 0.65 6.19 7.57 187 355 263 369 215 
-0.0432 -0.0505 0.3627 0.9295 168.31 -4.62 -43.94 -5.10 7.89 7.92 1.2400 6.5300 7.4200 -1.2656 -6.2756 5.4744 4.45 5.95 6.39 160 222 143 157 130 
-0.2808 0.2686 0.2811 0.8775 137.19 42.31 -14.88 7.79 3.68 2.58 1.0500 1.2100 -4.5400 0.6411 0.7278 3.4911 6.55 -0.29 7.28 131 201 152 177 137 
-0.5375 0.2716 0.1459 0.7849 108.25 32.94 5.31 1.30 -1.76 3.31 -3.4200 -0.2000 -5.0500 0.6733 1.3900 2.2078 3.99 -1.23 8.86 134 197 161 180 138 
-0.6761 0.1638 0.0788 0.7141 91.94 18.25 6.12 0.76 0.51 5.68 -2.1200 1.9000 -2.6600 0.9767 0.1667 1.1678 2.53 -0.56 9.45 143 194 156 180 137 
-0.7338 0.0997 0.0768 0.6676 83.06 14.75 2.31 2.36 2.17 10.07 -2.1700 1.8900 0.4000 -0.6844 0.4911 -0.6111 2.42 -0.70 9.47 143 195 165 180 139 
-0.7241 0.1169 0.0539 0.6776 87.87 12.69 6.81 3.58 1.84 10.03 1.6000 3.2000 0.6800 -1.3378 1.4100 -1.4756 1.48 -1.84 9.51 144 197 163 184 143 
-0.6386 0.1184 -0.0635 0.7578 102.25 3.75 16.69 3.77 -4.55 8.40 2.6300 -1.9700 -0.9000 -1.7456 2.2556 -0.8322 -0.45 -3.97 8.95 139 211 176 188 146 
-0.5662 0.0916 -0.2297 0.7863 106.37 -7.37 28.87 -4.92 -6.22 7.36 -4.6300 -1.6900 -1.0400 -0.5767 0.8911 -0.1689 -1.67 -5.06 8.22 140 202 184 190 149 
-0.5760 0.1038 -0.2709 0.7642 105.81 -8.19 33.50 -1.33 -3.56 7.91 -1.1000 2.0400 -0.4400 -1.1622 -1.7133 0.1478 -0.62 -5.96 7.76 153 232 196 218 185 
-0.5891 0.2437 -0.2620 0.7245 102.06 6.81 44.63 1.93 -7.98 6.79 2.4900 -1.2400 0.6500 -1.3078 -0.5933 -0.7078 1.98 -7.36 6.16 148 306 330 364 214 
-0.5179 0.3699 -0.2753 0.7205 112.00 15.25 54.69 6.12 -7.51 10.51 3.6500 0.0000 5.2300 -2.0444 1.3233 -0.2789 2.21 -8.43 4.48 153 327 338 388 218 
-0.3864 0.3419 -0.4655 0.7191 124.00 4.06 76.19 2.56 -8.63 -0.65 1.4700 1.0900 -3.0700 -3.1356 1.6967 1.6767 -0.69 -9.78 -0.02 155 335 341 391 217 
-0.3311 0.2828 -0.6882 0.5803 119.87 -8.00 97.19 -3.46 -8.11 -11.39 -1.8400 1.4200 -11.7500 4.5244 -1.8678 -0.6122 -0.96 -9.56 1.91 159 396 356 414 218 
-0.4493 0.2421 -0.4088 0.7566 119.19 5.12 41.75 3.83 8.57 0.24 8.1300 16.5600 1.2100 9.6189 -1.5911 -1.4856 2.20 -0.13 9.55 160 381 362 408 218 
-0.5084 0.0529 0.0754 0.8562 119.44 10.31 0.00 4.53 10.24 21.33 2.6000 11.5900 3.3100 -9.9333 0.1167 -1.1600 2.03 -6.56 6.99 162 346 340 379 218 
-0.3374 0.3623 -0.4767 0.7264 128.75 9.25 89.19 -1.01 -7.77 -28.88 -2.4400 1.9500 -26.5200 3.1211 -0.4622 0.2867 0.85 -9.76 0.06 153 330 326 387 217 
-0.4312 0.3397 -0.4070 0.7301 117.56 12.25 44.94 9.88 11.97 20.89 -1.5200 13.5700 16.3400 5.5100 0.0444 -0.2378 2.64 -1.71 9.28 165 348 343 389 217 
-0.5341 0.1725 0.0524 0.8260 114.94 19.94 5.06 5.51 1.00 10.59 0.8100 0.7200 -0.3400 -0.3278 0.6500 -0.4700 2.85 -0.78 9.34 172 313 366 420 216 
-0.5156 0.1548 0.0944 0.8374 113.50 27.06 -2.62 -0.03 -3.57 2.74 -5.9600 -5.1400 -5.4100 0.8111 -9.4022 8.3667 8.98 -2.51 3.01 200 361 353 399 219 
-0.5618 0.7184 0.3307 0.2428 39.63 31.81 128.44 1.27 0.76 -7.92 -4.3000 4.5200 -1.3900 -5.7789 -4.7789 2.5989 2.19 -3.66 -8.82 198 274 287 343 224 
-0.1220 0.9728 0.1766 0.0875 159.12 14.31 173.37 8.53 -0.86 -16.60 7.6000 -2.4400 -10.1600 -1.6211 0.9567 -0.0900 2.57 0.86 -9.42 203 299 301 360 224 
0.0222 0.9741 0.1691 0.1487 160.06 16.94 -175.00 1.94 1.46 -8.72 -0.4800 0.8100 0.8100 0.0556 -0.0311 0.1100 2.94 0.62 -9.33 203 306 301 362 227 
0.0023 0.9709 0.1736 0.1652 159.50 19.19 -176.25 6.21 1.48 -8.96 3.2000 0.9100 0.0000 0.0933 1.2411 -0.1900 3.94 0.57 -8.95 200 303 313 369 226 
;
