0.6600 0.2768 0.1425 0.6838 267.94 11.00 -34.69 1.83 5.43 7.86 -0.0700 -0.0300 -0.0300 -0.0522 -0.0289 0.0178 1.90 5.45 7.92 168 381 372 395 224 
0.6599 0.2760 0.1386 0.6849 267.94 11.25 -34.31 1.95 5.46 7.87 0.0500 0.0700 0.0800 0.1067 -0.1511 -0.0633 1.97 5.52 7.85 169 356 358 378 222 
0.6484 0.2825 0.1606 0.6885 262.75 9.69 -37.69 -0.46 9.76 18.26 7.1400 2.4300 11.6700 0.6844 -3.8444 5.7600 4.76 5.66 6.43 166 205 165 168 130 
0.3779 0.4899 0.0159 0.7854 222.75 49.88 -23.19 7.74 5.13 2.81 -0.1700 2.4900 -5.1600 -0.8689 1.9733 5.0656 6.66 -0.65 7.16 159 206 173 172 140 
0.0848 0.2930 -0.1283 0.9437 183.44 31.37 15.00 0.51 -1.33 2.39 -3.3900 1.5700 -5.1400 2.2467 0.3522 2.9889 4.29 -1.98 8.59 164 205 173 175 142 
-0.1548 0.2143 -0.0488 0.9632 159.37 22.06 8.38 3.16 2.50 6.66 -0.6300 4.0300 -1.7400 0.6078 0.2867 0.9144 3.33 -1.00 9.16 162 198 179 177 142 
-0.2278 0.1798 -0.0216 0.9567 153.06 19.37 9.31 3.54 1.85 7.97 2.1800 2.7200 -1.2700 -1.9011 2.7544 -2.5722 2.41 -2.31 9.21 166 189 176 184 147 
-0.0756 0.1245 -0.1412 0.9792 175.44 11.38 20.19 4.11 -5.28 7.75 2.1200 -1.5300 -1.1900 -1.3944 1.5533 -0.5689 1.19 -4.22 8.77 160 184 186 196 153 
0.0157 0.0338 -0.2432 0.9693 179.94 3.44 29.12 -2.82 -6.49 8.04 -4.4800 -0.2800 0.1300 -0.9178 2.0089 -1.0078 -0.01 -5.28 8.26 167 193 197 199 159 
0.0319 0.0022 -0.2917 0.9559 182.69 2.19 34.31 -0.86 -3.50 7.04 -2.5500 2.4200 -1.0200 -2.2622 -3.3122 1.3311 1.60 -6.84 6.83 166 297 195 196 153 
-0.1134 0.2180 -0.4465 0.8604 161.44 21.69 68.31 2.06 -7.43 -7.34 -1.9600 1.2900 -10.1300 -3.6867 -6.7956 -1.6944 5.19 -8.20 -1.35 161 412 188 185 143 
-0.1837 0.6449 -0.4772 0.5681 139.50 34.31 112.31 15.18 -9.06 -5.13 8.4500 -1.1300 -1.6900 2.2289 -0.3322 -0.1189 5.54 -7.78 -2.20 170 421 185 188 145 
-0.2993 0.6685 -0.3497 0.5842 124.06 35.06 96.56 8.81 -7.58 -1.52 3.3400 0.0000 -2.1700 4.1178 3.6467 -0.3189 5.86 -7.60 2.00 154 420 185 186 145 
-0.3987 0.6119 -0.2126 0.6492 118.56 37.63 80.56 4.33 -7.98 -2.48 0.0600 -1.6600 -5.5800 -1.0422 -1.2567 0.3667 5.87 -7.83 0.44 155 421 187 193 147 
-0.3530 0.5900 -0.2569 0.6792 123.31 38.63 77.44 12.79 -3.96 4.92 6.7300 3.1100 1.6900 -2.8367 4.5833 -0.6356 5.91 -7.53 2.09 162 368 245 278 205 
-0.1665 0.5115 -0.4265 0.7272 172.06 37.38 83.75 9.63 -4.96 -1.15 9.2000 3.0200 -4.5600 -9.0233 6.0489 3.1844 4.87 -8.43 -1.16 146 270 283 295 217 
0.2064 -0.0358 -0.7972 0.5662 219.69 8.75 111.94 1.99 -2.52 -7.92 -0.5400 5.6700 -3.7200 -2.7156 2.4522 4.2822 -0.82 -7.87 -5.78 123 276 281 281 202 
0.1474 -0.4287 -0.7915 0.4099 220.31 -7.12 127.87 -6.13 -2.17 -14.10 -8.1200 6.7900 -12.1100 3.7589 1.8900 -1.6067 0.03 -8.86 -4.19 136 313 304 332 222 
0.4714 -0.3258 -0.5817 0.5773 262.56 11.88 72.75 11.95 6.33 39.82 7.1700 6.7300 35.6000 -2.9433 -1.8967 0.5222 2.50 -9.20 2.29 145 345 330 366 230 
0.4398 -0.2861 -0.6618 0.5354 255.69 13.63 101.12 -4.21 -5.43 -16.63 -11.0100 1.6100 -20.0000 -1.1978 -0.1200 0.4344 1.71 -9.09 -3.24 147 318 312 347 225 
0.4517 -0.2918 -0.6464 0.5413 264.81 18.31 73.25 3.29 9.20 26.68 0.5200 16.5200 24.8400 -0.2633 -1.8867 -0.8322 4.22 -7.75 4.25 162 327 331 385 231 
0.5419 -0.1697 -0.5886 0.5754 263.81 25.44 81.12 2.60 -7.45 -2.04 -1.8700 1.4100 -2.4700 -1.4422 -0.5856 0.5244 3.71 -9.06 -0.35 159 326 317 351 228 
0.4526 -0.1983 -0.6750 0.5479 258.87 24.19 83.25 1.45 -4.97 -3.41 -3.1100 3.9700 -6.1100 6.7100 1.8478 -2.8556 4.88 -6.68 5.25 152 299 296 315 216 
0.6463 0.0753 -0.3053 0.6953 267.31 27.37 6.62 3.57 9.96 10.40 0.3800 9.3500 1.9800 3.4322 2.8467 -0.8200 2.66 2.57 9.07 166 383 351 406 233 
0.6616 0.1937 0.1260 0.7134 265.31 6.00 -29.44 8.47 26.52 35.76 9.1800 -6.1600 4.4000 0.1178 -0.9378 -0.5589 1.96 4.97 8.22 160 416 371 417 233 
0.6747 0.2703 0.1224 0.6758 270.25 10.81 -33.50 0.19 7.52 8.19 -2.9800 1.7700 1.2000 -0.3367 0.2300 -0.1844 1.19 5.28 8.17 158 424 372 416 231 
;
