0.8737 -0.0583 -0.3824 -0.2949 37.25 44.63 -10.00 6.78 1.17 6.96 -0.0900 -0.0400 0.0600 -0.0200 -0.0300 0.0067 6.90 1.20 6.86 175 356 351 402 212 
0.8730 -0.0599 -0.3836 -0.2952 37.38 44.94 -9.81 6.67 1.10 6.79 -0.1600 -0.0700 0.0300 -0.0556 -0.1767 0.0344 7.02 1.13 6.74 163 369 348 392 212 
0.8654 -0.0804 -0.4033 -0.2862 35.81 50.69 -5.56 10.49 0.82 10.50 3.1800 0.5000 4.4100 -2.1033 -1.4689 0.7000 8.24 -0.63 5.27 166 351 155 195 140 
0.8120 -0.2578 -0.4510 -0.2661 34.81 59.63 31.25 12.75 -3.47 5.48 2.3200 -0.7300 -0.4300 -0.4889 0.3500 2.4089 7.76 -4.24 4.23 105 211 157 174 112 
0.8555 -0.3407 -0.3547 -0.1620 18.12 41.06 37.56 4.61 -4.25 2.17 -1.3400 0.1300 -3.3600 2.3022 3.0044 0.7722 4.57 -3.61 7.88 117 205 177 178 116 
0.9664 -0.1671 -0.1690 -0.0977 10.44 17.62 14.44 1.15 -0.20 5.37 -2.3300 2.2500 -3.0000 2.0889 0.9422 0.5389 1.85 -1.03 9.57 136 207 180 181 120 
0.9957 -0.0320 -0.0720 -0.0490 4.69 6.94 2.56 0.30 1.50 9.28 -0.6300 1.8700 -0.6400 0.1389 0.3456 0.2622 0.86 -0.37 9.76 140 213 185 185 121 
0.9985 -0.0182 -0.0356 -0.0355 5.37 3.44 2.25 0.42 1.71 9.47 0.3300 2.5800 0.1700 -0.6033 0.1289 -0.5856 0.50 -0.76 9.76 129 209 190 188 125 
0.9933 -0.0679 -0.0054 -0.0935 11.50 -0.44 10.81 2.49 -0.94 10.02 2.4900 0.2600 -0.4100 -2.2067 2.3178 -0.7733 -1.50 -3.50 9.03 122 192 197 192 129 
0.9559 -0.2086 0.1687 -0.1193 13.25 -19.56 29.69 -7.71 -7.04 4.97 -5.4900 -1.1300 -1.5700 -0.4922 1.6822 -0.1433 -4.34 -4.93 7.27 126 207 204 203 140 
0.9204 -0.2501 0.2728 -0.1262 16.69 -23.87 37.06 -6.48 -2.30 7.79 -1.3800 4.0200 1.2900 -1.7667 -0.9656 -1.9544 -2.49 -6.79 6.61 155 294 276 294 193 
0.8638 -0.3984 0.2230 -0.2129 30.44 -11.19 58.38 2.49 -7.41 4.19 2.8600 -0.5000 -1.2400 -4.5900 1.6489 -1.7611 -1.19 -9.55 1.85 167 384 334 437 212 
0.6505 -0.6354 0.3101 -0.2773 48.69 -1.19 94.19 2.37 -10.13 -7.74 2.4300 0.0000 -7.1600 0.6222 0.2300 -0.2778 0.02 -9.78 -0.59 161 368 329 436 213 
0.6928 -0.5947 0.2612 -0.3132 47.56 0.75 74.62 3.15 -0.61 -5.65 2.2400 9.2700 -9.2700 8.7500 -1.5456 0.1089 0.83 -5.18 8.28 175 373 355 436 220 
0.9387 -0.0975 -0.0561 -0.3260 35.56 14.19 -4.19 5.32 9.02 18.40 2.9700 7.5400 10.1000 3.2567 -2.3644 0.0856 4.05 2.83 8.46 177 370 363 423 222 
0.9167 0.0611 -0.2809 -0.2773 34.00 30.75 -16.69 6.00 2.34 7.33 -0.3700 -0.8100 -2.2100 -0.9811 -1.6967 0.2122 6.22 1.61 7.40 179 352 337 387 220 
;
