0.2291 0.1627 0.1603 0.9462 206.81 13.63 -23.06 2.57 3.75 8.76 0.2400 0.0200 -0.0500 0.0322 0.1722 0.1278 2.26 3.74 8.77 162 315 315 318 201 
0.2170 0.1569 0.1655 0.9492 205.62 13.00 -23.06 2.45 3.76 8.75 0.2700 0.0000 -0.0300 -0.0411 0.0744 0.0144 2.19 3.72 8.80 162 316 314 317 201 
0.2149 0.1486 0.1672 0.9507 205.37 11.63 -22.81 1.82 5.50 13.13 1.0800 1.7300 4.0100 -0.9600 0.5678 2.6978 2.15 2.99 9.08 161 325 194 219 166 
0.0743 0.1247 0.1261 0.9813 186.00 16.19 -15.06 8.34 4.56 12.52 6.0800 4.1700 2.7300 0.7144 -3.5511 4.3944 6.09 1.14 7.59 117 176 160 163 125 
-0.2212 0.3445 0.1181 0.9047 140.69 44.81 -2.12 7.25 2.14 3.18 -1.0200 1.3200 -4.3700 1.2378 2.4800 3.7444 6.02 -1.11 7.65 126 200 165 170 129 
-0.5435 0.2623 0.0937 0.7919 106.62 27.75 8.44 0.73 0.50 4.41 -3.0300 2.3400 -3.3800 1.6144 1.2900 1.8167 3.50 -0.72 9.13 135 218 170 176 131 
-0.6816 0.1263 0.0978 0.7141 90.50 17.25 0.75 0.81 3.02 8.05 -1.6000 2.8400 -1.2400 0.5656 -0.4544 1.1867 3.03 0.10 9.32 145 207 174 177 132 
-0.7146 0.0995 0.1022 0.6848 89.19 15.00 0.88 6.89 3.13 9.56 7.2900 5.3100 1.3900 -1.6856 3.5000 -3.7778 0.71 -0.87 9.74 132 222 178 186 140 
-0.4885 -0.0308 -0.1660 0.8561 127.44 -19.37 22.50 -2.39 -7.37 3.51 2.2900 -4.8900 -4.1700 -1.1900 1.7022 0.5656 -4.42 -4.49 7.51 130 252 181 187 143 
-0.4203 -0.1122 -0.3274 0.8387 128.31 -27.69 31.94 -5.53 -4.52 7.48 1.0200 0.9000 0.1900 -0.1100 -0.5544 -0.0344 -4.27 -4.73 7.44 132 248 183 193 144 
-0.4258 -0.0667 -0.3249 0.8419 125.19 -20.75 32.13 -6.76 -4.76 5.48 -3.9400 0.3300 -2.9200 -0.4256 -4.9544 0.8378 -1.24 -5.07 8.29 186 208 198 217 161 
-0.5464 0.2235 -0.1965 0.7828 106.00 16.75 38.56 3.56 -10.42 -0.82 -0.8600 -1.2000 -4.6500 -0.0378 -6.2833 -1.0333 5.95 -5.92 5.06 206 189 198 198 144 
-0.5345 0.4891 -0.0457 0.6877 102.56 41.44 52.50 8.29 -5.71 -0.74 -2.9000 -0.4300 -5.7600 0.9856 -3.1167 -0.4633 7.46 -5.57 3.06 209 185 195 198 136 
-0.5255 0.6034 0.1211 0.5875 97.81 62.69 64.44 -4.54 4.01 0.64 -13.4000 8.8200 -0.1400 -0.2033 -2.5700 -5.3367 9.80 0.01 -0.18 206 195 198 198 138 
-0.2589 0.5660 0.4538 0.6378 142.12 67.19 -97.12 34.91 11.56 -1.65 25.1800 6.5100 -0.2800 0.1911 -0.1656 1.6989 9.16 3.34 -0.98 209 200 205 202 139 
-0.2498 0.5984 0.4396 0.6215 135.25 76.37 -116.50 3.28 0.82 -1.69 -5.8900 -0.7500 -0.6500 -0.4289 0.5856 -0.0822 9.58 1.96 -0.61 208 198 202 205 142 
-0.2355 0.6220 0.3997 0.6308 139.00 75.69 -120.06 11.73 2.59 -1.70 2.4000 0.0200 0.3000 1.2122 -0.2544 0.2733 9.45 1.81 -1.87 207 307 178 208 154 
-0.2852 0.6221 0.4399 0.5815 123.37 78.94 -136.69 15.63 1.36 -0.75 6.3100 -0.3200 0.0700 2.3211 -0.8133 2.2900 9.66 -0.25 -1.64 143 403 180 180 128 
-0.4455 0.6465 0.4357 0.4400 78.06 67.56 127.19 10.52 -5.89 -4.89 1.3700 -3.0700 -3.7100 3.0978 1.1889 1.8933 8.46 -4.87 -0.84 128 410 198 187 125 
-0.6680 0.5647 0.3800 0.3009 45.31 57.38 71.12 3.25 -1.49 -0.45 -5.8300 4.2400 -3.1000 3.4933 1.3900 -0.9322 8.19 -3.67 3.93 134 408 203 190 127 
-0.8058 0.3138 0.3949 0.3104 43.38 55.63 22.06 7.79 4.10 3.67 0.4600 5.4000 -2.3300 -1.0656 1.1022 -0.4822 7.78 -1.91 5.64 139 403 207 192 129 
-0.7971 0.3120 0.3096 0.4140 60.31 46.75 23.75 8.41 -2.54 1.71 3.1200 -0.6700 -4.2900 -3.4722 1.2011 -1.1956 6.96 -3.58 5.89 136 413 211 197 131 
-0.7199 0.4153 0.1901 0.5226 70.19 45.19 36.56 5.27 -5.48 11.78 -2.2800 -0.3100 6.2900 -0.0989 1.4278 -0.4100 6.57 -3.98 6.07 136 413 211 197 132 
-0.7217 0.4109 0.1593 0.5338 73.00 41.94 35.44 4.56 -2.99 5.58 -2.4800 1.5100 -0.5100 -0.4500 -0.5089 -0.0589 6.83 -4.45 5.44 144 411 211 198 137 
;
