-0.1046 0.5412 0.2239 0.8038 165.12 66.56 -38.44 9.21 2.36 2.77 0.0600 -0.0700 -0.2600 0.0111 -0.0356 -0.0156 9.01 2.42 3.00 159 299 319 360 204 
-0.1029 0.5453 0.2250 0.8009 165.31 66.94 -39.38 9.07 2.39 2.73 0.0000 -0.0400 -0.1800 -0.0044 -0.0822 0.0000 9.04 2.43 2.91 163 300 317 355 201 
-0.1015 0.5495 0.2256 0.7980 165.50 67.31 -40.25 9.07 2.46 2.75 0.0600 0.0100 -0.1200 0.0100 -0.0411 -0.0156 9.05 2.45 2.84 160 299 317 356 200 
-0.1003 0.5513 0.2268 0.7966 165.62 67.50 -40.94 9.05 2.47 2.71 0.0300 0.0300 -0.1300 -0.0422 -0.0756 0.0133 9.08 2.43 2.78 162 315 310 327 200 
-0.0988 0.5696 0.2161 0.7868 165.69 72.44 -43.38 16.33 2.45 6.21 8.5900 1.7600 4.1200 0.5767 1.0489 0.2711 9.36 1.81 2.29 143 246 215 203 161 
-0.1473 0.5475 0.2093 0.7967 156.56 66.37 -24.75 15.43 1.93 4.29 4.3600 -0.2000 -2.7100 -0.7422 3.8844 1.6467 7.47 0.42 6.33 148 194 188 199 143 
-0.3043 0.3309 0.0746 0.8901 139.50 35.31 6.94 2.80 -2.40 0.53 -2.6300 -0.7900 -7.5700 1.2322 3.2878 1.2222 3.13 -0.72 9.26 150 200 197 198 146 
-0.4274 0.0969 0.0396 0.8979 128.50 10.00 -1.06 -0.99 2.44 6.19 -2.2900 1.9900 -2.8700 1.2533 1.3511 0.0489 0.54 1.30 9.70 153 203 194 201 148 
-0.4516 -0.0175 0.0815 0.8883 125.25 2.75 -9.88 0.62 3.79 8.96 0.5400 1.8400 -0.2100 -0.1200 -0.7322 0.4989 0.97 1.69 9.60 155 205 197 205 149 
-0.4597 -0.0128 0.0699 0.8852 126.81 0.50 -6.25 2.91 3.20 10.13 3.9000 2.6500 0.3800 -1.0711 1.1789 -1.3633 -0.84 0.28 9.76 146 234 196 213 155 
-0.3474 -0.0996 -0.0811 0.9289 145.19 -22.37 10.94 -3.27 -5.47 7.01 0.0900 -3.5600 -1.4000 -1.8722 2.5300 -0.5533 -5.90 -3.61 6.95 142 219 218 222 161 
-0.2242 -0.2824 -0.2989 0.8835 151.56 -39.88 33.00 -9.74 -6.15 4.50 -2.7500 -1.2400 -1.1200 0.0889 -0.2867 -0.4922 -6.03 -4.36 6.38 153 237 230 227 174 
-0.2265 -0.2354 -0.3099 0.8929 149.12 -30.00 31.19 -8.98 -3.48 3.67 -5.5200 1.2500 -5.9200 -0.7111 -7.8878 1.0756 -1.10 -4.68 8.54 173 270 288 356 223 
-0.4434 0.3261 -0.2055 0.8092 118.00 27.87 50.44 0.04 -2.28 -6.88 -4.6200 5.4200 -9.4100 -6.1200 -5.9133 -0.7544 6.28 -7.33 -1.70 185 275 321 371 227 
-0.2540 0.8492 -0.2028 0.4163 131.06 36.25 144.75 9.23 0.63 -15.34 5.0900 3.4000 -6.5400 -4.4556 -1.1089 -0.5656 5.23 -0.90 -8.24 204 289 316 372 228 
0.1060 0.9304 -0.2578 0.2380 210.75 30.06 -172.19 6.62 3.57 -11.48 1.7600 1.6400 -3.5200 -1.0633 0.9511 -0.7622 5.31 2.38 -7.89 207 308 321 373 228 
0.2017 0.9170 -0.2187 0.2657 206.56 35.56 -161.56 5.99 2.86 -8.69 -0.5600 0.1800 -1.2700 0.3711 -0.1289 0.0922 5.66 2.37 -7.64 207 312 321 375 229 
0.1799 0.9225 -0.2132 0.2667 205.12 34.81 -165.87 6.55 1.95 -11.17 3.1300 -0.0900 -5.7800 0.8256 -0.1167 0.5700 5.52 1.18 -8.01 204 308 332 371 228 
0.0435 0.9283 -0.2223 0.2947 207.62 37.25 167.94 10.32 0.81 -18.32 0.8700 5.7000 -7.3300 9.4700 3.2078 3.0800 6.40 -7.04 -2.33 214 436 368 419 232 
-0.4584 0.6624 -0.2120 0.5533 95.50 28.00 80.81 -1.57 2.37 2.10 -5.7100 10.8700 0.1600 1.5233 1.4478 0.9222 3.47 -8.64 3.07 213 432 372 424 228 
-0.5727 0.5144 -0.2370 0.5927 93.37 19.81 66.62 1.90 -4.76 3.39 -1.1900 3.3000 -0.4200 -0.3056 0.3467 -0.4744 3.51 -8.39 3.64 214 432 365 422 227 
-0.5370 0.5090 -0.2479 0.6254 99.56 22.31 67.69 3.52 -6.85 1.37 -0.6000 2.2600 -1.7500 -0.4456 -0.2944 -0.4000 4.04 -8.37 3.09 210 420 331 281 207 
-0.5021 0.5709 -0.2343 0.6058 100.25 29.56 78.12 3.15 -8.62 -1.83 0.0600 -0.1300 -3.0700 -0.0978 0.0033 -1.8400 6.03 -7.63 1.19 202 363 209 221 168 
-0.4020 0.6549 -0.1674 0.6176 116.44 45.56 86.19 8.46 -7.12 -1.30 2.5100 -0.6500 -1.3000 -0.5289 -1.3611 -1.8811 7.91 -5.76 -0.49 177 363 201 206 151 
-0.3225 0.7103 -0.0598 0.6228 128.87 57.88 82.37 20.28 -5.09 1.93 8.8300 0.2900 0.4300 -1.8300 8.0022 1.2178 6.52 -6.00 4.19 177 355 209 194 133 
-0.2274 0.3742 -0.3729 0.8181 155.00 18.31 66.69 3.95 -4.10 -5.24 1.2100 8.5200 -8.9700 -2.7433 10.3689 1.0944 -0.05 -9.63 1.83 204 426 183 187 127 
0.0825 -0.0575 -0.6357 0.7653 198.25 1.62 77.56 1.71 -7.20 -0.74 1.4200 2.4100 -2.6800 1.0122 1.1544 -0.9756 0.72 -9.34 2.88 186 424 195 194 131 
0.2182 -0.0858 -0.5562 0.7974 210.56 6.37 65.00 8.35 -7.31 5.10 7.4300 1.1600 1.5200 2.2511 -0.9222 1.1967 0.65 -8.14 5.41 173 427 196 197 133 
0.1268 -0.0705 -0.4450 0.8837 191.75 -4.25 53.44 -4.43 -11.34 15.31 -4.4500 -2.5800 9.2200 -1.6911 0.6778 2.0278 -2.35 -8.15 4.90 173 431 192 196 135 
-0.0020 -0.1929 -0.5204 0.8318 179.50 -20.62 71.37 -7.18 -5.49 4.76 -2.7900 4.6600 2.1900 -1.9389 1.9644 -1.0444 -3.15 -9.25 0.72 172 429 191 199 136 
0.0919 -0.2670 -0.6611 0.6951 199.94 -11.50 93.06 -0.98 -1.50 -0.37 0.6200 7.7400 -0.0500 -0.2700 1.5033 -1.3511 -0.80 -9.72 -1.02 170 433 196 198 137 
0.2520 -0.2816 -0.6799 0.6285 228.56 1.06 92.44 5.85 -4.28 -1.36 6.4000 4.6800 -0.8100 2.4133 1.7378 -0.4656 0.56 -9.68 1.41 169 430 192 197 139 
0.3893 -0.2477 -0.5238 0.7160 234.75 1.87 63.88 9.90 -7.19 8.71 10.4200 0.9100 4.3500 4.0644 -1.6600 1.9822 -0.17 -7.13 6.73 172 434 195 202 136 
0.2645 -0.1266 -0.3254 0.8989 207.06 -3.44 39.50 -6.38 -6.66 14.78 -6.0000 -0.2100 6.1800 -0.6144 -1.4678 1.3911 -0.48 -6.43 7.38 176 425 195 198 137 
0.1249 -0.0753 -0.3560 0.9230 195.56 -2.56 42.94 -1.94 -2.99 6.77 -0.9500 3.3700 -0.8000 0.4944 0.3944 -0.7700 -0.26 -6.49 7.33 175 425 199 194 133 
0.1656 -0.0707 -0.3250 0.9285 199.94 -0.94 36.69 2.77 -2.07 6.90 3.3500 3.5600 -0.7800 2.0444 -1.5700 1.5444 0.22 -4.65 8.62 177 421 239 214 156 
0.0645 0.0103 -0.1928 0.9791 183.87 5.12 17.06 2.11 -1.74 9.90 3.1800 1.0200 0.9700 4.8756 -4.3222 2.4456 3.49 -0.07 9.16 186 392 296 295 196 
;
