-0.0677 0.0491 0.2471 0.9654 171.94 7.31 -28.37 1.17 4.59 8.54 -0.0500 -0.0600 0.0000 0.0211 0.0100 0.0033 1.24 4.63 8.54 191 389 405 437 245 
-0.0683 0.0483 0.2491 0.9648 171.87 7.25 -28.56 1.14 4.61 8.60 -0.0900 -0.0700 0.1600 0.0722 -0.0344 -0.0144 1.26 4.71 8.50 191 390 404 438 245 
-0.0684 0.0517 0.2657 0.9603 171.56 9.75 -32.81 0.63 7.75 12.78 0.3700 2.6000 4.9100 -1.1744 -0.1289 1.2711 2.86 4.41 8.27 165 348 180 198 143 
-0.1343 0.2693 0.2164 0.9288 161.19 45.69 -20.50 11.21 2.50 8.34 1.9100 1.6700 0.3600 1.1767 -2.9067 3.4744 8.54 0.65 4.77 131 180 164 186 127 
-0.3466 0.5031 0.2108 0.7631 119.94 67.00 12.25 9.40 -0.68 1.52 -0.5000 0.5000 -2.4300 1.6811 3.6156 2.2444 7.83 -1.88 5.59 154 201 162 186 128 
-0.5982 0.3525 0.1516 0.7035 97.56 37.25 15.19 2.28 -3.07 5.55 -2.6600 -1.0100 -3.1000 0.3533 2.0456 0.9689 4.37 -2.15 8.50 153 214 163 188 129 
-0.6835 0.2178 0.0646 0.6937 88.94 21.00 11.81 2.64 -0.90 5.84 -0.2600 1.2800 -2.8100 1.1322 0.6556 1.2700 2.84 -1.32 9.29 157 222 167 193 131 
-0.7640 0.1268 0.0762 0.6280 75.94 16.12 4.62 2.06 2.08 8.85 -0.4700 2.7000 -0.3500 1.0178 -0.5300 1.3022 3.00 -0.29 9.33 159 220 168 192 129 
-0.8253 0.1038 0.1300 0.5396 66.19 19.87 2.37 2.26 1.82 10.11 -0.3100 2.0000 -0.0500 -1.0089 0.5800 -0.9833 2.72 -0.87 9.37 155 223 170 191 128 
-0.7783 0.1212 0.0442 0.6144 79.37 10.31 9.88 3.52 -0.74 9.42 1.6400 0.9200 -0.4400 -1.8789 2.0122 -1.2067 0.56 -2.81 9.37 136 239 169 195 132 
-0.6828 0.0984 -0.1655 0.7048 93.12 -7.94 24.06 -2.61 -5.75 7.27 -1.4000 -1.8400 -1.2800 -1.2267 1.5556 0.1733 -2.48 -4.65 8.26 139 233 174 197 132 
-0.6616 0.0745 -0.2819 0.6909 92.37 -16.81 31.75 -5.37 -5.89 7.57 -1.8400 -0.3500 -0.0500 -0.0689 -0.9211 0.2356 -2.51 -5.06 8.00 147 246 171 197 135 
-0.6850 0.1252 -0.2706 0.6647 86.31 -8.25 33.25 -4.28 -3.91 8.63 -1.9900 0.4700 -0.6400 -1.9133 -2.8700 -0.1678 0.50 -6.30 7.49 167 296 243 266 191 
-0.7026 0.3391 -0.1651 0.6035 80.94 14.38 43.19 4.92 -7.90 3.74 2.6400 -2.2900 -2.6200 0.1367 -2.5756 -0.2656 4.01 -6.16 6.48 188 407 354 428 231 
-0.6777 0.4321 -0.0375 0.5938 88.44 28.12 45.63 6.33 -9.17 2.70 3.8200 -1.8700 -2.1700 1.9822 -1.1856 0.4767 5.01 -5.60 6.29 190 426 382 442 232 
-0.7001 0.3923 0.0473 0.5947 75.06 35.19 32.38 6.07 0.00 5.90 0.1200 3.7900 -0.2700 2.8333 -3.3856 0.7256 7.08 -3.20 5.97 186 426 380 439 231 
-0.7781 0.3558 0.3268 0.4016 51.13 54.56 29.50 9.08 1.59 5.62 1.7400 3.6300 1.0000 0.8133 -1.1122 0.6256 8.26 -2.87 4.42 183 422 362 441 233 
-0.7898 0.3496 0.3998 0.3067 42.44 57.69 36.38 7.83 -0.10 5.04 0.1900 3.3500 0.4900 -0.9244 -0.0267 -0.0322 8.30 -3.40 3.95 186 396 350 437 232 
-0.7443 0.4288 0.3737 0.3500 53.81 60.00 50.88 11.27 1.84 1.98 3.3300 5.3700 -2.2200 -5.0222 -0.3011 -0.2278 8.61 -4.51 1.22 187 274 277 347 229 
-0.6099 0.6327 0.2278 0.4194 69.06 49.06 84.06 5.99 -6.16 -2.84 -2.3900 0.2600 -2.5000 -3.0411 2.3989 1.4567 6.33 -7.48 0.09 200 273 274 349 229 
-0.5297 0.7181 -0.0319 0.4501 83.94 37.38 94.06 2.36 -10.84 -3.81 -3.5500 -2.9700 -2.9900 -0.3778 0.3178 -0.2644 6.07 -7.65 -0.76 202 286 284 355 228 
-0.4758 0.7330 -0.0781 0.4799 90.94 39.31 96.81 4.70 -6.59 -0.84 -1.4000 1.5800 0.2900 -0.9111 0.3767 0.2311 6.16 -7.53 -1.20 189 294 295 350 227 
-0.4436 0.7323 -0.1980 0.4772 95.06 28.31 100.12 11.09 -9.60 0.70 3.9900 -0.8000 1.7000 -2.2889 3.4056 4.5822 1.89 -9.34 -2.27 191 361 338 372 221 
-0.3510 0.5834 -0.5881 0.4365 105.12 3.75 116.81 -2.10 -6.72 -10.31 -1.4800 1.7500 -5.0000 -1.4111 1.0733 1.5478 0.02 -8.05 -5.58 177 351 346 384 222 
-0.2847 0.5005 -0.7224 0.3829 106.56 -2.12 119.44 -1.91 -5.83 -9.49 -1.6600 3.4400 -5.2000 6.0389 -1.1356 -0.5322 -0.27 -9.75 -0.93 177 346 346 379 228 
-0.4779 0.4058 -0.4753 0.6173 103.81 6.06 65.25 5.45 -0.68 17.29 -0.0200 3.3000 17.8400 3.2022 -0.0644 -0.1144 1.07 -6.95 6.82 180 357 345 396 232 
-0.5280 0.3126 -0.3226 0.7208 108.75 6.44 58.75 5.37 -4.00 6.91 3.3400 6.3800 -0.7200 -6.7222 1.0667 0.5367 0.66 -9.76 0.61 177 358 351 399 229 
-0.3297 0.4452 -0.6564 0.5121 113.87 0.44 109.37 -0.98 -4.73 -17.84 -0.7700 3.9100 -13.5400 3.0189 -1.1344 0.2700 -0.39 -9.41 -2.70 173 321 326 379 225 
-0.4316 0.4091 -0.5682 0.5688 105.19 1.25 75.94 2.15 1.67 3.16 6.8100 11.2000 7.7300 8.9911 -0.6978 -1.1911 1.75 -5.88 7.64 183 359 350 404 232 
-0.6027 0.2515 -0.1242 0.7470 102.19 16.25 31.37 4.99 -3.68 13.00 1.0900 1.7100 2.3700 -3.5189 -0.4989 -0.7300 3.45 -6.59 6.38 176 352 347 376 226 
;
