0.0244 0.1611 0.2484 0.9549 182.87 17.19 -30.25 2.96 4.78 8.08 0.0900 0.0200 -0.0400 -0.0389 -0.0178 -0.0133 2.91 4.70 8.09 175 339 362 390 211 
0.0258 0.1627 0.2464 0.9551 183.06 17.37 -30.06 2.99 4.76 8.06 0.0000 0.0600 -0.0100 0.0333 0.0222 0.0033 2.92 4.71 8.08 174 343 363 389 211 
0.0237 0.1616 0.2563 0.9527 181.87 16.81 -32.75 3.25 6.87 14.94 -1.2000 1.7100 11.7500 -1.4156 1.0300 0.4678 2.70 4.83 8.09 153 295 154 176 133 
-0.0528 0.3964 0.2695 0.8760 165.62 59.25 -41.50 14.80 5.97 1.67 3.0800 4.1300 -2.3200 2.7400 -0.0389 4.1833 9.18 1.08 3.26 134 177 162 175 131 
-0.3852 0.4925 0.2431 0.7416 117.94 62.25 9.50 5.31 -1.75 0.54 -3.3200 -1.0900 -4.4400 1.2300 2.6533 1.6944 7.42 -1.46 6.23 137 197 163 181 136 
-0.5827 0.3396 0.1760 0.7170 99.50 40.75 9.25 3.48 -1.02 3.41 -2.6500 0.2700 -4.1000 1.9589 0.5867 1.2489 5.76 -0.58 7.91 147 216 165 184 138 
-0.6889 0.2102 0.2031 0.6633 84.06 33.19 0.94 4.94 2.76 7.89 -0.2300 2.9300 0.5800 0.8378 0.3333 1.1700 5.21 -0.04 8.30 148 220 173 185 138 
-0.7656 0.1698 0.2108 0.5837 73.31 31.06 0.81 2.89 2.37 8.60 -2.0800 2.3500 0.0500 -0.4444 1.0844 -0.6256 4.49 -0.15 8.71 145 225 172 188 139 
-0.7575 0.1616 0.1608 0.6117 79.75 23.81 4.62 7.88 2.16 8.66 2.3200 2.9300 0.0000 -2.4044 2.4089 -0.9844 2.18 -2.09 9.32 128 249 178 193 142 
-0.6772 0.1389 -0.0982 0.7159 96.19 -0.50 22.00 -3.76 -7.66 8.16 -0.1700 -2.2300 -1.0600 -0.9867 -0.0678 1.5867 -0.99 -4.39 8.71 127 205 180 194 144 
-0.6580 0.1016 -0.2408 0.7062 95.37 -11.25 29.19 -5.33 -4.15 8.07 -1.7800 0.8000 -0.6600 -0.0522 -0.3378 -0.5911 -1.44 -4.70 8.48 140 216 180 205 152 
-0.6382 0.1351 -0.2111 0.7279 96.31 -0.88 28.69 -2.10 -5.16 5.00 -2.4900 -0.3200 -3.9300 -0.8922 -3.4322 -0.0878 1.90 -5.08 8.16 158 276 306 321 211 
-0.6523 0.3209 -0.0818 0.6818 93.75 23.87 35.06 5.69 -4.99 2.77 1.5200 0.3500 -6.1700 -0.9722 -1.9200 -1.1344 5.52 -5.25 6.16 106 251 275 302 212 
-0.5714 0.4891 0.0374 0.6580 99.25 46.75 45.56 11.84 -3.87 1.34 4.8700 1.9000 -1.8800 0.6089 -3.3200 -2.1167 8.85 -3.18 2.76 98 181 192 201 131 
-0.4952 0.5540 0.2617 0.6160 103.19 73.31 35.06 11.46 0.38 2.79 2.2000 2.1700 0.5100 1.6244 -2.2522 -0.6811 9.74 -0.75 0.76 101 182 191 194 131 
-0.4761 0.5496 0.4376 0.5290 93.37 86.50 176.56 11.70 2.57 1.26 2.0800 3.5400 1.1700 0.9044 -0.0322 0.0256 9.78 -0.58 -0.17 103 181 191 195 130 
-0.5120 0.5222 0.4868 0.4778 82.87 84.75 5.19 10.88 2.92 2.40 -7.5500 3.4300 22.4300 -1.4489 0.0667 0.2656 9.65 -1.36 1.01 103 181 189 193 133 
-0.5626 0.5018 0.4049 0.5175 87.37 76.44 38.38 10.15 2.77 7.98 1.7300 5.0500 5.7000 -2.6900 -0.0789 -0.3122 9.62 -1.48 1.18 106 186 198 198 133 
-0.4553 0.5924 0.3394 0.5714 106.62 80.87 73.12 8.93 -0.06 -6.81 -1.6400 0.1700 -7.0000 -0.8900 -0.9622 -0.1211 9.70 -1.39 -0.21 105 188 198 202 134 
-0.3871 0.6482 0.3220 0.5712 107.94 80.81 114.31 10.22 -5.96 -10.86 3.1100 4.0300 12.1200 -0.1244 0.3633 1.0911 9.52 -2.29 -0.36 106 177 186 194 129 
-0.4993 0.6275 0.3270 0.5000 91.12 72.56 82.12 7.69 -3.85 0.84 -0.0700 -0.1300 0.4000 0.8100 0.1511 0.2989 9.31 -2.92 0.92 106 182 191 198 135 
-0.5428 0.5806 0.3118 0.5205 86.94 69.44 66.94 3.74 -0.12 6.27 -5.9600 3.3100 4.9300 -2.0689 -0.6811 0.3811 9.07 -3.69 0.46 135 267 263 268 196 
-0.4612 0.7122 0.2863 0.4450 80.19 55.63 127.06 5.84 -2.41 -8.63 2.2300 3.6000 -3.8400 -6.4478 -3.4922 1.7944 5.56 -3.16 -7.43 200 334 310 354 221 
-0.1219 0.9537 0.1840 0.2045 160.94 21.31 176.62 2.45 4.15 -14.18 0.7700 3.6500 -3.3500 -1.6189 0.3622 -0.6456 3.22 1.36 -9.16 205 310 288 344 223 
0.0795 0.9645 0.1764 0.1797 158.44 18.75 -165.06 5.44 2.99 -10.63 2.2400 -0.0900 -1.8600 -0.8311 0.4278 -0.5700 3.26 3.26 -8.64 207 316 287 349 222 
0.1422 0.9438 0.2075 0.2143 154.81 20.62 -157.31 5.78 2.18 -13.40 5.4000 -1.8300 -7.2300 0.6111 0.5000 0.3678 3.82 3.18 -8.44 206 318 288 355 224 
0.0524 0.9534 0.2044 0.2155 156.69 22.87 -177.50 9.79 6.30 -27.43 5.9800 10.5000 -17.0500 11.6667 4.6811 2.6322 5.51 -6.79 -4.42 211 423 355 407 221 
-0.6240 0.7285 0.0609 0.2761 42.31 24.37 87.94 -4.02 3.23 1.33 -7.9400 11.3200 -0.3000 1.5667 1.4967 1.6511 2.53 -9.17 2.34 211 424 374 417 223 
-0.7485 0.6038 -0.0562 0.2684 40.63 14.13 73.81 -0.34 -4.07 2.87 -2.2300 4.3500 0.2600 -0.5989 0.2100 -0.7867 2.84 -9.09 2.30 211 426 373 417 222 
;
