0.4112 -0.4006 -0.4857 -0.6592 116.12 68.12 -56.50 9.22 2.91 1.83 0.1400 -0.1400 -0.1600 -0.0078 0.0011 -0.0022 9.10 3.03 1.99 169 338 321 344 218 
0.4108 -0.4016 -0.4858 -0.6587 116.00 68.06 -56.31 9.10 3.03 1.99 0.0700 0.0000 -0.0300 -0.0100 0.0011 -0.0122 9.09 3.04 2.03 168 361 257 269 178 
0.4077 -0.4079 -0.4877 -0.6555 115.75 70.75 -63.50 12.94 4.02 3.65 0.7300 1.9700 5.2400 -0.0856 -0.3167 0.9889 9.62 1.84 0.37 149 261 169 176 99 
0.4258 -0.4934 -0.5175 -0.5545 99.69 83.37 -173.37 16.91 0.57 -1.31 5.9600 -0.7700 -2.4000 1.0811 2.8889 1.5222 9.64 -0.05 1.78 138 197 166 187 105 
0.6298 -0.3988 -0.4139 -0.5224 74.50 64.12 13.56 9.10 -1.91 -0.66 0.2800 -0.0500 -5.8000 2.0211 3.3344 1.5600 7.34 -1.15 6.39 143 224 168 190 110 
0.8204 -0.2071 -0.2685 -0.4604 56.31 33.25 4.87 0.80 1.54 2.80 -3.6300 2.7900 -5.3900 1.4778 2.5856 1.0789 3.33 -0.03 9.22 155 232 170 187 111 
0.9081 -0.0582 -0.1199 -0.3970 45.69 13.19 1.44 -0.19 2.50 8.74 -1.5800 2.0500 -0.2800 -0.8100 0.3811 0.5800 1.82 -0.78 9.60 155 229 173 187 111 
0.9164 -0.0765 -0.0458 -0.3903 46.38 8.44 6.25 2.63 0.99 10.27 0.2700 2.4500 0.2900 -0.7256 0.4300 -0.6711 1.19 -1.48 9.62 152 238 175 190 113 
0.8962 -0.1079 -0.0103 -0.4301 52.25 6.56 11.94 4.58 -1.21 9.05 4.4300 -0.3100 -1.3700 -1.6311 0.9889 -1.3978 0.76 -3.03 9.29 145 305 179 192 117 
0.8281 -0.1568 0.1115 -0.5266 67.06 -3.69 23.69 -2.24 -5.89 8.55 -1.1600 -1.5200 0.1000 -0.8756 2.0567 -0.6722 -1.74 -4.45 8.55 145 280 182 195 117 
0.7587 -0.1364 0.2592 -0.5819 75.25 -13.00 33.19 -2.40 -5.57 6.60 0.0000 0.1500 -1.5400 -0.9867 -1.2089 0.1311 -1.39 -5.88 7.71 141 302 185 201 119 
0.7960 -0.2410 0.1664 -0.5298 62.31 8.81 27.62 -0.39 -6.53 4.33 -0.8700 -3.2700 -4.4900 4.2722 -7.0978 2.1167 5.84 -2.39 7.50 145 421 198 204 120 
0.8607 -0.2683 -0.3313 -0.2781 33.31 47.94 24.00 13.83 -4.29 3.41 6.2700 -1.0500 -1.9500 1.6756 -0.2300 0.8400 7.36 -2.24 6.07 144 421 193 205 117 
0.8887 -0.1956 -0.3760 -0.1750 20.50 46.69 17.37 6.46 0.12 4.98 -1.1600 2.2400 -1.4200 1.0689 0.4989 -0.1511 6.91 -1.46 6.80 144 407 198 205 117 
0.9117 -0.1285 -0.3596 -0.1512 18.81 43.88 9.94 4.72 1.06 7.88 -1.7900 2.4600 1.1600 -1.5756 0.9400 -1.0267 6.55 -1.53 7.12 140 406 199 207 118 
0.9015 -0.1892 -0.3223 -0.2183 29.75 40.63 17.25 8.82 -2.59 4.62 2.4200 -0.3300 -2.5100 -1.7411 1.2489 -0.4400 5.78 -2.92 7.35 141 422 198 209 120 
0.8864 -0.2643 -0.1970 -0.3251 42.13 29.37 24.31 6.21 -5.17 6.61 -0.6600 -2.5000 -1.2200 -0.5356 2.1967 -0.7533 3.85 -3.75 8.19 138 426 198 213 123 
0.8710 -0.2770 -0.1103 -0.3904 49.44 23.56 26.56 2.82 -4.43 8.33 -0.6100 -0.1900 0.3200 -0.6222 -0.9411 -0.0022 4.38 -4.30 7.64 149 422 202 211 126 
0.8514 -0.3268 -0.1218 -0.3919 49.56 27.56 31.87 -1.99 -2.49 3.93 -6.6200 1.9500 -4.7800 -1.2300 0.3900 -2.1056 4.98 -4.50 7.14 164 363 215 236 147 
0.7634 -0.3365 -0.1166 -0.5388 78.81 35.44 16.44 9.48 -1.12 1.14 4.6800 2.4700 -4.8500 4.4700 -1.3089 -2.0722 6.41 1.22 7.31 188 338 327 406 206 
;
