0.7740 -0.1151 -0.4698 -0.4085 55.50 55.25 -21.25 7.98 2.30 5.22 -0.1700 0.1800 0.0700 -0.0289 -0.1544 0.0467 8.10 2.01 5.13 177 358 322 304 178 
0.7710 -0.1177 -0.4755 -0.4070 55.63 56.06 -21.69 8.02 2.09 5.17 -0.0900 0.1100 0.1100 0.0111 -0.1300 0.0144 8.19 2.02 4.99 178 362 318 295 175 
0.7677 -0.1193 -0.4830 -0.4039 55.06 57.44 -22.44 9.69 2.59 7.71 3.6000 0.7900 3.7300 0.2156 -0.6978 1.4611 8.72 1.37 4.26 185 373 213 230 154 
0.7846 -0.1631 -0.4995 -0.3291 43.31 62.31 0.56 14.10 -0.16 7.93 3.4600 0.3100 1.4300 -1.4400 2.2644 2.0422 7.89 -1.95 5.47 140 179 127 175 113 
0.8578 -0.2640 -0.3490 -0.2695 32.13 44.56 22.00 7.06 -3.74 2.32 0.0300 -1.2800 -3.8800 1.4511 2.8956 0.3144 5.45 -2.00 7.89 142 189 132 183 119 
0.9409 -0.1415 -0.2047 -0.2296 26.06 23.44 9.50 3.07 -1.46 4.47 -1.2200 0.0300 -4.5200 1.0000 1.7800 0.8811 2.51 -0.98 9.42 147 196 172 183 122 
0.9800 -0.0485 -0.0916 -0.1695 18.69 9.13 2.56 -1.02 1.78 8.66 -2.0400 2.1100 -0.7600 0.1756 0.6967 0.2567 0.94 -0.18 9.75 153 205 175 183 124 
0.9877 -0.0120 -0.0366 -0.1518 18.00 3.81 0.94 -0.79 1.06 9.92 -1.1400 1.4600 0.1000 -0.6544 0.9589 -1.0200 -0.03 -0.50 9.79 149 212 181 188 130 
0.9737 -0.0370 0.0286 -0.2230 27.06 -3.06 6.06 0.00 -1.01 9.27 0.6400 0.1500 -0.3400 -0.6600 0.3444 -0.2967 -0.78 -1.52 9.65 145 231 180 193 134 
0.9573 -0.0786 0.0889 -0.2636 30.69 -8.19 12.88 -0.88 -2.64 9.11 0.5600 -0.1700 -0.5000 -1.1244 2.2144 -0.6389 -2.49 -3.04 8.98 144 214 156 195 133 
0.9351 -0.1296 0.1868 -0.2719 32.63 -16.69 21.75 -5.21 -4.57 6.92 -2.8100 -0.5500 -1.6000 -0.4189 1.0878 -1.2078 -3.33 -4.14 8.23 158 224 194 201 145 
0.9009 -0.1643 0.2296 -0.3297 40.38 -16.00 29.62 -2.94 -3.30 7.58 0.0000 1.4100 -0.8700 -2.6422 -1.7167 -0.0967 -1.52 -6.23 7.41 160 256 279 281 184 
0.8630 -0.3787 0.1867 -0.2775 34.19 -5.19 56.31 0.38 -10.15 3.13 1.2900 -0.3200 -2.7400 -3.6878 -3.8267 0.7711 -0.31 -9.37 2.87 134 247 261 219 183 
0.7603 -0.6259 0.1322 -0.1132 15.13 -5.00 82.19 -1.37 -10.87 0.37 -0.7300 -1.8300 0.0500 -1.1178 1.9500 0.7467 -1.56 -9.68 0.13 114 236 243 250 155 
0.6861 -0.6697 0.2598 -0.1152 18.00 -12.00 92.44 -2.69 -9.62 0.65 -1.7800 0.3300 1.1700 -0.4878 0.8644 -0.0067 -2.03 -9.56 -0.68 123 242 247 256 165 
0.6641 -0.7014 0.2325 -0.1136 19.44 -5.50 95.56 -1.57 -8.86 -2.14 -2.8600 1.1700 -1.9700 0.1767 -4.0122 -3.4889 1.14 -9.68 -1.01 122 242 250 274 171 
0.6531 -0.7361 -0.1709 -0.0494 2.12 22.69 102.00 5.51 -7.31 -6.49 2.9900 0.9800 -2.8600 1.1756 -6.4522 -2.7844 4.55 -7.90 -3.59 123 241 252 297 181 
0.5006 -0.5566 -0.6401 0.1727 315.62 26.00 120.06 8.18 -6.40 -3.93 2.6800 1.2200 1.6300 0.6533 -0.5633 -0.2800 4.24 -7.76 -4.22 123 243 260 311 191 
0.4930 -0.5007 -0.6761 0.2216 314.06 27.00 117.12 5.15 -7.51 -3.69 1.1900 0.3400 0.5600 -0.0878 0.6911 0.1133 4.59 -7.75 -3.86 130 255 267 317 192 
0.5233 -0.5220 -0.6474 0.1860 324.31 30.31 116.00 3.29 -5.18 0.84 -1.3800 2.9400 3.8400 -0.3322 3.4011 -2.0733 6.83 -6.58 -2.46 149 274 282 290 190 
0.6954 -0.4451 -0.5591 -0.0753 24.37 63.44 66.56 8.86 -2.06 0.82 0.3800 0.6500 -1.6300 2.3033 4.9089 -4.2178 7.99 -0.40 5.66 179 339 320 372 208 
;
0.8153 -0.1226 -0.4592 -0.3307 44.25 59.94 -16.31 13.43 1.79 9.33 4.2800 0.6200 5.9900 -0.6544 -1.2811 0.4800 8.85 1.06 4.08 174 338 323 392 207 
0.7753 -0.1510 -0.5259 -0.3154 44.63 64.37 -13.75 6.40 0.48 5.04 -2.0000 -0.2000 0.6000 -0.0222 -0.4211 0.0189 8.87 0.99 4.05 170 335 323 394 207 
0.7777 -0.1490 -0.5201 -0.3201 44.75 64.50 -13.69 8.49 1.49 4.46 -0.4500 0.6200 0.2700 -0.0344 -0.0989 -0.0111 8.86 1.00 4.07 168 333 327 387 207 
0.7773 -0.1497 -0.5208 -0.3195 44.75 65.00 -13.50 8.75 0.79 4.24 -0.1400 -0.1000 0.2200 -0.0089 -0.1600 -0.0189 8.93 0.96 3.92 167 344 335 386 207 
0.7694 -0.1612 -0.5363 -0.3071 42.88 69.25 -8.88 14.03 1.87 10.86 6.0200 1.7200 7.0300 -2.0367 -0.2422 0.8389 9.17 -0.61 3.39 168 304 195 201 137 
0.7751 -0.2991 -0.4700 -0.2980 40.25 59.69 28.94 13.86 -2.49 -0.46 5.6700 0.5000 -5.3100 1.4956 2.9256 1.7822 6.94 -3.08 6.20 150 208 170 182 124 
0.9046 -0.2227 -0.2886 -0.2208 25.25 33.75 17.19 2.45 -2.73 2.62 -2.5000 -0.2100 -5.8600 1.2311 3.0644 0.4711 3.34 -1.69 9.06 158 220 184 185 126 
0.9742 -0.0930 -0.1042 -0.1772 18.69 11.69 7.44 -0.06 2.72 8.13 -2.2800 3.8100 -1.1100 0.0578 0.9211 0.3878 1.31 -1.12 9.65 158 215 181 197 132 
0.9844 -0.0779 -0.0405 -0.1528 20.00 3.00 9.69 0.81 0.02 9.33 1.1800 1.9200 -0.1800 -1.3467 0.3900 -0.6133 0.30 -2.49 9.47 138 217 179 195 135 
0.9619 -0.1635 0.0312 -0.2169 26.75 -0.94 22.12 1.42 -4.54 8.40 1.8400 -0.4100 -0.7500 -1.9422 2.1711 -0.5933 -1.28 -5.02 8.32 133 219 187 203 144 
0.9053 -0.2604 0.2001 -0.2692 33.63 -15.19 39.00 -6.12 -7.43 6.24 -2.8800 -1.1900 -0.1300 -0.7489 -0.7900 0.4778 -2.73 -6.41 6.89 144 232 207 216 154 
0.8723 -0.3234 0.2733 -0.2449 31.19 -18.19 49.75 -4.45 -5.21 5.72 -0.9600 2.0100 -0.7100 -1.8278 -1.9467 -0.2956 -2.21 -7.92 5.33 155 291 254 264 180 
0.8340 -0.4792 0.2100 -0.1751 21.31 -9.63 67.00 0.07 -8.42 0.53 1.0800 -0.1000 -2.9300 -3.2833 -1.5967 0.1122 -1.35 -9.60 1.44 146 275 280 295 183 
0.7307 -0.6714 0.1136 -0.0501 4.06 -4.62 86.75 1.79 -12.21 1.36 1.3400 -2.5300 2.8600 -0.7167 -0.7667 0.0033 -0.64 -9.78 0.05 134 250 266 280 174 
0.6925 -0.7200 -0.0146 0.0436 351.75 -2.06 93.44 -0.16 -10.50 0.69 0.0500 -0.7600 1.3900 -0.5311 -0.1544 -0.3933 -0.11 -9.74 -1.04 146 259 265 280 173 
0.6597 -0.7473 -0.0661 0.0451 351.75 2.87 97.94 -2.41 -8.35 -2.98 -2.5100 1.3700 -2.4300 -0.4456 -4.7067 -3.0422 2.03 -9.33 -2.19 136 250 263 283 175 
0.5754 -0.6852 -0.4221 0.1458 324.12 18.50 110.87 5.43 -7.34 -6.09 3.2600 1.7200 -1.6100 0.6833 -4.5456 -2.5522 3.47 -8.13 -4.23 140 252 270 290 179 
0.4382 -0.4756 -0.7112 0.2757 294.31 21.31 120.44 7.00 -6.36 -3.30 3.2700 1.4800 1.2600 -0.2222 0.2400 -0.2422 3.77 -7.70 -4.75 144 263 279 294 187 
0.4575 -0.4595 -0.7198 0.2479 309.56 28.06 120.25 5.52 -4.63 -2.63 1.1200 2.9900 1.2800 -0.3056 5.5856 -1.6500 6.68 -6.63 -2.73 159 277 282 281 183 
0.6884 -0.4136 -0.5956 -0.0203 16.12 64.25 75.94 7.36 -2.15 0.24 0.1300 0.3400 -1.8200 0.9367 2.6556 -4.4422 9.01 -0.74 3.78 177 323 310 360 208 
;
