0.7597 -0.1113 -0.4304 -0.4746 63.94 49.44 -21.62 7.46 2.42 5.82 -0.0600 0.0500 -0.0200 -0.0022 -0.0389 0.0122 7.47 2.34 5.89 165 326 322 343 212 
0.7584 -0.1127 -0.4328 -0.4741 64.00 49.81 -21.69 7.46 2.39 5.83 0.0000 0.1100 0.0300 -0.0778 -0.0756 0.0844 7.53 2.26 5.85 166 321 328 337 211 
0.7564 -0.1375 -0.4341 -0.4696 63.44 52.75 -16.00 10.58 2.62 8.65 2.5100 1.0000 3.4700 -1.3733 0.0300 0.8022 7.85 0.59 5.83 172 330 262 258 188 
0.7617 -0.2511 -0.3948 -0.4483 59.13 55.88 8.56 12.13 -1.72 6.47 3.4400 -0.5100 0.3600 -0.3544 0.7000 2.1711 7.59 -2.20 5.80 139 241 210 211 141 
0.8384 -0.2990 -0.2987 -0.3441 40.00 40.75 24.50 7.72 -3.26 2.98 0.0200 0.2600 -4.2000 2.2189 2.1878 2.4889 4.65 -2.92 8.12 131 202 204 198 138 
0.9538 -0.1441 -0.1810 -0.1917 21.37 21.25 8.56 -4.86 2.29 2.16 -2.3100 0.7200 -2.6800 2.3733 0.7344 -0.2089 3.13 0.58 9.27 141 198 211 196 138 
0.9741 0.0242 -0.1451 -0.1721 19.44 15.06 -6.87 -1.31 3.79 9.30 -3.2600 2.1600 -0.1100 -0.4889 0.5289 -0.7056 2.01 1.05 9.53 151 203 215 207 142 
0.9725 0.0260 -0.0875 -0.2140 26.87 7.31 -3.81 2.53 1.33 9.28 1.7200 0.7900 -0.3500 -1.2011 1.0911 -1.2389 0.49 -0.12 9.79 135 203 202 212 147 
0.9499 -0.0309 0.0117 -0.3109 38.44 -2.12 5.87 2.21 -1.19 8.70 1.0900 -0.3000 -0.7100 -1.5322 1.2578 -1.2589 -1.10 -2.15 9.50 133 208 207 220 156 
0.9033 -0.1055 0.1470 -0.3890 48.13 -12.06 20.69 -4.35 -5.49 7.30 -2.9000 -1.6200 -1.0300 -1.0733 0.2756 -0.1556 -2.47 -4.31 8.44 135 237 225 242 179 
0.8636 -0.1663 0.2336 -0.4146 51.94 -14.50 31.62 -4.96 -4.69 4.76 -2.5100 0.4500 -3.7800 -0.2522 -1.8556 -0.8233 -1.18 -5.37 8.11 154 274 263 264 193 
0.8610 -0.2335 0.1128 -0.4374 54.19 7.19 26.62 1.37 -4.25 -3.09 0.1000 0.3800 -12.1000 3.6822 -5.6400 -1.7256 5.50 -1.29 8.01 172 322 303 353 209 
0.8209 -0.1490 -0.3508 -0.4254 55.63 48.81 -10.75 15.26 5.05 11.01 5.7900 2.4300 2.1300 1.1067 -1.6911 -0.5667 7.97 2.16 5.27 177 364 340 413 217 
;
0.7596 -0.1282 -0.4859 -0.4128 57.44 57.50 -20.75 6.83 2.25 3.99 -1.7900 0.1700 -1.4400 -0.2433 0.2633 -0.1067 8.12 1.79 5.18 170 366 342 409 220 
0.7593 -0.1422 -0.4693 -0.4278 58.94 57.00 -20.19 9.44 1.69 5.12 1.0700 -0.1600 0.2000 0.1833 0.1644 -0.0989 8.19 1.95 5.01 170 358 337 402 221 
0.7592 -0.1272 -0.4768 -0.4244 57.50 56.69 -22.81 9.81 2.48 8.20 2.3200 0.5900 3.6500 -1.2578 0.4233 0.6933 8.26 1.35 5.09 171 366 298 288 203 
0.7715 -0.2054 -0.4541 -0.3954 52.19 59.31 2.75 12.94 0.09 6.23 3.2700 0.0400 0.7800 -0.7156 1.7278 2.0978 7.63 -1.83 5.87 162 302 212 225 157 
0.8588 -0.2761 -0.3099 -0.3002 33.81 39.81 25.12 7.06 -3.41 1.19 0.5700 -0.0900 -6.4800 2.6022 2.5756 1.9544 4.47 -2.70 8.29 144 175 211 212 147 
0.9647 -0.1299 -0.1426 -0.1791 19.75 14.69 8.69 0.25 1.06 5.86 -1.6200 2.6900 -2.9100 1.8133 1.6656 0.3711 1.23 -0.19 9.72 155 181 221 221 152 
0.9890 0.0050 -0.0440 -0.1414 15.88 3.56 -2.87 -3.70 3.01 8.42 -1.5400 1.4900 -0.3700 -0.1978 0.9800 -0.7378 -0.26 0.65 9.78 160 178 218 221 155 
0.9813 0.0305 0.0267 -0.1885 22.62 -4.06 -2.37 -0.94 1.74 9.34 0.1100 1.4100 -0.3200 -0.7167 0.4444 -0.9722 -1.03 -0.10 9.75 160 185 224 224 158 
0.9647 -0.0115 0.0664 -0.2548 31.12 -7.69 4.81 -0.13 -0.33 9.01 1.4700 0.5500 -0.4100 -1.0733 0.9122 -1.1844 -1.99 -1.73 9.44 149 191 221 229 163 
0.9236 -0.0706 0.1670 -0.3378 41.56 -15.88 16.56 -2.93 -4.02 8.47 -0.0800 -1.1300 -0.6900 -0.9456 1.3544 -0.7244 -3.26 -3.47 8.56 152 191 234 235 170 
0.8937 -0.1145 0.2283 -0.3688 45.00 -19.12 24.44 -5.28 -3.23 7.91 -3.2300 1.1300 -0.7800 -1.0678 -0.4833 -0.7944 -2.75 -4.74 8.12 150 250 232 246 181 
0.8652 -0.2205 0.2070 -0.4000 51.63 -6.50 34.00 -1.23 -5.97 0.55 -0.5100 -0.3800 -7.3200 2.8122 -2.8333 -1.9456 1.20 -4.05 8.84 162 306 282 284 199 
;
0.8518 -0.1877 -0.0740 -0.4835 59.94 23.19 8.38 6.73 0.54 6.65 2.5700 2.7500 0.2900 3.1378 -3.6089 -0.3433 5.81 0.88 7.84 179 333 326 358 209 
0.8027 -0.1183 -0.3657 -0.4559 58.88 47.81 -14.13 12.89 4.66 8.07 6.1100 4.5800 4.1100 0.1800 -0.0122 0.1367 7.65 1.90 5.82 179 334 340 391 214 
0.7557 -0.1706 -0.4619 -0.4318 59.88 58.63 -14.50 7.80 1.04 4.78 -1.1900 -0.1600 -0.3100 -0.2111 0.2189 -0.1478 8.26 1.23 5.12 174 326 341 390 215 
0.7510 -0.1797 -0.4547 -0.4438 60.75 57.19 -15.44 9.93 1.75 8.69 1.8400 0.3100 3.8500 0.6033 0.1844 0.2967 8.22 1.54 5.11 177 341 319 329 212 
0.7712 -0.1693 -0.4379 -0.4299 57.00 55.13 -6.87 13.88 0.88 8.15 5.2900 0.4100 1.1300 -1.0889 1.7256 2.2144 7.47 -1.01 6.26 174 292 206 233 166 
0.8533 -0.2405 -0.2964 -0.3552 41.63 37.50 17.94 5.97 -3.80 2.20 0.7500 -0.7600 -6.0900 1.5222 0.7200 2.7211 4.75 -2.80 8.10 143 238 205 210 146 
0.9517 -0.1523 -0.1781 -0.1985 20.94 20.94 10.06 1.67 2.43 5.79 -2.4900 3.7600 -3.2300 1.6044 1.8700 0.3600 2.28 -0.44 9.52 153 207 203 207 144 
0.9849 -0.0031 -0.0986 -0.1426 16.44 9.56 -2.62 -0.51 2.84 9.04 -3.8300 1.8100 -0.5700 -0.1278 1.5711 -1.2444 0.72 0.62 9.75 165 203 206 211 147 
0.9822 0.0195 -0.0303 -0.1840 22.31 2.06 -1.69 0.65 1.50 9.39 0.6500 1.5400 -0.3500 -1.0589 0.4356 -0.6233 0.04 -0.42 9.79 159 203 208 217 151 
0.9708 -0.0489 0.0274 -0.2335 28.75 -3.62 8.50 1.04 -1.68 8.74 1.6200 -0.3200 -1.0300 -1.3967 2.4411 -1.7856 -1.90 -2.56 9.27 137 211 215 227 163 
0.9156 -0.1115 0.1890 -0.3369 43.06 -18.25 22.75 -5.55 -6.39 6.61 -2.2900 -2.4300 -1.3300 -0.3411 0.6278 -0.0867 -3.93 -4.18 7.94 141 219 223 232 167 
0.8578 -0.1285 0.3126 -0.3872 49.25 -26.00 32.00 -4.90 -3.79 7.10 -0.6600 1.1400 -0.5400 -0.6267 -0.1878 -0.4678 -4.04 -5.07 7.35 148 241 227 242 179 
;
0.8458 -0.1742 0.2983 -0.4066 52.50 -18.00 34.44 -4.42 -5.35 1.51 -0.8200 -0.6200 -7.2000 1.9333 -2.8200 -1.7378 -0.43 -4.19 8.85 168 273 248 272 195 
0.8558 -0.1553 0.0026 -0.4935 60.63 15.25 9.94 6.12 2.60 5.74 3.0000 4.3700 -2.2300 3.8511 -4.5533 -0.3556 5.50 0.74 8.08 176 320 324 361 211 
0.8096 -0.1175 -0.3471 -0.4586 60.50 41.81 -12.00 8.88 3.77 9.79 1.7100 1.9700 2.5200 -0.7322 -1.8556 0.0811 7.28 1.35 6.42 168 334 347 385 214 
0.7685 -0.1577 -0.4058 -0.4689 62.94 49.56 -11.94 7.12 2.15 11.15 0.1000 0.3600 4.3300 0.5633 -0.5656 0.0900 7.67 1.37 5.95 166 340 336 380 213 
0.7737 -0.1584 -0.4131 -0.4535 60.00 50.69 -8.94 13.84 2.36 11.76 6.4000 0.9400 4.1200 -1.4744 1.2844 1.6244 7.04 -0.61 6.79 168 344 251 246 172 
0.8383 -0.2490 -0.2735 -0.4005 47.06 37.19 20.62 7.97 -2.61 1.20 2.3500 0.3100 -5.2200 -0.1578 1.5011 3.4489 4.14 -4.24 7.80 154 324 207 208 137 
0.9335 -0.2617 -0.1083 -0.2200 23.06 15.00 25.31 1.05 -0.98 3.86 -0.9500 2.7200 -4.9100 1.7633 1.5000 1.2278 1.14 -3.06 9.24 137 286 201 201 137 
0.9839 -0.1183 -0.0138 -0.1328 14.19 2.19 10.69 -1.49 2.36 9.81 -4.7800 3.8900 1.9700 0.8800 1.1411 -0.8544 -0.13 -1.18 9.73 159 220 207 204 138 
0.9877 -0.0627 0.0164 -0.1422 17.56 -1.37 8.31 1.07 -0.35 9.53 1.4100 1.0600 -0.0600 -0.9333 0.8356 -0.8189 -0.70 -2.11 9.54 146 216 211 211 142 
0.9678 -0.1223 0.0837 -0.2034 25.44 -8.00 17.69 0.71 -2.39 8.51 1.3800 -0.2200 -1.0300 -1.2633 2.6578 -1.3544 -2.67 -3.96 8.55 133 223 222 220 153 
0.9028 -0.1803 0.2531 -0.2974 38.38 -22.50 33.31 -4.43 -6.06 6.65 -3.1200 -1.7800 -1.0000 -1.6000 0.5967 -0.4267 -4.22 -6.04 6.45 136 234 221 223 154 
0.8320 -0.2495 0.3711 -0.3286 44.50 -27.56 50.88 -8.01 -6.09 3.62 -3.7000 0.9800 -1.9200 -0.7344 -0.8333 -1.1956 -3.81 -7.39 5.17 152 282 251 252 181 
;
0.7954 -0.3210 0.3367 -0.3884 55.19 -11.44 49.56 -1.51 -3.72 -1.32 0.4600 3.2800 -8.5500 4.2656 -4.9233 -2.0022 2.06 -4.79 8.29 168 312 303 324 200 
0.8425 -0.2436 -0.1495 -0.4565 57.25 35.06 13.44 14.57 3.01 11.17 7.6900 3.9300 3.0700 1.5889 -1.4444 -1.4022 6.97 -0.06 6.89 175 345 348 399 216 
0.7868 -0.1871 -0.3697 -0.4574 60.50 48.94 -7.69 9.20 3.73 8.01 2.4100 4.6700 2.6200 -0.3244 -1.6844 0.3411 7.77 1.12 5.87 169 351 348 411 218 
0.7699 -0.1714 -0.4224 -0.4467 59.44 53.44 -12.00 10.11 2.20 10.03 3.0500 1.0900 5.5100 -0.5078 0.9267 0.1500 7.58 1.07 6.12 175 342 313 281 196 
0.7938 -0.1904 -0.3759 -0.4386 56.63 49.13 3.81 13.09 -0.31 7.30 4.8800 0.7800 -0.2100 -1.5356 2.6767 2.4744 6.02 -2.46 7.33 148 224 199 194 131 
0.8719 -0.2811 -0.1961 -0.3497 39.50 29.06 25.00 3.32 -2.78 1.29 -1.5200 0.7000 -6.5600 3.0778 2.1444 0.7244 3.10 -2.11 9.05 132 186 203 198 140 
0.9559 -0.1052 -0.0693 -0.2653 28.87 7.44 8.25 -0.16 1.69 7.53 -1.0000 3.1400 -1.8300 0.6700 1.0889 1.1389 0.39 -0.83 9.76 143 202 199 201 139 
0.9835 -0.0228 -0.0012 -0.1793 21.06 -1.37 0.81 -2.31 3.13 10.05 -1.0800 3.1000 0.1400 -0.2144 -0.2511 -0.1189 -0.12 -0.08 9.80 151 215 208 204 139 
0.9795 -0.0111 0.0098 -0.2010 24.25 -1.37 2.62 1.58 0.50 9.79 2.1600 1.1600 0.0800 -0.9078 0.6811 -0.6956 -0.58 -1.06 9.73 150 216 194 203 146 
0.9571 -0.0594 0.0906 -0.2689 34.13 -11.38 12.38 -1.94 -2.74 7.98 0.6000 -0.4600 -1.3100 -1.9133 2.0478 -1.6089 -3.14 -3.63 8.54 142 220 186 212 156 
0.8486 -0.1535 0.3181 -0.3939 52.81 -26.75 38.00 -6.76 -6.52 5.95 -3.4000 -1.6100 -0.2300 -0.9622 1.2289 -0.7100 -4.96 -6.48 5.42 144 234 192 229 168 
;
0.7529 -0.1978 0.4448 -0.4429 61.38 -28.44 54.75 -7.45 -7.08 2.52 -2.6500 0.1600 -4.2300 0.3922 -0.9422 -1.4533 -3.45 -7.44 5.36 158 289 247 265 192 
0.7663 -0.2420 0.3081 -0.5092 66.25 -6.62 35.44 2.45 -1.95 -1.26 3.1700 2.9300 -9.8800 5.6900 -6.2800 -0.3711 3.02 -1.76 9.16 178 332 321 369 211 
0.8373 -0.1349 -0.2421 -0.4713 57.75 38.94 -7.12 12.58 5.16 11.26 4.9700 3.4200 3.5500 0.1111 -1.8067 -0.4011 7.13 1.79 6.47 185 355 356 416 218 
0.7751 -0.1127 -0.4330 -0.4460 58.63 50.88 -21.37 8.64 4.40 12.59 1.7800 1.7400 5.7300 0.2056 -0.1100 0.0322 7.63 2.11 5.77 181 358 287 390 218 
0.7865 -0.1187 -0.4150 -0.4417 58.06 48.94 -12.25 12.13 2.02 9.98 4.4200 0.8500 3.2300 -1.7967 1.0678 1.7422 6.92 -0.33 6.93 171 319 232 230 158 
0.8471 -0.2366 -0.2649 -0.3954 44.50 36.19 19.75 9.21 -2.78 2.38 2.6800 1.2300 -5.0900 1.3333 1.4522 2.3733 4.35 -3.17 8.19 119 243 192 188 123 
0.9442 -0.1902 -0.1418 -0.2287 25.00 18.06 15.38 2.40 -0.05 4.04 0.0700 2.1400 -4.9900 1.5789 2.3167 0.5000 1.50 -1.29 9.60 123 205 181 187 128 
0.9825 -0.0482 -0.0214 -0.1783 19.44 0.94 4.25 -1.64 2.82 8.95 -0.4000 3.0400 -1.0300 0.0200 0.7122 0.2589 -0.32 -0.67 9.77 133 202 199 187 129 
0.9844 -0.0341 0.0425 -0.1676 19.94 -4.62 5.75 1.58 0.31 9.76 1.3200 1.5700 0.8600 -0.7133 1.0456 -0.7178 -1.46 -1.58 9.56 131 206 214 191 131 
0.9648 -0.0840 0.1226 -0.2168 27.62 -14.44 14.69 -0.64 -2.70 7.51 1.5200 -0.6600 -1.7900 -0.7767 3.2889 -2.0544 -4.02 -3.44 8.25 128 230 213 202 141 
0.8721 -0.1191 0.3274 -0.3435 46.06 -31.12 34.25 -4.37 -5.70 5.20 0.2800 -1.1500 -1.7600 -1.6478 2.4111 -1.0189 -5.66 -5.98 5.31 127 240 220 217 155 
;
