-0.1474 0.2600 0.1939 0.9344 162.12 32.81 -19.87 5.44 2.87 7.62 -0.0300 0.0600 -0.1200 -0.0111 0.0022 -0.0422 5.31 2.82 7.74 169 336 312 332 207 
-0.1447 0.2590 0.1946 0.9349 162.44 32.69 -20.12 5.26 2.76 7.68 0.0800 0.0000 0.0400 0.0111 0.0044 -0.0456 5.28 2.86 7.74 169 335 314 332 207 
-0.1418 0.2580 0.1964 0.9353 162.75 32.50 -20.50 5.38 2.97 7.70 0.1600 0.0800 -0.0600 0.0678 0.0244 -0.0500 5.25 2.95 7.73 170 336 316 333 209 
-0.1408 0.2582 0.2068 0.9331 162.56 33.13 -22.69 5.15 3.69 9.58 -0.6500 0.2700 2.8400 0.3922 -1.8711 0.3144 6.38 3.31 6.66 170 333 223 208 158 
-0.1441 0.3712 0.2369 0.8862 161.00 58.19 -32.06 19.10 4.61 2.60 14.1800 2.1200 -0.7000 3.8033 -3.6067 2.0811 9.70 1.39 -0.36 139 250 158 162 109 
-0.3473 0.6111 0.3587 0.6141 114.62 80.37 6.12 7.74 0.79 -5.73 -5.3100 1.8000 -8.0700 3.9011 5.7722 1.9022 8.16 -0.33 5.41 153 192 163 168 116 
-0.6138 0.3117 0.2372 0.6854 95.19 42.06 5.56 1.87 -2.32 2.81 -4.0700 -1.1300 -4.9700 0.5778 1.9578 1.5011 5.04 -1.13 8.33 146 200 149 170 117 
-0.7104 0.1940 0.1224 0.6653 84.37 23.19 6.12 1.39 0.49 6.91 -1.9900 1.6300 -1.8900 1.1233 0.7867 0.5800 3.21 -0.38 9.25 151 202 161 171 118 
-0.7622 0.1018 0.1193 0.6281 78.31 17.94 -0.62 1.35 2.08 9.40 -1.5100 1.7400 0.2300 -0.2800 0.1722 -0.1578 2.94 0.12 9.35 160 184 164 173 119 
-0.7587 0.1009 0.1179 0.6326 81.75 16.75 0.81 1.88 0.52 9.28 -0.9600 0.6300 -0.0700 -0.5911 0.3233 -0.9633 2.48 -0.38 9.47 153 184 168 177 121 
-0.6978 0.1058 0.0610 0.7059 92.37 13.38 4.31 3.67 0.43 9.68 1.9600 1.2800 0.2900 -1.1367 1.3589 -1.4744 1.72 -1.15 9.58 152 188 173 180 123 
-0.6303 0.1040 -0.0159 0.7692 103.56 6.12 10.56 1.06 -3.28 7.90 -0.0200 -1.8600 -1.3000 -0.6233 0.5689 -0.3778 0.33 -2.39 9.50 151 193 175 182 127 
-0.5870 0.0809 -0.1036 0.7989 106.19 0.37 15.31 -1.10 -3.87 9.47 -2.1200 -0.8400 0.1700 -0.3467 -0.0533 0.4489 0.06 -2.83 9.38 154 193 171 185 128 
-0.6195 0.1083 -0.1182 0.7685 101.75 1.81 20.25 -3.62 -2.99 9.94 -4.9400 -0.3700 0.4500 -1.8689 -1.4722 -0.2278 1.14 -4.57 8.60 162 242 208 214 167 
-0.5952 0.2748 -0.1478 0.7405 103.50 17.87 38.75 0.39 -8.07 0.17 -3.1500 -2.4300 -7.9000 -0.6778 -5.0833 -1.0911 6.24 -5.77 4.87 174 404 360 408 229 
-0.5671 0.5301 0.1514 0.6119 92.87 61.38 44.38 13.76 -4.57 -1.92 4.3100 -1.5900 -4.8400 2.9900 -1.4822 -1.0656 9.22 -1.78 2.80 189 433 370 408 228 
-0.6031 0.4387 0.3902 0.5400 80.50 70.19 13.13 11.14 3.63 2.18 1.8100 4.2900 -0.9400 1.9011 0.6967 0.6722 9.05 -0.48 3.74 190 432 377 429 228 
-0.6988 0.3275 0.4387 0.4604 63.88 65.37 8.88 7.07 4.25 4.78 -2.2800 4.7800 0.6100 0.6356 -0.1033 0.1911 8.90 -0.67 1.49 192 429 376 429 229 
-0.7238 0.3124 0.4388 0.4312 62.25 65.00 11.06 8.80 3.06 3.85 0.8100 4.1300 -0.8900 -2.0622 -0.5133 0.2422 9.01 -1.49 3.56 189 402 362 431 229 
-0.6587 0.4578 0.3783 0.4620 71.75 65.62 57.56 10.28 0.95 0.08 -0.2700 4.2400 -3.0700 -5.9700 1.5456 0.9333 8.38 -4.97 1.05 175 258 249 297 225 
-0.5173 0.6782 0.1210 0.5077 92.62 51.69 84.31 6.06 -8.31 -5.64 0.0900 -0.9600 -4.9300 -1.4478 2.0167 1.8411 6.75 -7.06 0.76 187 277 266 317 224 
-0.4881 0.6658 -0.0977 0.5558 98.00 38.75 82.81 1.15 -10.66 -0.20 -4.4900 -2.8100 -1.0800 -0.0856 0.1256 0.0056 6.06 -7.63 1.06 189 287 270 326 224 
-0.4713 0.6490 -0.1356 0.5815 103.19 39.50 80.19 2.78 -7.20 -0.30 -3.8300 0.2700 -1.7000 0.9489 -0.0689 -0.8311 6.65 -7.00 1.70 170 298 280 285 220 
-0.4643 0.6110 -0.0447 0.6396 109.75 51.19 60.50 4.49 -6.13 0.66 0.2000 0.1800 -0.1200 1.7311 -0.5122 -1.7756 8.35 -3.66 3.60 108 310 334 367 222 
-0.4384 0.5575 0.1425 0.6904 116.75 64.87 37.94 13.01 -1.61 1.09 4.1400 0.8400 -2.8100 1.2911 -0.4633 0.1756 9.11 -2.30 2.77 97 186 188 182 128 
-0.4573 0.5389 0.2305 0.6688 109.19 73.44 30.12 14.39 1.71 5.33 2.1400 2.5300 3.2500 0.1156 -2.7300 -0.4322 9.75 -0.92 0.48 102 176 178 167 112 
-0.3870 0.6386 0.3843 0.5428 105.37 76.56 157.69 13.96 4.05 -11.70 0.9500 11.4400 14.1900 -1.3078 -0.4400 -0.4744 9.13 -0.95 -3.44 105 176 177 173 113 
-0.3762 0.6902 0.4197 0.4537 103.44 72.12 154.56 13.45 2.37 1.36 2.8400 4.3400 3.0900 -2.4844 0.6467 0.4289 9.40 -1.16 -2.50 105 182 182 175 116 
-0.2996 0.7385 0.3021 0.5231 123.19 71.69 153.87 7.40 -0.44 -14.86 -4.7600 -1.4900 -13.1100 1.0033 1.4611 0.6200 9.39 -2.09 -1.89 108 171 175 170 111 
-0.4157 0.6816 0.3200 0.5101 103.37 72.44 123.50 14.15 -5.41 -5.11 6.4000 -3.9600 -3.8400 -0.6111 0.5589 0.6167 9.32 -2.63 -1.53 115 182 188 186 126 
-0.4099 0.6948 0.2524 0.5344 106.25 70.69 102.44 4.60 -2.43 2.94 -4.6400 0.1900 2.3800 -2.8400 0.7611 0.3856 9.15 -3.41 -0.84 128 251 245 231 174 
-0.3271 0.7209 0.1307 0.5968 126.50 73.50 97.31 9.48 -5.21 -2.33 -0.5600 -2.6500 -3.0700 0.2989 3.1567 -2.1300 9.51 -1.12 2.08 4 310 297 290 196 
;
