0.7928 -0.0722 -0.5314 -0.2897 40.19 62.06 -24.25 8.54 1.91 4.20 -0.0300 0.0300 0.0000 -0.0011 0.0056 -0.0067 8.65 1.88 4.20 187 350 345 394 212 
0.7935 -0.0731 -0.5292 -0.2913 40.31 61.88 -24.12 8.62 1.95 4.18 -0.0300 0.1100 -0.0200 -0.0033 0.0278 -0.0100 8.64 1.89 4.22 185 349 342 394 213 
0.7942 -0.0724 -0.5281 -0.2917 40.25 61.81 -23.87 9.22 2.69 5.05 1.1900 1.4900 2.6700 -0.7367 -0.5567 0.8100 8.83 1.30 4.04 185 347 300 302 199 
0.7808 -0.1686 -0.5256 -0.2927 41.75 68.00 4.06 14.80 -0.29 5.50 4.1300 0.9400 0.5900 -1.3433 1.1367 2.0056 8.63 -2.19 4.10 143 209 179 181 119 
0.8329 -0.2823 -0.3862 -0.2781 35.69 49.00 22.44 6.50 -3.06 3.18 1.7100 -2.5800 -2.1900 1.0400 2.1033 0.4978 6.25 -1.98 7.28 140 201 177 178 121 
0.9161 -0.1802 -0.2486 -0.2578 30.44 29.44 13.31 4.42 -3.26 3.79 -0.2600 -0.8900 -4.5100 0.9722 1.9822 0.8344 3.34 -1.69 9.05 143 220 184 185 125 
0.9664 -0.1017 -0.1111 -0.2084 22.44 12.31 8.00 0.85 0.93 7.20 -0.9400 2.8400 -1.5600 0.7644 0.8500 1.3489 1.32 -0.93 9.67 155 231 194 190 127 
0.9911 -0.0446 -0.0488 -0.1155 12.06 6.06 3.94 -0.83 1.51 9.80 -2.4900 2.1300 0.5400 -0.6700 1.4878 -1.1389 0.47 -0.78 9.76 156 223 198 194 129 
0.9854 -0.0545 -0.0219 -0.1599 19.94 3.19 6.44 1.37 -0.31 9.97 0.4700 0.7900 0.3600 -0.5400 1.0433 -1.1989 0.12 -1.42 9.70 151 244 195 197 133 
0.9692 -0.0878 0.0242 -0.2287 27.81 -1.56 12.06 -0.42 -3.02 8.98 -0.0800 -1.0500 -1.0300 -0.8033 0.3022 0.0533 -0.92 -2.76 9.36 151 215 197 200 135 
0.9625 -0.1465 0.0822 -0.2130 22.75 -5.50 19.31 -5.93 -3.85 8.52 -6.8800 0.1000 -0.2400 -0.3522 0.6678 -0.8089 -1.18 -3.55 9.06 156 240 202 207 142 
0.9525 -0.1815 0.0720 -0.2337 29.25 -0.06 23.19 -1.98 -3.85 5.36 -0.8900 0.8100 -3.4600 -0.4544 -2.2978 -1.5933 1.83 -4.07 8.72 163 351 207 212 148 
0.9102 -0.2497 -0.0650 -0.3241 42.88 18.62 25.06 5.59 -4.18 6.31 2.1000 -0.7500 -2.1600 -0.0078 0.4844 -2.3133 3.68 -3.27 8.47 166 384 210 214 148 
0.8479 -0.2466 -0.1235 -0.4528 56.13 28.69 19.81 8.62 -2.04 11.08 3.1800 0.5300 3.4200 0.2178 -0.3900 -0.5533 5.41 -2.51 7.77 157 391 209 210 143 
0.8270 -0.2802 -0.2074 -0.4412 55.19 37.00 21.56 7.42 -1.95 8.87 0.8500 1.2100 1.5400 -0.1689 0.1611 0.1033 5.84 -3.01 7.27 153 393 209 209 144 
0.8297 -0.2952 -0.2109 -0.4243 54.19 37.44 22.31 7.07 -3.07 5.14 1.5900 -0.4600 -2.0500 1.2900 0.3278 -0.4411 5.95 -2.17 7.48 147 386 208 211 146 
0.8542 -0.2161 -0.2571 -0.3970 45.44 37.00 10.69 8.63 0.93 15.96 1.7800 2.6800 8.2100 -0.0800 1.7711 2.1589 4.77 -2.05 8.31 150 379 209 213 147 
0.9277 -0.2139 -0.1351 -0.2745 32.44 17.19 24.87 -1.84 -2.37 5.31 -4.7600 1.9300 -3.6900 -2.8189 1.2856 0.1656 1.69 -5.75 7.75 150 389 210 214 147 
0.8869 -0.3622 0.0030 -0.2867 38.25 14.06 41.88 -1.00 -2.59 1.24 -3.0600 3.4600 -6.0800 0.9244 -1.1689 -2.6789 4.04 -5.46 7.07 152 398 210 216 149 
0.8348 -0.3341 -0.1351 -0.4163 55.00 33.94 26.25 11.54 -1.03 3.38 5.8900 1.7400 -2.7500 2.8244 -1.3322 -1.1289 6.67 -1.22 7.07 153 394 213 216 149 
0.8319 -0.1880 -0.3417 -0.3947 47.25 47.00 1.25 11.81 2.35 12.64 2.6000 2.9400 7.2500 0.5633 -0.0056 1.9222 7.22 -0.68 6.58 154 390 215 219 151 
0.8712 -0.1897 -0.3534 -0.2833 37.06 44.06 12.88 2.63 -1.48 6.32 -4.0500 0.1300 -1.8900 -1.0811 0.1189 -0.4933 6.74 -1.91 6.85 158 361 232 233 166 
0.8483 -0.2469 -0.3278 -0.3347 43.63 48.06 15.94 6.53 -1.94 1.17 -0.4100 -0.7100 -5.2100 1.4322 -1.8756 -0.7489 8.21 -0.76 5.30 180 340 334 381 206 
0.8044 -0.1719 -0.4747 -0.3130 42.75 60.94 -9.81 10.96 2.16 7.58 2.6800 1.5800 2.3900 1.0656 0.1100 -0.7189 8.54 1.68 4.50 170 365 352 419 215 
0.7756 -0.1214 -0.5405 -0.3026 42.69 66.69 -19.69 8.02 1.12 2.84 -0.2700 0.0200 -0.3500 -0.0089 0.0644 -0.1078 8.97 1.37 3.70 168 366 354 411 215 
;
0.7728 -0.1228 -0.5438 -0.3035 42.81 66.00 -20.19 8.66 1.68 3.72 -0.6900 0.1800 0.0700 0.0033 -0.1022 0.0544 8.95 1.35 3.75 169 365 350 408 214 
0.7739 -0.1229 -0.5438 -0.3005 42.44 66.25 -19.87 8.90 1.34 3.64 -0.1700 -0.0200 -0.0200 0.0233 -0.0622 0.0156 8.98 1.35 3.68 167 365 353 404 215 
0.7751 -0.1179 -0.5469 -0.2936 41.44 66.56 -20.37 8.92 1.42 3.54 0.0200 0.1200 -0.0200 -0.0100 -0.0822 0.0089 9.02 1.34 3.59 168 367 347 404 213 
0.7742 -0.1195 -0.5516 -0.2864 40.25 67.31 -18.56 12.26 2.34 7.01 5.0700 1.7900 5.2600 -1.9022 1.0522 0.3878 8.77 0.28 4.36 178 370 246 236 161 
0.8071 -0.2170 -0.4399 -0.3286 43.94 56.19 14.31 11.28 0.39 5.62 2.1800 0.9800 -1.2500 -1.8578 1.7622 1.4256 6.88 -3.35 6.12 169 349 211 216 146 
0.8472 -0.3373 -0.2645 -0.3140 36.75 39.88 35.75 7.58 -7.09 2.16 1.3400 -2.6100 -3.8700 1.4489 1.0900 1.8178 5.36 -4.44 6.90 130 206 182 179 117 
0.9323 -0.2269 -0.1887 -0.2090 24.25 23.25 15.44 1.54 -0.44 6.50 -0.4500 0.9800 -1.8900 2.5411 1.5233 0.3878 2.66 -0.59 9.41 153 185 181 179 118 
0.9807 -0.0259 -0.1007 -0.1655 17.37 10.13 0.31 0.86 1.97 7.97 -0.8300 2.1600 -0.8300 0.4233 0.6433 0.8167 1.28 0.16 9.72 157 207 188 184 121 
0.9924 0.0010 -0.0612 -0.1069 13.75 4.69 -0.37 0.34 0.91 8.82 1.4000 1.1300 -0.3000 -0.5344 0.2544 -0.5267 0.46 -0.32 9.79 152 215 192 188 125 
0.9857 -0.0328 -0.0017 -0.1656 20.69 -0.13 4.75 0.11 -0.30 9.70 0.5900 0.5300 -0.1200 -0.7278 0.6322 -0.8633 -0.45 -1.35 9.70 145 227 191 192 129 
0.9703 -0.0765 0.0463 -0.2247 27.06 -3.94 10.88 -0.30 -2.81 9.44 0.3100 -0.8300 -0.0700 -0.5367 0.2322 -0.0256 -0.98 -2.33 9.47 146 226 194 194 131 
0.9597 -0.1172 0.0914 -0.2386 27.44 -7.19 16.56 -1.27 -3.95 8.42 0.0000 -1.0900 -0.7100 -0.0767 -1.0867 1.0056 -0.70 -2.80 9.37 148 229 197 198 134 
0.9684 -0.1460 0.0664 -0.1910 22.94 -4.62 19.25 -3.61 -2.24 8.53 -3.1300 1.3200 -1.1100 -0.9933 -0.3256 -0.8800 -0.45 -4.04 8.92 161 321 213 221 155 
0.9431 -0.2214 0.0414 -0.2447 32.25 3.81 25.94 -0.47 -3.90 5.64 -1.6500 -0.5900 -3.8400 -0.4278 -1.6289 -1.8278 2.07 -4.31 8.55 165 360 222 231 162 
0.8940 -0.2559 -0.0690 -0.3612 46.63 20.62 23.62 5.99 -3.07 10.32 1.5600 0.1300 2.1100 -0.1733 -1.0156 -1.3589 4.37 -3.16 8.18 156 375 214 212 142 
0.8405 -0.2769 -0.1730 -0.4323 54.75 34.75 21.62 7.33 -2.63 7.33 1.0900 0.5100 0.4100 0.8533 -0.1622 -0.9800 6.05 -2.04 7.43 140 384 212 206 138 
0.8154 -0.2458 -0.2587 -0.4559 58.25 41.38 11.25 10.74 -1.37 7.53 5.5400 0.0600 0.4500 1.4767 -0.6856 0.7422 6.77 -0.99 7.02 143 382 212 209 140 
0.8574 -0.2005 -0.3077 -0.3604 40.88 39.19 12.75 5.90 1.57 15.54 -1.0400 3.1300 6.7700 -2.6100 2.0367 3.3111 4.35 -4.31 7.65 149 386 218 217 145 
0.8990 -0.3664 -0.0797 -0.2263 27.12 14.81 46.88 -3.12 -3.48 2.71 -5.0500 4.6300 -3.6200 -2.3056 0.4111 -0.7622 2.56 -7.98 5.08 138 390 215 215 143 
0.8204 -0.4948 -0.0433 -0.2833 43.63 25.12 54.56 3.75 -2.38 -0.79 1.3300 4.0700 -5.8700 2.3544 0.1222 -3.2367 5.75 -5.06 6.11 140 392 216 217 145 
0.8079 -0.3407 -0.2239 -0.4255 53.25 43.63 24.19 16.24 -1.76 7.18 7.9300 0.5700 2.1100 2.0589 -0.8867 1.0956 7.17 -2.24 6.29 142 393 216 217 145 
0.8559 -0.2569 -0.3442 -0.2881 34.13 46.63 21.50 2.93 -0.95 10.78 -4.8900 1.2100 3.6800 -0.5389 0.0567 0.5611 6.89 -2.92 6.32 147 393 216 223 153 
0.8622 -0.2893 -0.3253 -0.2592 35.19 45.88 29.50 5.97 -3.72 1.54 -1.3000 -0.5200 -5.0100 -0.6300 -1.1289 -0.6356 7.62 -3.26 5.22 159 333 260 266 178 
0.8198 -0.3009 -0.3840 -0.2998 40.31 55.19 20.37 8.02 -0.93 2.84 0.4400 1.3700 -1.1200 3.2344 0.3200 -1.6511 7.96 0.29 5.71 185 360 343 427 214 
0.8403 -0.0785 -0.4280 -0.3234 42.00 49.63 -14.38 8.53 6.19 11.33 4.4300 5.5400 6.9800 -0.5422 -1.3944 0.4667 8.25 1.25 5.14 166 367 350 422 216 
;
