0.6557 0.2839 0.1611 0.6808 267.81 10.13 -36.94 1.86 5.69 7.72 0.1100 -0.0800 0.0600 0.0211 -0.0144 -0.0044 1.73 5.80 7.70 181 346 358 413 227 
0.6542 0.2853 0.1625 0.6813 267.62 10.13 -37.25 1.73 5.85 7.58 0.0300 -0.0500 -0.1300 0.0478 -0.0156 0.0122 1.74 5.88 7.64 183 355 362 408 226 
0.6505 0.2921 0.1693 0.6805 267.31 10.06 -39.50 4.82 7.62 11.83 4.2700 1.7900 5.3400 1.5956 0.5022 1.7522 2.22 6.52 6.97 167 325 235 235 204 
0.5129 0.3428 0.1700 0.7684 239.56 33.00 -39.69 11.61 11.14 10.21 2.9600 3.7800 3.4600 0.2678 1.4089 3.0456 6.61 3.73 6.20 162 194 184 195 167 
0.2504 0.4471 -0.0002 0.8587 204.56 51.06 -10.25 8.63 0.33 3.21 0.0000 -1.0900 -4.7400 0.4956 2.9033 2.9122 6.34 -0.61 7.45 160 198 178 187 149 
0.0273 0.2819 -0.0457 0.9580 180.06 28.87 3.81 4.10 0.25 1.67 0.0000 1.2500 -6.5700 1.3744 1.6400 2.1256 3.55 -0.13 9.14 165 187 178 191 152 
-0.1344 0.1514 0.0159 0.9791 161.31 16.31 0.69 -0.76 3.18 8.01 -3.2700 2.9500 -1.2200 -0.2378 0.5056 0.6078 2.36 -0.39 9.50 164 186 183 195 154 
-0.1929 0.1401 0.0049 0.9711 157.69 17.25 2.44 5.30 1.39 9.35 1.9700 1.9600 0.1000 -0.4844 0.5144 -0.9900 2.74 -0.48 9.40 169 186 186 206 159 
-0.1152 0.1209 -0.0199 0.9858 169.31 11.94 5.25 6.52 1.16 9.02 6.1100 0.2900 -1.1900 -1.7033 1.2300 -1.1567 1.18 -1.92 9.54 161 182 194 214 167 
0.0050 0.0129 -0.1220 0.9924 181.56 0.25 14.50 0.64 -6.17 9.09 0.3600 -3.7700 0.0200 0.2100 -0.4700 1.4211 -0.31 -2.39 9.50 166 191 214 216 179 
0.0024 -0.0531 -0.1398 0.9888 181.37 -7.06 17.19 -4.85 -3.16 8.57 -1.2800 -0.0200 -1.3800 -0.0089 -1.4733 0.4156 -0.52 -3.02 9.31 169 222 217 227 184 
-0.0251 0.0142 -0.1723 0.9846 174.94 4.56 23.81 -5.29 -1.23 3.64 -7.8300 4.2800 -5.6400 -4.7944 -5.8967 0.4622 3.96 -6.97 5.63 176 258 243 282 209 
-0.1138 0.4621 -0.4381 0.7626 162.81 40.94 88.56 -0.44 1.66 -6.79 -6.1100 9.5100 -5.0400 -5.9811 -6.3900 -3.5467 6.12 -3.73 -6.68 203 270 306 363 218 
0.0959 0.8306 -0.4997 0.2261 240.50 28.94 -175.75 10.91 3.04 -16.97 5.1000 2.1400 -7.7200 -2.1433 -0.1567 -1.0878 4.68 2.65 -8.19 209 294 294 364 219 
0.2883 0.8438 -0.4312 0.1381 232.56 28.81 -151.81 5.34 4.95 -9.29 1.7400 1.0900 -1.0800 -0.4244 0.3044 0.0289 4.92 4.66 -7.08 208 302 304 361 217 
0.3444 0.8344 -0.4110 0.1271 233.87 28.94 -148.44 6.66 6.14 -16.79 7.2500 2.1800 -16.5700 1.5278 -2.9189 1.2933 3.80 3.35 -8.39 212 341 343 389 224 
0.1027 0.8363 -0.4990 0.2026 240.44 30.81 152.56 -0.63 6.40 -8.44 -5.4200 13.7800 2.7900 7.2722 3.3122 3.8156 4.66 -8.56 -1.02 215 434 380 428 235 
-0.3583 0.5370 -0.4095 0.6446 121.06 21.87 80.19 -0.84 -1.14 0.19 -3.8000 7.2900 -1.4200 0.8400 0.6522 -0.2756 3.56 -8.75 2.61 219 436 378 427 231 
-0.3726 0.4656 -0.3811 0.7065 125.44 22.56 73.00 2.62 -6.32 2.68 -1.0800 1.8800 -0.1700 -1.0389 -0.6611 -0.5933 4.21 -8.64 1.93 220 427 375 423 233 
-0.2920 0.5390 -0.4007 0.6809 138.31 33.25 88.50 1.37 -2.15 -0.08 -4.3300 5.6100 0.7600 -2.3822 0.4133 -3.2822 7.11 -6.64 -1.20 204 264 297 339 220 
0.0301 0.6362 -0.3485 0.6876 202.81 76.31 65.12 11.27 1.16 0.41 -0.3900 3.5200 0.4900 0.6833 4.4189 -7.0422 7.54 3.91 4.88 188 282 276 309 215 
0.4725 0.4911 0.0451 0.7304 250.37 41.13 -51.19 13.96 9.70 7.50 5.1800 2.5500 2.7800 -0.2867 0.0056 -1.1744 6.01 6.34 4.44 188 298 274 299 203 
0.5553 0.5016 0.0566 0.6609 263.50 35.19 -48.94 4.81 7.27 7.10 -3.6400 0.5200 -0.0800 -0.7244 -6.5022 0.1067 7.15 5.64 3.60 190 292 262 290 201 
0.4347 0.7888 -0.3231 0.2905 237.06 28.56 -153.00 10.55 -1.30 -12.01 -2.4700 -4.5000 -4.1700 3.2044 -1.2989 1.7122 3.48 1.60 -9.02 204 307 265 320 206 
0.1394 0.8012 -0.5748 0.0903 251.50 17.12 -173.00 3.92 1.17 -9.36 0.7600 -0.6500 -1.7600 0.2122 -0.3933 -0.2489 2.68 1.13 -9.36 206 306 285 330 216 
0.0731 0.8265 -0.5384 0.1472 243.56 26.25 167.94 18.08 -11.31 -31.19 10.4900 -1.4900 -13.4600 8.5611 3.5089 3.0967 5.28 -7.65 -3.10 217 431 376 426 233 
-0.3466 0.5764 -0.4044 0.6198 117.31 21.25 80.69 -2.50 6.58 0.26 -6.7600 14.7600 -1.5000 1.8389 0.9722 0.8856 2.47 -8.84 3.44 218 437 381 432 234 
-0.4481 0.4163 -0.3745 0.6970 115.87 14.88 67.31 1.07 -4.53 2.90 -0.5600 3.5500 -0.6200 -0.7933 0.4022 -1.1067 3.17 -8.71 3.18 221 433 377 428 232 
-0.3624 0.4481 -0.3829 0.7219 130.62 24.31 71.12 3.48 -4.32 1.24 -0.9900 3.0900 -1.7600 -1.5811 1.0811 -2.5389 5.51 -7.77 2.29 202 311 327 293 210 
-0.1017 0.4518 -0.3875 0.7971 176.00 41.69 54.69 0.89 -5.79 -0.19 -6.1700 -0.7800 -5.1800 4.2589 4.0900 -5.3856 5.83 -1.67 7.70 201 302 309 302 214 
0.2382 0.2949 0.0054 0.9254 215.62 30.00 -21.00 4.17 7.86 7.91 0.3300 3.7800 0.7100 1.9289 2.1222 -4.8167 2.31 5.85 7.52 206 325 340 390 229 
0.4637 0.2092 0.2791 0.8144 241.00 3.44 -42.13 0.07 10.87 11.68 1.1400 2.8100 2.0800 1.8544 -5.3711 -0.0522 2.87 7.19 6.00 204 387 355 414 224 
;
