0.6722 0.1526 -0.0679 0.7213 265.81 17.56 -5.62 3.37 0.43 9.40 1.2000 -0.6500 -0.9400 0.3689 1.2133 0.1822 2.42 0.79 9.46 184 333 361 394 217 
0.6706 0.1114 -0.0322 0.7327 265.00 11.44 -6.62 1.55 1.41 9.15 0.1000 0.1100 -0.1300 0.4544 0.1056 -0.3022 1.80 1.50 9.52 181 344 360 394 215 
0.6799 0.1205 -0.0044 0.7233 266.62 10.19 -9.63 1.72 2.58 9.16 0.0400 1.0600 -0.2100 0.6411 0.4433 0.3100 1.61 1.91 9.48 185 335 356 380 215 
0.6459 0.1275 -0.0187 0.7524 257.62 13.56 -1.12 -2.19 1.26 14.37 -0.6500 1.8400 5.7700 -5.2022 1.9844 0.5056 1.57 -3.49 9.02 184 368 176 191 164 
0.5974 -0.1395 -0.2624 0.7449 258.25 5.62 40.81 4.01 -6.42 3.21 2.7100 2.0800 -5.1100 -1.9100 0.9467 0.0244 0.47 -7.57 6.20 184 394 179 201 167 
0.5837 -0.2791 -0.3436 0.6806 261.19 0.50 52.38 3.11 -3.47 0.70 3.1000 4.3000 -4.9200 1.1111 -0.4889 0.2811 0.05 -7.33 6.51 192 398 187 207 172 
0.5742 -0.2291 -0.3112 0.7218 253.25 2.12 44.88 4.12 -11.30 10.62 4.6900 -5.9800 5.0400 0.3189 -2.4800 1.6989 0.79 -6.77 7.05 190 392 189 203 172 
0.4184 -0.1326 -0.3647 0.8212 229.25 3.62 47.81 -5.83 -12.10 16.22 -6.6100 -1.4800 9.3400 -2.5656 -0.6633 1.7000 -0.22 -8.46 4.95 193 393 190 208 176 
0.2681 -0.2166 -0.5114 0.7872 218.25 -4.81 71.81 -7.10 -1.50 6.84 -5.3500 8.4800 3.2600 -2.4200 1.2233 -1.3156 -0.31 -9.73 1.17 195 394 191 212 174 
0.3314 -0.2974 -0.6268 0.6393 240.62 4.56 89.19 1.55 -1.04 -1.33 0.5000 8.4700 -1.7100 0.5111 1.9867 -1.6989 1.99 -9.58 0.49 192 386 192 213 173 
0.5112 -0.2927 -0.5865 0.5559 269.12 18.06 76.94 9.95 -4.86 0.13 7.6800 3.6000 -2.1700 3.2244 0.7100 -1.1022 3.67 -8.01 4.29 193 388 189 215 172 
0.6277 -0.1473 -0.4415 0.6240 265.50 20.56 48.13 6.88 -11.97 16.34 -0.8300 -5.3800 10.2600 0.1244 -1.9311 2.7089 2.75 -6.94 6.35 193 387 194 219 175 
0.4628 -0.0728 -0.4356 0.7686 240.50 16.94 51.19 -1.15 -5.03 6.18 -3.3300 2.2500 0.4900 1.6000 -0.7867 0.7233 2.87 -6.89 6.35 192 331 219 226 182 
0.4166 0.0166 -0.3405 0.8427 232.56 18.25 29.50 4.43 -5.91 19.11 3.1200 1.0100 12.5600 1.2200 -4.1678 2.0222 4.46 -3.85 7.83 184 306 341 368 211 
0.3070 0.1252 -0.3645 0.8702 217.37 23.75 47.38 3.45 -2.42 0.44 -0.7500 4.8100 -6.9000 -4.3167 0.4733 2.2833 2.40 -8.84 3.49 174 319 347 375 209 
0.2099 -0.0680 -0.6153 0.7568 209.37 7.00 79.06 -1.97 -5.25 -7.74 -2.7200 4.9100 -9.2900 0.6533 -0.2889 -0.0211 1.11 -9.52 2.07 169 317 345 375 209 
0.1932 -0.0367 -0.5865 0.7857 207.94 11.56 67.94 1.42 -0.36 -6.97 -0.2900 8.4200 -10.2100 7.9511 -1.8844 -2.6411 4.15 -5.10 7.26 177 331 343 371 209 
0.2174 0.1546 -0.1031 0.9583 204.19 19.69 2.62 9.94 3.29 25.95 6.1400 1.8300 15.4200 -0.8722 0.1644 0.5200 4.04 -0.73 8.90 182 341 344 367 214 
0.1842 0.1945 -0.1241 0.9554 202.25 24.31 13.31 2.81 -0.49 4.30 -1.3700 2.0800 -3.9400 -0.8956 -0.1489 -0.1933 4.17 -2.74 8.43 182 332 329 332 214 
;
