0.7058 0.1517 0.0386 0.6909 271.19 8.94 -15.69 1.72 2.44 9.38 0.2100 -0.2100 0.0600 -0.0122 -0.0056 0.0144 1.55 2.60 9.32 184 381 371 411 214 
0.7056 0.1518 0.0357 0.6912 271.12 9.19 -15.31 1.64 2.26 9.40 0.0100 -0.2600 0.1400 -0.0100 -0.0122 -0.0322 1.58 2.52 9.34 184 381 367 408 217 
0.7065 0.1501 0.0324 0.6908 271.31 9.25 -14.94 1.62 2.23 9.36 0.1800 -0.2400 0.0500 0.0167 0.1167 -0.0044 1.51 2.48 9.36 180 381 371 408 217 
0.7054 0.1480 0.0364 0.6922 270.19 9.81 -15.50 1.18 6.74 10.92 0.4600 5.4500 2.4600 -1.4633 -2.0856 2.6211 3.50 1.64 9.01 186 324 261 248 202 
0.6088 0.1553 -0.1694 0.7593 254.12 25.44 14.44 3.98 -2.85 10.32 -0.1200 0.5100 1.6500 -5.7967 2.7344 1.2500 2.43 -6.06 7.31 191 378 193 202 175 
0.5539 -0.1764 -0.3889 0.7147 257.37 8.69 53.13 0.57 -5.98 -1.01 -0.7500 2.1800 -6.6800 -0.8511 1.2511 -0.5611 1.21 -8.18 5.25 189 394 195 208 179 
0.5818 -0.2587 -0.4112 0.6523 261.87 8.94 58.19 6.51 -5.65 -0.75 5.9900 0.8000 -5.8500 2.3522 -1.6544 -0.2822 2.28 -7.47 5.92 191 379 200 209 176 
0.5432 -0.1083 -0.3883 0.7365 247.75 14.94 44.06 2.85 -14.07 15.69 -2.3700 -5.6300 9.0600 -0.8922 -1.4467 2.9289 1.69 -7.31 6.30 192 379 196 207 176 
0.3453 -0.1367 -0.4471 0.8137 224.19 1.81 59.75 -3.36 -3.57 10.04 -3.6100 5.6700 5.4900 -2.7333 1.6511 0.3667 -0.60 -9.29 3.08 194 389 199 213 179 
0.3276 -0.3011 -0.5577 0.7007 234.19 -2.00 82.00 -1.53 0.34 0.08 -0.6700 9.6800 -1.9100 -0.5956 1.9100 -1.6100 0.65 -9.75 0.70 192 389 202 212 177 
0.4715 -0.3367 -0.5767 0.5760 264.37 12.19 80.56 6.65 -4.92 -1.21 4.8900 2.8200 -2.8300 3.0000 0.7778 -2.0844 3.51 -8.31 3.82 190 387 200 218 175 
0.6415 -0.1594 -0.4630 0.5905 273.62 23.81 51.69 9.54 -11.11 10.45 4.1900 -5.0600 4.3100 1.5189 -1.4433 1.7600 3.61 -6.67 6.20 195 388 204 219 181 
0.5560 -0.0798 -0.4297 0.7070 254.00 22.00 49.06 -0.78 -5.63 6.10 -4.9100 1.1700 -0.0500 1.1356 -4.8300 -0.8544 5.50 -6.35 5.04 132 287 208 224 177 
0.3627 0.2838 -0.5500 0.6967 219.44 56.44 95.50 21.32 -9.29 -10.21 12.6000 -2.5900 -7.3500 6.4700 -8.6467 4.6122 3.98 -8.55 -2.68 102 262 194 188 167 
-0.2946 0.5193 -0.5229 0.6083 125.69 17.25 90.31 -0.66 -3.90 1.92 -3.4100 5.4800 2.2500 1.1822 0.2567 -0.0978 2.80 -9.33 1.09 104 268 193 191 168 
-0.3565 0.4656 -0.4624 0.6650 122.25 16.56 79.87 6.60 -18.06 -1.72 3.8800 -7.1500 -5.2600 3.3500 0.7522 0.4467 2.44 -8.76 3.66 107 291 195 195 168 
-0.4551 0.3297 -0.3301 0.7584 117.62 9.63 47.94 -0.87 2.63 7.43 -3.3500 9.6700 1.2900 1.6778 0.7578 -0.1056 1.16 -5.97 7.69 111 290 199 202 165 
;
-0.4692 0.2314 -0.2537 0.8136 121.81 9.69 43.19 -0.95 0.05 5.26 -1.4100 5.7800 -2.4900 -4.1467 -1.1744 -1.3811 2.89 -8.09 4.72 111 291 201 200 168 
-0.3281 0.4329 -0.4096 0.7329 133.62 23.25 78.62 6.09 -13.67 -1.91 2.8300 -5.5100 -2.4800 -1.9967 -0.3978 -0.6833 4.47 -8.72 -0.31 112 293 201 206 171 
-0.2164 0.5367 -0.4990 0.6450 145.25 29.44 95.12 4.60 -7.26 -0.77 -0.6800 0.9900 0.1500 -1.2556 1.6567 -1.2378 5.67 -7.95 -0.76 158 305 200 210 177 
0.0266 0.4788 -0.5396 0.6920 203.69 49.25 83.37 12.94 -9.14 0.53 4.8500 -2.8200 -1.8400 -1.3856 13.9156 -1.9467 4.26 -5.58 6.84 198 402 191 207 171 
0.5689 -0.1091 -0.3398 0.7409 256.87 13.44 42.25 0.82 -3.81 4.53 -1.7600 2.1300 -2.8000 -2.1056 0.3622 -0.4800 1.95 -7.40 6.12 196 400 196 210 171 
0.6134 -0.1968 -0.3795 0.6641 265.69 12.25 47.44 6.49 -6.15 4.38 4.9800 0.3200 -0.6500 2.2800 -0.3444 0.6833 2.01 -6.01 7.48 197 396 197 215 174 
0.5889 -0.1053 -0.2881 0.7477 251.75 9.75 33.25 1.89 -8.12 15.84 -1.8100 -4.4400 7.7600 -0.8233 -1.0167 2.8889 1.00 -5.95 7.72 200 387 200 213 177 
0.4017 -0.1436 -0.3514 0.8334 230.19 1.25 47.94 -3.76 -5.53 9.59 -3.4000 3.7000 1.5200 -3.1656 0.7822 0.2511 -0.37 -8.76 4.38 197 395 201 218 176 
0.3798 -0.2842 -0.4959 0.7274 238.94 -1.12 72.56 -2.40 -0.59 1.45 -2.4200 8.7400 -1.5500 -0.5900 1.5167 -1.9089 0.75 -9.48 2.38 199 399 202 218 175 
0.5170 -0.3189 -0.5190 0.6014 266.75 11.69 72.87 5.42 -3.53 0.82 3.5700 4.9700 -2.4000 1.8111 1.1844 -2.1956 3.14 -8.31 4.13 198 399 201 217 172 
0.6842 -0.2113 -0.4363 0.5448 283.31 22.06 49.69 13.03 -8.87 7.31 9.8400 -2.4800 3.4100 3.3767 -0.3322 1.4822 3.38 -5.49 7.38 201 401 203 219 177 
0.6538 -0.0913 -0.3241 0.6776 264.56 16.56 37.63 -3.96 -8.30 8.80 -5.2800 -0.6800 0.3800 -0.5533 -0.6911 0.4567 3.11 -6.22 6.91 194 382 204 218 174 
0.5524 0.0080 -0.4164 0.7220 248.25 40.81 43.19 6.55 -5.43 0.90 5.5800 -0.7900 -4.9700 3.7578 -13.0078 2.1856 8.35 -4.99 -1.18 110 249 198 199 169 
-0.0684 0.6170 -0.5349 0.5732 146.00 30.56 111.06 4.48 -7.84 -3.59 -3.3100 1.7600 -0.6000 3.4156 0.8267 1.2111 3.98 -8.92 -0.79 105 283 197 202 163 
-0.2867 0.5010 -0.4890 0.6540 132.25 21.31 86.56 1.52 -8.68 1.81 0.2300 -3.0800 -0.7300 0.8533 -0.3289 0.3433 3.29 -9.15 1.19 107 280 197 202 166 
-0.3591 0.4377 -0.4365 0.6992 124.37 16.25 71.50 2.75 -7.30 1.01 -0.4500 2.9700 -1.7400 4.1767 1.2956 0.6822 1.76 -7.48 6.08 112 286 201 205 169 
;
