0.2195 -0.4976 -0.6546 -0.5251 134.56 54.06 -126.87 7.93 4.65 -3.39 -0.0400 0.0700 0.0500 0.0089 0.0167 -0.0189 7.94 4.60 -3.44 162 254 265 292 209 
0.2197 -0.4965 -0.6550 -0.5255 134.62 54.00 -126.69 7.95 4.70 -3.41 0.0000 0.0800 0.0200 -0.0011 0.0233 -0.0111 7.94 4.62 -3.42 161 254 267 293 209 
0.2200 -0.4954 -0.6552 -0.5262 134.56 54.06 -126.44 8.00 4.76 -3.39 0.3600 0.1300 -0.2000 -0.0678 0.3367 -0.0189 8.02 4.64 -3.18 162 254 265 286 209 
0.2505 -0.4702 -0.6361 -0.5581 130.00 60.38 -106.00 17.87 8.24 -0.20 6.3000 3.9700 -0.7000 -2.3011 4.5756 3.2378 8.80 2.82 3.25 191 351 191 199 151 
0.5018 -0.3168 -0.2299 -0.7713 112.50 34.63 11.13 0.06 -1.22 0.77 -4.5000 1.9300 -8.2400 -3.2611 2.7844 1.0722 2.99 -4.64 8.09 195 391 160 201 147 
0.5224 -0.2444 0.1820 -0.7964 113.81 8.50 34.50 2.68 -1.80 3.59 2.0700 3.5400 -3.5000 0.5367 0.8378 0.6367 0.52 -5.34 8.20 195 390 165 201 150 
0.5465 -0.1746 0.2167 -0.7899 107.69 1.12 30.94 4.60 -8.67 14.09 2.4600 -5.2100 8.2300 0.4833 -0.7589 2.9967 -0.40 -4.57 8.66 198 393 185 206 150 
0.6917 -0.1838 0.2144 -0.6647 83.56 -3.87 37.44 -7.99 -5.84 12.93 -6.7900 2.5500 4.7900 -3.7789 -0.2667 0.6678 -0.98 -8.01 5.56 198 394 190 208 152 
0.6515 -0.3708 0.3806 -0.5415 82.31 -4.19 68.37 -5.43 -1.49 2.46 -4.3800 8.6900 -1.1000 -1.0378 1.5711 -2.4956 0.49 -9.43 2.64 197 394 193 211 154 
0.4727 -0.4263 0.4255 -0.6432 113.25 11.31 72.00 4.71 -1.45 -0.37 3.0900 6.7900 -3.5100 2.2622 1.9067 -1.8000 2.68 -8.25 4.55 199 394 194 212 155 
0.3829 -0.3229 0.3081 -0.8088 130.25 17.44 44.81 12.13 -3.95 9.02 11.4700 0.8500 3.3000 3.5389 -1.7333 0.1544 3.90 -4.48 7.79 198 388 195 214 156 
0.4868 -0.3043 0.0447 -0.8176 113.25 27.87 23.31 2.22 -4.01 11.18 -3.9200 0.0000 2.0200 1.7789 -2.5156 1.7722 5.45 -3.15 7.51 198 330 179 211 158 
0.6277 -0.3513 -0.1015 -0.6871 93.50 37.88 21.87 3.98 -2.83 7.78 -1.7200 0.6100 0.5600 1.1200 -1.5689 -0.0611 6.75 -2.41 6.68 197 244 207 221 168 
0.6381 -0.3731 -0.1879 -0.6468 90.81 46.88 19.81 10.25 -4.53 8.07 4.0200 -3.3500 2.6000 -0.5733 0.9800 1.4144 6.70 -3.01 6.48 197 181 196 209 160 
0.7264 -0.3210 -0.0275 -0.6070 73.25 9.56 30.62 3.77 0.66 3.99 2.8400 5.9500 -4.3600 -0.1922 5.0122 7.5233 -4.49 -4.10 7.68 196 173 190 197 156 
0.8925 -0.0182 0.3638 -0.2659 26.56 -43.31 9.94 -10.76 2.20 7.20 -2.1000 2.4700 -0.4400 -0.3333 -0.1744 0.2000 -6.65 -0.90 7.14 198 177 188 197 156 
0.9133 0.0130 0.3520 -0.2047 27.37 -38.56 9.44 -5.43 -0.04 6.36 0.5900 1.5600 -1.8500 1.6444 -3.6044 -2.5622 -4.07 -1.23 8.83 196 209 210 221 173 
0.9103 0.0057 0.1152 -0.3976 55.25 -4.50 2.12 0.49 4.14 5.79 0.2700 3.6600 -4.3100 -0.0133 -4.5867 -5.8333 2.60 0.53 9.43 190 294 264 337 212 
;
0.6600 -0.0898 -0.1628 -0.7279 102.50 17.69 -10.63 7.05 1.82 12.61 2.7000 -0.0200 4.2600 1.8478 2.1044 -2.0789 0.92 3.30 9.18 185 349 336 421 213 
0.5295 0.1089 -0.1879 -0.8200 115.12 1.37 -29.44 1.26 3.52 8.73 0.2600 -1.0100 -4.2200 -0.3133 -0.3933 0.1500 0.74 4.52 8.66 179 354 348 425 218 
0.5256 0.1110 -0.2234 -0.8133 113.87 2.69 -28.50 -0.31 4.41 8.20 0.5000 0.0100 0.1500 -0.0700 -0.5100 0.0100 0.71 4.63 8.61 180 351 350 427 219 
0.5261 0.0966 -0.2255 -0.8143 114.00 4.31 -27.81 3.02 6.22 13.03 2.1700 3.1800 7.7300 -2.1811 3.6311 -0.4011 -0.89 3.47 9.12 194 353 198 205 163 
0.5466 0.0936 -0.0052 -0.8322 114.69 -7.31 2.12 -0.03 -1.62 10.56 1.1800 1.2300 -0.2600 -4.5133 -0.8522 -0.5533 -0.43 -4.24 8.82 197 397 186 205 161 
0.4946 -0.1489 0.2573 -0.8167 118.19 0.37 37.88 -0.40 -1.69 0.54 -0.2200 4.7300 -6.8500 -0.2378 -0.0978 -0.4789 0.31 -6.42 7.40 198 401 193 214 164 
0.4647 -0.1755 0.2791 -0.8218 120.06 0.50 35.63 8.10 -3.38 10.13 8.2800 -0.3700 3.8800 1.9044 0.1667 3.0778 -1.06 -4.47 8.66 196 405 199 218 166 
0.6325 -0.0742 0.2468 -0.7305 92.62 -13.19 30.50 -11.37 -9.34 16.09 -8.7900 -2.2900 5.4800 -3.7333 -1.0022 0.1722 -1.91 -7.01 6.58 198 404 197 216 166 
0.6372 -0.2816 0.3839 -0.6061 89.06 -6.56 61.69 -7.28 -2.17 3.42 -6.5800 6.8700 -0.7200 -2.1567 0.5033 -2.5333 0.29 -9.34 2.96 199 405 200 219 167 
0.4553 -0.4265 0.4412 -0.6451 115.75 12.38 75.87 1.35 0.51 -0.88 0.8700 9.5900 -3.0500 0.7678 2.1900 -2.1456 3.28 -8.71 3.06 197 404 200 222 168 
0.3001 -0.3690 0.3839 -0.7914 140.62 20.06 56.44 10.75 -3.39 6.78 8.3900 3.0700 2.4800 3.7011 1.2044 0.7122 2.56 -6.12 7.21 198 403 201 222 168 
0.3887 -0.2045 0.2074 -0.8741 125.81 8.69 29.19 -3.08 -9.09 17.56 -7.1500 -4.9600 7.8400 -0.7133 -1.3367 2.5722 1.20 -5.15 8.25 199 401 204 224 169 
0.5541 -0.2267 0.1836 -0.7797 108.69 9.13 32.31 1.26 -2.63 6.88 -0.0100 2.2900 -1.2000 0.7511 0.2556 0.1522 1.42 -4.73 8.47 198 395 208 226 169 
0.5733 -0.2003 0.1382 -0.7824 107.31 9.06 25.94 1.39 -4.47 7.09 0.2000 -0.3900 -1.0500 2.1289 -4.6900 1.6767 4.11 -3.38 8.23 194 209 222 219 182 
0.6969 -0.3365 -0.0680 -0.6296 78.87 24.00 27.37 7.07 -6.76 9.85 3.3700 -0.9700 0.2600 1.1333 5.1089 4.9533 -0.80 -4.13 8.85 195 181 192 199 166 
0.8704 -0.0713 0.2546 -0.4153 43.25 -31.06 17.75 -4.98 0.67 4.28 -0.9200 2.8300 -2.8200 -0.0878 1.5656 2.9122 -6.64 -0.96 7.14 196 181 191 195 162 
0.9011 0.0391 0.3791 -0.2070 26.00 -44.50 7.69 -5.73 1.32 4.92 1.4400 2.3400 -1.9300 0.3311 -0.9411 -1.1022 -6.34 -1.32 7.36 196 196 193 202 168 
0.9111 0.0123 0.2801 -0.3020 41.69 -23.81 8.44 -2.01 2.29 4.25 0.7700 3.1200 -3.7000 2.3367 -5.2300 -4.5911 0.08 -0.23 9.80 193 268 236 263 204 
;
