0.7517 0.0240 0.0123 -0.6590 82.44 -2.81 -1.12 -0.60 0.16 9.78 -0.0500 -0.0300 0.0100 -0.0022 0.0000 0.0011 -0.49 0.19 9.79 174 341 353 391 216 
0.7517 0.0240 0.0123 -0.6590 82.44 -2.81 -1.12 -0.69 0.14 9.77 0.0300 -0.0200 0.0300 -0.0044 -0.0044 -0.0011 -0.48 0.18 9.79 174 338 354 388 215 
0.7526 0.0172 0.0132 -0.6581 81.81 -1.31 1.37 3.82 2.89 12.48 2.5200 2.7800 2.4200 -3.2733 1.0489 1.6278 -0.56 -2.25 9.52 172 301 178 184 174 
0.7892 -0.1318 0.1492 -0.5810 72.75 -5.31 29.19 -0.96 -6.93 6.34 -0.1000 -0.7500 -2.1100 -1.2100 0.9689 -0.3233 -1.15 -5.92 7.72 184 355 165 173 151 
0.7471 -0.2444 0.2719 -0.5552 73.00 -8.00 43.44 -1.93 -4.46 4.19 -0.2900 2.6400 -2.1400 -0.2422 0.1800 0.0100 -1.44 -6.83 6.88 188 369 172 179 153 
0.7430 -0.2549 0.2789 -0.5524 73.19 -7.12 42.56 1.77 -4.26 6.95 3.2000 1.4400 -0.1600 0.9978 -0.3533 0.7789 -1.31 -6.01 7.63 191 371 168 182 154 
0.7943 -0.2062 0.2335 -0.5215 62.31 -9.75 34.13 -2.05 -9.34 13.37 -0.5700 -3.9400 5.4200 -0.8144 -0.9322 1.6856 -1.86 -5.52 7.88 191 377 170 187 153 
0.8633 -0.2580 0.2259 -0.3702 44.75 -11.38 42.31 -8.96 -6.99 9.60 -6.6400 1.5900 2.0600 -2.6900 -0.2722 -0.7989 -1.39 -8.01 5.47 193 379 171 187 155 
0.7776 -0.4457 0.2659 -0.3549 52.19 -3.62 65.62 -4.30 -2.95 1.72 -3.7400 6.3200 -2.1200 -0.7033 1.0244 -2.0411 0.48 -9.20 3.35 193 381 176 190 157 
0.6644 -0.5010 0.2745 -0.4818 76.50 8.69 67.87 3.02 -1.96 1.82 1.5800 6.6300 -2.1200 1.7100 1.7133 -1.2122 1.82 -8.32 4.84 191 381 180 191 158 
0.6343 -0.3762 0.2399 -0.6313 90.62 8.69 47.44 6.84 -4.94 9.36 6.0400 1.0700 3.1200 2.8744 0.5356 0.6622 0.88 -5.59 8.00 193 381 182 194 158 
0.7258 -0.2041 0.1506 -0.6394 79.00 0.75 27.87 -4.59 -9.44 16.00 -5.9800 -4.0300 4.3800 -0.9967 -1.1200 0.6867 0.28 -4.99 8.43 192 381 182 192 159 
0.7804 -0.2371 0.1354 -0.5626 70.62 3.37 31.75 0.43 -3.82 5.65 0.0100 1.1900 -2.4900 1.8656 -2.2722 1.0056 1.45 -4.33 8.67 192 371 186 194 166 
0.8606 -0.2158 -0.0416 -0.4595 49.69 21.19 15.94 8.36 -3.43 13.19 4.6100 -0.9000 5.5400 3.4144 -3.8833 3.6500 5.81 -1.38 7.77 188 320 275 263 203 
0.9248 -0.1337 -0.3320 -0.1292 8.69 41.25 14.06 7.93 -0.56 6.68 0.8500 1.6000 -0.1700 1.6356 -0.8067 3.1200 6.50 -2.43 6.91 185 328 314 330 213 
0.9111 -0.1004 -0.3760 0.1359 339.62 40.31 23.31 3.48 -0.19 4.12 -3.3500 2.9300 -2.5800 0.8489 -0.3356 1.0611 6.14 -3.10 6.98 186 333 330 350 213 
0.8939 -0.0795 -0.3748 0.2327 329.75 39.69 24.06 5.22 -0.85 6.76 -0.8400 1.8500 0.1000 0.0389 -0.4078 0.0856 6.45 -3.06 6.71 180 329 325 351 215 
0.8761 -0.0746 -0.4096 0.2431 330.25 44.31 29.31 6.77 -0.49 6.98 -0.3100 3.7700 0.9100 -2.6400 -0.6178 -0.7056 7.31 -4.14 5.04 173 275 321 364 220 
0.8472 -0.2103 -0.4728 0.1205 347.44 48.50 48.56 9.76 -1.56 2.48 2.2700 3.3500 -1.8600 -2.6133 0.6422 0.0689 7.18 -5.71 3.43 163 269 322 375 222 
0.8079 -0.3723 -0.4565 0.0197 358.81 46.00 66.75 5.78 -11.94 0.00 -1.2700 -4.3800 -1.9200 -0.5989 0.1178 -0.3444 7.14 -6.33 2.22 161 280 331 383 222 
0.7816 -0.4232 -0.4572 -0.0327 5.62 48.44 70.06 6.98 -5.09 2.78 -1.0000 0.9000 0.4000 -0.0467 -0.1711 -0.2711 7.49 -5.94 2.14 164 280 316 372 222 
0.7831 -0.4073 -0.4660 -0.0609 11.44 52.00 64.75 3.61 -3.21 2.56 -4.6900 1.6800 -0.5700 -0.8867 2.9033 -2.0422 7.76 -4.57 3.85 164 268 319 348 218 
0.8257 -0.3521 -0.3384 -0.2822 45.44 44.75 28.50 7.37 -3.04 7.54 0.4800 -0.6900 0.6900 0.2189 5.9000 -3.0200 3.97 -1.78 8.78 178 310 319 379 211 
0.8060 -0.0941 -0.0755 -0.5795 73.12 10.75 1.50 2.18 2.07 13.13 0.3500 1.4700 2.5700 0.9033 1.4189 -0.8589 0.61 0.64 9.76 182 344 348 391 212 
;
