0.7822 -0.0239 0.0102 -0.6226 77.00 0.75 2.81 0.09 -0.59 9.74 -0.0100 -0.1000 0.0000 0.0000 -0.0056 -0.0022 0.13 -0.49 9.79 170 341 353 395 216 
0.7822 -0.0242 0.0100 -0.6226 77.00 0.81 2.87 0.12 -0.63 9.97 -0.0100 -0.0900 0.4200 -0.1178 0.1656 -0.0067 0.06 -0.54 9.79 171 338 349 381 217 
0.7823 -0.0265 0.0200 -0.6220 76.62 0.13 5.31 2.62 0.37 12.32 3.0700 1.3500 2.1600 -2.4567 0.5022 1.5244 -0.27 -2.39 9.50 170 295 184 194 176 
0.8138 -0.1705 0.1216 -0.5421 65.81 -0.69 27.37 -0.53 -6.22 7.67 -1.5500 -1.4200 -1.4000 -0.8567 0.6322 0.2556 -0.47 -5.70 7.96 189 360 169 173 158 
0.8064 -0.2855 0.2028 -0.4766 60.88 -3.37 43.13 -1.21 -4.39 6.01 -0.7100 2.5200 -1.1600 -0.9878 0.3744 0.0689 -0.70 -7.20 6.61 193 366 176 181 162 
0.7825 -0.3353 0.2437 -0.4647 61.75 -3.62 49.00 -0.39 -3.73 3.76 1.0900 3.7900 -3.1100 0.5556 -0.4167 -0.4422 -0.20 -7.17 6.67 193 365 178 184 163 
0.7883 -0.3242 0.1807 -0.4908 63.81 3.87 39.88 10.23 -7.62 11.14 6.0200 -4.5400 8.1000 2.2833 -0.5889 1.9856 0.48 -4.77 8.54 194 365 179 185 161 
0.8840 -0.2442 0.0936 -0.3876 43.06 0.00 33.06 -7.22 -9.73 14.74 -7.5200 -1.2900 5.2400 -3.1911 0.4633 0.9133 -0.72 -7.23 6.58 192 369 177 187 161 
0.8290 -0.4241 0.2057 -0.3009 42.06 -4.37 60.50 -4.48 -1.02 2.78 -3.8800 7.5300 -1.9200 -1.6889 1.5367 -1.9044 0.00 -9.14 3.55 193 371 181 189 162 
0.6992 -0.5137 0.2579 -0.4250 67.56 6.87 69.25 3.44 -1.90 0.62 2.1200 6.5200 -3.0800 1.5144 1.1600 -1.7811 2.07 -8.50 4.42 194 375 184 191 163 
0.6628 -0.4318 0.1931 -0.5805 83.56 15.00 50.06 9.10 -5.11 5.94 7.1500 1.0500 0.4000 3.7178 -0.4011 -0.2444 2.89 -5.29 7.72 192 371 181 192 163 
0.7429 -0.2845 0.0040 -0.6058 72.87 19.81 25.62 -0.18 -7.36 15.31 -6.9900 -3.5800 5.4000 -0.1056 -0.7567 2.6567 2.90 -4.47 8.22 194 371 174 191 163 
0.8459 -0.2980 -0.0206 -0.4417 53.31 17.94 31.25 -0.14 -4.29 7.03 -2.9900 -0.5600 0.0000 1.9578 -3.4533 1.5856 4.61 -4.20 7.56 189 298 195 200 175 
0.8729 -0.2858 -0.3088 -0.2472 26.56 48.75 28.94 17.49 -0.68 13.88 7.8200 1.0200 6.4500 -0.7078 0.7189 1.8400 6.85 -4.28 5.55 182 284 306 316 209 
0.8658 -0.3895 -0.2846 -0.1328 16.94 31.25 54.88 3.09 -2.32 -2.08 -2.3000 4.8200 -6.9500 -3.6122 2.7600 1.7356 3.03 -8.68 3.40 178 307 329 358 212 
0.7870 -0.5996 -0.0580 -0.1331 19.37 13.81 74.62 -0.51 -5.89 -8.95 -2.7200 3.5600 -11.9400 3.1278 -0.1444 -1.0167 2.99 -8.27 4.32 177 311 330 365 211 
0.9001 -0.3810 -0.1462 -0.1521 17.87 22.31 32.81 6.97 0.68 27.15 1.1600 4.4600 23.2700 0.9978 0.3178 0.3189 3.26 -4.08 8.29 178 316 330 354 210 
0.9223 -0.3311 -0.1441 -0.1380 17.56 20.62 46.63 5.13 -2.50 4.96 2.4100 5.1800 -3.3900 -5.2211 -0.1844 1.3556 2.75 -8.86 3.15 180 325 331 354 214 
0.7550 -0.6459 -0.0433 -0.1041 14.94 8.94 84.69 -3.75 -7.91 -13.47 -4.6300 1.0400 -14.3300 1.8078 -0.0867 -0.2356 1.39 -9.60 1.41 177 333 329 353 209 
0.8292 -0.5460 -0.0759 -0.0927 13.13 16.44 54.44 6.55 0.73 18.15 4.6500 7.7500 16.1200 4.2211 0.3311 -0.4011 3.07 -4.86 7.94 179 331 310 344 212 
0.9358 -0.3035 -0.1510 -0.0973 12.25 20.87 41.00 1.56 -2.36 5.32 -2.1600 4.2500 -2.9200 -4.7022 -0.3189 -0.4000 3.89 -8.03 4.05 181 325 312 324 212 
;
