0.6221 0.3566 0.1243 0.6859 264.50 19.56 -40.56 3.33 5.91 7.00 0.0800 -0.1100 -0.0300 -0.0222 -0.0278 -0.0067 3.30 5.99 7.01 175 319 361 400 213 
0.6234 0.3567 0.1223 0.6850 264.50 19.56 -40.56 3.37 6.43 7.09 -0.3300 1.1200 1.5800 -1.1411 -0.1311 0.6044 3.52 5.43 7.35 173 314 249 245 209 
0.6194 0.2715 0.0046 0.7366 259.37 23.56 -11.69 5.69 1.55 14.86 1.2300 -1.7500 8.0900 -5.6633 0.5933 0.8789 3.95 -2.06 8.73 185 378 181 192 163 
0.6307 -0.0085 -0.3004 0.7155 264.81 19.44 34.63 4.24 -2.42 3.41 1.7200 3.7700 -5.3000 -3.1222 1.1667 0.3500 2.44 -7.10 6.29 190 395 182 202 168 
0.6224 -0.2218 -0.4006 0.6348 269.56 11.94 54.75 2.66 -0.79 0.23 1.0800 7.1800 -5.1100 0.5122 -0.1767 -0.1533 2.18 -7.68 5.69 191 396 185 207 168 
0.6329 -0.1815 -0.3840 0.6473 266.19 14.88 44.50 9.85 -5.86 9.38 7.5500 -0.8700 5.1700 2.7178 -1.7233 2.5700 2.34 -5.43 7.81 193 391 190 205 170 
0.4610 -0.0554 -0.3239 0.8243 233.62 10.44 38.38 -3.26 -10.98 16.52 -6.3700 -3.6300 8.5500 -2.6467 0.2056 2.3122 0.28 -7.54 6.26 195 390 190 206 173 
0.2853 -0.1758 -0.4643 0.8198 218.50 -2.62 65.37 -4.27 -1.65 5.65 -3.7500 7.6600 1.5700 -2.8344 1.6444 -0.4844 -0.58 -9.61 1.84 202 393 191 207 173 
0.3224 -0.3047 -0.6012 0.6646 237.81 1.56 86.62 1.45 -0.38 -0.37 0.7600 9.0800 -1.2200 0.3189 2.2644 -2.0189 1.65 -9.64 0.69 196 391 190 209 173 
0.5150 -0.3024 -0.5756 0.5587 270.00 17.37 75.81 8.92 -4.73 0.51 5.8600 3.5400 -1.7900 3.9178 0.8689 -1.4744 3.76 -7.39 5.22 194 389 195 208 173 
0.6721 -0.1068 -0.3909 0.6198 272.69 23.25 40.06 5.98 -12.70 15.63 0.4300 -7.3300 7.5400 0.5500 -1.6611 1.3833 4.10 -5.57 6.94 195 384 194 211 172 
0.5796 -0.0226 -0.4026 0.7081 257.69 26.44 42.81 2.54 -3.96 6.17 -1.8100 2.1300 -0.3700 -0.0367 -0.2678 0.2300 4.46 -6.09 6.24 193 382 196 212 173 
0.5375 0.0082 -0.4222 0.7299 249.50 29.69 41.19 3.42 -3.91 3.43 -0.4700 0.5600 -3.2700 5.9122 -5.1956 -0.3789 6.99 -3.07 6.14 188 162 205 221 175 
0.3333 0.3782 -0.2407 0.8294 216.50 52.88 7.81 14.53 -0.62 8.28 7.0900 1.1000 4.5000 4.1567 -2.5811 2.1711 8.57 -0.33 4.74 195 150 180 189 156 
0.0084 0.5748 -0.1097 0.8109 171.94 67.19 45.06 -3.83 1.49 7.78 -15.2500 3.4900 4.7900 -0.4689 -1.9111 1.0489 8.76 -3.99 1.84 199 154 180 187 159 
-0.0496 0.6422 -0.1529 0.7496 181.00 77.50 60.63 23.20 1.97 -5.80 12.9700 1.6600 -6.3300 -0.1678 -0.2578 -0.5889 9.71 -0.77 1.04 202 155 188 192 156 
0.0599 0.6534 -0.1270 0.7438 189.00 80.19 47.81 9.00 -0.63 1.17 -0.6100 0.6900 -0.2300 -0.5156 0.1689 0.0989 9.63 -1.39 1.14 199 163 190 191 159 
0.0723 0.6486 -0.1603 0.7405 192.37 79.94 51.69 6.99 0.17 1.29 -3.2000 0.9100 -0.4100 -0.9789 1.6256 -1.4767 9.56 -0.44 2.09 193 170 194 201 172 
;
