0.8163 -0.0308 -0.0039 -0.5767 70.44 2.37 2.56 0.29 -0.37 9.84 -0.1600 0.0000 0.0500 0.0011 -0.0033 -0.0022 0.41 -0.44 9.78 171 352 348 394 217 
0.8165 -0.0312 -0.0042 -0.5766 70.44 2.44 2.56 0.26 -0.34 10.53 -0.0200 0.0200 0.3400 -0.3978 0.3233 -0.0711 0.27 -0.59 9.78 173 322 303 286 217 
0.8322 -0.0597 -0.0139 -0.5510 66.25 3.19 10.00 0.41 -3.87 12.94 1.2800 -0.5300 2.8400 -4.7333 1.5267 0.3244 -0.51 -5.00 8.41 184 363 160 168 152 
0.7811 -0.2343 0.2342 -0.5292 69.50 -8.19 40.75 -1.17 -2.44 2.20 0.1100 4.0000 -4.8000 0.2022 0.4900 -0.2989 -1.64 -6.43 7.21 191 365 163 177 153 
0.7577 -0.2241 0.2685 -0.5510 71.94 -8.56 38.44 2.68 -4.23 7.28 4.5300 1.4500 0.5000 1.3089 -0.6656 1.0689 -1.44 -5.23 8.16 193 368 165 180 152 
0.8224 -0.1701 0.2069 -0.5019 59.06 -10.06 28.56 -4.20 -9.77 16.55 -3.5200 -5.4400 6.8000 -1.3978 -1.0744 1.6600 -1.68 -5.31 8.06 195 365 166 183 153 
0.8643 -0.2770 0.2145 -0.3610 44.19 -9.19 44.31 -7.53 -4.69 6.54 -5.6000 2.9600 -0.1000 -2.4956 -0.4011 -0.6322 -1.19 -8.05 5.47 195 365 159 176 153 
0.7863 -0.4621 0.2394 -0.3330 47.31 -1.56 66.50 -2.19 -3.38 2.30 -2.4200 6.0300 -1.6700 -1.6056 -0.7244 -1.3644 0.98 -9.47 2.32 194 345 163 175 159 
0.6710 -0.6102 0.2089 -0.3658 60.50 11.44 81.12 3.21 -3.40 -0.79 2.0300 6.1900 -2.1400 0.3667 0.9811 -1.1311 2.62 -9.25 1.88 193 344 180 182 162 
0.6489 -0.5645 0.1766 -0.4787 73.19 18.87 65.56 13.49 -9.08 2.01 8.2000 -2.5400 4.0300 2.9078 -0.0211 1.6567 2.47 -7.42 5.90 192 349 179 182 163 
0.7664 -0.4346 0.0911 -0.4642 61.44 16.00 52.13 -0.32 -8.70 5.86 -2.8600 0.0500 -0.0100 -0.1933 -0.2200 0.0811 2.77 -7.57 5.56 194 349 181 185 164 
0.7648 -0.4589 0.0834 -0.4445 59.88 16.44 53.81 2.09 -5.34 4.57 -0.9000 2.0400 -1.2900 1.0644 -1.4056 0.5689 3.05 -7.29 5.79 178 276 180 189 168 
0.8321 -0.3994 -0.0205 -0.3843 44.31 21.50 37.19 12.67 -5.45 9.69 8.1300 -0.7300 2.6400 5.1678 -0.4756 4.3889 2.88 -3.35 8.75 95 229 249 262 205 
0.9775 -0.1614 -0.1088 -0.0815 2.00 11.94 17.87 2.12 0.48 8.54 0.5500 3.0200 -1.0300 0.6167 -1.2044 4.4222 1.78 -3.10 9.12 91 156 209 209 178 
0.9537 -0.1464 -0.1082 0.2393 326.87 6.75 18.37 2.96 2.89 7.31 1.3000 4.9500 -2.3400 0.9922 -0.7944 2.5933 0.99 -2.62 9.39 97 163 204 203 174 
0.9137 -0.1318 -0.0618 0.3794 315.87 1.87 17.25 0.88 2.03 12.03 -1.4700 4.2200 2.9800 -0.4178 1.5400 -2.0267 -0.11 -3.19 9.27 98 167 206 206 174 
0.9575 -0.1698 -0.0420 0.2293 337.94 0.00 20.62 7.70 -2.67 8.46 7.6600 0.4400 -0.7700 0.2244 0.9389 -1.8233 -0.15 -3.33 9.21 99 170 207 207 174 
0.9803 -0.1627 0.0038 0.1116 345.75 -3.25 17.31 3.52 -5.45 7.06 0.5800 -1.5100 -1.5500 0.3789 -2.3544 1.9900 0.29 -2.54 9.46 101 170 207 207 174 
0.9740 -0.1251 -0.0554 0.1807 342.50 4.31 16.62 -1.26 -1.02 11.96 -2.0100 1.9100 1.6300 -2.1144 0.6733 -3.3644 1.41 -3.88 8.89 108 180 214 211 185 
;
0.7705 -0.0093 0.0303 -0.6366 79.12 -1.94 3.00 -0.46 -0.54 9.78 -0.0800 -0.0100 0.0100 -0.0033 0.0011 0.0011 -0.34 -0.51 9.78 167 347 350 389 214 
0.7705 -0.0093 0.0303 -0.6366 79.12 -1.94 3.00 -0.43 -0.50 9.79 -0.1200 -0.0200 0.0500 -0.0067 -0.0044 0.0000 -0.34 -0.51 9.78 167 346 346 390 213 
0.7705 -0.0093 0.0303 -0.6366 79.12 -1.94 3.00 -0.45 -0.54 9.77 -0.1600 -0.0500 0.0000 -0.0044 -0.0133 -0.0022 -0.33 -0.52 9.78 168 346 350 388 213 
0.7706 -0.0097 0.0301 -0.6366 79.06 -1.87 3.00 -0.39 -0.55 9.75 -0.2100 -0.0300 0.0700 -0.0233 -0.0344 -0.0022 -0.31 -0.53 9.78 166 342 349 388 213 
0.7706 -0.0119 0.0295 -0.6365 79.06 -1.50 3.44 -1.34 1.26 12.08 4.2400 3.5300 2.6300 -3.0844 -0.3011 0.0178 0.02 -2.30 9.53 171 289 159 174 167 
0.7740 -0.2173 0.1500 -0.5755 67.44 3.87 37.50 1.27 -8.66 6.55 -0.8400 -2.0200 -1.4400 -1.5989 -1.6667 1.0156 1.32 -7.20 6.52 185 348 167 179 174 
0.7936 -0.4068 0.1472 -0.4279 55.63 5.81 52.13 -0.23 -3.82 5.47 -0.8900 4.1100 -0.4600 -0.3933 0.3933 0.1667 0.84 -7.83 5.83 189 362 183 195 177 
0.7863 -0.4200 0.1682 -0.4209 56.81 5.50 53.44 2.62 -3.60 3.15 3.3000 4.2700 -3.0000 0.9622 -0.4011 -0.0889 1.17 -7.45 6.26 192 364 184 199 179 
0.8246 -0.3725 0.1160 -0.4096 49.06 5.87 42.88 4.79 -11.76 12.58 1.9700 -6.2400 8.2700 0.0744 -1.1678 2.6667 0.50 -6.46 7.35 189 365 185 200 179 
0.8956 -0.3770 0.0874 -0.2192 24.06 -1.44 49.75 -7.47 -7.16 12.34 -6.4200 2.4700 5.8700 -3.5200 0.5200 0.5789 -0.98 -8.94 3.90 192 371 185 203 179 
0.7815 -0.5756 0.1864 -0.1525 24.31 -6.44 78.06 -3.98 -1.48 3.41 -3.0700 8.2700 1.1000 -1.2811 1.6000 -1.1878 -0.46 -9.75 0.91 192 377 190 205 180 
0.6835 -0.6349 0.2379 -0.2704 48.19 3.25 84.56 2.92 -3.30 -0.75 2.8100 5.8300 -1.8900 1.7678 1.5500 -1.8322 1.66 -9.42 2.11 193 377 181 204 179 
0.6799 -0.5458 0.1888 -0.4520 69.44 16.00 64.75 10.92 -9.04 3.68 8.4600 -1.4500 0.0700 3.3978 -0.4067 -0.3556 3.24 -7.16 5.85 192 374 189 207 180 
0.7593 -0.4241 0.0450 -0.4915 64.19 21.25 47.31 0.59 -9.71 8.83 -3.0700 -2.3200 2.1300 -0.2300 -0.7033 0.0944 3.89 -6.82 5.86 191 376 193 207 181 
0.7682 -0.4509 0.0074 -0.4544 60.25 23.44 49.38 4.53 -5.22 4.46 1.5200 0.1900 -2.1700 1.8678 -1.7167 0.9244 4.11 -6.37 6.21 168 346 200 217 190 
0.8584 -0.3691 -0.1050 -0.3405 36.13 25.62 34.56 11.13 -3.51 9.83 4.7700 1.0200 2.0500 3.9856 0.6356 4.2433 2.65 -3.83 8.62 90 178 273 275 209 
0.9763 -0.1963 -0.0840 -0.0352 357.19 7.69 22.19 3.61 1.42 5.74 2.9200 6.1200 -3.3500 0.7156 -0.0811 3.4644 0.45 -3.43 9.17 97 154 204 201 179 
0.9571 -0.1469 -0.0586 0.2428 326.37 2.31 16.69 -1.98 2.28 11.63 -4.2600 4.9400 4.2500 -0.2178 1.5244 0.4022 -0.28 -2.66 9.43 97 163 207 206 178 
0.9404 -0.1478 -0.0544 0.3013 328.25 0.44 19.94 -0.30 -0.15 9.87 0.1500 3.5300 0.4700 -0.6522 0.8667 -2.5689 -0.10 -3.86 9.01 100 165 210 207 180 
0.9719 -0.2066 -0.0173 0.1111 350.25 -0.75 23.75 7.77 -5.30 8.04 7.4900 -1.7900 -1.1300 0.1644 0.5778 -0.5178 -0.39 -3.83 9.01 99 169 212 210 178 
0.9786 -0.1954 0.0094 0.0638 349.31 -1.37 21.75 -5.03 -4.24 6.36 -10.3400 0.5900 1.5100 0.7122 -2.0178 0.0967 1.05 -3.20 9.20 102 171 212 213 179 
0.9753 -0.1724 -0.0834 0.1099 351.19 7.69 23.81 0.19 -2.35 8.49 -1.2600 1.8200 -1.2500 -2.3500 1.6811 -3.1867 1.63 -5.24 8.12 114 190 231 231 196 
;
