0.6513 0.3865 0.0982 0.6456 270.62 21.50 -42.56 3.31 5.93 6.07 -0.1300 -0.2200 -0.4800 -0.0244 -0.0322 -0.0033 3.60 6.15 6.73 175 325 358 389 214 
0.6530 0.3867 0.0955 0.6442 270.62 21.94 -42.56 3.64 6.11 6.68 -0.1100 -0.0400 -0.0200 -0.0089 0.0700 -0.0289 3.61 6.15 6.72 178 322 354 388 215 
0.6533 0.3837 0.0957 0.6456 270.37 21.75 -41.31 7.66 9.56 10.41 4.9100 5.1100 3.7200 -2.4089 1.9544 1.9944 3.34 4.36 8.11 176 291 205 190 180 
0.6385 0.1514 0.0132 0.7545 261.44 8.81 -4.25 -0.90 -0.90 11.31 -2.2800 -1.9900 -1.5500 -4.5433 1.2556 -1.4989 0.53 -3.96 8.95 195 393 169 175 147 
0.6976 -0.1725 -0.2138 0.6617 274.50 4.19 34.38 2.00 -2.90 2.75 1.1400 2.8300 -5.0700 -0.4800 0.3756 -0.2078 0.66 -5.84 7.84 200 398 175 187 155 
0.7123 -0.2106 -0.2304 0.6286 277.31 3.69 35.81 1.51 -2.30 5.15 1.0700 3.2700 -2.9400 0.7056 -0.1900 -0.2567 0.85 -5.32 8.18 200 395 175 189 159 
0.7255 -0.1570 -0.2077 0.6371 276.50 5.94 27.06 5.69 -3.35 8.84 5.1700 0.4700 0.9900 2.2144 -0.7133 1.3344 1.01 -3.14 9.23 199 395 174 188 156 
0.6569 -0.0572 -0.1412 0.7385 257.87 6.06 16.94 -1.53 -7.00 17.92 -4.3100 -4.3400 8.5800 -1.7522 -1.0033 2.8500 0.99 -4.11 8.84 203 382 173 186 146 
0.4546 -0.0837 -0.2999 0.8345 233.75 8.19 43.75 -0.97 -3.89 10.19 -1.1800 4.9200 3.1900 -3.7578 0.1311 1.2522 0.88 -8.69 4.44 198 367 176 189 161 
0.3298 -0.2162 -0.5413 0.7426 229.56 0.62 75.75 -2.83 -3.18 1.48 -1.8000 6.9200 0.3300 -2.0000 2.1667 -0.5633 0.18 -9.78 0.67 198 377 180 191 162 
0.4007 -0.3541 -0.6070 0.5879 254.06 6.19 90.25 2.23 -2.22 -1.99 1.7500 7.6600 -2.0100 0.2944 1.9067 -1.6833 2.28 -9.52 0.34 199 381 182 190 164 
0.5677 -0.3335 -0.5682 0.4935 281.94 21.12 76.75 11.92 -5.58 -1.64 8.7300 2.7500 -4.5700 4.3267 0.1000 -1.3744 4.41 -7.40 4.67 201 391 184 193 165 
0.6847 -0.1208 -0.4223 0.5816 274.19 24.87 44.19 0.64 -13.37 18.07 -5.3300 -6.2700 7.8200 -0.3778 -1.7389 0.9711 4.16 -6.54 5.99 197 384 189 194 164 
0.5873 -0.0785 -0.4566 0.6637 262.31 25.44 52.00 3.16 -3.90 4.68 -0.5700 2.5800 -0.2900 0.0767 0.0533 0.2956 4.08 -7.08 5.41 195 386 186 192 165 
0.5704 -0.0848 -0.4618 0.6740 260.37 24.12 51.75 3.60 -7.65 5.72 -1.2500 -1.0100 0.5600 0.5278 -1.1711 0.5889 4.21 -6.93 5.51 194 368 191 202 170 
0.5354 -0.0159 -0.4569 0.7101 254.19 29.19 48.38 10.65 -5.44 12.08 6.2300 1.2900 6.4000 -2.7500 0.8000 0.8833 4.62 -7.28 4.66 181 238 310 315 211 
0.4982 -0.1224 -0.5589 0.6515 253.94 19.25 74.69 2.86 -5.10 -1.46 -0.7700 3.2700 -3.6500 -4.0300 0.6389 2.0611 1.72 -9.64 -0.45 174 256 312 326 209 
0.3813 -0.3930 -0.6691 0.5023 253.81 5.31 105.12 -0.33 -6.98 -7.68 -1.4300 1.6800 -5.6100 -0.7878 -0.1878 0.0367 0.82 -9.22 -3.21 172 263 299 316 206 
0.3615 -0.4055 -0.6807 0.4915 252.94 6.00 99.50 -1.39 -7.31 -2.47 -2.2300 2.5100 -0.6200 5.1756 0.4711 -0.9478 1.59 -9.45 2.07 177 271 304 327 210 
0.4965 -0.2818 -0.5194 0.6358 254.44 9.00 75.81 4.31 -6.07 7.86 2.5400 3.7400 4.1800 -3.9289 -0.7844 0.4022 1.41 -9.69 -0.29 184 279 311 328 211 
0.3589 -0.3696 -0.6831 0.5177 248.31 5.00 107.06 -3.59 -9.77 -13.33 -4.4800 -2.0800 -10.9900 1.2033 0.5222 -0.0822 0.74 -9.29 -3.02 183 286 308 323 210 
0.3820 -0.3686 -0.6600 0.5316 255.00 7.87 91.19 2.20 -5.63 6.89 1.8700 4.2000 8.0600 2.3867 1.3111 -0.1911 1.47 -9.46 2.11 185 280 300 309 211 
0.4800 -0.3177 -0.5652 0.5909 256.94 10.06 83.69 1.83 -7.79 -0.04 -0.1700 1.8300 -1.1400 -1.0400 -0.9689 0.1778 1.63 -9.67 0.01 177 285 300 304 210 
0.4108 -0.3059 -0.6362 0.5770 248.69 10.25 87.56 1.50 -6.16 -4.96 -0.6700 3.0500 -5.5700 4.8467 -0.9589 -0.7567 2.49 -8.75 3.65 182 290 301 313 213 
0.4852 -0.0701 -0.4326 0.7567 245.19 19.12 42.31 2.05 -3.25 9.07 -0.6200 1.6800 3.5400 5.6778 0.3156 -1.3267 3.60 -1.88 8.92 188 309 318 342 211 
;
