0.4393 0.0481 -0.4144 -0.7956 121.62 15.00 -45.25 1.13 6.97 8.57 -1.8900 -0.4900 0.6300 -0.1878 0.1667 0.0700 2.26 6.49 6.98 178 343 356 415 216 
0.4571 0.0594 -0.3727 -0.8054 120.75 14.38 -42.06 2.45 6.59 6.98 -0.1600 0.3500 0.0700 -0.5389 -0.2900 0.2933 2.79 5.92 7.29 179 332 347 412 219 
0.4731 -0.0009 -0.3364 -0.8142 117.50 20.19 -31.94 7.69 7.25 11.04 3.6100 2.4700 3.7900 1.3289 -3.6422 3.8189 6.43 3.89 6.29 185 334 336 396 221 
0.6099 -0.2253 -0.4406 -0.6190 80.56 63.75 -8.81 11.66 5.97 8.82 0.7200 6.1900 2.5000 -3.2844 0.4689 6.4644 7.89 -4.37 3.81 187 345 337 401 221 
0.7151 -0.5659 -0.1424 -0.3849 53.88 32.81 72.81 0.40 -4.08 -6.81 -4.5900 3.8200 -9.5400 -0.8267 2.4011 1.9167 3.50 -8.93 2.03 187 359 349 418 221 
0.7314 -0.5825 0.0748 -0.3466 50.13 15.63 64.06 0.79 0.26 -3.32 -1.4600 8.1400 -8.3200 6.9856 0.7300 -0.0089 2.29 -5.60 7.71 187 355 352 421 220 
0.9181 -0.1420 -0.0761 -0.3622 39.63 17.00 -2.44 5.03 11.67 24.06 1.5000 9.2400 15.3500 2.3778 -1.7311 0.0611 3.74 2.83 8.60 189 352 350 412 220 
0.9156 0.0626 -0.2415 -0.3153 38.56 24.00 -14.31 3.29 2.03 8.66 -0.6100 0.2000 -0.3300 -1.6544 -1.0544 -0.1633 4.50 1.21 8.62 188 338 340 357 219 
0.8964 -0.0754 -0.2477 -0.3599 46.00 31.31 0.94 1.53 0.91 6.67 -4.4100 0.8100 -2.0300 -2.3822 -1.1433 -2.5422 5.72 -0.89 7.91 184 295 269 280 212 
;
0.7777 -0.1781 -0.2377 -0.5541 79.31 31.87 -4.94 3.69 1.86 6.12 -0.7100 0.8200 -2.3200 1.8489 2.0356 -5.3400 2.94 3.45 8.69 186 326 333 403 218 
0.5412 0.0830 -0.2759 -0.7900 116.62 6.25 -37.31 10.66 14.53 13.27 15.5900 16.2000 21.9400 -2.0300 -0.5822 0.0900 0.57 6.02 7.71 183 337 348 413 212 
0.4700 0.1375 -0.2981 -0.8194 120.12 3.12 -37.88 2.63 6.94 9.58 1.3900 0.8300 1.9300 1.2056 0.1556 0.1578 0.69 6.46 7.33 189 342 351 422 220 
0.4766 0.0978 -0.4308 -0.7601 110.87 25.06 -51.19 12.50 15.95 7.13 4.6900 7.8800 0.8600 -2.3133 -3.2111 7.8211 8.45 1.78 4.64 191 346 338 390 221 
0.6912 -0.3900 -0.3004 -0.5291 71.94 52.06 36.69 0.65 -0.69 -1.82 -7.0500 3.0700 -6.3000 -4.2356 -1.9567 3.5333 6.02 -7.57 1.58 184 349 341 403 221 
0.6727 -0.6375 -0.0444 -0.3730 56.13 29.44 74.00 -0.52 -2.92 -4.46 -4.4400 5.6400 -7.9500 4.1622 2.6078 0.5300 3.73 -7.39 5.23 187 359 345 417 220 
0.8486 -0.3282 -0.0154 -0.4146 50.00 14.38 20.00 -2.08 6.86 10.45 -2.7200 12.0500 10.7700 8.1478 -2.7033 0.1089 3.35 3.37 8.57 192 358 355 417 219 
0.8898 0.1121 -0.2455 -0.3681 44.94 20.69 -21.56 3.78 5.41 12.15 -0.2400 1.8900 2.1700 -2.4989 -1.7711 0.3100 4.66 1.55 8.48 192 349 348 392 220 
0.8721 -0.0809 -0.2501 -0.4127 52.81 30.94 -2.37 -0.10 0.43 4.66 -5.1200 0.4400 -3.7400 -2.0844 -0.3867 -3.2033 5.36 0.14 8.20 191 323 333 379 220 
0.7139 -0.1389 -0.2327 -0.6456 93.50 27.19 -12.13 7.34 5.24 5.46 3.5000 2.6000 -2.8600 3.0189 2.1244 -5.7833 2.02 4.93 8.22 191 361 353 396 193 
;
0.4608 0.1403 -0.3145 -0.8180 121.44 3.12 -40.44 5.55 8.92 11.66 -3.2300 -1.3100 -3.4900 0.7933 -0.0211 0.5611 0.51 6.78 7.06 187 371 357 423 215 
0.4669 0.1441 -0.3381 -0.8043 119.62 5.06 -42.44 -0.87 5.92 6.10 -1.1300 -0.3800 -0.6800 -0.4622 -0.7700 0.2222 1.21 6.39 7.33 187 362 358 425 216 
0.4714 0.0844 -0.3618 -0.7998 118.25 17.31 -45.00 8.23 13.35 12.93 6.5700 7.4700 5.1200 0.2411 -3.9367 4.0400 6.21 5.63 5.07 194 364 354 400 221 
0.5680 -0.2376 -0.4876 -0.6190 84.56 67.19 -18.50 7.69 4.52 2.99 -3.3500 5.0700 -1.6200 -3.7878 0.7989 6.5222 8.17 -4.26 3.32 193 364 348 398 220 
0.6952 -0.5821 -0.1872 -0.3780 53.81 38.44 74.25 0.06 -4.24 -3.22 -4.8700 3.8700 -5.0700 -0.3878 1.1611 1.5589 4.62 -8.39 2.07 192 363 351 407 221 
0.7230 -0.6041 -0.0125 -0.3348 50.94 23.69 69.12 1.45 -4.17 -3.41 -2.3000 3.8600 -7.6500 4.9544 2.4311 -0.5411 3.36 -6.81 6.20 191 365 352 407 221 
0.8777 -0.2283 -0.0220 -0.4207 48.69 6.00 6.00 -8.97 10.82 16.22 -7.2400 10.5700 9.7700 4.3478 -3.6167 0.8744 1.76 3.07 9.14 193 373 355 391 221 
0.9059 0.1176 -0.1645 -0.3721 45.38 15.69 -17.56 2.72 5.29 13.43 -1.2700 3.0500 3.3900 -3.4067 -1.5656 -0.3489 3.89 0.87 8.95 193 365 347 357 220 
0.8604 -0.1272 -0.1957 -0.4530 60.56 28.75 6.87 0.54 -0.67 1.96 -4.2300 -0.0300 -7.0300 -1.6622 0.2833 -4.5156 5.07 -0.96 8.33 192 343 342 378 219 
0.6531 -0.1603 -0.1684 -0.7207 103.12 23.06 -8.69 5.06 4.23 6.74 1.7300 2.1800 -2.9100 3.8189 1.7889 -2.8722 1.63 4.88 8.34 192 356 351 389 204 
;
0.4798 0.1285 -0.2988 -0.8149 119.25 4.50 -38.25 4.49 7.87 14.01 -0.8900 -2.0300 -3.4100 0.8722 -0.0811 0.1311 0.53 6.05 7.69 187 357 354 416 217 
0.4826 0.1318 -0.2999 -0.8123 118.44 4.31 -38.13 1.11 6.11 9.89 0.0200 2.1100 5.7100 3.7278 -2.2122 1.2267 1.90 7.18 6.39 192 359 357 411 222 
0.5089 0.0195 -0.4629 -0.7255 102.00 38.06 -47.88 10.22 10.77 6.19 0.7100 5.7600 0.1500 -4.9133 -1.1022 7.5822 8.44 -0.79 4.91 191 353 348 397 221 
0.6978 -0.4794 -0.2376 -0.4763 64.75 45.56 58.19 0.80 -3.03 -1.90 -6.0600 3.3300 -6.0200 -1.2533 1.3556 2.1856 5.33 -7.60 3.14 190 362 353 410 221 
0.7172 -0.5750 -0.0245 -0.3929 56.69 27.25 65.31 1.43 -4.22 -2.42 -2.7800 3.5600 -6.4000 2.9689 0.6933 0.1022 4.07 -7.12 5.36 190 364 354 412 221 
0.8344 -0.3625 -0.0559 -0.4113 51.06 21.37 24.00 0.32 7.06 7.54 -4.8100 12.2500 4.0700 7.7000 -0.5967 -1.3922 3.41 2.56 8.82 192 365 360 418 220 
0.8716 0.0798 -0.2651 -0.4046 49.63 22.94 -22.62 4.75 5.90 15.70 1.5700 2.4000 5.6800 -2.0000 -1.4622 0.3433 4.82 2.31 8.21 192 365 357 403 221 
0.8578 -0.0744 -0.2753 -0.4277 55.00 34.50 -1.12 1.05 0.84 4.53 -4.8500 1.3400 -3.6900 -4.1733 -0.1056 -2.1656 5.93 -1.56 7.64 189 349 344 379 220 
0.7143 -0.2589 -0.1763 -0.6259 91.94 32.44 4.56 4.05 1.29 3.45 0.8800 1.7600 -4.8500 4.3156 2.2744 -4.6033 3.28 3.08 8.71 190 359 360 417 219 
;
0.5062 0.0497 -0.2715 -0.8170 118.06 7.94 -34.25 20.51 20.55 38.70 -4.8900 -3.7700 -2.1000 0.8400 -0.1822 -0.0844 2.01 5.56 7.81 189 360 362 419 216 
0.4844 0.0576 -0.3148 -0.8143 118.19 12.00 -35.56 1.29 6.19 7.88 -0.8600 0.1800 -0.3500 0.1022 -0.0578 0.0567 1.97 5.66 7.75 191 365 361 425 218 
0.4915 0.0706 -0.3442 -0.7969 114.94 17.87 -41.56 8.35 11.48 12.84 5.2700 5.5000 7.4000 0.7378 -2.3867 4.7667 6.06 5.09 5.77 194 361 356 413 220 
0.6414 -0.2234 -0.4442 -0.5843 75.87 61.06 1.19 5.56 6.42 2.85 -4.7500 7.6800 -3.0900 -5.9733 0.7256 6.6800 6.77 -6.01 3.75 192 359 351 403 220 
0.6959 -0.6087 -0.0585 -0.3765 55.44 28.19 76.37 -0.48 -4.88 -5.46 -4.7000 3.7900 -6.4100 0.2067 -0.0522 1.1989 3.69 -8.87 1.91 192 364 356 412 220 
0.7240 -0.6011 0.0256 -0.3375 49.63 22.37 66.75 1.68 -1.20 -2.54 -1.6900 6.8800 -7.0800 7.1267 0.2444 -1.3900 4.28 -5.34 7.02 192 364 357 419 219 
0.8994 -0.1633 -0.1644 -0.3707 43.56 23.37 0.13 6.77 9.27 23.47 6.1200 7.8300 14.5200 1.3600 -1.1933 0.2089 4.38 1.50 8.64 193 361 356 409 220 
0.9060 -0.0365 -0.2426 -0.3450 42.13 28.69 -2.62 2.60 2.71 9.65 -2.5500 2.7500 0.3500 -3.2111 -0.3200 -0.6433 4.94 -1.38 8.35 192 355 347 372 219 
0.8462 -0.2310 -0.2027 -0.4354 60.88 34.13 15.50 1.93 -0.39 2.85 -2.6900 1.6400 -4.6100 -0.2422 1.8122 -5.0511 5.27 -0.67 8.24 191 343 352 396 219 
;
0.6485 -0.1332 -0.1940 -0.7239 103.06 22.44 -14.69 5.74 7.95 7.15 2.5800 4.3700 -1.2000 3.1467 1.1856 -2.8889 1.88 5.38 7.97 191 357 355 405 215 
0.4916 0.0984 -0.3118 -0.8071 117.31 6.75 -34.94 -2.32 4.55 3.83 -3.4600 -1.6300 -4.6700 -0.0589 -0.2178 0.0700 0.96 5.84 7.81 188 359 359 418 217 
0.5001 0.1134 -0.2969 -0.8055 116.19 6.94 -36.44 1.69 5.75 7.77 1.4200 0.6000 0.8000 0.2567 0.0856 -0.0200 1.26 6.00 7.64 191 362 361 427 217 
0.4995 0.0804 -0.3952 -0.7668 111.69 21.12 -47.50 11.96 15.33 12.28 6.2000 8.9300 4.5800 -0.3333 -3.4700 7.5444 7.98 3.58 4.42 194 359 354 401 221 
0.6929 -0.3260 -0.4249 -0.4827 63.75 59.00 34.00 -0.25 0.15 -0.78 -7.7700 4.1600 -5.1700 -3.9256 1.5778 3.9122 6.36 -6.73 3.21 193 367 359 410 221 
0.7166 -0.5873 -0.0734 -0.3691 53.06 29.25 70.81 0.75 -3.20 -2.66 -3.6100 5.1300 -5.4200 0.7144 1.0422 0.6822 3.96 -8.31 3.36 192 365 360 415 221 
0.7646 -0.5280 0.0046 -0.3694 51.50 22.44 54.81 1.77 -1.57 1.39 -1.6600 5.4000 -3.5700 8.3478 -0.0989 -1.6056 4.29 -3.13 8.23 193 361 360 417 220 
0.8826 -0.0861 -0.2202 -0.4062 48.94 26.81 -9.00 10.61 9.28 21.43 4.6500 6.0300 10.9400 0.7044 -0.4556 0.3944 4.82 2.07 8.28 193 360 360 407 221 
0.8821 -0.0331 -0.2746 -0.3814 48.19 31.31 -5.94 0.79 2.42 7.03 -4.4000 1.9800 -2.4400 -3.2522 -0.7711 -1.9411 5.60 -0.60 8.02 192 348 351 385 221 
0.7688 -0.1929 -0.2234 -0.5673 81.44 32.00 -1.06 3.24 0.76 3.12 -1.3400 -0.0900 -5.5000 1.1711 1.7856 -5.3589 3.52 2.44 8.81 192 360 359 418 220 
0.5355 0.0001 -0.2584 -0.8040 116.25 12.75 -31.12 1.65 7.37 4.13 0.0200 2.0900 -3.4300 3.4722 -4.1000 -0.6711 2.03 5.87 7.58 189 361 361 413 218 
;
0.4791 0.0929 -0.3254 -0.8099 117.56 7.06 -38.81 -0.90 6.47 8.57 -0.7000 0.7000 1.5400 0.4444 -0.4667 0.1444 1.23 6.23 7.46 190 366 362 421 218 
0.4816 0.1043 -0.3828 -0.7814 115.06 18.12 -48.13 9.05 14.95 12.68 5.4500 8.0300 5.4600 -0.7400 -2.5956 5.5489 6.50 4.93 5.43 193 358 358 408 220 
0.6340 -0.2387 -0.4182 -0.6052 79.12 60.13 4.19 5.00 3.74 1.47 -4.1300 5.8900 -2.3400 -4.1744 -0.9300 6.9644 7.13 -6.13 2.78 192 362 357 401 220 
0.7032 -0.6108 -0.0806 -0.3549 52.94 27.62 74.37 -1.00 -5.12 -5.71 -3.4400 3.6700 -8.0000 1.0911 0.8944 1.2556 3.36 -8.75 2.87 192 364 361 413 220 
0.7712 -0.5303 0.0361 -0.3503 48.63 17.56 54.75 1.64 -0.12 -1.71 -1.1600 6.8200 -7.7800 7.4122 0.6133 -0.4167 2.79 -3.11 8.86 192 366 361 416 220 
0.9224 -0.0392 -0.1470 -0.3550 41.50 19.25 -9.56 7.99 14.46 29.72 6.1000 10.3200 19.5000 -1.8578 -0.9556 0.4533 4.14 1.24 8.79 193 367 356 404 221 
0.9037 -0.0959 -0.2149 -0.3576 44.31 27.44 8.00 1.69 1.29 4.24 -3.2100 2.5500 -5.4500 -3.6700 0.2711 -0.9589 4.50 -3.37 8.03 192 369 351 396 221 
0.8242 -0.2982 -0.1178 -0.4667 64.31 29.62 24.94 3.68 -2.83 1.89 -0.8200 0.6000 -4.9100 0.8722 0.4589 -3.6989 5.39 -1.93 7.96 192 366 351 409 221 
0.6788 -0.2130 -0.1747 -0.6807 95.62 30.06 -3.19 6.38 3.18 8.81 1.6400 2.1700 0.4000 2.5433 1.6567 -3.2222 3.62 3.08 8.57 192 365 360 422 220 
;
0.5369 -0.0011 -0.2848 -0.7941 113.75 14.31 -32.44 1.50 6.81 6.54 0.0200 3.9500 1.3900 -1.9478 0.8356 0.8744 1.28 5.59 7.95 190 372 361 419 217 
0.5069 0.1089 -0.3018 -0.8000 115.12 8.31 -37.13 3.28 7.95 8.19 0.9000 1.9500 0.3700 -0.1389 0.4933 0.0033 1.27 5.83 7.77 190 372 361 422 217 
0.5096 0.1103 -0.3063 -0.7964 114.62 8.00 -38.19 2.22 10.26 12.67 3.5900 7.2500 7.9700 2.7022 -1.7456 1.3856 3.06 7.08 6.05 173 344 355 409 219 
0.5446 0.0062 -0.4726 -0.6928 95.06 41.06 -44.75 9.26 11.39 5.41 0.5600 6.8000 -1.4500 -4.5689 -1.0044 7.5833 8.29 -1.56 5.00 179 359 351 393 220 
0.7264 -0.4843 -0.2042 -0.4428 60.13 38.81 59.44 -1.77 -3.39 -3.20 -7.2000 4.1300 -7.1600 -2.4000 0.1933 2.6833 4.22 -8.48 2.52 179 350 345 396 220 
0.7184 -0.6104 0.0190 -0.3330 48.94 21.87 71.06 0.80 -3.41 -4.60 -1.7600 5.7700 -8.0900 5.0911 0.8267 -0.3833 3.59 -7.05 5.78 178 355 351 409 220 
0.8837 -0.2772 -0.0837 -0.3679 43.50 21.44 10.81 3.25 12.37 21.70 10.1300 13.6900 20.8700 2.3822 -2.0489 -0.9467 5.22 1.26 8.20 183 349 353 404 220 
0.8877 -0.1009 -0.2805 -0.3509 43.69 35.56 5.19 4.03 4.11 9.12 -2.2100 5.2200 -1.0800 -4.1722 0.7489 -0.0222 5.30 -3.18 7.61 180 350 346 378 220 
0.8267 -0.3315 -0.1453 -0.4308 58.50 31.69 31.87 4.22 -3.45 1.80 -0.7200 0.9000 -4.8300 -1.1922 0.8300 -1.9567 5.39 -4.41 6.90 180 343 344 379 220 
0.7256 -0.3478 -0.1128 -0.5829 83.44 35.06 20.75 2.91 -1.79 3.34 -2.8900 0.7200 -3.1300 2.3778 2.0833 -4.1311 4.89 0.08 8.49 185 347 354 411 219 
;
