0.6450 0.2795 -0.4893 -0.5161 77.25 20.12 -66.81 3.78 8.25 3.98 0.4400 -0.3900 0.2900 -0.2200 0.0589 -0.0556 3.34 8.40 3.78 182 305 306 327 211 
0.6485 0.2691 -0.4817 -0.5244 78.25 20.06 -65.31 3.25 8.18 3.74 0.0300 -0.0800 -0.1200 -0.0822 -0.2233 -0.0622 3.40 8.35 3.84 181 304 303 321 212 
0.6486 0.2540 -0.4782 -0.5349 78.12 20.44 -62.44 4.72 13.15 6.83 2.0200 5.9000 2.2100 -0.7233 -0.0267 1.0056 4.09 7.48 4.83 182 312 331 372 216 
0.7006 0.1282 -0.5068 -0.4857 66.06 42.63 -56.75 10.33 8.98 4.81 3.4000 3.8100 2.2700 1.2189 -2.7889 7.4667 9.62 1.19 1.43 189 344 331 393 218 
0.7402 -0.2154 -0.6277 -0.1085 8.38 66.19 71.00 7.53 -0.32 1.74 -0.8200 4.7200 -0.2000 -3.1478 3.4089 5.7911 6.02 -7.56 1.62 196 375 332 432 217 
0.7579 -0.5990 -0.2575 0.0195 358.62 13.19 83.94 -1.05 -4.61 -1.73 -2.7300 4.8300 -3.0200 -2.6233 2.3167 2.8167 -0.57 -9.71 -1.16 196 384 335 436 215 
0.6326 -0.7701 0.0803 0.0197 356.19 -9.00 102.75 -2.49 -7.16 -4.21 -1.5600 1.3700 -2.3300 0.4211 0.1656 0.5211 -1.82 -9.39 -2.15 196 381 339 438 216 
0.6387 -0.7552 0.1473 0.0032 0.13 -11.19 100.00 -2.69 -8.51 -3.56 0.0000 0.7200 -2.1500 1.3311 0.2211 -0.0944 -1.86 -9.59 -0.76 196 377 343 425 217 
0.7091 -0.6882 0.1511 -0.0267 5.94 -9.50 85.12 -3.48 -6.93 -3.76 -1.3400 3.0500 -5.4200 3.8133 -1.7078 -0.8911 -0.88 -9.15 3.40 195 377 343 432 217 
0.8766 -0.4722 0.0596 -0.0700 9.94 -0.19 48.38 4.18 2.32 1.90 3.9000 9.5400 -5.7100 6.3522 -0.8189 0.1411 0.53 -3.56 9.12 196 376 350 436 216 
0.9953 -0.0203 -0.0784 -0.0536 3.69 12.94 -10.75 2.21 14.42 28.86 -4.6000 9.9700 18.2800 -0.2456 -0.4933 -0.2767 2.88 3.15 8.82 195 376 344 434 216 
0.9702 0.1264 -0.2003 -0.0519 7.94 23.87 -14.31 4.95 3.20 11.17 1.1000 1.4300 2.3300 -2.6622 -2.0811 -0.0944 5.37 0.46 8.18 194 339 333 368 215 
0.9416 -0.0774 -0.3016 -0.1283 17.25 37.19 13.13 7.29 2.93 8.95 -1.3600 5.7600 -0.6500 -7.2922 -1.4667 1.7100 6.15 -6.29 4.31 148 261 246 250 192 
0.7749 -0.5499 -0.2737 -0.1487 27.75 29.62 75.31 0.25 -7.09 -5.06 -2.4800 0.6100 -5.7100 -0.9589 3.8933 0.0300 3.85 -8.63 2.59 169 306 272 272 198 
0.7515 -0.5588 0.0634 -0.3450 50.94 13.44 65.31 1.95 -8.44 4.25 0.1400 0.0000 0.4400 0.8822 1.0689 0.4978 1.46 -8.47 4.71 179 343 203 201 150 
0.7845 -0.4672 0.1691 -0.3710 51.44 3.37 59.44 -2.81 -10.04 4.64 -2.9600 -0.5500 1.3700 0.1800 0.4511 0.0422 -0.07 -8.25 5.28 196 387 194 198 149 
0.7723 -0.4038 0.2505 -0.4216 57.75 -3.19 55.94 1.13 -5.92 3.21 2.5600 2.1900 -2.4300 0.6822 0.0622 0.1256 -0.79 -7.79 5.89 196 389 199 203 153 
0.7970 -0.3434 0.2449 -0.4323 55.00 -6.00 47.75 2.70 -11.68 8.58 2.8400 -7.9000 3.7500 -0.1778 0.1078 2.0300 -1.84 -6.96 6.65 197 390 200 204 155 
0.8422 -0.3248 0.2734 -0.3323 42.06 -14.81 51.88 -12.22 -5.23 12.81 -7.1100 4.1500 5.0600 -2.9733 0.5556 -1.5111 -2.02 -8.69 4.05 198 391 203 206 157 
0.7309 -0.4821 0.3409 -0.3423 53.69 -7.87 75.00 -3.27 -0.32 -0.51 -3.5100 9.9400 -1.8900 -0.1633 1.5967 -2.0833 -0.15 -9.59 2.02 198 391 201 209 157 
0.5989 -0.5142 0.3544 -0.5013 85.94 9.06 75.56 6.92 -3.67 1.36 5.1300 5.1500 -1.6000 0.8811 1.1233 -1.9944 2.78 -8.84 3.19 196 389 204 210 157 
0.5220 -0.4697 0.2850 -0.6524 103.25 19.06 62.00 12.88 -7.34 5.42 9.2700 0.0900 1.0600 2.2578 -0.5111 0.9144 3.03 -7.42 5.63 196 388 205 212 159 
0.6431 -0.3923 0.1699 -0.6354 82.81 14.44 47.31 -0.68 -12.56 14.17 -4.7600 -4.8900 7.4500 -0.4000 -1.4222 2.5378 1.59 -7.40 6.22 197 386 210 215 160 
0.7588 -0.4229 0.1611 -0.4684 61.56 8.25 54.75 -1.71 -3.41 2.96 -2.4200 4.4900 -2.2100 0.3167 -0.2211 0.0789 1.39 -7.95 5.55 196 388 224 230 174 
0.7783 -0.4293 0.1395 -0.4364 55.56 10.44 51.13 2.46 -6.52 5.69 0.4100 0.2100 -0.8500 3.0022 -4.1456 0.7767 3.18 -6.30 6.80 152 227 263 257 188 
;
