0.6369 0.1943 -0.0849 0.7413 261.31 23.31 -7.56 3.88 1.26 8.89 -0.0200 0.0700 -0.0500 -0.0089 0.0133 -0.0044 3.87 1.19 8.93 173 343 348 384 210 
0.6365 0.1932 -0.0845 0.7419 261.19 23.12 -7.44 3.97 1.24 8.93 -0.0700 0.1000 0.1100 -0.1311 0.1033 0.2089 3.82 1.05 8.96 176 340 349 381 217 
0.6033 0.2145 -0.1024 0.7612 254.25 30.06 -6.50 8.47 3.40 13.07 4.7700 4.1900 6.3000 -0.9889 -1.4667 1.7611 6.54 -0.31 7.29 187 332 345 377 214 
0.4689 0.2912 -0.2784 0.7860 240.00 46.38 19.31 10.01 -1.29 6.63 2.1300 2.1200 -0.6900 -3.0922 0.2833 2.9156 6.14 -5.37 5.43 187 343 348 391 217 
0.3594 0.0981 -0.4990 0.7824 227.81 27.56 59.50 2.19 -4.43 0.34 -2.8400 2.8900 -4.1800 -2.4178 1.1400 2.4478 2.41 -9.04 2.93 188 349 351 398 214 
0.2615 -0.0996 -0.6084 0.7427 217.37 8.31 76.37 -2.39 -7.89 -4.42 -3.8000 2.7300 -7.1300 2.1878 -0.2544 -0.5433 1.61 -9.04 3.41 188 358 352 401 221 
0.2906 -0.0340 -0.4802 0.8269 219.81 14.88 46.75 4.49 5.74 -0.76 4.1400 12.4500 -6.5300 8.2000 -2.3200 -1.3378 4.00 -2.01 8.72 190 341 346 391 216 
0.2819 0.2481 -0.0033 0.9268 209.62 24.06 -15.50 -5.58 7.06 29.54 -3.8000 2.8200 14.1700 -3.1567 -1.8467 -0.8167 4.30 1.07 8.74 190 342 352 395 215 
0.3192 0.2024 -0.0756 0.9227 219.62 24.87 4.37 5.15 -0.32 4.55 0.8900 0.3400 -4.5100 -1.2644 -1.6078 0.0700 5.05 -1.61 8.24 188 347 350 386 215 
0.3202 0.2632 -0.1975 0.8884 219.00 39.19 13.38 9.54 -3.00 9.22 3.7100 -1.8000 3.0200 1.1011 -2.3722 0.4622 7.60 -1.47 6.00 157 332 186 178 143 
0.1996 0.4526 -0.1849 0.8492 203.06 59.94 13.81 11.82 -0.52 3.93 2.2600 -0.5900 -1.4200 2.7000 -0.4356 1.0211 8.75 -0.93 4.31 107 381 169 174 136 
0.0229 0.5010 -0.0253 0.8648 180.62 58.38 -3.00 5.40 1.74 2.11 -3.8100 0.5100 -4.3600 2.6500 0.9400 -0.3356 7.93 1.49 5.57 106 399 168 184 143 
-0.0492 0.4311 0.1389 0.8902 172.87 50.56 -20.25 6.55 3.94 4.28 -0.6500 1.6400 -1.0500 0.3611 0.4289 0.2833 7.35 2.27 6.07 111 412 171 186 146 
-0.0600 0.4050 0.1504 0.8998 173.00 49.06 -19.19 9.66 3.21 4.17 1.6700 1.5000 -1.4500 -0.9100 -0.0900 -0.5156 7.42 1.94 6.10 112 413 180 192 150 
0.0090 0.4117 0.0937 0.9064 182.31 47.88 -14.38 6.87 1.56 3.89 -0.7000 0.1000 -2.0300 -1.3233 0.1422 -0.6644 7.17 1.21 6.57 117 419 186 198 158 
0.0729 0.4095 0.0263 0.9090 189.75 47.69 -8.63 6.11 -0.90 9.60 -1.4600 -1.2200 2.4000 -0.9867 -0.6356 0.3111 7.52 0.36 6.27 123 412 189 200 158 
0.0955 0.4319 -0.0515 0.8953 193.56 51.94 2.94 3.00 1.07 3.57 -3.4900 1.2900 -3.3300 -3.4778 1.4800 -1.6178 7.25 -1.09 6.50 158 253 237 246 196 
0.2852 0.3204 -0.1823 0.8848 221.87 37.56 11.63 6.62 -3.30 5.96 1.8500 -1.1500 -1.6800 -1.6756 1.9956 -2.2844 4.85 -1.68 8.34 175 268 294 320 202 
;
