0.6855 0.1173 -0.0325 0.7178 267.25 12.13 -6.87 2.00 1.18 9.44 0.0200 0.0200 -0.1200 -0.0700 0.0467 0.0544 2.00 1.12 9.53 175 339 360 385 217 
0.6847 0.1133 -0.0323 0.7192 267.25 12.19 -6.19 2.05 0.78 9.64 -0.1200 -0.1600 0.0700 -0.0056 -0.1100 -0.0644 2.15 1.02 9.51 173 334 360 383 209 
0.6866 0.1133 -0.0414 0.7170 267.37 12.63 -5.06 2.25 0.83 9.60 0.2300 -0.0400 0.2300 -0.1344 0.0944 0.0000 2.10 0.69 9.55 180 329 357 389 217 
0.6736 0.1207 -0.0463 0.7277 261.44 19.87 -8.31 2.70 10.78 15.40 3.2800 7.9400 2.8100 -1.7222 -7.6467 3.0700 7.99 -0.14 5.68 191 314 337 379 220 
0.4582 0.3529 -0.3940 0.7144 241.12 58.31 47.31 9.66 -1.18 1.04 0.7800 4.0900 -2.1300 -3.8567 0.1144 4.8122 6.46 -7.21 1.52 191 325 342 368 221 
0.2822 0.0784 -0.6901 0.6618 224.87 23.87 92.31 -1.27 -5.36 -5.05 -5.4900 3.4000 -5.2300 -3.4789 0.2667 2.7022 2.05 -9.25 -2.52 188 334 334 371 219 
0.1843 -0.1486 -0.7967 0.5560 215.94 6.81 107.56 -3.62 -6.47 -11.06 -3.6700 3.5300 -8.1600 4.1944 -1.2233 -1.2178 1.64 -9.65 -0.43 191 336 347 379 217 
0.1973 0.0037 -0.6265 0.7540 206.94 17.94 65.87 6.55 7.08 2.31 3.6900 14.4700 0.1600 8.9933 1.2156 -0.7100 3.34 -4.28 8.16 192 325 335 364 217 
0.1817 0.1481 -0.1042 0.9666 200.56 19.06 6.00 1.36 -0.18 22.30 -0.7000 0.4200 6.9500 -2.3711 -1.0744 -0.6056 3.92 -2.04 8.74 188 334 341 372 216 
0.2196 0.1800 -0.1918 0.9395 207.06 25.06 19.56 4.34 -2.06 5.33 -0.2800 0.7500 -2.5700 -0.1322 -0.0044 -0.1144 4.16 -3.10 8.31 189 329 339 372 220 
0.2367 0.1853 -0.2147 0.9293 208.94 27.19 20.25 3.39 -1.98 7.49 -2.0500 0.6900 -0.7600 -0.3767 -2.2644 -0.9400 5.89 -2.87 7.29 190 319 335 368 220 
0.2544 0.3678 -0.2642 0.8545 212.00 59.81 27.31 17.63 -6.84 4.09 9.4300 -5.2400 1.2400 3.5089 -4.2044 1.2011 9.46 -2.18 1.35 145 329 254 217 171 
0.0165 0.6303 -0.2086 0.7476 174.31 68.75 62.88 10.18 -1.95 -0.45 0.1600 2.0000 -2.8500 2.9800 1.0978 1.4133 8.54 -3.61 3.17 116 339 293 296 208 
-0.1976 0.5174 -0.0927 0.8275 151.75 52.06 34.38 2.10 0.07 4.15 -5.5700 3.5000 -1.4600 0.3033 1.2556 -0.3100 7.24 -3.04 5.86 165 341 330 368 217 
-0.2053 0.4344 -0.0712 0.8741 153.87 46.75 26.06 6.63 -0.50 5.28 0.1100 2.4500 -0.2200 -0.2644 0.0000 -0.0667 7.12 -3.01 6.02 178 331 347 394 216 
-0.1846 0.4305 -0.0967 0.8782 157.69 46.06 31.06 8.99 5.13 5.67 2.0000 8.5100 -0.3400 -4.2289 0.0922 0.1489 7.00 -4.99 4.69 175 293 331 388 226 
-0.0527 0.4348 -0.3576 0.8248 176.50 38.44 64.06 -0.09 -16.90 -1.65 -6.3900 -9.8400 -4.1700 -2.2444 2.3111 0.4456 5.10 -7.84 2.92 175 311 332 406 229 
0.0633 0.2944 -0.5107 0.8053 190.50 33.69 68.19 5.90 -6.16 3.59 0.0000 1.4000 0.4500 0.0211 -0.0156 -0.3600 5.71 -7.37 3.01 179 314 329 401 227 
;
