0.8125 -0.0347 0.0436 -0.5803 71.00 -1.62 6.12 -0.35 -1.16 10.50 -1.0600 -0.7500 0.8100 0.9878 -2.9356 1.2811 1.11 -0.64 9.72 176 298 319 354 216 
0.8197 -0.1526 -0.1479 -0.5319 63.75 31.62 12.25 8.60 -0.85 11.84 2.6900 2.1200 3.3000 -4.0522 -2.0778 2.5956 6.01 -4.88 6.01 177 308 326 360 216 
0.7654 -0.5085 -0.1135 -0.3778 50.38 30.81 66.69 2.33 -3.30 0.00 -2.0300 4.9800 -2.5000 -4.4533 -1.4967 2.2211 3.68 -9.08 -0.07 177 328 336 374 215 
0.6096 -0.7623 0.0386 -0.2141 36.63 13.63 104.19 0.04 -6.66 -5.31 -2.7400 2.9100 -2.4200 -0.7000 -0.1189 0.7122 1.60 -9.14 -3.14 175 338 335 376 214 
0.5648 -0.8051 0.0887 -0.1581 30.50 8.94 107.44 1.54 -5.29 -7.59 -0.0100 4.7200 -4.6300 3.0656 0.0467 -0.2367 1.66 -9.58 -1.20 177 342 345 380 215 
0.7260 -0.6635 0.0384 -0.1766 26.25 10.44 70.87 3.20 3.75 -0.96 1.2400 12.8600 -5.5400 11.6656 0.0544 0.7267 1.61 -4.01 8.79 182 338 339 381 212 
0.9929 0.0385 -0.0760 -0.0825 4.31 4.56 -14.69 -7.66 8.50 27.55 -8.3900 3.5600 14.9000 -1.1611 -1.9433 -0.1822 1.07 2.51 9.41 183 338 336 371 213 
0.9909 0.0802 -0.0951 -0.0516 7.37 10.63 -6.87 2.50 1.14 7.68 1.0900 0.5000 -1.9800 -0.8956 -0.5822 -0.3789 2.05 0.42 9.57 182 336 338 373 215 
0.9899 -0.0027 -0.1067 -0.0940 11.13 12.56 -0.31 2.22 0.29 9.18 -0.0800 0.3200 -0.4600 -0.4244 -0.2667 -0.2633 2.36 -0.20 9.51 182 333 339 375 216 
0.9840 -0.0333 -0.1292 -0.1182 14.63 17.06 2.94 3.36 0.06 8.83 0.2600 0.5500 -0.5800 -0.6389 -1.0956 -0.6333 3.82 -0.77 8.99 181 323 328 363 215 
0.9612 -0.0784 -0.2057 -0.1664 20.00 25.75 5.19 5.49 -0.55 12.99 0.6700 -0.2900 3.7600 -1.0589 -0.3011 0.1633 4.43 -1.35 8.63 179 294 252 274 212 
0.9467 -0.1545 -0.2225 -0.1743 21.31 27.69 18.62 2.92 1.62 11.52 -0.6500 4.8300 2.9400 -6.3122 -1.9567 0.5367 4.96 -6.04 5.90 178 311 286 310 214 
0.8229 -0.5091 -0.1558 -0.1985 27.31 24.44 66.87 2.74 -6.88 -3.35 -1.6900 1.2800 -5.4900 -0.8267 0.9378 1.0844 3.00 -8.89 2.83 176 324 323 360 216 
0.7858 -0.5914 -0.0368 -0.1776 25.25 14.38 70.56 1.04 -7.04 1.48 -1.4700 1.8000 -3.6700 0.7922 0.0322 -0.1833 2.39 -8.73 3.75 179 336 327 373 215 
0.8466 -0.4977 -0.0620 -0.1779 22.69 17.81 48.19 5.28 1.39 12.14 3.1200 7.2400 14.3700 4.5433 2.0678 0.2811 2.35 -3.66 8.78 182 335 331 376 214 
0.9536 -0.2318 -0.0720 -0.1780 22.50 13.63 31.94 3.80 -0.81 11.41 1.3600 5.1700 -0.5700 -6.0200 -0.1956 0.0678 2.30 -8.24 4.79 181 345 338 377 214 
0.7779 -0.6008 0.0054 -0.1839 26.44 11.56 77.44 0.83 -6.53 -7.70 -1.7200 2.6100 -9.8300 -0.5300 0.1200 0.0278 1.82 -9.55 1.24 181 354 341 384 214 
0.7700 -0.6093 0.0005 -0.1896 27.19 15.81 66.06 3.25 0.20 0.24 1.4300 8.3300 -2.5400 8.0722 -0.1589 -1.5700 3.50 -5.04 7.64 179 345 341 379 213 
0.9445 -0.2303 -0.1268 -0.1970 23.50 20.12 25.50 4.04 -2.68 17.61 0.8500 1.4800 5.6500 -3.8144 -0.3833 0.1189 3.66 -5.95 6.87 181 345 337 370 216 
0.8704 -0.4316 -0.0992 -0.2149 28.37 20.81 52.81 3.22 -5.82 1.37 -0.8100 1.8400 -3.6800 -0.3633 0.3678 -0.2789 3.43 -7.49 5.31 181 324 327 313 214 
0.8478 -0.4614 -0.0814 -0.2484 35.13 22.12 51.06 0.95 -4.71 1.41 -2.6200 2.1800 -4.0200 1.6678 2.1878 -2.5189 3.97 -5.86 6.77 178 295 307 313 213 
0.8383 -0.3154 -0.0822 -0.4372 60.00 23.37 24.25 6.24 -9.19 11.60 3.5100 -3.4100 8.4400 3.2233 3.6244 -1.1656 1.94 -1.19 9.53 181 312 329 358 214 
;
