0.6242 0.0328 -0.2891 -0.7250 98.50 18.25 -28.94 3.11 4.49 8.08 0.0600 -0.0200 -0.0100 0.0089 0.0011 0.0000 3.07 4.51 8.14 175 331 334 385 218 
0.6243 0.0330 -0.2891 -0.7250 98.50 18.19 -28.94 3.11 4.52 8.11 0.0500 0.0000 -0.0200 0.0044 0.0056 0.0000 3.07 4.51 8.14 175 330 334 386 216 
0.6243 0.0330 -0.2891 -0.7250 98.50 18.19 -28.94 3.10 4.55 8.10 0.0400 0.0800 -0.0500 -0.0611 -0.0689 0.0644 3.11 4.47 8.15 176 326 331 390 217 
0.6314 0.0175 -0.2871 -0.7201 94.25 21.94 -24.87 7.71 4.12 12.66 3.6200 0.1900 5.8300 -0.8067 -1.9967 3.9833 5.38 1.68 8.02 192 333 329 413 219 
0.7571 -0.2091 -0.2974 -0.5428 67.12 47.25 9.31 8.38 0.44 8.59 0.9600 2.7700 2.2000 -2.3567 -1.9689 3.8744 7.25 -4.29 5.01 192 336 335 411 220 
0.7781 -0.4844 -0.2146 -0.3373 43.00 37.19 59.56 2.74 -2.82 -0.33 -2.7400 4.3200 -4.0500 -0.9711 0.5156 2.1878 4.49 -8.00 3.45 190 338 332 412 220 
0.7869 -0.5624 -0.0696 -0.2445 33.75 21.12 66.94 1.08 -4.94 -0.80 -2.1900 3.5400 -4.8400 0.9200 0.4578 -0.1922 3.42 -8.18 4.18 190 340 340 414 220 
0.8301 -0.4899 -0.0683 -0.2572 35.25 20.81 50.56 4.35 -2.58 0.00 0.7800 4.7400 -4.9000 5.9511 -0.0033 -0.1133 3.32 -4.17 8.22 192 341 337 417 221 
0.9485 -0.1315 -0.1591 -0.2403 26.19 20.94 2.56 1.89 5.21 23.28 -2.2200 4.3300 15.3200 1.1489 -0.5722 -0.0900 3.92 0.92 8.93 192 340 344 411 221 
0.9461 -0.0375 -0.2142 -0.2399 30.19 25.81 0.00 4.47 1.67 8.28 0.2400 1.7700 -2.1800 -2.6400 -0.7356 -1.0944 4.85 -1.46 8.39 191 340 342 410 220 
0.8873 -0.2090 -0.2225 -0.3458 44.69 34.38 17.44 5.97 -1.71 4.70 0.6100 0.6900 -2.8100 -1.3622 -0.6989 -0.7867 6.12 -2.88 7.09 185 330 337 388 222 
0.8253 -0.3069 -0.2502 -0.4025 53.19 42.81 24.87 5.88 -3.53 8.56 -1.0100 -0.4900 2.5600 -1.1867 -4.9044 -0.3100 8.22 -3.28 4.21 184 329 331 392 225 
0.6683 -0.5063 -0.4531 -0.3030 41.88 61.00 112.50 5.80 -4.37 -3.81 -1.8900 0.2900 0.3000 -2.1700 -8.6133 1.9267 4.22 -4.59 -7.56 186 329 326 393 228 
0.2684 -0.7282 -0.6293 0.0407 98.81 14.13 153.44 0.07 -2.43 -8.78 -1.4500 1.4400 -0.5900 -0.8178 -0.3811 0.1478 1.66 -3.62 -8.95 186 315 340 397 228 
0.1917 -0.7484 -0.6330 0.0492 99.37 9.88 159.37 2.34 -3.57 -9.37 0.9100 -0.1600 -0.0700 0.1878 0.0289 -0.0622 1.75 -3.48 -8.99 186 319 342 400 229 
0.2021 -0.7443 -0.6346 0.0485 99.06 11.00 158.25 2.28 -3.35 -8.16 0.1700 0.2800 0.6900 0.0267 0.4789 -0.1444 2.20 -3.56 -8.86 187 319 345 395 227 
0.2523 -0.7334 -0.6313 0.0013 98.62 25.81 155.31 4.41 -1.59 -6.18 -0.9000 2.0200 1.0600 -0.4067 8.3000 -1.5989 8.75 -2.78 -3.43 179 319 318 361 224 
;
0.5693 0.0321 -0.2860 -0.7701 107.00 16.06 -29.69 2.70 4.66 8.20 -0.0600 0.0000 0.0200 -0.0078 -0.0178 0.0167 2.73 4.66 8.18 172 338 335 389 218 
0.5701 0.0295 -0.2864 -0.7695 106.87 16.37 -29.56 2.80 4.58 8.15 0.0500 -0.0400 -0.0400 -0.0211 -0.0300 0.0244 2.79 4.62 8.18 169 337 332 388 217 
0.5703 0.0260 -0.2866 -0.7693 106.87 16.69 -29.37 2.82 4.57 8.17 0.0100 -0.0300 0.0000 -0.0622 -0.0344 0.0378 2.85 4.56 8.19 171 333 331 387 218 
0.5732 0.0231 -0.2844 -0.7682 106.25 16.75 -28.81 3.15 4.55 8.20 1.0200 0.1700 0.2600 -0.1533 0.4744 0.3389 2.66 4.38 8.35 174 337 335 397 220 
0.6165 0.0306 -0.2514 -0.7455 96.12 17.12 -24.12 3.98 6.25 14.15 1.1600 2.7700 6.7000 -0.2678 -3.2278 2.8967 5.33 3.01 7.65 189 352 336 406 221 
0.7111 -0.1695 -0.3275 -0.5988 77.00 46.69 -2.31 7.85 2.42 7.84 0.0900 3.0500 0.7800 -3.8244 -0.7356 3.6667 7.22 -3.42 5.68 193 356 336 409 222 
0.7402 -0.4720 -0.1624 -0.4505 59.94 37.38 54.13 2.74 -3.58 -0.70 -3.1700 3.1800 -5.1600 -1.4522 0.3356 1.9944 4.57 -7.74 3.90 191 360 339 415 221 
0.7474 -0.5511 -0.0012 -0.3712 52.44 23.00 64.44 1.71 -5.04 -1.23 -1.9600 3.4400 -5.9400 0.8456 1.0778 -0.3122 3.62 -7.92 4.50 192 370 347 425 221 
0.7823 -0.4775 0.0033 -0.3998 53.31 23.00 46.50 4.93 1.90 -0.53 0.5900 9.5600 -5.8500 7.9800 -1.3533 -0.1922 4.54 -1.55 8.54 193 373 352 431 221 
0.9210 0.0245 -0.2350 -0.3099 34.44 24.12 -17.75 0.94 11.50 28.37 -4.1600 6.0600 17.0300 -1.3889 -0.5822 -0.8189 4.33 3.28 8.16 192 372 355 428 220 
0.8999 0.0314 -0.2729 -0.3388 45.38 28.94 -10.94 5.81 4.70 6.79 1.0700 3.5800 -2.3300 -4.3067 -1.4700 -0.9044 5.58 -0.66 8.02 191 366 349 415 221 
0.8153 -0.2464 -0.2373 -0.4672 61.44 40.56 17.06 6.16 -1.77 2.95 -0.0800 0.8000 -2.8700 -1.4944 -1.6189 -0.4378 7.33 -2.79 5.88 182 343 332 400 224 
0.7147 -0.4219 -0.3138 -0.4612 64.69 62.88 47.25 8.01 -4.59 0.97 0.2800 -0.9800 -0.8200 -0.9522 -7.8167 1.3478 8.36 -4.17 -2.95 188 342 329 402 227 
0.4376 -0.6924 -0.5615 -0.1175 15.50 31.62 144.62 4.63 -4.42 -6.33 0.0900 0.7400 1.2500 -0.8756 -2.2444 1.0533 3.03 -4.68 -8.06 187 331 324 386 229 
0.2372 -0.7718 -0.5889 0.0360 105.50 11.44 157.19 0.88 -3.12 -9.17 -0.1900 0.6000 -0.4300 -0.4078 -0.1700 -0.0700 1.63 -3.36 -9.06 186 320 331 388 228 
0.1877 -0.7797 -0.5966 0.0315 104.87 10.50 160.81 2.56 -3.02 -8.99 0.8600 0.1000 0.1300 -0.0156 0.1378 -0.1656 1.97 -3.09 -9.09 186 322 336 395 228 
0.1956 -0.7734 -0.6029 0.0105 104.12 13.00 161.12 2.56 -2.93 -8.49 0.2400 0.3000 0.4300 -0.1367 0.3489 0.0211 2.41 -3.01 -9.01 184 324 342 393 228 
0.2057 -0.7731 -0.5999 -0.0112 104.31 16.44 161.62 2.73 -2.82 -8.66 0.0100 0.0900 0.1500 0.0000 0.4478 -0.0911 3.09 -2.91 -8.83 186 326 340 393 227 
0.2336 -0.7686 -0.5935 -0.0510 104.81 23.25 160.87 5.68 -1.99 -7.70 0.0800 1.6000 1.1400 0.5733 5.6289 -0.0056 6.48 -3.20 -6.61 178 319 303 336 223 
;
