0.7104 0.1393 -0.0819 0.6849 272.06 17.87 -5.12 3.02 0.72 9.26 0.0600 -0.1300 0.0300 -0.0189 0.0133 -0.0100 3.00 0.82 9.29 178 323 350 378 216 
0.7108 0.1381 -0.0818 0.6848 272.12 17.62 -5.00 3.03 0.71 9.30 -0.0200 -0.2500 -0.3900 0.0633 0.2556 -0.0156 2.84 0.83 9.34 172 322 349 376 214 
0.7131 0.1301 -0.0721 0.6852 272.25 15.88 -5.31 2.33 0.98 9.41 -0.2300 0.0500 -0.2000 -0.1833 0.2311 0.0900 2.50 0.83 9.44 175 325 348 377 215 
0.7131 0.1198 -0.0537 0.6887 271.81 13.56 -6.19 2.81 1.61 9.62 0.1800 0.6600 0.1000 0.5289 0.2544 1.1256 2.29 1.27 9.44 182 317 344 385 217 
0.6375 0.1688 -0.0514 0.7499 255.25 24.37 -6.25 6.37 5.28 13.66 2.1100 4.0800 6.1900 -0.6556 -3.1633 3.5478 6.09 -0.75 7.64 186 307 331 379 217 
0.4052 0.2768 -0.3020 0.8173 229.00 44.69 31.69 10.32 2.24 8.37 0.6400 8.2800 1.1800 -4.5356 0.7733 5.6133 4.27 -8.11 3.45 151 313 335 384 218 
0.1419 0.0262 -0.6404 0.7543 197.06 8.13 83.31 -6.46 -3.68 -5.65 -7.8400 5.0200 -7.2600 -2.2889 0.5633 2.1278 -0.70 -9.74 -0.88 171 323 348 400 219 
0.0502 -0.1124 -0.7313 0.6708 191.37 -2.50 93.06 -4.98 -3.92 -7.42 -3.3300 6.7700 -6.7400 3.3689 0.0367 -2.7111 1.32 -9.57 1.66 180 343 347 409 219 
0.1946 0.0444 -0.5488 0.8118 209.25 22.25 53.44 6.56 8.22 0.03 6.9700 15.0500 -1.0800 11.5711 0.6078 -2.2144 4.64 -0.97 8.57 187 334 353 411 215 
0.2114 0.2709 -0.0118 0.9390 205.37 35.13 -5.69 6.88 2.31 15.44 0.1100 0.9800 1.1500 -2.5656 -2.4378 0.3178 7.01 -0.67 6.81 188 330 345 391 217 
0.2350 0.3777 -0.1639 0.8805 210.69 47.75 10.00 12.42 0.65 10.98 9.0800 1.7400 5.0400 -2.1222 0.1811 1.0200 7.09 -2.35 6.34 167 258 268 275 198 
0.2085 0.3060 -0.3234 0.8708 202.06 36.13 45.38 6.44 -1.57 2.44 -2.0600 5.4100 -3.8200 -3.0856 1.2100 5.6878 2.43 -8.57 4.08 151 241 247 255 196 
-0.0522 0.0662 -0.5840 0.8073 166.06 -1.19 74.50 -6.49 -5.58 0.21 -3.0300 3.9300 0.4700 -0.8900 -3.0700 0.3789 -0.20 -9.64 1.78 123 214 212 228 184 
-0.2164 0.2242 -0.6404 0.7020 142.31 4.69 89.69 -2.89 -9.05 -2.39 -4.4500 0.9600 -3.0500 -1.6689 -5.6256 -3.3956 2.50 -9.28 -1.91 125 208 215 234 183 
-0.2906 0.6483 -0.4905 0.5046 108.31 23.50 115.25 15.66 -4.79 -6.34 10.8700 1.8900 -1.0100 0.8367 -2.2000 -1.0511 3.70 -7.77 -4.69 130 219 225 240 183 
-0.3933 0.8288 -0.2263 0.3275 80.75 21.75 120.19 7.30 -5.05 -0.21 4.2400 3.4900 4.8400 -0.3956 2.2278 0.3811 4.12 -7.85 -4.18 148 232 246 276 197 
-0.2979 0.7394 -0.3414 0.4980 143.19 40.75 103.00 6.79 -5.47 -3.72 -3.5900 -1.2500 -5.1900 -1.7789 14.5011 -6.7778 6.86 -3.75 5.91 181 308 319 367 216 
;
