0.7733 0.1467 -0.3334 -0.5190 67.69 21.25 -37.88 3.62 5.59 7.23 0.0100 -0.0200 -0.0300 0.0044 -0.1033 0.0511 3.65 5.60 7.16 159 328 315 339 210 
0.7726 0.1387 -0.3463 -0.5138 67.06 23.62 -38.19 3.88 5.56 7.12 -0.2000 -0.0800 -0.0500 -0.0978 -0.1022 0.0867 4.00 5.47 7.07 152 329 315 338 209 
0.7756 0.1282 -0.3477 -0.5111 66.69 23.94 -36.94 5.63 7.85 8.81 2.0900 2.8900 2.0200 -0.4544 -0.0144 0.6644 4.23 4.92 7.35 168 332 325 354 211 
0.8038 0.0559 -0.3470 -0.4799 59.44 34.69 -25.00 8.09 5.63 10.99 2.3300 3.0500 3.6600 -2.7233 -1.6667 2.8822 6.91 0.54 6.93 181 335 328 358 211 
0.8359 -0.2476 -0.3234 -0.3679 43.75 44.50 26.00 6.49 -1.54 4.27 -1.3300 1.8800 -2.7100 -3.2978 1.4700 2.9611 5.19 -6.10 5.65 183 338 331 370 211 
0.8310 -0.4849 -0.0997 -0.2538 32.13 19.19 58.13 0.72 -5.52 0.43 -2.0900 2.3800 -5.2000 -1.7844 1.8633 1.1067 1.65 -8.72 4.15 186 346 338 390 212 
0.8038 -0.5476 0.0768 -0.2192 28.37 5.50 67.69 -0.19 -7.41 -1.41 -1.1700 1.1400 -4.9500 0.5556 -0.1811 0.6456 0.51 -9.00 3.83 185 351 336 397 211 
0.8446 -0.4991 0.0868 -0.1731 23.31 0.25 54.44 -0.88 -2.02 -2.60 -1.1400 5.9100 -9.2900 6.1378 0.3711 0.3656 -0.44 -4.85 8.50 186 358 338 404 212 
0.9778 -0.0651 0.0211 -0.1982 22.56 1.06 -5.69 0.27 10.88 13.32 1.2100 7.8000 5.4400 3.7722 -1.7000 -0.1289 1.16 4.04 8.85 190 360 345 405 212 
0.9395 0.2349 -0.1557 -0.1948 23.62 12.75 -31.81 1.77 9.68 16.40 -0.6200 3.4300 6.6300 -1.1800 -0.3311 -0.0356 2.47 4.48 8.36 190 357 344 397 212 
0.9443 0.1674 -0.1842 -0.2153 26.31 17.12 -21.75 2.84 2.99 7.66 -0.2600 -0.3000 -1.1900 -1.4511 -0.9022 0.1267 3.60 2.33 8.81 188 335 321 328 209 
0.9424 0.0400 -0.2325 -0.2371 28.37 25.87 -10.94 3.72 1.28 7.31 -1.1100 -0.3600 -1.6400 -0.6911 -0.9344 0.1078 4.86 1.11 8.43 186 331 295 284 207 
0.9297 -0.0089 -0.2738 -0.2462 29.69 30.56 -9.56 8.24 3.31 6.77 3.4300 2.1100 -1.0300 2.1156 0.1100 0.2000 4.96 2.52 8.07 180 322 263 252 204 
0.9266 0.0909 -0.3131 -0.1872 18.62 35.50 -20.00 9.72 5.46 11.54 3.1200 2.2300 4.0500 0.0111 0.0544 3.3100 6.27 1.44 7.39 181 321 259 249 203 
0.9498 0.0071 -0.3123 0.0200 354.12 33.25 7.19 -2.74 -1.21 7.93 -8.1300 -0.0500 -1.0200 -2.5944 0.6356 1.9678 4.44 -3.52 7.99 182 326 248 239 198 
0.9357 -0.2137 -0.2620 0.1013 348.81 28.44 33.13 -2.09 -2.41 2.27 -5.2300 3.2800 -5.4400 -0.6744 -0.5144 -3.0489 6.06 -3.96 6.60 182 332 244 240 199 
0.9158 -0.1881 -0.3373 -0.1099 18.87 42.94 13.31 10.35 3.11 2.72 4.7500 4.2900 -3.5900 1.9944 -0.4389 -1.9067 7.02 0.52 6.81 181 329 248 247 201 
0.8841 -0.0244 -0.4237 -0.1956 23.81 51.00 -13.31 13.06 2.79 7.56 4.9600 1.0900 1.7400 1.1011 -0.6044 0.9978 7.99 1.47 5.48 181 323 253 251 202 
;
