0.5916 0.3231 0.1457 0.7241 258.50 17.19 -38.38 2.85 5.89 7.30 -0.0100 0.0600 -0.0700 -0.0111 -0.0089 0.0056 2.90 5.81 7.34 176 324 364 409 216 
0.5917 0.3231 0.1454 0.7241 258.50 17.19 -38.31 2.90 5.86 7.29 0.0000 0.0400 -0.0400 -0.0100 -0.0178 0.0011 2.91 5.81 7.34 179 323 366 410 212 
0.5924 0.3232 0.1422 0.7241 258.56 17.81 -36.75 2.16 5.75 9.13 -1.1800 0.2100 2.0200 -1.5033 -3.9367 1.6011 4.99 4.31 7.25 175 284 206 227 194 
0.5599 0.4414 -0.1257 0.6898 256.81 65.12 -38.56 19.64 2.88 -1.66 7.1200 0.9000 -4.2100 3.2222 -6.6689 4.2500 9.46 -0.51 -2.49 127 353 167 189 160 
0.0956 0.7261 -0.4109 0.5430 181.69 53.13 131.50 5.20 -0.54 -3.15 -2.7100 5.2300 0.3200 3.8456 -0.6867 2.6689 6.30 -7.03 -2.61 141 373 174 198 166 
-0.2541 0.6429 -0.3976 0.6033 130.56 33.19 94.25 2.66 -3.67 1.81 -1.5000 4.5700 2.9000 2.8644 -0.4244 0.3322 5.05 -8.33 1.07 149 383 180 199 171 
-0.3718 0.5932 -0.3229 0.6369 121.75 31.19 85.75 5.11 -8.66 0.76 1.2600 -0.9900 -2.4600 -1.9333 -0.6056 -0.0822 5.18 -8.28 -0.80 147 383 182 201 171 
-0.3051 0.6280 -0.3846 0.6038 126.12 31.56 93.25 4.49 -8.17 -3.03 0.6500 1.0100 -1.2400 2.4100 0.8278 -0.2256 5.21 -8.22 1.16 149 386 181 204 174 
-0.3521 0.5767 -0.3199 0.6642 124.75 33.00 81.94 6.49 -6.82 2.28 0.3500 1.0600 -0.0400 -1.0356 0.9522 -0.3156 5.44 -8.10 0.92 157 322 191 218 192 
-0.2673 0.5746 -0.3812 0.6731 141.00 35.94 89.62 4.87 -5.05 2.01 -1.1100 2.3500 1.9500 -3.6811 -0.2267 -0.8600 6.26 -7.15 -2.41 159 222 251 293 207 
-0.0551 0.6771 -0.5188 0.5189 174.37 37.44 139.19 5.69 -2.51 -9.94 0.3200 1.2100 -3.3600 -3.7844 -1.7200 -0.7100 4.95 -2.42 -8.11 160 222 243 278 203 
0.0885 0.7591 -0.5906 0.2592 255.37 29.19 170.06 6.05 -1.48 -11.90 1.4700 -0.5000 -3.3500 0.2089 -0.2378 -0.1822 4.57 -1.43 -8.55 170 241 259 301 204 
0.0662 0.7756 -0.5748 0.2521 252.75 28.69 163.62 12.95 -6.50 -14.00 6.1700 -3.2200 -5.3300 4.0800 0.7411 2.6956 4.66 -5.30 -6.80 189 284 281 328 211 
-0.1776 0.6404 -0.5963 0.4503 130.75 18.81 112.69 -0.56 -1.48 0.63 -6.5900 8.5200 4.3400 4.0756 1.3756 0.3022 2.79 -9.39 0.31 197 383 343 381 211 
-0.3089 0.4667 -0.5184 0.6466 130.19 16.87 88.87 0.88 -2.05 -0.47 -1.8300 6.8300 0.0600 -0.4300 0.2711 -0.8911 3.50 -9.15 -0.15 198 374 336 378 210 
;
