0.8273 -0.0144 -0.0082 -0.5615 68.31 1.69 0.81 0.31 -0.12 9.78 -0.1000 0.0000 0.0000 0.0167 0.0278 0.0033 0.27 -0.13 9.80 169 329 348 378 219 
0.8273 -0.0129 -0.0073 -0.5616 68.31 1.44 0.69 0.15 -0.22 9.87 -0.1200 -0.0900 0.0700 0.0044 0.0056 -0.0156 0.24 -0.12 9.80 169 327 345 378 220 
0.8268 -0.0123 -0.0067 -0.5623 68.44 1.37 0.69 0.16 -0.17 9.76 -0.1100 -0.0500 -0.0300 0.0011 0.0067 -0.0078 0.24 -0.12 9.80 169 326 346 378 218 
0.8267 -0.0123 -0.0063 -0.5626 68.44 1.37 0.75 0.12 -0.17 9.84 -0.0700 -0.0500 0.0100 0.0133 0.0078 0.0000 0.23 -0.12 9.80 168 327 345 377 218 
0.8269 -0.0150 -0.0086 -0.5621 68.44 3.12 1.62 5.14 8.15 18.69 5.4900 8.5000 4.9400 -5.8878 1.0322 0.5111 0.34 -3.46 9.16 149 288 172 176 174 
0.8342 -0.2467 0.0048 -0.4932 52.56 31.94 24.62 10.02 -4.17 -7.00 3.8400 1.9100 -9.5600 8.1844 -13.5156 1.6700 9.46 -2.55 -0.06 106 351 164 161 173 
0.5905 -0.2025 -0.7766 0.0856 326.19 54.13 129.62 10.70 -2.82 -3.02 1.6700 1.9100 -0.3100 3.4644 -2.9500 1.4889 6.36 -6.44 -3.76 108 355 169 169 173 
0.4436 -0.1146 -0.7951 0.3973 272.06 37.38 105.87 5.15 -0.57 10.42 1.4500 6.0100 10.4700 -0.3089 -0.8078 0.2867 5.72 -7.66 -2.15 113 359 172 173 175 
0.4322 -0.1067 -0.7904 0.4208 272.06 35.75 114.56 7.32 -9.14 -9.90 1.9600 -2.2500 -7.0400 0.1589 -0.0244 -0.1044 5.72 -7.13 -3.53 115 370 176 174 178 
0.4501 -0.0884 -0.7806 0.4246 274.37 40.88 101.87 7.51 -3.30 6.43 1.4600 3.6500 6.6400 -0.8800 0.6600 -0.4378 6.64 -7.00 -1.70 116 349 178 179 179 
0.5009 -0.0798 -0.7658 0.3954 285.44 45.69 106.87 8.44 -6.14 -0.89 1.1600 0.0900 0.9900 -1.0200 0.4589 -0.9511 7.50 -5.90 -2.21 132 322 167 184 182 
0.5482 -0.0687 -0.7760 0.3043 306.69 57.00 109.19 12.56 -8.71 -0.80 4.2100 -3.8800 0.0100 0.7989 3.3978 -1.3611 8.90 -4.02 0.78 163 298 262 284 208 
0.7340 -0.0165 -0.6226 0.2708 319.69 63.75 49.38 8.72 -2.66 -1.24 0.1900 0.8700 -4.2100 1.4967 0.9111 0.0000 8.61 -2.80 3.74 172 315 329 366 213 
0.7811 0.0450 -0.5299 0.3273 313.06 57.44 30.50 5.53 1.58 2.94 -2.3300 4.2800 -1.1600 1.2922 0.5067 0.5222 7.92 -2.51 5.20 162 320 333 373 215 
0.7854 0.0709 -0.4713 0.3951 305.56 52.63 26.19 7.36 -0.51 6.18 -0.7700 2.1500 0.8500 -0.9644 -0.3833 0.0011 7.87 -2.97 5.03 174 322 314 363 218 
0.7809 0.0164 -0.5082 0.3629 312.81 53.63 38.69 8.88 0.51 4.02 1.1700 3.8500 0.0500 -3.0067 1.2911 -0.8078 7.71 -4.17 4.37 176 286 323 377 219 
0.8226 -0.1465 -0.5029 0.2209 332.87 48.31 47.25 7.32 -4.93 2.04 -0.3900 -0.3400 -2.2000 -2.0278 1.0811 0.0456 6.92 -5.51 4.22 171 291 332 386 220 
0.8289 -0.2967 -0.4604 0.1140 346.75 44.31 58.06 5.66 -9.57 2.60 -0.7100 -2.8700 -0.8300 -0.8689 0.0600 -0.6122 7.03 -5.95 3.34 169 297 339 391 221 
;
