0.6216 0.3754 0.1341 0.6743 265.31 19.75 -43.50 3.35 6.35 6.70 0.1800 -0.0200 -0.0100 0.0333 0.1300 -0.0744 3.23 6.39 6.69 173 375 369 418 217 
0.6226 0.3705 0.1462 0.6736 266.00 17.62 -44.19 3.60 6.68 6.74 0.1000 0.2000 0.3500 0.1578 0.3744 -0.4800 2.51 6.73 6.67 172 373 369 413 216 
0.6370 0.3569 0.1824 0.6585 268.31 13.31 -45.63 2.12 6.97 6.85 0.1700 0.3900 0.4600 -1.0500 -0.1500 0.0600 2.26 6.42 7.05 173 332 300 327 218 
0.6620 0.2833 0.1257 0.6824 267.00 13.19 -28.44 0.28 3.08 10.08 1.6300 -0.9100 0.5400 1.8144 -8.9356 3.5644 7.32 3.54 5.47 130 302 160 188 160 
0.4021 0.6170 -0.2423 0.6316 235.56 84.75 -175.19 10.72 2.03 -3.72 0.9100 2.8500 -1.0800 3.9467 -4.6478 4.4956 7.97 -3.93 -4.12 137 329 168 197 155 
-0.1171 0.7497 -0.3817 0.5278 145.12 41.25 120.19 5.38 -3.16 -2.95 -0.1200 3.6300 0.1400 2.4144 0.3167 1.0344 5.83 -7.54 -2.27 141 334 169 200 149 
-0.3176 0.6689 -0.3331 0.5837 119.56 34.00 93.00 4.03 -2.20 9.73 0.9900 6.0500 10.4600 -0.6289 -0.2711 0.0978 5.49 -8.10 -0.46 141 329 177 202 153 
-0.3041 0.6699 -0.3357 0.5883 126.62 35.69 103.31 8.44 -9.73 -7.89 3.0800 -2.1900 -5.9200 0.3667 0.2722 0.3133 5.57 -7.77 -2.15 143 345 175 204 157 
-0.3107 0.6696 -0.3345 0.5859 122.44 35.94 92.81 4.63 -2.32 7.83 -0.2800 4.5800 7.5700 -0.3633 0.2411 -0.3244 6.02 -7.73 0.39 150 371 179 210 158 
-0.3030 0.6252 -0.3018 0.6529 135.56 40.31 86.87 9.62 -7.44 2.55 3.1500 -1.7300 2.2900 -1.3067 2.3644 -0.9833 6.77 -7.04 0.82 151 343 176 213 163 
-0.1371 0.5438 -0.3542 0.7483 163.06 46.00 70.37 10.37 -10.84 0.34 2.9500 -3.5600 -2.8000 2.2789 3.3389 -0.3833 6.23 -5.46 5.23 150 236 178 213 160 
-0.0993 0.3207 -0.2251 0.9147 167.37 28.37 27.87 3.46 -1.00 3.59 -1.0300 2.8800 -4.3100 2.9556 2.4800 0.0200 2.88 -2.09 9.13 153 185 173 211 163 
-0.1196 0.1234 -0.0549 0.9836 166.50 11.88 6.44 -0.36 1.58 7.58 -1.5400 2.4200 -1.4400 -0.0756 1.6856 -1.6511 0.88 -0.78 9.73 159 154 180 213 163 
-0.0080 0.0054 -0.0550 0.9984 183.25 -3.19 8.81 1.05 -0.22 7.82 1.7200 1.4600 -2.0000 -1.5456 2.0144 -2.2844 -1.71 -2.84 9.22 137 169 182 218 168 
0.1624 -0.1652 -0.1710 0.9576 201.00 -16.75 25.56 -6.56 -7.58 8.35 -3.9900 -2.9400 0.2000 -0.7444 0.6100 -0.6844 -3.13 -4.77 7.96 142 171 178 226 169 
0.1957 -0.2008 -0.2308 0.9317 203.12 -13.94 32.31 -3.44 -3.29 1.46 -1.5700 1.7300 -6.8500 0.2178 -3.4822 -0.6856 -0.22 -5.06 8.39 147 186 179 221 169 
0.1938 0.0493 -0.2514 0.9470 206.06 19.94 24.00 5.01 -0.17 3.11 0.5000 2.4500 -4.6300 2.8433 -1.2044 -5.7044 5.41 -0.26 8.17 159 207 229 284 198 
;
