0.7259 0.1165 -0.0630 0.6749 273.94 14.31 -4.75 2.40 0.88 9.49 0.0900 0.1700 0.0500 -0.1633 -0.0333 0.1522 2.45 0.66 9.47 169 343 365 393 212 
0.7222 0.1128 -0.0656 0.6793 273.56 14.13 -4.81 2.27 1.06 9.53 -0.1100 0.0900 -0.1200 0.0278 0.0911 0.0300 2.32 0.88 9.48 175 348 364 396 214 
0.7206 0.1146 -0.0595 0.6812 273.19 14.38 -4.19 1.87 1.15 9.78 -0.4400 0.7700 0.1300 -1.9511 -1.1400 0.0456 3.05 -0.42 9.31 174 325 275 307 215 
0.6817 0.1297 -0.2303 0.6822 266.81 39.88 14.31 11.13 0.03 0.76 3.3700 -0.2800 -6.4100 3.0033 -8.1478 2.0144 9.07 -2.36 2.87 145 319 189 199 187 
0.2545 0.5441 -0.4793 0.6398 204.75 62.19 113.62 13.56 -4.21 -0.46 4.1900 1.2800 1.8300 4.7478 -2.8289 2.2311 6.93 -6.65 -1.96 153 351 195 202 184 
-0.2331 0.6415 -0.3793 0.6247 131.94 36.13 92.31 4.52 -2.69 3.15 -0.5900 5.7300 3.8900 3.3089 0.0967 0.6911 5.30 -8.08 1.61 155 389 205 207 186 
-0.3828 0.5859 -0.2911 0.6522 122.00 32.88 81.81 4.24 -7.86 1.23 0.1100 -0.4300 -1.2100 -2.2978 -0.5767 -0.3144 5.53 -8.08 -0.37 155 377 205 207 187 
-0.2959 0.6292 -0.3710 0.6156 127.75 33.31 92.87 5.17 -8.39 -2.73 -0.3400 0.2300 -2.1600 2.3244 1.0667 -0.0956 5.36 -8.11 1.25 156 398 207 213 194 
-0.3583 0.5399 -0.2819 0.7076 126.69 34.88 71.31 6.17 -2.20 6.49 -1.0200 4.4900 2.2400 -1.5989 2.1389 -1.9567 6.24 -7.12 2.53 159 311 209 209 163 
-0.1946 0.5280 -0.2984 0.7709 160.12 47.19 64.81 16.78 -8.76 -1.19 5.5300 -3.9600 -6.0500 -0.9189 -0.2544 0.5033 7.27 -6.02 2.65 189 176 173 195 169 
-0.1218 0.5008 -0.3525 0.7811 160.37 42.38 69.25 -8.97 -4.99 9.27 -14.5100 3.1600 5.7100 -1.7356 -1.6044 -3.1211 7.81 -5.77 1.35 199 178 192 186 173 
0.0208 0.6378 -0.2891 0.7136 193.31 74.56 97.62 33.06 2.54 -19.82 16.3900 1.3300 -9.9900 1.9689 0.0344 0.8000 9.49 -2.43 -0.11 200 179 200 193 173 
0.0370 0.6658 -0.2490 0.7024 184.25 71.25 94.75 8.48 -1.55 -0.33 -0.1500 2.0400 0.5100 0.4511 -0.2367 0.1767 9.19 -3.36 -0.61 199 186 192 195 174 
;
