0.6691 0.3401 0.1635 0.6402 272.50 12.50 -42.88 2.11 6.45 7.07 -0.0200 -0.0600 0.0200 0.0011 0.0033 -0.0033 2.12 6.51 7.01 165 344 353 395 217 
0.6691 0.3401 0.1635 0.6402 272.50 12.50 -42.88 2.11 6.42 7.04 -0.0100 -0.0800 0.1000 0.0033 0.0022 -0.0067 2.12 6.51 7.01 157 339 354 391 216 
0.6691 0.3400 0.1636 0.6403 272.50 12.50 -42.88 2.10 6.91 7.13 0.0400 0.5100 0.2900 -0.3456 -0.3378 0.2711 2.40 6.24 7.16 169 311 325 351 217 
0.6647 0.3253 0.1053 0.6643 266.31 20.87 -32.25 6.87 5.66 9.56 4.5200 -0.1100 1.2000 0.9978 -5.9167 4.5089 7.24 3.26 5.74 173 311 192 191 185 
0.3792 0.5484 -0.1958 0.7192 222.00 81.56 14.13 11.29 1.14 0.25 0.6200 3.1400 -0.2400 3.1400 -2.6078 5.6022 8.63 -4.60 -0.58 159 323 186 180 171 
-0.1307 0.6270 -0.3560 0.6805 146.69 43.56 91.31 3.13 -3.16 0.29 -2.9800 4.3300 0.1100 2.2789 -1.3500 1.6133 5.58 -8.04 0.52 158 346 187 180 169 
-0.3804 0.5966 -0.2905 0.6442 118.12 33.81 77.25 6.83 -1.65 11.02 2.6800 4.9800 8.5300 -0.8778 -0.2300 0.0133 5.58 -7.86 1.75 154 366 192 184 175 
-0.3394 0.5969 -0.3021 0.6613 127.00 36.06 85.19 8.02 -10.19 -4.85 1.5500 -2.6800 -5.8400 0.4078 0.2544 0.0256 5.81 -7.88 0.48 158 364 201 191 175 
-0.3394 0.5862 -0.2902 0.6760 125.56 36.69 74.50 5.81 -1.93 9.62 0.9300 5.5400 7.0000 -0.6011 0.2322 -0.2311 5.98 -7.48 2.10 156 369 201 191 180 
-0.3042 0.5588 -0.2866 0.7163 140.81 40.00 73.37 9.18 -4.30 5.22 4.3600 2.3000 3.4000 -3.2456 5.0411 -2.8378 6.81 -6.44 2.85 173 287 242 258 207 
0.0718 0.3581 -0.4058 0.8378 199.00 37.63 53.38 11.88 -6.67 9.10 6.2300 1.6200 3.3100 -4.0978 3.5500 0.0733 4.63 -7.45 4.37 184 301 333 374 217 
0.2673 0.0454 -0.5793 0.7687 220.00 19.00 75.94 3.37 -5.01 -2.95 0.4300 4.5800 -5.0200 -3.1044 0.2689 1.8022 1.88 -9.62 -0.09 180 335 344 399 217 
0.2067 -0.1362 -0.7282 0.6390 214.06 5.62 97.12 0.14 -7.02 -5.21 -1.0100 2.6600 -3.8000 0.4489 0.8756 0.4978 0.60 -9.73 -1.02 186 346 349 405 215 
0.1960 -0.1726 -0.7090 0.6551 212.56 3.31 91.00 -0.81 -4.84 -6.70 -1.5900 5.3900 -7.3700 3.6867 -0.9556 -1.0278 1.42 -9.35 2.55 183 348 347 399 214 
0.2361 0.0075 -0.4940 0.8368 211.50 16.94 49.00 2.40 6.68 -0.79 3.5000 14.0400 0.8100 12.5989 1.1978 -2.1044 3.34 0.92 9.17 183 334 336 384 214 
0.2558 0.1843 0.0956 0.9442 210.31 18.06 -17.44 3.95 5.97 17.81 0.6300 2.0500 5.4200 -1.6756 -1.4233 0.0067 4.21 1.78 8.67 183 338 334 380 217 
;
