0.5804 0.0350 -0.3713 -0.7239 102.50 22.31 -38.69 3.78 5.74 7.05 0.0500 0.0300 -0.0100 0.0089 0.0144 -0.0056 3.72 5.67 7.08 175 343 363 415 215 
0.5807 0.0349 -0.3701 -0.7242 102.56 22.44 -38.31 3.97 5.60 6.95 0.2200 0.0200 -0.1400 -0.0067 0.0100 0.0078 3.78 5.59 7.11 174 341 363 415 215 
0.5814 0.0317 -0.3688 -0.7245 102.44 22.50 -38.06 3.91 6.04 7.56 -0.2400 0.7500 1.2700 -0.5144 -0.4089 0.4867 4.15 5.14 7.24 175 327 325 397 217 
0.5972 -0.0540 -0.3561 -0.7167 97.81 37.56 -27.37 11.38 4.32 7.44 3.9300 -0.1300 -1.4900 1.8300 -7.9922 5.2133 9.46 0.63 2.47 173 334 210 227 197 
0.6216 -0.4438 -0.5700 -0.3029 32.94 66.75 110.62 8.16 0.03 -1.88 -0.8600 4.9300 -0.4200 4.3444 -2.9167 4.2167 6.75 -6.91 -1.63 175 376 211 228 193 
0.6469 -0.4412 -0.5895 0.1985 317.31 33.00 91.75 3.10 -3.16 3.73 -1.7000 4.5600 2.8600 2.1333 -0.0778 -0.1656 5.21 -8.22 1.14 181 403 215 232 195 
0.6683 -0.3231 -0.5736 0.3465 303.94 32.38 82.69 6.16 -7.63 1.53 0.8000 -0.0600 0.2100 -1.6889 -0.1033 0.6233 4.95 -8.46 0.12 183 401 215 215 192 
0.6172 -0.3895 -0.5975 0.3322 303.69 28.44 89.25 3.75 -8.75 -1.16 0.1400 0.7600 -0.4100 2.4411 0.8233 -0.6156 4.99 -8.28 1.58 183 403 218 219 194 
0.6705 -0.3425 -0.5567 0.3510 306.19 30.37 80.50 4.09 -5.05 3.84 -0.6600 3.6100 3.3400 -2.2022 1.0067 -0.6856 5.30 -8.23 0.48 183 387 224 227 198 
0.6907 -0.4587 -0.5410 0.1405 353.12 43.75 89.62 7.13 -3.61 -1.09 -0.4300 2.3600 -1.3000 -2.7222 6.9622 -5.2044 8.43 -4.38 2.39 178 322 238 263 208 
;
0.7421 -0.3643 -0.3580 -0.4341 70.37 51.56 9.31 8.01 1.42 5.41 1.2900 1.8200 -1.0600 2.3811 4.7778 -4.5944 4.73 2.39 8.24 180 342 333 405 212 
0.6505 0.0333 -0.2911 -0.7007 97.87 16.19 -34.50 16.57 18.01 29.23 1.1900 3.7500 3.6000 -0.6100 -0.8411 -0.0100 2.55 5.87 7.42 177 365 357 417 215 
0.5995 0.0845 -0.3501 -0.7147 99.81 18.37 -38.94 3.59 6.69 8.21 -0.5000 0.4700 1.2700 -0.0589 0.1567 0.0333 2.94 5.75 7.37 176 356 359 418 216 
0.6040 0.0676 -0.3477 -0.7140 99.31 19.56 -36.69 4.11 7.72 9.38 1.6700 3.1900 2.4100 -2.3611 -1.8411 1.7722 4.82 4.02 7.52 177 335 259 289 218 
0.6194 -0.1938 -0.3599 -0.6703 90.94 58.63 -17.56 14.63 0.31 -0.61 5.0300 0.5200 -3.4400 3.3411 -9.0789 5.2044 9.49 -1.85 -1.60 167 341 222 216 196 
0.5612 -0.5268 -0.6261 -0.1250 7.87 49.50 120.37 4.31 -2.27 -1.97 -2.5200 3.7800 1.4000 4.2056 -1.2533 2.3344 5.96 -7.60 -1.65 173 375 226 216 195 
0.6688 -0.4418 -0.5604 0.2086 321.19 33.56 85.75 4.86 -5.03 3.69 -0.1200 2.8000 2.5100 2.0900 -0.1600 -0.0956 5.44 -7.91 1.94 177 389 229 223 197 
0.7056 -0.3544 -0.5386 0.2939 315.50 32.94 81.19 6.21 -8.49 0.48 1.0100 -1.3900 -2.1000 -1.1422 -0.2356 0.5889 5.02 -8.41 0.24 179 395 230 222 198 
0.6688 -0.4138 -0.5478 0.2852 312.44 29.69 82.94 5.65 -7.18 0.92 0.9000 2.6000 0.4200 1.4056 -0.6600 -0.2078 4.95 -8.18 2.13 179 405 233 227 199 
0.7033 -0.3554 -0.5232 0.3246 313.87 30.62 77.44 4.19 -5.18 3.52 -0.8100 2.9100 2.0700 -2.3756 1.3978 -1.4089 5.58 -7.99 1.03 178 379 237 230 201 
0.7326 -0.4554 -0.4995 0.0803 3.69 46.50 78.81 7.57 -4.65 -0.06 -2.4100 0.4000 -2.4900 -1.6311 7.9233 -5.8156 7.67 -3.83 4.75 179 322 229 249 209 
0.7796 -0.2757 -0.2382 -0.5094 74.69 31.75 4.69 4.82 3.84 9.14 0.8600 4.1000 0.4000 3.7289 1.5944 -3.2767 3.11 2.57 8.93 178 343 334 398 212 
;
0.6542 0.0743 -0.2697 -0.7026 97.31 13.56 -35.13 19.09 27.85 37.47 2.7000 3.0800 7.5800 -0.6556 0.1156 -0.1878 2.84 5.71 7.44 175 363 357 419 213 
0.6075 0.0734 -0.3511 -0.7086 98.56 18.31 -37.94 2.60 6.52 8.64 -1.1200 0.3800 0.7500 -0.0889 -0.3922 0.1144 3.06 5.63 7.41 175 356 359 419 216 
0.6101 0.0624 -0.3428 -0.7116 98.75 19.06 -36.44 3.08 5.89 7.55 -0.0100 0.4400 0.1100 -0.0400 -0.0311 0.0089 3.20 5.48 7.46 176 350 349 416 220 
0.6223 0.0345 -0.3156 -0.7155 96.56 22.37 -27.31 6.89 6.14 10.22 2.8600 2.3700 2.5900 -1.9433 -4.4778 2.4378 6.61 1.92 6.98 170 336 232 227 201 
0.6314 -0.3538 -0.4594 -0.5150 66.19 80.12 39.63 12.90 0.63 -0.92 0.4200 2.3600 -1.4100 3.1489 -4.6644 5.1489 8.42 -4.81 -1.38 168 347 233 218 196 
0.6547 -0.5093 -0.5585 0.0080 346.19 40.38 97.69 3.38 -3.25 0.65 -2.6500 4.9400 1.8700 3.3933 -0.8389 1.6144 5.10 -8.35 0.58 174 373 238 226 199 
0.7057 -0.4014 -0.5141 0.2766 315.31 30.19 77.19 3.89 -4.65 7.40 1.0400 2.4000 3.9500 -0.6967 -0.4578 0.1300 4.97 -8.29 1.62 177 382 242 231 200 
0.6903 -0.4105 -0.5287 0.2745 317.50 29.87 85.62 6.14 -9.83 -3.39 1.1200 -1.1900 -3.8600 0.3889 -0.2911 0.3500 4.67 -8.60 0.59 178 384 243 231 200 
0.6926 -0.3961 -0.5228 0.3003 312.62 29.50 77.94 6.46 -5.91 5.89 1.2900 2.2600 3.7200 -0.6556 0.3389 -0.1344 4.94 -8.33 1.48 178 382 246 235 202 
0.6990 -0.4156 -0.5258 0.2495 326.94 34.06 85.94 6.62 -5.54 0.08 0.3900 2.6600 -0.0500 -3.1378 4.9467 -3.0211 6.96 -6.86 0.66 177 350 249 242 205 
0.7604 -0.4700 -0.4127 -0.1749 39.63 53.94 55.06 5.62 -3.70 3.01 -2.6200 0.8600 -0.8000 0.0311 5.5500 -4.4600 6.90 -2.15 6.62 175 327 290 317 215 
0.7320 -0.2306 -0.2599 -0.5860 82.87 36.25 -6.12 6.07 4.64 7.86 -0.2000 1.4200 -0.6500 3.2722 2.3656 -3.7989 3.03 4.13 8.36 167 357 353 409 213 
;
0.5970 0.0629 -0.3458 -0.7211 100.19 21.06 -36.00 1.06 3.55 4.70 -2.7600 -1.2300 -3.9600 0.1922 -0.9011 0.2256 3.76 5.30 7.33 173 360 358 417 216 
0.5998 0.0400 -0.3394 -0.7235 100.69 20.62 -34.88 4.05 5.77 6.91 0.6900 0.5000 -0.8000 -0.1578 -0.0911 0.0544 3.67 5.12 7.50 173 354 359 418 217 
0.5981 0.0274 -0.3390 -0.7256 101.12 21.50 -34.25 3.60 6.12 7.50 0.6200 1.9200 0.2800 -0.2167 -0.4000 0.4067 3.94 4.92 7.50 174 329 346 416 223 
0.6089 -0.0600 -0.3650 -0.7017 95.94 40.50 -29.37 10.95 5.65 8.07 2.1600 0.5900 0.9900 -1.2411 -5.1200 2.9511 9.04 1.41 3.50 177 303 233 247 211 
0.5472 -0.4595 -0.5756 -0.3975 55.75 71.31 144.12 11.09 0.00 -5.89 1.2200 3.6600 -1.5600 4.2811 -2.8144 3.8056 7.07 -5.88 -3.40 183 342 233 234 206 
0.6055 -0.5128 -0.6005 0.0992 332.75 35.56 101.69 3.48 -3.64 0.42 -2.4100 4.4900 1.3800 3.4200 0.4289 0.6867 5.21 -8.28 0.59 185 364 241 236 207 
0.7040 -0.3831 -0.5281 0.2805 315.50 32.06 77.94 6.43 -5.71 5.69 1.4200 2.1000 3.2400 -1.0600 -0.2689 0.1911 5.12 -8.29 1.03 184 377 245 233 207 
0.6653 -0.4219 -0.5529 0.2713 315.12 29.56 89.69 5.25 -9.50 -4.02 0.0400 -0.6900 -3.9000 1.0289 0.1778 0.2356 4.58 -8.65 0.45 185 376 246 233 206 
0.6827 -0.3956 -0.5284 0.3132 310.31 28.50 78.44 6.08 -5.61 6.96 1.7700 2.6700 4.1200 -0.9289 0.6467 -0.1744 4.74 -8.46 1.42 182 372 252 240 208 
0.6945 -0.4268 -0.5221 0.2509 326.69 32.50 86.37 4.33 -5.11 1.25 -0.7500 3.7000 0.5700 -3.0133 3.4256 -2.6678 6.60 -7.24 0.05 178 340 253 254 209 
0.7084 -0.4875 -0.5031 -0.0860 27.75 59.69 80.81 10.72 -1.58 0.38 2.2400 2.4400 -1.5500 -1.3622 5.9889 -5.1567 8.65 -1.69 4.29 177 326 302 333 218 
0.7175 -0.2388 -0.3126 -0.5749 83.56 39.13 -9.63 7.58 6.34 8.86 0.5500 3.2100 0.4900 1.6033 1.5367 -3.1100 4.43 3.70 7.92 178 357 351 397 212 
;
0.6049 0.0245 -0.3391 -0.7202 99.62 16.75 -35.06 1.61 5.72 8.29 -3.9000 -1.3800 -2.2700 -0.1111 -1.1833 0.5356 3.39 5.21 7.58 177 359 357 413 216 
0.6051 0.0383 -0.3335 -0.7219 99.75 19.12 -34.00 2.30 6.07 8.84 0.0800 1.1500 0.6300 -0.2033 -0.6022 0.2178 3.40 5.04 7.68 177 332 333 406 221 
0.6176 -0.0210 -0.3179 -0.7191 97.69 31.69 -24.31 8.79 4.80 6.37 3.2600 1.4300 -1.7200 0.3211 -7.7044 3.3822 8.84 1.37 4.00 166 336 237 253 210 
0.5807 -0.4448 -0.5429 -0.4126 53.50 73.37 124.31 9.97 0.29 -3.33 1.1700 4.5100 -0.4700 3.8178 -2.0700 4.1244 7.45 -5.91 -2.39 169 358 234 226 202 
0.6434 -0.5144 -0.5616 0.0776 337.62 36.25 96.50 2.81 -3.69 0.34 -2.4500 4.6300 1.4300 3.2178 -0.2344 0.8233 5.00 -8.34 1.22 173 373 241 238 204 
0.7292 -0.3762 -0.4969 0.2823 317.37 31.06 73.37 6.56 -5.93 6.58 0.6300 0.8500 1.4800 -1.8767 0.2567 0.1378 5.02 -8.26 1.61 173 383 244 239 205 
0.6973 -0.4372 -0.5101 0.2499 319.25 28.44 84.69 4.87 -9.37 -2.86 -0.1800 -0.4000 -3.2600 1.3589 -0.0522 0.1289 4.41 -8.63 1.43 175 382 247 241 205 
0.7186 -0.3883 -0.4864 0.3102 312.44 27.62 72.94 6.29 -5.44 6.81 1.8000 2.7000 3.7700 -0.9178 0.6711 -0.0867 4.54 -8.38 2.27 176 384 249 245 206 
0.7205 -0.4163 -0.4853 0.2687 322.87 29.37 80.31 5.85 -6.78 0.91 0.8200 1.3800 -0.3900 -2.1689 2.2100 -1.4822 5.51 -8.06 0.83 176 379 249 247 207 
0.7366 -0.5019 -0.4517 0.0385 3.87 41.81 81.19 7.10 -5.30 0.61 0.4200 1.8200 -0.9100 -1.6978 5.4011 -3.3167 7.32 -5.84 2.87 176 343 259 259 210 
0.7740 -0.4350 -0.2559 -0.3824 62.94 42.88 31.12 3.23 -2.97 3.85 -0.9800 2.1200 -1.8100 2.7178 4.9367 -4.5144 4.34 -0.48 8.77 176 328 316 361 215 
;
0.6845 -0.0554 -0.2105 -0.6957 94.81 18.62 -22.37 2.83 7.70 9.53 2.2600 6.4900 -1.7500 3.5322 -2.5556 -0.8167 3.04 5.41 7.58 180 354 348 410 216 
0.5950 0.0629 -0.3115 -0.7382 102.44 16.31 -33.69 2.23 4.75 4.25 1.1800 1.6800 -0.4900 0.3033 0.9489 -0.2644 2.68 5.41 7.72 179 354 357 413 218 
0.5894 0.0564 -0.3237 -0.7380 102.87 18.25 -34.63 3.24 5.74 6.85 -0.6600 0.4300 -0.4600 -0.0344 0.1411 -0.0900 3.03 5.26 7.69 179 347 357 413 218 
0.5862 0.0438 -0.3252 -0.7408 103.50 18.37 -33.94 3.53 6.25 8.10 -0.1600 2.1600 1.7400 -1.5444 -0.8533 0.8400 3.84 4.20 7.97 178 317 297 336 225 
0.6038 -0.1177 -0.3070 -0.7262 97.44 45.13 -14.13 13.48 1.65 -1.00 10.3200 1.7500 -5.1800 3.2000 -8.2100 4.6222 9.59 -1.90 -0.62 174 375 231 227 207 
0.5735 -0.5593 -0.5630 -0.2034 19.56 51.38 120.87 8.57 -1.58 -3.85 0.3700 4.4600 -0.4600 3.9067 -1.0122 2.4344 5.98 -7.48 -2.06 174 373 242 233 205 
0.6648 -0.5032 -0.5283 0.1603 327.94 30.50 88.81 2.40 -4.47 1.81 -2.1200 4.0000 1.1000 2.5989 -0.2711 0.4167 4.59 -8.46 1.83 180 380 245 241 207 
0.7394 -0.3846 -0.4711 0.2886 315.31 29.00 73.19 6.56 -6.83 4.62 0.4300 0.8400 1.1000 -1.3744 -0.1589 0.0422 4.75 -8.41 1.67 182 383 248 243 206 
0.6789 -0.4261 -0.5258 0.2847 313.37 27.44 86.62 4.86 -9.39 -3.72 0.6200 -0.2500 -3.7500 0.9489 0.4878 -0.1367 4.51 -8.63 1.08 182 380 251 244 207 
0.7075 -0.3870 -0.5034 0.3103 312.19 28.69 74.62 6.86 -5.63 6.72 2.1700 2.4900 3.3500 -0.7200 0.6356 -0.0533 4.73 -8.32 2.10 182 387 252 248 208 
0.7211 -0.4164 -0.4905 0.2571 325.81 30.69 81.00 5.12 -5.22 1.81 0.0900 3.1100 0.5800 -3.2767 4.2122 -2.2622 6.05 -7.64 1.01 181 381 263 264 210 
0.7647 -0.5093 -0.3645 -0.1518 38.25 47.81 59.81 7.06 -3.90 2.15 -0.4200 1.4500 -1.6800 0.7711 7.6822 -5.2278 5.95 -2.76 7.28 178 355 302 348 218 
0.7319 -0.1881 -0.1654 -0.6337 85.87 27.69 -2.87 4.93 4.26 8.29 1.0900 3.3000 -0.2000 3.2089 1.1678 -3.2522 3.51 3.09 8.61 178 359 352 410 212 
;
