0.7136 0.1243 -0.0404 0.6883 272.06 13.19 -7.12 2.15 1.10 9.46 -0.0200 -0.1300 0.0600 -0.0067 0.0067 -0.0022 2.24 1.19 9.47 174 333 358 383 208 
0.7136 0.1243 -0.0405 0.6883 272.06 13.19 -7.12 1.80 1.19 9.45 -0.1100 0.1100 0.0000 -0.0411 -0.2656 0.0522 2.39 1.16 9.43 165 332 351 388 207 
0.7102 0.1334 -0.0554 0.6890 271.50 17.37 -5.75 6.49 6.41 7.83 0.2000 5.9700 0.5000 -1.5511 -2.4300 2.4400 4.55 -0.64 8.66 166 294 197 235 198 
0.5729 0.2160 -0.2736 0.7418 251.19 45.19 15.13 7.42 -4.25 -1.01 5.3300 -1.6600 -3.9100 4.7244 -12.3778 3.9378 9.10 -3.61 -0.46 105 340 160 180 157 
0.0123 0.6497 -0.4215 0.6326 167.94 50.50 108.81 8.88 -5.98 1.51 0.3000 0.0600 2.0200 3.5411 -1.8300 2.0578 6.22 -7.49 -1.09 108 379 163 185 150 
-0.3140 0.6279 -0.3401 0.6257 121.69 32.88 87.87 3.93 -5.55 0.09 -0.4000 2.8400 -0.6300 1.9444 -0.3333 0.6956 4.84 -8.41 1.36 109 373 170 187 159 
-0.4469 0.5651 -0.2621 0.6420 109.62 29.75 71.75 7.93 -3.06 10.82 3.0000 4.2800 6.5600 -1.2200 0.6867 -0.1411 4.90 -8.19 2.22 112 375 170 189 159 
-0.4174 0.5952 -0.2816 0.6263 112.94 30.94 85.00 5.67 -10.60 -4.98 0.0000 -2.3600 -6.0400 0.1633 -0.5711 -0.0933 5.13 -8.34 0.40 115 378 166 193 160 
-0.4178 0.6081 -0.2632 0.6215 111.56 32.88 76.37 1.99 -2.11 12.02 -1.2600 6.0300 9.3100 0.0178 -1.1089 0.1456 5.48 -7.73 2.48 121 374 176 194 163 
-0.4213 0.5771 -0.2368 0.6583 118.31 34.69 76.75 4.79 -3.32 1.46 -0.5900 4.8300 0.2400 -2.5656 0.2167 -1.3967 6.26 -7.52 0.46 139 259 184 204 170 
-0.2076 0.6456 -0.3260 0.6587 156.31 49.81 97.62 10.80 -5.10 -3.10 3.5400 -0.2600 -2.5800 -3.7089 0.2811 -1.2800 8.29 -4.77 -2.14 147 206 185 207 172 
0.0641 0.6639 -0.4459 0.5969 195.56 58.06 123.87 9.44 -7.61 -4.97 1.5700 -3.9700 -1.5700 -0.3711 1.3544 0.4800 8.41 -4.42 -2.40 180 170 175 204 164 
0.1620 0.5189 -0.4615 0.7011 208.75 51.75 56.25 15.51 -4.79 -8.13 -0.8400 5.4000 -15.6300 3.3667 13.6022 5.5344 -1.83 -3.83 8.83 195 163 172 202 152 
0.0788 -0.2643 -0.0916 0.9568 184.06 -33.63 9.31 -20.11 8.02 10.92 -16.0400 6.7800 3.1600 -0.7089 -0.1022 -0.1889 -6.43 -0.33 7.38 195 169 175 202 154 
-0.0153 -0.3613 -0.0322 0.9318 179.44 -43.63 2.94 -6.31 1.10 10.98 0.5200 0.8000 2.3900 0.0367 -0.4511 -0.6022 -6.56 -0.49 7.26 200 176 173 205 158 
0.0244 -0.3530 -0.0152 0.9352 183.44 -40.50 3.37 -6.10 0.42 7.57 -0.0200 1.1600 0.1700 -0.2322 -0.8589 -0.7144 -5.92 -0.79 7.77 196 185 174 203 158 
;
