0.6232 0.3243 0.1364 0.6985 263.50 16.37 -38.25 2.73 5.79 7.42 -0.0200 -0.0100 0.0100 -0.0156 -0.0111 -0.0178 2.75 5.82 7.38 172 304 356 393 210 
0.6249 0.3234 0.1365 0.6973 263.75 16.19 -38.25 2.79 5.98 7.46 0.0800 0.1300 0.0800 -0.2189 -0.0722 -0.0644 2.78 5.71 7.46 171 293 332 380 211 
0.6327 0.3098 0.1113 0.7010 263.37 16.87 -33.25 2.66 5.57 15.01 -0.5000 0.6700 6.9300 -0.2533 -1.6878 2.5900 4.63 4.18 7.56 144 295 169 187 168 
0.4724 0.4139 -0.0288 0.7776 233.69 48.19 -25.19 12.72 4.09 3.90 4.8300 1.8500 -1.5300 3.9833 -0.4978 4.9367 8.37 1.27 4.93 120 372 172 192 167 
0.0530 0.5000 0.0031 0.8644 180.81 59.56 -4.44 4.69 0.76 -0.95 -3.6000 1.7100 -4.4600 3.5133 0.9478 1.9911 8.12 0.26 5.48 126 400 187 231 181 
-0.1859 0.4133 0.1197 0.8834 154.31 48.00 -6.37 3.75 3.49 2.95 -3.0300 3.0200 -3.0900 0.6567 1.3278 0.0100 6.55 1.02 7.21 123 408 191 237 183 
-0.2139 0.3117 0.1334 0.9161 156.81 37.06 -6.94 4.74 1.63 5.56 0.6500 0.8200 -2.4100 -1.2622 0.3667 -0.7122 5.48 0.48 8.11 141 412 191 239 185 
-0.1227 0.2836 0.0326 0.9505 166.62 33.00 3.00 5.14 -3.11 7.38 -0.3300 -2.4600 -0.7800 -0.6067 0.0633 -0.1578 5.32 -0.99 8.17 142 418 193 239 187 
-0.0863 0.2852 -0.0346 0.9539 169.94 32.19 8.44 4.88 -0.61 9.67 -0.3400 0.8900 0.8700 -0.6322 0.0578 0.1344 5.12 -1.61 8.20 146 412 202 235 189 
-0.0838 0.2838 -0.0806 0.9518 169.31 32.69 15.81 1.00 -1.38 6.92 -3.6700 0.3800 -0.3200 -1.3856 -1.6267 0.0244 6.16 -3.05 6.98 165 408 201 240 198 
-0.0751 0.3978 -0.1559 0.9010 172.62 46.75 29.31 13.06 -7.36 6.55 5.9000 -4.2500 -1.4000 0.7100 -0.4600 -0.8911 7.74 -2.50 5.46 184 348 303 346 213 
-0.0433 0.4579 -0.1047 0.8817 171.19 53.25 20.94 8.27 -4.03 2.47 0.2300 -1.4000 -2.8700 2.3967 -0.0878 0.7122 7.76 -1.59 5.77 195 391 360 398 208 
-0.1603 0.4228 0.0158 0.8918 156.94 48.00 7.87 6.52 5.17 5.31 -1.1800 5.9400 -1.1300 1.0722 0.7300 0.8900 6.83 -0.71 6.99 196 402 367 394 209 
-0.2388 0.3641 0.0560 0.8985 151.50 42.25 6.50 5.37 3.76 8.46 -0.7200 4.2900 0.9800 -2.9400 -0.1533 -0.6444 6.67 -2.06 6.88 190 323 343 399 216 
-0.1205 0.3989 -0.1287 0.8999 168.00 42.25 32.88 9.18 -2.24 -0.09 0.5700 1.3100 -6.5600 -3.0800 1.4944 1.2811 5.42 -6.00 5.53 177 295 315 403 215 
-0.0610 0.2971 -0.3768 0.8752 172.37 26.69 53.38 -0.27 -11.86 6.01 -4.6800 -3.0200 0.7400 -0.4467 -0.0700 -0.7167 4.61 -7.06 5.00 180 310 328 408 215 
-0.0016 0.2969 -0.4042 0.8651 181.12 32.44 54.69 1.37 -3.26 1.99 -3.9000 3.0700 -3.0900 0.3711 -0.2044 -2.3967 6.59 -5.55 4.67 177 296 320 394 211 
;
