0.7631 0.0217 -0.0156 -0.6458 80.44 -0.25 -3.00 -0.07 0.56 9.92 -0.0700 -0.0200 -0.0900 0.0044 0.0067 0.0011 -0.04 0.51 9.79 173 355 350 384 215 
0.7631 0.0217 -0.0153 -0.6458 80.44 -0.25 -3.00 -0.17 0.49 10.00 -0.1700 -0.0400 -0.0500 0.0000 -0.0100 -0.0011 -0.05 0.51 9.79 174 353 350 381 215 
0.7631 0.0219 -0.0148 -0.6458 80.44 -0.31 -3.00 -0.10 0.51 9.83 -0.0600 -0.0400 0.0900 0.0033 0.0122 0.0000 -0.06 0.51 9.79 175 353 351 382 216 
0.7631 0.0220 -0.0145 -0.6458 80.44 -0.31 -3.00 -0.07 0.49 9.80 -0.1800 -0.0500 0.1300 -0.0511 -0.0711 0.0067 -0.04 0.48 9.79 175 347 349 383 217 
0.7638 0.0161 -0.0206 -0.6450 80.00 3.19 -3.37 2.96 2.20 16.41 2.2000 1.4900 6.6400 -0.1756 -3.2256 2.3222 2.63 0.05 9.44 172 307 213 199 205 
0.8297 -0.1396 -0.1447 -0.5208 57.88 29.69 9.19 10.99 -2.51 7.24 5.0600 -0.5200 -2.1600 1.9600 -2.9922 4.6567 6.49 -2.72 6.82 118 313 153 178 174 
0.9075 -0.1881 -0.3547 -0.1234 4.75 44.75 16.62 5.10 2.30 4.02 -2.0000 3.9600 -2.4200 4.6444 -0.3456 1.9356 7.06 -0.67 6.77 120 369 157 185 178 
0.9083 0.0709 -0.3711 0.1797 334.37 43.19 -1.87 4.44 4.44 5.82 -1.9700 3.7000 -1.2600 1.3400 0.6433 0.7467 6.38 0.70 7.41 126 385 171 190 181 
0.9017 0.1387 -0.3109 0.2665 326.81 38.63 -6.25 5.53 2.08 6.99 -0.8000 1.7300 0.9200 -0.6733 0.4211 -0.4111 5.88 0.71 7.81 130 387 177 195 183 
0.9177 0.1100 -0.2946 0.2429 331.50 36.13 -3.19 6.23 1.86 7.00 0.3800 1.6900 -1.0100 -1.2378 0.4300 -0.4600 5.55 -0.07 8.08 134 395 182 198 188 
0.9377 0.0271 -0.2903 0.1886 338.12 32.75 6.00 5.15 -1.54 7.21 0.3500 -1.0100 -0.5300 -0.7811 0.3378 -0.0800 5.08 -1.41 8.26 136 396 183 198 189 
0.9459 -0.0403 -0.2733 0.1704 339.19 29.81 12.06 4.42 -2.11 10.04 -0.2200 0.1700 1.5900 -0.4278 0.4211 -0.1500 4.66 -2.02 8.38 138 396 186 198 189 
0.9487 -0.0680 -0.2604 0.1661 340.25 28.12 14.44 4.88 -1.33 7.70 0.1400 0.9600 -0.6700 -0.3811 0.2344 -0.2033 4.59 -2.31 8.34 140 390 189 200 190 
0.9456 -0.0891 -0.2698 0.1583 341.56 30.00 18.12 2.33 -0.92 6.40 -2.8800 1.9100 -1.5600 -1.5422 -0.5633 -1.3100 5.47 -3.02 7.55 147 311 201 210 196 
0.9319 -0.1622 -0.3224 0.0367 1.06 37.19 23.44 8.07 -2.76 4.82 1.5900 -0.2400 -2.1900 -0.6156 1.2022 -1.8333 5.71 -2.70 7.49 156 261 189 210 194 
0.9111 -0.1702 -0.3653 -0.0862 9.56 47.56 21.19 10.93 -4.84 8.75 3.0700 -2.7000 2.7600 0.2744 -2.0722 0.6478 7.99 -2.61 5.04 181 184 188 202 185 
0.8505 -0.1729 -0.4963 -0.0214 0.13 62.19 33.63 7.08 -1.56 1.90 -1.0400 2.4700 -0.6500 2.4433 -4.4467 0.2567 9.48 -2.10 1.34 190 164 191 190 182 
0.7205 -0.0518 -0.6855 0.0910 345.87 78.56 73.00 11.23 1.73 0.39 1.1200 2.5300 0.2400 -0.1100 -0.7989 0.1256 9.62 -1.86 0.26 192 171 187 193 182 
0.7155 -0.0504 -0.6922 0.0801 347.94 79.31 75.25 11.05 -0.11 0.68 0.8300 2.0900 0.8300 -0.5878 1.0544 -0.1122 9.58 -1.65 1.22 191 186 194 199 187 
0.7872 -0.1030 -0.6080 0.0063 4.87 68.19 27.56 8.77 1.62 4.89 -0.1200 3.2000 0.6300 -4.2500 6.8100 -2.2644 6.96 -1.90 6.63 185 237 252 242 208 
0.8993 -0.2032 -0.2183 -0.3199 49.69 20.87 16.00 4.24 -3.91 6.84 0.6300 -0.8900 -1.6500 -0.5500 4.4567 -3.5089 1.18 -2.42 9.42 185 322 319 349 208 
0.7922 -0.0824 0.0237 -0.6041 76.94 1.94 5.06 1.36 1.38 11.07 1.0800 1.3400 -0.1000 0.6456 0.8744 -1.4522 -0.16 0.20 9.80 185 357 334 386 211 
0.7491 0.0057 -0.0062 -0.6624 83.25 -1.25 -1.31 -5.09 -1.19 10.40 -1.9800 -0.1300 0.0600 -0.1456 -0.4700 -0.0044 -0.25 0.21 9.80 179 366 352 391 211 
0.7447 0.0137 0.0018 -0.6672 83.69 -1.06 -0.94 -0.20 0.11 9.80 -0.1700 -0.0200 0.0200 -0.0189 -0.0122 -0.0011 -0.16 0.14 9.80 179 363 353 389 214 
;
