0.6974 -0.0919 0.0417 -0.7095 90.87 4.12 10.75 0.66 -1.78 9.58 -0.0400 0.0300 0.0000 -0.0333 -0.0433 0.0178 0.72 -1.84 9.60 165 332 343 377 213 
0.6985 -0.0945 0.0416 -0.7081 90.75 4.37 11.13 0.67 -1.93 9.58 -0.0400 -0.0400 0.0800 -0.0589 -0.0311 0.0100 0.77 -1.92 9.58 166 331 343 375 214 
0.6983 -0.0989 0.0425 -0.7076 90.75 4.62 11.56 0.71 -1.98 9.62 -0.1000 -0.0100 0.0100 -0.0511 -0.0478 0.0089 0.83 -2.00 9.56 163 325 342 375 212 
0.6984 -0.1039 0.0437 -0.7068 90.62 4.94 12.06 0.86 -2.09 9.56 -0.0700 -0.0400 0.0400 -0.0300 0.0089 0.0478 0.84 -2.07 9.54 166 327 342 371 213 
0.7008 -0.1060 0.0449 -0.7040 90.12 5.00 12.19 0.69 -1.79 10.10 -0.4100 0.4200 1.3000 -0.3556 -1.0144 0.3833 1.36 -2.23 9.45 167 279 205 237 216 
0.7393 -0.1613 -0.0044 -0.6538 77.44 16.37 13.75 6.58 -8.92 10.02 4.9000 -4.7100 1.6800 5.3522 -8.9167 4.7944 6.96 -1.38 6.76 114 316 141 175 182 
0.8714 -0.1861 -0.4221 -0.1669 8.63 56.00 19.87 9.04 0.98 1.66 0.5100 3.0700 -1.7600 5.4567 -1.5644 2.8133 8.48 -1.53 4.67 106 353 158 177 184 
0.8445 0.0456 -0.4949 0.1992 330.00 56.44 9.69 3.16 1.59 2.52 -4.1200 2.4900 -3.0900 1.8289 1.1289 0.3611 7.64 -0.33 6.13 108 364 148 189 187 
0.8602 0.1401 -0.3923 0.2941 321.44 48.25 -3.06 5.81 4.16 7.09 -2.8600 5.1900 4.1000 -1.0078 0.6911 -0.1789 7.13 0.43 6.71 113 377 166 199 188 
0.8735 0.1428 -0.3694 0.2829 325.56 45.56 -3.00 8.70 2.01 6.17 1.6700 1.6200 -0.9900 -1.4978 1.0056 -0.5556 6.65 0.04 7.20 129 384 175 204 195 
0.9145 0.0566 -0.3380 0.2151 337.00 36.31 5.37 4.50 -2.87 5.20 -2.5000 -2.6900 -1.5200 -0.8378 0.9322 -0.3211 4.67 -1.36 8.51 138 386 182 207 199 
0.9559 -0.0440 -0.2504 0.1473 342.44 27.12 11.00 3.50 -2.01 10.01 -0.4200 0.5700 0.9400 -0.2622 -0.0111 -0.0522 4.48 -1.84 8.52 136 389 181 208 198 
0.9514 -0.0670 -0.2576 0.1547 340.62 28.81 15.38 0.52 -0.23 5.64 -4.6700 1.6400 -3.1900 -2.4456 -0.2367 -0.7156 4.96 -3.61 7.64 140 332 188 208 197 
0.9356 -0.2394 -0.2584 0.0225 7.56 25.69 35.50 6.41 -3.35 4.50 3.9100 2.3500 -3.1000 -6.5067 10.5178 -5.3378 1.93 -7.02 6.56 184 347 184 204 187 
0.7813 -0.4247 0.0629 -0.4529 64.06 18.31 46.44 2.38 -12.29 11.89 0.3800 -5.1900 3.7100 0.7400 0.5622 -0.3544 2.76 -6.13 7.12 190 385 174 211 194 
0.7711 -0.3377 0.0730 -0.5349 69.75 12.94 38.13 1.79 -3.06 5.62 -0.2000 2.9900 -2.1600 -0.2344 0.6011 0.1211 1.72 -6.01 7.55 196 392 174 213 192 
0.7705 -0.3126 0.1144 -0.5436 69.69 8.94 37.00 5.73 -3.73 6.24 4.3600 1.0200 -0.0800 1.3756 -0.0400 1.2222 1.12 -5.17 8.25 194 394 187 209 189 
0.8455 -0.2385 0.0887 -0.4696 53.63 2.69 29.06 -1.38 -8.24 15.95 -3.5000 -3.8700 7.5500 -1.5889 -0.0878 2.1800 -0.30 -5.45 8.14 196 392 189 212 189 
0.8898 -0.3101 0.1453 -0.3018 36.63 -5.06 44.13 -6.57 -5.13 8.87 -5.3000 3.2200 1.9100 -2.6822 0.4644 -0.8333 -0.73 -8.22 5.28 195 391 189 213 190 
0.7870 -0.4787 0.2157 -0.3239 48.63 0.88 66.31 -2.82 -1.83 1.61 -2.3700 7.6000 -2.4500 -0.8667 0.8422 -2.3111 1.49 -9.09 3.36 196 387 188 213 189 
0.6840 -0.5272 0.2017 -0.4622 71.69 13.69 66.00 5.37 -3.13 2.59 3.1200 4.6800 -1.5700 2.0411 1.0144 -1.1856 2.75 -7.81 5.23 196 393 186 214 191 
0.6910 -0.4057 0.1320 -0.5834 80.31 17.19 43.44 11.83 -7.18 8.71 7.9700 -1.3500 2.9500 2.5800 -0.5100 1.0744 2.87 -5.02 7.91 195 395 189 214 190 
0.7905 -0.2929 0.0159 -0.5376 64.31 16.87 31.12 -1.34 -7.35 10.77 -4.9800 -2.0300 2.5200 -0.3567 -1.0433 1.1944 2.98 -5.36 7.64 194 387 189 215 189 
0.8342 -0.3426 -0.0093 -0.4320 54.06 18.56 36.69 -1.38 -4.83 7.11 -4.8900 0.6400 -0.2500 0.6689 -0.2333 -0.8956 3.53 -5.08 7.60 170 225 199 225 203 
0.8117 -0.3159 -0.0347 -0.4901 66.19 20.75 27.81 3.27 -3.66 6.55 -0.3300 -0.3000 -2.3400 1.8556 2.8389 -2.2167 2.45 -2.70 9.09 169 300 325 357 210 
0.7476 -0.1262 -0.0105 -0.6520 84.69 8.00 6.87 4.35 2.72 10.69 15.9800 9.3600 18.8400 0.2422 0.2067 0.3789 1.19 -0.71 9.70 178 358 351 380 212 
;
