0.7882 -0.0455 0.0629 -0.6105 75.50 -2.44 8.50 -0.49 -1.52 9.64 -0.0900 -0.0500 -0.0500 -0.0033 0.0100 0.0011 -0.42 -1.45 9.68 165 337 344 372 215 
0.7882 -0.0455 0.0629 -0.6105 75.50 -2.44 8.50 -0.51 -1.50 9.60 -0.0900 -0.0600 -0.0300 -0.0056 -0.0022 -0.0022 -0.42 -1.45 9.68 163 337 344 375 214 
0.7882 -0.0455 0.0629 -0.6105 75.50 -2.44 8.50 -0.48 -1.51 9.68 -0.0900 -0.0300 0.0000 0.0144 -0.0278 -0.0333 -0.40 -1.44 9.69 163 335 345 373 214 
0.7869 -0.0461 0.0608 -0.6123 75.75 -2.00 8.38 -0.96 -1.65 10.12 -0.5200 -0.2500 0.9000 0.3133 -1.3900 0.3989 0.57 -1.15 9.72 165 313 330 346 216 
0.8276 -0.1039 -0.0768 -0.5463 62.38 22.00 5.25 7.35 -5.56 11.67 3.4000 -4.6300 2.2000 4.2578 -6.6633 4.3278 7.28 -0.53 6.54 135 326 176 160 179 
0.8538 -0.1274 -0.4849 -0.1406 5.69 63.00 14.31 10.21 2.12 1.34 1.0600 2.4600 -3.4100 5.9233 -0.8000 2.6622 8.81 -1.31 4.08 115 370 167 179 178 
0.8196 0.0994 -0.5003 0.2609 320.56 57.69 6.81 4.26 1.16 1.88 -4.5200 1.4200 -4.1700 2.3811 1.2100 0.6722 7.68 0.08 6.09 107 378 179 180 177 
0.8248 0.2003 -0.3660 0.3815 309.44 47.44 -6.00 5.39 3.89 5.65 -0.9700 3.3300 -0.7700 0.2689 0.4067 0.1678 7.01 0.79 6.80 104 381 178 182 178 
0.8317 0.2031 -0.3287 0.3988 309.62 44.69 -5.75 7.50 1.67 5.84 0.6300 1.2000 -0.9900 -0.7511 0.2611 -0.4833 6.69 0.56 7.14 107 388 189 192 181 
0.8662 0.1526 -0.3215 0.3508 317.81 41.00 -1.81 6.82 0.67 5.52 0.2500 0.4400 -1.7100 -1.8656 1.1811 -1.3278 5.85 -0.20 7.86 109 388 195 193 187 
0.9210 0.0497 -0.2889 0.2565 329.44 33.00 4.50 4.12 -2.62 11.08 -1.0300 -1.3900 3.4500 -0.6933 0.2544 -0.2511 5.21 -0.90 8.25 114 398 199 196 188 
0.9290 0.0137 -0.2870 0.2335 331.44 33.06 8.00 6.16 -0.08 7.34 0.7000 1.0200 -0.8400 -0.3556 -0.2333 0.1789 5.50 -1.38 7.99 116 399 205 198 188 
0.9174 -0.0051 -0.3148 0.2433 330.31 35.88 12.69 3.49 0.01 7.01 -2.6300 1.8300 -0.6100 -1.5056 -0.4789 -0.3911 6.04 -2.37 7.34 119 366 205 197 187 
0.9050 -0.0789 -0.3754 0.1841 339.87 43.13 24.00 4.18 -1.52 4.12 -2.1200 1.8200 -2.1300 -2.0878 -0.1278 -2.5989 7.42 -2.62 5.84 135 280 216 209 196 
0.8960 -0.1514 -0.4109 -0.0734 18.69 46.63 14.94 9.37 -1.05 7.71 3.4700 0.4600 1.3000 -0.6489 0.4478 -2.8867 6.80 -0.76 7.01 144 273 233 222 200 
0.8596 -0.1497 -0.3901 -0.2939 38.06 51.00 1.50 11.71 -0.53 8.27 2.9700 -0.6100 1.7900 0.1800 -0.2311 0.3933 7.75 -0.23 6.00 142 282 228 219 200 
0.8525 -0.1545 -0.4318 -0.2508 28.37 56.44 7.12 15.38 -1.99 5.97 6.7800 -1.0200 0.4200 2.4300 -1.2222 3.0356 8.47 -1.64 4.66 111 310 201 192 188 
0.8551 -0.1078 -0.5056 0.0392 345.19 57.69 26.25 6.32 -0.12 1.02 -3.5300 2.9500 -4.4100 5.9578 -0.7800 1.9611 8.13 -1.62 5.22 104 369 185 186 177 
0.8223 0.1220 -0.4341 0.3473 311.87 51.06 5.56 4.05 4.13 5.03 -3.4300 4.5000 -1.1000 0.5111 0.6467 -0.0411 7.25 -0.08 6.60 104 379 199 193 181 
0.8364 0.1535 -0.3661 0.3780 311.81 46.94 3.00 7.81 0.26 6.06 1.0600 0.5900 0.0500 -0.7989 0.2589 -0.5533 7.04 -0.52 6.80 113 387 202 198 184 
0.8663 0.0981 -0.3661 0.3254 321.12 42.69 6.19 7.99 0.52 5.39 0.4800 0.5000 -2.3700 -1.6256 1.5656 -0.8756 5.87 -1.22 7.75 118 391 205 200 185 
0.9171 0.0116 -0.3071 0.2539 328.87 34.06 9.56 3.93 -2.67 9.84 -1.4700 -0.6400 1.7300 -0.4711 0.3633 -0.3356 5.30 -1.51 8.10 117 395 206 198 185 
;
0.9205 -0.0106 -0.3054 0.2434 331.56 34.56 12.81 1.38 1.11 5.79 -4.1100 3.0900 -2.0200 -2.1656 -0.0178 -1.5644 5.84 -2.34 7.51 126 344 213 211 194 
0.9318 -0.1192 -0.3342 0.0770 358.75 37.75 20.69 3.36 -1.58 4.11 -0.6100 1.1500 -2.8400 -3.3011 1.4189 -5.2589 6.19 -2.29 7.24 149 299 259 259 206 
0.8768 -0.1960 -0.2639 -0.3510 52.50 32.75 8.06 8.84 0.20 12.23 3.8900 0.6700 4.4600 -0.5656 4.3200 -2.9611 3.01 -0.47 9.31 171 313 307 356 207 
0.8057 -0.0455 -0.0529 -0.5882 72.87 3.31 -1.69 0.01 2.09 9.55 0.9500 3.2500 -0.6800 -0.0033 0.3244 -0.2656 0.07 0.43 9.79 177 348 327 382 212 
0.7935 0.0135 -0.0062 -0.6085 75.00 -0.44 -1.31 -0.09 0.31 9.74 0.1400 0.1500 -0.1400 -0.1656 -0.0644 0.0111 0.00 0.14 9.80 171 347 337 384 213 
0.7928 0.0024 -0.0027 -0.6095 75.06 0.13 -0.19 -0.04 -0.05 9.78 -0.0500 -0.0900 0.0000 -0.0700 -0.0244 -0.0189 0.04 -0.01 9.80 166 346 340 382 212 
0.7922 -0.0027 -0.0005 -0.6102 75.19 0.19 0.25 -0.02 -0.13 9.79 -0.0100 -0.0700 -0.0100 -0.0089 0.0067 -0.0056 0.03 -0.05 9.80 167 344 342 382 213 
0.7861 -0.0035 0.0002 -0.6180 76.81 0.19 0.31 0.02 -0.20 9.87 -0.2500 -0.4800 0.3800 0.0222 -0.0044 0.0233 0.04 -0.06 9.80 163 308 329 366 216 
0.7902 -0.0402 -0.0560 -0.6089 70.75 17.00 0.56 9.65 -4.66 13.25 8.7700 -2.5200 0.3900 2.3689 -8.2167 6.4356 7.06 -1.55 6.62 109 302 182 186 175 
0.8677 -0.2004 -0.4301 -0.1487 0.25 55.94 19.50 4.72 3.07 0.80 -3.6600 5.5900 -3.1500 4.7067 -0.2400 2.6167 7.87 -1.42 5.67 103 368 187 190 176 
0.8701 0.0679 -0.4210 0.2471 326.06 49.06 6.37 4.16 4.59 4.93 -3.0400 5.1100 -0.9500 1.0900 0.5889 0.0967 7.05 -0.23 6.80 108 377 192 193 177 
0.8811 0.0983 -0.3624 0.2875 324.81 43.63 4.12 7.42 0.98 4.62 0.6700 1.4200 -2.5400 -1.5011 0.7178 -0.5033 6.46 -1.10 7.29 112 388 200 198 182 
0.9128 0.0081 -0.3427 0.2218 334.00 38.13 10.75 5.45 -3.86 9.65 -0.4700 -2.2400 1.9000 -0.3711 0.0556 -0.2178 6.01 -1.57 7.58 115 392 201 202 183 
0.9224 -0.0184 -0.3340 0.1930 336.31 37.50 11.81 6.24 -0.46 7.67 0.1000 1.1700 -0.2400 -0.2367 0.0067 0.1256 5.96 -1.74 7.58 115 393 203 204 183 
0.9178 -0.0295 -0.3409 0.2014 335.25 38.13 14.63 2.60 -0.11 6.94 -4.7500 1.6000 -0.8400 -1.1878 -0.6222 -0.7400 6.40 -2.23 7.08 118 340 207 206 187 
0.9199 -0.0803 -0.3705 0.1007 352.75 42.56 16.37 5.44 -1.80 5.55 -0.9000 0.1300 -1.5900 -1.1678 -0.5678 -2.6489 7.14 -1.30 6.58 129 298 219 221 196 
0.9034 -0.0832 -0.4078 -0.1030 15.94 49.31 2.31 11.36 1.10 7.57 4.6100 1.4900 2.1500 0.2300 -0.2300 -0.7900 7.56 0.40 6.22 132 306 226 223 198 
0.8856 -0.0495 -0.4340 -0.1580 19.56 52.19 -4.44 9.19 0.38 6.79 1.3400 -0.1600 0.7900 0.3100 -0.0489 0.3244 7.78 0.42 5.95 133 313 226 221 197 
0.8859 -0.0373 -0.4498 -0.1071 9.81 54.56 -1.44 13.44 -0.98 6.78 5.3600 -0.8500 0.9200 1.8778 -0.6944 2.5733 8.25 -0.59 5.25 109 342 206 201 189 
0.8640 0.0092 -0.4874 0.1265 336.19 57.25 13.38 7.21 0.37 2.48 -2.2100 1.7800 -2.9900 3.5622 0.1089 1.8656 8.02 -1.12 5.51 104 373 201 196 185 
0.8205 0.1332 -0.4243 0.3593 310.75 50.50 5.94 2.52 4.87 7.04 -3.6600 5.6100 1.2800 -0.1533 1.0833 -0.4944 7.16 -0.33 6.68 109 382 211 201 188 
0.8463 0.1345 -0.3692 0.3599 315.06 45.38 2.87 7.87 1.36 6.45 1.0900 1.4800 -0.9300 -1.5644 1.0444 -0.8489 6.36 -0.65 7.43 115 390 215 208 191 
0.9080 0.0438 -0.3138 0.2740 328.87 33.50 7.56 4.22 -3.14 7.97 -0.5400 -1.4400 1.8900 -0.2078 0.6222 -0.2544 4.95 -1.26 8.36 120 398 215 208 191 
;
