0.7244 -0.3274 -0.2625 -0.5469 74.06 46.88 16.00 7.13 -1.84 6.47 0.0400 -0.0400 -0.0200 -0.0300 0.5733 0.0378 6.89 -1.88 6.71 152 274 214 249 199 
0.7341 -0.3047 -0.2271 -0.5627 75.31 40.94 14.63 6.53 -1.75 7.25 0.2000 0.0300 -0.0600 -0.0789 1.4733 -0.1200 5.54 -1.85 7.87 149 268 218 240 192 
0.7474 -0.2478 -0.1514 -0.5975 77.81 28.69 12.44 3.93 -1.88 8.59 -0.4700 -0.4000 0.1400 0.0467 1.1256 0.0311 3.98 -1.83 8.77 148 269 194 236 179 
0.7670 -0.1875 -0.1086 -0.6040 73.75 25.19 7.37 6.43 -1.91 11.69 4.3100 -0.5200 3.3400 2.4322 -2.4989 1.8444 5.93 -0.17 7.80 131 307 186 186 178 
0.8228 -0.1804 -0.3714 -0.3906 43.13 53.31 2.25 12.34 -0.05 3.71 3.6300 0.6100 -2.4100 4.3622 -1.7700 3.4656 8.54 -0.73 4.74 128 351 194 194 178 
0.8535 -0.0668 -0.5167 -0.0121 353.12 61.25 13.75 5.54 1.16 2.45 -3.1100 2.6200 -2.0500 3.5956 0.5167 1.4789 8.29 -0.89 5.14 119 373 197 204 182 
0.8551 0.0836 -0.4577 0.2287 327.31 54.13 5.00 5.36 3.52 4.33 -1.9400 3.9000 -1.2300 1.0989 0.7344 0.1256 7.63 -0.09 6.15 122 383 208 204 183 
0.8642 0.1234 -0.3995 0.2801 324.37 49.00 1.56 7.30 1.75 5.70 0.6500 1.9700 -0.8900 -1.2244 0.3522 -0.1300 7.26 -0.65 6.54 150 388 219 215 189 
0.8864 0.0429 -0.3898 0.2462 330.00 43.75 11.06 6.87 -2.60 6.78 -0.3200 -1.7100 0.2700 -0.9111 1.0711 -0.1178 6.19 -1.82 7.38 153 399 227 218 192 
0.9135 -0.0268 -0.3408 0.2206 332.37 37.31 14.81 4.93 -0.83 8.69 -0.9600 1.5100 1.1600 -0.6644 0.0500 0.0533 5.96 -2.39 7.41 152 391 230 219 192 
0.8959 -0.0862 -0.3739 0.2239 332.37 39.69 30.31 -0.97 -3.13 1.91 -7.5100 0.3900 -4.4600 -3.9733 -1.5744 -0.2133 6.80 -5.35 4.61 155 335 224 217 188 
0.7748 -0.2510 -0.5533 0.1749 331.19 51.00 72.69 15.51 -11.01 -0.25 6.5400 -4.3300 -0.6200 1.5278 -2.8300 1.7967 6.99 -6.78 1.07 163 363 228 221 188 
0.6589 -0.2220 -0.6251 0.3547 297.69 40.19 80.94 7.88 -3.78 2.66 1.9200 3.9900 1.9500 2.2311 -0.5700 0.1000 6.26 -7.32 1.78 163 375 229 219 189 
0.6146 -0.1542 -0.6355 0.4412 289.56 40.38 80.62 7.36 -8.05 -0.81 1.2400 -1.2700 -2.9300 -1.1700 -0.2678 0.0333 6.45 -7.37 0.21 163 372 231 221 190 
0.6040 -0.1867 -0.6656 0.3965 292.31 41.13 83.25 7.88 -4.05 4.31 -0.8100 4.9600 7.0900 0.0222 1.5267 -0.7711 6.59 -6.98 1.97 165 355 234 223 192 
0.7004 -0.1997 -0.5919 0.3453 319.31 45.25 69.75 8.31 -2.43 2.39 1.3800 2.8600 -2.0700 -4.5611 9.4622 -5.4311 6.78 -5.03 4.97 165 288 254 242 201 
0.8914 -0.2905 -0.1761 -0.3000 51.50 20.37 22.56 1.27 -1.05 8.69 2.5700 3.0900 0.5400 0.7189 1.9156 -4.4456 2.44 -2.21 9.23 168 301 299 370 209 
;
0.7429 -0.0913 -0.0240 -0.6628 84.87 9.69 3.94 -1.13 -3.86 8.14 0.1300 -2.9000 -5.7200 1.4756 0.6811 0.6900 1.82 -1.17 9.56 163 307 333 376 211 
0.7437 -0.1050 -0.0327 -0.6595 82.94 11.50 6.00 3.08 -0.63 8.92 0.1900 0.0000 -0.0500 -0.1222 0.1167 0.0211 2.00 -1.08 9.53 164 308 334 381 213 
0.7441 -0.1128 -0.0417 -0.6572 82.87 12.06 6.37 0.43 -1.90 11.29 -1.6000 -0.5100 3.8600 1.8611 -0.5956 0.4067 2.17 -0.16 9.56 160 284 291 277 213 
0.7669 -0.1005 -0.0948 -0.6267 74.50 20.94 3.87 11.43 -3.58 10.16 8.8000 -2.3500 -1.2200 2.7389 -7.6733 6.5278 7.39 -2.12 6.08 122 323 178 192 180 
0.8657 -0.2307 -0.4307 -0.1093 0.31 53.13 32.13 5.87 -0.34 1.18 -3.2200 3.1300 -3.2400 5.1544 -1.5056 2.0433 7.87 -2.57 5.24 111 362 191 197 183 
0.8561 0.0047 -0.4568 0.2416 326.31 50.94 18.00 5.16 3.36 5.00 -2.9200 4.7600 -0.7300 1.1311 0.8500 0.4211 7.14 -1.45 6.55 108 380 197 200 185 
0.8691 0.0505 -0.3923 0.2969 322.87 45.13 11.75 9.56 1.56 5.84 2.3800 2.8500 -0.8700 -0.8056 1.2800 -0.6178 6.44 -1.51 7.23 118 388 212 210 189 
0.9084 -0.0259 -0.3431 0.2373 332.56 35.44 16.94 3.71 -4.81 7.03 -1.9600 -2.7000 0.1300 -0.1678 0.7400 -0.2378 5.15 -2.46 7.96 121 404 217 212 190 
0.9317 -0.0738 -0.2922 0.2028 335.87 30.56 17.75 2.74 -0.44 7.78 -2.7000 2.3900 -0.6200 -1.2933 -0.9333 0.4011 5.28 -3.30 7.56 130 386 220 213 191 
0.8998 -0.1504 -0.3560 0.2023 335.75 37.00 34.50 1.81 -4.41 2.18 -1.2500 0.6200 -3.9100 -1.8100 -1.1567 -0.6033 6.64 -5.02 5.17 147 334 230 221 191 
0.8292 -0.2258 -0.4872 0.1552 334.62 50.63 59.81 16.96 -9.42 1.71 9.1000 -3.3600 0.2300 0.1411 -2.7111 1.8689 7.23 -6.54 0.98 155 351 232 222 192 
0.6443 -0.2361 -0.6493 0.3281 302.00 41.56 86.25 7.02 -5.03 2.37 1.3500 3.2300 2.3200 1.9733 -1.0378 0.0300 6.38 -7.35 1.14 157 367 230 223 193 
0.6233 -0.1321 -0.6318 0.4414 289.75 42.63 77.12 6.49 -5.66 3.33 0.3900 0.7600 0.1900 -1.6789 -0.2156 -0.1844 6.79 -7.03 0.70 155 364 231 221 193 
0.6053 -0.1533 -0.6676 0.4055 291.19 43.06 82.37 6.43 -4.55 3.10 -0.9800 3.5600 2.1000 0.1556 1.1489 -0.6967 6.81 -6.75 2.01 155 351 234 224 194 
0.6961 -0.1689 -0.5978 0.3599 316.87 46.63 67.50 8.21 -1.68 2.80 0.6600 3.5400 -0.7500 -4.5478 9.3944 -6.2400 6.82 -4.52 5.39 154 291 240 231 200 
0.8963 -0.2637 -0.2199 -0.2806 47.81 26.25 18.87 4.04 -2.65 9.16 0.3900 0.2900 0.3500 0.5467 1.8833 -3.9022 3.04 -1.51 9.19 166 304 275 345 206 
;
