0.7280 -0.0936 -0.0488 -0.6774 85.81 11.38 4.06 1.79 -0.73 9.58 -0.0800 -0.0400 0.0500 -0.0033 -0.0033 0.0044 1.94 -0.68 9.58 172 332 340 371 214 
0.7280 -0.0936 -0.0488 -0.6774 85.81 11.38 4.06 1.80 -0.72 9.60 -0.1400 -0.0400 -0.0300 0.0044 0.0022 0.0022 1.94 -0.68 9.58 172 333 336 372 213 
0.7280 -0.0936 -0.0488 -0.6774 85.81 11.44 4.12 1.03 -0.57 10.14 -1.6300 0.0900 0.4000 -0.2411 -0.8033 0.0722 2.40 -0.98 9.45 163 308 270 274 214 
0.7092 -0.2211 -0.1155 -0.6595 84.25 42.63 14.63 11.55 -3.69 -0.68 12.7200 -3.3900 -6.8700 2.4956 -15.6333 4.3867 8.70 -3.96 -2.15 122 238 141 171 166 
0.5480 -0.6210 -0.5543 -0.0818 354.62 36.38 118.69 5.81 -6.04 -4.54 0.0300 2.0600 -0.2600 3.6378 -1.9600 1.8400 3.63 -8.85 -2.14 107 251 132 170 166 
0.6014 -0.5297 -0.5262 0.2842 307.87 18.87 94.31 1.18 -3.94 1.35 -2.2500 5.0600 1.5800 0.4000 -0.3889 -0.0689 3.20 -9.26 -0.32 107 258 153 173 169 
0.6154 -0.4958 -0.5242 0.3174 304.25 19.06 92.62 7.39 -12.47 -1.98 4.9200 -4.8000 -2.5700 1.0056 -0.0811 0.5733 2.81 -9.39 0.21 110 265 158 176 169 
0.6475 -0.4606 -0.4678 0.3869 298.19 12.94 76.19 1.38 -8.31 1.18 -1.8100 1.6900 -1.3300 3.1044 1.2978 0.5811 1.41 -8.54 4.59 112 272 164 179 170 
0.7557 -0.3548 -0.2935 0.4658 297.12 6.12 51.50 -3.15 -1.69 7.61 -4.1600 6.1100 2.3300 0.3567 -0.1011 -0.7833 1.46 -7.34 6.32 113 274 168 183 170 
0.7812 -0.3270 -0.3194 0.4252 305.56 16.12 57.63 0.97 -2.17 3.92 -2.9700 4.8000 -1.2500 -3.6700 -1.8233 -2.1356 4.47 -8.36 2.47 106 272 172 183 170 
0.7030 -0.4123 -0.5289 0.2369 325.25 35.44 87.94 11.61 -12.30 -3.97 4.2400 -3.7700 -2.9200 -0.6722 0.0967 -0.3511 6.01 -7.73 -0.34 116 272 167 186 172 
0.6805 -0.4330 -0.5671 0.1668 335.19 39.75 90.06 5.71 -6.48 0.85 -0.3600 1.3300 1.1600 -1.4222 2.6044 -1.2378 6.81 -7.03 0.52 149 264 180 206 199 
0.7682 -0.4535 -0.4499 -0.0426 15.81 45.25 64.81 12.79 -8.78 6.28 3.6500 -1.8000 3.5700 -2.0078 4.6556 1.3289 4.98 -7.06 4.62 177 306 294 334 207 
0.8160 -0.5339 -0.1229 -0.1840 23.50 19.19 69.37 0.76 -5.04 -1.05 -2.0700 3.3100 -2.8700 -1.8311 0.1678 1.7811 1.66 -9.52 1.64 179 315 316 354 208 
0.7460 -0.6577 0.0052 -0.1047 14.44 6.56 82.31 -1.38 -8.01 -1.58 -1.3600 2.2200 -3.5200 0.8822 0.9733 -0.3056 1.20 -9.53 1.93 178 316 323 356 208 
0.7842 -0.6045 -0.0039 -0.1400 22.31 12.75 69.44 2.81 -2.17 -4.03 0.8100 6.7500 -7.8200 5.2244 -0.9478 -1.8078 3.52 -6.80 6.12 178 318 307 360 209 
0.9296 -0.2692 -0.1609 -0.1934 21.19 23.69 16.75 6.37 4.36 25.01 3.6900 4.3600 17.8900 2.7722 -0.7600 0.1967 4.43 -0.04 8.74 180 315 321 357 208 
0.9614 -0.0396 -0.2367 -0.1344 16.37 28.12 2.75 4.42 -0.09 9.35 -0.1200 0.7500 0.0400 -1.4589 0.1133 -0.2700 4.63 -1.28 8.54 178 316 321 354 210 
;
