0.6417 0.4217 0.1100 0.6311 270.94 23.00 -47.63 3.79 6.66 6.10 -0.0500 -0.0100 0.0300 -0.0022 -0.0011 -0.0044 3.83 6.66 6.08 170 340 368 393 214 
0.6418 0.4210 0.1108 0.6313 270.87 22.75 -47.44 4.77 7.04 6.32 1.2000 0.7700 1.1000 -1.0044 0.3378 0.2111 3.80 6.18 6.59 175 289 326 354 214 
0.6392 0.3754 0.0540 0.6690 263.56 31.44 -33.56 9.93 5.42 11.97 4.6300 1.6900 5.8600 0.6056 -5.9178 6.1400 8.68 1.84 4.16 131 244 161 182 163 
0.2414 0.6119 -0.3251 0.6794 198.00 67.69 103.62 8.85 1.96 -2.15 -1.1700 8.3100 0.3000 4.3700 -0.6678 5.1889 6.25 -7.54 -0.26 68 245 163 186 160 
-0.2681 0.5344 -0.4003 0.6945 134.19 29.31 79.19 -0.16 -4.53 2.65 -1.8600 2.5100 0.7700 0.7233 0.1722 0.3022 4.43 -8.44 2.26 128 255 166 187 159 
-0.3356 0.4778 -0.3820 0.7164 127.87 23.81 71.62 6.31 -12.03 -3.38 1.7200 -1.3500 -5.4600 3.4878 1.8211 0.7367 2.89 -7.60 5.47 133 288 172 193 161 
-0.4427 0.2776 -0.2607 0.8118 122.12 10.44 37.63 -1.72 2.44 11.20 -3.5400 8.2100 3.8800 0.6500 0.4356 -0.0522 1.35 -5.09 8.26 137 303 177 192 165 
-0.4445 0.2237 -0.2303 0.8362 126.81 11.88 41.13 1.04 -0.53 5.34 -1.1100 6.2000 -1.4500 -4.3122 -0.2556 -2.6678 3.51 -7.69 4.96 139 300 178 196 170 
-0.2200 0.4131 -0.4033 0.7863 154.75 31.87 73.06 11.91 -12.95 -2.64 5.3900 -4.9200 -4.1300 -1.0922 -0.3078 -0.7389 5.90 -7.73 1.24 139 304 180 205 174 
-0.1101 0.4783 -0.4576 0.7414 163.19 37.63 80.56 6.36 -6.80 1.86 0.4300 1.0000 0.5100 -0.0344 -0.0311 -0.1189 6.06 -7.60 1.27 132 305 180 202 176 
-0.1051 0.4838 -0.4510 0.7426 164.62 38.94 80.81 5.41 -7.18 1.23 -1.1800 -0.0900 -0.1400 -0.1211 -0.1778 -0.3922 6.38 -7.36 1.10 145 298 185 201 176 
-0.0817 0.5096 -0.4362 0.7371 169.31 45.19 81.31 9.07 -11.62 -0.50 3.8800 -4.7100 -2.1500 3.7811 -0.8122 -1.5244 7.82 -5.48 2.19 127 351 185 210 167 
-0.1334 0.5257 -0.1951 0.8172 158.00 53.00 41.56 9.29 -2.44 3.00 0.4400 1.8200 -2.0700 3.6678 1.1044 -0.1811 7.47 -2.26 5.92 106 385 188 213 173 
-0.2546 0.4097 0.0382 0.8751 145.56 46.00 8.75 4.17 3.33 4.54 -2.9000 4.2800 -2.3800 0.5089 1.1367 -0.2578 6.52 -0.54 7.30 110 397 189 215 173 
-0.2864 0.3430 0.0778 0.8912 145.06 40.31 4.81 7.74 1.11 6.80 1.5200 1.6000 -0.5800 -1.2889 0.8322 -0.6611 5.89 -1.02 7.77 118 404 191 219 179 
-0.2145 0.2973 -0.0125 0.9303 155.69 31.31 11.94 4.00 -3.83 7.74 -1.3300 -1.8000 -0.2000 -0.5267 0.3544 0.0556 4.83 -2.13 8.26 117 421 194 221 179 
-0.1945 0.2779 -0.0681 0.9382 156.69 30.44 16.81 2.86 0.40 7.74 -2.7700 2.7900 -1.0400 -0.9600 -1.3722 -0.0222 5.66 -2.98 7.42 119 418 194 218 183 
-0.1771 0.3889 -0.1146 0.8968 159.06 45.19 30.37 1.87 -2.84 2.18 -4.9400 0.5400 -3.4400 -1.5844 -3.4244 -1.5333 8.58 -3.19 3.50 118 406 196 220 182 
;
