0.7374 0.0317 -0.0095 -0.6746 84.87 -1.62 -3.37 -0.30 0.47 9.80 0.0200 -0.1600 0.0000 0.0011 0.0089 0.0000 -0.28 0.58 9.78 165 355 352 385 213 
0.7374 0.0316 -0.0096 -0.6746 84.87 -1.62 -3.37 -0.35 0.44 9.80 -0.0500 -0.1400 0.0900 -0.0744 -0.0656 0.0144 -0.17 0.45 9.79 165 317 334 370 215 
0.7435 -0.0250 -0.0081 -0.6683 81.19 7.37 5.44 -2.05 -2.45 11.50 -4.7800 -3.0400 1.2600 -0.7767 -7.5789 2.2100 5.46 -1.82 7.93 126 230 142 165 181 
0.7457 -0.3714 -0.3455 -0.4321 50.00 66.25 57.75 14.25 -5.18 -1.81 4.0300 0.7100 -3.1100 4.9811 -8.5522 4.6556 6.96 -6.49 -2.32 111 254 136 174 176 
0.5920 -0.4915 -0.6017 0.2142 310.81 25.44 98.94 -0.93 -4.29 1.59 -4.3600 3.6600 1.6800 1.6456 -0.7944 0.7333 3.40 -9.19 -0.24 109 273 160 178 174 
0.6091 -0.4346 -0.5500 0.3710 296.06 20.37 87.37 7.06 -11.62 0.22 4.3900 -3.0600 -0.0100 1.7556 -0.0556 0.4822 3.15 -9.12 1.70 111 284 162 181 178 
0.6525 -0.3564 -0.4764 0.4692 287.06 15.13 67.19 3.12 -10.14 1.27 0.7500 -1.0200 -3.2400 3.6722 1.0944 0.4378 1.87 -7.52 6.00 111 291 166 184 179 
0.7376 -0.2297 -0.2807 0.5695 285.19 8.06 37.50 -2.11 3.56 8.17 -3.3300 9.4600 0.4200 0.5356 -0.0133 -1.0633 1.75 -5.38 8.00 115 293 167 187 178 
0.7874 -0.1949 -0.2760 0.5156 296.50 15.69 41.19 2.55 -0.62 5.48 -0.3700 5.3000 -1.4700 -3.9433 -0.6800 -1.6067 3.82 -7.52 4.99 117 291 172 194 179 
0.7465 -0.3412 -0.4695 0.3254 318.00 31.94 74.81 10.91 -14.14 -3.34 7.4400 -6.8200 -4.7300 -1.5222 -0.1311 -0.7522 5.96 -7.77 0.42 117 293 174 195 180 
0.6936 -0.4100 -0.5582 0.1982 327.81 37.44 86.69 5.43 -7.11 1.25 -0.8400 1.0200 0.6900 0.0567 0.0644 -0.0589 5.97 -7.75 0.55 119 293 175 196 181 
0.6993 -0.4072 -0.5537 0.1965 328.94 38.13 86.12 6.08 -6.76 0.79 -0.2500 0.6700 0.2900 -0.2400 -0.2400 -0.0856 6.12 -7.65 0.31 120 291 164 199 182 
0.6891 -0.4113 -0.5685 0.1808 332.06 40.31 89.44 6.01 -12.12 -1.22 0.3100 -5.1600 -1.2700 0.5544 0.9056 -1.7933 7.28 -6.51 0.80 130 280 168 209 192 
0.7764 -0.2877 -0.5508 0.1057 342.69 54.06 60.38 10.06 -3.06 3.13 1.2900 1.1400 0.1100 4.2478 0.4467 -0.4800 7.96 -3.67 4.38 131 304 287 334 213 
0.8470 -0.0782 -0.4916 0.1866 334.50 52.38 27.44 6.26 0.07 2.43 -1.7200 2.6500 -3.1500 1.2089 0.4667 0.0578 7.46 -2.13 5.98 156 326 329 371 210 
0.8808 -0.0050 -0.4172 0.2239 330.06 46.25 16.50 5.44 1.60 6.53 -1.8200 3.0000 -0.2800 -0.1011 0.0633 0.4778 6.97 -2.22 6.52 175 326 324 376 212 
0.8737 -0.0168 -0.4122 0.2581 326.94 45.69 21.37 7.43 0.56 6.32 0.7400 3.2600 0.5900 -1.5278 -0.4733 0.1722 7.25 -3.18 5.78 181 313 332 365 218 
0.8493 -0.1195 -0.4707 0.2070 335.44 48.00 41.75 10.17 1.66 2.93 3.6500 5.9800 -1.9300 -3.9867 3.2578 0.4244 6.31 -5.87 4.65 167 280 338 373 221 
0.8517 -0.3797 -0.3564 0.0573 355.56 32.75 59.31 3.06 -12.85 1.78 -0.9400 -5.0100 -1.7500 -1.1544 0.7433 -0.7111 5.40 -7.28 3.71 164 284 336 375 221 
0.8276 -0.4590 -0.3206 -0.0405 7.06 34.75 62.56 4.76 -6.15 4.03 -0.5800 1.5000 0.5700 -0.3567 0.2978 -0.3322 5.68 -7.08 3.69 166 285 314 385 221 
0.8273 -0.4573 -0.3129 -0.0923 16.00 38.50 58.00 2.10 -2.43 3.60 -2.9600 3.4700 -0.3600 -0.5389 1.8600 -2.0111 6.50 -5.43 4.92 166 277 316 360 218 
0.8300 -0.3691 -0.2708 -0.3187 48.94 44.00 30.31 9.12 -2.54 6.17 2.6800 0.2600 -0.1400 0.5256 4.3156 -4.0789 5.44 -1.39 8.03 176 324 329 386 213 
0.7713 -0.1205 -0.1431 -0.6083 79.19 15.06 -3.62 1.12 3.89 13.23 -0.9500 4.2900 3.4200 -0.8522 3.2500 0.3656 0.69 0.89 9.74 177 362 355 399 214 
;
