0.6917 0.1747 0.0051 0.7007 269.25 13.75 -14.81 2.33 2.49 9.22 0.0000 0.0500 0.0000 -0.0011 0.0033 0.0000 2.33 2.44 9.20 183 373 378 403 216 
0.6917 0.1749 0.0053 0.7007 269.25 13.75 -14.81 2.30 2.41 9.23 -0.1400 -0.0500 -0.0500 -0.0100 -0.0178 -0.0033 2.33 2.43 9.20 182 374 376 402 214 
0.6917 0.1747 0.0050 0.7007 269.25 13.75 -14.81 2.27 2.44 9.26 -0.0400 0.0100 0.0000 -0.0222 -0.0067 0.0000 2.33 2.43 9.20 185 364 376 406 214 
0.6918 0.1742 0.0045 0.7007 269.25 13.75 -14.69 2.37 2.58 9.24 -0.0600 0.2000 -0.0200 -0.0678 -0.0333 0.0622 2.37 2.35 9.21 186 357 373 399 215 
0.6866 0.1757 -0.0201 0.7053 267.62 19.31 -10.56 2.52 4.83 8.70 -0.5200 3.8200 1.7600 -1.7211 -3.6133 2.5722 5.73 -0.12 7.95 144 285 165 186 186 
0.5229 0.3251 -0.3183 0.7208 244.19 64.94 25.81 12.86 -3.98 0.68 4.9900 1.7700 -1.0200 2.4044 -8.1300 3.2422 8.60 -4.23 -2.03 110 274 162 180 155 
-0.0483 0.6414 -0.5204 0.5617 148.50 33.31 113.44 5.29 -5.63 -1.55 -2.3400 3.9900 2.9500 4.0833 0.1189 1.6289 4.07 -8.89 -0.63 115 281 167 187 157 
-0.3471 0.5331 -0.4315 0.6396 122.12 21.94 83.37 2.01 -6.51 2.41 -0.7900 1.4500 0.8600 0.7467 0.0256 0.1000 3.59 -8.95 1.72 115 275 166 193 156 
-0.3874 0.4887 -0.3937 0.6754 119.62 20.00 74.75 7.44 -13.31 1.57 3.9600 -4.2200 -1.7100 2.5567 1.2700 0.5533 2.74 -8.45 4.14 119 289 169 191 161 
-0.4591 0.3359 -0.3159 0.7593 117.44 10.06 47.50 0.39 -3.30 2.92 -1.5100 4.5300 -3.6100 3.2822 1.5222 0.5078 0.59 -5.24 8.26 122 295 169 193 161 
-0.5157 0.1285 -0.1848 0.8267 116.37 0.75 24.19 -3.27 4.42 11.94 -3.3600 7.6400 1.6900 -2.3456 -0.6433 -0.9656 0.78 -5.28 8.22 123 297 170 196 162 
-0.4337 0.2435 -0.2789 0.8215 127.50 12.13 49.06 2.58 -5.14 2.76 1.5200 0.9500 -3.2700 -3.8444 -0.9067 -1.8133 3.52 -8.37 3.69 121 286 172 200 162 
-0.2724 0.4354 -0.4307 0.7421 139.75 24.87 76.19 7.04 -11.76 1.29 1.5200 -1.4000 0.2200 0.2333 0.1567 -0.2233 4.26 -8.56 2.15 128 296 174 200 166 
-0.2523 0.4520 -0.4304 0.7394 143.87 28.00 76.37 0.72 -4.09 1.20 -4.2000 4.6300 -0.8000 -1.3267 -1.0167 -1.5500 5.71 -7.92 0.86 161 253 195 233 199 
-0.1249 0.5673 -0.4203 0.6971 163.75 47.06 92.19 9.27 -8.39 -5.59 4.8500 -3.1800 -3.7900 1.2911 -1.6500 -3.0589 8.59 -4.56 -1.18 194 301 320 393 227 
-0.0930 0.7197 -0.2902 0.6238 152.19 50.19 115.87 9.00 -3.81 1.75 0.9400 3.2400 5.8300 -2.3267 -3.4733 3.1478 4.87 -6.74 -5.18 193 294 328 404 225 
-0.1981 0.7809 -0.4662 0.3656 243.94 20.06 140.87 1.81 -1.48 -4.97 0.7500 4.1300 -3.5300 -4.4111 -0.3900 0.0078 2.79 -3.00 -8.90 193 288 316 398 223 
-0.0359 0.8104 -0.5467 0.2078 248.19 17.56 161.94 3.46 -2.85 -7.57 0.5400 0.0900 1.4000 -0.0744 0.1822 -0.1089 3.07 -2.90 -8.84 187 294 322 399 222 
-0.0333 0.8065 -0.5472 0.2215 248.37 18.75 161.69 3.60 -2.62 -8.18 0.3400 0.2100 0.4800 -0.0644 0.0767 0.0522 3.25 -2.88 -8.78 188 298 320 397 226 
;
