0.6376 0.4255 0.1538 0.6235 271.31 19.50 -51.13 3.38 7.26 5.45 -0.0200 -0.2900 -0.5800 -0.0622 0.0122 0.0333 3.30 7.15 5.84 175 346 375 414 213 
0.6384 0.4254 0.1503 0.6236 271.31 19.75 -50.94 3.22 7.23 5.50 -0.1300 0.0400 -0.3000 -0.1322 -0.0544 0.0433 3.33 7.11 5.86 175 327 370 413 213 
0.6437 0.4208 0.1347 0.6248 271.94 22.50 -47.75 4.03 9.03 9.15 1.4300 3.0300 2.4000 -1.9600 -4.0322 2.7267 6.32 5.12 5.46 155 269 206 223 197 
0.5303 0.5557 -0.1735 0.6163 250.25 76.75 -70.31 16.94 0.00 -4.12 5.1000 1.6800 0.0200 5.7644 -6.5667 7.2467 7.64 -4.30 -4.38 124 212 167 180 142 
-0.1368 0.7017 -0.4537 0.5320 141.37 34.69 113.00 1.92 -4.31 0.77 -3.3800 3.1200 3.0300 2.3544 0.5633 0.8511 4.95 -8.36 -1.32 105 247 166 184 143 
-0.3062 0.5973 -0.4098 0.6177 126.37 28.75 90.37 4.94 -8.59 0.35 0.7600 -0.4000 -0.2700 1.1844 0.6022 0.0578 4.64 -8.58 0.96 112 281 172 190 149 
-0.3578 0.5297 -0.3651 0.6768 123.00 25.62 75.44 6.60 -10.64 -5.76 1.1400 0.9300 -6.2000 4.7900 2.1411 0.8378 3.20 -7.54 5.38 120 298 171 196 152 
-0.4969 0.2999 -0.2151 0.7854 115.19 13.06 34.75 -1.57 3.81 13.28 -3.7200 7.6900 3.2200 -0.6622 0.1711 -0.6289 2.17 -5.26 7.98 117 306 177 196 154 
-0.4426 0.2883 -0.2170 0.8209 126.56 19.50 44.69 1.83 -1.08 3.99 -1.6800 5.7800 -2.0600 -4.5100 -0.8678 -2.5200 4.92 -7.49 3.97 121 300 179 199 154 
-0.1843 0.5005 -0.3787 0.7563 161.06 43.00 81.12 12.07 -10.39 -3.91 5.8300 -4.3600 -4.3000 -2.1900 -0.4044 -1.7411 7.80 -5.91 -0.54 126 296 177 199 157 
0.0137 0.5906 -0.4358 0.6790 182.31 54.63 98.44 9.28 -6.36 0.18 0.9700 -0.6800 1.0600 -0.0067 -0.0678 0.0867 7.97 -5.63 -0.87 123 291 179 198 160 
0.0101 0.5937 -0.4414 0.6727 181.31 53.50 99.75 6.59 -5.24 -1.13 -1.5000 0.3900 -0.2800 0.0889 -0.0167 -0.3767 7.99 -5.59 -1.01 136 286 182 206 162 
0.0363 0.6057 -0.4084 0.6819 190.75 63.88 90.12 9.26 -6.51 -1.94 0.7000 -3.0300 -2.8700 3.8744 4.3256 -4.1444 9.14 -0.71 3.46 185 227 184 204 160 
0.0844 0.5545 -0.0547 0.8261 187.44 67.87 1.62 14.81 3.45 7.40 3.6900 3.5200 2.1800 0.7489 0.4367 2.7822 8.79 -1.47 4.07 195 180 184 203 162 
-0.1194 0.5402 -0.0941 0.8277 160.19 58.50 42.44 -2.99 -0.24 4.30 -10.6000 3.7600 -0.5700 -1.9600 -0.9778 -0.8956 8.68 -3.70 2.64 194 189 188 204 162 
-0.0385 0.6074 -0.1623 0.7767 177.56 71.31 53.13 14.66 -1.76 1.36 5.0200 0.2600 0.0700 -0.0200 -0.3433 -0.3800 9.44 -2.03 1.64 197 192 188 203 164 
0.0075 0.6304 -0.1364 0.7642 181.56 74.69 47.31 10.29 -1.26 2.71 0.6500 0.5500 0.5000 -0.2733 0.2278 0.0311 9.42 -1.93 1.87 195 193 188 208 162 
;
