0.6641 0.1444 -0.0287 0.7330 264.31 14.44 -8.88 2.53 1.51 9.33 0.1500 0.0900 0.0800 -0.0100 0.0044 -0.0011 2.45 1.45 9.38 174 358 353 391 207 
0.6642 0.1440 -0.0291 0.7330 264.31 14.44 -8.81 2.47 1.54 9.40 0.0000 0.1100 0.0300 -0.0256 -0.0222 0.0278 2.47 1.42 9.38 177 362 355 397 208 
0.6597 0.1559 -0.0416 0.7340 263.25 19.12 -8.69 1.05 1.94 11.08 -0.2100 1.5900 1.7400 1.0933 -4.9511 2.5367 6.16 1.05 7.55 144 243 169 188 192 
0.4615 0.4140 -0.2740 0.7352 232.31 72.87 28.00 19.26 -1.01 -0.90 6.9800 0.9600 -3.9300 5.2289 -5.3722 6.5500 7.97 -5.68 -0.56 122 250 168 179 154 
-0.2003 0.5526 -0.4000 0.7032 139.00 31.81 75.75 -1.96 -0.85 4.81 -7.2100 7.6400 3.3600 2.7400 1.2422 1.2633 3.82 -7.78 4.58 124 269 172 184 160 
-0.3768 0.3803 -0.3080 0.7864 129.50 21.56 55.19 2.65 -7.03 5.68 1.0300 -2.8900 -0.6600 0.2089 -0.1444 0.1400 3.60 -7.41 5.30 124 265 170 189 160 
-0.3950 0.3478 -0.2819 0.8022 126.25 17.31 45.31 2.86 -5.90 4.78 -0.7400 1.5400 -2.0600 3.4100 1.4844 0.8289 1.56 -4.62 8.50 135 285 181 189 165 
-0.4731 0.1447 -0.1434 0.8571 122.00 5.31 19.81 -3.49 4.47 11.82 -4.6000 7.7500 2.1600 -1.1811 -0.3156 -0.5244 1.18 -3.82 8.95 134 295 177 190 163 
-0.4315 0.2034 -0.1860 0.8590 129.00 13.69 35.31 1.43 -2.66 5.33 -0.9100 2.9900 -2.0800 -3.7222 -1.0889 -1.5533 3.65 -7.03 5.76 135 290 177 192 166 
-0.2930 0.3925 -0.3395 0.8030 140.81 26.62 63.00 7.54 -13.05 1.52 2.1100 -3.9200 -1.0200 -0.2900 -0.3422 0.0900 4.51 -7.98 3.46 136 283 184 196 167 
-0.2762 0.4349 -0.3721 0.7721 140.62 28.00 67.62 1.57 -6.08 3.38 -2.6500 2.5600 0.4200 -1.5122 -0.7167 -0.4944 5.06 -8.13 2.09 166 291 224 260 199 
-0.2242 0.5195 -0.4238 0.7073 146.62 33.81 89.31 4.01 -7.55 -0.90 -0.6400 1.5000 -0.1400 -4.4644 -1.2311 -0.8378 5.75 -7.38 -2.89 170 235 255 305 211 
-0.0474 0.6520 -0.5643 0.5042 173.12 35.19 136.44 8.61 -5.79 -8.37 2.4100 -1.4800 -3.1800 -1.3311 -0.9856 -0.0411 5.08 -4.26 -7.22 162 227 245 282 197 
0.0129 0.7049 -0.6182 0.3475 262.75 29.94 151.75 7.88 -6.91 -9.76 3.0500 -3.8000 -2.9500 0.4478 0.0344 0.4344 4.80 -4.33 -7.37 170 244 263 308 206 
-0.0188 0.6837 -0.6286 0.3701 170.19 28.62 142.56 7.49 -8.52 -12.94 2.2400 -2.1100 -5.6100 4.0189 0.1056 2.5767 3.68 -7.59 -4.98 196 328 318 373 216 
-0.2105 0.5287 -0.5999 0.5624 138.69 20.69 96.44 -1.02 -0.57 1.08 -3.1200 8.5300 0.3800 0.0367 1.2633 -0.0611 3.52 -9.14 0.16 200 370 353 397 212 
-0.2217 0.4473 -0.5365 0.6804 144.81 22.25 88.56 1.05 -3.70 1.45 -2.5900 5.0100 1.7000 -0.4033 0.0300 -0.4078 3.99 -8.95 0.01 202 366 353 395 216 
-0.1766 0.4713 -0.5472 0.6688 152.75 27.56 94.62 3.76 -5.00 -0.86 -1.5900 1.8700 0.2100 -1.4733 0.6533 -1.5711 5.49 -8.00 -1.40 199 322 319 349 214 
0.0040 0.5297 -0.5613 0.6359 187.44 46.13 107.25 9.19 -7.22 -3.12 3.0700 -1.5000 -1.0700 -2.8311 3.2800 -3.4144 8.91 -3.77 -1.58 172 274 293 318 212 
;
