0.6953 0.0701 -0.0663 0.7122 268.69 11.19 -0.19 2.10 -0.22 9.70 0.0200 -0.3300 0.0200 0.2289 -0.0344 -0.1167 1.96 0.18 9.60 171 336 355 375 211 
0.6978 0.0755 -0.0625 0.7095 268.87 11.00 -0.69 1.82 0.15 9.51 0.1600 -0.0700 0.1600 -0.1989 0.0400 0.0900 1.83 -0.03 9.63 176 336 357 377 212 
0.6967 0.0689 -0.0662 0.7110 269.00 10.94 -0.13 1.53 0.26 9.56 -0.2800 0.2300 -0.0100 -0.1811 -0.0356 0.0744 1.87 -0.08 9.62 172 333 359 383 211 
0.6945 0.0670 -0.0780 0.7122 268.00 12.75 1.25 1.64 -0.18 9.64 -0.3600 0.0500 0.0600 -0.1833 -1.3189 0.9511 3.20 -0.52 9.25 180 297 331 363 209 
0.5970 0.1820 -0.1738 0.7618 252.25 35.50 2.75 7.83 2.33 7.47 9.2100 0.1400 -5.2200 2.2522 -10.8878 4.3111 9.22 -1.86 2.76 96 197 159 171 161 
0.1260 0.5646 -0.4163 0.7014 176.50 51.94 93.25 9.36 -3.18 -1.19 -1.5800 5.3800 -1.0200 5.0778 0.8244 4.9578 4.61 -8.32 2.35 108 277 172 180 167 
-0.3515 0.3794 -0.3708 0.7714 129.12 15.88 58.75 -4.60 -1.34 8.33 -5.8600 5.5200 2.9500 -0.4978 -0.1922 -0.5933 2.85 -8.02 4.85 104 285 174 180 170 
-0.3405 0.3690 -0.3539 0.7891 134.06 20.19 58.75 10.27 -14.95 -2.13 5.2600 -4.7400 -5.7100 3.8400 1.4833 1.1344 2.38 -6.70 6.75 107 291 174 185 167 
-0.4282 0.1947 -0.2222 0.8540 125.37 5.19 27.62 -4.52 6.64 12.70 -5.5200 10.8600 3.4600 -0.0267 0.7411 0.0078 0.18 -3.94 8.97 96 296 178 188 167 
-0.4281 0.1479 -0.2287 0.8617 129.56 6.69 38.31 -0.05 -1.19 3.08 0.8200 1.3500 -4.2100 -4.9322 -1.7122 -2.4122 3.22 -7.96 4.73 108 286 183 192 170 
-0.2514 0.3888 -0.4120 0.7848 146.75 25.06 68.12 8.24 -9.46 2.77 1.6100 0.1800 -0.6400 -1.0000 1.4867 -1.5856 4.83 -7.93 3.13 148 287 196 203 165 
-0.0200 0.3635 -0.4659 0.8065 194.25 37.38 63.81 7.86 -7.24 0.34 3.9300 -1.5900 -3.8500 -1.5211 13.0056 -4.5144 3.68 -5.69 7.07 194 397 204 209 173 
0.5685 -0.1614 -0.2609 0.7633 254.50 2.62 36.19 2.81 -4.40 11.51 -0.5400 2.3100 2.0700 -1.4411 0.8144 -0.3100 0.30 -6.51 7.32 193 391 190 210 174 
0.5922 -0.2095 -0.3028 0.7167 259.44 3.75 43.50 2.31 -4.57 4.97 2.6900 1.8200 -2.5300 0.5189 -0.8422 -0.1156 1.14 -6.58 7.17 192 389 189 201 167 
0.5705 -0.1426 -0.3155 0.7448 251.25 8.88 38.44 6.78 -9.78 14.07 2.7800 -3.4000 6.3300 -0.5667 -2.2267 3.2711 1.37 -6.45 7.25 195 380 186 201 176 
0.3584 -0.1318 -0.3672 0.8481 222.31 -1.12 49.44 -6.66 -8.11 12.99 -5.6500 2.4900 5.4900 -2.6144 0.8622 0.1167 -0.95 -8.66 4.49 177 398 194 200 175 
0.3067 -0.2813 -0.5034 0.7573 227.37 -6.44 74.44 -4.55 -1.04 3.07 -2.9300 9.3900 0.5000 -1.5878 1.8722 -2.3933 0.09 -9.72 1.23 196 409 192 205 177 
0.4454 -0.3433 -0.5839 0.5856 261.56 10.56 84.19 4.93 0.04 0.75 3.0700 9.0800 -0.4400 1.8533 1.9589 -2.2522 3.19 -8.92 2.51 194 400 196 207 174 
0.6519 -0.2474 -0.4976 0.5161 285.12 25.12 59.31 16.40 -6.99 6.32 12.4400 -0.5200 2.9100 3.6933 -0.2389 0.2444 4.44 -5.99 6.36 189 393 200 204 174 
0.6702 -0.0522 -0.3749 0.6384 265.87 24.19 36.63 2.65 -7.58 13.30 -2.6900 -1.8200 6.5100 0.2211 -1.0122 2.9744 3.41 -5.91 7.03 189 391 201 207 174 
;
