0.7591 -0.0054 0.0121 -0.6509 81.19 -0.62 1.31 -0.11 -0.24 9.79 -0.0500 0.0000 0.0300 -0.0011 0.0056 0.0000 -0.11 -0.23 9.80 167 333 351 382 215 
0.7591 -0.0053 0.0122 -0.6509 81.19 -0.69 1.31 -0.13 -0.24 9.86 0.0000 -0.0400 0.0800 -0.0011 0.0300 0.0178 -0.14 -0.23 9.80 167 333 345 382 215 
0.7598 -0.0038 0.0133 -0.6500 80.75 -0.50 1.25 -0.05 0.72 13.47 0.9300 1.6100 3.3300 0.3111 -2.9956 2.5322 2.01 -0.24 9.59 173 267 265 265 214 
0.8615 -0.1240 -0.1268 -0.4758 51.88 18.37 7.69 7.08 -1.44 10.30 2.4000 1.4600 -1.1100 -1.7056 5.1311 5.3178 -1.34 -2.75 9.31 175 165 164 172 163 
0.9515 -0.1320 0.2469 -0.1278 7.62 -34.44 18.25 -4.84 2.78 1.82 0.3700 4.6800 -5.6000 0.1033 1.5056 4.2989 -7.17 -0.36 6.67 188 158 164 177 165 
0.9079 -0.0469 0.4032 0.1044 346.75 -47.50 0.94 -5.83 1.37 4.70 1.6600 1.1900 -1.8200 -0.0678 -0.4122 -0.3922 -7.14 -0.47 6.69 189 161 168 181 168 
0.9160 -0.0607 0.3887 0.0784 350.94 -45.75 4.69 -7.01 -0.31 7.37 0.2700 0.5100 0.4900 -0.1322 -0.4300 -0.7622 -6.79 -0.98 7.00 190 167 170 185 168 
0.9316 -0.0881 0.3514 0.0287 358.12 -38.94 12.63 -5.83 -0.97 7.05 0.4700 1.3700 -0.3800 -0.2800 -1.7144 -1.7889 -4.64 -2.55 8.25 186 187 184 194 180 
0.9777 -0.1094 0.1469 -0.1022 17.25 -1.12 11.38 1.12 5.43 18.65 3.3900 4.8400 9.1800 -3.5022 -8.4911 -0.3656 5.39 -3.76 7.27 174 319 314 340 209 
0.8661 -0.3975 -0.2715 -0.1350 17.19 31.75 60.19 7.96 -5.66 -6.49 0.5500 2.9800 -11.4800 -2.8567 4.1667 2.0233 3.03 -8.91 2.74 170 335 315 359 210 
0.7889 -0.5961 -0.0528 -0.1398 19.62 13.13 71.50 -1.51 -4.06 -2.04 -3.6100 4.4800 -6.2400 1.5056 -0.0367 -0.2689 2.18 -8.69 3.97 171 335 322 361 211 
0.8632 -0.4760 -0.0769 -0.1494 19.44 17.50 46.44 9.12 0.46 17.69 2.9400 5.3600 23.1700 3.9333 2.1478 0.5944 1.76 -3.92 8.81 174 327 327 355 210 
0.9462 -0.2837 -0.0442 -0.1492 19.25 9.38 41.31 2.66 -0.13 5.15 1.6600 6.7900 -4.5300 -6.3100 0.1267 0.3022 1.30 -9.11 3.36 175 344 331 360 210 
0.7416 -0.6498 0.0705 -0.1509 22.56 4.25 84.56 -1.61 -6.63 -12.85 -1.8200 4.4500 -12.6000 4.9656 -0.9644 -0.7811 1.23 -9.05 3.56 175 343 336 369 210 
0.9013 -0.4015 -0.0372 -0.1583 19.56 9.94 36.06 -0.77 -2.14 29.41 -2.9300 2.2300 17.0000 -2.7756 -1.7144 -0.4911 2.39 -6.26 7.15 177 330 325 356 211 
0.8678 -0.4584 -0.0952 -0.1667 24.25 19.62 59.38 0.46 -5.37 -4.44 -2.0800 2.6600 -7.8400 -0.1089 0.3589 -1.9778 4.28 -7.62 4.43 166 306 315 334 212 
;
