0.7316 0.2996 -0.2834 -0.5429 73.12 5.06 -48.50 0.93 7.21 6.50 0.0300 -0.1100 0.0100 -0.0122 0.0111 0.0044 0.87 7.31 6.47 192 332 357 434 221 
0.7317 0.2995 -0.2831 -0.5429 73.12 5.06 -48.44 0.92 7.20 6.49 0.0500 -0.1300 0.0400 -0.0267 0.0178 0.0089 0.87 7.30 6.48 191 334 358 434 222 
0.7324 0.2990 -0.2819 -0.5428 73.06 5.00 -48.25 0.87 7.10 6.55 0.0500 -0.1700 0.0400 -0.0133 0.0100 0.0067 0.85 7.28 6.50 192 332 357 433 222 
0.7330 0.2988 -0.2807 -0.5428 73.00 4.94 -48.13 0.91 7.12 6.56 0.0800 -0.0800 0.0700 -0.0778 0.0400 0.0344 0.85 7.25 6.54 191 331 357 431 222 
0.7349 0.2971 -0.2784 -0.5423 72.81 4.94 -47.81 0.92 7.10 6.57 0.0300 -0.1100 0.0000 0.0033 0.0011 -0.0022 0.85 7.24 6.55 190 332 357 433 222 
0.7349 0.2971 -0.2784 -0.5423 72.81 4.94 -47.81 0.96 7.16 6.57 0.0700 0.2200 0.3900 -0.1456 0.0233 0.0811 0.88 7.18 6.62 191 322 340 374 221 
0.7591 0.2745 -0.2537 -0.5330 67.56 5.12 -39.25 3.39 8.71 10.97 2.7800 1.2300 2.5500 -3.0489 -1.1333 3.7044 2.32 3.91 8.68 190 223 203 209 167 
0.9018 0.0745 -0.1781 -0.3866 41.00 12.31 -12.63 1.65 1.69 8.25 0.1000 -0.0400 -1.8500 -1.9078 4.8611 3.4956 -0.64 0.76 9.75 192 184 183 188 150 
0.9765 0.0506 0.1522 -0.1437 12.13 -29.50 -4.69 -7.83 2.05 4.10 -1.0000 1.2400 -2.7100 0.2856 2.8267 2.3311 -6.88 1.91 6.72 198 169 173 180 147 
0.9062 0.1201 0.4031 0.0434 352.50 -46.06 -23.12 -6.85 2.07 5.55 -0.0400 -0.3000 -0.2400 -0.4144 0.2100 0.1356 -7.10 2.65 6.21 199 173 175 185 149 
0.9014 0.1097 0.4124 0.0731 351.06 -46.63 -21.69 -5.69 3.40 6.41 1.2900 0.6700 0.1300 0.0067 -0.1089 -0.0733 -7.12 2.46 6.27 199 177 178 188 150 
0.9051 0.1100 0.4061 0.0619 352.56 -44.88 -20.56 -5.32 2.80 5.89 0.8200 0.5500 -0.6100 0.4356 -1.0944 -0.3678 -6.33 2.50 7.05 198 181 180 192 153 
0.9456 0.1208 0.3014 0.0231 358.75 -30.75 -16.00 -4.67 2.76 9.03 -0.3900 0.3600 0.6600 0.5356 -5.0444 -2.0167 -1.45 2.24 9.43 191 192 191 199 159 
0.9758 0.1087 -0.0801 -0.1724 25.19 15.94 -15.50 0.86 7.18 7.42 -2.8100 4.2800 -1.2000 -3.9711 -7.8978 1.7222 7.14 0.52 6.69 159 216 203 225 179 
0.7999 -0.2590 -0.5102 -0.1813 20.87 67.75 68.81 12.56 -8.22 -1.98 4.2200 -1.5700 -1.6200 -0.4089 -2.6889 1.4322 8.34 -4.79 -1.89 173 251 234 255 202 
0.5756 -0.4828 -0.6599 -0.0118 353.87 43.25 128.00 6.54 -5.28 -5.52 1.0000 0.1600 0.5000 -1.9656 -3.2389 1.4733 4.10 -5.47 -7.02 177 302 292 341 228 
0.2967 -0.6122 -0.7282 0.0828 81.00 17.37 153.25 3.62 -5.13 -8.13 1.0200 -0.4400 1.1000 -0.6167 -0.1711 0.7767 2.40 -3.66 -8.77 182 315 310 368 229 
0.2098 -0.6628 -0.7173 0.0463 86.06 13.88 160.12 1.57 -2.21 -8.47 -0.2400 1.0600 0.1400 -0.4622 0.0033 0.0167 2.37 -2.89 -9.06 181 313 312 366 230 
0.1866 -0.6679 -0.7203 0.0173 85.50 14.31 163.62 3.41 -2.48 -9.14 0.9500 -0.1000 0.0800 -0.0122 0.0578 -0.0300 2.46 -2.66 -9.11 182 313 312 360 230 
0.1909 -0.6613 -0.7253 0.0167 84.81 14.81 163.31 2.87 -2.69 -8.37 0.0100 0.1000 0.6800 -0.0056 0.0456 0.0133 2.56 -2.74 -9.05 182 311 312 358 230 
;
0.1981 -0.6600 -0.7245 0.0142 84.37 15.69 162.94 3.04 -2.85 -8.50 0.4000 -0.0200 0.4800 -0.0244 -0.0122 0.0144 2.71 -2.75 -9.01 182 311 310 361 229 
0.2017 -0.6573 -0.7260 0.0100 84.25 16.31 163.00 2.95 -2.70 -8.66 0.2200 0.0200 0.4200 0.0333 0.0189 -0.0267 2.80 -2.75 -8.98 181 310 309 359 230 
0.2057 -0.6529 -0.7289 0.0081 83.56 17.00 162.94 2.68 -2.62 -8.58 0.0700 0.0800 0.2700 0.0856 0.0244 -0.1822 2.96 -2.77 -8.92 183 308 307 350 228 
0.2233 -0.6391 -0.7360 0.0040 81.19 20.12 161.25 4.35 -2.80 -8.26 0.5200 0.3100 0.5900 0.3422 0.4911 -0.2111 3.83 -3.18 -8.44 181 305 300 337 228 
0.2887 -0.6147 -0.7338 -0.0150 81.00 30.62 155.87 7.60 -3.31 -8.87 0.6500 -0.4100 -2.5300 1.7222 6.7856 0.2811 7.66 -4.27 -4.36 183 297 272 280 212 
0.6138 -0.5181 -0.5742 -0.1586 27.81 63.25 101.44 8.53 -3.11 0.97 -0.2600 1.0000 1.0900 1.4511 2.1111 -0.6733 8.97 -3.69 1.39 184 299 278 295 214 
0.7699 -0.3480 -0.4962 -0.1998 29.56 62.50 42.50 9.22 -2.80 3.54 0.1000 0.4000 -0.2800 0.7978 2.1844 -0.2544 8.09 -2.56 4.90 184 297 277 294 213 
0.8570 -0.2439 -0.3935 -0.2263 29.06 49.13 19.87 8.47 -2.69 4.44 1.9300 -0.5900 -1.8300 1.8700 2.9444 0.2711 5.93 -1.32 7.69 183 231 216 224 169 
0.9564 -0.0619 -0.2192 -0.1831 18.44 18.69 -0.75 2.69 1.88 8.73 -0.1500 2.0400 -1.1300 0.7711 6.0422 2.4122 -1.09 0.69 9.72 191 188 191 193 144 
0.9781 0.0693 0.1959 -0.0040 358.19 -27.00 -10.56 -8.91 2.80 10.43 -2.1600 0.5100 1.1400 0.1689 1.9700 0.2167 -5.90 1.98 7.57 196 180 184 190 144 
0.9322 0.0978 0.3447 0.0517 353.12 -40.31 -16.69 -5.09 2.39 7.04 1.1400 0.2400 -0.0300 -0.2322 0.1867 -0.0756 -6.46 2.05 7.08 196 184 185 191 147 
0.9263 0.0842 0.3621 0.0607 352.62 -41.19 -15.13 -6.24 2.02 7.01 0.5300 0.2200 0.0900 0.0922 -0.0400 -0.1344 -6.42 1.89 7.16 195 187 185 193 147 
0.9295 0.0798 0.3557 0.0563 353.50 -40.69 -13.88 -6.63 2.12 7.32 -0.6200 0.5000 0.0400 -0.0222 -0.4656 -0.4100 -6.27 1.57 7.37 196 189 189 195 149 
0.9411 0.0593 0.3315 0.0308 357.25 -35.44 -7.69 -6.15 1.16 7.18 -2.6200 0.1300 -1.1300 -0.4756 -5.0078 -1.2044 -2.53 0.24 9.47 194 197 201 202 156 
0.9977 -0.0262 -0.0337 -0.0529 8.06 14.94 5.31 2.75 2.42 8.47 -0.7600 3.4200 -1.7500 -2.8978 -5.3667 -0.3889 6.21 -2.44 7.18 158 231 223 236 185 
0.8575 -0.2607 -0.4372 -0.0741 7.94 56.19 57.50 7.54 -4.59 0.39 -0.4200 -0.2300 -1.2700 -2.6089 -3.8367 1.1300 7.98 -5.62 -0.87 153 255 239 258 194 
0.6391 -0.4724 -0.6063 -0.0292 7.87 54.19 108.44 9.51 -6.92 -2.98 1.5200 -1.1500 -0.6800 -0.3611 0.0167 0.0767 7.99 -5.34 -1.89 163 270 252 260 196 
0.6227 -0.4940 -0.6047 -0.0492 6.87 51.56 114.31 7.46 -5.86 -1.58 0.1000 -0.4100 1.5400 -0.9089 -2.4778 0.7578 6.57 -5.76 -4.42 182 299 282 306 219 
0.4290 -0.5765 -0.6917 0.0728 330.62 24.00 140.56 4.18 -4.89 -6.00 -0.2700 0.3000 1.0000 -2.3667 -1.3711 0.6244 2.70 -4.59 -8.23 188 344 323 385 228 
0.2140 -0.6604 -0.7161 0.0722 86.31 10.50 159.75 1.29 -3.43 -9.84 0.0900 -0.7400 -0.5100 -0.9533 -0.3289 -0.0144 1.41 -2.35 -9.41 187 338 305 391 229 
;
