0.7887 0.1142 -0.0993 -0.5959 74.12 1.12 -17.31 0.02 2.91 9.39 -0.1700 -0.0200 0.0400 0.0000 -0.0089 0.0022 0.19 2.92 9.35 177 199 195 205 164 
0.7886 0.1145 -0.0987 -0.5959 74.12 1.06 -17.31 0.01 2.93 9.42 -0.2200 -0.0200 0.0200 -0.0033 -0.0011 0.0011 0.17 2.92 9.35 176 200 196 205 166 
0.7886 0.1148 -0.0983 -0.5961 74.12 1.00 -17.31 -0.01 2.90 9.36 -0.1600 0.0000 0.0100 -0.0033 0.0122 0.0089 0.16 2.92 9.35 176 196 197 204 164 
0.7913 0.1170 -0.0939 -0.5927 71.94 0.69 -17.00 0.93 3.00 13.58 3.3100 1.1000 7.2700 0.4700 0.1900 3.1267 0.79 3.02 9.29 185 217 206 211 159 
0.9003 0.1107 -0.0601 -0.4168 42.25 -6.62 -11.75 -0.63 4.44 12.24 1.1600 2.7100 0.8800 -3.2756 5.4222 2.6756 -4.73 0.53 8.57 195 205 203 206 157 
0.9178 0.0388 0.3719 -0.1335 10.94 -49.69 2.06 -3.94 1.19 -2.37 3.4500 1.1200 -7.8100 -0.3911 1.5922 1.9433 -8.33 0.70 5.11 197 203 198 200 153 
0.8672 0.0409 0.4961 0.0152 358.31 -58.94 -8.56 -7.12 1.74 4.38 1.0700 0.9000 -0.7400 -0.0278 -0.7800 -0.5311 -8.23 0.41 5.30 197 205 199 200 154 
0.8824 0.0216 0.4700 -0.0088 1.94 -55.44 -2.81 -8.91 0.41 6.26 -0.5600 -0.0900 0.4900 0.2444 -0.3789 -0.2578 -7.94 0.21 5.74 197 208 201 204 156 
0.8940 0.0303 0.4452 -0.0411 7.25 -51.00 -0.69 -5.91 0.57 5.00 1.4700 0.5000 -1.3700 0.3111 -2.7578 -2.0122 -6.30 -0.67 7.47 193 237 220 214 162 
0.9424 -0.0298 0.2786 -0.1826 26.25 -24.69 13.81 -4.90 0.59 7.99 -1.2700 4.1700 -0.7300 -0.6200 -3.6022 -4.1978 -0.42 -3.48 9.15 191 329 242 222 167 
0.8752 -0.2475 0.0331 -0.4142 55.81 11.94 32.94 6.61 -8.35 8.53 4.3600 -3.3500 1.3100 -1.9789 0.4533 -0.8656 2.26 -6.28 7.18 192 385 226 211 163 
0.7761 -0.3766 0.0947 -0.4969 66.00 13.13 45.75 2.80 -7.67 5.20 0.7500 0.2000 -1.2600 -0.4244 0.7833 0.1189 1.90 -7.11 6.47 194 394 223 210 164 
0.7597 -0.3898 0.1459 -0.4996 66.56 9.19 48.75 4.01 -5.72 5.32 3.0800 0.6700 -0.8600 0.0389 0.3433 0.4567 1.29 -7.31 6.39 195 394 220 206 162 
0.7811 -0.3760 0.1722 -0.4678 57.69 2.00 48.88 -3.84 -13.78 11.83 -4.5400 -6.1600 6.3000 -1.2422 0.4144 2.0022 -1.13 -7.91 5.68 195 391 218 209 168 
0.7904 -0.4237 0.2867 -0.3369 46.38 -10.19 65.75 -6.34 -3.24 5.55 -4.6800 6.2900 1.4900 -2.2933 1.0400 -1.5422 -1.07 -9.50 2.17 197 392 213 214 168 
0.6479 -0.5662 0.3380 -0.3813 66.25 4.00 84.75 -0.09 0.04 0.00 -1.2100 9.2400 -0.8700 -0.2422 0.8844 -2.6856 2.57 -9.44 0.61 197 391 217 215 168 
0.5245 -0.6119 0.2698 -0.5270 94.06 24.06 80.56 11.31 -5.95 -0.28 7.2800 1.6200 -2.3000 2.3000 0.6411 -0.5689 4.45 -8.20 3.00 196 390 219 213 166 
0.5708 -0.5217 0.1705 -0.6107 89.56 24.56 60.19 7.84 -12.59 8.26 3.0900 -5.3500 4.7600 1.7056 -0.7478 2.8378 2.71 -7.67 5.46 194 389 225 214 167 
0.7363 -0.4537 0.1367 -0.4830 64.37 12.94 57.19 -3.53 -7.74 6.65 -4.1200 2.3700 0.6500 -0.5956 0.2322 0.1711 1.92 -8.39 4.68 195 391 224 214 168 
;
