0.6458 0.3995 0.1246 0.6386 270.62 20.44 -46.06 3.37 6.53 6.48 -0.0800 -0.0200 0.0800 0.0044 0.0067 0.0044 3.42 6.61 6.37 179 328 360 404 214 
0.6459 0.3993 0.1246 0.6386 270.62 20.37 -46.00 3.24 6.71 6.45 -0.1500 0.0900 0.1000 -0.0544 -0.0833 0.0300 3.45 6.58 6.38 176 327 361 402 215 
0.6468 0.3995 0.1183 0.6388 270.62 21.19 -45.50 3.79 6.64 6.56 0.1700 0.0500 0.1400 -0.0889 0.0511 0.0911 3.60 6.44 6.44 177 323 360 401 220 
0.6453 0.3966 0.1089 0.6437 270.06 21.81 -44.44 3.72 6.01 6.60 0.2500 -0.2100 0.0800 0.0111 -0.0267 -0.0233 3.66 6.38 6.48 174 321 360 406 215 
0.6458 0.3967 0.1080 0.6434 270.19 21.75 -44.50 3.85 7.00 6.67 -0.1900 0.8600 0.6700 -0.4333 -0.4144 0.4633 4.04 6.05 6.56 176 298 321 381 219 
0.6307 0.4011 0.0438 0.6629 263.56 32.94 -36.88 15.15 6.89 11.48 9.2800 2.6200 3.8200 0.7344 2.7611 4.6333 5.82 3.17 7.22 179 224 186 208 173 
0.4143 0.2034 0.0098 0.8871 223.25 6.50 -5.19 0.93 4.13 2.04 1.7400 4.0400 -8.2600 -3.0744 7.0311 4.9889 -4.90 -0.63 8.46 185 166 147 192 152 
0.0994 -0.3598 0.0706 0.9250 187.06 -44.88 -10.31 -7.52 2.76 4.89 -4.1400 1.1000 -1.8600 -0.5922 0.3144 0.7822 -7.06 1.79 6.56 195 169 141 194 153 
0.0004 -0.3983 0.0934 0.9125 179.94 -46.50 -14.75 -7.27 2.09 7.49 -0.5400 0.5100 1.2500 0.1978 -0.1322 -0.4867 -7.07 1.63 6.59 193 172 160 197 153 
0.0234 -0.3862 0.0947 0.9172 183.19 -45.06 -12.44 -7.01 1.67 6.86 -0.1800 0.1600 -0.0700 -0.0778 -0.4033 -0.3233 -6.70 1.30 7.03 194 178 161 198 159 
0.0474 -0.3552 0.0811 0.9301 186.75 -40.69 -7.81 -6.15 1.31 6.93 -0.2900 0.6400 -1.0500 -0.1589 -2.6922 -1.2200 -5.15 0.42 8.33 195 189 165 207 161 
0.1437 -0.1609 0.0284 0.9760 200.06 -9.81 0.44 -2.95 0.05 6.75 1.3900 2.7400 -2.5300 0.7556 -9.6011 -0.4244 4.74 0.39 8.57 153 229 171 202 160 
0.1414 0.4015 -0.0580 0.9030 193.37 52.25 3.12 15.31 -1.85 12.53 6.0300 -1.1400 4.2600 0.7589 1.7222 1.5711 7.03 -0.90 6.77 130 249 171 199 159 
0.0123 0.3243 -0.0681 0.9434 179.19 32.69 8.06 5.48 -1.33 3.66 0.1600 -0.3000 -5.2700 1.0467 2.8544 1.0300 3.27 -0.74 9.21 122 256 172 198 159 
-0.0704 0.1146 -0.0059 0.9909 170.69 9.56 -0.37 -1.15 2.93 5.32 -1.8200 2.9100 -3.1100 0.9756 0.8556 0.5422 0.89 0.90 9.72 153 259 174 197 161 
-0.1176 0.0313 0.0609 0.9907 166.69 3.50 -6.31 -1.57 1.47 8.87 -0.1700 0.6200 -1.1200 -0.9389 1.1233 -1.7078 -0.69 0.42 9.77 158 175 175 199 161 
0.0038 -0.0760 -0.0121 0.9970 184.94 -12.88 4.62 0.71 1.17 8.26 3.6000 2.3600 -0.7600 -1.6556 3.1878 -3.0689 -4.04 -2.55 8.56 131 172 166 209 162 
0.2028 -0.2862 -0.1307 0.9273 205.81 -27.69 25.75 -4.72 -7.06 8.40 -0.8500 -2.8900 0.6900 -0.2067 -0.4767 0.0544 -4.26 -4.02 7.86 126 179 168 208 164 
0.2088 -0.2691 -0.1670 0.9252 205.75 -24.25 27.37 -5.47 -1.94 4.61 -1.2100 1.6300 -4.9100 0.6489 -1.6611 -0.9133 -2.96 -3.97 8.45 130 181 165 207 163 
0.2631 -0.1334 -0.1560 0.9427 213.06 -3.69 18.37 1.30 -1.72 0.73 1.7500 1.0000 -7.9500 2.5556 -3.8511 -2.6011 2.99 -0.70 9.30 138 220 174 209 164 
;
0.6193 0.3320 0.1580 0.6938 263.50 15.38 -40.81 2.58 6.19 7.16 -0.0100 0.0100 -0.0400 -0.0033 -0.0067 0.0000 2.60 6.18 7.15 177 319 357 400 214 
0.6190 0.3318 0.1592 0.6939 263.25 15.00 -40.94 5.12 8.02 8.54 3.3600 2.5700 2.1000 0.5044 1.1822 0.6044 2.49 6.32 7.06 173 310 345 392 221 
0.5381 0.3716 0.1586 0.7397 245.06 30.19 -43.56 11.80 9.92 11.25 6.2500 5.0100 4.4000 -0.1300 0.9067 4.3656 6.65 3.83 6.09 162 297 235 245 205 
0.2693 0.3820 0.0206 0.8839 208.62 39.81 -11.94 3.15 2.04 2.37 -3.8300 0.6600 -5.9200 -0.9544 2.1756 1.9233 5.17 -0.01 8.33 162 276 211 224 196 
0.1466 0.2322 -0.0570 0.9598 197.06 24.81 3.50 0.02 -0.01 4.37 -3.0100 0.8100 -4.8000 -0.3600 1.1711 -0.5200 3.27 -0.67 9.21 164 250 186 205 171 
0.1798 0.1384 -0.0509 0.9726 201.44 12.94 1.81 8.88 -5.34 10.90 9.9000 -4.8000 1.5400 0.0156 9.1689 0.3144 -3.11 0.00 9.29 179 162 154 178 147 
0.0601 -0.4300 0.0486 0.8995 180.44 -54.69 -12.44 -11.55 10.37 3.70 -7.5900 5.3700 -5.5500 -1.1644 -0.4833 1.3244 -7.69 1.92 5.76 193 164 157 186 151 
-0.0823 -0.4466 0.0671 0.8884 170.50 -51.38 -18.25 -7.82 1.54 11.37 0.4300 0.0900 5.1000 -0.1222 -0.3611 -0.3633 -7.56 1.72 5.99 196 168 156 189 149 
-0.0619 -0.4298 0.0581 0.8989 172.31 -49.50 -13.31 -8.26 1.89 4.78 -1.8400 1.2800 -1.0600 0.0733 -1.3311 -1.1389 -6.76 0.88 7.04 194 182 170 192 159 
0.0310 -0.2661 0.0237 0.9632 187.44 -21.06 0.75 -2.65 2.58 6.63 0.7100 3.2900 -3.3900 -1.1033 -6.9844 -2.7611 1.61 -1.04 9.61 182 283 189 203 171 
0.1796 0.2361 -0.1292 0.9462 202.56 38.94 16.12 11.88 -6.57 7.36 5.6800 -3.8100 1.0700 -0.7478 -2.4933 0.1900 7.71 -2.82 5.34 179 310 192 217 174 
0.1395 0.4273 -0.2509 0.8573 194.37 53.63 32.56 13.04 -4.85 5.06 3.6700 -1.7300 -1.5800 2.1233 1.7289 1.4789 7.02 -3.12 6.08 115 347 183 203 164 
-0.0185 0.3710 -0.1502 0.9163 173.81 40.63 19.19 5.91 -0.93 5.02 -0.4200 1.9600 -2.1000 2.6222 2.0456 -0.0456 5.38 -1.04 8.12 113 330 177 202 165 
-0.1032 0.2543 0.0099 0.9615 167.44 27.37 0.50 3.07 1.61 6.40 0.1600 1.7500 -2.4800 0.8567 1.2600 -0.0644 3.57 0.52 9.11 118 321 181 195 159 
-0.1198 0.1462 0.0569 0.9803 164.69 15.56 -5.12 1.81 2.18 7.51 -1.0400 1.1000 -1.9800 0.6400 1.3089 0.3011 1.75 1.24 9.56 131 193 169 189 156 
-0.1360 0.0380 0.0740 0.9872 166.12 3.56 -6.69 2.44 4.01 8.38 2.9400 3.1200 -0.6700 -0.8233 1.0211 -1.0622 -0.34 0.48 9.78 118 166 175 191 157 
0.0031 -0.0955 -0.0281 0.9951 185.19 -15.13 7.31 -1.78 -0.71 7.60 1.6100 0.8600 -1.6800 -0.8756 2.8667 -2.6222 -4.19 -2.82 8.40 111 174 174 205 166 
0.1712 -0.2402 -0.1245 0.9474 201.25 -24.25 21.62 -5.70 -6.79 7.85 -1.2800 -1.8600 -0.2200 0.0144 0.0133 -0.3778 -3.92 -3.49 8.28 109 181 173 196 167 
0.1924 -0.2273 -0.1469 0.9433 203.06 -19.75 23.25 -4.01 -2.59 2.74 -0.5200 0.2400 -6.9100 0.7411 -2.3856 -0.7822 -1.60 -3.41 9.05 113 182 175 206 167 
;
