0.6916 0.0655 -0.0768 0.7152 267.87 11.50 1.56 2.21 -0.98 9.79 0.1700 -0.7800 0.1700 0.1333 -0.0656 -0.1522 1.97 -0.24 9.60 171 322 342 360 222 
0.6953 0.0630 -0.0776 0.7117 268.56 11.19 1.44 2.00 -0.26 9.57 0.0700 -0.0300 -0.0600 -0.1033 0.0256 0.1022 1.93 -0.39 9.60 166 309 333 343 214 
0.6711 0.0728 -0.1114 0.7293 260.19 20.56 4.69 6.58 4.10 8.94 1.7400 5.7800 -0.6800 1.3378 -7.2356 2.9811 7.11 -1.28 6.63 179 263 254 255 195 
0.3940 0.3088 -0.2632 0.8247 223.44 39.69 17.31 11.28 -4.90 9.51 5.1100 -1.8900 0.4200 0.3822 9.5644 5.3033 -0.06 -2.99 9.33 175 156 158 185 145 
0.1436 -0.1937 -0.0893 0.9664 193.25 -28.75 9.31 -4.24 -0.28 -1.34 3.3800 0.2700 -9.6000 1.5456 2.3133 2.6367 -6.50 0.68 7.30 188 162 171 190 147 
0.0037 -0.3547 0.0876 0.9308 180.00 -40.13 -12.44 -8.19 5.57 9.60 0.3100 2.7200 0.4400 -0.8256 -0.9867 -0.4900 -5.74 0.96 7.89 188 165 177 193 150 
0.0132 -0.2994 0.0468 0.9529 182.31 -34.63 -4.94 -6.14 0.63 8.02 -0.7100 -0.1900 -0.6300 -0.3489 -0.6911 -0.6789 -5.07 0.15 8.38 190 174 179 200 158 
0.0703 -0.2068 -0.0005 0.9758 190.75 -17.75 3.69 -3.95 1.01 4.66 -2.2700 1.5100 -4.6100 1.1967 -6.9822 -3.0544 1.64 -0.27 9.66 134 222 227 228 179 
0.2700 0.1488 -0.0532 0.9498 219.87 18.31 6.00 6.39 -6.36 7.06 2.8600 -4.7100 -0.6300 0.7467 0.4311 -2.3833 2.90 -0.90 9.32 110 215 215 227 177 
0.4528 0.1055 -0.0865 0.8811 233.69 12.88 1.87 4.86 -0.21 9.26 3.1600 -0.2500 -0.6600 1.3244 0.5967 1.3933 1.49 0.39 9.68 123 207 203 224 168 
0.3448 0.1486 0.0091 0.9268 216.31 24.06 -9.69 13.26 1.88 8.10 6.2200 -0.2300 -2.1100 4.8011 -11.4022 6.3400 9.65 -0.07 1.71 179 174 182 199 147 
-0.1249 0.7141 0.0118 0.6887 155.25 77.62 96.69 -6.38 1.75 6.67 -14.8800 3.9400 4.8800 -2.4733 -2.1111 -0.5744 9.46 -1.94 -1.69 197 172 181 196 149 
-0.0407 0.7604 -0.0610 0.6453 171.75 77.56 138.19 11.23 -0.09 0.78 1.2400 1.6800 3.4500 -0.4056 1.1578 -0.0244 9.62 -1.50 -1.08 198 179 183 204 156 
;
