0.7332 -0.0046 0.0349 -0.6792 85.56 -2.50 3.12 -0.40 -0.64 9.81 0.0500 -0.0900 0.0400 -0.0278 -0.0122 0.0167 -0.42 -0.56 9.78 176 320 348 389 216 
0.7339 -0.0070 0.0358 -0.6782 85.44 -2.44 3.37 -0.35 -0.71 9.80 -0.0700 -0.1600 0.0100 -0.1044 -0.0344 -0.0078 -0.40 -0.64 9.77 176 320 346 383 217 
0.7338 -0.0119 0.0378 -0.6782 85.50 -2.19 4.00 -0.24 -0.77 9.73 0.1400 -0.0600 0.0500 -0.0956 -0.0256 -0.0133 -0.34 -0.75 9.77 176 312 342 377 217 
0.7342 -0.0231 0.0416 -0.6772 85.06 -1.69 5.62 -0.88 -0.75 11.92 0.0400 0.5400 2.8100 -0.0022 -1.4367 0.8367 0.39 -1.08 9.73 171 266 265 268 213 
0.7686 -0.1122 0.0264 -0.6293 74.00 5.25 16.75 4.88 -3.57 9.73 3.7100 -0.0700 -0.1300 -1.6433 -0.1700 6.7911 -0.72 -4.17 8.84 182 214 176 194 182 
0.9278 -0.1628 0.2371 -0.2377 22.37 -26.31 24.81 -4.89 0.04 4.11 0.2200 3.4900 -3.6100 0.5322 1.9211 4.7178 -6.47 -1.38 7.23 188 194 159 174 169 
0.9141 -0.0173 0.3995 0.0668 349.50 -48.38 -4.75 -11.92 2.84 6.66 -0.7800 1.8800 -0.5000 -0.5078 0.6022 -0.2333 -7.73 0.55 5.99 190 196 163 179 168 
0.8903 -0.0179 0.4443 0.0984 347.19 -52.19 -5.75 -8.29 1.16 6.72 -1.1300 0.2600 0.5500 0.0333 -0.2156 -0.2856 -7.63 0.56 6.12 190 200 168 186 170 
0.8998 -0.0202 0.4277 0.0842 350.37 -50.00 -1.56 -6.87 0.81 5.35 0.0000 0.9200 -1.2800 -0.0711 -1.5367 -1.2556 -6.84 -0.47 7.00 189 213 175 190 174 
0.9517 -0.0689 0.2988 -0.0143 4.87 -30.50 11.69 -5.23 0.35 6.08 -0.8100 2.3400 -2.5500 -0.3744 -2.9156 -4.5478 -1.73 -3.18 9.11 181 250 211 218 198 
0.9304 -0.1780 0.0321 -0.3187 46.44 10.13 20.25 7.80 -1.94 9.59 5.5700 0.8000 1.1700 -0.6456 2.3611 -4.6778 2.23 -2.94 9.08 181 318 292 334 207 
0.7703 -0.1333 0.0204 -0.6233 80.62 4.50 11.06 3.69 -0.65 11.57 3.5200 1.7000 3.3900 0.5978 0.7156 -0.1256 0.25 -1.60 9.67 183 344 316 375 213 
0.7567 -0.0724 0.0421 -0.6484 81.12 2.37 9.25 0.20 -1.44 9.28 0.4600 0.3300 -0.2200 -0.0467 0.0611 -0.0378 0.37 -1.59 9.66 181 332 325 380 214 
0.7574 -0.0685 0.0453 -0.6477 80.87 1.00 9.00 1.59 -1.38 13.86 3.2600 0.0200 6.6000 -0.6567 -0.7589 1.1811 0.43 -1.83 9.62 183 261 260 253 212 
0.8444 -0.1282 0.0634 -0.5163 53.50 -2.25 21.31 2.58 -0.90 9.38 2.2600 3.5300 -1.4700 -3.6767 1.8744 5.8144 -3.49 -5.07 7.62 183 174 174 196 176 
0.9120 -0.2321 0.3221 -0.1029 4.00 -38.25 33.19 -5.15 0.73 1.46 -0.1400 3.9400 -4.5400 0.0933 -0.1922 3.6111 -7.20 -1.98 6.34 187 168 170 190 165 
0.8940 -0.1367 0.3961 0.1584 339.56 -48.88 10.00 -8.60 0.27 6.91 0.8700 1.1000 -0.1600 -0.2567 0.2611 -0.7611 -7.35 -1.67 6.26 184 170 174 194 168 
0.8972 -0.1585 0.3906 0.1322 343.69 -47.13 15.38 -8.09 -1.09 6.65 -1.5100 1.0500 0.0100 0.1389 -1.0500 -1.2956 -6.59 -2.18 6.91 184 179 179 201 173 
0.9341 -0.1762 0.3072 0.0458 0.44 -31.00 25.00 -5.39 -0.63 5.19 -1.2300 2.9400 -2.4100 0.8522 -2.2667 -4.8500 -1.96 -4.67 8.39 10 235 215 238 202 
0.9164 -0.2472 0.0852 -0.3030 42.06 4.00 29.69 3.23 -3.19 6.71 2.8200 1.4700 -0.9500 0.8678 0.5556 -4.9378 2.44 -3.61 8.78 177 300 270 322 207 
0.7947 -0.1698 -0.0001 -0.5828 76.25 7.75 12.13 3.86 -2.04 11.42 0.4500 0.2600 2.3600 2.0667 1.1933 -0.2300 0.13 -0.50 9.79 182 360 336 373 211 
;
