0.7344 0.0140 0.0059 -0.6786 85.44 -1.56 -0.69 -0.45 0.07 9.79 -0.1500 -0.0400 0.0100 -0.0022 0.0000 0.0011 -0.28 0.11 9.80 177 359 357 390 214 
0.7344 0.0143 0.0066 -0.6786 85.44 -1.62 -0.69 -0.41 0.05 9.86 -0.1100 -0.0400 -0.0300 -0.0022 0.0067 -0.0011 -0.29 0.11 9.80 176 357 353 389 213 
0.7343 0.0146 0.0073 -0.6786 85.44 -1.75 -0.62 -0.44 0.04 9.85 -0.1100 -0.0300 0.0400 0.0067 -0.0078 -0.0067 -0.30 0.11 9.80 177 358 358 389 213 
0.7341 0.0148 0.0078 -0.6789 85.50 -1.75 -0.62 -0.61 0.06 9.91 -0.2700 -0.0400 0.0300 0.0833 -0.1133 0.0067 -0.25 0.15 9.80 180 353 354 390 214 
0.7355 0.0081 -0.0074 -0.6774 85.19 1.25 -0.44 3.31 2.35 14.81 1.8600 1.9400 5.6500 -1.4256 -2.1222 1.1833 1.52 -0.84 9.64 169 306 270 297 219 
0.7763 -0.1740 -0.1426 -0.5888 66.87 37.38 7.44 13.18 -2.16 6.00 5.8800 -0.8600 -0.7900 3.8167 -4.3633 4.6467 8.09 -1.87 5.21 169 306 318 320 220 
0.8530 -0.2250 -0.4481 -0.1451 10.06 53.88 28.56 7.12 -0.56 4.22 -0.3300 2.7000 -1.0300 2.7656 1.0389 2.2678 7.03 -2.88 6.20 175 326 329 338 219 
0.9082 -0.1100 -0.3873 0.1140 341.81 41.50 21.94 4.75 1.97 5.48 -1.6900 4.4900 -1.2300 1.2333 0.0778 1.1278 6.17 -2.58 7.16 178 337 342 346 218 
0.9039 -0.0531 -0.3572 0.2292 330.19 38.50 19.25 5.14 0.25 7.11 -1.5800 2.5300 -0.2900 -0.1600 -0.0244 -0.0578 6.11 -2.54 7.23 178 337 337 356 218 
0.9001 -0.0587 -0.3679 0.2258 333.62 40.44 22.69 7.34 0.54 7.31 0.4600 4.5800 0.0700 -2.8144 -0.6467 -0.6256 6.84 -3.82 5.89 177 308 340 361 222 
0.8701 -0.2096 -0.4322 0.1103 348.75 44.94 45.25 9.36 -3.73 2.34 1.0500 0.2700 -2.3600 -2.9178 0.0056 0.4833 6.72 -6.07 3.73 171 275 320 374 225 
0.8129 -0.4001 -0.4225 0.0246 358.12 41.25 66.12 5.57 -9.68 1.68 -0.5900 -2.2000 -0.7300 -0.4444 0.1967 -0.1889 6.49 -6.79 2.78 168 287 332 381 223 
0.8013 -0.4373 -0.4081 -0.0135 2.25 41.81 67.44 5.43 -5.79 2.91 -0.6000 1.3600 0.4300 -0.0411 -0.1244 -0.2033 6.66 -6.66 2.71 168 293 330 381 224 
0.7941 -0.4349 -0.4238 -0.0258 4.44 44.94 68.75 6.41 -4.66 3.05 -0.7500 1.1800 0.5100 -0.5322 -0.4667 -0.6567 7.27 -6.23 2.07 170 288 320 367 222 
0.7655 -0.4417 -0.4628 -0.0687 11.63 51.19 71.50 4.02 -4.60 -1.61 -6.5600 -1.4600 -6.0900 0.6011 -0.7578 -0.7678 8.08 -5.16 2.02 157 303 174 181 162 
0.7488 -0.3674 -0.5499 -0.0436 357.87 59.69 91.56 15.79 -6.10 -3.20 7.0500 -1.2300 -2.0600 1.7300 -2.9189 1.2089 7.82 -5.69 -1.57 142 351 180 194 166 
0.6136 -0.3124 -0.7013 0.1845 319.94 45.56 104.19 8.71 -5.76 -2.68 1.5900 1.1300 -1.4100 1.8600 -1.5078 0.6389 6.36 -7.30 -1.49 151 354 185 199 171 
0.5809 -0.2357 -0.6968 0.3486 295.31 40.44 91.81 4.83 -1.99 11.08 1.5800 5.6600 10.5900 -0.6967 -0.8056 0.0600 6.39 -7.43 -0.23 154 357 191 204 171 
0.5754 -0.2245 -0.7078 0.3428 300.12 41.31 102.44 8.22 -9.14 -8.37 1.4600 -2.1400 -6.9600 0.2344 0.1678 -0.0989 6.52 -7.10 -1.76 152 362 193 205 171 
0.5769 -0.2158 -0.7099 0.3416 297.44 42.50 93.12 5.46 -1.99 8.56 0.8000 5.5800 9.3300 -0.3878 0.9300 -0.5233 6.85 -6.99 0.49 149 357 194 206 174 
0.6774 -0.2248 -0.6412 0.2817 327.00 51.06 80.75 8.90 -1.96 2.89 0.3700 3.2400 -0.1800 -4.4567 6.8433 -4.5233 8.16 -4.09 3.56 153 297 230 247 198 
0.8547 -0.2903 -0.2960 -0.3123 51.75 32.44 17.25 6.16 -1.83 5.94 0.4700 0.5600 -2.2700 0.4311 6.3889 -3.3500 1.23 -1.43 9.62 179 331 330 367 203 
0.7847 -0.0357 0.0151 -0.6187 78.31 0.75 1.25 2.54 -0.19 9.72 1.9800 0.4900 -0.3800 1.3011 -0.1089 -0.1400 0.17 0.78 9.77 179 374 352 388 210 
;
