0.9343 0.0498 -0.2877 -0.2043 24.62 31.12 -14.25 5.07 2.09 8.08 0.0100 0.0300 -0.0400 0.0000 -0.0033 0.0000 5.07 2.06 8.13 150 264 274 269 203 
0.9343 0.0501 -0.2880 -0.2039 24.62 31.19 -14.25 5.04 2.06 8.02 -0.1200 -0.1000 -0.1600 0.0222 -0.3211 -0.0433 5.23 2.10 8.02 146 263 278 269 203 
0.9131 0.0451 -0.3468 -0.2095 26.56 44.69 -19.50 12.05 1.72 7.56 7.6800 -1.2900 2.2400 0.9822 -5.9811 1.0033 9.17 2.15 2.70 158 271 297 299 210 
0.7379 -0.0106 -0.6651 -0.1147 11.44 84.62 -4.31 13.11 0.84 0.40 2.4600 -0.0300 -0.6200 1.7500 0.6478 2.0322 9.75 -0.82 0.50 168 303 299 347 213 
0.7396 -0.0355 -0.6673 0.0801 344.37 75.87 53.69 7.84 -2.06 -2.17 -1.5700 0.0900 -4.0100 1.1411 0.9733 1.0844 9.09 -2.63 2.55 172 331 340 358 213 
0.8001 -0.0403 -0.5658 0.1951 331.44 61.19 36.69 5.03 1.00 2.71 -3.7500 3.6800 -1.2600 0.8867 1.0800 0.2378 8.15 -2.71 4.72 174 339 341 360 214 
0.8381 -0.0157 -0.4888 0.2418 327.31 53.50 25.44 5.84 -0.59 5.87 -1.9900 1.8600 0.6000 0.1656 -0.1222 0.0678 7.87 -2.41 5.32 177 338 305 366 216 
0.8386 -0.0094 -0.4856 0.2468 328.19 55.00 27.50 8.08 0.67 6.20 -0.4300 2.9500 1.8700 -2.2322 -0.4600 -0.2956 8.26 -3.19 4.19 182 305 318 367 221 
0.8167 -0.1269 -0.5435 0.1473 342.06 57.63 47.81 10.91 -1.10 2.30 2.5400 2.8200 -1.2300 -2.4811 0.8800 0.8222 7.87 -4.91 3.17 177 290 328 374 221 
0.8045 -0.3086 -0.5007 0.0831 348.37 46.06 64.87 2.09 -10.78 1.48 -4.4500 -4.2700 -1.1800 -1.6467 0.4489 0.2711 6.66 -6.80 2.31 173 310 333 380 223 
0.7762 -0.4228 -0.4656 0.0446 354.06 43.63 73.75 6.98 -6.77 1.53 -0.1700 0.2300 -0.0400 -0.1244 -0.1944 0.0700 6.80 -6.82 1.81 175 314 336 382 222 
0.7618 -0.4285 -0.4841 0.0416 354.19 45.13 76.94 3.07 -4.97 0.27 -5.3300 1.1300 -1.7500 -0.2311 -0.1478 -1.2011 7.51 -6.14 1.38 177 311 331 375 220 
0.7570 -0.4045 -0.5126 -0.0221 4.94 53.50 74.87 15.22 -8.24 3.32 8.6500 -2.2900 2.2800 1.4967 3.2578 0.9822 7.07 -5.86 3.43 181 314 323 364 213 
0.8535 -0.4404 -0.2747 -0.0468 5.31 23.25 61.50 2.00 -6.66 4.30 -1.7900 2.5400 -2.3900 -3.3944 0.1367 2.2289 2.11 -9.32 2.15 170 340 336 364 212 
0.7559 -0.6440 -0.1155 0.0244 357.62 6.87 82.50 -3.02 -4.27 -6.68 -3.6700 5.9200 -8.1000 1.7967 0.3711 -1.0900 1.70 -9.38 2.26 171 346 316 371 214 
0.8369 -0.5270 -0.1426 -0.0404 7.87 21.50 54.31 10.60 3.40 14.00 10.7700 7.4600 19.1000 6.0433 1.3689 -1.0533 4.02 -3.48 8.23 174 339 337 368 211 
0.9547 -0.2141 -0.1935 -0.0732 8.19 23.87 31.69 4.42 -1.11 7.86 0.5200 4.8600 -2.7200 -5.1111 -0.1933 1.7167 3.23 -7.64 5.21 175 341 331 364 213 
0.8339 -0.5354 -0.1310 -0.0281 3.44 11.88 68.87 -4.73 -5.24 -11.46 -6.5400 4.3500 -14.2600 4.2511 -0.2767 -1.1200 2.26 -7.85 5.42 176 342 335 361 213 
0.9356 -0.3163 -0.1437 -0.0629 8.44 17.94 26.62 3.69 -2.20 29.14 0.7200 0.4100 19.7900 -0.7978 -1.7689 -0.4389 3.76 -3.58 8.31 177 340 336 362 212 
0.9307 -0.2857 -0.2120 -0.0850 10.69 27.62 40.63 4.44 -4.23 1.29 -0.0100 1.7300 -6.0000 -2.3767 -0.9556 0.8167 4.65 -7.13 4.85 177 341 330 363 213 
0.8514 -0.4656 -0.2319 -0.0667 9.00 26.94 58.88 3.28 -7.44 3.30 -0.9500 0.1200 -0.4800 0.2489 -0.0500 -0.2767 4.58 -7.28 4.69 176 338 334 364 213 
0.8583 -0.4471 -0.2401 -0.0761 10.13 29.19 56.31 4.96 -6.83 5.12 -0.1200 0.2800 0.1100 -0.0089 -0.2344 -0.1144 4.95 -7.07 4.64 177 333 335 356 214 
;
