0.4735 -0.0727 -0.0104 -0.8777 123.50 7.87 2.87 1.44 -0.54 9.61 0.0200 -0.0800 -0.0700 -0.0100 -0.0078 0.0033 1.35 -0.49 9.69 166 318 342 378 213 
0.4697 -0.0732 -0.0100 -0.8798 123.81 7.94 2.94 1.43 -0.57 9.65 0.0700 -0.0800 -0.0800 0.0000 0.0044 0.0011 1.35 -0.50 9.69 167 315 341 379 213 
0.4669 -0.0729 -0.0096 -0.8812 124.12 7.81 2.81 0.79 -1.22 10.26 -0.4000 -0.6000 1.6500 0.5200 -0.9989 0.7822 1.77 -0.26 9.64 167 311 335 364 213 
0.5148 -0.1329 -0.0620 -0.8447 113.44 22.87 1.87 6.81 -1.62 10.69 2.4800 -0.7700 0.5600 2.5656 -5.2589 2.8633 6.87 -0.08 6.99 169 304 336 357 215 
0.6448 -0.3339 -0.3379 -0.5988 77.69 61.63 5.19 9.99 0.19 2.08 1.1800 1.0800 -2.1100 3.3189 -0.2667 2.3256 8.82 -0.99 4.15 175 314 340 367 216 
0.7852 -0.2728 -0.4382 -0.3422 41.69 59.13 15.88 5.63 0.07 3.75 -2.9000 1.6700 -0.9500 1.9833 0.3589 1.5800 8.06 -1.60 5.33 180 324 348 372 215 
0.8633 -0.1971 -0.4279 -0.1808 20.62 53.56 19.62 5.43 1.60 6.10 -2.1100 3.5300 0.6500 0.1500 -0.5233 0.9767 7.89 -2.49 5.26 181 333 343 366 216 
0.8600 -0.2267 -0.4457 -0.1009 13.31 55.69 35.63 8.04 -1.23 4.89 -0.1800 2.4800 0.7700 -1.7811 -0.4378 0.0478 8.31 -3.84 3.49 182 287 330 365 219 
0.7986 -0.3477 -0.4692 -0.1459 23.12 58.19 56.31 9.59 -0.93 2.47 1.5400 3.3400 -0.9500 -2.5989 0.4167 0.4611 8.14 -5.02 2.16 174 292 295 368 222 
0.7401 -0.4937 -0.4120 -0.1971 29.19 52.13 76.50 5.26 -10.85 -1.14 -2.1600 -5.0100 -2.2200 -1.0956 0.2933 0.2289 7.53 -6.20 0.94 170 305 319 372 222 
0.7098 -0.5562 -0.3744 -0.2161 34.19 50.69 80.62 6.88 -5.94 0.83 -0.9700 0.7000 -0.1600 0.1789 -0.2444 -0.1311 7.66 -6.04 0.96 171 308 313 373 222 
0.7109 -0.5372 -0.3989 -0.2169 33.38 54.63 75.31 1.53 -1.01 -0.91 -7.4000 3.2200 -3.9800 1.6467 2.0000 -1.0078 8.03 -4.56 3.28 170 236 197 198 162 
0.8109 -0.3563 -0.3514 -0.3032 45.31 44.88 26.62 13.00 -4.77 13.65 4.7400 -3.4000 9.5000 0.1644 6.9456 1.0822 3.00 -3.01 8.83 176 166 171 163 144 
0.9257 -0.1445 0.0491 -0.3461 35.94 -12.69 16.69 -2.67 1.39 7.20 1.3500 2.8200 -4.0800 0.4622 3.5878 4.7178 -5.79 -0.93 7.85 189 162 174 167 149 
0.9315 0.0533 0.3524 -0.0731 6.19 -41.63 -6.25 -7.63 2.61 5.96 -1.0100 1.3300 -1.5500 -0.2222 -0.4856 -0.4100 -6.30 0.58 7.49 191 169 178 170 150 
;
