0.6105 0.3668 0.1450 0.6868 263.25 19.00 -43.19 3.14 6.37 6.78 -0.0400 0.0200 -0.0200 0.0067 0.0278 -0.0144 3.17 6.35 6.76 172 360 368 407 211 
0.6107 0.3654 0.1465 0.6871 263.25 18.81 -43.13 3.16 6.34 6.75 0.0000 0.0200 -0.0100 0.0078 0.0167 -0.0056 3.16 6.35 6.76 170 363 369 402 213 
0.6106 0.3647 0.1472 0.6874 263.19 18.69 -43.13 3.14 6.36 6.76 0.0200 0.0200 0.0200 0.0167 0.1244 -0.0356 3.07 6.36 6.79 170 365 367 404 212 
0.6090 0.3560 0.1591 0.6907 262.12 16.56 -43.44 4.04 8.16 9.17 1.8300 2.1100 2.8500 1.7911 -0.1678 2.3644 3.93 6.69 5.99 177 343 357 398 217 
0.4346 0.4894 0.1394 0.7431 235.44 43.56 -54.50 16.04 9.43 6.18 6.0500 2.1900 0.4900 2.3867 -2.7022 6.0033 9.29 2.66 1.61 187 348 349 403 215 
0.0316 0.6896 -0.0107 0.7234 175.12 83.62 4.25 6.60 0.30 -1.78 -4.5100 1.3200 -3.8500 1.7078 2.7367 1.8856 9.13 -2.07 2.91 190 354 349 399 217 
-0.1844 0.5435 -0.0363 0.8181 150.56 57.88 32.13 3.23 1.04 0.90 -4.4000 4.4200 -2.5400 1.5567 0.6756 1.0667 7.77 -2.98 5.18 162 364 344 393 220 
-0.3063 0.4719 -0.0084 0.8267 139.00 50.06 28.44 7.30 1.44 7.73 -0.3900 3.7600 1.6500 -1.6667 0.1300 -0.0689 7.40 -3.48 5.40 134 312 338 402 225 
-0.2236 0.4806 -0.1285 0.8382 156.25 48.06 46.19 11.92 -0.51 0.70 2.5800 4.1100 -3.1200 -4.1967 2.6267 -1.0367 6.88 -5.65 4.08 165 289 321 388 225 
0.0058 0.3718 -0.3803 0.8468 182.25 38.13 57.06 3.38 -11.05 1.72 -4.0000 -5.7500 -2.4200 -1.0589 0.7722 -0.1956 5.60 -6.98 4.00 165 299 325 402 226 
0.0732 0.3060 -0.4500 0.8358 190.81 35.56 59.81 5.59 -6.83 4.40 -0.0200 0.5900 0.2600 -0.1700 0.0122 -0.0544 5.74 -6.88 3.97 168 307 331 403 226 
0.0764 0.3109 -0.4539 0.8315 190.12 35.94 61.44 6.33 -6.22 3.63 0.6800 0.7200 -0.0700 -0.1756 -0.0978 0.0967 5.78 -7.03 3.63 172 310 329 406 225 
0.0630 0.3260 -0.4603 0.8233 188.31 36.94 63.19 4.40 -6.33 3.83 -1.5000 0.5100 0.2500 0.3544 -0.4800 -0.3589 6.19 -6.77 3.45 163 280 309 342 219 
0.0591 0.3697 -0.4162 0.8286 189.12 42.75 55.63 8.58 -9.29 2.84 3.6500 -3.1200 -0.8000 3.0000 2.2600 -1.6422 6.62 -4.15 5.92 161 285 162 186 137 
0.1056 0.2839 -0.2098 0.9296 191.87 30.19 20.75 9.19 -2.62 8.63 3.5700 1.5400 0.1800 1.7433 2.6822 1.4433 3.01 -2.30 9.04 126 183 159 184 134 
0.0143 0.0914 -0.0898 0.9916 180.00 6.19 8.13 -0.31 1.81 7.07 -1.3200 3.4300 -2.1500 0.7700 1.1311 1.0311 -0.09 -0.68 9.78 125 186 158 177 135 
-0.0560 -0.0244 -0.0253 0.9978 173.25 -3.56 2.44 -0.96 2.52 9.60 -0.0800 2.9700 0.0700 -0.5289 0.4589 -0.4667 -0.89 -0.72 9.73 130 195 170 188 142 
-0.0087 -0.0784 -0.0765 0.9940 182.50 -11.63 11.81 1.60 -1.60 8.32 2.4200 0.0500 -1.2900 -0.9856 2.9056 -2.3667 -3.43 -3.20 8.60 125 213 169 196 145 
0.1492 -0.2521 -0.1824 0.9385 198.56 -24.94 28.50 -4.71 -7.16 7.58 -0.5900 -2.3900 -0.4100 -0.3100 0.2900 -0.3833 -3.97 -4.55 7.71 127 193 168 203 148 
0.1616 -0.2466 -0.2119 0.9318 199.81 -21.50 30.87 -4.57 -2.24 3.73 -1.1700 2.0000 -5.3700 0.2956 -2.2733 -0.8000 -1.87 -4.65 8.42 130 200 170 197 153 
0.1960 -0.0523 -0.2104 0.9563 204.69 6.75 21.81 2.87 -1.46 2.22 1.0300 1.8400 -6.3000 2.2711 -3.0922 -3.7533 4.23 -1.27 8.75 147 216 171 201 153 
;
