0.6661 0.1605 0.0337 0.7277 264.94 10.88 -15.50 1.83 2.55 9.23 -0.0600 -0.1100 -0.0900 -0.0011 -0.0011 0.0100 1.84 2.58 9.27 176 359 363 389 214 
0.6658 0.1603 0.0341 0.7278 264.87 10.81 -15.50 1.79 2.51 9.29 -0.1100 -0.1600 -0.0500 0.0722 0.0711 -0.0056 1.80 2.63 9.27 177 359 363 389 213 
0.6646 0.1616 0.0401 0.7285 264.69 10.44 -16.12 1.84 2.62 9.29 0.0000 -0.0900 0.0000 0.0067 0.0267 0.0000 1.76 2.69 9.26 173 361 363 391 213 
0.6630 0.1617 0.0441 0.7296 264.00 10.00 -17.06 2.59 5.55 10.35 1.8600 3.4000 1.6800 0.6022 -0.5544 1.3789 2.23 3.15 9.01 180 323 344 368 215 
0.5823 0.1881 0.0516 0.7892 248.50 16.56 -17.37 5.90 3.59 11.90 2.3800 0.4900 2.7100 1.3589 -3.5222 4.0544 5.66 2.24 7.68 183 334 344 373 214 
0.3163 0.4062 -0.0600 0.8552 213.12 52.50 -9.38 9.55 0.21 5.28 1.0900 -0.5100 -0.5300 2.0733 -0.7600 3.2144 8.35 -0.30 5.12 180 338 346 387 214 
0.0376 0.4695 -0.0626 0.8799 180.81 54.56 8.94 4.93 -0.55 3.74 -1.9800 0.9800 -1.9600 1.3533 0.7856 1.0544 7.65 -0.99 6.05 186 344 353 395 214 
-0.0887 0.4152 -0.0057 0.9054 167.00 47.44 6.00 3.71 2.16 6.10 -3.0600 2.9500 0.0100 0.8867 0.3211 0.3544 7.03 -0.45 6.82 189 350 353 394 215 
-0.1357 0.3894 0.0325 0.9105 162.81 45.88 4.75 6.35 2.61 7.16 -0.4500 3.2300 0.3600 -1.5122 -0.3778 0.1500 7.20 -1.29 6.52 194 332 330 386 221 
-0.1047 0.4266 -0.0606 0.8964 168.62 49.19 21.25 9.30 0.07 5.24 2.0100 3.1500 -1.5800 -2.6133 0.6767 -0.2233 7.29 -3.30 5.66 180 293 320 383 223 
-0.0132 0.4122 -0.2330 0.8807 179.62 44.19 41.75 4.62 -6.57 3.46 -2.7800 -3.5100 -0.8600 -2.9244 1.1533 0.5711 6.18 -6.18 4.43 177 298 332 385 227 
0.0482 0.3505 -0.4144 0.8385 187.06 39.13 58.44 6.75 -7.61 2.78 1.0400 -0.1800 0.0300 0.2144 0.2833 -0.1133 6.22 -6.37 4.10 175 308 334 388 223 
0.0612 0.3458 -0.4156 0.8391 188.37 39.19 57.88 4.69 -4.48 3.88 -2.1100 2.0500 -0.1300 -0.6344 0.7267 -0.4944 6.21 -6.37 4.11 179 304 318 372 217 
0.1317 0.3004 -0.4205 0.8459 199.69 37.06 53.13 9.72 -3.21 8.70 2.1300 2.2200 3.6700 -2.4711 2.4400 0.4622 4.75 -7.31 4.47 188 326 335 379 218 
0.2083 0.0994 -0.5550 0.7992 209.06 20.62 70.37 4.29 -9.89 0.09 0.5000 -0.3500 -3.7400 -3.3211 1.3000 2.0656 1.61 -9.63 0.80 187 353 351 402 220 
0.1594 -0.0952 -0.6977 0.6920 204.87 3.50 90.12 -1.73 -8.46 -6.58 -2.6700 1.4600 -7.0800 1.4778 0.9500 -0.1400 0.51 -9.75 0.84 185 362 354 406 219 
0.1982 -0.1035 -0.6151 0.7561 210.44 6.87 70.50 1.02 -2.78 -4.68 -0.0200 7.0800 -8.2300 6.4078 -0.2856 -1.3722 2.14 -6.74 6.78 193 363 353 414 217 
0.2566 0.0740 -0.2245 0.9371 208.94 13.00 10.44 0.81 9.49 29.89 -0.8400 9.3300 22.9800 0.7522 -1.0000 0.3511 2.52 -0.10 9.47 191 357 349 402 217 
0.2327 0.1520 -0.1085 0.9545 208.31 21.44 13.00 4.58 -2.34 3.39 0.5100 0.0100 -5.7800 -0.9267 -0.2556 -0.0056 3.79 -2.99 8.53 187 352 343 389 221 
0.2503 0.1529 -0.2030 0.9342 210.81 23.31 18.69 0.87 -4.26 7.51 -2.9600 -1.9000 -0.4800 0.3211 1.3811 -1.9311 3.48 -2.15 8.91 182 294 321 339 215 
;
