0.7036 0.1493 -0.0154 0.6946 270.69 13.19 -11.13 2.33 1.80 9.38 0.0900 -0.0400 0.0000 -0.0078 0.0000 0.0011 2.25 1.84 9.36 182 364 365 403 218 
0.7036 0.1491 -0.0161 0.6946 270.69 13.25 -11.06 2.28 1.77 9.32 0.1000 -0.0400 0.0500 -0.0111 0.0056 -0.0078 2.25 1.81 9.36 176 359 366 404 217 
0.7039 0.1480 -0.0171 0.6946 270.75 13.19 -10.88 2.32 1.72 9.40 0.0600 -0.0600 0.0800 0.0322 0.0156 0.0178 2.23 1.82 9.37 179 359 365 405 216 
0.7011 0.1520 -0.0131 0.6965 269.50 14.38 -12.69 5.62 6.66 13.26 6.5300 6.2000 7.8000 0.3233 -1.3289 2.0289 3.82 2.45 8.68 184 329 353 389 222 
0.5664 0.2543 -0.0892 0.7788 243.31 33.25 -4.12 8.92 1.95 8.77 2.7100 1.8900 0.8200 0.5189 -1.5656 6.2144 5.97 -1.83 7.55 184 324 344 385 221 
0.1799 0.2908 -0.2143 0.9149 191.31 38.56 26.06 2.37 -0.24 4.45 -3.7000 4.0800 -1.6700 2.1533 -1.1244 2.7889 6.06 -3.90 6.64 187 316 343 393 223 
-0.1264 0.3570 -0.1542 0.9126 162.81 38.19 27.00 3.57 0.94 6.41 -2.0200 4.4700 0.0800 0.7967 -0.1867 -0.2467 6.30 -2.93 6.91 183 319 345 393 221 
-0.1365 0.3780 -0.1133 0.9086 163.81 41.44 25.81 7.48 0.78 6.81 1.1900 3.7600 0.1500 -3.4578 -0.8900 -0.3100 6.98 -4.62 5.09 178 279 322 367 225 
-0.0251 0.4273 -0.3245 0.8435 177.62 42.00 58.13 6.90 -6.34 1.60 -2.1600 -1.6200 -1.9400 -2.4444 0.6500 1.6078 5.47 -7.61 2.88 168 290 325 383 229 
-0.0013 0.3367 -0.5089 0.7923 181.12 32.56 73.00 4.67 -9.47 1.89 -0.0700 0.0300 -0.1700 -0.1044 0.1933 -0.5189 5.56 -7.69 2.43 168 301 327 385 229 
0.0321 0.3448 -0.5073 0.7891 184.69 35.31 72.94 4.58 -6.55 2.68 -1.5000 1.0800 0.3500 -0.4356 0.0111 -0.1400 5.72 -7.67 2.09 171 300 319 372 233 
0.0572 0.3437 -0.5301 0.7731 192.00 35.75 75.12 6.44 -3.96 1.92 2.1700 3.3100 -0.4600 -2.3700 5.7378 0.0667 4.84 -8.07 2.73 174 279 297 300 222 
0.3026 0.0453 -0.5779 0.7565 231.81 21.69 68.44 4.57 -11.75 7.95 3.4200 -1.7300 6.0700 -3.6289 1.3544 0.4244 2.88 -9.17 1.92 161 285 322 350 220 
0.3816 -0.2460 -0.6710 0.5862 248.81 9.94 99.00 1.09 -6.64 -9.06 -1.9200 3.0500 -8.1700 -3.0500 0.9111 1.6633 0.53 -8.90 -4.07 174 299 327 363 221 
0.2969 -0.4441 -0.7108 0.4575 245.00 1.00 108.69 -3.10 -6.17 -7.24 -3.0200 3.5500 -4.3600 5.1644 0.6833 -0.2589 0.41 -9.78 0.54 178 300 328 358 220 
0.4581 -0.3258 -0.5073 0.6532 249.94 1.69 73.62 3.02 -7.54 10.10 3.4300 2.9100 5.1100 -3.7500 -1.3211 -0.3489 0.61 -9.78 0.28 178 302 327 354 221 
0.3374 -0.3684 -0.6670 0.5527 240.81 1.31 104.69 -4.47 -8.40 -13.45 -5.7000 0.6400 -10.8700 0.2922 0.0600 -0.1500 0.13 -9.29 -3.13 176 303 331 361 222 
0.3502 -0.3470 -0.6631 0.5632 247.87 5.75 86.81 -0.15 -5.80 11.41 0.6900 3.2900 13.5400 3.7033 2.1467 -1.0344 1.26 -8.95 3.80 179 305 326 353 222 
0.5053 -0.2574 -0.5369 0.6246 257.44 16.00 78.87 3.75 -8.30 -3.54 0.4000 1.0000 -4.9600 -1.3256 -0.7300 0.0756 2.95 -9.34 0.30 178 293 316 333 219 
;
