0.6450 -0.4134 -0.2825 -0.5773 83.62 57.25 22.31 8.18 -1.95 4.78 0.0400 0.0100 -0.0400 0.0211 0.0622 -0.0256 8.23 -1.99 4.93 169 290 305 320 213 
0.6469 -0.4092 -0.2836 -0.5777 83.50 57.06 21.62 8.19 -1.98 4.85 0.0100 -0.0200 -0.0900 -0.0033 0.0489 -0.0433 8.21 -1.94 4.98 167 285 303 317 213 
0.6440 -0.4100 -0.2823 -0.5808 84.44 57.63 22.50 17.44 -3.31 6.62 9.9500 -2.1900 0.6400 1.5022 -0.4489 2.8500 7.99 -2.82 4.92 158 288 297 305 210 
0.7462 -0.4139 -0.2908 -0.4328 50.44 50.50 40.19 11.03 -2.65 4.37 2.1900 2.0600 -1.2600 2.5878 0.6800 4.0033 6.09 -5.06 5.77 173 306 318 329 213 
0.9050 -0.3358 -0.2292 -0.1249 9.75 25.31 37.88 2.02 -1.61 4.45 -2.6000 4.1400 -2.5400 1.6167 0.6411 2.4722 2.67 -5.18 7.88 184 331 334 356 213 
0.9556 -0.2603 -0.1254 0.0576 350.87 10.06 30.75 -0.52 -1.51 8.25 -2.1600 2.9900 0.0000 -0.0933 -0.0900 0.9111 1.25 -5.06 8.30 188 330 338 364 214 
0.9468 -0.2747 -0.1066 0.1292 343.75 7.87 35.13 -0.24 -3.22 9.16 -1.8500 2.1300 1.5700 -1.7300 0.1033 -0.7478 1.62 -6.53 7.12 184 320 320 364 217 
0.9097 -0.3815 -0.1460 0.0748 352.31 12.81 49.06 4.66 -5.02 7.16 3.9100 1.9900 0.7600 -2.2522 1.1756 -0.7800 2.33 -8.12 4.97 178 295 322 367 222 
0.8492 -0.5132 -0.1231 -0.0192 3.06 12.75 65.06 0.25 -12.31 -0.46 -2.6100 -4.0300 -4.7400 -0.4944 0.2767 -0.5222 2.31 -8.81 3.60 172 314 331 377 221 
0.8304 -0.5426 -0.1143 -0.0540 8.00 14.56 65.62 2.50 -8.43 4.60 0.0400 0.4500 0.9000 0.0856 -0.1711 -0.0544 2.52 -8.57 4.03 175 317 335 379 223 
0.8368 -0.5315 -0.1185 -0.0566 7.50 14.88 65.19 2.47 -8.33 3.87 -0.0300 0.3100 -0.2100 0.0667 -0.1733 -0.0322 2.56 -8.59 3.96 173 320 334 380 221 
0.8392 -0.5251 -0.1370 -0.0356 5.06 15.88 64.44 2.09 -7.52 4.28 -0.4200 0.9200 0.0800 0.0822 -0.1867 -0.3122 2.90 -8.40 4.12 175 321 336 380 221 
0.8425 -0.5090 -0.1733 -0.0313 4.62 20.31 63.13 0.72 -5.61 4.76 -2.0300 2.2900 0.2300 1.0600 -2.2078 -0.4733 4.45 -7.72 4.08 166 288 207 212 173 
0.8130 -0.4025 -0.4090 0.0983 333.87 37.38 74.19 11.13 -10.74 1.47 2.5700 -1.8000 0.8300 -0.8222 -3.3822 2.8800 4.19 -8.85 -0.42 129 294 179 179 148 
0.5795 -0.4198 -0.5944 0.3669 293.06 21.50 93.00 6.50 -11.11 -1.42 4.2300 -2.9900 -1.3900 1.4000 -0.2233 0.5011 3.27 -9.23 0.29 123 296 177 183 150 
0.5920 -0.3787 -0.5426 0.4601 282.06 15.25 77.87 2.46 -11.12 -1.33 -0.5700 -0.3900 -4.2300 3.7022 0.8178 1.1611 1.49 -8.37 4.87 127 300 188 187 153 
0.6808 -0.2702 -0.3160 0.6030 277.25 4.81 43.75 -2.93 1.43 9.50 -3.7500 7.4900 2.2800 0.6511 0.1856 -0.6522 0.88 -6.13 7.59 128 308 191 189 155 
0.7307 -0.2274 -0.2730 0.5829 284.37 9.31 43.50 1.38 -2.49 7.06 -1.2300 3.5400 -0.1600 -2.2233 -0.8378 -1.0922 2.52 -7.54 5.73 132 304 195 191 156 
;
0.7202 -0.2932 -0.4176 0.4700 296.75 21.44 63.94 4.94 -9.11 2.63 1.2100 -1.3400 -0.8800 -2.2556 -0.5589 -1.1022 4.46 -8.40 2.33 131 285 197 195 158 
0.6824 -0.3564 -0.5422 0.3366 309.19 31.62 81.37 5.62 -12.00 0.55 -0.1500 -4.2500 -0.8000 -0.6056 -0.0189 -1.4833 6.13 -7.60 0.82 158 275 209 213 173 
0.7184 -0.3230 -0.5771 0.2155 331.25 46.13 75.25 9.92 -8.19 0.66 3.6700 -0.9500 -0.9500 1.2356 4.2933 -0.9178 6.82 -5.65 4.19 167 305 257 302 203 
0.8889 -0.2324 -0.3688 0.1411 341.75 30.87 34.50 3.46 -2.68 7.06 -1.2100 2.4400 -0.4900 1.2544 2.2356 0.9067 3.29 -4.15 8.24 180 338 323 354 204 
0.9511 -0.1740 -0.1744 0.1863 336.75 13.69 23.31 0.44 -0.61 8.22 -1.9600 2.8700 -0.6200 0.2756 0.0067 0.5944 1.96 -3.64 8.88 184 345 333 364 206 
0.9506 -0.1597 -0.1392 0.2270 332.56 11.13 21.69 1.38 -1.89 8.65 -0.4600 1.7500 -0.0800 0.0578 -0.3989 0.1622 2.09 -3.50 8.91 184 339 339 361 208 
0.9431 -0.1518 -0.1647 0.2457 331.00 14.94 23.25 2.25 -0.02 10.52 -0.7600 4.1700 1.1900 -1.7556 -0.8778 -0.7689 3.34 -4.70 7.92 183 315 302 370 215 
0.9178 -0.2493 -0.2521 0.1785 340.06 22.06 39.38 7.08 -3.51 5.97 2.9400 0.6200 -0.1200 -1.9644 1.3700 -0.3311 3.26 -6.68 6.39 173 299 309 374 219 
0.8848 -0.3949 -0.2311 0.0875 350.56 20.44 54.56 3.05 -12.03 1.37 0.7800 -2.8200 -2.8900 -0.4711 0.1111 -0.4911 3.71 -7.64 4.88 166 315 317 380 219 
0.8643 -0.4385 -0.2420 0.0458 353.87 22.12 57.38 2.34 -7.24 5.27 -1.0900 0.6600 0.4800 -0.1544 -0.1867 0.0122 3.72 -7.72 4.75 168 317 319 385 220 
0.8557 -0.4479 -0.2548 0.0477 353.62 24.12 59.63 2.53 -5.75 4.20 -1.0400 2.2900 -0.1200 1.9911 -1.5733 0.2244 4.61 -7.18 4.82 159 303 234 247 192 
0.8311 -0.3729 -0.3826 0.1548 332.25 32.50 64.56 5.87 -7.60 3.88 0.4000 -0.4000 -0.8600 -0.6111 -4.1322 2.5689 4.56 -8.53 1.59 127 302 182 186 150 
0.6435 -0.4180 -0.5316 0.3587 298.06 20.37 85.94 3.06 -12.87 -0.37 0.8200 -3.4600 -0.7800 0.5678 -0.4244 0.4578 2.96 -9.31 0.77 123 305 188 193 152 
0.6118 -0.4038 -0.5204 0.4379 286.81 15.31 79.31 5.59 -12.72 0.25 3.0100 -2.7600 -2.3800 2.9122 0.6111 0.7733 1.83 -8.77 3.97 129 315 193 197 155 
0.6721 -0.3172 -0.3679 0.5588 279.69 5.94 52.13 -1.89 -0.76 6.38 -3.3200 6.6300 0.6400 2.1044 0.7267 0.2767 0.39 -6.49 7.33 130 321 194 198 158 
0.7214 -0.2465 -0.2380 0.6019 281.56 3.81 41.19 -1.03 -0.15 7.29 -1.6900 6.2700 -0.1600 -2.4211 -0.8900 -1.2078 1.78 -7.57 5.97 131 318 197 200 159 
;
