0.6620 -0.1363 -0.3019 0.6723 269.06 12.50 36.88 2.08 -5.65 7.62 0.0000 0.0500 -0.0200 -0.0067 -0.0033 -0.0044 2.12 -5.74 7.65 144 318 330 343 206 
0.6620 -0.1360 -0.3021 0.6723 269.06 12.50 36.94 2.00 -5.66 7.60 0.0000 0.0900 0.0000 -0.0156 0.0011 0.0089 2.12 -5.75 7.64 145 318 330 343 206 
0.6618 -0.1363 -0.3025 0.6722 269.06 12.50 36.94 2.12 -5.66 7.60 0.0200 0.1000 0.0200 -0.0100 0.0000 0.0056 2.12 -5.76 7.64 140 315 329 343 205 
0.6615 -0.1368 -0.3028 0.6724 269.00 12.44 37.00 2.12 -5.72 7.72 -0.0400 -0.0400 0.0700 0.1600 -0.0367 -0.0122 2.18 -5.64 7.71 148 318 331 347 204 
0.6637 -0.0922 -0.2823 0.6865 266.25 15.63 24.44 4.84 -0.76 14.89 3.1500 3.6000 7.1100 3.5333 -2.6911 2.2722 4.05 -1.45 8.80 174 330 335 350 209 
0.4941 0.1746 -0.1909 0.8300 233.69 32.50 9.81 8.99 -1.97 7.45 2.3800 -0.4400 -1.9700 2.3344 -2.3778 3.9644 6.38 -1.82 7.22 179 341 336 366 214 
0.1496 0.3639 -0.1732 0.9029 191.50 47.25 18.69 4.48 -0.30 3.65 -3.9000 1.9400 -2.6200 2.3422 -1.0933 2.2522 7.36 -2.34 6.03 157 354 348 378 218 
-0.0892 0.4184 -0.0882 0.8995 165.56 46.63 18.69 3.80 1.87 7.43 -3.1300 4.1400 1.1700 0.7067 0.1589 0.3622 6.97 -1.91 6.62 149 344 347 382 217 
-0.1505 0.4069 -0.0439 0.8999 161.81 46.38 17.81 7.30 2.14 6.29 0.2400 4.2500 -0.5600 -2.3533 -0.0289 -0.4156 7.18 -2.89 6.00 184 308 335 381 224 
-0.0456 0.4153 -0.1999 0.8863 178.75 44.44 40.63 9.72 -5.94 2.14 2.7500 -1.8200 -3.2000 -3.1956 2.0789 0.8022 5.93 -6.20 4.74 182 289 311 377 225 
0.0594 0.3096 -0.4286 0.8467 189.19 34.38 58.44 5.21 -8.95 3.20 -0.2100 -0.9100 -1.4000 0.0467 0.4544 -0.3211 5.57 -6.84 4.26 180 307 321 384 226 
0.0839 0.2927 -0.4387 0.8455 191.31 34.56 56.94 3.58 -5.57 4.43 -2.7400 1.6900 -0.4200 1.3444 -0.1522 -0.6444 5.84 -6.25 4.78 177 278 285 304 207 
0.0935 0.3106 -0.3754 0.8682 193.31 38.81 45.44 4.85 -4.73 3.94 -1.4800 -0.7700 -1.0800 1.1156 0.1333 -1.5744 6.75 -4.03 5.85 155 317 181 198 137 
0.1770 0.3492 -0.2582 0.8832 204.25 45.38 25.75 9.46 -1.92 8.36 2.0800 0.5800 1.6200 0.1156 0.5700 -1.1111 6.94 -2.22 6.55 121 336 177 192 131 
0.2456 0.3484 -0.2050 0.8811 212.00 45.88 13.38 8.02 1.10 4.45 1.4700 2.6200 -1.9800 1.0611 -0.0422 -0.5456 7.10 -0.77 6.71 108 318 171 191 134 
0.2480 0.3789 -0.1258 0.8827 209.12 47.94 1.31 16.31 2.04 11.58 10.5200 3.2600 7.2500 1.1156 0.5178 2.1556 7.16 -0.56 6.67 111 304 181 196 136 
0.0786 0.3414 -0.1369 0.9266 184.81 35.06 22.44 -3.21 -3.40 7.51 -10.2300 -0.7600 -0.5800 -2.2422 1.6511 2.8189 3.42 -5.72 7.19 120 303 185 197 139 
-0.0308 0.1858 -0.3396 0.9215 178.12 20.94 42.56 -2.59 -2.62 1.16 -5.4600 4.4800 -5.8500 0.2711 -0.4667 -3.4567 5.12 -5.10 6.61 128 306 183 199 140 
0.1635 0.2772 -0.2665 0.9085 204.94 38.06 23.06 9.82 3.82 3.53 3.7300 6.0600 -3.1700 1.8900 -1.5367 -1.0578 6.85 -1.30 6.89 123 307 186 200 141 
0.2072 0.3887 -0.1323 0.8880 203.75 49.63 4.75 15.95 0.00 13.11 7.6500 0.2600 7.5900 1.3411 -0.5167 2.2111 7.70 -0.96 5.98 132 313 193 204 145 
0.0433 0.4335 -0.1360 0.8898 183.50 51.31 25.69 2.24 -3.23 5.42 -4.4200 -0.3300 -1.8600 -1.2378 0.9322 -0.8122 7.47 -3.09 5.54 129 309 192 207 143 
0.0645 0.4328 -0.2040 0.8757 189.44 52.75 29.06 6.17 -2.39 6.68 -1.4200 0.7000 1.9900 -1.4222 0.7256 -1.7511 7.90 -2.42 5.27 153 292 234 237 181 
0.2405 0.3814 -0.2272 0.8632 218.69 46.69 15.94 6.57 -2.67 5.77 -0.4500 -0.6500 -0.8100 -1.8122 3.7344 -2.8822 5.49 -1.55 7.97 175 312 312 357 199 
;
