0.6855 0.3383 0.2222 0.6052 277.06 6.00 -47.44 1.17 7.14 6.52 0.1100 -0.0400 -0.0500 0.0089 0.0111 -0.0122 1.02 7.18 6.59 164 326 359 397 207 
0.6852 0.3383 0.2230 0.6052 277.06 5.94 -47.50 1.32 7.49 6.55 0.7700 0.8200 0.0500 0.0956 0.2667 0.0400 0.93 7.22 6.56 166 324 360 403 213 
0.6608 0.3324 0.2417 0.6281 268.75 8.88 -49.19 6.24 10.79 10.76 4.6500 4.1500 4.9700 2.0056 -2.0878 4.7644 4.67 7.09 4.89 168 330 343 379 209 
0.3958 0.5368 0.1279 0.7340 229.69 49.00 -56.50 13.44 7.70 2.84 3.9900 2.4000 -1.8600 1.9800 0.3789 5.7600 9.09 1.79 3.20 184 331 349 390 210 
0.0136 0.5551 0.0219 0.8314 174.06 63.19 2.31 4.31 1.26 0.67 -5.2200 1.6900 -4.2000 1.1978 2.5833 2.2044 7.55 -1.17 6.13 181 324 347 392 212 
-0.1954 0.4094 0.0008 0.8912 152.94 45.56 14.19 2.58 0.41 4.12 -4.1600 2.0800 -2.4100 0.7444 0.3156 0.4300 6.67 -1.61 7.00 185 326 338 396 216 
-0.2476 0.3663 0.0155 0.8969 148.56 41.50 11.69 4.92 0.92 7.86 -0.8000 2.7200 0.5800 -1.0622 -0.5133 0.0322 6.71 -1.94 6.88 181 323 323 392 221 
-0.2321 0.4169 -0.0342 0.8782 151.69 46.69 25.25 7.39 2.33 5.92 0.0100 5.3600 -0.1200 -3.8078 0.4700 -1.0233 7.18 -3.88 5.42 173 301 333 402 227 
-0.0759 0.4435 -0.2349 0.8616 172.37 45.69 47.56 6.99 -10.96 1.16 0.2700 -6.3900 -2.3900 -1.8456 1.0378 0.0478 6.68 -5.81 4.20 168 307 329 407 227 
-0.0109 0.4062 -0.3558 0.8416 179.19 42.63 56.00 6.89 -5.84 3.44 0.1600 0.5200 -0.7900 -0.2378 0.1122 -0.1589 6.71 -5.95 3.94 171 310 332 410 225 
0.0024 0.4057 -0.3669 0.8371 179.87 42.63 57.31 7.07 -5.86 3.46 0.6000 0.5200 -0.3800 -0.2256 0.1478 0.0711 6.59 -6.18 3.80 170 308 333 410 225 
0.0002 0.4040 -0.3786 0.8328 180.31 42.44 58.31 6.75 -5.60 3.90 -0.1400 0.5400 0.1900 -0.0822 -0.0100 -0.1500 6.67 -6.09 3.79 171 312 332 408 228 
0.0132 0.4061 -0.3806 0.8307 181.81 43.38 59.13 1.98 -3.03 2.70 -6.2300 3.5800 -1.7300 0.2133 -1.5800 0.1389 7.01 -6.17 2.96 177 289 303 346 220 
-0.0328 0.4925 -0.3832 0.7807 173.50 49.75 78.56 6.50 -6.28 -1.95 0.4000 -0.9500 -2.5200 -1.5878 -3.9578 -0.1167 7.48 -6.10 -1.69 175 273 285 327 220 
-0.0790 0.6920 -0.4445 0.5633 160.44 41.56 126.31 9.62 -8.54 -8.65 3.5200 -2.8700 -3.4800 -0.3833 -2.1400 0.2922 5.27 -5.80 -5.88 176 267 275 327 218 
-0.1259 0.7761 -0.4921 0.3738 247.06 23.87 143.50 2.87 -5.18 3.16 -0.9700 1.4900 10.1100 -3.9956 -1.4067 0.7800 2.83 -3.60 -8.66 183 301 316 387 226 
-0.0231 0.7816 -0.5942 0.1887 255.00 15.44 164.31 2.01 -2.24 -8.87 -0.7500 -0.1800 1.3000 0.0656 -0.2200 -0.0078 2.44 -2.59 -9.13 185 311 322 394 226 
;
-0.0279 0.7797 -0.6001 0.1766 255.25 13.94 164.75 2.44 -2.69 -8.76 0.2600 -0.0600 0.4200 0.0633 0.0589 0.0289 2.39 -2.55 -9.16 186 312 324 395 227 
-0.0267 0.7758 -0.6033 0.1826 256.00 14.88 164.12 2.53 -1.94 -8.50 0.1900 0.5700 0.4600 0.0956 0.2156 -0.0633 2.66 -2.60 -9.07 194 309 323 395 226 
-0.0184 0.7720 -0.6032 0.1994 255.69 17.81 163.37 3.00 -2.20 -8.61 0.2900 0.7000 0.7600 0.3778 1.1044 -0.6122 3.96 -2.79 -8.52 184 291 300 349 221 
0.0353 0.7608 -0.5685 0.3110 253.19 34.44 157.75 6.25 -3.99 -9.90 1.0800 -2.0400 -3.2600 2.3600 2.4889 -0.6511 7.25 -3.79 -5.39 174 309 300 360 215 
0.0306 0.7141 -0.4347 0.5479 182.06 58.19 121.12 11.86 -8.07 -4.79 2.8100 -2.3500 -2.0400 4.9267 3.2278 -0.4911 8.72 -4.35 1.05 176 340 325 396 214 
-0.1146 0.5703 -0.1693 0.7956 160.69 58.38 44.94 5.85 -1.60 0.85 -2.2800 2.1300 -3.5700 2.9600 2.1067 0.0144 7.63 -2.61 5.56 176 365 348 401 217 
-0.2186 0.4167 -0.0124 0.8823 150.81 45.19 14.88 4.09 2.66 4.70 -2.6300 3.7100 -2.2400 0.6178 0.4089 0.0333 6.72 -1.41 6.99 183 357 350 407 212 
-0.2483 0.3693 0.0360 0.8948 148.81 42.44 8.06 5.59 1.80 7.46 -0.8200 3.0100 0.5400 -0.2811 -0.1600 -0.0456 6.65 -1.00 7.12 182 355 344 416 217 
-0.2349 0.3837 0.0223 0.8928 152.00 44.94 14.19 7.44 3.48 5.14 1.7100 5.1200 -1.3400 -3.9433 -0.5822 -0.4611 7.25 -3.15 5.79 181 317 339 412 221 
-0.0928 0.4321 -0.2226 0.8690 171.94 42.56 49.88 8.48 -10.74 -2.36 1.1500 -5.9800 -6.6400 -2.9011 1.4456 0.8667 5.79 -7.23 3.20 169 315 339 414 225 
-0.0015 0.3597 -0.4684 0.8070 180.81 35.63 68.87 4.49 -8.56 1.51 -0.9000 -0.6700 -1.2800 -0.1411 -0.0811 -0.2733 5.86 -7.36 2.72 173 316 343 415 222 
0.0157 0.3652 -0.4802 0.7974 181.81 36.63 70.50 4.08 -6.29 1.44 -2.4900 1.0700 -1.2800 0.5378 -0.3578 -0.3822 6.06 -7.20 2.72 176 315 325 394 219 
-0.0120 0.3994 -0.4466 0.8005 176.62 40.13 69.25 1.43 -4.10 -0.06 -5.2800 2.7300 -2.8900 0.7711 -2.9633 -1.1933 7.37 -6.26 1.60 178 294 309 351 214 
-0.0257 0.5732 -0.3694 0.7310 178.87 58.50 89.31 13.12 -5.13 -1.51 6.2000 -0.6600 -1.0500 -1.3667 -0.9211 -1.5256 8.90 -3.94 -1.17 177 288 303 335 217 
0.0745 0.6841 -0.3713 0.6233 194.69 65.06 123.44 12.19 -4.83 -2.82 2.7400 -1.1900 -0.5000 -0.0878 -0.1878 -0.0222 8.84 -3.28 -2.66 180 293 305 353 217 
0.0553 0.7070 -0.3864 0.5897 183.62 57.13 127.81 9.27 -7.95 -1.85 1.3500 -2.3900 3.0100 1.9022 -3.1567 3.3133 6.24 -6.31 -4.15 190 306 328 388 218 
-0.1782 0.7358 -0.5036 0.4163 129.50 21.00 136.69 0.43 4.67 -7.58 1.5700 7.2300 -8.6300 -3.9900 -0.3533 0.8322 1.85 -3.37 -9.01 184 313 320 395 222 
-0.0665 0.7598 -0.6219 0.1775 258.31 10.88 160.87 2.49 -3.23 -9.07 0.8000 -0.4400 -0.4800 -0.1067 0.1122 -0.1378 1.97 -3.04 -9.10 186 322 321 402 223 
;
