0.6575 0.1542 -0.0212 0.7372 263.37 14.75 -10.13 2.52 1.59 9.34 0.0700 -0.0900 0.0300 -0.0100 0.0044 -0.0244 2.50 1.66 9.33 166 330 355 379 217 
0.6578 0.1539 -0.0217 0.7369 263.44 14.75 -10.13 2.56 1.64 9.37 0.1100 -0.0500 0.0000 -0.0311 0.0100 -0.0044 2.49 1.66 9.33 165 331 359 378 215 
0.6580 0.1532 -0.0220 0.7369 263.50 14.75 -10.06 2.45 1.66 9.33 0.0000 -0.0200 -0.0200 0.0133 0.0056 0.0211 2.49 1.66 9.33 169 333 357 384 218 
0.6580 0.1534 -0.0218 0.7370 263.50 14.75 -10.06 2.50 1.64 9.35 0.0000 -0.0300 0.0300 0.0056 0.0044 -0.0078 2.49 1.66 9.33 166 331 355 382 216 
0.6584 0.1531 -0.0211 0.7366 263.56 14.63 -10.13 2.52 1.62 9.39 0.0200 -0.0700 0.0700 0.0456 -0.0011 0.0078 2.47 1.70 9.33 167 322 354 381 215 
0.6517 0.1660 -0.0230 0.7397 260.31 19.25 -11.69 5.64 6.46 12.98 3.9900 5.8100 5.6400 0.2744 -4.2756 2.8422 6.03 1.28 7.62 186 330 335 370 218 
0.4473 0.3497 -0.1675 0.8060 228.00 51.75 1.94 14.96 -1.82 3.78 3.7700 -0.3100 -2.4200 3.9322 -1.6989 5.0378 8.24 -1.89 4.95 188 347 346 380 216 
-0.0037 0.4728 -0.1382 0.8702 171.56 54.50 25.81 2.86 1.82 4.20 -3.2200 4.2400 -1.3400 1.7478 -0.1378 0.9356 8.00 -2.46 5.10 177 336 339 384 219 
-0.1808 0.4569 -0.0369 0.8702 155.19 50.31 20.31 5.15 3.19 6.46 -2.0000 5.5000 0.9000 0.0178 0.6289 0.2133 7.24 -2.20 6.22 177 314 340 384 221 
-0.1880 0.4268 -0.0593 0.8826 157.31 46.81 26.50 7.68 2.67 5.78 0.8500 5.9900 -0.4100 -4.4133 -0.2456 -0.0711 7.16 -4.74 4.72 174 285 324 377 223 
-0.0631 0.4358 -0.3493 0.8271 170.06 37.81 67.94 3.13 -11.36 -1.85 -4.5100 -5.8100 -4.4300 -1.7867 2.1378 1.7756 4.37 -8.50 2.17 174 301 317 389 229 
-0.0700 0.3344 -0.5275 0.7779 171.75 27.87 75.44 3.43 -6.92 2.36 -0.5700 2.6300 0.1400 -0.0400 -0.1400 -1.0400 5.36 -7.93 2.09 178 304 330 390 228 
-0.0184 0.3989 -0.4980 0.7698 177.69 38.63 78.75 4.19 -5.54 0.97 -2.3700 1.6100 -0.5300 -0.6156 -1.6567 -1.1344 6.87 -6.98 0.43 177 286 314 325 227 
0.0252 0.5115 -0.4886 0.7064 185.44 50.38 94.00 7.52 -7.09 -3.42 0.1400 -2.0900 -2.8600 -1.2633 -0.0856 -2.0622 8.26 -5.10 -1.32 174 177 173 179 135 
0.1389 0.6105 -0.4341 0.6478 206.00 68.50 106.75 12.21 -0.01 -0.53 4.4200 2.5000 2.0100 2.0589 0.6267 -1.7656 9.61 -1.94 -0.06 107 231 229 256 208 
0.1150 0.6642 -0.2401 0.6985 193.87 78.06 89.62 14.19 -0.91 -2.42 2.7400 0.9700 -2.6100 1.5967 0.0278 1.4211 9.38 -2.82 0.34 94 189 207 216 169 
-0.0297 0.6539 -0.2065 0.7272 170.56 68.06 76.31 8.29 1.57 -3.85 -0.8100 5.8300 -4.8900 3.6956 0.0933 1.2956 8.69 -4.09 1.97 97 170 175 182 122 
-0.2411 0.5906 -0.0805 0.7659 145.87 59.75 55.94 9.10 0.68 10.07 1.6200 4.7800 6.2800 -2.0444 0.9622 -0.2567 8.32 -4.42 2.68 98 181 192 192 144 
-0.1392 0.5656 -0.1976 0.7885 164.44 56.31 60.25 10.02 -0.53 -1.56 1.2500 3.6500 -5.2900 -1.8244 0.9356 -0.4344 8.10 -4.90 2.54 97 182 194 200 144 
-0.0255 0.5435 -0.2936 0.7860 177.12 58.31 64.87 7.69 -12.01 -8.62 -1.0600 -8.6100 -9.4300 2.3011 -0.1911 -0.4244 8.57 -3.95 2.63 99 173 182 197 144 
-0.0887 0.5798 -0.1743 0.7910 165.94 62.75 58.69 13.07 -1.25 8.74 0.2100 1.5300 4.8400 -2.7544 2.2800 0.1722 8.27 -4.33 2.98 102 189 200 200 155 
0.0351 0.4888 -0.3188 0.8113 192.69 53.56 56.88 6.04 -6.72 0.90 -1.9200 -1.5800 -2.0300 -2.6433 3.3978 -1.5956 7.63 -4.56 4.14 142 239 257 265 200 
0.3583 0.2788 -0.3527 0.8182 232.56 41.38 25.12 7.85 0.13 6.12 1.0400 2.1600 -1.3700 0.3178 4.5867 -3.0622 4.74 -1.57 8.43 176 309 316 363 208 
;
