0.5721 0.3581 0.1533 0.7218 256.75 19.94 -42.13 3.26 6.25 6.80 -0.0700 0.0700 -0.0100 0.0000 0.0056 -0.0011 3.34 6.18 6.83 172 336 366 408 209 
0.5721 0.3581 0.1533 0.7218 256.75 19.94 -42.13 3.28 6.25 6.77 -0.1400 0.0500 0.0000 0.0056 0.0100 -0.0033 3.34 6.18 6.83 178 334 364 403 210 
0.5720 0.3578 0.1536 0.7219 256.75 19.87 -42.13 3.21 6.27 6.81 -0.0900 0.0900 -0.0500 0.0178 0.0189 -0.0167 3.32 6.20 6.83 172 338 365 403 209 
0.5721 0.3566 0.1565 0.7219 256.62 19.31 -42.44 5.70 9.12 11.03 3.0700 3.7400 5.9400 1.5778 -1.0522 2.6211 4.18 6.36 6.17 175 336 348 394 214 
0.4111 0.4816 0.1155 0.7653 229.56 46.94 -47.63 14.93 6.25 4.50 5.6700 1.9800 0.0600 2.0467 -1.0622 6.6100 9.25 0.85 3.11 184 335 354 394 213 
-0.0264 0.5725 -0.0302 0.8190 169.44 66.06 19.75 5.28 -0.34 -0.60 -4.6300 1.5600 -4.6300 1.3133 2.0500 1.4000 8.08 -1.97 5.18 179 328 342 392 212 
-0.1824 0.4481 -0.0289 0.8747 155.00 48.50 18.37 3.26 0.45 2.96 -3.7800 2.5400 -2.7600 0.9322 0.7644 0.2122 6.90 -1.71 6.74 171 329 343 394 217 
-0.2297 0.3908 0.0020 0.8914 151.12 44.06 14.69 6.22 1.32 7.17 -0.3400 3.1600 0.3900 -1.2889 -0.2744 0.0800 6.96 -2.40 6.47 170 313 336 391 218 
-0.1910 0.4316 -0.0826 0.8777 157.50 46.94 31.06 7.72 1.65 4.04 0.9200 5.2600 -1.3800 -3.2800 0.3111 -0.0711 7.05 -4.73 4.89 171 299 337 383 223 
-0.0845 0.4277 -0.3068 0.8461 169.06 39.31 57.75 2.34 -14.00 1.13 -3.9100 -8.1400 -2.1000 -1.6389 1.0989 0.2000 5.66 -7.20 3.49 171 305 337 399 225 
-0.0389 0.3773 -0.4283 0.8202 175.62 36.19 64.25 5.93 -6.46 3.27 -0.7000 0.9400 -0.3800 -0.0311 -0.0500 -0.0222 5.83 -7.09 3.44 177 308 333 393 226 
-0.0236 0.3710 -0.4220 0.8268 177.31 36.31 61.44 1.12 -3.05 -0.58 -5.7500 3.7200 -5.2500 1.9311 1.3967 -2.5811 6.17 -5.40 5.36 176 287 262 262 200 
0.1195 0.3627 -0.2667 0.8849 201.19 46.88 23.81 13.18 -1.05 9.36 5.6800 1.1600 3.6400 1.8956 -1.8000 -1.4156 8.12 -0.94 5.41 175 239 215 220 164 
0.1501 0.5161 -0.1752 0.8249 199.06 65.81 22.06 9.57 -2.70 2.58 0.3900 -0.7300 -0.7700 1.4211 -0.4233 0.3544 8.98 -1.49 3.64 175 223 190 198 146 
0.0735 0.5371 -0.1200 0.8317 186.31 65.75 15.81 17.04 -0.48 6.01 7.3900 0.8400 2.2500 1.7800 -0.4667 2.1456 8.86 -1.67 3.84 189 172 169 177 135 
-0.1320 0.5774 -0.0696 0.8027 157.37 65.94 49.81 -4.93 -0.21 2.79 -8.5800 5.9200 1.5600 -1.6433 -0.3867 -2.5456 9.48 -2.11 1.29 196 176 174 179 136 
-0.0455 0.6518 -0.0363 0.7562 174.44 78.50 28.75 11.93 -0.98 1.13 1.1900 -0.0300 0.1800 0.1944 -0.1822 0.3400 9.57 -1.07 1.82 198 186 177 179 141 
;
