0.5971 0.4278 0.1573 0.6601 264.37 22.00 -50.81 4.09 7.08 5.69 0.2400 -0.1400 -0.0700 0.0089 0.2656 0.0322 3.59 7.02 5.81 175 351 366 418 213 
0.5939 0.4146 0.1641 0.6697 262.50 21.25 -49.38 5.52 10.39 7.40 1.0800 3.6600 1.8800 -0.6122 -0.9489 2.6256 5.01 5.88 6.03 183 336 345 398 218 
0.5037 0.4459 0.0394 0.7389 244.87 44.06 -36.19 5.63 3.86 7.68 -0.0500 0.2900 3.2600 -1.7033 -1.4867 2.6589 8.15 1.86 5.11 187 332 334 384 219 
0.3922 0.4637 -0.2094 0.7664 232.31 62.81 5.44 10.21 -0.17 5.82 1.2300 1.0400 1.7900 -1.6289 0.5611 2.2567 8.45 -2.45 4.30 183 337 343 392 220 
0.3167 0.3630 -0.3861 0.7867 222.19 50.75 45.44 8.83 -2.95 3.38 2.0100 2.5000 -1.1200 -2.2500 2.3600 2.4067 5.93 -6.36 4.51 184 328 338 392 214 
0.2756 0.1256 -0.5176 0.8002 217.00 23.94 63.81 2.27 -5.19 1.56 -1.8900 3.1300 -2.6500 -2.5444 1.3667 2.2667 2.05 -9.22 2.61 183 325 333 386 216 
0.2116 -0.0993 -0.6318 0.7391 211.87 4.50 81.56 -1.71 -8.08 -2.17 -2.1400 1.6300 -3.4300 -0.8156 0.9178 0.6322 0.09 -9.77 0.81 181 328 331 395 219 
0.2061 -0.1836 -0.6505 0.7076 211.94 1.06 84.25 -1.52 -6.77 -7.19 -2.7600 3.4900 -8.8700 4.6611 -1.2078 -1.6511 1.53 -8.92 3.75 180 331 337 398 216 
0.2653 0.0292 -0.4153 0.8696 213.69 16.12 35.13 4.40 0.83 28.52 2.1500 4.4400 20.6200 0.2311 -0.2544 0.1756 2.46 -4.28 8.47 183 329 341 398 219 
0.2690 0.0343 -0.3389 0.9009 213.75 13.25 46.63 2.44 -2.51 3.41 0.1900 5.0600 -3.2300 -5.5289 0.1356 0.9056 1.63 -9.13 3.16 182 335 340 399 218 
0.2163 -0.1086 -0.6454 0.7245 213.37 5.94 85.87 -1.70 -9.90 -12.94 -2.8100 0.9200 -12.5400 3.6533 -0.3233 -1.0111 1.49 -9.42 2.23 177 331 341 397 219 
0.2661 -0.0188 -0.4846 0.8331 216.75 12.13 43.00 -1.05 0.78 22.54 -2.8800 3.1700 13.1100 1.2622 -1.5744 -0.5667 2.55 -4.82 8.14 188 324 341 392 219 
0.3018 0.0817 -0.3219 0.8937 216.69 22.81 36.75 5.02 -9.49 3.88 1.0600 -4.2500 -3.2200 0.6300 -2.6844 0.2622 5.03 -5.40 6.44 176 325 334 395 219 
0.2159 0.2288 -0.3489 0.8828 204.62 33.69 35.81 7.66 -6.70 6.88 1.8900 -1.0800 0.1900 2.8500 0.3322 1.4433 4.83 -3.76 7.65 177 346 346 401 221 
0.0822 0.2224 -0.1871 0.9533 188.00 25.94 19.12 3.29 0.27 7.35 -0.7100 3.8100 -1.2100 1.4067 0.8444 0.6567 3.51 -2.02 8.92 184 368 357 403 219 
0.0063 0.1746 -0.1037 0.9791 178.87 20.31 12.50 2.00 1.71 7.66 -1.7700 3.4700 -1.1100 0.1600 -0.3467 0.5644 3.64 -2.06 8.86 191 357 358 400 220 
-0.0446 0.2088 -0.1048 0.9713 175.12 24.81 15.25 3.47 3.21 9.81 -0.6000 4.9100 1.7900 -1.8544 -0.3656 -1.1600 4.76 -3.21 7.94 181 314 326 407 223 
0.0520 0.2573 -0.2361 0.9356 188.37 29.81 31.87 8.49 -0.16 5.81 2.5200 2.8700 -2.1900 -4.0822 0.8811 0.1078 4.27 -6.74 5.69 176 301 333 398 224 
0.1374 0.1689 -0.4798 0.8500 199.19 24.62 59.38 1.61 -13.53 0.54 -2.7300 -4.6700 -2.9600 0.2733 0.1167 -0.4144 4.16 -7.63 4.52 177 316 336 405 221 
0.1736 0.1564 -0.4908 0.8394 203.50 26.50 58.69 0.48 -3.75 2.60 -4.1700 3.7900 -2.2500 -0.0856 -0.5567 -1.2233 5.12 -7.15 4.32 175 311 329 392 222 
;
