0.7239 -0.0432 0.0234 -0.6882 87.06 1.44 5.37 0.31 -0.90 9.78 0.0700 0.0000 0.0000 -0.0067 -0.0011 0.0000 0.25 -0.92 9.75 173 342 355 399 217 
0.7239 -0.0435 0.0236 -0.6880 87.06 1.50 5.50 0.24 -0.91 9.73 0.1200 0.0000 0.0900 -0.0167 -0.0222 0.0256 0.30 -0.95 9.75 173 338 354 398 216 
0.7253 -0.0497 0.0228 -0.6862 86.69 2.19 6.56 0.77 -0.82 10.39 1.4200 0.7100 0.5400 -1.3244 -0.5789 0.9667 0.65 -1.96 9.58 179 308 330 359 219 
0.7834 -0.1417 -0.0080 -0.6051 70.44 20.50 12.31 7.63 -1.33 18.51 3.0900 0.7800 9.1200 -1.4856 -4.5000 1.7122 6.21 -3.13 6.90 184 313 328 360 220 
0.7810 -0.4164 -0.2097 -0.4155 52.13 40.38 49.81 6.34 -2.25 2.67 -0.8200 4.4300 -2.4000 -3.3656 0.8656 3.5044 4.37 -8.17 3.20 184 329 336 379 218 
0.7382 -0.6234 0.0029 -0.2577 36.31 15.00 79.81 -1.16 -6.65 -3.16 -2.9200 2.9500 -3.8700 -0.4200 0.2822 0.8489 1.69 -9.59 1.10 182 335 345 388 219 
0.7188 -0.6580 0.0716 -0.2125 33.19 11.44 81.44 -1.23 -4.71 -5.93 -2.8400 4.8400 -9.1400 3.9822 -1.1389 -2.3900 3.47 -8.54 3.33 184 330 342 385 218 
0.8483 -0.4396 -0.1178 -0.2706 33.94 24.56 40.81 9.14 -6.22 31.03 2.5900 -1.0300 20.3500 -2.3344 -0.2244 0.6033 3.55 -6.33 6.58 185 331 332 381 218 
0.8376 -0.4898 -0.0670 -0.2325 30.25 17.94 65.44 2.18 -3.10 -1.70 -1.1500 5.6800 -6.6000 -3.8356 -0.6444 1.4800 1.99 -9.57 0.66 185 332 343 380 219 
0.6927 -0.7043 0.0311 -0.1522 24.56 11.06 88.06 -1.55 -3.76 -7.12 -3.4400 5.9300 -7.0900 4.5300 -0.7656 -2.5567 3.47 -8.69 2.89 185 330 339 387 220 
0.8420 -0.4767 -0.1202 -0.2219 29.56 23.69 49.06 3.93 -6.81 14.71 -0.6700 -0.8600 5.2600 -0.7678 -1.9800 -1.0133 4.99 -6.54 5.33 186 315 331 339 217 
0.8401 -0.4521 -0.1660 -0.2495 32.75 29.00 49.50 5.63 -5.92 5.50 1.1300 0.0700 0.0000 1.5544 0.3789 0.8533 4.22 -6.12 6.38 182 219 215 217 190 
0.9156 -0.3437 -0.0970 -0.1846 16.56 4.56 35.06 -3.12 -7.10 9.88 -2.8600 -0.8400 1.6300 1.4267 4.1822 4.3511 -3.63 -4.29 8.03 185 149 166 170 138 
0.9410 -0.1683 0.2917 0.0334 350.94 -39.06 15.13 -3.70 0.72 4.91 2.2000 2.2000 -0.9100 1.1022 1.3722 2.9789 -7.12 -0.01 6.73 188 153 172 179 143 
0.9015 -0.0674 0.3961 0.1609 339.31 -47.63 0.13 -6.73 1.12 6.20 0.3000 0.9500 -0.4400 -0.2322 -0.1800 -0.2267 -7.17 -0.25 6.68 188 157 176 184 147 
;
