0.6368 0.4404 0.1878 0.6044 273.37 17.06 -55.75 3.12 7.03 5.56 0.2600 -1.0500 0.6200 0.2011 -0.0244 -0.1278 2.83 7.86 5.13 175 384 371 408 217 
0.6364 0.4526 0.1939 0.5938 273.56 17.06 -57.44 2.57 7.97 5.10 -0.3400 0.1800 0.2000 -0.1878 -0.2489 0.2267 3.07 7.80 5.08 174 386 374 407 216 
0.6339 0.4559 0.1791 0.5985 273.44 18.62 -56.69 3.83 7.66 5.23 0.7200 0.0800 0.0100 -0.3256 0.0144 0.1511 3.20 7.62 5.26 179 378 369 407 215 
0.6418 0.4413 0.1617 0.6060 273.37 19.00 -53.06 3.63 7.33 6.06 1.5200 0.4900 0.5500 -0.9144 0.8489 -0.2744 2.82 7.11 6.12 180 357 362 412 217 
0.6620 0.3524 0.1648 0.6406 269.37 11.56 -39.63 0.84 8.03 6.13 -1.2500 2.3000 -0.7500 0.7733 -0.7589 4.0544 3.26 5.57 7.37 187 313 341 391 218 
0.4794 0.4232 0.0658 0.7660 239.62 42.44 -35.19 11.06 9.12 13.81 1.8300 4.9500 5.9400 -3.8511 -0.2667 3.1856 7.49 0.97 6.25 186 317 339 388 220 
0.3573 0.3543 -0.2645 0.8227 224.06 45.88 29.81 5.50 0.70 3.44 -1.4100 5.1300 -3.3200 -5.1511 2.2778 3.5889 4.61 -7.19 4.81 185 325 337 396 219 
0.2578 0.0092 -0.5662 0.7829 214.56 12.94 72.69 -2.88 -6.01 -4.72 -4.4000 3.1000 -7.2100 -1.2556 1.0478 1.2500 0.91 -9.59 1.82 179 344 347 408 220 
0.2321 -0.1357 -0.6187 0.7382 215.87 6.19 75.44 -1.30 -3.61 -5.69 -2.3200 6.4500 -9.0300 5.3233 -0.9756 -1.7567 2.52 -7.45 5.84 184 339 347 403 218 
0.3166 0.0739 -0.2971 0.8978 217.50 20.62 23.12 8.83 -0.75 29.18 5.1400 1.8800 20.7000 -2.0467 -1.0933 0.1433 4.12 -3.95 7.96 182 330 347 398 220 
0.2908 0.1001 -0.3704 0.8765 215.94 20.06 48.69 1.59 -4.59 0.58 -1.5100 2.9700 -5.1900 -4.2544 0.5867 1.9989 1.90 -8.98 3.42 185 340 349 407 220 
0.2262 -0.1046 -0.6138 0.7491 214.87 6.31 79.50 -2.77 -7.49 -9.32 -2.8400 2.7100 -10.9800 3.7200 -0.1933 -1.5122 1.95 -9.00 3.36 186 343 353 412 221 
0.2841 0.0309 -0.4489 0.8466 217.50 18.25 40.94 7.69 -3.10 27.11 5.0700 1.8700 16.0300 -1.8522 -0.4233 0.4711 2.96 -6.51 6.70 191 327 342 392 219 
0.2433 0.0285 -0.4963 0.8329 210.94 16.00 63.31 -2.64 -6.04 -3.76 -5.4500 2.6100 -8.4000 -2.0056 -1.6833 -0.2256 2.82 -9.22 1.77 164 294 181 197 154 
0.1548 0.1340 -0.6246 0.7536 197.19 28.94 78.31 6.97 -6.40 -6.42 3.8900 0.4500 -6.9500 1.6211 -6.4189 -1.8933 6.40 -7.42 -0.09 119 345 172 196 141 
-0.0853 0.5613 -0.4905 0.6611 156.69 39.63 100.31 14.25 -8.55 -1.18 8.4800 -0.1900 0.2400 2.4344 -2.0100 0.8889 5.42 -8.09 -1.06 121 371 180 203 147 
-0.3175 0.6101 -0.3763 0.6207 123.37 30.25 87.62 3.61 -4.37 0.96 -2.3500 4.0000 0.2400 1.9944 -0.0800 -0.2222 4.96 -8.26 1.78 132 372 179 206 148 
-0.3724 0.5651 -0.3115 0.6671 124.25 32.00 80.81 5.87 -9.45 -0.98 1.4700 -1.8600 -3.9000 -1.5644 -0.3144 0.0322 5.25 -8.27 0.14 128 368 188 206 148 
-0.3237 0.5912 -0.3599 0.6451 125.81 32.19 83.69 5.65 -6.07 2.61 -1.1300 4.7000 5.9500 0.5656 -0.0422 -0.1400 5.33 -8.05 1.71 133 353 185 210 154 
-0.3340 0.5607 -0.3332 0.6805 130.50 32.94 81.50 6.12 -6.63 0.91 0.3700 1.9100 -0.4200 -1.5589 1.2411 -0.7144 5.67 -7.95 0.76 135 340 191 212 157 
-0.1657 0.5304 -0.4091 0.7238 164.94 42.25 78.06 5.78 -5.79 0.97 -1.2200 1.0000 -1.1900 -0.7922 6.1356 -4.2811 7.21 -5.11 4.24 147 298 202 228 181 
;
