0.7401 -0.0204 -0.0021 -0.6722 84.50 1.75 1.50 0.39 -0.21 9.85 0.0000 0.0600 0.0100 -0.0033 -0.0044 -0.0044 0.30 -0.26 9.79 169 339 340 388 214 
0.7399 -0.0205 -0.0023 -0.6724 84.50 1.75 1.50 0.32 -0.23 9.73 0.0900 0.0300 -0.0100 -0.0056 0.0033 0.0211 0.30 -0.26 9.79 168 338 341 389 213 
0.7407 -0.0207 -0.0024 -0.6715 84.31 1.75 1.56 0.38 -0.26 9.84 0.0700 0.0300 0.0300 -0.0022 0.0078 0.0133 0.30 -0.26 9.79 167 341 339 390 214 
0.7412 -0.0208 -0.0025 -0.6710 84.25 1.81 1.56 0.15 -0.34 9.87 0.0000 0.0300 0.1200 -0.1311 -0.1256 0.0456 0.39 -0.34 9.79 168 328 340 385 214 
0.7443 -0.0403 -0.0004 -0.6666 82.81 3.94 5.06 -0.10 -0.55 11.71 -1.9900 0.1400 1.6200 -1.5478 -1.8967 1.1233 1.59 -2.00 9.46 177 292 285 318 215 
0.7802 -0.1937 -0.0730 -0.5903 71.69 25.50 14.63 8.84 -2.98 14.04 4.6300 0.4500 4.8100 -1.8600 -4.7311 1.6233 6.45 -3.79 6.33 182 312 316 345 215 
0.7626 -0.4600 -0.1879 -0.4141 52.63 38.19 55.94 2.92 -3.10 1.78 -3.0300 4.3900 -2.3000 -3.0322 0.6400 3.1678 3.90 -8.66 2.43 181 325 308 365 216 
0.7131 -0.6538 0.0201 -0.2524 37.94 15.56 83.37 -1.88 -6.37 -5.11 -3.9400 2.7800 -6.7400 0.0767 -0.4756 0.2044 2.12 -9.55 0.60 182 330 334 374 217 
0.7394 -0.6345 0.0148 -0.2246 34.25 18.37 69.19 5.69 -0.55 7.04 2.9700 7.2000 5.6700 6.7456 1.7789 -0.5133 3.10 -5.97 7.13 183 325 332 373 215 
0.8890 -0.3591 -0.0516 -0.2793 35.63 17.87 45.69 5.04 -3.38 12.61 1.4400 4.5000 3.6000 -5.5078 -0.2078 0.4089 2.92 -8.74 3.33 184 331 329 373 215 
0.7104 -0.6567 0.0421 -0.2497 38.44 14.69 87.31 2.31 -6.90 -10.83 -0.3500 2.3100 -11.0900 1.3833 0.0733 -0.0622 2.42 -9.47 0.68 183 335 336 381 215 
0.7617 -0.5977 0.0189 -0.2494 35.88 16.69 61.50 4.86 -0.24 12.56 2.2300 6.0600 13.1100 4.8933 2.7833 0.8078 1.72 -5.72 7.77 184 330 328 379 215 
0.9059 -0.3226 -0.0148 -0.2740 33.69 15.19 40.94 1.29 -4.02 7.15 -1.6100 2.7300 -2.2000 -3.7567 -4.0667 -0.2189 4.51 -7.86 3.72 184 289 190 192 175 
0.7603 -0.5938 -0.2036 -0.1673 15.44 31.81 88.94 4.02 -8.21 -4.35 -0.8100 1.9900 -3.1600 0.0222 -4.1456 -0.5033 5.03 -8.19 -1.88 180 296 171 173 152 
0.6144 -0.6309 -0.4697 0.0626 341.44 28.56 107.06 8.85 -8.70 -4.24 4.2200 -0.4900 -1.7500 1.8700 -2.5778 0.8333 3.80 -8.74 -2.29 181 285 171 175 156 
0.5897 -0.5250 -0.5278 0.3133 300.06 15.13 92.44 6.13 -11.96 -3.73 3.1200 -1.6600 -2.9300 4.5378 0.8744 1.6567 1.09 -9.20 3.18 174 313 179 180 155 
0.7076 -0.3839 -0.3058 0.5082 288.94 0.56 52.88 -3.14 -1.98 6.27 -2.5900 5.5600 0.2400 2.2467 0.3567 -0.7044 0.04 -6.54 7.30 96 322 186 182 153 
0.7948 -0.2626 -0.1891 0.5133 295.19 2.44 36.13 2.62 -3.26 8.49 2.1200 2.0000 0.9000 0.0167 0.1933 -0.2767 0.51 -5.62 8.01 98 297 177 185 154 
0.8127 -0.2462 -0.1816 0.4959 297.31 3.00 36.00 0.77 -5.07 8.05 -0.2500 1.2800 -0.0800 -0.3689 -0.0056 -0.3289 0.71 -6.03 7.69 100 295 186 187 154 
0.8095 -0.2817 -0.2394 0.4561 303.62 11.13 47.63 -1.37 0.47 3.90 -3.3000 8.0700 -2.1200 -5.3789 -0.7578 -3.6567 4.26 -8.11 3.49 105 296 184 186 159 
0.7598 -0.4232 -0.4759 0.1307 0.37 45.63 77.00 16.27 -6.12 -0.67 9.7400 0.7800 -0.4500 -2.2822 6.2433 -4.9578 8.09 -4.06 3.76 139 285 221 226 191 
0.7911 -0.3379 -0.2469 -0.4462 64.06 31.87 19.87 -1.65 -1.86 7.91 -2.8100 1.3000 -1.4000 0.7489 2.9800 -1.7200 2.62 -1.82 9.27 165 337 296 369 210 
;
0.7857 -0.1091 -0.0589 -0.6061 76.94 8.00 4.62 5.00 1.94 32.24 -0.2600 0.1500 -8.3700 -0.0344 -0.2867 -0.0556 1.05 -0.52 9.73 170 357 330 392 211 
0.7780 -0.0530 -0.0233 -0.6257 77.56 6.00 3.06 0.89 -0.33 9.98 -0.2200 0.5200 0.1300 0.0056 -0.0600 -0.0078 1.10 -0.54 9.72 167 357 335 391 211 
0.7778 -0.0544 -0.0264 -0.6256 77.62 6.12 2.87 0.66 -0.10 9.78 -0.3900 0.3800 0.0400 -0.0289 -0.0178 -0.0189 1.00 -0.45 9.74 165 353 334 391 210 
0.7773 -0.0486 -0.0252 -0.6268 77.75 5.56 2.44 0.57 -0.14 9.79 -0.2300 0.4200 0.1100 -0.1522 -0.0978 0.0278 1.08 -0.49 9.73 173 331 330 384 213 
0.8013 -0.0969 -0.1102 -0.5800 66.62 27.56 1.81 11.63 2.82 19.94 4.0300 1.7400 6.4800 -3.7833 -2.2333 2.4678 5.81 -3.21 7.20 180 339 335 381 213 
0.8021 -0.4238 -0.1729 -0.3837 46.69 33.31 52.44 0.92 -2.47 -0.45 -4.2000 5.0700 -5.0000 -2.6256 -0.8100 2.9267 3.72 -8.47 3.24 180 357 343 390 213 
0.7667 -0.6085 -0.0271 -0.2032 26.62 14.94 74.94 -2.44 -5.68 -7.61 -5.1700 4.2700 -9.8900 4.9433 -1.2244 -0.9956 3.34 -7.70 5.05 178 354 345 394 213 
0.9160 -0.3192 -0.1634 -0.1797 22.06 22.94 26.06 6.54 0.20 32.58 2.5200 3.4200 23.5900 -2.9322 -0.3089 0.3544 3.61 -4.73 7.79 181 350 343 383 213 
0.8919 -0.4018 -0.0959 -0.1840 23.31 16.12 55.13 2.25 -3.29 -1.24 -0.5700 4.9000 -6.6100 -4.3122 1.3244 1.1744 1.64 -9.33 2.50 180 361 346 388 213 
0.7431 -0.6470 0.0475 -0.1641 25.19 8.75 80.00 -0.69 -6.01 -7.97 -2.1600 4.5000 -9.3800 4.3778 -0.2589 -1.5200 2.43 -8.54 4.15 182 355 350 393 212 
0.8879 -0.3918 -0.0754 -0.2289 29.31 17.06 36.19 2.22 -3.28 24.50 0.9000 1.6400 14.6800 -1.7389 -1.5544 0.0033 3.71 -5.98 6.82 181 356 349 385 214 
0.8521 -0.4593 -0.1566 -0.1964 23.37 28.50 61.25 1.37 -6.44 0.26 -4.1600 1.0800 -4.6500 -1.6056 -4.6667 0.8089 5.08 -8.27 1.33 118 280 188 176 155 
0.7063 -0.6033 -0.3703 0.0104 352.25 29.94 94.81 5.44 -10.55 -2.28 0.5600 -1.0300 -2.0100 1.4711 -5.9344 0.4744 3.90 -8.70 -2.27 132 256 146 164 152 
0.6101 -0.5441 -0.5131 0.2618 309.62 18.56 94.06 7.53 -12.67 -1.05 3.8100 -2.3900 -0.3600 3.4156 0.3233 0.9911 2.24 -9.30 2.11 121 332 165 173 155 
0.7014 -0.4119 -0.3804 0.4402 293.75 7.06 62.50 1.45 -7.56 1.18 0.1400 1.2100 -4.0800 3.5722 1.1256 1.3900 -0.07 -7.20 6.64 125 331 168 175 155 
0.7720 -0.2930 -0.1758 0.5359 291.44 -2.06 37.44 -3.23 3.55 9.07 -2.9600 9.2900 0.8100 -1.0778 -0.7567 -1.2900 0.50 -6.25 7.53 128 332 176 178 156 
0.7824 -0.2960 -0.2637 0.4803 297.31 10.00 51.13 3.00 -7.39 3.33 1.0200 -1.9800 -2.4700 -2.5656 -1.6822 -0.3544 2.62 -8.49 4.14 131 324 176 178 156 
0.7025 -0.3641 -0.4352 0.4296 297.19 17.87 68.62 4.68 -9.73 3.50 0.1800 0.6000 0.5500 0.2389 -0.0078 -0.5822 3.34 -8.52 3.51 136 319 175 174 159 
0.7194 -0.3477 -0.4550 0.3931 305.81 24.56 69.62 2.17 -2.63 3.98 -1.3100 5.8400 0.9300 -3.4856 2.4133 -4.1267 6.14 -7.40 1.88 162 265 194 207 196 
0.7812 -0.3858 -0.4906 -0.0103 18.44 56.19 57.69 10.79 -2.35 3.45 3.4200 1.5200 0.4000 -1.6800 7.4044 -6.0911 6.93 -1.59 6.74 172 288 272 303 207 
0.8081 -0.1500 -0.1763 -0.5416 72.25 17.19 -0.13 0.67 1.79 12.78 -0.8500 2.6500 4.6800 -0.6856 1.2444 -1.2533 1.03 -0.07 9.75 173 339 318 378 209 
;
