0.6528 0.3166 0.1361 0.6746 268.06 14.44 -38.00 2.45 5.89 7.50 -0.0700 0.0400 -0.0400 -0.0322 -0.0044 -0.0011 2.45 5.83 7.48 169 334 357 411 217 
0.6551 0.3132 0.1298 0.6752 268.37 14.75 -36.56 3.54 6.71 8.82 0.9600 2.0600 2.2300 -1.2089 -0.6711 1.3156 3.19 4.69 7.99 175 319 346 385 219 
0.6082 0.3077 0.0214 0.7314 255.81 33.81 -24.37 10.73 7.17 16.98 5.5700 6.1600 9.1800 -1.8378 -4.5689 5.0767 8.43 -0.40 4.98 174 286 313 334 215 
0.3609 0.3713 -0.3611 0.7755 224.44 49.81 48.94 7.07 4.16 -1.94 -3.1300 9.7500 -7.3700 -4.4556 2.5656 5.3100 3.53 -8.78 2.55 167 293 313 333 213 
0.1813 -0.0602 -0.6550 0.7311 206.87 4.75 85.06 -3.69 -5.30 -5.20 -3.4700 3.3100 -4.9000 -0.7422 0.2511 1.5111 -0.83 -9.76 -0.31 176 309 317 357 215 
0.1219 -0.2040 -0.6829 0.6908 199.12 -6.87 89.06 -2.09 -7.98 -0.67 -1.5300 2.0700 -1.4400 1.6200 -0.0256 -0.5033 -0.77 -9.66 1.48 183 357 359 401 216 
0.1296 -0.0998 -0.5858 0.7938 199.37 3.94 64.06 -1.13 0.57 -7.49 -2.7900 12.7700 -10.7900 9.8489 -4.3844 -3.6444 4.01 -3.68 8.15 194 370 358 415 215 
0.1955 0.2664 -0.0312 0.9433 202.31 25.44 -6.12 4.92 9.41 31.31 3.7100 8.5300 13.2900 -6.7056 0.9089 1.2078 3.24 -2.98 8.75 191 369 364 410 219 
0.1804 0.0379 -0.3481 0.9191 201.19 7.56 51.56 2.34 -1.27 -6.49 -0.7300 5.4800 -13.7800 -4.8556 -0.0022 2.1956 -0.24 -9.47 2.50 192 383 368 416 218 
0.0763 -0.0886 -0.5853 0.8024 192.25 -0.81 64.06 -4.57 0.92 -0.08 -1.2400 9.8700 -1.4600 8.4333 -1.5267 -3.1733 2.03 -4.49 8.47 193 350 355 400 219 
0.1962 0.0642 -0.1937 0.9591 203.62 11.94 23.56 3.41 -0.61 12.10 0.9900 4.1300 2.3600 -5.0144 0.3611 0.2578 1.85 -6.56 7.04 194 342 343 369 219 
0.1990 0.0018 -0.4574 0.8667 206.50 10.44 59.63 3.21 -8.27 3.14 0.7200 -0.0300 -1.4100 -2.6022 0.5322 0.1933 1.52 -9.18 3.08 193 348 346 379 217 
0.1985 -0.0703 -0.6171 0.7582 209.56 7.44 78.56 1.49 -10.00 -0.18 0.3400 -0.4700 -1.7900 -0.2178 0.2822 0.2289 1.08 -9.60 1.64 191 355 347 391 217 
0.1970 -0.1027 -0.6348 0.7401 209.69 5.06 79.87 0.71 -9.37 1.85 -0.6200 0.4500 -1.3900 -0.9744 -0.6522 0.4389 0.61 -9.71 1.19 189 366 355 407 220 
0.1431 -0.0914 -0.6691 0.7236 202.94 4.44 80.06 -1.04 -0.35 -8.42 -0.7000 12.2900 -8.8500 8.4789 -1.7967 -1.8300 2.48 -6.23 7.15 191 350 349 400 215 
0.1804 0.1269 -0.1786 0.9589 200.19 16.44 12.31 6.54 4.80 35.58 1.6900 5.9000 19.8600 -3.9267 0.6000 0.7422 2.06 -4.16 8.63 194 345 348 387 217 
0.1486 0.0167 -0.3716 0.9163 196.75 5.94 53.50 1.40 -1.73 -2.60 0.0300 6.0600 -9.8100 -5.0233 0.7444 1.8000 -0.25 -9.51 2.35 187 360 351 394 216 
0.0753 -0.0891 -0.6363 0.7626 193.69 -0.37 75.19 -3.34 -1.38 -6.66 -3.4500 9.0100 -9.2200 6.5222 -1.2678 -2.7878 1.83 -7.33 6.24 192 348 348 400 221 
0.2062 0.1385 -0.2562 0.9341 206.25 23.25 15.69 10.02 2.21 23.18 3.5500 3.0100 11.3100 -0.2433 -1.0556 -0.0722 4.73 -1.73 8.41 192 339 345 383 216 
0.2259 0.2477 -0.1938 0.9220 208.19 33.38 18.69 3.59 -1.95 4.08 -1.9900 0.4300 -5.3300 -0.9233 -0.2978 -1.0178 5.81 -2.79 7.38 187 315 321 331 215 
;
