0.7604 0.0808 -0.2917 -0.5746 72.69 28.69 -29.12 7.91 4.23 6.04 4.2600 0.2800 -0.4600 0.5567 -7.9789 3.5622 9.02 2.28 3.07 184 328 319 372 214 
0.6480 -0.2567 -0.6329 -0.3371 46.06 82.37 167.81 8.76 -1.29 -3.80 -0.0600 -0.2700 -0.3700 2.2933 -7.2444 3.6111 6.74 -3.75 -6.04 192 331 324 388 219 
0.3776 -0.4651 -0.7971 0.0759 61.94 27.75 146.94 2.53 -3.21 -5.08 -0.9900 1.3900 1.8600 -1.2778 -2.3111 0.8756 2.91 -4.23 -8.34 183 302 319 380 222 
0.2064 -0.5306 -0.8157 0.1027 67.00 11.50 158.06 1.66 -2.45 -7.97 0.1400 1.1300 0.5900 -0.6878 -0.3444 0.4511 1.60 -3.14 -9.14 186 308 309 383 224 
0.1523 -0.5652 -0.8067 0.0809 70.31 8.81 162.56 1.65 -2.59 -9.11 0.2100 0.4600 0.1600 -0.0833 0.0078 0.1100 1.51 -2.83 -9.26 188 316 320 384 224 
0.1499 -0.5737 -0.8019 0.0739 71.19 9.06 162.81 1.35 -2.66 -8.74 0.1200 0.1800 0.3300 0.0111 0.0644 -0.0100 1.60 -2.85 -9.24 188 318 323 386 224 
0.1553 -0.5742 -0.8007 0.0707 71.12 9.88 162.69 1.40 -2.23 -8.56 -0.3700 0.9600 0.7900 0.3967 0.6589 -0.4344 2.15 -3.06 -9.06 187 307 326 378 222 
0.2601 -0.5488 -0.7932 0.0455 69.94 31.44 152.37 5.38 -0.98 -5.54 -1.5600 2.0100 0.6100 0.7711 8.9111 -1.9267 8.93 -3.34 -2.26 187 316 338 400 219 
0.7007 -0.3415 -0.5604 -0.2798 51.19 70.31 4.69 8.33 -0.37 3.92 -0.1800 -1.2400 -0.8500 1.4289 7.2111 -4.7978 5.65 3.07 7.39 189 339 348 425 210 
0.7667 0.1171 -0.2448 -0.5818 77.94 6.87 -32.00 22.04 20.13 37.34 4.8200 3.2000 4.8700 -1.0156 0.4389 0.1644 1.67 5.24 8.11 183 343 351 425 219 
0.7349 0.1302 -0.2483 -0.6174 80.25 10.88 -30.44 2.09 5.63 9.06 -1.2500 0.5300 1.2900 0.0611 0.0978 -0.0533 1.59 5.02 8.27 183 336 352 425 221 
0.7344 0.1398 -0.2417 -0.6187 80.25 10.56 -30.81 1.91 5.09 8.02 0.1900 0.1800 -0.1000 0.0189 0.0578 0.0233 1.71 4.96 8.28 183 333 352 426 221 
;
0.7365 0.1411 -0.2410 -0.6161 79.75 10.44 -30.94 3.09 5.59 8.82 1.2900 0.9900 1.1800 -0.0244 -0.0367 0.2344 2.07 4.91 8.22 184 328 346 412 224 
0.7455 0.0505 -0.3262 -0.5790 72.69 39.50 -30.44 11.98 2.32 4.56 3.9800 -1.3600 -1.7300 1.0033 -8.9544 5.1578 9.74 0.83 0.70 185 347 341 402 225 
0.5708 -0.3716 -0.7011 -0.2109 29.12 60.94 151.31 6.97 -1.77 -3.58 -0.6600 1.0700 1.5600 0.5267 -4.8256 1.9300 5.69 -3.86 -6.98 186 305 305 377 227 
0.3151 -0.5063 -0.7999 0.0679 65.50 21.94 152.00 2.53 -1.91 -6.02 -1.2400 2.0900 2.4000 -0.6367 -0.6878 0.5322 2.89 -4.08 -8.43 189 297 307 374 229 
0.2259 -0.5478 -0.8008 0.0873 68.87 15.19 156.75 2.56 -3.10 -8.74 0.3400 0.4400 0.0200 -0.1044 0.0222 -0.0567 2.58 -3.61 -8.74 190 308 316 381 230 
0.2191 -0.5500 -0.8021 0.0776 68.94 15.44 157.81 2.77 -3.32 -8.66 -0.0500 0.2600 0.0200 -0.0033 0.0844 -0.0811 2.69 -3.53 -8.74 191 312 330 383 230 
0.2303 -0.5467 -0.8017 0.0733 68.06 18.56 155.75 6.00 -1.68 -7.08 1.7500 2.4200 1.0700 1.0767 5.2356 0.0178 5.50 -4.45 -6.78 187 311 319 355 225 
0.5005 -0.5173 -0.6921 -0.0536 21.12 56.50 129.87 5.96 -3.11 -2.30 -2.3900 0.3700 0.8900 -0.3189 4.5678 -2.2200 9.45 -2.56 0.38 186 324 336 390 223 
0.7205 -0.3448 -0.4761 -0.3678 59.00 61.38 8.63 7.69 -1.44 3.93 -1.3400 -0.8000 -0.9500 1.5956 5.5811 -2.8011 5.89 1.56 7.68 186 334 345 420 215 
;
0.7782 0.0062 -0.2632 -0.5701 75.06 16.31 -24.00 1.17 4.19 7.91 -3.4700 0.7600 -1.7000 3.1856 0.8289 -0.9222 2.07 5.08 8.12 179 343 354 424 219 
0.7418 0.1241 -0.2429 -0.6127 78.94 12.75 -29.19 3.00 4.63 7.13 1.7900 1.1400 0.7300 0.2989 0.6411 -0.1789 2.07 4.83 8.27 179 340 353 425 221 
0.7406 0.1211 -0.2522 -0.6110 79.06 13.63 -29.81 3.10 4.81 8.25 0.2400 0.3100 0.6600 -0.0222 0.1856 0.0333 2.23 4.71 8.30 181 328 350 420 223 
0.7490 0.0717 -0.2633 -0.6038 76.75 24.69 -24.12 6.84 3.80 10.47 -0.0100 -0.3200 0.0000 -0.4689 -8.4811 3.2867 8.31 1.70 4.91 182 324 317 339 217 
0.6466 -0.3260 -0.5797 -0.3737 52.50 81.12 148.50 8.79 -1.78 -2.98 0.2500 0.0500 0.2500 1.9222 -8.1311 2.2411 6.79 -2.89 -6.45 183 315 321 362 225 
0.3228 -0.5049 -0.8000 0.0309 64.87 25.50 154.50 3.99 -0.90 -5.66 0.7200 2.7500 2.8000 -0.3744 -1.5189 0.7189 2.59 -3.81 -8.65 186 305 316 377 229 
0.1981 -0.5470 -0.8074 0.0982 68.62 11.19 158.12 1.89 -2.73 -8.83 0.4200 0.8600 0.1000 -0.1144 -0.0167 0.0867 1.77 -3.45 -9.00 187 319 314 385 228 
0.1790 -0.5546 -0.8072 0.0941 68.87 10.81 159.00 2.89 -3.45 -8.81 1.0700 0.0400 0.1700 0.1544 0.1033 0.0111 1.90 -3.50 -8.95 187 323 332 388 228 
0.1947 -0.5503 -0.8062 0.0970 68.50 14.19 155.81 4.28 -1.64 -8.17 0.9000 2.9800 0.5700 1.2600 5.3444 0.1067 5.12 -4.76 -6.87 185 317 325 369 223 
0.5036 -0.5340 -0.6787 -0.0234 13.63 52.19 125.00 5.77 -3.57 -1.79 -2.3500 0.6400 0.5600 0.3089 5.3911 -1.5767 8.92 -4.04 0.27 187 332 340 396 221 
0.7306 -0.3970 -0.4848 -0.2713 46.00 65.56 37.31 7.94 -2.25 3.67 -0.7400 -0.6800 -0.9700 1.2244 4.9122 -2.6300 7.30 -0.16 6.54 188 336 343 409 217 
;
0.7978 -0.1270 -0.3146 -0.4984 67.69 32.00 -13.19 3.55 2.99 6.60 -1.6900 0.9200 -0.9700 2.3822 3.1300 -2.9722 2.33 4.19 8.55 176 351 353 418 216 
0.7413 0.1304 -0.2797 -0.5959 77.75 13.75 -31.06 0.63 2.44 2.76 -1.1900 -1.9400 -5.5700 0.2456 0.0033 -0.0044 2.41 4.89 8.14 179 354 354 421 218 
0.7438 0.1310 -0.2581 -0.6025 78.12 13.63 -31.06 4.03 4.79 7.54 1.7000 0.1000 0.1700 0.1533 0.3522 -0.0800 2.22 5.00 8.13 180 356 356 425 217 
0.7438 0.1418 -0.2631 -0.5978 77.06 14.19 -32.38 5.00 7.63 11.44 2.0900 1.8300 2.7600 -1.4733 -2.3078 2.2644 4.34 3.78 7.93 181 335 340 367 220 
0.7881 -0.0746 -0.3351 -0.5109 61.75 45.44 -9.25 6.02 -0.49 6.16 -1.6100 -0.9800 0.0600 -0.7822 -7.0367 3.4111 9.40 -1.44 2.35 184 320 322 373 222 
0.6199 -0.4156 -0.6389 -0.1867 23.37 60.00 138.00 5.50 -2.87 -4.18 -1.0300 1.4600 0.6100 -0.1378 -7.5800 0.9278 4.77 -3.89 -7.63 187 300 319 371 226 
0.2471 -0.5225 -0.8130 0.0709 66.81 15.56 158.00 1.37 -1.57 -7.37 -0.2000 0.8400 0.1600 -0.3144 -0.3511 0.5011 1.99 -3.18 -9.05 190 318 316 388 228 
0.1771 -0.5632 -0.8036 0.0746 70.12 11.50 161.00 1.88 -3.26 -8.73 -0.2700 -0.2700 0.3700 -0.1378 0.1333 -0.0144 2.05 -3.01 -9.10 190 327 323 392 228 
0.1769 -0.5655 -0.8031 0.0634 70.31 12.38 162.00 2.01 -2.61 -8.91 -0.0100 0.3800 0.2500 -0.0278 0.1289 0.0000 2.18 -2.94 -9.09 190 329 325 393 228 
0.1824 -0.5664 -0.8016 0.0580 70.50 13.19 162.06 2.42 -3.00 -8.66 0.0700 0.0700 0.5500 0.2611 0.4300 -0.2156 2.55 -2.99 -8.98 190 323 327 389 227 
0.2229 -0.5640 -0.7941 0.0400 71.25 20.50 159.56 5.84 -1.29 -8.23 -0.0200 1.9300 -0.0500 0.2667 6.9533 0.4233 7.08 -3.66 -5.70 185 314 318 348 222 
0.5692 -0.5330 -0.5945 -0.1962 44.25 68.94 103.75 5.78 -3.26 -0.29 -3.7600 -0.6500 -0.8400 0.5678 6.0011 -2.5989 8.90 -1.78 3.70 187 319 336 393 218 
;
0.7444 -0.2559 -0.3620 -0.4993 72.50 45.19 -8.50 6.58 2.07 6.81 0.6900 0.3500 -0.7600 2.0578 3.8300 -3.9244 4.00 3.95 8.03 185 337 348 423 212 
0.6804 0.1105 -0.2577 -0.6771 91.44 7.87 -32.75 9.21 12.84 8.04 11.7600 19.7400 32.4800 -2.4767 -0.4267 0.5344 1.88 5.71 7.73 180 339 354 417 219 
0.6543 0.1358 -0.2968 -0.6822 92.56 11.75 -37.13 2.48 7.02 8.03 -0.3100 1.0500 1.6600 -0.1844 0.0467 0.1356 1.87 5.72 7.73 182 337 351 415 221 
0.6577 0.1099 -0.3129 -0.6763 90.44 20.12 -34.69 7.21 7.01 8.42 3.5500 1.2600 0.8100 -0.2878 -4.7067 3.2256 6.72 3.82 6.02 184 345 347 408 224 
0.6564 -0.2177 -0.5175 -0.5038 67.56 77.25 -33.00 8.41 -1.22 -0.46 -1.2400 -1.1200 -0.2700 2.1122 -7.7956 4.0511 8.54 -2.48 -4.13 193 342 338 398 224 
0.4230 -0.4945 -0.7592 -0.0088 67.69 32.13 147.50 3.61 -3.33 -5.17 -1.8200 1.0300 1.2700 -1.3478 -2.9522 1.1967 3.05 -4.34 -8.24 193 322 323 391 228 
0.2155 -0.5773 -0.7812 0.0995 73.62 10.19 156.62 1.22 -1.86 -8.04 -0.1800 1.6300 1.0700 -0.2422 -0.2944 0.2989 1.14 -3.62 -9.04 189 315 315 389 228 
0.1585 -0.6010 -0.7753 0.1119 75.69 6.37 158.62 1.35 -3.03 -8.42 0.0200 0.2700 0.5900 -0.1744 0.1878 -0.0256 1.18 -3.45 -9.09 190 326 323 393 228 
0.1599 -0.6032 -0.7748 0.1014 75.69 7.31 159.37 1.02 -3.07 -8.75 0.3600 0.2300 0.3400 -0.0756 0.2033 -0.0644 1.34 -3.37 -9.10 189 328 327 393 228 
0.1653 -0.5997 -0.7775 0.0925 75.44 9.19 160.00 1.66 -2.70 -8.21 0.1400 0.6300 0.8400 -0.1467 0.9933 -0.0733 2.16 -3.21 -9.01 186 313 315 383 225 
0.2298 -0.5921 -0.7710 0.0458 75.12 22.50 157.44 3.75 -2.46 -6.87 1.3600 1.2100 1.1400 0.3344 4.9289 -0.5822 6.28 -3.49 -6.66 186 312 321 363 222 
0.4786 -0.5383 -0.6755 -0.1580 46.31 63.56 145.56 7.65 -1.77 -2.97 -1.5200 -0.2200 -0.9500 -1.5833 6.1422 -2.5100 9.73 -0.37 1.16 185 315 325 374 222 
0.6365 -0.3193 -0.4521 -0.5371 83.87 56.44 -15.75 7.08 1.30 3.99 -0.7400 -0.6600 -1.9300 1.6144 4.3667 -2.3833 5.26 3.44 7.52 185 339 351 421 213 
;
0.6656 0.0223 -0.2936 -0.6857 92.69 16.81 -30.00 2.04 9.30 5.38 16.7700 17.1200 20.3800 -0.9133 -0.0400 0.2444 2.61 5.53 7.66 179 353 361 420 217 
0.6488 0.0981 -0.3209 -0.6830 92.75 16.06 -37.19 4.31 8.42 9.77 0.5700 3.2100 2.7800 -0.0256 -1.3522 1.0300 3.38 5.70 7.22 188 351 354 420 223 
0.6609 -0.0079 -0.4123 -0.6271 82.31 44.00 -36.50 10.87 3.11 4.88 2.0300 -0.7600 -0.7100 1.2511 -4.8978 5.9167 9.47 0.90 2.37 196 362 355 421 222 
0.6661 -0.3524 -0.6104 -0.2438 27.50 69.94 114.19 7.05 -3.12 -1.88 -1.1200 1.4400 1.1400 0.8389 -4.6922 3.3844 6.88 -5.60 -4.16 197 362 354 413 223 
0.4699 -0.5180 -0.7064 0.1091 330.56 31.37 130.37 3.50 -4.24 -4.04 -1.8500 2.2400 1.3900 -1.7867 -1.7811 0.6056 3.88 -5.87 -6.82 196 344 348 412 227 
0.3044 -0.5847 -0.7425 0.1191 76.75 16.25 148.69 2.70 -4.05 -8.15 0.1200 0.6500 0.2200 -1.0467 -0.4633 0.0800 2.26 -4.20 -8.56 188 312 323 389 227 
0.2133 -0.6085 -0.7592 0.0893 77.50 12.06 157.19 2.01 -3.78 -9.19 -0.2200 0.1000 -0.2600 -0.1689 -0.0233 0.0933 2.02 -3.55 -8.91 186 320 329 395 229 
0.2007 -0.6172 -0.7570 0.0767 78.50 12.06 158.19 1.94 -3.44 -8.63 -0.2900 0.1500 0.3100 0.1044 0.0333 -0.0122 2.06 -3.59 -8.88 187 325 332 397 228 
0.2039 -0.6177 -0.7556 0.0773 78.37 12.31 157.69 1.91 -3.37 -8.36 -0.1800 0.1000 0.4400 0.0156 0.0167 -0.0489 2.15 -3.63 -8.85 187 328 332 399 228 
0.2082 -0.6147 -0.7570 0.0751 78.06 12.88 157.75 1.95 -3.43 -8.24 -0.1600 0.4800 0.5200 -0.0667 0.0256 -0.0678 2.29 -3.57 -8.84 186 327 331 396 227 
0.2184 -0.6117 -0.7578 0.0629 77.69 15.94 157.75 4.86 -1.82 -7.23 1.5300 1.5800 1.6500 0.1156 3.9222 -0.0833 4.82 -3.54 -7.76 186 318 316 371 224 
0.3914 -0.5848 -0.7037 -0.0983 39.44 50.19 154.37 7.19 -1.84 -4.22 -0.5800 0.1200 0.2700 -1.2578 5.3167 -2.2856 9.47 -0.99 -2.34 185 320 333 382 223 
0.5565 -0.4136 -0.5706 -0.4401 82.50 78.12 -34.31 10.37 1.02 0.70 1.1700 -0.6400 -1.8000 -0.3367 5.9811 -2.3733 7.07 2.78 6.19 185 330 346 421 215 
;
0.6391 -0.0639 -0.3383 -0.6878 95.12 25.56 -30.81 11.58 12.56 31.53 5.6300 4.2500 9.0900 -0.3033 1.0344 -0.3367 4.29 4.96 7.28 183 354 362 428 214 
0.6294 0.0258 -0.3654 -0.6854 94.69 24.87 -36.31 4.04 6.07 7.44 0.1500 0.4700 -0.1900 -0.0767 -0.1444 0.1067 4.18 5.20 7.18 183 354 366 429 216 
0.6292 0.0285 -0.3610 -0.6878 95.06 23.50 -36.13 7.20 8.30 9.00 2.9000 2.8900 1.7600 0.4700 0.0244 0.7389 4.30 5.24 7.07 188 342 362 420 219 
0.6626 -0.0559 -0.4020 -0.6295 81.69 48.19 -28.12 9.27 0.69 4.70 -0.0200 -0.9500 0.4600 0.3678 -7.4167 5.3900 9.75 -0.88 0.43 189 323 334 396 223 
0.5656 -0.4794 -0.6384 -0.2066 27.94 55.50 140.87 5.93 -2.78 -4.14 -0.8800 1.3800 1.3500 0.2233 -4.7356 1.4511 5.24 -4.54 -6.93 188 310 324 393 226 
0.3242 -0.5831 -0.7424 0.0610 76.81 20.37 150.87 2.44 -1.35 -6.12 -0.7600 3.5300 1.8700 -1.8200 -0.7444 0.5644 2.66 -3.66 -8.69 188 311 324 378 227 
0.2114 -0.6238 -0.7509 0.0490 79.87 14.50 160.50 2.81 -2.57 -9.50 -0.1300 0.3000 -0.7000 0.0089 -0.0378 0.0522 2.38 -3.04 -9.01 190 327 330 390 227 
0.1982 -0.6312 -0.7487 0.0426 80.25 14.13 160.94 2.62 -2.87 -8.91 0.3000 0.3700 0.1700 0.0844 0.0911 0.0400 2.43 -3.11 -8.97 190 329 329 393 228 
0.2029 -0.6320 -0.7468 0.0421 80.50 14.69 160.44 2.59 -2.25 -8.25 0.2300 0.9200 0.6100 0.0378 0.3333 -0.0656 2.68 -3.19 -8.87 189 325 327 391 227 
0.2352 -0.6292 -0.7405 0.0247 81.25 21.75 157.62 3.59 -2.10 -8.27 -0.5300 1.7100 0.1300 0.9700 3.3567 0.0344 5.54 -4.15 -6.94 184 306 312 370 224 
0.4855 -0.6036 -0.6223 -0.1132 36.13 56.19 129.31 6.22 -3.62 -2.96 -3.1900 0.5000 -0.5400 -0.2522 6.9300 -1.9389 9.19 -2.93 1.73 183 314 332 377 221 
0.7066 -0.3557 -0.3460 -0.5045 77.75 45.13 2.50 3.50 -1.62 5.03 -3.1600 -1.4500 -1.5700 3.0067 5.2856 -3.6278 3.17 2.88 8.81 190 350 349 412 215 
;
0.6589 0.0615 -0.2537 -0.7055 95.44 13.38 -29.87 3.16 7.43 7.42 0.5800 1.6400 -0.7300 1.6644 0.1700 -1.0522 1.69 6.17 7.42 182 358 361 412 214 
0.5908 0.1127 -0.3643 -0.7110 100.69 16.12 -41.88 2.68 5.23 3.78 -0.6400 -0.3500 -2.7000 -0.0411 0.2956 -0.0667 2.64 6.40 6.94 184 357 364 419 215 
0.5924 0.1098 -0.3618 -0.7114 100.31 16.06 -41.88 3.62 7.07 7.01 0.9700 1.1900 0.1500 0.1189 0.2078 -0.0056 2.59 6.33 7.02 185 358 359 422 217 
0.6031 0.1120 -0.3470 -0.7094 98.06 16.69 -37.63 4.80 6.94 8.76 1.6600 1.1000 1.3500 -2.1344 -2.9778 2.6522 5.28 3.71 7.37 185 337 344 395 221 
0.6620 -0.1815 -0.3880 -0.6151 79.37 60.81 -13.94 8.05 -1.04 2.18 -1.9900 -1.0100 -1.3800 1.1644 -7.9089 3.7978 9.44 -2.15 -1.49 184 314 332 394 224 
0.5118 -0.5333 -0.6577 -0.1452 18.62 46.38 143.50 6.23 -2.43 -4.77 -0.4400 2.1200 1.0300 -0.4078 -3.3267 0.9833 4.71 -4.57 -7.28 187 314 310 392 226 
0.3151 -0.6045 -0.7296 0.0547 80.06 20.87 151.31 2.30 -3.02 -7.45 -0.7600 1.7200 0.6400 -0.6933 -0.1656 0.3789 3.03 -3.94 -8.45 188 311 312 393 228 
0.2531 -0.6368 -0.7269 0.0452 82.50 18.12 156.25 2.47 -3.38 -8.72 -0.8000 0.4300 -0.2000 -0.0800 0.0133 0.0400 3.05 -3.68 -8.55 190 318 319 394 228 
0.2488 -0.6425 -0.7238 0.0377 83.25 18.25 156.75 2.82 -3.56 -8.67 -0.3100 0.4200 -0.1300 0.0267 0.0967 0.0356 3.11 -3.68 -8.53 190 321 319 395 228 
0.2497 -0.6423 -0.7236 0.0385 83.19 18.00 156.69 2.35 -3.32 -8.47 -0.4900 0.4000 0.2500 0.0933 0.0733 -0.0244 3.02 -3.70 -8.56 190 323 319 396 228 
0.2494 -0.6420 -0.7240 0.0386 83.06 18.12 156.62 2.53 -3.22 -8.25 -0.6200 0.4100 0.2900 -0.0011 -0.0033 -0.0278 3.09 -3.68 -8.54 191 324 321 397 228 
0.2520 -0.6402 -0.7248 0.0364 82.87 18.62 156.69 2.74 -3.17 -8.44 -0.2200 0.3600 -0.0300 -0.0911 0.1478 -0.2367 3.30 -3.59 -8.50 190 323 323 395 228 
0.2624 -0.6301 -0.7303 0.0287 81.56 21.19 156.25 6.05 -3.05 -8.59 1.3400 1.0600 -0.3600 0.5278 4.4000 0.4644 5.53 -4.03 -7.01 187 315 318 367 222 
0.4962 -0.6122 -0.5974 -0.1488 42.94 60.19 122.31 3.81 -3.08 -2.53 -4.9900 -0.4300 -1.5400 0.3944 7.6000 -2.5411 8.98 -2.66 2.87 183 330 338 401 218 
0.7168 -0.3114 -0.3336 -0.5272 76.44 45.88 -1.25 5.26 0.10 7.64 -0.7000 -0.9600 -0.1900 1.8378 2.6056 -3.2678 4.91 2.54 8.09 196 359 354 421 210 
;
0.6535 0.0203 -0.2870 -0.7001 96.94 17.19 -32.31 3.38 7.28 6.32 0.8100 1.7300 -1.4200 2.0456 0.6722 -1.7011 2.22 6.62 6.87 187 376 365 426 213 
0.5839 0.1227 -0.3502 -0.7220 102.12 13.63 -42.13 2.59 6.72 5.48 0.6600 1.3700 0.4200 -0.2389 0.1411 -0.0511 2.28 6.41 7.05 188 370 367 428 214 
0.5842 0.1225 -0.3511 -0.7214 101.69 13.56 -41.44 3.93 10.12 9.17 3.2900 4.5200 3.1100 -1.6656 -1.8811 1.8611 3.65 5.23 7.44 190 344 353 413 218 
0.6365 -0.0929 -0.3784 -0.6656 86.81 50.56 -25.31 9.62 1.04 3.13 -0.8300 -1.1000 -1.6800 0.7789 -8.6289 5.9156 9.73 -1.17 0.17 190 320 327 382 224 
0.5287 -0.5345 -0.6289 -0.1982 22.75 45.69 145.12 4.95 -2.26 -4.23 -1.5700 2.2700 2.0600 -0.1367 -4.3533 0.8911 4.18 -4.40 -7.69 189 305 309 370 227 
0.2909 -0.6236 -0.7234 0.0558 82.25 19.81 152.06 -0.10 -2.76 -6.66 -1.9900 1.5800 0.8600 -0.3411 -0.5278 -0.0100 3.21 -4.14 -8.28 191 321 290 389 228 
0.2722 -0.6448 -0.7128 0.0457 84.31 19.12 154.12 3.40 -4.17 -8.85 -0.3800 0.0600 -0.4400 -0.0444 -0.0167 0.0500 3.19 -3.97 -8.37 192 326 312 391 228 
0.2682 -0.6487 -0.7111 0.0414 84.81 19.19 154.44 3.01 -3.71 -8.06 -0.7100 0.4400 0.3600 0.0244 0.1178 0.0300 3.29 -4.01 -8.31 192 327 317 393 228 
0.2770 -0.6494 -0.7073 0.0362 85.94 21.37 152.69 2.89 -2.62 -7.92 -0.8000 0.8400 0.0500 0.4322 1.6222 0.4044 4.39 -4.60 -7.46 184 312 317 372 225 
0.4063 -0.6589 -0.6326 -0.0244 14.00 38.25 138.25 6.73 -4.01 -4.34 -0.7900 1.2800 0.4600 0.0300 6.6778 -0.6822 8.32 -4.88 -1.69 186 317 293 375 224 
0.6661 -0.5273 -0.3990 -0.3450 61.88 61.50 48.25 6.04 -3.54 2.00 -2.2100 -0.7400 -2.4400 1.9267 6.1889 -3.2700 6.60 -0.88 7.19 189 345 351 422 216 
0.7200 -0.1318 -0.2449 -0.6358 86.56 25.87 -15.50 4.10 4.31 8.41 1.0600 1.2600 -0.1600 2.0933 1.8389 -2.2178 2.40 4.48 8.37 191 375 363 434 212 
;
