0.8321 0.1721 -0.2653 -0.4556 57.38 16.50 -33.38 2.88 5.22 7.81 0.0700 0.0500 -0.0400 0.0011 0.0122 0.0000 2.78 5.17 7.84 173 256 226 247 168 
0.8322 0.1724 -0.2649 -0.4556 57.38 16.44 -33.38 2.82 5.26 7.77 0.1300 0.0900 -0.1100 0.0022 0.0222 -0.0033 2.77 5.17 7.85 188 257 226 247 167 
0.8318 0.1734 -0.2668 -0.4547 57.31 17.44 -34.19 2.96 7.20 9.78 -0.0300 2.4600 2.8700 0.8967 -2.2267 0.9567 4.29 5.41 6.95 192 297 264 317 202 
0.7979 0.1047 -0.4498 -0.3875 47.56 50.94 -43.00 9.67 5.14 5.04 0.5300 0.4200 0.8600 -0.6489 -6.2378 6.4578 9.79 -0.02 0.47 196 340 328 407 219 
0.6327 -0.3002 -0.7106 -0.0675 4.25 58.88 126.87 3.02 -0.52 -2.83 -4.3000 4.7700 1.0400 -3.5478 -3.9333 4.3611 5.30 -5.40 -6.22 186 334 327 420 222 
0.2878 -0.6551 -0.6918 0.0974 88.94 11.50 148.69 -2.02 -5.01 -7.24 -1.6400 -1.2800 0.5200 -0.4822 -0.2200 0.5867 0.77 -4.66 -8.59 189 339 313 424 224 
0.2057 -0.7070 -0.6648 0.1257 93.31 5.81 152.94 1.53 -4.48 -8.74 0.5400 0.1600 -0.1200 -0.0833 0.0544 -0.0200 1.07 -4.36 -8.71 190 344 324 424 224 
0.2060 -0.7062 -0.6674 0.1161 93.12 6.56 153.31 1.35 -4.03 -8.04 0.4600 0.3100 0.6500 0.0189 0.1511 -0.2656 1.27 -4.34 -8.69 190 342 344 424 224 
0.2117 -0.6984 -0.6758 0.1036 91.62 8.38 154.44 1.47 -3.80 -7.89 -0.0700 0.2900 0.7500 -0.3556 0.1844 -0.3256 1.66 -3.87 -8.85 188 336 351 422 222 
0.2057 -0.6925 -0.6876 0.0732 91.37 12.19 155.44 -0.12 -2.92 -15.02 -1.3200 2.3800 -7.7800 4.2911 2.0422 -0.1256 3.32 -6.01 -6.99 186 360 235 243 158 
0.4615 -0.6074 -0.6305 0.1435 320.00 25.31 118.31 4.34 -5.61 -4.52 0.2000 2.5200 0.2200 4.5011 -0.5167 -1.1767 4.90 -8.41 -1.16 174 395 230 242 160 
0.6226 -0.3509 -0.6080 0.3458 298.00 30.81 84.56 7.28 -4.84 4.28 1.1200 3.6200 3.2500 2.5711 -0.5600 0.4100 4.93 -8.16 2.29 180 409 230 245 164 
0.6406 -0.2407 -0.5703 0.4543 291.94 30.81 75.50 4.24 -6.58 3.83 -0.3800 1.4200 1.3500 -2.6889 -0.6100 0.2167 4.99 -8.42 0.42 183 407 234 245 165 
0.5909 -0.3391 -0.6306 0.3716 295.37 28.87 90.69 4.22 -9.41 -4.41 -1.0500 -0.5000 -3.8700 2.6767 0.6089 -0.2678 4.77 -8.40 1.63 184 410 238 255 171 
0.6672 -0.2412 -0.5468 0.4446 291.81 31.62 70.50 7.22 -5.44 7.97 0.9900 1.2000 3.7200 -1.7389 1.3333 -0.4578 5.16 -8.02 2.24 185 399 240 257 172 
;
