0.8208 0.1834 -0.3735 -0.3914 50.94 27.94 -42.19 4.56 5.79 6.54 -0.0500 -0.0400 0.1000 0.0089 0.0089 -0.0144 4.59 5.82 6.40 168 280 262 288 207 
0.8208 0.1842 -0.3730 -0.3914 50.94 27.87 -42.25 4.51 5.82 6.56 -0.0700 -0.0100 0.1200 0.0011 -0.0167 -0.0044 4.59 5.83 6.41 169 280 260 288 207 
0.8208 0.1843 -0.3728 -0.3915 50.94 27.81 -42.25 4.55 5.78 6.56 -0.0200 0.0300 0.0900 0.0311 0.0678 0.0000 4.55 5.84 6.42 166 279 259 287 204 
0.8219 0.1863 -0.3709 -0.3901 50.63 28.12 -42.00 4.52 6.49 7.35 0.3800 1.3500 1.5300 -0.4322 -1.6856 1.0211 5.59 5.26 6.09 174 280 266 290 204 
0.8012 0.0560 -0.4869 -0.3433 43.38 58.00 -37.44 9.58 2.95 3.90 1.3200 0.5400 1.1000 -1.0044 -4.9100 4.1311 9.78 0.05 0.66 184 312 313 350 213 
0.6402 -0.2798 -0.7061 -0.1151 11.69 65.25 132.31 8.71 -4.33 -2.67 0.0800 -0.2100 0.7700 -0.8756 -3.4567 3.6089 6.51 -5.07 -5.28 194 348 344 410 219 
0.4038 -0.5153 -0.7503 0.0921 329.44 26.81 141.87 2.78 -4.22 -6.26 -1.4900 1.3400 1.2200 -0.9533 -1.5389 1.5378 2.43 -5.13 -7.99 187 326 342 400 223 
0.2402 -0.6127 -0.7377 0.1503 80.19 7.94 149.25 -0.08 -3.12 -6.35 -1.0800 1.0100 1.1000 -0.6167 -0.2533 -0.0056 1.10 -4.55 -8.61 188 329 338 403 225 
0.1942 -0.6233 -0.7451 0.1365 79.69 7.00 154.00 1.76 -4.62 -9.27 0.5800 -0.4500 -0.4100 -0.1467 0.1156 0.0089 1.29 -4.13 -8.79 189 334 341 406 225 
0.1924 -0.6243 -0.7476 0.1202 79.62 8.13 154.94 1.23 -4.14 -8.49 -0.1700 0.0200 0.3700 -0.0022 0.1300 -0.0400 1.47 -4.08 -8.79 190 333 343 405 225 
0.1981 -0.6231 -0.7484 0.1118 79.44 9.06 155.31 1.47 -3.86 -8.15 0.0100 0.1700 0.6600 -0.1033 0.0778 -0.0356 1.60 -3.96 -8.82 189 331 340 401 223 
0.2034 -0.6230 -0.7487 0.0997 80.12 13.13 154.19 3.14 -7.20 -14.53 3.1200 -3.3400 -8.2500 3.4544 6.1989 -0.3011 5.79 -5.87 -5.29 164 247 199 212 155 
0.6489 -0.5135 -0.5612 0.0174 356.19 45.75 90.25 7.59 -4.00 -0.91 -0.1200 2.7500 -2.8400 5.9267 4.6144 1.0556 5.21 -5.74 5.99 150 231 193 212 152 
0.9393 -0.2458 -0.2161 0.1028 345.37 15.19 29.19 -1.79 0.36 6.08 -3.8900 4.9600 -2.1100 1.0922 1.2989 1.3133 1.11 -3.93 8.91 146 225 195 212 152 
0.9639 -0.1870 -0.0662 0.1774 339.94 2.25 22.75 -2.35 -1.37 8.61 -2.7100 2.3800 -0.1900 -0.7178 0.4944 -0.8122 -0.15 -4.17 8.87 142 225 199 216 155 
0.9641 -0.2481 -0.0107 0.0941 351.62 -3.19 31.87 1.11 -4.44 7.13 1.8000 1.0600 -0.9200 -1.9311 2.5678 -1.0489 -1.58 -6.42 7.23 138 225 204 219 159 
0.9034 -0.4036 0.1412 -0.0316 5.37 -14.50 51.44 -4.21 -10.60 2.73 -3.1200 -3.0400 -2.6000 -0.4156 1.4633 -0.4600 -3.04 -7.88 4.96 140 227 206 220 160 
;
