0.5919 0.3818 0.1376 0.6964 260.69 21.62 -43.81 3.63 6.37 6.49 -0.0100 0.0600 -0.0600 0.0022 -0.0056 -0.0033 3.61 6.31 6.57 174 346 368 408 211 
0.5919 0.3823 0.1374 0.6962 260.69 21.69 -43.81 3.61 6.39 6.51 0.0000 0.0800 -0.0800 0.0044 -0.0067 -0.0011 3.62 6.31 6.56 173 343 369 409 215 
0.5918 0.3825 0.1375 0.6961 260.69 21.62 -43.88 3.73 6.33 6.79 0.3000 0.0600 -0.0100 0.1367 0.1333 -0.0556 3.57 6.39 6.51 176 336 363 415 215 
0.5923 0.3837 0.1430 0.6938 261.00 21.06 -44.50 4.90 8.52 7.60 1.7200 2.3400 1.1800 -0.8444 0.2711 0.1556 3.51 6.08 6.83 192 328 346 402 220 
0.5535 0.4240 0.0826 0.7121 251.31 44.81 -47.75 15.58 6.41 3.56 7.7800 1.7000 -0.2800 1.6300 -7.8044 6.9833 9.69 0.95 -1.14 192 337 339 398 224 
0.1088 0.7425 -0.3427 0.5652 185.37 56.06 134.25 3.25 -0.22 0.49 -6.8000 4.1200 4.9700 0.9700 -1.4689 3.6567 5.85 -6.59 -4.28 189 325 326 392 225 
-0.1611 0.6885 -0.5148 0.4849 141.87 28.12 126.44 0.51 -2.56 2.03 -2.9200 3.1800 7.1900 -4.0311 -0.5000 -1.1789 4.50 -4.66 -7.35 181 293 311 389 223 
0.0080 0.7790 -0.5718 0.2571 253.44 24.44 161.75 3.55 -4.05 -9.65 -0.9600 -1.2400 0.0800 0.7078 0.2344 0.3733 4.20 -3.66 -8.06 183 309 317 391 225 
-0.0144 0.7504 -0.5869 0.3039 255.81 26.31 155.50 5.49 -2.46 -8.26 0.5300 1.1200 -0.2400 -0.0178 0.2944 0.0344 4.48 -3.61 -7.93 186 314 325 392 226 
-0.0024 0.7461 -0.5898 0.3089 256.94 27.56 155.75 5.06 -3.22 -7.62 0.2200 -0.1200 0.1000 0.4544 0.6189 -0.3189 5.05 -3.67 -7.55 185 303 305 364 223 
0.0424 0.7141 -0.5587 0.4197 195.75 46.25 142.12 11.79 -7.25 -8.58 2.9100 -3.5000 -5.1800 3.4322 7.6356 0.0122 8.61 -4.56 1.01 167 326 185 208 152 
0.1674 0.4153 -0.3349 0.8291 203.25 48.19 32.63 -0.20 -1.65 3.52 -7.2800 1.4400 -3.0300 2.3522 1.8744 -1.4444 6.39 -1.65 7.24 168 341 175 186 145 
0.2368 0.3038 -0.0806 0.9193 209.19 33.63 -7.87 12.76 5.11 4.90 9.7600 3.9700 -0.1100 4.3556 -0.8444 2.4722 5.75 3.13 7.29 175 335 179 191 156 
0.0251 0.3562 0.1555 0.9210 174.75 41.19 -18.25 3.74 9.23 15.15 -3.5000 7.2100 7.2200 -2.7822 2.1456 3.5489 5.65 -0.70 7.98 182 340 184 193 158 
-0.1642 0.2615 -0.0942 0.9465 163.06 23.75 22.87 -4.42 -1.61 3.05 -7.3900 2.8200 -5.6200 -2.7467 -0.6178 -1.6511 4.25 -4.93 7.32 189 351 184 198 154 
0.0096 0.2893 -0.2782 0.9159 187.62 37.13 35.63 4.53 0.54 -3.27 0.4300 4.7800 -9.7800 1.1633 0.3511 -4.7667 7.09 -1.86 6.50 176 350 182 197 159 
0.2505 0.3883 -0.0792 0.8833 210.31 46.94 -15.50 23.22 9.64 11.11 11.8200 7.8600 10.3300 3.5322 -0.1167 2.0867 7.78 2.67 5.33 177 343 189 195 160 
;
0.0518 0.5062 0.0505 0.8594 185.31 61.38 -10.88 4.98 1.01 4.05 -3.6600 0.4100 -1.4000 -1.4400 -0.0378 0.4167 8.71 -0.19 4.48 179 310 193 203 162 
0.0483 0.5439 -0.0671 0.8350 187.00 67.69 11.19 7.57 1.06 1.78 -1.6600 1.1600 -1.7200 -1.6944 -2.0767 0.4422 9.48 -1.45 1.99 185 320 314 378 218 
0.0470 0.6618 -0.1900 0.7236 183.50 72.81 100.00 17.15 -8.17 -3.70 7.8800 -4.6500 -2.5300 -0.5933 -5.2544 6.0822 6.68 -6.10 -3.76 196 314 347 403 221 
-0.2163 0.7296 -0.4733 0.4437 122.19 20.75 127.06 0.17 -3.90 1.64 -2.8100 4.3200 8.5100 -4.1667 1.1800 1.1900 2.84 -6.02 -7.19 179 288 332 397 221 
-0.0626 0.7269 -0.6335 0.2576 261.37 17.75 158.44 8.22 -1.20 -23.97 3.9500 1.6700 -11.8800 2.2333 0.4611 0.5478 3.16 -3.63 -8.53 181 302 335 405 224 
-0.0578 0.7343 -0.6219 0.2660 260.25 18.69 154.12 3.05 -1.76 -6.82 0.6500 2.1700 0.5000 -0.4544 0.6611 -0.5511 3.62 -3.61 -8.36 177 293 321 380 218 
0.0297 0.7303 -0.6013 0.3229 200.56 39.25 153.12 13.74 -7.62 -12.04 5.3400 -1.5500 -3.5900 2.9578 10.0244 0.0667 8.82 -4.27 -0.25 142 323 207 226 155 
0.2593 0.3785 -0.3834 0.8016 218.19 45.63 32.31 -1.89 -1.05 1.91 -5.7600 3.2800 -5.7800 2.3533 0.9111 -1.3356 6.21 -1.85 7.35 138 331 194 214 148 
0.3365 0.2847 -0.1253 0.8888 219.37 34.19 -4.69 13.57 4.44 5.76 10.1400 3.0900 -0.8900 5.1811 -2.2689 3.1689 6.69 2.45 6.73 144 341 210 216 146 
0.0359 0.4413 0.1190 0.8887 174.94 50.88 -15.50 2.68 10.23 15.38 -7.4900 7.9800 6.5700 -2.5322 1.2356 4.3656 6.74 -1.69 6.90 140 350 210 223 150 
-0.1805 0.3482 -0.1290 0.9108 158.56 33.81 32.56 -4.08 0.60 1.60 -8.7500 6.1700 -5.6000 -2.7678 -0.7567 -1.3833 6.19 -5.41 5.32 154 361 210 221 150 
-0.0027 0.4175 -0.2888 0.8616 185.62 48.56 42.25 7.29 0.52 -4.39 1.6800 3.8200 -8.5900 1.7256 0.6367 -4.6256 8.12 -0.71 5.44 152 346 211 225 151 
0.2023 0.4880 -0.0507 0.8476 205.37 57.88 -18.19 20.58 8.13 12.28 8.9200 5.8000 8.7600 1.8667 -1.2211 2.5211 8.93 1.18 3.87 154 343 216 227 156 
0.0253 0.5732 -0.0369 0.8182 182.12 70.12 13.50 4.59 0.17 3.87 -4.8600 0.9700 -0.0900 -1.4267 0.1611 0.3822 9.16 -1.67 3.05 159 332 220 231 159 
;
