0.7338 0.1750 -0.3691 -0.5429 72.56 20.69 -44.38 3.73 6.18 6.72 0.2700 -0.1300 0.1800 -0.0244 0.0211 0.3289 3.61 6.31 6.57 156 271 240 255 157 
0.7491 0.1670 -0.3671 -0.5256 69.31 22.06 -43.06 3.95 5.93 6.74 0.2800 -0.2300 0.0400 0.1811 0.3211 0.3544 3.71 6.16 6.65 158 271 242 257 158 
0.7701 0.1764 -0.3593 -0.4967 64.56 22.06 -42.69 3.79 6.07 6.60 0.1200 -0.0700 -0.0500 0.2589 0.5311 0.3389 3.58 6.18 6.70 158 276 241 255 160 
0.7944 0.1964 -0.3431 -0.4611 59.19 22.50 -42.19 3.29 7.87 9.29 -0.5900 2.0200 2.9700 -0.0600 -4.6189 2.5678 6.30 5.30 5.31 178 302 281 332 208 
0.7266 -0.0407 -0.5916 -0.3471 45.75 77.25 -62.25 10.56 0.74 -0.97 0.8100 0.4700 -0.5400 -0.1289 -6.9722 6.1222 8.56 -2.43 -4.10 193 332 320 409 219 
0.4499 -0.4515 -0.7704 0.0158 341.62 35.06 140.94 3.96 -2.63 -4.85 -2.3200 2.3600 1.0400 1.4444 0.1944 1.9278 4.54 -6.51 -5.74 198 350 340 423 220 
0.4389 -0.5551 -0.6883 0.1599 318.81 24.19 128.75 2.65 -5.78 -5.53 -1.4000 1.2200 0.2600 -1.9389 -1.2167 0.6711 3.12 -6.45 -6.68 198 335 344 420 220 
0.2953 -0.6299 -0.7039 0.1429 84.06 11.63 147.94 1.31 -4.22 -8.22 0.5500 1.4400 0.4200 -1.0456 -0.6611 0.5944 1.24 -4.36 -8.69 192 327 340 409 221 
0.1874 -0.6703 -0.7085 0.1163 87.19 5.94 156.06 0.58 -4.66 -9.52 0.0100 -0.9400 -0.5300 -0.1767 0.0567 0.1544 0.93 -3.79 -8.99 193 336 339 410 222 
0.1732 -0.6816 -0.7031 0.1054 88.31 5.81 157.12 0.89 -3.52 -8.28 -0.2900 0.3200 0.7200 0.0189 0.1444 -0.0444 1.08 -3.83 -8.96 194 337 339 411 222 
0.1828 -0.6786 -0.7038 0.1036 87.75 6.69 156.50 1.03 -3.83 -8.52 -0.1800 0.0000 0.3900 0.0189 0.1256 -0.0544 1.22 -3.89 -8.91 192 339 339 411 222 
0.1880 -0.6763 -0.7049 0.1026 87.62 7.31 156.19 1.00 -3.78 -8.35 -0.0300 0.1800 0.5400 0.0133 0.1178 0.0178 1.28 -3.94 -8.88 191 339 340 405 223 
0.1909 -0.6758 -0.7046 0.1019 87.50 7.69 156.06 1.19 -3.68 -8.31 -0.0500 0.3000 0.6000 -0.0156 0.1256 -0.1067 1.43 -3.92 -8.87 189 324 337 390 216 
0.2151 -0.6694 -0.7057 0.0868 87.19 13.94 154.12 1.88 -2.97 -7.38 -2.8300 0.5500 1.0700 0.6133 1.7056 -0.5933 3.88 -4.34 -7.89 178 281 262 263 179 
0.3349 -0.6561 -0.6762 -0.0145 22.44 35.94 149.87 4.59 -5.50 -10.04 -2.2200 -1.6800 -2.9400 0.6044 3.0444 -0.0200 7.72 -4.03 -4.49 177 282 249 261 177 
0.5185 -0.6243 -0.5455 -0.2093 44.13 56.56 129.31 6.97 -4.04 -2.90 -1.4300 0.3600 0.1800 0.2267 -0.9644 0.1100 8.00 -4.32 -3.65 172 274 261 279 184 
0.5103 -0.6271 -0.5604 -0.1794 37.88 51.81 135.06 7.83 -4.48 -5.27 0.3900 -0.3700 -0.9300 -0.3878 -2.9789 -0.0622 6.76 -4.14 -5.77 187 290 281 314 200 
0.3674 -0.6660 -0.6470 -0.0533 90.62 27.06 151.25 7.71 -7.93 -13.60 2.0000 -4.1000 -5.7300 2.4244 -2.2744 1.3733 2.54 -5.56 -7.66 197 328 313 389 219 
0.3860 -0.6574 -0.6204 0.1843 306.50 13.94 120.31 0.25 -3.48 0.10 -2.3500 6.8700 2.5100 2.8422 0.7978 0.5233 2.25 -9.35 -1.91 200 384 347 416 218 
0.5847 -0.5650 -0.4977 0.3020 306.44 14.38 96.75 1.08 -4.44 0.53 -1.5700 4.5200 1.5300 -0.2756 0.4900 -0.2178 2.62 -9.38 -1.13 201 386 355 416 216 
0.5981 -0.5711 -0.4940 0.2684 312.87 17.19 99.62 2.31 -6.06 -1.58 -0.4900 3.0800 -0.2100 -0.8600 0.0444 -0.4778 3.30 -8.96 -2.22 200 369 350 401 220 
;
0.5698 -0.5905 -0.5366 0.1967 325.62 24.56 109.50 3.21 -7.27 -3.43 -0.3900 1.3500 0.3400 -1.9767 -0.5011 -1.4567 4.88 -7.43 -4.13 156 252 243 247 174 
0.4973 -0.5958 -0.6273 0.0659 353.62 35.81 130.44 7.61 -6.90 -6.21 3.5300 0.0700 -0.6700 -1.5811 -0.3178 -1.4067 6.43 -4.50 -5.87 125 209 201 205 147 
0.4114 -0.5737 -0.7063 -0.0531 14.75 39.44 150.75 10.72 -5.97 -9.24 2.3700 -2.0000 -1.1400 1.7511 1.6889 -0.8944 7.21 -3.88 -5.38 125 198 206 205 152 
0.5091 -0.4769 -0.7135 -0.0658 15.25 52.56 139.69 6.43 -4.59 -4.13 -0.8800 -0.3800 0.7600 -0.1111 -0.0989 -0.1411 7.65 -3.83 -4.78 123 203 208 208 153 
0.4989 -0.4868 -0.7133 -0.0733 16.06 50.88 142.62 7.95 -3.07 -4.49 0.1500 0.5100 0.4200 -0.2989 -0.1378 0.0311 7.49 -3.72 -5.10 125 205 213 212 154 
0.4713 -0.4964 -0.7269 -0.0563 12.44 45.56 146.19 7.75 -5.24 -6.35 1.7300 -1.5200 -0.9200 -0.8644 -2.1622 1.0811 5.66 -3.91 -6.98 181 271 273 302 209 
0.3489 -0.5755 -0.7395 0.0124 77.25 27.87 151.81 3.75 -4.82 -7.61 0.1300 -0.2600 -0.2000 0.3222 -0.3200 0.5356 4.24 -4.18 -7.78 187 314 315 391 222 
0.3181 -0.6140 -0.7219 0.0263 81.56 24.06 152.06 2.75 -2.95 -5.05 -0.5800 0.9700 3.5000 -1.7244 -0.8911 0.1211 3.30 -3.30 -8.62 186 312 326 400 221 
0.2141 -0.6569 -0.7230 0.0005 84.87 17.06 163.50 2.44 -0.96 -9.36 0.0500 1.3700 -0.4800 -0.0844 -0.2356 0.1789 2.63 -2.57 -9.08 185 318 327 407 221 
0.1890 -0.6710 -0.7170 0.0067 86.25 15.06 164.31 2.83 -2.81 -9.00 0.3800 -0.0100 0.1700 -0.0756 0.0767 0.0656 2.59 -2.52 -9.11 184 318 330 406 221 
0.1901 -0.6785 -0.7096 0.0016 87.69 15.56 164.19 2.30 -2.53 -8.52 -0.3800 0.1000 0.6100 0.0489 0.0933 0.0222 2.69 -2.60 -9.06 185 318 331 406 220 
0.1964 -0.6815 -0.7050 -0.0031 88.12 16.37 164.19 2.81 -2.18 -8.54 0.0200 0.2200 0.4700 -0.1256 0.0444 -0.0089 2.79 -2.48 -9.06 186 317 331 402 221 
0.1956 -0.6835 -0.7032 -0.0114 88.31 17.31 164.50 2.29 -1.78 -7.97 -0.3900 0.9800 0.7400 0.3689 0.1611 -0.4200 3.14 -2.62 -8.91 178 310 325 384 219 
0.2180 -0.6636 -0.7155 -0.0131 85.31 18.75 162.81 7.18 -7.98 -15.67 4.2200 -5.5500 -7.1600 1.6400 0.4689 0.3833 3.26 -3.71 -8.46 177 304 324 384 219 
0.3059 -0.6627 -0.6796 0.0732 90.87 17.25 141.50 1.37 -3.22 -6.19 -1.5400 3.0200 0.7200 3.6600 1.5178 0.9433 2.92 -7.78 -5.19 199 344 338 410 219 
0.5359 -0.6196 -0.5356 0.2050 317.81 18.44 106.31 1.23 -3.27 -0.30 -1.5100 6.0900 1.3100 0.6811 0.3044 0.0678 2.98 -9.15 -1.85 199 372 356 419 217 
0.6021 -0.5883 -0.4866 0.2339 318.00 18.25 99.69 2.61 -6.54 -0.32 -0.5600 2.5100 1.0100 -0.2244 0.0700 -0.0756 3.16 -9.12 -1.70 199 373 358 416 218 
;
