0.5895 0.3223 0.1464 0.7261 258.12 17.12 -38.31 2.72 5.83 7.38 -0.2000 0.0000 0.0100 0.0056 0.0022 0.0044 2.88 5.81 7.35 172 329 363 412 212 
0.5896 0.3215 0.1470 0.7262 258.12 17.06 -38.31 2.71 5.80 7.41 -0.1900 0.0100 0.0000 0.0033 -0.0111 0.0011 2.87 5.81 7.35 163 328 365 411 209 
0.5898 0.3212 0.1476 0.7261 258.12 16.94 -38.31 2.89 5.85 7.44 0.3200 -0.0700 0.1400 0.1533 0.3789 -0.1422 2.65 5.90 7.36 172 310 347 409 213 
0.5911 0.3187 0.1591 0.7237 258.00 16.62 -39.06 2.47 8.64 11.58 0.1900 4.7200 5.1400 1.3578 -4.5533 3.6756 5.59 5.51 5.86 192 320 341 393 218 
0.3994 0.5932 -0.0721 0.6953 229.25 79.06 -71.56 12.27 1.64 -0.76 0.4100 1.7300 0.0500 1.6700 -6.2056 7.1811 8.18 -3.68 -3.94 190 289 314 367 221 
-0.0830 0.7318 -0.4543 0.5012 150.62 34.63 128.50 -1.14 -1.65 2.14 -4.3300 4.8600 9.5900 -1.9511 -1.1678 1.3800 3.97 -6.04 -6.62 184 281 309 372 222 
-0.0553 0.7629 -0.5789 0.2825 253.56 21.12 162.94 7.39 -2.69 -23.91 2.2800 -0.5100 -7.2000 1.4389 0.1611 0.5911 3.72 -2.70 -8.65 184 300 316 383 229 
-0.0132 0.7679 -0.5895 0.2503 255.12 21.56 159.75 4.49 -2.06 -7.58 0.5800 0.6900 0.6700 0.0500 0.1589 0.0367 3.68 -3.17 -8.51 186 306 318 386 225 
-0.0098 0.7632 -0.5925 0.2576 255.75 22.37 159.94 4.35 -2.80 -8.74 0.6700 0.1100 -0.0900 0.1078 0.0822 0.1300 3.75 -3.17 -8.48 187 292 317 383 223 
-0.0188 0.7502 -0.6024 0.2721 257.81 23.25 153.06 6.25 -3.78 -8.63 2.2600 1.0600 -1.5800 2.9311 1.4122 0.4700 4.19 -6.02 -6.49 156 251 173 178 124 
-0.1667 0.6705 -0.5582 0.4594 132.62 24.75 115.87 7.31 -10.81 -5.42 2.5200 -1.1000 -1.9000 5.2944 1.7089 0.5856 3.94 -8.97 0.04 134 286 169 185 128 
-0.3630 0.4866 -0.4075 0.6821 123.50 20.31 73.19 0.14 -3.90 3.03 -2.5400 4.0100 -0.4200 0.9011 0.6589 -0.0867 3.21 -8.47 3.73 124 292 172 185 136 
-0.3909 0.3956 -0.3604 0.7489 123.75 16.69 61.25 5.37 -11.37 2.06 2.0100 -2.7000 -3.2500 2.4100 1.0444 0.7556 1.84 -7.40 6.15 129 288 179 191 138 
-0.4665 0.2353 -0.2771 0.8063 119.12 4.62 37.25 -0.17 -1.21 6.78 -1.3300 4.8200 -0.2800 2.1556 0.9122 0.5633 0.00 -4.54 8.69 133 315 181 194 140 
-0.5063 0.1088 -0.1953 0.8329 117.25 -0.75 26.50 -0.89 -0.07 9.10 -0.9000 4.3400 0.3300 -1.4578 -0.5867 -0.4722 0.36 -5.15 8.33 132 309 173 194 139 
-0.4771 0.2051 -0.2470 0.8181 120.69 8.50 40.56 -1.05 -3.01 4.34 -3.3800 3.4500 -3.0900 -3.1633 -2.2578 -1.2111 3.03 -7.55 5.46 140 281 184 196 137 
-0.3756 0.4402 -0.3185 0.7509 128.62 28.81 69.37 5.45 -7.11 -1.23 0.4100 0.9900 -3.0300 -2.5400 -1.8511 -2.5444 6.62 -7.22 0.21 152 269 185 204 152 
;
-0.4847 0.1557 -0.2410 0.8263 120.81 4.56 38.94 -0.83 -0.18 6.33 -1.6800 5.7500 -1.5600 -4.2900 -1.3378 -2.5411 2.69 -7.91 5.12 114 271 184 199 143 
-0.3033 0.4337 -0.3901 0.7535 140.12 29.69 77.50 8.27 -7.04 -4.97 2.2300 1.2500 -5.5200 -3.0778 -1.0800 -2.8089 6.58 -7.23 -0.71 144 260 199 218 160 
-0.0984 0.6506 -0.4174 0.6268 164.25 48.25 109.75 10.22 -6.86 -4.56 3.2300 -0.7800 -1.4700 -0.4756 -1.0144 -0.6378 7.42 -5.50 -3.26 183 274 277 297 216 
-0.0850 0.7231 -0.3984 0.5577 157.81 45.88 121.94 14.69 -11.16 -4.89 6.5200 -3.6800 -0.1900 0.5778 -1.6833 2.5844 5.39 -7.17 -3.94 193 313 331 378 218 
-0.2216 0.7282 -0.4725 0.4442 125.31 23.00 128.50 1.69 -4.10 2.74 -2.7100 2.9300 9.4500 -2.7344 0.5067 0.6567 3.56 -6.03 -6.85 189 287 325 384 219 
-0.0885 0.7538 -0.5800 0.2960 255.19 19.87 156.75 8.72 -1.93 -23.36 3.1700 1.2900 -8.8200 1.5122 0.6922 0.4733 3.39 -3.93 -8.31 185 298 323 389 220 
-0.0634 0.7493 -0.5991 0.2750 256.94 19.81 153.19 4.70 -2.76 -7.19 1.2900 1.3200 0.9400 0.0267 0.4411 -0.1700 3.61 -4.09 -8.14 185 302 325 380 218 
-0.0473 0.7501 -0.5876 0.2996 255.81 24.37 151.25 9.01 -6.57 -11.88 7.4400 -2.2000 -5.7400 3.1322 1.5467 0.7911 4.56 -5.83 -6.41 127 242 195 201 142 
-0.1631 0.6523 -0.5497 0.4957 136.44 25.81 110.62 3.95 -6.91 -7.07 -0.6900 5.0900 -1.2500 5.1500 2.5011 1.0067 3.40 -9.05 1.58 114 305 182 190 140 
-0.3670 0.4197 -0.4016 0.7266 127.75 17.94 66.44 2.50 -7.81 3.48 2.0400 -1.5800 -1.4200 1.0489 0.4478 0.1678 2.81 -8.19 4.59 113 307 182 197 146 
-0.4114 0.3144 -0.3244 0.7916 123.37 10.00 45.69 -0.62 -1.28 5.14 -2.0500 6.0800 -1.4400 3.9656 1.8467 0.6800 0.22 -4.54 8.68 124 304 187 198 139 
-0.4841 0.0842 -0.1747 0.8533 120.87 -1.56 23.00 -3.92 3.96 7.85 -3.3700 7.8100 -1.5500 -2.9800 -1.0911 -1.0467 0.60 -5.47 8.11 121 301 189 197 144 
;
