0.5209 0.0239 -0.3250 -0.7890 113.06 17.44 -34.31 2.98 5.34 7.63 0.1100 0.0400 -0.1400 0.0178 0.0689 -0.0100 2.91 5.28 7.73 178 363 361 414 213 
0.5220 0.0268 -0.3239 -0.7886 112.94 17.12 -34.31 2.84 5.37 7.61 -0.0400 0.0700 -0.0800 -0.0044 -0.0133 0.0011 2.88 5.28 7.74 179 362 361 415 214 
0.5221 0.0274 -0.3235 -0.7887 112.94 17.12 -34.25 3.02 5.41 7.68 0.1000 0.1000 -0.0800 -0.0533 0.0256 0.0300 2.88 5.26 7.75 177 353 359 417 215 
0.5264 0.0254 -0.3200 -0.7873 111.37 18.62 -32.81 4.34 6.22 9.13 1.8000 1.8100 1.7300 -0.7689 -2.4044 2.0444 5.11 4.06 7.31 182 334 322 376 221 
0.5613 -0.1729 -0.3702 -0.7198 102.81 49.69 -26.25 9.96 2.02 5.35 1.9200 -0.6800 -0.0900 -0.2556 -5.4467 2.7211 9.61 0.79 1.75 187 330 315 383 221 
0.4973 -0.5185 -0.4993 -0.4843 82.06 77.00 148.25 8.63 -2.41 -2.14 -0.5000 -0.3800 1.0600 0.3233 -4.7578 2.3311 7.56 -3.03 -5.45 185 328 276 392 226 
0.3683 -0.7308 -0.5500 -0.1669 107.75 35.38 153.19 3.96 -2.20 -6.12 -0.6000 1.6400 1.5200 -0.7789 -1.8778 1.0711 4.12 -3.53 -8.16 185 307 322 379 225 
0.2385 -0.8117 -0.5304 -0.0540 114.44 18.25 160.94 1.67 -1.15 -8.03 -1.3700 1.4500 0.5400 -0.9044 -0.2922 -0.0322 2.82 -2.42 -9.07 184 311 319 382 224 
0.1793 -0.8279 -0.5283 -0.0582 114.75 16.75 165.81 3.42 -2.56 -9.40 0.4000 0.0200 0.0000 0.0000 0.0989 0.0267 2.90 -2.34 -9.06 186 317 320 384 224 
0.1873 -0.8314 -0.5193 -0.0632 116.12 17.50 164.94 2.50 -2.47 -8.95 -0.5300 0.3400 0.1300 0.0144 0.1644 0.0422 3.06 -2.49 -8.97 186 318 322 384 225 
0.1964 -0.8386 -0.5029 -0.0729 118.31 18.87 164.19 3.22 -2.24 -8.72 1.0100 0.3100 -0.3200 0.1622 1.0022 0.2933 3.63 -2.63 -8.71 187 318 315 372 220 
0.2595 -0.8474 -0.4379 -0.1514 131.69 35.44 153.44 10.24 -2.42 -10.32 3.5100 2.0800 -4.1000 0.2111 7.8911 4.9956 6.99 -6.23 -2.88 192 339 311 385 213 
0.4772 -0.7374 0.1053 -0.4662 91.62 27.81 95.00 2.12 -5.77 -3.93 -3.2600 3.2800 -3.4800 -1.6056 2.6156 3.3300 2.07 -9.49 -1.29 193 340 319 397 212 
0.4360 -0.5990 0.4877 -0.4618 93.69 5.44 103.25 0.34 -7.49 -3.10 -0.5800 1.5400 -0.9300 -1.3633 0.3100 0.5000 0.51 -9.28 -3.10 195 341 330 403 215 
0.3983 -0.5954 0.5596 -0.4167 91.94 2.94 109.00 -2.15 -7.65 -8.70 -3.2900 2.2400 -4.3800 2.9256 0.3333 -0.4433 0.89 -9.69 -1.16 196 343 323 396 215 
0.4794 -0.5203 0.4608 -0.5359 95.31 5.69 86.00 4.79 -8.35 10.01 2.4400 0.1700 4.8700 -1.7611 -0.5589 0.3011 0.67 -9.76 -0.53 196 340 326 391 216 
0.4551 -0.5700 0.5076 -0.4586 89.56 3.19 102.81 -1.16 -7.97 -7.01 -2.0500 1.5600 -6.1200 -0.6567 -0.1522 0.0333 0.45 -9.36 -2.87 195 341 326 390 217 
0.4421 -0.5906 0.5129 -0.4390 91.44 5.00 98.50 -0.77 -7.68 -3.67 -1.2100 2.4400 -0.3100 4.3800 0.9467 -1.1256 1.64 -9.56 1.43 196 342 334 390 217 
0.5140 -0.4907 0.3731 -0.5966 98.94 11.75 77.00 3.70 -8.70 5.01 0.2900 1.4400 0.9300 -2.1033 -2.4856 -0.6133 2.65 -9.44 0.12 194 335 332 365 217 
0.4866 -0.6806 0.3093 -0.4520 82.25 19.44 99.56 1.99 -4.90 -6.49 -1.0100 4.1500 -3.8700 1.9433 -1.7956 -2.1889 4.52 -8.62 -1.13 185 305 312 332 212 
0.5689 -0.6595 0.0977 -0.4815 84.31 33.13 71.81 4.13 -5.35 3.02 -0.8200 2.4500 -0.5300 4.8244 2.0378 -2.3389 5.70 -5.31 5.94 184 312 324 340 214 
0.6422 -0.3313 -0.0748 -0.6871 94.75 30.44 12.13 3.53 0.07 11.53 -0.6700 1.1000 2.8500 3.3933 1.5378 -2.1533 3.71 1.37 8.96 185 326 335 393 213 
0.6044 -0.0101 -0.1883 -0.7740 106.50 10.06 -21.00 0.70 9.34 14.67 17.9100 7.6000 19.3900 0.3389 -2.1778 0.7400 2.12 5.01 8.15 183 357 345 415 209 
;
0.5948 0.0915 -0.2813 -0.7474 102.94 11.44 -32.63 1.99 5.23 8.06 0.0100 0.0200 0.0100 -0.0022 -0.0067 -0.0011 1.95 5.18 8.09 178 345 363 409 209 
0.5947 0.0909 -0.2815 -0.7476 102.94 11.44 -32.63 1.98 5.23 8.05 0.0000 0.0300 -0.0100 -0.0044 -0.0044 -0.0033 1.95 5.18 8.09 179 344 362 408 208 
0.5947 0.0909 -0.2815 -0.7476 103.00 11.44 -32.63 2.20 5.42 8.16 0.1300 0.3600 0.3300 -0.1311 -0.5056 0.3400 2.27 5.09 8.06 178 327 349 407 214 
0.6068 -0.0005 -0.3135 -0.7304 100.81 31.00 -26.00 6.46 5.59 8.78 1.0600 1.0100 1.3700 -2.9100 -7.1844 0.9278 8.48 1.59 4.64 180 309 302 369 220 
0.4549 -0.5031 -0.4220 -0.6016 100.50 83.87 178.37 9.40 -1.43 -3.75 -0.8600 0.3500 -0.0900 1.8800 -6.8667 3.1622 6.91 -3.18 -6.18 182 311 324 357 221 
0.3411 -0.7771 -0.5185 -0.1044 114.44 25.00 149.81 1.45 -1.52 -6.29 -1.0700 2.0600 1.8100 -0.5078 -2.4900 1.3522 2.09 -4.57 -8.41 186 300 312 350 221 
0.2484 -0.8422 -0.4767 0.0411 121.62 9.50 154.56 1.67 -0.52 -11.33 2.8300 2.9200 -7.2100 -0.9556 0.2856 -0.2933 1.64 -2.94 -9.20 186 323 317 366 223 
0.1895 -0.8520 -0.4881 0.0029 120.62 10.44 160.00 2.35 -3.42 -8.03 0.3800 0.4900 0.8200 0.0011 0.2511 0.0122 1.89 -3.33 -9.02 188 326 319 366 223 
0.2020 -0.8522 -0.4826 -0.0056 121.44 12.19 159.75 2.38 -2.78 -7.97 -0.0500 0.5300 0.9800 0.1089 0.8133 -0.0978 2.64 -3.40 -8.80 189 312 309 342 216 
0.3187 -0.8517 -0.3933 -0.1355 62.06 41.69 129.50 13.29 -3.49 -7.85 1.7600 1.9800 -4.1500 -2.0567 9.5800 5.2156 5.60 -8.04 -0.17 192 352 336 392 210 
0.4995 -0.6696 0.2745 -0.4763 87.56 15.19 96.12 -1.26 -5.14 -3.50 -3.5900 2.8900 -2.7900 -1.9189 0.7678 1.4189 1.25 -9.40 -2.49 191 342 337 390 203 
0.4237 -0.6401 0.4940 -0.4083 88.50 5.87 108.69 0.59 -6.98 -7.59 -1.4600 1.8200 -6.0400 0.6289 0.0744 -0.4044 1.16 -9.38 -2.60 187 334 335 387 203 
0.4880 -0.5784 0.4550 -0.4694 85.75 5.19 87.69 5.86 -9.71 18.66 5.8100 -0.0200 20.9200 -0.7156 -0.0611 0.4200 0.71 -9.77 0.41 187 337 337 387 204 
0.4908 -0.6014 0.4510 -0.4404 84.37 5.19 103.75 -0.65 -6.12 -9.66 -1.2400 3.1100 -8.4000 -1.6711 -0.4900 -0.0811 0.85 -8.95 -3.91 186 335 334 385 206 
0.4366 -0.6613 0.4760 -0.3816 80.75 5.56 103.12 -1.37 -7.12 -2.42 -2.1600 3.1100 3.6700 4.8844 -0.1900 -0.2078 1.08 -9.61 1.60 185 336 327 378 207 
0.6031 -0.5353 0.3372 -0.4858 76.69 8.38 83.19 2.14 -6.78 4.67 -0.3100 3.2000 1.1500 -3.9778 -2.9400 -1.1311 2.13 -9.37 -1.94 189 333 328 365 209 
0.4952 -0.7332 0.2993 -0.3572 73.31 13.75 102.44 -0.12 -4.53 -4.18 -3.1200 5.7800 -2.4500 4.1222 1.5244 -1.1800 3.03 -9.28 0.81 182 308 316 333 207 
0.5956 -0.5622 0.1651 -0.5494 90.37 28.75 57.44 5.07 -1.44 7.33 0.2200 3.7300 1.9400 5.9467 2.4744 -2.2422 4.56 -3.26 8.04 179 312 319 355 207 
;
