0.7464 -0.0176 -0.0264 -0.6647 83.31 3.56 -0.50 0.56 0.00 9.83 -0.0400 -0.0800 0.0100 0.0033 -0.0033 -0.0044 0.61 0.08 9.78 171 347 358 397 217 
0.7464 -0.0176 -0.0264 -0.6647 83.31 3.56 -0.50 0.49 -0.10 9.88 -0.0800 -0.0500 -0.1200 -0.0011 0.0000 -0.0011 0.61 0.08 9.78 171 350 356 396 216 
0.7464 -0.0176 -0.0264 -0.6647 83.31 3.56 -0.50 0.56 0.01 9.82 -0.0600 -0.1100 0.0100 0.0033 -0.0011 0.0011 0.61 0.08 9.78 172 349 356 397 216 
0.7462 -0.0179 -0.0269 -0.6649 83.44 3.75 -0.50 0.54 0.33 9.94 -0.0100 0.4800 0.3800 -0.1656 -0.2433 -0.0100 0.76 0.00 9.77 176 326 347 393 217 
0.7595 -0.0541 -0.0667 -0.6448 78.31 16.31 -1.12 3.85 3.10 10.00 0.3600 1.4200 -0.7500 0.2289 -6.1111 2.1022 6.25 -0.31 7.54 185 309 334 366 222 
0.7430 -0.3171 -0.4203 -0.4132 48.81 73.62 46.44 9.77 -3.87 0.58 0.7700 -1.2800 0.4700 0.9700 -8.9633 3.2289 7.81 -4.30 -4.06 190 289 295 341 222 
0.4098 -0.5374 -0.7346 0.0612 73.19 24.69 143.12 3.41 -6.15 -2.05 -0.9400 -0.8500 6.1100 -1.0022 -1.4033 0.8133 2.76 -4.93 -8.01 156 266 299 356 224 
0.2237 -0.6074 -0.7606 0.0493 76.25 16.19 164.12 4.60 6.27 -16.75 3.0800 5.6800 -14.0000 -0.2467 0.3400 -0.1556 3.01 -0.68 -9.30 178 290 321 364 226 
0.1634 -0.5989 -0.7827 -0.0461 74.81 18.00 171.69 4.05 -1.64 -7.43 1.4100 -0.0800 1.4000 0.0633 0.2133 -0.1089 3.18 -1.35 -9.17 184 293 323 366 225 
0.1791 -0.5953 -0.7820 -0.0452 74.62 19.75 171.00 3.05 -1.29 -7.89 -0.1100 -0.0100 1.0800 -0.1544 0.1656 -0.0289 3.49 -1.33 -9.06 179 289 319 360 223 
0.1907 -0.5886 -0.7831 -0.0627 73.12 22.69 171.94 4.44 -2.20 -11.08 0.1700 -2.4100 -3.9400 0.7511 1.4778 -0.7800 4.75 -1.47 -8.45 175 269 275 332 220 
0.3601 -0.4886 -0.7906 -0.0806 19.62 49.44 154.44 11.43 -3.81 -10.74 2.6600 0.2300 -5.5100 5.9756 4.8222 0.1856 8.85 -4.09 -0.98 183 322 321 360 219 
0.7727 -0.2333 -0.5876 0.0565 347.00 56.94 49.94 4.38 0.30 2.56 -3.6400 4.0900 -1.8000 3.0689 2.2578 0.9500 7.00 -3.46 5.91 183 355 328 371 218 
0.8964 -0.0828 -0.3828 0.2073 332.62 38.63 21.25 2.61 2.26 6.06 -2.9600 4.8600 -1.1100 0.7311 0.4511 0.0144 5.75 -2.35 7.58 185 363 318 377 216 
0.9119 -0.0424 -0.3348 0.2335 332.06 36.63 17.62 5.65 0.47 8.29 -0.0800 3.1100 0.9900 -2.2144 -0.2956 -0.7522 6.12 -3.04 7.02 169 318 328 372 220 
0.8966 -0.1641 -0.3876 0.1374 346.00 39.75 37.31 8.53 -0.31 4.05 2.4400 3.6800 -1.9700 -3.0756 1.8311 0.4422 5.35 -6.18 5.40 172 279 316 369 225 
0.8604 -0.3987 -0.3159 0.0317 356.81 30.44 60.19 2.05 -12.69 0.28 -4.0700 -5.7800 -3.9000 -1.8378 0.0022 -0.2867 4.98 -7.91 2.95 171 287 330 381 223 
0.7982 -0.5110 -0.3181 -0.0228 4.44 33.13 71.06 6.07 -7.21 2.55 0.0100 1.1300 0.1600 -0.1800 0.2444 -0.3733 5.59 -7.61 2.63 170 295 329 382 223 
0.7926 -0.5010 -0.3423 -0.0596 10.50 39.38 69.00 1.94 -4.66 2.14 -4.3700 2.1300 -0.7300 1.0644 1.2256 -2.4744 7.12 -5.61 3.71 173 291 309 364 219 
0.8246 -0.3804 -0.3454 -0.2366 39.19 48.06 36.44 7.64 -2.97 5.56 0.0600 0.4100 -0.5700 0.4756 4.6156 -3.8689 5.89 -1.88 7.61 178 346 294 391 211 
0.8033 -0.1578 -0.1635 -0.5505 73.12 20.19 0.50 3.30 2.99 13.72 2.4600 -1.9500 3.3000 0.7000 3.7844 -1.6233 0.82 0.78 9.74 184 377 322 391 212 
;
