0.7075 0.0847 -0.2640 -0.6501 85.12 15.25 -28.62 2.72 4.55 8.20 0.0600 0.0000 -0.0500 -0.0033 -0.0044 -0.0022 2.58 4.54 8.29 182 328 327 369 208 
0.7074 0.0845 -0.2641 -0.6501 85.12 15.25 -28.62 2.70 4.53 8.22 0.1200 0.0100 -0.0600 0.0011 -0.0011 -0.0011 2.58 4.54 8.29 183 328 326 368 209 
0.7074 0.0845 -0.2642 -0.6501 85.12 15.31 -28.69 2.70 4.54 8.23 0.1100 0.0200 -0.0300 0.0022 -0.0033 0.0056 2.59 4.54 8.29 182 320 326 369 208 
0.7073 0.0842 -0.2644 -0.6501 85.12 15.31 -28.69 2.73 4.55 8.24 0.1300 0.0100 -0.0700 0.0100 -0.0089 -0.0033 2.59 4.54 8.29 182 328 326 366 208 
0.7072 0.0812 -0.2687 -0.6489 84.87 17.81 -28.94 4.26 9.41 13.90 1.4300 6.2400 5.9300 -1.1133 -6.3256 3.7689 6.65 3.20 6.44 192 350 325 405 212 
0.6835 -0.2952 -0.5041 -0.4377 54.81 78.87 58.44 7.80 -3.83 -0.38 -1.9500 -0.4300 0.3200 -0.6078 -8.3100 6.5733 5.84 -6.13 -4.93 194 356 336 406 213 
0.4471 -0.6928 -0.5625 0.0607 341.00 22.69 130.69 0.70 -3.94 -4.65 -1.9900 3.1200 1.7300 -1.0689 -0.7022 -0.0011 3.27 -6.57 -6.49 190 316 336 392 216 
0.3407 -0.7304 -0.5869 0.0778 102.69 14.69 144.31 1.29 -4.67 -6.93 -0.3300 0.2400 1.0700 -0.5122 -0.7511 0.5211 1.64 -5.17 -8.16 188 314 335 390 220 
0.2586 -0.7583 -0.5892 0.1044 104.44 7.94 149.37 2.26 -5.75 -9.85 0.9900 -0.7700 -1.3400 0.0078 0.0833 0.1478 1.21 -4.87 -8.42 187 320 338 393 220 
0.2465 -0.7651 -0.5853 0.1062 105.00 7.69 149.37 1.56 -4.55 -7.19 0.2400 0.3700 1.0900 -0.0011 0.0089 -0.0300 1.40 -4.95 -8.34 187 322 338 394 219 
0.2524 -0.7629 -0.5870 0.0985 104.81 8.44 149.62 1.68 -4.64 -7.91 0.0600 0.2500 0.4400 -0.0567 0.1200 -0.0156 1.54 -4.85 -8.37 187 323 338 393 219 
0.2540 -0.7629 -0.5878 0.0892 104.75 9.44 150.06 1.48 -4.71 -8.12 0.1100 0.2400 0.1800 -0.0289 0.0400 -0.0600 1.70 -4.78 -8.38 189 322 336 393 219 
0.2587 -0.7611 -0.5895 0.0794 104.37 10.88 150.25 2.18 -4.51 -7.96 0.4300 0.2600 0.3300 0.0167 0.3467 -0.0311 2.07 -4.78 -8.30 187 311 327 379 217 
0.3329 -0.7662 -0.5496 0.0110 25.56 34.19 135.31 1.50 -7.89 -25.66 -3.9000 -1.9700 -12.3000 6.0456 15.7789 2.0011 4.86 -6.34 5.68 193 367 343 435 211 
0.8259 -0.3889 -0.0349 -0.4068 47.56 22.62 40.31 2.56 -5.06 9.30 -0.7800 0.9700 2.3900 0.0822 -0.2133 1.0022 3.43 -6.16 6.81 192 368 348 433 211 
0.8641 -0.3911 -0.0435 -0.3140 37.38 19.06 45.31 3.65 -3.53 14.03 0.4600 3.3900 7.1800 -3.3433 -0.5144 1.1467 2.89 -8.09 4.72 191 370 349 431 212 
0.7772 -0.5911 0.0080 -0.2159 29.37 11.44 79.06 1.09 -7.71 -2.28 -1.2600 1.8600 -3.9500 -2.9411 -0.6022 1.3878 0.89 -9.74 -0.62 193 370 352 435 212 
0.6451 -0.7471 0.1017 -0.1240 22.81 3.06 98.12 -1.83 -7.24 -5.93 -1.6300 2.4500 -3.6600 0.4889 0.4767 -0.2344 0.76 -9.71 -1.13 193 370 355 433 212 
0.6536 -0.7294 0.1166 -0.1653 28.81 5.50 94.19 0.06 -8.04 -4.60 -1.1200 1.1900 -5.5800 1.1044 0.4133 -0.4044 1.23 -9.72 0.10 193 359 355 433 212 
0.7063 -0.6543 0.1257 -0.2393 39.31 6.87 77.25 2.92 -4.37 -7.07 1.6600 6.2900 -9.4700 7.3378 1.7511 1.4122 -0.08 -7.13 6.73 194 357 352 432 213 
0.9402 -0.1537 0.0739 -0.2946 33.88 -3.50 7.00 -2.99 18.27 21.58 -7.8500 14.2700 12.6100 2.1144 -0.2922 1.3533 -1.35 3.31 9.12 194 372 348 417 213 
0.9567 0.1534 -0.0217 -0.2466 29.31 0.62 -15.44 0.51 4.48 13.94 0.3300 2.2600 4.5100 -1.2311 -0.7211 -0.3300 0.68 1.75 9.62 195 367 351 414 213 
0.9568 0.0264 -0.0726 -0.2803 33.50 10.06 -1.19 0.95 0.49 8.02 -0.8700 1.5500 -1.0400 -4.0589 -2.6267 -0.7900 3.52 -2.24 8.87 190 304 315 327 208 
;
0.8900 -0.2667 -0.1576 -0.3345 42.75 32.69 31.12 1.54 -0.92 2.59 -4.0000 3.8600 -4.9600 -3.8167 -4.9044 -1.0278 7.58 -5.27 3.28 185 290 283 291 199 
0.6453 -0.5823 -0.3847 -0.3106 53.94 60.88 110.12 8.30 -3.97 -6.02 -0.6600 -0.0500 -3.8700 -1.9256 -6.4622 -1.9478 6.97 -2.39 -6.46 165 279 277 299 201 
0.2720 -0.6876 -0.6495 -0.1771 91.94 35.00 174.56 8.44 -0.36 -12.27 2.1200 -0.0800 -4.0900 -0.0922 -0.0100 -0.5367 5.64 -0.13 -8.01 174 288 283 322 209 
0.2232 -0.6713 -0.6839 -0.1783 89.31 31.87 173.56 7.74 -1.13 -10.71 1.6100 -0.2700 -1.9000 1.5889 -0.4778 1.2767 4.66 -2.47 -8.26 182 307 306 363 219 
0.2803 -0.7040 -0.6514 -0.0391 95.37 22.56 155.00 1.43 -3.73 -5.75 -1.8700 0.1100 2.7900 1.1689 -0.7544 0.9956 2.92 -4.77 -8.05 186 318 320 384 222 
0.2888 -0.7229 -0.6255 0.0531 98.31 16.62 151.06 2.62 -3.05 -9.37 -1.1200 0.7900 0.7100 0.6644 0.3289 0.3200 2.90 -4.78 -8.04 189 319 322 385 222 
0.2973 -0.7250 -0.6196 0.0457 98.62 17.81 149.87 3.51 -4.36 -8.33 0.3800 0.1900 -0.4600 -0.1611 -0.0667 -0.0367 3.01 -4.53 -8.15 188 320 323 387 222 
0.2889 -0.7224 -0.6271 0.0371 98.06 18.00 150.69 3.01 -4.75 -7.70 -0.4000 -0.0900 0.3500 0.0456 0.2289 -0.1389 3.20 -4.57 -8.05 188 316 322 387 221 
0.3135 -0.7197 -0.6194 0.0099 99.19 25.62 149.06 7.90 -5.58 -10.04 3.6200 -0.5900 -2.7900 1.4778 3.9956 -0.4122 6.26 -4.99 -5.65 187 311 314 383 220 
0.5632 -0.6598 -0.4857 -0.1080 19.69 42.25 112.00 9.66 -5.03 -1.42 4.2000 4.1800 2.2500 0.8411 3.0056 3.3011 4.80 -8.53 -0.51 190 358 349 427 213 
0.6879 -0.7025 -0.1639 -0.0796 12.44 14.13 95.50 -1.70 -6.50 -3.77 -3.5900 2.9000 -3.2600 -1.6433 1.5789 1.9844 0.83 -9.51 -2.22 190 374 357 434 211 
0.6095 -0.7880 0.0517 -0.0695 14.25 2.19 103.69 -3.32 -7.59 -7.59 -3.4500 2.4500 -5.1800 1.6589 0.8478 -0.2233 0.40 -9.66 -1.62 190 374 359 436 212 
0.6896 -0.7054 0.0836 -0.1405 24.69 5.44 85.94 -0.98 -4.65 -4.44 -1.7400 5.7500 -5.6900 5.8344 1.4411 -0.7278 1.19 -8.20 5.23 192 373 358 436 213 
0.9108 -0.3114 0.0457 -0.2672 32.81 1.94 24.25 -0.38 6.03 4.31 0.3100 9.3000 -3.7900 9.0933 -0.0111 0.4544 0.00 2.22 9.55 193 379 331 423 211 
0.9462 0.1898 -0.0236 -0.2610 30.37 -0.19 -21.56 -0.15 7.18 17.36 0.3000 2.3900 6.1000 -0.8689 -0.8267 -0.1467 1.25 2.85 9.29 192 376 353 422 212 
0.9511 0.0975 -0.1125 -0.2706 32.13 10.44 -12.75 1.10 2.82 9.81 -1.2900 0.5900 -0.3400 -1.5189 -1.0667 -0.2989 2.46 1.11 9.42 189 364 337 412 213 
;
