0.8066 -0.0104 -0.3607 -0.4681 60.25 36.25 -23.44 5.81 3.18 7.35 -0.0300 0.0200 0.0200 -0.0122 0.0033 -0.0111 5.79 3.14 7.25 177 321 322 347 204 
0.8066 -0.0103 -0.3603 -0.4684 60.25 36.19 -23.44 5.81 3.20 7.28 0.0100 0.0500 -0.0100 0.0111 0.0022 0.0044 5.79 3.15 7.25 176 322 323 347 205 
0.8066 -0.0099 -0.3605 -0.4683 60.25 36.19 -23.44 5.72 3.12 7.20 -0.0400 -0.0500 -0.0400 0.0178 0.0389 -0.0156 5.77 3.16 7.26 177 323 322 346 205 
0.8068 -0.0079 -0.3596 -0.4687 60.25 35.69 -23.69 5.85 3.28 7.30 0.2700 0.1800 0.0500 0.0667 0.2089 -0.0178 5.63 3.25 7.33 176 321 322 347 204 
0.8107 0.0030 -0.3524 -0.4673 59.81 34.38 -23.94 5.51 3.49 7.37 -0.0700 0.1800 -0.0400 0.0589 0.1289 -0.0011 5.46 3.32 7.43 177 322 323 347 205 
0.8143 0.0129 -0.3453 -0.4664 59.63 32.94 -24.37 5.11 3.14 7.48 -0.0300 -0.2900 -0.0500 0.1778 0.3067 -0.0611 5.16 3.51 7.55 177 318 315 336 203 
0.8211 0.0274 -0.3547 -0.4464 53.19 38.44 -27.06 9.54 2.25 12.20 3.4600 -1.1600 5.6900 1.1500 -5.2811 3.9478 8.66 2.04 4.11 191 204 192 206 162 
0.7638 -0.1061 -0.6116 -0.1768 18.19 80.94 20.87 8.05 1.70 -0.35 -2.1800 3.2800 0.6700 1.8811 -2.0500 2.1744 9.47 -2.44 -0.70 196 184 184 195 158 
0.6545 -0.1508 -0.7378 0.0676 347.75 70.31 114.69 7.51 0.67 -1.95 -0.2300 3.5900 -0.3800 -0.3100 0.3656 -0.4033 9.33 -2.71 -1.24 195 183 187 198 164 
0.6746 -0.1475 -0.7223 0.0380 355.56 75.25 104.62 8.57 -0.88 -0.36 -0.5700 2.0500 -0.2200 -1.3633 0.4233 -0.7578 9.60 -1.94 -0.30 194 198 191 205 166 
0.7335 -0.1864 -0.6486 -0.0813 17.81 73.75 36.50 9.04 0.01 1.85 -1.7100 0.6200 -1.1000 -1.1944 4.4300 -0.7878 8.05 -1.64 5.35 192 260 254 252 198 
0.8561 -0.2036 -0.3951 -0.2637 37.75 48.88 11.69 12.41 -1.29 15.51 4.4300 0.4400 9.4900 -3.8222 3.7656 -0.5100 5.35 -2.90 7.68 192 352 321 384 210 
0.8284 -0.3398 -0.0650 -0.4404 60.44 19.25 43.75 6.78 -2.51 1.11 5.2200 5.3900 -5.4700 -6.0900 5.0800 0.4956 1.24 -9.02 3.62 189 374 333 412 204 
0.5996 -0.5238 0.3763 -0.4738 76.87 0.81 86.56 0.88 -7.15 -2.49 -0.1900 1.7300 -1.7900 -2.1989 0.0544 0.8867 -0.50 -9.69 -1.37 192 355 342 406 205 
0.5096 -0.6016 0.4969 -0.3627 70.37 -4.00 104.06 -0.33 -8.04 -2.64 0.9000 0.4900 -0.3400 -0.3467 0.1533 -0.2322 -0.53 -9.40 -2.73 192 334 325 386 202 
0.4877 -0.6300 0.4917 -0.3514 71.44 -1.87 105.94 0.30 -9.57 -3.25 0.5100 -0.1600 -0.8000 0.1878 -0.4333 -0.2500 -0.22 -9.45 -2.58 193 341 328 390 204 
0.5176 -0.6350 0.4489 -0.3570 67.50 -0.06 96.06 1.19 -7.66 -5.61 0.9900 5.8900 -0.9500 6.9378 0.4456 -0.3878 0.15 -9.05 3.75 194 344 333 386 200 
0.7333 -0.4180 0.2614 -0.4681 65.56 0.56 61.75 4.46 -5.45 13.16 3.1300 4.0400 3.7800 -5.6778 0.4400 -0.1100 0.30 -9.74 1.06 194 347 339 392 202 
0.5308 -0.6411 0.4139 -0.3685 70.62 1.75 107.69 -3.06 -7.21 -18.13 -2.5200 2.5500 -13.0000 1.4911 0.1978 -0.1800 0.45 -9.38 -2.80 193 347 339 395 202 
0.5495 -0.6007 0.3997 -0.4213 76.25 4.44 82.37 1.98 -4.93 11.49 1.8400 4.0500 10.8200 4.3800 0.2733 0.3556 0.59 -8.59 4.67 194 345 341 394 201 
;
0.6715 -0.4305 0.2917 -0.5279 77.25 6.12 68.12 1.36 -6.40 6.60 -0.3200 3.5000 -0.0300 -4.9067 -1.9844 -1.0200 1.98 -9.60 0.01 193 333 340 382 204 
0.4895 -0.6893 0.3439 -0.4085 80.37 13.38 103.94 0.98 -7.20 -8.43 0.1900 2.6100 -5.3100 3.5567 -1.4044 -0.3211 2.30 -9.50 -0.74 188 300 303 304 203 
0.6264 -0.6354 0.1965 -0.4066 61.88 17.81 76.56 4.86 -3.44 -1.28 1.8000 5.5000 -2.3800 5.9144 -2.2656 -0.8344 4.21 -7.31 4.99 186 270 222 222 173 
0.8171 -0.4120 -0.1110 -0.3876 49.50 32.38 34.13 5.77 -0.30 8.99 -3.7300 2.8900 1.9500 5.7500 0.0278 -0.8844 5.83 0.24 7.87 182 283 227 227 175 
0.8741 0.0336 -0.3479 -0.3372 41.69 32.00 -23.69 4.73 2.78 11.18 -0.4900 -0.3800 2.0400 -0.2933 -1.1278 -0.0200 5.47 3.30 7.43 182 270 227 229 177 
0.8666 0.0371 -0.3467 -0.3569 45.06 35.38 -20.94 4.00 3.20 5.59 -1.4000 0.0500 -1.8600 -0.1456 -0.2589 -0.0756 5.77 2.71 7.44 184 273 231 231 179 
0.8625 0.0194 -0.3486 -0.3662 45.94 36.50 -21.44 7.75 2.16 8.04 1.9800 -0.8500 0.6500 -0.0044 -0.3611 0.5867 6.15 2.70 7.14 191 252 230 230 176 
0.8596 -0.0137 -0.4136 -0.2999 33.81 53.19 -17.62 14.71 1.21 8.28 7.5300 0.7400 2.6800 1.1367 -6.3456 3.5022 9.66 -0.11 1.63 196 194 190 195 158 
0.6868 -0.1584 -0.7090 -0.0225 358.31 73.94 108.56 -2.00 0.98 -0.80 -7.3200 3.8600 0.6900 0.1844 -0.1400 -0.2033 9.29 -2.90 -1.13 196 195 189 198 160 
0.6777 -0.1863 -0.7111 0.0169 358.37 73.69 106.37 9.48 -1.44 -0.44 0.3300 1.6900 0.5400 -0.8611 2.0822 -0.4133 9.52 -2.27 0.50 194 208 199 201 167 
0.7862 -0.2095 -0.5699 -0.1151 22.94 62.44 21.75 7.78 -1.59 4.67 -1.1100 -0.8000 -2.2800 -1.6700 8.7467 -3.1844 4.72 -1.01 8.53 189 273 263 257 197 
0.8921 -0.1040 -0.2186 -0.3816 46.69 31.25 -1.31 11.71 1.53 14.47 4.6100 1.4300 5.4000 -3.3667 1.0089 0.0911 4.70 -1.87 8.39 192 313 304 309 207 
0.8508 -0.2782 -0.0983 -0.4347 56.50 19.12 34.31 4.73 -0.41 6.15 2.7300 6.7100 -3.0100 -7.5344 4.4044 -0.0644 1.22 -8.62 4.50 192 334 316 349 205 
0.6104 -0.5357 0.3450 -0.4705 77.31 4.00 85.50 2.49 -6.48 -5.30 0.7500 2.8300 -4.2000 -0.6778 0.1367 -0.0744 0.74 -9.77 -0.18 192 338 323 367 204 
0.5233 -0.5775 0.4295 -0.4564 83.00 4.94 92.81 1.21 -9.52 -3.11 0.6300 1.0700 -5.6900 -0.9300 0.1256 -0.6256 1.30 -9.65 -1.09 192 353 334 395 206 
0.5548 -0.5396 0.4050 -0.4868 79.94 1.56 72.56 -1.14 -4.36 12.87 0.2700 4.8100 15.1400 2.8522 -0.0556 0.6611 -0.24 -8.04 5.60 191 343 332 381 204 
0.6752 -0.4242 0.2986 -0.5244 77.31 5.06 69.81 2.07 -4.74 0.98 0.5500 4.3900 -2.3000 -5.0811 -0.5311 -1.2356 1.81 -9.63 -0.37 187 344 322 384 206 
0.4503 -0.6741 0.4071 -0.4207 85.31 10.75 108.31 -1.16 -9.06 -14.54 -3.1600 0.5800 -10.5400 5.3800 0.5378 0.2578 1.51 -9.68 0.10 190 343 336 393 204 
0.6033 -0.5009 0.3381 -0.5204 80.81 5.12 70.06 2.55 -5.04 24.30 0.5800 2.0500 13.2100 -3.4933 -1.3467 -0.9622 1.38 -9.56 1.65 190 340 336 391 205 
0.5056 -0.6186 0.3916 -0.4565 84.31 9.44 102.75 2.07 -6.30 -10.23 -1.6000 2.5700 -9.0000 -2.4400 0.0333 1.2022 0.93 -8.87 -4.06 190 341 336 392 205 
0.4296 -0.6772 0.4724 -0.3656 81.12 5.69 108.75 1.12 -7.51 -4.21 0.4000 1.9700 -1.4600 2.3856 -1.3478 -0.9411 1.43 -9.55 -1.67 187 302 298 314 204 
0.5617 -0.6536 0.3016 -0.4077 67.12 13.44 85.06 4.14 -3.37 -4.11 2.1000 6.7400 -6.2300 7.9022 -3.7789 -1.1067 4.01 -7.16 5.35 183 249 245 234 184 
;
0.8737 -0.3207 -0.1511 -0.3331 38.69 28.87 19.12 4.73 4.00 10.81 -1.6500 5.4500 2.7800 5.0022 -0.9378 -0.4678 5.12 1.01 8.30 186 233 228 224 175 
0.9127 0.0461 -0.2946 -0.2795 35.44 30.94 -18.25 5.32 2.17 16.50 7.6600 2.3500 12.1000 2.6756 -0.9711 -0.9700 5.43 3.93 7.15 187 240 229 226 177 
0.8917 0.0918 -0.3087 -0.3181 39.56 29.44 -24.50 7.15 2.89 7.28 2.8600 -0.7000 -0.3700 -0.2178 -1.1711 0.3989 5.54 3.29 7.38 190 241 230 223 177 
0.8761 0.0481 -0.4018 -0.2623 28.75 53.75 -25.12 17.86 4.58 13.91 5.9900 2.1800 7.8800 -1.4022 -4.9722 4.8011 9.62 -0.77 1.69 195 192 188 200 161 
0.7187 -0.1956 -0.6669 -0.0222 1.31 73.19 85.50 3.95 1.88 -2.22 -4.2200 4.8400 -1.9400 0.1989 1.1622 -0.4389 9.41 -2.63 0.75 195 194 197 201 162 
0.7323 -0.1871 -0.6541 -0.0290 7.62 76.81 65.19 6.33 1.08 1.01 -3.3100 2.8300 -0.3100 -1.9511 3.3033 -2.3056 9.35 -0.80 2.81 186 215 182 219 172 
0.8455 -0.1409 -0.4434 -0.2619 37.88 42.00 -1.87 0.10 -1.98 7.27 -4.3200 -1.9900 2.1900 2.2156 -0.3078 -1.1244 4.87 1.78 8.32 152 254 248 239 182 
0.8898 0.0324 -0.3159 -0.3276 40.38 32.00 -16.19 4.95 0.70 10.20 0.0800 -0.3100 0.4500 -1.9156 -1.0022 0.2189 5.58 1.07 7.98 155 250 246 238 182 
0.8857 -0.0937 -0.3038 -0.3381 41.13 38.56 -0.75 8.01 3.41 14.89 3.5200 3.6100 10.0200 -2.1633 -1.1733 0.6544 6.71 -1.13 7.05 173 276 273 276 201 
0.8662 -0.2701 -0.2221 -0.3570 48.94 28.00 33.00 8.03 3.90 0.49 3.0500 10.7800 -9.0400 -11.7344 5.9378 -0.5156 2.29 -9.40 1.55 194 328 329 386 207 
0.4543 -0.6794 0.3904 -0.4238 89.56 12.06 109.00 3.11 -5.40 -7.81 1.3000 3.3900 -3.5000 0.0200 0.1000 0.6089 1.73 -9.02 -3.42 195 334 339 404 208 
0.4139 -0.6686 0.4662 -0.4052 87.31 8.13 109.06 0.76 -8.96 -3.60 -0.1800 0.2100 -1.6400 -0.2922 -0.3811 -0.3367 1.41 -9.10 -3.35 195 335 333 409 207 
0.4233 -0.6800 0.4540 -0.3903 83.94 8.06 106.44 -0.29 -7.39 -5.76 -1.4500 1.4600 -1.8300 4.5789 0.6656 0.0322 1.36 -9.67 0.85 196 330 342 407 204 
0.5845 -0.5290 0.3449 -0.5095 82.19 7.81 80.56 1.72 -7.84 7.35 0.0100 3.2900 2.9800 -4.0189 -0.9500 -0.6489 1.79 -9.48 -1.74 196 329 341 403 206 
0.4067 -0.7155 0.4259 -0.3758 85.56 10.19 119.37 -2.39 -5.36 -18.36 -3.2800 1.6100 -12.0000 1.4167 0.4700 0.2411 1.58 -8.44 -4.73 195 327 345 408 206 
0.4387 -0.6780 0.4245 -0.4095 87.50 11.69 97.87 3.83 -8.53 8.69 3.2400 0.8300 13.6100 2.1667 0.3222 0.3178 1.96 -9.57 0.79 196 322 344 406 207 
0.5107 -0.6133 0.3629 -0.4810 84.25 13.69 96.06 2.01 -6.94 -4.37 -1.2300 1.9100 -4.7500 -1.7089 -2.7333 0.2444 1.96 -9.17 -2.85 195 317 340 393 207 
0.5018 -0.7349 0.3155 -0.3295 65.00 9.75 103.62 -0.31 -7.70 -4.76 -1.6100 2.6700 -2.8500 3.1900 -0.7289 -1.5167 2.65 -9.43 0.00 192 302 333 369 207 
;
