0.7653 -0.0266 -0.0027 -0.6432 80.06 2.19 2.12 0.30 -0.33 9.85 -0.0900 0.0100 0.0100 0.0022 -0.0011 0.0011 0.37 -0.36 9.79 163 339 335 380 213 
0.7653 -0.0266 -0.0027 -0.6432 80.06 2.19 2.12 0.33 -0.29 9.94 -0.1400 0.0000 0.0000 0.0033 -0.0144 -0.0044 0.37 -0.36 9.79 165 339 337 381 214 
0.7653 -0.0267 -0.0028 -0.6432 80.06 2.19 2.12 0.36 -0.31 9.73 -0.1200 0.0300 -0.0100 0.0011 0.0067 -0.0044 0.37 -0.36 9.79 165 340 336 381 212 
0.7653 -0.0266 -0.0027 -0.6432 80.06 2.19 2.12 0.31 -0.32 9.81 -0.0500 0.0400 0.0500 -0.0111 -0.0111 0.0056 0.38 -0.37 9.79 166 320 329 374 214 
0.7706 -0.0435 -0.0071 -0.6358 76.56 7.12 5.06 6.31 2.32 13.37 7.3700 2.8900 4.6200 0.3589 -3.4378 2.8522 3.27 -1.38 9.13 171 263 182 203 194 
0.8589 -0.1943 -0.2464 -0.4046 40.94 45.44 9.38 9.48 -1.46 8.53 1.0300 0.2600 2.3000 1.6767 -2.5578 3.1389 8.14 -2.06 5.04 183 165 163 180 169 
0.8579 -0.1995 -0.4683 -0.0704 3.19 56.13 32.75 -1.70 -0.43 4.66 -11.4200 2.4900 2.3400 1.2333 -1.5800 -0.1978 8.54 -2.70 3.97 192 159 162 179 170 
0.8301 -0.1335 -0.5413 0.0048 0.94 64.44 29.81 13.27 -0.46 4.27 2.2400 0.6700 0.9800 0.0844 -0.2233 0.2544 8.90 -2.20 3.45 193 165 167 185 172 
0.8262 -0.1349 -0.5470 -0.0023 0.88 64.19 29.25 8.17 -0.67 4.15 -0.2400 1.3200 0.3700 -0.3289 -0.1311 0.0644 8.80 -2.13 3.75 192 169 171 186 173 
0.8298 -0.1393 -0.5402 -0.0077 0.88 64.00 31.06 8.84 -0.83 4.82 -0.6200 2.5400 1.8900 -1.8333 -0.8522 0.5078 8.91 -2.81 2.96 174 193 179 191 174 
0.7533 -0.2270 -0.6167 0.0261 348.44 63.00 90.25 13.17 -3.44 -0.25 9.7200 0.6800 0.2800 0.5700 -3.7244 5.3456 6.04 -7.31 -2.46 100 261 174 182 159 
0.5243 -0.4282 -0.6512 0.3429 290.87 19.87 100.81 -3.38 -9.62 -1.41 -5.4400 0.1800 0.1400 1.4122 1.1400 0.7767 2.32 -9.52 -0.24 109 284 179 187 163 
0.5787 -0.4468 -0.5219 0.4394 284.75 11.31 83.37 4.38 -13.85 1.03 2.2200 -4.0700 -0.7300 2.8311 0.7411 0.6367 1.38 -9.20 3.07 113 308 178 189 165 
0.6655 -0.3617 -0.3715 0.5369 282.31 5.00 56.50 -0.73 -5.84 3.14 -0.4700 3.0400 -2.5000 3.4200 0.8711 -0.0556 0.46 -6.44 7.37 114 323 180 191 165 
0.7477 -0.2202 -0.1951 0.5953 282.87 1.50 31.56 -0.49 1.41 8.61 -1.2800 6.5600 0.0300 -0.3922 -0.2500 -0.4178 0.56 -5.20 8.28 116 319 178 190 167 
0.7574 -0.2181 -0.2281 0.5717 287.69 7.81 40.88 1.45 -3.31 5.52 0.9300 1.0000 -1.3000 -3.3600 -1.1156 -1.6844 2.88 -7.86 5.10 117 305 184 193 168 
0.7263 -0.3364 -0.4412 0.4058 306.37 24.31 70.25 4.68 -7.85 1.99 -1.2700 1.3700 -0.9000 -4.0200 2.9133 -3.7722 5.74 -7.78 1.59 146 274 199 212 194 
0.7771 -0.4470 -0.4403 -0.0482 25.94 51.38 59.00 8.19 -4.92 0.98 0.4700 -0.7400 -3.4800 0.3333 7.8033 -5.2878 6.23 -2.22 7.23 172 296 262 354 208 
0.8028 -0.1407 -0.1389 -0.5625 72.56 14.75 -0.81 2.69 2.16 13.59 2.6000 3.2700 5.0100 -0.8833 2.4144 -1.7322 0.77 0.29 9.77 175 352 328 392 210 
;
