0.5980 0.3922 0.1494 0.6829 262.37 20.87 -46.06 3.50 6.54 6.39 0.0000 -0.0200 0.0600 0.0033 0.0056 -0.0011 3.50 6.60 6.35 152 347 365 405 215 
0.5980 0.3924 0.1493 0.6828 262.37 20.87 -46.06 3.40 6.54 6.44 -0.0100 -0.0300 0.0200 0.0011 -0.0078 0.0011 3.49 6.60 6.35 156 346 374 406 214 
0.5979 0.3922 0.1495 0.6829 262.37 20.87 -46.06 3.52 6.54 6.41 0.0700 -0.0300 0.0200 0.0200 0.0989 -0.0078 3.46 6.60 6.36 146 345 369 402 212 
0.5930 0.3824 0.1606 0.6902 259.69 19.06 -45.44 3.32 10.03 9.83 0.4100 3.3800 3.7000 0.6878 -0.7367 3.0722 4.40 6.20 6.18 162 313 292 304 217 
0.4314 0.4792 0.0877 0.7593 231.81 49.31 -45.88 13.67 6.89 5.25 4.9300 2.7500 0.6600 1.0111 -1.5156 5.9211 9.11 1.31 3.37 171 191 173 190 163 
0.1035 0.5480 -0.1342 0.8192 188.81 62.38 32.06 1.49 1.20 0.77 -6.9900 4.7600 -2.9600 -1.0122 1.0189 3.5400 7.20 -5.19 4.16 186 168 159 193 156 
-0.0580 0.4322 -0.3376 0.8342 172.87 44.25 59.31 -4.63 -3.14 5.32 -10.2700 3.0400 2.5500 -1.3122 0.5544 -4.4256 8.31 -4.21 3.04 192 172 168 199 153 
0.1296 0.5443 -0.3201 0.7645 197.31 66.12 64.81 8.75 -5.11 2.94 -3.8400 -1.4200 1.3100 0.0844 0.1211 0.7633 8.64 -4.18 1.96 192 176 171 199 156 
0.0906 0.5352 -0.3350 0.7702 194.50 62.88 63.19 9.41 -2.96 0.84 0.7300 0.5500 -0.8100 0.0489 -0.1478 -0.2311 8.83 -3.77 1.96 190 180 175 197 160 
0.1081 0.5456 -0.3274 0.7639 196.00 64.87 64.62 7.93 -3.11 2.04 -1.7500 1.3500 0.1200 -0.2800 -0.8989 0.0122 8.95 -3.80 1.22 192 188 188 209 163 
0.0928 0.6030 -0.3469 0.7123 194.06 67.50 96.31 6.87 -2.11 -1.85 -1.5900 1.2900 -1.1600 -0.8067 -3.8211 0.4233 8.38 -3.87 -3.27 179 256 241 267 215 
-0.0174 0.7548 -0.4252 0.4991 166.69 41.00 139.19 11.67 -11.18 -8.58 5.6100 -5.5600 -2.5100 0.4667 -1.0144 1.5278 4.96 -5.73 -6.21 187 319 313 359 220 
-0.1567 0.7515 -0.5040 0.3958 132.56 23.87 134.50 1.85 -5.37 -1.59 -2.2400 1.4000 5.9000 -0.7178 -0.5111 0.3067 3.48 -6.23 -6.72 188 283 307 370 222 
-0.1273 0.7646 -0.5450 0.3195 250.37 20.00 151.56 8.22 -3.49 -25.35 3.4900 0.2800 -13.7000 1.4878 0.6256 -0.1367 3.57 -4.25 -8.08 194 297 305 375 222 
-0.0938 0.7824 -0.5377 0.2999 249.50 21.62 149.50 4.12 -4.01 -7.01 0.6500 0.4800 0.2700 0.0278 0.1922 -0.0267 3.75 -4.62 -7.78 191 299 309 370 221 
;
-0.0838 0.7714 -0.5457 0.3164 250.37 23.87 148.87 3.65 -4.22 -7.06 -0.4400 0.4200 0.5600 0.2622 0.6856 -0.4944 4.41 -4.58 -7.45 190 286 285 331 219 
-0.0496 0.7646 -0.5110 0.3895 173.06 38.75 143.81 5.95 -3.48 -5.38 -0.0200 0.1400 0.2300 0.3067 4.3289 -2.6267 8.38 -3.30 -3.87 198 264 224 224 157 
0.1500 0.6910 -0.3341 0.6232 212.44 82.87 104.87 11.96 -2.04 -1.67 3.2800 -1.2200 -1.6900 2.1689 3.6567 -1.5789 9.32 0.85 2.90 193 180 173 177 129 
0.1953 0.5806 -0.0748 0.7868 201.69 70.56 -13.25 13.74 2.13 7.39 4.0400 2.0500 4.2500 0.6100 -0.3822 3.9956 9.15 -1.67 3.07 198 173 175 177 130 
-0.0405 0.5496 -0.1787 0.8151 170.50 58.63 52.19 -3.90 -3.04 3.29 -12.3600 1.2300 0.3300 -0.7867 -1.7044 -0.4111 8.53 -4.42 1.90 198 173 186 182 133 
-0.0159 0.6359 -0.2103 0.7424 185.37 76.69 71.75 26.88 2.82 -4.86 20.1500 2.2900 -8.0000 -0.3056 -0.4200 -0.2633 9.73 -1.13 0.42 200 174 188 182 133 
0.0456 0.6572 -0.1834 0.7297 185.62 75.50 69.75 -0.69 -2.14 5.95 -9.2800 1.1900 3.3200 -1.2222 0.4633 -1.2056 9.58 -1.90 0.86 199 177 179 185 138 
0.0988 0.6500 -0.1824 0.7311 195.56 79.81 46.88 9.67 -1.21 2.63 -0.2400 0.2200 0.9400 -0.5767 -0.3544 0.4933 9.61 -1.55 1.16 195 189 188 182 143 
0.1069 0.6467 -0.2154 0.7238 198.31 80.19 81.25 7.51 -0.10 -1.58 -0.5300 0.9000 -1.8700 -0.0156 -2.6367 0.1567 9.58 -1.35 -1.58 180 279 259 294 211 
0.0575 0.7598 -0.2648 0.5911 184.12 62.56 138.62 15.73 -4.61 -4.19 3.9200 -1.2300 -0.6900 -0.0967 -2.1878 4.7867 6.24 -5.90 -4.72 184 323 306 364 215 
-0.1817 0.7167 -0.4995 0.4515 129.31 22.94 125.75 -1.43 -5.15 0.73 -4.8900 2.2000 7.4000 -1.5844 -0.6022 0.8478 2.87 -7.09 -6.12 182 320 311 376 218 
-0.1447 0.7186 -0.5934 0.3325 257.25 18.75 148.50 6.56 -0.22 -19.06 5.6300 1.8300 -13.0800 -0.2533 0.8778 -0.2222 3.74 -3.29 -8.44 181 324 315 382 219 
-0.0239 0.7615 -0.5862 0.2755 255.25 23.56 156.94 3.68 -3.04 -7.27 -0.2000 0.6500 0.4700 -0.2411 0.3533 -0.2267 4.15 -3.31 -8.24 183 319 317 381 219 
;
