0.5669 0.3828 0.1799 0.7069 257.37 19.44 -47.00 3.05 6.76 6.33 -0.2700 -0.0500 0.0500 0.1067 0.1389 0.0011 3.17 6.82 6.27 166 325 356 388 210 
0.5619 0.3793 0.1941 0.7090 256.62 18.19 -48.06 3.20 7.02 6.41 0.1000 -0.0300 -0.0800 0.5578 0.5478 -0.0922 2.79 7.14 6.11 164 352 355 393 210 
0.5475 0.3660 0.2410 0.7128 254.25 13.69 -50.94 2.56 7.92 6.37 0.8300 0.5400 0.6400 0.8111 1.5578 -0.0956 1.67 7.72 5.80 178 350 352 409 216 
0.4826 0.3264 0.2969 0.7566 238.12 19.69 -49.38 10.81 12.71 5.94 6.7100 6.0800 0.2400 -0.4522 -4.0067 8.6878 8.12 3.20 4.45 189 197 178 200 163 
0.1177 0.5298 -0.0859 0.8355 190.37 61.69 22.31 -1.02 0.58 2.26 -10.0400 3.4000 -1.8000 -1.0378 0.3544 3.0922 7.65 -4.40 4.27 191 172 180 200 161 
-0.0215 0.4722 -0.2763 0.8368 180.44 54.25 50.38 -2.97 -0.91 4.81 -8.6600 4.6500 1.9900 -1.2178 0.1822 -5.3722 9.05 -1.62 3.40 199 169 177 198 166 
0.2011 0.5561 -0.1951 0.7825 205.75 71.12 19.37 6.88 -2.41 5.37 -4.9700 -1.0600 1.0200 0.6233 0.6189 0.3756 9.12 -1.35 3.31 201 170 182 201 162 
0.1357 0.5521 -0.1758 0.8036 198.37 69.94 23.12 9.04 -0.18 2.93 -0.2700 0.8100 -0.0600 0.1867 -0.6767 0.2622 9.33 -1.47 2.61 202 176 182 206 164 
0.1142 0.5776 -0.1810 0.7878 197.19 72.44 32.69 8.78 2.31 3.60 0.4200 4.4000 1.7000 -0.4556 -1.0778 -0.0167 9.52 -1.75 1.57 185 233 217 253 196 
0.0963 0.6297 -0.2333 0.7347 189.50 72.12 87.75 8.29 -3.67 0.59 -1.9800 0.0600 1.8200 -2.7811 -7.1289 5.8400 6.48 -5.90 -4.38 171 290 280 319 219 
-0.1292 0.7222 -0.5417 0.4102 152.69 27.69 138.00 -1.56 -6.26 -8.93 -0.6000 -0.4600 -1.9900 -1.6089 -0.0478 -0.5356 4.57 -4.56 -7.37 168 284 289 334 221 
-0.0461 0.7371 -0.5877 0.3305 258.00 24.19 148.69 9.29 -10.74 -12.55 5.6200 -4.6300 -4.2200 2.0356 0.4533 1.7300 3.46 -6.16 -6.79 187 300 303 360 229 
-0.1731 0.6400 -0.6279 0.4078 131.12 16.12 124.25 2.93 -7.63 -3.72 -2.1200 4.1200 2.2500 3.7389 1.6722 0.6578 2.63 -9.04 -2.71 200 373 345 399 222 
-0.2514 0.4941 -0.5934 0.5834 135.81 16.94 101.44 1.87 -1.67 -3.22 -0.8100 6.8300 -1.1700 -0.1300 0.6622 -0.4889 3.33 -9.02 -1.88 199 379 353 401 220 
-0.1965 0.4916 -0.5936 0.6062 145.50 22.31 102.00 1.89 -4.38 -1.88 -2.0800 4.0300 0.2200 -0.4189 1.0211 -1.5867 4.78 -8.36 -1.84 196 316 310 316 219 
;
