0.3203 -0.0805 -0.7164 -0.6146 124.94 33.88 -92.69 5.50 8.05 -0.41 0.0000 -0.0500 -0.0100 -0.0022 0.0067 0.0011 5.47 8.12 -0.38 185 397 373 439 203 
0.3204 -0.0806 -0.7163 -0.6146 124.81 33.94 -92.62 5.35 8.28 -0.24 0.0800 0.3400 0.1700 -0.1389 0.4822 -0.0078 5.48 8.12 -0.12 187 397 372 442 205 
0.3694 -0.0524 -0.6782 -0.6332 115.87 35.13 -80.31 9.73 12.64 0.48 2.4000 4.4300 -1.6200 -2.7056 4.8611 3.2100 6.12 6.19 4.49 182 307 271 292 199 
0.6542 -0.0723 -0.4380 -0.6124 79.19 41.63 -26.31 2.45 1.70 5.46 -3.9400 -3.5900 -4.4600 1.5556 -2.3256 3.4678 7.34 1.75 6.26 184 248 206 214 177 
0.7571 -0.1091 -0.5007 -0.4051 52.81 62.06 -31.00 10.22 3.22 2.05 1.5600 0.5800 -1.7400 2.7956 -1.7567 1.9167 9.39 1.55 2.35 192 231 186 195 163 
0.7561 -0.0988 -0.6207 -0.1825 19.87 81.69 -4.44 11.86 0.60 2.14 1.7300 1.5100 0.8300 1.9122 -0.8100 1.6944 9.73 -1.10 0.51 194 200 169 191 160 
0.7145 -0.0990 -0.6923 0.0220 353.81 78.12 79.31 5.87 -0.05 2.72 -4.3600 1.5100 1.3800 -1.1644 0.2489 0.8922 9.43 -2.64 0.31 195 196 175 191 161 
0.7204 -0.1631 -0.6735 0.0280 357.87 74.50 80.31 7.64 -2.44 -1.72 -0.3800 -0.2300 -2.9800 0.1667 0.8200 -0.7711 9.56 -1.97 0.92 196 202 187 194 163 
0.7478 -0.1412 -0.6483 -0.0233 3.56 77.25 53.06 9.05 -1.28 1.95 -0.6100 0.4300 0.5500 -0.0978 0.0767 0.0533 9.54 -1.75 1.38 197 207 188 197 164 
0.7579 -0.1409 -0.6365 -0.0265 4.50 76.94 51.13 7.22 0.26 1.52 -2.4800 1.7800 -0.0400 -0.8633 1.2489 -1.1667 9.55 -1.04 1.96 187 270 227 251 199 
0.8058 -0.0818 -0.5742 -0.1196 18.75 62.00 -5.25 14.20 2.81 15.80 5.1700 2.6400 10.6600 -3.1844 3.3178 0.4389 6.72 -0.76 7.09 194 351 319 390 210 
0.9092 -0.2401 -0.2787 -0.1946 25.25 32.88 35.81 4.43 1.00 0.86 -0.9200 5.9700 -6.1900 -6.2678 -0.0967 2.2944 3.92 -8.23 3.58 193 369 331 414 207 
0.7428 -0.6458 -0.0837 -0.1556 22.81 16.81 86.62 -0.10 -6.62 -4.85 -2.8600 2.1000 -4.9300 -1.5556 -0.1656 0.3989 2.36 -9.46 -0.93 193 371 337 417 206 
0.6581 -0.7399 -0.0358 -0.1342 23.81 14.81 95.31 0.31 -3.36 -9.11 -2.2200 7.3000 -9.8300 2.1478 0.2211 -1.4689 3.26 -9.23 0.46 192 382 343 434 204 
0.8259 -0.5191 -0.1030 -0.1943 24.25 22.06 42.63 6.46 13.18 9.44 7.7000 16.0500 10.6300 15.0389 -1.8322 0.0100 4.61 2.05 8.40 195 382 342 432 202 
;
0.9609 0.1659 -0.2163 -0.0474 6.56 27.50 -18.37 7.00 3.51 16.28 2.0200 1.0900 6.9600 -2.8000 -0.2411 0.0700 5.41 0.84 8.13 194 373 346 428 204 
0.9539 -0.0617 -0.2773 -0.0970 12.44 34.06 12.31 5.66 0.03 1.29 -0.3700 2.7900 -6.6800 -3.3456 -1.3222 1.4756 5.97 -4.33 6.45 196 378 353 426 205 
0.8958 -0.3289 -0.2857 -0.0886 11.19 34.50 43.38 4.13 -5.98 2.11 -0.4200 -0.4000 -1.9200 0.7956 0.3200 -0.4922 5.64 -5.19 6.10 198 374 352 424 205 
0.9032 -0.3042 -0.2812 -0.1125 15.06 36.06 34.63 6.49 -3.96 7.30 0.0300 0.3200 0.2300 0.5644 -0.3300 -0.8533 6.25 -3.85 6.49 192 313 300 302 203 
0.8913 -0.2568 -0.3437 -0.1466 19.69 46.25 27.12 8.08 -2.79 3.11 1.0600 -0.1300 -3.0200 2.1233 -0.2100 -1.2589 7.52 -1.47 6.10 191 283 241 207 162 
0.8636 -0.0930 -0.4745 -0.1432 16.31 65.37 -9.31 26.48 8.47 6.30 20.6400 7.1700 5.0100 2.0189 1.4222 1.4367 9.46 1.10 2.31 196 196 176 189 147 
0.7489 -0.0273 -0.6616 0.0253 350.37 78.31 67.81 2.87 0.66 2.38 -8.0500 2.8700 1.1800 -1.2700 0.3878 2.2844 9.07 -3.64 0.77 196 193 184 189 154 
0.7234 -0.1862 -0.6589 0.0888 347.81 68.00 79.81 8.21 -3.04 -1.26 -0.0900 -0.0800 -1.5900 0.0622 -0.2733 -0.7156 9.29 -3.07 0.63 197 200 191 195 159 
0.7338 -0.1597 -0.6588 0.0457 353.25 72.31 73.12 9.48 -1.68 0.36 -0.8600 1.3300 -0.5900 -0.1533 0.3889 -0.0489 9.33 -2.81 1.06 198 206 194 197 158 
0.7570 -0.1653 -0.6321 0.0132 0.25 71.25 53.44 16.30 1.97 5.80 12.7500 4.6900 6.5900 -2.3578 3.1911 1.0856 8.50 -3.37 3.51 195 306 257 261 195 
0.8444 -0.3671 -0.3851 -0.0621 7.94 35.56 61.38 6.16 -4.82 -1.61 1.6300 3.9500 -4.3300 -4.8778 2.9100 4.3322 2.48 -9.40 1.24 194 394 345 426 201 
0.6921 -0.7201 -0.0121 -0.0484 9.06 1.50 96.56 -1.58 -5.02 -7.32 -0.9200 4.0200 -5.1300 -0.7800 0.4778 1.0011 -0.56 -9.53 -2.22 198 408 358 442 197 
0.6359 -0.7643 0.1005 -0.0373 7.81 -3.75 98.50 -2.02 -5.11 -3.88 -2.2500 4.9600 -4.6700 2.3489 -0.2633 -1.1344 0.05 -9.80 0.07 196 407 361 443 198 
0.7607 -0.6376 0.0422 -0.1135 18.56 6.62 70.94 8.13 0.97 -0.27 6.0800 10.4900 -4.1400 7.0278 -1.1644 0.1767 1.57 -6.36 7.28 195 402 363 444 199 
0.9766 -0.1727 -0.1008 -0.0787 4.87 16.37 6.69 4.25 8.44 34.42 -3.0000 7.7800 23.5300 0.2156 1.8300 0.2922 1.57 0.57 9.66 195 396 360 437 196 
0.9893 -0.0116 -0.1445 -0.0193 4.25 18.00 3.75 4.76 0.91 9.78 1.8200 1.8300 -0.1200 -1.8789 0.5956 -0.8100 2.88 -1.76 9.20 196 394 361 438 202 
0.9719 -0.1546 -0.1469 -0.0999 13.19 20.12 20.31 4.86 -1.94 3.38 1.1700 1.6300 -5.1700 -1.8944 -1.0389 -0.5644 4.18 -4.23 7.79 195 381 355 414 202 
;
