0.6153 0.3582 0.1720 0.6808 264.19 16.00 -44.56 2.74 6.60 6.63 0.1000 0.0100 -0.0600 -0.0089 0.0000 0.0000 2.70 6.61 6.71 172 362 366 399 212 
0.6154 0.3582 0.1719 0.6808 264.19 16.00 -44.56 2.76 6.62 6.65 0.0200 0.0100 -0.0300 -0.0067 -0.0056 0.0011 2.70 6.61 6.71 175 361 368 401 209 
0.6154 0.3582 0.1719 0.6808 264.19 16.00 -44.56 2.85 6.60 6.68 0.1600 -0.0100 -0.0200 0.0022 0.1067 -0.0089 2.66 6.61 6.72 174 363 370 399 210 
0.6130 0.3519 0.1790 0.6844 263.31 14.56 -44.44 3.97 7.52 7.08 1.5400 1.8100 1.0100 -0.1522 1.5056 0.6278 2.04 6.51 7.03 173 314 328 379 208 
0.5292 0.3143 0.1968 0.7632 245.19 18.56 -39.75 5.92 8.45 9.08 4.6400 3.1200 2.0600 1.2222 -3.8278 5.3656 6.37 4.63 5.83 188 216 174 179 158 
0.2294 0.5251 -0.0010 0.8195 201.25 65.06 -8.19 4.65 3.45 3.81 -6.3800 4.2400 -1.2200 -1.5589 0.1600 4.6589 8.29 -3.26 4.08 193 170 166 183 158 
-0.0314 0.4963 -0.2852 0.8193 171.87 51.81 63.38 -9.42 -3.28 4.02 -14.2800 3.0400 2.0600 -1.2767 -1.9778 -3.6300 9.04 -3.74 0.57 197 169 167 179 163 
0.0853 0.6896 -0.2670 0.6678 194.00 74.75 116.69 10.01 -3.35 0.95 -0.8500 -0.7500 2.3000 0.4867 0.4944 0.2956 9.41 -2.68 -0.60 195 175 169 184 164 
0.0527 0.6824 -0.2483 0.6855 189.50 74.56 100.94 9.38 -0.99 -1.21 -0.3600 1.3700 -0.4800 -0.0389 -0.0489 -0.2100 9.49 -2.39 -0.52 195 179 172 185 165 
0.0739 0.6876 -0.2394 0.6815 193.37 77.00 105.81 9.15 -1.02 0.29 0.2000 1.3800 1.2200 -0.8578 1.5511 -1.2556 9.72 -1.17 0.53 191 185 176 200 164 
0.2499 0.5372 -0.2049 0.7791 219.94 59.88 3.87 15.44 -1.51 4.23 8.4600 -0.2200 -1.2900 -1.3911 11.6444 0.5267 1.09 -1.02 9.69 192 190 176 189 167 
0.3386 -0.1262 -0.0331 0.9318 215.81 -22.44 10.13 -5.67 -0.92 7.95 0.6400 0.4200 -2.0400 -1.6244 3.1256 2.4800 -6.43 -1.48 7.24 192 187 177 193 165 
0.1183 -0.3912 0.0309 0.9122 191.37 -45.56 -4.81 -7.84 5.10 6.39 -1.3300 8.1500 7.1500 2.2711 0.7378 0.8311 -7.31 2.35 6.09 200 182 174 191 161 
0.0794 -0.3730 0.1678 0.9091 189.19 -43.63 -19.81 -7.15 2.44 6.55 -0.5500 0.3800 0.7000 -0.0056 -0.1544 -0.0211 -6.54 2.41 6.89 194 187 180 191 164 
0.0764 -0.3486 0.1571 0.9208 189.87 -42.06 -18.06 -6.03 2.51 7.37 0.4300 0.3100 0.4100 -0.1111 -0.0489 -0.1333 -6.54 2.13 6.98 197 188 183 192 164 
;
