0.6625 0.2047 -0.0324 0.7198 265.19 19.87 -13.75 3.44 2.11 8.94 0.0900 -0.0800 0.0000 -0.0078 -0.0522 0.0144 3.38 2.18 8.94 143 326 351 384 218 
0.6614 0.2070 -0.0360 0.7200 265.12 20.25 -13.63 3.50 2.09 8.90 0.0600 -0.0900 0.0200 0.0078 -0.0044 0.0100 3.39 2.17 8.93 145 323 355 388 219 
0.6610 0.2075 -0.0367 0.7202 265.06 20.50 -13.63 3.34 2.21 9.00 0.0100 -0.0400 0.0200 -0.0467 -0.2267 0.0844 3.62 2.12 8.86 145 311 349 391 222 
0.6468 0.2227 -0.0673 0.7263 261.37 27.56 -9.75 5.86 4.57 5.74 4.0600 5.3200 -1.8600 -0.6822 -2.6611 3.1689 6.37 0.00 7.45 102 255 304 329 221 
0.4540 0.3291 -0.2477 0.7901 232.25 54.00 13.19 12.18 -5.82 2.11 5.4000 -1.5600 -1.6300 2.9478 -4.1844 2.5533 8.99 -2.29 3.16 89 171 185 206 166 
0.1030 0.5687 -0.2662 0.7715 186.19 68.06 61.50 8.38 -0.14 1.68 -1.1500 3.3400 -0.2200 3.3844 -0.8756 1.6778 8.75 -3.91 2.05 95 173 190 204 163 
-0.1702 0.5854 -0.1385 0.7805 149.37 58.38 51.63 3.79 6.67 18.31 -5.7000 11.0400 18.2400 -1.4244 -0.3189 -0.1711 8.22 -4.06 3.47 92 175 191 199 158 
-0.2185 0.5620 -0.1263 0.7877 153.19 55.25 54.25 10.82 -0.85 2.92 2.8900 3.2300 -1.2200 -3.0100 0.4133 -0.4056 8.10 -4.94 2.46 93 180 194 204 157 
-0.0734 0.5547 -0.2774 0.7809 171.19 55.63 66.75 9.52 -6.76 -4.40 1.5800 -3.1900 -7.6500 -0.0956 0.7033 0.5256 7.75 -5.44 2.54 98 188 191 203 158 
-0.1386 0.4937 -0.2820 0.8109 156.44 46.00 60.81 12.29 -4.50 4.11 9.9800 2.2600 0.8500 -0.3667 1.5700 0.1878 6.82 -6.29 3.15 102 180 191 204 160 
-0.1609 0.4932 -0.2994 0.8008 159.25 45.00 63.50 6.97 -4.68 3.48 0.1600 1.5500 0.8800 -1.6122 -0.5011 -0.9222 7.49 -5.94 2.13 105 194 201 216 169 
0.0167 0.5087 -0.3660 0.7792 192.06 54.81 63.75 10.79 -5.06 1.12 3.5700 -0.0700 -1.5200 -1.4067 2.6800 -1.5656 7.99 -4.35 3.66 124 222 236 227 179 
0.2617 0.3563 -0.3839 0.8107 221.31 45.94 38.75 5.30 -4.40 4.57 -0.3900 0.6300 0.1300 -0.8256 1.0344 -0.2000 6.50 -4.39 5.87 168 265 224 219 173 
0.2960 0.3562 -0.4201 0.7804 214.12 62.44 74.37 11.53 -3.57 -1.69 2.6700 0.7500 -0.3200 0.4933 -5.9967 0.4067 7.89 -4.68 -3.45 163 234 240 240 177 
0.0226 0.6888 -0.5186 0.5060 181.19 42.19 137.69 9.23 -5.26 -5.35 2.1200 -1.7800 -0.7300 -0.8389 -1.7044 0.8822 5.39 -4.88 -6.56 173 265 256 276 188 
-0.0511 0.7119 -0.5982 0.3644 262.31 23.81 144.81 9.92 -12.03 -17.23 4.4100 -0.5200 -8.2900 4.3578 1.2922 2.8422 2.76 -7.52 -5.64 195 342 334 375 214 
-0.2646 0.5455 -0.5907 0.5325 128.56 15.38 99.87 -3.43 1.54 0.50 -3.6600 10.9300 0.4500 0.0356 0.2722 -0.0678 2.63 -9.36 -1.26 198 377 351 390 214 
-0.2670 0.4879 -0.5698 0.6050 133.06 17.62 97.75 1.77 -3.51 0.43 -1.5300 5.5800 1.5800 -0.7544 0.1211 -1.4833 3.86 -8.86 -1.65 199 347 332 371 216 
;
