0.6672 -0.0547 0.0183 -0.7426 96.06 3.25 5.75 0.57 -1.02 9.74 0.0200 -0.0700 0.0200 -0.0011 0.0011 0.0011 0.55 -0.98 9.74 160 328 341 363 214 
0.6672 -0.0549 0.0182 -0.7426 96.06 3.25 5.75 0.54 -1.06 9.71 0.0800 -0.0300 0.0800 -0.0100 -0.0067 0.0011 0.56 -0.98 9.74 163 329 340 364 215 
0.6672 -0.0549 0.0181 -0.7426 96.06 3.25 5.69 0.31 -1.34 10.06 -0.0500 -1.1800 1.5000 1.2278 -0.7200 -0.1556 0.95 -0.35 9.75 143 319 337 380 217 
0.6865 -0.0618 -0.1083 -0.7164 86.62 19.75 -3.25 12.58 2.74 10.29 7.5400 3.7800 -0.3200 -0.7200 -0.8811 7.1078 3.84 -2.16 8.75 101 197 232 254 214 
0.9242 -0.2150 -0.1200 -0.2920 24.94 16.69 22.62 1.75 2.82 5.04 -1.5300 5.9200 -2.6100 1.3489 0.4533 5.0278 1.05 -3.59 9.06 93 156 171 191 184 
0.9833 -0.1664 -0.0352 0.0646 348.44 1.81 18.12 -1.55 3.68 10.16 -4.2100 6.4100 2.0800 0.4900 0.5422 1.8444 -0.63 -2.71 9.40 96 163 174 196 183 
0.9758 -0.1432 -0.0299 0.1628 343.87 0.37 17.94 -1.94 -0.85 10.76 1.0900 2.7400 1.4300 -0.7789 0.6144 -2.4122 0.17 -3.57 9.12 96 166 177 200 185 
0.9800 -0.1976 -0.0182 -0.0152 4.69 2.87 23.12 4.23 -3.45 7.30 3.6500 -0.5000 -1.8100 -0.1911 -0.1867 -1.0000 0.84 -3.95 8.93 98 170 177 202 187 
0.9736 -0.2102 -0.0492 -0.0739 6.69 9.56 23.44 2.21 -5.74 7.04 -1.2700 -1.2300 -0.2900 0.7322 -2.5556 0.7800 2.96 -3.70 8.58 100 171 180 204 186 
0.9662 -0.2097 -0.1456 -0.0356 4.19 18.31 25.37 1.66 -4.20 7.51 -1.6100 0.2200 -0.4700 -0.3189 -0.1533 -0.5289 3.40 -4.11 8.22 101 173 193 209 190 
0.9507 -0.2373 -0.1918 -0.0553 7.06 24.69 28.44 3.94 -3.26 8.35 -0.0100 1.1000 0.8100 -1.0811 0.2678 -1.2189 4.49 -4.41 7.52 107 183 188 214 195 
0.9261 -0.2831 -0.2093 -0.1354 19.69 25.62 31.87 3.66 -3.81 14.04 -0.6700 0.0900 5.5400 -3.3356 7.1089 -2.0567 1.61 -5.80 7.74 173 325 177 189 176 
0.8192 -0.3870 0.1170 -0.4070 57.31 10.56 55.69 7.36 -5.86 2.60 -0.7100 3.1800 -3.1300 -0.8900 1.6489 -0.5089 1.17 -8.32 5.05 193 381 168 191 185 
0.7156 -0.4280 0.2301 -0.5018 71.06 5.12 57.44 2.08 -4.95 5.51 1.5700 3.6000 -0.9700 0.4989 0.2744 -0.2822 0.91 -7.98 5.62 195 384 167 192 187 
0.7220 -0.3873 0.2137 -0.5320 72.00 6.31 50.06 5.78 -6.09 5.94 4.2100 0.4400 0.1200 1.6922 -0.8456 0.7533 1.15 -6.67 7.08 194 380 171 192 187 
0.7980 -0.3141 0.1295 -0.4977 61.19 5.37 38.00 0.01 -11.71 15.41 -0.2200 -5.1400 7.7200 -0.9589 -0.3211 1.6600 0.42 -6.41 7.40 196 383 177 195 185 
0.8356 -0.3631 0.1656 -0.3774 46.81 -1.31 51.44 -4.81 -5.96 9.30 -4.6200 3.1300 2.2300 -2.8800 0.2989 -0.0289 -0.48 -8.95 3.97 195 379 178 196 186 
0.7308 -0.5276 0.2698 -0.3388 52.44 -1.06 75.62 -3.54 -1.86 1.07 -3.5200 7.1000 -1.4800 -0.4833 1.7311 -1.2689 0.43 -9.62 1.83 195 380 188 197 185 
0.6296 -0.5425 0.3152 -0.4583 76.81 7.62 75.62 4.63 -3.36 1.36 3.4400 5.7300 -1.2100 2.0044 1.3600 -1.5522 2.04 -8.76 3.89 194 379 189 198 185 
0.6145 -0.4315 0.2365 -0.6166 91.25 14.81 52.56 9.37 -7.63 7.67 7.0600 -0.9000 1.8500 3.1933 -0.1678 -0.0911 2.64 -5.90 7.36 195 378 194 202 186 
0.7057 -0.3028 0.0901 -0.6342 79.19 14.31 33.81 -2.97 -9.81 13.28 -5.8100 -4.0100 4.8200 -0.9111 -0.9400 1.7422 2.21 -5.97 7.44 195 378 196 203 185 
0.7756 -0.3503 0.0961 -0.5163 66.69 11.81 41.75 -1.20 -3.24 5.62 -2.6200 2.5000 -1.1100 0.2244 0.0367 0.3267 1.86 -6.36 7.22 187 304 209 222 199 
0.7731 -0.3337 0.1025 -0.5295 71.06 12.00 36.56 1.46 -6.07 5.89 -0.5500 0.5100 -0.7800 2.6811 1.4567 -2.2167 1.87 -3.84 8.82 176 314 325 351 208 
0.7245 -0.1583 0.0405 -0.6696 87.75 6.94 13.44 2.16 -1.36 8.65 1.5500 0.3300 -3.0700 2.4044 0.1233 -0.7667 1.03 -0.67 9.72 176 346 339 390 213 
;
