0.6371 -0.0690 -0.0423 -0.7665 100.50 9.13 1.31 1.60 -0.29 9.62 0.0700 -0.0700 -0.0300 -0.0022 -0.0022 0.0011 1.56 -0.22 9.67 178 324 348 382 213 
0.6371 -0.0690 -0.0423 -0.7665 100.50 9.13 1.31 1.52 -0.29 9.65 0.1000 -0.0300 0.0000 -0.0011 -0.0044 -0.0033 1.55 -0.22 9.67 178 326 349 383 213 
0.6372 -0.0687 -0.0421 -0.7665 100.50 9.13 1.31 1.70 -0.28 9.62 0.1100 -0.0900 -0.0600 0.0033 0.0133 -0.0011 1.55 -0.22 9.68 178 326 348 384 214 
0.6370 -0.0672 -0.0416 -0.7668 100.69 9.13 1.50 0.71 2.24 13.45 -2.0000 1.9000 2.2700 -1.8878 -2.0133 -0.3156 2.80 -1.41 9.29 106 274 305 308 213 
0.6283 -0.2420 -0.0298 -0.7388 93.44 23.94 20.12 10.31 -3.57 3.62 5.2300 0.7700 -4.9600 3.6589 -4.6100 7.8856 4.63 -3.71 7.80 96 177 194 197 185 
0.9038 -0.2576 -0.1546 -0.3048 27.44 22.81 23.75 1.28 -0.37 8.31 -1.9500 3.2700 -0.3500 3.1611 -0.2900 4.2822 2.99 -2.79 8.91 90 161 171 179 152 
0.9870 -0.1140 -0.1068 0.0381 350.69 8.31 12.56 3.48 5.36 10.27 1.2900 6.5800 -0.0300 0.1067 0.5033 2.6444 0.15 -2.18 9.55 94 169 182 184 154 
0.9779 -0.1306 0.0012 0.1635 342.56 -0.31 16.06 -1.30 1.75 11.02 -2.0800 4.3700 0.8300 -1.4144 -0.5300 -2.6478 0.64 -3.59 9.09 95 171 185 187 155 
0.9747 -0.2162 -0.0547 -0.0108 6.44 7.50 26.44 9.88 -6.88 5.19 8.8200 -3.0900 -3.7100 -0.2422 -0.1900 -0.7233 1.64 -4.49 8.55 99 172 187 190 158 
0.9708 -0.2167 -0.0850 -0.0591 5.50 13.75 23.12 10.30 -3.25 13.27 2.5400 -0.6700 3.4600 -0.5978 -0.3589 -0.2011 2.45 -3.92 8.64 99 177 191 195 165 
0.9443 -0.2469 -0.2012 -0.0823 11.13 31.87 34.19 5.03 -3.79 6.64 1.0200 2.1000 0.8200 -1.5367 -6.4222 1.9622 7.24 -5.79 3.17 105 209 204 208 168 
0.7361 -0.4031 -0.5260 0.1376 322.81 33.94 84.69 5.55 -9.04 -2.94 -0.9200 -0.1300 -3.2500 2.1678 -0.8300 3.4956 2.66 -9.31 1.49 96 237 181 192 159 
0.6404 -0.4374 -0.4568 0.4357 290.81 10.63 77.69 0.05 -7.73 1.47 -0.3800 1.3400 -0.7000 0.2622 -0.0722 -0.1878 1.83 -9.38 2.16 94 261 183 191 159 
0.6465 -0.4249 -0.4423 0.4538 289.31 10.50 72.94 3.23 -14.46 0.20 1.3500 -5.0700 -3.1000 2.7133 0.6144 -0.0267 1.62 -8.53 4.54 96 311 189 195 160 
0.7357 -0.3088 -0.3179 0.5121 290.75 7.81 46.06 0.46 -0.98 5.42 -1.3600 5.9800 -1.4300 2.9067 0.8489 -0.1178 0.85 -5.23 8.24 96 314 192 198 161 
0.8036 -0.1823 -0.1717 0.5398 293.06 5.06 28.69 -1.11 1.71 9.97 -1.9800 6.2100 1.1900 -2.3222 -0.8278 -0.7333 1.57 -5.79 7.75 99 290 192 199 160 
0.7862 -0.2571 -0.3007 0.4748 299.06 15.88 50.56 1.79 -5.21 3.26 -0.5800 0.2600 -2.1900 -3.0678 -1.6144 -1.2367 3.94 -8.17 3.71 97 271 194 200 162 
;
