0.7509 -0.0035 -0.0159 -0.6603 82.62 1.62 -0.88 0.11 0.17 9.82 -0.1800 0.0000 -0.0200 -0.0022 -0.0078 0.0044 0.27 0.15 9.80 169 347 350 388 216 
0.7509 -0.0035 -0.0159 -0.6603 82.62 1.62 -0.88 0.47 0.31 9.81 0.1000 0.0800 -0.0600 -0.0033 -0.0011 0.0022 0.31 0.15 9.80 169 346 352 388 216 
0.7510 -0.0062 -0.0172 -0.6600 82.31 2.50 -0.31 -0.21 1.39 11.98 1.0900 3.7500 4.5200 -4.1133 -2.8444 1.7633 2.04 -2.19 9.33 103 303 312 324 217 
0.7867 -0.2586 -0.0563 -0.5577 64.62 26.12 24.12 13.16 -5.36 5.51 6.1400 1.1400 -2.1100 3.4689 -2.6500 5.8867 4.76 -3.95 7.59 93 171 196 202 193 
0.9429 -0.2401 -0.1761 -0.1494 8.06 21.50 22.81 2.35 5.07 9.84 -0.7600 7.9700 1.1700 2.1089 1.2289 3.6433 2.33 -2.56 9.17 92 168 179 187 173 
0.9752 -0.0960 -0.0956 0.1751 334.94 6.37 11.69 -1.89 4.22 11.05 -21.2700 6.9200 5.8900 -1.0322 0.8678 -0.6778 0.47 -2.50 9.47 92 172 189 190 172 
0.9678 -0.1326 -0.0674 0.2032 338.87 5.62 18.00 0.28 0.00 11.79 -0.0800 3.3200 1.2100 -1.3300 0.0967 -2.4011 1.38 -3.73 8.96 96 173 190 195 173 
0.9752 -0.2026 -0.0823 0.0361 358.44 8.81 23.94 6.48 -5.23 4.70 4.7500 -2.1500 -4.4300 0.3000 -0.1511 -0.3078 1.66 -3.76 8.89 94 175 194 195 172 
0.9777 -0.1802 -0.1066 0.0175 354.25 14.38 20.50 -20.51 1.84 27.67 5.7700 2.0700 6.8400 -0.4222 0.1711 -0.7933 3.12 -3.31 8.68 95 173 194 194 177 
0.9610 -0.1838 -0.2026 0.0414 357.31 24.37 25.69 2.92 -0.53 15.50 -0.8500 3.4700 7.1500 -3.7544 0.3433 -1.9867 4.40 -5.22 7.03 142 247 233 251 210 
0.8931 -0.3842 -0.1857 -0.1426 23.37 24.37 49.56 5.19 -6.81 2.37 1.8000 0.3600 -3.1800 -3.9144 0.6278 0.0756 3.64 -8.26 3.80 184 331 298 358 211 
0.7456 -0.6227 -0.0274 -0.2358 36.81 18.87 81.00 5.59 -4.57 -3.89 0.2800 4.1600 -5.5100 -0.7800 0.0233 0.6467 2.63 -9.42 0.62 181 338 322 371 212 
0.7086 -0.6722 0.0358 -0.2117 31.87 12.88 82.56 1.63 -4.62 -7.14 0.2400 4.5800 -9.0600 4.9600 -1.0400 0.4011 2.09 -8.46 4.47 179 338 325 376 212 
0.9160 -0.3672 -0.0651 -0.1481 15.25 13.19 28.75 5.74 7.64 22.42 0.8400 9.8600 16.4400 4.7544 0.4811 1.0878 1.92 -1.18 9.54 181 329 328 374 210 
0.9865 -0.0917 -0.1132 -0.0748 10.25 14.81 14.31 0.62 -0.27 10.84 -1.7300 2.8200 0.1800 -3.5267 -0.4167 -1.2511 3.12 -4.35 8.21 179 330 318 340 214 
0.9210 -0.3132 -0.1371 -0.1866 27.00 23.62 36.69 1.13 -3.30 1.44 -3.0600 1.6700 -5.7400 -0.3433 1.2522 -3.6656 4.60 -4.65 7.29 179 322 318 339 214 
0.8388 -0.2698 -0.1191 -0.4576 64.62 23.00 15.50 5.20 -1.22 10.00 2.9500 1.5100 2.5500 2.3744 3.1489 -2.4722 1.74 -0.11 9.64 181 344 340 388 212 
0.7649 0.0237 -0.0229 -0.6433 80.25 -4.25 -5.19 5.56 -1.56 2.87 0.6400 -1.8900 -2.2700 0.2978 0.4511 0.2722 -0.47 0.81 9.76 171 357 348 387 212 
;
