0.7001 -0.0620 -0.0186 -0.7111 90.87 6.50 3.44 1.17 -0.58 9.71 0.0800 0.0000 -0.0500 0.0033 0.0100 0.0000 1.11 -0.59 9.72 163 300 333 361 218 
0.7002 -0.0618 -0.0184 -0.7111 90.87 6.44 3.44 1.16 -0.57 9.70 0.0300 0.0200 -0.0100 0.0167 0.0156 0.0167 1.09 -0.58 9.72 145 301 331 363 217 
0.7038 -0.0596 -0.0218 -0.7076 90.06 6.44 3.00 0.48 0.25 10.92 -0.9800 1.7200 1.7000 -1.3922 -2.1633 0.8833 2.47 -1.54 9.36 101 270 308 298 217 
0.7654 -0.2307 -0.0701 -0.5967 68.00 23.06 20.50 8.51 -5.37 2.85 4.8100 -1.4100 -4.7600 3.9256 -4.2867 6.0233 4.93 -3.11 7.88 96 176 205 199 184 
0.9380 -0.2077 -0.2269 -0.1595 8.75 27.81 20.00 0.78 1.76 10.89 -3.9400 3.5900 1.4500 2.1567 0.2444 4.0056 3.44 -2.71 8.77 96 168 184 177 167 
0.9691 -0.1033 -0.1469 0.1696 337.12 12.56 14.13 4.52 3.16 6.18 2.3200 5.5000 -3.6200 1.2200 0.0478 2.5611 1.21 -1.93 9.53 98 175 186 183 168 
0.9536 -0.0927 -0.0752 0.2764 328.94 4.62 13.38 -1.96 1.10 12.35 -1.8700 3.1600 2.2400 -1.1133 0.4811 -2.1933 0.85 -2.93 9.31 98 176 194 186 171 
0.9772 -0.1598 -0.0692 0.1212 350.87 5.69 20.19 5.80 -3.56 7.09 6.2200 0.0800 -1.6700 -0.1700 0.9889 -1.9822 1.04 -3.39 9.13 100 180 194 187 170 
0.9824 -0.1742 -0.0577 -0.0342 4.56 7.75 19.37 5.27 -5.54 6.97 4.7100 -2.6100 -2.8500 0.5656 -0.3800 1.1956 1.42 -2.93 9.24 97 177 197 190 168 
0.9849 -0.1231 -0.1083 0.0564 353.56 12.19 13.88 3.84 -1.92 12.17 -3.6700 -0.4300 0.5500 0.3167 -0.0344 0.2767 1.99 -2.08 9.37 100 180 198 191 168 
0.9849 -0.1003 -0.1177 0.0781 350.69 12.88 13.06 1.78 -2.06 9.25 1.4100 0.0300 -1.0300 -0.3444 -0.2367 0.1944 2.46 -2.45 9.16 102 180 197 192 171 
0.9759 -0.1214 -0.1569 0.0909 349.06 17.75 16.81 0.04 -2.59 8.80 -1.9800 0.7100 0.4800 -0.8344 -2.2256 -0.0911 4.27 -3.04 8.28 103 185 202 198 173 
0.9349 -0.1456 -0.3104 0.0916 348.94 39.19 26.12 9.97 -3.92 9.23 -0.6800 -1.6100 1.2600 -0.6822 -1.7189 -0.4367 7.09 -3.67 5.69 113 202 219 212 180 
0.8747 -0.1996 -0.4348 0.0778 349.25 45.06 38.44 11.12 -4.03 6.43 2.8400 0.1100 -0.5700 -0.1878 1.2311 1.4422 5.84 -5.10 5.98 113 226 223 202 176 
0.8897 -0.2532 -0.3520 0.1428 339.37 32.63 42.00 6.22 -5.06 4.15 1.1600 0.2400 -1.9800 0.8656 0.7400 1.0122 4.54 -5.49 6.73 108 206 197 194 175 
0.9121 -0.2216 -0.2611 0.2252 331.19 19.94 32.25 4.17 -2.99 5.98 1.0200 1.8400 -3.0100 1.4689 1.1133 1.1200 2.10 -4.17 8.62 107 173 174 176 161 
0.9324 -0.1526 -0.1337 0.2991 324.06 8.25 20.19 -0.78 0.51 8.91 -2.1600 3.5900 -0.2800 0.2411 0.6867 -0.3567 0.86 -3.06 9.27 105 160 168 172 162 
0.9490 -0.1487 -0.0779 0.2668 330.25 3.87 19.31 1.30 -2.79 9.02 -0.2400 0.1200 -0.8600 -0.4856 1.5967 -1.7689 0.29 -3.55 9.13 107 159 166 175 169 
0.9663 -0.2017 -0.0470 0.1528 346.50 0.00 25.81 0.99 -4.10 7.86 1.7800 1.3100 -0.5200 -1.1378 2.3456 -1.8311 -0.87 -5.06 8.35 101 170 173 180 174 
0.9555 -0.2869 0.0679 -0.0107 1.81 -6.25 34.13 -2.94 -8.53 6.81 -2.2300 -3.0200 -1.2500 -0.2222 0.0989 -0.3411 -1.00 -5.68 7.92 98 172 175 184 173 
0.9501 -0.3053 0.0566 -0.0309 3.62 -4.87 36.25 -0.29 -5.55 8.20 -0.0900 0.1100 -0.2500 -0.2444 -0.0300 0.1333 -0.84 -5.93 7.75 100 173 176 184 174 
0.9455 -0.3214 0.0491 -0.0186 1.94 -4.37 37.69 -3.27 -4.24 4.90 -3.8500 2.0200 -5.2400 0.2378 -1.8000 -0.2900 0.35 -5.81 7.88 108 180 179 182 173 
;
0.9530 -0.2869 -0.0972 -0.0032 1.69 16.87 32.25 5.51 -3.10 4.01 4.5300 2.7200 -1.4800 0.7522 -2.0678 -2.1644 5.11 -3.88 7.40 120 231 228 235 204 
0.9067 -0.2060 -0.3617 -0.0678 9.19 50.13 26.37 12.37 -2.28 8.31 5.1300 0.3700 3.0500 -0.9667 -3.0900 -1.4789 8.86 -2.10 3.62 117 241 259 249 203 
0.8054 -0.2028 -0.5413 -0.1311 19.56 68.12 27.87 11.09 -1.71 4.46 1.6700 -0.1200 0.9500 -0.0789 0.2411 0.0411 9.07 -1.68 3.29 113 232 252 241 201 
0.8088 -0.2061 -0.5329 -0.1395 18.31 65.81 28.50 13.09 -5.04 0.65 5.5400 -3.7400 -3.3200 2.0367 2.2689 1.4878 8.19 -2.20 4.91 105 202 211 213 182 
0.9130 -0.1300 -0.3866 -0.0099 356.19 36.94 16.69 6.39 1.28 5.92 0.0900 4.2700 -2.3000 1.3767 3.6789 3.0289 2.84 -2.17 9.12 96 184 192 184 157 
0.9692 -0.0848 -0.0872 0.2142 329.31 4.62 10.31 0.92 5.29 6.57 -13.1500 9.7100 5.9600 -0.6422 1.8633 -0.2567 0.18 -1.53 9.68 96 178 191 186 159 
0.9531 -0.0804 -0.0409 0.2890 329.12 2.06 11.19 -0.90 1.18 11.07 -0.0800 3.2100 0.6500 -0.9667 0.1822 -2.7667 0.71 -2.49 9.45 97 181 192 189 162 
0.9848 -0.1313 -0.0496 0.1022 351.56 4.87 15.69 7.04 -3.53 7.01 5.7400 -0.9900 -2.3700 0.2044 0.3322 -1.1711 1.00 -2.48 9.43 97 184 193 191 163 
0.9907 -0.1174 -0.0662 0.0159 357.00 7.44 12.44 3.05 -4.39 7.07 -12.3800 0.8900 6.0100 -0.0944 -0.5722 -0.1367 2.08 -1.90 9.39 97 186 200 195 163 
0.9870 -0.1138 -0.1071 0.0377 355.87 13.19 15.06 -0.45 -2.86 9.57 -2.4000 0.2700 1.1200 -0.6033 -0.7522 -0.9322 3.01 -2.77 8.90 101 191 208 199 169 
0.9676 -0.1595 -0.1945 -0.0232 4.87 25.37 20.37 4.59 -3.63 7.46 0.9400 -1.4500 -0.6500 -0.9000 -1.1822 -1.0256 5.12 -3.42 7.62 108 243 219 211 175 
0.9329 -0.2214 -0.2785 -0.0560 4.12 32.75 27.81 8.42 -5.96 8.79 3.0200 -1.8600 1.1900 0.7867 -0.3011 1.6667 4.99 -4.11 7.36 101 210 197 196 168 
0.9382 -0.1987 -0.2706 0.0840 346.37 26.69 27.12 6.30 -3.23 5.93 2.4900 0.9700 -2.1300 1.3089 0.6833 1.6178 3.51 -3.66 8.38 98 199 195 194 167 
0.9473 -0.1372 -0.1915 0.2171 331.69 15.88 19.69 1.20 0.48 6.57 -2.1100 3.3000 -2.1500 0.9133 0.1967 0.9544 2.20 -2.73 9.15 100 171 195 191 165 
0.9421 -0.1003 -0.1355 0.2900 325.62 10.88 15.63 1.13 -0.34 9.15 -0.9800 1.8900 -0.1500 -0.3800 1.0967 -1.0356 1.51 -2.65 9.31 92 160 197 192 164 
0.9585 -0.1163 -0.1021 0.2394 334.25 7.00 15.94 2.12 -1.78 9.79 1.2700 0.8700 0.4900 -0.4567 1.2967 -1.6089 0.62 -2.84 9.36 102 160 195 197 168 
0.9800 -0.1572 -0.0337 0.1172 349.75 -0.13 19.94 1.21 -3.90 7.99 2.8100 -0.2200 -1.1500 -1.1822 2.8378 -1.4478 -1.63 -4.26 8.67 101 168 198 203 170 
0.9520 -0.2560 0.1591 -0.0532 6.44 -15.88 32.19 -3.99 -7.73 6.55 -2.3400 -2.8200 -1.5000 -0.3922 0.9144 -0.5856 -2.93 -5.33 7.68 102 171 200 201 170 
0.9436 -0.2726 0.1711 -0.0778 9.25 -14.75 33.75 -3.44 -3.60 2.92 0.0900 1.8200 -5.5700 0.8489 -2.7956 -0.3200 -0.82 -4.80 8.51 106 186 199 199 174 
0.9724 -0.2241 -0.0372 -0.0539 5.44 13.63 23.06 4.60 -2.83 4.97 1.4400 0.4000 -3.6700 2.3278 -4.8200 -1.2311 5.68 -1.84 7.77 120 255 240 240 197 
0.9172 -0.0754 -0.3881 -0.0496 7.00 50.06 6.75 12.99 -0.89 7.67 5.4600 0.4000 2.7800 0.4956 -1.6000 -0.1800 8.38 -0.39 5.07 121 263 264 254 199 
;
