0.4989 -0.0289 -0.1774 -0.8478 119.31 13.25 -15.94 2.47 3.15 10.00 0.0700 1.4500 1.4100 -1.2711 -0.4622 0.2289 2.48 1.99 9.27 190 371 344 433 223 
0.5093 -0.0802 -0.1203 -0.8484 116.56 15.50 -4.25 3.04 -0.95 12.92 0.3400 -1.6000 4.7500 -1.9600 -1.8200 0.8333 3.58 -1.07 9.06 193 354 341 411 218 
0.5461 -0.2672 -0.0156 -0.7938 109.31 28.00 25.37 6.26 -4.24 12.41 1.5200 0.9500 4.7600 -4.6344 -1.3444 2.5633 4.43 -6.81 5.48 195 335 338 407 219 
0.5438 -0.5087 0.2435 -0.6215 94.69 17.25 75.62 2.20 -2.85 2.81 0.1200 6.3300 1.9700 -4.5589 0.4833 2.2178 1.18 -9.66 -1.14 195 337 340 411 218 
0.4072 -0.6279 0.5320 -0.3961 89.31 2.56 117.44 -2.71 -4.44 -9.59 -2.4400 3.0100 -4.2500 -1.3944 0.2833 -0.1578 0.57 -7.89 -5.78 196 341 335 412 214 
0.3047 -0.6637 0.5961 -0.3337 95.25 5.19 125.12 2.25 -5.66 -10.11 1.2100 3.1700 -3.9400 3.1078 -0.3622 -0.7711 1.37 -8.98 -3.67 195 341 344 409 213 
0.4584 -0.6088 0.4477 -0.4677 89.62 8.75 89.25 3.38 -9.67 19.03 3.8500 1.0700 23.5500 0.5733 -0.3500 0.1144 1.45 -9.65 0.92 197 345 341 411 213 
0.4754 -0.6125 0.4131 -0.4776 92.50 12.06 103.00 1.98 -5.72 -4.03 0.2600 3.5100 -1.6600 -4.3889 -0.5511 -0.4067 2.19 -8.01 -5.21 197 342 328 414 213 
0.2801 -0.7441 0.5135 -0.3228 95.94 9.75 131.25 -1.03 -4.33 -12.94 -2.1500 3.0000 -5.6200 2.8044 0.0300 0.4100 1.35 -8.24 -5.12 197 341 343 415 214 
0.4131 -0.6685 0.4726 -0.3989 86.75 6.75 97.81 0.58 -6.56 5.31 -1.5500 3.5200 9.4700 4.5900 1.0011 2.8433 -0.44 -9.60 1.90 197 343 338 410 213 
0.5886 -0.4692 0.4147 -0.5114 85.06 5.81 81.37 2.83 -6.77 3.74 0.1800 3.5900 0.9400 -2.6356 -2.5167 -3.3811 3.58 -9.08 -0.90 195 316 324 363 212 
0.4165 -0.7783 0.1872 -0.4310 88.44 32.56 113.75 5.50 -3.73 -8.53 -0.9000 2.2300 -7.2800 4.3544 -6.1656 -2.9211 5.17 -7.19 -4.19 168 322 209 227 165 
0.5153 -0.7856 -0.3047 -0.1564 23.50 36.63 121.81 11.95 -4.31 -6.61 10.1500 0.3000 -0.7600 3.1489 -2.3267 -2.5256 6.32 -6.27 -4.09 157 386 206 209 155 
0.5539 -0.5435 -0.6267 0.0708 337.94 36.63 114.44 8.53 -7.24 -4.05 1.8300 0.7700 -1.4900 3.1400 0.0389 0.4956 5.49 -7.97 -1.53 155 392 207 211 155 
0.6560 -0.4168 -0.5762 0.2530 315.87 32.63 83.75 2.29 -2.98 2.68 -5.2700 7.0700 2.9000 0.2211 -1.8367 0.4000 5.21 -8.11 1.74 149 403 212 218 161 
0.6893 -0.3715 -0.5446 0.3005 315.31 32.06 85.94 6.58 -8.44 -2.40 1.9400 -0.6000 -3.5100 -2.4144 -0.3833 0.2133 5.09 -8.26 -1.35 155 398 215 222 163 
0.6100 -0.4624 -0.5980 0.2376 316.56 30.56 96.06 4.03 -7.95 -2.46 -0.2700 1.2300 -0.8300 3.2533 0.9644 -0.4167 5.16 -8.17 1.65 138 403 218 226 165 
0.7078 -0.3544 -0.5320 0.3006 316.00 32.94 78.25 5.49 -5.13 2.32 -0.5800 2.6400 0.4600 -2.0278 1.6300 -0.8733 5.58 -7.95 1.30 164 386 221 228 168 
;
