0.7292 0.1172 -0.0154 0.6741 274.44 10.69 -8.69 2.16 1.19 9.80 0.2700 -0.1600 0.1100 0.5267 -0.1333 -0.1022 1.90 1.75 9.45 182 354 353 366 218 
0.7242 0.1463 -0.0079 0.6738 273.50 12.81 -12.31 2.33 3.57 9.39 1.2300 2.0500 0.3700 -2.4800 -0.3000 0.7722 2.45 0.90 9.45 182 308 338 356 221 
0.6995 0.0745 -0.1302 0.6987 268.44 18.44 10.69 3.58 -2.04 11.34 0.6600 -0.0300 2.6400 -2.4567 -1.1167 1.1878 3.61 -3.72 8.32 174 307 309 346 221 
0.6182 -0.0125 -0.3406 0.7083 260.81 24.69 38.88 5.36 -6.61 9.08 2.6500 -0.5600 2.3800 -3.4300 -1.7078 1.7211 4.04 -7.54 4.77 171 315 324 364 224 
0.4686 -0.1469 -0.5656 0.6625 247.81 15.63 77.75 2.08 -3.24 0.18 -1.2500 6.9200 -2.3000 -4.4633 0.5800 2.7244 0.68 -9.71 -1.16 178 316 325 359 224 
0.2678 -0.4071 -0.7087 0.5103 233.31 -3.44 113.44 -3.22 -6.05 -11.25 -2.8600 1.9900 -7.5400 -0.8367 0.3067 0.0189 -0.89 -8.30 -5.13 180 308 322 356 220 
0.2330 -0.4404 -0.7377 0.4557 239.69 -0.81 112.75 -5.72 -4.97 -6.38 -3.9300 6.1200 0.2900 5.6089 2.3944 -1.8956 1.60 -9.63 0.90 184 318 317 353 222 
0.5103 -0.3008 -0.5380 0.5997 260.44 11.00 79.00 6.49 -7.47 7.03 3.4700 2.7000 4.8000 -3.2233 -1.9544 0.1644 1.80 -9.61 -0.68 181 317 326 349 223 
0.3516 -0.3430 -0.6988 0.5200 240.62 5.37 105.94 -1.20 -8.98 -6.21 -4.4000 0.2600 -4.9700 -1.2778 -0.9489 2.0367 -0.60 -9.06 -3.68 193 307 320 344 220 
0.1987 -0.4057 -0.7369 0.5029 230.06 -3.94 112.06 -4.89 -7.37 -8.04 -3.3300 2.4500 -3.7900 4.2578 3.3000 -2.0533 1.40 -9.69 -0.42 183 313 326 353 217 
0.5117 -0.3237 -0.5623 0.5632 263.25 11.69 80.00 4.24 -7.55 2.98 -0.2000 0.9300 -1.2600 -1.0978 -2.9789 0.3122 1.86 -9.62 0.36 184 302 320 344 220 
0.3904 -0.2416 -0.6525 0.6028 243.31 14.13 85.44 0.41 -12.01 -0.52 -1.4000 -1.9800 -1.0100 4.7189 -5.6222 -1.2011 4.03 -8.51 2.71 159 286 216 227 183 
0.1978 0.2542 -0.4667 0.8237 195.69 40.81 48.50 6.30 -3.15 6.41 -0.4000 1.7200 1.3400 2.6456 0.2233 -0.7544 6.74 -4.26 5.70 144 326 185 192 147 
0.0919 0.3698 -0.2147 0.8993 194.00 46.50 21.62 2.72 -0.49 5.02 -4.5700 1.5100 -1.5900 0.5133 -0.5122 -2.7456 7.67 -0.68 6.06 133 348 189 196 150 
0.2303 0.4375 -0.0768 0.8658 212.69 50.13 -15.63 13.62 5.58 -2.07 8.1200 4.9200 -5.5700 5.1544 -0.2944 -0.0200 7.25 4.18 5.10 141 353 189 193 160 
0.0994 0.4967 0.2151 0.8350 183.50 55.94 -46.56 14.88 18.96 17.35 2.0100 14.7800 11.3800 -2.2978 3.5644 4.5567 7.88 0.12 5.82 161 363 190 195 160 
-0.1752 0.4315 -0.0414 0.8840 155.87 44.81 31.50 -4.94 -0.92 3.24 -11.4200 3.8700 -3.1800 -2.9322 0.3711 -1.4933 6.89 -5.09 4.75 161 355 194 195 164 
-0.0059 0.4675 -0.2448 0.8494 190.87 55.81 30.62 11.87 3.01 -6.98 6.4000 4.6200 -10.9400 4.7889 2.6900 -5.1789 7.30 2.13 6.19 162 322 197 202 170 
0.1854 0.4512 0.1332 0.8627 197.87 48.81 -40.19 16.65 12.40 10.54 4.6600 9.1700 7.3900 0.9933 0.0322 3.8944 8.31 2.75 4.41 171 321 197 212 178 
-0.0703 0.5169 0.1047 0.8467 170.31 63.25 -1.75 1.73 2.96 9.25 -6.7100 3.3500 3.8300 -7.2722 2.6756 -2.7922 8.17 -1.05 5.31 175 313 287 295 204 
;
