0.6237 0.3522 0.1293 0.6858 264.62 18.75 -40.56 3.20 5.94 7.01 0.0600 -0.0700 0.0000 -0.0189 -0.0267 -0.0156 3.16 6.03 7.05 171 328 355 396 213 
0.6255 0.3526 0.1271 0.6843 264.87 18.87 -40.50 3.26 6.06 7.15 0.0300 -0.0200 0.0300 -0.2011 -0.0744 -0.0089 3.20 5.94 7.11 177 310 345 395 219 
0.6383 0.3405 0.0831 0.6854 266.12 23.75 -33.00 5.80 5.49 8.34 0.5200 0.7600 1.7400 -0.9478 -0.3467 1.5233 4.60 3.70 7.82 182 297 308 374 216 
0.6002 0.3191 -0.0784 0.7292 257.12 39.31 -13.13 10.24 3.54 15.02 3.8400 3.4300 7.0700 -3.4433 -2.2544 3.5033 7.44 -1.68 6.16 183 303 313 373 216 
0.4690 0.2000 -0.4249 0.7480 241.37 37.88 51.44 5.32 2.39 0.58 -0.1500 9.4800 -5.1600 -5.9122 2.5111 4.1511 2.98 -9.12 1.98 173 282 276 326 215 
0.3391 -0.2491 -0.6679 0.6139 239.62 5.06 97.56 -2.47 -4.57 -10.00 -2.2400 3.5300 -8.9300 -1.4711 0.6300 0.7878 0.24 -9.39 -2.81 173 293 283 337 216 
0.3265 -0.3747 -0.6771 0.5427 243.37 2.75 94.94 -2.82 -6.13 -2.64 -2.2800 3.8400 1.3300 3.9511 1.4733 0.0489 0.40 -9.52 2.31 178 298 298 344 214 
0.4458 -0.3041 -0.5090 0.6707 246.31 3.69 77.12 3.66 -5.53 5.81 2.9600 4.3000 3.0600 -4.2389 -1.2656 0.2089 0.63 -9.74 -0.87 177 293 294 348 215 
0.2980 -0.3750 -0.6999 0.5298 236.62 -0.50 109.06 -5.31 -9.71 -12.59 -5.7100 -0.8500 -9.4400 1.2467 0.0456 0.7156 -0.67 -9.33 -2.92 178 298 297 349 214 
0.3250 -0.3878 -0.6322 0.5867 240.31 -1.81 91.75 -4.04 -8.99 2.01 -3.8600 1.2300 2.0100 2.6733 2.0433 -1.5056 0.49 -9.54 2.19 182 297 295 352 215 
0.5135 -0.3608 -0.4882 0.6064 259.75 4.87 77.56 4.69 -6.23 2.19 2.5800 3.2200 -1.2700 -1.6800 -2.5678 -0.1678 1.31 -9.70 0.49 183 299 300 349 217 
0.3371 -0.2052 -0.6722 0.6265 224.69 15.50 90.31 -2.00 -5.49 -7.25 -1.3200 3.3400 -5.7100 2.7222 -10.4344 -4.6678 5.22 -8.12 -1.69 174 252 252 289 213 
0.0007 0.5061 -0.6521 0.5645 176.94 34.38 123.25 8.82 -2.53 -6.07 3.7000 2.7700 -1.1000 -2.7867 -2.6078 -2.2078 4.83 -4.34 -7.34 166 261 254 303 212 
0.0308 0.7283 -0.6218 0.2864 259.62 26.56 163.50 9.52 -3.20 -13.35 5.1300 -1.1500 -4.8700 -0.6800 0.3467 -0.5411 4.62 -1.64 -8.49 166 273 258 309 214 
0.0834 0.7453 -0.6052 0.2671 258.94 30.81 163.50 10.98 -5.46 -13.90 5.6000 -1.8500 -5.7400 2.7844 1.0222 1.7722 5.07 -4.47 -7.09 176 285 275 335 215 
-0.0683 0.6476 -0.6251 0.4305 151.50 25.12 126.06 2.27 -5.03 -5.85 -2.4900 4.4000 -0.4900 5.2733 2.1411 1.9367 3.29 -9.19 -0.88 199 344 331 381 217 
-0.2511 0.4232 -0.5334 0.6880 140.00 17.69 84.69 0.77 -1.12 -0.17 -2.9200 7.8400 -1.6600 -0.4433 0.1767 -0.3578 3.17 -9.24 0.74 200 368 323 378 215 
;
