0.6646 -0.0313 -0.0634 -0.7438 96.37 7.50 -3.00 1.19 0.55 9.68 0.0000 0.0600 0.0000 -0.0011 0.0022 0.0033 1.28 0.51 9.70 171 310 331 364 220 
0.6646 -0.0313 -0.0634 -0.7438 96.37 7.50 -3.00 1.15 0.52 9.89 -0.1900 -0.0200 0.0000 -0.0011 -0.0056 0.0022 1.27 0.51 9.70 172 308 330 365 218 
0.6646 -0.0311 -0.0632 -0.7438 96.37 7.44 -3.00 1.14 0.54 9.68 -0.1700 0.0400 0.0300 -0.0222 -0.0367 0.0133 1.31 0.47 9.70 170 303 323 354 216 
0.6654 -0.0454 -0.0573 -0.7429 96.31 9.31 0.50 0.48 0.28 11.78 -1.0600 2.0700 4.1800 -2.7667 -3.8356 1.0111 3.50 -2.07 8.92 181 279 298 311 216 
0.6605 -0.3046 0.0064 -0.6863 90.87 25.44 36.25 6.67 -4.19 10.54 1.8700 1.6200 2.6200 -4.6500 -1.4578 2.1167 3.80 -7.92 4.34 185 299 309 317 217 
0.6084 -0.5699 0.2166 -0.5081 76.19 15.19 81.37 -0.80 -5.58 -0.82 -3.0800 3.7700 -1.7700 -3.1233 -0.6200 1.5611 1.30 -9.65 -1.15 185 300 304 316 215 
0.5205 -0.6969 0.3651 -0.3318 63.88 3.69 106.62 -0.90 -7.03 -5.33 -1.2900 1.8600 -2.3600 -0.9833 -0.0767 0.1111 0.46 -9.11 -3.58 183 301 305 319 216 
0.4852 -0.7291 0.3823 -0.2948 62.44 3.75 108.69 -2.94 -8.00 -10.53 -4.2000 1.7900 -4.4700 4.3311 1.1211 -1.0256 1.32 -9.70 -0.37 186 304 307 324 215 
0.5992 -0.6000 0.3054 -0.4332 71.69 8.94 87.06 4.75 -9.02 5.33 2.1600 2.1100 2.0000 -3.3911 -0.7067 0.4011 1.34 -9.49 -2.04 187 307 314 326 215 
0.4703 -0.7365 0.3773 -0.3066 64.37 4.37 116.31 -4.35 -6.57 -17.23 -4.9100 1.5600 -12.8600 1.0333 0.3878 -0.1289 0.91 -8.86 -4.10 184 304 316 333 216 
0.5145 -0.6871 0.3576 -0.3679 73.94 9.00 92.62 0.50 -5.23 9.59 0.7900 4.8600 13.6300 3.5922 0.6611 -0.2100 1.67 -9.37 2.33 187 302 312 329 214 
0.6121 -0.5882 0.2585 -0.4609 68.69 16.94 84.00 -1.84 -7.87 -2.60 -8.4400 -2.5700 -8.8400 2.3533 -15.4878 -2.3733 3.51 -8.94 -1.93 166 302 179 182 163 
0.6060 -0.6215 -0.4393 0.2313 306.56 11.63 98.37 -1.08 -11.01 -1.37 -2.0900 -0.3900 -0.5200 0.0056 -0.9344 -0.4189 2.15 -9.44 -1.55 161 300 176 185 162 
0.5770 -0.5759 -0.4987 0.2946 304.50 13.81 99.06 3.07 -10.10 -2.25 0.3800 -1.5000 -1.2000 1.0444 -1.0167 -0.1033 2.34 -9.47 -0.97 164 302 179 181 160 
0.5934 -0.4984 -0.5145 0.3673 295.19 14.25 87.69 5.26 -11.59 -1.99 2.1600 -2.0400 -2.6500 3.3189 0.5322 0.1667 2.32 -9.12 2.72 170 297 174 186 161 
0.7075 -0.3499 -0.3865 0.4771 291.31 10.75 55.19 0.14 -2.54 4.08 -0.9600 6.1400 -1.3900 3.5844 1.0122 0.3778 1.11 -6.08 7.61 171 306 188 190 163 
0.7849 -0.1991 -0.1925 0.5543 289.87 4.44 30.50 -1.83 3.39 11.28 -2.1100 7.7000 1.5200 -2.4589 -0.7356 -0.5478 1.33 -6.07 7.58 174 308 188 190 165 
0.7587 -0.2809 -0.3100 0.4993 294.50 12.69 55.00 4.52 -9.12 1.94 1.7800 -2.9200 -2.9500 -2.9378 -0.8778 -0.1822 2.65 -8.90 3.12 175 310 190 191 165 
0.6792 -0.4087 -0.4501 0.4111 298.31 16.12 75.25 2.48 -7.67 2.32 -0.2000 2.2200 0.2100 -0.8133 1.2878 -0.9200 3.11 -9.06 2.06 174 307 201 201 177 
0.7159 -0.4794 -0.4379 0.2567 331.75 26.19 82.69 3.44 -4.54 -0.14 -1.4300 3.6700 -0.8900 -3.1256 5.7578 -4.4778 6.46 -7.27 1.24 173 285 255 223 201 
0.7433 -0.5181 -0.3206 -0.2762 54.88 51.00 52.50 10.48 -5.26 5.38 2.3700 -1.8300 0.4600 0.0311 7.1367 -3.4133 5.77 -2.91 7.36 175 297 294 314 202 
;
