-0.7737 0.2882 0.3047 0.4747 63.06 48.13 13.88 7.15 -1.71 6.22 -0.1000 -0.0800 -0.1600 -0.0922 0.0322 0.0056 7.29 -1.62 6.34 177 312 313 310 216 
-0.7720 0.2940 0.3004 0.4767 63.44 48.06 14.56 7.32 -1.68 6.18 0.0000 0.0400 -0.1400 -0.0267 0.0000 -0.0044 7.29 -1.65 6.33 178 314 313 311 217 
-0.7715 0.2947 0.2996 0.4776 63.50 48.06 14.56 7.25 -1.66 6.41 0.0600 -0.0400 0.1200 -0.0400 0.0067 -0.0189 7.31 -1.64 6.32 178 313 314 311 217 
-0.7701 0.2969 0.3004 0.4780 63.63 48.25 15.06 7.56 -2.13 7.56 0.3600 -0.5300 1.5400 -0.4789 0.1711 0.2656 7.24 -2.00 6.29 177 313 314 310 216 
-0.7700 0.3295 0.2648 0.4778 64.12 45.13 24.94 8.11 -3.67 9.48 1.1900 -0.2000 3.0800 -2.6322 1.3622 0.8900 6.17 -4.48 6.15 178 313 315 314 216 
-0.7426 0.4355 0.0750 0.5033 70.00 29.87 47.31 5.20 -4.01 3.34 0.5800 2.6100 -2.4100 -2.8978 1.7200 0.5200 3.85 -7.61 4.83 178 314 321 335 219 
-0.6619 0.5134 -0.1450 0.5266 78.31 19.56 65.37 3.35 -6.90 2.08 0.2500 1.3700 -1.1800 -1.2944 0.5800 -0.0011 3.14 -8.75 3.09 178 316 324 338 220 
-0.6031 0.5559 -0.2211 0.5275 82.87 18.56 73.56 3.39 -9.23 0.69 0.2000 -0.4000 -2.1500 -0.4478 0.6956 0.0578 3.00 -9.02 2.38 177 317 324 337 219 
-0.5976 0.5331 -0.2450 0.5465 84.25 17.06 64.00 2.83 -4.03 7.49 0.0000 5.1200 5.3400 1.7767 -0.3878 -0.2300 3.18 -7.54 5.40 178 315 319 338 220 
-0.6430 0.4755 -0.1766 0.5738 84.00 18.62 63.50 3.15 -7.22 4.28 -0.4800 1.1600 0.0900 -3.2244 0.0333 0.1311 3.03 -9.08 2.11 176 317 325 341 219 
-0.5229 0.6058 -0.3012 0.5185 91.69 18.44 88.12 1.61 -10.02 -7.28 -0.9500 -0.9700 -6.5900 1.6900 0.3611 0.0667 3.09 -9.25 0.93 175 317 326 345 220 
-0.5510 0.5562 -0.2799 0.5556 89.56 17.81 71.81 4.99 -6.32 11.08 3.6200 2.3600 9.3500 0.4000 -0.2111 0.2111 2.92 -8.66 3.53 175 318 326 342 220 
-0.5866 0.5331 -0.2524 0.5549 86.44 17.19 73.69 1.91 -8.14 0.35 -1.1000 0.7500 -2.4100 -0.7956 -0.7078 -0.0567 3.02 -9.13 1.87 175 316 324 339 219 
-0.5651 0.5841 -0.2574 0.5228 85.19 19.44 78.44 2.90 -8.69 0.78 -0.6300 0.7700 -1.0800 0.9322 -1.3878 -0.7389 3.84 -8.77 2.08 176 316 322 327 217 
-0.5986 0.5999 -0.1426 0.5112 78.06 28.06 72.31 5.44 -5.56 0.74 0.7200 2.6800 -1.7800 2.6478 -1.6300 -0.5478 5.42 -7.30 3.66 175 307 313 302 212 
-0.7118 0.5211 0.0815 0.4639 65.19 38.56 53.63 7.58 -5.13 4.98 0.8900 0.6700 0.6000 2.7578 -0.8689 -0.8344 6.91 -4.66 5.15 175 306 311 294 209 
-0.7661 0.4003 0.2529 0.4346 57.75 48.50 31.94 7.98 -3.39 7.44 0.8500 -0.8400 2.8600 1.6033 -0.2344 -0.3589 7.59 -2.47 5.69 175 306 312 296 210 
;
-0.7897 0.3085 0.3239 0.4199 56.50 51.31 18.50 8.69 -1.64 6.17 1.0800 -0.0600 0.7600 0.0956 -0.2778 -0.4822 7.93 -1.57 5.54 174 308 314 298 212 
-0.7692 0.2994 0.3616 0.4337 58.94 54.94 14.00 8.74 -1.39 5.51 0.5300 -0.0600 0.1000 0.2822 0.0411 0.0533 8.04 -1.27 5.46 174 308 314 299 213 
-0.7736 0.2859 0.3716 0.4262 57.38 54.94 12.31 7.89 -1.17 5.67 -0.1900 0.0000 0.1200 0.1456 0.0022 -0.0178 8.01 -1.13 5.53 175 308 315 299 213 
-0.7778 0.2775 0.3745 0.4214 56.81 54.75 11.63 7.95 -1.17 5.57 0.0100 0.0000 0.0000 -0.0233 0.0300 0.0356 7.99 -1.16 5.55 175 307 314 300 213 
-0.7787 0.2794 0.3726 0.4205 56.69 54.50 12.25 8.33 -1.30 6.20 0.7300 -0.2300 1.5500 -0.3122 0.3044 0.2567 7.87 -1.49 5.64 174 308 314 303 213 
-0.7827 0.3081 0.3357 0.4241 57.44 51.06 20.94 8.84 -3.26 9.93 1.3900 -0.4800 3.2500 -2.7533 0.8900 0.8544 7.12 -3.74 5.60 175 311 317 311 215 
-0.7557 0.4380 0.1820 0.4517 62.81 39.19 46.69 7.01 -3.50 4.02 1.2100 2.6500 -1.2600 -3.1000 1.8733 0.9389 5.07 -7.09 4.47 176 316 325 336 220 
-0.6792 0.5424 -0.0679 0.4897 74.75 23.25 66.87 3.72 -6.03 0.77 0.4800 2.1600 -2.0100 -2.3044 1.2300 0.3200 3.30 -8.94 2.28 177 318 326 348 220 
-0.5722 0.5920 -0.2496 0.5097 85.37 17.69 81.06 1.66 -8.47 -4.24 -1.5500 0.3100 -6.5400 -0.0056 1.0167 0.2056 2.71 -9.31 1.43 176 320 327 350 219 
-0.5813 0.5153 -0.2820 0.5630 86.31 14.69 61.38 5.50 -2.93 16.30 6.0300 6.7800 14.0800 0.3600 -0.5511 0.2244 2.89 -7.47 5.64 176 318 322 340 220 
-0.6443 0.4741 -0.1857 0.5706 83.50 17.81 64.56 1.30 -7.25 1.69 -1.9000 0.9500 -4.4100 -3.5689 -0.0856 -0.3000 3.20 -9.16 1.39 175 318 326 347 219 
-0.5096 0.6091 -0.3026 0.5270 91.56 18.62 83.31 0.33 -9.53 -5.32 -2.5000 -0.2900 -5.1400 5.4978 0.6000 -0.3489 3.05 -8.28 4.25 177 317 323 343 220 
-0.6524 0.4427 -0.1299 0.6013 84.56 21.94 51.75 5.51 -5.73 9.84 1.4900 1.0300 3.1400 -2.0222 -0.8789 0.1867 3.70 -7.91 4.44 177 317 325 335 219 
-0.6227 0.5378 -0.1642 0.5442 80.19 21.87 69.56 3.55 -7.20 -0.82 -0.0200 1.3800 -4.0100 0.8822 -2.1056 0.9878 3.43 -8.71 2.91 175 312 319 322 217 
-0.7109 0.5571 -0.0872 0.4203 56.00 20.75 63.19 2.12 -6.05 2.70 -1.6200 1.9100 -1.4000 3.7778 -2.8622 0.1467 4.35 -6.82 5.53 173 300 309 305 213 
-0.8416 0.4041 0.1454 0.3275 42.19 33.25 38.38 6.64 -4.15 8.55 0.8000 0.2400 2.6900 2.1122 -1.1267 -0.9378 6.25 -3.54 6.66 167 290 292 290 208 
-0.8541 0.2783 0.2701 0.3466 45.06 42.44 19.94 8.78 -2.39 9.11 2.1200 -0.1300 2.6600 0.5456 0.6033 -0.6467 6.69 -1.74 6.95 167 293 300 296 211 
;
-0.8380 0.2365 0.3147 0.3779 49.13 45.56 12.75 6.97 -1.70 6.16 -0.0600 -0.1600 -0.4300 -0.2167 -0.3900 -0.2322 7.15 -1.52 6.53 168 296 302 299 212 
-0.8231 0.2497 0.3246 0.3933 51.19 47.13 13.19 7.74 -1.50 6.34 0.5800 0.0300 -0.0600 0.0356 0.0811 0.0644 7.21 -1.52 6.46 168 296 303 301 212 
-0.8224 0.2509 0.3288 0.3906 50.69 47.31 13.38 7.04 -1.68 6.55 -0.1300 -0.1000 0.1000 -0.0556 0.0278 0.0189 7.20 -1.57 6.46 169 297 304 301 212 
-0.8216 0.2559 0.3256 0.3918 51.31 47.38 14.38 7.51 -1.66 7.30 0.2600 0.0000 1.0600 -0.2800 0.1033 0.1044 7.18 -1.83 6.42 168 298 305 302 212 
-0.8179 0.2812 0.3094 0.3953 51.56 46.13 19.69 8.63 -3.44 11.21 1.7900 -0.4400 5.0400 -1.6389 0.2622 1.0989 6.54 -3.71 6.28 171 305 314 318 216 
-0.8140 0.3976 0.1691 0.3882 51.81 32.81 43.38 6.90 -2.32 5.21 1.5600 4.2600 -1.0500 -5.0722 3.3200 1.1600 3.39 -8.01 4.51 174 319 329 348 219 
-0.6676 0.5690 -0.1879 0.4419 72.87 12.69 80.25 2.60 -6.80 -2.26 0.8300 2.1200 -2.3400 -3.2589 1.9611 -0.0467 2.10 -9.52 -0.97 176 323 334 370 220 
-0.4449 0.6456 -0.4222 0.4550 92.81 12.31 102.94 2.11 -7.62 -5.82 -0.1800 1.7300 -3.5400 0.7500 -0.2567 -0.1467 2.21 -9.35 -1.91 176 325 337 374 220 
-0.4711 0.6254 -0.3937 0.4816 89.44 13.50 90.12 2.74 -8.46 -0.77 0.9600 1.6300 -0.4300 6.3633 -1.8244 -0.2322 2.66 -8.72 3.58 176 319 324 346 220 
-0.6773 0.4857 -0.1513 0.5315 75.56 18.19 59.06 4.36 -8.11 12.20 1.8800 0.4800 6.4000 -3.0111 -0.3044 0.0800 2.96 -8.79 3.16 175 319 328 346 219 
-0.5789 0.6012 -0.2609 0.4852 81.75 15.69 87.87 1.65 -8.73 -6.91 -1.4600 0.4500 -7.9800 -1.7656 0.7444 0.5678 2.25 -9.47 -1.13 174 319 332 354 220 
-0.5262 0.6187 -0.3445 0.4709 82.75 13.13 82.62 1.28 -8.39 1.08 -0.9700 0.6600 0.6600 6.3056 -1.0689 -0.7644 2.86 -8.03 4.83 176 318 327 342 220 
-0.6735 0.4695 -0.1544 0.5497 78.44 18.12 60.13 4.75 -6.50 5.96 1.6200 1.5900 1.1500 -2.6544 -0.4489 0.2567 3.06 -8.84 2.92 176 316 324 334 220 
-0.6083 0.5909 -0.2156 0.4839 75.19 17.87 78.62 2.00 -7.48 -3.29 -0.6100 1.9500 -5.1300 2.4600 -3.0900 0.0978 3.27 -8.90 2.47 175 308 314 315 217 
-0.7308 0.5608 -0.0293 0.3882 51.81 26.25 59.94 6.06 -3.52 5.40 1.3700 3.3400 0.8400 4.4022 -2.2389 -0.8489 5.66 -5.54 5.77 175 303 308 302 213 
;
-0.8376 0.3627 0.2446 0.3271 42.56 42.25 31.81 7.52 -3.50 9.68 1.5700 0.5000 3.7200 1.3756 -0.4978 -0.8667 6.97 -2.75 6.31 173 300 306 303 215 
-0.8409 0.2728 0.3246 0.3363 43.81 46.81 19.56 6.72 -3.54 9.46 0.0000 -1.1800 3.0000 -0.0544 -0.5411 -0.2244 7.21 -2.15 6.28 172 301 307 309 215 
-0.8361 0.2724 0.3192 0.3533 46.19 46.94 19.75 7.48 -1.88 5.48 0.1700 0.2400 -0.8500 -0.1711 0.0044 -0.1378 7.25 -2.25 6.20 172 302 307 310 216 
-0.8251 0.2816 0.3306 0.3615 47.31 48.75 19.69 7.53 -2.04 6.28 0.0800 -0.0600 0.2800 0.0644 -0.1044 -0.0067 7.41 -2.13 6.05 172 302 309 310 216 
-0.8237 0.2806 0.3350 0.3613 47.06 48.69 19.81 8.26 -3.96 10.03 1.0300 -1.7100 4.9300 -0.7144 0.9011 0.8744 6.78 -2.97 6.42 173 305 310 315 216 
-0.8417 0.3337 0.2315 0.3557 46.19 36.75 33.56 7.76 -2.38 9.31 3.0000 3.3200 1.7000 -4.1567 3.6511 0.8033 4.12 -6.50 6.07 174 314 317 328 219 
-0.7651 0.4907 -0.0526 0.4137 60.50 16.06 63.31 3.63 -4.54 1.14 1.1800 4.0200 -3.0700 -4.3844 2.1811 -0.0267 2.11 -9.43 1.64 175 318 325 344 220 
-0.5682 0.6238 -0.3017 0.4438 77.75 11.81 90.25 2.27 -8.14 -2.57 0.3800 1.0800 -2.0000 -0.4400 0.8478 0.0800 1.96 -9.59 -0.45 176 319 326 349 220 
-0.5098 0.6225 -0.3687 0.4656 86.44 11.88 91.56 0.78 -9.18 -4.87 -1.7100 -0.0500 -5.3500 3.0189 0.7889 0.1400 1.94 -9.47 1.60 176 316 325 351 220 
-0.6138 0.4774 -0.2682 0.5686 83.12 12.88 60.81 7.75 -3.82 16.98 3.3600 3.0900 9.9500 -1.4933 -0.3678 0.4544 2.10 -8.71 3.96 176 318 324 342 220 
-0.6053 0.5413 -0.2786 0.5128 80.87 12.44 80.69 0.39 -7.70 -1.43 -1.8400 1.2800 -3.0800 -3.8900 0.0556 -0.3122 2.24 -9.46 -1.26 174 318 325 349 220 
-0.4412 0.6779 -0.3956 0.4351 90.25 14.31 103.31 0.68 -9.02 -8.29 -1.3800 0.5200 -5.3900 4.1600 0.3922 -0.4522 2.75 -9.38 0.76 175 317 325 351 220 
-0.5837 0.5424 -0.2567 0.5471 83.31 17.87 65.62 9.07 -3.14 14.87 5.2500 4.0400 10.1500 -0.5956 -0.2444 0.3467 3.01 -8.54 3.75 176 315 323 335 220 
-0.6185 0.5699 -0.2017 0.5020 76.81 19.00 77.62 3.06 -8.11 -0.50 -0.2100 0.5800 -3.1300 -0.6022 -1.5644 0.1400 3.24 -9.20 0.94 175 309 316 319 216 
-0.6252 0.6447 -0.1614 0.4093 62.81 19.50 79.81 2.11 -7.43 -0.54 -1.0600 2.0200 -1.8200 3.7800 -1.4322 -0.3967 3.85 -8.27 3.59 175 306 310 311 215 
-0.7715 0.5100 0.0422 0.3780 50.94 29.19 53.00 5.76 -4.85 5.49 1.3100 1.2500 1.2700 2.8844 -1.2511 -1.1456 5.87 -5.16 5.91 174 304 307 307 213 
;
-0.8279 0.3592 0.2148 0.3734 48.06 39.19 29.81 6.79 -3.63 9.17 0.8800 -0.4200 2.6400 0.9567 -0.3533 -0.6111 6.54 -2.92 6.69 173 304 307 307 214 
-0.8401 0.2858 0.2723 0.3721 47.94 42.38 21.62 7.31 -2.92 7.46 0.5800 -0.3100 0.7100 -0.0667 0.0656 0.0378 6.68 -2.66 6.65 174 304 309 309 214 
-0.8361 0.2885 0.2787 0.3743 48.19 43.13 22.00 6.64 -2.61 6.59 -0.0500 -0.0100 0.0500 -0.0033 -0.0167 0.0144 6.69 -2.70 6.63 174 304 309 310 214 
-0.8364 0.2914 0.2771 0.3725 47.75 42.56 22.87 6.96 -3.38 9.18 0.5500 -0.7100 3.1400 -0.4533 0.4178 0.4756 6.35 -3.20 6.75 174 306 312 316 215 
-0.8416 0.3260 0.2251 0.3672 47.44 36.56 32.56 5.93 -4.31 9.33 0.2200 0.6600 2.2700 -2.6944 0.8489 0.6911 5.22 -5.76 5.97 174 311 314 324 218 
-0.7889 0.4752 0.0770 0.3820 52.75 27.12 55.50 5.55 -5.65 3.95 1.7200 2.5800 -0.8800 -3.7689 2.5778 1.0167 3.13 -8.65 3.38 176 317 322 343 220 
-0.6593 0.5986 -0.1899 0.4135 67.56 12.88 82.75 2.04 -6.66 -2.11 0.0100 2.5700 -2.7600 -2.4789 1.0356 0.0767 2.09 -9.55 -0.61 177 320 326 354 220 
-0.5110 0.6706 -0.3348 0.4208 81.44 13.19 98.31 1.32 -8.73 -6.11 -1.2500 0.5200 -4.9600 1.2422 0.4978 -0.2578 2.45 -9.48 -0.51 176 321 329 356 220 
-0.5558 0.5958 -0.3029 0.4944 81.50 15.00 76.31 5.10 -5.41 10.18 3.4600 3.9300 8.5500 0.8722 -0.4389 0.6389 2.46 -8.73 3.70 177 319 325 348 220 
-0.6432 0.5375 -0.2356 0.4918 74.56 12.81 74.94 1.48 -7.89 2.89 -0.6200 1.2100 0.5300 -2.8733 -0.0433 -0.1600 2.25 -9.53 0.48 177 320 327 350 220 
-0.5210 0.6643 -0.3142 0.4341 82.37 15.38 98.69 1.79 -9.62 -9.01 -0.6500 -0.3400 -7.4800 -0.2067 0.3500 -0.0600 2.80 -9.19 -1.92 175 322 329 356 220 
-0.4943 0.6638 -0.3295 0.4545 84.31 15.81 90.56 0.65 -8.69 -0.01 -2.9500 1.8700 0.8800 3.1667 0.3489 -0.1744 2.78 -9.04 2.57 177 320 329 353 220 
-0.6074 0.5422 -0.2267 0.5345 81.19 18.12 71.62 4.64 -6.55 4.02 0.7000 2.1500 -0.2600 -0.2522 -2.1156 -0.0222 3.35 -8.96 2.11 176 315 320 320 215 
-0.6412 0.6285 -0.1185 0.4241 61.56 23.75 78.37 4.21 -8.04 -0.80 -0.1900 1.1200 -2.4000 2.4733 -1.4511 0.0556 4.23 -8.39 2.77 173 302 310 296 210 
-0.7571 0.5549 0.0608 0.3393 46.69 30.00 60.25 3.00 -6.31 4.38 -1.7300 0.6300 -0.1000 2.9144 -1.2533 -1.5933 5.97 -5.76 5.21 174 304 311 299 212 
-0.8229 0.3922 0.2214 0.3463 46.19 40.56 35.06 7.53 -4.48 9.85 0.7200 -0.9100 3.5500 1.3511 0.2656 -0.4011 6.44 -3.23 6.64 174 304 310 300 212 
-0.8406 0.2895 0.2684 0.3708 48.50 42.75 21.75 8.15 -3.44 7.30 0.7200 -0.6700 0.2500 0.0644 -0.2333 -0.1500 6.82 -2.51 6.58 174 304 311 301 212 
;
-0.8306 0.2853 0.2916 0.3789 48.88 44.56 20.75 6.30 -2.90 6.56 -0.3600 -0.4400 0.0000 0.0500 -0.3500 -0.0567 7.04 -2.43 6.36 174 305 312 302 213 
-0.8274 0.2881 0.3051 0.3733 48.44 46.31 21.19 7.10 -2.68 6.27 0.1500 -0.2500 0.1700 -0.0278 -0.0200 0.0022 7.13 -2.45 6.26 173 307 311 302 213 
-0.8238 0.2928 0.3092 0.3742 49.00 46.63 21.62 6.75 -2.85 6.35 -0.3400 -0.3600 0.0100 -0.1089 0.0456 -0.0333 7.11 -2.53 6.25 174 307 311 303 213 
-0.8217 0.3013 0.2997 0.3797 50.00 46.19 23.12 7.33 -3.08 6.84 0.4800 -0.3900 1.3000 -0.4356 0.2300 0.1344 6.97 -2.91 6.24 174 308 313 307 214 
-0.8189 0.3303 0.2657 0.3870 50.56 42.63 29.12 7.04 -4.80 9.96 0.6800 -0.7200 2.8700 -2.1522 0.9211 0.8300 5.86 -5.02 6.04 174 310 316 315 216 
-0.8000 0.4351 0.1253 0.3936 53.31 29.81 49.50 5.35 -5.57 4.30 1.2200 1.6800 -0.9300 -2.9500 2.0044 0.8633 3.69 -7.89 4.49 175 312 318 323 218 
-0.7125 0.5530 -0.1113 0.4174 63.44 15.06 72.00 2.35 -7.00 -0.02 -0.0800 2.1600 -2.6000 -2.9111 1.4611 0.2544 1.98 -9.56 0.86 175 315 324 337 219 
-0.5636 0.6349 -0.3094 0.4283 75.56 11.13 91.25 1.70 -8.65 -3.03 -0.1600 0.9600 -2.2600 -0.4033 0.5800 -0.0800 1.95 -9.59 -0.56 176 317 326 346 220 
-0.5258 0.6336 -0.3487 0.4478 81.50 11.69 92.44 1.20 -9.75 -3.08 -1.0800 -0.1400 -2.9200 1.2200 0.2189 -0.5033 2.23 -9.54 0.30 176 317 325 345 220 
-0.5684 0.5829 -0.2968 0.4991 80.94 14.81 74.50 3.92 -6.95 5.81 2.1500 3.8800 5.5100 2.1078 -0.7111 0.0878 2.79 -8.31 4.38 177 315 320 342 219 
-0.6599 0.5081 -0.2009 0.5157 75.44 14.25 68.87 2.38 -8.30 3.92 -0.0900 0.7800 0.4400 -2.8422 0.0544 0.4756 2.08 -9.46 1.51 175 316 321 346 220 
-0.5592 0.6246 -0.3149 0.4449 78.62 11.81 92.87 0.57 -9.64 -9.62 -1.3400 -0.2800 -8.8100 0.5500 0.4100 -0.0522 2.12 -9.55 -0.66 175 317 325 350 220 
-0.5632 0.5978 -0.3118 0.4777 80.25 13.00 76.94 1.39 -7.23 3.57 -1.3600 3.7600 4.0600 3.9344 -1.3844 0.0044 2.57 -8.08 4.92 177 316 323 341 219 
-0.6833 0.4722 -0.1646 0.5320 75.62 16.75 61.75 4.26 -7.11 4.81 0.0700 0.8500 -1.3200 -2.1244 -1.6089 -0.0011 3.23 -8.89 2.55 176 311 317 327 218 
-0.6343 0.6053 -0.1627 0.4526 68.69 20.50 76.75 3.16 -7.69 -1.65 0.3800 1.8100 -3.8100 1.9722 -2.4889 -0.1656 4.05 -8.49 2.75 176 311 316 325 217 
-0.7413 0.5630 0.0288 0.3642 50.13 28.25 63.19 3.28 -7.32 3.60 -2.1500 0.3200 -0.5700 3.7689 -1.6833 -0.8467 5.81 -5.91 5.22 175 306 311 302 213 
-0.8241 0.3927 0.2630 0.3123 41.94 45.50 35.56 9.38 -3.58 8.66 1.7500 0.3400 3.3800 2.2700 -0.1078 -0.5467 7.28 -2.54 6.05 174 305 310 300 212 
;
