0.7553 0.1641 -0.4182 -0.4772 64.50 28.31 -47.31 4.71 6.29 5.90 0.0100 -0.0400 0.0200 -0.0022 0.0100 0.0000 4.65 6.34 5.84 187 274 229 269 172 
0.7553 0.1641 -0.4182 -0.4772 64.56 28.31 -47.31 4.79 6.14 5.89 0.0500 -0.1700 0.1100 -0.1478 0.0367 0.1322 4.69 6.25 5.91 185 280 234 268 168 
0.7649 0.1473 -0.4127 -0.4722 62.63 31.44 -42.88 6.14 6.98 11.28 0.5900 3.1900 5.3700 -2.0733 -2.7500 2.3756 6.95 3.91 5.70 190 264 318 357 207 
0.7851 -0.0985 -0.4311 -0.4337 57.44 49.44 -8.25 9.42 4.25 8.56 2.9900 4.9800 0.9500 -6.3633 2.9011 2.1889 5.97 -3.26 7.05 190 291 338 404 208 
0.7692 -0.4203 -0.0139 -0.4811 67.87 17.81 55.63 3.18 -1.47 -1.50 -0.0400 5.9200 -6.0700 -6.0789 3.0556 0.2756 1.52 -9.59 1.36 190 306 339 415 208 
0.4995 -0.5982 0.4131 -0.4713 90.37 9.13 97.81 2.20 -8.33 -4.30 0.9200 1.2000 -2.8100 -1.5722 0.1211 -0.6289 2.01 -9.22 -2.63 192 311 341 418 208 
0.3942 -0.6570 0.4630 -0.4455 96.19 12.88 107.12 1.26 -8.43 -12.50 -1.5200 0.0500 -8.3900 7.2056 1.4767 0.5089 2.09 -9.54 0.86 195 318 344 422 205 
0.5505 -0.5287 0.3452 -0.5462 89.44 11.31 81.94 2.78 -9.75 7.91 0.6600 0.7500 6.0900 -4.1044 -0.8200 -0.3322 2.21 -9.39 -1.75 194 320 347 422 206 
0.3826 -0.6964 0.4473 -0.4107 95.37 13.13 118.37 -1.98 -2.15 -16.93 -4.7500 4.1900 -12.7200 1.1100 0.6856 0.4644 2.13 -8.54 -4.30 193 318 346 423 206 
0.4298 -0.6309 0.4283 -0.4835 97.25 14.31 87.56 1.35 -7.95 8.40 0.6800 5.9600 16.2700 3.8000 -1.1467 0.0044 2.57 -8.86 3.30 194 313 345 424 207 
0.5450 -0.5496 0.2862 -0.5647 90.25 19.62 78.69 1.81 -7.93 -0.75 1.4900 1.2000 -1.5500 -0.2189 -2.7067 -0.4289 4.02 -8.92 0.58 191 316 345 421 209 
0.6128 -0.6599 0.1041 -0.4222 62.25 25.25 78.31 6.20 -9.66 3.92 3.7700 -2.6100 5.2200 5.3533 2.0911 1.7622 3.02 -7.86 5.01 193 372 349 438 206 
0.8013 -0.4624 0.1031 -0.3654 48.00 8.06 59.56 0.40 -8.39 7.30 0.2800 1.0900 2.5200 -3.0711 0.4989 0.6878 0.83 -9.23 3.18 194 389 354 441 207 
0.7014 -0.6025 0.2277 -0.3053 48.00 1.75 85.94 0.47 -6.33 -1.09 0.5700 3.0200 -2.0200 -3.4056 -0.8611 -0.0300 0.17 -9.55 -2.21 195 390 357 442 206 
0.5474 -0.7531 0.2955 -0.2145 41.56 -0.56 108.56 0.58 -6.86 -5.57 0.2800 2.5600 -2.4800 1.3556 0.0422 0.0478 -0.22 -9.52 -2.33 191 374 353 417 207 
0.6343 -0.7000 0.2462 -0.2169 36.63 1.00 88.19 2.68 0.35 -6.41 2.7700 10.9400 -7.1600 8.0433 -0.9767 -1.1889 1.25 -8.15 5.30 186 353 349 422 207 
0.9204 -0.2781 -0.0414 -0.2717 30.00 15.50 14.94 14.29 10.59 29.17 4.7300 9.6500 22.9200 4.0500 3.6422 2.8378 1.44 1.46 9.58 189 359 351 427 210 
0.9841 0.0477 -0.1007 -0.1382 17.75 12.19 -2.06 2.85 2.49 13.04 0.8800 3.0300 1.8900 -4.0867 0.6922 -1.0578 1.94 -2.27 9.33 190 352 349 412 213 
0.9443 -0.2249 -0.0732 -0.2288 29.19 15.13 29.37 3.06 -0.86 3.84 0.1300 4.2800 -4.1200 -3.9556 -0.4489 -1.1978 3.21 -6.53 6.56 188 313 279 302 202 
;
