0.6719 0.1177 -0.0613 0.7287 265.37 14.44 -4.25 2.27 0.85 9.39 -0.0900 0.1000 -0.0500 -0.0589 -0.0244 0.1133 2.44 0.67 9.47 170 335 349 379 215 
0.6700 0.1154 -0.0638 0.7305 265.25 14.81 -3.50 2.67 0.19 9.73 -0.1500 -0.3900 0.2300 0.1078 0.0356 -0.1044 2.49 0.66 9.46 165 333 355 380 214 
0.6724 0.1158 -0.0613 0.7285 265.06 14.50 -3.69 2.67 0.71 9.46 0.2800 0.1300 0.0200 -0.1989 -0.1489 0.0767 2.58 0.44 9.44 174 315 342 372 215 
0.6644 0.1196 -0.0912 0.7321 262.31 20.87 0.37 1.21 9.08 11.95 -0.3600 9.2200 -0.3200 -1.2767 -7.2411 1.5378 7.20 -1.50 6.48 173 269 245 267 202 
0.5079 0.3049 -0.3940 0.7028 249.25 61.63 35.19 6.40 -6.35 1.43 -3.7500 -4.6000 -1.6300 0.1378 -9.2122 0.9167 8.76 -3.43 -2.75 173 256 237 275 193 
0.1788 0.6086 -0.6166 0.4662 218.12 47.50 147.75 7.23 -6.88 -6.07 0.8700 -3.7200 -1.2100 0.1200 -1.9633 0.0122 6.31 -3.58 -6.59 181 282 273 321 218 
0.0981 0.6493 -0.6365 0.4046 204.12 41.44 145.19 13.54 -8.94 -13.08 4.8400 -2.3300 -5.2100 4.2656 -1.5344 3.8056 4.36 -7.37 -4.76 193 310 287 347 218 
-0.2034 0.5337 -0.6055 0.5543 137.75 21.25 96.31 -3.82 0.28 3.65 -5.8200 9.0000 0.7800 0.2956 0.6322 -0.0444 3.79 -9.01 0.65 196 377 333 384 217 
-0.2327 0.4564 -0.4995 0.6987 143.94 24.50 84.62 2.01 -2.97 2.15 -1.9700 6.0800 1.6500 -1.0311 0.9011 -0.8167 4.57 -8.65 0.56 194 355 284 377 219 
-0.1028 0.4567 -0.5435 0.6967 172.62 34.13 93.94 17.86 -7.82 -2.43 13.8200 -0.6500 -0.4200 -4.1078 6.6678 1.1111 5.27 -8.25 -0.37 144 289 322 354 217 
0.1850 0.0836 -0.7250 0.6581 211.94 17.56 96.44 0.52 -7.64 -7.88 -2.4400 2.4900 -6.5400 -3.3089 3.5167 4.4789 -0.03 -9.24 -3.27 158 319 336 380 219 
0.1599 -0.3017 -0.7777 0.5279 217.19 -3.81 111.81 -3.98 -4.11 -11.54 -2.6000 6.0500 -8.6100 3.6956 0.6222 -1.0144 0.17 -9.75 -1.02 171 332 336 398 217 
0.2803 -0.1981 -0.6188 0.7066 220.44 5.69 69.81 5.48 4.52 -3.15 5.1800 14.6500 -5.4000 9.7989 -0.4300 1.3089 1.00 -4.92 8.41 178 347 345 393 217 
0.2363 0.0394 -0.0916 0.9666 206.31 9.13 5.69 0.91 1.59 23.80 -1.3800 0.6400 9.5400 -0.7989 -1.0800 -0.4344 2.60 -1.25 9.37 176 349 342 386 219 
0.2537 0.1204 -0.1224 0.9520 212.25 17.00 11.63 -0.56 -2.43 8.56 -4.2100 -1.1500 -1.7900 -0.8144 0.2022 -2.6156 2.98 -2.04 9.11 173 312 329 352 217 
;
