0.8242 0.0751 -0.3670 -0.4249 54.50 32.75 -31.19 5.24 4.27 7.06 -0.0400 0.0200 0.0000 0.0000 0.0089 -0.0022 5.30 4.27 7.05 182 334 325 355 212 
0.8242 0.0751 -0.3669 -0.4249 54.50 32.75 -31.19 5.26 4.25 7.09 -0.0300 0.0000 0.0200 0.0000 0.0033 -0.0022 5.30 4.27 7.05 182 334 322 354 213 
0.8241 0.0750 -0.3671 -0.4248 54.50 32.75 -31.19 5.29 4.28 7.08 -0.0500 -0.0100 0.0300 0.0033 0.0133 -0.0033 5.30 4.27 7.05 181 332 324 355 213 
0.8241 0.0750 -0.3671 -0.4249 54.50 32.75 -31.06 5.35 4.49 7.49 -0.2800 0.4400 0.8800 -0.8300 -0.3633 0.3933 5.53 3.79 7.14 179 318 319 330 211 
0.8287 0.0055 -0.3604 -0.4282 54.63 37.88 -19.62 6.19 2.84 8.14 0.1100 0.6500 1.2100 -1.5833 -2.2800 0.9444 7.15 1.25 6.58 180 322 322 349 213 
0.7824 -0.1996 -0.4286 -0.4053 54.63 64.19 3.37 9.17 -0.84 2.44 -0.1200 -0.0700 -0.7500 -1.5033 -7.6911 1.7800 9.59 -1.75 -1.02 180 307 309 364 218 
0.4647 -0.5154 -0.7000 -0.1685 30.00 42.19 158.75 6.48 -1.98 -6.42 -0.4600 0.9500 0.4600 -0.3189 -2.7633 1.2589 3.77 -2.96 -8.55 178 301 305 337 219 
0.2323 -0.6149 -0.7532 0.0237 79.12 17.00 158.50 3.59 -6.03 -10.79 0.8700 -2.2400 -1.8300 1.6856 -0.1867 0.8556 2.38 -4.58 -8.33 180 312 316 353 220 
0.2759 -0.6287 -0.7134 0.1403 83.44 11.88 142.06 2.79 -5.51 -7.54 -0.4300 0.9900 -0.0100 3.3089 1.3389 0.4067 2.44 -7.73 -5.51 198 360 342 422 217 
0.4983 -0.5596 -0.6002 0.2798 300.81 16.75 106.31 1.75 -4.85 -0.80 -1.2400 4.1400 1.7600 0.5522 0.3556 0.1611 2.78 -9.19 -1.98 198 384 357 425 216 
0.5515 -0.5301 -0.5607 0.3170 300.44 16.50 101.62 1.47 -5.84 -0.48 -0.9000 3.0600 1.2100 -0.3856 0.0833 -0.4344 3.03 -9.08 -2.11 196 378 352 425 218 
0.5503 -0.5341 -0.5783 0.2782 309.25 21.25 106.00 3.17 -7.04 -1.93 -0.7000 1.2300 1.0800 -2.0767 0.0933 -0.8056 4.23 -7.99 -3.78 186 299 282 284 204 
0.4899 -0.5783 -0.6385 0.1336 333.62 28.44 128.31 4.98 -6.24 -5.01 -0.2200 0.0800 -0.9600 -2.7656 -1.2900 -0.2344 4.30 -5.29 -7.04 150 272 232 232 176 
0.3289 -0.6289 -0.7041 0.0236 83.31 26.44 152.81 5.53 -5.79 -12.39 0.3600 -2.0100 -4.2800 0.7578 0.3033 -0.3089 4.67 -4.09 -7.58 147 285 206 213 163 
0.3834 -0.6028 -0.6996 0.0115 351.19 32.81 140.75 5.13 -4.31 -11.51 0.5300 1.1900 -4.8600 4.5333 0.2322 -0.2944 5.44 -6.87 -4.38 136 341 213 215 163 
0.5589 -0.4314 -0.6668 0.2386 309.56 32.13 103.50 5.77 -2.92 2.95 0.5600 5.2000 4.2600 3.2856 -1.1011 0.5678 4.85 -8.51 0.12 154 376 221 220 165 
0.5970 -0.2798 -0.6142 0.4337 286.19 29.56 82.06 6.02 -5.53 6.99 1.6200 2.1000 4.8200 -0.5800 0.2100 0.0589 4.78 -8.51 0.89 167 392 225 222 167 
0.5728 -0.2879 -0.6345 0.4318 284.81 27.69 91.94 4.97 -9.46 -3.18 0.0600 -1.0900 -3.4100 -0.3222 0.0067 0.2578 4.35 -8.75 -0.74 169 395 225 219 169 
0.5594 -0.3036 -0.6406 0.4296 284.87 27.87 86.75 4.15 -5.98 1.67 -1.6400 2.8000 1.3800 0.5456 -0.4456 -0.3100 4.87 -8.39 1.36 170 398 229 229 171 
0.5991 -0.2593 -0.6104 0.4488 288.37 29.75 82.50 4.84 -6.89 3.00 0.6100 1.6300 2.6100 -1.5411 -0.1478 0.3278 4.68 -8.60 0.25 170 323 238 235 177 
;
