0.6945 0.0563 -0.1039 0.7097 268.75 12.94 4.06 2.23 -0.76 9.52 0.0700 -0.0700 0.0100 0.0056 0.0067 -0.0056 2.19 -0.68 9.53 161 326 352 373 212 
0.6945 0.0562 -0.1041 0.7097 268.75 12.94 4.06 2.28 -0.77 9.51 0.0300 -0.0600 0.0000 -0.0033 0.0044 -0.0033 2.19 -0.68 9.53 162 328 350 372 212 
0.6946 0.0559 -0.1043 0.7097 268.75 12.94 4.12 2.26 -0.73 9.54 0.0600 -0.0600 0.0100 -0.0078 0.0044 -0.0011 2.19 -0.69 9.53 162 327 352 374 213 
0.6946 0.0557 -0.1045 0.7096 268.75 12.94 4.12 2.33 -0.81 9.55 0.1000 -0.0900 0.0400 0.0022 0.0178 0.0044 2.19 -0.69 9.53 160 324 349 366 213 
0.6935 0.0581 -0.1089 0.7098 267.50 16.69 4.75 0.88 2.58 14.20 -4.1900 6.6900 0.4100 -0.5644 -7.6178 1.9911 7.04 -1.47 6.66 170 267 238 247 194 
0.4694 0.4092 -0.4251 0.6569 241.94 77.56 97.06 9.26 -4.30 -7.34 0.9200 0.2000 -3.0200 1.2400 -8.2922 1.2011 6.59 -3.35 -6.43 172 266 262 302 212 
0.0535 0.7258 -0.5865 0.3555 257.37 32.56 157.25 5.95 -4.94 -6.69 -0.1700 -2.1400 0.6400 -0.6444 -0.0911 -0.5111 5.18 -2.58 -7.91 180 280 295 346 221 
0.0781 0.7556 -0.5811 0.2921 254.56 32.31 165.50 9.70 -2.60 -17.38 5.3300 -2.8000 -9.4400 1.6911 0.4867 0.4778 5.36 -2.69 -7.75 187 299 315 362 222 
-0.0044 0.7346 -0.5656 0.3748 163.81 31.50 139.87 9.41 -5.04 -8.87 -2.8200 -0.8000 -2.2100 6.5867 3.0911 1.6689 4.84 -8.21 -2.26 199 378 338 401 211 
-0.2538 0.5165 -0.4401 0.6893 139.19 28.75 82.00 0.67 1.57 -1.85 -4.1600 9.5600 -2.9600 -0.0256 0.9044 -0.7733 5.09 -8.25 1.44 200 386 354 410 215 
-0.2142 0.4955 -0.4149 0.7324 148.81 34.06 78.44 2.92 -4.24 1.81 -3.0900 3.3400 -0.1800 -1.0411 0.0156 -0.9733 5.98 -7.67 1.21 199 354 346 406 218 
-0.1192 0.5333 -0.4303 0.7185 165.44 44.50 88.25 8.19 -7.69 -1.07 0.9800 -2.9700 -1.9100 -1.6400 -0.7256 -1.7822 7.74 -5.93 -0.94 167 326 327 313 203 
0.0227 0.6253 -0.4280 0.6522 185.62 57.94 106.00 14.57 -12.29 -3.26 5.9500 -7.2700 -2.9800 2.1967 0.6700 -0.4300 8.58 -4.70 -0.51 139 377 181 198 154 
-0.0133 0.6108 -0.3158 0.7260 173.94 61.19 74.50 8.53 -4.90 -0.72 -0.8600 -0.2000 -3.4300 4.0256 1.9533 -0.5078 8.34 -3.35 3.91 97 388 184 194 148 
-0.1227 0.4963 -0.0804 0.8557 161.62 54.06 19.00 5.03 1.11 3.32 -2.6400 3.0700 -2.0300 2.7144 0.9500 -0.1433 7.37 -0.29 6.45 102 395 187 198 150 
-0.1987 0.3853 0.0918 0.8965 154.19 45.38 -2.12 3.51 2.85 8.16 -3.1200 0.7200 -0.9300 -0.5189 -0.1922 -0.3633 6.77 0.15 7.09 110 402 184 208 160 
-0.1589 0.3588 0.0551 0.9182 162.50 41.13 2.06 7.12 -1.64 4.04 -0.5700 -1.0600 -3.1300 -1.5278 0.8878 -0.9267 5.92 -0.96 7.75 118 412 207 225 170 
-0.0569 0.3281 -0.0511 0.9415 172.94 38.00 10.69 4.44 -3.95 10.29 -1.5400 -2.2500 2.9000 -0.3644 -0.4200 0.0467 6.31 -1.70 7.30 123 418 217 228 170 
-0.0641 0.3653 -0.0795 0.9252 170.87 43.31 17.06 0.00 -0.35 8.14 -7.5200 2.0800 0.1200 -2.7000 -0.4111 1.0900 7.01 -3.48 5.89 145 335 228 236 179 
-0.0109 0.4318 -0.2022 0.8790 190.31 51.44 27.75 9.09 -1.08 6.11 1.5300 -0.1600 0.0000 -3.0522 5.8378 -7.6056 6.16 -0.43 7.61 172 304 303 328 206 
;
