0.6882 -0.0937 -0.0054 -0.7194 92.50 8.13 7.06 1.17 -1.20 9.68 -0.1500 0.0300 0.0400 -0.0756 0.0211 0.0078 1.36 -1.25 9.62 170 320 350 377 220 
0.6889 -0.0956 -0.0008 -0.7186 92.37 7.87 7.69 1.20 -1.31 9.71 -0.1100 0.0300 0.0200 -0.0633 0.0011 0.0100 1.34 -1.33 9.62 170 321 351 377 219 
0.6890 -0.0981 0.0024 -0.7181 92.37 7.87 8.06 1.16 -1.35 9.66 -0.0200 0.0400 0.0000 -0.0489 -0.0089 -0.0022 1.42 -1.44 9.59 168 304 343 373 220 
0.6920 -0.1252 0.0030 -0.7110 90.50 10.69 11.31 1.64 0.63 10.37 1.7900 3.3800 1.6900 -0.3511 -3.8900 1.5900 4.06 -2.53 8.55 171 290 285 305 220 
0.7260 -0.3317 -0.1837 -0.5738 73.62 54.13 26.00 5.53 -3.91 1.70 -1.0000 -2.1300 -3.4900 1.7922 -12.3156 -0.7122 9.18 -1.94 -2.84 151 227 223 255 218 
0.4305 -0.5554 -0.6871 -0.1850 38.25 45.50 159.56 9.93 -2.18 -5.07 3.2000 -0.3400 0.5200 0.4822 -2.0989 0.2767 5.56 -2.78 -7.58 153 244 226 281 219 
0.3080 -0.5750 -0.7576 -0.0237 75.56 26.81 155.37 8.39 -7.79 -12.44 3.0000 -3.7400 -4.3900 2.4144 -0.8900 1.8311 3.52 -5.35 -7.41 180 318 299 356 224 
0.3984 -0.5987 -0.6720 0.1767 310.12 19.94 121.00 1.66 0.05 -1.26 -4.1100 7.7400 3.3500 2.0044 1.1789 0.4833 3.61 -8.88 -2.04 191 387 352 382 217 
0.5847 -0.5246 -0.5538 0.2761 309.50 20.81 99.12 2.30 -3.91 -0.05 -0.9600 5.0500 1.4600 0.0489 0.0811 -0.1089 3.55 -9.03 -1.37 194 378 339 380 219 
0.5980 -0.5231 -0.5499 0.2576 314.56 23.75 100.31 5.09 -6.70 -1.95 1.0800 1.5300 0.3600 -0.4778 -0.3389 -0.4433 4.21 -8.61 -2.07 158 264 172 177 185 
0.5646 -0.5108 -0.5976 0.2512 311.00 23.87 106.19 7.22 -10.91 -2.35 -0.5100 -2.3200 -3.3400 0.7400 -1.5144 0.4878 3.57 -8.67 -2.85 101 213 147 169 167 
0.5466 -0.5306 -0.5873 0.2732 305.44 20.19 103.56 3.40 -9.03 -1.95 0.1200 -0.0200 0.2100 1.3467 -0.0767 0.1789 3.27 -9.14 -1.33 100 281 152 172 166 
0.5856 -0.4847 -0.5550 0.3377 298.25 18.19 93.19 4.84 -12.29 -0.34 2.6100 -4.3000 -1.3400 1.9233 -0.2111 0.8467 2.57 -9.43 0.74 103 283 168 176 167 
0.6390 -0.4144 -0.4650 0.4514 288.50 10.88 70.37 2.69 -9.34 1.66 -0.5300 0.7000 -1.2900 3.8989 1.3078 0.6656 0.77 -7.62 6.11 110 285 172 180 168 
0.7391 -0.2850 -0.2377 0.5621 285.31 1.12 41.19 -1.54 1.63 6.97 -1.5900 7.9300 -0.1500 0.2722 -0.2000 -0.3656 0.34 -6.10 7.66 113 290 176 181 171 
0.7582 -0.2695 -0.2440 0.5413 290.69 6.56 46.44 -0.54 -1.70 5.70 -1.2700 4.9800 -0.9800 -4.2556 -0.3256 -2.3467 2.54 -8.40 4.36 122 279 180 185 181 
0.7433 -0.4323 -0.4286 0.2773 335.06 30.37 77.94 9.70 -4.67 -0.25 4.5600 1.9400 -2.2500 -3.8344 6.4456 -6.6378 7.58 -5.72 2.41 160 282 234 258 211 
0.7620 -0.4159 -0.3060 -0.3907 65.69 45.00 25.25 7.16 -3.35 7.82 -0.0800 -0.9600 2.8200 0.4189 6.9322 -3.1600 2.71 -1.14 9.35 178 347 319 376 209 
;
0.7023 -0.0573 -0.0552 -0.7074 91.56 8.06 -2.06 12.08 12.46 26.67 -1.9700 1.1300 23.3300 -1.4156 -1.4067 0.1133 1.23 0.02 9.72 175 362 354 399 214 
0.6896 -0.0477 -0.0468 -0.7211 92.50 8.13 -0.06 1.06 0.01 9.79 -0.4400 -0.0800 0.1200 -0.0800 -0.0811 0.0178 1.45 -0.06 9.69 173 359 353 398 216 
0.6892 -0.0599 -0.0486 -0.7205 92.50 8.94 0.88 1.35 -0.16 9.85 -0.1300 0.0300 0.0600 -0.1467 -0.1622 -0.0189 1.63 -0.25 9.66 173 349 350 391 216 
0.6875 -0.0787 -0.0464 -0.7204 92.37 10.44 3.00 3.66 0.85 11.34 2.2600 1.8000 2.4400 -0.1044 -0.7500 1.0567 2.00 -0.79 9.56 160 290 312 331 218 
0.7389 -0.1488 -0.0682 -0.6536 78.94 25.19 10.81 3.07 -2.83 7.58 -2.3900 -0.7000 -0.6400 -0.4233 -10.4778 2.4733 8.42 -3.14 3.90 168 262 268 290 217 
0.5994 -0.5468 -0.5095 -0.2866 42.75 58.13 137.44 8.58 -2.01 -2.78 0.2600 0.8100 2.7600 -0.4322 -3.9000 -0.6167 6.19 -2.96 -6.99 168 245 261 300 220 
0.3127 -0.6014 -0.7320 -0.0687 78.44 30.06 161.06 11.22 -6.11 -14.29 6.5400 -3.6200 -5.9300 1.7100 -0.6822 1.1467 3.96 -3.87 -8.08 176 275 283 340 223 
0.3399 -0.6129 -0.7028 0.1219 315.44 18.06 137.37 1.20 -4.67 -5.16 -1.5800 3.1200 0.6200 4.4256 1.8156 0.3111 3.10 -8.43 -3.92 192 377 334 379 216 
0.5620 -0.5443 -0.5620 0.2685 309.12 19.87 101.19 2.13 -3.64 -0.27 -1.4400 5.4700 1.6100 0.3356 0.0822 -0.0567 3.37 -9.09 -1.45 195 385 350 389 217 
0.5953 -0.5327 -0.5402 0.2645 313.37 22.00 99.94 4.15 -6.32 -1.17 0.8300 2.1200 0.5000 -0.9111 0.2567 -0.6489 4.11 -8.65 -2.05 192 316 270 259 212 
0.5800 -0.5452 -0.5703 0.2029 319.25 25.56 107.37 5.46 -8.88 -2.39 1.5800 -1.8100 0.9300 -0.5033 -0.4033 0.2044 3.91 -8.40 -3.18 114 230 149 174 172 
0.5245 -0.5486 -0.6082 0.2325 310.06 21.87 110.94 4.20 -10.77 -3.39 0.3100 -2.7700 -0.9000 0.3656 -0.2422 0.1678 3.49 -8.60 -3.15 103 255 159 176 170 
0.5339 -0.5308 -0.5998 0.2710 305.25 20.50 106.12 5.81 -11.26 -3.28 2.7800 -2.4300 -1.4200 2.2678 -0.1144 0.6056 3.09 -9.24 -1.03 105 281 169 181 169 
0.6093 -0.4544 -0.5240 0.3842 294.69 16.44 81.44 6.48 -9.92 -0.73 3.1900 1.2200 -2.5600 4.3144 1.8956 0.0789 2.39 -8.33 4.57 111 293 176 186 170 
0.7634 -0.3088 -0.3004 0.4813 295.06 5.94 45.31 -3.71 -0.10 6.72 -5.0300 6.2400 -0.0800 1.3589 0.5667 0.6000 0.12 -6.04 7.72 114 298 180 184 172 
0.7905 -0.2690 -0.1912 0.5160 293.87 3.44 41.06 -1.64 -0.81 6.27 -1.9000 6.0800 -1.5600 -3.3189 -1.7033 -1.1911 2.15 -7.97 5.28 116 299 180 187 173 
0.7133 -0.3641 -0.4367 0.4098 303.50 22.37 75.19 9.71 -6.71 0.09 5.9700 2.6300 -1.2200 -5.0744 1.7844 -2.9678 5.57 -8.06 -0.33 152 290 207 222 205 
0.6927 -0.4903 -0.5287 -0.0139 23.06 56.44 84.37 8.31 -6.60 -1.75 -0.6100 -0.5200 -1.4600 -1.6044 7.5111 -4.3556 7.97 -2.94 4.88 169 312 276 341 210 
;
