0.6999 0.0589 -0.1585 -0.6939 89.50 8.00 -17.75 1.30 2.89 9.22 -0.0600 -0.0600 0.0000 0.0111 -0.0122 0.0011 1.38 2.96 9.24 170 308 299 341 183 
0.6999 0.0582 -0.1591 -0.6939 89.50 8.19 -17.75 1.33 2.93 9.17 -0.0300 -0.0100 -0.0100 -0.0089 -0.0078 0.0078 1.40 2.96 9.24 169 308 299 341 183 
0.6998 0.0576 -0.1597 -0.6939 89.50 8.19 -17.75 1.29 2.90 9.23 -0.0100 -0.0600 -0.0100 -0.0022 -0.0044 0.0022 1.40 2.96 9.24 170 307 300 342 182 
0.6999 0.0578 -0.1593 -0.6938 89.50 8.19 -17.75 1.36 2.90 9.20 -0.0400 -0.0400 -0.0400 0.0000 -0.0078 0.0133 1.40 2.96 9.24 170 308 299 340 183 
0.7004 0.0576 -0.1594 -0.6934 89.31 8.25 -17.69 1.41 2.91 9.27 0.0300 0.0000 0.0800 -0.0133 -0.0311 0.0722 1.46 2.94 9.23 169 307 295 334 180 
0.7089 0.0482 -0.1670 -0.6835 85.87 12.00 -17.19 3.39 3.76 14.01 0.7000 1.3900 4.7600 -0.6400 -2.0733 1.3356 3.78 2.15 8.78 168 317 295 330 205 
0.7296 -0.1384 -0.2677 -0.6140 80.06 45.38 -5.44 5.16 -0.63 3.92 -2.1900 -0.6600 -2.9300 -0.8389 -9.5411 1.3844 9.75 -0.66 0.73 169 289 273 303 212 
0.4583 -0.5578 -0.6084 -0.3298 66.06 54.88 166.94 6.48 -0.30 -5.89 0.4900 1.1600 0.7000 0.2811 -3.4678 0.4867 5.57 -1.73 -7.87 163 278 270 304 210 
0.2634 -0.6437 -0.7111 -0.1028 84.44 28.25 166.81 4.00 -1.78 -8.95 -0.1900 -0.0200 -0.8600 0.4167 -0.8667 0.2689 4.01 -2.27 -8.65 166 285 272 311 210 
0.2366 -0.6583 -0.7141 -0.0283 85.81 20.81 160.62 5.79 -5.63 -11.11 2.0200 -2.0700 -2.6200 2.7756 0.5778 1.2778 3.44 -5.10 -7.63 191 337 302 359 211 
0.4170 -0.6479 -0.6290 0.1036 328.37 23.31 125.12 2.17 -5.80 -3.36 -1.4700 2.3200 1.0400 1.6722 0.1989 1.2022 3.27 -8.37 -3.91 196 359 324 385 209 
0.5287 -0.6188 -0.5420 0.2091 317.00 18.31 110.94 1.65 -3.30 -2.24 -1.5900 5.7500 1.0000 -0.1444 0.3467 -0.3667 3.31 -8.63 -3.26 196 359 326 382 210 
0.5378 -0.6108 -0.5512 0.1839 324.37 22.87 114.12 3.63 -4.80 -3.14 0.1300 2.4200 0.9600 -1.5444 -0.1456 -1.0811 4.43 -7.36 -4.71 194 321 290 310 206 
0.4654 -0.6245 -0.6226 0.0760 349.87 31.12 133.94 8.13 -7.25 -6.54 2.1700 -1.0200 -0.7400 -2.4744 3.1344 -1.5833 6.75 -4.22 -5.71 148 271 218 219 174 
0.4800 -0.6127 -0.5740 -0.2542 58.81 61.75 144.94 11.49 -4.13 -4.28 2.9200 -1.4100 -0.2000 0.1122 0.1756 -0.0189 8.67 -2.56 -3.79 154 279 231 232 180 
0.4884 -0.5974 -0.5740 -0.2740 58.19 62.69 143.19 8.25 -2.63 -3.37 -0.3700 0.4300 -0.0400 0.2200 -0.0689 0.2222 8.66 -2.88 -3.56 155 272 229 232 179 
0.5066 -0.5978 -0.5607 -0.2676 56.19 64.69 131.44 12.83 -8.24 -6.05 4.1100 -4.6600 -4.4100 1.7778 4.8544 1.6411 8.85 -4.11 0.87 182 196 192 195 157 
0.7881 -0.4299 -0.2867 -0.3346 40.25 31.06 35.75 3.13 1.87 -0.55 -1.8700 7.9400 -7.5200 3.4489 7.5989 5.8056 -2.13 -3.11 9.04 195 178 176 183 145 
0.9600 -0.0408 0.2592 -0.0981 5.31 -33.94 1.81 -14.36 3.72 9.46 -8.4700 1.8400 1.9400 0.0022 0.6344 0.8733 -6.05 0.73 7.68 197 176 178 184 147 
0.9402 0.0245 0.3392 0.0154 358.44 -39.94 -3.94 -6.00 1.08 7.60 -0.1100 0.9600 0.5200 0.0633 -0.7689 -0.2311 -6.05 0.47 7.69 196 184 185 188 151 
0.9550 0.0170 0.2960 -0.0081 3.19 -28.00 -0.50 -3.19 2.19 7.60 0.2100 2.4400 -1.3200 -0.3922 -6.0311 -2.6144 -0.35 -0.60 9.78 187 260 241 237 188 
;
0.6351 0.1022 -0.2253 -0.7317 98.06 7.81 -27.62 1.34 4.59 8.52 0.0200 0.1100 -0.0900 -0.0056 0.0000 0.0033 1.34 4.50 8.60 179 316 332 388 209 
0.6350 0.1018 -0.2255 -0.7318 98.06 7.87 -27.56 1.29 4.57 8.53 -0.0200 0.0800 -0.0800 -0.0067 -0.0056 0.0022 1.34 4.50 8.60 178 315 331 389 209 
0.6350 0.1017 -0.2255 -0.7318 98.06 7.87 -27.56 1.32 4.55 8.51 -0.0500 0.0700 -0.0400 0.0100 -0.0456 0.0111 1.36 4.50 8.60 179 316 332 389 209 
0.6340 0.0999 -0.2288 -0.7319 97.87 8.44 -28.12 2.57 6.78 11.06 0.9100 3.1400 3.1800 -0.7122 -0.2633 0.2444 1.66 4.13 8.73 179 311 322 367 208 
0.6442 -0.0009 -0.1915 -0.7405 97.31 22.06 -11.00 4.93 0.42 9.59 -0.7300 -1.0100 -0.0800 -2.1589 -9.4778 2.1456 8.24 -0.60 5.27 155 276 237 237 181 
0.5273 -0.5387 -0.4562 -0.4728 74.94 68.50 151.37 7.37 -0.17 -4.24 0.5600 1.9600 2.5800 0.6522 -5.3833 0.0356 6.15 -2.22 -7.30 180 283 255 278 198 
0.2788 -0.6712 -0.6779 -0.1107 88.81 28.81 166.12 5.34 -1.00 -8.54 1.3100 0.5700 -1.2100 -0.3500 -1.4233 -0.0678 3.68 -1.80 -8.90 186 289 264 289 203 
0.2027 -0.6834 -0.7006 -0.0338 89.44 17.75 162.62 5.54 -4.93 -12.68 1.5600 -0.8800 -2.9200 3.6122 1.0644 1.4622 2.88 -5.11 -7.85 194 328 295 343 208 
0.4206 -0.6660 -0.6048 0.1177 325.44 21.56 122.06 2.12 -3.58 -2.27 -1.4500 4.9900 2.2600 1.4533 0.5800 0.4267 3.51 -8.58 -3.19 197 362 336 368 207 
0.5521 -0.6062 -0.5369 0.1987 321.25 20.87 109.94 1.58 -2.39 -2.38 -1.7600 5.6500 0.8800 -0.8589 -0.0611 -0.8211 3.96 -8.21 -3.60 197 352 334 368 209 
0.5247 -0.6121 -0.5762 0.1345 334.12 27.00 120.00 5.15 -6.87 -5.17 1.2100 -0.7600 -0.1500 -2.0356 -0.0356 -0.9600 4.93 -6.38 -5.56 183 280 233 227 181 
0.4229 -0.6460 -0.6352 0.0194 0.94 31.25 142.44 7.72 -6.39 -7.66 1.6600 -1.1800 -1.6200 -1.3522 1.0100 -0.1633 5.71 -4.20 -6.77 147 239 207 215 174 
0.3829 -0.6682 -0.6344 -0.0676 19.94 35.38 148.12 5.43 -4.14 -6.76 -0.6200 0.2700 0.2900 0.2189 0.1378 0.0400 5.77 -4.35 -6.62 151 243 214 222 178 
0.3990 -0.6628 -0.6299 -0.0687 19.56 36.50 146.69 5.87 -3.75 -6.37 0.0800 0.4300 0.1200 0.1056 0.1633 -0.2389 5.99 -4.26 -6.48 153 245 216 223 177 
0.4321 -0.6400 -0.6291 -0.0893 25.94 46.31 138.12 12.34 -7.05 -10.16 4.5500 -2.3200 -6.9700 4.0856 8.9989 -0.0944 8.41 -4.90 1.14 192 209 178 199 159 
0.8765 -0.3256 -0.2473 -0.2541 30.94 14.75 23.19 -4.92 6.27 -1.96 -4.8900 9.4000 -8.4400 2.1467 6.6856 5.0700 -5.05 -0.63 8.37 194 175 180 181 144 
0.9456 0.0646 0.3167 -0.0377 3.00 -37.19 -7.12 -9.80 1.84 9.68 0.5000 1.1000 -1.2100 -1.3278 0.0489 -0.9733 -5.99 -0.12 7.75 196 178 182 186 148 
0.9512 -0.0051 0.3054 -0.0444 6.12 -32.94 3.06 -9.82 0.84 6.74 -3.1900 1.9700 -1.2200 0.0778 -6.6100 -1.9067 -1.52 -0.79 9.65 193 201 190 196 158 
0.9791 -0.1152 -0.0720 -0.1516 19.69 23.56 19.62 6.89 -1.41 2.57 0.7000 1.8200 -4.0500 -4.0022 -6.4911 -0.0678 7.43 -5.04 3.92 149 206 204 204 166 
;
