0.7327 -0.0083 0.0188 -0.6802 85.69 -0.88 2.12 -0.21 -0.45 9.81 -0.0400 -0.0900 0.0000 0.0022 -0.0033 -0.0033 -0.15 -0.37 9.79 174 355 350 390 214 
0.7327 -0.0082 0.0189 -0.6802 85.69 -0.94 2.12 -0.21 -0.41 9.81 -0.0800 -0.0500 0.0400 0.0022 -0.0100 0.0000 -0.15 -0.37 9.79 172 352 350 389 214 
0.7327 -0.0084 0.0188 -0.6802 85.69 -0.88 2.12 -0.21 -0.46 9.78 0.0000 -0.1000 0.0000 0.0000 -0.0033 0.0011 -0.15 -0.37 9.79 171 351 350 390 214 
0.7327 -0.0089 0.0184 -0.6802 85.62 -0.44 2.37 -0.85 0.15 11.91 -0.5800 0.7600 1.3000 -1.7900 -1.4367 0.1889 0.74 -1.47 9.66 167 282 308 330 215 
0.7531 -0.1659 0.0220 -0.6362 77.56 14.13 19.19 2.04 -3.26 8.61 -1.6700 0.1800 -0.4600 -0.6600 -4.9889 -0.3022 5.11 -3.60 7.55 172 256 249 269 214 
0.7038 -0.4140 -0.2496 -0.5206 72.69 63.81 39.00 7.67 -2.26 -0.08 -1.8100 -0.4800 -0.8500 0.5978 -6.5044 -1.9722 9.48 -1.12 -2.22 165 239 243 257 210 
0.4050 -0.5554 -0.6636 -0.2952 72.12 51.50 176.94 12.26 -1.02 -10.79 5.5400 -2.0400 -6.1200 0.5511 -3.5789 -0.1900 5.26 -0.47 -8.26 178 273 257 319 218 
0.2178 -0.6171 -0.7502 -0.0941 81.62 22.56 163.56 3.51 0.43 -9.43 0.4500 7.0300 0.6000 6.0000 2.3089 0.6556 3.72 -6.34 -6.48 192 366 320 371 215 
0.4973 -0.5667 -0.6327 0.1768 320.31 25.75 114.56 0.58 -2.04 -0.58 -3.0300 5.7700 2.6900 0.4811 0.1367 0.1189 4.19 -8.29 -3.11 194 378 326 384 214 
0.5500 -0.5507 -0.5955 0.1990 321.62 26.62 111.06 3.48 -6.41 -1.58 -1.1200 1.5800 1.0200 -0.8656 0.1311 -0.7656 4.87 -7.72 -3.56 191 367 345 382 215 
0.5369 -0.5499 -0.6288 0.1176 337.87 34.25 119.37 5.70 -5.69 -4.43 -0.1200 1.2200 0.0200 -0.9856 0.8289 -1.2233 6.42 -6.12 -4.16 193 345 331 370 217 
0.5425 -0.5286 -0.6528 -0.0134 6.81 48.69 127.37 11.71 -9.28 -5.96 4.2200 -5.0700 -2.6400 0.1533 1.7178 -0.8144 8.07 -4.61 -3.09 190 310 298 299 215 
0.6169 -0.4622 -0.6334 -0.0690 7.44 58.63 103.06 12.84 -8.08 -4.52 3.3000 -1.0600 -3.2100 3.5244 4.0333 0.5233 8.06 -5.05 2.35 181 294 255 253 211 
0.8518 -0.2611 -0.4529 0.0333 353.12 44.44 38.50 5.63 -2.44 2.88 -0.6200 1.7200 -2.9700 1.1122 2.7367 1.0222 5.18 -4.10 7.24 182 309 288 307 213 
0.9413 -0.1819 -0.2599 0.1153 345.00 23.06 24.81 1.02 -0.43 6.89 -2.5400 3.0000 -1.4400 0.6011 1.0100 0.6844 2.80 -3.51 8.71 186 316 308 324 215 
0.9629 -0.1569 -0.1532 0.1573 340.87 12.69 21.06 1.32 -2.21 9.06 -0.4800 1.3500 0.3500 -0.2522 0.2400 0.4633 1.80 -3.62 8.92 188 319 319 337 217 
0.9576 -0.1786 -0.1309 0.1843 337.75 10.94 24.37 0.86 -1.65 9.35 -1.0600 2.4900 1.1100 -1.6333 -0.3967 -0.3956 2.23 -4.81 8.24 188 317 317 363 218 
0.9308 -0.2751 -0.1854 0.1539 343.69 16.25 39.88 4.30 -2.43 8.19 3.7000 2.1600 0.7400 -3.0700 0.5211 -1.0611 3.10 -7.27 5.79 171 293 316 364 222 
0.8636 -0.4722 -0.1747 0.0258 358.50 13.94 63.56 0.00 -15.14 -3.40 -2.9700 -6.4300 -8.3200 -1.1900 1.1067 -0.2189 2.10 -9.10 2.97 167 312 327 382 222 
;
0.8073 -0.5790 -0.1052 -0.0457 7.25 12.63 71.25 1.99 -7.91 3.24 0.1000 1.2400 0.2000 -0.1044 0.0511 -0.0678 2.18 -9.04 3.08 166 315 334 385 222 
0.8063 -0.5786 -0.1058 -0.0627 10.13 15.81 70.87 -0.56 -4.89 0.43 -3.6900 4.5600 -3.0200 1.5544 0.2111 -2.5989 4.14 -7.94 3.97 142 295 284 353 219 
0.8392 -0.4661 -0.1912 -0.2047 33.94 33.00 48.38 6.29 -3.82 6.07 1.1300 0.8200 1.1500 1.2344 4.6878 -3.8467 4.77 -4.05 7.54 175 309 280 358 214 
0.8215 -0.2166 -0.0627 -0.5237 70.00 13.38 12.63 3.71 0.89 15.24 1.7500 1.9800 5.3100 1.2400 2.4833 -1.8433 0.50 -0.78 9.76 181 349 330 389 215 
0.7565 -0.0267 0.0093 -0.6534 81.44 0.00 4.19 0.45 -2.69 8.96 0.5500 -1.2200 -1.5000 0.1744 -0.2178 0.1344 0.28 -0.98 9.75 180 344 341 389 215 
0.7598 -0.0568 0.0223 -0.6473 80.81 2.25 7.19 0.81 -1.33 10.07 0.1500 0.0300 0.2100 -0.3356 -0.2833 -0.1067 0.61 -1.58 9.65 176 304 321 365 217 
0.7473 -0.1520 0.0125 -0.6467 81.56 21.00 16.87 3.45 -0.48 5.42 0.5300 -0.6500 -7.4800 2.1678 -15.2678 -1.6022 9.60 -1.60 1.13 159 239 233 262 213 
0.4520 -0.5579 -0.6353 -0.2843 58.75 53.63 165.44 6.72 -1.99 -5.79 2.1400 -0.3400 0.7600 1.1789 -3.1033 -1.0611 5.92 -1.52 -7.66 149 240 238 258 212 
0.2806 -0.5423 -0.7872 -0.0859 68.81 30.44 166.75 10.79 -6.24 -15.11 4.9300 -3.0100 -6.6600 2.0744 -0.4444 1.3856 4.39 -3.51 -8.03 176 280 260 328 221 
0.3336 -0.5616 -0.7491 0.1100 316.69 22.87 134.06 2.92 -1.52 -4.73 -3.2400 7.5500 6.6900 4.7411 2.3578 0.0811 4.37 -8.54 -2.01 194 373 339 373 217 
0.5861 -0.4814 -0.5935 0.2695 310.31 25.62 100.00 1.67 -2.79 0.20 -2.4900 5.5900 1.7500 -0.2044 0.1767 -0.2744 4.35 -8.65 -1.52 193 382 337 376 216 
0.5934 -0.4793 -0.5991 0.2433 318.62 30.50 102.87 5.78 -5.73 -1.53 0.8800 1.7300 -0.0300 -1.2922 1.7567 -1.8533 6.19 -7.33 -1.97 188 285 293 326 219 
0.6486 -0.4731 -0.5956 0.0269 1.94 51.38 100.44 8.42 -8.90 -2.49 0.4000 -3.4000 -1.8200 0.5989 2.5678 -1.6878 8.49 -4.80 0.95 167 282 287 325 219 
0.7411 -0.3995 -0.5268 -0.1171 17.50 60.44 71.19 11.18 -8.31 -0.43 2.7600 -3.7400 -2.5200 1.1656 1.9256 0.3000 8.12 -4.56 3.05 169 289 301 334 219 
0.8441 -0.3260 -0.4147 -0.0956 9.88 45.50 42.69 8.14 -3.56 2.90 1.0100 1.3200 -2.2800 1.9122 1.9989 2.4144 5.31 -4.85 6.66 182 306 299 350 218 
0.9377 -0.2454 -0.2396 0.0551 350.00 20.94 30.00 1.70 -0.87 6.98 -1.5300 3.4100 -1.2900 1.4578 1.4000 1.2878 2.09 -3.99 8.70 186 336 330 368 218 
0.9644 -0.1774 -0.1197 0.1557 340.37 9.19 21.69 0.01 -1.49 8.50 -1.7000 1.9000 -0.4700 0.0522 -0.0433 0.2633 1.40 -3.51 9.04 189 360 339 375 217 
0.9619 -0.1743 -0.1150 0.1768 340.31 9.88 24.12 0.44 0.70 10.35 -0.5300 5.5700 1.7500 -3.5944 -1.1200 -1.5489 2.70 -5.63 7.55 181 299 329 369 220 
0.9044 -0.3657 -0.2077 0.0728 353.75 18.50 53.94 7.54 -9.46 -0.56 0.2000 -5.5600 -8.5300 -3.4722 1.5544 -0.0378 2.66 -8.86 3.23 167 303 325 382 220 
0.8075 -0.5721 -0.1381 -0.0398 7.56 15.94 70.50 1.17 -8.04 2.62 -2.0100 2.1600 -0.2900 0.5222 0.5033 -0.9767 3.16 -8.56 3.58 170 308 331 385 220 
0.8215 -0.5349 -0.1470 -0.1321 22.69 25.75 62.88 0.38 -4.17 0.84 -3.3200 3.0700 -3.3300 0.8956 1.3211 -3.2311 5.52 -6.37 4.99 163 293 318 356 218 
0.8190 -0.3998 -0.1871 -0.3665 55.06 35.44 32.38 7.97 -3.72 9.59 2.2000 -0.0600 2.2100 1.6600 5.3433 -2.6500 3.36 -2.35 8.90 177 334 337 389 212 
;
