0.5958 0.3782 0.1431 0.6939 261.25 20.75 -43.94 3.43 6.40 6.57 -0.0100 0.0100 0.0000 -0.0022 -0.0044 -0.0111 3.47 6.36 6.59 173 356 367 403 217 
0.5958 0.3781 0.1434 0.6938 261.25 20.69 -43.94 3.46 6.40 6.57 0.0000 0.0300 0.0000 -0.0089 -0.0044 -0.0089 3.46 6.37 6.60 167 351 370 404 220 
0.5958 0.3780 0.1436 0.6939 261.25 20.62 -43.94 3.47 6.42 6.54 0.0000 0.0300 -0.0300 0.0044 0.0167 -0.0056 3.44 6.37 6.60 173 350 368 401 219 
0.5945 0.3718 0.1476 0.6975 260.56 19.87 -42.50 1.13 11.28 9.61 -4.4000 4.2500 2.3900 -1.8033 -6.5889 2.6589 7.02 4.35 5.27 169 280 277 317 218 
0.4324 0.6548 -0.2770 0.5546 252.81 72.31 -145.87 9.30 -0.54 -3.51 0.1200 -0.9600 2.3000 0.0800 -4.5044 1.8711 6.34 -0.42 -7.46 163 250 254 279 207 
0.1397 0.7893 -0.5378 0.2612 248.87 31.75 175.06 7.54 -2.22 -12.77 3.7500 -2.4100 -5.0800 1.1956 -0.6456 0.7089 4.59 -1.59 -8.51 177 276 278 330 218 
0.0254 0.7761 -0.5663 0.2762 253.56 27.44 157.37 8.41 -5.14 -11.67 3.9200 0.1900 -3.3100 3.7267 0.2933 2.5178 3.77 -6.29 -6.50 192 326 317 379 220 
-0.2094 0.6443 -0.5737 0.4602 129.81 20.25 112.62 0.90 -1.29 0.74 -4.3100 7.6900 2.7200 3.4378 1.7167 1.0089 3.09 -9.29 -0.39 207 367 356 407 221 
-0.2960 0.4742 -0.5186 0.6470 132.50 18.12 87.31 0.96 -2.83 0.70 -2.0700 6.3300 0.2900 0.1256 0.4644 -0.6344 3.40 -9.16 0.75 196 376 353 400 220 
-0.2467 0.4621 -0.5037 0.6869 143.56 24.69 86.69 5.07 -5.74 0.85 1.3500 2.6700 0.1400 -1.5967 1.3567 -1.5978 5.09 -8.38 0.04 195 336 339 392 220 
-0.0591 0.4634 -0.5322 0.7061 178.87 38.94 88.75 16.93 -11.67 2.05 9.8600 -4.9700 1.8500 -1.2256 4.7400 0.2756 5.95 -7.63 1.55 158 339 346 403 221 
0.1435 0.2025 -0.5964 0.7634 203.25 22.56 77.25 1.64 -8.57 -0.29 -1.5600 1.1100 -1.9300 -1.7767 2.7989 2.0178 1.84 -9.54 1.31 148 341 349 408 217 
0.1852 -0.0957 -0.6699 0.7126 209.50 4.56 86.12 -0.49 -6.97 -2.93 -0.9100 2.9400 -3.6100 0.0011 0.5044 0.5378 0.23 -9.78 0.63 151 346 353 407 220 
0.1790 -0.1425 -0.6520 0.7228 208.06 2.37 81.00 -1.74 -7.30 -5.95 -2.1500 2.7200 -8.1100 4.6378 -0.8722 -1.2411 1.32 -8.75 4.22 155 349 359 408 219 
0.2388 0.0230 -0.3859 0.8908 210.12 15.31 28.44 6.65 7.80 20.41 5.9000 10.5000 16.0500 4.1111 0.8989 -0.1844 2.32 -0.58 9.50 167 352 353 407 219 
0.2422 0.1001 -0.0894 0.9609 208.06 13.75 14.06 3.81 3.02 12.81 0.9100 6.2500 1.1100 -5.9244 0.4544 0.8911 1.74 -6.02 7.53 170 357 354 407 220 
0.1982 -0.0370 -0.4673 0.8608 204.06 4.19 65.06 -2.06 -6.18 -8.71 -2.8800 0.6700 -13.7500 -2.3189 0.4689 1.0211 -0.27 -9.65 1.68 163 365 357 411 221 
0.1345 -0.1230 -0.6071 0.7735 201.06 -0.19 69.87 -2.65 -2.46 -4.05 -2.1200 6.9700 -7.5500 7.4222 -0.8089 -1.6389 1.17 -5.89 7.74 167 354 352 412 221 
0.2310 0.0441 -0.1766 0.9557 207.75 9.81 11.94 1.03 4.96 24.46 -1.0100 5.9300 13.4900 -3.1511 -2.4744 0.2900 2.73 -3.07 8.90 172 355 351 388 220 
0.2254 0.1273 -0.2969 0.9191 207.50 24.56 38.75 1.14 -4.93 -0.38 -2.9200 1.3600 -6.4700 -2.0422 -3.0122 -0.5144 5.55 -6.55 4.73 173 317 320 335 217 
;
0.2035 0.2863 -0.4753 0.8067 209.37 45.88 62.06 4.52 -4.20 -1.31 -1.7800 1.4100 -3.0900 0.6033 -1.4622 -3.5967 8.80 -3.75 2.11 168 274 275 284 207 
0.3035 0.5134 -0.3768 0.7088 229.12 75.44 39.50 16.92 0.55 5.76 6.0200 1.1100 3.8800 0.0756 1.7844 -2.1033 9.33 0.40 2.99 170 270 270 300 210 
0.4025 0.5504 -0.2745 0.6780 241.62 79.31 -23.75 11.47 0.75 2.33 1.7800 -0.3100 1.0900 0.4178 -4.0433 0.5756 9.74 0.44 -1.02 174 273 280 320 220 
0.2621 0.7180 -0.3883 0.5148 225.75 60.81 168.19 17.76 -5.53 -9.71 9.6300 -4.3600 -3.8900 2.4000 -4.0044 3.1311 5.46 -4.02 -7.07 182 301 322 381 229 
-0.0988 0.7399 -0.5398 0.3892 137.81 23.44 133.75 3.73 -4.61 -5.33 -2.0500 3.7000 1.8300 3.6811 2.4422 2.0689 3.08 -8.52 -3.72 199 375 353 401 224 
-0.2792 0.5676 -0.5462 0.5491 127.94 19.12 102.44 -1.07 0.98 -2.66 -2.5200 9.6100 -0.7400 -0.0289 0.9400 -0.4978 3.70 -8.92 -1.68 197 386 364 412 221 
-0.2262 0.5348 -0.5408 0.6086 140.81 24.94 100.19 4.79 -5.13 -0.88 2.0500 2.9200 0.0700 -0.6789 1.3011 -1.3878 5.01 -8.26 -1.66 194 342 352 409 221 
-0.0970 0.5115 -0.5376 0.6633 170.44 36.19 91.56 14.21 -9.90 0.01 7.6000 -1.1600 0.4000 -1.3744 7.5800 1.7656 4.41 -8.55 1.86 186 330 349 401 219 
0.1200 0.0774 -0.6270 0.7658 200.69 9.06 81.94 -3.03 -9.54 -3.64 -3.4200 1.2500 -4.4300 -3.1278 1.1744 2.3611 -0.62 -9.72 -1.12 174 351 354 407 220 
0.1003 -0.2184 -0.7413 0.6266 198.87 -7.62 101.50 -4.28 -7.51 -7.58 -3.7900 2.0800 -5.7800 2.0489 -0.2700 -0.8633 -0.85 -9.73 -0.82 177 353 354 413 220 
0.1532 -0.1489 -0.6631 0.7173 205.06 2.94 78.37 2.65 -1.93 -3.39 2.6900 7.7500 -4.7600 6.7811 -0.6967 -1.7011 2.21 -7.06 6.42 177 348 359 407 219 
0.2140 0.0803 -0.2903 0.9293 205.50 15.94 28.56 4.87 -1.44 27.61 2.5800 2.6300 17.2000 -2.7489 -0.3900 0.2267 2.74 -5.80 7.41 177 346 351 403 219 
0.2013 0.0264 -0.4471 0.8712 205.25 10.44 61.19 2.36 -4.25 -1.37 0.8500 4.5400 -5.7000 -4.1544 0.9189 1.8411 0.37 -9.67 1.55 182 350 353 401 223 
0.1296 -0.1384 -0.6718 0.7161 199.87 -2.06 86.50 -3.24 -7.68 -9.22 -2.9100 2.7200 -9.7900 3.9033 -0.5289 -0.8456 0.14 -9.37 2.88 182 353 356 404 220 
0.1710 -0.0380 -0.4840 0.8574 204.12 7.62 47.13 -0.07 -0.50 18.71 -0.4600 3.5700 12.5800 1.3522 -2.0256 -0.6833 2.30 -5.80 7.56 180 346 349 395 218 
0.2072 0.0961 -0.3948 0.8899 206.44 22.31 49.44 2.47 -5.45 -0.15 -2.4200 1.8000 -6.1500 -0.8900 -0.8689 -1.7222 4.81 -6.96 4.93 180 346 340 388 223 
;
