0.6857 0.1730 -0.3113 -0.6348 85.56 11.94 -40.25 2.03 6.10 7.36 0.0000 -0.1000 0.0000 -0.0078 -0.0111 0.0011 2.03 6.19 7.32 168 321 346 400 222 
0.6858 0.1725 -0.3113 -0.6348 85.56 12.00 -40.19 2.09 6.07 7.37 0.0100 -0.1400 0.0700 0.0022 -0.0011 -0.0011 2.04 6.19 7.32 167 321 346 400 223 
0.6862 0.1722 -0.3104 -0.6349 85.50 11.88 -39.63 3.84 7.18 9.25 3.5700 2.0900 2.0600 -1.8222 1.1378 0.6333 1.94 5.14 8.11 173 316 286 326 226 
0.7468 0.0646 -0.2697 -0.6045 75.62 31.94 -24.44 6.32 3.36 9.85 -2.7900 -0.7400 2.1600 -1.4356 -10.4433 3.6067 9.73 0.40 1.08 176 290 288 347 228 
0.5242 -0.4638 -0.6526 -0.2902 49.81 59.63 157.81 4.26 -0.16 -1.31 -3.0700 3.0500 3.7600 -0.2333 -2.8389 1.6256 6.29 -2.94 -6.91 160 277 272 325 229 
0.3456 -0.6143 -0.7026 -0.0977 82.62 36.31 160.37 4.93 -2.04 -7.73 -0.3300 0.6900 -0.3100 -0.5778 -0.7433 -0.0211 5.33 -2.30 -7.89 159 281 268 320 230 
0.2765 -0.6317 -0.7187 -0.0887 82.44 29.56 165.31 6.38 -3.79 -9.91 1.7600 -1.8400 -1.8800 0.4322 -0.8844 0.2400 4.41 -2.38 -8.42 164 286 272 327 230 
0.2646 -0.6460 -0.7153 -0.0311 85.44 23.19 157.50 6.69 -6.76 -13.67 2.5100 -1.6800 -4.8000 3.8333 0.1656 1.6878 3.35 -5.82 -7.14 196 327 304 367 226 
0.4653 -0.6252 -0.6028 0.1710 315.87 20.69 109.62 0.63 -1.98 -0.51 -1.3700 7.2700 1.5000 1.3767 0.6122 0.6311 2.95 -9.30 -0.89 199 386 351 410 222 
0.6185 -0.5386 -0.4913 0.2934 310.12 17.31 93.31 1.54 -4.44 -0.12 -1.1000 4.7100 1.0000 -0.2856 -0.1333 -0.3611 3.13 -9.26 -0.69 198 381 341 412 224 
0.6167 -0.5413 -0.5092 0.2596 316.25 21.50 98.19 4.31 -6.80 -0.81 0.0100 1.0600 0.0700 -1.5700 1.3256 -1.3033 4.48 -8.48 -2.01 198 315 302 323 218 
0.6045 -0.5695 -0.5468 0.1059 347.44 36.19 109.81 7.80 -7.25 -2.68 1.1400 -0.7100 0.4800 -2.3733 1.2467 -1.7989 7.14 -5.81 -3.34 142 263 233 233 182 
0.5292 -0.6061 -0.5831 -0.1124 28.50 48.81 134.87 11.38 -6.29 -7.16 3.6700 -1.7600 -1.1900 -0.3622 0.4367 -0.4367 7.58 -4.04 -4.71 136 258 231 240 184 
0.4890 -0.6165 -0.5977 -0.1541 34.38 50.56 138.06 7.20 -3.87 -4.09 -0.4300 0.3900 0.4800 0.0544 -0.1422 0.1500 7.49 -4.28 -4.65 138 266 240 246 188 
0.4902 -0.6199 -0.5960 -0.1423 31.94 49.25 137.62 7.81 -3.99 -4.42 0.3300 0.2700 0.2500 0.0633 -0.0878 0.0322 7.42 -4.31 -4.73 144 270 244 254 191 
0.4891 -0.6183 -0.6005 -0.1339 29.94 48.50 137.69 6.86 -4.59 -5.06 -0.6300 -0.4600 -0.7300 -0.2767 -2.3122 -0.1122 6.60 -4.28 -5.85 174 322 300 356 227 
0.3446 -0.6495 -0.6768 -0.0362 87.25 24.87 156.87 5.18 -8.29 -6.14 0.7100 -2.2200 4.5200 -0.0022 -1.0811 0.7256 2.72 -3.50 -8.74 183 348 321 386 232 
0.2083 -0.6803 -0.7020 0.0314 88.31 13.88 161.19 2.26 -0.31 -10.15 0.1300 2.2500 -0.8600 0.0567 -0.2544 0.0756 2.14 -3.07 -9.06 182 343 325 387 232 
0.1908 -0.6864 -0.7006 0.0399 88.69 12.31 161.06 3.22 -3.30 -8.80 0.8400 0.1600 0.2600 -0.0144 0.0867 -0.0044 2.19 -3.09 -9.04 180 342 326 385 232 
0.1965 -0.6909 -0.6949 0.0341 89.87 13.19 160.87 2.46 -3.23 -8.40 -0.0200 -0.0800 0.6000 -0.0522 0.0578 0.0256 2.28 -3.10 -9.01 179 341 327 387 232 
;
0.6865 0.1923 -0.3149 -0.6266 84.75 11.00 -42.13 2.03 6.32 7.16 0.1600 -0.1500 0.0300 0.0011 -0.0111 0.0000 1.89 6.44 7.14 180 338 357 420 227 
0.6868 0.1909 -0.3153 -0.6265 84.75 11.19 -41.94 2.17 6.43 7.23 0.4700 0.2000 0.1700 -0.2100 0.1544 0.0178 1.87 6.34 7.24 182 328 345 417 223 
0.7011 0.1806 -0.2904 -0.6257 81.81 10.88 -36.81 2.69 6.46 9.19 0.7400 1.3800 1.5000 -0.8111 -2.2078 2.6022 3.51 4.79 7.80 183 319 314 327 222 
0.7679 0.0065 -0.3552 -0.5331 67.37 41.63 -24.87 6.32 3.05 8.38 -0.4700 0.2000 1.8400 -1.0078 -7.1700 3.1167 9.38 0.81 2.73 181 307 297 323 219 
0.6068 -0.3732 -0.6335 -0.3021 45.81 69.56 153.31 6.38 -1.54 -3.01 -1.2400 1.0800 2.4300 -0.1989 -6.2389 2.1844 6.01 -2.88 -7.18 180 302 306 380 227 
0.3015 -0.5727 -0.7617 -0.0314 75.19 26.19 161.19 1.79 -1.64 -7.46 -0.8400 0.7500 0.6300 -0.5667 -1.1833 0.3733 3.36 -2.49 -8.86 178 288 300 377 226 
0.2076 -0.6178 -0.7584 -0.0086 78.25 18.37 165.31 3.42 -2.65 -9.68 0.6900 -0.8200 -0.9600 0.3433 -0.4078 -0.1889 2.91 -2.43 -9.04 178 297 302 380 227 
0.2023 -0.6131 -0.7635 0.0154 77.62 16.50 161.87 5.16 -5.16 -11.10 2.4300 -2.1500 -2.1600 1.5889 0.6144 0.6722 2.91 -4.12 -8.40 178 311 311 386 227 
0.2977 -0.6237 -0.7170 0.0917 83.94 18.56 142.62 2.82 -5.21 -6.94 -1.0100 1.2600 0.1400 4.6444 1.9756 0.7311 3.63 -7.79 -4.71 197 368 348 423 222 
0.5561 -0.5593 -0.5723 0.2248 315.25 22.25 103.69 2.28 -4.72 -1.83 -1.4700 4.0000 0.1000 0.7689 0.2122 0.2867 3.51 -9.04 -1.43 201 382 350 426 220 
0.6049 -0.5341 -0.5294 0.2616 313.75 21.44 97.75 2.04 -6.72 -0.30 -0.7900 1.9700 0.9600 -0.4600 -0.3111 -0.3789 3.85 -8.87 -1.58 197 378 352 424 222 
0.5932 -0.5364 -0.5560 0.2264 320.06 25.56 103.94 3.39 -6.16 -2.13 -0.6300 2.7100 0.5000 -1.5689 -0.1578 -0.8889 4.69 -8.04 -3.07 195 318 317 366 222 
0.5156 -0.5651 -0.6293 0.1375 333.37 30.19 125.69 6.65 -6.90 -5.04 0.6700 -2.3000 -0.6300 -2.6378 -1.9756 -0.9433 4.72 -5.04 -6.95 157 272 260 281 212 
0.3285 -0.5953 -0.7329 0.0238 78.06 25.75 153.87 6.71 -4.83 -9.44 1.6500 -1.1400 -1.1500 -0.5878 -0.1611 0.0544 3.95 -3.48 -8.27 161 275 269 304 220 
0.2717 -0.6092 -0.7449 0.0147 78.56 21.62 157.62 5.05 -4.35 -11.65 2.1100 -1.4400 -2.9200 0.7189 -0.9000 0.6867 2.73 -3.87 -8.58 177 302 286 341 231 
0.2379 -0.6421 -0.7234 0.0881 84.56 12.50 154.19 -0.72 -1.29 -3.36 0.4900 4.2700 -0.0100 -1.8889 -0.4522 -0.4744 1.75 -2.91 -9.19 180 309 307 365 229 
0.1620 -0.6606 -0.7316 0.0468 84.12 9.81 163.37 2.05 -2.85 -8.99 0.5800 -0.4600 0.0200 -0.2322 -0.2756 -0.0478 1.41 -2.63 -9.33 181 314 305 369 231 
0.1446 -0.6610 -0.7346 0.0512 84.06 8.56 164.50 2.52 -2.45 -9.14 0.9500 0.1700 0.2400 0.0389 0.1978 0.1056 1.58 -2.61 -9.31 180 312 309 368 231 
;
0.1546 -0.6658 -0.7287 0.0427 84.87 9.81 164.19 1.88 -2.71 -8.77 0.2400 -0.1600 0.4900 -0.0522 0.0711 -0.0422 1.73 -2.56 -9.30 181 316 308 369 231 
0.1568 -0.6660 -0.7285 0.0345 84.87 10.69 164.62 2.22 -2.41 -8.78 0.1400 0.0500 0.4700 0.0356 0.0511 -0.0333 1.90 -2.58 -9.26 180 315 310 368 230 
0.1666 -0.6649 -0.7275 0.0308 84.69 11.94 164.00 2.50 -2.49 -8.70 0.1700 -0.0100 0.3900 0.4533 0.4867 -0.2444 2.42 -2.88 -9.05 179 306 305 343 231 
0.2389 -0.6484 -0.7227 0.0148 84.31 22.06 157.37 3.83 -3.25 -7.22 -1.0200 0.6500 0.8500 3.1656 1.7122 -0.2156 5.25 -5.17 -6.46 178 302 291 311 217 
0.4631 -0.5674 -0.6801 0.0347 352.81 37.69 134.12 5.72 -5.75 -3.94 0.5200 -0.4900 0.9100 -0.9978 -0.6722 -0.0144 5.92 -5.10 -5.91 173 285 258 272 203 
0.4102 -0.5866 -0.6982 0.0096 355.25 32.13 144.62 6.22 -5.30 -9.35 1.7500 -2.0800 -2.6700 0.0478 -0.8867 0.7056 4.40 -4.98 -7.20 172 277 273 288 210 
0.3624 -0.6238 -0.6880 0.0784 330.87 22.31 139.81 5.68 -8.87 -8.84 3.0700 -1.1000 -1.3200 2.3044 1.3867 1.2289 3.43 -7.17 -5.73 196 324 300 350 219 
0.5013 -0.6089 -0.5823 0.1973 316.94 20.37 108.19 1.14 -5.55 -0.07 -1.6600 3.7800 0.4000 1.8289 0.2356 0.7611 3.07 -9.27 -0.85 199 389 351 409 221 
0.6307 -0.5371 -0.4831 0.2836 311.69 17.75 92.31 2.10 -3.71 -1.08 -0.9100 6.1500 -0.5800 0.0233 0.1811 -0.2778 3.17 -9.27 -0.28 202 397 355 413 222 
0.6353 -0.5333 -0.4907 0.2670 314.94 20.50 94.44 2.31 -5.72 -1.16 -1.2900 3.5400 -0.1300 -1.4822 -0.5678 -0.9411 3.94 -8.80 -1.73 195 324 324 367 224 
0.5548 -0.5637 -0.5861 0.1760 325.94 27.25 115.00 5.67 -8.36 -5.72 1.0800 -1.1900 -0.4800 -3.1156 -2.0622 -1.0756 4.31 -6.26 -6.19 185 291 300 335 225 
0.3486 -0.5952 -0.7200 0.0762 78.62 23.25 149.69 6.90 -6.84 -11.61 2.4600 -2.3500 -3.6000 -1.1444 -0.4467 -0.0800 3.55 -3.56 -8.41 168 288 291 337 228 
0.2662 -0.6183 -0.7391 0.0242 80.12 21.44 156.50 3.23 -3.17 -7.82 -0.3600 0.7900 0.5400 0.0967 0.1044 0.0878 3.62 -3.74 -8.30 172 297 295 339 228 
0.2709 -0.6246 -0.7320 0.0281 80.75 20.25 156.44 5.15 -3.73 -13.76 1.7000 -0.1500 -5.0400 1.1867 -0.2667 0.3856 3.01 -4.40 -8.22 172 291 302 351 230 
0.3018 -0.6340 -0.7042 0.1053 85.75 15.81 143.44 1.98 -6.22 1.80 -2.1100 1.1100 9.3000 -0.5911 0.1267 0.2378 2.52 -5.49 -7.72 171 298 306 359 231 
0.2750 -0.6589 -0.6949 0.0859 86.62 16.12 153.25 4.27 -2.63 -12.33 0.8700 0.8900 -3.3000 -0.2233 0.5067 0.4133 2.91 -3.90 -8.50 175 299 307 358 228 
;
