0.7584 -0.0232 0.0374 -0.6504 81.19 -1.50 4.75 -0.22 -0.75 9.76 -0.0300 0.0600 -0.0200 0.0011 -0.0056 -0.0044 -0.25 -0.82 9.76 166 336 344 380 216 
0.7584 -0.0233 0.0372 -0.6504 81.19 -1.50 4.75 -0.27 -0.76 9.74 -0.0200 0.0600 0.0200 0.0000 0.0044 -0.0056 -0.25 -0.82 9.76 165 335 346 379 215 
0.7584 -0.0233 0.0372 -0.6504 81.19 -1.44 4.75 -0.21 -0.69 9.68 -0.1800 0.0400 0.0000 0.0011 -0.0078 -0.0111 -0.24 -0.82 9.76 166 336 347 378 216 
0.7578 -0.0243 0.0360 -0.6511 81.44 -1.00 4.75 -1.02 -1.25 10.53 -1.4300 -0.3900 1.1500 0.5611 -1.0011 -0.1333 0.37 -0.54 9.78 167 302 315 355 216 
0.7628 -0.0901 -0.0217 -0.6399 79.56 14.25 9.88 2.80 -1.45 7.82 -0.3700 0.3800 -2.3700 -1.1156 -5.6778 1.2222 5.69 -2.84 7.45 168 267 273 266 213 
0.7246 -0.4009 -0.3065 -0.4693 59.25 68.12 49.19 8.16 -2.58 -1.99 0.9600 0.5200 0.3300 1.1444 -8.0000 -0.4844 8.66 -2.61 -3.76 169 255 261 303 219 
0.4385 -0.5206 -0.7196 -0.1374 32.06 45.50 159.12 8.43 -2.38 -6.81 3.1300 -0.0800 -0.4500 -0.2622 -2.6811 -0.2356 5.30 -2.15 -7.96 165 272 265 317 222 
0.2693 -0.5356 -0.7995 -0.0376 68.00 24.75 164.06 9.44 -4.93 -15.70 3.9500 -2.2300 -8.0800 1.8178 -1.2022 1.7156 2.89 -3.86 -8.53 167 306 307 350 222 
0.2727 -0.5795 -0.7479 0.1743 76.87 11.00 136.06 -0.59 -1.20 -3.37 -1.4200 6.7100 5.4000 2.6733 1.8256 -0.0044 2.67 -8.40 -4.28 192 378 328 376 215 
0.4918 -0.5354 -0.6232 0.2885 301.12 18.56 109.50 1.60 -3.74 0.16 -1.2000 5.1400 3.3100 0.1222 0.2467 -0.3778 3.42 -8.72 -2.88 193 383 347 388 216 
0.5258 -0.5194 -0.6215 0.2598 311.19 24.69 111.44 3.47 -3.56 -2.27 -2.5500 3.6300 -0.1300 -1.9544 0.6700 -1.6578 5.42 -7.09 -4.04 183 268 238 230 207 
0.5544 -0.4965 -0.6652 0.0603 0.88 49.69 118.62 7.66 -9.37 -8.95 2.8600 -4.0900 -3.1000 -0.1178 1.9078 -2.4656 8.80 -3.93 -1.76 150 185 165 180 162 
0.7089 -0.3883 -0.5657 -0.1634 25.37 62.38 57.19 15.26 -3.70 3.98 4.0200 1.2400 0.0000 1.6811 6.3356 4.3722 5.24 -5.08 6.54 115 170 158 169 149 
0.9518 -0.2827 -0.1187 -0.0103 354.44 5.56 30.06 -1.28 1.56 8.86 -1.2000 6.5700 -0.0800 0.9044 0.7044 3.3911 -0.98 -3.99 8.90 147 169 176 189 171 
0.9559 -0.1839 0.0145 0.2284 330.69 -3.12 17.81 -0.24 -1.49 8.65 1.8800 0.9600 -1.2000 -1.2156 -0.1256 0.9967 0.21 -3.29 9.23 97 199 212 227 181 
0.9332 -0.1706 -0.0642 0.3096 321.75 0.50 20.81 8.66 -2.67 7.82 8.0900 1.3100 -0.6800 0.7878 -1.2611 2.1722 -0.17 -3.08 9.30 95 177 194 196 161 
0.9135 -0.1703 -0.0406 0.3671 316.75 -2.12 19.69 -4.21 1.30 13.22 -3.4400 5.7200 4.4200 -0.2211 -0.0233 -1.8622 0.17 -3.32 9.22 96 174 188 196 157 
0.9475 -0.1636 -0.0723 0.2651 331.12 3.06 20.31 5.55 -0.71 10.02 5.2700 1.8800 0.2100 -0.0333 0.0644 -2.2567 0.93 -3.29 9.18 98 172 198 199 155 
0.9763 -0.1554 -0.0715 0.1328 343.87 5.62 18.37 7.16 -5.18 6.41 2.8500 -3.6900 -3.1700 0.7100 -2.2278 1.8678 1.89 -2.72 9.22 102 180 202 202 155 
0.9572 -0.0983 -0.1583 0.2217 336.00 15.06 15.25 -1.99 -1.78 13.23 -4.1600 2.2900 5.3200 -2.4900 1.5333 -2.4922 2.49 -3.51 8.80 101 182 202 204 161 
0.9645 -0.2355 -0.1197 0.0047 7.87 14.94 31.25 0.73 -2.03 4.44 -1.4600 3.4300 -3.1500 -1.5867 0.0878 -4.6144 4.02 -4.86 7.50 132 231 226 258 198 
;
