0.8134 0.1360 -0.3657 -0.4313 55.63 28.69 -37.75 5.50 5.23 6.45 0.7700 0.2000 -0.1400 0.1578 0.3278 0.0944 4.65 5.30 6.80 170 272 249 255 177 
0.8207 0.1435 -0.3645 -0.4160 53.31 28.69 -37.56 4.50 4.98 7.27 -0.3900 -0.2300 0.4100 -0.1256 0.1278 0.1778 4.72 5.10 6.91 175 235 257 262 180 
0.8245 0.1276 -0.3766 -0.4027 51.50 35.38 -37.31 7.48 6.54 8.17 1.7400 1.7800 2.0700 -0.4933 -5.6356 2.9444 8.53 3.21 3.59 171 248 265 294 193 
0.7005 -0.1393 -0.6553 -0.2457 31.25 85.06 178.87 8.58 -2.03 -0.58 -0.3100 -0.6900 1.9800 -2.3022 -5.5900 4.6467 7.70 -2.96 -5.29 178 263 284 313 202 
0.4016 -0.4993 -0.7658 -0.0544 17.62 39.50 155.56 2.10 -1.02 -6.06 -3.8900 2.0700 0.3400 -0.8189 0.2422 0.2667 5.99 -2.97 -7.16 179 271 294 322 205 
0.3529 -0.5686 -0.7390 -0.0779 74.37 37.75 159.50 6.46 -1.96 -6.63 0.4900 0.6100 0.7600 -0.3433 -0.4256 -0.1689 5.81 -2.47 -7.49 181 273 286 324 204 
0.3211 -0.5611 -0.7588 -0.0798 72.69 34.75 163.31 10.98 -4.82 -12.24 6.8100 -3.2900 -5.0400 1.6756 0.6822 1.0556 5.61 -3.43 -7.27 185 303 316 346 210 
0.4096 -0.5751 -0.7079 0.0178 345.69 31.87 136.50 4.46 -5.68 -6.51 -0.2900 2.3900 0.5500 3.2867 1.7922 2.2556 4.46 -7.74 -4.03 199 347 333 401 217 
0.6002 -0.5616 -0.5358 0.1932 322.00 24.12 96.37 1.14 -3.26 -0.12 -1.7400 5.4300 -0.1100 0.0000 -0.2067 0.7811 3.41 -9.16 -0.63 199 377 347 407 217 
0.6331 -0.5505 -0.4822 0.2524 316.25 19.31 94.37 3.68 -7.96 -1.31 0.6200 0.4800 -0.5800 -0.0222 -0.0611 0.0789 3.24 -9.22 -0.69 200 376 350 406 219 
0.6379 -0.5463 -0.4813 0.2509 318.50 20.56 93.81 2.40 -5.77 0.02 -1.0300 3.4300 0.5100 -0.7778 0.2978 -0.9333 4.01 -8.88 -1.02 198 364 347 393 217 
0.6296 -0.5557 -0.5155 0.1702 333.81 29.75 101.75 5.67 -4.60 -1.66 0.9900 2.7600 0.1700 -1.8278 0.8289 -1.8611 6.01 -7.33 -2.51 192 305 268 275 190 
0.5748 -0.5674 -0.5897 0.0001 7.37 45.69 123.06 10.50 -6.44 -6.05 1.5400 -1.7800 -2.0200 -2.6389 1.7367 -1.2122 8.03 -4.04 -3.89 141 262 241 241 169 
0.5118 -0.5852 -0.5971 -0.1978 45.25 58.81 137.44 12.84 -4.96 -4.81 3.7200 -1.6300 -1.1400 -0.2356 2.1844 0.4633 8.73 -3.52 -2.74 140 277 256 261 182 
0.5761 -0.5795 -0.5120 -0.2646 49.06 62.75 103.69 10.69 -3.70 -0.32 3.8600 0.8500 0.8000 -1.3511 4.5422 2.5822 7.73 -5.89 1.25 101 320 300 357 212 
0.7027 -0.5859 -0.0894 -0.3935 60.63 24.75 69.81 1.20 -3.69 0.26 -2.7900 4.7000 -2.5800 -5.4444 4.6378 2.6711 0.99 -9.74 0.40 113 349 348 398 214 
0.5442 -0.6294 0.4062 -0.3777 70.94 1.25 100.87 -0.65 -7.48 -3.00 -1.1600 1.2300 -0.8600 -0.8844 0.2144 -0.3800 0.36 -9.41 -2.70 116 351 355 415 215 
0.4734 -0.6605 0.4558 -0.3630 75.81 3.06 107.06 0.30 -8.89 -2.40 -0.0400 0.0000 0.0800 -0.1744 0.0922 -0.0922 0.64 -9.32 -2.98 118 344 356 410 213 
0.4593 -0.6655 0.4589 -0.3680 77.00 3.81 107.44 1.07 -9.86 -6.21 -0.4900 -0.0900 -4.2600 1.2944 -0.3811 0.3333 0.40 -9.56 -2.11 118 333 349 400 214 
0.5798 -0.5782 0.3953 -0.4163 71.12 1.94 77.94 2.27 -2.82 8.89 2.5000 6.5400 7.2800 2.4233 0.1644 0.1267 0.48 -8.44 4.95 124 333 337 393 215 
0.6914 -0.4542 0.2753 -0.4897 69.87 3.75 69.94 2.17 -7.29 6.27 1.0100 2.2700 1.8400 -4.0856 -0.0467 0.5300 0.30 -9.79 0.40 123 329 343 378 213 
0.5490 -0.6296 0.4133 -0.3625 66.87 -0.62 102.25 -2.70 -8.76 -10.07 -1.9200 1.1000 -7.8600 -0.4344 0.5400 -0.0300 -0.08 -9.41 -2.74 119 324 348 377 211 
0.5142 -0.6367 0.4434 -0.3656 72.12 1.69 97.94 1.02 -8.41 -2.66 -1.1800 2.2000 0.8900 4.4367 0.7911 -0.4678 0.69 -9.67 1.45 120 326 346 386 214 
0.6158 -0.5081 0.3383 -0.4982 77.69 5.69 76.31 3.20 -7.72 8.72 2.3400 1.8500 4.2700 -2.6311 -0.8467 -0.0367 1.10 -9.73 0.48 123 326 340 374 214 
0.5370 -0.6334 0.3843 -0.4034 72.31 4.69 99.69 -2.01 -10.08 -8.84 -2.2000 -0.6900 -6.2000 -0.2300 0.0000 0.2389 0.54 -9.54 -2.19 125 329 345 379 214 
;
