0.6626 0.0067 -0.3829 -0.6437 88.06 29.62 -35.06 5.58 4.54 6.25 1.2800 -0.1700 -0.1400 -0.0044 0.4056 0.2878 4.78 4.84 7.05 138 262 243 243 147 
0.6869 0.0169 -0.3661 -0.6276 83.56 28.62 -31.62 6.18 5.59 8.89 0.6500 0.7000 1.1000 -0.9167 -0.2967 1.3300 5.04 3.56 7.61 154 273 265 274 184 
0.7292 -0.0812 -0.3585 -0.5772 74.56 46.13 -21.56 7.52 1.87 6.11 0.0000 -0.3000 0.7200 0.7444 -8.8233 2.9889 9.70 0.80 1.15 166 278 277 301 197 
0.5249 -0.4406 -0.6860 -0.2444 37.00 56.19 154.25 6.59 -2.41 -3.26 -3.0400 1.4200 2.2400 0.3178 -1.2489 1.3767 6.67 -3.73 -6.13 172 288 287 327 206 
0.4095 -0.5597 -0.7194 -0.0391 8.00 37.63 148.81 7.13 -6.62 -8.27 2.3100 -4.0800 -2.4300 0.5833 -1.2300 0.7500 5.18 -4.58 -6.94 175 293 288 335 210 
0.3945 -0.5831 -0.7074 0.0636 335.06 27.50 136.44 5.27 -6.61 -7.71 0.4500 0.2200 -1.7900 3.1756 1.0256 1.1989 4.29 -7.58 -4.49 197 341 309 383 211 
0.5773 -0.5289 -0.5839 0.2148 316.50 26.37 97.56 1.19 -3.25 0.55 -1.3900 6.1100 1.6400 -0.5611 0.0111 0.6044 3.90 -8.95 -0.89 201 390 349 412 208 
0.6083 -0.5079 -0.5473 0.2692 312.00 22.87 97.69 2.55 -6.07 -1.26 -1.4500 2.8000 0.4600 -0.2289 0.0167 -0.0467 3.82 -8.93 -1.31 200 391 349 415 212 
0.5957 -0.5169 -0.5597 0.2542 315.00 24.44 100.94 1.99 -4.89 -1.96 -2.6900 3.6500 -0.6200 -1.0611 0.8322 -1.7678 5.20 -8.01 -2.18 195 307 292 315 210 
0.6048 -0.5073 -0.6045 0.1071 347.50 42.63 111.50 6.66 -4.65 -1.91 0.1000 1.9900 1.1100 -2.3744 3.5689 -3.8978 8.63 -4.25 -1.86 149 239 218 222 167 
0.6578 -0.3713 -0.5245 -0.3928 71.87 67.75 -7.69 7.32 0.02 4.68 1.2700 1.4000 2.1400 2.2044 4.0444 -3.9256 5.79 3.78 6.94 140 248 223 234 162 
0.6472 -0.0363 -0.4179 -0.6366 88.87 34.94 -35.13 9.53 3.86 8.77 1.5500 -0.8800 0.6900 0.3444 0.2844 -0.0356 5.69 4.54 6.56 141 252 223 237 173 
0.6558 -0.0355 -0.4005 -0.6390 88.12 35.13 -34.50 8.03 6.30 7.98 1.8000 1.9000 2.0900 0.3800 -3.4489 1.4400 7.12 4.14 5.30 185 312 304 340 220 
0.5965 -0.2481 -0.5780 -0.4985 72.62 81.87 -120.37 8.41 0.01 -1.56 -2.5000 0.5100 1.5100 0.5711 -5.0833 3.0900 8.12 -1.75 -5.20 188 304 319 372 225 
0.4039 -0.5577 -0.7109 -0.1431 34.06 42.13 158.87 7.99 -4.42 -9.48 1.7000 -2.0900 -3.6300 0.0444 -2.3600 1.1911 4.96 -3.10 -7.86 186 323 325 394 228 
0.3028 -0.6196 -0.7241 0.0007 81.44 25.00 152.25 5.84 -7.37 -9.05 0.7200 -1.0700 -0.7400 2.5289 0.4200 1.3278 3.79 -5.87 -6.87 198 348 336 416 216 
0.4475 -0.5956 -0.6487 0.1553 320.37 24.56 118.00 0.06 -3.92 -0.23 -2.1400 4.4400 2.4500 0.5700 0.5100 0.5267 4.08 -8.47 -2.78 200 395 354 425 212 
0.5605 -0.5660 -0.5690 0.2040 320.56 24.06 108.62 2.41 -3.95 -2.43 -1.4800 3.7500 1.0900 -0.2522 0.3756 -0.2311 4.21 -8.34 -2.95 201 398 354 425 212 
;
0.6420 -0.4211 -0.3173 -0.5566 81.81 61.13 22.94 8.45 -1.71 4.35 -0.1600 0.0600 0.0400 -0.0233 0.0211 -0.0222 8.58 -1.84 4.36 159 303 292 318 206 
0.6421 -0.4210 -0.3157 -0.5576 81.94 61.00 22.87 8.60 -1.75 4.38 0.0500 0.0700 0.0500 -0.0400 -0.0178 0.0300 8.58 -1.87 4.36 159 302 292 317 204 
0.6407 -0.4241 -0.3159 -0.5566 81.87 61.69 23.81 7.28 -2.27 4.59 -1.4100 -0.2100 0.7000 0.2211 -3.3300 -0.3233 9.33 -1.65 2.50 160 299 290 317 205 
0.5133 -0.5460 -0.5115 -0.4204 75.81 65.50 163.19 9.97 -1.10 -5.48 3.4200 0.6700 0.5200 -0.3056 -4.4956 0.4378 5.99 -1.21 -7.66 166 294 288 318 204 
0.2600 -0.6796 -0.6658 -0.1652 91.31 33.06 170.62 5.57 -2.15 -9.65 0.4600 -1.0000 -1.6000 0.4889 -0.6333 0.2900 4.91 -1.65 -8.32 170 302 292 327 206 
0.2531 -0.6947 -0.6658 -0.1004 93.12 27.69 163.25 7.32 -5.78 -11.06 2.8400 -3.3900 -3.0400 1.9078 -0.0033 1.1367 4.27 -4.11 -7.80 188 309 300 346 210 
0.3713 -0.7097 -0.5984 0.0177 347.31 24.06 135.75 4.01 -4.78 -5.85 -0.4800 3.7300 1.2700 5.8544 2.0933 1.1567 3.84 -8.50 -3.01 200 382 344 399 215 
0.5986 -0.6370 -0.4601 0.1558 330.62 20.06 103.81 1.10 -2.63 -2.37 -1.4700 5.9700 0.1800 0.0356 0.2700 -0.2611 3.46 -8.92 -2.10 200 390 349 402 214 
0.6060 -0.6370 -0.4542 0.1439 334.50 22.37 104.81 3.13 -4.45 -1.81 0.0000 3.4900 0.3500 -0.5878 0.0533 -1.0711 4.47 -8.27 -2.75 197 323 304 324 210 
0.5856 -0.6376 -0.4984 0.0466 357.62 35.06 113.81 3.33 -6.55 -4.13 -2.2100 1.0500 -0.2700 -1.6133 -0.8078 -2.6989 6.82 -5.68 -4.15 129 251 248 261 183 
0.5064 -0.6014 -0.5995 -0.1496 45.63 56.75 143.37 12.67 -4.34 -6.91 4.6000 -2.1200 -2.6000 -0.8722 -0.7989 -1.4756 8.53 -1.24 -4.66 119 238 240 261 184 
0.4178 -0.5581 -0.6525 -0.2970 71.69 61.81 172.06 10.40 -1.80 -4.11 1.1600 -1.0000 0.4700 0.0489 0.0978 -0.0044 8.68 -0.59 -4.51 125 245 246 266 187 
0.4235 -0.5498 -0.6542 -0.3007 70.00 61.88 170.00 8.47 -0.56 -4.51 -0.3300 0.3200 0.1000 0.0911 -0.1800 0.3500 8.55 -1.04 -4.67 132 250 251 272 192 
0.4266 -0.5641 -0.6506 -0.2765 64.25 59.81 164.69 7.88 -0.89 -4.24 -0.3100 0.4700 0.6000 0.1178 -0.7389 0.1389 8.21 -1.46 -5.15 163 270 270 295 205 
0.3977 -0.5844 -0.6697 -0.2278 58.13 50.06 164.69 8.67 -2.82 -7.52 1.6600 -1.2000 -1.1800 -0.2300 -1.8456 0.8133 6.51 -1.96 -7.06 181 285 288 327 217 
0.3145 -0.6600 -0.6696 -0.1310 91.44 33.75 160.37 8.42 -6.06 -11.72 2.6000 -1.7300 -4.0200 1.8222 -1.0433 2.6511 4.17 -4.81 -7.45 194 372 331 390 220 
0.4135 -0.7170 -0.5574 0.0652 334.81 20.37 125.12 0.75 -3.04 -0.43 -2.6700 5.5700 3.7300 2.5256 0.8344 0.8511 3.08 -8.73 -3.20 201 408 353 418 217 
0.5663 -0.6613 -0.4642 0.1626 328.44 18.19 108.75 1.86 -3.39 -1.75 -1.0600 4.7800 1.7600 -0.3856 0.0833 -0.2433 3.27 -8.69 -3.14 201 406 357 419 218 
;
