0.5629 0.0990 -0.2441 -0.7834 108.56 6.81 -29.81 1.13 4.86 8.45 -0.0200 0.0200 -0.0200 0.0100 0.0300 -0.0211 1.15 4.85 8.44 167 316 343 417 220 
0.5626 0.1002 -0.2440 -0.7836 108.62 6.75 -29.87 1.09 4.93 8.39 -0.0100 0.0700 -0.0400 0.0044 -0.0022 0.0033 1.15 4.85 8.44 170 315 347 416 219 
0.5625 0.1002 -0.2441 -0.7836 108.62 6.75 -29.87 1.07 4.88 8.40 -0.0200 0.0500 -0.0500 0.0022 -0.0078 0.0044 1.15 4.85 8.44 169 316 345 413 220 
0.5626 0.1002 -0.2441 -0.7835 108.62 6.69 -29.87 1.08 4.94 8.40 -0.1700 0.0600 -0.0400 -0.0122 -0.0822 0.0111 1.22 4.83 8.44 170 314 345 414 219 
0.5603 0.0884 -0.2482 -0.7853 109.12 9.06 -29.25 1.19 4.97 8.85 -0.7500 0.3700 0.2600 -0.4911 -1.1744 -0.2367 2.37 4.42 8.42 169 317 332 408 225 
0.5286 -0.0280 -0.2678 -0.8051 114.69 22.62 -22.44 3.37 3.66 8.22 -0.9800 0.5400 0.0900 -1.7722 -2.7967 -0.0856 5.46 2.42 7.77 165 276 251 278 214 
0.4244 -0.2949 -0.3140 -0.7964 127.62 58.88 -32.44 8.60 2.88 0.00 -0.4100 -0.1200 -2.5500 1.6422 -9.6644 -1.0222 8.89 3.40 -2.32 150 257 245 244 194 
0.1293 -0.6891 -0.5800 -0.4147 102.37 37.19 -162.00 13.72 1.58 -13.68 5.6100 -0.5500 -5.6400 2.4978 -0.5722 2.6000 5.19 -0.23 -8.31 169 279 265 276 213 
0.2309 -0.8162 -0.5032 -0.1649 119.50 27.44 158.19 3.13 -1.16 -8.58 -2.1200 3.0900 0.0200 4.8300 0.8200 2.0478 3.94 -6.38 -6.30 199 356 338 403 222 
0.5359 -0.7627 -0.3618 -0.0137 359.87 23.12 111.75 1.92 -2.08 0.01 -1.9300 6.3800 2.7800 0.7300 0.5622 0.3856 3.53 -8.79 -2.51 199 384 357 406 221 
0.6112 -0.7221 -0.3239 0.0093 1.50 24.31 106.37 2.92 -5.95 -1.89 0.2000 0.6800 -0.6800 -1.1222 1.6144 -1.7211 5.38 -7.81 -2.48 169 281 213 219 196 
0.6335 -0.6851 -0.3221 -0.1600 34.19 41.25 90.94 11.31 -11.18 -2.16 4.2100 -1.9400 -1.4500 3.4356 4.6467 0.8789 5.53 -7.09 3.90 128 235 165 205 177 
0.8610 -0.4213 -0.1011 -0.2665 32.13 16.56 40.50 -0.09 -1.91 7.66 -2.6500 4.8500 0.4300 1.8889 1.6189 2.1011 0.70 -5.06 8.36 122 183 179 193 169 
0.9529 -0.2379 0.0452 -0.1827 21.19 -1.56 26.94 -1.70 -0.26 9.23 -1.0900 3.7600 0.0200 -0.1356 0.5122 -0.3978 -0.64 -4.54 8.66 120 180 180 193 172 
0.9352 -0.2357 0.1127 -0.2391 32.25 -6.81 32.00 4.60 -3.85 8.09 4.8600 1.1400 -0.4900 -1.5256 3.0922 -1.5778 -2.12 -6.24 7.25 122 184 180 202 175 
0.8456 -0.3043 0.2661 -0.3486 44.81 -13.25 48.56 -6.40 -6.73 1.72 -4.3600 1.5600 -4.4200 0.3122 -1.6778 -1.5833 -0.88 -7.32 6.46 133 199 188 208 183 
0.8293 -0.3774 0.1217 -0.3936 54.31 12.81 45.69 2.23 -2.29 0.74 1.2600 4.2100 -5.0200 0.5489 -1.7622 -4.7644 5.25 -5.32 6.33 161 221 214 239 202 
0.6893 -0.3849 -0.1368 -0.5983 89.37 42.63 19.75 9.40 2.09 8.72 3.1700 3.5600 1.9300 2.1356 3.5578 -2.7111 5.35 0.13 8.21 167 256 242 279 206 
;
0.6124 -0.1484 -0.1953 -0.7515 102.12 24.75 -8.81 3.84 4.15 11.87 3.1500 0.0600 14.6200 -0.7400 -1.4400 -0.2222 3.80 1.09 8.97 166 277 251 286 206 
0.5807 -0.1611 -0.1716 -0.7794 107.62 28.44 -5.37 5.81 3.04 8.29 0.1800 1.9400 1.9300 0.1022 -0.7056 0.1333 5.03 0.94 8.36 168 286 262 295 207 
0.5190 -0.2772 -0.2594 -0.7659 116.62 60.38 -17.62 10.54 2.20 -1.08 1.4400 -0.3200 -2.5600 0.5856 -7.8411 -0.4044 9.06 2.10 -3.08 152 269 257 283 204 
0.2178 -0.6661 -0.5458 -0.4594 130.50 53.19 -159.12 10.31 2.99 -6.78 4.7300 0.8100 -1.4500 0.4578 -2.7200 0.2656 6.46 1.79 -7.15 156 273 258 292 208 
0.1514 -0.7516 -0.5840 -0.2666 106.56 32.88 178.94 12.90 -1.43 -17.10 5.6300 1.1100 -7.4900 4.4611 -0.9478 3.4122 4.41 -4.15 -7.71 194 336 317 374 223 
0.4097 -0.7999 -0.4377 -0.0286 358.75 21.37 127.19 -0.97 -0.09 -1.49 -2.5200 8.2200 5.1400 2.9856 1.5244 1.5022 2.89 -8.90 -2.91 200 400 364 424 219 
0.6082 -0.7327 -0.3005 0.0535 351.00 17.37 105.06 0.27 -2.26 -0.63 -2.1800 5.6900 1.6800 -0.5900 0.4622 -1.7211 4.11 -8.51 -2.60 198 360 336 361 222 
0.6107 -0.7084 -0.3438 -0.0839 23.37 37.31 103.25 11.83 -14.23 -6.59 6.7800 -5.1000 -4.0000 2.3078 4.4500 -0.6911 6.63 -6.99 1.80 156 243 192 209 182 
0.8082 -0.4959 -0.1737 -0.2658 34.19 25.12 51.13 3.31 -3.26 6.10 -0.5300 5.0300 0.4500 2.2544 2.9089 3.0500 1.15 -6.30 7.42 148 193 182 198 167 
0.9366 -0.3067 0.0512 -0.1616 17.50 -2.25 34.44 -2.72 -0.31 7.85 -1.8700 4.9600 0.0300 0.4678 0.6878 0.2122 -0.94 -5.21 8.24 142 191 187 202 170 
0.9447 -0.2701 0.0964 -0.1591 21.12 -5.25 34.00 0.73 -2.95 9.21 1.9500 2.6800 0.9700 -1.5511 1.2356 -1.4900 -0.99 -6.38 7.37 122 194 186 201 172 
0.8751 -0.3466 0.1929 -0.2774 38.94 -10.38 49.25 -0.05 -9.21 5.46 1.7100 -2.0200 -0.7000 -1.2911 2.2033 0.0767 -2.74 -7.92 5.08 118 198 186 203 171 
0.7933 -0.3705 0.3519 -0.3312 46.25 -18.81 60.75 -5.64 -6.60 2.61 -2.2800 2.9900 -2.0400 0.3778 -0.5667 -0.7289 -2.56 -8.14 4.82 124 198 189 206 173 
0.7929 -0.3839 0.2794 -0.3819 52.56 -5.12 54.94 -0.89 -3.32 2.14 0.0300 5.2000 -4.6900 0.9922 -2.3478 -3.5311 2.47 -7.14 6.24 151 210 205 225 191 
0.7361 -0.4036 0.0026 -0.5433 80.37 31.00 34.94 6.67 -0.10 6.79 0.0700 3.2500 -0.2400 1.8400 1.3822 -4.8367 5.70 -1.87 7.75 164 255 231 257 199 
;
0.5812 -0.2579 -0.1588 -0.7553 108.00 31.12 1.00 5.57 2.84 12.63 0.2800 2.9200 3.5700 1.3389 0.6022 -0.5467 3.82 0.68 9.00 168 299 237 272 199 
0.5566 -0.1602 -0.1403 -0.8030 111.62 26.12 -1.19 5.85 1.76 4.08 1.5100 1.9800 -4.2000 0.6456 1.1944 0.5089 3.99 0.32 8.95 168 300 257 280 201 
0.5711 -0.1500 -0.1193 -0.7982 109.19 23.50 0.00 3.54 0.47 10.18 -0.7000 0.6200 3.6100 -0.1389 -2.9944 -0.5122 6.04 0.07 7.71 159 298 268 279 208 
0.4582 -0.4111 -0.2678 -0.7412 118.50 74.81 -7.12 15.03 -0.47 -0.64 4.6400 -1.2900 -2.9900 0.8578 -8.9978 1.2244 8.83 -0.43 -4.23 174 299 272 301 219 
0.2695 -0.7897 -0.4842 -0.2632 118.69 36.44 160.87 6.61 -2.98 -11.68 1.9900 2.3900 -3.4100 4.8022 0.5267 1.8389 5.11 -6.06 -5.76 197 358 342 402 222 
0.5524 -0.7402 -0.3802 -0.0488 6.62 27.62 110.87 -0.77 -0.23 0.64 -5.1800 8.7000 3.1000 0.2456 0.3689 0.1044 4.34 -8.41 -2.55 200 379 348 407 221 
0.6100 -0.7183 -0.3315 -0.0449 10.56 29.37 106.19 3.28 -3.89 -2.20 -0.9100 2.9200 -0.5100 -0.7889 1.0400 -0.9811 5.52 -7.74 -2.36 191 298 263 261 208 
0.6061 -0.7079 -0.3229 -0.1652 34.81 41.19 101.31 10.66 -11.76 -6.86 4.6300 -5.1400 -5.2400 3.0144 3.7467 0.0378 6.54 -6.91 2.32 138 213 179 200 179 
0.8118 -0.4812 -0.1955 -0.2668 33.06 29.44 48.56 4.61 -3.30 6.46 0.4600 3.0200 0.0100 2.7767 2.4178 2.2144 2.56 -5.48 7.71 136 179 181 199 176 
0.9481 -0.2714 -0.0417 -0.1605 17.00 7.12 28.31 -1.85 -0.81 8.38 -2.9500 3.5500 -0.1900 0.4144 0.3644 0.3800 0.66 -4.14 8.86 141 179 183 203 177 
0.9658 -0.2205 0.0027 -0.1360 17.25 2.81 26.19 1.87 -3.19 9.66 1.7700 1.3500 0.8600 -1.0389 1.0600 -0.9111 0.10 -4.96 8.45 141 187 186 206 180 
0.9300 -0.2779 0.0884 -0.2238 29.75 -3.87 36.25 2.41 -5.78 7.47 3.4400 -0.3700 -0.7500 -1.5011 2.1100 -0.6467 -1.41 -6.71 7.00 138 189 186 206 180 
0.8697 -0.3428 0.2100 -0.2865 36.56 -10.50 47.63 -3.75 -7.73 4.62 -2.7100 0.4800 -2.3900 -0.3144 0.1489 -0.5133 -1.74 -7.33 6.26 139 194 190 209 181 
;
