0.5421 0.3210 0.1652 0.7588 248.87 18.00 -36.44 4.22 5.93 10.14 3.2900 0.6900 2.1600 -1.1256 -2.3800 3.5178 5.27 3.36 7.55 153 301 169 176 165 
0.3987 0.3367 -0.0181 0.8528 226.00 37.69 -12.31 2.89 1.73 4.83 -3.5500 0.3800 -3.0500 -0.4267 0.2444 1.2056 6.01 0.55 7.72 147 325 175 178 170 
0.3127 0.3073 -0.0864 0.8946 218.87 35.81 -2.87 3.73 1.18 1.39 -0.3700 0.5400 -7.5800 1.5667 0.8144 -0.8067 5.14 1.46 8.21 137 329 176 183 172 
0.3201 0.2811 0.0591 0.9028 216.31 26.31 -24.50 13.13 9.08 8.80 9.1900 6.8100 4.8500 4.3378 0.0400 3.2156 5.06 5.06 6.69 159 340 176 193 175 
0.0450 0.3660 0.2294 0.9008 177.25 43.50 -27.19 3.76 8.41 10.99 -3.6400 6.6000 3.7700 -3.3533 2.3067 4.4667 6.20 -0.71 7.55 162 345 182 187 176 
-0.1778 0.2983 -0.0857 0.9338 160.62 27.62 23.56 -5.25 0.67 1.71 -9.0600 4.8400 -6.4500 -3.2756 -0.0178 -2.1811 4.69 -4.92 7.06 158 343 182 188 176 
0.0287 0.3111 -0.2688 0.9111 191.25 39.94 31.12 7.98 3.23 -3.05 3.8900 5.8500 -8.7500 2.2389 1.9511 -5.0144 6.47 -0.50 7.34 156 331 181 192 178 
0.2726 0.3604 -0.0074 0.8920 212.62 41.06 -23.50 21.38 9.70 11.64 14.6000 8.8500 10.1600 4.1633 0.3644 1.9478 6.86 4.25 5.55 162 325 193 193 182 
0.0529 0.4616 0.1301 0.8759 180.44 57.50 -13.81 -1.89 2.80 7.44 -10.3400 1.9900 0.8100 -3.2878 -0.5433 2.3222 8.55 -1.92 4.38 148 303 193 194 180 
0.0037 0.4899 -0.0957 0.8665 181.31 57.44 15.25 10.57 0.06 5.66 1.6100 1.0700 0.8400 -0.1022 -0.5189 0.3600 8.35 -1.43 4.93 156 306 188 194 180 
0.0068 0.4914 -0.0968 0.8655 181.44 58.25 17.87 7.94 -0.79 4.04 -0.2700 0.6300 -0.6400 -0.3756 -0.0633 -0.1744 8.37 -1.58 4.84 158 308 187 194 182 
0.0309 0.4955 -0.1114 0.8609 184.62 59.50 18.31 8.34 -1.79 4.55 -0.2800 -0.1400 -0.1400 -0.3689 -0.1600 -0.2456 8.53 -1.54 4.57 165 301 220 237 201 
0.0534 0.5089 -0.1077 0.8524 186.62 60.94 11.69 16.95 -2.74 8.40 8.5600 -1.2900 4.0800 1.4344 1.7022 0.4978 7.98 -0.51 5.67 182 328 333 369 212 
-0.0292 0.4172 -0.0250 0.9080 173.00 44.88 7.12 7.74 -0.63 3.78 1.2000 0.7400 -4.0600 0.2589 1.5256 2.3800 5.71 -1.66 7.79 190 354 350 394 218 
-0.1806 0.2859 -0.0610 0.9391 156.00 29.12 15.50 0.51 1.27 3.76 -4.0900 3.6900 -4.0100 0.3233 -0.7311 0.8333 4.84 -2.42 8.17 197 344 357 402 213 
-0.2490 0.3040 -0.0551 0.9179 149.50 34.13 18.81 6.93 3.97 8.59 1.8700 7.7700 0.7500 -3.8933 -0.9100 -0.4156 6.14 -4.15 6.41 181 309 341 385 219 
-0.1547 0.4287 -0.2524 0.8536 162.12 40.00 57.06 5.87 -8.99 -3.94 -3.1500 -5.8500 -6.3600 -2.4822 1.6600 0.8767 5.33 -7.58 3.20 172 304 337 398 224 
-0.0756 0.3676 -0.4549 0.8076 171.19 31.56 68.06 2.96 -8.55 2.86 -2.2900 0.8500 0.0500 -0.1922 0.4278 -0.6733 5.44 -7.52 3.14 179 306 336 391 225 
0.0018 0.3760 -0.4550 0.8072 182.50 39.56 66.81 1.51 -3.53 0.83 -5.3300 2.7600 -2.3200 0.3844 0.7800 -3.2878 7.64 -4.96 3.60 180 301 322 367 220 
;
