0.6677 0.0359 -0.2276 -0.7079 93.31 14.63 -22.50 2.42 3.71 8.69 -0.0300 0.1100 -0.0200 0.0033 0.0089 0.0000 2.47 3.63 8.76 172 320 331 378 212 
0.6677 0.0363 -0.2276 -0.7078 93.31 14.56 -22.50 2.41 3.75 8.73 -0.0500 0.1000 -0.0400 0.0167 0.0344 0.0022 2.45 3.65 8.76 173 321 334 376 211 
0.6690 0.0398 -0.2276 -0.7064 92.69 14.31 -23.12 3.95 2.56 13.08 0.6500 -0.8100 5.1700 0.6022 -0.0511 1.1000 2.65 3.94 8.57 175 311 241 252 220 
0.7147 -0.0149 -0.2872 -0.6376 78.12 35.06 -20.12 11.06 4.40 7.49 1.9400 2.5200 -0.4700 -0.6578 -1.2378 4.5089 7.33 0.20 6.50 172 322 210 208 204 
0.8173 -0.2424 -0.3386 -0.3984 48.25 47.25 16.06 2.08 -0.25 2.42 -4.3400 2.0700 -3.6100 0.0489 0.7489 0.7267 6.78 -2.45 6.63 172 322 218 214 206 
0.8551 -0.2589 -0.2889 -0.3439 43.94 42.13 18.25 8.75 -0.70 5.24 3.6700 0.9400 -1.3300 1.0367 -0.1700 0.2778 6.63 -1.89 6.96 169 315 219 214 206 
0.8783 -0.2057 -0.3215 -0.2879 31.06 43.38 14.31 11.10 -1.18 12.31 3.0700 0.8000 5.7600 0.5867 0.0711 3.4367 6.24 -2.89 6.98 173 324 223 218 206 
0.9232 -0.2418 -0.2934 -0.0565 3.00 32.44 34.75 -3.11 -0.18 9.09 -8.3500 5.4800 1.3100 -2.6156 1.9022 -0.6389 4.59 -5.98 6.26 176 328 222 221 206 
0.8889 -0.3786 -0.2128 -0.1459 28.37 33.50 42.94 6.75 1.77 -2.01 4.0200 6.3600 -7.9700 0.7056 0.7300 -3.5644 6.44 -3.75 6.36 175 328 224 220 208 
0.8323 -0.2886 -0.3086 -0.3588 46.94 49.63 17.12 15.23 -1.73 5.99 8.2700 -0.3800 1.2500 2.0244 -0.9400 -0.1067 8.01 -0.69 5.61 173 328 222 222 208 
0.8349 -0.1868 -0.4341 -0.2822 32.13 55.69 9.94 9.59 1.15 12.09 -1.1300 2.6300 5.8300 -0.4444 -0.0789 3.3067 7.62 -2.80 5.48 176 333 226 222 207 
0.8581 -0.2917 -0.4125 -0.0919 11.56 48.56 47.44 2.85 -3.07 0.66 -3.7700 1.6800 -3.4700 -1.1700 -1.1267 -0.0411 7.51 -5.34 3.32 174 326 226 225 208 
0.8034 -0.3922 -0.4361 -0.1025 15.38 52.06 60.13 9.01 -5.11 3.04 0.7900 0.5000 0.1900 -0.2778 -0.1689 -0.1700 7.89 -5.14 2.71 176 332 226 226 208 
0.7635 -0.4197 -0.4788 -0.1077 14.88 55.88 76.44 7.25 -4.18 -1.71 -0.3500 0.7700 -2.4800 -0.9533 -4.0211 0.7800 7.72 -5.76 -1.83 176 367 222 224 207 
0.5887 -0.5027 -0.6326 0.0242 348.69 42.50 117.44 10.77 -9.64 -6.13 4.3200 -2.5200 -2.1700 2.2489 -0.8322 1.0822 5.72 -7.41 -2.90 176 390 222 225 206 
0.6005 -0.4544 -0.6238 0.2094 318.06 33.94 98.00 6.27 -3.62 2.47 0.0800 4.9600 4.1200 1.7689 0.5222 -0.2922 5.69 -7.98 0.21 175 397 226 227 207 
0.6561 -0.3855 -0.5948 0.2590 319.56 35.88 93.31 6.16 -8.79 -2.68 2.0000 -1.9700 -5.1200 -1.0511 0.5522 -0.0233 5.86 -7.74 -1.31 176 397 224 226 207 
0.6497 -0.4309 -0.5908 0.2079 321.94 35.88 90.87 4.95 -4.84 3.56 -2.9200 4.8900 8.3800 0.3589 -0.2956 -0.2489 5.88 -7.82 0.60 178 392 230 229 208 
0.6956 -0.3927 -0.5653 0.2056 332.87 40.44 86.50 8.19 -5.80 3.17 1.0600 1.1700 2.0400 -1.3667 2.5144 -2.3244 7.34 -6.43 0.87 176 368 229 229 208 
0.7693 -0.3921 -0.5016 -0.0521 16.94 56.56 62.19 11.84 -1.48 1.43 4.0500 2.5400 -2.8300 -2.6422 5.7456 -3.2656 7.64 -3.36 5.13 175 337 231 233 209 
;
