0.8052 -0.4484 -0.1008 -0.3747 49.88 29.87 48.19 5.01 -6.24 5.58 0.0900 0.0700 0.0200 0.0289 0.0167 -0.0044 4.89 -6.32 5.67 181 322 306 338 207 
0.8060 -0.4471 -0.1017 -0.3743 49.75 29.87 48.00 5.08 -6.26 5.61 -0.0200 0.0400 -0.0300 0.0233 -0.0011 0.0078 4.88 -6.31 5.69 181 317 303 332 205 
0.8098 -0.4458 -0.1097 -0.3653 45.94 31.19 47.75 7.43 -5.77 3.16 1.2100 -1.0200 -2.4000 0.5089 -2.7400 1.6644 5.44 -6.44 4.99 149 314 198 208 160 
0.8407 -0.4407 -0.2125 -0.2321 30.94 34.25 49.06 4.26 -5.65 7.13 -0.7000 0.4000 1.4800 0.4256 0.2722 -0.6722 5.65 -5.63 5.69 149 324 206 216 165 
0.8524 -0.3945 -0.2239 -0.2601 33.94 35.69 42.81 5.65 -5.60 5.86 -0.1400 -0.1600 -0.0900 0.2400 0.0767 0.0600 5.67 -5.34 5.94 153 320 211 219 167 
0.8628 -0.3752 -0.2187 -0.2588 33.13 34.69 39.25 5.75 -4.72 3.23 0.1700 0.0900 -3.4800 1.8789 0.6111 -0.2033 5.39 -4.21 7.02 131 331 204 217 167 
0.9102 -0.2418 -0.2330 -0.2427 27.12 33.63 17.75 9.17 -0.90 8.64 4.1100 1.4100 3.2000 3.6911 -1.5078 1.3422 6.15 -0.82 7.58 120 366 207 217 167 
0.9357 -0.0573 -0.3409 -0.0703 4.75 38.94 6.75 5.22 0.67 14.46 -0.8500 2.1200 6.0100 -2.7111 1.4389 2.3478 5.13 -3.18 7.72 123 366 211 218 167 
0.9352 -0.2515 -0.2475 0.0309 356.75 23.56 37.94 -1.11 -3.61 3.33 -4.6800 2.5900 -3.9100 -2.5678 0.3978 -0.6278 3.68 -6.81 6.00 123 346 213 219 166 
0.8809 -0.4129 -0.2248 -0.0558 11.19 29.19 50.88 5.45 -1.17 -0.52 0.8100 4.7700 -5.6100 1.1122 0.6400 -2.5589 5.78 -5.02 6.12 124 345 215 220 168 
0.8856 -0.2918 -0.2943 -0.2095 27.56 42.31 25.94 10.69 -2.07 5.81 4.5900 0.2800 0.0800 2.2667 -1.0656 -0.8822 7.23 -1.57 6.42 126 346 214 222 170 
0.8845 -0.1425 -0.4056 -0.1812 19.56 51.25 9.06 8.27 -0.34 13.26 -2.7200 0.0700 6.6400 -0.2889 -1.2411 1.6400 7.94 -1.87 5.43 129 344 219 222 170 
0.8680 -0.1876 -0.4519 -0.0840 11.44 54.19 27.62 6.93 -2.77 4.18 -1.0600 -0.0800 -1.2200 -0.5178 0.6967 -0.2289 7.68 -2.82 5.39 131 338 219 225 172 
0.8735 -0.2225 -0.4167 -0.1177 15.75 50.88 27.31 7.44 -2.86 5.41 -0.2500 -0.0900 0.0300 -0.0778 0.3822 -0.1922 7.46 -2.76 5.72 135 332 225 227 176 
0.8801 -0.2238 -0.3909 -0.1501 20.50 48.50 24.06 6.24 -2.83 3.58 -0.6000 -0.4600 -3.4700 0.8156 0.8611 -0.9556 7.01 -1.84 6.60 137 332 227 231 176 
0.9025 -0.1357 -0.3585 -0.1965 22.62 44.56 4.06 11.02 0.21 7.94 4.3000 0.6000 1.6000 3.0133 -0.5822 1.1067 7.14 0.49 6.69 153 342 233 232 177 
0.9150 0.0054 -0.4001 -0.0512 2.19 45.44 -0.88 7.10 3.18 14.61 -1.1300 3.1500 4.8900 -2.7444 1.4733 2.7111 5.98 -2.40 7.38 157 349 232 234 178 
0.9327 -0.2059 -0.2905 0.0562 354.19 27.50 34.56 -1.32 -2.00 3.68 -5.3300 3.4600 -3.9500 -2.4978 0.6433 -1.1011 4.28 -6.21 6.25 158 351 230 234 179 
0.8913 -0.3753 -0.2378 -0.0905 17.12 32.06 44.44 5.62 -1.59 0.21 0.2100 3.6800 -5.8600 0.7100 0.4056 -2.9278 6.15 -4.30 6.30 156 352 231 235 179 
0.8726 -0.2770 -0.2918 -0.2769 36.63 43.13 20.31 11.74 -2.14 6.00 4.9800 -0.0200 -0.2700 1.6644 0.1178 0.0833 7.17 -1.14 6.58 156 346 232 236 182 
0.8721 -0.1574 -0.3900 -0.2500 29.37 47.38 7.06 6.38 -1.31 12.02 -0.2600 -0.4500 4.8700 -0.3189 -0.0733 1.6878 6.97 -1.67 6.68 155 341 235 236 180 
0.9014 -0.1917 -0.3550 -0.1575 18.06 44.31 22.12 5.20 -2.59 5.39 -1.9300 0.3700 -1.0500 -0.1133 -0.2089 0.6200 6.83 -3.15 6.27 156 339 235 237 182 
;
