0.6629 0.4023 0.0755 0.6269 273.19 23.81 -43.38 3.79 6.27 6.54 -0.1400 0.0400 0.0200 -0.0122 -0.0211 -0.0067 3.96 6.15 6.51 169 333 361 390 214 
0.6634 0.4025 0.0752 0.6263 273.25 23.81 -43.38 3.86 6.23 6.53 -0.1200 0.0800 0.0000 -0.0011 0.0044 -0.0022 3.95 6.16 6.51 169 335 360 388 215 
0.6636 0.4025 0.0756 0.6261 273.31 23.75 -43.38 3.88 6.20 6.59 -0.0400 0.0300 0.0400 0.0033 -0.0033 -0.0056 3.95 6.16 6.51 167 334 358 389 216 
0.6620 0.4037 0.0786 0.6265 273.19 24.75 -44.81 6.93 7.21 9.93 5.1500 3.0000 4.5100 -0.5278 1.3367 -0.0656 3.97 6.11 6.55 167 285 202 203 199 
0.6209 0.3831 0.0449 0.6824 256.87 36.88 -35.63 9.30 3.71 3.69 2.6400 1.7900 1.4700 -0.4978 -0.2644 4.3800 7.70 2.05 5.70 159 280 168 177 161 
0.3633 0.4337 -0.1559 0.8097 224.00 55.25 -0.19 3.08 1.28 3.35 -4.8700 1.5800 -2.2400 0.1033 -0.0233 0.9533 8.06 -0.71 5.53 133 290 170 179 161 
0.2902 0.4199 -0.1818 0.8405 218.87 53.13 3.94 7.76 1.98 1.36 1.7600 2.6500 -4.2100 1.1733 0.5944 -0.4400 7.61 0.33 6.16 134 289 175 185 165 
0.2748 0.4208 -0.0980 0.8589 211.19 52.13 -6.56 19.24 -0.83 14.49 14.2100 1.0800 11.2200 2.0078 -0.4733 4.4411 7.94 -0.88 5.68 150 303 174 181 165 
-0.0090 0.3658 -0.1487 0.9187 175.19 35.75 29.06 -6.69 -0.69 7.09 -12.0200 3.8900 -0.3300 -2.4911 0.7578 0.5300 4.76 -5.66 6.42 150 309 177 187 167 
0.0075 0.2943 -0.3268 0.8981 186.69 36.50 42.31 -1.26 3.31 -2.04 -3.9900 9.5900 -8.6400 -0.4467 -0.7356 -4.6222 7.62 -3.14 5.30 153 293 180 189 169 
0.2723 0.4214 -0.2119 0.8386 219.00 57.56 1.75 16.12 3.01 1.65 9.6100 2.0200 -2.0100 2.3722 -1.8089 -1.4344 8.86 1.76 3.80 152 289 179 189 171 
0.2575 0.5707 -0.0450 0.7784 211.62 68.69 -30.12 21.19 4.15 11.98 7.3000 2.7300 8.0200 -0.1122 -0.9256 5.2978 9.33 -1.99 2.23 153 294 187 190 174 
-0.0194 0.5950 -0.2517 0.7631 175.94 61.69 72.37 1.51 -2.34 0.06 -3.6200 1.1600 -3.9600 -1.0622 1.2233 -0.8922 8.66 -4.31 1.57 151 294 184 195 171 
0.0276 0.5741 -0.3018 0.7607 184.69 63.38 69.56 9.32 -3.72 1.90 0.6400 0.4600 0.4700 0.0856 0.2200 -0.4367 8.86 -3.84 1.67 152 296 184 198 172 
0.0464 0.5767 -0.2784 0.7667 186.62 65.87 63.00 12.86 -5.64 3.37 4.4700 -2.7500 1.5400 2.3933 -0.1444 -0.2967 9.04 -2.97 2.34 148 346 185 199 171 
-0.0514 0.5796 -0.1300 0.8028 167.69 65.50 34.88 10.58 -4.38 1.60 1.3200 -2.1400 -2.1500 3.7122 1.9378 -0.1878 8.43 -1.06 4.89 140 398 184 205 176 
-0.1997 0.4440 0.1010 0.8676 152.37 50.56 -5.44 4.27 2.74 2.62 -3.1400 1.8700 -4.0800 1.7500 1.3644 0.7500 6.79 1.36 6.94 138 409 188 206 178 
-0.2882 0.3009 0.1917 0.8886 143.00 38.50 -13.25 4.75 3.47 6.26 -1.1400 1.6500 -0.9900 0.0711 0.6344 0.0967 5.72 1.81 7.74 145 415 186 208 176 
-0.2786 0.2515 0.1796 0.9093 147.06 34.31 -12.81 7.06 3.47 6.10 1.2800 1.4400 -2.5500 -1.5444 0.0100 -0.9311 5.56 1.29 7.96 154 420 188 221 184 
-0.1823 0.2712 0.1036 0.9394 160.25 31.56 -5.19 4.13 -0.69 7.26 -1.2000 -2.1900 -0.6600 -0.7733 -0.4100 -0.2633 4.93 0.00 8.47 155 425 196 228 187 
-0.1082 0.2592 0.0253 0.9594 168.06 30.75 0.81 3.86 1.22 9.57 -1.0700 1.5300 0.8300 -0.6667 -0.5889 -0.0389 5.33 -0.46 8.21 156 427 196 226 184 
-0.0914 0.3103 -0.0228 0.9460 169.44 37.25 10.75 0.38 -0.48 2.65 -7.4100 -0.2900 -5.3300 -2.3433 -0.6556 -1.1633 6.29 -2.41 7.12 148 390 199 224 188 
0.0293 0.3969 -0.1506 0.9050 190.56 50.69 19.87 7.25 -2.31 5.17 0.5100 -0.2300 -0.3800 -2.3089 0.6922 -5.7267 7.78 0.23 5.95 121 280 194 216 182 
;
