0.5888 0.3657 0.1567 0.7036 259.81 19.19 -43.56 3.26 6.37 6.65 0.0300 -0.0100 -0.0800 0.0056 0.0444 -0.0222 3.19 6.39 6.71 164 325 366 407 214 
0.5892 0.3627 0.1609 0.7038 259.81 18.56 -43.81 2.85 8.90 11.32 0.3800 4.3000 6.5400 0.5822 -0.8511 1.4522 3.94 6.38 6.30 170 300 254 259 210 
0.5156 0.4324 0.0485 0.7381 243.12 45.63 -34.56 9.86 6.07 5.68 -0.8000 1.5100 -0.3400 -1.5789 -0.2011 4.8767 8.33 0.27 5.15 157 288 180 190 165 
0.2852 0.4166 -0.2224 0.8340 215.00 52.63 17.62 -0.01 -2.85 0.29 -7.7000 -0.5000 -6.3200 0.8489 1.8067 -0.7044 6.97 -1.28 6.77 145 300 176 189 163 
0.3024 0.3353 -0.1041 0.8862 217.56 38.81 -7.25 14.28 9.36 4.50 9.3800 7.5400 -1.0600 5.4878 0.3522 1.1289 5.75 3.82 6.96 153 304 178 191 171 
0.1208 0.3899 0.1678 0.8973 186.69 44.88 -25.75 6.54 8.57 11.85 -3.9500 6.3800 3.8400 -2.7722 2.2522 4.9311 6.45 -0.77 7.34 168 321 185 192 173 
-0.1350 0.3287 -0.1247 0.9264 164.06 33.19 31.31 -5.19 0.38 2.02 -9.1500 5.7300 -5.9900 -3.1667 -0.0667 -2.2289 6.16 -5.26 5.51 170 331 187 192 175 
0.0912 0.3796 -0.2951 0.8720 197.56 48.13 34.31 11.05 2.42 -4.70 4.4400 3.4100 -10.0600 4.2222 -0.8711 -3.1244 7.92 0.28 5.76 170 322 188 195 178 
0.2048 0.4695 0.0222 0.8586 201.75 52.19 -27.94 14.08 10.32 17.42 3.0900 6.5200 12.1700 -0.2011 -2.1878 3.8600 8.87 1.12 4.02 169 309 193 204 176 
0.0092 0.5670 -0.0340 0.8229 180.37 69.44 18.62 4.53 -0.38 1.70 -4.4500 0.9800 -1.6200 -1.2189 -1.0033 0.6178 9.26 -2.03 2.49 172 307 219 222 182 
-0.0125 0.6331 -0.1635 0.7565 176.25 71.87 75.75 8.63 -2.05 -1.80 0.1100 1.5900 -1.3100 -0.9000 -2.3322 1.5022 8.77 -4.11 -1.47 193 313 323 372 220 
-0.1161 0.7534 -0.2997 0.5737 149.37 46.50 123.81 13.43 -11.73 -5.48 6.5200 -3.7900 1.0800 -0.5467 -2.3300 4.3933 3.28 -7.44 -5.46 197 311 329 399 221 
-0.2748 0.7426 -0.5086 0.3382 252.19 11.63 136.31 -0.84 2.09 -4.60 0.1300 7.8600 -3.6200 -5.2344 0.5511 0.0267 1.65 -3.11 -9.14 186 292 328 389 221 
-0.0660 0.7745 -0.6013 0.1853 255.62 12.19 159.37 2.49 -3.60 -6.81 0.5400 -0.0200 1.7300 -0.2567 0.1644 -0.1378 2.16 -3.32 -8.96 185 300 330 400 222 
;
-0.0649 0.7729 -0.5974 0.2036 255.31 14.19 158.87 3.16 -2.83 -8.03 0.0900 0.7800 0.7000 0.0933 0.3222 -0.1189 2.65 -3.47 -8.77 189 301 330 399 218 
-0.0494 0.7731 -0.5882 0.2323 254.06 19.00 158.37 4.18 -2.58 -8.17 0.5000 0.6900 0.2600 0.3544 1.3256 -0.7844 4.40 -3.39 -8.07 174 260 263 278 194 
0.0412 0.7509 -0.5222 0.4022 198.12 48.69 147.06 13.25 -6.22 -8.36 3.6400 -1.8600 -4.5100 2.9600 7.6856 -0.1467 9.00 -3.47 1.74 142 323 186 203 142 
0.1960 0.4353 -0.3090 0.8225 206.81 52.38 31.75 2.08 -1.34 4.79 -4.5900 2.1600 -0.8700 0.2367 1.9689 -0.8422 7.10 -2.56 6.25 150 327 192 208 150 
0.2675 0.3212 -0.2050 0.8850 215.50 40.88 9.88 9.06 2.38 1.48 3.3500 3.2100 -5.3700 3.0100 1.0433 -0.6511 5.81 0.70 7.86 158 327 190 212 153 
0.2357 0.3447 0.0137 0.9086 205.00 40.44 -16.69 19.23 10.05 20.13 10.2300 7.9600 13.9700 0.0011 0.7278 4.5633 7.02 0.69 6.80 172 342 197 217 157 
-0.0583 0.3563 -0.0690 0.9300 169.25 35.94 22.12 -4.48 -0.67 6.66 -10.1800 2.8800 -1.2600 -2.9989 0.3356 1.0667 4.81 -5.33 6.67 165 355 195 216 148 
-0.0742 0.3290 -0.3082 0.8895 175.56 36.06 47.38 0.78 0.60 -4.65 -3.2700 6.3400 -10.9700 -0.2000 0.7644 -4.7322 7.32 -3.62 5.41 164 350 192 211 157 
0.2139 0.4119 -0.1827 0.8667 209.25 53.56 4.06 13.38 4.35 0.88 7.4700 3.7700 -2.3200 4.7344 -0.7956 -1.8000 7.97 3.03 4.83 165 343 200 215 155 
0.1655 0.5065 0.1099 0.8391 197.00 58.50 -34.94 9.06 5.64 10.28 -1.4900 3.0500 5.1600 -1.3911 -1.6722 3.8978 9.34 -0.25 2.95 165 327 198 215 155 
0.0114 0.5934 -0.0807 0.8008 183.00 71.37 25.69 6.28 0.34 0.89 -0.0700 2.5700 -1.1800 -0.9511 -0.5756 -0.1933 9.38 -1.45 2.46 167 304 259 287 191 
0.0325 0.6313 -0.1971 0.7493 180.44 69.44 89.31 7.85 -4.10 -1.78 -1.5500 -0.7100 -1.0600 -1.8544 -4.4222 4.0900 7.14 -5.76 -3.44 181 292 303 336 206 
-0.1115 0.7208 -0.4511 0.5143 155.94 38.69 127.31 6.45 -6.57 -5.88 1.1900 -0.3700 -0.9400 -0.4256 0.2256 -0.3144 6.25 -5.76 -4.88 181 293 299 336 207 
-0.0855 0.7273 -0.4741 0.4889 160.62 38.81 131.31 7.80 -5.72 -6.09 1.8800 -0.1400 -0.7400 -0.5011 -0.7400 1.4389 5.48 -6.00 -5.48 176 296 314 368 211 
-0.1089 0.7141 -0.5577 0.4088 151.25 24.81 140.94 -1.43 -3.08 -2.38 -2.7500 2.4800 1.9000 -3.9600 -1.0567 -0.2611 3.51 -3.15 -8.59 179 292 318 389 218 
0.0182 0.7375 -0.6335 0.2334 261.25 21.87 162.56 4.37 -2.89 -8.56 1.1200 -0.3400 0.6300 0.2278 -0.0767 0.0411 3.57 -2.94 -8.64 182 301 323 389 216 
0.0015 0.7349 -0.6321 0.2455 261.81 21.31 160.12 4.17 -2.21 -8.20 0.3300 0.9300 0.4700 0.1644 0.2456 0.1222 3.65 -3.28 -8.48 185 298 322 390 217 
;
