0.7259 -0.0649 0.1212 -0.6740 85.69 -5.06 14.94 -0.89 -2.57 9.38 -0.0500 -0.0500 0.0000 -0.0111 0.0056 0.0144 -0.87 -2.52 9.43 162 339 338 344 218 
0.7267 -0.0649 0.1215 -0.6730 85.56 -5.06 15.00 -0.93 -2.54 9.42 -0.1100 -0.0100 0.0100 -0.0011 0.0056 0.0144 -0.87 -2.53 9.43 164 333 334 343 218 
0.7290 -0.0662 0.1194 -0.6708 84.62 -4.00 14.81 -1.82 -3.62 10.74 -1.0900 -1.4000 1.4800 1.0567 -2.2889 0.7378 0.55 -1.99 9.58 166 294 244 261 218 
0.7904 -0.1291 -0.0303 -0.5980 69.87 15.88 11.63 5.64 -4.06 7.82 1.8300 -1.8200 -1.9200 1.5989 -4.4522 3.2822 4.78 -2.32 8.23 127 307 149 171 175 
0.8763 -0.2244 -0.2249 -0.3621 40.63 35.31 15.81 1.93 -1.62 5.14 -2.8800 1.1800 -2.0700 1.5733 -0.9489 0.7322 6.17 -1.68 7.42 117 315 153 175 176 
0.9030 -0.1580 -0.3079 -0.2547 30.31 39.81 6.69 8.48 1.20 4.87 2.3100 1.5200 -2.7000 2.2444 -0.2144 0.4767 6.36 0.00 7.46 113 299 154 182 177 
0.9197 -0.0325 -0.3563 -0.1614 14.50 44.63 -5.50 17.93 1.40 16.06 8.4700 3.3200 12.2400 1.7056 2.5222 2.9789 6.53 0.22 7.30 137 307 165 189 179 
0.9412 -0.0401 -0.3239 0.0868 346.25 34.63 16.81 1.19 1.62 7.47 -4.0000 5.1200 -0.5300 -2.6089 1.3711 1.0300 4.57 -4.44 7.45 140 313 164 190 180 
0.9278 -0.2696 -0.2466 0.0758 355.12 25.44 38.88 -0.27 1.09 1.40 -3.8600 6.6900 -5.5800 -1.5844 0.1078 -3.1300 5.50 -5.28 6.15 138 315 166 193 181 
0.8853 -0.3190 -0.2887 -0.1764 27.19 41.19 31.87 8.76 -1.53 0.67 4.0100 1.7900 -4.7200 1.7422 -0.9956 -2.6767 7.38 -1.69 6.22 136 314 168 192 184 
0.8595 -0.1496 -0.4060 -0.2722 31.87 51.44 -1.81 15.64 0.74 15.78 4.7600 0.5000 10.3300 1.1489 -1.2733 2.5344 8.15 -0.25 5.43 145 320 169 198 187 
0.8636 -0.1296 -0.4753 -0.1070 13.13 58.63 19.81 6.85 -0.30 4.34 -1.1600 1.7000 -0.3900 -1.0867 0.3022 0.5533 8.27 -2.62 4.56 145 313 179 200 184 
0.8621 -0.2252 -0.4432 -0.0978 12.13 50.75 31.44 13.69 -6.63 7.09 5.5000 -2.7200 0.9700 0.1400 2.5344 2.0989 6.04 -4.21 6.46 146 206 166 196 186 
0.9357 -0.2446 -0.2539 -0.0129 358.87 23.12 28.44 2.29 -2.60 2.27 -1.3700 1.9700 -5.6400 2.0856 2.4822 1.4022 1.72 -3.30 9.07 140 161 159 197 185 
0.9873 -0.1371 -0.0374 0.0714 351.06 0.06 14.38 -2.01 2.28 8.23 -1.8900 3.8500 -0.4400 0.1389 0.6344 0.1344 -0.65 -2.15 9.54 133 149 168 199 185 
0.9888 -0.1255 0.0317 0.0739 352.75 -5.44 15.50 -0.24 -1.19 10.10 1.4300 1.6500 0.6300 -1.0944 1.1244 -1.2333 -1.34 -3.48 9.06 125 150 162 197 186 
0.9720 -0.2142 0.0929 -0.0236 5.06 -11.94 28.50 -0.29 -5.30 6.88 -0.6800 -2.0700 -1.7500 -1.3156 1.0278 -0.4878 -2.78 -5.58 7.56 119 153 169 197 186 
0.9317 -0.3065 0.1807 -0.0733 10.00 -17.37 39.69 -3.76 -6.45 6.00 -0.3900 0.9400 -1.2900 0.1511 -0.5600 -0.7400 -2.37 -6.13 7.27 121 160 168 198 188 
0.9274 -0.3250 0.1397 -0.1213 16.56 -6.69 40.69 -1.67 -3.97 1.25 -2.3500 2.3900 -6.0100 0.9589 -0.3022 -3.3067 0.58 -6.09 7.66 126 193 170 200 189 
0.8962 -0.3068 -0.0004 -0.3204 47.75 14.44 30.37 4.03 -2.11 11.30 1.4800 1.3600 3.7500 1.0133 2.9378 -4.3867 2.35 -3.24 8.94 140 256 211 260 203 
;
