0.6153 0.0405 -0.3781 -0.6906 96.56 24.12 -38.75 4.21 5.60 6.93 0.3000 -0.0600 0.0000 -0.0589 0.1389 -0.0044 3.97 5.56 7.02 174 345 355 421 217 
0.6248 0.0422 -0.3656 -0.6887 93.87 23.00 -35.19 8.11 10.80 8.92 1.8000 5.6900 3.2600 -2.1656 0.4467 3.2600 4.30 3.27 8.18 173 305 253 267 209 
0.7613 -0.1249 -0.3356 -0.5406 62.19 49.63 -5.06 5.08 -0.70 4.76 -5.1200 -1.1600 -0.7800 0.5267 -2.5322 3.4622 8.46 -1.78 4.62 165 284 211 210 182 
0.8145 -0.2767 -0.4150 -0.2963 39.31 55.38 19.56 12.32 1.06 4.44 4.8300 2.5200 -0.4900 1.5933 -0.6733 1.5444 8.06 -1.87 5.25 146 284 215 212 181 
0.8544 -0.2297 -0.4448 -0.1394 10.50 52.69 34.31 8.02 -2.98 9.09 -2.1100 0.9200 4.0500 -0.4667 0.2422 4.6256 6.17 -5.78 4.95 158 298 221 218 182 
0.8522 -0.3704 -0.3510 0.1159 344.12 27.56 58.13 -5.20 -6.15 3.85 -9.0400 2.3200 -1.9900 -0.7200 0.6400 -1.7789 5.02 -7.20 4.36 159 304 219 218 184 
0.8531 -0.3896 -0.3453 -0.0363 11.25 42.06 49.19 9.49 2.43 1.51 3.5500 6.7900 -2.8200 0.9956 -0.3200 -2.3856 7.61 -3.59 5.03 157 300 222 220 185 
0.8459 -0.2578 -0.4382 -0.1611 20.87 57.44 30.87 17.48 -3.10 5.21 5.3600 -1.7900 2.6600 1.1289 -1.2944 1.9667 8.27 -3.27 4.11 160 300 226 223 186 
0.8148 -0.2856 -0.5042 -0.0198 1.00 54.88 58.44 5.29 -4.65 4.71 -3.0100 0.3400 0.9000 -0.8133 1.2033 -0.7489 7.91 -4.75 3.29 161 304 230 226 190 
0.8145 -0.3215 -0.4768 -0.0772 16.50 57.50 47.81 3.88 -1.69 3.77 -4.7400 0.6200 -0.7500 -1.5167 4.1789 -5.6922 7.99 -1.18 5.55 166 328 311 368 212 
0.7886 -0.1359 -0.3428 -0.4921 73.37 32.00 -19.87 2.12 6.79 5.35 0.9600 6.1600 0.3300 0.9211 2.0744 -4.5000 1.98 5.13 8.11 156 357 353 429 215 
0.6304 0.0355 -0.3807 -0.6756 94.19 29.87 -36.69 5.06 2.60 1.74 -0.8600 -1.1900 -4.0100 0.1100 1.0089 -0.1522 4.55 5.09 7.02 169 365 357 429 218 
0.6304 0.0033 -0.3749 -0.6797 94.31 28.37 -35.69 5.16 5.25 6.95 0.6500 0.1200 -0.3400 0.0200 0.1011 0.0100 4.68 5.02 7.00 169 368 353 432 218 
;
0.6373 0.0267 -0.3616 -0.6799 92.56 22.69 -33.88 5.64 10.68 8.04 2.3100 5.4000 0.8400 -1.1333 0.8822 2.1344 3.77 3.93 8.15 175 326 300 316 212 
0.7491 -0.0264 -0.2714 -0.6037 71.06 29.94 -14.50 4.74 -0.27 6.78 0.7300 0.0800 1.1600 3.5878 -3.5078 7.5244 7.50 0.15 6.31 165 277 213 225 187 
0.8961 -0.1647 -0.4037 -0.0825 356.81 43.19 31.44 -0.59 -0.40 7.89 -9.0000 3.2100 2.4100 -1.2522 -0.0400 4.4167 4.67 -6.47 5.68 170 312 226 221 184 
0.8547 -0.3475 -0.3376 0.1862 340.75 28.31 55.56 -1.79 -1.62 2.18 -4.8700 6.7700 -3.7800 -1.3567 0.8122 -4.7556 6.64 -5.62 4.51 167 314 224 224 189 
0.8542 -0.3080 -0.3854 -0.1639 27.44 52.38 27.69 17.09 2.32 2.90 9.6900 3.9000 -1.9500 2.8322 -0.9056 -0.6600 8.29 -1.19 5.08 165 303 229 228 191 
0.8318 -0.1882 -0.5116 -0.1047 9.63 63.63 36.75 8.61 -2.90 6.58 -0.3600 -0.0500 2.4600 -0.9067 0.9267 0.2822 8.50 -3.24 3.65 164 301 230 228 191 
0.8256 -0.2504 -0.5012 -0.0660 9.56 59.44 42.38 3.98 -2.16 4.97 -4.8100 1.4500 1.4900 -0.9911 0.8522 -2.2667 8.63 -2.42 3.95 167 304 244 244 200 
0.8186 -0.2109 -0.4704 -0.2532 45.00 57.38 -0.44 5.85 0.38 4.25 -1.1500 0.1300 -2.2800 -0.5011 4.3433 -6.2600 5.51 2.96 7.55 174 341 333 409 214 
;
0.7150 0.0703 -0.2545 -0.6473 89.31 9.56 -27.56 -4.13 8.01 2.43 -12.0700 10.0000 3.5500 0.0978 -6.9911 1.9622 4.90 5.14 6.75 168 355 348 429 217 
0.6267 -0.0005 -0.3815 -0.6795 93.87 26.50 -35.63 3.50 5.24 9.99 -0.2100 -0.7100 0.1800 -0.1333 0.1978 -0.2056 4.18 5.08 7.26 175 371 352 432 217 
0.6406 0.0461 -0.3428 -0.6855 91.94 20.37 -32.69 4.79 10.62 9.24 1.2800 5.1700 1.7900 -1.4289 -0.3622 3.6889 4.25 3.14 8.25 154 257 206 240 204 
0.7971 -0.0764 -0.3618 -0.4775 48.69 46.88 -12.88 7.50 4.40 7.01 -0.8800 3.6500 2.0100 1.7844 -0.2122 8.2200 7.41 -1.95 6.11 163 283 223 233 196 
0.8938 -0.2237 -0.3813 0.0751 342.44 34.81 45.00 -6.22 -3.05 8.75 -10.0300 3.7100 2.4400 -2.0022 0.4489 -0.0233 5.05 -6.99 4.65 171 325 217 228 197 
0.8499 -0.3857 -0.3586 0.0165 7.62 41.69 51.19 6.65 1.01 0.36 0.2500 5.4100 -4.2100 2.0756 -0.3733 -4.2322 7.95 -2.55 5.12 166 310 225 235 198 
0.8552 -0.1523 -0.4656 -0.1689 18.69 60.88 9.44 14.75 -0.21 8.64 4.5800 0.7600 4.4900 0.7222 -1.4722 1.6711 8.93 -1.53 3.74 165 305 228 236 198 
;
0.8256 -0.1560 -0.5391 -0.0582 8.94 65.19 28.81 4.86 -0.34 5.26 -5.0400 1.6600 1.7800 -1.7756 0.5233 -1.9633 8.98 -1.21 3.74 168 304 256 267 207 
0.8011 -0.1743 -0.4897 -0.2969 53.25 55.69 -11.81 7.38 3.31 2.32 0.9700 1.8300 -3.5000 -0.5100 3.3633 -6.0767 5.32 3.80 7.30 177 361 342 426 214 
0.6767 0.0344 -0.3499 -0.6469 89.69 25.25 -38.50 25.62 15.03 21.99 10.6800 2.8500 4.6200 0.2933 0.7611 -0.2389 5.32 5.33 6.27 170 378 356 434 217 
0.6445 0.0154 -0.4028 -0.6497 90.62 29.75 -38.31 3.99 5.00 6.96 -0.5800 0.1500 0.3000 0.0300 0.3789 -0.0478 4.68 5.29 6.79 176 379 356 435 218 
0.6570 0.0238 -0.3765 -0.6526 88.81 26.81 -34.44 7.22 9.68 8.94 3.3000 5.6100 2.0700 -0.9978 1.1444 1.3778 4.34 4.01 7.82 174 308 271 285 211 
0.7404 -0.0299 -0.3087 -0.5964 71.06 34.81 -18.19 7.44 3.37 8.01 2.4000 2.1600 0.5000 2.4289 -2.3822 6.6878 7.75 0.26 6.00 158 263 216 220 194 
0.8788 -0.1837 -0.4190 -0.1356 4.75 47.25 31.56 1.01 -0.61 8.46 -7.0000 2.7900 2.9500 -1.4544 -0.1822 4.8811 5.22 -6.52 5.12 168 310 221 225 194 
0.8448 -0.3737 -0.3508 0.1533 343.31 28.94 58.56 -1.41 -3.02 2.63 -5.7200 4.7200 -2.6700 -0.8278 0.9689 -3.6167 6.22 -6.17 4.38 167 319 220 224 196 
0.8501 -0.3416 -0.3882 -0.1000 16.69 50.56 42.25 12.42 -0.41 3.25 4.9400 3.0600 -0.6800 1.3644 -1.5467 -0.7589 8.33 -2.98 4.22 162 308 226 229 197 
0.8257 -0.2459 -0.4947 -0.1137 14.81 61.63 38.31 7.78 -1.50 6.33 -1.7800 1.3100 3.0300 -0.3167 0.5833 -1.4033 8.76 -2.29 3.75 165 305 238 243 205 
;
0.8185 -0.2109 -0.4820 -0.2307 40.00 59.31 3.19 3.53 -0.49 5.84 -3.0900 -0.4900 -0.6500 -0.4144 2.1867 -5.1167 7.01 2.45 6.39 174 341 333 415 214 
0.7368 -0.0291 -0.3799 -0.5587 80.81 31.12 -31.12 4.39 5.75 4.59 -0.7900 0.3900 -4.4300 0.9622 0.7867 -2.3122 4.29 5.65 6.76 169 379 351 431 218 
0.6136 -0.0122 -0.4325 -0.6605 93.31 31.25 -41.44 0.62 6.42 8.43 -3.6000 0.7500 1.7300 -0.2444 -0.3011 0.1000 4.85 5.44 6.55 170 382 359 432 217 
0.6257 0.0092 -0.4078 -0.6649 93.50 29.69 -39.50 3.89 5.48 6.64 -0.9600 0.0700 0.0900 0.0567 0.0033 0.0456 4.83 5.42 6.58 171 382 357 434 218 
0.6281 0.0164 -0.4020 -0.6660 93.37 27.31 -39.13 8.73 13.37 10.35 4.3100 7.8800 2.2800 -2.3311 2.7422 1.5844 3.67 4.23 8.04 169 269 244 259 208 
0.7429 -0.0198 -0.2886 -0.6038 67.50 35.31 -17.56 9.75 5.48 7.69 3.4800 5.2200 0.2300 3.4033 -1.6900 9.3744 7.80 -0.80 5.87 164 272 217 213 195 
0.8930 -0.1920 -0.4063 0.0237 343.94 39.25 40.81 -3.90 -0.32 9.93 -9.9100 4.5500 3.6900 -1.8344 0.3533 2.3033 4.65 -7.01 5.03 169 315 218 213 195 
0.8375 -0.3770 -0.3632 0.1567 347.06 32.56 59.13 2.51 0.00 0.53 -1.9600 6.8100 -4.0900 -0.5978 1.1878 -4.6411 7.01 -5.24 4.41 162 315 218 219 198 
0.8516 -0.2891 -0.4064 -0.1616 23.31 53.94 27.31 14.47 -0.18 4.25 6.8500 1.3600 2.1600 2.6700 -2.4011 1.0511 8.63 -1.94 4.22 161 303 225 223 199 
;
0.8331 -0.1823 -0.5186 -0.0616 7.06 61.94 34.25 8.92 -1.98 6.24 -0.0700 0.6400 1.4600 -0.2744 0.1856 0.4856 8.51 -3.07 3.78 163 299 226 223 199 
0.8313 -0.2238 -0.5068 -0.0445 7.25 59.31 40.13 6.52 -1.82 4.49 -2.6700 1.7600 1.4600 -0.9011 0.2956 -1.0511 8.55 -2.80 3.88 164 297 229 226 200 
0.8198 -0.2409 -0.4805 -0.1974 36.69 61.31 16.00 4.52 -0.27 3.64 -3.4500 0.5600 -1.9400 -1.5367 3.3589 -5.2789 7.39 1.26 6.31 169 324 310 370 213 
0.7347 -0.0748 -0.3732 -0.5616 80.31 33.88 -29.37 3.58 6.15 3.74 -1.5600 1.1000 -3.3400 4.0178 -3.8400 -1.9878 5.07 5.50 6.33 165 362 355 424 217 
0.6381 -0.0062 -0.4277 -0.6402 90.12 31.56 -39.94 2.05 6.71 8.98 -1.7500 1.4800 2.9200 0.0144 -0.3911 0.1744 5.00 5.33 6.52 167 367 360 427 218 
0.6435 0.0091 -0.4117 -0.6452 90.19 31.12 -39.13 3.95 5.45 6.61 -1.3800 0.0700 0.2200 -0.0056 -0.1156 0.0756 5.08 5.25 6.53 167 365 358 428 218 
0.6453 0.0062 -0.4053 -0.6475 89.87 31.37 -37.06 11.81 13.55 11.92 4.8000 9.9400 4.1400 -3.5411 0.6644 3.0511 5.42 2.68 7.71 160 294 235 253 203 
0.7554 -0.1862 -0.3207 -0.5402 62.31 49.56 3.56 6.99 2.19 6.52 -1.2200 2.8000 0.7300 2.1922 -1.2411 3.7289 7.81 -1.86 5.62 157 287 200 221 193 
0.8574 -0.2531 -0.4125 -0.1750 11.75 50.00 35.50 6.52 -1.52 7.79 -1.0500 2.6600 2.7100 0.3478 -0.8433 5.9200 5.68 -6.27 4.95 167 308 199 220 191 
0.8350 -0.3694 -0.3580 0.1956 332.44 24.31 60.50 -5.32 -5.58 5.86 -8.8300 2.7900 0.8000 -1.2189 0.5700 -2.2533 4.71 -7.70 3.82 169 319 207 215 190 
0.8322 -0.4014 -0.3812 0.0317 4.44 43.13 55.25 9.16 3.40 0.32 2.7700 8.4400 -3.8400 1.8956 0.6989 -3.9356 7.89 -2.95 5.01 164 312 209 219 193 
;
0.8527 -0.1904 -0.4609 -0.1559 18.31 59.81 17.56 18.93 1.24 5.71 9.6800 2.5000 1.3000 1.7356 -1.3178 3.2356 8.52 -2.42 4.19 167 311 222 222 194 
0.8264 -0.2226 -0.5115 0.0771 343.06 48.81 57.63 5.06 -6.16 7.36 -2.6000 -0.5100 3.5400 -1.6944 1.1611 2.1333 5.89 -7.12 3.25 169 331 220 217 193 
0.8041 -0.4024 -0.4133 0.1440 341.87 32.31 66.37 3.73 -3.92 0.15 -1.4600 4.1500 -2.8700 0.5489 -0.1333 -0.2689 5.30 -7.43 3.56 169 328 222 222 194 
0.8197 -0.3867 -0.4072 0.1130 346.06 38.38 60.63 3.85 -1.42 4.70 -2.3100 4.6700 1.1600 1.4189 0.7989 -4.5844 7.56 -4.13 4.66 172 334 294 326 214 
0.8588 -0.1862 -0.4534 -0.1487 33.56 56.81 4.00 6.14 1.15 4.20 0.0300 1.4800 -1.9400 -0.5556 1.4522 -7.6811 6.70 3.60 6.18 183 372 353 428 216 
0.6905 0.0380 -0.3973 -0.6033 87.75 27.31 -42.50 20.42 17.64 18.32 8.5400 4.0500 1.5800 0.3278 -0.0622 -0.2956 5.05 5.62 6.24 177 381 363 430 217 
0.6547 0.0493 -0.4020 -0.6383 88.44 26.94 -40.81 8.46 10.46 9.56 3.7700 6.7900 3.5300 -0.9456 1.0200 0.2378 4.24 5.39 7.00 180 353 349 376 218 
0.7150 0.0126 -0.3466 -0.6070 74.87 32.31 -25.06 6.85 4.67 6.41 0.6600 0.8600 -0.0500 1.7344 -1.1378 5.7178 6.92 1.57 6.76 167 272 215 223 204 
0.8743 -0.0934 -0.4218 -0.2214 13.13 51.75 9.25 6.91 3.99 8.94 -1.1200 5.3500 3.2000 -0.4233 -0.9611 7.5833 6.36 -5.07 5.46 182 315 200 224 196 
0.8214 -0.2941 -0.4085 0.2684 321.37 28.12 60.06 -2.81 -2.06 5.84 -7.3400 5.3900 0.7200 -3.3567 3.2111 -3.4267 5.30 -7.51 3.39 179 328 204 220 196 
0.8444 -0.3843 -0.3691 -0.0566 20.31 45.06 40.63 9.87 1.61 2.64 3.5400 4.7100 -2.5600 4.3444 1.1600 -2.1700 6.81 -0.92 6.98 178 288 219 226 201 
0.8955 -0.0461 -0.4028 -0.1835 17.00 48.75 -9.31 16.48 6.08 12.83 5.2600 4.4800 6.0700 -1.4144 -0.9456 6.8656 7.55 -2.12 5.87 185 311 229 231 200 
;
0.8451 -0.2098 -0.4629 0.1661 334.31 41.75 54.00 -0.15 -4.43 2.73 -6.9500 1.4600 -1.5800 0.0178 1.3044 -2.3133 6.74 -5.31 4.73 185 317 242 246 206 
0.8582 -0.2277 -0.4584 0.0377 4.25 54.94 34.75 4.38 1.55 5.48 -3.9100 3.4000 1.0800 -1.6389 1.1856 -7.1222 8.40 0.04 5.05 184 337 313 362 215 
0.7813 -0.0793 -0.4565 -0.4182 67.94 44.25 -32.50 8.81 9.07 6.22 2.2200 3.6300 -0.6200 -0.9278 0.3311 -4.0000 4.70 5.47 6.63 186 375 351 430 215 
0.6140 0.0427 -0.4146 -0.6703 96.94 32.19 -45.56 16.81 8.92 6.54 3.2100 -0.9700 -3.7400 0.5078 1.9378 -0.4044 4.96 5.95 6.00 175 385 361 431 219 
0.5952 0.0060 -0.4388 -0.6731 97.00 30.62 -44.00 6.50 7.76 7.73 2.3700 3.1700 2.2900 0.5967 1.0322 -0.3033 4.45 6.16 6.18 181 374 358 429 219 
0.6440 0.0479 -0.3928 -0.6548 85.50 28.31 -35.38 5.07 7.27 6.76 0.5200 1.1100 -0.5400 -0.0433 -0.9667 4.4644 6.22 3.04 6.93 170 278 245 255 209 
0.8184 -0.0726 -0.4108 -0.3952 39.38 50.44 -10.69 6.91 3.77 7.08 -0.8300 3.9500 2.0500 0.9078 -0.4533 7.5256 7.48 -2.49 5.82 167 284 222 220 193 
0.8753 -0.2402 -0.4066 0.1040 338.87 36.00 49.94 -1.85 -3.97 7.90 -7.7900 2.9800 2.7200 -2.1756 0.5711 0.8556 4.80 -7.59 3.92 172 312 206 214 191 
0.8179 -0.4171 -0.3809 0.1091 353.62 36.31 63.38 5.93 0.84 0.14 1.2800 6.7300 -3.1400 0.6778 1.5700 -4.1233 7.34 -4.65 4.54 171 317 218 218 194 
0.8511 -0.2855 -0.4196 -0.1345 15.94 53.50 36.25 15.68 -1.61 4.77 4.8900 0.0200 1.3400 2.8067 -1.2967 1.9533 7.91 -3.54 4.57 172 311 229 224 197 
0.8486 -0.2059 -0.4825 0.0674 348.87 51.56 43.81 5.86 -2.96 8.52 -1.7600 1.5000 3.5300 -0.8611 -0.0511 0.7322 7.41 -4.95 4.08 175 313 226 225 196 
;
0.8144 -0.2808 -0.4975 0.1019 347.25 49.00 61.81 5.53 -4.07 1.60 -2.0300 1.7200 -1.1100 -0.7367 0.4400 -1.8122 7.91 -5.06 2.78 175 315 225 238 202 
0.8065 -0.2802 -0.5190 -0.0424 13.75 63.00 42.94 6.98 0.39 4.57 -1.9100 2.2500 1.2100 -2.1889 3.1811 -6.3022 8.50 0.39 4.86 179 341 303 399 215 
0.7612 -0.0892 -0.4365 -0.4714 72.31 41.19 -31.94 6.33 7.08 6.68 0.5500 2.7000 -1.1000 0.2000 1.6889 -3.6989 4.54 5.79 6.47 181 382 360 425 216 
0.6472 0.0469 -0.4015 -0.6463 90.00 26.19 -41.31 -0.98 4.09 3.05 -5.1100 -0.8700 -2.8100 -0.4578 -0.0189 0.1056 4.32 5.60 6.78 179 381 361 432 217 
0.6492 0.0372 -0.3920 -0.6508 90.12 27.75 -38.75 3.79 5.61 6.87 -1.2000 0.0200 0.0300 0.0056 -0.1100 0.0211 4.62 5.40 6.75 178 379 361 431 217 
0.6487 0.0279 -0.3942 -0.6505 90.06 28.19 -38.44 3.32 5.65 7.28 -1.2000 0.3500 0.4900 -0.0033 0.0022 -0.0122 4.61 5.35 6.80 178 357 358 435 218 
0.6589 0.0141 -0.3807 -0.6487 86.62 30.62 -31.44 9.54 10.89 8.24 4.0700 4.4400 0.0600 -0.5478 -1.4500 5.7322 6.78 1.64 6.88 152 264 206 227 205 
0.8136 -0.1765 -0.4158 -0.3660 34.88 54.81 6.62 6.08 4.53 7.82 -2.0000 5.9100 2.5000 2.1456 -0.8189 7.7511 7.03 -4.04 5.51 174 292 221 231 202 
0.8596 -0.2817 -0.3934 0.1647 331.50 30.75 54.69 -3.75 -3.95 7.36 -8.4200 3.4900 2.4900 -2.9756 1.8000 -0.7633 4.43 -7.88 3.77 182 323 206 230 198 
0.8376 -0.4180 -0.3477 0.0516 2.87 37.31 54.31 8.15 1.22 1.49 2.0500 6.5900 -3.2500 3.1533 0.7589 -3.8244 6.95 -3.21 6.11 180 310 215 233 201 
0.8955 -0.1675 -0.3892 -0.1360 12.19 49.69 15.50 17.20 0.93 9.08 8.8000 2.3900 4.1800 0.7489 -2.1867 5.7867 7.41 -3.89 5.10 183 314 224 236 203 
0.8217 -0.2445 -0.4696 0.2109 327.19 38.44 57.75 0.18 -4.07 6.14 -5.6600 2.6400 1.3400 -1.1689 1.3322 -1.9411 6.26 -6.31 4.12 183 317 226 236 203 
;
