0.5529 0.4274 0.0061 0.7153 250.31 44.13 -42.38 12.83 8.62 7.44 4.2800 3.3300 2.4600 0.2233 -0.4600 4.1511 8.40 2.68 4.28 163 313 194 210 173 
0.3057 0.5104 -0.1353 0.7923 217.19 63.19 0.13 3.17 0.04 1.75 -5.6300 0.2300 -2.9700 -0.3222 0.8000 1.7967 8.37 -1.40 4.90 162 333 199 218 172 
0.2251 0.4315 -0.2029 0.8497 210.00 54.69 14.38 4.69 -0.78 2.40 -2.5200 0.7800 -3.6000 0.6822 0.5722 -1.0733 7.80 -0.44 5.91 160 319 201 217 173 
0.2685 0.4227 -0.0970 0.8601 214.31 50.19 -11.63 14.41 3.66 5.20 8.1600 2.7300 0.0400 3.3378 0.4156 0.7433 7.45 2.37 5.91 161 330 199 216 172 
0.1154 0.4496 0.0651 0.8834 186.75 51.31 -14.19 9.04 8.17 12.74 -2.3800 6.2500 4.2400 -2.2211 2.4522 4.4989 6.56 -1.67 7.09 166 336 204 217 179 
-0.1333 0.3147 -0.1787 0.9226 162.44 30.25 33.56 -4.79 -1.47 5.71 -8.9600 4.0100 -2.2200 -3.0867 1.7711 -1.7322 4.72 -5.95 6.19 167 334 202 216 172 
0.0577 0.2913 -0.3195 0.8998 195.50 37.94 35.69 6.22 2.53 -2.02 0.6500 6.0900 -8.4900 2.6322 0.9822 -4.5433 6.63 -1.12 7.13 159 328 204 217 174 
0.2949 0.3682 -0.0616 0.8796 216.75 44.19 -18.62 16.80 6.58 7.27 10.4300 4.0600 2.7100 4.0811 -0.0256 0.4356 7.05 4.14 5.40 166 311 204 213 180 
0.1354 0.4672 0.1535 0.8601 193.06 50.44 -31.44 8.36 11.64 11.75 -2.0200 9.1100 4.3500 -2.4456 0.2733 6.3911 7.56 -1.52 6.05 163 281 205 218 163 
-0.1530 0.4207 -0.1636 0.8792 159.19 40.13 40.25 -3.14 -4.49 0.82 -8.3800 0.4600 -4.3200 -0.8622 0.7933 -1.6856 6.29 -4.87 5.72 156 284 209 221 164 
-0.0532 0.3990 -0.2192 0.8887 175.12 45.44 35.94 12.74 -2.16 9.50 5.4500 1.1900 3.2800 -1.8822 -3.2778 3.1344 7.16 -5.69 3.52 130 287 200 212 160 
-0.2179 0.5161 -0.3654 0.7435 136.31 29.94 80.81 -1.32 -7.82 -1.71 -5.9700 0.3900 -2.6200 -0.0589 0.4956 0.2844 3.66 -9.04 0.95 119 273 198 208 161 
-0.3076 0.4974 -0.4443 0.6787 131.06 23.94 81.44 10.18 -15.88 -2.98 6.2200 -6.5600 -5.8400 3.1056 0.6556 1.1122 3.32 -8.64 3.21 125 283 199 209 165 
-0.4258 0.3470 -0.3275 0.7688 120.25 11.25 46.44 -1.25 2.30 5.39 -3.2400 10.3800 0.9400 4.3056 1.2522 0.5189 0.79 -4.26 8.79 135 303 204 212 157 
-0.4991 0.1243 -0.1577 0.8430 119.19 3.56 26.12 -2.79 2.14 7.31 -3.0800 6.2100 -1.7600 -3.6956 -1.3500 -1.2944 2.01 -6.55 7.00 132 298 197 215 163 
-0.3833 0.3292 -0.3126 0.8043 132.69 20.81 58.75 9.61 -13.28 -0.52 6.1100 -6.1300 -4.8600 -1.3744 -0.2467 -0.8289 4.51 -8.14 3.07 134 297 203 213 161 
;
-0.2740 0.4501 -0.3793 0.7606 141.00 29.69 69.25 1.77 -5.36 3.90 -3.1800 2.0700 0.8500 -0.8622 0.6433 -2.6944 6.04 -7.18 2.82 140 294 208 226 167 
-0.0369 0.4517 -0.3321 0.8273 191.62 46.44 41.06 4.87 -5.51 6.63 -3.1000 -0.5900 1.3500 1.2300 2.9333 -2.2400 5.89 -2.25 7.50 152 318 212 230 173 
0.2329 0.3046 -0.1710 0.9076 209.31 39.31 10.00 4.04 2.85 2.82 -0.3500 4.1100 -5.4800 1.5889 -0.2667 -0.9233 6.25 -0.12 7.55 153 341 211 221 175 
0.2529 0.3463 -0.0431 0.9023 209.62 41.50 -12.06 17.52 3.59 8.34 12.4000 2.4900 4.6700 3.4889 -0.4700 2.3211 7.25 2.23 6.20 154 348 209 222 174 
0.0242 0.4125 0.0781 0.9073 176.44 45.81 -5.50 3.61 5.33 11.60 -6.1700 3.8700 1.5100 -3.5744 3.4689 3.1033 4.93 -2.65 8.04 156 345 213 217 175 
-0.1237 0.2385 -0.2036 0.9415 165.81 21.94 33.88 -3.44 0.32 2.55 -6.3700 6.0800 -5.5200 -2.3378 0.2922 -2.9256 4.61 -5.72 6.48 147 337 207 216 171 
0.1049 0.2765 -0.3075 0.9044 198.25 36.75 33.25 9.02 0.56 -0.53 3.6700 3.5300 -6.2500 2.1700 0.9356 -3.9644 6.35 -1.00 7.40 146 317 213 219 174 
0.2686 0.3646 -0.0811 0.8879 211.25 45.00 -7.50 15.69 4.34 12.90 4.0700 3.5200 8.7400 2.2056 -1.6444 2.6400 7.92 0.84 5.71 151 315 212 219 174 
0.0937 0.4701 -0.0387 0.8768 191.69 56.25 1.75 6.61 1.66 7.59 -0.3100 2.6200 2.4000 -1.0933 0.4033 -0.0011 8.01 -0.75 5.60 146 292 212 216 172 
0.0794 0.4778 -0.1515 0.8617 183.94 59.25 38.81 9.42 -1.81 1.16 -0.8100 2.1800 -2.9000 -0.2944 -5.4611 8.3200 6.01 -7.70 0.77 121 273 201 203 164 
-0.3456 0.5411 -0.4208 0.6408 123.19 20.62 84.81 -1.76 -11.42 -0.91 -1.4600 -4.5900 -2.3700 1.2978 0.6567 0.2689 2.88 -9.19 1.81 128 273 203 203 164 
-0.3997 0.4169 -0.4009 0.7112 120.37 14.06 63.25 3.26 -6.09 -0.16 0.8600 3.1000 -5.1900 4.5400 1.6222 0.7767 1.24 -6.72 7.03 125 289 207 206 170 
-0.5007 0.1703 -0.2238 0.8187 117.06 1.56 27.87 -3.95 6.83 15.37 -5.2800 10.2500 5.3800 -2.1900 -0.4267 -0.4222 0.48 -5.15 8.32 132 298 203 210 169 
;
-0.4685 0.2324 -0.2650 0.8101 121.62 10.13 46.31 3.63 -7.77 3.31 3.3800 -2.9700 -3.9400 -2.3800 -1.0922 -0.4911 2.64 -8.10 4.83 130 293 208 210 169 
-0.4087 0.3765 -0.3545 0.7520 123.31 16.50 60.69 0.00 -6.84 6.06 -3.2100 1.7800 1.6300 -0.9767 0.0578 -2.1922 3.82 -7.97 4.23 128 298 208 215 173 
-0.2097 0.4101 -0.3491 0.8161 165.75 36.63 55.88 3.83 -6.89 2.24 -2.4200 -0.6100 -3.1100 0.9933 2.5722 -4.4400 6.62 -4.00 6.02 149 320 209 216 176 
0.1411 0.3530 -0.2014 0.9028 200.25 44.13 15.31 5.12 1.47 4.00 -0.7900 2.6500 -3.5000 1.7678 0.4800 -1.8144 6.47 0.00 7.36 152 334 211 214 175 
0.2294 0.3392 -0.0067 0.9123 206.87 37.69 -16.25 13.93 6.36 7.51 9.9200 3.6800 2.4200 4.0111 -1.1033 2.2433 6.83 3.38 6.16 151 344 214 218 181 
-0.0071 0.4401 0.1690 0.8819 169.87 52.69 -17.87 5.60 10.45 13.41 -5.9000 8.5000 5.5600 -2.7544 2.2056 4.4078 6.87 -1.95 6.71 152 341 211 220 177 
-0.2092 0.3642 -0.1444 0.8959 156.19 33.63 36.75 -2.61 -0.17 0.04 -7.5100 5.5800 -6.6200 -2.5867 0.3878 -2.3144 5.99 -5.41 5.55 147 341 206 217 178 
0.0471 0.3674 -0.2730 0.8878 191.81 44.38 32.31 7.09 0.76 -3.73 1.7800 2.8800 -9.5600 3.1422 -0.5289 -4.2611 7.68 0.39 6.07 139 329 209 216 183 
0.2092 0.4543 0.0169 0.8658 203.19 51.94 -30.19 16.96 12.62 14.77 3.6500 8.1900 10.8100 1.3467 -1.0578 2.7300 8.63 2.37 4.00 142 315 215 217 180 
0.0080 0.5745 0.0239 0.8181 178.56 72.69 8.13 11.73 2.36 4.58 5.0900 1.2800 0.1300 -1.6989 -2.0011 5.0878 8.84 -4.05 1.19 121 271 202 208 171 
-0.2287 0.6179 -0.2666 0.7035 134.44 39.00 79.56 2.81 -6.56 -0.98 -5.3600 3.2500 -1.6700 1.7078 2.1722 3.0167 3.59 -8.56 3.14 119 278 202 207 171 
-0.3950 0.3998 -0.3835 0.7328 123.56 15.88 66.00 0.33 -8.15 -0.96 -0.9600 -0.8200 -6.2100 0.5322 0.2589 -0.3744 2.79 -8.39 4.22 120 282 204 210 181 
-0.4197 0.3434 -0.3243 0.7751 121.44 13.06 48.69 2.34 -2.27 6.65 0.1000 5.2900 0.7400 3.6967 0.7000 0.9078 1.35 -5.23 8.17 124 287 204 208 171 
-0.5192 0.1946 -0.1855 0.8113 115.44 6.94 33.75 -1.55 2.17 13.25 -2.0400 5.4200 2.4600 -3.2922 -0.4178 -0.9900 1.73 -7.11 6.52 122 289 205 204 174 
;
