0.7141 -0.3327 -0.4888 -0.3748 55.31 71.31 19.94 9.23 -1.07 2.85 -0.0900 0.0000 -0.0800 -0.0033 -0.0078 0.0033 9.29 -1.07 2.94 188 300 297 319 203 
0.7144 -0.3328 -0.4886 -0.3744 55.25 71.25 19.94 9.27 -1.13 2.87 0.0000 -0.0800 -0.0900 -0.0067 -0.0044 0.0200 9.28 -1.08 2.95 186 300 298 319 203 
0.7149 -0.3330 -0.4882 -0.3738 55.19 71.19 20.25 9.23 -1.15 2.84 -0.0800 -0.0400 -0.1300 -0.0011 -0.0133 0.0067 9.28 -1.09 2.95 186 300 299 318 203 
0.7148 -0.3330 -0.4884 -0.3735 55.13 71.25 20.19 9.25 -1.08 2.91 -0.0300 -0.0400 -0.0200 -0.0011 -0.0211 -0.0033 9.28 -1.08 2.94 187 300 297 320 203 
0.7147 -0.3330 -0.4888 -0.3733 55.19 71.31 20.25 9.29 -1.14 2.83 0.0000 -0.0900 -0.1000 0.0133 -0.0067 -0.0089 9.29 -1.07 2.94 188 298 296 319 203 
0.7142 -0.3329 -0.4891 -0.3739 55.25 71.37 20.12 9.28 -1.14 2.80 -0.0400 -0.0400 -0.1100 0.0189 -0.0167 0.0078 9.29 -1.07 2.93 188 298 298 319 204 
0.7144 -0.3325 -0.4897 -0.3733 55.13 71.37 20.00 9.30 -1.11 2.85 0.0000 -0.0400 -0.0800 0.0000 -0.0100 -0.0089 9.29 -1.06 2.93 187 300 298 320 204 
0.7142 -0.3323 -0.4901 -0.3733 55.00 71.25 20.00 13.61 -1.82 6.67 7.2800 -1.0500 4.7100 -0.0322 2.5822 1.1378 8.76 -1.59 4.10 187 304 301 321 203 
0.7899 -0.3271 -0.3849 -0.3477 44.94 52.75 30.87 6.40 -2.32 2.01 -1.8500 1.2800 -3.9800 -0.5733 1.1033 1.7267 6.76 -4.31 5.64 176 303 281 282 192 
0.8538 -0.3528 -0.2691 -0.2722 32.38 40.25 35.56 7.77 -3.77 4.95 1.3400 0.1400 -1.2100 2.9522 -2.4767 1.7822 6.89 -3.88 5.79 176 337 257 252 181 
0.8710 -0.2576 -0.4180 -0.0156 347.87 48.25 52.88 1.13 -4.43 9.09 -7.3400 1.2700 4.3600 -2.0111 -2.2011 1.1900 7.26 -6.29 1.95 181 386 229 217 168 
0.7874 -0.3380 -0.5154 0.0142 9.19 57.75 53.50 5.88 2.23 -4.75 -0.1800 6.7400 -8.6600 2.7511 2.8244 -5.5000 8.28 0.11 5.24 153 375 229 212 169 
0.8432 0.0234 -0.4865 -0.2277 28.12 52.63 -36.06 14.52 8.43 8.40 6.1300 4.3500 4.1100 3.2300 0.5367 0.7933 7.81 4.25 4.12 159 360 237 222 172 
0.8321 0.1904 -0.5161 -0.0705 3.69 59.81 -40.25 8.04 5.49 8.76 -3.3700 2.4700 4.4900 -0.8644 -0.7044 3.8522 9.14 0.52 3.48 163 356 241 227 176 
0.8167 0.0011 -0.5692 0.0955 348.50 66.31 24.87 1.19 -1.37 0.25 -5.2500 -0.0400 -4.4300 -2.0733 0.0256 -0.9489 8.95 -1.87 3.52 165 354 244 230 177 
0.8193 -0.1079 -0.5626 -0.0239 5.31 68.19 21.12 11.24 -2.40 2.62 2.6900 -0.8000 -0.0400 0.0789 -0.3533 -0.1444 9.17 -1.17 3.24 165 354 246 231 179 
0.8165 -0.1096 -0.5649 -0.0483 6.62 68.75 21.06 8.94 -1.27 3.69 -0.2600 0.0200 0.3500 -0.1267 0.1533 0.0956 9.10 -1.39 3.36 165 350 247 237 180 
0.8173 -0.1234 -0.5608 -0.0475 6.75 68.06 23.87 8.99 -1.41 3.11 -0.1200 0.1000 -0.2300 -0.0767 -0.1167 0.0733 9.10 -1.55 3.29 166 348 249 240 181 
0.8157 -0.1341 -0.5605 -0.0503 7.37 67.81 25.94 8.89 -1.87 3.17 -0.0600 -0.2300 -0.0800 -0.2600 -0.0622 0.0656 9.08 -1.72 3.25 165 345 250 242 181 
0.8146 -0.1520 -0.5566 -0.0590 8.31 67.31 29.19 10.00 -1.01 3.68 2.6500 1.8500 0.2600 -1.1900 1.6267 0.3789 8.66 -2.34 3.95 165 302 250 246 184 
0.8734 -0.2747 -0.3859 -0.1133 14.94 37.38 44.06 6.48 -5.52 2.72 0.6100 3.1100 -2.2900 -5.1489 1.5822 6.3122 1.94 -9.00 3.36 155 269 265 269 189 
0.7698 -0.6348 -0.0373 0.0554 346.87 -3.75 81.12 -5.40 -7.99 1.11 -4.0800 1.8300 0.0600 0.1711 -1.2244 -0.1656 -0.60 -9.66 1.54 152 275 266 263 188 
0.7393 -0.6389 -0.1564 0.1441 334.69 8.69 84.81 -1.70 -8.08 -6.35 -1.8800 1.3000 -7.1300 -0.7144 -8.9856 -3.3622 3.65 -8.94 -1.68 120 239 248 244 182 
0.4726 -0.4249 -0.7020 0.3213 279.75 22.19 116.62 9.82 -6.53 -5.26 5.1700 1.3400 -0.2800 0.8622 -1.8756 -1.4511 3.89 -7.85 -4.38 126 246 254 249 182 
0.3667 -0.2442 -0.8138 0.3791 268.31 24.44 118.94 5.41 -6.63 -2.86 1.2600 1.0300 0.6100 0.1056 1.3889 -0.0256 4.37 -7.84 -3.93 140 255 258 250 186 
;
0.4733 -0.2710 -0.7614 0.3505 295.06 36.88 107.44 6.00 -4.46 1.28 -0.1500 2.1400 1.4100 -0.8511 4.4456 -3.3300 7.94 -5.73 -0.34 159 282 239 244 184 
0.7617 -0.2178 -0.6059 0.0726 2.19 63.88 46.56 10.12 -2.99 1.90 -0.2200 -1.1800 -2.0200 -0.9222 5.4278 -4.7911 7.07 -0.43 6.77 163 330 242 246 187 
0.8775 -0.1071 -0.3331 -0.3280 43.38 41.69 -4.31 10.31 0.34 6.53 3.3800 -0.9200 -0.3100 0.0433 -1.4133 0.0644 7.22 0.68 6.59 163 334 246 248 186 
0.8381 -0.1328 -0.4022 -0.3439 44.31 50.88 -3.69 8.21 -0.50 6.13 0.3900 -0.8400 -0.1200 -0.2700 -0.4511 0.3567 7.83 0.04 5.90 163 331 239 242 187 
0.8306 -0.1640 -0.4213 -0.3250 40.56 52.88 -2.44 15.86 -0.35 4.29 8.7300 -0.3900 -0.6800 5.7878 -0.4378 2.6011 7.89 1.44 5.63 179 361 243 239 187 
0.8829 0.0243 -0.4670 -0.0432 357.87 54.44 1.56 -0.47 3.56 9.92 -8.7500 4.4800 3.5100 -2.7744 -0.7178 3.7067 7.61 -3.42 5.14 182 371 241 239 184 
0.8564 -0.2316 -0.4540 0.0831 355.19 47.25 46.63 -0.71 0.48 -3.39 -5.2300 5.3200 -8.4500 -1.6111 1.2178 -3.8411 7.84 -3.60 4.65 171 360 237 235 186 
0.8482 -0.2155 -0.4337 -0.2145 32.19 56.81 6.12 14.21 2.25 0.89 6.6300 2.2200 -2.9400 3.5878 -0.3456 -1.8378 8.24 2.41 4.73 169 331 246 235 187 
0.8259 0.0547 -0.5166 -0.2192 25.00 55.00 -34.63 14.54 8.07 12.10 5.5700 5.2100 6.9500 -0.0533 -0.6578 4.3378 8.78 0.57 4.32 171 314 255 242 187 
0.8383 -0.0776 -0.5391 0.0257 350.19 61.44 42.38 0.08 -2.24 4.74 -6.9400 2.0000 1.0900 -2.7878 1.2678 1.5789 7.71 -5.46 2.61 170 312 260 247 187 
0.7886 -0.3288 -0.5179 0.0433 354.44 52.38 66.94 14.64 -5.31 2.31 6.3000 0.1500 0.3000 -1.0911 2.4556 0.4778 7.10 -5.98 3.13 171 269 256 257 191 
0.8226 -0.4495 -0.3482 -0.0114 1.56 25.56 67.81 5.91 -4.49 -1.74 1.4700 4.9200 -5.1000 -4.7844 3.5500 6.4789 -0.65 -9.73 0.94 138 273 280 274 196 
0.7169 -0.6827 0.0563 0.1298 336.62 -17.19 85.81 -6.52 -6.83 2.35 -2.3400 2.4700 2.0600 -0.4111 -1.1478 -0.7233 -2.50 -9.44 0.79 139 284 281 277 196 
0.7122 -0.6802 -0.0439 0.1682 333.62 -5.19 87.31 -6.73 -7.81 -4.95 -3.2000 2.1100 -5.6300 -1.0411 -7.4033 -4.7033 2.58 -9.40 -1.07 130 257 269 260 192 
0.5111 -0.5042 -0.6454 0.2607 290.87 22.69 122.25 15.39 -5.16 -11.91 9.0800 1.0400 -5.7700 1.5967 -0.2967 -1.5133 4.05 -7.33 -5.08 135 252 269 259 189 
0.3761 -0.2789 -0.8094 0.3545 270.06 23.56 119.44 4.79 -7.09 -1.78 0.2900 0.8300 2.3500 -0.0400 0.0744 0.2056 3.77 -7.95 -4.31 134 256 272 261 190 
;
