0.6628 0.1622 -0.0317 0.7303 264.50 16.00 -10.56 2.34 1.95 9.29 -0.3700 0.1100 -0.0200 0.0489 0.0700 0.1267 2.64 1.79 9.27 181 358 369 403 214 
0.6595 0.1624 -0.0272 0.7334 264.00 16.06 -10.06 2.99 1.20 9.64 -0.0100 -0.6400 -0.0300 0.0389 -0.0267 -0.1411 2.75 1.65 9.26 183 356 368 406 216 
0.6637 0.1636 -0.0326 0.7291 264.44 16.44 -10.00 2.60 1.72 9.52 -0.2100 -0.0300 0.2900 0.0800 -0.5733 0.2233 3.08 1.62 9.16 181 321 360 408 215 
0.6389 0.2089 -0.0737 0.7367 258.31 29.44 -10.13 9.23 4.65 8.04 8.3100 5.0000 0.2900 -0.5333 -1.6022 3.1589 6.65 -0.13 7.20 154 294 182 196 174 
0.3861 0.3424 -0.2474 0.8201 223.00 48.88 17.56 -0.46 -3.84 7.48 -7.7700 -1.4900 1.1600 0.8922 0.6533 0.8811 6.91 -2.28 6.57 140 307 186 189 163 
0.2802 0.3167 -0.2045 0.8828 216.25 40.38 10.25 6.93 0.85 0.21 1.3400 2.0000 -7.4900 3.2178 1.0156 -0.4867 5.75 0.60 7.91 128 314 184 192 171 
0.2413 0.3278 0.0171 0.9133 206.25 37.19 -16.56 14.66 7.71 13.84 9.2900 6.3500 11.3500 2.0689 0.0256 4.0956 6.94 1.95 6.64 148 318 191 199 179 
-0.0453 0.3398 0.0272 0.9390 171.69 37.75 5.81 -3.21 1.60 9.91 -8.1800 2.1800 -0.6300 -4.8033 1.5644 1.7022 4.66 -4.76 7.19 144 311 190 194 182 
-0.0469 0.2794 -0.2978 0.9116 176.69 30.62 41.88 -0.64 0.12 -1.41 -4.6100 6.6700 -7.9400 -0.4533 0.7044 -4.3389 6.50 -4.18 6.03 148 332 196 202 182 
0.2244 0.3182 -0.2228 0.8937 212.00 41.88 11.00 9.96 4.70 2.65 4.1800 5.1000 -4.2000 3.4011 -1.7389 -1.6267 7.29 1.28 6.42 145 329 199 202 185 
0.2420 0.4474 0.0063 0.8609 209.25 51.25 -22.50 10.65 3.50 16.84 1.6000 1.1700 10.6600 -0.6133 -1.2111 2.5367 8.38 0.94 4.99 155 336 197 209 186 
0.1126 0.5076 -0.0784 0.8506 193.69 62.81 9.00 5.31 -0.45 2.52 -2.6000 0.4500 -2.1800 -0.3389 0.2311 0.0522 8.69 -1.03 4.40 153 327 197 208 186 
0.1060 0.5098 -0.1262 0.8444 194.37 62.75 13.56 9.32 0.25 4.64 0.5800 1.3700 0.5000 -0.5078 -0.0578 0.0656 8.67 -1.20 4.40 156 313 206 211 191 
0.1592 0.4468 -0.1652 0.8647 204.44 50.88 15.50 12.98 2.53 11.79 4.5400 4.9300 5.0500 -6.5144 6.6578 -0.9556 3.91 -4.93 7.51 178 263 308 319 213 
0.3937 -0.0470 -0.4493 0.8005 236.06 12.31 63.94 3.92 -3.15 -4.00 2.0000 6.5200 -6.7700 -6.4511 2.5689 1.0544 0.94 -9.75 -0.30 160 282 316 333 214 
0.3514 -0.4039 -0.6769 0.5052 250.19 3.19 108.19 -3.49 -7.57 -15.11 -4.1500 1.3000 -10.3200 2.8644 0.5611 -0.4778 0.81 -9.64 -1.60 167 281 314 339 214 
0.4552 -0.3524 -0.5845 0.5718 258.56 8.25 77.37 7.39 -2.09 18.68 6.6300 9.0200 22.5300 1.0933 0.6478 0.4033 1.26 -9.09 3.43 170 288 311 335 213 
0.4780 -0.3102 -0.5437 0.6161 254.50 7.19 83.31 1.07 -8.77 -1.23 -0.8400 0.3400 -2.8500 -2.2200 -0.5378 0.6233 0.66 -9.73 -0.94 173 292 308 338 213 
0.3430 -0.3978 -0.6550 0.5432 242.06 -0.13 100.44 -5.73 -10.37 -7.68 -4.9000 0.3100 -4.2700 2.4567 0.5367 -1.2856 0.79 -9.77 0.05 174 300 306 342 213 
0.4644 -0.3010 -0.5593 0.6172 256.81 9.63 71.87 8.35 -0.08 15.68 5.9100 8.7700 11.6400 -0.3000 -0.0589 0.0911 1.72 -9.07 3.28 177 299 312 349 209 
0.4756 -0.2862 -0.5493 0.6246 253.00 8.50 80.25 -0.02 -10.27 -0.40 -1.6500 -1.0600 -1.8700 -1.5478 -0.9389 0.6644 1.02 -9.74 0.28 178 301 312 339 212 
;
