0.7814 -0.0716 0.0468 -0.6182 76.69 0.88 9.81 0.21 -1.77 9.65 0.0300 -0.1000 0.0100 -0.0156 0.0056 -0.0056 0.15 -1.69 9.65 163 311 319 363 218 
0.7810 -0.0731 0.0481 -0.6184 76.69 0.75 10.00 0.11 -1.81 9.68 0.0500 -0.0900 -0.0500 0.0111 -0.0078 -0.0178 0.14 -1.71 9.65 161 306 319 352 218 
0.7810 -0.0875 0.0413 -0.6170 76.00 4.37 11.81 0.61 -0.94 12.63 3.2600 1.5800 3.8300 -1.1578 -6.1522 0.0867 4.71 -3.07 8.03 161 251 235 248 214 
0.7715 -0.3745 -0.1827 -0.4807 57.44 43.56 40.13 8.98 -5.68 5.89 2.6000 0.0900 0.7300 0.5067 -5.8456 3.5867 7.00 -6.38 2.51 120 224 213 226 212 
0.7484 -0.5386 -0.3771 -0.0876 355.81 34.06 84.75 1.86 -4.42 1.80 -3.8400 3.9500 1.3100 1.4144 -2.7822 2.9822 3.63 -9.08 0.72 126 230 230 235 213 
0.7009 -0.5445 -0.3991 0.2302 321.12 17.12 84.37 2.08 -6.87 2.48 -0.6400 2.1300 1.4200 0.0722 -0.4667 0.1144 2.83 -9.34 0.91 126 230 231 236 212 
0.6806 -0.5295 -0.4256 0.2744 314.75 16.62 86.50 1.94 -10.19 0.90 -0.8900 -0.4500 0.2900 -0.4333 -1.7700 -0.3078 2.99 -9.33 -0.14 121 227 229 233 202 
0.6012 -0.4946 -0.5430 0.3148 300.94 21.69 97.50 3.98 -8.14 -1.80 0.1800 0.8100 -0.7800 -0.3089 -3.8967 -1.6433 4.19 -8.41 -2.77 121 224 229 233 205 
0.4166 -0.2914 -0.7787 0.3675 270.62 25.31 118.25 8.03 -5.74 -5.49 4.0100 1.8000 -0.8600 0.5744 -1.3100 -0.9167 4.17 -7.63 -4.52 121 226 230 234 203 
0.3262 -0.1534 -0.8425 0.4002 258.50 25.56 121.00 6.44 -6.37 -3.51 3.0200 1.8200 1.3700 -0.2100 0.9411 0.0111 4.48 -7.53 -4.40 140 233 239 248 206 
0.3832 -0.1798 -0.8201 0.3850 273.25 30.19 116.31 10.61 -5.07 -4.94 5.2000 -0.1700 -2.2800 0.6056 2.4233 1.8178 4.55 -8.31 -2.51 124 268 172 177 169 
0.4656 -0.3006 -0.7036 0.4447 273.00 21.06 96.87 -3.01 -9.65 -1.12 -5.6700 0.0000 0.2900 0.4156 1.2867 0.1844 3.26 -9.23 -0.36 114 282 175 179 172 
0.5328 -0.3512 -0.6235 0.4517 280.31 20.56 91.56 6.91 -10.04 -0.29 4.6600 -1.9800 -0.4600 0.2289 0.5556 0.5567 3.11 -9.29 -0.01 114 280 179 180 171 
0.5516 -0.3792 -0.5692 0.4775 277.62 13.63 82.19 1.12 -10.35 -1.63 -1.2600 -0.1800 -3.4100 3.1189 1.3344 0.6678 1.55 -9.00 3.55 119 285 184 184 171 
0.6478 -0.3258 -0.3839 0.5717 277.31 6.62 56.56 -1.19 -1.69 7.07 -1.2200 6.4400 1.8800 -0.0667 -0.1200 -0.4678 1.32 -7.84 5.72 121 290 185 187 172 
0.6740 -0.3024 -0.3751 0.5600 281.69 10.69 60.19 0.91 -5.28 5.16 -1.0300 2.5600 -0.1400 -2.7844 -0.4878 -1.0711 2.73 -9.03 2.67 120 291 189 187 175 
0.6285 -0.3845 -0.5403 0.4065 302.06 26.19 88.50 8.13 -4.30 0.58 2.6500 3.5100 0.6300 -4.4911 5.4444 -4.9489 7.24 -6.60 -0.12 151 272 224 223 202 
0.7723 -0.4060 -0.4579 -0.1702 40.38 51.88 37.06 9.72 -4.69 3.73 1.9400 -1.6400 -2.7900 2.2278 9.0433 -2.9533 2.92 -1.36 9.26 177 340 306 373 206 
;
0.8312 -0.0723 -0.0748 -0.5462 68.44 11.19 -0.56 4.80 2.87 12.86 8.4400 5.3800 7.6900 -0.3889 2.1444 -0.4678 0.48 0.21 9.79 178 367 332 393 212 
0.8075 -0.0007 -0.0196 -0.5896 72.37 1.94 -1.00 0.51 0.24 9.51 0.5600 0.1600 -0.2800 -0.1178 -0.0856 0.0278 0.46 0.13 9.79 178 371 323 396 213 
0.8063 -0.0101 -0.0229 -0.5911 72.50 2.87 -0.44 0.47 0.02 9.78 -0.0500 -0.0600 0.0400 -0.0500 -0.0333 -0.0367 0.52 0.03 9.79 177 361 341 394 213 
0.8035 -0.0307 -0.0232 -0.5940 73.37 5.50 3.19 0.87 -0.35 13.98 -0.4500 -0.1000 5.3800 -2.2800 -4.6433 0.2956 3.20 -2.19 9.00 157 226 207 233 205 
0.7896 -0.3121 -0.1301 -0.5121 58.75 37.50 34.19 10.14 -2.99 4.28 3.0100 2.3900 -1.2900 0.4556 -5.9044 5.5200 6.19 -6.78 3.42 143 230 208 240 203 
0.7963 -0.5273 -0.2953 -0.0245 350.94 23.87 73.56 -2.51 -3.54 4.00 -5.1800 4.7200 2.2200 0.8300 -2.5978 2.2022 2.55 -9.11 2.55 147 236 230 249 203 
0.7509 -0.5076 -0.3404 0.2505 321.44 15.38 75.44 3.00 -8.44 3.60 0.0400 -0.0700 0.9700 -0.3689 -1.8800 -0.1678 3.07 -9.16 1.66 142 236 233 242 203 
0.6786 -0.4758 -0.4675 0.3076 307.87 21.87 86.56 0.99 -8.57 -2.61 -3.1900 0.4500 -3.7800 -0.3033 -6.2456 -1.9456 4.53 -8.54 -1.62 128 220 208 230 197 
0.4249 -0.2297 -0.7824 0.3932 265.00 28.06 117.50 12.27 -5.72 -7.34 6.2300 1.5300 -2.2300 1.1167 -1.8311 -0.5556 4.31 -7.65 -4.35 131 222 224 234 197 
0.3027 -0.0779 -0.8401 0.4434 249.37 26.25 117.87 5.89 -5.61 -3.07 2.5700 2.0800 0.8700 -0.5111 0.8467 0.1400 4.48 -7.68 -4.11 137 224 230 240 200 
0.3419 -0.1328 -0.8323 0.4156 263.25 27.31 117.94 8.09 -5.51 -4.58 1.0300 1.1200 -1.7100 -1.0022 2.5667 1.8356 4.12 -8.03 -3.81 141 230 183 199 179 
0.4205 -0.3117 -0.7593 0.3865 274.62 22.37 110.37 3.93 -7.20 -3.53 0.5200 1.2700 0.2200 0.1044 1.1456 0.9033 3.30 -8.83 -2.69 100 272 165 184 165 
0.4462 -0.3527 -0.6933 0.4426 269.19 16.56 101.00 1.04 -10.68 -2.09 -1.6600 -1.2300 0.4800 1.1544 0.6822 0.0756 2.65 -9.39 -0.92 96 301 157 183 167 
0.4895 -0.3454 -0.6381 0.4837 270.69 17.56 91.75 7.34 -10.94 -1.20 6.2700 -3.8000 -1.5900 1.7722 0.5489 0.0411 3.01 -9.26 1.09 98 326 165 192 170 
0.5632 -0.2958 -0.5462 0.5449 272.81 16.06 69.69 1.97 -8.58 0.42 -1.4700 1.4900 -3.4100 3.6889 1.9856 0.0378 1.99 -7.56 5.91 101 332 170 195 171 
0.6910 -0.2155 -0.2999 0.6215 276.44 6.87 38.38 -3.25 1.02 9.32 -3.8400 7.5500 2.8500 0.0756 0.0867 -0.3178 1.06 -5.61 7.97 102 333 171 196 171 
0.7139 -0.2020 -0.2843 0.6073 280.25 11.50 44.69 0.80 -3.00 4.47 -0.5800 3.6600 -1.9900 -3.2767 -1.5133 -0.7244 3.17 -8.16 4.41 103 328 174 196 173 
0.6392 -0.2849 -0.5090 0.5012 283.87 22.44 73.94 6.76 -12.17 0.94 2.7100 -3.1900 -0.9300 -1.0311 -0.4989 -0.3411 4.09 -8.78 1.52 105 318 174 199 173 
0.6083 -0.3096 -0.5872 0.4351 291.37 27.94 83.81 4.25 -4.71 3.05 -0.3500 4.1400 2.9900 -2.5533 1.9478 -2.5322 5.89 -7.83 0.10 144 257 203 225 198 
0.6960 -0.3658 -0.6033 0.1336 357.19 55.31 84.44 10.81 -4.51 0.10 2.3600 -0.4500 -2.2300 -3.0433 9.1133 -5.0289 7.77 -2.57 5.39 170 298 251 329 208 
;
