0.5986 0.2989 0.1779 0.7216 259.31 12.56 -39.00 2.17 6.08 7.38 0.0400 0.0700 -0.1000 -0.0011 0.0011 -0.0011 2.14 6.02 7.43 178 319 356 403 212 
0.5986 0.2989 0.1779 0.7216 259.31 12.56 -39.00 2.21 6.06 7.36 0.0600 0.0500 -0.0400 -0.0311 -0.0233 0.0156 2.16 6.00 7.44 179 314 346 391 212 
0.6006 0.2986 0.1611 0.7239 259.87 15.88 -35.31 1.73 6.42 11.90 0.9100 3.9800 6.2300 -2.3756 -6.7089 0.8256 5.71 3.92 6.93 150 244 214 230 193 
0.5640 0.4382 -0.2231 0.6634 252.06 67.56 -3.44 15.03 4.68 4.51 5.2900 6.3000 2.0100 -0.1533 -3.2689 7.4467 8.39 -4.98 0.89 121 214 201 220 175 
0.0438 0.4233 -0.5757 0.6982 171.87 28.62 90.62 -3.82 0.20 -0.35 -7.9400 9.2300 -0.4800 1.2467 -0.2133 4.3144 1.21 -9.69 0.83 129 232 217 229 182 
-0.2422 0.2513 -0.6160 0.7062 140.56 2.94 82.81 -0.96 -8.37 4.17 -0.1900 0.4700 1.6800 -0.4444 -1.3911 -0.4911 0.84 -9.73 0.81 137 236 229 237 182 
-0.2722 0.3212 -0.6043 0.6765 135.44 6.19 86.81 -3.63 -10.05 0.91 -4.7200 0.1800 -0.3700 -0.6278 -4.0867 -1.7711 2.28 -9.53 -0.33 136 236 217 238 182 
-0.3489 0.6025 -0.4599 0.5510 105.62 22.69 105.00 8.00 -5.40 -8.67 5.5300 2.4000 -4.8100 0.1033 -3.6889 -1.6800 3.92 -8.11 -3.86 143 230 213 241 184 
-0.4257 0.8137 -0.1917 0.3463 75.50 23.69 115.37 8.35 -6.92 -2.83 4.1900 1.0400 1.2200 0.1556 0.4700 -0.0767 4.09 -8.13 -3.62 151 239 214 248 186 
-0.4383 0.8053 -0.1698 0.3613 80.62 26.19 112.75 5.84 -6.16 -1.80 2.6300 3.5000 2.2600 0.0322 2.2533 -0.4911 5.20 -7.93 -2.48 159 244 195 221 169 
-0.3692 0.7032 -0.2283 0.5630 131.12 42.56 85.75 11.95 -6.11 -1.70 1.1900 -0.7700 -4.0800 -0.1122 10.5178 -5.3200 6.08 -5.26 5.60 145 323 175 190 150 
0.1215 0.3210 -0.2578 0.9032 200.62 40.00 27.62 8.70 -4.34 3.55 3.1500 -0.0500 -3.2200 0.2256 1.0578 -1.5322 6.20 -2.57 7.14 130 322 175 195 154 
0.2544 0.2855 -0.1713 0.9080 211.56 35.88 5.00 9.66 3.17 5.58 7.2300 5.1200 0.0700 4.8056 1.3700 -0.1700 5.04 2.26 8.09 155 305 178 198 154 
0.1389 0.3124 0.0897 0.9354 188.37 36.25 -13.06 7.88 8.89 13.38 -1.1900 6.4400 3.4100 -3.7244 2.0622 6.1489 4.74 -2.41 8.23 155 299 178 198 153 
-0.2025 0.2479 -0.2158 0.9225 153.37 18.06 39.56 -9.04 -7.23 1.64 -11.4500 -0.5600 -6.0500 -1.9289 0.0400 -2.0911 3.48 -6.88 6.04 144 305 185 201 157 
-0.0508 0.2924 -0.3175 0.9006 182.44 33.44 36.25 7.42 3.89 -0.21 3.7900 7.9900 -6.1100 3.4956 1.0300 -3.8578 5.79 -1.22 7.81 148 316 179 202 160 
0.1537 0.3271 -0.0250 0.9321 197.50 38.50 -8.75 17.45 6.30 15.23 10.2100 4.6500 8.3200 0.5167 -0.1367 2.9211 6.35 0.45 7.45 148 327 183 204 160 
-0.0157 0.3558 -0.0458 0.9333 175.37 41.31 15.81 -3.14 -1.80 5.79 -7.3200 -0.0200 -4.4000 -2.1578 0.5378 -1.3067 6.35 -3.36 6.66 158 313 182 213 171 
;
