0.6865 0.0151 -0.0236 -0.7266 93.25 0.56 -3.12 0.14 0.36 9.89 0.0700 -0.1700 -0.0100 -0.0211 -0.0111 -0.0011 0.10 0.51 9.79 171 328 345 379 217 
0.6865 0.0142 -0.0229 -0.7267 93.25 0.56 -3.00 0.18 0.36 9.83 -0.0100 -0.1700 0.0300 -0.0022 -0.0111 0.0033 0.11 0.50 9.79 172 324 345 378 218 
0.6865 0.0131 -0.0228 -0.7267 93.25 0.69 -2.87 -0.02 0.34 9.72 0.1100 -0.1100 0.1600 -0.0878 -0.0444 -0.0011 0.14 0.44 9.79 172 319 341 375 216 
0.6865 0.0029 -0.0193 -0.7269 93.25 1.87 -0.81 0.48 0.59 10.34 -0.2500 0.9000 0.5500 -2.3956 -1.2978 -0.0633 1.10 -1.31 9.65 165 259 239 246 213 
0.6648 -0.2097 0.0493 -0.7153 93.44 19.00 28.62 7.32 -4.57 9.50 4.0500 0.1100 4.0400 -0.2111 -6.3578 0.1356 6.42 -4.62 5.78 134 219 191 224 202 
0.6480 -0.5338 -0.1498 -0.5222 68.69 50.38 67.75 9.85 -5.78 1.63 1.4200 2.0200 0.2800 0.7978 -5.1344 4.0378 6.02 -7.73 -0.27 124 214 196 222 202 
0.6704 -0.6874 -0.2712 -0.0669 358.50 22.12 96.44 -0.49 -4.80 1.44 -4.3800 3.5300 2.5500 0.9700 -2.1900 0.8322 2.65 -9.39 -0.89 130 220 208 226 202 
0.6498 -0.6463 -0.3696 0.1532 332.25 16.81 97.06 3.70 -8.82 -0.02 1.1300 0.0600 1.2600 -0.4500 -0.7067 -0.1800 2.97 -9.19 -1.66 135 220 206 227 198 
0.6024 -0.6367 -0.4473 0.1782 325.06 19.12 104.87 1.01 -7.90 -4.09 -2.9300 0.8400 -2.5100 0.1378 -4.1956 -2.7878 3.96 -8.28 -3.43 134 217 208 224 198 
0.4581 -0.4318 -0.7318 0.2612 294.12 26.50 122.00 10.92 -4.10 -5.41 4.7100 2.1100 -0.2600 0.8722 -1.7167 -1.4000 4.27 -7.10 -5.23 139 219 210 231 198 
0.3437 -0.2246 -0.8476 0.3361 271.37 25.75 126.06 5.19 -6.29 -4.01 0.2800 1.0800 1.6700 -0.1422 0.4344 -0.0100 4.43 -7.13 -5.05 146 219 214 235 200 
0.3883 -0.2410 -0.8318 0.3149 286.50 31.62 124.44 5.43 -4.15 -1.99 -0.7300 2.0400 1.4500 -1.2300 5.7778 -1.0767 7.26 -6.08 -2.53 112 246 231 266 207 
0.6996 -0.2983 -0.6399 0.1102 350.31 55.75 69.12 11.51 -8.50 -1.55 1.5100 -2.6100 -4.7500 3.0211 5.9711 1.1700 5.68 -4.72 6.43 98 175 190 228 198 
0.9551 -0.2165 -0.1904 0.0680 350.00 13.88 24.87 -0.03 -2.09 11.68 0.8000 2.8700 2.9100 0.8800 0.6556 1.0378 1.67 -3.30 9.07 98 165 171 198 181 
0.9698 -0.1658 -0.0936 0.1526 339.94 5.31 21.50 5.11 -1.14 6.42 2.5200 2.7900 -3.4000 0.2744 0.0000 2.6444 -0.11 -3.58 9.12 99 169 177 201 180 
0.9465 -0.1951 0.0071 0.2568 330.44 -3.94 21.94 2.07 0.75 10.15 1.5300 4.3100 1.1400 0.0133 1.0322 -1.9344 -0.50 -3.67 9.07 102 171 180 205 180 
0.9716 -0.1923 -0.0090 0.1377 347.56 -1.44 22.00 4.99 -2.77 9.71 5.2300 0.8500 0.6100 0.0644 0.3922 -1.4900 -0.13 -3.61 9.11 103 174 184 208 182 
0.9827 -0.1840 0.0015 0.0215 357.12 -0.69 20.37 1.08 -7.20 6.16 -0.6000 -3.8800 -3.5000 0.2722 -2.9156 1.8278 1.07 -3.35 9.15 104 178 186 211 185 
0.9795 -0.1713 -0.0906 0.0546 356.62 10.31 22.12 -1.79 -1.55 9.04 -3.0200 2.2200 -0.7100 -2.1044 0.8244 -3.7378 2.80 -4.47 8.26 106 183 188 210 187 
0.9224 -0.2877 -0.1068 -0.2347 37.88 20.25 30.19 2.43 -3.05 6.50 -0.5600 1.8400 -1.0500 -0.9389 1.6344 -4.2978 3.57 -4.04 8.18 126 216 221 244 199 
0.7889 -0.2516 -0.0273 -0.5600 76.44 17.37 20.75 6.61 -2.06 9.49 1.2800 1.1100 0.3200 1.8078 3.0389 -2.2478 1.57 -1.82 9.50 168 349 329 363 211 
;
