0.6293 0.3596 0.1436 0.6739 266.06 17.69 -42.69 2.88 6.40 6.77 -0.1100 0.0800 -0.0500 -0.0100 -0.0211 0.0033 2.98 6.33 6.86 182 342 361 383 211 
0.6293 0.3598 0.1433 0.6738 266.06 17.69 -42.69 2.96 6.32 6.81 -0.0300 0.0000 -0.0500 0.0022 0.0011 0.0011 2.98 6.33 6.86 178 341 360 382 210 
0.6295 0.3599 0.1429 0.6736 266.12 17.75 -42.63 2.92 6.39 6.84 -0.2300 0.1200 0.0500 -0.3367 -0.2111 0.0789 3.10 6.16 6.96 183 308 350 371 211 
0.6398 0.3503 0.1130 0.6746 267.37 19.94 -36.25 5.48 7.35 10.28 2.3400 2.2500 3.8400 -2.8333 -1.1356 1.5122 4.46 3.45 8.01 162 255 229 253 206 
0.6178 0.3453 -0.1451 0.6914 259.62 50.69 -10.69 16.44 3.29 10.52 5.3600 3.3400 2.9100 -1.2400 -3.9933 5.7511 8.73 -2.78 3.48 134 244 228 252 199 
0.2510 0.3568 -0.5128 0.7394 204.44 41.06 76.00 0.66 0.39 -1.44 -5.5900 8.3700 -2.6900 0.5822 -1.2578 5.9244 2.52 -9.34 1.56 142 246 231 247 199 
-0.1324 0.1744 -0.6152 0.7574 155.25 3.50 78.56 -2.50 -6.45 2.67 -2.8800 2.4600 1.4500 -0.4222 -1.5811 -0.1267 0.73 -9.64 1.59 146 244 224 252 190 
-0.2271 0.2706 -0.6122 0.7074 142.44 6.44 85.44 0.42 -10.53 1.31 -2.8000 -0.8400 0.1900 -0.6311 -2.6556 -0.8200 1.57 -9.67 0.08 145 235 222 243 193 
-0.2956 0.4654 -0.5565 0.6215 122.62 18.12 96.31 4.07 -7.23 -7.04 0.8200 2.2200 -5.8500 0.8667 -7.9233 -3.0122 4.09 -8.48 -2.71 149 241 229 244 195 
-0.4165 0.7753 -0.2489 0.4043 84.62 24.62 110.62 8.10 -6.82 -2.40 3.7800 1.4700 1.1200 0.4156 0.0911 0.0067 4.06 -8.43 -2.91 155 240 230 250 198 
-0.4462 0.7758 -0.2141 0.3915 83.25 24.69 108.87 3.84 -7.81 -3.15 0.0000 0.4800 -0.1600 -0.1578 0.3433 -0.0656 4.22 -8.38 -2.82 156 244 240 257 197 
-0.4287 0.7623 -0.2328 0.4252 91.81 27.44 107.25 4.87 -2.82 0.01 0.7100 4.9600 2.1400 -0.9122 1.0800 -0.4811 4.98 -8.01 -2.66 167 264 249 275 202 
-0.3267 0.7717 -0.2915 0.4612 116.50 31.50 121.12 6.01 -3.84 -4.36 -0.1000 2.2600 -0.3900 -5.1367 0.2544 1.1311 4.67 -5.27 -6.81 157 231 224 248 187 
-0.0568 0.8007 -0.5088 0.3111 246.69 25.56 156.69 3.76 -3.62 -14.05 -0.1800 -0.8900 -5.3600 -1.7467 0.0744 0.2300 4.10 -1.93 -8.69 167 252 232 278 204 
0.0579 0.7853 -0.5759 0.2195 252.44 24.06 170.37 3.93 -2.16 -10.77 1.0100 -1.1900 -2.3600 0.0900 -0.4600 -0.0522 3.70 -1.44 -8.96 178 270 262 312 215 
0.0314 0.7874 -0.5807 0.2042 253.31 20.87 165.25 9.45 -6.06 -13.90 4.6800 -2.3700 -4.4100 2.5878 0.7800 1.1856 3.61 -4.20 -8.08 187 295 293 336 217 
-0.1367 0.7031 -0.6080 0.3425 133.81 18.87 131.56 0.35 -1.35 -4.30 -2.4700 8.1900 3.3800 4.0578 2.7811 -0.0322 3.76 -8.58 -2.88 197 356 321 363 214 
-0.2286 0.5558 -0.5546 0.5755 137.87 23.06 104.12 1.50 -2.95 -1.06 -2.2200 5.6700 1.2000 -0.1222 0.0144 -0.2089 3.99 -8.66 -2.25 202 348 317 362 215 
-0.1967 0.5631 -0.5507 0.5839 145.56 28.12 106.75 2.74 -3.92 -1.51 -1.8300 4.4300 0.9200 -1.0778 0.2100 -2.0533 5.77 -7.32 -3.02 198 326 306 340 216 
;
