0.5375 0.0310 -0.3862 -0.7490 108.62 21.62 -41.13 3.69 6.01 6.84 0.0600 0.0300 -0.0600 0.0089 0.0122 0.0211 3.62 5.99 6.86 166 359 373 421 215 
0.5417 0.0330 -0.3848 -0.7465 107.69 21.44 -41.00 5.60 9.44 7.90 1.2200 3.1900 0.6300 -1.6433 0.4811 0.9111 3.70 5.14 7.47 167 335 297 334 216 
0.5936 -0.0114 -0.3198 -0.7384 99.69 25.87 -26.94 7.74 5.27 9.52 3.0400 0.8600 1.9400 0.1700 -1.9756 4.1600 6.10 2.44 7.27 156 297 245 251 208 
0.7479 -0.1835 -0.3572 -0.5285 59.63 48.94 -0.13 9.33 -0.44 5.80 0.2500 0.4300 -0.9300 1.9233 0.1133 5.3011 6.94 -2.15 6.58 146 245 189 207 179 
0.9183 -0.2184 -0.2927 -0.1525 11.81 32.19 24.19 4.13 -2.19 5.28 -0.1700 2.3100 -2.4900 1.6911 1.2133 3.2856 3.51 -3.58 8.42 136 213 183 201 173 
0.9708 -0.1621 -0.1506 0.0930 345.75 12.44 19.69 0.57 0.65 6.85 -1.1500 3.6200 -2.0500 0.7878 1.0122 0.9278 1.18 -2.78 9.32 134 213 188 201 173 
0.9746 -0.1226 -0.0630 0.1764 341.00 3.06 14.75 -0.77 -2.00 8.34 0.5600 0.9500 -0.7700 0.2411 -0.0900 -0.4322 0.35 -2.40 9.49 126 209 186 194 166 
0.9863 -0.1266 -0.0158 0.1050 349.19 -0.31 15.00 0.87 -1.90 9.70 1.3500 0.7400 -0.2400 -0.4100 1.2756 -1.4567 -0.72 -2.94 9.32 120 212 186 191 168 
0.9833 -0.1674 0.0690 -0.0192 5.50 -9.25 20.94 0.06 -3.52 8.40 2.8300 -0.0700 -0.6900 -0.8100 1.8244 -1.4056 -2.36 -4.18 8.54 123 215 189 196 169 
0.9449 -0.2269 0.1891 -0.1414 18.56 -18.44 32.75 -5.58 -7.65 6.36 -2.4200 -2.3900 -1.3500 -0.5400 0.4100 -0.6356 -3.20 -5.57 7.40 126 215 193 199 169 
0.9211 -0.2756 0.2057 -0.1826 23.94 -13.06 36.50 -4.63 -4.12 2.73 -3.4200 1.4500 -5.1500 1.6278 -3.3600 -1.9256 0.51 -4.86 8.49 139 233 194 215 183 
0.9243 -0.2469 -0.0724 -0.2818 37.63 24.12 21.94 5.15 -1.25 4.72 0.4400 1.2000 -2.9500 1.8056 -2.5611 -4.8689 6.44 -0.41 7.38 167 333 307 328 216 
0.7717 -0.1055 -0.3571 -0.5156 76.00 36.56 -25.50 8.58 8.72 7.92 1.6500 4.4500 1.0600 0.5500 2.0567 -3.5978 3.29 5.48 7.43 182 359 343 416 214 
;
0.6255 0.1456 -0.3177 -0.6975 99.75 6.69 -41.44 -1.87 21.62 21.86 6.6500 9.1200 15.6400 -0.4500 -0.7722 0.0989 1.67 6.98 6.67 178 373 335 421 217 
0.5781 0.1641 -0.3516 -0.7178 102.44 10.69 -45.31 3.90 7.45 8.95 0.9100 -0.2700 0.0600 -0.2289 0.2456 0.1711 1.92 6.64 6.94 177 368 353 430 218 
0.5931 0.1477 -0.3481 -0.7108 99.00 12.13 -42.19 3.12 10.97 9.30 1.5300 4.8200 2.5200 -2.4978 0.4122 1.3422 2.34 5.01 8.09 154 243 212 234 190 
0.6926 0.0298 -0.2932 -0.6583 81.37 26.37 -24.94 7.03 3.75 8.73 1.8000 -0.4800 0.7000 0.3067 -0.1900 5.0300 5.49 2.10 7.84 140 239 198 209 170 
0.8754 -0.0814 -0.2939 -0.3750 38.31 33.31 0.19 5.42 -0.51 6.55 0.2400 0.2300 -1.9100 -0.1089 2.0000 4.1489 3.90 -1.62 8.84 169 233 194 206 169 
0.9793 -0.1145 -0.1449 -0.0825 4.12 13.38 12.31 0.58 0.40 5.65 -1.6800 2.5400 -4.5500 0.2356 1.3367 3.1256 0.68 -2.21 9.52 168 219 199 203 167 
0.9891 -0.0952 -0.0104 0.1118 345.50 -1.81 10.06 -2.21 2.13 7.40 -1.0300 3.6200 -1.3900 0.0211 0.3978 0.3478 -0.73 -1.50 9.66 162 224 200 205 168 
0.9851 -0.0847 0.0254 0.1474 344.69 -5.50 9.88 -1.84 -0.69 10.31 0.0900 1.3600 0.8400 -0.3000 0.0244 -1.0556 -0.97 -2.05 9.53 156 226 202 207 170 
0.9875 -0.1372 0.0608 0.0491 358.00 -10.06 18.25 1.82 -2.66 7.71 3.8300 0.6800 -1.3100 -1.3356 3.0489 -2.1122 -3.13 -4.34 8.21 152 224 202 209 171 
0.9190 -0.2590 0.2614 -0.1415 21.94 -26.31 42.81 -4.08 -10.44 3.41 -2.6400 -5.1800 -2.7500 -0.7711 1.3511 -0.3467 -4.90 -6.79 5.09 148 221 202 209 171 
0.8376 -0.3135 0.3820 -0.2330 33.13 -28.37 53.75 -6.10 -5.75 2.94 -1.7100 1.5300 -4.1300 0.5356 -1.7044 -0.7467 -3.74 -7.03 5.71 161 236 218 230 188 
0.8768 -0.3019 0.2487 -0.2795 36.31 -9.81 38.94 -3.04 -4.48 0.33 -2.0800 1.6400 -7.6000 3.8967 -3.5033 -2.9922 1.88 -3.34 9.02 170 303 287 310 214 
0.8771 -0.1158 -0.1487 -0.4417 59.31 25.37 -6.62 7.41 5.39 8.30 2.8700 3.0000 0.8900 2.9856 -1.0833 -4.6800 3.85 4.53 7.79 189 367 339 417 215 
;
0.6914 0.1321 -0.3052 -0.6414 88.44 12.06 -37.94 2.70 11.19 6.42 0.1900 3.7900 -0.8500 0.5189 1.1200 -1.5244 0.41 6.41 7.40 189 382 356 429 215 
0.6113 0.2452 -0.2849 -0.6965 100.81 8.69 -48.13 3.79 11.13 9.10 1.8300 -0.3500 -3.7400 -0.2833 1.1578 0.1756 0.90 6.80 7.00 183 384 358 437 220 
0.6081 0.2267 -0.3157 -0.6922 96.56 3.75 -46.38 4.39 13.77 7.60 4.1100 7.9400 1.0000 0.9133 0.6178 2.6400 1.18 7.32 6.41 184 318 322 330 219 
0.7443 0.2043 -0.3417 -0.5363 61.56 24.44 -40.06 4.87 6.07 7.87 -0.0400 1.5000 0.8500 -1.5611 0.9433 7.0900 5.84 2.22 7.55 169 219 197 210 178 
0.9489 -0.0360 -0.2758 -0.1491 10.81 27.87 5.31 4.17 -1.02 4.36 -0.1300 0.4100 -4.6800 -0.1644 2.0489 3.8456 2.67 -2.19 9.17 180 205 190 206 173 
0.9824 -0.1180 -0.0930 0.1112 343.50 5.62 14.94 -3.44 2.10 7.69 -3.0500 4.6100 -0.6500 -0.0811 1.0622 0.6744 0.07 -2.47 9.48 180 231 200 208 172 
0.9752 -0.1349 -0.0060 0.1758 341.56 -3.56 15.38 -2.46 -1.95 8.58 0.0800 1.5500 0.2300 -0.1344 -0.0389 -0.7656 -0.79 -2.81 9.36 179 241 204 210 175 
0.9807 -0.1743 0.0387 0.0802 352.31 -6.81 21.06 0.87 -4.25 9.31 2.5400 -0.3800 0.0000 -0.9800 2.1578 -1.4378 -2.17 -4.48 8.44 172 244 202 213 178 
0.9395 -0.2640 0.1973 -0.0941 15.88 -21.06 37.94 -2.44 -6.63 6.09 1.2700 -1.0200 -1.0100 -0.8900 1.9656 -1.0056 -4.08 -6.42 6.18 167 232 203 217 180 
0.8743 -0.3187 0.3118 -0.1920 26.12 -24.81 48.50 -5.76 -5.76 5.42 -1.3900 2.0100 -0.9600 0.3078 -0.8978 -0.3700 -3.50 -6.58 6.36 168 239 221 233 194 
0.8911 -0.3084 0.2330 -0.2377 31.69 -11.00 40.44 -4.00 -5.63 1.15 -2.6900 0.6300 -6.7200 3.9922 -3.1622 -3.1478 1.08 -4.04 8.86 171 279 283 328 220 
0.8954 -0.1448 -0.0926 -0.4106 55.75 20.87 1.56 4.63 3.06 9.08 0.3400 1.7400 0.1900 3.5044 -0.9467 -5.0533 3.58 3.61 8.38 186 341 335 403 219 
;
0.7037 0.1005 -0.3003 -0.6359 88.31 14.31 -36.88 3.74 8.39 6.32 0.5300 2.8300 -2.8300 0.2867 -0.1967 -1.8933 1.20 6.17 7.51 188 379 357 428 216 
0.6080 0.2167 -0.2853 -0.7084 99.25 6.56 -47.00 11.67 10.30 8.71 6.8900 2.5200 -1.3200 -0.0222 0.5522 0.2644 2.66 7.02 6.30 177 396 367 437 219 
0.5884 0.1571 -0.3798 -0.6963 99.75 12.94 -47.31 6.31 12.00 8.44 4.0600 5.0000 1.5500 0.4522 2.3678 0.1733 1.23 7.24 6.49 185 393 346 418 220 
0.6391 0.2241 -0.3513 -0.6465 88.06 10.88 -47.56 4.27 11.02 8.51 3.2000 4.3800 2.0300 -2.4978 0.7333 3.8367 3.45 5.01 7.68 175 258 230 242 192 
0.8296 0.0533 -0.2836 -0.4780 49.81 27.69 -15.31 4.85 -0.12 6.30 1.1700 -1.3300 -0.1800 -0.9178 0.8089 6.0022 4.32 -0.96 8.74 174 218 199 206 170 
0.9773 -0.1165 -0.1554 -0.0851 4.31 14.38 13.75 2.01 0.07 3.99 -0.9000 2.5300 -5.6400 1.2556 0.7044 3.4400 1.25 -1.91 9.53 138 204 200 203 171 
0.9864 -0.0665 -0.0593 0.1383 341.31 4.56 6.87 -0.84 2.86 9.07 -1.5100 3.7600 -0.5000 -0.1711 0.0267 0.8400 0.57 -1.09 9.72 143 215 206 206 173 
0.9775 -0.0598 -0.0360 0.1992 339.31 0.69 8.38 -0.46 -0.88 9.89 0.9500 1.2200 0.3800 -0.5033 0.2067 -0.7956 -0.10 -1.86 9.62 146 221 211 210 176 
0.9874 -0.1169 0.0142 0.1058 351.00 -5.06 14.69 2.60 -2.77 9.20 2.7000 -0.8200 -0.6100 -0.8867 2.8689 -2.0567 -2.44 -3.52 8.81 146 229 212 212 178 
0.9491 -0.2051 0.2084 -0.1172 20.37 -23.31 33.38 -1.04 -5.85 4.93 2.1600 -1.3300 -2.5100 -1.8967 3.5889 -2.5089 -4.50 -6.70 5.56 145 231 212 211 178 
0.8315 -0.2962 0.3787 -0.2781 37.50 -27.12 51.75 -5.32 -6.12 4.72 -0.6000 1.9100 -2.0300 0.4422 -0.9489 -0.4856 -3.80 -6.75 6.00 147 228 214 215 180 
0.8735 -0.2828 0.2693 -0.2906 36.38 -13.25 38.88 -2.81 -5.70 1.12 -1.8500 -0.0600 -6.9400 3.3389 -4.1800 -1.7533 0.74 -4.09 8.87 155 257 254 264 207 
0.9066 -0.1631 -0.0992 -0.3764 50.63 23.62 4.44 3.06 2.17 7.07 3.2900 4.1500 -1.6700 3.1167 -1.3911 -5.7078 4.57 3.45 7.95 185 356 336 402 216 
;
