0.6559 0.4059 0.0768 0.6318 272.12 24.37 -43.69 4.02 6.17 6.45 -0.0100 0.0000 -0.0100 -0.0078 -0.0200 0.0033 4.06 6.17 6.44 173 329 360 403 216 
0.6560 0.4070 0.0756 0.6311 272.19 24.50 -43.75 4.00 6.20 6.45 -0.0700 0.0200 0.0000 -0.0056 -0.0222 0.0078 4.08 6.17 6.43 174 328 361 399 221 
0.6561 0.4074 0.0752 0.6308 272.19 24.44 -43.75 4.50 6.32 6.33 0.4600 0.3200 0.1200 0.0000 0.3367 0.0578 3.96 6.16 6.51 170 313 344 401 214 
0.6479 0.3997 0.0724 0.6444 267.94 26.19 -41.75 7.44 7.92 10.20 3.9000 2.2400 3.7000 0.5622 -0.4767 2.9133 5.59 5.11 6.21 162 310 225 230 203 
0.4857 0.4349 0.0131 0.7581 238.00 42.56 -31.56 10.59 5.87 7.54 3.6800 2.0000 0.7700 1.2822 1.4167 3.9411 6.99 2.26 6.49 159 296 178 185 163 
0.2084 0.3697 -0.0058 0.9055 201.62 40.19 -8.44 5.76 1.83 3.52 -1.1500 0.4400 -5.0600 0.1033 3.3411 2.1867 4.34 0.18 8.79 151 305 179 183 163 
0.0366 0.1887 -0.0043 0.9814 181.31 19.06 0.00 0.67 0.63 3.74 -2.1800 0.7100 -4.8000 1.2022 0.7978 1.1811 2.48 0.44 9.47 138 368 176 180 162 
-0.0685 0.1064 0.0540 0.9905 170.50 12.06 -7.06 0.32 2.45 8.41 -1.4800 0.9700 -0.9500 0.7633 0.3300 0.4356 1.90 1.74 9.46 134 385 175 177 163 
-0.1137 0.0797 0.1127 0.9839 166.44 10.38 -12.56 2.02 2.85 8.93 0.1200 0.7400 -0.4600 0.2689 -0.0011 0.4500 1.79 2.23 9.37 138 382 176 175 160 
-0.1406 0.0650 0.1290 0.9795 163.62 8.50 -13.81 2.15 2.28 8.26 -0.7800 -0.2200 -0.9100 -0.1544 1.2567 -1.0400 0.16 2.25 9.54 140 219 168 179 160 
-0.0833 -0.0318 0.1031 0.9907 172.06 -3.69 -11.19 -1.31 2.64 9.88 -0.3100 0.7600 -0.1800 -0.8267 0.9178 -1.6989 -1.45 1.22 9.62 124 159 168 185 162 
0.0240 -0.0949 0.0436 0.9943 184.94 -11.25 -3.06 -1.12 1.74 8.49 1.0200 1.4600 -0.7400 -0.9011 0.1111 -1.5878 -1.97 -0.43 9.59 109 160 169 193 164 
0.1380 -0.1085 -0.0486 0.9833 198.19 -12.06 9.56 1.93 -1.41 9.37 4.3400 -1.0900 -0.5000 -0.9056 0.8133 -1.0933 -2.53 -2.34 9.17 101 167 168 196 167 
0.2195 -0.1497 -0.0831 0.9604 206.12 -13.56 13.13 -2.38 -2.05 11.19 -0.1400 0.3700 1.3000 -0.1078 0.1689 -0.2267 -2.32 -2.25 9.25 51 168 169 202 170 
0.2258 -0.1424 -0.0878 0.9597 206.19 -13.31 13.81 -1.88 -1.76 9.43 0.4500 0.6500 0.2300 -0.1789 -0.1033 0.0278 -2.15 -2.38 9.26 6 172 170 201 169 
0.2136 -0.1296 -0.1021 0.9629 204.31 -10.50 15.56 -4.45 -2.23 6.22 -2.8800 0.8300 -3.6600 -0.8744 -2.7467 0.1911 -0.09 -3.17 9.27 112 177 176 200 172 
0.1826 0.0317 -0.1848 0.9651 200.25 12.31 20.56 3.05 -2.72 4.82 0.5900 0.5300 -3.9200 0.3844 -3.8844 -0.0600 4.44 -3.18 8.14 132 182 179 205 174 
0.1341 0.2847 -0.1948 0.9290 197.37 39.75 19.56 10.42 -2.37 8.36 3.9600 0.1600 1.7600 0.0822 -2.1589 -0.7511 7.50 -1.99 5.98 137 190 179 204 174 
0.1496 0.4506 -0.1979 0.8576 199.87 58.50 22.69 10.52 -1.78 6.68 1.8900 0.3300 2.0800 -0.1589 -0.6567 -0.0289 8.64 -1.99 4.18 135 191 182 207 177 
0.1428 0.5000 -0.2161 0.8264 199.19 62.81 28.87 8.34 -1.62 4.38 -0.5500 0.5300 0.1900 -0.1644 -0.2811 0.2967 8.74 -2.38 3.74 140 195 187 211 179 
0.1153 0.5197 -0.2397 0.8119 193.25 64.62 44.31 12.59 -4.53 4.50 3.1000 -1.3100 2.2600 -0.4067 -3.1522 3.8700 8.11 -5.45 0.74 171 260 277 349 221 
-0.1365 0.6182 -0.3965 0.6648 145.06 37.38 104.50 1.98 -4.49 2.23 -2.7500 4.7500 5.9800 -2.3100 -2.7856 2.3078 3.38 -7.83 -4.83 180 296 298 397 230 
-0.2041 0.7142 -0.5745 0.3437 258.25 13.25 143.25 0.72 -0.18 -11.29 0.3400 3.6300 -7.0800 -4.3056 -0.6422 -0.7011 1.92 -2.42 -9.30 179 306 309 408 230 
-0.0234 0.7751 -0.6135 0.1491 256.62 11.69 166.69 4.13 -3.30 -9.08 2.1100 -0.7000 0.4000 0.1044 0.3022 -0.1778 2.18 -2.34 -9.26 181 308 304 408 230 
;
