0.6768 0.0895 -0.0750 0.7269 266.00 13.69 -0.69 2.59 -0.49 9.63 0.1900 -0.6100 0.1500 0.1144 -0.1678 -0.1833 2.44 0.20 9.49 172 310 343 369 217 
0.6813 0.0977 -0.0793 0.7211 266.44 14.31 -0.75 2.34 0.05 9.38 -0.0500 0.0800 0.0200 -0.2867 0.0767 0.2233 2.39 -0.08 9.51 172 316 344 367 215 
0.6773 0.0892 -0.0837 0.7255 266.37 13.88 -0.44 2.12 0.05 9.26 -0.1500 -0.0700 -0.3500 -0.1022 0.2389 0.0022 2.20 0.06 9.55 172 315 339 367 215 
0.6805 0.0825 -0.0784 0.7238 266.37 13.25 0.25 2.54 -0.56 9.73 0.4000 -0.5600 0.1300 0.1733 -0.2956 -0.2822 2.44 0.10 9.49 175 314 343 362 216 
0.6824 0.1157 -0.0855 0.7167 266.31 18.31 -3.31 3.17 3.53 13.64 4.3100 4.8600 4.4300 2.0578 -6.0267 3.9878 6.35 0.76 7.43 154 264 192 197 186 
0.4379 0.3251 -0.1907 0.8162 226.69 43.88 7.19 10.38 0.38 6.92 1.2800 1.7700 -2.4700 2.3933 3.0778 4.5244 5.03 -1.83 8.21 156 179 167 179 156 
0.1064 0.1653 -0.1110 0.9742 187.69 14.75 8.69 -3.15 2.51 4.16 -6.2800 4.0600 -4.6100 0.4011 1.1178 2.2633 1.12 -1.16 9.67 153 181 172 182 159 
-0.0574 0.0486 -0.0687 0.9948 171.69 4.62 9.63 -6.09 0.26 8.72 -5.2500 1.9100 -1.3500 -1.9211 0.9089 -0.7578 0.01 -2.88 9.37 139 179 175 186 162 
-0.0401 0.0161 -0.1843 0.9819 176.19 0.75 23.75 -0.71 -4.27 10.07 0.4300 0.4900 1.5000 -1.3644 0.8656 -1.0178 -0.11 -4.82 8.53 131 175 175 190 172 
0.0461 -0.0447 -0.2858 0.9561 190.81 -7.00 36.06 -3.66 -6.49 4.56 -1.9300 -0.6900 -1.2900 -1.0578 1.9356 -1.7722 -1.96 -6.73 6.85 124 186 173 196 171 
0.2075 -0.1805 -0.3527 0.8944 206.94 -9.94 46.31 -2.49 -6.22 5.58 0.2000 1.5100 -0.8000 -0.1178 0.0122 -0.0733 -1.69 -7.07 6.57 131 183 179 196 168 
0.2117 -0.1784 -0.3676 0.8878 205.56 -7.87 47.44 -5.23 -5.72 3.83 -5.2900 0.5800 -3.7700 1.0511 -2.8378 1.2667 -0.25 -6.63 7.21 155 226 182 199 170 
0.1153 0.0550 -0.3289 0.9357 195.37 14.69 36.88 4.26 -3.84 4.62 1.1500 0.4300 -3.7200 0.8156 -0.5722 -3.3389 4.56 -4.22 7.58 168 240 188 202 174 
0.2606 0.2660 -0.2590 0.8912 212.37 46.63 23.75 14.02 -0.85 4.24 7.1600 1.9800 0.0500 0.8033 -2.0156 -1.0522 8.47 -1.70 4.62 170 245 191 203 173 
0.2319 0.4743 -0.2075 0.8235 209.69 62.50 12.13 15.43 -2.02 7.31 7.3800 -1.0300 3.4300 2.0722 -1.7300 1.3978 9.03 -1.11 3.64 188 189 182 202 169 
0.0321 0.5624 -0.2061 0.8001 171.87 60.44 62.56 -2.10 0.24 7.96 -12.5900 6.7900 6.1100 0.9533 -1.1611 2.9578 7.13 -6.48 1.76 202 183 189 206 172 
-0.1920 0.6121 -0.2832 0.7129 156.56 55.56 87.62 9.36 2.06 -4.52 2.2800 6.5000 -4.5000 -0.6022 0.5433 -4.6844 9.50 -2.42 -0.07 199 188 191 208 172 
0.0268 0.6949 -0.1177 0.7089 184.81 84.37 5.56 14.66 -0.67 1.13 3.7600 -0.1000 0.9400 0.0789 -0.5622 0.3000 9.76 -0.93 -0.15 197 188 194 213 169 
0.0152 0.7080 -0.0950 0.6996 181.69 83.25 173.25 8.89 -0.56 1.79 -1.2300 0.6100 1.8500 0.1578 0.8933 0.0244 9.71 -1.16 0.57 199 183 197 212 171 
;
