0.6564 0.2061 -0.0300 0.7251 264.25 19.75 -13.94 3.24 2.27 8.91 -0.1000 0.0300 -0.0100 0.0044 -0.0056 0.0033 3.31 2.22 8.95 166 364 357 388 209 
0.6564 0.2060 -0.0299 0.7252 264.25 19.75 -13.94 3.25 2.27 8.95 -0.0800 0.0300 -0.0600 0.0000 -0.0022 0.0033 3.31 2.22 8.95 170 373 359 391 210 
0.6564 0.2060 -0.0299 0.7252 264.25 19.75 -13.94 3.22 2.30 8.93 -0.0700 0.0600 0.0000 -0.0033 0.0089 0.0156 3.31 2.22 8.95 169 365 358 392 210 
0.6542 0.2086 -0.0315 0.7263 263.31 21.69 -14.25 2.79 4.28 10.43 -0.7600 2.6200 1.5700 0.4267 -4.0789 1.5889 5.88 2.02 7.57 171 308 330 354 211 
0.5662 0.3292 -0.1583 0.7390 251.56 40.31 -7.25 13.08 2.06 8.98 6.6600 0.6300 0.5800 0.9444 1.8256 3.0911 5.62 0.18 8.03 157 220 186 188 162 
0.3760 0.2501 -0.1202 0.8841 218.69 29.19 2.75 4.54 0.69 5.18 -0.2300 0.7500 -4.9200 2.0844 2.1000 3.3778 3.21 -0.16 9.26 157 211 173 172 154 
0.1191 0.1116 0.0041 0.9866 189.69 9.38 -3.37 -3.00 3.23 6.43 -4.7900 2.9700 -2.9200 0.0756 1.5678 1.4233 0.47 0.67 9.77 147 175 165 167 149 
-0.0002 -0.0015 0.0273 0.9996 179.37 -1.56 -2.00 -4.53 0.86 6.40 -2.0700 0.6200 -1.5900 -0.3956 0.3589 -0.7522 -1.10 -0.10 9.74 134 163 163 176 150 
0.0480 -0.0712 -0.0164 0.9962 187.56 -10.00 3.69 0.20 2.13 9.23 2.4100 3.5200 0.0600 -0.9322 1.1856 -1.5644 -2.46 -1.41 9.38 111 160 158 181 152 
0.1312 -0.1602 -0.0797 0.9751 196.56 -19.31 13.75 -6.25 -6.90 8.01 -4.0800 -4.0400 -1.0700 -0.0989 0.9833 -0.6344 -3.85 -2.60 8.63 114 166 156 179 152 
0.1649 -0.2222 -0.1069 0.9550 199.19 -22.62 17.87 -3.66 -2.14 9.07 -0.2200 0.4100 -0.0300 -0.5011 -0.3611 0.0411 -3.62 -3.06 8.58 117 171 163 185 152 
0.1500 -0.2003 -0.1363 0.9586 197.31 -19.19 19.94 -3.88 -2.30 7.99 -2.0200 1.0800 -1.3400 -0.5811 -2.3822 0.1133 -1.83 -3.42 9.00 126 184 166 187 156 
0.1128 -0.0262 -0.1850 0.9759 191.56 8.56 21.75 2.59 -5.96 7.41 0.1000 -2.6300 -1.6500 0.3756 -5.2144 -0.4789 5.13 -3.35 7.65 148 266 167 193 153 
0.0401 0.3647 -0.1621 0.9160 181.62 49.19 17.69 14.02 -1.79 4.23 7.7400 0.7900 -1.3200 2.9189 -1.5522 0.1033 8.48 -0.75 4.85 113 413 171 194 157 
-0.1143 0.5129 0.0487 0.8494 160.75 61.38 1.19 9.39 2.45 3.13 0.0000 2.8300 -1.2200 2.5911 1.1700 0.3067 8.25 0.64 5.25 113 417 171 196 153 
-0.2353 0.4222 0.1830 0.8561 148.31 52.19 -13.31 5.15 3.06 5.30 -2.1900 1.5600 -0.6100 0.7989 0.6956 -0.6644 7.31 2.23 6.14 120 422 178 194 154 
-0.2328 0.3497 0.2425 0.8745 151.06 45.75 -22.81 5.61 4.74 8.18 -2.0800 2.1800 1.0600 -1.6433 0.0467 -1.0000 6.86 2.50 6.53 130 418 179 197 156 
-0.1431 0.3574 0.1805 0.9051 164.62 44.13 -16.37 6.37 3.21 4.54 -0.2600 1.2400 -2.0900 -1.5344 -0.4556 -0.2967 6.98 1.41 6.73 131 420 177 202 158 
-0.0627 0.3841 0.0906 0.9167 172.25 46.19 -9.38 7.26 -0.78 10.99 -0.7500 -1.3900 3.6500 -0.4644 -0.0644 0.2578 7.10 0.78 6.71 135 419 183 190 161 
-0.0578 0.3932 0.0613 0.9156 172.81 47.00 -4.81 6.39 1.22 5.17 -1.1200 0.6300 -1.4500 -0.2678 -0.7644 0.7744 7.45 0.07 6.36 133 409 178 198 162 
;
