0.6447 0.3661 0.1317 0.6581 268.81 18.19 -42.75 2.82 6.34 6.90 -0.2400 0.0100 0.0500 -0.0100 -0.0333 0.0056 3.07 6.32 6.83 173 363 367 410 221 
0.6442 0.3666 0.1310 0.6584 268.69 18.25 -42.75 2.89 6.32 6.92 -0.2100 0.0100 0.0600 -0.0033 -0.0333 0.0089 3.08 6.32 6.83 174 360 364 408 218 
0.6442 0.3671 0.1310 0.6581 268.69 18.75 -42.50 5.25 8.25 10.73 2.4200 3.0600 5.3500 -0.2400 -1.0844 2.0233 4.23 5.79 6.68 174 316 222 248 212 
0.5422 0.4353 0.0115 0.7186 245.00 47.25 -35.75 16.93 9.58 8.78 7.8500 5.7100 2.7900 0.5511 1.6044 5.8867 7.90 0.67 5.76 155 298 168 182 160 
0.1941 0.3925 -0.1249 0.8904 196.19 42.00 10.81 5.38 0.92 0.63 -0.6500 2.5500 -7.5500 1.2711 3.9800 3.1878 3.75 -1.95 8.84 152 253 172 187 156 
-0.0479 0.1168 -0.0901 0.9879 171.37 8.38 10.63 -1.70 1.47 3.38 -2.7900 4.0500 -5.2800 0.3511 1.8033 0.6400 -0.08 -1.63 9.66 146 177 169 183 154 
-0.0848 -0.0363 -0.0988 0.9908 173.00 -8.00 12.31 -1.07 0.91 9.72 3.4800 2.3000 1.0300 -1.8044 0.3944 -0.9067 -1.46 -3.40 9.07 106 161 172 190 162 
0.0167 -0.1109 -0.2355 0.9654 186.00 -16.06 32.81 -2.64 -6.21 6.48 -0.2900 -1.0000 -0.9000 -0.6411 1.2122 -0.8878 -3.34 -6.01 6.98 113 171 176 191 168 
0.1096 -0.2391 -0.3233 0.9091 194.50 -21.56 44.38 -5.20 -6.76 6.32 -0.3200 0.3500 0.1700 -0.1033 -0.0078 -0.1389 -3.55 -6.50 6.42 109 174 182 198 164 
0.1197 -0.2390 -0.3373 0.9026 194.69 -20.06 45.44 -4.46 -5.01 5.23 -1.9200 2.2600 -2.0300 -0.0489 -1.2656 -0.4100 -2.53 -6.69 6.70 128 178 184 202 168 
0.1017 -0.1113 -0.3569 0.9219 192.56 -1.50 42.50 -0.14 -2.68 3.20 -0.6800 3.6100 -3.9700 1.3233 -3.4244 -3.1667 3.03 -5.76 7.32 130 258 254 272 211 
0.1819 0.2366 -0.3285 0.8961 204.00 42.25 36.69 11.14 -5.12 1.57 4.6100 -1.9700 -3.7200 -0.2800 -6.2200 -0.9633 8.83 -3.60 2.26 96 235 294 312 209 
0.1357 0.5982 -0.3669 0.6994 201.50 70.00 100.62 17.12 -5.02 -3.86 6.4700 -1.4300 -3.6000 0.7900 -0.9600 -0.5844 9.23 -2.97 -1.40 100 174 202 204 150 
0.0406 0.6790 -0.2891 0.6737 180.00 69.00 95.19 9.79 4.38 -3.79 0.6900 8.5700 -4.0900 4.4156 1.4067 0.7678 8.90 -3.76 1.62 99 178 207 205 154 
-0.2068 0.6096 -0.0825 0.7608 145.87 60.94 50.06 4.97 2.64 28.97 -0.5500 6.4100 10.4400 -2.4778 1.1878 0.1456 8.23 -4.26 3.18 102 176 203 201 149 
-0.1535 0.5685 -0.1938 0.7847 161.69 55.75 63.75 9.56 -1.37 -1.93 1.3600 3.4200 -4.4700 -2.2878 0.3067 0.1911 7.98 -5.43 1.69 98 180 205 203 148 
-0.0565 0.5610 -0.3325 0.7560 170.69 54.31 75.44 7.42 -10.09 -6.20 -1.1600 -3.7100 -5.1200 3.3656 -0.1311 0.3689 7.90 -5.21 2.55 106 176 189 201 144 
-0.1435 0.5711 -0.2355 0.7732 159.12 54.69 67.94 6.03 -4.79 4.74 -3.2800 0.9900 2.3300 -2.2933 0.9722 0.2244 7.71 -5.66 2.15 103 188 206 213 157 
;
