0.7264 0.1095 -0.0484 0.6768 273.94 12.38 -5.56 2.01 0.92 9.37 -0.0400 0.0300 -0.0800 -0.2367 0.0733 0.1656 2.05 0.79 9.55 178 350 368 401 213 
0.7232 0.0994 -0.0524 0.6814 273.56 12.25 -4.44 2.04 0.77 9.59 -0.1500 0.0300 0.0200 0.0322 -0.0233 -0.0933 2.10 0.80 9.54 173 352 371 405 211 
0.7269 0.1016 -0.0541 0.6771 274.00 12.56 -4.00 2.26 0.40 9.68 0.2400 -0.3300 0.2000 0.0644 -0.0778 -0.0856 2.19 0.69 9.53 174 345 369 409 212 
0.7285 0.1060 -0.0544 0.6746 274.31 12.69 -4.81 1.99 0.80 9.48 -0.1300 0.0000 -0.0800 -0.1844 0.0489 0.1678 2.12 0.66 9.55 188 347 373 400 211 
0.7245 0.0989 -0.0583 0.6797 273.81 12.63 -3.94 1.99 0.70 9.50 -0.1600 0.1200 0.0500 0.0711 -0.0944 -0.0444 2.20 0.77 9.52 174 339 370 400 213 
0.7243 0.1119 -0.0621 0.6775 272.81 16.37 -4.31 2.83 1.52 13.46 2.7400 2.7000 3.7000 1.4656 -5.0122 3.4756 5.56 0.67 8.04 162 254 178 185 190 
0.5191 0.2716 -0.1777 0.7906 237.50 37.44 4.25 11.38 1.04 9.62 4.0600 2.4900 0.9700 0.7311 1.4800 4.8111 4.21 -1.95 8.63 129 193 162 172 165 
0.2153 0.1223 -0.1375 0.9590 199.50 12.19 12.06 -2.26 0.62 2.68 -4.0500 2.5500 -6.7800 1.2756 1.9444 2.4678 0.31 -1.32 9.71 120 202 161 176 166 
0.0294 -0.0219 -0.0442 0.9984 181.37 -4.00 4.44 -4.26 1.95 8.46 -3.3700 2.6400 -1.0300 -0.5633 -0.4211 0.9189 -0.71 -0.99 9.72 126 201 170 179 167 
0.0009 -0.0633 -0.0681 0.9957 181.12 -7.12 9.25 1.93 0.00 9.42 2.2500 1.2500 -0.5700 -1.6211 2.4833 -2.3044 -2.21 -2.86 9.11 109 180 161 185 170 
0.1485 -0.1799 -0.1807 0.9554 201.81 -19.62 29.00 -4.67 -7.92 4.76 -1.1500 -3.9800 -2.8300 -1.4944 1.6022 -0.8733 -3.83 -5.69 7.00 110 185 164 191 173 
0.2290 -0.2855 -0.2660 0.8918 209.56 -22.94 42.88 -6.08 -8.03 6.31 -0.7800 -0.3300 0.7500 0.1467 -0.3522 0.0533 -3.67 -6.20 6.64 118 181 170 197 173 
0.2296 -0.2854 -0.2833 0.8864 209.00 -22.12 43.19 -3.94 -6.08 5.87 -0.4300 -0.3900 -0.4800 0.0422 -0.6389 0.0122 -3.44 -6.21 6.75 109 190 170 192 174 
0.2127 -0.2504 -0.2966 0.8967 205.62 -16.62 41.88 -3.51 -4.10 4.02 -1.4000 2.3800 -3.0100 0.3744 -2.7833 -0.4722 -1.26 -6.16 7.52 128 202 174 198 177 
0.1633 -0.0277 -0.3220 0.9321 197.19 12.00 37.63 0.77 -2.08 3.62 -2.7400 3.3400 -3.6700 0.1289 -7.9433 -0.4722 6.60 -5.59 4.60 166 254 272 301 214 
-0.0072 0.5353 -0.4005 0.7437 175.12 51.50 104.12 10.35 -5.74 -8.38 4.9900 -0.2300 -6.6600 -4.5933 -5.1767 0.0278 5.79 -4.49 -6.50 161 245 271 316 219 
0.0215 0.7703 -0.5399 0.3387 250.37 31.56 161.19 10.40 -4.91 -12.26 4.7800 -2.9500 -3.1300 -1.7467 -0.1178 0.3411 4.99 -1.62 -8.28 171 275 295 359 228 
0.0831 0.7544 -0.5939 0.2670 258.69 29.56 161.94 8.98 -4.61 -14.19 2.7800 -0.1200 -5.3800 5.1444 -0.5544 3.1300 3.76 -6.11 -6.67 195 342 331 385 220 
-0.2008 0.6074 -0.5918 0.4904 134.25 21.69 108.12 -1.84 -0.31 1.52 -4.9700 7.8500 2.4700 0.4756 0.7289 -0.1322 3.72 -8.96 -1.37 199 401 353 399 220 
-0.2295 0.5255 -0.5349 0.6206 141.50 25.25 98.12 1.02 -2.41 0.38 -2.9800 6.0400 1.9500 -0.9389 0.1667 -1.1322 4.85 -8.34 -1.73 198 365 337 384 225 
-0.1214 0.5787 -0.5303 0.6076 166.62 40.13 109.37 7.33 -6.24 -0.79 2.0300 0.1700 1.0600 -2.3322 4.1978 -4.1667 8.90 -4.01 -0.91 194 312 322 357 220 
;
