0.7328 0.3909 -0.2231 -0.5103 69.69 -4.12 -53.38 -0.68 7.70 5.94 0.0100 -0.2000 0.0100 0.0044 -0.0189 0.0100 -0.69 7.85 5.83 177 352 351 412 212 
0.7326 0.3906 -0.2240 -0.5104 69.69 -4.00 -53.38 -0.62 7.69 5.84 0.1100 -0.1500 0.0400 -0.0022 0.0100 0.0067 -0.68 7.85 5.83 177 351 351 413 213 
0.7328 0.3895 -0.2254 -0.5103 69.44 -3.06 -52.88 -0.45 10.14 8.27 0.7100 2.7000 2.7500 -1.2800 -1.8289 1.7256 1.33 7.09 6.63 177 321 321 329 212 
0.7981 0.2046 -0.3418 -0.4521 55.69 26.62 -41.25 9.26 8.05 7.99 4.6200 2.6600 0.4300 -0.5067 -1.2533 4.8256 6.87 3.36 6.12 155 260 214 215 195 
0.8914 0.0084 -0.4004 -0.2120 20.31 42.69 -7.37 6.85 2.23 5.08 -0.3200 1.7600 -2.7700 -0.6411 3.2978 3.1133 4.83 -0.90 8.48 151 206 186 194 183 
0.9811 -0.0897 -0.1713 -0.0085 358.44 14.00 12.75 -1.28 -0.11 3.90 -3.3900 2.3300 -5.0600 -0.8711 2.3233 1.0422 0.23 -2.92 9.35 155 176 175 186 177 
0.9863 -0.1567 0.0016 0.0508 356.25 -3.00 18.00 -0.01 -0.96 9.65 0.9500 1.9900 0.5100 -0.3167 0.3367 -0.8178 -0.97 -3.42 9.13 148 201 181 190 181 
0.9778 -0.1860 0.0773 -0.0574 9.50 -8.69 23.12 -0.35 -3.45 8.51 1.1600 0.3800 -0.0600 -0.6489 2.1556 -1.3800 -2.25 -4.31 8.50 145 223 184 193 183 
0.9429 -0.2257 0.1792 -0.1671 21.44 -16.31 32.00 -3.56 -5.68 7.58 -1.2100 -1.1400 -0.9100 -0.5778 -0.5244 0.4178 -2.81 -5.41 7.67 147 215 189 200 185 
0.9301 -0.2725 0.1860 -0.1616 19.62 -12.31 35.25 -5.91 -5.06 3.28 -3.1800 -0.9100 -5.8700 1.2300 -3.6244 -0.9033 0.17 -4.88 8.50 157 234 195 218 193 
0.9576 -0.2169 -0.0762 -0.1737 21.44 19.75 20.06 5.75 -3.39 7.15 0.8100 -0.9800 -1.2500 1.0900 -2.8500 -1.4311 5.65 -1.85 7.79 162 272 225 230 196 
0.9039 -0.1427 -0.3363 -0.2225 30.25 44.88 5.62 14.21 2.28 9.50 4.0500 5.1900 2.3100 0.7400 -0.7311 -0.3800 7.29 0.10 6.55 166 297 230 233 197 
0.8663 -0.1237 -0.4068 -0.2621 33.44 51.44 0.81 7.28 0.20 5.03 -0.4700 0.2900 -0.6000 0.5567 -0.0556 -0.2356 7.80 0.18 5.93 168 303 230 233 196 
0.8631 -0.0913 -0.4228 -0.2606 33.25 48.81 -8.75 12.05 3.32 4.28 5.3600 2.2200 -1.1400 2.9011 0.6011 0.8922 7.04 2.07 6.50 131 317 214 205 179 
0.8984 0.0561 -0.4146 -0.1335 11.06 46.44 -13.56 10.58 5.49 12.27 1.3300 4.1500 4.3000 -1.9611 2.4689 4.1178 6.11 -1.21 7.56 142 303 193 193 173 
0.9473 -0.1423 -0.2739 0.0856 347.06 25.94 27.62 -6.12 -2.76 4.90 -9.7800 2.0000 -3.5100 -1.5789 -0.0033 -0.4456 4.20 -5.29 7.10 143 312 193 198 176 
0.9175 -0.2715 -0.2885 0.0346 1.06 34.44 34.56 5.63 1.06 -0.55 1.0500 5.0500 -7.0000 1.0189 0.2789 -3.5456 6.46 -2.52 6.92 148 310 199 204 179 
0.9111 -0.1367 -0.3599 -0.1472 19.19 46.81 5.62 14.52 1.95 6.99 7.5500 1.3000 0.8700 1.9511 -0.9589 -0.1922 7.65 0.63 6.09 155 307 207 208 182 
0.8854 -0.0085 -0.4540 -0.0988 9.00 55.06 -5.25 8.21 1.12 10.46 -1.7800 0.7800 3.7000 -0.2722 -0.3167 1.8089 8.15 -0.63 5.41 157 307 208 209 184 
0.8823 -0.0698 -0.4655 0.0010 0.37 54.06 14.19 5.93 -1.31 4.88 -1.2400 0.0000 -0.9700 -0.5944 -0.1133 -0.0811 7.90 -1.65 5.56 157 305 209 210 184 
;
