0.5760 -0.0804 -0.0165 -0.8134 109.37 8.56 3.81 1.44 -0.72 9.61 -0.0300 -0.0600 -0.0600 0.0022 0.0067 0.0011 1.46 -0.64 9.67 157 303 327 366 215 
0.5760 -0.0804 -0.0165 -0.8134 109.37 8.56 3.81 1.44 -0.72 9.58 0.0000 -0.0500 0.0300 0.0022 0.0011 -0.0044 1.46 -0.64 9.67 155 301 330 368 216 
0.5760 -0.0804 -0.0165 -0.8134 109.37 8.63 3.75 1.46 -0.68 9.63 -0.0400 -0.0500 -0.0200 0.0267 -0.0244 0.0067 1.48 -0.62 9.67 156 302 331 370 214 
0.5771 -0.0810 -0.0197 -0.8124 108.75 9.44 3.56 1.41 1.70 12.09 0.7500 3.3200 2.9500 0.5944 -2.7011 0.4778 3.11 -0.59 9.28 150 291 303 292 214 
0.6222 -0.2039 -0.1044 -0.7486 94.75 30.75 7.94 9.19 -3.92 10.22 4.7200 -1.2400 0.4200 2.6622 -3.9167 5.0722 6.61 -2.09 6.92 111 295 235 202 196 
0.8276 -0.3098 -0.2634 -0.3868 39.81 40.31 27.25 5.28 -2.04 5.36 -0.4600 1.4400 -1.5000 2.7622 0.2622 3.2100 5.38 -3.57 7.38 100 262 180 180 168 
0.9476 -0.2046 -0.2249 -0.0983 7.50 25.00 20.81 2.24 1.11 5.13 -1.3300 3.7400 -3.5400 1.4289 1.2233 1.5311 3.08 -2.53 8.95 97 190 175 178 166 
0.9835 -0.1029 -0.1442 0.0375 354.12 15.56 11.81 0.48 0.93 8.90 -1.8600 2.3400 0.1000 0.7078 0.0456 0.9322 2.50 -1.50 9.36 97 185 171 177 165 
0.9822 -0.0560 -0.1412 0.1105 345.75 15.81 8.63 2.06 0.21 9.85 -0.1700 1.1600 -0.0800 -0.3211 -0.2344 0.4656 2.75 -1.71 9.25 100 177 170 177 163 
0.9773 -0.0795 -0.1429 0.1348 345.50 13.44 11.81 2.48 -0.99 9.33 0.4000 1.3000 -0.1600 -0.2722 1.2644 -1.1078 1.63 -1.99 9.46 98 155 179 179 165 
0.9897 -0.0959 -0.0788 0.0712 354.25 7.12 11.50 2.04 -0.89 9.46 1.1800 0.9400 -0.7900 -0.0089 0.9600 -1.5744 0.79 -1.84 9.59 98 154 182 185 168 
0.9949 -0.0944 -0.0242 -0.0254 4.44 1.69 10.75 3.08 -0.96 9.41 1.7400 0.3300 -0.7700 -0.6078 1.6878 -0.9367 -0.55 -2.10 9.56 99 159 181 186 169 
0.9900 -0.1099 0.0539 -0.0701 8.19 -6.19 13.56 -3.45 -4.64 9.67 -0.7200 -1.3100 0.7400 0.0000 -0.1422 -0.3456 -0.94 -2.36 9.46 100 159 183 190 169 
0.9886 -0.1231 0.0570 -0.0656 7.31 -5.31 14.94 -0.32 -1.53 9.21 -0.2500 0.8800 -0.3200 -0.2289 -0.3111 0.2578 -0.83 -2.69 9.39 99 161 183 190 169 
0.9882 -0.1445 0.0381 -0.0342 3.87 -2.31 17.12 -2.25 -0.79 7.01 -1.3100 2.9000 -2.1600 -0.8533 -1.5378 -0.5200 0.82 -3.34 9.17 105 182 183 192 173 
0.9701 -0.2272 -0.0712 -0.0473 7.12 11.38 30.50 2.86 -3.79 13.48 2.2000 -0.5700 6.8900 -3.1800 1.7256 -2.2256 2.23 -6.33 7.14 180 296 311 319 205 
0.8691 -0.4549 -0.0356 -0.1910 25.75 14.25 60.56 8.45 -9.15 -1.80 5.2100 0.4500 -6.7400 -2.2756 2.3344 0.5367 1.88 -9.15 2.96 183 313 324 331 204 
0.7816 -0.5925 0.0371 -0.1913 27.06 9.00 72.25 0.57 -5.44 -2.19 -1.6600 3.6300 -6.1100 0.9667 -0.0600 -0.0400 1.63 -8.92 3.71 177 323 314 347 207 
0.8516 -0.4885 -0.0255 -0.1882 24.44 16.12 48.63 7.25 2.99 11.48 5.0900 9.4900 9.6600 5.7222 0.0789 -0.4522 3.17 -3.91 8.41 183 320 334 347 205 
0.9421 -0.2520 -0.1083 -0.1929 24.56 16.62 33.69 4.67 -1.26 16.90 2.6200 5.3800 3.3200 -5.6878 0.5911 0.4400 2.28 -8.03 5.13 181 318 333 342 208 
0.7995 -0.5719 0.0199 -0.1825 25.00 8.06 74.06 -2.00 -6.75 -12.31 -3.3300 2.6800 -14.1900 1.8211 -0.4656 -0.0867 1.31 -9.17 3.21 182 319 330 341 208 
0.8527 -0.4936 -0.0175 -0.1706 23.00 14.50 48.31 4.71 1.70 12.37 5.9300 7.1500 14.8400 4.1456 0.3522 -0.6822 3.09 -4.07 8.36 181 313 334 341 206 
0.9413 -0.2484 -0.1174 -0.1960 24.12 19.56 31.44 4.28 -3.37 9.48 0.4800 2.3800 -0.6700 -3.6378 -0.4533 0.4067 3.44 -6.84 6.12 181 307 329 332 207 
;
