0.4724 -0.3698 -0.6926 -0.4005 80.69 71.81 -138.44 9.31 1.99 -2.36 0.0000 -0.0300 -0.0600 -0.0167 0.0089 -0.0289 9.31 2.04 -2.28 171 290 262 287 197 
0.4708 -0.3693 -0.6930 -0.4022 81.00 71.69 -137.94 9.28 2.03 -2.26 -0.0300 -0.0400 0.0400 0.0144 -0.0044 0.0133 9.31 2.05 -2.29 171 289 263 287 198 
0.4709 -0.3694 -0.6932 -0.4016 80.87 71.75 -138.12 9.24 2.01 -2.22 -0.0300 -0.0300 0.0500 0.0222 -0.0011 -0.0156 9.31 2.05 -2.27 169 289 248 260 189 
0.4805 -0.3676 -0.6946 -0.3891 74.94 72.44 -146.00 13.94 0.91 -6.28 5.4300 0.1500 -2.9900 2.1844 1.3256 1.4100 9.59 0.60 -1.91 149 307 203 207 160 
0.6129 -0.3127 -0.6837 -0.2435 33.38 81.69 118.56 15.84 -0.67 -3.00 3.9800 1.1500 -2.9000 3.5533 3.2900 2.9678 9.08 -3.13 1.97 129 217 194 197 157 
0.8353 -0.2260 -0.5009 0.0169 352.62 48.69 38.75 4.19 -1.02 2.73 -2.4800 2.7500 -3.2300 2.1844 3.4944 1.8378 4.78 -3.83 7.65 117 203 191 193 155 
0.9490 -0.1445 -0.2178 0.1764 337.56 18.50 20.69 -0.26 -0.34 6.12 -2.5000 2.8900 -2.6700 1.0389 1.1389 0.9756 1.72 -2.63 9.28 124 209 190 191 154 
0.9578 -0.1025 -0.0977 0.2502 329.62 7.00 14.19 -0.15 -0.70 9.25 -4.0300 0.7800 -0.4000 -0.2689 1.4378 -0.7722 0.80 -2.52 9.44 127 213 193 194 156 
0.9600 -0.1213 -0.0758 0.2408 332.94 4.44 16.37 0.88 -2.19 9.84 0.2700 0.5100 0.4800 -0.5000 0.8011 -0.8722 0.37 -3.07 9.30 127 212 197 197 157 
0.9716 -0.1707 -0.0267 0.1619 343.62 -1.75 20.94 0.71 -3.90 8.94 1.0700 0.0800 -0.2900 -0.7189 1.9444 -1.4656 -1.12 -4.06 8.85 124 210 200 199 162 
0.9687 -0.2326 0.0819 0.0297 359.62 -12.06 28.56 -1.41 -4.78 8.09 0.4200 -0.0100 -0.0300 -0.4344 2.0744 -1.2200 -3.04 -5.18 7.74 124 219 202 200 164 
0.9253 -0.2838 0.2272 -0.1080 16.69 -23.00 41.13 -3.63 -6.70 5.36 0.3200 -0.4800 -1.2600 -0.4100 1.2056 -0.5944 -4.24 -6.44 6.05 124 228 203 203 164 
0.8746 -0.3210 0.3163 -0.1789 22.94 -25.75 48.94 -4.54 -6.92 5.74 0.1800 -0.1500 0.2600 -0.2689 -0.5156 -0.0078 -3.98 -6.76 5.87 125 224 204 203 165 
0.8834 -0.3460 0.2765 -0.1534 18.62 -21.31 48.69 -4.84 -5.91 4.65 -1.8300 1.0900 -1.6800 -0.0322 -2.0167 -0.4889 -2.49 -6.95 6.44 129 220 204 204 165 
0.9091 -0.3777 0.1262 -0.1226 14.00 -2.56 46.00 -0.72 -4.36 3.46 -0.4200 2.4800 -3.7100 -0.3267 -5.0244 -0.7933 2.76 -7.11 6.15 134 209 210 210 167 
0.8651 -0.4232 -0.2694 -0.0043 355.37 34.50 63.13 9.38 -8.09 0.69 2.8600 -1.1200 -2.2400 -2.1011 -5.4344 -0.4878 6.66 -7.19 -0.04 152 228 216 217 169 
0.6034 -0.4636 -0.6378 0.1195 332.69 39.50 114.25 11.69 -10.14 -8.14 6.1900 -3.0100 -3.9000 2.4144 -0.8822 -0.1311 5.89 -7.26 -2.93 160 355 216 215 168 
0.5638 -0.3599 -0.6921 0.2709 303.12 34.88 100.94 7.66 -6.33 -1.77 1.8800 2.4200 -0.3500 3.4056 -0.3811 0.9478 5.11 -8.35 0.34 171 398 216 215 168 
0.6067 -0.2492 -0.5958 0.4635 283.12 29.25 75.37 4.35 -2.00 10.74 -0.0600 5.0400 5.3300 -1.4033 0.4756 -0.2178 4.86 -8.41 1.30 167 406 219 215 167 
0.5536 -0.2748 -0.6625 0.4232 284.62 29.12 99.62 6.16 -10.30 -5.26 1.5800 -2.7700 -5.5800 -1.1844 -0.0344 0.1378 4.53 -8.22 -2.81 172 407 218 215 167 
0.5087 -0.3198 -0.7036 0.3793 286.06 28.56 96.62 4.72 -6.96 -0.25 -0.1300 2.4400 1.3000 3.7478 1.0256 -0.2000 4.74 -8.40 1.76 176 406 219 214 170 
0.6090 -0.2255 -0.5875 0.4827 284.37 30.19 77.75 4.49 -6.23 2.94 -1.5700 2.3400 2.2100 -2.0244 0.2578 -0.5156 5.21 -8.27 0.73 175 400 221 217 170 
;
