0.6763 0.0001 -0.1479 0.7216 266.25 11.50 12.56 1.97 -2.02 9.41 -0.0100 0.0800 0.0200 0.0011 0.0067 0.0067 1.96 -2.09 9.37 161 310 332 367 207 
0.6763 -0.0004 -0.1482 0.7216 266.25 11.50 12.63 1.95 -2.01 9.47 -0.0700 0.1500 0.0600 -0.0022 -0.0044 0.0011 1.96 -2.10 9.37 164 311 335 366 208 
0.6760 -0.0003 -0.1485 0.7217 266.25 11.50 12.63 1.91 -1.99 9.47 0.0000 0.0100 0.2700 0.2533 -0.0667 0.0822 1.97 -1.96 9.40 165 316 336 369 210 
0.6694 0.0242 -0.1255 0.7318 263.50 12.44 5.81 2.73 0.96 11.63 0.7100 2.2900 2.3600 2.6844 -2.1211 1.4778 3.35 0.59 9.19 152 314 237 255 208 
0.5428 0.1921 -0.0764 0.8140 239.75 27.06 -5.25 12.88 4.03 12.67 6.3200 0.9200 1.3800 0.5944 0.7344 4.1378 5.01 0.03 8.42 137 198 159 174 157 
0.2331 0.2228 -0.0899 0.9423 201.37 23.50 5.56 2.89 0.09 5.88 -1.8800 1.2200 -2.8500 1.2022 2.2967 3.1322 2.08 -0.78 9.54 135 193 153 182 162 
0.0004 0.0637 -0.0258 0.9976 177.69 5.62 2.12 -1.65 1.91 5.92 -2.1000 2.1200 -3.7700 0.6700 0.8033 1.7622 0.17 0.06 9.80 136 194 155 178 163 
-0.1207 -0.0079 0.0103 0.9926 164.12 -1.06 -1.44 -13.59 1.09 8.46 -1.7900 1.5800 -1.7300 -0.4778 0.4611 -0.5878 -0.59 -0.06 9.78 131 175 162 181 163 
-0.1043 -0.0461 -0.0241 0.9932 169.87 -6.44 3.56 0.54 0.53 10.07 1.9300 1.4600 -0.0300 -1.2389 1.7356 -1.9244 -2.09 -1.68 9.43 122 169 163 185 166 
0.0358 -0.1650 -0.1298 0.9771 188.06 -20.75 19.87 -1.50 -2.08 7.35 2.9600 1.0400 -0.9100 -1.2367 2.0600 -1.6022 -4.22 -4.35 7.70 120 181 163 196 171 
0.1539 -0.2773 -0.2241 0.9215 198.94 -25.37 34.00 -5.60 -7.31 7.99 -1.0400 -1.7600 0.4000 -0.2767 0.3433 -0.4078 -4.18 -5.26 7.13 119 183 161 195 172 
0.1710 -0.2776 -0.2474 0.9124 201.12 -24.87 37.25 -3.63 -5.16 6.67 0.2300 0.2900 -0.4500 -0.1167 -0.3433 0.0033 -3.99 -5.47 7.08 119 188 163 196 172 
0.1626 -0.2592 -0.2675 0.9137 199.81 -21.94 38.63 -5.34 -3.04 3.65 -0.8900 2.8700 -3.3200 -0.4100 -1.7411 -0.9178 -2.30 -6.03 7.37 140 195 172 198 174 
0.1786 -0.1254 -0.3325 0.9175 205.50 -1.50 43.44 3.19 -4.65 12.05 4.3400 0.4700 5.5800 -2.9422 2.8878 -3.7711 0.95 -7.78 5.89 172 283 302 375 214 
0.4078 -0.1943 -0.4904 0.7453 244.37 5.50 71.75 6.37 -9.28 2.25 5.9400 1.2600 -0.5300 -6.0044 2.2333 0.6722 0.47 -9.73 -1.11 162 283 301 362 208 
0.3525 -0.4792 -0.6533 0.4684 252.94 -0.44 111.69 -3.08 -7.38 -10.92 -2.3400 1.3200 -7.1600 1.5044 -0.4622 -0.2011 -0.22 -9.29 -3.11 158 284 284 340 207 
0.3666 -0.4376 -0.6292 0.5275 249.94 1.37 92.69 -1.89 -4.12 1.13 -1.3800 5.5500 6.5200 5.2944 0.6733 -0.7322 0.77 -9.18 3.34 167 291 289 340 203 
0.4956 -0.3109 -0.4949 0.6425 254.62 6.62 77.50 3.40 -6.49 3.48 1.0000 3.2700 -0.1400 -4.1567 -1.0378 0.2811 1.09 -9.65 -1.28 171 288 287 336 206 
0.3339 -0.3887 -0.6969 0.5018 244.94 3.44 108.62 -5.35 -9.60 -14.74 -5.3100 -2.0500 -10.6800 2.5700 0.1367 -0.1433 0.31 -9.46 -2.53 164 287 280 328 207 
0.3789 -0.3217 -0.6391 0.5869 251.75 9.88 82.12 4.93 0.30 16.12 8.4200 11.9000 22.5600 -0.5589 -0.1222 -0.6256 2.50 -9.26 2.01 161 281 276 309 202 
0.4374 -0.2691 -0.6387 0.5730 253.00 13.13 92.06 0.24 -9.43 -5.65 -1.7000 -0.2600 -4.2300 0.1067 -0.5356 0.7233 1.68 -9.61 -0.92 163 280 279 311 200 
0.3662 -0.2675 -0.6757 0.5812 243.56 11.94 91.06 0.13 -7.97 -4.25 -2.4300 1.6000 -5.4100 2.1033 -1.0756 -1.4089 2.98 -9.22 1.44 167 270 269 296 202 
0.4182 -0.1066 -0.5870 0.6849 244.44 22.37 62.63 2.25 -5.25 5.94 -2.2200 2.8700 1.3300 5.5333 2.7333 -2.5733 3.73 -4.04 8.11 176 323 313 392 209 
;
0.7075 0.1667 0.0187 0.6865 271.69 11.63 -15.44 1.96 2.55 9.24 -0.0100 0.0000 -0.0100 -0.0156 0.0033 0.0422 1.99 2.55 9.25 177 380 370 410 212 
0.7055 0.1649 0.0173 0.6890 271.06 11.75 -14.75 1.41 3.61 9.26 -0.8200 1.5700 -0.6500 0.1022 -0.9200 0.8922 2.53 2.28 9.19 175 346 352 405 211 
0.6580 0.2091 -0.0458 0.7220 261.06 27.44 -11.88 9.86 1.97 9.47 6.3000 0.5000 2.5100 0.7800 -2.4844 3.6011 6.70 0.69 7.11 160 328 242 236 200 
0.3973 0.3496 -0.1796 0.8293 221.00 46.31 6.19 10.37 0.18 7.17 3.1900 1.0600 0.5900 1.6989 2.6644 4.0578 5.46 -1.76 7.95 131 224 159 173 152 
0.0932 0.1834 -0.1171 0.9716 187.81 17.75 11.25 0.40 0.67 5.76 -2.5400 3.0000 -3.5800 1.2633 2.7500 2.1000 0.30 -1.08 9.74 115 162 154 177 152 
-0.0538 -0.0202 -0.0474 0.9972 171.44 -4.62 5.06 -3.46 2.14 7.70 -1.9000 2.3100 -1.8200 -0.2411 0.4133 0.7022 -1.19 -0.89 9.69 117 172 158 177 156 
-0.1224 -0.0550 -0.0547 0.9894 165.00 -6.69 5.69 -3.00 -1.61 8.26 -1.9400 -0.7500 -1.7900 -0.1644 0.8589 -0.4556 -1.26 -1.06 9.66 115 168 161 178 154 
-0.1240 -0.0480 -0.0632 0.9891 166.56 -6.69 7.12 -1.16 0.25 10.00 0.3100 1.4100 -0.0400 -0.6267 0.5267 -1.0378 -1.48 -1.79 9.52 108 169 163 183 157 
-0.0439 -0.0732 -0.1159 0.9896 177.44 -10.19 14.94 -0.64 -1.70 9.13 2.1700 0.2600 -0.5700 -1.2289 2.3878 -1.5600 -2.71 -3.53 8.73 111 173 163 180 160 
0.0694 -0.1796 -0.2026 0.9601 190.19 -20.31 28.19 -6.24 -8.17 6.28 -1.6900 -1.6600 -0.6400 0.0367 0.0944 -0.2822 -3.54 -4.58 7.91 111 176 163 186 163 
0.1024 -0.2141 -0.2259 0.9448 192.25 -20.87 30.69 -3.44 -3.93 7.31 -0.0200 1.0800 -1.1700 -0.5344 -0.5944 -0.0122 -3.21 -4.98 7.80 118 186 169 185 162 
0.0851 -0.1625 -0.2818 0.9418 190.37 -13.06 37.06 -2.26 -3.16 6.56 -0.9100 3.3300 -0.2600 -2.4367 0.5978 -2.6633 -0.92 -7.41 6.35 166 257 252 282 206 
0.2382 -0.1414 -0.4510 0.8484 218.87 0.88 60.38 4.83 -10.78 7.75 4.1600 -1.6500 4.3400 -3.5656 3.5178 -2.2622 0.87 -9.41 2.60 173 283 325 377 210 
0.4165 -0.3126 -0.5913 0.6158 250.50 5.87 89.44 1.94 -9.68 -4.40 0.5900 0.4500 -3.8400 -2.4422 0.7422 0.5122 0.74 -9.61 -1.77 160 278 302 332 203 
0.3693 -0.4293 -0.6605 0.4930 252.62 3.31 103.69 -1.05 -8.53 -7.98 -1.7100 0.7700 -6.5300 2.3556 -0.7000 -0.3822 0.67 -9.73 -0.95 165 289 291 328 200 
0.4217 -0.3395 -0.5915 0.5975 251.44 6.00 79.37 8.22 -1.57 24.65 3.8900 7.9000 21.2200 -1.6444 -0.6989 0.3367 0.91 -9.53 2.10 164 291 295 327 202 
0.4047 -0.3330 -0.6072 0.5972 246.31 4.50 94.44 -1.95 -8.19 -7.76 -5.3700 0.3200 -10.6100 -2.6989 -1.5756 0.6433 0.05 -9.30 -3.09 168 290 294 322 202 
0.2979 -0.3583 -0.7007 0.5402 241.44 4.00 97.25 -1.81 -7.34 -2.75 -1.8500 2.3900 0.0400 4.6333 1.7144 -1.6278 1.70 -9.42 2.11 168 292 298 327 202 
0.4929 -0.2571 -0.5240 0.6452 253.12 11.81 75.75 4.34 -7.81 0.67 -1.0600 1.0000 -4.3900 -2.1178 -1.0744 0.2789 1.99 -9.58 0.51 173 288 293 313 198 
;
