0.5810 0.3542 0.1431 0.7187 257.87 19.94 -41.06 3.22 6.03 7.03 -0.0200 -0.0300 0.0200 0.0100 0.0367 -0.0200 3.31 6.06 6.95 176 312 353 391 215 
0.5815 0.3519 0.1462 0.7188 257.94 19.50 -41.13 3.51 6.13 7.00 0.3200 0.0700 0.0700 0.0144 0.1478 0.0856 3.25 6.06 6.98 174 304 330 387 216 
0.5660 0.3549 0.1355 0.7317 253.81 23.12 -39.00 7.01 8.08 13.88 4.7000 2.1100 5.1700 0.0133 -2.8611 4.1567 6.46 3.83 6.29 158 310 204 200 184 
0.3806 0.4291 -0.0311 0.8186 222.37 48.13 -16.31 10.89 4.08 5.00 2.1900 1.6300 -2.2600 0.8811 1.7678 4.0967 6.87 -0.06 6.98 148 275 167 181 159 
0.1074 0.3069 -0.0760 0.9426 188.19 30.94 6.44 3.74 -0.46 2.87 -1.8600 0.9300 -6.0900 0.4989 3.0967 2.0389 2.71 -1.12 9.35 142 253 170 175 157 
-0.0515 0.0920 -0.0508 0.9931 171.69 7.12 5.94 -1.59 2.36 6.60 -2.4300 3.5000 -2.5900 -0.1778 1.4833 0.5144 0.03 -1.04 9.75 128 181 165 176 156 
-0.0983 -0.0107 -0.0718 0.9925 171.00 -4.25 9.25 -1.73 -0.65 8.49 1.4800 1.3400 -0.5300 -0.2578 0.4544 -1.3689 -1.33 -1.94 9.51 114 163 166 183 163 
0.0173 -0.1000 -0.1229 0.9872 183.87 -12.81 16.06 -3.47 -4.50 8.14 -1.2600 -1.8900 -0.7500 -0.5533 0.7589 -0.6333 -3.22 -3.50 8.57 120 181 170 186 165 
0.0965 -0.1970 -0.1816 0.9586 191.75 -19.94 24.94 -3.44 -3.77 7.95 0.1800 1.1200 -0.8300 -0.2922 -0.3300 -0.1267 -3.02 -4.09 8.37 120 183 172 192 166 
0.0938 -0.1508 -0.2084 0.9618 191.31 -11.06 26.50 -2.95 -2.26 3.40 -1.1400 2.0000 -4.9800 0.4400 -2.4122 -2.0744 0.24 -4.16 8.87 143 217 193 213 188 
0.1918 0.0530 -0.2111 0.9570 206.69 15.38 20.87 4.30 -2.50 8.87 2.1900 0.3900 0.6200 1.0122 -1.1944 -3.5044 4.16 -1.81 8.69 161 284 202 206 182 
0.3676 0.2318 -0.1287 0.8914 224.94 34.25 0.25 10.52 2.34 11.94 4.9000 2.3800 4.4600 0.8611 -1.0433 -0.2622 6.33 0.74 7.44 150 312 193 203 174 
0.3468 0.3481 -0.0921 0.8661 221.81 43.63 -5.75 8.61 0.35 9.58 1.9800 -0.4500 3.0400 0.6311 -1.6456 2.1733 7.53 -0.01 6.27 155 333 194 201 170 
0.1750 0.4272 -0.1357 0.8766 195.81 52.06 14.63 13.25 -2.52 7.45 4.8300 -0.3600 -0.2500 0.9356 2.2956 3.0511 6.33 -2.90 6.89 131 328 181 190 163 
-0.0540 0.2835 -0.1517 0.9454 169.19 26.62 20.00 2.59 0.03 2.68 -2.9600 3.0400 -5.6400 1.9700 2.4544 0.9522 2.52 -2.02 9.25 133 210 173 186 162 
-0.1467 0.0957 -0.0624 0.9825 163.44 7.31 7.69 0.74 3.02 8.55 -0.1900 4.3300 -1.1000 -0.6067 2.0156 -1.4400 0.20 -1.43 9.69 126 176 178 189 165 
-0.0422 -0.0320 -0.0949 0.9941 179.06 -7.25 13.06 -0.55 -2.06 8.28 1.0300 -0.0200 -1.1800 -1.3833 2.8011 -1.8633 -2.76 -3.56 8.70 121 171 177 202 168 
0.0877 -0.1748 -0.1954 0.9610 191.62 -18.87 26.81 -5.28 -6.45 7.04 -1.8500 -2.0000 -1.0900 0.0156 0.2078 -0.2711 -3.32 -4.36 8.12 121 174 179 192 169 
0.1172 -0.2004 -0.2141 0.9488 194.31 -18.00 28.75 -4.36 -2.90 3.00 -1.8800 1.5000 -5.6900 0.4656 -2.1222 -0.7889 -1.42 -4.30 8.69 130 198 185 197 172 
0.1520 -0.0167 -0.1991 0.9680 199.50 9.19 21.37 4.39 -0.64 4.94 2.1900 2.1900 -3.6000 1.0444 -2.5944 -3.6478 4.26 -2.04 8.58 149 260 184 201 172 
;
