0.7886 0.0668 -0.3157 -0.5234 67.12 25.31 -28.81 4.27 4.28 7.78 0.1000 -0.0100 -0.0100 -0.0056 -0.0189 0.0033 4.20 4.27 7.75 172 324 352 410 220 
0.7883 0.0663 -0.3165 -0.5235 67.12 25.44 -28.81 4.42 4.19 7.81 0.1500 -0.0200 0.1000 0.0289 -0.0178 0.0033 4.26 4.26 7.72 172 323 348 411 222 
0.7876 0.0502 -0.3295 -0.5183 65.81 30.12 -26.75 7.74 5.34 12.52 3.4500 1.9400 3.9100 -1.5189 -1.8678 2.3078 6.48 1.95 7.09 162 294 232 250 201 
0.8164 -0.1362 -0.4138 -0.3791 41.06 55.69 -0.25 11.34 1.86 4.88 2.7100 2.0400 -1.9900 2.0078 1.0700 4.2100 7.53 -1.79 6.01 152 266 184 189 166 
0.9193 -0.1669 -0.3521 -0.0553 1.12 36.06 22.50 3.41 -0.27 3.61 -2.3300 3.0100 -4.0900 0.5167 2.6867 2.6000 3.49 -3.64 8.40 138 202 173 180 160 
0.9670 -0.1765 -0.1414 0.1174 344.31 9.69 22.31 -1.72 -0.49 7.50 -3.3700 2.7300 -1.3000 -0.0189 0.5856 1.0133 0.69 -3.77 9.02 124 191 174 180 162 
0.9649 -0.1910 -0.0607 0.1697 341.69 1.44 22.94 0.40 -3.13 9.32 1.2100 1.3100 1.0200 -0.2256 0.3356 -0.4111 -0.01 -4.06 8.92 125 200 185 183 163 
0.9676 -0.2324 -0.0027 0.0991 350.81 -3.69 28.56 1.24 -4.14 8.62 1.6200 0.5700 -0.1000 -1.4467 2.3633 -1.5856 -1.46 -5.66 7.86 128 207 184 190 168 
0.9351 -0.3343 0.1124 -0.0343 6.94 -12.19 42.75 0.03 -6.30 7.37 2.2800 0.3400 0.4100 -1.3422 1.4967 -0.4078 -2.63 -7.28 6.01 132 209 188 191 165 
0.8699 -0.4211 0.2303 -0.1134 15.75 -18.37 57.50 -4.47 -8.64 3.52 -1.4900 0.0600 -1.0500 -0.3367 -0.3011 -0.0711 -3.01 -8.02 4.75 138 216 191 194 171 
0.8607 -0.4566 0.2024 -0.0985 12.19 -13.25 58.63 -3.72 -6.47 0.32 -1.9800 1.8300 -4.5400 -0.0578 -3.1789 -2.0911 0.15 -8.36 5.11 149 219 213 216 186 
0.8707 -0.4711 -0.0378 -0.1363 23.37 18.00 52.81 4.29 -3.65 3.39 0.4800 3.4200 -1.9700 1.7778 0.1489 -4.5189 5.31 -5.17 6.41 160 232 250 248 199 
0.8473 -0.2887 -0.1820 -0.4070 55.63 29.00 15.56 4.73 2.14 12.04 3.0300 4.1300 4.8300 2.5422 -0.1567 -1.0544 4.36 -0.11 8.78 166 286 281 248 191 
0.8398 -0.1088 -0.2137 -0.4871 60.44 30.06 -0.25 7.32 0.45 10.75 3.6000 2.1600 3.5800 -1.0033 -1.1256 0.8789 5.64 -0.86 7.97 167 296 298 292 207 
0.8209 -0.2916 -0.2778 -0.4050 45.50 47.63 36.06 11.97 -2.78 4.17 0.8000 1.9500 -0.7100 -2.3267 -2.1811 5.5100 5.49 -7.74 2.46 162 278 287 279 204 
0.7642 -0.6110 -0.2042 -0.0308 354.94 13.06 81.81 -3.12 -5.05 1.16 -4.3200 4.6700 -0.0400 -0.0667 -0.6044 2.7900 -0.07 -9.72 1.22 154 278 277 267 201 
0.7285 -0.6507 -0.1121 0.1827 329.81 -5.25 82.50 -2.76 -8.44 2.21 -3.3900 1.0600 0.3000 -0.6011 -1.1356 -0.1156 -0.73 -9.73 0.95 148 274 276 239 199 
0.6813 -0.6396 -0.2480 0.2555 315.62 3.06 88.00 0.84 -9.94 -2.99 -0.1000 -0.4500 -3.3700 -0.9967 -7.0078 -2.1767 2.07 -9.48 -1.37 140 261 267 238 193 
0.4611 -0.4355 -0.6594 0.4036 268.31 15.81 108.69 4.79 -6.04 -5.86 3.2600 3.0700 -1.7800 -0.3333 -4.5378 -2.2556 2.93 -8.24 -4.41 138 248 263 245 191 
0.2655 -0.1613 -0.8471 0.4312 241.44 17.81 121.75 8.45 -7.74 -5.83 3.7100 0.3500 -0.7700 -0.0344 0.3533 0.6256 2.80 -8.01 -4.91 139 252 264 250 190 
0.2618 -0.1870 -0.8428 0.4314 244.37 16.44 120.25 3.03 -6.05 -2.85 0.0500 2.2200 2.0400 -0.9611 0.8056 0.1989 3.04 -7.90 -4.94 157 256 269 254 193 
;
