0.6834 0.0793 -0.2225 -0.6907 90.56 11.19 -25.06 1.84 3.88 8.67 -0.0100 -0.1600 -0.0200 0.0089 -0.0133 -0.0011 1.91 4.07 8.71 177 354 231 241 203 
0.6835 0.0794 -0.2224 -0.6907 90.56 11.13 -25.06 1.92 3.99 8.69 0.0200 -0.0600 -0.0600 -0.0044 0.0300 0.0078 1.88 4.07 8.71 177 353 230 242 202 
0.6839 0.0800 -0.2219 -0.6904 90.50 11.13 -25.06 2.85 6.89 11.20 2.9600 4.2800 4.3900 0.1367 -4.6167 2.9578 3.89 3.78 8.16 179 301 185 200 182 
0.7375 -0.0878 -0.2313 -0.6284 76.25 26.56 2.62 1.76 -1.96 4.20 -2.6600 -0.4700 -5.6700 -3.2611 2.2333 3.3467 2.90 -3.76 8.57 187 377 170 198 170 
0.8221 -0.2288 0.0616 -0.5177 65.81 1.37 26.19 -2.05 -5.14 2.37 -0.0400 -0.1800 -5.0600 1.4367 1.8156 0.6100 -1.39 -3.46 9.06 193 383 156 191 160 
0.8392 -0.0942 0.1534 -0.5132 59.44 -10.06 19.06 -1.26 -4.70 15.68 -0.6900 -1.7800 6.1900 -1.9711 -0.4800 1.6578 -1.95 -4.22 8.63 197 390 175 193 162 
0.8715 -0.2149 0.2244 -0.3796 46.81 -13.69 39.50 -5.97 -3.35 8.10 -3.6200 3.6400 0.5200 -2.9789 0.9978 -1.3822 -2.19 -7.76 5.56 200 412 179 200 165 
0.7429 -0.3958 0.3460 -0.4144 63.06 -8.00 67.06 -1.62 -3.38 2.11 0.1000 5.5900 -2.3300 -1.3233 1.3489 -2.3711 -0.04 -9.44 2.62 198 410 182 207 167 
0.5754 -0.4697 0.3859 -0.5472 92.50 6.87 73.62 4.33 -5.32 0.63 4.8400 4.5500 -2.5500 1.4056 0.8367 -1.7622 2.36 -8.75 3.73 203 418 177 211 169 
0.5166 -0.4162 0.2896 -0.6900 106.31 15.88 54.81 4.52 -7.42 5.42 2.2100 0.6500 0.3300 3.2700 -0.7256 0.3567 2.71 -6.21 7.08 197 415 190 211 175 
0.6241 -0.2946 0.1243 -0.7129 93.69 14.44 32.63 3.71 -6.22 13.79 -0.5700 -0.4600 4.7300 -0.1922 -0.5589 2.0600 2.06 -5.32 7.97 197 412 192 212 176 
;
0.7286 -0.2935 0.1146 -0.6081 78.81 10.69 35.81 -0.09 -4.25 7.73 -1.6500 1.2600 -0.3400 -0.0022 0.2522 -0.0189 1.64 -5.66 7.83 197 413 178 215 186 
0.7324 -0.2775 0.1292 -0.6082 79.62 7.25 33.69 0.96 -4.97 5.49 -0.0800 0.5500 -2.5600 1.5767 0.9844 0.4389 0.49 -4.45 8.71 190 405 299 321 216 
0.7643 -0.1544 0.1077 -0.6168 77.25 0.25 17.62 -0.45 -2.24 8.37 -1.4800 -0.5300 -1.7700 3.4422 0.5178 -0.0733 -0.35 -0.26 9.79 185 371 335 373 219 
0.7723 0.0934 -0.0497 -0.6263 79.94 -2.06 -21.12 1.21 7.22 6.49 1.4500 2.8400 0.9200 6.0733 -3.4078 -0.2389 0.63 6.61 7.21 188 392 355 410 220 
0.6981 0.2108 -0.2696 -0.6290 83.44 7.75 -38.88 1.78 7.08 8.46 0.8400 2.6400 3.0300 -1.7800 -0.0189 0.8622 1.78 5.02 8.22 184 389 286 282 218 
0.7522 0.0695 -0.1630 -0.6346 78.62 7.94 -11.88 0.43 0.23 8.92 -1.3400 -1.3700 -2.8400 -4.4122 1.7789 0.9322 -0.09 -1.87 9.62 190 398 183 196 197 
0.7875 -0.1004 0.1312 -0.5937 73.44 -6.62 20.69 -1.12 -3.58 1.48 -0.1700 0.8700 -7.0700 0.5678 -1.2722 0.9633 -0.75 -3.23 9.22 195 396 175 186 200 
0.8344 -0.1036 0.1115 -0.5298 62.13 -4.56 16.62 0.06 -4.41 15.47 0.1400 -1.8800 6.0700 -1.4289 -0.5167 1.9344 -0.86 -3.43 9.14 199 396 188 190 202 
0.8903 -0.1880 0.1422 -0.3897 46.06 -6.87 31.44 -4.82 -2.69 9.30 -3.2700 3.3400 0.5600 -3.3100 0.5078 -0.5789 -1.27 -7.04 6.69 197 397 190 193 203 
0.8016 -0.3882 0.2612 -0.3723 53.13 -6.44 60.31 -3.87 -4.35 2.87 -2.3000 5.1300 -1.9400 -1.8933 1.5867 -2.5100 0.18 -9.26 3.19 199 398 187 195 206 
0.6193 -0.4982 0.3192 -0.5161 85.25 9.63 71.50 2.83 -4.10 -0.72 1.8900 5.0200 -3.5800 1.6489 1.4411 -2.0078 2.62 -8.41 4.30 198 401 189 198 206 
;
0.5552 -0.4137 0.2330 -0.6829 103.06 18.31 49.50 7.86 -5.84 5.22 5.0500 0.4300 -0.5100 3.0667 0.1178 -0.2133 3.14 -5.45 7.51 197 399 196 198 208 
0.6289 -0.2832 0.0779 -0.7198 94.31 17.81 27.12 4.25 -6.88 13.97 0.6000 -2.8900 5.0900 0.0611 -0.8711 1.9878 2.76 -4.40 8.31 198 399 190 199 205 
0.7424 -0.2855 0.0605 -0.6031 75.62 14.19 32.63 -1.86 -4.22 7.19 -4.1800 1.1000 -0.9300 -0.0533 -0.2344 0.0489 2.46 -5.32 7.85 186 398 199 202 211 
0.7614 -0.2988 0.0681 -0.5713 74.06 13.00 32.06 1.84 -4.63 7.44 0.0600 0.3200 -0.3500 1.1756 0.9033 -0.4233 1.84 -4.32 8.60 189 398 265 274 225 
0.7614 -0.2075 0.0558 -0.6116 78.06 8.94 20.19 1.99 -3.76 7.68 0.2600 -0.6700 -1.6500 2.1078 1.2689 -0.5122 0.88 -1.86 9.58 183 392 318 341 221 
0.7563 -0.0369 -0.0058 -0.6531 82.62 2.56 -2.50 -0.65 0.61 8.19 -0.8900 -0.4400 -1.0100 3.5900 0.4400 -0.8944 -0.16 3.00 9.33 191 395 335 394 222 
0.7145 0.1984 -0.1174 -0.6605 84.75 -5.37 -26.00 -0.42 4.66 12.93 0.6400 1.0700 4.3400 -1.6022 -1.6811 0.7489 0.19 3.60 9.11 186 393 334 362 224 
0.7578 0.0677 -0.1043 -0.6405 77.69 3.69 -8.31 0.00 -0.76 9.55 -0.5300 -1.7600 -1.4500 -2.9922 0.3844 1.3378 0.40 -0.88 9.75 185 397 270 282 221 
0.8185 -0.0894 0.0625 -0.5640 68.25 -1.37 15.50 -0.21 -3.06 4.54 0.5200 0.3500 -3.9900 -0.7411 -0.0778 0.8600 -0.58 -3.32 9.20 186 373 175 189 203 
0.8475 -0.1641 0.1183 -0.4907 56.38 -1.87 25.56 0.07 -6.92 13.52 -0.7900 -2.8200 5.0200 -1.9100 -0.8022 2.0067 -0.43 -5.32 8.22 191 374 182 190 212 
0.8884 -0.2953 0.1436 -0.3207 39.00 -4.81 42.63 -4.95 -4.26 8.66 -3.8600 3.1300 1.4300 -2.7389 0.6522 -0.6389 -0.83 -7.97 5.64 194 385 188 197 211 
0.7890 -0.4593 0.2362 -0.3328 49.69 -2.50 65.81 -1.63 -3.41 0.18 -0.9100 5.5200 -3.7600 -0.6944 1.3111 -2.2211 0.80 -9.19 3.30 196 388 192 198 213 
0.6624 -0.5042 0.2540 -0.4924 76.31 10.94 67.06 3.05 -4.66 1.62 1.1400 3.2800 -1.7600 1.5389 1.1078 -1.9644 2.78 -8.04 4.87 196 391 199 203 212 
0.6202 -0.4221 0.1717 -0.6385 93.44 20.44 46.63 9.09 -5.11 5.61 5.7900 -0.3800 -0.9900 2.8278 0.0500 -0.3578 3.60 -4.89 7.69 195 392 194 205 211 
;
0.6793 -0.2932 0.0318 -0.6719 85.50 20.31 26.12 7.82 -9.25 13.50 0.7800 -4.0100 6.0700 -0.1456 -0.4122 2.9044 2.76 -4.54 8.24 196 397 193 202 215 
0.8000 -0.3044 0.0340 -0.5159 63.69 14.19 34.50 -3.20 -2.08 6.94 -4.9400 3.2200 -1.1000 0.0056 0.4389 -0.1344 2.11 -5.53 7.81 196 394 185 209 217 
0.8059 -0.2928 0.0691 -0.5099 65.12 9.25 31.56 1.67 -3.91 7.19 0.1200 0.8500 -1.3500 1.5778 0.8478 -0.3922 1.05 -4.00 8.88 187 389 273 316 222 
0.8137 -0.1511 0.0490 -0.5592 70.25 4.25 13.44 0.51 -3.05 7.97 0.3100 -0.3700 -0.8600 3.1256 0.4500 -0.8289 0.39 -0.01 9.79 190 394 335 373 220 
0.7833 0.0494 -0.0511 -0.6176 78.56 -0.50 -12.56 2.63 3.43 14.99 3.0100 2.0800 6.2800 0.4256 1.3311 0.2922 -0.78 2.93 9.32 191 391 344 415 224 
0.7655 0.1210 -0.0831 -0.6265 78.06 2.00 -14.94 3.89 2.94 12.33 2.4200 0.0300 2.3500 -2.6356 -0.0978 1.5933 0.94 0.49 9.74 187 381 328 336 224 
0.8269 -0.0419 -0.0356 -0.5597 65.19 6.19 5.06 2.27 -1.75 10.88 0.5100 -1.0400 2.0800 -2.3611 -0.4500 2.5267 0.79 -2.62 9.41 185 381 203 203 220 
0.8981 -0.1965 0.0425 -0.3911 42.19 2.69 27.87 -2.17 -3.97 10.91 -2.6900 2.3100 2.9500 -4.3767 1.9667 1.7000 -1.26 -7.06 6.68 194 376 187 195 213 
0.8415 -0.4128 0.2316 -0.2604 36.19 -10.00 61.13 -4.82 -3.23 3.23 -2.7000 6.2900 -1.8300 -2.0689 1.4744 -2.1944 -0.80 -9.30 3.00 196 390 192 196 214 
0.6940 -0.5408 0.2832 -0.3818 63.75 4.75 75.81 1.67 -5.07 -2.13 1.0300 5.4100 -4.0800 1.3878 1.1833 -2.9878 2.54 -8.93 3.13 198 394 191 197 215 
;
0.6112 -0.4991 0.1898 -0.5842 90.69 23.19 56.81 8.11 -4.98 4.21 4.3900 2.0000 -1.5300 3.1522 0.1622 -1.4622 4.52 -5.72 6.55 197 396 189 199 216 
0.6422 -0.3539 0.0121 -0.6797 90.37 27.44 27.75 7.28 -5.97 12.78 2.7100 -3.1100 4.9700 1.8122 -0.8844 2.2367 4.15 -3.49 8.16 197 399 192 202 219 
0.7761 -0.2874 -0.0551 -0.5585 69.00 24.06 26.25 -1.41 -2.54 9.37 -4.5600 1.8900 0.0500 -0.2789 0.0333 0.2556 3.85 -4.30 7.92 198 393 201 201 215 
0.7968 -0.2970 -0.0325 -0.5252 66.75 19.44 27.12 2.12 -3.72 7.45 -0.0400 -0.2300 -0.6800 0.9689 1.7044 -0.7711 2.29 -3.46 8.88 191 389 271 288 223 
0.7939 -0.1835 0.0090 -0.5796 73.19 10.13 14.50 1.91 -2.82 8.12 0.8600 -0.7300 -1.1900 2.0544 0.7889 -0.8500 1.27 -0.58 9.70 190 398 330 359 222 
0.7726 -0.0093 -0.0561 -0.6323 79.87 5.00 -7.87 4.09 3.41 11.87 2.3900 0.6800 4.1000 0.4833 1.2733 -0.0156 0.17 2.08 9.57 189 406 343 394 224 
0.7582 0.0608 -0.0868 -0.6434 80.00 5.87 -10.94 5.22 2.28 12.43 3.5800 -0.4300 2.2600 -1.2711 -0.5222 1.7144 1.73 0.78 9.61 187 393 318 315 223 
0.8250 -0.0589 -0.0765 -0.5569 64.00 10.19 4.81 2.29 -1.97 9.13 0.1500 -0.3000 -0.1600 -2.2489 0.6722 2.9978 0.96 -2.72 9.37 189 367 172 185 206 
0.9083 -0.2101 0.0483 -0.3583 39.63 -1.19 31.12 -4.84 -4.13 10.17 -3.2000 2.2300 2.4700 -2.7778 0.5311 0.6822 -1.27 -6.96 6.78 195 395 178 192 213 
0.8401 -0.3994 0.2285 -0.2874 40.75 -8.50 59.44 -3.44 -3.03 3.10 -2.0400 5.5100 -1.9700 -2.1156 1.3944 -2.4144 -0.46 -9.24 3.22 196 403 186 198 214 
0.6763 -0.5325 0.2864 -0.4208 70.00 7.62 75.31 2.68 -5.23 -1.21 0.6400 3.9100 -3.8000 0.7400 1.0944 -2.7622 2.98 -8.88 2.87 197 405 190 200 215 
0.5735 -0.5139 0.2065 -0.6037 96.81 25.12 59.63 8.18 -3.71 4.55 3.3400 2.7700 0.3000 2.5344 0.8678 -1.5022 4.70 -6.02 6.14 198 407 196 202 216 
0.5672 -0.3846 0.0418 -0.7270 102.75 31.00 30.56 12.85 -3.49 9.65 6.3400 0.7200 2.6500 2.6500 0.1556 2.0544 4.69 -3.26 7.96 195 407 200 203 218 
0.7113 -0.2824 -0.0641 -0.6404 79.56 25.62 21.37 -0.20 -4.10 11.27 -3.8600 -0.4500 2.8000 0.1656 -0.2378 0.9122 4.13 -3.46 8.18 198 403 193 206 217 
0.7726 -0.2804 -0.0597 -0.5665 72.06 23.37 23.81 2.12 -2.90 7.75 -1.2700 0.4200 -1.2000 -0.1622 0.8856 -0.0233 3.39 -3.74 8.40 192 401 226 246 224 
;
0.7752 -0.2408 -0.0093 -0.5839 74.81 15.81 20.37 2.39 -2.80 7.04 0.0800 0.0000 -1.7200 1.5567 0.9911 -0.6967 2.08 -1.98 9.37 191 409 309 330 222 
0.7605 -0.1051 -0.0275 -0.6401 81.50 9.13 4.50 2.31 -0.87 9.33 1.9400 0.6900 1.5500 1.3589 1.1722 -0.8867 0.93 0.25 9.75 190 403 308 367 223 
0.7382 -0.0042 -0.0336 -0.6737 84.37 3.06 -2.31 0.69 -0.67 12.66 0.5800 -0.6800 3.2300 -0.7400 -1.6111 0.1956 1.45 0.03 9.69 195 395 320 346 223 
0.7465 -0.0815 -0.0398 -0.6592 81.56 9.75 6.31 2.83 -1.98 7.76 1.3300 -0.8000 -2.5400 -1.0700 0.4300 1.1800 1.35 -1.96 9.51 189 384 196 199 212 
0.8007 -0.1442 0.0213 -0.5811 67.87 8.56 16.87 3.20 -2.17 9.25 1.3500 0.4300 0.1900 -0.0944 -0.3789 2.4000 1.31 -3.19 9.17 193 384 180 193 211 
0.8888 -0.1828 0.0253 -0.4195 46.69 5.31 21.69 0.06 -5.03 14.45 -1.0600 -0.8500 5.4400 -2.1700 -0.3056 1.7389 0.55 -4.92 8.46 195 385 188 193 211 
0.9022 -0.3140 0.0811 -0.2843 33.81 0.44 42.94 -2.23 -2.47 6.52 -2.5300 4.6200 -1.2000 -2.9644 1.7122 0.0789 -0.67 -8.12 5.44 201 392 192 198 212 
0.8002 -0.4710 0.2206 -0.2985 45.38 -2.75 65.75 -1.25 -4.08 1.53 -0.9400 5.3500 -2.1500 -1.0644 1.6778 -2.3722 0.85 -9.24 3.16 198 394 193 199 212 
0.6606 -0.5294 0.2375 -0.4763 76.69 14.13 68.81 4.62 -4.55 -0.21 3.3100 4.6600 -2.8900 1.5267 0.9022 -2.3100 3.68 -7.85 4.56 200 393 197 200 211 
0.6064 -0.4633 0.1164 -0.6356 94.31 28.37 48.13 8.42 -4.98 4.80 3.6700 1.0300 -1.3000 2.5056 -0.7722 -0.7856 5.30 -4.92 6.61 194 393 202 201 212 
;
0.6534 -0.3741 -0.0450 -0.6566 86.50 32.19 29.62 4.97 -7.16 13.03 -1.1200 -3.1200 5.3200 0.3778 -0.8033 1.3822 5.06 -4.36 7.17 197 394 197 204 210 
0.7358 -0.3684 -0.0546 -0.5656 73.87 28.94 34.69 1.85 -3.96 7.28 -2.2400 1.1600 0.2000 -0.4100 0.3911 0.3400 4.44 -5.21 7.01 196 395 202 212 218 
0.7518 -0.3569 -0.0072 -0.5544 73.37 21.81 33.31 3.56 -3.37 5.31 -0.0500 1.1200 -2.4600 2.0978 1.4322 -0.2667 2.79 -3.77 8.60 192 403 295 333 225 
0.7712 -0.1918 -0.0048 -0.6070 77.75 12.44 13.63 2.95 -3.67 8.18 0.9500 -1.7000 -0.4500 2.0900 1.2756 -0.9600 1.25 -0.60 9.70 190 407 314 379 227 
0.7454 -0.0134 -0.0117 -0.6664 83.25 1.56 0.37 0.90 -1.56 13.07 1.1600 -1.5800 2.3600 0.3822 -2.3644 0.5967 1.68 0.00 9.66 189 414 327 364 225 
0.7620 -0.0877 -0.0508 -0.6396 79.12 10.81 6.56 2.20 -1.83 7.90 0.5300 0.1100 -2.3500 -1.0556 0.3267 0.6967 1.67 -1.97 9.45 189 405 283 289 224 
0.7872 -0.1380 0.0166 -0.6008 73.69 7.44 14.56 2.44 -1.41 7.04 2.5100 1.7600 -2.0400 0.3889 -0.5078 0.9300 1.73 -2.40 9.34 192 400 191 195 212 
0.8370 -0.1683 -0.0126 -0.5205 60.75 11.50 16.94 2.02 -3.47 11.15 -1.1500 -1.1600 2.3100 -0.5967 -0.4611 1.3078 1.86 -3.40 9.00 195 391 186 197 208 
0.8799 -0.2333 0.0012 -0.4139 47.88 10.13 28.25 0.75 -4.28 12.41 -1.8900 0.8200 2.9900 -2.9767 0.2756 1.5111 0.84 -6.63 7.16 195 400 193 198 207 
0.8456 -0.4125 0.1322 -0.3120 40.88 1.12 54.44 -2.90 -3.33 3.43 -2.3800 5.4900 -2.1800 -2.2978 1.3222 -1.0611 0.33 -8.94 4.00 194 401 199 202 209 
0.7270 -0.5198 0.2198 -0.3911 62.38 7.75 68.56 2.02 -3.66 0.04 0.7200 5.0700 -3.7400 0.7978 1.0489 -2.8656 2.65 -8.51 4.07 192 403 206 217 220 
0.6422 -0.4742 0.1593 -0.5807 88.12 21.44 52.19 8.54 -4.59 3.71 5.3000 1.4800 -1.6000 4.2322 0.0956 -1.0478 4.05 -4.62 7.63 188 405 276 266 224 
;
