0.8677 0.0014 -0.0574 -0.4937 59.25 5.31 -3.19 0.89 0.30 9.82 0.0000 -0.1900 -0.0200 -0.1178 0.3000 0.0189 0.70 0.45 9.77 180 347 345 363 215 
0.8708 -0.0059 -0.0387 -0.4901 59.69 4.81 1.12 2.26 4.57 15.10 0.6500 3.7900 4.0600 -4.3178 2.0667 -0.5644 -0.04 -2.86 9.37 178 341 217 207 212 
0.8112 -0.1957 0.1541 -0.5292 66.94 -2.37 34.25 -0.75 -6.89 4.74 -0.0200 -0.1500 -2.8100 -1.4789 -1.2789 -0.6089 0.45 -6.66 7.18 179 374 166 168 209 
0.7649 -0.3398 0.1902 -0.5132 68.56 2.56 45.75 1.89 -5.65 5.01 2.6100 1.1200 -1.3000 0.5978 0.2611 0.2756 0.19 -6.76 7.09 148 381 171 181 211 
0.7786 -0.3030 0.1935 -0.5143 65.00 0.69 41.25 3.04 -9.39 9.04 2.3400 -3.5300 2.3400 -0.2833 -1.0622 1.1933 0.15 -6.51 7.32 180 385 176 185 210 
0.8221 -0.3413 0.1705 -0.4224 52.44 0.25 47.88 -3.83 -8.31 9.23 -4.0800 -0.2600 2.7500 -2.1911 0.0900 0.1044 -0.07 -8.24 5.30 182 384 179 187 211 
0.7626 -0.4662 0.2355 -0.3817 55.31 0.37 66.06 -2.63 -4.47 2.67 -2.3800 5.0600 -1.1300 -0.9456 1.2611 -1.3533 0.61 -9.25 3.17 182 385 178 189 210 
0.6582 -0.5093 0.2877 -0.4739 76.06 7.37 70.44 2.35 -3.95 2.59 0.9700 5.4400 -0.4000 1.2733 1.6556 -1.5122 1.84 -8.68 4.15 185 385 181 192 210 
0.6033 -0.4238 0.2615 -0.6229 92.62 12.81 54.81 9.40 -7.29 5.16 7.3900 -1.4800 0.3300 2.7822 -0.7833 0.3822 2.37 -6.51 6.93 184 388 181 194 211 
0.6990 -0.3317 0.1113 -0.6237 78.69 14.88 37.56 0.38 -10.31 12.30 -3.3200 -2.8400 3.1200 -0.4922 -1.3633 2.0256 2.25 -6.35 7.11 185 385 182 196 210 
0.7841 -0.3734 0.0926 -0.4870 62.63 12.88 44.25 -0.53 -3.40 5.52 -1.4100 2.4600 -1.6500 0.9778 -0.7467 0.0400 2.65 -6.17 7.14 6 382 187 200 211 
0.8143 -0.3518 0.0018 -0.4617 55.75 22.56 33.63 4.72 -5.91 7.52 1.8600 -1.5500 0.4800 5.4578 -5.2489 0.8322 6.33 -2.62 7.01 171 344 295 302 215 
0.8646 -0.2277 -0.3617 -0.2644 29.44 50.75 17.06 10.77 -3.76 7.74 3.1700 -2.4300 1.3200 2.5467 -1.1022 1.5056 8.04 -1.50 5.40 155 365 299 301 216 
0.8760 -0.1057 -0.4654 -0.0692 4.19 56.25 7.12 7.88 -1.67 2.44 -1.3600 0.4900 -2.0100 2.2289 -0.8467 0.2556 8.38 0.08 5.08 127 352 200 214 209 
0.8697 0.0534 -0.4896 0.0339 354.37 57.31 -9.94 4.52 1.96 3.41 -3.4700 0.8700 -1.1400 0.9556 0.3167 -0.2878 8.12 1.54 5.27 127 345 198 207 202 
0.8759 0.1406 -0.4584 0.0540 353.75 54.63 -21.94 6.82 3.98 5.54 -0.8300 1.8200 0.5600 -0.3611 -0.2367 -0.7567 7.96 2.48 5.15 127 344 201 208 200 
0.8727 0.1477 -0.4652 -0.0071 3.44 54.31 -26.81 9.12 5.33 4.44 0.8400 2.6400 -0.3900 -2.1089 -0.0567 -0.9656 7.84 2.37 5.38 121 345 206 214 202 
0.8796 0.0438 -0.4478 -0.1547 24.94 48.94 -17.81 7.78 1.07 2.16 0.9700 -1.1300 -5.1100 -2.4067 0.6422 -1.7644 6.71 1.61 6.95 122 359 207 218 201 
0.8563 -0.0505 -0.3647 -0.3621 48.50 39.75 -13.44 7.55 -2.09 8.30 -1.8900 -4.7300 0.8800 0.5133 0.1111 -0.3456 5.83 2.00 7.62 125 361 216 224 201 
0.8430 -0.0437 -0.3177 -0.4319 55.00 34.69 -13.38 5.04 0.94 7.98 -0.6000 -0.8800 -0.1900 -0.1733 -0.8378 0.2356 6.04 1.63 7.54 124 357 213 222 200 
0.8263 -0.0910 -0.3660 -0.4183 52.06 46.13 -12.19 5.77 -0.96 6.07 -1.7900 -2.4900 -0.2900 1.1211 -1.4933 1.0144 7.95 1.34 5.57 126 338 218 233 209 
0.8221 -0.1101 -0.4622 -0.3137 40.50 54.06 -7.19 4.43 -1.35 3.12 -4.2000 -1.4300 -3.2600 -1.8700 2.2133 0.0567 6.86 -0.21 7.00 151 305 267 287 214 
;
