0.8134 -0.0350 -0.1141 -0.5693 69.87 12.94 -4.19 2.30 0.66 9.45 0.1500 -0.0200 -0.0700 -0.0300 -0.0267 0.0322 2.19 0.68 9.53 174 352 347 367 215 
0.8149 -0.0362 -0.1124 -0.5675 69.69 12.94 -3.94 2.31 0.61 9.47 0.1200 -0.0300 -0.0400 -0.0222 -0.0111 0.0156 2.20 0.64 9.53 175 353 347 370 216 
0.8151 -0.0377 -0.1115 -0.5672 69.62 12.88 -3.75 2.29 0.61 9.53 0.1400 0.0100 0.0000 0.1200 0.1633 -0.0200 2.13 0.63 9.54 176 331 336 360 215 
0.8192 -0.0604 -0.1092 -0.5597 68.62 16.87 2.44 5.74 1.89 12.40 0.3900 0.7700 2.3600 -4.0200 1.0467 1.1733 2.48 -3.01 8.99 173 361 198 219 216 
0.8003 -0.2595 0.0778 -0.5349 68.50 6.87 35.56 0.49 -5.99 3.66 -0.2000 1.4100 -3.6900 -1.5578 2.4033 -0.3078 -0.03 -6.71 7.14 172 370 163 189 208 
0.7302 -0.2798 0.2413 -0.5746 77.00 -2.12 42.25 2.97 -5.11 6.61 3.2900 0.6900 -0.3300 0.9778 0.1833 0.4567 -0.57 -6.16 7.60 181 371 165 194 209 
0.7660 -0.2401 0.2094 -0.5584 70.50 -3.00 37.00 0.29 -10.94 12.36 0.1000 -5.1800 4.8900 -1.5811 -1.1744 1.3344 -0.42 -6.66 7.18 181 369 170 197 212 
0.7888 -0.3560 0.2279 -0.4463 58.06 -2.56 54.75 -4.78 -5.48 5.78 -4.1100 3.2500 0.3400 -2.3589 0.6900 -0.5400 -0.34 -8.93 4.02 173 370 172 197 209 
0.6874 -0.4868 0.3157 -0.4368 69.06 0.75 73.06 -2.24 -4.58 1.61 -1.5100 5.1900 -0.8200 -0.2611 1.5422 -1.6044 0.93 -9.42 2.54 182 372 175 201 210 
0.5699 -0.4826 0.3557 -0.5619 93.44 9.06 71.62 3.60 -3.99 2.50 2.6100 4.3400 -0.6400 1.4344 1.7767 -0.6467 1.64 -8.74 4.12 182 372 172 204 210 
0.5378 -0.3751 0.3339 -0.6772 103.00 7.81 56.94 6.47 -7.96 7.26 4.9400 -0.8400 1.8700 1.5578 0.0744 0.7933 0.91 -7.50 6.24 184 373 176 204 209 
0.6198 -0.2959 0.2532 -0.6813 91.50 5.00 42.63 2.73 -10.55 10.48 0.3000 -4.4000 3.0700 -0.0222 -1.3322 2.4556 0.57 -6.54 7.28 181 375 178 208 210 
0.7404 -0.3201 0.2031 -0.5551 72.50 3.81 45.50 -2.40 -3.26 5.18 -1.4400 3.1200 -1.6100 0.7367 -0.7922 -0.1400 1.11 -6.73 7.04 175 369 178 208 210 
0.7604 -0.3222 0.1598 -0.5408 70.56 6.50 41.19 2.25 -7.50 8.89 0.8000 -1.9800 1.2600 0.0978 -1.0844 0.3867 1.52 -6.37 7.29 181 181 197 209 214 
0.8036 -0.3553 0.1115 -0.4644 54.00 5.75 44.88 4.08 -8.55 6.62 2.7400 0.7500 -0.2000 0.0000 1.7111 4.1056 -1.71 -6.74 6.91 185 154 162 188 211 
0.8940 -0.2563 0.2941 -0.2203 21.25 -32.94 36.31 -2.40 -1.49 4.03 3.6800 1.7100 -2.3700 1.5078 2.6400 4.9278 -7.80 -1.66 5.70 187 163 164 187 207 
0.8736 -0.0009 0.4850 0.0397 350.94 -58.44 -15.81 -13.18 3.79 2.68 -5.1200 2.3600 1.4900 1.1378 0.9456 -0.0167 -8.60 2.33 4.07 193 162 164 188 205 
0.8466 0.0879 0.5215 0.0594 351.81 -60.50 -25.12 -8.51 1.89 4.64 -0.6000 0.0700 1.0000 -0.2078 0.0567 0.2344 -8.52 2.11 4.36 192 167 167 190 206 
0.8491 0.0729 0.5184 0.0703 350.75 -60.44 -22.37 -8.18 2.12 3.65 0.0200 0.4800 -0.5100 -0.1556 -0.6544 -0.3611 -8.34 1.48 4.93 192 181 163 197 208 
0.8954 0.0358 0.4424 0.0334 359.25 -44.81 -3.50 -6.67 1.65 3.79 -0.7700 1.5700 -4.0400 0.4989 -6.8011 -2.6011 -2.76 -0.31 9.40 183 255 252 269 210 
0.9871 -0.0403 0.0330 -0.1517 21.94 4.62 8.25 2.04 -0.06 5.31 0.5400 1.8100 -3.3600 -1.3956 -3.6556 -3.5967 4.01 -1.94 8.73 181 276 278 293 211 
;
