0.7591 -0.0662 -0.0461 -0.6460 80.75 8.88 2.31 1.66 -0.38 9.49 0.0300 -0.0400 -0.0900 0.0044 0.0133 0.0056 1.51 -0.39 9.68 179 318 335 352 216 
0.7592 -0.0658 -0.0459 -0.6459 80.75 8.81 2.25 1.70 -0.38 9.60 0.2400 -0.0800 -0.1100 0.0267 0.0700 0.0144 1.46 -0.36 9.68 178 324 336 351 216 
0.7598 -0.0567 -0.0363 -0.6467 80.50 6.31 2.12 0.81 -0.63 9.86 1.0300 0.2100 0.4000 0.7500 0.6911 0.0867 0.63 0.01 9.78 177 324 331 354 216 
0.7710 -0.0048 -0.0096 -0.6368 79.37 -0.88 3.12 -1.61 0.78 12.74 -1.6600 1.0800 2.2600 -3.4500 0.1367 0.1133 -0.79 -2.94 9.31 180 377 182 198 218 
0.7612 -0.1323 0.1713 -0.6113 77.19 -6.19 27.37 -1.46 -5.72 3.88 0.1200 -0.5300 -4.5600 -0.4100 0.0633 -0.0733 -1.22 -4.95 8.37 185 384 163 179 212 
0.7457 -0.1674 0.2134 -0.6086 78.25 -5.50 31.19 3.37 -4.46 9.66 4.0000 -0.1700 1.3300 -0.3767 -1.2878 0.6311 -0.41 -5.24 8.27 185 384 169 180 213 
0.7812 -0.2232 0.1727 -0.5568 68.06 -0.44 33.19 -0.39 -9.53 12.99 -2.0200 -3.4100 5.7000 -1.9522 -0.8311 1.3300 -0.10 -6.37 7.44 187 389 165 185 214 
0.8033 -0.3469 0.2018 -0.4401 57.13 -1.00 51.56 -4.47 -4.96 6.76 -4.4000 3.3600 0.4200 -2.2678 0.4822 -0.8367 0.04 -8.67 4.57 186 389 180 188 214 
0.6973 -0.4789 0.2820 -0.4525 69.87 3.87 69.69 -1.44 -3.40 1.77 -0.9200 5.8700 -1.4700 -0.4978 1.6711 -1.9733 1.61 -9.18 3.04 187 391 181 189 214 
0.5704 -0.4851 0.3110 -0.5853 95.69 13.44 67.69 5.57 -4.20 3.04 3.4800 3.9800 -0.6300 1.5456 1.3089 -1.0144 2.56 -8.14 4.82 183 391 183 191 214 
0.5388 -0.3909 0.2506 -0.7029 104.94 17.00 50.44 8.62 -7.97 6.07 5.2400 -0.9800 0.2000 2.0878 -0.5856 0.5856 2.91 -6.35 6.87 185 391 183 196 214 
0.6255 -0.3293 0.1403 -0.6932 91.81 15.50 37.81 4.38 -7.77 10.49 0.3700 -2.7200 3.9900 0.2967 -1.0211 2.4156 2.14 -5.91 7.52 188 392 186 196 215 
0.7420 -0.3433 0.1311 -0.5607 72.12 10.13 43.88 -1.33 -2.79 5.05 -2.6100 4.1300 -2.0500 -0.2800 0.5767 0.9167 1.16 -6.91 6.85 188 387 186 199 214 
0.7724 -0.3388 0.1403 -0.5186 67.62 8.50 41.25 1.17 -7.68 7.03 -2.0800 -1.8500 -1.0400 2.9922 -4.2444 -0.2967 3.79 -4.55 7.81 182 377 236 235 222 
0.8406 -0.2639 -0.2372 -0.4092 43.63 44.13 11.81 13.08 -1.49 9.69 5.5200 0.0300 2.3600 3.1978 -2.0744 2.3744 7.84 -0.92 5.80 174 371 329 363 219 
0.8911 -0.0967 -0.4290 -0.1123 9.50 51.63 4.87 7.91 -0.68 4.60 -0.1000 0.3500 -1.4000 2.5800 1.0478 0.3267 7.41 0.42 6.40 180 365 330 372 220 
0.9135 0.0480 -0.4041 0.0079 358.25 47.06 -7.81 3.70 2.65 4.57 -3.1200 2.0700 -1.2700 0.2778 -0.1667 0.1589 7.22 1.03 6.54 179 315 326 371 222 
0.9069 0.0513 -0.4176 0.0221 357.62 50.50 -3.81 6.08 3.33 5.88 -0.7400 2.8300 0.0800 -1.5911 -0.4800 0.2867 7.82 -0.51 5.88 176 249 296 370 222 
0.8894 -0.0718 -0.4510 -0.0189 4.56 53.50 13.94 7.46 0.49 4.94 -0.1000 2.1200 -1.1400 -2.4967 -0.4156 -0.0444 7.96 -2.50 5.14 174 223 252 362 225 
0.8539 -0.2499 -0.4414 -0.1160 17.50 54.63 39.19 7.09 -3.52 1.95 -2.3400 -1.5800 -2.3100 -2.1811 -0.5544 -0.2633 8.14 -4.22 3.46 176 228 243 342 228 
0.7831 -0.3826 -0.4537 -0.1859 29.19 59.69 56.38 10.06 -6.91 -0.31 2.2500 -2.1500 -2.6200 0.0456 0.1133 -0.4200 8.61 -3.84 2.66 175 235 258 346 229 
0.7736 -0.3802 -0.4602 -0.2127 29.37 60.38 53.69 6.33 -3.88 2.75 -2.3500 0.3800 -0.1800 0.3533 -0.1144 0.2944 8.40 -4.07 3.00 178 242 252 319 222 
0.8042 -0.3752 -0.4129 -0.2049 30.69 51.88 45.94 3.27 -3.60 1.08 -5.0400 0.2700 -3.1400 -0.4778 1.5533 -0.5567 7.23 -4.28 5.04 166 270 293 327 220 
0.8230 -0.3641 -0.2924 -0.3235 47.69 44.75 31.44 10.12 -2.00 7.59 3.6300 0.8800 0.7600 -0.4422 6.1978 -2.8422 4.68 -2.43 8.26 173 301 316 339 214 
;
