0.7795 0.1628 -0.3447 -0.4969 65.00 22.00 -40.00 3.67 5.80 6.90 -0.0100 -0.0600 -0.0700 0.0044 -0.0100 0.0089 3.68 5.84 6.95 183 365 356 406 227 
0.7795 0.1630 -0.3447 -0.4969 65.00 22.00 -40.06 3.69 5.85 6.95 0.0200 -0.0100 0.0000 -0.0056 0.0078 -0.0011 3.67 5.85 6.95 186 366 361 404 228 
0.7794 0.1632 -0.3446 -0.4971 65.06 22.00 -40.06 3.63 5.78 6.93 -0.0200 -0.0500 0.0000 0.0089 0.0133 -0.0089 3.67 5.85 6.95 184 366 355 408 230 
0.7786 0.1686 -0.3423 -0.4982 65.19 19.50 -40.06 5.83 12.41 10.56 1.3000 5.6500 4.3500 -4.3544 0.5611 2.4122 3.31 3.63 8.48 184 312 342 348 228 
0.8894 -0.1119 -0.2037 -0.3936 41.75 27.44 20.12 4.33 -1.30 4.84 0.8500 4.8500 -2.0100 -7.5767 3.6078 3.3500 1.83 -7.98 5.39 189 317 327 355 227 
0.7758 -0.5512 0.1876 -0.2430 34.69 -6.50 80.06 -2.48 -7.77 -2.55 -1.0300 1.5500 -3.0500 -3.1567 1.0256 1.3278 -2.21 -9.45 -1.36 171 341 350 377 226 
0.5853 -0.6820 0.4017 -0.1757 34.63 -12.00 106.62 -0.45 -8.03 -6.03 1.0900 0.2000 -3.1200 0.6044 -0.3033 -0.5122 -1.47 -9.38 -2.44 169 372 346 407 226 
0.6132 -0.6766 0.3498 -0.2096 36.31 -8.31 95.31 -2.44 -10.95 -5.78 1.2300 1.0000 -4.1800 4.6833 -2.1144 -0.4367 -0.93 -9.35 2.79 177 379 354 411 227 
0.8538 -0.4573 0.1243 -0.2153 28.25 0.62 48.75 1.21 1.95 -0.76 1.7700 9.8800 -5.1700 7.5178 -0.3689 -1.0044 1.01 -2.33 9.47 180 390 356 417 228 
0.9583 -0.0284 -0.0844 -0.2715 31.75 12.38 -3.69 5.40 3.46 17.23 3.4800 3.1300 8.1500 0.8878 -0.7867 0.0222 2.72 1.32 9.32 181 386 355 418 230 
0.9513 0.0272 -0.1511 -0.2673 31.87 15.44 -7.75 2.88 1.48 7.67 0.1600 -0.4800 -2.3200 0.1544 -0.4056 -0.2522 2.69 1.37 9.32 182 379 362 402 227 
0.9424 0.0294 -0.1598 -0.2922 35.69 17.31 -9.88 0.35 0.78 4.70 -0.9400 0.4000 -3.8100 0.6778 -1.3756 -1.3467 3.63 2.45 8.77 184 368 358 386 227 
;
0.9014 0.0758 -0.2316 -0.3580 44.25 20.87 -20.56 4.72 4.50 11.98 0.5800 0.9800 2.6000 -0.0978 0.0511 -0.4856 3.42 3.36 8.55 183 374 365 390 227 
0.8859 0.1024 -0.2365 -0.3857 47.19 18.87 -23.12 2.99 3.51 8.25 0.2400 -0.1400 -0.8500 -0.1689 -0.0256 -0.0911 3.21 3.54 8.56 187 369 361 389 228 
0.8848 0.1025 -0.2371 -0.3878 47.38 20.37 -23.12 5.57 4.89 10.55 4.5500 2.3300 3.7800 -1.8322 -0.6622 1.6578 3.74 2.06 8.82 186 323 328 344 229 
0.9459 -0.0400 -0.1392 -0.2903 29.94 14.75 8.63 1.83 0.86 12.57 -0.7600 3.2400 2.1300 -4.6122 1.3944 2.0778 1.27 -4.93 8.37 177 326 329 343 228 
0.9122 -0.3647 0.0809 -0.1685 21.69 -6.44 52.69 0.67 -4.96 1.23 1.3300 3.0700 -4.5800 -3.5078 4.4567 0.3489 -2.74 -9.05 2.57 180 341 342 371 226 
0.7179 -0.5684 0.3427 -0.2100 31.31 -11.69 86.81 1.29 -4.81 -3.08 2.5500 3.4900 -5.1100 -1.5178 0.6867 -1.3156 -0.70 -9.75 -0.77 180 390 301 411 229 
0.6498 -0.6668 0.2748 -0.2401 39.56 -2.00 90.75 -0.21 -13.60 -1.03 -0.1400 -2.7600 -1.8400 1.8356 -0.9000 0.2944 -0.51 -9.72 1.18 180 394 358 417 228 
0.7885 -0.5480 0.1742 -0.2183 30.00 -1.37 64.50 0.17 -4.28 -3.30 -0.0300 4.3600 -9.7500 6.7289 -2.9433 -0.4822 1.27 -5.31 8.13 186 393 359 420 228 
0.9653 -0.1089 -0.0698 -0.2269 27.19 10.38 -2.31 3.38 10.15 12.20 2.7900 8.3400 4.5100 4.1444 -1.1222 -0.5444 2.44 3.99 8.61 183 400 356 421 228 
0.9276 0.1962 -0.2096 -0.2391 29.00 17.62 -29.06 3.17 6.22 12.15 0.0800 1.5100 3.1700 -0.6622 -0.0411 -0.1956 2.97 4.19 8.35 184 400 351 413 229 
0.9302 0.1545 -0.2079 -0.2602 32.31 17.31 -22.75 1.97 1.77 5.08 -1.1500 -1.6700 -3.5400 -1.4256 -0.8200 -0.9444 3.03 2.94 8.84 185 345 354 389 229 
0.9186 0.0862 -0.1944 -0.3331 40.44 16.31 -17.69 2.36 2.47 8.85 -0.1900 0.1200 1.4000 1.2767 1.3767 -0.2867 2.03 3.64 8.87 185 360 362 392 228 
;
0.9142 0.1690 -0.1576 -0.3330 40.13 12.13 -25.06 6.37 5.55 14.07 2.7000 1.5700 5.1600 0.1956 -0.1244 0.1489 2.52 4.12 8.52 191 370 353 381 228 
0.9107 0.1432 -0.1976 -0.3333 40.56 15.69 -23.87 3.93 3.82 9.15 1.3400 0.2000 1.1600 0.6456 -0.6933 0.0244 3.06 4.19 8.31 187 368 361 384 228 
0.8812 0.1653 -0.2896 -0.3350 42.50 30.00 -36.44 9.91 10.02 8.43 6.3000 5.9400 3.1400 -1.6478 -1.5678 2.7833 6.72 3.26 6.35 183 343 343 361 230 
0.8878 -0.0703 -0.3898 -0.2345 26.19 42.31 12.69 4.70 1.50 5.42 -2.1100 4.1200 -2.2700 -6.2133 3.5544 3.7022 3.64 -6.40 6.46 177 327 322 342 226 
0.8632 -0.4722 -0.0123 -0.1782 24.44 6.00 62.44 -2.95 -4.54 0.13 -3.6700 4.0900 -3.2200 -3.5922 2.0422 0.4778 -0.05 -9.62 1.88 178 381 354 415 231 
0.7078 -0.6543 0.1694 -0.2054 35.94 3.69 85.62 2.86 -14.08 -3.51 1.9200 -4.2900 -3.5100 1.3978 -0.4244 -0.5511 1.17 -9.57 1.76 180 385 353 418 227 
0.7577 -0.5909 0.1198 -0.2496 34.44 5.87 69.69 0.02 -9.55 -2.53 -0.9100 0.5700 -7.9100 5.1078 -1.2156 -0.1856 1.28 -7.50 6.17 184 387 363 421 228 
0.9221 -0.3012 -0.0121 -0.2425 28.62 12.31 22.87 0.69 4.23 -2.33 -1.5800 8.0000 -11.0800 7.9733 -1.0133 -1.0344 3.07 2.57 8.94 185 393 355 425 228 
0.9187 0.2051 -0.2502 -0.2266 27.87 22.75 -37.56 6.78 13.90 16.21 2.1200 8.0500 8.4500 -0.0067 -0.1922 0.1300 3.89 5.68 6.98 188 396 363 429 228 
;
0.9027 0.2408 -0.2722 -0.2303 29.19 21.44 -36.13 4.72 3.96 5.78 1.0800 -1.4000 -1.7700 -0.8600 0.2744 -0.1322 3.27 4.96 7.79 185 397 364 424 220 
0.9154 0.1979 -0.2357 -0.2594 32.75 19.00 -29.56 3.57 3.01 5.91 0.1700 -1.3800 -2.2300 -0.8489 0.3122 -0.0733 2.98 3.97 8.45 191 352 354 389 224 
0.9281 0.1340 -0.2086 -0.2778 32.94 17.50 -21.12 1.65 2.53 9.07 -0.4900 -0.2400 0.8500 -0.1944 0.3800 -0.2878 2.58 3.19 8.90 187 341 347 385 225 
0.9300 0.1151 -0.2073 -0.2808 32.69 20.81 -20.56 8.13 8.16 17.68 5.0500 5.7700 10.1600 -4.2467 -0.4200 2.8278 4.39 0.96 8.71 184 329 303 318 229 
0.9531 -0.1515 -0.1890 -0.1817 19.31 20.12 25.37 2.80 1.24 6.61 -0.4600 6.2300 -1.8500 -5.7722 0.4867 2.8133 1.42 -7.70 5.89 174 323 290 322 228 
0.8356 -0.5483 0.0094 -0.0299 2.12 -4.12 73.19 -5.24 -6.01 -1.85 -4.1900 4.0000 -3.6400 -2.0867 1.9878 0.3800 -1.66 -9.63 0.72 186 350 341 376 224 
0.7029 -0.6910 0.1555 -0.0656 17.75 -3.81 91.62 -4.58 -7.04 -2.36 -1.3100 0.9600 -3.7100 0.1900 1.0967 -3.3400 1.85 -9.62 -0.40 183 378 363 419 227 
0.6534 -0.7081 0.1086 -0.2444 37.38 9.81 90.06 2.19 -12.64 -1.53 -0.2700 -1.9000 -0.4500 1.9278 -0.1956 0.9089 0.97 -9.67 1.28 185 383 363 423 227 
0.7719 -0.6052 0.0800 -0.1772 24.44 5.56 69.12 0.70 -6.93 -0.31 -1.2000 2.3800 -4.5900 4.6244 -0.8822 -0.1889 1.39 -7.36 6.32 187 385 364 426 231 
0.9346 -0.3004 -0.0528 -0.1830 22.25 15.06 22.94 1.75 6.32 2.90 -2.6000 9.3200 -4.7900 6.2522 -0.4089 -1.7500 3.20 1.24 9.18 187 385 364 426 231 
0.9374 0.1378 -0.2252 -0.2270 27.94 22.69 -28.81 9.57 8.77 17.13 5.2600 5.2400 9.1300 -0.1989 -0.7244 0.0911 4.33 4.73 7.41 190 374 375 414 228 
;
0.9094 0.1607 -0.3001 -0.2388 29.62 29.00 -26.75 5.55 4.72 5.31 0.2900 0.5400 -3.9000 -1.6189 0.8022 0.3533 4.72 2.74 8.14 186 362 356 384 229 
0.9329 0.0635 -0.2470 -0.2541 31.37 24.19 -14.88 0.93 0.19 6.29 -3.5400 -2.0300 -1.3700 0.1133 -1.4500 -0.4167 4.42 2.46 8.39 184 339 342 367 229 
0.9121 0.0516 -0.2886 -0.2865 35.38 30.69 -17.56 7.26 3.55 10.92 3.0500 1.5100 3.6600 -0.0589 -0.1411 0.2389 5.19 2.43 7.95 189 334 336 353 228 
0.9146 -0.0176 -0.3055 -0.2645 29.56 35.88 0.81 6.78 2.57 10.12 0.2200 3.1200 0.9000 -5.2244 -0.3789 3.7322 5.08 -4.77 6.89 182 319 325 362 233 
0.8896 -0.4104 -0.1514 -0.1315 15.06 16.00 55.06 1.55 -4.24 2.94 -0.6400 3.5300 -2.0900 -3.7789 2.5211 2.6022 0.12 -9.31 3.05 182 332 328 374 229 
0.7578 -0.6324 0.1381 -0.0823 14.69 -7.94 84.69 -6.79 -4.80 -1.57 -5.0000 3.6200 -3.2400 -1.4500 1.9333 -1.2667 -0.54 -9.77 -0.59 184 378 360 413 229 
0.6397 -0.7106 0.1876 -0.2251 40.63 7.00 94.69 9.23 -11.62 -5.17 3.9400 -3.1100 -5.0200 0.7233 -0.6733 0.4300 1.03 -9.74 -0.45 180 384 367 424 230 
0.6946 -0.6730 0.1517 -0.2040 29.37 2.62 82.19 0.58 -9.33 -2.36 -0.3700 1.4500 -4.0600 4.7700 -0.9967 0.4578 0.40 -8.68 4.53 182 382 363 423 230 
0.8984 -0.4057 0.0248 -0.1662 20.69 7.44 37.81 -1.55 1.23 3.07 -3.4900 6.4200 -5.5900 6.2689 -0.8944 -1.6800 2.34 -1.54 9.39 188 385 363 431 230 
0.9625 0.0262 -0.1439 -0.2283 28.31 17.25 -15.44 5.44 9.06 9.46 1.9800 5.6700 2.7300 2.9356 -1.6989 -1.3767 3.38 4.91 7.77 187 390 373 435 236 
;
0.8941 0.2175 -0.2809 -0.2727 34.31 22.94 -36.19 5.70 7.23 12.07 1.7900 1.3300 2.9000 -0.4756 -0.0300 0.1600 3.94 5.04 7.42 188 390 367 433 227 
0.9023 0.1854 -0.2743 -0.2761 33.63 23.44 -30.19 4.85 3.77 6.03 1.2000 -0.3800 -1.7700 -0.9278 0.1322 0.4833 3.96 3.82 8.11 186 369 352 413 228 
0.9258 0.1097 -0.2527 -0.2587 30.06 25.44 -17.50 4.49 3.18 10.74 1.2700 1.4500 3.8900 -3.4478 -0.6044 1.5056 4.78 0.10 8.56 185 329 341 367 229 
0.9388 -0.1661 -0.2140 -0.2128 23.87 27.00 24.75 3.61 -2.61 6.66 -0.9100 2.2200 -0.9800 -5.3589 -0.2689 2.8556 3.28 -7.36 5.57 179 318 301 338 232 
0.8413 -0.5283 -0.0727 -0.0886 9.69 7.62 67.81 -0.39 -6.52 0.65 -1.8900 0.6000 -2.5800 -2.2133 1.5900 2.3322 -0.89 -9.58 1.88 176 318 300 345 231 
0.7366 -0.6550 0.1625 -0.0427 7.06 -11.94 87.44 -6.18 -7.90 -1.17 -3.5600 1.9500 -0.6400 -0.0967 0.3467 -1.1689 -1.23 -9.72 0.21 183 371 353 407 230 
0.7056 -0.6782 0.1504 -0.1397 28.25 2.69 87.12 5.84 -9.97 -2.63 6.6400 -0.2100 -2.3900 0.3111 -0.4767 -0.3300 1.25 -9.68 0.87 182 387 357 428 231 
0.7222 -0.6552 0.0979 -0.1987 28.69 6.81 80.94 -0.71 -11.97 -2.64 -1.8800 -2.6200 -5.8800 3.0189 -1.7567 -0.1833 1.58 -8.98 3.58 185 388 368 431 230 
0.8530 -0.4918 -0.0112 -0.1746 22.31 13.13 49.63 1.47 0.48 -0.28 -1.8700 7.5400 -6.5900 6.5467 -0.5033 -1.3311 3.29 -2.83 8.79 192 396 364 435 231 
0.9608 -0.0391 -0.1924 -0.1959 23.75 23.50 -9.88 6.02 9.22 12.67 1.9500 6.2700 4.8700 3.5044 0.8300 -1.6267 3.76 4.27 7.98 191 393 364 433 231 
;
0.9118 0.1985 -0.2729 -0.2338 29.56 24.19 -32.94 6.64 7.12 12.68 1.7200 1.5700 3.3800 -0.3756 0.1800 -0.2678 3.96 4.75 7.60 187 396 369 418 230 
0.9072 0.1826 -0.2799 -0.2554 31.81 24.56 -31.19 4.35 3.51 5.12 0.2300 -1.1700 -3.1400 -0.7333 0.8400 -0.7111 3.45 4.34 8.08 190 358 336 358 231 
0.9139 0.1516 -0.2219 -0.3041 37.63 17.69 -24.12 1.92 1.88 6.53 -0.7800 -2.0000 -2.1400 -0.5656 -0.6367 0.0122 3.33 3.37 8.57 191 337 325 351 231 
0.9093 0.1028 -0.2347 -0.3279 40.31 21.75 -21.19 4.28 3.34 12.95 1.1600 0.2700 5.0800 -0.1011 0.3589 0.0044 3.59 3.22 8.53 187 328 329 355 231 
0.9116 0.0656 -0.2402 -0.3270 37.69 25.62 -11.63 8.32 4.45 13.41 4.0700 3.2800 4.0900 -4.1689 -1.2111 3.2311 4.72 -1.93 8.37 181 325 331 352 233 
0.9350 -0.2563 -0.1143 -0.2167 23.94 13.25 34.50 -0.72 -3.09 5.71 -2.5000 3.3800 -1.7200 -3.8611 1.5233 1.6667 0.36 -7.75 5.99 181 337 327 359 229 
0.8474 -0.4927 0.1215 -0.1559 20.69 -4.75 65.69 -4.87 -6.30 0.32 -4.3900 3.3500 -2.3800 -2.2589 0.6311 -0.7444 -0.72 -9.51 2.27 185 381 358 419 229 
0.7366 -0.6182 0.1672 -0.2174 39.31 6.12 79.94 9.21 -9.90 -3.00 11.2000 -0.8200 -3.5100 0.2789 -0.4300 -1.0556 2.24 -9.36 1.83 180 393 372 427 230 
0.7183 -0.6305 0.1070 -0.2741 39.13 9.44 78.50 2.15 -12.32 -0.99 0.0100 -2.3400 -4.3300 2.4444 -0.3656 0.7622 1.07 -9.15 3.33 184 396 369 427 231 
0.8366 -0.4897 0.0795 -0.2323 29.31 5.44 51.75 -1.42 -4.17 -0.50 -1.2300 4.2900 -6.2100 5.5622 -1.3756 -0.0856 1.64 -4.69 8.45 185 393 367 423 230 
0.9645 -0.1411 -0.0899 -0.2042 23.75 15.38 4.31 0.22 5.33 5.87 -1.5800 4.9300 -2.0900 4.6733 -2.0444 -1.1133 3.80 2.72 8.61 187 398 369 428 231 
;
0.9214 0.1714 -0.2690 -0.2220 28.94 26.19 -33.25 9.22 9.49 15.26 2.9700 3.0800 5.5800 0.2244 -0.5544 -0.5400 4.30 5.36 6.98 187 396 371 428 232 
0.8875 0.2119 -0.3178 -0.2579 31.94 27.69 -36.25 6.16 6.73 8.35 1.5500 1.6300 1.2600 -1.1878 -0.0644 0.6156 4.90 4.35 7.28 186 363 362 387 230 
0.9130 0.1245 -0.3088 -0.2359 27.75 30.62 -22.12 5.25 4.50 9.10 0.1800 1.6000 1.2700 -2.7367 0.5644 1.8089 4.98 1.08 8.37 188 328 328 353 230 
0.9538 -0.0739 -0.2299 -0.1787 20.19 25.12 11.25 4.01 0.56 9.71 -0.2700 3.1500 0.3100 -5.1633 1.7811 1.8622 2.63 -5.35 7.77 181 319 321 347 231 
0.8959 -0.4263 -0.0319 -0.1210 13.25 5.75 58.44 -0.63 -5.57 1.46 -1.8500 3.2600 -2.7600 -4.4911 2.3678 1.5800 -0.54 -9.53 2.21 183 364 357 395 229 
0.7361 -0.6530 0.1412 -0.1084 20.75 -2.12 85.62 2.24 -10.80 -3.78 2.6900 -1.0900 -3.9800 0.1800 0.0656 -0.6833 0.32 -9.77 0.75 182 375 366 410 230 
0.7178 -0.6607 0.1373 -0.1718 25.94 1.06 84.87 -0.28 -11.15 0.42 -0.4600 -1.5900 -0.5200 0.3333 -0.1844 0.3611 -0.09 -9.75 1.01 181 374 361 409 230 
0.7407 -0.6415 0.1360 -0.1461 20.81 -0.44 79.50 -0.88 -10.60 -3.91 -1.0800 -0.1400 -4.9300 4.3578 -0.9167 -0.5978 0.61 -8.59 4.68 183 374 363 414 230 
0.9047 -0.3973 -0.0195 -0.1529 20.31 12.13 35.19 -0.15 3.82 -0.29 -2.5900 9.8600 -7.0200 7.8456 -1.3089 -2.6911 3.41 -0.07 9.19 186 389 366 422 230 
;
