0.8007 -0.0752 -0.1323 -0.5795 71.75 17.44 -1.94 2.84 0.38 9.29 -0.1100 0.0500 -0.0400 -0.0089 -0.0389 -0.0367 2.97 0.31 9.33 174 358 344 345 214 
0.7994 -0.0770 -0.1340 -0.5806 71.94 17.62 -1.94 2.76 0.34 9.43 -0.0600 0.1000 -0.0600 -0.0067 0.0044 0.0011 2.96 0.31 9.34 175 357 343 342 215 
0.7996 -0.0771 -0.1340 -0.5803 71.94 17.69 -1.87 2.80 0.41 9.27 -0.1700 0.1400 0.1300 -0.0756 -0.0478 0.0156 3.00 0.27 9.33 176 357 337 361 214 
0.8030 -0.0797 -0.1409 -0.5735 70.44 20.75 -2.06 2.55 2.59 10.95 -0.0900 2.2800 3.3500 -1.2556 -4.9700 2.1522 6.12 -0.94 7.59 181 324 325 367 215 
0.7957 -0.3267 -0.2516 -0.4437 55.06 43.44 35.44 7.14 -4.34 6.54 0.0400 1.1000 0.7400 -3.8289 0.1122 3.3167 5.50 -7.09 3.94 181 342 325 376 217 
0.7272 -0.6104 -0.0324 -0.3124 45.88 21.25 81.69 -0.88 -5.09 -2.54 -3.9200 4.0500 -3.1800 -3.3078 0.7133 0.8722 2.57 -9.34 -1.47 178 364 335 385 216 
0.5701 -0.7762 0.0963 -0.2514 46.81 16.69 105.19 5.45 -11.11 -4.27 2.4400 -2.3300 -1.7200 0.8022 -0.9489 0.2489 2.58 -9.13 -2.44 178 364 335 387 217 
0.6021 -0.7699 0.0663 -0.2009 34.06 12.19 98.44 1.03 -8.39 -4.19 -0.9900 1.3600 -3.1800 3.6278 -1.2133 0.3700 1.74 -9.57 1.20 181 358 343 390 217 
0.8108 -0.5682 -0.0135 -0.1398 17.00 10.81 58.94 2.49 -0.16 -1.19 1.2500 8.9000 -4.5600 7.6378 -0.3556 0.2289 1.87 -4.44 8.53 181 360 343 390 218 
0.9907 -0.0746 -0.0812 -0.0792 7.69 8.63 -1.69 2.92 5.98 16.37 2.0200 4.5900 8.2300 3.3178 1.0289 0.5456 0.98 2.56 9.41 179 362 344 390 216 
0.9869 0.1479 -0.0579 -0.0266 3.19 6.69 -16.62 1.24 3.25 9.10 -0.0600 0.3400 -0.8100 -0.2867 0.0333 -0.0589 1.14 2.55 9.39 182 362 341 387 216 
0.9893 0.1296 -0.0596 -0.0298 3.44 6.19 -15.19 0.88 3.12 9.32 0.0100 0.6700 0.1000 -0.0189 -0.0789 -0.0044 1.10 2.56 9.40 180 366 341 364 217 
0.9874 0.1368 -0.0714 -0.0349 4.75 8.63 -16.12 2.22 4.46 10.38 0.6000 1.9100 1.3100 -1.2111 -1.0444 -0.3633 2.07 2.03 9.36 176 323 300 306 217 
0.9855 0.0511 -0.1388 -0.0832 10.63 17.56 -4.44 3.54 2.79 9.18 0.2400 2.5700 0.0100 -2.4244 -1.4467 0.0667 3.93 -0.99 8.92 175 302 293 292 215 
0.9590 -0.1556 -0.2177 -0.0932 9.94 26.37 24.75 3.69 -1.25 7.35 -0.9200 2.6000 -0.4700 -5.2911 0.7011 1.6122 3.43 -6.91 6.05 173 297 288 299 216 
0.8450 -0.5166 -0.1068 -0.0873 13.81 13.75 70.00 -0.19 -8.34 0.24 -2.3600 0.5400 -2.0900 -4.0256 1.2233 0.0322 2.03 -9.57 0.52 174 314 301 323 216 
0.6691 -0.7267 -0.0065 -0.1558 30.12 16.00 94.81 4.41 -8.63 -2.14 3.5500 0.2800 -1.8000 0.1278 0.5933 -1.0344 3.53 -9.11 -0.76 174 355 328 373 217 
0.6477 -0.7278 -0.0334 -0.2228 37.25 21.25 93.87 4.13 -9.42 -0.15 0.3000 -0.2400 0.4100 -0.0144 -0.3867 0.4144 3.29 -9.21 -0.66 179 354 332 376 216 
0.6623 -0.7253 -0.0279 -0.1858 29.19 16.69 91.62 3.16 -9.52 -3.45 0.4600 0.1500 -3.6100 2.2033 -0.5967 0.9300 2.21 -9.47 1.20 179 346 335 376 218 
0.8016 -0.5872 -0.0530 -0.0991 11.00 11.38 63.31 1.06 -2.10 -0.50 -0.2800 6.3700 -5.3400 7.3200 0.1922 -0.2356 2.15 -5.34 7.93 180 338 331 374 216 
0.9865 -0.1277 -0.0969 -0.0358 3.37 8.69 4.81 1.88 5.64 16.54 1.5700 5.3900 7.5500 3.2711 0.5611 -0.0022 1.20 1.72 9.57 178 337 329 376 216 
0.9918 0.1084 -0.0647 -0.0188 2.25 7.12 -13.00 0.85 3.11 10.41 -0.5200 0.6700 0.5200 -0.1933 0.1333 -0.2800 1.06 2.14 9.51 178 342 331 376 217 
0.9924 0.1032 -0.0562 -0.0358 4.69 5.87 -11.56 0.35 2.49 8.78 -0.5900 0.6000 -0.8000 -0.6411 0.1511 -0.6067 0.84 1.63 9.63 179 351 329 364 217 
0.9923 0.0778 -0.0320 -0.0909 13.19 1.56 -8.31 0.11 2.33 8.25 0.1800 0.8400 -1.3200 -0.9500 -0.0833 -1.7322 0.10 0.75 9.77 176 341 326 356 215 
0.9729 0.0215 -0.0087 -0.2302 29.81 0.19 -1.81 0.66 0.08 9.63 0.5700 -0.3400 -0.0700 -0.1611 0.0589 -1.6111 -0.05 0.13 9.80 178 353 334 358 213 
;
