0.5627 -0.1359 -0.2286 -0.7827 108.56 28.12 -13.44 4.82 2.01 8.33 0.2200 -0.0200 -0.0600 0.0078 -0.0556 0.0389 4.68 2.01 8.37 172 349 347 370 221 
0.5631 -0.1409 -0.2310 -0.7808 108.50 28.56 -13.06 5.13 1.37 7.49 0.3000 -0.4600 0.1100 0.5378 0.9344 -0.2900 4.29 2.17 8.54 173 356 345 373 222 
0.5609 -0.1009 -0.2512 -0.7823 108.44 28.19 -22.56 8.90 10.08 13.14 3.4600 8.8600 3.8300 -2.0722 -2.1867 2.8522 6.94 1.67 6.71 182 312 328 342 229 
0.6497 -0.3420 -0.2386 -0.6356 81.00 46.00 25.37 7.00 -2.74 9.15 -2.1100 1.2000 1.9900 -2.6333 0.5378 5.2456 5.06 -6.49 5.32 181 343 337 381 228 
0.7525 -0.5312 0.0440 -0.3868 47.75 14.31 69.44 -1.74 -6.33 0.77 -3.0300 2.6400 -2.6300 -1.7389 0.7089 1.7233 0.69 -9.60 1.87 181 380 362 405 232 
0.7310 -0.6128 0.1722 -0.2460 36.19 2.44 76.75 1.33 -9.39 -2.39 1.0600 0.2300 -4.4800 2.9700 -0.6856 0.2989 0.41 -8.81 4.27 184 376 357 405 231 
0.8715 -0.4193 0.0842 -0.2401 29.81 3.87 40.88 0.19 -1.67 0.98 0.0100 4.8400 -7.6400 6.9956 -1.1433 -0.3056 1.46 -1.95 9.49 186 386 359 408 231 
0.9638 0.0436 -0.1221 -0.2330 27.00 13.13 -19.81 4.83 11.94 12.78 3.5300 9.0000 7.5700 3.3189 0.1089 -0.4944 2.48 5.97 7.36 188 388 364 415 232 
0.9034 0.2844 -0.2320 -0.2217 27.62 16.94 -39.81 3.55 9.45 10.78 0.5300 3.7600 3.9000 -1.3956 -0.2311 0.2000 3.05 5.17 7.74 188 385 361 404 231 
0.9342 0.1429 -0.2193 -0.2425 29.75 19.81 -18.31 4.28 7.73 11.01 1.3600 6.0600 0.9100 -7.2467 0.0244 0.9033 3.16 -2.46 8.94 189 381 355 402 229 
0.9045 -0.3250 -0.0372 -0.2737 34.56 11.19 46.69 0.86 -1.15 0.16 -1.9600 3.8800 -7.1700 -5.3611 1.5800 0.2644 0.98 -9.22 3.17 186 364 352 390 230 
0.7190 -0.6145 0.1723 -0.2753 42.50 5.62 81.19 1.84 -13.86 -7.02 0.6400 -3.3800 -8.8500 3.4367 -0.4767 0.0689 1.05 -9.20 3.20 185 376 358 405 233 
0.8477 -0.4467 0.0667 -0.2782 33.75 9.13 40.56 3.86 6.57 10.62 0.0400 11.3500 6.6600 4.7589 -1.1600 0.3078 2.20 -2.49 9.22 187 371 355 399 231 
0.9582 -0.1459 -0.0937 -0.2276 26.50 13.31 18.44 4.95 0.24 13.82 2.6500 4.2500 4.5100 -4.9789 1.6444 0.7089 1.30 -6.18 7.49 183 380 360 405 232 
0.8624 -0.4559 0.0699 -0.2085 27.87 2.25 62.63 -0.14 -10.35 -3.59 0.0000 -2.6100 -8.6200 -0.6422 0.9033 -0.0778 0.08 -9.21 3.35 185 377 362 405 232 
0.8224 -0.5065 0.1237 -0.2274 30.12 3.25 55.00 2.47 -1.15 0.31 1.5500 6.4000 -4.4300 6.7678 -1.1889 -0.7078 1.61 -4.41 8.60 185 362 356 401 235 
0.9502 -0.1851 -0.0506 -0.2455 29.12 10.94 22.06 0.59 0.69 13.24 -0.7100 4.4300 0.4200 -4.8978 0.9189 -1.1389 1.84 -6.25 7.32 185 377 360 406 231 
0.8300 -0.4161 0.0565 -0.3671 57.25 15.69 51.13 1.00 -4.82 1.95 -1.7600 1.7700 -4.0900 -0.0467 2.0244 -5.3856 4.56 -6.15 6.12 179 322 334 404 233 
0.5929 -0.3867 -0.0154 -0.7062 107.31 36.13 19.12 7.52 2.04 3.47 4.1400 4.6100 -2.2000 5.2244 1.7500 -2.2656 4.75 2.23 8.27 187 362 350 421 229 
0.5355 -0.0930 -0.2836 -0.7901 109.69 24.62 -27.87 4.03 13.07 17.66 -0.5000 -0.3700 6.9600 0.0467 -1.4011 0.7478 4.34 4.07 7.78 181 386 349 418 234 
;
0.5631 -0.0517 -0.3169 -0.7615 106.75 25.50 -27.75 4.79 3.99 7.53 0.4100 -0.1800 -0.4300 -0.4844 -0.1178 0.0033 4.30 3.85 7.91 173 383 352 413 231 
0.5648 -0.0638 -0.3008 -0.7659 107.19 25.94 -25.62 4.68 3.44 7.56 0.3700 -0.3400 -0.3100 -0.1022 0.0556 -0.0622 4.27 3.77 7.97 171 382 350 413 230 
0.5625 -0.0670 -0.2959 -0.7691 107.56 25.75 -24.87 4.79 3.81 8.08 1.1600 0.4300 0.8800 0.6611 -0.0767 -0.1756 4.39 4.12 7.73 180 372 341 422 234 
0.5629 -0.1098 -0.3243 -0.7523 102.62 35.00 -12.69 14.24 3.61 10.64 3.9800 0.1300 4.3100 -3.4122 0.0678 4.7156 5.52 -3.34 7.38 172 336 346 392 232 
0.7271 -0.4290 -0.0448 -0.5342 66.94 27.50 52.06 0.36 -3.49 3.64 -4.2000 4.5500 -1.3600 -3.9089 -0.2411 3.5356 2.40 -9.06 2.87 179 378 361 402 232 
0.7053 -0.6122 0.1558 -0.3215 46.75 9.00 77.25 1.51 -7.28 -7.86 0.4300 1.7100 -10.3300 5.0367 -1.6956 0.4222 1.59 -8.37 4.85 182 373 356 401 232 
0.8926 -0.3562 -0.0085 -0.2761 32.19 16.00 25.06 0.05 11.40 4.29 -2.8700 11.5000 -3.5000 8.6078 -2.2222 -1.3156 3.66 2.36 8.78 182 375 359 403 233 
0.9127 0.1893 -0.2675 -0.2443 29.75 24.00 -35.00 6.96 12.18 19.72 2.2600 4.9300 8.4200 -2.8233 -0.3822 0.5644 4.40 3.88 7.85 182 382 359 401 234 
0.9281 0.0385 -0.2639 -0.2599 31.75 28.31 -4.44 5.69 4.51 9.46 0.3300 5.4900 -0.5800 -6.2411 0.8433 0.8344 4.12 -3.50 8.17 186 393 358 407 233 
0.8798 -0.3771 -0.0861 -0.2766 36.00 17.81 51.69 0.30 -4.33 0.16 -2.2300 3.1000 -5.3400 -4.8622 1.0244 0.6644 2.13 -9.16 2.76 184 384 357 407 233 
0.7126 -0.6377 0.0991 -0.2753 43.31 12.63 81.37 2.60 -12.17 -8.56 0.5600 -2.1300 -10.4900 4.0933 0.3789 -0.4789 2.41 -8.62 3.99 183 374 358 407 232 
0.8574 -0.4081 -0.0208 -0.3129 38.69 18.37 34.19 4.35 2.27 21.09 1.4600 6.1300 14.3600 0.3111 -0.5367 0.0011 3.59 -4.02 8.19 182 367 359 398 236 
0.8868 -0.3437 -0.0909 -0.2954 37.00 19.69 44.00 2.18 -5.34 3.75 -1.3900 1.2100 -3.2900 -4.2456 0.5411 0.7578 2.60 -8.37 4.37 184 376 365 404 232 
0.7778 -0.5628 0.0390 -0.2770 39.25 14.75 66.81 2.81 -8.61 -6.45 0.0300 0.8800 -10.3900 5.7656 -0.6844 -1.1278 3.29 -6.66 6.39 187 365 357 399 232 
0.9058 -0.2762 -0.1169 -0.2994 36.00 22.62 22.37 4.68 2.80 21.67 -0.3300 5.0300 9.0800 -3.6789 0.0433 0.3778 3.78 -5.00 7.53 184 377 358 399 232 
0.8453 -0.4249 -0.0525 -0.3195 45.88 21.25 54.00 0.98 -4.96 1.00 -3.0600 2.9500 -3.9300 -2.8989 1.3911 -2.9600 4.77 -7.62 3.89 183 323 341 364 230 
0.6331 -0.5250 0.0034 -0.5687 90.50 38.63 49.81 4.25 -5.49 -1.10 -1.3800 0.1700 -5.6100 4.3367 1.6956 -5.1044 6.59 -1.06 7.17 184 332 346 389 229 
;
