0.7815 -0.0652 -0.1145 -0.6099 75.87 14.94 -2.19 2.55 0.24 9.37 0.0000 -0.1400 -0.0800 0.0100 -0.0044 -0.0089 2.54 0.37 9.46 177 340 336 360 216 
0.7812 -0.0654 -0.1148 -0.6101 75.94 15.00 -2.19 2.54 0.26 9.36 0.0200 -0.1100 -0.1500 -0.0344 0.0000 0.0067 2.54 0.35 9.46 179 339 334 359 215 
0.7816 -0.0718 -0.1124 -0.6093 75.06 16.44 0.50 2.50 -0.03 11.60 -2.0500 1.9800 2.8100 -2.5856 -5.3767 2.0422 5.44 -2.16 7.85 176 284 297 321 212 
0.7625 -0.3923 -0.1846 -0.4802 62.88 42.13 46.31 5.28 -6.17 4.51 -1.8900 0.8600 -1.0000 -5.9089 -0.1622 2.2700 5.69 -7.76 1.86 172 325 320 359 213 
0.5790 -0.7188 0.0391 -0.3829 67.31 27.87 99.50 3.15 -7.01 -7.64 -0.7900 1.6200 -5.3600 -0.0500 -0.9411 0.7778 3.78 -8.80 -2.09 179 342 334 386 216 
0.6062 -0.7360 0.0733 -0.2924 46.69 18.31 89.06 3.83 -6.14 -1.96 1.3100 3.6600 -2.8600 5.7756 -0.7667 1.4278 2.29 -8.70 3.89 182 339 339 387 216 
0.8871 -0.4160 -0.0103 -0.1995 21.69 9.19 36.75 -0.39 3.72 3.57 -1.8800 8.1200 -5.3700 7.2933 0.2344 1.0744 0.77 -0.88 9.73 183 341 341 382 214 
0.9892 0.0990 -0.0226 -0.1055 11.19 1.94 -17.87 -1.24 6.22 17.46 -2.4000 2.1100 7.0200 0.3922 -0.6111 0.0189 0.63 3.78 9.02 183 346 341 381 216 
0.9774 0.1749 -0.0594 -0.1032 12.63 5.81 -19.25 0.92 3.76 10.27 -0.9600 0.9600 1.1800 -1.0800 -3.4544 0.1633 3.16 2.37 8.97 174 332 328 330 215 
0.9501 0.0248 -0.2859 -0.1224 13.75 42.81 -1.19 5.07 -0.73 2.21 -3.1000 -0.2600 -4.6700 -1.7322 -9.2956 3.3689 9.31 -2.57 1.65 170 253 280 344 219 
0.6051 -0.2476 -0.7515 0.0881 333.19 49.56 130.75 3.98 -5.01 -3.32 -0.8700 0.5900 2.2100 -2.0867 -5.5244 1.8422 4.22 -4.83 -7.41 184 248 280 350 224 
0.2222 -0.3648 -0.8936 0.1376 44.63 16.25 156.31 3.80 -4.22 -12.63 1.6000 -0.4100 -3.2300 -0.1033 0.0533 -0.0022 2.54 -3.44 -8.82 184 263 290 356 225 
0.2020 -0.3739 -0.8983 0.1112 45.75 17.37 158.44 5.54 -2.69 -7.82 2.8300 0.8400 0.9900 -0.7533 4.0067 0.4756 4.82 -3.17 -7.92 175 263 283 343 222 
0.4181 -0.4294 -0.7991 -0.0473 27.00 57.06 151.31 8.45 -0.96 -6.32 0.1200 0.6300 -3.4800 -2.3900 10.0078 -0.4556 9.20 -2.06 2.66 167 293 301 334 218 
0.7778 -0.3008 -0.2725 -0.4799 66.69 31.75 11.63 2.60 -2.22 5.53 -2.1900 -0.9000 -2.8200 1.3244 4.4544 -1.4911 1.16 -0.36 9.72 178 349 320 363 212 
0.7888 0.0114 -0.0318 -0.6136 76.00 3.87 -6.56 -4.65 1.99 15.00 0.5100 -1.1400 -2.4200 -0.1956 -0.1244 -0.0244 0.90 0.42 9.75 174 373 331 369 214 
;
0.7898 -0.0135 -0.0507 -0.6111 75.44 5.50 -2.25 1.16 0.49 9.64 0.1800 0.1200 -0.0700 -0.0822 -0.0289 0.0456 0.97 0.35 9.75 174 373 332 368 215 
0.7909 -0.0165 -0.0510 -0.6096 75.25 5.81 -2.06 1.25 0.51 9.58 0.2400 0.1800 -0.1900 -0.1611 -0.1189 0.0278 1.09 0.26 9.74 175 372 333 365 216 
0.7912 -0.0303 -0.0525 -0.6085 75.00 7.44 -0.44 0.00 1.14 11.11 -0.2800 1.8100 2.2900 -1.6589 -3.1811 1.1367 3.04 -1.06 9.26 176 279 281 309 216 
0.7904 -0.2933 -0.1483 -0.5170 61.13 36.06 34.81 4.83 -6.23 7.31 -1.4500 -0.4000 1.7900 -3.8367 -2.2022 4.0356 4.76 -7.73 3.67 174 288 277 324 216 
0.7244 -0.6401 -0.0036 -0.2558 36.56 13.94 86.94 -1.99 -7.25 -3.65 -2.5100 2.7700 -3.7400 -3.7900 0.9722 1.6844 0.89 -9.38 -2.69 171 332 311 368 216 
0.5403 -0.7942 0.1972 -0.1962 41.00 6.56 109.75 1.19 -6.27 -4.87 0.6800 2.3200 -1.6900 1.2889 -0.7067 -1.1400 1.72 -9.32 -2.50 174 338 327 377 216 
0.6101 -0.7564 0.0986 -0.2143 37.00 11.94 95.06 3.87 -9.21 -3.66 1.2400 0.3500 -4.7300 4.4278 -1.6778 0.1922 1.94 -9.42 1.85 178 337 325 380 216 
0.8343 -0.5255 0.0068 -0.1667 19.25 8.94 53.19 2.60 0.85 -0.69 -0.1400 9.0400 -7.9000 8.7211 -0.4456 0.4667 1.45 -3.05 9.20 183 336 333 382 215 
0.9939 0.0003 -0.0443 -0.1011 11.31 6.81 -7.56 3.31 5.10 18.45 0.8600 2.5100 7.9200 1.1867 -0.1222 0.1811 1.39 2.39 9.40 182 331 338 382 218 
0.9846 0.1092 -0.0984 -0.0946 11.38 11.00 -13.00 0.93 3.13 11.16 -1.1100 1.9500 1.9000 -1.1244 -2.9567 -0.1167 3.68 1.45 8.97 174 322 328 325 218 
0.9434 -0.0137 -0.3063 -0.1262 15.38 45.94 2.31 5.64 -1.41 0.69 -2.4900 -0.7700 -4.5800 -1.6322 -8.8222 2.3933 9.43 -2.41 1.12 168 260 304 358 221 
0.5880 -0.2736 -0.7603 0.0354 343.06 48.81 139.50 3.38 -4.44 -4.71 -0.8300 -0.0100 1.9900 -2.3233 -5.0356 1.3889 3.80 -3.72 -8.23 185 258 301 381 227 
0.2121 -0.3987 -0.8873 0.0931 48.63 16.19 160.87 4.02 -3.84 -11.86 1.5700 -0.5500 -2.4700 -0.1344 0.1144 0.0067 2.66 -2.88 -8.98 189 274 316 384 227 
0.1973 -0.4051 -0.8891 0.0802 49.25 17.31 161.12 3.15 -2.72 -7.73 0.6100 0.4500 1.2200 -0.1033 0.9244 0.1844 3.41 -3.03 -8.67 184 267 321 388 227 
0.2892 -0.4299 -0.8551 0.0178 56.69 36.81 160.94 10.40 -0.70 -7.71 0.8500 1.4700 -2.1100 -2.2433 9.5511 1.1089 9.33 -2.43 -1.77 166 277 306 352 221 
0.6940 -0.4326 -0.4512 -0.3572 59.31 56.19 31.00 4.56 -3.87 0.31 -2.2700 -1.3100 -5.3600 2.1211 7.0889 -1.2989 4.22 -1.55 8.71 174 330 324 361 214 
;
