0.8327 -0.0181 -0.0262 -0.5529 67.12 3.62 0.06 0.58 -0.09 9.84 -0.1000 -0.0800 0.0200 0.0011 0.0000 -0.0033 0.62 -0.01 9.78 176 335 343 369 217 
0.8327 -0.0181 -0.0262 -0.5529 67.12 3.62 0.06 0.48 -0.07 9.63 -0.1200 -0.0300 0.2900 0.0011 -0.0078 -0.0022 0.62 -0.01 9.78 176 335 343 370 218 
0.8327 -0.0182 -0.0262 -0.5529 67.06 3.69 0.19 -1.29 -0.17 10.89 -3.0700 -0.0400 1.9100 -1.1356 -4.0033 1.4178 2.67 -0.88 9.39 175 309 323 360 217 
0.8218 -0.2510 -0.1526 -0.4882 62.00 30.81 27.00 4.20 -3.58 8.88 0.1200 0.9700 0.4000 -5.5222 -0.4411 0.9433 4.90 -6.83 5.04 175 336 333 379 215 
0.6853 -0.5798 0.0352 -0.4392 65.81 26.12 76.94 3.35 -5.11 -1.78 -0.3100 3.6200 -3.6800 -3.1022 0.5111 0.6400 3.86 -9.00 -0.39 175 352 337 389 218 
0.5535 -0.7257 0.1502 -0.3801 67.00 22.25 96.31 4.91 -9.27 -3.07 1.9700 -0.6500 -1.5200 1.1733 -0.4711 0.5089 3.27 -9.23 -0.28 174 355 340 387 217 
0.6548 -0.6759 0.1134 -0.3186 46.44 14.25 81.94 4.61 -7.72 -3.19 3.0400 2.5900 -3.9500 4.9433 -0.3100 1.9000 1.27 -8.62 4.49 176 353 339 388 217 
0.9059 -0.3746 0.0392 -0.1933 19.69 2.19 30.44 1.47 7.80 5.33 -0.0100 12.7500 -0.4700 8.9022 1.4811 2.4644 -0.68 1.31 9.69 181 357 334 384 216 
0.9782 0.1979 0.0142 -0.0613 6.50 -1.44 -26.00 -0.80 6.91 13.98 -1.7000 1.1900 3.7100 0.0811 -0.0733 0.0933 0.08 4.77 8.56 180 360 336 381 220 
0.9697 0.2353 -0.0283 -0.0601 8.50 3.19 -25.25 0.72 6.49 10.65 -0.3500 2.2600 0.9700 -2.7167 -2.7922 -0.4900 2.01 2.49 9.26 174 315 311 339 219 
0.9707 0.0099 -0.1957 -0.1390 18.06 31.62 2.00 4.52 -0.93 2.24 -2.8600 -0.6800 -4.5200 -2.4433 -9.2167 0.5767 9.18 -2.24 2.59 172 211 228 274 218 
0.6283 -0.3079 -0.7096 -0.0829 14.94 59.25 150.44 7.75 -2.13 -5.97 -0.4100 -0.2000 -0.2900 -2.3800 -4.9756 -0.2367 5.88 -1.31 -7.73 182 250 217 272 222 
0.2520 -0.4021 -0.8777 -0.0670 48.56 25.81 176.19 8.28 -1.30 -11.22 4.2000 -1.1800 -2.4300 0.1311 -0.6856 0.0033 3.50 -0.51 -9.14 185 264 240 303 222 
0.1944 -0.4128 -0.8896 -0.0182 51.19 21.25 166.62 6.50 -3.23 -16.19 1.7700 -0.2300 -6.7400 5.6967 3.1633 1.3989 4.76 -5.53 -6.54 189 357 302 363 220 
0.4783 -0.4142 -0.7371 0.2376 304.69 30.25 110.56 -0.15 -2.89 -0.08 -4.7200 5.1900 1.9700 1.1589 0.4044 0.3233 4.78 -8.44 -1.37 191 374 338 369 217 
0.5838 -0.3981 -0.6346 0.3130 304.19 29.75 98.12 4.37 -5.96 0.14 -0.5000 2.2800 1.3200 -0.6767 0.1800 -0.3156 5.07 -8.25 -1.49 188 371 330 369 217 
0.6096 -0.4269 -0.6278 0.2280 330.00 38.19 98.87 6.17 -4.72 -0.96 -0.7700 2.3000 -0.8800 -2.4911 8.2522 -1.4611 6.92 -6.84 1.19 171 270 294 325 217 
0.7913 -0.4823 -0.3380 -0.1647 30.75 41.56 54.19 4.99 -5.36 2.32 1.1900 -0.8400 -1.5900 3.3400 6.5956 -2.0089 3.59 -3.34 8.48 174 289 307 309 215 
;
