0.7821 -0.0869 -0.0485 -0.6152 76.31 10.44 4.37 1.74 -0.64 9.48 -0.0300 0.0700 -0.0400 0.0278 0.0500 -0.0044 1.75 -0.72 9.62 176 372 343 412 233 
0.7828 -0.0832 -0.0475 -0.6149 76.31 10.00 4.06 1.72 -0.63 9.37 0.0300 0.0400 -0.1900 0.1078 0.0022 -0.0356 1.70 -0.61 9.63 176 371 337 411 232 
0.7852 -0.0959 -0.0684 -0.6080 73.56 18.56 6.06 4.23 -0.90 16.00 2.3800 1.2200 6.8100 -3.1522 -2.7178 0.8022 5.19 -3.16 7.69 179 357 332 392 232 
0.7541 -0.3939 -0.0867 -0.5183 67.62 31.50 45.94 4.76 -1.95 4.91 -0.9800 5.5600 -1.5100 -4.3844 0.5167 1.9756 3.99 -8.25 3.46 177 346 331 384 228 
0.6519 -0.6226 0.1309 -0.4128 65.06 18.81 83.81 2.29 -5.85 -3.41 -0.2900 2.3900 -4.1600 -1.8556 0.9156 0.1100 3.02 -9.32 -0.35 182 367 329 402 228 
0.5614 -0.6934 0.2169 -0.3963 69.12 17.62 92.37 4.77 -11.57 -3.67 1.5500 -1.6100 -3.3300 2.8978 -0.0689 0.8244 2.39 -9.36 1.64 178 373 334 400 229 
0.7228 -0.5478 0.1540 -0.3922 54.00 10.94 60.44 1.18 -1.99 -0.34 -0.3500 6.1400 -6.0100 6.6933 0.1656 0.3556 1.69 -5.21 8.13 181 371 336 398 229 
0.9073 -0.1526 -0.0394 -0.3899 45.56 10.69 3.56 -0.46 8.44 11.77 -0.8900 7.8900 5.2500 4.4433 0.3067 -0.5322 1.80 3.07 9.13 184 376 337 375 228 
0.9042 0.1305 -0.1653 -0.3716 44.69 11.06 -20.31 1.59 3.27 9.92 -0.3100 0.1400 0.3200 -0.8322 0.2156 -0.1500 1.68 2.75 9.26 181 373 333 323 228 
0.9087 0.0772 -0.1285 -0.3896 47.13 9.94 -12.50 0.38 0.67 8.52 -1.4400 -1.4000 -1.5900 -0.6111 -1.2322 -0.2633 2.18 1.56 9.43 177 374 190 197 206 
0.8928 0.0271 -0.1450 -0.4257 52.06 12.44 -11.56 1.74 2.23 9.30 -0.2300 0.4700 -0.5500 1.0922 -0.3056 -0.7078 1.94 2.67 9.23 178 381 178 195 190 
0.8721 0.0892 -0.1658 -0.4517 53.94 12.81 -18.81 5.42 4.59 12.84 2.9300 1.4900 4.3700 -0.4700 -1.1644 1.3644 3.13 2.70 8.88 177 376 190 195 188 
0.8974 0.0172 -0.2193 -0.3824 44.25 24.12 -8.75 1.13 1.89 12.73 -3.4400 0.7200 3.2700 -2.3944 0.2200 0.9533 4.10 -0.46 8.89 175 377 185 198 188 
0.9042 -0.1512 -0.1672 -0.3626 44.88 23.37 12.44 0.00 -1.14 4.19 -3.7800 1.1400 -4.7900 -0.7367 0.6644 -1.6100 3.80 -2.23 8.75 181 377 186 204 185 
0.8549 -0.1823 -0.1393 -0.4653 60.19 24.69 8.56 6.80 1.40 3.60 2.9300 2.0900 -4.6800 1.6489 -0.3678 -1.3744 4.45 0.15 8.73 175 378 188 201 186 
0.8087 -0.0931 -0.2422 -0.5280 66.25 30.75 -10.31 7.22 3.34 9.31 1.9000 1.2500 1.2300 1.2111 -0.7878 0.0256 5.53 2.36 7.74 175 378 189 203 187 
0.7964 -0.0422 -0.3456 -0.4945 62.44 37.50 -21.56 8.29 2.66 8.13 1.7000 -0.2300 1.1300 1.3078 0.1133 0.7033 6.17 3.22 6.90 182 378 196 204 187 
0.8202 0.0050 -0.3898 -0.4188 52.19 39.56 -24.69 6.77 4.58 11.12 0.5700 1.5700 3.9800 -0.7778 0.2678 1.0222 6.32 2.31 7.12 178 382 190 208 188 
;
