0.7983 -0.0601 -0.1087 -0.5894 72.87 14.13 -1.87 2.48 0.30 9.39 0.0600 0.0000 -0.1300 -0.0289 -0.0022 0.0144 2.40 0.29 9.50 177 371 345 357 213 
0.7991 -0.0626 -0.1072 -0.5883 72.56 14.13 -1.31 2.43 0.15 9.43 0.0100 -0.0400 -0.0400 -0.0033 0.1378 0.0544 2.33 0.19 9.52 178 368 347 357 213 
0.8022 -0.0620 -0.1008 -0.5852 72.19 13.56 -1.00 2.21 0.75 9.53 -1.0700 1.2500 1.4100 -1.4822 -1.5711 0.6033 3.52 -1.03 9.09 175 276 297 326 213 
0.7946 -0.2910 -0.1947 -0.4960 60.81 41.94 31.62 10.15 -4.67 9.58 0.9100 -0.2900 2.0900 -4.1389 -0.8444 3.4133 5.83 -6.97 3.67 179 318 315 365 213 
0.7033 -0.6262 -0.0201 -0.3359 51.81 21.69 84.37 -1.39 -6.17 -4.72 -3.7000 2.5200 -4.9300 -3.4756 1.7189 1.1022 2.68 -9.24 -1.86 175 349 326 387 213 
0.5237 -0.7665 0.1878 -0.3206 62.94 17.44 105.00 5.97 -8.53 -4.52 2.4500 -0.4900 -2.0600 0.7033 -0.8600 0.1878 2.68 -9.20 -2.06 179 342 343 391 214 
0.5976 -0.7451 0.1302 -0.2661 43.94 12.44 94.87 2.88 -7.50 -5.32 1.6100 2.7700 -4.8900 4.7633 -1.2511 0.9322 1.53 -9.45 2.10 179 330 344 390 216 
0.8392 -0.5137 0.0302 -0.1760 19.94 7.12 51.19 3.07 3.61 0.36 1.7300 10.7800 -5.7400 8.5289 -0.2333 0.9556 1.32 -2.68 9.33 181 335 341 390 214 
0.9927 0.0157 -0.0744 -0.0933 10.13 8.88 -8.75 4.42 5.55 20.60 1.7000 2.5600 9.1700 0.2367 -0.9489 0.2589 2.29 1.99 9.32 180 337 349 389 216 
0.9840 0.0844 -0.1323 -0.0844 10.00 14.00 -10.63 2.82 2.74 8.38 -0.0300 0.9200 -0.2700 0.2844 -0.6467 -0.0211 2.68 1.90 9.23 176 349 311 339 215 
0.9739 0.0886 -0.1856 -0.0964 11.44 22.00 -13.19 5.10 2.66 13.07 1.3700 0.7800 4.6800 -0.7511 -1.4478 0.5078 4.83 1.50 8.39 157 253 181 204 215 
0.9581 0.0402 -0.2729 -0.0767 8.31 31.56 -7.37 6.71 -0.41 5.92 1.0400 -0.0800 -1.2400 1.3578 -0.1811 0.1944 5.52 1.80 7.90 131 234 158 176 201 
0.9449 0.1224 -0.3010 -0.0405 5.12 32.56 -19.94 4.00 3.46 5.19 -2.2400 0.2400 -2.9100 0.3522 0.6144 -0.6400 4.62 3.45 7.92 112 239 165 182 189 
0.9493 0.1797 -0.2498 -0.0649 8.44 26.25 -24.87 3.43 4.33 7.19 -0.7800 0.7700 -0.5200 -0.0689 -0.0267 -0.4822 4.25 3.85 7.94 113 238 171 185 192 
0.9456 0.1826 -0.2485 -0.1035 14.31 25.19 -26.25 3.88 6.50 8.08 0.3500 2.4000 -0.2500 -0.5367 -0.3744 -1.7544 3.81 4.16 8.01 114 223 175 191 194 
0.9271 0.1685 -0.2363 -0.2372 33.38 18.94 -26.56 5.19 5.86 6.95 0.7200 1.2300 -1.9200 -0.5456 0.9156 -3.4111 1.69 4.16 8.71 117 221 178 197 198 
0.8708 0.1537 -0.1332 -0.4474 57.50 3.75 -21.50 3.37 1.98 8.34 1.5200 -2.4900 -0.1200 -0.4300 -0.1833 -0.5333 0.38 3.46 9.16 118 219 179 201 199 
0.8422 0.1541 -0.1074 -0.5055 62.19 0.81 -21.94 -1.65 2.23 11.60 -0.8900 -0.4400 1.9700 -0.2244 0.0967 -0.1856 0.00 3.62 9.11 120 214 180 205 200 
0.8401 0.1551 -0.1020 -0.5098 62.06 1.19 -21.19 0.00 2.22 8.54 -0.2900 -1.1700 -0.3800 -0.2700 -0.0611 0.5044 0.44 3.29 9.22 131 231 180 205 204 
0.8615 0.1158 -0.0891 -0.4862 57.13 1.25 -11.56 -2.40 -0.64 6.85 -2.4400 -1.6500 -2.6400 -1.2367 -1.9822 2.2500 1.45 0.64 9.67 159 342 256 295 212 
0.9210 -0.0743 -0.1184 -0.3635 41.19 18.50 7.87 3.43 -3.73 5.31 -0.6200 -1.8000 -4.2200 -2.3556 -0.5356 -1.0022 3.61 -2.86 8.65 164 345 319 348 210 
0.8660 -0.2332 -0.0826 -0.4345 58.50 19.00 19.81 2.82 -2.01 10.37 -0.3000 0.8100 2.0600 1.6433 1.6133 -2.1489 2.62 -1.82 9.27 167 350 331 366 208 
;
0.7791 -0.0679 -0.0957 -0.6159 76.62 13.44 -0.69 2.29 0.03 9.46 -0.0100 -0.0700 -0.1200 -0.0011 -0.0022 0.0033 2.28 0.11 9.53 169 351 345 362 214 
0.7791 -0.0681 -0.0958 -0.6158 76.62 13.44 -0.69 2.22 0.00 9.46 -0.0500 -0.1100 -0.1700 -0.0144 0.0078 0.0111 2.28 0.11 9.53 171 352 346 361 213 
0.7795 -0.0684 -0.0940 -0.6155 76.50 13.13 -0.31 1.01 0.11 9.80 -1.6100 0.1700 1.0900 -1.0089 -1.4889 0.6511 3.28 -0.82 9.20 166 274 284 298 213 
0.7690 -0.2495 -0.1257 -0.5750 72.50 34.63 23.62 8.81 -2.91 9.20 3.3500 1.3600 3.2900 -4.4456 -1.7344 2.3289 5.90 -6.21 4.76 160 295 263 298 214 
0.6830 -0.5894 -0.0272 -0.4305 61.75 29.69 77.19 0.62 -7.47 -1.67 -3.5600 0.9100 -3.4800 -2.6022 -0.6344 2.1478 3.41 -9.18 -0.42 167 346 308 359 213 
0.5909 -0.7384 0.1156 -0.3036 55.13 17.94 98.81 0.01 -6.14 -4.18 -3.1800 2.6900 -3.1200 0.7233 0.5556 -1.4833 3.95 -8.89 -1.21 170 370 308 380 213 
0.5693 -0.7505 0.0551 -0.3311 58.00 25.25 98.50 5.50 -9.25 -3.81 0.5800 -0.7100 -2.5700 1.3167 -1.2378 0.3200 3.86 -8.96 -0.89 175 358 341 388 215 
0.6542 -0.7092 -0.0002 -0.2628 40.00 21.00 85.56 2.94 -6.68 -3.68 -0.0600 3.4400 -5.3700 4.9322 -0.1278 0.6567 3.11 -8.49 3.77 178 346 353 382 214 
0.8849 -0.4202 -0.0793 -0.1848 19.81 16.50 35.56 0.98 6.24 1.86 -4.5000 10.5400 -3.2300 8.7556 2.4033 0.2989 1.57 0.59 9.66 177 350 350 382 213 
0.9776 0.1551 -0.0862 -0.1133 12.44 6.19 -22.56 0.46 5.95 16.80 -0.4600 0.9200 4.8700 -0.6000 0.1522 -0.0456 1.08 3.75 8.99 178 355 353 387 213 
0.9752 0.1782 -0.0728 -0.1094 13.00 5.62 -21.06 0.29 3.40 8.21 -0.8000 -0.1900 -0.7800 -0.1500 -0.7200 0.1022 1.29 3.41 9.10 178 367 333 364 214 
0.9708 0.1710 -0.1216 -0.1162 13.88 14.13 -22.37 3.10 4.90 12.27 0.1100 1.6400 4.1500 0.2878 -2.0622 0.5933 3.80 3.71 8.24 166 303 263 266 215 
0.9470 0.1536 -0.2612 -0.1066 11.88 29.31 -21.37 7.38 2.03 9.92 2.0500 -2.1000 -0.4400 -0.2833 0.1922 0.7033 5.02 2.60 8.01 158 232 174 185 214 
0.9542 0.1237 -0.2680 -0.0488 3.94 29.31 -18.44 3.60 1.32 5.96 -1.0300 -2.1200 -4.1900 0.8411 0.1722 0.0533 4.69 3.25 7.97 119 212 166 177 190 
0.9514 0.1968 -0.2365 -0.0104 1.31 24.37 -26.31 1.86 5.19 6.81 -1.9700 0.9800 -1.2700 0.2511 0.4244 -0.4922 3.56 4.37 8.02 113 216 171 187 186 
0.9546 0.2354 -0.1814 -0.0220 3.87 18.87 -29.00 0.83 5.06 8.14 -2.1800 0.7800 -0.2200 -0.1989 -0.1267 -1.7278 2.69 4.72 8.16 115 216 177 190 190 
0.9522 0.2319 -0.1460 -0.1350 20.44 10.25 -28.75 1.07 6.22 7.87 -0.0200 1.5500 -1.1300 -0.5611 -0.5944 -2.3022 1.23 4.55 8.59 115 215 179 194 191 
0.9141 0.2088 -0.1319 -0.3216 43.00 5.06 -27.50 3.20 4.93 6.58 2.5500 0.2300 -2.1100 -0.6611 -0.1567 -2.1878 0.26 4.05 8.92 119 209 180 199 191 
0.8617 0.1621 -0.0998 -0.4703 58.69 1.37 -20.56 0.31 -2.77 9.86 -0.1400 -6.5300 0.9500 0.1856 -0.6111 -0.2211 0.57 3.37 9.18 116 209 178 200 190 
0.8419 0.1448 -0.1182 -0.5063 62.94 2.19 -20.94 0.97 3.74 10.70 0.7100 0.0000 1.0500 -0.3856 -0.2433 0.2667 0.48 3.25 9.23 116 205 179 199 189 
0.8423 0.1273 -0.1135 -0.5113 61.94 3.87 -19.56 0.57 2.88 9.32 0.2200 -0.2100 0.3700 -0.1211 0.0056 0.5089 0.78 3.13 9.26 123 203 182 199 193 
0.8618 0.0979 -0.0839 -0.4907 57.25 1.56 -10.31 -1.56 -2.18 6.70 -1.8400 -3.2600 -4.8600 -2.2356 -1.7589 2.1978 1.34 -0.31 9.70 157 269 251 287 212 
0.9193 -0.1099 -0.0597 -0.3731 43.50 12.88 13.31 1.85 -4.35 6.17 -1.2300 -2.2900 -4.3300 -1.8822 -0.3744 -1.6956 3.03 -3.12 8.78 161 320 308 353 209 
0.8566 -0.1990 -0.0623 -0.4720 61.88 16.19 14.13 3.59 -0.76 13.06 1.8500 1.5000 4.4300 2.3056 0.9356 -1.8556 2.37 -0.36 9.50 170 359 343 357 210 
;
