0.8942 -0.0402 -0.0449 -0.4435 52.75 6.62 1.81 1.45 -0.13 9.59 0.1100 0.0000 0.0800 0.0133 0.0378 0.0078 1.11 -0.30 9.73 173 334 341 358 215 
0.8943 -0.0390 -0.0441 -0.4435 52.75 6.50 1.75 1.28 -0.28 9.84 0.2200 0.0300 -0.1600 -0.0011 0.0022 -0.0078 1.11 -0.29 9.73 173 336 341 358 214 
0.8945 -0.0392 -0.0460 -0.4431 52.06 7.62 1.87 0.34 -0.23 11.30 0.1200 0.6900 2.1300 -0.7322 -4.8778 1.3311 4.09 -1.09 8.84 175 341 193 204 214 
0.8710 -0.2214 -0.2972 -0.3226 32.81 53.69 25.31 10.49 -2.47 0.01 2.6200 1.1200 -2.1900 2.4511 -7.8878 3.2389 8.82 -4.26 -0.05 174 356 147 163 195 
0.6348 -0.3067 -0.7013 0.1054 331.37 52.06 108.06 7.15 -4.36 -1.41 -0.6400 1.5800 0.4100 2.3444 -0.9211 0.6044 7.25 -6.46 -1.31 169 333 152 169 191 
0.6225 -0.2070 -0.6943 0.2961 307.87 48.13 91.25 7.26 -4.57 4.27 0.5100 1.2800 2.5700 -0.9722 -0.3922 0.2300 7.18 -6.61 -0.84 169 351 156 173 193 
0.5798 -0.2326 -0.7305 0.2759 308.62 45.44 106.12 7.17 -6.97 -4.02 0.2800 -0.5200 -2.2600 0.2211 0.0967 -0.1111 6.98 -6.57 -2.02 167 360 164 176 195 
0.5775 -0.2180 -0.7332 0.2854 305.75 46.81 101.56 8.02 -4.87 0.54 0.4400 2.1200 5.3300 -0.2144 0.9256 -0.2789 7.38 -6.42 -0.58 169 325 166 189 204 
0.6493 -0.2615 -0.6766 0.2285 339.69 50.50 86.44 12.09 -4.20 -3.48 3.2700 1.3200 -6.7100 -5.6311 16.2544 -0.5511 3.78 -7.27 5.38 170 330 274 306 208 
0.7815 -0.4001 0.1801 -0.4435 66.75 -0.25 51.50 2.66 -7.08 7.43 4.7600 0.8600 2.4800 1.7867 1.2167 1.4056 -0.89 -6.62 7.17 184 379 169 176 194 
0.7906 -0.2280 0.2289 -0.5201 65.25 -8.38 33.94 0.49 -5.09 9.97 2.5200 -0.6800 3.7200 0.6500 -0.2433 1.3056 -1.63 -4.74 8.42 188 388 163 176 198 
0.8527 -0.1906 0.1948 -0.4457 52.75 -9.25 32.31 -5.57 -6.04 12.29 -4.2200 -0.2600 4.0300 -2.5144 0.1078 0.1100 -1.56 -6.44 7.21 189 385 159 177 200 
0.8183 -0.3365 0.2484 -0.3943 53.69 -6.94 53.13 -4.02 -4.24 4.21 -2.5900 4.2000 -1.4300 -1.7022 0.7222 -2.0189 -0.25 -8.63 4.64 188 386 164 179 201 
0.6900 -0.4472 0.2901 -0.4896 74.81 3.94 64.75 2.03 -5.32 1.02 1.5500 3.1600 -2.6800 0.9756 1.2133 -1.3200 1.19 -8.48 4.77 188 386 161 181 201 
0.6313 -0.3786 0.2711 -0.6202 90.00 6.62 51.19 4.96 -5.70 6.62 3.9200 0.7200 0.4000 2.6844 0.3489 1.0733 0.51 -6.27 7.52 189 386 169 183 200 
0.7206 -0.2185 0.1744 -0.6344 79.25 1.12 28.87 2.44 -6.08 15.25 1.4100 -1.6600 6.7300 -0.2067 -0.9256 2.5444 -0.06 -4.48 8.72 190 386 172 185 201 
0.8220 -0.2242 0.1432 -0.5036 61.63 -0.37 33.75 -3.67 -4.59 7.42 -2.7400 2.3600 -1.8300 -1.1422 -0.0500 0.1111 -0.06 -6.24 7.56 190 386 171 185 199 
0.8134 -0.2904 0.1725 -0.4736 60.31 -0.13 38.38 0.00 -3.65 4.95 0.2500 2.0200 -1.3400 1.7111 0.1878 -0.1811 -0.12 -4.91 8.48 183 387 207 231 206 
;
0.8381 -0.1643 0.1192 -0.5064 61.31 -1.06 17.75 -0.47 -3.28 10.49 -0.1100 -0.3700 2.3500 2.7911 -0.8933 0.1833 0.42 -0.81 9.76 180 377 303 335 206 
0.8687 -0.0093 -0.0302 -0.4944 59.31 3.44 -4.31 2.67 5.98 10.52 -2.1200 1.8300 9.2400 -2.3300 0.2411 0.4067 0.83 1.25 9.68 180 363 341 365 211 
0.8686 0.0410 -0.0822 -0.4870 58.50 5.87 -8.63 0.64 1.41 9.51 -0.1900 -0.1000 -0.0100 0.0222 -0.0311 0.0211 1.01 1.47 9.64 179 364 344 368 211 
0.8691 0.0395 -0.0817 -0.4863 58.44 5.94 -8.38 0.80 1.42 9.68 -0.2100 -0.0400 0.0700 -0.0778 -0.0544 0.0167 1.04 1.36 9.65 183 363 342 368 211 
0.8689 0.0325 -0.0862 -0.4863 58.00 8.38 -8.00 1.07 1.68 11.76 -1.3500 1.2000 2.9600 -1.1600 -3.7044 0.9344 3.63 0.65 9.08 180 360 241 269 211 
0.8565 -0.1550 -0.2726 -0.4099 46.13 46.25 9.31 10.43 -1.70 1.47 0.9200 0.8800 -1.7300 2.3211 -8.3044 3.6878 9.16 -3.03 1.71 177 365 162 188 208 
0.6998 -0.3138 -0.6417 0.0014 350.31 59.75 96.50 7.31 -4.17 -1.08 -1.3500 1.2600 -0.5700 2.3611 -0.9522 1.2889 7.79 -5.94 -0.26 177 345 162 178 200 
0.6699 -0.2459 -0.6622 0.2285 319.00 50.19 88.25 7.06 -4.62 3.61 -0.8200 1.5300 3.7800 -0.0889 -0.5322 0.0678 7.48 -6.33 0.11 177 351 166 182 201 
0.6443 -0.2365 -0.6823 0.2519 318.00 49.13 96.94 8.35 -6.39 -2.81 0.7100 -0.1500 -1.7600 -0.3133 -0.6622 0.2422 7.25 -6.46 -1.35 177 362 170 184 199 
0.6154 -0.2603 -0.7014 0.2480 315.81 47.38 97.37 7.21 -5.81 -0.57 0.4700 1.0700 0.8200 0.9511 0.6744 -0.2111 7.31 -6.53 0.07 171 335 174 188 202 
0.6637 -0.2420 -0.6577 0.2614 321.50 48.25 87.37 11.03 -3.81 2.75 3.8900 2.3700 0.9400 -4.5078 10.7344 -1.5900 6.60 -6.27 3.62 175 336 193 213 204 
0.8463 -0.4387 -0.0949 -0.2869 53.00 12.38 48.94 -1.47 -7.94 2.02 -2.5800 -0.9800 -3.5900 0.9100 3.2811 -1.5067 0.22 -7.10 6.75 180 367 174 194 180 
0.7212 -0.2704 0.2532 -0.5854 79.69 -5.44 42.19 0.38 -6.38 7.68 1.5000 -0.0600 1.2800 1.5878 0.8111 0.6311 -1.70 -5.72 7.77 185 377 177 196 179 
0.7373 -0.1564 0.2641 -0.6018 76.62 -12.38 33.38 -1.90 -7.05 12.29 -0.6600 -1.9200 4.4600 -0.9322 -0.7711 1.0189 -2.06 -5.58 7.79 184 381 184 194 178 
0.7773 -0.2256 0.2766 -0.5180 66.62 -10.56 44.38 -5.44 -5.99 5.95 -3.3700 1.4700 -0.7200 -2.0656 0.0567 -0.8967 -1.31 -7.85 5.72 183 383 184 192 180 
0.7057 -0.3632 0.3277 -0.5125 74.87 -3.25 60.50 -1.42 -5.47 2.58 -0.3800 3.2300 -2.2100 -0.2189 0.8211 -1.7656 0.40 -8.66 4.58 185 381 184 193 180 
0.6122 -0.3821 0.3293 -0.6088 92.56 3.94 58.69 2.05 -6.07 3.39 1.6400 2.1200 -1.5200 2.1056 1.2978 -0.5811 0.53 -7.53 6.25 185 385 183 194 180 
0.5966 -0.2571 0.2809 -0.7065 99.19 0.06 41.06 2.74 -6.54 8.88 2.8900 -0.5500 1.6100 2.0767 -0.1111 1.0844 -0.52 -5.17 8.31 186 385 186 196 182 
0.6851 -0.1408 0.1982 -0.6866 86.75 -5.25 26.62 -2.35 -5.70 12.83 -2.6800 -1.6200 2.9000 -0.8967 -0.7256 1.4322 -1.01 -4.66 8.56 185 387 188 199 183 
0.7637 -0.1785 0.2003 -0.5872 74.19 -5.37 32.00 -2.88 -4.33 6.59 -1.6800 1.1100 -1.6400 -0.2467 -0.0867 0.0800 -0.91 -5.40 8.13 186 388 191 201 183 
0.7676 -0.1968 0.2121 -0.5719 73.25 -6.56 32.25 -1.31 -4.58 7.27 -0.0400 0.0100 -1.1800 1.5678 0.0078 0.3433 -1.27 -4.33 8.70 185 390 264 266 200 
0.8042 -0.0977 0.1452 -0.5681 68.75 -5.56 12.81 0.10 -0.71 10.19 1.1000 0.5400 -0.5400 4.3900 -1.4522 0.5333 0.06 0.93 9.76 185 388 329 371 206 
0.8323 0.1150 -0.0894 -0.5349 64.50 1.25 -18.69 0.20 1.87 7.99 -0.0100 -0.2100 -2.6200 0.6767 0.0067 0.0767 0.40 3.05 9.30 182 376 346 380 210 
;
