0.8519 -0.0024 -0.1232 -0.5090 61.69 12.25 -7.06 2.19 1.10 9.47 0.0500 -0.1000 -0.1200 0.0033 0.0056 0.0033 2.08 1.18 9.50 173 360 354 370 215 
0.8519 -0.0029 -0.1234 -0.5089 61.69 12.31 -7.06 2.15 1.04 9.40 0.1400 -0.1200 -0.1000 0.0000 0.0078 -0.0044 2.11 1.17 9.50 173 347 338 367 214 
0.8530 -0.0268 -0.1523 -0.4985 60.19 22.00 -4.81 8.15 1.85 13.01 2.8600 1.1100 3.5000 -2.7900 -2.1733 0.7667 5.41 -1.05 8.10 167 323 181 196 215 
0.8168 -0.2990 -0.3256 -0.3707 40.25 57.44 36.38 7.74 -3.50 -1.48 -0.2800 0.3200 -4.4000 3.5067 -6.8911 2.8867 8.56 -4.75 0.45 166 354 175 188 192 
0.6918 -0.3419 -0.6319 0.0726 336.94 52.63 92.31 7.57 -2.97 -0.27 -0.1900 3.6900 2.0800 4.6711 -0.1056 1.1244 7.25 -6.50 1.14 150 319 172 193 189 
0.6646 -0.2079 -0.6429 0.3192 310.62 45.81 86.81 5.89 -6.42 -0.17 -0.4900 0.0400 -1.1900 -1.9700 -0.6300 -0.0033 7.02 -6.74 -1.14 154 360 179 196 189 
0.6033 -0.3009 -0.7035 0.2250 319.00 45.31 105.50 7.20 -7.27 -4.60 0.2200 -0.6300 -2.5000 0.7633 -0.1089 -0.0144 6.93 -6.70 -1.77 144 356 177 195 189 
0.6028 -0.2684 -0.7029 0.2654 309.06 44.94 95.87 6.18 -6.25 -0.57 -2.3000 1.8400 3.4100 2.2289 -0.0689 -0.0256 7.00 -6.80 0.83 142 308 176 194 192 
0.6390 -0.1915 -0.6597 0.3461 304.87 44.69 89.31 8.21 -5.56 0.88 1.2200 0.7500 0.2300 -2.2944 -0.1167 0.6578 6.55 -7.19 -1.22 147 321 185 195 197 
0.5848 -0.3358 -0.6926 0.2562 311.75 38.06 105.50 4.00 -8.01 -1.48 -1.0200 -0.2900 0.9700 -0.6511 -1.4011 0.8900 5.27 -7.68 -3.04 111 274 171 183 187 
0.4942 -0.4021 -0.7224 0.2689 300.12 28.06 116.06 6.26 -11.32 -8.31 1.8100 -4.4000 -5.9100 1.5144 -0.1422 0.3511 4.29 -8.20 -3.21 106 273 169 181 186 
0.5326 -0.3807 -0.6708 0.3485 293.87 27.12 95.37 4.17 -9.13 -4.52 -0.8700 0.7900 -4.2800 4.0056 2.2289 -0.2222 4.44 -8.38 2.49 105 279 171 183 186 
0.7305 -0.2592 -0.4460 0.4475 297.62 22.75 50.63 -1.36 -1.66 3.49 -5.1600 4.9300 -2.7300 3.2589 1.8589 -0.2511 2.73 -4.98 7.98 109 283 172 184 186 
0.8376 -0.1313 -0.2185 0.4832 300.37 13.31 25.06 -0.47 0.38 10.36 -2.3400 3.8500 1.6800 -0.1967 0.1200 -0.3733 2.21 -4.01 8.66 110 280 173 185 187 
0.8491 -0.1414 -0.2150 0.4615 302.56 14.19 28.37 1.63 -3.97 8.35 -1.0000 0.7600 0.1800 -1.0222 -0.5389 0.2067 2.66 -5.18 7.88 114 283 175 188 186 
0.8127 -0.1915 -0.2913 0.4670 299.50 18.19 41.31 0.36 -2.74 6.51 -2.3700 3.8100 -0.2200 -2.8211 -1.2711 0.1378 3.58 -7.44 5.28 118 272 177 190 188 
0.7116 -0.3052 -0.4644 0.4300 297.94 24.50 72.06 1.46 -6.11 -0.03 -2.0400 2.1600 -2.2000 -3.7267 -1.8122 -0.1222 4.34 -8.77 -0.49 141 270 193 204 199 
0.5577 -0.4385 -0.6483 0.2766 318.06 32.19 110.50 8.03 -6.22 -6.20 3.0800 1.2000 -3.2100 -4.0056 4.9244 -2.6067 7.36 -5.66 -3.12 152 283 233 248 207 
;
