0.8849 0.0705 0.0326 -0.4592 54.81 -7.06 -5.44 -1.13 0.80 9.60 0.3200 -0.0800 0.2000 0.0289 0.0211 -0.0111 -1.21 0.93 9.68 174 367 352 370 215 
0.8846 0.0716 0.0333 -0.4595 54.88 -7.12 -5.56 -1.07 0.78 9.66 0.1100 -0.1500 0.0100 -0.0256 -0.0167 -0.0078 -1.21 0.93 9.68 174 363 349 371 216 
0.8848 0.0691 0.0327 -0.4596 54.75 -6.81 -5.37 -1.67 0.33 10.32 -0.8000 -0.7200 1.0000 -0.4856 -2.3111 0.5122 -0.02 0.76 9.77 175 341 314 353 215 
0.8941 -0.0327 -0.1021 -0.4348 50.19 23.75 1.94 7.95 -1.94 7.13 3.1100 -1.2700 -2.7000 -0.1411 -7.6911 2.6411 8.08 -1.88 5.22 6 331 154 185 207 
0.7438 -0.3015 -0.5790 -0.1437 9.81 69.62 93.37 10.34 -2.16 -0.38 1.2100 1.9500 -0.2400 2.7789 -2.6344 1.6478 8.34 -4.87 -1.64 168 338 162 180 186 
0.6246 -0.2642 -0.7145 0.1724 321.00 50.88 103.31 7.23 -3.55 1.22 -0.3000 2.8100 3.1600 2.0500 -0.1856 0.2322 7.35 -6.43 -0.83 167 332 168 182 187 
0.5900 -0.2031 -0.7275 0.2854 311.31 48.00 106.19 8.37 -6.36 -3.64 1.1900 -0.0200 -1.5600 -0.8567 -0.0056 0.0689 7.23 -6.11 -2.54 169 362 175 186 192 
0.5630 -0.2471 -0.7559 0.2248 315.12 47.44 112.87 7.93 -6.23 -3.39 0.6500 -0.1000 -1.1500 1.1967 0.5089 -0.0444 7.30 -6.28 -1.80 169 331 178 185 193 
0.5970 -0.1885 -0.7227 0.2927 307.75 49.94 96.06 8.62 -3.49 5.23 1.6000 2.6600 5.0800 -1.3000 0.7900 -0.7111 7.90 -5.76 -0.68 168 319 199 229 204 
0.6879 -0.1943 -0.6774 0.1741 339.81 62.94 79.12 10.98 -6.04 0.20 2.5000 -2.4100 -0.6500 0.3622 1.8744 -2.0056 9.01 -2.98 2.44 164 339 299 326 212 
0.8271 -0.1194 -0.5485 0.0286 356.62 61.38 23.12 10.01 -3.35 2.02 2.1200 -0.6500 -2.0600 1.2667 0.4567 0.0978 8.32 -1.39 4.98 166 359 322 351 213 
0.8764 -0.0350 -0.4755 0.0674 349.25 54.81 12.19 6.63 -0.02 3.09 -1.5800 1.2500 -2.1200 1.3189 0.2833 0.4511 7.82 -0.90 5.84 169 369 330 354 216 
0.8867 0.0309 -0.4409 0.1362 342.69 51.25 4.81 6.03 1.97 6.36 -1.5600 2.3300 0.8400 -0.4133 0.1211 -0.3589 7.56 -0.39 6.22 169 303 312 339 216 
0.8972 0.0177 -0.4290 0.1037 349.06 50.50 6.62 7.40 1.68 6.70 -0.3400 2.0600 -0.2800 -2.4200 -0.2256 -0.5144 7.64 -1.47 5.96 171 251 258 342 218 
0.8941 -0.1107 -0.4338 -0.0129 4.44 50.75 18.50 8.11 -0.76 5.03 0.6600 1.2800 -0.4300 -2.0067 0.8044 -0.6556 7.37 -2.41 6.00 170 238 230 343 220 
0.8877 -0.2202 -0.3811 -0.1353 19.94 47.06 27.37 7.08 -3.97 4.12 -0.1700 -0.7600 -1.2300 -1.7544 0.2378 -0.1800 7.05 -3.86 5.61 173 238 230 333 223 
0.8513 -0.3444 -0.3342 -0.2123 29.06 45.38 42.06 6.59 -7.49 2.88 -0.1600 -2.5000 -1.9600 -0.5522 -0.0267 -0.1689 7.04 -4.84 4.79 173 248 226 333 228 
0.8295 -0.3877 -0.3264 -0.2347 31.62 46.44 44.81 6.55 -4.64 4.36 -0.9100 0.3100 -0.3900 0.3822 -0.3433 0.1878 7.07 -4.73 4.86 172 262 246 333 222 
0.8520 -0.3725 -0.2815 -0.2369 33.13 35.94 38.94 2.60 -4.33 2.22 -2.0300 0.9000 -4.3200 1.0311 3.7211 -0.7378 3.67 -4.37 7.96 171 296 296 342 217 
0.8971 -0.2428 -0.0662 -0.3632 46.13 14.13 21.50 4.64 -2.78 7.93 2.6200 0.4600 0.1500 1.3178 3.8589 -0.9167 0.27 -2.40 9.50 172 327 314 336 210 
0.8907 -0.0588 0.0850 -0.4426 53.13 -6.87 8.81 -2.79 -1.07 13.53 -1.1800 0.1200 3.2300 1.7644 -0.4900 -0.0122 -0.84 -0.06 9.77 176 347 324 347 208 
;
