0.8662 -0.0180 -0.0201 -0.4990 59.81 3.12 0.56 -0.68 -1.14 10.14 -1.4400 -1.1000 0.7600 0.3433 -2.3022 0.6022 1.73 0.11 9.65 173 316 278 325 215 
0.8647 -0.0989 -0.1679 -0.4630 54.25 31.87 3.25 9.33 -1.34 5.32 3.5100 -1.0700 -3.9700 1.7778 -10.8444 3.8578 9.00 -1.96 3.33 156 328 149 169 200 
0.6852 -0.3108 -0.6543 -0.0756 359.56 64.12 114.06 8.68 -2.68 -2.45 0.3900 2.0500 -0.1200 2.8933 -2.4278 1.2000 7.84 -5.27 -2.60 167 352 162 174 185 
0.5845 -0.2484 -0.7456 0.2020 317.62 49.75 108.25 7.14 -4.67 -0.60 -0.2200 1.3700 1.4700 2.0633 0.2956 -0.3522 7.60 -6.13 -0.83 168 338 169 180 187 
0.6056 -0.1705 -0.7202 0.2925 309.62 50.31 100.50 7.36 -5.56 -0.65 -0.0300 0.0400 -0.9700 -1.5633 -0.3344 0.2256 7.44 -6.04 -2.05 171 357 167 184 191 
0.5668 -0.2313 -0.7561 0.2313 316.44 48.56 113.12 7.69 -6.03 -4.10 0.4400 -0.0100 -1.4100 0.2633 0.1922 -0.1167 7.42 -5.92 -2.41 172 364 179 186 191 
0.5822 -0.2174 -0.7453 0.2413 313.81 50.19 105.31 7.94 -5.21 -0.68 0.3300 1.1500 1.4500 1.0911 0.9122 -0.2111 7.71 -6.01 -0.64 3 329 181 190 196 
0.6357 -0.1965 -0.7030 0.2510 322.62 53.75 96.87 9.73 -3.07 1.13 2.5200 2.4300 0.2900 -4.0767 8.1244 -2.0178 8.39 -4.74 1.78 173 340 238 255 206 
0.8594 -0.3120 -0.3732 -0.1576 31.62 34.13 27.31 2.89 -4.85 3.24 -2.5000 -0.8900 -2.8600 2.1378 7.4889 -2.0800 0.32 -2.17 9.55 172 353 296 323 205 
0.9042 -0.0430 0.0115 -0.4247 51.13 3.62 1.69 3.34 0.94 12.68 1.7600 0.9800 2.5100 0.0222 -0.4756 0.0111 1.14 -0.01 9.74 175 359 302 321 206 
0.8975 -0.0488 -0.0683 -0.4329 50.56 13.13 3.25 3.48 -0.72 10.86 1.0500 0.3100 1.7700 -1.0678 -5.9600 1.5222 5.49 -1.61 7.96 174 330 186 186 206 
0.8292 -0.2700 -0.4324 -0.2291 18.12 67.12 55.06 10.38 -2.29 -0.30 0.9200 1.7900 -0.3500 2.8911 -4.4644 2.3067 8.43 -4.92 -0.92 170 350 168 175 188 
0.6498 -0.2582 -0.6958 0.1642 325.94 53.56 98.44 6.54 -4.07 0.35 -0.4700 1.7100 1.5500 2.1144 -1.0156 0.0378 7.80 -5.93 -0.32 160 349 178 180 189 
0.6352 -0.1849 -0.7022 0.2631 315.87 52.44 96.56 7.47 -5.10 0.61 0.5500 0.3600 -0.0500 -1.7333 -1.0400 0.3744 7.54 -5.89 -2.09 97 363 181 183 191 
0.5757 -0.2564 -0.7497 0.2021 321.25 49.00 114.00 7.91 -6.05 -4.49 0.7300 -0.1300 -1.8000 0.5011 0.6022 -0.0522 7.45 -5.92 -2.33 40 348 184 183 190 
0.6014 -0.2360 -0.7286 0.2274 318.56 51.25 98.56 1.14 -3.95 4.11 -2.1200 2.5700 7.4000 -0.8756 1.6911 -0.3756 7.84 -5.85 0.60 170 331 175 186 198 
0.7463 -0.2767 -0.5896 0.1375 352.69 52.38 63.19 6.58 -4.50 0.14 -0.1300 0.2400 -5.5100 -0.9844 10.7078 -4.2344 4.51 -3.77 7.84 173 350 285 314 204 
0.9157 -0.1536 -0.0400 -0.3692 48.25 5.44 9.63 -0.84 -0.23 11.18 0.8600 1.8300 2.1900 2.5844 -0.2933 -1.5167 0.82 0.29 9.76 178 364 326 363 202 
0.8752 0.0368 -0.0542 -0.4794 57.81 4.69 -9.69 -1.34 1.95 19.06 -1.8600 -1.6400 -2.6500 0.3878 0.0356 -0.0111 0.71 1.43 9.67 177 369 331 375 210 
0.8738 0.0457 -0.0665 -0.4796 57.50 4.06 -8.25 0.87 1.39 9.59 0.1400 0.0200 0.1800 -0.0244 -0.0111 0.0022 0.70 1.39 9.68 180 371 334 379 209 
0.8738 0.0436 -0.0668 -0.4797 57.50 4.37 -7.94 0.92 1.31 9.61 0.0800 0.0000 0.0100 -0.0044 -0.0100 0.0033 0.76 1.35 9.68 178 370 335 375 211 
0.8735 0.0414 -0.0679 -0.4803 57.56 4.50 -7.87 0.95 1.35 9.77 0.0900 -0.0100 0.0100 0.0000 -0.0056 0.0011 0.78 1.34 9.68 180 367 333 375 210 
;
0.8734 0.0408 -0.0682 -0.4805 57.63 4.56 -7.87 0.88 1.32 9.65 0.1000 -0.0100 0.0000 -0.0022 0.0044 -0.0022 0.78 1.34 9.68 180 370 339 376 210 
0.8732 0.0410 -0.0685 -0.4809 57.63 4.56 -7.87 0.86 1.35 9.68 0.0800 0.0000 -0.0400 0.0089 0.0111 0.0044 0.78 1.34 9.68 178 369 338 374 210 
0.8729 0.0408 -0.0686 -0.4813 57.69 4.56 -7.87 0.83 1.34 9.60 0.0800 0.0000 0.0000 -0.0011 -0.0011 0.0022 0.79 1.34 9.68 179 368 340 373 211 
0.8725 0.0406 -0.0688 -0.4821 57.75 4.62 -7.87 0.88 1.36 9.65 0.0700 -0.0100 0.0000 -0.0156 -0.0133 0.0011 0.80 1.33 9.68 178 365 339 373 211 
0.8740 0.0305 -0.0714 -0.4797 57.13 8.13 -6.25 3.80 1.47 13.57 3.0800 2.0600 2.6100 -2.4878 -5.8100 1.9733 4.75 -0.77 8.54 165 315 188 198 213 
0.8356 -0.2465 -0.3783 -0.3128 28.25 66.56 37.94 12.09 -1.67 -1.26 1.8700 2.2000 -0.8200 4.0033 -6.7500 3.0211 8.53 -4.61 -1.40 172 350 162 177 194 
0.6192 -0.2377 -0.7231 0.1927 319.25 52.19 101.94 6.67 -3.16 2.18 -0.7800 2.7500 3.3900 0.8156 -0.0578 -0.2367 7.72 -5.99 -0.79 171 346 161 184 195 
0.6093 -0.1927 -0.7255 0.2554 317.00 51.88 105.00 8.32 -5.76 -3.34 0.7700 0.0000 -1.8000 -0.6933 -0.5689 0.0967 7.59 -5.75 -2.32 171 363 180 187 198 
0.5777 -0.2278 -0.7542 0.2134 318.44 50.56 111.62 8.25 -5.82 -3.53 0.4700 0.1400 -0.9300 1.6389 -0.1989 0.1089 7.53 -6.05 -1.64 172 322 183 190 199 
0.6072 -0.1830 -0.7222 0.2763 313.06 51.50 98.69 8.24 -3.87 1.77 0.2100 2.0400 2.5200 -2.4944 3.1956 -0.6889 8.04 -5.59 -0.32 3 310 208 215 207 
0.7549 -0.2913 -0.5846 0.0591 4.19 55.31 55.75 7.54 -4.37 -0.14 -0.1700 -0.3800 -3.8500 -0.4311 9.5956 -2.9722 5.00 -3.44 7.69 173 338 284 314 207 
0.9233 -0.1564 -0.0796 -0.3418 44.50 9.19 8.75 1.14 0.21 12.25 0.8300 1.5900 3.1400 0.9700 -0.3744 -0.7489 1.52 -0.27 9.68 176 356 316 346 204 
0.9060 -0.0496 -0.0764 -0.4133 48.56 12.00 2.56 2.66 -0.93 11.15 0.1700 -0.0100 1.8700 -1.4500 -3.2356 0.9667 3.89 -1.49 8.87 173 323 187 198 209 
0.8826 -0.2241 -0.2689 -0.3139 31.31 50.38 24.81 10.74 -2.98 1.16 3.4700 0.6000 -2.5900 3.3878 -8.8044 3.1056 8.87 -4.16 0.00 3 341 166 175 199 
0.6645 -0.2552 -0.6908 0.1267 331.87 56.56 97.75 6.90 -3.67 0.09 -0.9500 2.1200 1.5800 1.7678 -0.5300 0.5133 7.87 -5.84 -0.29 156 349 171 179 197 
0.6516 -0.2004 -0.6899 0.2434 319.56 53.38 94.50 7.58 -4.98 0.68 0.6700 0.4100 0.1300 -1.2756 -0.4533 -0.1311 7.91 -5.65 -1.22 151 362 176 186 197 
0.6178 -0.2366 -0.7250 0.1916 325.75 53.50 106.81 8.58 -5.54 -2.99 0.9500 0.0400 -1.2500 0.0922 0.0344 0.1189 7.83 -5.62 -1.77 169 370 178 188 199 
0.6151 -0.2307 -0.7246 0.2084 320.44 52.50 102.12 7.52 -5.00 -0.42 -0.3500 1.3800 1.4800 1.3489 0.9211 -0.0733 7.86 -5.85 -0.28 172 343 181 191 200 
0.6592 -0.2064 -0.6857 0.2296 328.50 55.38 90.94 9.58 -2.93 1.15 2.1900 2.4800 -0.6900 -4.3611 10.0822 -2.7922 7.68 -4.32 4.28 173 353 269 288 207 
0.8974 -0.2739 -0.2429 -0.2462 39.50 21.81 19.31 -0.58 -3.15 7.96 -2.3500 0.5100 0.3000 3.0200 2.9289 -2.3067 0.78 -0.67 9.75 179 369 308 357 202 
;
