0.6496 0.0231 -0.2917 -0.7017 94.37 20.31 -27.94 3.58 4.27 8.03 0.2000 -0.0100 -0.1100 0.0378 0.0167 -0.0067 3.41 4.33 8.10 161 322 201 213 197 
0.6491 0.0240 -0.2942 -0.7010 94.37 20.31 -28.25 3.34 4.21 7.97 -0.0800 -0.1500 -0.1400 0.0678 0.0011 -0.0911 3.38 4.40 8.07 161 328 201 212 199 
0.6441 0.0258 -0.3034 -0.7017 95.12 21.37 -29.94 1.86 6.62 11.98 -1.0900 2.2200 4.6900 -0.1533 -6.3311 2.5344 6.67 3.84 6.07 155 330 204 211 198 
0.5878 -0.3389 -0.5000 -0.5381 71.19 85.44 4.50 12.31 -2.65 -4.34 0.7200 0.5400 -2.0400 3.4911 -5.3978 5.0989 7.44 -5.37 -3.44 161 388 199 209 198 
0.5891 -0.5757 -0.5671 0.0004 353.81 40.13 109.81 3.34 -3.25 0.49 -2.2300 2.9300 1.9200 1.2978 0.4122 -0.2033 6.33 -7.31 -1.56 156 381 203 213 197 
0.6632 -0.4882 -0.5610 0.0844 344.81 41.88 96.00 6.84 -4.71 4.30 0.5100 1.3500 2.5700 -0.6189 -0.3378 0.2522 6.42 -7.31 -1.19 161 389 204 209 196 
0.6533 -0.4968 -0.5644 0.0883 343.75 40.88 97.50 7.13 -3.77 5.35 0.3900 3.6000 6.2900 -0.6167 0.8100 -0.0478 6.59 -7.22 -0.64 166 363 203 218 209 
0.6887 -0.5025 -0.5225 0.0096 12.69 50.31 87.44 2.96 -4.40 -1.81 -4.9000 0.4100 -3.5600 -0.0933 5.7733 -6.6300 8.62 -2.49 3.94 179 361 306 362 227 
0.7244 -0.2308 -0.4042 -0.5085 77.69 47.75 -23.56 6.46 4.78 5.70 0.1500 1.1700 -0.2300 2.1178 2.7044 -4.0300 4.45 5.85 6.48 179 362 332 349 146 
;
0.6445 0.1351 -0.3497 -0.6663 90.00 11.00 -37.44 -1.46 7.07 10.84 -0.0300 1.1000 2.9700 -0.0767 -0.5667 -0.0333 1.91 5.42 7.94 183 350 287 290 165 
0.6677 0.1284 -0.2839 -0.6760 90.81 12.31 -34.50 2.33 5.45 7.34 -0.0900 -0.0100 -0.1400 -0.1467 -0.0789 0.0911 2.24 5.35 7.90 180 351 294 301 168 
0.6647 0.1017 -0.3148 -0.6699 89.62 20.37 -36.50 6.64 10.17 12.51 3.6300 2.7400 1.2000 -0.0933 -6.9933 4.1489 8.06 3.36 4.44 180 340 199 205 200 
0.6721 -0.3235 -0.4978 -0.4426 56.75 74.06 52.69 5.54 -3.41 -2.45 -4.0600 -0.3100 -4.9300 3.0456 -6.8022 5.0878 7.53 -6.09 -1.48 139 385 193 188 183 
0.6539 -0.5180 -0.5509 0.0230 349.56 43.13 99.25 6.53 -4.13 0.50 -2.3400 4.6700 4.5700 0.4867 -1.9033 0.5367 6.54 -7.22 -1.06 135 383 197 188 181 
0.6453 -0.4817 -0.5832 0.1070 340.37 39.06 104.00 6.69 -7.99 -3.70 0.0000 -1.8100 -3.7300 0.0889 0.2322 -0.1467 6.22 -7.34 -1.84 140 382 199 187 184 
0.6561 -0.4664 -0.5837 0.1063 341.56 41.56 99.37 7.34 -4.56 1.93 0.6400 1.8400 1.5200 -1.9500 2.2900 -0.3100 6.91 -6.89 -0.88 173 372 192 208 208 
0.7318 -0.5034 -0.4283 -0.1658 44.13 54.00 54.13 1.74 -5.69 -0.95 -3.4700 -0.2900 -4.5600 3.2133 5.2778 -6.4611 6.46 0.00 7.37 176 338 321 356 223 
;
0.7130 -0.0453 -0.3001 -0.6320 86.37 23.37 -29.19 3.14 6.87 7.67 0.6800 2.6400 0.3100 2.3111 1.5222 -1.5722 2.20 6.25 7.22 177 358 341 411 212 
0.6393 0.2308 -0.3129 -0.6633 91.56 4.00 -47.56 0.44 9.79 10.80 0.4200 1.8400 3.6000 -0.3056 -0.4611 0.2744 0.92 7.18 6.61 175 365 357 396 213 
0.6400 0.2331 -0.3285 -0.6544 91.12 8.81 -47.25 0.04 9.10 9.56 -1.9500 2.5800 2.9900 -1.0589 -3.6022 2.0922 4.21 6.16 6.35 177 336 303 316 224 
0.6577 -0.0797 -0.4254 -0.6166 82.75 52.63 -24.50 12.06 0.67 2.18 3.3100 -1.3600 -2.5000 -1.4811 -6.4600 6.0967 9.50 -1.97 1.41 172 365 180 185 189 
0.6227 -0.5467 -0.5048 -0.2418 27.94 54.75 110.81 4.93 -3.41 -3.01 -1.8500 2.1200 0.0700 3.0378 -2.7822 1.3911 6.55 -6.84 -2.52 157 378 185 179 183 
0.6263 -0.5146 -0.5802 0.0797 342.44 40.44 102.25 6.29 -1.05 9.23 2.4600 4.9000 7.4300 -0.3044 -1.5444 0.6289 6.17 -7.37 -1.89 141 375 198 186 186 
0.6033 -0.5111 -0.6019 0.1122 339.19 37.25 109.50 5.83 -9.24 -6.56 0.0100 -1.8600 -4.0200 1.1500 0.0600 -0.3922 6.11 -7.34 -2.19 144 375 198 184 184 
0.6298 -0.4717 -0.6044 0.1243 337.62 39.69 103.62 5.45 -6.10 -1.10 -0.8600 1.5500 1.3300 -1.1811 1.5089 -0.4211 6.86 -6.87 -1.36 172 312 200 204 209 
0.7256 -0.4742 -0.4781 -0.1413 38.50 59.94 53.94 2.00 -4.95 1.12 -5.3100 -1.6500 -2.4100 2.7478 5.4744 -7.2289 7.03 1.33 6.70 175 343 334 380 222 
;
0.7175 -0.0203 -0.3704 -0.5896 82.31 26.94 -35.88 4.05 9.28 8.04 -0.0900 3.8700 0.9000 1.8611 1.5433 -1.6678 2.58 6.75 6.62 177 375 359 421 228 
0.6446 0.2368 -0.3638 -0.6293 88.81 7.62 -51.88 1.01 11.78 12.76 -1.0300 1.7800 1.4500 -0.5133 -0.2322 0.5033 1.60 7.50 6.10 179 369 358 414 229 
0.6496 0.2159 -0.3848 -0.6191 86.06 18.50 -50.19 3.45 10.68 8.92 -0.8500 3.8500 3.6800 -2.9678 -4.3256 3.5689 6.43 4.96 5.48 177 347 290 324 227 
0.6695 -0.1635 -0.4576 -0.5618 76.00 57.44 -14.69 8.27 0.47 3.33 -0.0500 0.4300 -1.4200 -1.6389 -5.1189 6.0867 9.05 -3.09 2.14 169 381 178 189 204 
0.6639 -0.5447 -0.4838 -0.1689 11.06 47.44 102.81 5.22 -2.95 -0.18 -2.1000 3.1800 0.8800 2.5067 -2.3633 0.8500 6.06 -7.56 -1.47 132 378 183 187 187 
0.6548 -0.4785 -0.5711 0.1270 334.56 37.56 99.75 8.27 -4.68 2.89 0.3600 1.1200 1.6200 -1.2289 0.4933 0.1289 5.84 -7.64 -1.86 147 386 186 186 188 
0.6219 -0.5076 -0.5836 0.1223 337.69 37.75 102.31 5.60 -5.88 -0.63 -1.8600 3.4100 4.6300 -0.0144 -0.5544 0.2433 6.13 -7.54 -1.28 164 387 187 191 197 
0.6578 -0.4946 -0.5614 0.0872 353.69 43.31 96.75 6.33 -3.49 0.43 -1.4500 1.6600 -1.5500 -1.3367 7.6722 -5.3200 8.29 -4.61 2.48 178 367 292 329 228 
;
0.7711 -0.3194 -0.3696 -0.4083 64.31 50.44 0.25 5.71 1.80 5.09 -0.4900 0.7200 -1.7700 2.7567 3.9056 -4.9544 4.56 4.05 7.67 178 389 352 415 223 
0.6819 0.1250 -0.3085 -0.6513 89.31 8.38 -39.38 -2.33 9.20 9.64 0.6300 7.7000 0.3100 2.7322 0.8056 -0.6989 0.14 7.17 6.68 180 398 360 423 224 
0.6472 0.2771 -0.2971 -0.6450 88.94 3.50 -46.44 -1.35 8.34 8.92 -2.0100 1.3900 2.3600 -1.2067 -3.0333 2.1100 2.82 6.35 6.90 179 382 347 394 225 
0.6852 0.0245 -0.4071 -0.6035 79.37 43.44 -34.13 9.59 4.68 4.04 1.5200 1.3100 -1.6600 -1.9378 -4.2711 5.7111 9.18 -0.17 3.41 180 359 190 207 217 
0.6964 -0.4230 -0.4886 -0.3120 37.06 64.00 83.31 5.29 -5.53 -1.98 -1.9900 0.5400 -2.0500 1.0378 -2.9911 3.4478 6.79 -6.84 -1.78 131 373 178 184 185 
0.6342 -0.5599 -0.5308 0.0505 343.69 35.88 102.69 6.64 -5.96 -0.64 1.0200 2.5200 0.7200 2.1533 0.1867 -0.8111 5.63 -7.94 -1.12 153 386 183 188 186 
0.6429 -0.4996 -0.5610 0.1498 334.25 34.44 100.94 7.35 -8.01 -3.14 1.7000 -0.5000 -2.3900 -0.0911 0.6678 -0.3100 5.56 -7.87 -1.76 154 385 186 190 187 
0.6595 -0.4828 -0.5602 0.1349 335.50 37.63 96.94 8.67 -4.19 2.79 0.4700 1.3300 0.1000 -1.2822 1.5422 -0.2156 6.14 -7.58 -0.94 172 388 181 206 211 
0.6873 -0.5122 -0.5138 0.0365 8.56 47.44 86.25 4.85 -5.91 -1.44 -2.8200 -0.1500 -3.0100 0.0078 7.3456 -6.5378 7.90 -2.45 5.25 182 379 304 346 226 
;
0.7654 -0.1854 -0.3084 -0.5335 75.50 35.38 -14.63 3.16 4.28 8.05 -2.1900 1.3400 -0.1300 2.4311 1.8589 -3.0189 3.65 4.83 7.70 178 383 359 400 227 
0.6797 0.1270 -0.3203 -0.6475 88.62 12.06 -41.44 3.65 15.42 8.79 0.9900 6.4200 4.8800 1.3578 1.8067 -0.9022 0.70 7.30 6.50 179 388 358 415 202 
0.6508 0.2278 -0.3439 -0.6375 88.06 11.75 -47.13 -0.57 9.91 9.56 -2.4800 3.1900 1.9000 -1.7778 -3.7200 2.6911 5.17 5.19 6.50 180 369 298 298 223 
0.6981 -0.1197 -0.4426 -0.5500 69.87 58.88 -18.12 10.22 0.93 2.16 0.7400 -0.4100 -1.9500 -0.7622 -5.1733 7.3567 9.02 -3.51 1.55 173 391 180 188 192 
0.6926 -0.5108 -0.4969 -0.1118 6.56 47.31 93.31 5.63 -3.95 -0.74 -1.5500 3.0200 -0.4600 2.8578 -0.7078 0.7744 6.50 -7.32 0.50 143 405 190 191 188 
0.7275 -0.4398 -0.5179 0.0954 343.37 41.50 86.12 6.96 -6.13 0.76 0.3400 0.2400 -0.3600 -1.5211 -0.7667 0.3544 6.39 -7.42 -0.41 145 411 202 193 188 
0.6846 -0.4767 -0.5410 0.1071 341.37 40.00 89.56 5.61 -2.09 10.18 2.5200 5.7300 7.6300 -0.3900 -0.0111 0.1744 6.42 -7.40 0.30 169 403 201 204 202 
0.7077 -0.4716 -0.5212 0.0710 352.81 43.44 88.31 7.76 -3.64 0.90 -0.6300 1.6800 -1.2600 -1.3100 6.4967 -5.7744 8.27 -4.21 3.16 176 409 311 358 222 
;
