0.7706 0.0332 -0.0281 -0.6357 79.00 0.06 -4.94 0.08 0.76 9.79 0.0500 -0.0900 0.0000 -0.0078 -0.0278 -0.0056 0.03 0.84 9.77 184 370 346 371 216 
0.7706 0.0314 -0.0292 -0.6359 79.00 0.31 -4.87 0.15 0.82 9.34 0.1500 -0.0900 -0.6500 -0.0078 -0.0344 0.0033 0.07 0.82 9.77 185 369 347 371 216 
0.7707 0.0290 -0.0297 -0.6359 79.00 0.50 -4.62 -0.60 0.52 10.10 -1.5500 -0.3700 0.4000 0.3456 -0.6578 0.7833 0.52 0.98 9.74 182 368 342 368 214 
0.7951 -0.0190 -0.1300 -0.5921 72.94 20.12 -5.44 4.08 -0.48 10.85 0.2000 -2.2300 -0.9700 -2.5111 -3.9178 2.3244 6.40 -1.66 7.23 149 360 173 168 208 
0.7512 -0.3793 -0.4351 -0.3202 32.88 66.25 70.12 8.74 -4.08 0.59 -0.5400 0.8800 -2.2700 3.0778 -4.5256 2.5122 8.07 -5.49 -0.90 161 342 162 168 201 
0.6624 -0.3923 -0.6317 0.0906 335.75 47.56 97.56 5.98 -4.57 -0.41 -1.0800 2.2600 0.3200 2.9411 -0.6767 0.2356 6.94 -6.92 0.17 148 325 173 176 203 
0.6762 -0.2733 -0.6285 0.2703 315.12 44.06 86.31 6.66 -5.13 4.43 -0.4700 1.5400 3.3800 -2.0800 -0.4233 0.2578 6.66 -7.16 -0.64 143 343 173 180 203 
0.6148 -0.3408 -0.6719 0.2333 319.06 41.44 102.87 6.94 -7.46 -4.33 0.5800 -0.2900 -2.2900 0.0622 0.1856 0.0456 6.42 -7.19 -1.76 147 352 175 182 202 
0.6071 -0.3464 -0.6753 0.2353 317.19 41.25 99.56 7.04 -7.01 -2.17 0.5600 0.3900 -0.9900 1.6922 0.2622 -0.0567 6.52 -7.31 -0.23 153 326 177 181 203 
0.6724 -0.2819 -0.6229 0.2836 314.69 43.00 84.62 6.91 -4.57 4.23 0.1300 2.6900 3.3300 -1.7422 1.1467 -0.3767 6.82 -7.03 0.28 7 311 186 195 209 
0.7119 -0.3735 -0.5804 0.1298 354.62 47.69 80.37 13.94 -6.03 -0.63 6.6000 0.0000 -1.9200 -3.5522 9.6067 0.9300 5.34 -7.31 3.74 168 302 292 287 210 
0.7983 -0.5497 -0.1040 -0.2228 31.25 20.44 69.75 4.26 -8.32 2.86 0.0100 0.3800 -0.6800 -2.9767 2.0222 2.1878 1.64 -9.56 1.38 168 340 328 348 213 
0.6932 -0.6807 0.1302 -0.1979 30.87 3.62 90.25 -2.16 -8.38 -2.65 -2.7300 1.2600 -3.2500 -0.3344 0.0489 -0.5656 0.84 -9.76 -0.38 181 368 347 377 214 
0.6752 -0.7043 0.1118 -0.1888 29.69 6.56 89.69 4.64 -9.63 -2.93 2.6800 0.5400 -2.9200 2.2356 -0.6456 0.5600 0.86 -9.65 1.47 184 361 352 377 215 
0.7988 -0.5853 0.0518 -0.1293 15.88 3.56 63.88 3.29 -2.11 -3.95 2.2700 7.2100 -10.3900 8.1333 -0.8778 0.7089 0.76 -4.39 8.73 185 360 350 375 213 
0.9969 0.0089 -0.0342 -0.0700 7.50 3.62 -9.44 4.20 12.36 17.32 4.2300 8.5000 9.5200 3.5456 0.3133 0.7356 0.97 4.76 8.51 184 363 351 374 214 
0.9646 0.2515 -0.0758 -0.0236 2.87 8.44 -27.62 0.17 4.76 8.43 -0.6800 0.2800 -0.9000 -0.6267 0.3289 -0.5867 1.22 4.03 8.85 185 363 351 374 215 
0.9774 0.1929 -0.0682 -0.0530 6.94 6.75 -20.75 0.92 3.86 8.24 -0.4200 0.6700 -0.8000 -1.7811 -0.3878 -0.5889 1.33 2.28 9.44 185 365 355 371 215 
0.9878 0.0595 -0.0886 -0.1137 15.88 10.69 -4.56 1.76 0.33 9.03 -0.5500 -0.2600 -0.5800 -2.2933 -0.1411 -2.3322 2.10 -0.63 9.55 172 358 352 366 215 
0.9487 -0.1058 -0.0878 -0.2848 38.13 13.44 11.13 1.48 -1.57 9.07 -0.8000 0.4000 -0.2100 -1.6033 0.0233 -3.4189 2.82 -2.37 9.08 183 360 349 362 213 
;
