0.9260 0.1595 -0.2515 -0.2319 28.06 22.94 -26.56 3.62 3.93 8.12 -0.1600 -0.0500 0.1600 -0.0022 0.0133 -0.0022 3.79 4.04 8.08 174 310 319 321 208 
0.9263 0.1599 -0.2504 -0.2316 28.06 22.87 -26.56 3.56 3.98 8.14 -0.1600 0.0100 0.1100 -0.0100 -0.0400 -0.0089 3.81 4.04 8.07 175 310 319 320 207 
0.9261 0.1595 -0.2512 -0.2321 28.06 23.00 -26.56 3.97 3.89 7.96 -0.0200 0.0000 -0.0500 0.3233 0.2511 -0.0278 3.86 4.32 7.90 176 320 317 342 207 
0.9017 0.2220 -0.3068 -0.2088 24.37 32.31 -44.94 9.73 10.64 10.80 5.7700 5.9600 3.3300 1.3578 -0.7489 2.6233 7.25 5.16 4.10 177 311 293 286 209 
0.8643 0.1928 -0.4598 -0.0663 6.87 49.94 -26.25 6.68 0.45 4.80 -0.5000 -2.1500 -1.6800 -3.5700 0.5344 2.3156 7.35 -0.48 6.46 162 282 151 158 189 
0.8770 -0.0927 -0.4697 0.0391 350.94 57.25 26.12 7.67 -0.58 -0.17 -1.2100 0.7900 -5.0800 1.7978 -0.0378 0.4444 8.45 -2.42 4.33 149 298 156 158 174 
0.8375 -0.0202 -0.5192 0.1691 336.31 60.00 22.81 7.23 1.63 5.04 -1.4300 3.5000 0.6200 0.2089 0.0667 -0.2756 8.45 -1.66 4.67 145 317 163 160 176 
0.8561 -0.0172 -0.4948 0.1482 342.62 55.94 20.12 9.72 0.47 4.83 2.0700 2.6600 -0.7100 -2.5044 2.2867 -0.2967 7.20 -2.76 6.05 144 324 165 163 178 
0.9214 -0.2135 -0.3247 -0.0060 5.37 31.62 32.75 5.82 -2.76 3.93 1.2200 2.2400 -3.0100 -3.9689 4.1744 -0.2689 3.12 -6.48 6.65 141 315 167 167 179 
0.8826 -0.4289 -0.0377 -0.1889 26.69 12.00 51.50 0.85 -12.63 4.75 -1.0400 -4.8100 -0.7500 -0.4511 0.2844 -0.0356 1.89 -7.78 5.65 138 316 169 168 178 
0.8515 -0.4713 0.0220 -0.2288 30.69 9.88 56.38 0.90 -7.60 4.06 -1.1100 0.6500 -1.1800 0.0733 -1.0556 0.3700 1.81 -8.09 5.23 156 308 172 176 190 
0.8478 -0.4969 -0.0190 -0.1842 23.12 13.56 60.63 1.65 -6.07 2.31 -0.8500 1.4600 -2.7100 -0.2678 -2.0078 -0.1078 3.08 -8.42 3.95 161 308 239 230 209 
0.8127 -0.5434 -0.1711 -0.1219 14.56 28.69 68.56 6.38 -9.78 0.07 1.2000 -1.9400 -3.1200 2.4156 -7.6722 -1.2178 6.59 -7.11 1.44 151 338 208 203 205 
0.7181 -0.4172 -0.5504 0.0858 341.37 46.56 89.69 12.73 -6.33 -0.85 4.8400 0.7100 0.2500 1.9056 -2.8189 0.4244 6.91 -6.92 -0.68 165 363 204 200 202 
0.6325 -0.3154 -0.6618 0.2501 312.00 41.63 95.87 7.41 -5.37 1.33 -0.5200 1.3800 1.6000 0.8078 -1.1756 0.5167 6.12 -7.61 -0.83 163 309 202 197 200 
0.5869 -0.2821 -0.6852 0.3262 302.25 38.19 98.69 6.31 -7.57 -0.33 0.2400 -0.0500 0.2500 -0.9011 0.0011 0.0133 6.06 -7.49 -1.78 155 357 202 200 203 
0.5692 -0.3161 -0.7034 0.2852 306.75 38.38 103.44 6.50 -7.57 -4.14 0.3700 0.1000 -2.0200 1.4878 -0.3878 0.0411 6.03 -7.62 -1.26 163 308 202 204 203 
0.5963 -0.2782 -0.6784 0.3270 304.81 39.38 95.12 7.45 -5.29 3.46 1.5300 2.3100 3.7800 -3.0444 4.5878 -0.9856 6.79 -7.06 -0.32 4 326 243 230 207 
0.7628 -0.4135 -0.4953 0.0444 8.69 41.75 60.81 7.26 -7.11 -2.75 -1.9700 -1.2100 -6.3300 2.6233 8.9678 -2.2956 3.01 -4.66 8.08 169 343 310 324 204 
0.9278 -0.1604 -0.0171 -0.3364 41.75 6.94 9.25 1.96 0.26 11.32 2.0000 1.1400 2.0600 1.9933 0.8711 -0.8278 0.95 0.26 9.75 176 366 328 353 206 
;
