0.8237 -0.0736 -0.1337 -0.5461 67.06 17.50 -1.44 3.05 0.19 9.25 0.0800 -0.0400 -0.0900 0.0033 0.0222 -0.0033 2.94 0.25 9.35 180 356 353 354 217 
0.8237 -0.0728 -0.1335 -0.5463 67.06 17.37 -1.56 3.10 0.24 9.31 0.0300 -0.0600 -0.0900 0.0167 0.0222 -0.0044 2.92 0.27 9.35 182 352 351 355 218 
0.8237 -0.0712 -0.1328 -0.5466 67.06 17.12 -1.69 3.12 0.08 9.47 0.1700 -0.2800 0.1800 0.4511 0.5411 0.0533 2.59 0.50 9.44 166 362 355 366 217 
0.8314 0.0027 -0.1627 -0.5313 62.38 16.44 -19.94 6.36 5.34 14.30 3.4300 1.6100 4.3600 0.0656 -0.8078 2.2722 4.14 3.50 8.16 182 359 302 328 219 
0.8776 0.0613 -0.3130 -0.3578 38.00 33.25 -21.12 7.75 2.00 4.66 1.5900 -2.6800 -2.8900 1.2622 -0.7722 2.8822 6.48 2.35 6.96 175 323 163 174 212 
0.9136 0.0673 -0.3762 -0.1385 14.81 41.25 -16.25 2.57 2.00 2.71 -4.4400 2.0000 -3.3900 0.3489 -0.4067 0.8767 6.60 1.52 7.08 163 304 154 162 199 
0.9248 0.0567 -0.3700 -0.0680 7.69 42.50 -12.13 3.29 2.89 6.82 -3.0300 1.3300 -0.1000 -0.1400 -0.7489 0.0022 6.89 1.45 6.82 150 325 159 166 201 
0.9138 0.0420 -0.3958 -0.0818 12.50 45.88 -11.63 7.81 3.59 6.80 1.1400 2.0300 -0.0900 -1.9478 -0.2111 -1.4889 6.98 1.18 6.78 146 322 161 165 201 
0.8920 -0.0409 -0.3807 -0.2401 33.75 43.81 -7.69 7.63 2.11 6.51 0.3500 0.8400 -1.4100 -2.9722 0.2522 -1.7578 6.54 0.25 7.29 156 325 161 171 199 
0.8398 -0.1577 -0.3093 -0.4174 56.06 38.38 3.37 6.39 -0.42 5.65 0.9700 0.5100 -1.6700 -1.5922 0.6333 -0.5467 5.70 -1.13 7.89 137 305 163 173 197 
0.8090 -0.2222 -0.2007 -0.5060 65.25 32.19 11.44 4.95 -5.09 8.94 -0.4000 -3.0800 0.7000 -0.3778 0.2222 0.0589 4.95 -2.01 8.21 153 311 165 174 197 
0.8031 -0.2395 -0.1626 -0.5208 64.94 30.94 15.25 4.85 -1.03 7.29 -0.1000 1.6400 -1.0900 -1.2211 1.5411 2.1211 4.00 -3.39 8.28 149 288 174 197 215 
0.8561 -0.2845 -0.0629 -0.4268 48.88 20.37 31.50 3.73 -3.60 5.31 -0.7500 1.0700 -2.2800 -2.4667 -1.0056 1.3511 3.28 -6.47 6.59 170 290 282 293 215 
0.8409 -0.4406 -0.0453 -0.3111 41.31 21.62 51.69 5.86 -8.00 7.89 3.8500 -1.2300 5.4700 -1.0633 0.2133 -0.3100 3.74 -7.49 5.09 162 343 341 373 212 
0.7919 -0.5212 -0.0430 -0.3152 43.69 22.69 65.12 5.54 -10.06 5.59 1.5700 -0.9200 -0.0600 -2.9700 0.5222 1.4156 2.76 -9.26 1.66 173 288 336 351 212 
0.6796 -0.6703 0.1061 -0.2787 45.06 11.81 87.44 2.94 -7.58 -2.66 1.8600 2.7300 -1.4200 -0.2522 1.6689 0.5333 1.63 -9.65 0.41 124 273 311 346 219 
0.6566 -0.6733 0.1820 -0.2871 46.50 8.06 88.87 1.39 -8.48 0.37 0.4800 1.2100 0.3000 -0.5656 0.0122 0.0056 1.30 -9.71 -0.22 157 306 332 372 218 
0.6355 -0.6957 0.1920 -0.2745 47.38 8.13 92.62 1.36 -9.50 -0.94 1.1300 0.7100 0.0200 0.2733 0.2811 -0.1078 1.53 -9.68 -0.33 174 335 348 392 218 
0.6373 -0.6848 0.1924 -0.2964 49.81 9.31 89.75 2.21 -8.98 -1.97 -0.0700 1.5300 -7.8900 1.4633 -1.1489 -0.3333 1.82 -9.57 1.06 190 345 358 398 217 
0.7498 -0.5823 0.0893 -0.3012 41.81 13.94 60.63 4.49 -3.62 21.45 4.8900 2.0900 18.7700 2.4122 -0.9256 -0.3344 3.14 -6.60 6.52 189 343 358 395 215 
0.8442 -0.4454 -0.0251 -0.2971 39.31 16.62 56.19 3.63 -6.07 3.64 0.8300 2.2900 -1.6600 -3.2089 1.0522 0.7933 1.89 -9.05 3.26 189 345 357 398 217 
0.7339 -0.6044 0.1274 -0.2827 42.13 8.38 78.00 0.51 -7.62 -6.47 -0.9600 2.0800 -11.5900 2.9000 -1.3389 -0.4478 1.80 -9.09 3.19 188 341 359 399 217 
0.8330 -0.4738 0.0281 -0.2844 37.25 13.63 48.44 3.41 -7.54 23.74 1.8000 -1.4300 13.4300 -0.7167 -0.5244 -0.1589 2.64 -6.89 6.44 188 341 355 395 217 
0.8523 -0.4355 -0.0018 -0.2896 37.94 13.81 50.50 0.84 -6.22 0.45 -2.0500 1.5000 -5.1000 1.4444 0.4567 -0.5067 2.25 -6.63 6.86 184 361 344 374 215 
0.8710 -0.3355 0.0023 -0.3589 48.00 13.69 31.69 1.41 -3.69 5.27 -0.9600 0.9600 -3.0500 3.7556 1.8889 -2.4944 1.86 -2.21 9.36 179 373 348 376 216 
0.8539 -0.0683 -0.0410 -0.5143 63.94 7.25 0.25 2.39 1.54 12.32 2.0800 1.4300 2.6800 1.3933 0.8056 -0.8300 0.89 1.06 9.70 185 379 344 372 215 
0.8271 0.0419 -0.0797 -0.5547 67.56 5.81 -7.37 1.28 0.30 7.81 0.7200 1.1900 -0.4000 0.2456 0.2267 0.0367 0.92 1.37 9.66 185 380 351 379 217 
;
