0.7631 -0.1696 -0.1415 -0.6073 77.00 24.87 5.50 3.92 -0.84 8.90 0.0500 0.1300 0.1300 -0.0122 -0.0100 0.0100 4.12 -0.85 8.85 177 334 340 347 217 
0.7630 -0.1689 -0.1415 -0.6077 77.06 24.87 5.31 3.90 -0.78 8.93 -0.2200 0.0200 0.0400 -0.0078 0.0244 0.0256 4.10 -0.83 8.86 175 333 342 348 216 
0.7634 -0.1680 -0.1405 -0.6077 77.06 24.81 5.37 3.97 -0.81 8.92 -0.1600 -0.0200 0.0800 0.0233 -0.0033 -0.0256 4.11 -0.81 8.86 174 334 342 346 216 
0.7633 -0.1659 -0.1402 -0.6085 77.06 24.31 5.19 3.75 -1.03 9.07 -0.5000 -0.4600 0.2100 0.3400 -0.0489 0.0333 4.02 -0.57 8.92 180 337 342 358 216 
0.7749 -0.1212 -0.1894 -0.5908 71.75 27.94 -9.06 9.39 2.19 12.55 5.7200 -0.4000 2.0100 1.7356 -2.0022 2.6756 5.99 1.86 7.53 182 348 295 325 217 
0.8383 -0.0914 -0.3690 -0.3909 42.88 44.38 -6.69 7.21 -0.79 6.25 0.0200 -1.3700 -0.9200 1.7289 -1.3478 3.6122 7.37 -0.25 6.45 177 342 197 227 217 
0.8776 -0.0853 -0.4602 -0.1042 8.69 58.69 7.69 6.99 1.08 1.60 -1.3500 2.3000 -3.7300 1.5633 -1.3900 0.5533 8.88 -0.67 4.10 172 299 148 168 199 
0.8351 -0.0331 -0.5491 -0.0044 1.12 66.62 4.69 5.96 3.20 5.23 -2.7200 3.2100 1.6700 0.0944 -0.0189 -0.7711 9.07 0.22 3.71 166 307 156 176 199 
0.8281 -0.0102 -0.5584 -0.0484 9.06 68.00 -5.44 10.03 3.35 4.72 0.8000 2.7500 0.6400 -2.2711 0.2289 -0.7244 9.04 0.20 3.78 165 309 158 177 201 
0.8214 -0.1045 -0.5361 -0.1644 26.75 65.25 1.81 9.33 1.25 2.36 -0.1600 1.0200 -1.8200 -3.2978 0.4856 -0.7611 8.73 -0.74 4.39 153 315 163 175 198 
0.7907 -0.2653 -0.4417 -0.3306 48.56 59.06 19.37 7.34 -1.84 2.14 -0.8600 -0.5600 -2.5000 -2.0244 0.7022 0.0511 8.13 -2.62 4.80 170 321 167 173 195 
0.7528 -0.3784 -0.3469 -0.4121 58.50 56.88 31.87 8.65 -5.82 4.77 0.2500 -2.6400 0.0900 -0.2189 -0.3344 -0.4467 8.38 -2.71 4.29 171 324 166 177 194 
0.7303 -0.3969 -0.3566 -0.4267 59.81 59.50 32.88 7.41 -2.37 4.92 -1.5700 1.1000 0.8900 -0.4567 1.2833 1.7889 7.93 -3.54 4.54 173 242 190 209 210 
0.7802 -0.4529 -0.2319 -0.3638 46.81 37.19 56.25 5.88 -4.54 3.77 1.3400 0.6400 -2.1100 -5.2800 1.4822 4.3656 2.94 -9.15 1.94 128 198 232 265 211 
0.6699 -0.7146 0.1005 -0.1747 25.62 2.31 100.44 -1.53 -11.95 -6.94 -0.0900 -2.2700 -2.4200 -1.5633 -0.8822 0.0600 -0.23 -9.16 -3.48 102 219 228 257 212 
0.5513 -0.8196 0.1379 -0.0725 14.19 -1.94 113.00 -1.59 -9.21 -2.56 -1.4200 -0.1400 0.6500 -0.1867 -0.9711 -0.7967 -0.07 -8.98 -3.93 105 225 228 255 211 
0.5488 -0.8331 0.0471 -0.0516 9.75 4.12 112.75 -2.69 -7.93 -7.06 -2.1500 1.3100 -3.2600 2.0056 -4.5578 -4.7078 2.50 -8.91 -3.22 104 225 228 255 212 
0.5952 -0.7040 -0.3846 0.0478 342.44 28.31 108.62 6.65 -1.55 -7.46 5.5900 6.2500 -2.5200 3.2778 -7.6122 -4.5100 5.83 -6.95 -3.70 105 221 226 250 210 
0.4924 -0.3077 -0.7750 0.2495 304.12 37.50 119.62 8.67 -5.77 -2.35 2.2900 0.8800 1.3200 0.2489 -0.3600 -0.0211 5.84 -6.84 -3.90 103 223 222 248 212 
0.4669 -0.2737 -0.7938 0.2775 299.00 36.00 120.69 6.45 -6.32 -3.32 1.0600 0.7700 1.0000 -0.5556 0.5456 0.1956 5.83 -6.74 -4.07 107 227 226 248 210 
0.5018 -0.3284 -0.7668 0.2287 321.94 41.06 116.75 8.90 -3.96 -2.01 1.4000 3.4100 0.1600 -3.1556 9.9389 0.5122 7.34 -6.49 0.02 135 276 271 280 215 
0.7863 -0.4985 -0.3198 -0.1763 35.88 35.69 54.81 2.57 -6.32 1.19 -2.7300 0.3000 -4.0400 2.4289 7.3544 -2.5800 2.62 -4.57 8.26 167 331 330 343 213 
;
