0.6151 -0.0534 -0.1965 -0.7617 102.12 18.81 -14.25 3.22 2.11 8.85 0.0200 -0.1500 -0.1800 -0.0322 -0.0078 -0.0178 3.17 2.27 8.99 177 353 352 379 221 
0.6136 -0.0476 -0.1918 -0.7645 102.44 16.62 -14.81 4.97 3.58 11.32 4.4100 3.0000 4.5400 3.2133 -2.3767 3.3100 4.17 3.26 8.25 180 386 320 378 226 
0.7237 -0.0602 -0.3140 -0.6116 72.94 36.94 -17.25 8.97 3.11 10.98 1.4400 -0.3100 -1.4200 -1.5533 1.1089 4.0944 5.72 -0.48 7.94 179 391 157 189 213 
0.8724 -0.2073 -0.2554 -0.3615 39.25 38.19 16.50 1.34 -1.33 2.67 -4.9100 1.0700 -4.3500 1.9511 -2.0711 1.2789 6.91 -2.16 6.61 180 358 160 166 169 
0.8925 -0.1538 -0.3804 -0.1871 23.00 47.63 6.12 3.74 1.42 4.65 -2.5500 1.8900 -1.4600 1.3378 -0.0189 -0.8911 7.32 0.67 6.47 155 359 154 171 172 
0.8903 -0.0244 -0.4083 -0.2003 25.94 47.25 -10.81 7.66 3.49 6.96 0.4400 2.1400 0.3700 -0.5756 0.6022 -0.4856 6.97 1.29 6.77 152 355 162 171 176 
0.8918 -0.0339 -0.3804 -0.2424 31.87 42.75 -9.06 6.27 2.18 6.71 -0.1600 1.0500 -0.4900 -1.0822 0.5144 -0.6078 6.30 0.87 7.45 153 359 163 173 175 
0.8897 -0.0753 -0.3256 -0.3110 39.75 38.00 -3.81 6.68 0.13 6.57 0.8700 -0.2000 -1.1900 -0.9744 0.5811 -0.0033 5.72 -0.03 7.96 154 355 167 177 176 
0.8940 -0.1257 -0.2743 -0.3311 39.63 35.25 4.31 4.13 -3.81 9.72 -1.4000 -2.9900 1.7300 -0.3522 -0.0089 0.3067 5.65 -0.96 7.95 155 348 168 174 177 
0.8998 -0.1526 -0.2597 -0.3155 38.50 33.25 8.81 6.44 0.57 7.32 1.0300 2.6100 -1.0700 -3.3078 3.9100 0.0722 3.43 -3.07 8.65 180 320 164 198 219 
0.8824 -0.2668 0.0435 -0.3849 50.44 1.19 37.88 -2.31 -6.70 3.13 -1.9200 0.1500 -3.9400 -3.4389 2.1200 -0.2911 -0.92 -7.93 5.69 180 321 299 351 222 
0.7274 -0.3974 0.3470 -0.4388 65.12 -11.50 69.75 -4.89 -13.39 4.08 0.2000 -3.1800 2.8200 -3.2689 2.0911 0.3156 -2.58 -9.45 0.26 180 324 331 379 222 
0.5259 -0.4716 0.5884 -0.3934 75.19 -13.94 102.87 -3.05 -10.31 -6.12 -1.3700 -0.2700 -5.4000 0.4756 -0.3900 0.0711 -2.50 -9.17 -2.40 182 319 336 382 228 
0.5241 -0.4494 0.5873 -0.4224 80.12 -12.44 90.06 0.13 -7.19 4.65 2.3600 2.2300 6.1200 1.5156 -0.2056 -0.3267 -1.88 -9.56 1.07 184 326 341 386 223 
0.5472 -0.4271 0.5510 -0.4632 78.75 -12.75 92.69 -2.25 -9.58 -2.21 -0.6200 -0.0800 -2.2400 -2.2422 0.4489 0.4300 -2.43 -9.23 -2.22 182 324 337 388 224 
0.4795 -0.4816 0.6346 -0.3681 74.69 -14.81 105.00 -3.39 -8.83 -5.99 -1.4300 1.8000 -1.4400 3.0722 0.0111 -0.5400 -2.27 -9.53 -0.26 185 326 336 387 224 
0.5604 -0.4172 0.5333 -0.4769 80.06 -10.75 83.50 0.55 -8.85 3.00 2.4900 0.8900 0.5500 -0.4844 -0.6222 0.6244 -2.03 -9.53 1.04 183 327 337 362 224 
0.6262 -0.4417 0.4828 -0.4240 64.44 -12.81 77.75 -2.24 -7.46 -1.88 -0.6400 1.4500 -5.4200 3.5411 -2.2678 -0.5756 -1.11 -8.41 4.90 183 312 328 347 224 
0.7861 -0.3446 0.1982 -0.4732 64.37 6.00 37.50 0.65 -1.74 5.45 -1.1700 3.3400 -2.9500 5.2044 -0.0056 -2.6400 2.17 -1.87 9.37 185 318 325 353 224 
;
0.7797 -0.0557 -0.0804 -0.6185 77.87 10.19 -6.75 3.58 4.64 13.50 2.5100 2.7600 4.0700 2.6511 1.3467 -0.7667 0.60 3.14 9.27 186 353 350 390 229 
0.7471 0.1580 -0.1315 -0.6322 80.12 -3.94 -25.25 -3.64 6.13 14.72 1.3100 0.9100 4.7900 -0.5067 -1.1311 0.2900 -0.01 4.04 8.93 174 370 361 398 226 
0.7523 0.1597 -0.1343 -0.6249 79.69 1.81 -24.25 1.72 4.90 12.90 1.2500 0.9700 4.3000 1.3400 -3.5400 0.8100 2.40 4.63 8.30 180 367 319 361 231 
0.7328 0.0186 -0.3304 -0.5945 74.50 36.06 -27.00 11.39 3.41 7.22 4.5800 0.3800 0.3300 -0.0900 -1.2667 4.1878 7.41 1.45 6.25 184 370 270 286 227 
0.8240 -0.1578 -0.4089 -0.3590 40.44 53.50 1.19 5.74 0.08 2.97 -2.6900 0.8500 -2.4600 1.7856 -1.0222 2.2011 8.20 -0.85 5.30 180 351 167 196 226 
0.8676 -0.1536 -0.4417 -0.1691 20.31 54.00 12.31 4.64 1.61 4.77 -3.7500 3.2300 -0.7700 0.5578 -0.1578 0.4567 7.88 -1.24 5.70 176 341 172 177 176 
0.8806 -0.1309 -0.4374 -0.1271 17.12 52.88 10.56 7.18 0.60 5.99 -0.3000 1.5000 0.1800 -0.1211 0.2289 -0.4144 7.69 -0.89 6.00 158 340 174 181 176 
0.8871 -0.1285 -0.4106 -0.1667 22.44 49.63 7.94 7.76 0.64 6.26 0.5500 1.4600 -0.1200 -1.1089 0.6800 -0.3044 7.12 -1.19 6.62 151 342 179 183 179 
0.8937 -0.1668 -0.3518 -0.2227 29.44 43.31 12.38 6.88 -1.96 5.38 0.2700 -0.3100 -1.6700 -1.0478 1.1644 -0.3156 6.18 -1.96 7.35 149 345 176 186 180 
0.9000 -0.2095 -0.2648 -0.2756 34.44 34.50 17.37 3.18 -4.83 7.62 -1.7300 -1.9200 0.5800 -0.0689 0.2911 0.4044 5.21 -2.65 7.87 149 346 177 189 181 
0.9142 -0.2169 -0.2227 -0.2599 31.44 30.75 19.31 4.24 -2.64 8.01 -0.1900 0.9700 -0.0600 -0.5744 0.5556 0.2356 4.64 -3.15 8.04 164 330 178 189 200 
0.9174 -0.2712 -0.1429 -0.2536 31.56 18.19 32.63 4.38 -2.19 4.76 1.4800 2.8300 -2.6800 -4.3700 6.7944 0.2967 -0.57 -7.47 6.32 171 259 274 310 222 
0.7944 -0.4274 0.2933 -0.3165 44.63 -16.87 70.31 -5.59 -10.85 0.38 -2.5700 -1.9500 -1.1000 -3.4067 4.0767 1.9344 -4.86 -8.43 -1.18 173 319 327 384 222 
0.5682 -0.4548 0.6411 -0.2432 47.63 -30.56 109.75 -10.90 -9.87 -8.99 -3.7200 -0.8100 -5.9100 2.5256 -0.9000 -2.4622 -4.03 -8.71 -1.96 178 338 341 407 225 
0.5721 -0.4409 0.5726 -0.3880 72.87 -15.31 87.56 1.21 -7.40 7.48 3.8800 2.2000 7.6300 0.4422 -0.2067 -0.5489 -1.94 -9.52 1.25 177 344 348 410 224 
0.5709 -0.4501 0.5266 -0.4407 74.50 -12.19 91.81 -2.13 -9.66 -1.44 -0.2000 -0.3600 -1.2300 -2.5322 0.5989 0.2911 -2.26 -9.17 -2.60 181 346 350 411 224 
0.4630 -0.5182 0.6353 -0.3370 70.62 -13.94 110.19 -4.98 -8.42 -11.99 -0.8600 2.0600 -7.0900 4.6456 -0.1333 -1.1711 -1.72 -9.65 -0.08 178 344 353 406 223 
0.5881 -0.4591 0.4771 -0.4644 74.81 -6.75 80.69 0.35 -7.00 0.03 1.3100 2.6500 -2.2100 1.3244 -1.0167 -0.5556 -0.60 -9.46 2.49 179 330 341 379 223 
0.6685 -0.4630 0.3099 -0.4927 75.19 7.06 61.19 0.84 -3.97 0.96 -1.6100 2.8700 -5.6500 5.3311 0.8889 -3.6633 2.90 -5.67 7.45 178 319 334 388 223 
0.6639 -0.2388 -0.0024 -0.7087 96.06 19.75 10.13 4.80 1.42 12.85 2.3200 2.4600 3.7900 3.1022 1.0544 -0.4611 2.84 1.08 9.32 178 371 335 412 224 
;
