0.6783 0.1155 -0.2952 -0.6629 88.62 14.31 -34.44 2.44 5.31 7.73 0.0400 -0.0100 -0.0700 0.0078 0.0100 -0.0078 2.42 5.37 7.83 176 345 244 250 189 
0.6783 0.1155 -0.2952 -0.6629 88.62 14.31 -34.44 2.50 5.35 7.81 0.0600 -0.0200 -0.0100 -0.0056 0.0011 0.0022 2.42 5.37 7.83 171 344 248 253 191 
0.6782 0.1154 -0.2953 -0.6629 88.69 14.31 -34.44 2.15 5.07 7.88 -0.9300 -0.4200 0.2400 0.2033 -0.3033 0.2700 2.80 5.52 7.59 172 332 214 239 186 
0.6643 0.0855 -0.4215 -0.6113 80.19 35.00 -52.44 14.26 10.92 8.65 7.1400 5.3100 4.1700 1.9444 0.1656 3.1544 7.33 5.44 3.58 171 332 220 230 180 
0.7512 0.0241 -0.5558 -0.3552 44.69 56.31 -41.13 7.55 5.06 1.44 -0.6600 2.4700 -1.6800 -0.8811 2.1389 2.6578 8.07 1.68 5.31 172 355 189 212 166 
0.8768 -0.0817 -0.4241 -0.2112 23.50 49.06 3.19 2.38 1.55 3.59 -4.8900 1.3700 -2.9300 0.4544 0.6356 0.9522 6.95 -0.89 6.85 151 380 195 196 140 
0.9169 -0.0941 -0.3633 -0.1361 16.75 43.19 4.69 5.57 1.27 8.36 -1.0200 1.7300 1.1300 -0.2700 0.6200 -0.2622 6.44 -0.56 7.37 164 372 205 193 137 
0.9263 -0.0964 -0.3314 -0.1509 19.25 38.75 6.81 6.63 -0.19 7.00 0.4000 0.6700 -0.8600 -0.9378 0.9311 -0.1633 5.54 -1.39 7.96 158 359 181 196 141 
0.9374 -0.1465 -0.2483 -0.1954 24.56 30.00 12.94 5.64 -2.65 7.31 0.1700 -0.7600 -1.4300 -0.7089 0.9233 -0.1022 4.24 -2.32 8.52 159 355 202 198 139 
0.9424 -0.1743 -0.1628 -0.2345 28.31 21.56 16.31 3.77 -3.25 7.91 -0.6500 -1.0700 -0.9900 -0.1389 0.4600 0.0667 3.20 -2.73 8.85 164 354 206 200 140 
0.9474 -0.1784 -0.1191 -0.2374 28.25 17.81 17.12 2.27 -2.80 9.36 -0.6300 0.0300 0.2700 -0.0622 -0.2533 -0.0522 3.11 -2.78 8.87 163 362 210 202 144 
0.9416 -0.1908 -0.1257 -0.2474 31.31 19.19 18.69 -1.17 -2.46 4.77 -4.4000 0.0900 -5.0000 0.2322 -0.5911 -1.8689 3.74 -2.49 8.71 180 334 239 257 205 
;
0.8940 -0.1855 -0.1764 -0.3678 49.88 28.56 9.56 6.32 -3.30 1.87 2.9600 0.3600 -4.8200 0.8767 1.8889 -3.6067 4.00 0.29 8.94 179 365 292 349 218 
0.8116 -0.0247 -0.1940 -0.5505 67.81 20.75 -16.06 4.90 7.87 12.29 1.8000 3.0900 3.2900 0.8978 1.4422 -0.6478 2.96 3.52 8.65 180 369 315 381 217 
0.7948 0.1117 -0.2343 -0.5486 70.06 12.94 -29.12 2.51 6.43 10.82 0.9600 1.3200 2.2100 0.8822 -0.4267 -0.8322 1.92 5.33 7.99 178 367 322 379 224 
0.7542 0.1492 -0.2911 -0.5695 74.31 19.94 -36.50 9.11 8.85 11.70 6.0600 3.6100 4.3600 0.8511 -2.5478 2.0700 5.38 5.25 6.29 178 351 285 312 222 
0.7686 0.0427 -0.4346 -0.4675 57.19 41.88 -34.31 7.46 3.44 4.64 0.2400 -0.5600 -1.5500 0.7278 0.0289 3.1422 7.42 2.64 5.83 183 339 203 218 220 
0.8566 -0.0229 -0.4333 -0.2793 33.63 48.56 -14.06 2.65 0.65 0.30 -4.7400 -0.5400 -4.7900 0.3689 -0.5089 1.4711 7.47 0.67 6.30 172 324 171 178 181 
0.8847 -0.0699 -0.4206 -0.1885 23.50 48.94 -2.56 5.93 3.45 6.73 -1.0300 3.1600 0.5100 -1.0656 1.6911 -0.1522 6.65 -0.03 7.20 159 350 186 182 178 
0.9167 -0.0979 -0.3233 -0.2134 27.19 37.50 5.12 5.68 0.51 7.30 -0.3600 0.8000 -1.0900 -1.8133 1.4989 -0.2956 4.97 -1.64 8.28 155 347 193 185 179 
0.9240 -0.1811 -0.1726 -0.2892 36.75 21.37 17.19 2.32 -4.50 4.70 -0.8900 -1.3200 -2.7700 -0.9822 1.2133 0.0711 2.04 -3.61 8.88 139 350 194 188 180 
0.9095 -0.2197 0.0212 -0.3522 41.75 6.06 25.31 0.41 -6.63 10.15 -1.5500 -2.6000 1.0000 -0.7111 0.9156 -0.1744 0.60 -4.66 8.60 152 350 188 191 184 
0.8978 -0.2462 0.0735 -0.3576 45.06 1.19 30.06 -3.78 -4.75 4.65 -3.8100 0.3500 -4.8400 0.6833 -1.0267 -1.0111 0.90 -4.48 8.67 176 353 195 235 222 
0.8706 -0.2244 0.0237 -0.4372 56.00 12.88 21.94 3.77 -1.45 1.41 1.3400 1.5800 -7.5700 1.6678 -0.5978 -2.9033 3.32 -1.75 9.05 175 351 301 343 223 
;
0.8044 -0.0925 -0.1336 -0.5715 72.50 13.13 -6.37 0.45 4.78 14.71 -2.1000 4.6700 5.0400 3.7033 1.4100 -0.6811 0.61 3.66 9.07 181 362 324 397 222 
0.7646 0.1943 -0.1523 -0.5953 76.50 -1.56 -32.19 2.50 9.18 14.47 1.8000 2.4700 6.1600 0.0067 -0.1267 0.1778 -0.30 5.61 8.03 179 358 333 406 229 
0.7465 0.2292 -0.2046 -0.5901 76.31 5.31 -36.31 2.94 8.41 11.43 1.6500 3.1200 4.2300 0.5178 -3.2700 1.4722 3.40 5.85 7.08 179 344 316 339 227 
0.7387 0.0945 -0.4119 -0.5251 66.56 37.50 -42.44 11.72 6.71 5.71 3.5700 0.7000 -0.1800 0.4833 -0.2267 3.7322 7.62 3.38 5.15 179 331 243 255 224 
0.8207 -0.0145 -0.4810 -0.3082 37.25 52.44 -22.25 3.31 1.42 2.35 -4.8800 0.3900 -4.5800 0.0311 0.3311 1.6611 7.75 1.25 5.86 183 332 188 213 220 
0.8700 -0.0602 -0.4492 -0.1942 23.25 53.31 -2.44 4.56 1.24 4.50 -2.5800 1.2600 -1.1400 -0.5711 0.7011 0.9667 7.48 -0.58 6.30 171 334 181 187 188 
0.9020 -0.1099 -0.3848 -0.1618 20.75 45.63 6.44 6.62 0.87 7.75 0.4800 1.6400 0.6800 -0.6822 0.6822 -0.0989 6.72 -1.02 7.06 153 342 190 191 186 
0.9152 -0.1448 -0.3220 -0.1942 25.19 38.06 12.38 7.30 -1.28 6.05 1.3600 0.8500 -1.7000 -1.5356 2.4200 -0.4156 4.58 -2.52 8.29 150 360 203 197 186 
0.9279 -0.2026 -0.1285 -0.2854 37.63 13.69 21.50 2.83 -4.72 6.43 -0.2100 -0.5200 -1.7700 -1.1644 2.1389 -0.0700 0.75 -4.30 8.77 152 356 199 201 187 
0.9073 -0.2311 0.0752 -0.3430 41.00 0.94 28.94 -0.54 -6.66 8.54 -0.5200 -1.8800 0.2100 -0.5122 0.2633 -0.0011 0.11 -5.04 8.40 153 354 200 199 186 
0.9031 -0.2603 0.0895 -0.3296 40.31 0.37 32.06 -1.69 -5.67 7.53 -1.6500 -0.2000 -0.8000 0.2989 -1.0178 -0.2856 0.61 -5.08 8.36 174 352 195 207 203 
0.9069 -0.2690 -0.0058 -0.3244 38.44 17.06 27.62 3.24 -1.13 4.58 -1.3100 2.8400 -3.6900 2.1956 -1.5589 -2.4389 4.96 -2.16 8.17 177 357 276 299 225 
;
0.8640 -0.1765 -0.2469 -0.4017 53.88 34.75 3.25 8.39 0.56 4.05 2.3600 0.7800 -3.4500 0.7667 4.1411 -2.1111 3.07 0.87 9.26 181 366 306 352 221 
0.8378 0.0461 -0.1115 -0.5325 65.12 3.69 -17.25 0.12 7.50 13.14 -1.6000 3.8700 3.2900 3.3311 0.6178 -0.2011 -0.29 5.13 8.35 179 390 339 392 219 
0.7816 0.2993 -0.1671 -0.5212 66.56 -3.00 -43.25 0.19 9.03 11.90 -0.5800 1.4800 3.4600 -0.7733 -3.2944 0.4044 1.53 6.26 7.39 175 387 331 355 223 
0.7622 0.1599 -0.3066 -0.5472 72.25 22.50 -33.44 13.36 7.08 9.59 9.3100 2.4500 0.9000 -2.4756 -1.1278 3.3644 5.61 2.52 7.63 177 349 257 264 226 
0.8377 -0.1061 -0.3026 -0.4421 48.44 37.81 -0.31 2.42 -1.77 3.32 -3.3900 -0.5300 -3.9800 1.2011 -3.2944 4.0944 7.28 -1.71 6.33 184 342 192 197 205 
0.8877 -0.1827 -0.3939 -0.1533 17.19 48.19 18.75 3.43 1.70 4.21 -3.2200 3.2600 -1.0100 0.8867 -0.2456 0.7067 7.27 -2.14 6.21 184 334 192 195 197 
0.9002 -0.1592 -0.3957 -0.0877 11.44 46.69 18.31 6.90 -1.71 7.04 -0.2800 0.3900 0.4700 -0.4522 0.9367 -0.3156 6.65 -2.17 6.86 179 343 196 193 198 
0.9208 -0.1763 -0.3230 -0.1295 17.44 37.69 18.81 6.75 -2.00 6.22 1.0700 0.7600 -1.3500 -1.2689 1.9400 -0.2422 4.96 -3.10 7.86 178 347 203 199 199 
0.9385 -0.2292 -0.1376 -0.2186 28.12 16.69 24.62 1.65 -6.21 6.51 -1.8100 -2.5400 -1.5800 -0.4844 1.7678 0.0544 1.50 -4.32 8.67 181 353 200 202 199 
0.9376 -0.2392 -0.0045 -0.2523 29.94 7.25 27.06 0.13 -4.35 8.66 -1.7000 1.0000 -0.2900 -0.4711 -0.1189 -0.0544 1.34 -4.71 8.49 161 362 212 212 210 
0.9268 -0.2766 -0.0130 -0.2537 32.13 11.13 31.25 -2.44 -4.96 1.38 -3.4800 0.2700 -6.9500 0.6756 -0.3200 -2.8644 3.09 -4.14 8.33 169 353 303 323 227 
0.8724 -0.2337 -0.0827 -0.4213 56.63 18.31 17.12 4.16 -1.79 6.99 -0.0900 0.7300 -2.3100 2.8922 2.3900 -1.4511 1.47 -0.57 9.67 178 359 337 406 228 
;
0.8285 0.0106 -0.0817 -0.5540 67.87 3.69 -12.94 -1.12 5.54 14.03 -0.5400 3.2200 4.3600 2.7967 1.4978 -0.7022 -0.85 4.41 8.71 188 377 351 425 221 
0.7791 0.2776 -0.0917 -0.5547 71.00 -10.13 -34.88 -1.15 5.35 10.74 1.2700 -0.5600 0.4100 -0.0278 -0.7156 -0.0367 -1.27 5.40 8.08 185 363 357 429 220 
0.7740 0.2710 -0.1212 -0.5592 72.19 -2.69 -34.25 1.49 7.39 11.13 1.2400 2.3200 3.6700 -1.3267 -7.3400 1.8711 4.23 4.66 7.51 184 319 259 294 226 
0.7094 -0.0987 -0.4637 -0.5215 69.25 58.94 -29.56 17.88 1.94 3.00 8.6600 0.3400 -1.1200 0.3144 -0.7478 4.1267 9.29 -0.17 3.13 172 286 185 199 214 
0.7684 -0.3029 -0.4981 -0.2639 30.19 63.19 39.38 0.01 -1.21 1.22 -9.5100 2.2600 -2.7700 1.5889 0.5533 1.2300 8.05 -3.53 4.32 160 327 179 192 181 
0.8626 -0.2656 -0.4042 -0.1485 18.94 50.31 29.75 5.96 -0.39 4.92 -1.6000 2.5100 -0.4400 0.5489 1.2822 -0.1689 7.12 -2.75 6.15 147 331 184 191 178 
0.8994 -0.2181 -0.3450 -0.1562 20.19 41.69 23.31 7.40 -2.38 6.68 1.1400 0.6200 -0.6300 -0.8689 1.5222 0.2389 5.88 -3.42 7.05 159 334 191 192 177 
0.9161 -0.2655 -0.2401 -0.1807 24.75 26.12 29.12 1.90 -5.16 4.76 -1.6700 -0.5900 -2.4900 -1.3744 2.6311 0.1267 2.13 -5.22 8.02 153 336 198 197 182 
0.9136 -0.3081 0.0312 -0.2636 33.38 2.12 37.00 -2.19 -8.38 6.88 -3.3500 -2.7100 -0.1500 -0.5556 1.2422 0.0033 -0.67 -6.33 7.45 155 334 203 199 179 
0.8848 -0.3262 0.1462 -0.2992 38.06 -3.12 42.44 -0.95 -7.51 5.71 -1.2700 -0.5400 -1.6100 0.2567 -1.0467 -0.4111 0.00 -6.57 7.27 170 336 180 204 204 
0.8843 -0.3317 0.0892 -0.3162 39.50 6.56 37.75 0.31 -4.49 2.81 -2.1300 0.8700 -5.3200 1.6667 -2.4367 -1.6722 3.27 -4.59 8.02 173 278 226 247 225 
0.8722 -0.2853 -0.0870 -0.3877 52.44 19.69 24.12 2.71 -1.85 4.00 -0.3100 1.0300 -4.5400 2.6256 1.3533 -1.4533 2.23 -1.97 9.34 176 299 310 338 227 
0.8486 -0.0656 -0.0725 -0.5200 63.31 7.81 -3.25 1.60 3.17 14.05 2.4100 3.3600 5.6200 3.9700 2.7600 -1.0911 -0.50 3.38 9.19 182 363 338 401 222 
;
0.8146 0.2429 -0.0682 -0.5222 64.50 -10.38 -31.62 -2.84 8.50 19.42 0.7500 0.3100 4.5600 -0.1956 -0.7000 -0.0222 -1.61 5.18 8.16 184 364 345 402 223 
0.8059 0.2523 -0.1260 -0.5206 67.25 4.12 -32.69 2.96 7.22 11.13 1.7800 2.2800 3.0100 -1.1556 -6.6133 1.5300 4.96 4.51 7.15 180 329 291 297 224 
0.7321 -0.0792 -0.4598 -0.4963 64.75 55.75 -26.69 14.94 0.69 2.77 5.1100 -1.7900 -2.9400 0.8122 -0.5689 3.8322 8.83 0.00 4.24 158 315 193 214 218 
0.8179 -0.2119 -0.4642 -0.2657 30.87 57.00 16.31 3.20 0.83 0.67 -5.0800 3.6700 -3.6500 0.7233 2.4156 1.7467 6.96 -2.33 6.49 162 320 174 196 199 
0.9105 -0.2131 -0.3183 -0.1560 17.56 38.69 23.31 4.13 -0.49 7.64 -0.9100 1.7600 0.3000 -0.3744 1.0011 0.4044 5.49 -3.46 7.34 168 333 179 192 183 
0.9296 -0.2374 -0.2371 -0.1526 20.44 28.00 25.75 6.23 -2.68 7.36 1.4700 0.8300 -0.8000 -1.3489 3.4067 -0.4267 2.98 -4.39 8.24 161 345 193 192 178 
0.9319 -0.2783 -0.0692 -0.2219 28.00 11.38 31.50 1.23 -5.99 5.58 -0.9500 -1.0600 -2.5200 -0.7011 1.6178 0.1100 0.77 -5.53 8.05 154 347 197 192 177 
0.9175 -0.3024 0.0591 -0.2517 31.12 1.56 36.38 -0.95 -6.75 7.72 -0.8600 -0.5100 0.1000 -0.5011 0.7267 -0.0133 -0.11 -6.07 7.69 153 347 188 197 192 
0.9063 -0.3182 0.0927 -0.2625 32.63 1.25 38.75 -1.83 -4.43 3.01 -2.4800 1.5400 -4.9500 0.9767 -0.4033 -2.1211 1.31 -5.65 7.90 178 359 276 305 223 
;
0.8804 -0.2838 -0.0048 -0.3799 52.00 14.38 27.06 5.58 -2.95 6.13 2.9100 0.3500 -2.2100 2.2600 1.3578 -2.8144 2.41 -2.32 9.21 165 378 328 401 222 
0.8177 -0.0911 -0.0635 -0.5648 71.81 8.75 -4.69 3.05 4.13 12.48 1.4000 3.6500 3.6300 4.3433 0.4167 -1.2933 1.07 3.66 9.03 186 385 341 410 222 
0.7552 0.1857 -0.1919 -0.5987 77.87 0.88 -33.94 1.54 9.97 12.13 2.7800 4.6500 8.5100 1.4856 0.5378 -0.1200 -0.10 6.67 7.18 183 383 351 420 227 
0.7196 0.2474 -0.2508 -0.5983 79.12 7.37 -40.06 5.15 10.15 11.39 3.9600 4.3600 4.4400 -2.6433 -1.5667 0.2711 2.67 4.97 8.02 184 334 294 309 227 
0.7423 0.0403 -0.2455 -0.6222 77.37 21.94 -17.25 9.57 1.73 7.86 4.4300 -0.7500 -1.6200 -0.8844 -2.0344 4.7411 5.46 0.33 8.13 181 295 192 208 220 
0.8607 -0.1805 -0.2692 -0.3925 41.38 39.88 12.69 5.67 0.88 4.01 -2.5600 2.3800 -3.6200 0.3544 0.3533 3.0211 6.08 -2.93 7.11 168 314 179 190 200 
0.9189 -0.2175 -0.2781 -0.1758 20.12 35.06 20.37 2.24 -0.68 6.62 -3.2600 1.0600 -0.9100 0.1722 1.1267 -0.1767 5.03 -2.62 7.99 162 325 182 191 193 
0.9403 -0.1868 -0.2180 -0.1827 23.19 27.25 18.25 6.50 -2.34 7.52 1.8800 0.3200 -1.6100 -0.9533 1.3889 -0.2011 3.58 -3.29 8.51 157 336 186 194 191 
0.9399 -0.2222 -0.0693 -0.2498 31.75 9.38 24.94 2.57 -4.32 6.10 2.9200 0.0000 -2.8900 -1.6211 4.1289 0.1289 -0.83 -5.09 8.33 151 332 192 195 190 
0.8894 -0.2396 0.2359 -0.3096 38.63 -17.94 37.69 -6.28 -9.34 5.92 -2.3200 -2.8800 -0.6300 -0.3678 1.0833 -0.0367 -3.76 -5.93 6.83 163 335 191 199 194 
0.8641 -0.2546 0.3121 -0.3018 37.81 -21.87 44.25 -5.10 -4.81 -0.39 -1.2800 1.9100 -7.1600 0.5656 -1.5978 -1.6389 -2.09 -6.52 7.01 175 343 243 259 228 
;
