0.7897 -0.0582 -0.1392 -0.5946 73.94 16.75 -4.37 2.88 0.61 9.22 0.0600 -0.1200 -0.2100 0.0033 0.0044 0.0033 2.83 0.72 9.36 166 346 345 378 215 
0.7897 -0.0582 -0.1392 -0.5946 73.94 16.75 -4.37 3.00 0.63 9.23 0.1100 -0.0900 -0.0900 -0.0022 0.0244 0.0000 2.82 0.72 9.36 162 345 341 377 217 
0.7902 -0.0566 -0.1376 -0.5945 73.81 16.06 -4.50 1.44 -0.16 10.19 -1.0900 -0.7800 1.3300 2.6589 -0.5244 0.3200 2.89 2.58 9.00 170 350 322 392 217 
0.8046 0.0624 -0.2640 -0.5282 63.31 23.69 -22.25 6.95 2.91 6.64 6.5200 2.4000 5.4400 -0.1778 -2.2489 4.7011 5.96 1.72 7.59 171 330 196 233 216 
0.8844 -0.0767 -0.3633 -0.2827 27.31 47.38 -1.75 7.38 -0.31 2.85 -0.5600 0.3100 -3.8700 3.0844 -2.7289 2.3900 8.31 -0.17 5.20 166 303 162 183 202 
0.8578 -0.0054 -0.5138 -0.0128 358.31 62.75 -4.19 5.17 2.40 2.45 -3.5800 2.1400 -0.9000 2.0967 -0.1711 -0.1844 8.74 1.34 4.22 160 311 164 187 200 
0.8469 0.1343 -0.5117 0.0543 353.50 61.50 -22.19 5.89 5.29 6.38 -2.1000 3.2300 1.6800 -1.1222 0.2900 -1.1011 8.39 2.08 4.62 153 332 167 193 203 
0.8553 0.0918 -0.5074 -0.0505 8.94 59.06 -23.31 9.22 3.66 3.64 0.8700 1.6900 -1.2300 -2.6600 -0.1789 -0.9733 8.32 1.59 4.92 151 352 174 192 204 
0.8578 -0.0475 -0.4670 -0.2091 32.06 53.75 -6.62 5.79 1.24 3.37 -1.7700 -1.0400 -3.8100 -3.0767 -0.3022 -1.0733 7.82 -0.30 5.90 147 335 170 189 201 
0.8197 -0.2219 -0.3802 -0.3664 49.31 52.56 9.56 8.27 -5.21 6.44 0.6000 -4.0400 0.6700 -0.8722 -0.0556 0.0322 7.88 -1.42 5.66 151 331 174 191 201 
0.7934 -0.2841 -0.3729 -0.3883 52.31 54.63 16.69 6.94 -2.07 4.93 -1.1500 0.2600 -0.3500 -0.2600 0.2833 0.4611 7.87 -1.95 5.51 152 304 171 196 203 
0.8220 -0.3114 -0.2848 -0.3825 49.25 37.44 27.37 2.17 -3.08 3.54 -1.4600 0.4400 -4.4500 -2.3400 3.0700 1.6378 3.57 -5.45 7.32 155 287 229 246 213 
0.8454 -0.3530 0.0504 -0.3976 54.00 2.37 43.56 1.45 -6.18 4.97 0.5300 1.6300 -1.2900 -5.1367 7.1400 -0.4833 -2.68 -8.62 3.82 163 345 181 202 184 
0.6329 -0.3053 0.4969 -0.5092 81.25 -16.75 67.94 -4.81 -9.92 5.47 -3.1400 -2.9300 2.0500 0.9333 0.3067 -0.4644 -2.81 -8.48 4.03 183 367 186 201 185 
0.6143 -0.2596 0.4641 -0.5831 86.19 -14.38 62.81 -0.91 -12.78 5.87 0.5600 -4.5000 1.7100 -0.5567 -1.5744 0.1811 -2.01 -8.60 4.25 183 375 187 202 184 
0.6365 -0.3562 0.4311 -0.5311 79.06 -8.13 70.69 -4.79 -10.96 3.15 -3.5100 -0.1300 0.1900 -2.1089 -0.3433 -1.3133 -0.28 -9.67 1.54 183 376 192 206 185 
0.5358 -0.5045 0.4476 -0.5081 90.69 3.94 86.87 -1.84 -6.24 0.36 -2.2900 3.6100 -0.3600 -0.8133 1.2633 -1.1067 1.51 -9.68 -0.05 181 379 191 209 185 
0.4156 -0.5178 0.4822 -0.5714 112.06 11.69 89.00 1.74 -4.56 0.77 1.3100 4.9200 0.6900 1.2467 1.9144 0.2522 1.84 -9.54 1.25 183 380 195 210 187 
0.3964 -0.3841 0.4838 -0.6791 117.94 5.12 72.50 3.10 -8.93 4.98 3.0700 -0.2800 1.7600 2.5389 0.0511 1.4467 -0.21 -8.65 4.61 185 380 197 211 186 
0.5081 -0.2506 0.4102 -0.7147 106.00 -3.94 55.88 0.81 -11.66 7.49 0.5100 -3.8400 1.4400 -0.7167 -1.6078 0.8933 -0.63 -8.15 5.41 184 379 198 212 187 
0.5886 -0.3109 0.3764 -0.6443 94.25 -1.62 60.06 -3.42 -6.77 3.73 -2.4600 2.2200 -1.3700 -0.4044 -0.3678 0.1322 -0.16 -8.70 4.50 186 384 200 213 188 
;
