0.7684 -0.0873 -0.1234 -0.6219 77.94 17.31 -1.12 2.82 0.22 9.63 -0.2500 0.0200 0.0000 -0.0233 -0.0511 -0.0144 2.94 0.17 9.35 179 358 356 364 218 
0.7676 -0.0896 -0.1230 -0.6226 78.06 17.44 -0.75 2.87 0.15 9.49 -0.0800 0.0400 0.2100 -0.1989 0.1533 0.0000 2.84 0.00 9.38 177 351 352 361 218 
0.7687 -0.0886 -0.1081 -0.6241 77.69 15.31 -1.06 1.88 0.61 12.40 -0.6800 0.2800 4.6100 3.4744 -1.6933 1.2967 3.57 1.81 8.94 176 308 298 338 218 
0.8089 -0.0779 -0.2623 -0.5203 59.00 38.38 -7.56 10.81 0.06 6.86 3.4700 -0.7100 -0.3200 1.4767 -3.1478 4.9122 7.90 -0.82 5.73 173 329 217 243 218 
0.8438 -0.1753 -0.4833 -0.1539 13.31 63.00 22.37 8.21 -0.72 2.61 -1.0000 1.3900 -0.5200 1.8700 -0.8433 0.3567 8.97 -1.56 3.63 163 292 140 151 201 
0.8170 -0.0881 -0.5696 -0.0217 3.62 71.50 17.19 6.70 2.87 3.60 -3.6500 3.3600 0.3900 1.5200 0.4900 -1.2733 9.29 0.17 3.11 144 315 144 165 200 
0.8090 0.0133 -0.5867 -0.0334 5.31 71.37 -14.50 8.38 2.97 4.07 -0.7400 1.8800 0.9400 -0.1156 -0.3911 -0.2522 9.34 0.98 2.81 137 324 154 170 201 
0.7986 0.0166 -0.5986 -0.0596 9.88 72.75 -18.50 9.76 3.30 2.89 0.3300 2.3700 0.0800 -1.8200 -0.0289 -0.3000 9.36 0.79 2.80 137 329 159 173 199 
0.7873 -0.0676 -0.5919 -0.1591 29.50 72.12 -14.19 9.43 2.11 1.04 0.2800 0.6500 -1.2000 -3.5256 -0.2122 -0.5678 9.33 0.37 2.98 5 323 164 169 197 
0.7280 -0.2519 -0.5278 -0.3577 54.88 71.19 0.06 8.20 -0.67 0.93 -0.8700 -1.3300 -1.8800 -1.4233 0.8889 -0.0256 9.08 -0.44 3.66 139 337 167 175 194 
0.7128 -0.3093 -0.4620 -0.4276 62.38 67.37 7.12 9.81 -3.26 5.35 0.1900 -2.2900 1.1300 -0.4200 -0.0867 0.0644 9.09 -0.60 3.62 135 334 165 175 194 
0.6993 -0.3278 -0.4651 -0.4326 63.19 69.87 8.38 8.21 -0.99 3.49 -0.9100 -0.5500 0.5000 0.2567 1.3089 0.7567 8.96 -0.79 3.88 153 247 169 191 209 
0.7767 -0.3035 -0.3587 -0.4193 55.19 46.06 20.56 4.16 -4.81 3.87 -2.7400 -1.8900 -2.6500 1.9156 3.4233 1.4167 4.63 -2.63 8.23 108 228 285 310 214 
0.8918 -0.2003 -0.1572 -0.3740 43.44 22.62 14.31 4.92 -0.91 7.80 0.9700 1.0400 -0.7700 0.8400 0.4622 1.6344 2.83 -2.29 9.10 92 177 222 218 212 
0.9528 -0.1341 -0.0647 -0.2646 27.19 7.37 12.13 1.89 -0.73 11.58 1.8100 1.9400 2.5500 1.1422 0.7078 2.4967 0.25 -1.47 9.69 99 160 195 190 191 
0.9947 -0.0586 0.0117 -0.0842 6.87 -2.25 6.50 -3.01 2.36 12.17 -1.5200 2.8500 1.4600 -0.3622 0.0056 1.7222 -0.88 -1.23 9.68 101 158 200 190 190 
0.9949 -0.0672 0.0527 0.0541 353.06 -6.50 7.31 -4.44 -0.01 9.72 -4.2700 1.2900 0.2500 -0.1033 0.0600 -0.2733 -1.16 -1.32 9.64 101 161 204 193 192 
0.9958 -0.0687 0.0568 0.0226 359.31 -6.50 7.31 -2.02 2.23 9.54 0.2000 3.1900 0.3100 0.8889 -0.1600 -1.9844 -0.94 -0.71 9.73 103 162 204 193 192 
0.9910 -0.0156 0.0511 -0.1225 16.81 -5.50 1.62 2.07 1.40 11.24 3.1300 1.0400 1.2200 0.4856 -0.1456 -1.1933 -0.87 0.00 9.76 104 162 205 195 193 
0.9771 0.0135 0.0453 -0.2078 24.31 -5.50 -0.56 2.06 -1.98 9.50 2.8700 -2.2900 -0.3400 0.0411 -0.2589 0.4311 -0.70 0.16 9.78 102 166 204 196 194 
0.9853 0.0167 0.0304 -0.1673 17.00 -3.81 -1.44 -6.50 -0.23 9.57 -5.5100 -0.3300 -0.3600 -0.2178 0.1900 -0.0122 -0.82 0.10 9.77 104 168 206 199 196 
0.9877 0.0051 0.0505 -0.1475 18.00 -6.31 1.25 -2.91 -0.83 8.82 -2.8600 -0.4900 -1.2700 -0.6922 0.7178 -1.6589 -1.59 -0.87 9.63 119 180 212 224 205 
0.9640 -0.0331 0.0844 -0.2499 32.88 -6.69 6.31 1.38 0.89 7.47 1.4000 1.4900 -2.2400 1.8156 -2.4444 -2.2144 0.24 -0.13 9.80 163 323 314 345 209 
0.9182 -0.0025 -0.0419 -0.3938 47.56 5.62 -3.06 0.27 1.68 10.25 -1.3400 2.8400 0.4400 1.4633 0.2678 -0.8411 0.78 1.41 9.67 168 353 341 376 210 
;
