0.8069 -0.0721 -0.1840 -0.5567 69.25 22.12 -5.50 3.37 0.83 9.10 -0.0600 0.0000 -0.1000 -0.0133 -0.0033 -0.0022 3.69 0.86 9.04 174 369 348 366 214 
0.8066 -0.0719 -0.1833 -0.5573 69.25 22.06 -5.44 3.41 0.81 9.04 -0.2100 -0.0100 -0.0300 -0.0289 0.0144 0.0111 3.67 0.85 9.05 175 367 347 367 215 
0.8074 -0.0720 -0.1820 -0.5565 68.37 23.06 -5.94 1.04 -0.05 12.43 1.7100 1.0600 4.5100 0.4933 -4.0922 1.1889 5.87 1.12 7.76 175 309 303 317 214 
0.7921 -0.2025 -0.3521 -0.4558 53.56 54.19 11.00 8.08 -1.49 6.09 -0.7100 -0.6200 -0.1600 -0.7756 -5.1644 4.6656 8.44 -4.38 2.35 165 267 169 194 215 
0.7013 -0.4846 -0.5192 -0.0612 354.56 44.81 101.94 4.22 -3.90 1.51 -2.9000 3.3400 4.2900 -1.1822 -4.1889 1.9156 4.28 -7.64 -4.40 153 260 145 169 192 
0.4219 -0.5407 -0.6862 0.2426 292.19 15.50 124.94 2.46 -6.89 -7.38 0.5100 0.5000 -1.9700 0.1178 -0.9567 -0.1522 1.95 -7.74 -5.68 126 265 153 174 191 
0.3384 -0.5103 -0.7268 0.3112 272.87 9.50 125.12 3.12 -9.69 -7.14 1.3300 -2.3800 -2.3300 0.9211 -0.1967 -0.1400 1.61 -8.20 -5.12 127 263 150 178 191 
0.3840 -0.4727 -0.7031 0.3671 274.19 12.13 113.50 4.05 -11.45 -8.08 1.5400 -1.8900 -4.8100 3.7944 1.5511 -0.4100 2.71 -9.39 -0.77 125 266 158 180 192 
0.5853 -0.3670 -0.5507 0.4685 285.19 18.56 74.87 1.12 -6.28 -0.32 -2.8300 2.9900 -3.6500 4.0911 2.1567 -1.1789 3.22 -7.43 5.51 126 269 164 181 192 
0.7862 -0.2031 -0.3123 0.4930 296.87 15.25 34.88 -0.56 3.21 10.18 -3.3500 7.6700 2.4900 1.3700 1.0033 -0.5400 2.06 -4.08 8.67 133 272 165 181 193 
0.8460 -0.1326 -0.1981 0.4769 301.69 12.69 25.81 1.25 -2.15 9.49 -0.8400 1.7500 0.4700 -0.9933 0.0400 -0.5544 2.42 -4.68 8.26 133 273 167 183 193 
0.8430 -0.1702 -0.2531 0.4432 305.00 16.94 33.94 2.32 -2.95 7.46 -0.6400 2.3100 -0.2000 -1.9678 -0.3922 -0.1722 3.24 -6.17 6.89 152 252 157 190 203 
0.8024 -0.2572 -0.3566 0.4034 307.56 22.81 52.88 0.95 -4.61 3.09 -1.5500 1.8600 -2.2000 -2.4333 -1.3722 -0.6833 4.69 -7.88 3.46 161 239 198 236 215 
0.7133 -0.3438 -0.5251 0.3120 314.75 33.94 78.94 4.12 -7.50 -1.04 -3.1800 0.7500 -2.7400 -2.1233 -3.6200 -0.3744 5.99 -7.65 -1.24 162 248 269 308 216 
0.5294 -0.3785 -0.7183 0.2460 305.81 32.25 120.75 9.84 -7.42 -7.68 3.3700 -1.6800 -1.5700 -2.7600 -2.7489 -0.3678 4.06 -5.74 -6.82 166 231 249 322 218 
0.2662 -0.3851 -0.8690 0.1600 48.00 14.81 155.69 4.65 -3.38 -10.66 1.1200 -0.3900 -1.5400 -1.8589 -0.8244 -0.2678 1.70 -2.21 -9.39 168 252 246 346 226 
0.1097 -0.3964 -0.9102 0.0489 46.94 8.94 170.12 3.02 -2.37 -11.35 1.2900 -1.0400 -2.2000 0.3011 -0.0311 -0.1167 1.51 -1.76 -9.52 165 264 254 351 228 
0.1245 -0.3865 -0.9103 0.0804 46.31 11.06 161.44 6.37 -6.06 -15.60 5.6500 -1.3300 -5.5300 3.8678 5.1033 0.4833 3.82 -5.60 -7.08 187 366 322 373 219 
0.4480 -0.3564 -0.7617 0.3036 292.81 28.87 107.44 -1.88 -1.49 -2.20 -5.7100 6.8600 0.3600 2.3089 1.1378 0.1022 4.77 -8.56 -0.01 195 398 348 382 220 
0.6053 -0.3194 -0.6086 0.4014 292.75 28.56 85.12 3.71 -5.12 1.74 -1.0700 3.2300 0.7600 -0.0267 0.0933 -0.0856 4.72 -8.54 0.87 195 392 349 386 220 
0.6180 -0.3187 -0.5984 0.3981 294.62 29.12 85.31 4.46 -7.64 1.59 -0.5700 1.0000 0.8200 -0.5733 0.1333 -0.2689 4.90 -8.48 0.36 196 393 359 384 220 
0.6106 -0.3337 -0.6192 0.3638 300.00 31.56 90.37 4.60 -5.49 1.19 -0.3000 3.1900 1.8100 -2.3733 2.2522 -1.8033 6.00 -7.73 -0.56 187 357 306 340 219 
0.6896 -0.4067 -0.5861 0.1245 353.62 48.88 87.50 4.88 -5.36 -0.33 -1.0700 1.0100 -0.1500 -2.6322 2.6056 -2.9867 8.53 -4.66 1.25 172 279 276 319 219 
0.7606 -0.4064 -0.3987 -0.3121 52.81 51.31 30.62 9.27 -4.07 5.92 0.0500 -1.2700 -0.9000 1.3633 6.7278 -1.4644 4.00 -1.83 8.76 179 330 299 355 214 
0.8200 -0.1156 -0.1293 -0.5455 69.12 18.00 -0.19 6.59 2.62 15.24 5.7500 0.3100 14.9300 -0.8811 -0.9822 -0.0289 3.07 0.00 9.31 175 363 329 362 215 
0.8036 -0.0924 -0.1375 -0.5716 70.81 19.44 -0.50 3.08 -0.20 10.13 -0.4800 -0.2500 -0.5400 -0.0511 -0.2556 0.0656 3.41 -0.02 9.19 177 350 314 364 216 
0.8038 -0.1034 -0.1423 -0.5682 70.31 20.06 0.25 3.08 -0.16 9.23 -0.1100 -0.1200 0.2200 0.0267 0.1044 0.0867 3.28 -0.04 9.24 176 352 327 366 216 
;
0.7924 -0.1260 -0.1271 -0.5831 72.69 20.37 3.12 3.28 -0.47 9.19 -0.1400 0.0500 0.0300 -0.0089 -0.0022 0.0011 3.41 -0.51 9.17 179 341 335 357 217 
0.7922 -0.1260 -0.1270 -0.5834 72.69 20.31 3.12 3.24 -0.40 9.18 -0.1500 0.0200 0.0000 -0.0200 0.0022 0.0089 3.40 -0.51 9.18 178 341 334 359 217 
0.7922 -0.1265 -0.1265 -0.5835 72.75 20.37 3.19 3.27 -0.48 9.16 -0.1800 0.0200 0.0800 0.0422 -0.0578 0.0089 3.46 -0.48 9.16 179 323 332 359 216 
0.7911 -0.1385 -0.1566 -0.5748 70.19 30.31 2.50 5.91 -0.11 11.65 2.1900 0.6200 4.0500 0.3578 -6.6167 1.5133 8.11 -0.79 5.45 174 311 301 324 216 
0.7335 -0.3643 -0.4564 -0.3480 42.31 68.06 58.06 8.57 -3.47 0.15 -0.9500 0.3800 -0.7300 1.2644 -5.3311 3.5833 8.05 -5.49 -1.06 168 272 161 183 215 
0.6204 -0.5134 -0.5926 0.0182 348.94 41.31 112.12 2.93 -4.62 -0.59 -2.7300 2.0600 3.9100 -1.1200 -4.2800 1.5000 4.43 -7.29 -4.82 153 238 143 161 190 
0.4330 -0.5416 -0.6918 0.2017 306.50 21.12 126.62 4.19 -8.24 -7.11 1.2900 -1.0400 -1.5100 0.2778 -0.5700 -0.1433 3.04 -7.47 -5.57 129 252 146 165 191 
0.3929 -0.5101 -0.7191 0.2614 292.94 17.81 124.06 7.66 -11.75 -9.71 4.6500 -3.9800 -4.7100 2.0267 1.0378 -0.0478 3.41 -8.41 -3.69 126 253 153 167 190 
0.5291 -0.4562 -0.6372 0.3255 298.62 23.31 97.94 2.93 -7.46 -3.23 -1.6500 1.0200 -2.2500 3.1556 1.8589 -0.5222 4.20 -8.74 1.45 129 258 155 170 189 
0.7232 -0.3405 -0.4748 0.3682 307.94 25.44 62.69 2.39 -3.78 2.79 -2.0700 3.9700 -1.4600 2.6589 2.2089 -0.5389 3.64 -6.63 6.23 131 258 157 173 189 
0.8578 -0.2308 -0.2800 0.3640 314.50 16.25 36.31 -1.48 -0.24 10.55 -3.6900 4.5700 3.0100 -0.0344 0.7011 -0.2389 2.32 -5.39 7.84 132 260 160 174 189 
0.8766 -0.2350 -0.2347 0.3481 316.87 14.75 37.38 1.61 -4.37 8.03 -0.6600 1.8000 0.8000 -1.4189 -0.5056 0.2667 2.66 -6.62 6.72 145 254 153 176 201 
0.8303 -0.3260 -0.3020 0.3364 315.75 17.69 54.81 0.76 -3.94 3.17 -2.3100 4.4700 -1.2700 -2.9156 -0.9189 -1.4378 4.07 -8.23 3.43 162 276 169 200 214 
0.7448 -0.4256 -0.4571 0.2351 326.81 31.44 80.75 3.52 -6.19 -2.48 -4.5100 1.7500 -3.6400 -1.3000 -2.5489 -1.7222 6.32 -7.46 -0.67 161 247 246 290 219 
0.6168 -0.4185 -0.6522 0.1382 334.75 43.94 113.87 5.60 -5.86 -6.33 -0.6300 0.6700 -3.1000 -2.9044 -4.1456 -0.7611 5.74 -5.20 -6.00 170 216 229 312 219 
0.3159 -0.4158 -0.8481 0.0894 52.50 22.81 159.25 7.44 -3.15 -11.83 3.9100 -0.4500 -2.3100 -2.1800 -1.1433 -0.0511 2.54 -1.29 -9.38 169 245 225 314 225 
0.1350 -0.4503 -0.8826 -0.0115 54.00 14.19 174.19 3.64 -1.10 -10.57 0.7000 -0.4700 -1.2800 0.2033 0.1178 -0.2811 2.57 -1.02 -9.40 164 245 230 320 227 
0.1578 -0.4337 -0.8871 0.0001 51.63 17.44 169.00 13.79 -5.30 -17.91 9.9100 -2.5500 -9.5200 5.0922 6.2467 1.0222 5.58 -4.56 -6.64 191 380 331 365 221 
0.5164 -0.3804 -0.7415 0.1972 316.00 38.31 108.12 -1.66 -1.17 -2.04 -7.0500 6.1300 0.5400 1.5167 1.4767 0.4222 5.97 -7.77 -0.35 194 395 350 377 220 
0.6597 -0.3574 -0.6037 0.2695 315.50 37.13 88.12 3.91 -4.12 0.90 -1.7200 3.3100 0.6200 -0.3544 -0.0900 -0.0033 5.94 -7.79 0.04 197 393 350 375 221 
0.6469 -0.3662 -0.6177 0.2565 317.56 38.06 94.19 5.95 -6.42 0.12 -0.2900 1.5900 1.0500 -2.0333 0.7889 -1.0100 6.54 -7.18 -1.29 186 331 322 363 221 
0.6653 -0.4300 -0.6056 0.0762 359.06 51.25 95.12 6.69 -4.79 -0.66 -0.8100 1.2900 -0.9600 -2.6589 5.9867 -2.4978 8.36 -4.80 1.74 170 279 293 354 221 
0.7650 -0.4139 -0.3385 -0.3589 59.31 46.25 28.31 6.20 -3.75 7.61 -1.1600 -1.2200 0.2300 0.9211 6.5767 -1.9156 2.99 -1.61 9.19 178 343 311 360 214 
;
