-0.5590 0.1550 0.2726 0.7676 107.81 32.81 -16.94 5.41 2.35 7.80 0.1300 -0.0400 -0.0700 -0.0011 -0.0011 -0.0022 5.32 2.40 7.87 163 351 328 359 226 
-0.5590 0.1550 0.2726 0.7676 107.81 32.88 -16.94 4.90 2.36 7.85 -1.1500 -0.1100 -0.0800 -1.1333 -1.3367 0.2822 5.94 1.85 7.57 170 322 244 294 224 
-0.5392 0.2819 0.2707 0.7460 108.75 51.69 -2.37 10.46 -0.16 5.36 3.9900 -0.2200 -1.0100 -0.6778 -8.0789 1.9567 9.61 -1.32 1.40 182 319 175 200 203 
-0.4757 0.6645 0.3699 0.4420 72.25 60.75 119.87 11.75 -4.40 -4.04 1.4900 0.4800 -1.3400 2.9022 -3.8156 3.9733 5.88 -7.03 -3.46 172 322 184 194 194 
-0.5912 0.7166 0.3698 -0.0140 343.62 19.94 104.12 0.77 -2.39 2.98 -4.0500 6.2800 3.3300 1.7089 -1.2333 0.2178 2.79 -9.37 -0.69 151 331 190 187 183 
-0.6629 0.5922 0.4055 -0.2133 320.87 16.31 90.25 4.46 -9.97 -1.48 1.5000 -1.7500 -2.7400 1.9433 -0.6844 -0.0300 2.73 -9.36 0.98 151 323 193 195 181 
-0.7151 0.4765 0.4041 -0.3134 312.00 16.44 71.00 2.33 -8.43 0.94 -0.7200 1.7500 -1.9600 4.0111 0.7144 -0.8078 2.98 -7.46 5.61 145 328 195 195 182 
-0.8503 0.2551 0.2948 -0.3536 316.06 19.19 38.25 2.14 0.61 10.91 -1.0900 5.5000 3.0600 0.0911 0.1878 -0.6489 3.39 -5.25 7.55 146 335 203 196 184 
-0.8777 0.2166 0.2784 -0.3242 318.87 20.12 38.75 2.96 -1.95 7.41 -0.1100 4.3800 0.5000 -2.1556 1.4578 -0.0811 2.83 -6.79 6.47 173 327 212 231 221 
-0.8781 0.3815 0.2181 -0.1891 347.37 13.94 52.31 0.39 -5.64 2.89 -2.4300 1.2000 -3.2500 -0.9356 2.7967 -6.6322 4.57 -6.32 5.93 176 301 270 327 224 
-0.8320 0.3613 0.2270 0.3545 53.94 43.19 26.81 8.36 -1.11 4.45 1.0000 0.8400 -0.8400 1.4200 0.5111 -5.9467 6.98 1.39 6.73 179 338 301 390 222 
-0.6660 0.1389 0.3713 0.6320 89.25 38.81 -25.44 9.71 9.84 6.40 4.3100 7.5900 4.6800 -1.2356 1.3067 -0.4678 5.53 3.07 7.48 169 347 312 302 187 
;
-0.6382 0.1169 0.2975 0.7003 96.31 32.38 -16.12 4.18 2.72 9.48 -1.1900 0.4000 0.7400 -0.2989 -0.3033 0.0978 5.68 2.26 7.66 167 344 320 309 224 
-0.6344 0.1433 0.2938 0.7005 95.81 34.63 -16.06 5.06 2.71 8.18 -0.3900 0.5900 -0.2900 0.1889 -0.4611 0.2244 5.84 2.25 7.54 172 340 322 303 221 
-0.6282 0.2009 0.3412 0.6697 93.69 50.25 -13.69 7.36 1.95 6.24 0.4500 1.3000 0.2800 -1.6756 -6.1011 1.3478 9.46 0.03 2.55 173 272 182 211 222 
-0.5310 0.5291 0.5011 0.4324 67.62 71.50 134.56 18.08 -4.35 -8.11 7.8300 -2.6300 -0.2500 3.2544 -3.6978 4.3311 5.26 -6.58 -5.00 173 304 177 185 179 
-0.5341 0.6409 0.5291 -0.1553 316.87 17.12 106.00 3.09 -6.09 -1.89 -0.0800 3.6000 0.1400 3.5289 0.8289 0.2156 2.44 -9.49 0.31 164 335 186 186 175 
-0.6951 0.5021 0.4097 -0.3110 313.06 15.38 76.94 0.23 -2.31 1.29 -2.6500 6.3500 -1.0900 0.8367 0.5856 -0.7178 2.91 -8.86 3.02 155 322 189 187 178 
-0.7662 0.4318 0.3765 -0.2913 318.75 19.62 66.50 7.41 -13.20 -2.56 3.1300 -4.5200 -6.8500 3.3000 0.7678 -0.2433 3.24 -7.18 5.82 153 316 191 188 181 
-0.8795 0.2339 0.2604 -0.3223 320.44 16.87 30.31 -0.45 3.30 11.42 -3.3100 7.6400 3.4400 1.5856 0.7000 -0.7122 2.51 -3.18 8.92 156 321 193 188 181 
-0.9301 0.1179 0.1732 -0.3019 324.31 14.44 20.44 2.83 -3.06 8.42 0.4400 0.3100 -0.4200 -0.6044 -0.0811 0.3256 2.39 -3.76 8.73 161 331 196 189 188 
-0.9214 0.1727 0.1780 -0.2992 325.31 11.50 27.81 2.28 -1.43 8.21 -0.2200 3.6900 -1.1900 -1.7222 1.8678 -1.5600 1.42 -5.34 8.09 176 320 228 257 221 
-0.9355 0.2979 0.1221 -0.1451 348.87 9.19 38.38 1.37 -5.16 4.70 -0.5100 1.6700 -2.4700 -2.1678 0.9389 -4.9356 3.44 -6.31 6.66 181 304 281 321 221 
-0.8569 0.3994 0.1861 0.2674 43.44 37.31 41.19 7.47 -3.07 4.35 2.3300 1.0000 -2.2800 2.4756 0.6067 -6.8433 7.40 -0.75 6.38 182 343 323 385 221 
-0.6937 0.1768 0.3337 0.6133 85.75 38.75 -20.44 8.31 3.61 6.60 0.3200 1.2700 -0.7600 2.2067 1.3867 -1.0844 5.50 4.55 6.71 161 362 337 360 220 
;
-0.6569 0.0216 0.3728 0.6550 92.12 30.12 -26.19 4.84 4.19 9.00 0.1700 0.3900 0.8000 -0.0689 -0.7311 0.2889 5.54 3.61 7.23 166 351 330 349 221 
-0.6512 0.0853 0.3503 0.6677 91.31 34.75 -25.37 5.24 4.00 7.52 -0.6500 0.3900 -0.5300 0.0756 -0.4178 0.2100 5.79 3.42 7.13 170 353 325 332 224 
-0.6497 0.1426 0.3853 0.6396 88.25 48.56 -22.44 7.22 2.69 7.31 3.6300 0.9000 0.1800 -3.0078 -7.2522 2.9878 9.61 -0.64 1.82 172 298 186 219 213 
-0.5310 0.5897 0.4397 0.4206 67.75 66.62 118.44 12.06 -5.27 -6.03 4.1200 -0.9700 -2.4300 3.1622 -3.4033 4.3400 5.94 -7.03 -3.37 178 294 173 197 191 
-0.6119 0.6799 0.4026 -0.0350 343.31 21.69 100.69 3.22 -5.46 -2.15 -0.5000 4.3200 0.1500 3.2122 0.2000 0.7289 2.77 -9.38 0.67 171 295 185 185 174 
-0.7364 0.5219 0.3622 -0.2325 322.19 17.81 72.75 4.95 -8.13 -5.11 0.5700 1.0300 -8.3400 5.1022 0.4256 -0.3844 3.22 -7.17 5.85 148 318 181 187 169 
-0.8814 0.2090 0.2662 -0.3295 319.06 19.75 28.00 0.79 4.74 15.29 -3.7000 6.5100 4.1900 -0.0033 0.3033 -0.5611 3.22 -3.67 8.50 156 324 188 189 170 
-0.9129 0.1390 0.2278 -0.3088 322.37 19.19 25.50 2.72 -2.64 8.50 -0.1000 2.2800 0.7600 -1.0878 0.2533 0.5156 2.88 -4.77 8.06 171 340 187 198 194 
-0.9065 0.2449 0.2059 -0.2756 329.25 12.81 37.00 1.05 -2.78 5.91 -0.0900 3.0600 -1.5500 -2.5878 2.1444 -2.8856 2.44 -6.82 6.60 174 274 231 259 222 
-0.9041 0.3804 0.1925 0.0306 14.81 27.50 45.69 6.25 -5.97 3.04 1.7100 0.1600 -3.3800 -0.5556 1.0300 -6.6433 6.62 -3.69 6.21 176 309 287 337 221 
;
-0.7731 0.2814 0.3005 0.4825 73.37 46.94 1.44 8.54 0.21 4.12 2.8600 0.0700 -2.8200 2.0489 1.2478 -3.4556 6.33 2.30 7.11 176 369 319 405 221 
-0.6696 0.0974 0.3492 0.6483 88.31 35.69 -24.75 8.18 4.64 7.87 6.0000 10.5500 -9.0800 3.1056 -3.1711 0.7611 5.93 3.20 7.12 163 377 344 397 227 
-0.6631 0.1208 0.3689 0.6400 88.44 41.19 -23.44 6.56 2.72 2.83 1.7300 0.2300 -2.6000 0.2433 0.5789 -0.1056 6.23 2.98 6.95 173 373 355 397 224 
-0.6599 0.1250 0.3611 0.6469 88.62 41.00 -23.12 5.39 3.34 7.39 -1.5600 0.8600 1.9800 -0.7944 -3.5511 1.6422 7.90 1.96 5.45 172 316 284 367 227 
-0.5911 0.3706 0.4267 0.5754 91.00 80.19 5.12 13.35 -0.65 -3.67 2.5700 -1.8400 -4.4500 -0.5100 -9.0133 2.6667 8.22 -2.07 -4.92 176 262 183 192 188 
-0.3454 0.7517 0.5517 0.1060 107.62 26.75 145.44 6.37 -6.56 -10.38 2.2300 -1.2400 -2.2000 4.7878 -0.8967 1.1156 2.98 -7.63 -5.38 171 315 192 195 185 
-0.5466 0.6474 0.4891 -0.2072 316.75 15.06 104.19 3.03 -6.06 -0.02 0.1300 3.5200 1.5900 3.7656 0.9478 -0.1078 2.59 -9.40 0.94 166 318 187 195 183 
-0.7170 0.4983 0.3918 -0.2900 315.56 16.62 75.50 3.54 -10.31 -4.51 0.5800 -2.2500 -7.7100 3.2822 -0.1156 -0.5967 3.20 -8.29 4.12 150 309 191 196 176 
-0.8198 0.3107 0.3324 -0.3477 314.12 18.62 43.63 0.51 1.34 7.73 -2.2600 8.8900 3.4000 3.5022 0.5433 -0.5056 2.89 -4.03 8.45 152 324 195 194 174 
-0.9009 0.1204 0.2042 -0.3636 316.87 15.56 22.56 2.29 -1.61 9.31 -0.0300 1.7000 0.3000 -0.9500 0.5222 0.0322 2.34 -4.19 8.55 169 336 192 202 191 
-0.9051 0.1984 0.1793 -0.3306 324.12 8.25 30.94 0.30 -2.35 6.51 -1.1600 2.0800 -2.6000 -1.6022 2.6367 -3.4433 0.65 -5.87 7.82 181 313 259 294 220 
-0.9329 0.3465 0.0833 -0.0512 0.31 10.75 44.63 -1.44 -4.77 2.84 -4.6300 1.7100 -4.4600 -2.5289 -1.4411 -5.1367 5.29 -6.48 5.09 176 307 279 346 221 
;
-0.7939 0.3972 0.2899 0.3575 57.63 51.88 29.31 14.01 -0.05 3.34 6.5300 1.2100 -0.0700 0.2156 2.6133 -5.1822 7.04 0.75 6.77 176 328 335 409 219 
-0.6639 0.1779 0.3044 0.6595 93.19 35.44 -14.19 5.05 3.15 8.13 0.0200 1.6400 -2.1000 1.5033 1.0667 -0.2422 5.27 2.22 7.96 169 367 349 402 223 
-0.6443 0.1343 0.2897 0.6949 94.19 36.94 -16.12 5.34 1.68 2.80 0.5200 0.1500 -3.4100 0.1278 0.2689 0.1422 6.01 1.99 7.48 172 356 346 401 225 
-0.6355 0.2236 0.3170 0.6676 91.81 53.13 -4.75 8.12 -0.11 4.06 0.0600 -0.4700 -0.7000 -2.1633 -6.5622 1.2700 9.65 -1.23 1.22 176 311 195 220 220 
-0.4370 0.6346 0.4700 0.4306 80.25 54.81 161.25 7.67 -1.25 -8.85 2.9700 2.3900 -3.8400 1.4733 -6.2989 0.0822 2.98 -2.85 -8.89 171 310 189 192 189 
-0.2324 0.7352 0.6331 -0.0682 97.87 9.69 148.06 4.68 -8.58 -14.95 2.6700 -1.6400 -6.2500 5.2578 -0.0389 0.4667 1.30 -7.82 -5.76 171 322 190 199 187 
-0.4759 0.6238 0.5463 -0.2933 298.50 10.06 104.75 -0.09 -5.90 -2.34 -1.4600 3.3800 -1.4900 3.2644 1.1311 -1.0567 2.52 -9.45 0.58 163 318 198 198 183 
-0.7241 0.4327 0.4207 -0.3339 313.37 20.50 63.00 -0.24 -3.57 -4.17 -2.3000 5.0900 -7.7000 6.3611 2.3989 -1.7978 3.35 -4.66 7.94 161 327 198 201 177 
-0.9203 0.0637 0.1918 -0.3350 320.25 17.25 11.06 0.24 4.92 14.71 -1.7600 1.7800 0.4400 -1.6389 -0.0411 0.0700 2.83 -2.69 8.99 159 331 200 201 179 
-0.9206 0.0974 0.1957 -0.3235 320.81 17.62 20.37 3.14 -0.01 9.55 0.4000 3.6300 0.1800 -2.2989 1.5100 -0.4389 2.35 -4.56 8.35 177 336 195 241 216 
-0.9180 0.2446 0.1823 -0.2535 336.56 10.69 39.56 1.44 -4.20 4.25 -1.9100 1.2300 -3.2400 -3.3622 2.3178 -4.1444 2.42 -7.29 6.09 180 295 259 286 221 
;
-0.8746 0.4366 0.1525 0.1453 31.37 29.87 48.69 7.38 -4.35 3.77 2.1900 1.9900 -1.7700 1.2489 1.7000 -6.8900 6.70 -2.93 6.52 181 311 297 357 221 
-0.7255 0.2350 0.2739 0.5860 85.19 39.44 -7.44 6.35 2.88 6.29 3.2800 1.9500 -1.1700 1.0333 1.4567 -2.9956 5.00 2.82 7.94 181 355 343 412 223 
-0.6229 0.0687 0.2737 0.7296 98.62 24.56 -21.06 6.66 24.69 5.48 -3.3700 3.3600 24.5000 -5.2689 0.7189 0.6733 6.01 2.89 7.18 158 370 348 400 224 
-0.6113 0.1642 0.3678 0.6813 95.87 44.63 -24.31 5.98 3.63 2.48 -1.1100 1.2500 -0.2700 -0.3656 -2.5033 1.0411 7.91 2.26 5.33 174 342 345 396 225 
-0.5593 0.3660 0.4383 0.6009 94.31 80.19 -11.13 13.13 -1.26 -4.23 4.6300 -1.5000 -4.1200 -0.0744 -7.4878 2.5500 8.64 -1.83 -4.24 174 299 228 251 226 
-0.4060 0.7175 0.5172 0.2298 39.44 40.19 143.50 10.68 -7.62 -9.18 4.7500 -2.4500 -2.4600 4.2867 -1.4922 2.5667 3.94 -7.31 -5.19 177 317 188 210 214 
-0.5358 0.6793 0.4722 -0.1690 317.31 14.06 105.37 1.21 -2.23 1.21 -1.3900 8.2300 3.1200 2.4733 0.1133 -0.6244 2.59 -9.45 -0.33 169 317 191 190 183 
-0.6661 0.5170 0.4500 -0.2941 313.12 18.37 81.56 4.56 -11.33 -5.35 1.1300 -2.6800 -6.8400 3.9933 0.5922 -0.2700 3.24 -8.18 4.31 160 318 200 193 177 
-0.8240 0.2856 0.3242 -0.3666 312.44 18.37 39.69 -0.22 3.51 12.40 -3.1100 9.3500 5.6700 2.3467 0.5989 -0.7411 2.96 -3.85 8.51 174 331 203 197 175 
-0.8995 0.1284 0.2147 -0.3582 317.19 16.94 25.00 2.28 -1.36 8.00 -0.5300 2.6900 0.0000 -1.2700 0.2544 0.3044 2.66 -4.74 8.15 176 349 195 206 202 
;
