0.4976 -0.0447 -0.2935 -0.8151 117.19 21.37 -27.75 3.48 4.30 7.82 -0.0600 0.0100 -0.2200 -0.0022 0.1200 -0.0433 3.51 4.26 8.10 177 392 366 438 228 
0.4974 -0.0398 -0.2919 -0.8160 117.37 20.87 -27.94 3.05 3.59 7.71 -0.4900 -0.5300 -0.1300 0.8289 -0.6356 -0.1044 3.81 4.64 7.74 178 387 363 437 228 
0.4802 -0.1254 -0.3901 -0.7756 115.37 44.25 -36.69 12.43 7.12 9.92 5.1000 3.7000 3.7300 -1.0600 -3.9867 6.4733 9.26 0.56 3.16 184 336 311 358 229 
0.5955 -0.5313 -0.3416 -0.4963 67.37 59.88 70.56 1.37 -2.98 0.78 -9.2500 2.5300 0.0700 0.2689 -3.1911 5.3800 5.96 -7.76 0.43 177 278 162 183 200 
0.6578 -0.6935 -0.2856 -0.0692 358.00 22.00 104.12 4.18 -2.08 -2.43 2.2900 2.5400 -1.6300 -0.2211 -1.9778 0.8989 2.17 -9.04 -3.10 175 286 159 171 181 
0.5752 -0.7020 -0.3754 0.1882 320.19 9.31 101.62 4.01 -13.89 -7.04 2.4000 -4.0300 -5.9100 3.8578 0.2944 -1.0444 2.13 -9.55 0.61 151 286 168 177 182 
0.7625 -0.4919 -0.3405 0.2463 327.12 17.87 63.81 2.16 -4.44 3.01 -1.8400 3.6900 -1.6900 4.0589 2.0978 -1.9144 3.23 -6.09 6.96 147 298 169 179 182 
0.9385 -0.2151 -0.2071 0.1733 341.12 17.31 25.31 0.75 2.80 10.59 -0.9500 5.2700 2.0000 0.1678 0.8833 -0.5844 2.51 -3.39 8.85 150 301 177 181 184 
0.9651 -0.1700 -0.1491 0.1315 343.75 13.50 23.75 2.18 -3.07 9.34 -0.0900 1.1800 0.8400 -2.0311 0.2622 0.9689 1.70 -5.25 8.10 169 300 177 192 202 
0.9302 -0.3228 -0.1018 0.1422 344.56 2.19 44.69 -0.90 -2.86 4.28 -1.4000 4.0700 -2.6200 -4.1800 3.2289 -0.7889 -0.70 -8.87 4.11 172 302 215 245 225 
0.7862 -0.6133 0.0654 -0.0394 15.44 -0.75 82.81 1.00 -8.61 -1.00 -0.4600 1.1000 -1.5400 -2.2356 5.0200 -4.0822 2.45 -9.49 -0.16 175 331 274 362 223 
0.5690 -0.6807 0.1017 -0.4500 82.31 37.50 83.44 14.79 -8.83 2.60 9.1000 -1.8600 2.4000 1.6056 0.7667 -1.4733 6.97 -6.73 1.45 177 356 323 418 224 
0.5774 -0.6405 -0.0289 -0.5056 78.50 39.06 75.62 8.25 -10.28 4.01 1.1400 -2.4200 -0.9900 -0.0856 -0.0411 3.3167 4.00 -8.71 2.05 182 389 348 425 225 
0.7183 -0.5750 0.0991 -0.3792 51.38 13.56 64.06 1.24 -6.06 -1.46 -0.4600 3.3100 -6.4900 5.4578 -0.2644 1.6733 1.27 -6.52 7.20 186 388 349 422 227 
0.9189 -0.2258 0.0327 -0.3216 36.06 4.87 16.44 -0.81 3.67 1.89 -1.7200 5.3400 -7.1200 6.1200 -1.2667 0.4900 1.35 1.59 9.58 194 393 352 415 224 
0.9403 0.1626 -0.1436 -0.2621 31.31 12.63 -28.44 4.65 10.52 15.31 2.8200 5.5000 7.1000 0.3844 -1.2956 0.0056 2.68 4.93 8.03 193 395 352 424 227 
0.9200 0.1839 -0.2155 -0.2707 33.31 18.56 -25.37 3.57 6.69 9.40 0.2500 3.3300 0.6300 -3.9500 -2.0078 0.3989 4.40 1.38 8.65 188 386 347 409 228 
0.8991 -0.1491 -0.2554 -0.3227 41.13 38.56 19.25 4.23 2.13 3.13 -3.7100 4.9900 -4.6600 -7.4200 0.1889 -0.8244 6.58 -5.46 4.78 186 358 337 400 225 
0.6671 -0.5175 -0.1296 -0.5200 90.62 48.13 46.81 7.21 -4.88 0.59 0.7000 -1.2000 -3.5800 1.4089 4.6022 -5.2356 6.75 -1.45 6.95 177 361 342 417 223 
0.4123 -0.2405 -0.1444 -0.8668 130.37 27.44 -8.88 13.41 9.07 22.73 -2.4800 -2.8300 4.1300 -0.7844 -0.3511 0.5900 3.32 0.66 9.20 178 361 351 395 221 
;
