0.8854 -0.0358 -0.0439 -0.4614 55.00 6.31 1.31 0.97 -0.25 9.77 -0.1300 -0.0100 -0.0200 -0.0033 0.0022 0.0011 1.08 -0.22 9.74 178 344 346 355 216 
0.8854 -0.0358 -0.0439 -0.4614 55.00 6.31 1.31 0.99 -0.21 9.92 -0.1400 -0.0400 0.0800 0.0022 0.0067 0.0033 1.08 -0.22 9.74 179 341 344 356 216 
0.8854 -0.0355 -0.0435 -0.4614 55.00 6.19 1.25 1.02 -0.32 9.82 -0.0500 -0.0700 0.0600 0.1089 0.2922 0.0367 0.89 -0.15 9.76 180 345 340 357 214 
0.8891 -0.0112 -0.0302 -0.4566 52.75 4.81 -3.31 -2.21 1.02 13.22 -3.1900 0.7900 5.6300 1.7033 -4.7722 1.7889 3.67 1.87 8.89 178 306 300 303 215 
0.8708 -0.0665 -0.3386 -0.3503 39.69 51.38 -2.87 12.84 2.97 7.23 3.3000 2.5400 0.9700 -2.4533 -3.9767 4.4733 8.72 -3.25 3.06 174 291 190 219 214 
0.7618 -0.4075 -0.4963 -0.0847 4.44 49.38 80.44 3.88 -6.40 -1.01 -3.0400 0.2600 -1.4100 0.5344 -3.4744 3.9000 5.28 -8.25 -0.33 165 269 141 149 177 
0.6135 -0.5490 -0.5212 0.2250 314.25 20.62 99.44 -1.00 -6.79 -1.73 -1.9900 2.0100 -0.4500 -0.0222 -1.4567 0.2389 2.99 -9.16 -1.81 158 268 137 160 177 
0.5533 -0.5222 -0.5661 0.3173 298.19 16.69 100.87 5.87 -11.82 -3.78 3.2400 -3.4600 -2.6100 1.1667 -0.7144 0.3867 2.47 -9.40 -1.28 154 270 151 163 179 
0.5664 -0.4715 -0.5475 0.3963 289.56 14.06 88.06 3.65 -10.89 -2.75 0.4400 -1.0800 -3.5900 3.6622 1.4100 -0.1522 2.26 -8.93 3.35 160 275 158 163 179 
0.7336 -0.3262 -0.3523 0.4808 294.25 9.81 48.75 1.26 -3.32 3.61 -0.7000 5.1600 -2.2300 4.3022 1.8322 0.5622 0.43 -4.87 8.49 164 285 160 163 180 
0.8176 -0.1581 -0.0981 0.5449 293.06 -1.94 18.31 -2.91 2.11 11.41 -1.3700 4.4700 2.2500 0.2544 0.2856 -0.8122 -0.42 -2.63 9.43 165 285 164 164 180 
0.8456 -0.1349 -0.0576 0.5132 298.06 -1.94 17.69 0.75 -1.69 9.38 0.8000 1.4100 -0.0700 -0.9356 -0.1333 -0.1144 -0.18 -3.60 9.11 166 285 164 169 182 
0.8391 -0.1918 -0.1071 0.4976 299.44 0.06 28.62 -1.06 -2.05 9.11 -2.8000 2.0000 0.5000 -3.0667 -0.5711 -1.4256 0.86 -6.62 7.18 164 283 165 171 182 
0.8200 -0.3643 -0.2566 0.3593 316.37 11.31 56.31 3.09 -2.64 2.62 2.3800 5.6900 -1.8000 -4.4711 2.5856 -2.9811 3.53 -8.74 2.67 84 281 165 180 196 
0.7531 -0.5595 -0.3439 0.0405 2.00 29.81 82.37 7.24 -9.96 -2.00 7.1600 -1.4800 0.5500 -3.1589 3.4478 -1.2722 5.71 -7.96 0.39 159 317 226 309 206 
0.6957 -0.6536 -0.2139 -0.2075 35.13 32.69 85.19 7.44 -11.44 -0.08 2.6800 -2.8300 -1.1800 0.8089 1.4033 1.2700 4.42 -8.61 1.53 169 347 334 376 209 
0.7682 -0.5977 -0.0771 -0.2162 29.37 19.25 67.69 3.21 -5.74 -1.19 -0.0900 3.8000 -6.2800 4.6511 0.3778 1.3267 2.20 -7.28 6.18 174 355 340 377 208 
0.9393 -0.3079 -0.0573 -0.1401 14.50 11.50 27.75 1.37 -0.02 19.37 -2.3600 3.5900 12.5000 0.4867 0.2744 0.1633 1.84 -3.45 8.98 180 361 343 374 209 
0.9578 -0.2448 -0.0947 -0.1175 15.63 14.81 32.75 2.83 -3.54 8.74 0.1000 1.8200 0.1300 -3.8133 0.7322 -0.5089 2.42 -7.12 6.28 180 361 347 377 208 
0.8535 -0.4838 -0.0403 -0.1894 26.25 14.75 60.00 3.83 -8.95 -4.32 2.0100 -0.2600 -8.6000 0.9567 -0.0711 0.3900 2.28 -8.07 5.08 176 359 347 375 208 
0.8942 -0.4153 -0.0543 -0.1578 17.12 12.75 39.44 2.38 -0.08 12.20 -1.5500 5.4500 10.5600 2.1100 0.8900 0.7900 1.39 -4.16 8.76 178 363 340 380 209 
0.9643 -0.2322 -0.0617 -0.1115 13.94 11.69 28.25 2.64 -4.31 7.07 1.0300 0.2400 -2.6300 -0.8589 0.4744 -0.7889 2.28 -5.07 8.07 175 364 341 375 208 
0.9431 -0.2736 -0.0594 -0.1795 23.62 10.69 27.44 1.45 -3.87 4.41 -0.3600 0.2100 -4.3300 2.3911 2.1744 -0.9133 0.58 -2.78 9.38 178 354 334 351 207 
0.9603 -0.0709 0.0253 -0.2687 31.81 -1.00 3.87 0.04 1.23 10.78 0.5500 1.6400 1.3000 2.5578 0.3767 -0.3333 -0.28 1.15 9.73 165 360 340 381 208 
;
