0.8726 -0.0233 -0.0217 -0.4875 58.38 3.44 1.12 0.47 -0.28 9.71 -0.0900 -0.0800 0.3500 -0.0044 -0.0067 -0.0044 0.59 -0.19 9.78 175 335 345 366 216 
0.8726 -0.0233 -0.0217 -0.4875 58.38 3.44 1.06 0.47 -0.36 9.89 0.0100 -0.1600 -0.0500 0.0322 -0.0189 -0.0122 0.64 -0.21 9.78 174 309 342 368 213 
0.8752 -0.0441 -0.0449 -0.4796 57.38 9.75 2.31 6.18 -0.09 16.80 3.9800 1.5000 5.5500 -2.6322 0.4100 2.7800 1.60 -2.00 9.46 173 168 173 196 213 
0.9180 -0.1727 0.0771 -0.3485 35.56 -7.37 26.37 1.66 -1.78 6.05 0.3300 1.9900 -3.2900 -1.7422 3.7144 4.5522 -4.93 -4.55 7.14 176 145 141 178 205 
0.9030 -0.1776 0.3879 -0.0499 2.69 -46.63 26.94 -4.07 -1.33 2.38 4.7700 1.5400 -3.0600 0.4778 1.1178 3.6878 -8.13 -0.81 5.42 181 149 148 173 198 
0.8650 -0.0408 0.4805 0.1390 340.50 -57.00 -9.00 -12.19 1.19 7.04 -3.1400 0.5000 1.4100 -0.2411 -0.1500 -0.5211 -8.21 0.63 5.32 184 151 150 175 199 
0.8680 -0.0496 0.4738 0.1400 341.75 -56.56 -4.37 -7.21 0.84 5.26 1.0500 0.4500 -0.2200 0.0100 -0.1222 -0.2900 -8.12 0.25 5.47 185 155 159 179 200 
0.8774 -0.0622 0.4587 0.1263 344.37 -54.19 1.56 -9.45 -0.12 6.55 -1.0500 0.1900 0.2400 -0.0567 0.6422 -1.9400 -8.05 -1.29 5.44 182 195 203 216 208 
0.8799 -0.1332 0.4561 0.0070 5.37 -51.25 28.87 -6.34 -2.33 5.43 -0.5300 0.5000 -1.3700 0.8344 1.0611 -4.9167 -6.63 -5.14 5.06 180 370 176 183 197 
0.8221 -0.2388 0.4116 -0.3126 45.69 -28.69 49.88 -1.64 -6.59 3.33 2.8500 -0.6100 -2.1400 1.4744 -0.0567 -1.9211 -3.18 -6.70 6.41 186 384 168 189 201 
0.7914 -0.2146 0.3225 -0.4728 62.25 -17.25 41.00 1.15 -7.81 10.24 2.8900 -2.2000 3.1500 -0.0767 -1.2744 0.6056 -2.51 -5.99 7.34 187 380 182 194 202 
0.8262 -0.2419 0.2636 -0.4351 53.94 -12.25 42.00 -7.70 -7.51 10.41 -5.7000 -0.2200 2.9600 -1.8833 -0.2667 -0.7922 -1.51 -7.51 6.11 188 390 187 195 203 
0.7741 -0.3764 0.2841 -0.4223 59.69 -6.06 59.00 -3.79 -5.74 4.26 -2.4600 3.0900 -0.3400 -1.4233 1.3033 -1.3911 -0.55 -8.93 3.99 186 389 189 196 204 
0.6467 -0.4367 0.3522 -0.5167 80.00 0.62 68.50 1.20 -5.09 2.02 1.2800 3.5600 -1.6800 0.3533 1.5100 -1.2311 0.55 -9.03 3.76 186 385 189 198 202 
0.5756 -0.3903 0.3579 -0.6231 96.94 4.69 60.88 2.82 -6.56 3.92 3.8700 1.4600 -0.7000 2.1467 0.6744 -0.6989 0.94 -7.63 6.08 185 386 190 201 203 
0.5837 -0.2781 0.2734 -0.7121 99.87 3.81 42.69 4.78 -7.81 9.97 3.3400 -2.1700 2.9000 1.6322 -0.9167 1.6522 0.40 -5.71 7.95 184 384 191 201 204 
0.7054 -0.2243 0.1859 -0.6462 80.19 0.81 34.69 -2.99 -7.40 11.15 -3.9200 -1.1700 2.7200 -1.3344 -1.3011 1.6467 0.07 -6.30 7.51 184 385 194 200 203 
0.7750 -0.3141 0.1989 -0.5111 65.75 0.94 45.06 -1.54 -4.76 5.43 -1.4200 2.4600 -1.4100 -0.0656 -0.1278 -0.0211 0.26 -7.05 6.80 182 379 189 201 204 
0.7803 -0.3273 0.1887 -0.4983 65.00 1.87 43.00 0.63 -4.98 6.27 -0.0500 1.0600 -0.9600 1.7700 0.3100 0.1933 0.18 -5.74 7.94 176 378 244 263 210 
0.8234 -0.1980 0.1232 -0.5173 62.88 0.56 19.62 0.85 -2.51 10.51 0.4300 0.8000 -0.3500 3.8500 -1.1333 0.6833 0.80 -0.58 9.75 181 359 325 348 210 
0.8775 0.0066 -0.0322 -0.4785 56.88 3.81 -1.00 1.32 0.47 10.16 0.3300 1.0900 0.8100 -0.0544 -0.2522 0.0233 0.84 0.25 9.76 178 359 335 364 212 
;
