0.8879 -0.0831 -0.0486 -0.4498 53.69 9.25 6.00 1.46 -1.05 9.68 -0.0700 -0.0300 0.0400 0.0067 0.0078 0.0033 1.57 -1.01 9.62 175 327 330 348 218 
0.8880 -0.0828 -0.0486 -0.4498 53.69 9.25 6.00 1.54 -1.08 9.66 -0.0800 -0.1000 0.0300 -0.0089 -0.0122 0.0044 1.58 -1.01 9.62 172 330 334 347 216 
0.8879 -0.0833 -0.0491 -0.4497 53.69 9.31 6.00 1.49 -1.16 9.84 -0.1000 -0.1800 0.2100 0.1533 0.2756 0.0211 1.43 -0.92 9.65 164 314 329 352 218 
0.8950 -0.0717 -0.0497 -0.4374 50.06 10.63 5.19 4.88 -1.63 15.69 3.5500 -1.1600 3.8500 -1.7489 2.2578 2.4900 1.03 -2.17 9.50 178 198 183 217 216 
0.9409 -0.1300 0.1105 -0.2928 29.37 -14.88 19.81 -0.47 -2.23 6.43 2.2600 0.8000 -3.1400 -0.7033 3.4511 3.8933 -5.48 -2.51 7.73 183 144 151 170 187 
0.9238 -0.0605 0.3759 -0.0417 359.62 -47.56 5.31 -4.81 1.54 2.92 1.8800 2.1500 -2.4400 0.8456 1.3500 3.3533 -7.79 1.69 5.70 190 151 156 170 184 
0.8690 0.0857 0.4628 0.1524 337.69 -50.13 -31.69 -9.86 5.18 6.43 -2.7200 1.3400 0.9800 0.1889 0.1633 0.2922 -7.45 3.74 5.15 192 148 162 178 186 
0.8521 0.1209 0.4768 0.1790 336.56 -50.75 -36.63 -7.29 3.90 5.29 -0.5500 0.2400 0.7900 0.0322 -0.2656 -0.3967 -7.63 3.56 5.01 192 156 165 177 184 
0.8691 0.1015 0.4643 0.1371 346.25 -49.88 -22.12 -9.87 4.00 4.98 -1.3900 2.7600 -0.8400 -0.0811 -5.2356 -4.0167 -4.86 0.25 8.50 176 238 244 248 204 
0.9850 0.0002 0.0926 -0.1458 20.12 2.62 3.06 3.62 0.42 5.06 1.0700 -0.0800 -5.9400 -2.7844 -9.5778 0.3378 6.43 -2.33 7.02 165 357 179 182 192 
0.8234 -0.2415 -0.5096 -0.0620 0.75 63.38 65.75 9.73 -7.26 0.79 2.3500 -1.8700 0.7100 1.0878 -4.2089 1.8489 8.18 -5.33 -0.85 165 357 168 177 183 
0.6280 -0.2773 -0.7028 0.1868 320.37 49.06 101.06 8.65 -5.05 -0.85 1.6300 1.6300 0.5100 2.3111 0.0011 0.5822 7.08 -6.78 -0.16 157 323 179 176 176 
0.6210 -0.2156 -0.6796 0.3256 304.75 43.75 93.56 6.75 -5.74 1.34 0.0200 1.1800 1.4900 -2.0278 -0.0267 0.3644 6.55 -7.11 -1.61 153 346 181 179 180 
0.5621 -0.3109 -0.7228 0.2548 311.50 40.25 110.62 6.35 -7.26 -5.75 0.7100 -0.4600 -3.7700 0.2900 0.2167 -0.1722 6.40 -6.94 -2.61 154 325 178 179 181 
0.5737 -0.2922 -0.7172 0.2668 308.44 42.81 100.50 6.37 -5.18 3.67 1.3500 2.6600 5.8300 0.4400 -0.2367 -0.0222 6.76 -7.04 -0.86 158 315 182 181 182 
0.5804 -0.2745 -0.7141 0.2790 311.87 41.81 108.44 6.98 -4.55 -1.72 0.6600 2.2100 0.8400 -4.0811 3.2256 -0.7411 7.28 -5.78 -3.08 159 310 197 211 200 
0.6615 -0.4357 -0.6030 -0.0948 35.69 63.69 71.37 12.42 -3.57 -4.22 2.4000 -0.5300 -8.8900 0.0178 13.1067 -0.4511 3.24 -3.68 8.48 166 316 299 312 203 
0.8495 -0.0996 0.0178 -0.5177 62.88 2.62 6.50 0.33 -0.44 11.11 -1.5600 1.8300 2.6200 2.3144 -1.0267 -0.1811 0.40 0.55 9.78 176 347 330 358 208 
;
