0.6959 -0.0452 -0.3807 -0.6072 82.06 35.75 -29.44 5.93 3.76 6.86 0.2300 -0.1400 -0.0600 -0.0022 0.0222 -0.0078 5.73 3.90 6.93 176 359 353 400 226 
0.6983 -0.0443 -0.3797 -0.6052 81.56 34.75 -28.87 7.89 4.85 8.41 6.7100 3.0200 3.2100 -0.9956 2.4367 1.2144 4.69 3.09 8.03 178 270 264 317 223 
0.8117 -0.0366 -0.2105 -0.5435 62.00 16.19 -4.25 2.31 -0.26 8.32 -0.6600 -0.5200 -3.0000 -1.5333 3.3967 4.2867 -0.17 -1.01 9.75 185 160 164 179 151 
0.9482 -0.0118 0.1184 -0.2943 30.00 -19.94 3.37 -4.11 1.32 3.86 0.5700 1.9500 -5.2300 0.7711 3.6656 2.3067 -5.84 0.73 7.84 189 147 152 167 150 
0.9203 0.1387 0.3427 -0.1282 14.31 -44.06 -17.75 -7.80 4.11 5.66 0.2800 1.1900 0.7900 1.5078 0.7689 0.6622 -7.14 3.20 5.90 194 153 163 172 156 
0.8871 0.2324 0.3864 -0.0989 13.25 -47.50 -28.37 -6.29 3.43 6.95 1.6400 0.2800 0.7100 -0.5267 -0.0711 -0.3489 -7.25 2.69 6.02 197 158 149 173 165 
0.9009 0.1771 0.3799 -0.1124 15.31 -44.44 -16.62 -8.99 3.39 5.56 -3.3300 2.0700 -1.9900 -0.7256 -5.8844 -3.2722 -3.52 0.25 9.14 183 263 239 264 210 
0.9472 -0.0422 -0.0172 -0.3173 40.00 18.62 7.37 2.77 -0.72 1.61 -1.3400 0.7200 -6.8100 -2.4956 -8.6711 -1.3967 8.36 -2.18 4.62 179 310 290 338 217 
0.6741 -0.3913 -0.5457 -0.3077 49.56 76.75 130.37 11.60 -1.28 -2.08 2.5400 -2.3500 -2.2400 -0.6767 -5.5100 -0.5978 7.97 -0.79 -5.64 179 288 292 347 227 
0.3251 -0.5231 -0.7705 -0.1644 69.62 35.44 174.75 4.09 -0.50 -6.71 -0.7700 -1.0800 -0.0100 -1.3189 -1.1522 -0.2789 4.65 0.28 -8.62 189 282 263 319 232 
0.1779 -0.5688 -0.7901 -0.1436 72.12 25.19 178.62 9.40 -3.00 -15.29 4.3400 -2.7700 -6.1200 3.5478 -0.2633 2.2122 3.72 -2.99 -8.56 197 346 302 386 236 
0.3613 -0.5936 -0.7145 0.0806 327.00 26.44 131.94 2.64 -6.50 -6.16 -1.4700 2.2800 -0.2600 2.5133 1.2622 0.6889 4.51 -7.94 -3.55 201 398 348 420 233 
0.5750 -0.5333 -0.5895 0.1933 323.81 28.62 104.37 2.73 -3.48 -1.02 -1.7800 4.6900 1.0500 0.5789 0.5778 0.0856 4.78 -8.44 -1.39 200 402 356 420 235 
0.6313 -0.5161 -0.5458 0.1928 326.37 29.37 98.25 3.66 -6.85 -0.31 -0.8700 1.5100 0.8200 -0.2122 0.1322 -0.1844 4.92 -8.37 -1.31 200 401 363 415 236 
0.6343 -0.5171 -0.5499 0.1666 333.06 32.94 99.75 3.86 -4.64 -0.03 -2.3500 3.4200 0.5700 -2.0922 1.3900 -1.4433 6.25 -7.33 -1.78 180 320 289 313 229 
;
0.6436 -0.5535 -0.5264 -0.0485 19.62 51.94 102.94 7.50 -4.85 -1.84 -1.1500 0.3900 -1.1100 -2.5767 5.8978 -2.3500 8.76 -4.22 1.24 171 229 207 224 179 
0.6854 -0.4698 -0.3015 -0.4676 70.75 54.19 33.00 6.29 -2.98 9.43 -1.9700 -0.3600 2.8700 0.4700 -0.1411 -1.3867 7.32 -2.23 6.12 160 214 218 204 159 
0.6960 -0.3440 -0.2786 -0.5653 77.19 46.38 12.63 8.88 -3.60 9.97 3.3500 -2.1100 2.2800 -0.2267 1.6711 1.5644 5.95 -2.21 7.46 173 225 185 211 169 
0.8005 -0.2418 -0.1221 -0.5346 63.63 18.44 16.31 5.11 -2.68 7.46 2.9300 -0.4800 -3.0400 0.2978 5.0000 4.0867 -1.17 -2.56 9.39 190 166 167 185 131 
0.9226 -0.0323 0.1927 -0.3326 33.44 -27.19 7.56 -4.61 2.75 4.88 0.3000 3.0100 -2.9600 0.4956 3.3878 3.2056 -6.66 0.76 7.15 190 159 166 171 131 
0.8970 0.1449 0.4052 -0.1016 10.13 -50.50 -21.44 -9.57 5.04 6.49 -4.2400 1.8500 1.8400 0.3044 -0.0522 0.3756 -7.59 2.99 5.44 189 171 180 176 135 
0.8829 0.1948 0.4223 -0.0648 8.63 -50.06 -25.69 -7.85 3.54 6.22 -1.3200 1.1100 0.0500 -0.4156 -0.6422 -0.5889 -7.26 2.18 6.21 190 169 177 178 137 
0.9122 0.1353 0.3735 -0.1003 15.75 -40.88 -8.44 -7.34 2.88 6.48 -1.5800 2.7700 -2.1800 -1.0956 -8.3422 -3.9489 -0.84 -0.90 9.72 180 286 245 268 206 
0.9269 -0.1178 -0.1301 -0.3317 42.44 31.62 10.44 3.32 -0.91 3.13 -3.0400 0.0500 -5.5300 -1.7478 -9.2156 -0.6544 9.06 -1.93 3.18 173 314 290 347 221 
0.6033 -0.4265 -0.6289 -0.2421 42.50 61.63 154.62 12.07 -3.20 -2.53 1.4100 -0.9000 1.3200 -4.1067 -5.6967 0.3956 5.39 -0.13 -8.18 184 293 294 348 232 
0.1893 -0.5919 -0.7634 -0.1761 75.81 28.12 -176.37 7.33 -0.84 -14.23 3.7600 -0.9900 -5.2200 1.5456 -0.5289 0.8111 4.20 -0.42 -8.85 191 303 301 357 231 
0.2264 -0.6245 -0.7463 -0.0434 80.94 22.69 159.00 4.10 -3.31 -11.95 -0.1400 1.3200 -3.8700 6.4078 1.9922 0.4322 4.48 -6.48 -5.82 195 391 332 425 233 
0.5119 -0.5449 -0.6445 0.1605 326.44 30.31 113.56 1.87 -2.98 -1.20 -2.3900 4.7400 1.2100 0.6544 0.8278 0.1833 5.07 -8.03 -2.41 196 401 346 430 233 
0.6040 -0.5202 -0.5797 0.1690 329.56 32.06 103.19 3.89 -5.45 -0.82 -1.5100 2.2800 1.0700 -0.1078 0.2222 -0.1867 5.38 -8.00 -1.77 197 402 353 428 237 
;
