0.8711 -0.0723 -0.0977 -0.4759 57.25 13.81 1.94 2.21 -0.35 9.55 -0.1500 -0.0300 0.0100 -0.0044 -0.0033 0.0022 2.34 -0.32 9.51 174 321 346 364 215 
0.8711 -0.0723 -0.0977 -0.4759 57.25 13.75 1.87 2.28 -0.55 9.73 -0.3000 -0.2600 0.2300 0.3878 0.4756 -0.0389 2.06 -0.16 9.58 173 286 330 360 214 
0.8763 -0.0448 -0.0580 -0.4760 54.94 5.31 2.75 3.25 -0.82 13.70 3.4500 0.9900 1.6300 -2.7900 2.4144 2.9433 -1.15 -2.39 9.43 175 161 176 189 209 
0.9383 -0.1218 0.1730 -0.2737 25.31 -19.44 20.87 -1.75 -1.66 5.12 2.2100 1.7400 -4.1800 -0.9878 2.0989 4.3656 -5.49 -2.48 7.73 184 142 143 165 193 
0.9320 -0.0923 0.3497 0.0222 353.75 -44.44 7.75 -7.23 0.06 3.57 -0.2100 0.9100 -3.1100 0.8856 1.5544 1.9189 -7.68 0.57 6.06 188 146 147 168 195 
0.8801 0.0068 0.4570 0.1289 342.25 -54.00 -14.88 -9.40 2.00 6.80 -0.5200 0.4800 0.7700 -0.0889 0.1989 -0.0833 -8.01 1.50 5.43 193 147 147 173 198 
0.8710 0.0097 0.4726 0.1337 342.94 -54.75 -13.44 -6.92 1.38 5.31 0.7700 0.3600 -0.0700 -0.1300 -0.6067 -0.4156 -7.81 1.02 5.83 193 151 154 172 197 
0.8972 -0.0168 0.4269 0.1121 348.12 -48.13 -2.81 -11.59 0.74 6.32 -4.8200 1.0400 -0.3900 0.7156 -3.8889 -3.5400 -4.99 -0.88 8.39 181 261 242 256 209 
0.9857 -0.0485 0.1251 -0.1019 14.31 -1.19 8.50 1.19 -0.64 6.40 -0.2400 1.0900 -3.6800 -2.3944 -8.9933 -1.1056 5.74 -2.67 7.48 173 277 289 305 213 
0.8314 -0.2554 -0.4832 -0.1009 8.75 67.81 73.00 8.06 -4.51 -2.91 -1.1500 -0.8000 -2.0700 -0.7644 -9.9078 1.0411 6.48 -4.02 -6.15 181 271 277 314 218 
0.2922 -0.3414 -0.8876 0.1011 41.88 23.25 156.81 4.87 -3.69 -10.09 -0.0700 -0.2500 -1.8400 -0.4422 -0.9189 -0.1144 3.18 -3.00 -8.77 188 282 273 323 221 
0.2057 -0.3463 -0.9111 0.0872 41.56 18.31 161.44 4.22 -2.81 -8.56 1.5100 0.1600 0.4800 0.0956 1.1022 0.1178 3.75 -2.98 -8.55 184 283 269 322 220 
0.3615 -0.3808 -0.8510 0.0053 14.19 50.75 153.81 7.83 -1.84 -6.30 0.4800 0.7200 -3.1900 -1.6278 11.7122 0.7889 8.97 -2.99 2.58 177 304 304 326 215 
0.8350 -0.2956 -0.2816 -0.3689 49.00 31.69 17.31 1.84 -2.26 7.93 -2.1300 -0.6000 -0.4800 1.4978 4.2256 -0.5533 1.62 -1.32 9.57 182 343 332 354 210 
;
0.8898 -0.0546 -0.0390 -0.4514 54.44 5.81 0.69 1.73 1.25 15.03 -0.0300 -0.2900 5.1500 -0.7089 -0.4089 0.0433 1.02 0.10 9.75 183 353 341 370 214 
0.8884 -0.0173 -0.0503 -0.4559 54.31 6.06 -0.81 0.91 -0.04 9.85 -0.1400 -0.2000 0.0800 -0.0544 -0.0422 -0.0078 1.06 0.09 9.74 181 349 341 371 213 
0.8881 -0.0217 -0.0507 -0.4562 54.38 6.31 -0.37 1.00 -0.07 9.71 -0.1200 -0.0900 -0.0200 -0.0289 -0.0089 -0.0056 1.08 0.04 9.74 173 344 342 372 212 
0.8890 -0.0240 -0.0502 -0.4545 54.06 6.50 -0.19 0.01 -0.47 10.85 -0.9600 -0.3600 2.1300 0.1778 -1.5700 0.2200 2.12 0.12 9.57 182 274 283 310 214 
0.8923 -0.0717 -0.1255 -0.4277 48.19 17.12 4.62 6.17 -0.93 9.26 2.7800 0.6000 -0.9000 -2.3611 3.6700 3.1433 0.26 -2.71 9.41 179 184 182 202 210 
0.9493 -0.1459 0.1306 -0.2460 23.25 -17.44 21.75 -3.12 -2.08 5.96 0.7400 1.4700 -1.8700 -0.9489 2.2122 3.7689 -5.77 -2.74 7.43 183 153 162 170 194 
0.9194 -0.1129 0.3762 0.0198 354.81 -46.63 13.25 -7.20 0.01 4.76 0.5100 1.3700 -1.0900 0.0300 1.1944 1.7756 -7.98 -0.30 5.68 185 151 153 166 189 
0.8753 -0.0572 0.4644 0.1221 343.44 -56.00 -3.00 -9.06 0.54 6.30 -0.7800 0.0200 0.7200 0.1489 0.0478 -0.1444 -8.14 0.33 5.44 189 153 158 172 192 
0.8734 -0.0472 0.4690 0.1226 343.62 -56.38 -3.25 -8.23 -0.05 5.34 0.2800 -0.2100 -0.0400 0.0267 -0.0922 -0.1167 -8.13 0.25 5.46 190 157 162 174 192 
0.8767 -0.0544 0.4610 0.1261 343.62 -54.25 -1.44 -8.38 1.16 6.22 -2.1400 1.0900 -0.2900 0.4222 -2.7178 -1.2656 -6.94 -0.28 6.92 184 218 194 210 202 
0.9633 -0.0762 0.2548 0.0356 359.06 -21.50 10.13 1.66 0.30 7.54 1.1700 1.7100 -2.0600 -2.2700 -7.2533 -3.1822 3.17 -3.09 8.74 171 297 287 328 212 
0.8846 -0.2476 -0.3835 -0.0953 10.94 62.50 52.75 7.33 -5.18 -4.10 -1.0800 -0.8700 -3.3000 -0.7033 -13.0644 -0.1011 7.03 -3.25 -6.00 182 291 267 357 219 
0.2635 -0.3293 -0.9045 0.0627 40.50 23.19 162.81 3.13 -3.18 -11.01 0.9400 -0.8800 -2.0800 -0.3544 -0.2756 0.0911 3.22 -2.23 -8.98 187 292 268 349 222 
0.2026 -0.3484 -0.9140 0.0461 41.94 21.25 165.94 6.20 -1.92 -7.64 2.1100 0.0000 0.9700 -0.4400 4.9056 0.5567 5.95 -2.09 -7.50 160 291 272 346 219 
0.4875 -0.3880 -0.7749 -0.1061 31.69 68.31 143.75 9.66 -1.72 -3.43 -0.5100 0.1100 -3.1100 -0.7922 9.5411 -0.1611 8.57 -2.17 4.23 173 316 301 341 214 
;
