-0.6906 -0.1318 0.3262 0.6319 84.81 16.56 -38.38 2.95 5.82 7.30 0.1000 -0.0100 -0.0600 0.0067 0.0033 -0.0044 2.82 5.83 7.35 187 382 370 405 222 
-0.6904 -0.1299 0.3304 0.6303 84.75 17.12 -38.56 2.05 5.88 7.83 -1.6000 0.3600 1.1600 -0.0800 -1.8778 1.1367 4.01 5.57 6.99 186 358 326 376 224 
-0.6848 0.0408 0.4101 0.6010 85.44 45.75 -28.75 14.41 5.15 8.79 6.0700 1.5600 3.7400 -2.9333 -1.1744 0.9078 7.61 1.50 5.99 191 219 180 228 200 
-0.6711 0.1740 0.2064 0.6904 91.25 20.37 -0.69 3.43 -1.20 2.01 1.9200 0.8600 -6.2900 -0.2433 7.6278 2.1989 -3.51 -0.23 9.15 199 146 149 180 157 
-0.7332 -0.2276 -0.2460 0.5917 74.94 -46.19 -8.19 -7.95 2.72 2.45 0.7200 0.9500 -2.6500 1.4389 3.1022 0.9511 -8.34 2.23 4.63 201 142 154 175 156 
-0.6842 -0.4303 -0.3367 0.4831 70.69 -62.25 -34.75 -9.68 3.05 4.08 -0.6500 0.7600 0.3000 -0.3678 -0.7044 -0.4556 -8.64 2.26 4.04 199 150 167 189 167 
-0.6956 -0.3749 -0.3137 0.5264 75.94 -49.81 -14.88 -6.16 1.84 1.98 2.8400 0.3600 -5.9900 0.3056 -9.9167 -0.0478 -1.39 1.67 9.56 199 297 272 279 214 
-0.7368 0.0288 0.1846 0.6498 82.81 27.50 -13.94 10.06 2.32 5.67 2.9000 -0.1700 -0.0300 -0.3533 -1.8056 -0.8089 6.60 2.61 6.75 192 342 324 398 219 
-0.6678 0.0788 0.3278 0.6635 89.94 22.75 -24.25 -1.02 3.50 10.07 -2.9400 0.1900 -0.0400 2.5333 0.9656 -0.6256 1.54 5.17 8.18 190 379 358 409 215 
;
-0.6689 -0.1539 0.2495 0.6831 90.94 8.25 -33.19 2.04 5.01 6.96 0.4600 -0.3300 -0.8400 -0.0167 -0.0244 0.2833 1.66 5.27 8.09 188 379 364 408 220 
-0.6769 -0.1365 0.2551 0.6769 90.00 9.19 -32.31 0.91 5.47 9.13 -1.0800 0.6600 1.6100 0.1989 -1.3411 0.7900 2.55 5.08 7.98 188 370 345 384 222 
-0.6884 -0.0233 0.2982 0.6608 87.06 24.81 -24.87 7.89 3.29 10.88 3.0200 0.0000 2.4000 -1.4867 2.9144 1.2178 2.82 1.98 9.18 191 243 198 275 217 
-0.7678 -0.0342 0.0611 0.6369 77.62 -9.38 -5.12 -1.12 -0.65 5.73 0.7300 -1.0500 -5.7700 -0.1667 4.8844 1.7933 -6.02 0.97 7.67 197 151 142 187 177 
-0.7598 -0.3181 -0.2700 0.4987 65.06 -52.25 -27.06 -7.78 4.05 2.91 0.4700 0.7900 -1.4100 1.2267 2.3433 0.5411 -8.52 3.61 3.22 200 148 156 191 178 
-0.6887 -0.4811 -0.3420 0.4209 63.06 -61.19 -50.50 -9.33 4.22 3.16 -0.4500 0.1800 -0.2200 -0.3567 -0.5800 -0.1700 -8.53 3.43 3.38 204 151 161 191 178 
-0.7101 -0.4390 -0.3303 0.4403 64.44 -55.50 -34.31 -6.07 3.72 3.53 0.8200 0.5000 -2.1600 -1.1311 -5.1789 -0.2178 -5.47 2.50 7.74 194 217 211 234 204 
-0.8019 -0.1646 -0.0082 0.5742 72.81 -0.06 -15.31 1.60 2.08 6.80 -0.1100 -0.7400 -2.2700 -0.3811 -4.5467 -0.0178 3.53 2.53 8.79 191 322 301 350 217 
;
-0.7346 0.0521 0.2758 0.6177 83.44 28.87 -19.44 4.70 1.54 9.13 -0.4000 -1.2500 1.4500 2.0144 0.5556 -1.8722 4.08 4.29 7.80 192 375 343 408 219 
-0.6547 -0.0393 0.3658 0.6603 90.12 21.00 -37.38 -0.38 4.97 7.45 -2.5000 -0.7200 -0.1100 0.3144 -0.3789 0.3300 3.49 5.56 7.28 197 389 358 413 220 
-0.6700 -0.0952 0.3469 0.6494 87.81 21.69 -38.38 4.46 8.76 11.83 1.4800 3.1200 5.0900 -2.3844 0.8044 0.3278 3.74 4.41 7.91 188 339 314 377 220 
-0.7175 -0.0419 0.2137 0.6617 83.37 8.06 -16.06 0.00 1.36 8.68 0.1900 -1.3300 -1.0600 -1.0633 3.7356 1.1522 -1.27 1.70 9.57 191 228 222 285 220 
-0.7834 -0.1770 -0.0975 0.5877 71.56 -29.56 -11.25 -4.59 0.52 4.15 1.9300 -0.3400 -3.3900 1.0889 3.8100 0.4844 -7.09 2.39 6.33 191 157 165 195 173 
-0.7321 -0.3873 -0.3087 0.4677 64.75 -57.19 -33.69 -7.83 3.24 4.16 0.4600 0.0600 -0.4600 1.1322 1.0389 -0.0744 -8.56 3.30 3.43 199 149 161 189 174 
-0.6815 -0.4727 -0.3320 0.4493 67.00 -61.63 -47.06 -9.18 4.08 3.49 -0.6700 0.6600 0.2000 -0.4700 -0.6933 -0.2811 -8.52 3.19 3.64 199 170 176 204 183 
-0.7164 -0.4020 -0.2931 0.4891 69.50 -46.38 -22.31 -4.48 1.91 3.13 1.5700 -0.4100 -4.3500 -0.2178 -8.1433 -0.3689 -1.75 2.17 9.40 196 305 277 308 217 
;
-0.7670 -0.0470 0.1337 0.6258 79.69 17.69 -14.88 6.05 1.73 8.03 2.0800 -0.3200 -0.1700 -0.0822 -3.6078 -0.6778 5.46 2.56 7.72 193 356 324 391 222 
-0.6686 0.1248 0.3544 0.6417 90.00 37.44 -24.19 5.87 3.14 10.02 -0.4700 0.1900 2.7300 2.1378 0.0333 -1.2622 5.28 4.54 6.89 196 375 349 421 221 
-0.6459 -0.0132 0.3594 0.6735 91.87 25.81 -34.81 3.25 6.17 9.42 -0.7300 1.3300 2.6100 0.1000 -0.2700 0.1444 4.63 5.02 7.02 198 372 336 414 222 
-0.6434 0.0349 0.3717 0.6683 92.56 33.69 -30.69 7.52 5.03 12.28 2.0000 0.5400 5.2100 -2.2678 -0.0389 1.2511 5.95 2.34 7.43 191 355 312 373 224 
-0.6760 0.1385 0.2570 0.6766 88.87 25.81 -6.81 5.52 -1.37 6.01 1.6700 -2.7200 -5.2800 0.2356 5.8489 1.2900 0.20 0.69 9.77 190 279 239 291 220 
-0.7565 -0.1290 -0.0461 0.6395 78.69 -22.44 -10.94 -3.59 2.13 4.81 0.3000 0.2600 -4.2000 1.0267 4.5567 1.0211 -6.48 2.76 6.82 192 172 175 189 180 
-0.7302 -0.3893 -0.2418 0.5067 67.75 -51.88 -32.75 -7.92 3.07 3.09 -0.2700 -0.2200 -1.1100 0.6267 0.3789 0.2633 -7.97 3.65 4.37 199 152 163 176 172 
-0.7034 -0.4612 -0.2737 0.4665 66.75 -54.19 -43.13 -9.67 4.79 4.10 -1.8800 0.7100 -0.2800 -0.6267 -0.5867 -0.2344 -7.85 3.66 4.57 199 160 169 189 179 
;
-0.7265 -0.3979 -0.2701 0.4908 69.44 -47.38 -23.06 -6.43 2.68 1.03 0.3100 0.6900 -6.2000 -0.9233 -8.0122 -1.0756 -2.45 1.42 9.38 193 313 284 307 215 
-0.7584 0.0107 0.1126 0.6420 81.75 24.12 -8.06 6.08 0.98 5.92 2.0900 0.1000 -0.8000 0.3667 -4.7833 -0.7133 7.04 1.75 6.59 194 372 335 402 222 
-0.6453 0.2046 0.3833 0.6283 90.94 47.81 -22.00 7.75 2.06 10.11 -1.0000 -0.7000 3.1900 0.6900 2.3856 -1.9133 5.68 3.79 7.03 192 387 352 427 222 
-0.6085 0.0579 0.3558 0.7069 98.62 27.00 -30.69 2.24 4.98 9.57 -1.3600 1.0600 3.3800 0.5011 -0.5233 0.1456 4.54 4.73 7.28 197 390 349 427 222 
-0.6115 0.0455 0.3676 0.6992 97.44 32.88 -31.44 6.58 5.08 12.89 0.0500 0.0400 5.6000 -1.6278 0.3400 1.5200 5.43 3.02 7.57 191 378 333 392 221 
-0.6771 0.0720 0.2407 0.6917 89.12 16.31 -12.75 2.49 0.06 5.89 -0.5900 -2.2000 -3.6400 0.3922 5.8056 0.2000 -1.57 2.14 9.43 187 278 242 291 218 
-0.7236 -0.2478 -0.0920 0.6376 81.12 -35.31 -19.00 -4.19 2.57 3.77 1.9700 -0.3600 -3.2000 0.2300 4.9944 0.6233 -8.05 3.02 4.71 193 149 158 192 178 
-0.6640 -0.4777 -0.3071 0.4865 71.31 -61.75 -47.69 -10.02 3.62 1.63 -1.9000 0.3300 -1.2600 0.3633 -0.2433 0.1022 -8.62 3.63 2.93 196 153 160 194 184 
-0.6560 -0.4981 -0.3052 0.4780 72.19 -61.38 -46.50 -8.79 2.92 2.51 -0.2000 -0.2800 -1.1200 -0.6322 -2.3022 -0.1833 -8.18 3.02 4.46 196 238 207 232 202 
;
-0.7233 -0.3538 -0.1993 0.5585 77.56 -30.06 -18.50 -0.74 2.86 0.98 2.9200 0.0600 -7.4000 0.5089 -9.5533 -0.0744 2.48 2.81 9.05 192 373 313 365 223 
-0.6859 0.0792 0.3209 0.6483 87.75 37.06 -23.87 7.85 2.07 5.90 1.5300 0.0800 3.9900 0.5433 -1.5889 -0.9356 6.53 4.16 6.00 198 389 350 426 220 
-0.6096 0.0778 0.4288 0.6622 96.00 36.63 -37.25 7.11 5.21 10.99 0.7500 -0.2100 3.2000 0.0633 1.3656 -0.6867 4.86 5.01 6.88 193 390 358 434 224 
-0.6094 0.0174 0.3932 0.6883 96.75 30.69 -36.44 4.93 6.36 10.82 1.4500 1.4900 5.5500 -1.1711 1.4244 0.0089 4.63 4.42 7.42 199 385 347 412 223 
-0.6426 0.0224 0.2996 0.7049 94.25 21.75 -23.25 3.81 2.56 9.45 0.6400 -0.7200 0.8900 -1.9233 4.4189 0.1222 0.88 2.43 9.45 189 309 282 331 219 
-0.7062 -0.1317 0.0031 0.6957 86.69 -17.56 -10.56 -2.56 1.36 4.95 1.1300 -0.2700 -3.4600 0.6900 3.4000 0.7033 -5.09 2.43 8.01 188 230 207 253 213 
-0.7164 -0.3415 -0.1655 0.5855 76.62 -44.31 -26.31 -7.12 3.59 3.99 0.3800 0.3500 -1.8400 -0.3378 2.8178 0.0500 -7.96 3.21 4.73 191 156 163 192 185 
;
-0.6859 -0.4476 -0.2910 0.4946 72.00 -57.38 -38.00 -8.37 3.08 3.14 -0.7600 -0.1100 -1.5600 0.6656 -0.1089 0.1511 -8.18 3.56 4.05 197 149 161 190 187 
-0.6727 -0.4722 -0.2661 0.5035 73.56 -56.31 -41.06 -8.73 4.42 4.26 -0.4100 1.2100 0.2800 -1.1589 -0.5422 -0.1389 -8.03 3.19 4.62 194 174 178 215 195 
-0.7222 -0.3667 -0.2529 0.5291 73.56 -41.44 -17.31 -6.11 1.52 2.17 0.5100 -0.2300 -6.1300 0.2200 -7.7722 -0.9267 -1.17 1.87 9.55 192 323 293 340 218 
-0.7310 -0.0042 0.1218 0.6714 87.31 16.50 -9.38 4.48 1.16 4.63 1.6100 -1.3400 -1.8300 0.3800 -3.9978 -1.1089 4.63 2.08 8.38 192 381 332 399 223 
-0.6228 0.1077 0.3000 0.7145 100.69 32.31 -25.56 3.71 2.83 9.55 -0.4200 -1.3100 2.3100 2.0278 1.0422 -1.7656 3.89 5.52 7.10 191 392 351 411 222 
-0.5408 0.0246 0.3676 0.7562 109.56 24.87 -33.00 2.47 4.14 8.72 -1.8400 -0.2000 0.2100 0.5244 -0.6300 0.3533 4.50 4.75 7.29 191 385 350 413 225 
-0.5378 0.0708 0.3651 0.7567 109.50 31.06 -33.13 8.36 6.35 14.46 2.8700 1.1300 6.8900 -2.1311 0.8300 1.7244 5.38 2.75 7.71 192 299 267 330 219 
-0.6055 0.1362 0.2078 0.7560 99.37 20.00 -2.56 2.21 -0.47 4.93 0.4200 0.1500 -4.0100 -1.3611 6.6589 2.5644 -1.38 -0.93 9.66 198 184 176 202 190 
-0.7366 -0.1183 -0.1807 0.6409 78.56 -33.19 0.25 -5.10 0.85 3.35 2.0100 1.2200 -3.5800 1.2156 2.7544 2.0644 -7.02 1.65 6.63 196 149 163 184 180 
-0.7389 -0.3531 -0.2693 0.5068 68.12 -49.94 -25.06 -7.63 3.77 5.31 -0.9400 0.5600 -0.3300 0.1456 0.2567 -0.0133 -7.64 2.89 5.41 196 153 166 187 182 
;
-0.7296 -0.3875 -0.2745 0.4922 68.19 -51.44 -27.75 -8.26 3.05 5.00 -0.4500 0.3000 -0.6500 -0.2367 -1.2100 -0.6422 -7.33 2.46 6.02 200 210 218 230 204 
-0.7400 -0.3096 -0.2073 0.5601 76.81 -34.56 -14.88 -4.64 2.09 2.93 0.2100 0.2900 -5.6100 0.5178 -7.5478 -1.1567 -0.62 2.04 9.57 194 345 313 351 219 
-0.6859 0.0207 0.1848 0.7036 93.31 23.19 -16.06 7.68 2.74 6.69 5.1700 -0.5800 1.2400 -0.1267 -2.1533 -1.3667 5.45 3.25 7.47 196 378 340 407 221 
-0.5690 0.0649 0.3102 0.7589 108.00 25.06 -27.87 5.14 7.34 13.36 -0.3600 -1.3600 2.5800 -0.8578 -3.3678 -0.2011 4.21 4.25 7.76 192 385 357 407 223 
-0.5141 0.0765 0.2976 0.8008 113.75 25.44 -27.19 3.25 4.52 10.43 0.2100 0.8800 3.8800 0.1089 -2.2500 0.1411 5.24 4.17 7.16 193 384 351 415 225 
-0.5206 0.1446 0.3130 0.7811 110.50 33.31 -18.94 5.75 2.15 10.79 0.2500 0.2400 2.2000 -1.8578 3.7167 1.6011 3.75 0.95 9.00 193 327 288 338 217 
-0.6412 0.0626 0.0617 0.7623 99.00 2.44 0.13 -1.38 -1.05 4.32 0.4100 -0.4600 -5.1800 -1.1867 6.2378 2.2700 -5.11 -0.56 8.34 194 179 189 218 207 
-0.6926 -0.2538 -0.2847 0.6122 77.81 -50.25 -4.75 -9.33 0.72 1.73 -0.1100 -0.0600 -3.1900 0.7989 0.5544 1.3589 -8.07 1.77 5.26 193 149 166 183 198 
-0.6993 -0.3931 -0.3132 0.5082 72.50 -57.25 -28.44 -9.75 4.09 5.13 -2.0600 0.7100 0.3100 0.6811 0.0811 -0.0956 -8.28 2.79 4.44 201 151 171 190 200 
-0.6746 -0.4251 -0.2979 0.5248 76.06 -57.81 -26.12 -9.13 1.91 3.64 -0.2900 0.5900 -2.0000 -1.3922 -4.3467 -0.7600 -6.59 1.16 7.16 194 220 223 247 216 
;
-0.7399 -0.1658 -0.1140 0.6418 84.75 -8.94 -7.19 1.50 1.42 3.34 2.3600 -0.0600 -6.3300 0.7544 -8.9356 -0.9967 4.54 2.10 8.43 191 351 293 374 222 
-0.6235 0.1766 0.3373 0.6829 97.94 42.81 -20.75 7.10 1.38 8.40 0.5400 -1.3700 1.9800 0.2911 1.0911 -1.5567 5.72 3.46 7.16 197 391 332 417 224 
-0.5498 0.0787 0.3287 0.7638 109.50 24.25 -30.25 7.03 7.08 16.21 -0.0600 3.4100 13.5500 -1.6800 1.7311 -0.5011 3.43 4.43 8.04 194 392 352 425 223 
-0.5489 0.0275 0.3171 0.7729 109.12 24.00 -28.62 4.82 4.44 13.95 0.8200 0.2800 5.9800 -1.6122 -0.5800 1.3200 4.54 2.94 8.17 195 348 314 359 221 
-0.6191 0.0941 0.1940 0.7551 98.75 18.75 -7.44 4.35 0.11 6.66 1.4600 -0.0800 -2.5300 -1.3311 5.9544 1.9733 -1.07 -0.19 9.74 197 198 195 239 215 
-0.7394 -0.1320 -0.1420 0.6448 78.81 -30.31 -4.12 -3.58 2.09 4.88 2.4800 1.3800 -2.5300 0.2411 3.2767 2.2767 -6.89 1.95 6.69 195 147 168 181 181 
-0.7592 -0.3476 -0.2602 0.4848 63.38 -47.06 -26.69 -7.35 3.87 4.64 -0.4300 0.0300 -2.2500 0.3844 0.4756 -0.0711 -7.38 3.23 5.58 197 150 169 186 184 
-0.7460 -0.3896 -0.2709 0.4672 64.56 -50.19 -30.81 -8.71 3.62 5.30 -1.3900 0.2800 -0.0500 -0.3378 -0.2700 -0.4178 -7.54 2.81 5.60 201 162 179 200 198 
;
