0.7778 -0.0289 -0.0594 -0.6251 77.62 7.37 -1.75 1.23 0.19 9.65 -0.0600 -0.1100 -0.0800 0.0033 0.0133 -0.0378 1.25 0.32 9.72 174 368 350 347 218 
0.7760 -0.0264 -0.0606 -0.6273 77.87 7.31 -2.19 0.80 0.05 10.23 -0.6300 -0.3900 1.3800 0.7311 -0.7444 0.3111 1.64 0.76 9.63 176 329 339 358 216 
0.7837 -0.0361 -0.1276 -0.6068 74.31 17.81 -4.87 6.80 -0.60 10.71 7.9000 0.3700 2.4200 -1.1089 -0.3533 2.4122 3.66 -0.36 9.08 177 188 192 204 216 
0.8600 -0.1189 -0.0507 -0.4937 54.75 3.62 12.56 1.72 -1.22 7.10 2.3600 1.9900 -3.5100 -1.2511 4.4467 4.6189 -3.41 -2.66 8.79 181 152 149 174 203 
0.9203 -0.0306 0.3358 -0.1982 19.81 -41.88 11.19 -3.08 2.62 3.03 2.7200 2.1900 -5.7700 0.2144 2.1022 4.0722 -7.98 1.22 5.55 188 147 155 171 198 
0.8663 0.1301 0.4794 0.0528 351.06 -54.06 -32.88 -12.80 7.04 7.45 -4.4400 2.9900 2.2900 -0.0233 -0.4622 -0.1456 -7.75 3.37 4.95 191 148 163 175 200 
0.8800 0.1414 0.4510 0.0457 356.75 -49.56 -22.87 -6.97 3.06 6.03 0.2800 0.8500 -0.4700 -0.4900 -3.4889 -1.9022 -6.08 1.23 7.59 188 187 185 197 211 
0.9710 0.0525 0.2047 -0.1118 17.06 -14.81 -1.87 -0.62 2.02 8.06 1.0700 1.2800 -2.4500 -1.8722 -4.5522 -1.5489 1.19 -0.79 9.70 183 251 259 258 215 
0.9518 -0.1246 -0.1546 -0.2336 28.87 28.87 13.31 5.55 -1.96 4.52 0.1800 -0.0500 -2.7500 -1.9022 -5.5011 -0.3433 7.99 -2.73 4.97 181 258 263 263 214 
0.7900 -0.3244 -0.4665 -0.2303 33.25 65.37 45.00 11.81 -4.80 2.82 3.2900 -1.9700 0.3800 0.0111 0.1111 -0.4367 9.07 -2.66 2.60 181 248 247 250 214 
0.7720 -0.3287 -0.4846 -0.2473 35.13 63.31 37.06 13.84 -4.63 4.84 5.2500 -1.7600 0.0300 0.1444 5.2489 1.3022 6.88 -3.15 6.23 181 168 158 178 207 
0.9286 -0.2277 -0.1418 -0.2563 27.94 7.81 20.12 2.56 -1.85 4.12 3.1200 1.6500 -5.3000 1.9967 7.5633 4.1811 -4.68 -1.61 8.46 186 160 157 172 196 
0.9191 0.0281 0.3901 -0.0482 0.25 -51.50 -11.69 -7.91 4.35 1.77 0.2800 2.2100 -3.6000 1.2567 1.2378 2.6556 -7.79 3.50 4.80 190 164 161 174 197 
0.8574 0.1791 0.4720 0.1001 347.25 -50.63 -38.44 -7.74 5.02 4.91 0.8000 1.1600 -0.3500 -0.3922 -0.7144 -0.6400 -7.59 3.22 5.30 192 184 165 180 202 
0.8987 0.1407 0.4126 0.0481 356.81 -41.69 -20.75 -5.24 3.17 6.55 0.3200 0.5900 -0.7700 -0.4822 -4.0889 -1.6400 -4.48 1.67 8.55 184 240 212 223 211 
;
