0.5054 -0.2344 -0.2451 -0.7935 115.00 38.31 -11.19 5.85 1.52 7.75 -0.2000 0.0500 0.1400 -0.0011 0.0067 0.0189 6.06 1.49 7.56 174 357 349 407 227 
0.5060 -0.2322 -0.2443 -0.7939 114.94 37.81 -11.50 7.13 2.11 9.71 1.8200 1.0300 3.1300 2.7633 -2.1411 -0.6389 6.70 2.80 6.57 176 333 341 413 231 
0.4709 -0.2820 -0.4085 -0.7293 114.00 57.88 -34.94 14.90 0.63 2.96 5.3600 -4.4300 -2.7600 1.6089 -2.2733 5.9244 9.47 -0.37 2.49 176 320 317 364 230 
0.6578 -0.4760 -0.3828 -0.4407 60.69 62.06 52.94 4.54 -4.79 1.11 -4.1600 -0.8300 -1.8600 2.6011 -0.0178 3.4633 7.09 -5.51 3.92 176 361 327 397 231 
0.8116 -0.4250 -0.3672 -0.1605 15.88 50.13 58.38 8.00 -1.51 1.08 -1.1800 3.5500 -2.3400 3.2867 -1.5667 -1.2044 8.36 -3.96 3.22 183 404 350 421 236 
0.8119 -0.2133 -0.5417 -0.0430 6.62 66.62 36.25 8.43 2.75 3.40 -0.6600 4.6300 0.4500 0.3978 -0.4578 -1.3611 9.30 -1.11 2.90 177 377 356 423 233 
0.8000 -0.1309 -0.5742 -0.1146 19.75 71.75 15.38 9.30 2.37 3.46 -0.3600 2.8000 0.0000 -2.2467 0.1678 0.0411 9.26 -1.31 2.92 174 281 310 410 237 
0.7648 -0.2914 -0.5263 -0.2305 35.75 68.56 42.50 9.32 -2.18 0.79 0.2300 0.4200 -1.9000 -1.8044 0.5211 0.6189 8.88 -3.21 2.60 178 261 293 402 236 
0.7424 -0.4247 -0.4344 -0.2825 42.38 60.19 57.56 8.17 -4.94 0.73 -0.6000 -0.6600 -1.7000 -1.5056 1.1456 0.7533 8.00 -4.95 2.73 177 257 272 356 238 
0.7352 -0.5212 -0.3120 -0.3008 43.69 48.06 67.44 5.39 -7.82 2.80 -2.5700 -2.7000 0.8400 -0.4589 0.5722 0.6000 6.81 -6.53 2.63 178 273 269 348 239 
0.7460 -0.5461 -0.2541 -0.2840 42.19 43.81 67.50 7.12 -6.53 3.07 0.5500 0.2200 0.4000 0.0744 -0.0578 -0.0933 6.86 -6.42 2.78 182 279 288 351 238 
0.7513 -0.5373 -0.2634 -0.2783 39.75 43.75 66.81 6.74 -5.64 3.11 -0.0100 0.7900 0.2700 -0.3278 0.3844 0.4500 6.42 -6.83 2.87 179 283 292 339 234 
0.7684 -0.5568 -0.1631 -0.2700 40.50 26.69 67.37 4.59 -5.25 2.06 -1.9700 1.1400 -2.1600 -1.7744 3.0567 2.6900 1.48 -9.24 2.92 181 354 293 368 227 
0.7242 -0.5994 0.2061 -0.2717 38.94 -1.87 81.56 -4.28 -13.71 -2.60 -4.8600 -4.9200 -4.1400 0.8100 -0.4244 0.0222 -0.61 -9.68 1.44 181 377 330 396 227 
0.7496 -0.5631 0.2147 -0.2737 39.63 2.19 67.31 2.15 -4.50 -1.32 1.1100 4.8300 -6.4600 6.0867 -1.2533 -0.8900 1.52 -6.59 7.09 188 383 345 412 228 
0.9105 -0.2446 -0.0275 -0.3323 39.13 14.69 17.50 5.04 4.56 21.23 0.4000 5.3400 13.6300 -0.3522 -1.1544 0.5833 3.03 -2.43 9.00 187 384 347 411 228 
0.9108 -0.2718 -0.0774 -0.3010 36.44 16.06 37.75 3.75 -2.92 6.61 0.0400 2.3900 -1.7100 -5.6178 1.9722 1.0778 1.35 -8.54 4.62 187 387 348 410 228 
0.7668 -0.5570 0.1470 -0.2831 41.94 4.50 71.94 -1.05 -10.88 -4.72 -1.3300 -1.2400 -7.9000 2.5122 -0.4922 -0.3256 1.00 -8.78 4.23 192 380 351 413 228 
0.8454 -0.4296 0.0565 -0.3123 40.13 12.38 39.69 2.37 4.69 13.13 -0.9500 8.6600 5.8900 3.6778 -1.4167 -0.5489 3.10 -2.90 8.83 192 385 347 403 229 
0.9145 -0.1682 -0.1391 -0.3407 43.38 22.37 11.13 1.15 0.54 6.66 -1.2500 1.3800 -2.1000 0.4222 0.4322 -3.6911 3.90 -0.66 8.96 183 315 321 359 227 
0.8146 -0.0901 -0.1527 -0.5522 73.94 16.87 -4.06 2.26 0.62 11.20 0.1100 0.3700 2.6500 0.4200 0.9156 -2.5111 1.99 1.56 9.47 179 325 332 384 226 
;
0.7018 0.0173 -0.1276 -0.7006 91.56 7.19 -13.00 1.93 2.77 8.99 0.7700 0.0700 0.5000 1.0000 0.2533 -0.0933 0.98 3.08 9.25 181 372 346 407 228 
0.6828 0.0769 -0.1564 -0.7095 91.75 6.69 -19.50 1.03 3.10 9.90 -0.1700 0.0000 0.7400 -0.4522 -0.2889 0.1667 1.40 2.99 9.22 165 379 340 396 227 
0.6898 0.0493 -0.1615 -0.7040 91.12 9.00 -17.25 1.45 2.53 9.28 -0.2100 -0.3100 0.1000 -0.0289 -0.0500 0.0033 1.56 2.84 9.25 166 372 349 397 230 
0.6895 0.0431 -0.1606 -0.7049 91.25 9.31 -16.62 1.58 2.35 9.18 -0.1200 -0.3100 -0.0100 -0.1156 -0.0756 0.0100 1.63 2.67 9.29 166 379 346 401 228 
0.6849 0.0396 -0.1788 -0.7052 91.87 15.06 -22.94 5.12 7.54 16.72 3.9000 4.1800 8.9900 1.2256 -4.0900 0.8133 5.25 4.28 7.08 180 352 319 358 230 
0.6736 -0.1497 -0.3820 -0.6148 74.06 51.06 -11.19 8.47 -1.77 4.93 -0.2200 -1.7800 -1.3700 -0.4867 1.2544 6.5278 6.90 -2.81 6.36 177 380 343 411 231 
0.8765 -0.3050 -0.2980 -0.2233 17.37 43.31 34.88 3.93 0.00 0.95 -2.9800 4.3700 -3.7100 2.8722 -5.3867 1.2078 8.14 -3.87 3.85 177 405 352 427 232 
0.7832 -0.1259 -0.6029 0.0849 348.44 72.06 48.38 10.22 4.33 1.09 1.8400 6.0100 0.0000 -0.9333 0.0467 -1.3878 9.54 -1.04 1.96 177 353 315 425 235 
0.7820 -0.0795 -0.6176 -0.0255 7.37 75.44 24.25 10.75 2.09 1.38 1.1700 3.6700 -0.4800 -3.0700 0.8611 0.1722 9.33 -1.64 2.50 176 286 322 421 234 
0.7822 -0.2548 -0.5491 -0.1476 23.31 66.94 45.56 8.11 -2.70 0.33 -1.1800 -0.1100 -2.5100 -2.1056 1.1222 1.8556 8.33 -4.26 2.91 180 270 277 390 238 
0.7872 -0.4295 -0.4048 -0.1786 25.06 49.50 62.69 3.93 -8.18 2.86 -3.6100 -2.4700 0.1700 -1.8756 0.4522 1.3222 6.67 -6.75 2.44 178 270 277 338 233 
0.7654 -0.5360 -0.3082 -0.1782 26.75 41.13 73.00 6.93 -7.72 2.30 0.1900 0.3100 -0.1600 -0.2389 0.0611 0.0922 6.37 -7.15 2.08 179 279 287 338 234 
0.7590 -0.5633 -0.2706 -0.1826 27.87 35.00 73.75 6.74 -3.57 2.96 -0.4000 3.8800 -0.8800 -3.2711 5.8378 2.3900 3.18 -9.00 2.19 183 307 288 330 226 
0.6985 -0.6406 0.1357 -0.2885 46.13 7.31 85.56 -0.53 -15.43 1.50 -1.3500 -7.1500 -0.2300 -1.0978 0.5400 1.5478 0.14 -9.79 -0.41 179 378 315 379 227 
0.6246 -0.6657 0.3047 -0.2719 47.31 -0.75 92.62 -1.54 -10.18 -5.03 -1.2700 0.6700 -6.2700 3.7900 -1.8122 -0.8433 0.61 -9.50 2.32 182 378 333 389 226 
0.8032 -0.4920 0.0916 -0.3231 43.50 13.88 48.31 5.85 2.92 3.41 4.8100 10.0300 0.4900 5.8533 -1.0300 -1.1678 3.53 -3.61 8.39 187 372 339 392 225 
0.9050 -0.2303 -0.1379 -0.3301 38.88 24.37 25.75 5.87 -0.67 14.39 2.2100 3.5400 4.7600 -5.2667 0.0422 1.4089 3.54 -6.98 5.89 186 376 342 388 225 
0.7960 -0.5410 0.0092 -0.2714 38.06 12.63 71.50 0.77 -9.01 0.80 -2.5900 -0.7500 -3.5700 -3.1667 1.3067 1.0367 1.04 -9.72 0.70 177 374 339 381 226 
0.6797 -0.6689 0.1774 -0.2432 38.13 5.31 84.25 -0.98 -8.76 -8.10 -1.9500 3.0300 -8.1500 6.3367 -1.5833 -1.3422 2.02 -8.37 4.69 177 351 342 382 226 
0.8878 -0.3575 -0.0602 -0.2834 34.81 21.44 28.25 7.37 4.48 18.41 1.7800 5.5900 9.4600 0.9444 -0.9878 -0.2900 4.40 -2.85 8.28 181 345 342 367 227 
0.9043 -0.2551 -0.1789 -0.2918 38.00 28.87 27.06 2.16 -1.50 3.59 -3.0000 2.3100 -3.0400 -1.6978 0.1511 -2.9989 5.48 -3.90 7.12 178 309 319 353 225 
0.7742 -0.3298 -0.1895 -0.5058 77.94 40.63 17.87 6.83 -2.40 5.11 1.6200 -1.9600 -2.0000 1.6978 1.9078 -6.7100 5.45 1.99 7.90 181 348 334 404 225 
;
