0.7877 -0.1318 -0.1155 -0.5906 73.69 19.62 4.25 3.11 -0.66 9.20 -0.4500 -0.0300 0.1000 0.0011 0.0000 -0.0011 3.30 -0.69 9.20 178 351 336 356 215 
0.7872 -0.1320 -0.1162 -0.5911 73.81 19.81 4.25 3.09 -0.67 9.21 -0.0800 0.0900 0.0100 -0.0211 0.0067 0.0067 3.33 -0.69 9.19 177 350 334 358 211 
0.7868 -0.1328 -0.1166 -0.5914 73.87 19.94 4.31 3.16 -0.66 9.21 -0.1800 0.0300 0.0100 0.0089 -0.0067 -0.0056 3.35 -0.68 9.19 177 351 335 354 215 
0.7867 -0.1329 -0.1165 -0.5914 73.81 19.87 4.37 3.19 -0.66 9.21 -0.1300 0.0100 0.0400 0.0078 -0.0456 -0.0267 3.36 -0.69 9.18 178 352 337 355 215 
0.7863 -0.1335 -0.1174 -0.5917 73.87 19.94 4.31 3.17 -0.65 9.18 -0.1200 0.0300 0.0400 -0.0178 -0.0156 -0.0022 3.35 -0.71 9.18 177 350 336 355 214 
0.7861 -0.1342 -0.1172 -0.5919 73.94 20.00 4.37 3.20 -0.66 9.22 -0.1700 0.0500 -0.0100 -0.0222 0.0133 0.0144 3.34 -0.72 9.18 183 351 336 354 215 
0.7863 -0.1342 -0.1160 -0.5919 73.94 19.81 4.44 2.14 -1.58 10.18 -1.8000 -1.0700 1.8700 1.5289 -2.0922 0.6544 3.92 -0.17 8.98 169 340 320 358 215 
0.8065 -0.1376 -0.2343 -0.5252 60.50 34.31 1.25 10.93 -1.03 9.44 3.8200 -0.2100 0.5500 0.0800 -0.4667 4.3478 5.60 -1.93 7.81 164 368 323 364 214 
0.9064 -0.2218 -0.2803 -0.2250 19.56 40.25 22.50 6.38 -1.23 4.04 -0.4800 2.0100 -2.8900 2.8756 -3.1578 2.0022 7.35 -2.74 5.87 168 371 340 359 218 
0.8713 -0.1177 -0.4744 0.0446 351.56 55.19 22.12 5.42 1.85 3.85 -3.0100 3.8900 -1.0800 1.1289 0.0678 -0.2411 8.08 -1.36 5.38 170 374 336 364 216 
0.8748 -0.0160 -0.4777 0.0800 350.81 56.88 9.44 7.58 2.32 6.54 -0.3700 3.0300 1.3500 -1.3122 0.2111 -0.9089 8.21 -0.75 5.30 174 302 312 355 219 
0.8796 -0.0641 -0.4711 -0.0153 5.31 55.44 12.31 9.05 0.50 5.03 0.9900 1.8200 -0.5500 -2.5967 1.0589 -0.4744 7.79 -1.93 5.63 171 248 265 346 223 
0.8748 -0.2160 -0.4105 -0.1401 20.37 50.19 27.69 7.94 -2.51 3.39 0.5800 0.5800 -2.2000 -2.4767 0.9489 0.4278 7.02 -4.12 5.46 164 223 230 340 226 
0.8429 -0.3875 -0.3116 -0.2057 27.19 40.81 51.94 2.61 -9.40 3.17 -3.3700 -3.3200 -0.6900 -1.2100 0.2700 0.4078 5.96 -6.64 4.05 167 241 246 350 227 
0.8127 -0.4810 -0.2533 -0.2095 29.56 38.38 58.38 6.57 -6.85 3.69 0.8600 0.3600 -0.0800 0.3489 -0.3156 -0.0611 6.22 -6.41 4.04 163 246 250 346 230 
0.8165 -0.4655 -0.2803 -0.1954 25.44 40.50 57.75 4.58 -5.41 3.80 -1.2200 1.0800 -0.1600 0.9022 1.5211 0.0111 6.14 -5.98 4.75 168 214 224 245 219 
0.8673 -0.3818 -0.2255 -0.2261 32.06 33.44 34.81 4.71 -3.87 4.50 0.0900 0.5200 -1.8700 2.0056 1.6378 -1.0722 5.15 -2.97 7.79 163 178 157 177 176 
0.9088 -0.1901 -0.2382 -0.2852 34.25 36.44 12.63 3.36 -0.92 4.12 -1.3500 0.2100 -0.3100 2.7000 -2.1733 -0.7644 6.97 -0.59 6.87 147 276 160 175 203 
0.8710 -0.0992 -0.4022 -0.2640 33.63 50.94 -8.63 9.30 3.64 7.35 1.6500 2.1700 1.6600 1.1789 -1.3822 -0.6989 8.19 2.00 5.00 140 322 157 186 201 
0.8112 -0.0157 -0.5248 -0.2574 35.44 60.06 -31.62 9.83 3.89 2.81 1.7100 1.3700 -1.2600 0.9178 -0.4244 -0.1978 8.59 2.94 3.68 136 336 158 186 201 
0.7880 0.0347 -0.5701 -0.2296 30.00 63.00 -43.25 14.72 4.92 5.87 5.2400 1.7000 2.8300 0.7811 -0.2578 2.2933 9.18 1.93 2.84 133 335 170 189 201 
0.8000 -0.0080 -0.5951 -0.0760 5.94 72.44 -1.06 5.59 -0.38 5.32 -3.8000 0.0400 2.2300 -0.1622 0.6333 1.7167 9.13 -1.35 3.31 134 336 166 191 198 
0.8157 -0.0935 -0.5698 0.0334 355.44 67.31 31.94 3.60 -1.05 2.92 -5.3400 1.0600 -0.1800 -0.6200 -1.1967 -0.7500 9.34 -1.75 2.41 128 344 168 192 199 
0.7635 -0.0999 -0.6374 -0.0280 8.25 81.94 28.00 8.07 3.04 -2.31 -1.0500 3.0200 -3.4000 -0.4611 -0.8933 -2.2600 9.72 1.19 0.29 127 337 169 192 197 
0.6839 -0.0182 -0.7115 -0.1603 29.12 74.87 -100.69 11.33 4.50 -3.22 1.5400 1.5400 -2.2500 0.8311 -0.5933 -1.3889 9.02 3.64 -1.18 128 331 169 193 197 
0.6234 0.0980 -0.7533 -0.1854 31.56 64.06 -112.87 13.63 4.83 -0.65 4.9300 1.2300 1.5000 0.9411 0.2933 0.8256 9.01 3.41 -1.80 130 326 169 194 198 
0.6364 0.1037 -0.7581 -0.0981 13.56 73.31 -125.62 6.07 2.50 -0.12 -5.4900 0.0700 1.4100 0.4644 -0.0756 0.6789 9.54 1.53 -1.64 131 321 171 194 200 
0.6392 0.0844 -0.7632 -0.0434 10.13 75.19 -128.44 11.40 4.49 1.30 3.9300 2.5700 3.1700 -2.4089 2.3578 0.5233 9.59 2.00 0.14 166 323 167 199 200 
;
0.8265 -0.0343 -0.5385 -0.1603 25.44 48.31 -1.56 6.26 0.41 3.62 0.1900 0.6500 -5.0900 -4.1089 9.2100 -0.4089 1.36 -2.65 9.34 171 315 285 313 209 
0.9311 -0.1366 0.0438 -0.3354 43.00 0.62 14.25 1.53 -0.88 8.18 2.4500 1.4900 -0.4700 2.1400 0.0689 -1.0356 0.35 -0.73 9.77 167 362 338 367 206 
0.9073 0.0052 -0.0117 -0.4202 51.06 0.94 -8.06 -1.93 -3.07 -7.65 -0.2100 0.6400 -0.8500 0.7078 -0.0667 -0.0833 0.54 1.14 9.72 177 367 352 384 211 
0.9012 0.0510 -0.0617 -0.4259 50.00 4.81 -9.88 1.87 3.09 13.68 1.0100 1.1900 4.4100 -0.4356 -0.7444 0.6756 1.54 1.60 9.55 171 346 335 353 213 
0.9209 0.0036 -0.1296 -0.3676 39.63 18.44 -3.62 5.12 -0.68 9.20 1.4300 -0.9900 0.0800 0.2533 -3.4444 3.5533 5.34 -0.47 8.20 168 332 314 341 214 
0.9252 -0.1011 -0.3474 -0.1143 7.56 45.81 10.94 7.46 -0.46 5.23 -0.1100 1.2900 -1.3300 1.7711 -1.2156 1.9044 7.56 -1.62 6.02 163 343 315 349 214 
0.8941 -0.0349 -0.4357 0.0977 344.94 50.00 11.44 4.33 2.29 4.83 -2.9700 2.6500 -1.5800 1.2089 0.1933 0.0900 7.35 -0.75 6.43 164 348 331 359 216 
0.8992 0.0383 -0.4071 0.1559 340.75 47.75 4.69 5.69 2.74 6.96 -1.4700 3.1400 0.4200 -0.6467 -0.2278 -0.4789 7.35 -0.54 6.46 164 338 324 354 215 
0.9079 0.0104 -0.4064 0.1024 349.56 47.56 6.12 8.24 1.76 6.37 1.0000 2.5200 -0.4000 -1.9678 0.2000 -1.0889 7.26 -1.05 6.50 167 296 305 350 218 
0.9089 -0.0880 -0.4069 -0.0227 6.06 48.06 14.69 7.29 -1.14 5.09 0.3500 0.8400 -0.9000 -2.7867 -0.4433 -0.2367 7.49 -2.74 5.69 170 248 247 340 221 
0.8629 -0.2663 -0.4125 -0.1202 17.25 51.25 40.50 6.65 -5.01 3.80 -2.1600 -1.5900 -0.8500 -2.5144 -0.6933 0.3311 7.68 -5.01 3.46 171 232 244 343 229 
0.7892 -0.4205 -0.4187 -0.1581 23.37 53.06 63.00 8.73 -6.67 1.24 0.8400 -0.9700 -0.7700 0.0289 -0.0633 -0.0922 7.92 -5.18 2.54 170 242 243 357 230 
0.7790 -0.4270 -0.4307 -0.1592 22.44 53.56 62.94 6.95 -4.56 3.36 -0.9000 0.5400 0.6800 0.2844 -0.1956 0.0756 7.88 -5.16 2.69 173 244 252 358 231 
0.7859 -0.4125 -0.4371 -0.1451 20.62 54.13 62.13 7.00 -4.58 2.84 -1.1300 0.3800 0.1700 0.2078 -0.4911 -0.1411 8.11 -4.94 2.43 169 238 260 336 229 
0.7751 -0.4011 -0.4702 -0.1315 19.62 56.19 62.25 4.00 -3.54 1.98 -4.4700 1.0300 -1.4400 0.9100 1.0967 -0.9278 8.12 -4.26 3.45 167 269 222 251 217 
0.8246 -0.3121 -0.4353 -0.1818 25.81 56.63 34.19 8.48 -2.17 4.43 -0.8700 -0.0400 -0.3200 0.9333 -1.4278 -0.5589 8.62 -2.02 4.19 164 285 155 187 173 
0.7961 -0.2205 -0.5321 -0.1855 27.31 70.81 24.81 12.45 0.79 3.65 1.3000 1.3800 1.0700 0.4422 -0.9244 -0.8833 9.52 -0.61 2.25 154 289 157 184 180 
0.7380 -0.1781 -0.6185 -0.2025 31.75 82.25 -8.38 10.32 2.47 1.22 1.1300 2.2800 -0.7000 0.5622 -1.1689 -1.3422 9.71 1.29 0.35 130 297 140 187 183 
0.6753 -0.0997 -0.6957 -0.2238 35.56 78.37 -96.06 16.62 3.54 0.01 7.1700 1.3700 0.5800 1.4511 -0.4667 0.7678 9.67 1.42 -0.77 124 307 168 189 183 
0.6713 -0.0735 -0.7300 -0.1053 12.38 86.56 179.37 9.14 -0.04 2.72 -1.2100 0.6100 3.0300 0.2578 1.3367 2.2211 9.64 -1.72 0.30 113 317 170 190 184 
0.7338 -0.1623 -0.6596 0.0057 359.56 73.31 70.19 3.30 -1.51 2.32 -5.5800 1.6800 1.0400 -1.1900 -0.0933 -0.2489 9.42 -2.60 0.72 6 321 170 191 185 
0.7131 -0.2109 -0.6653 -0.0659 14.81 80.31 91.81 7.17 1.82 -1.93 -1.7600 3.3100 -2.0300 -0.9578 -0.5956 -1.9922 9.78 -0.17 -0.67 6 318 170 191 186 
0.6422 -0.1630 -0.7220 -0.1995 37.56 80.06 -130.69 11.10 3.10 -2.80 1.6700 1.3000 -1.3100 0.5444 -0.6600 -1.5011 9.38 2.38 -1.57 127 318 173 193 184 
0.5926 -0.0613 -0.7662 -0.2408 44.13 67.87 -122.06 13.77 3.76 -1.93 4.5300 0.3600 0.1700 1.3500 0.1811 -0.2144 9.03 3.14 -2.16 129 316 174 194 186 
0.6057 -0.0021 -0.7773 -0.1702 26.81 73.00 -133.69 6.63 1.98 0.01 -3.5600 0.3400 1.9000 0.4200 0.5600 1.1089 9.61 1.03 -1.64 4 314 173 194 186 
;
