0.8795 -0.0539 -0.0619 -0.4689 56.13 9.25 2.12 1.77 -0.35 9.60 0.2100 0.0100 -0.0300 0.0011 -0.0289 -0.0489 1.61 -0.35 9.66 168 333 330 378 216 
0.8779 -0.0550 -0.0641 -0.4713 56.44 9.44 2.06 1.80 -0.35 9.25 0.1000 -0.0300 0.0100 0.0100 0.0567 0.0244 1.57 -0.35 9.67 169 330 331 377 217 
0.8792 -0.0529 -0.0598 -0.4697 56.00 8.56 2.12 1.33 -0.73 9.65 -0.6100 -0.6000 -0.2000 0.8200 -0.3300 0.2367 1.57 0.05 9.67 168 330 329 384 213 
0.8826 0.0112 -0.1483 -0.4460 51.38 19.06 -16.31 4.92 2.95 13.67 3.3900 -0.7300 1.4000 0.1311 -0.7978 1.7367 4.29 2.46 8.46 166 333 295 354 217 
0.9047 0.0078 -0.3168 -0.2847 28.12 40.94 -12.25 7.74 0.98 4.57 0.5300 -0.0100 -2.1300 1.6022 -2.2144 3.2389 7.75 0.54 5.97 170 361 341 361 220 
0.8911 -0.0019 -0.4529 -0.0278 359.69 54.06 -0.62 5.18 2.14 3.56 -3.0400 2.5400 -2.0100 1.1911 0.1167 0.8144 7.94 0.01 5.74 175 360 338 369 220 
0.8880 0.0384 -0.4525 0.0722 350.62 54.06 0.00 5.77 3.19 5.85 -1.5300 3.2700 0.4100 -0.6911 0.0556 -0.2900 7.96 -0.12 5.71 176 324 326 371 222 
0.8872 -0.0024 -0.4602 0.0330 358.25 54.50 4.75 8.93 1.11 5.09 1.1600 1.5800 -0.7800 -1.6756 -0.1278 -0.8578 8.02 -0.73 5.59 179 290 311 365 223 
0.8822 -0.0938 -0.4534 -0.0855 14.13 54.94 10.63 7.98 -1.61 4.29 -0.6600 -0.5000 -1.5600 -2.1267 -0.5622 -0.0500 8.17 -1.94 5.06 177 253 287 362 227 
0.8419 -0.2556 -0.4392 -0.1819 25.37 56.31 34.94 7.35 -3.83 3.53 -1.2700 -1.3400 -1.0000 -1.3300 0.0733 0.4933 8.02 -4.00 3.96 177 255 289 348 234 
0.8074 -0.3733 -0.4064 -0.2086 29.69 54.63 48.81 7.89 -6.01 2.85 0.5200 -0.9500 -0.6700 0.0411 -0.0044 -0.2700 8.09 -4.11 3.70 177 262 292 350 234 
0.8008 -0.3747 -0.4111 -0.2220 30.31 55.50 47.69 7.25 -3.60 3.75 -1.1500 0.3500 -0.1500 0.2633 -0.3789 0.2111 8.12 -4.15 3.59 175 266 299 352 235 
0.7965 -0.3683 -0.4407 -0.1889 25.31 58.63 54.00 2.72 -3.42 0.80 -5.6800 0.9400 -1.8300 -0.0578 -2.7556 0.1089 8.74 -4.25 1.28 173 265 296 343 232 
0.6888 -0.4094 -0.5923 -0.0839 8.13 58.88 107.31 5.61 -6.25 -4.45 -2.4400 -0.7400 -1.8800 -0.1478 -5.1178 0.3867 7.21 -5.14 -4.20 150 233 250 261 228 
0.4539 -0.4416 -0.7706 0.0716 334.87 33.81 143.94 7.26 -3.97 -7.31 2.9900 0.3700 0.0500 -1.9589 -3.4967 -0.3789 3.07 -3.54 -8.61 138 237 253 269 228 
0.1710 -0.4306 -0.8824 0.0814 51.94 11.50 164.12 2.46 -2.95 -11.89 0.2100 -0.4100 -2.3000 0.0011 -0.1033 0.0267 1.86 -2.41 -9.32 145 247 263 286 228 
0.1487 -0.4371 -0.8843 0.0692 52.63 11.88 164.87 1.65 -2.61 -8.33 -0.2900 0.1700 0.7700 0.0256 0.0467 -0.0300 2.09 -2.51 -9.24 149 249 266 292 232 
0.1556 -0.4403 -0.8816 0.0689 52.94 12.31 164.56 1.66 -2.41 -8.99 0.0000 0.3700 0.2900 -0.0489 0.0956 0.0033 2.11 -2.53 -9.23 150 253 270 293 229 
0.1583 -0.4492 -0.8770 0.0641 54.19 12.81 165.00 2.06 -2.51 -9.03 -0.0700 0.1400 0.3500 -0.0289 0.0478 -0.0156 2.20 -2.45 -9.23 151 255 270 297 229 
;
0.1673 -0.4576 -0.8716 0.0532 56.06 16.62 165.75 5.90 -1.74 -9.79 2.3200 0.9900 -0.4900 -0.3578 5.9733 0.0089 6.35 -2.04 -7.18 165 263 278 293 219 
0.4689 -0.4432 -0.7495 -0.1484 37.31 62.56 155.31 7.50 -1.80 -3.25 -1.3900 0.4200 0.6000 -0.6222 2.8578 0.0633 9.35 -1.81 -2.30 163 281 284 305 220 
0.6031 -0.4122 -0.6381 -0.2434 43.50 76.12 128.69 9.69 -1.42 -1.65 0.2700 0.3100 -0.1700 0.0278 -0.2000 -0.0600 9.49 -1.78 -1.66 163 280 285 300 218 
0.5912 -0.4072 -0.6578 -0.2278 41.81 73.81 139.37 10.98 -3.35 -3.28 1.8700 -2.9800 -2.1300 1.1722 -0.8478 -0.2344 9.34 -1.84 -2.33 161 287 295 310 220 
0.6349 -0.3330 -0.6791 -0.1573 21.00 77.06 91.87 11.96 -1.87 -2.95 0.8100 1.4500 -4.0100 4.9233 2.6278 0.8744 9.11 -2.19 2.85 170 365 344 359 219 
0.8520 -0.0781 -0.5173 0.0226 355.06 58.69 11.25 3.78 3.03 3.47 -4.9200 4.4600 -2.5900 1.1078 0.4789 -1.0100 8.12 0.17 5.48 177 348 342 370 220 
0.8886 0.0326 -0.4575 -0.0010 3.12 53.94 -6.12 5.96 3.42 5.25 -1.6500 2.7300 -0.8600 -2.2700 -0.0900 -1.0056 7.91 0.33 5.77 175 286 307 362 223 
0.8762 -0.0853 -0.4539 -0.1381 20.75 56.31 7.75 8.92 -1.05 2.58 1.6900 -0.2100 -2.2800 -3.0356 -0.6089 0.8833 8.31 -2.43 4.58 173 250 285 344 229 
0.8213 -0.3228 -0.4301 -0.1906 26.06 53.94 45.56 3.99 -7.90 2.23 -2.7800 -3.5200 -1.6200 -1.5733 -0.0822 0.3289 7.75 -4.99 3.34 172 261 297 346 231 
0.7832 -0.4296 -0.3998 -0.2053 30.06 53.75 58.75 10.02 -5.11 1.92 2.0000 0.0600 -0.9300 0.1567 -0.1167 0.2533 7.89 -5.00 2.94 172 268 299 350 232 
0.7832 -0.4301 -0.4058 -0.1924 27.00 53.13 60.00 6.59 -4.21 2.33 -1.3700 0.8100 -0.5200 0.1689 -0.9167 0.1222 7.95 -5.12 2.56 172 269 298 350 231 
0.7563 -0.4408 -0.4643 -0.1348 16.87 54.75 77.94 2.69 -4.49 -1.20 -4.2600 1.0500 -1.8300 -0.2222 -3.9311 0.9511 7.47 -6.18 -1.38 172 268 301 350 234 
0.5866 -0.5020 -0.6340 0.0433 346.50 41.38 122.69 4.45 -5.26 -5.55 -0.0500 1.1000 -1.0600 -1.6544 -3.7456 -0.9644 5.25 -5.24 -6.40 174 269 293 343 231 
0.3180 -0.4835 -0.8105 0.0903 59.63 21.25 154.25 6.72 -2.82 -10.95 3.9800 -0.0800 -3.6600 -1.3078 -2.2356 -0.2311 1.85 -2.81 -9.20 173 270 292 345 229 
0.1339 -0.4705 -0.8684 0.0814 57.00 9.25 164.12 1.51 -2.92 -10.53 -0.4100 0.0400 0.2100 0.1667 0.0389 -0.0867 1.68 -2.75 -9.25 173 271 286 345 231 
0.1441 -0.4673 -0.8680 0.0856 56.63 9.50 163.37 1.28 -2.16 -9.23 -0.4600 0.3600 -0.0900 -0.0367 0.0422 0.0222 1.60 -2.71 -9.28 173 270 287 345 230 
0.1715 -0.4855 -0.8557 0.0526 60.69 19.31 165.44 7.71 -1.32 -10.35 4.5000 1.7100 -2.1000 -2.2789 11.9000 2.4911 8.77 -2.27 -3.74 173 284 292 303 218 
;
