0.7847 -0.0529 -0.1047 -0.6086 75.50 13.13 -2.56 2.42 0.30 9.45 0.1000 -0.1000 -0.1700 0.0033 0.0833 -0.0222 2.21 0.42 9.54 175 346 339 358 219 
0.7872 -0.0635 -0.1113 -0.6031 73.12 19.06 -1.56 12.03 2.45 12.45 6.8200 1.4300 5.1900 0.8578 -4.2633 3.0756 5.94 -0.02 7.79 171 330 310 354 218 
0.8373 -0.2094 -0.3534 -0.3607 37.38 51.50 13.31 8.58 -2.36 5.73 0.1300 -0.6700 0.0400 3.0144 -1.7056 2.9444 8.04 -2.12 5.19 166 326 317 350 220 
0.8618 -0.1458 -0.4844 -0.0371 0.06 59.81 24.12 6.42 0.54 2.99 -1.7300 1.7200 -1.3000 2.1611 -0.4067 -0.2311 8.77 -1.22 4.21 168 344 328 366 221 
0.8480 0.0052 -0.5272 0.0550 353.06 62.38 1.62 6.08 3.42 4.29 -2.4300 3.3300 -0.1300 0.1333 0.2056 -0.7189 8.59 0.48 4.70 172 315 312 370 221 
0.8607 0.0419 -0.5072 0.0098 0.88 60.75 -7.31 7.81 3.14 5.67 -0.0800 2.2100 0.5900 -2.0367 -0.1767 -0.4567 8.62 0.23 4.65 171 260 290 368 222 
0.8491 -0.0645 -0.5162 -0.0920 14.75 62.44 4.37 8.91 -0.66 3.01 0.1900 -0.4800 -1.1000 -1.8656 0.2867 -0.0100 8.61 -1.01 4.58 176 247 255 362 225 
0.8363 -0.1914 -0.4868 -0.1642 23.37 61.25 24.06 7.50 -3.27 3.46 -1.3000 -1.4200 -0.8300 -1.7011 -0.5622 0.7967 8.57 -2.93 3.74 175 245 260 351 228 
0.8030 -0.3188 -0.4691 -0.1830 25.94 60.25 45.50 7.95 -5.60 2.66 -0.3600 -1.5800 -0.6800 -0.0067 -0.1178 -0.0756 8.55 -3.51 3.26 173 251 256 347 229 
0.7970 -0.3291 -0.4753 -0.1751 24.19 60.81 47.56 7.86 -2.85 3.21 -0.5700 0.8200 0.1100 0.1867 -0.3611 0.2211 8.58 -3.62 3.04 174 256 258 349 227 
0.7911 -0.3295 -0.4954 -0.1420 19.69 60.75 53.81 7.67 -2.82 2.58 -0.6200 1.2800 -0.7700 -1.2011 2.7756 1.2844 7.66 -4.84 3.73 171 255 288 326 222 
0.8332 -0.3924 -0.3571 -0.1559 20.12 45.69 52.19 6.26 -7.52 0.64 -0.4400 -2.2900 -3.1600 0.8200 -4.3711 0.9056 7.62 -5.68 2.38 151 354 185 205 198 
0.7438 -0.3995 -0.5357 0.0096 352.62 51.63 86.62 12.40 -6.25 -0.44 2.9000 -0.1100 -1.0300 1.1578 -2.4533 0.6022 7.38 -6.41 -0.72 163 363 177 191 175 
0.6465 -0.3339 -0.6593 0.1895 323.81 46.00 97.37 9.29 -5.11 -0.21 2.2100 1.7800 -0.2200 2.0011 -0.1900 0.1200 6.94 -6.92 -0.04 145 331 155 190 173 
0.6361 -0.2419 -0.6666 0.3041 308.00 44.00 92.25 6.34 -6.50 1.86 -0.0500 0.6400 1.9300 -1.4778 -0.5867 0.2844 6.61 -7.10 -1.38 138 366 173 197 176 
0.5712 -0.2999 -0.7173 0.2632 310.94 40.88 108.31 6.32 -7.22 -4.95 0.1000 -0.3300 -2.5500 0.3122 -0.1022 -0.0556 6.39 -7.05 -2.35 148 338 184 200 177 
0.5708 -0.2794 -0.7158 0.2895 303.87 41.25 99.94 5.90 -5.79 2.59 -0.2800 1.6300 4.2200 0.1689 -0.0467 -0.0078 6.53 -7.26 -0.80 151 324 190 204 179 
0.5836 -0.2659 -0.7037 0.3060 307.44 40.75 103.75 6.82 -5.22 0.37 0.6800 2.5600 2.5800 -3.9933 2.5922 -0.3644 6.81 -6.50 -2.70 170 348 190 216 194 
0.6459 -0.4362 -0.6265 0.0040 18.56 59.31 91.31 10.01 -3.54 -3.76 2.3900 0.7500 -4.5500 -2.3867 11.4289 -2.4722 6.35 -3.96 6.32 166 350 286 289 208 
0.8008 -0.2423 -0.0358 -0.5465 71.56 11.00 15.25 -0.12 -1.19 9.13 -0.7200 0.8300 0.5100 3.3278 1.0767 -1.0133 0.78 0.14 9.77 176 367 326 353 208 
;
