0.7861 -0.0966 -0.1232 -0.5980 74.50 18.00 0.25 2.90 -0.05 9.34 -0.1500 0.0500 -0.0200 0.0156 0.0111 -0.0078 3.02 -0.03 9.32 179 357 349 354 218 
0.7863 -0.0959 -0.1226 -0.5980 74.50 17.87 0.25 2.89 -0.02 9.42 -0.0500 0.0200 0.1500 0.0011 -0.0211 -0.0256 3.02 -0.04 9.32 179 357 351 354 217 
0.7859 -0.0961 -0.1227 -0.5983 74.50 17.81 0.25 2.99 -0.04 9.36 -0.0500 -0.0100 0.0200 0.0156 0.2100 0.0056 2.88 0.00 9.37 177 359 351 358 217 
0.7914 -0.0756 -0.1279 -0.5930 73.00 17.19 -5.56 6.28 2.37 14.14 5.0000 1.4800 5.6500 3.2967 -2.4622 0.8478 4.42 2.94 8.23 178 362 329 361 218 
0.8181 -0.0359 -0.3680 -0.4404 46.88 47.31 -19.94 11.52 3.35 4.44 2.1600 1.1600 -1.4600 3.1611 -1.5267 3.9444 8.67 0.78 4.50 174 375 350 376 220 
0.8480 -0.0258 -0.5231 -0.0812 6.00 63.25 -4.00 5.46 2.39 2.60 -3.8800 2.3600 -2.1300 1.7756 0.6022 0.5422 8.66 0.41 4.56 182 380 353 381 222 
0.8640 0.0602 -0.4990 0.0303 356.25 58.25 -10.44 4.77 3.96 4.97 -3.1600 2.8700 0.1600 -0.3911 0.0911 -0.6144 8.19 1.23 5.23 184 372 324 376 222 
0.8760 0.0582 -0.4784 -0.0165 4.19 56.56 -11.13 8.32 3.44 5.41 0.1800 2.5000 -0.2600 -2.0767 -0.0833 -0.2178 8.25 0.43 5.28 184 326 333 363 223 
0.8708 -0.0599 -0.4764 -0.1052 16.06 57.50 4.19 8.78 -0.07 3.83 0.5500 0.5300 -0.9100 -2.4133 0.2900 0.0700 8.19 -1.33 5.22 185 270 311 360 225 
0.8495 -0.2272 -0.4412 -0.1790 25.69 55.00 30.50 7.63 -3.85 5.22 -2.1300 -2.5700 -3.3600 -2.1733 0.2922 0.9156 7.69 -4.38 4.21 180 243 264 347 234 
0.8141 -0.3935 -0.3589 -0.2315 32.31 50.25 48.44 7.32 -6.03 3.60 0.4800 -0.5800 0.0000 -0.0878 -0.2611 -0.1911 7.70 -4.54 4.01 182 257 276 356 235 
0.8034 -0.3971 -0.3735 -0.2395 32.63 52.38 48.75 7.11 -3.89 4.03 -0.3800 0.7500 0.2500 0.1356 -0.2789 -0.0289 7.85 -4.43 3.84 182 258 287 361 234 
0.8002 -0.3913 -0.3952 -0.2245 31.25 54.38 49.81 7.76 -4.17 3.70 -0.3000 0.0700 0.0000 0.2922 -0.5189 -0.1633 8.15 -4.19 3.47 178 247 272 333 230 
0.7922 -0.3690 -0.4405 -0.2056 29.19 58.44 46.19 8.30 -4.35 3.10 0.5900 -0.4500 -0.6800 1.0067 2.5833 -0.8711 7.89 -2.91 5.02 166 173 171 209 192 
0.8633 -0.2250 -0.3716 -0.2570 34.13 44.56 11.81 9.69 -2.16 7.90 2.2300 -0.6000 -0.0600 2.5011 2.0811 -0.1533 5.54 0.12 8.08 126 185 166 193 185 
0.9296 -0.0137 -0.2630 -0.2578 29.81 27.31 -10.31 5.03 4.03 8.65 0.8900 2.0400 -0.3400 1.1211 1.8567 0.0100 3.39 2.43 8.87 124 188 174 196 185 
0.9531 0.1135 -0.1738 -0.2202 25.12 14.19 -18.94 0.62 5.47 7.20 -1.7100 2.1700 -1.6100 0.4544 0.7444 0.2100 1.90 3.42 8.98 128 193 176 197 185 
0.9609 0.1584 -0.1285 -0.1872 22.25 11.25 -20.81 0.31 4.56 8.91 -1.5400 0.9800 0.0300 -0.5222 -0.3944 -0.7744 2.04 3.24 9.02 127 196 180 200 184 
0.9507 0.1319 -0.1494 -0.2376 30.19 13.31 -18.31 3.15 4.20 8.23 0.4900 1.1100 -1.0600 -1.2667 -0.0222 -1.9578 1.87 2.40 9.31 127 192 179 193 186 
0.9197 0.0654 -0.1094 -0.3713 46.19 8.75 -10.63 2.31 2.43 8.50 -0.2700 0.6100 -1.4000 -0.8500 -0.6467 -2.2344 1.60 1.35 9.57 130 185 177 200 185 
0.8645 0.0312 -0.1127 -0.4889 60.00 10.00 -10.50 0.97 -0.86 10.90 -0.6900 -2.2200 1.6000 0.2789 0.0644 -0.4744 1.70 2.03 9.44 129 187 180 200 183 
0.8462 0.0469 -0.1298 -0.5148 62.75 9.69 -12.63 1.63 1.98 9.83 -0.3400 -0.4600 0.1800 0.0911 -0.1778 0.1878 1.73 2.13 9.41 128 187 178 201 185 
0.8455 0.0464 -0.1331 -0.5151 62.44 10.63 -12.69 1.14 1.61 9.12 -1.4800 -1.0100 -0.8000 -0.2156 -0.3833 0.2600 2.05 1.99 9.37 134 185 172 203 185 
0.8564 0.0204 -0.1387 -0.4970 58.31 12.69 -8.25 0.86 0.71 6.54 -0.9300 -1.1000 -3.8800 -2.0700 0.4244 1.3722 1.98 -0.14 9.60 60 239 191 238 207 
0.8928 -0.0992 -0.0455 -0.4370 52.88 7.75 11.19 2.04 -2.28 6.70 0.6400 -0.0500 -0.1600 -0.3000 1.0078 -1.6544 0.94 -2.40 9.46 165 303 290 320 205 
0.8349 -0.1348 -0.0030 -0.5336 67.94 10.38 11.00 4.52 2.11 14.54 3.2000 3.3700 5.7200 1.3956 -0.0756 -1.3456 2.42 -0.31 9.49 179 347 319 359 208 
;
