0.4574 -0.0021 -0.4368 -0.7746 118.81 23.75 -47.44 3.98 6.59 5.99 0.0500 0.0000 -0.0500 -0.0078 0.0100 -0.0089 3.94 6.61 6.06 183 402 369 439 223 
0.4574 -0.0019 -0.4367 -0.7746 118.87 23.69 -47.44 3.89 6.57 6.00 0.0000 -0.0200 -0.0600 0.0089 0.0300 -0.0500 3.91 6.63 6.07 185 401 372 439 223 
0.4561 0.0004 -0.4362 -0.7757 119.06 23.37 -47.56 3.94 6.65 5.98 0.0100 -0.0600 -0.0800 -0.0056 0.0544 -0.0267 3.86 6.65 6.08 184 402 369 439 222 
0.4562 0.0049 -0.4352 -0.7762 119.12 22.69 -47.63 3.92 6.55 6.22 0.2300 -0.1200 0.0600 0.1367 0.0511 -0.1178 3.70 6.76 6.05 186 403 371 440 223 
0.4560 0.0082 -0.4637 -0.7596 116.62 27.25 -53.88 10.17 12.30 9.16 4.3600 4.5700 4.0800 -0.0389 -0.1644 3.6078 6.23 5.78 4.88 187 396 349 398 225 
0.6486 -0.1576 -0.4683 -0.5790 71.06 58.00 -19.94 10.47 1.18 3.95 1.0100 0.2200 -1.1500 0.3800 -0.0344 6.3356 8.28 -2.23 4.74 182 377 335 392 225 
0.8307 -0.3123 -0.4179 -0.1943 17.75 54.13 41.81 8.51 -2.03 -0.11 -1.8400 2.4500 -4.3800 3.7089 -1.7789 0.6411 8.16 -3.31 4.30 184 399 359 418 225 
0.8490 -0.1505 -0.5062 0.0174 356.94 60.44 27.00 6.09 4.23 4.61 -2.1000 5.9500 -0.5900 -0.2156 0.0178 -1.1578 8.66 -1.35 4.38 164 355 332 405 226 
0.8550 -0.1157 -0.5035 -0.0457 8.44 59.50 21.37 8.54 0.15 3.82 0.4300 1.9400 -1.7200 -2.6589 0.3922 0.7911 8.10 -3.20 4.49 164 296 302 394 228 
0.8463 -0.2940 -0.4299 -0.1126 15.44 50.13 45.81 6.62 -4.76 2.45 -1.7700 0.0000 -1.7300 -2.2989 1.0067 1.5444 6.44 -6.22 3.98 172 255 270 346 235 
0.8166 -0.4846 -0.2906 -0.1180 15.75 34.19 66.12 4.01 -12.23 3.03 -1.7800 -3.7200 -0.0900 -0.3811 0.3178 -0.0056 5.31 -7.61 3.14 179 283 279 359 234 
0.8061 -0.5178 -0.2575 -0.1256 17.37 32.63 66.37 7.59 -5.21 3.70 0.8100 2.4700 0.2900 -0.4544 1.8089 1.2744 4.31 -8.03 3.60 185 282 277 298 227 
0.8191 -0.5383 -0.1758 -0.0921 10.50 21.56 68.50 2.36 -8.01 2.67 0.2600 -0.0600 -0.2900 -0.4489 -2.6200 1.5933 3.15 -8.96 2.43 177 339 190 193 162 
0.7700 -0.5920 -0.2272 0.0705 346.37 13.25 80.44 1.25 -10.66 1.02 0.7800 -0.8600 0.3900 -0.1911 -1.5222 0.6422 1.86 -9.57 1.05 169 323 177 186 171 
0.7231 -0.6089 -0.2756 0.1739 330.94 10.69 83.25 6.16 -12.57 -1.57 3.8700 -3.4800 -2.9500 1.5433 -0.6956 0.2722 1.76 -9.43 2.03 154 315 183 192 171 
0.7786 -0.5164 -0.2717 0.2308 328.37 10.69 65.69 3.20 -9.23 0.86 0.6700 -0.1100 -3.9900 3.6222 1.9933 -0.6678 1.50 -7.34 6.31 156 313 188 196 169 
0.9208 -0.3130 -0.1240 0.1970 336.94 4.25 33.44 -3.37 1.54 10.37 -3.5500 5.8000 2.5700 1.0378 0.6844 -0.3200 0.25 -4.38 8.76 152 315 189 198 170 
0.9578 -0.2278 -0.0538 0.1671 340.69 1.69 28.00 0.82 -4.15 8.49 0.6000 0.4100 -0.3100 -0.8244 0.3011 -0.2622 0.28 -5.11 8.36 164 314 206 196 173 
0.9453 -0.2929 -0.0524 0.1334 345.94 0.19 37.44 1.32 -3.33 7.60 -0.1500 2.2400 -1.1600 -2.6356 4.0133 -1.8678 -1.07 -7.58 6.12 175 307 243 259 211 
0.8602 -0.4802 0.1216 -0.1218 26.94 -2.31 64.19 -2.02 -4.95 1.28 -2.7100 4.3600 -2.6900 -1.4611 3.5711 -5.7600 2.35 -8.84 3.51 175 309 263 285 213 
;
0.6313 -0.4997 0.1201 -0.5808 96.94 28.94 46.50 4.24 -1.09 5.40 -0.5200 4.2900 -0.9900 5.4567 1.6267 -3.1022 4.67 -2.06 8.36 178 348 333 392 215 
0.5411 -0.1859 -0.1613 -0.8041 113.00 24.69 -12.38 5.61 5.90 12.60 2.2100 3.2700 4.7600 1.2711 0.0956 -0.3489 3.68 3.22 8.49 185 376 349 409 213 
0.5212 -0.0753 -0.2639 -0.8081 113.87 25.56 -22.94 4.56 3.91 9.76 -0.7900 -0.1200 -0.5900 -0.1211 0.2911 0.0800 4.07 3.31 8.28 183 379 356 410 215 
0.5217 -0.0933 -0.2724 -0.8031 114.12 25.75 -22.44 4.23 4.09 9.98 0.6900 1.5500 3.3900 0.8900 -1.7989 0.2022 5.06 3.83 7.47 179 376 354 411 218 
0.5039 -0.1475 -0.3381 -0.7811 111.19 36.44 -23.69 10.64 2.46 9.03 2.9800 -1.4200 -0.2600 0.1544 -2.7833 5.5611 7.53 0.11 6.27 177 379 351 407 220 
0.7196 -0.3372 -0.3231 -0.5140 54.44 55.63 28.50 8.55 -2.06 2.80 -0.5200 1.3100 -2.7000 4.2678 -2.4367 3.4911 8.08 -3.56 4.24 173 389 356 412 220 
0.8362 -0.2626 -0.4702 -0.1030 9.81 58.13 35.25 3.96 1.66 1.79 -3.9600 5.4500 -1.6000 2.7278 -1.7922 -0.0378 8.75 -2.04 3.91 173 372 345 400 222 
0.8465 -0.1115 -0.5195 -0.0333 6.69 61.50 17.62 9.59 2.80 4.95 1.5000 3.9000 0.5600 -2.3122 1.5300 -0.5556 8.23 -1.91 4.97 177 280 290 376 226 
0.8503 -0.2448 -0.4472 -0.1304 18.69 53.38 38.75 8.51 -2.59 3.17 1.1500 1.5200 -1.6700 -2.7711 1.2233 1.5444 7.04 -5.38 4.18 179 262 274 367 229 
0.8263 -0.4408 -0.3204 -0.1423 18.75 37.94 60.69 4.11 -7.23 2.55 -1.5800 -0.5600 -0.8200 -1.2544 0.6089 1.4044 5.05 -7.77 3.19 180 275 279 366 232 
0.8003 -0.5415 -0.2391 -0.0961 13.50 28.87 70.50 5.40 -9.70 2.62 0.9600 -1.1600 -0.1400 0.1944 0.0067 -0.1711 4.82 -8.03 2.88 182 268 282 323 230 
0.8049 -0.5344 -0.2430 -0.0864 11.00 28.19 68.87 2.22 -5.09 4.88 -3.5700 3.2300 2.2600 -0.5311 -1.0578 0.3189 4.52 -8.28 2.64 183 318 241 273 216 
0.7523 -0.5934 -0.2855 -0.0199 0.19 25.75 87.31 2.57 -8.32 -0.89 0.7700 0.3400 -1.1800 -2.4022 -1.9744 1.2600 3.12 -9.04 -2.13 170 324 189 188 172 
0.5949 -0.7133 -0.3476 0.1279 332.37 11.69 105.37 3.45 -13.26 -6.02 2.1900 -3.9300 -3.0900 1.2122 -0.7222 0.5767 1.22 -9.55 -1.85 156 320 199 187 175 
0.6285 -0.6673 -0.3308 0.2241 320.69 6.87 93.06 4.16 -12.15 -3.32 2.4900 -2.2200 -3.3500 2.5233 0.7556 -0.5089 1.48 -9.59 1.34 150 317 209 195 176 
0.7731 -0.5319 -0.2634 0.2239 329.62 9.75 66.37 -0.46 -4.23 0.90 -2.5400 5.1500 -2.5100 3.5778 1.4667 -0.1167 1.11 -7.20 6.55 150 315 208 196 176 
0.9150 -0.3278 -0.1194 0.2023 336.12 4.37 38.69 -1.73 -1.37 11.36 -2.2100 3.8800 3.3700 -0.6556 -0.0867 -0.2100 0.83 -6.30 7.46 149 315 207 198 178 
0.9161 -0.3410 -0.1144 0.1771 338.62 5.25 42.94 0.74 -5.24 8.11 -0.0600 1.9400 1.3100 -1.9567 2.1011 -1.5333 0.75 -7.37 6.41 162 291 207 204 182 
0.8743 -0.4822 -0.0545 0.0088 10.13 6.12 64.25 -0.50 -3.64 2.52 -1.6600 5.6300 -1.4500 -3.4056 6.0522 -5.3889 3.04 -8.99 2.46 167 263 231 257 206 
0.6182 -0.5919 0.0641 -0.5133 93.12 39.81 62.50 6.79 -2.48 1.80 0.7000 2.4300 -2.3000 3.0378 2.2300 -6.5233 7.70 -2.18 5.65 175 319 306 350 218 
;
