0.8653 0.0240 -0.0685 -0.4959 59.63 5.44 -6.25 0.89 0.96 9.69 -0.0700 -0.0500 -0.0200 0.0033 -0.0022 -0.0022 0.92 1.07 9.70 161 359 342 371 214 
0.8653 0.0240 -0.0685 -0.4959 59.63 5.44 -6.25 0.90 1.01 9.71 0.0000 -0.0700 0.0200 0.0011 0.0033 0.0056 0.93 1.07 9.70 165 359 343 373 214 
0.8655 0.0229 -0.0684 -0.4957 59.44 5.94 -5.69 -0.38 1.26 11.09 -2.2100 0.3800 2.1200 -0.7022 -3.5089 1.1089 3.28 0.26 9.23 168 338 315 354 212 
0.8592 -0.1697 -0.1992 -0.4397 52.63 30.25 16.25 4.14 -1.99 10.28 -1.6200 1.3700 1.1400 -5.0567 0.5311 1.9044 4.07 -5.78 6.79 167 351 332 362 211 
0.7930 -0.4830 0.0038 -0.3713 50.94 18.81 63.25 2.09 -6.81 -2.06 -0.8200 1.8400 -5.5600 -2.8267 0.5189 0.7822 2.47 -9.26 2.03 168 354 330 376 213 
0.7214 -0.6014 0.1094 -0.3253 44.63 12.44 68.94 3.85 -3.74 -4.40 1.5900 5.2000 -8.9500 8.4744 -1.6411 2.1967 1.51 -5.88 7.69 172 348 329 375 214 
0.9703 -0.1320 -0.0684 -0.1909 18.00 12.06 4.50 1.68 7.13 23.72 -1.6700 6.4800 14.7200 0.4567 -0.4289 0.3867 2.14 0.60 9.54 173 354 341 372 214 
0.9796 -0.0693 -0.1263 -0.1403 18.19 15.88 14.13 3.72 -0.50 9.40 0.6100 2.3400 -1.5800 -6.0022 0.6444 -0.1978 2.39 -6.02 7.35 174 358 333 376 214 
0.8665 -0.4559 -0.0173 -0.2027 27.19 11.69 59.63 2.19 -8.56 -4.31 0.3600 -0.3000 -8.5500 0.5178 0.6556 0.0900 1.74 -8.48 4.60 173 354 336 374 214 
0.8668 -0.4513 0.0173 -0.2115 26.25 8.63 45.06 0.83 -0.80 2.24 -0.5900 5.4600 -3.3500 7.6333 -0.3178 0.7133 1.26 -2.49 9.39 172 352 344 370 213 
0.9854 -0.0165 -0.0450 -0.1631 18.44 6.94 -3.37 1.90 3.97 19.25 0.6400 2.7200 8.9900 -0.3967 -1.1889 -0.3578 1.96 0.87 9.56 154 332 311 323 212 
0.9729 -0.0222 -0.1436 -0.1800 20.75 20.75 4.25 4.28 -0.06 9.97 0.3500 1.1200 0.3400 -3.3156 -2.5722 1.8622 4.87 -3.34 7.82 167 282 180 202 213 
0.9113 -0.3049 -0.2670 -0.0731 3.12 32.44 45.63 2.97 -6.05 3.09 -3.2800 0.0000 -2.0200 -0.5500 -4.1300 3.5278 4.94 -7.53 3.85 165 253 148 163 188 
0.7744 -0.4056 -0.4229 0.2385 319.37 25.44 72.12 0.61 -5.78 2.91 -2.5200 2.6900 1.2000 -0.0589 -2.7744 1.1033 3.71 -8.91 1.72 159 262 153 165 179 
0.6624 -0.4093 -0.5173 0.3552 303.44 23.75 83.12 4.95 -9.36 -0.60 1.7100 -0.8200 -1.3200 -0.4800 -0.6811 -0.1089 4.14 -8.88 0.30 155 273 156 167 182 
0.6217 -0.4060 -0.5675 0.3557 299.75 24.25 87.25 6.60 -12.04 -2.32 2.1400 -2.9000 -2.5800 1.6967 1.0011 -0.1044 3.98 -8.80 1.65 157 268 157 170 182 
0.6977 -0.3436 -0.4891 0.3948 301.94 24.31 66.44 4.38 -7.55 2.03 -0.1100 0.8700 -1.7800 2.7744 2.0156 -0.5767 3.60 -6.87 5.98 158 272 160 172 182 
0.8331 -0.2149 -0.2969 0.4142 307.25 17.31 36.00 -1.48 -0.83 8.89 -4.0000 4.7900 1.9000 1.7544 1.4167 -0.7011 2.24 -4.02 8.65 159 272 163 173 184 
0.8857 -0.1329 -0.1852 0.4043 311.25 12.69 23.12 0.90 -1.04 10.29 -1.0400 2.5700 1.3100 -0.6233 -0.4211 0.0900 2.37 -4.08 8.59 160 276 165 174 185 
0.8687 -0.1545 -0.2252 0.4133 308.19 16.25 30.19 2.13 -3.28 8.47 -0.7400 1.7200 0.4300 -1.6311 -1.0189 0.2533 3.24 -5.67 7.30 158 275 165 174 185 
0.8044 -0.2190 -0.3499 0.4274 302.62 23.75 50.19 2.06 -4.98 3.81 -2.0400 2.5700 -1.5700 -3.7211 -1.6867 -0.1211 4.66 -8.19 2.67 165 263 175 190 204 
0.6713 -0.3671 -0.5589 0.3197 312.44 32.00 86.25 7.58 -6.96 -2.43 1.9400 1.7300 -2.0400 -3.5633 2.1433 -1.9222 6.47 -7.30 -0.94 161 292 227 259 211 
;
