0.8250 -0.0695 -0.1407 -0.5429 66.69 17.87 -2.25 2.89 0.52 9.29 -0.0700 0.1500 -0.0300 0.0022 0.0000 0.0033 3.01 0.37 9.32 182 358 348 384 216 
0.8250 -0.0695 -0.1407 -0.5429 66.69 17.87 -2.25 2.66 0.45 8.92 -0.4400 0.0500 -0.5000 0.0233 0.0011 0.0078 3.01 0.38 9.32 185 357 352 384 215 
0.8253 -0.0681 -0.1406 -0.5427 66.62 17.69 -2.44 2.82 0.49 9.30 -0.1100 0.1100 0.0600 0.0789 0.1956 0.0200 2.86 0.45 9.36 187 354 347 387 216 
0.8297 -0.0699 -0.1573 -0.5311 63.38 25.87 -2.87 9.53 6.27 15.58 3.8000 3.6500 3.7600 -3.4800 -2.6311 3.2489 6.18 -2.23 7.27 185 308 328 360 216 
0.8185 -0.3755 -0.2175 -0.3765 46.00 37.63 46.94 3.07 -5.10 3.45 -3.0600 1.6800 -2.2100 -3.5078 0.5000 2.4522 4.49 -8.03 3.37 181 258 299 315 217 
0.7479 -0.6108 -0.0464 -0.2557 36.44 20.12 76.19 1.86 -7.68 0.19 -1.0000 1.2000 -1.3000 -0.2578 0.5122 0.6033 2.76 -9.20 1.96 176 255 288 312 217 
0.7360 -0.6352 0.0167 -0.2334 34.88 15.88 78.37 1.33 -7.68 -2.49 -0.8800 1.5000 -5.6400 2.0678 -1.1122 -0.9522 3.43 -8.71 2.91 178 283 314 342 218 
0.8090 -0.5314 -0.1049 -0.2282 30.56 26.06 56.13 7.03 -5.12 16.17 3.9000 1.0900 12.7600 0.4578 -0.5522 -0.0267 4.72 -6.74 5.31 178 291 324 351 218 
0.8272 -0.4975 -0.1556 -0.2097 28.75 25.75 63.31 3.57 -6.91 1.44 -0.6900 1.2300 -2.4000 -2.0567 1.1600 0.8856 3.38 -8.74 2.85 178 292 325 353 218 
0.7615 -0.6114 -0.0384 -0.2120 31.37 18.31 75.37 1.50 -7.70 -4.66 -1.4000 1.5100 -7.9900 1.9078 -0.7533 -0.7067 3.58 -8.60 3.05 181 298 326 359 218 
0.8248 -0.5072 -0.1370 -0.2091 28.06 27.50 52.69 6.95 -4.49 19.10 2.7900 0.3600 11.6300 -0.0844 -0.8244 -0.3211 5.06 -6.42 5.41 179 302 329 361 218 
0.8472 -0.4480 -0.1889 -0.2142 28.56 30.12 52.69 5.40 -6.09 4.81 0.2300 0.5700 -0.0300 -0.3489 0.6867 0.2822 4.50 -6.98 5.20 181 306 333 362 218 
0.8431 -0.4704 -0.1169 -0.2330 31.37 23.44 55.69 4.57 -7.16 5.30 0.8100 0.3300 0.0900 -1.2567 1.2222 0.2767 3.36 -7.95 4.63 182 322 325 361 218 
0.8137 -0.5233 -0.0499 -0.2483 32.81 20.50 62.19 3.17 -9.58 3.70 0.1300 -1.6300 -0.3300 1.3889 -1.1811 -0.7567 4.14 -7.66 4.49 180 322 269 280 216 
0.8475 -0.4631 -0.1261 -0.2267 29.69 25.06 47.44 6.28 -8.10 5.54 2.2000 -2.3700 -1.4600 4.9544 0.0589 0.7022 3.87 -4.28 7.92 169 340 305 338 217 
0.9569 -0.1816 -0.1740 -0.1453 14.81 22.12 14.25 3.89 0.71 6.76 -0.0200 3.0400 -1.9700 2.2578 0.1633 0.4589 3.54 -0.59 9.12 176 358 316 361 221 
0.9799 -0.0158 -0.1812 -0.0818 9.63 20.56 -0.56 0.52 4.40 8.04 -2.5400 4.5500 -0.7000 -0.7711 -0.3589 -0.4889 3.61 -0.15 9.11 181 325 313 356 222 
0.9697 -0.0692 -0.1939 -0.1313 17.81 24.62 8.44 6.00 1.54 7.53 2.0600 3.0700 -1.1400 -3.2122 -0.9500 -0.7722 4.84 -2.89 8.01 178 269 296 337 224 
0.9084 -0.2710 -0.2234 -0.2266 29.75 33.25 32.69 5.97 -4.46 5.55 -1.2900 -0.7500 -1.6300 -3.2467 -0.3233 -0.1067 5.67 -6.01 5.27 181 241 277 328 226 
0.8114 -0.4672 -0.2086 -0.2825 40.19 38.00 53.88 7.48 -8.35 3.68 1.6200 -1.7000 -0.4800 0.2622 0.0622 -0.2456 6.21 -6.02 4.60 183 253 287 341 232 
0.8055 -0.4624 -0.2169 -0.3006 40.13 38.56 52.25 4.21 -5.96 4.18 -1.8300 0.1200 -0.4300 0.2489 -0.7533 0.1989 6.19 -6.10 4.54 183 256 290 340 231 
0.8109 -0.4635 -0.2325 -0.2711 38.44 36.75 51.94 2.49 -4.55 0.00 -2.3300 1.8500 -4.7600 -0.0489 2.2811 -0.2756 5.01 -6.14 5.76 119 295 314 340 225 
0.8342 -0.3953 -0.0770 -0.3768 51.06 23.75 37.94 4.23 -3.52 7.33 -1.9400 0.8800 -0.5100 1.9822 3.2267 -1.7811 2.74 -3.87 8.58 180 344 332 351 221 
;
