0.7953 0.1243 -0.3696 -0.4641 60.50 28.19 -37.81 4.73 5.19 6.78 0.4100 -0.1500 -0.2100 0.5422 -0.0400 0.0644 4.69 5.56 6.56 184 367 349 360 239 
0.7860 0.1609 -0.3945 -0.4480 59.00 27.75 -44.44 4.88 9.82 7.47 0.8200 4.2400 1.6400 1.1644 -1.3844 0.1589 4.92 6.44 5.51 186 306 329 353 234 
0.8087 0.0603 -0.4362 -0.3901 44.81 47.50 -13.38 10.58 9.81 8.41 0.2600 7.1400 0.2200 -7.8333 3.1767 6.1800 5.05 -5.82 6.05 179 291 318 306 227 
0.8247 -0.5299 -0.0228 -0.1964 24.12 4.44 71.81 -4.33 -7.65 -4.83 -2.7500 0.7000 -7.0900 -1.3433 2.8722 2.5589 -2.13 -9.52 0.90 181 371 361 383 230 
0.7238 -0.6197 0.2712 -0.1363 21.75 -11.00 81.37 -2.87 -7.87 -6.29 -1.3600 2.5300 -8.8500 5.0211 -2.1433 -1.8156 -0.14 -8.55 4.78 185 386 369 412 230 
0.9079 -0.3676 -0.0068 -0.2014 24.94 14.06 30.94 11.48 5.89 22.16 6.9900 7.5500 17.5600 0.0244 -1.4733 0.6711 3.38 -3.74 8.40 185 380 366 413 230 
0.9264 -0.3234 -0.1169 -0.1534 17.50 13.50 44.19 2.29 -5.87 5.83 -0.1000 1.2800 -0.8800 -4.6733 3.0233 2.3711 -0.66 -8.94 3.96 185 389 370 412 232 
0.7849 -0.5856 0.1728 -0.1061 16.06 -8.63 77.00 -6.50 -11.49 -11.95 -2.8600 0.4400 -14.3800 5.0900 -1.8000 -1.6500 -0.22 -8.55 4.78 187 378 364 416 231 
0.9230 -0.3449 -0.0262 -0.1688 22.87 16.31 25.44 10.79 11.03 17.63 9.2000 11.5900 11.6500 1.9456 -1.9211 -0.8844 4.71 -0.65 8.57 186 375 362 412 230 
0.9277 -0.1508 -0.2678 -0.2119 26.19 35.63 16.81 2.43 -3.97 1.55 -3.6300 -1.5500 -5.7200 -0.0444 0.0078 -1.3689 5.98 -2.32 7.41 190 349 351 381 230 
0.8911 -0.1505 -0.2955 -0.3099 42.50 37.88 -3.56 3.79 0.99 8.54 -2.1400 0.9100 0.8500 2.2689 1.7544 -2.6389 4.50 3.36 8.03 185 336 354 396 229 
0.8384 0.1201 -0.2891 -0.4462 57.75 20.69 -32.56 4.59 8.50 11.16 3.3400 4.5600 3.1200 2.6344 -1.8956 -2.0256 3.18 6.39 6.72 186 347 361 389 227 
;
0.7856 0.2040 -0.3244 -0.4858 63.56 18.31 -41.25 2.82 6.04 6.50 -0.3800 0.1800 -0.3100 0.1444 0.2278 -0.3033 2.86 6.25 6.98 187 355 355 391 225 
0.7816 0.2061 -0.3188 -0.4950 64.69 17.25 -41.88 3.09 5.98 7.22 0.0300 -0.3800 0.2000 0.0067 -0.0567 -0.0389 2.94 6.24 6.96 189 353 354 393 226 
0.7792 0.2028 -0.3220 -0.4980 65.25 17.37 -41.81 2.84 7.27 7.73 0.8700 2.0900 2.2400 -0.2900 -2.7600 1.9533 4.42 5.60 6.72 184 291 311 328 228 
0.8488 -0.0354 -0.3245 -0.4159 45.31 36.50 4.06 6.44 3.17 6.21 -0.9600 5.0700 -2.1300 -6.6700 2.0700 5.3200 3.29 -6.49 6.56 179 284 295 299 223 
0.8460 -0.4973 0.0500 -0.1857 21.25 -2.12 67.19 -7.26 -6.18 -1.34 -5.0300 1.1900 -4.7600 -2.9389 2.0778 2.4822 -2.79 -9.34 0.98 182 353 335 384 228 
0.7045 -0.6324 0.2987 -0.1204 23.19 -11.31 87.25 -2.01 -9.32 -8.12 -1.3700 1.2900 -8.7700 5.3600 -2.7167 -2.3478 0.51 -8.72 4.44 182 382 362 421 229 
0.8989 -0.3722 -0.0488 -0.2260 29.44 19.37 30.50 14.65 8.41 17.04 11.9200 11.1600 10.6100 0.1789 -0.4244 0.5956 3.93 -3.57 8.23 182 365 361 415 229 
0.9151 -0.3308 -0.1278 -0.1920 21.44 16.50 45.44 2.01 -5.34 6.68 -1.4900 1.2000 -0.0700 -5.2100 3.3689 2.5811 0.01 -9.08 3.69 189 374 360 417 229 
0.7714 -0.6060 0.1437 -0.1307 20.12 -4.00 79.12 -5.24 -10.68 -11.46 -4.0000 1.6400 -14.1500 5.4533 -1.2867 -2.4067 0.96 -8.55 4.69 185 369 363 419 230 
0.9094 -0.3301 -0.0960 -0.2339 33.00 24.12 18.56 5.22 9.56 13.41 4.6000 7.5300 5.5000 2.3678 -1.8778 -1.8467 5.26 0.52 8.25 186 364 362 420 229 
0.8836 -0.0436 -0.3005 -0.3564 46.13 34.00 -11.94 5.52 2.82 7.97 0.0700 1.1100 0.5900 1.4789 0.8356 -2.0133 4.80 3.13 7.95 186 353 362 409 229 
0.8429 0.0739 -0.2993 -0.4410 57.06 24.81 -27.50 4.29 6.30 7.33 0.6100 2.4100 -0.5600 0.7644 0.3800 -1.3300 3.60 4.88 7.69 186 350 355 392 237 
;
0.8018 0.1653 -0.2980 -0.4909 63.31 16.94 -36.06 2.09 5.59 7.62 -0.9000 -0.0200 -0.4700 -0.1389 -0.3022 -0.2433 2.79 5.46 7.65 185 340 350 359 238 
0.7953 0.1738 -0.2821 -0.5076 65.00 15.69 -35.69 2.56 5.76 7.67 -0.0700 0.0900 -0.2600 -0.0378 -0.1178 0.0467 2.75 5.47 7.65 184 340 344 353 239 
0.7932 0.1690 -0.2848 -0.5110 65.75 16.06 -35.63 2.48 5.74 7.38 -0.2000 0.2200 -0.2100 -0.0100 -0.0678 0.0300 2.73 5.51 7.63 184 342 343 354 238 
0.7900 0.1691 -0.2878 -0.5142 66.19 16.31 -35.94 2.57 5.98 7.78 -0.0900 0.6300 0.3200 0.4189 -0.6267 0.0544 3.03 5.65 7.41 187 330 343 350 237 
0.7838 0.1339 -0.3481 -0.4965 61.69 29.12 -31.62 11.62 11.26 10.88 6.3000 9.7500 1.9600 -7.2278 0.0367 6.3078 5.74 -1.57 7.79 187 305 316 331 230 
0.8677 -0.3693 -0.1359 -0.3038 34.69 19.37 51.06 -0.30 -5.05 2.60 -3.5400 3.9200 -1.3600 -4.1733 2.1022 3.9167 -0.01 -9.32 3.02 181 350 350 372 230 
0.7415 -0.6111 0.2290 -0.1557 26.12 -10.75 85.25 -6.57 -7.44 -8.24 -3.6400 1.0400 -11.4800 1.2522 -1.2667 -2.2878 -0.46 -9.75 0.88 189 376 358 406 230 
0.7886 -0.5476 0.1118 -0.2566 37.06 11.56 53.38 6.20 9.45 3.50 8.0200 15.5700 3.3100 5.3700 -2.0778 -0.7889 3.89 -3.80 8.15 183 366 360 410 232 
0.9164 -0.2493 -0.1841 -0.2530 28.44 27.81 30.56 9.78 -4.77 14.21 3.6700 0.3200 3.9700 -4.9433 2.0111 2.9367 2.78 -7.57 5.57 182 370 363 412 231 
0.8240 -0.5422 0.0393 -0.1596 23.31 1.44 71.81 -6.39 -8.45 -5.98 -5.6900 0.9500 -9.9600 -1.3544 1.2833 -0.2811 -0.18 -9.68 1.55 189 392 361 415 231 
0.7773 -0.5731 0.1188 -0.2306 34.50 7.62 64.87 0.14 2.68 -5.34 1.8700 14.1900 -4.4000 8.7356 -2.3022 -3.4800 4.12 -3.52 8.17 188 370 360 415 231 
0.9047 -0.2010 -0.1984 -0.3191 39.25 32.06 18.31 9.22 -0.45 15.05 3.2300 1.3100 3.1200 -3.8900 -0.2456 0.7744 5.32 -4.77 6.70 184 356 354 392 232 
0.8474 -0.3839 -0.1403 -0.3389 45.00 28.69 39.00 1.47 -6.39 0.34 -3.2600 -0.5600 -6.5400 2.0856 0.3167 -1.2300 4.85 -4.09 7.47 184 341 336 359 231 
;
0.8647 -0.2352 -0.1879 -0.4020 50.88 31.19 8.56 4.08 2.82 6.38 -1.7000 2.9800 -1.8600 4.1511 0.6956 -2.4811 4.63 2.42 8.29 190 322 340 357 228 
0.8483 0.0934 -0.2402 -0.4626 58.63 17.25 -28.31 5.48 9.56 10.78 1.4900 5.2000 2.5700 2.4411 -0.9878 -0.6600 2.68 5.66 7.54 184 349 333 360 227 
0.8082 0.1829 -0.2755 -0.4874 63.06 18.06 -34.75 4.09 5.02 5.11 1.1500 -0.1500 -2.0600 0.1144 -0.0211 -0.4144 3.31 5.30 7.55 188 347 333 350 224 
0.7947 0.1628 -0.2903 -0.5076 65.06 16.87 -35.44 2.42 6.22 7.88 0.2400 0.9000 0.0400 0.4000 -1.1978 0.2467 3.46 5.56 7.29 185 332 301 358 232 
0.7764 0.1302 -0.3555 -0.5039 63.94 28.37 -31.94 9.43 11.27 9.85 4.2700 7.7900 2.3000 -5.6633 -2.3700 6.1156 6.54 -0.89 7.24 183 285 299 313 221 
0.8590 -0.3489 -0.2036 -0.3146 36.81 27.06 45.06 0.43 -3.23 3.68 -2.8000 4.7600 -2.1400 -3.3956 3.5200 2.8522 1.43 -8.46 4.74 182 324 330 367 227 
0.7897 -0.5405 0.1686 -0.2364 33.31 -3.87 74.00 -3.76 -9.34 -4.93 -2.8800 0.0800 -8.0100 -0.7556 -0.0633 -0.3478 -0.76 -9.62 1.74 181 376 361 407 230 
0.7725 -0.5697 0.1714 -0.2222 32.94 3.81 63.44 -1.10 3.37 -8.57 -3.4300 17.1500 -12.9400 9.1600 -4.3711 -2.5733 4.18 -3.34 8.21 188 363 353 410 231 
0.9124 -0.1606 -0.2432 -0.2875 34.69 35.94 13.31 16.54 1.05 18.97 8.5000 3.1600 8.4600 -5.3389 1.4667 1.8844 5.10 -5.09 6.64 190 362 354 411 231 
0.8310 -0.4803 -0.0806 -0.2689 35.19 18.37 65.12 0.67 -8.52 -4.82 -3.4500 0.8600 -8.7500 -2.4911 2.0567 1.9667 1.24 -9.55 1.83 185 373 357 411 231 
0.7391 -0.6200 0.1292 -0.2294 34.38 6.69 72.81 -2.66 -0.98 -8.98 -1.9800 11.0500 -8.7600 9.6833 -3.2411 -2.8933 3.86 -4.91 7.55 186 367 356 410 230 
0.9171 -0.2167 -0.1784 -0.2830 34.94 28.37 17.12 9.81 0.46 16.14 4.7900 2.0000 5.2200 -2.2133 -0.0289 0.0200 4.75 -3.63 7.76 184 336 353 386 229 
0.8839 -0.3192 -0.1358 -0.3137 39.44 24.37 34.94 1.75 -5.67 1.45 -2.5600 -0.3900 -6.1700 0.8578 0.0167 -0.0856 3.86 -4.96 7.52 183 330 343 353 228 
0.8905 -0.2783 -0.1538 -0.3254 41.44 30.44 19.81 2.75 0.81 3.51 -2.4500 2.9100 -3.7500 4.6122 -0.6500 -3.0733 5.69 0.92 7.92 189 326 334 354 228 
0.8486 0.0319 -0.3234 -0.4175 56.31 26.56 -27.75 2.03 8.18 9.83 -2.2800 3.6000 1.5000 1.1689 0.2956 -1.9567 2.89 5.37 7.67 189 328 334 330 210 
;
0.8021 0.1817 -0.2712 -0.5001 64.25 14.63 -34.75 1.62 4.43 3.35 -1.1000 -1.0600 -4.4300 -0.3678 0.8900 -0.1344 2.10 5.15 8.07 184 330 338 334 216 
0.8025 0.1830 -0.2437 -0.5129 65.31 12.13 -33.75 1.90 5.31 6.50 -0.0500 0.0300 -1.5100 0.0178 -0.0389 -0.0244 2.25 5.29 7.94 187 333 336 339 218 
0.7994 0.1728 -0.2539 -0.5164 65.75 13.50 -33.63 2.41 7.15 9.03 0.9900 2.2700 1.6400 0.0211 -1.0678 1.1044 3.20 5.17 7.69 189 302 309 334 225 
0.8378 0.0628 -0.2418 -0.4855 56.44 21.12 -9.00 4.62 7.44 11.50 1.7500 6.8400 1.1900 -6.6667 -2.1711 4.1478 4.11 -4.17 7.86 187 295 314 329 226 
0.8610 -0.4086 -0.0049 -0.3027 37.00 7.69 55.31 -1.19 -2.73 2.07 -1.8900 5.4300 -3.2800 -5.3167 4.2056 2.3089 -1.47 -9.50 1.90 186 327 337 354 226 
0.6663 -0.6075 0.3740 -0.2172 36.63 -13.69 95.37 -4.52 -7.95 -10.43 -2.6300 1.4000 -9.3000 1.3689 -2.7111 -1.1633 -1.56 -9.68 0.12 183 353 355 387 228 
0.7709 -0.5709 0.1777 -0.2197 33.06 3.75 61.25 -0.23 1.60 -2.26 1.1500 11.0900 -4.6200 6.5878 -1.8689 -1.0744 2.62 -4.84 8.10 173 341 349 405 231 
0.9219 -0.2718 -0.1225 -0.2476 28.69 22.06 33.00 10.27 -1.77 13.88 5.8600 3.8700 4.9900 -5.0889 1.4633 2.0144 2.40 -7.76 5.49 174 356 354 403 230 
0.8055 -0.5639 0.0577 -0.1727 23.25 1.19 76.56 -2.16 -7.89 -3.65 -4.1900 1.0100 -7.1300 -2.8111 2.1778 0.9989 -0.91 -9.76 -0.21 183 366 356 408 232 
0.6964 -0.6699 0.2002 -0.1619 26.87 -1.62 84.00 -2.87 -2.43 -8.64 -1.2600 10.2700 -7.5500 8.6500 -1.9611 -2.8444 2.26 -7.02 6.45 178 338 347 400 230 
0.9056 -0.3096 -0.0969 -0.2733 34.06 24.19 29.00 7.16 -2.00 10.03 1.2700 0.8500 0.0700 1.7444 -0.2900 -2.1756 4.98 -2.57 8.04 178 311 339 373 230 
0.8872 -0.1634 -0.2348 -0.3621 47.75 32.69 0.50 3.37 2.04 9.00 -2.0800 1.5500 1.0200 1.7089 0.4200 -2.5111 4.70 2.19 8.31 180 318 342 377 230 
0.8336 0.0305 -0.2652 -0.4836 62.50 22.87 -22.25 4.02 8.30 10.38 2.4100 3.5200 2.7700 1.7567 0.7644 -1.8111 2.80 4.67 8.15 182 332 342 416 230 
;
0.7991 0.1461 -0.2333 -0.5345 67.75 13.00 -29.19 2.28 4.45 6.90 -0.0100 -0.1600 -1.3300 0.1122 0.5644 -0.4956 1.97 4.70 8.37 182 335 346 424 232 
0.7921 0.1643 -0.2156 -0.5470 69.19 8.63 -30.56 0.91 5.37 8.90 -0.1700 0.3300 0.3700 -0.0422 -0.3122 0.0600 1.58 4.93 8.32 182 336 352 429 233 
0.7902 0.1639 -0.2211 -0.5477 69.44 9.88 -30.50 1.55 5.82 9.24 -0.5500 1.1700 0.8200 0.6000 -1.2789 0.2322 2.34 5.16 7.99 183 356 350 411 232 
0.7505 0.1295 -0.3705 -0.5316 69.50 32.25 -41.00 9.67 10.98 4.90 5.1800 6.2400 1.5700 -3.5989 -2.7644 6.3144 7.99 0.53 5.65 184 322 309 291 221 
0.8133 -0.3129 -0.3133 -0.3775 50.56 37.25 38.50 0.27 -1.83 1.88 -3.7200 2.5500 -3.8300 -6.7444 2.1289 2.3667 2.86 -8.88 3.01 177 331 326 319 222 
0.6404 -0.6566 0.2091 -0.3393 54.94 7.19 90.00 -2.85 -7.00 -9.08 -3.7700 0.9700 -6.9000 0.7211 -0.4456 1.6422 -0.30 -9.80 0.17 185 369 354 345 225 
0.7275 -0.5853 0.2209 -0.2817 41.94 4.56 67.19 2.03 2.05 -3.14 1.7000 11.0500 -6.5900 7.1289 -2.4322 -1.5978 2.91 -5.77 7.37 183 362 357 349 225 
0.8986 -0.2851 -0.1562 -0.2946 34.88 28.87 26.75 9.54 -0.01 21.98 5.7800 3.5100 12.3200 -4.0622 0.9200 1.1978 4.24 -5.89 6.58 183 364 359 353 230 
0.8351 -0.4781 -0.0242 -0.2708 36.19 12.00 63.06 1.51 -7.17 -0.48 -0.8400 1.8300 -4.9800 -3.6756 3.2933 1.6467 0.03 -9.64 1.76 182 378 366 374 227 
0.6893 -0.6175 0.2628 -0.2729 43.75 -0.50 82.56 -0.74 -7.63 -12.41 -1.7500 5.4000 -15.0200 7.6144 -2.8700 -1.5067 1.71 -7.78 5.71 184 360 358 376 230 
0.8895 -0.3176 -0.0628 -0.3224 40.00 20.75 27.44 8.85 -1.25 20.78 7.4700 1.6000 10.0700 -1.3067 -0.7700 0.0633 4.24 -4.47 7.62 183 344 356 365 229 
0.8715 -0.3593 -0.1140 -0.3138 39.75 24.62 39.06 2.20 -4.97 0.46 -2.3300 1.1700 -7.2900 1.6022 0.2644 -0.6300 4.22 -4.81 7.42 181 275 324 337 229 
;
