0.6827 -0.1230 -0.1201 -0.7102 92.19 19.87 0.00 3.35 -0.10 9.21 -0.1200 -0.1100 0.0200 -0.1167 -0.1333 0.0567 3.40 -0.09 9.19 160 339 355 367 201 
0.6833 -0.1303 -0.1194 -0.7084 92.06 20.37 0.37 3.43 -0.08 9.15 -0.0200 -0.0500 0.0200 0.0556 0.0622 0.0467 3.37 -0.02 9.20 162 336 355 365 199 
0.6859 -0.1251 -0.1192 -0.7069 91.62 19.81 0.13 3.45 -0.01 9.25 0.0800 -0.0200 -0.0200 0.0467 0.2156 -0.0956 3.23 0.01 9.25 177 317 350 366 205 
0.7003 -0.1345 -0.1349 -0.6879 84.12 29.69 1.19 11.80 5.43 14.81 8.0200 5.1100 6.1300 -1.9000 -5.5711 5.7789 7.07 -3.56 5.78 181 308 320 359 215 
0.7727 -0.4917 -0.1545 -0.3705 46.75 28.81 64.00 -2.00 -6.32 -0.19 -4.8500 2.1400 -4.4100 -3.5833 0.4133 3.6756 1.92 -9.54 1.15 185 336 331 377 214 
0.7049 -0.6658 0.1229 -0.2114 32.25 5.12 81.75 -1.29 -5.40 -6.87 -1.8400 5.8500 -8.3600 5.7867 -1.3267 -0.5156 1.35 -8.40 4.87 187 331 319 376 212 
0.9070 -0.3588 -0.0393 -0.2170 26.12 15.94 27.94 6.12 7.04 13.51 3.2900 9.2500 12.0100 4.9644 0.0322 0.2467 2.84 -0.52 9.36 188 333 342 372 211 
0.9706 -0.0573 -0.1346 -0.1909 23.00 16.69 10.00 5.18 2.03 15.18 2.0000 5.0800 3.7700 -6.9489 0.7989 0.4056 2.38 -5.86 7.48 185 335 335 372 213 
0.8500 -0.4792 0.0176 -0.2180 29.81 8.06 66.50 -0.46 -6.98 -5.33 -2.1700 1.7400 -9.4400 -2.5222 0.7767 0.5056 0.72 -9.66 1.50 187 329 340 376 214 
0.7515 -0.6146 0.1154 -0.2101 31.50 6.12 71.00 -0.96 -3.71 -3.97 -1.8000 6.3000 -8.0800 6.6733 -1.1478 -1.6067 2.46 -6.11 7.26 182 312 341 368 213 
0.9355 -0.2037 -0.0750 -0.2787 33.50 11.00 13.38 2.28 2.53 26.10 0.1700 3.2500 15.7300 -2.6889 0.1100 -0.3989 1.23 -3.20 9.18 175 237 292 281 210 
0.9031 -0.2916 0.0492 -0.3114 39.88 1.62 45.19 2.43 -4.29 5.07 2.6500 4.2900 -1.1500 -8.0356 3.9033 0.2233 -1.25 -9.59 1.57 175 235 252 266 208 
0.5641 -0.6250 0.4613 -0.2800 55.94 -10.50 112.06 -2.86 -3.35 -12.73 -2.4600 4.5900 -9.4000 -1.6200 1.6778 0.7778 -1.71 -8.01 -5.37 176 244 262 275 209 
0.4514 -0.6018 0.5850 -0.3030 70.12 -8.56 106.69 -2.95 -6.71 0.54 -1.0000 1.9700 3.8600 4.0233 -0.9800 -1.3689 -0.68 -9.78 0.18 177 255 267 281 210 
0.5709 -0.5383 0.4615 -0.4139 70.25 -6.06 94.81 -0.77 -9.06 0.18 0.0700 1.1600 0.4900 -3.7089 0.5700 0.6578 -1.43 -9.06 -3.44 178 255 256 283 209 
0.4248 -0.6302 0.5901 -0.2723 62.81 -9.81 123.94 -3.40 -4.52 -11.14 -2.1700 3.2600 -5.6600 -0.6133 -0.7289 0.4722 -2.26 -7.49 -5.90 177 258 262 284 210 
0.4338 -0.6335 0.5928 -0.2431 63.25 -9.63 112.19 -3.16 -4.93 -4.07 -0.7200 4.4700 -0.3200 6.7289 -0.4744 -3.1522 0.64 -9.62 1.77 183 277 297 314 213 
0.6485 -0.4869 0.2501 -0.5289 77.81 14.75 57.44 4.04 -5.21 3.75 0.6800 2.1300 -3.1300 3.5856 -0.0533 -0.4744 3.09 -5.80 7.27 182 352 304 347 213 
0.7532 -0.2743 -0.0098 -0.5978 77.75 20.31 16.25 4.17 0.75 9.36 0.1900 2.3200 1.2600 3.2856 1.3744 -1.0122 2.69 -0.06 9.42 183 352 326 357 213 
0.7554 -0.0452 -0.1046 -0.6453 81.50 9.19 -4.37 -0.27 0.32 10.75 -4.1500 -0.0800 -0.7900 2.3044 -2.4611 -1.1300 2.17 1.23 9.48 8 368 347 376 216 
;
0.7396 -0.0316 -0.1279 -0.6601 83.44 11.56 -7.25 -0.85 0.86 10.38 -0.9100 -0.4700 0.1700 0.0400 -0.1222 0.0856 2.00 1.19 9.52 7 363 350 379 217 
0.7422 -0.0216 -0.1184 -0.6592 83.19 11.81 -7.25 2.02 0.86 9.39 -0.0400 -0.3700 0.1800 -0.0300 -0.1267 -0.0033 2.13 1.15 9.50 8 337 346 378 217 
0.7462 -0.0636 -0.1423 -0.6473 79.12 26.00 -1.12 11.37 4.80 12.03 8.8800 4.4400 5.1000 -4.5322 -3.6078 3.7167 6.70 -4.02 5.92 8 290 318 333 217 
0.7299 -0.4880 -0.1302 -0.4605 62.31 35.75 60.50 -0.22 -6.20 1.21 -5.5900 1.3200 -2.9600 -3.9322 -0.5044 2.2111 4.16 -8.82 0.98 183 299 326 359 219 
0.6347 -0.7014 0.0553 -0.3195 51.31 20.69 87.19 1.43 -6.08 -7.91 -1.8300 3.6600 -8.6900 5.9289 -0.8156 0.3167 3.20 -8.48 3.73 184 306 328 366 219 
0.8636 -0.4108 -0.0807 -0.2809 32.56 23.31 31.69 5.84 7.38 19.28 0.8800 9.6900 12.3200 3.9989 -0.3289 0.1044 3.85 -1.17 8.94 179 320 337 366 220 
0.9446 -0.1329 -0.1868 -0.2349 29.06 24.19 17.12 6.32 -0.40 11.61 1.7900 3.7200 1.4700 -6.4067 1.6800 0.9856 2.94 -6.39 6.82 175 322 337 367 220 
0.8238 -0.5114 0.0077 -0.2446 33.13 11.69 69.62 -0.60 -7.39 -5.90 -2.4600 1.4900 -10.0100 -1.8422 0.3678 0.5567 1.39 -9.59 1.48 169 319 333 366 219 
0.7594 -0.6080 0.0720 -0.2202 32.06 11.13 67.62 -0.22 -1.00 -3.42 -1.8700 9.5200 -7.5100 8.0311 -1.7667 -2.1189 3.77 -4.58 7.80 183 304 330 365 220 
0.9448 -0.1154 -0.1735 -0.2530 29.75 23.37 2.37 9.10 3.64 25.76 4.7500 3.6600 15.8700 -3.7756 0.5589 -0.2033 3.83 -1.79 8.84 171 267 294 295 217 
0.9047 -0.2821 -0.0773 -0.3098 41.63 13.19 41.50 5.11 -2.61 2.88 3.8400 5.0700 -3.4900 -8.5756 5.1367 0.6044 0.19 -9.55 2.19 177 216 228 247 212 
0.5761 -0.6207 0.4176 -0.3293 63.38 -5.87 105.62 -2.24 -4.78 -10.85 -2.1300 4.0100 -7.4500 -1.7844 1.6656 0.6700 -1.05 -8.70 -4.39 180 244 243 276 214 
0.4539 -0.5946 0.5621 -0.3528 77.81 -4.44 102.81 -3.31 -7.72 -0.23 -2.7400 1.3000 1.9500 5.1133 -1.8789 -1.4822 0.06 -9.71 1.35 181 257 267 283 214 
0.6001 -0.5099 0.4006 -0.4684 74.94 -2.25 84.12 -0.08 -9.19 2.14 0.3900 0.6600 1.2100 -2.7167 0.5100 0.7178 -1.00 -9.71 -0.93 181 262 268 286 215 
0.5111 -0.5665 0.5321 -0.3671 70.69 -8.06 105.12 -3.30 -8.01 -7.23 -2.1900 1.2200 -4.7400 0.1589 -1.3989 -0.1856 -1.58 -9.32 -2.58 182 263 269 287 215 
0.5388 -0.5844 0.5032 -0.3392 66.12 -6.62 96.19 -3.32 -8.15 -2.20 -0.4100 1.9200 0.2700 3.9622 -1.0278 -2.4667 0.50 -9.63 1.74 184 267 278 293 216 
0.6460 -0.5233 0.2957 -0.4706 70.06 7.31 71.87 3.24 -8.26 1.67 1.4100 0.9100 -1.5500 2.1178 -1.1356 -0.3556 1.79 -8.68 4.18 178 300 291 309 218 
0.7367 -0.4677 0.1355 -0.4692 64.56 15.88 51.69 1.98 -6.23 3.76 -0.8200 0.6700 -1.1700 3.6067 -0.9000 -0.7544 3.54 -5.41 7.36 8 320 309 317 216 
;
