0.8654 -0.0024 -0.0542 -0.4982 59.81 5.50 -2.81 0.98 0.45 9.83 0.0900 -0.0300 -0.0600 -0.0022 0.0000 -0.0022 0.94 0.48 9.74 162 355 344 363 215 
0.8654 -0.0024 -0.0542 -0.4982 59.81 5.50 -2.81 0.97 0.41 9.74 0.0300 -0.0600 0.0000 -0.0011 -0.0033 0.0000 0.94 0.48 9.74 162 356 342 364 213 
0.8654 -0.0024 -0.0542 -0.4982 59.81 5.50 -2.81 1.00 0.43 9.75 0.0600 -0.0700 -0.0100 -0.0033 -0.0011 -0.0022 0.94 0.48 9.74 164 350 340 362 213 
0.8661 -0.0151 -0.0544 -0.4967 59.00 10.06 1.25 1.58 2.25 16.29 1.3500 3.4300 11.1500 -3.9989 -3.6411 0.9156 4.03 -2.71 8.51 166 334 313 362 213 
0.8206 -0.3498 -0.0691 -0.4468 58.75 24.12 44.56 2.57 -4.01 1.55 -1.2700 2.9400 -4.8800 -5.1056 0.0811 0.6556 3.64 -8.47 3.30 162 343 309 373 212 
0.6577 -0.6212 0.1233 -0.4079 62.31 19.06 79.87 4.47 -7.64 -3.97 1.9700 1.9700 -5.9800 2.7600 -0.8244 1.2189 2.54 -9.03 2.85 167 336 326 376 213 
0.8061 -0.4886 0.0760 -0.3252 36.63 9.63 46.81 4.51 6.41 5.25 1.3600 12.2600 3.0700 6.9500 1.6611 2.5922 0.66 -2.37 9.49 166 332 326 374 213 
0.9865 -0.0198 -0.0475 -0.1555 16.37 6.62 -1.00 -2.39 2.16 20.82 -0.8400 2.4300 7.9000 -3.4844 -1.1022 -0.6356 1.88 -1.60 9.49 168 343 330 374 214 
0.9547 -0.2224 -0.0612 -0.1879 24.37 11.50 33.69 2.78 -2.77 3.29 0.2900 2.6500 -5.3900 -5.3144 0.5100 -0.2833 1.83 -8.08 5.23 166 350 332 377 214 
0.8032 -0.5499 0.0414 -0.2255 31.62 10.38 68.69 2.25 -7.87 -4.30 0.4000 1.8800 -7.3800 2.7678 -0.0922 0.1022 1.77 -8.19 5.08 166 347 332 380 212 
0.9021 -0.3753 -0.0280 -0.2112 24.12 13.75 30.31 2.97 4.65 15.19 0.9000 7.6400 10.2800 4.7989 -1.0722 0.6989 3.11 -1.22 9.21 0 322 324 351 214 
0.9679 -0.0734 -0.1921 -0.1447 16.94 25.94 6.06 6.03 -2.01 10.91 2.3500 -0.9800 1.3400 -1.3489 -0.5244 0.4667 4.81 -2.02 8.29 108 226 249 260 215 
0.9565 -0.1658 -0.2094 -0.1172 10.81 18.94 19.37 3.84 -2.97 6.39 0.9000 0.6600 -2.2300 0.6367 2.7711 2.5244 0.74 -2.96 9.31 101 177 182 199 200 
0.9909 -0.1329 0.0031 0.0204 354.69 -2.62 12.56 -0.36 0.52 9.23 -0.7900 1.5700 0.0600 1.1878 0.1400 1.2544 -0.96 -1.10 9.69 100 162 169 186 169 
0.9908 -0.0445 0.0410 0.1209 344.50 -4.81 3.62 -2.77 0.90 10.18 -2.2500 1.2400 0.6100 0.1222 -0.0844 0.3100 -0.78 -0.45 9.76 102 164 172 188 166 
0.9884 -0.0341 0.0421 0.1418 344.62 -5.62 3.44 -3.06 2.00 9.79 -1.3600 2.8500 -0.0600 0.0956 0.3333 -1.5433 -1.14 -0.68 9.71 104 165 175 191 169 
0.9961 -0.0357 0.0677 0.0441 356.94 -8.38 3.44 0.17 0.61 8.87 2.5700 0.7700 -0.6000 1.0000 0.4289 -1.5544 -1.67 -0.10 9.66 105 169 179 192 172 
0.9937 0.0188 0.0898 -0.0654 9.31 -10.38 -2.50 1.87 -0.68 10.99 3.8400 -1.7100 0.7200 0.3544 0.0422 -0.2067 -1.77 0.71 9.61 105 170 181 192 172 
0.9910 0.0452 0.0903 -0.0875 9.00 -10.44 -3.87 -3.02 -0.68 8.61 -1.8600 -0.9100 -0.8200 -0.3656 -0.3444 0.9167 -1.44 0.45 9.68 103 171 175 188 173 
0.9967 0.0103 0.0739 -0.0318 4.12 -8.50 0.06 -3.76 -0.05 9.86 -1.5700 0.1100 -0.3200 -1.2600 0.1478 -1.6144 -1.48 -1.13 9.62 122 208 208 234 199 
0.9830 -0.0682 0.0865 -0.1471 21.62 -8.75 9.31 0.14 -1.34 6.71 0.7900 0.8300 -2.4900 2.0844 -1.1222 -2.1322 -0.87 -0.55 9.75 158 327 307 341 204 
0.9504 0.0158 0.0271 -0.3094 38.25 -3.50 -3.19 0.25 1.75 9.80 0.4200 1.6400 0.1300 2.1611 -0.3778 -0.5678 -0.28 1.85 9.62 153 362 328 359 205 
;
0.9282 0.0912 -0.0466 -0.3578 42.19 0.75 -10.44 0.24 0.24 8.05 -0.3600 -0.5700 -0.6600 -0.0511 -0.1522 -0.0044 0.27 1.49 9.68 154 366 323 366 209 
0.9298 0.0651 -0.0399 -0.3600 42.25 1.50 -8.56 -0.29 1.31 9.98 -0.9400 -0.0700 0.5400 -0.2111 -0.8878 0.2567 0.93 1.24 9.68 160 341 323 342 208 
0.9320 -0.0204 -0.0958 -0.3489 40.44 14.31 6.62 4.76 0.81 15.34 1.3100 2.2300 3.9100 -6.1533 -1.0178 0.9456 2.93 -5.21 7.76 163 290 299 308 208 
0.8453 -0.4346 -0.0040 -0.3107 41.06 15.19 59.31 1.51 -5.34 2.41 -1.3700 2.9600 -2.4800 -5.9367 0.1756 0.3033 2.25 -9.51 0.78 161 314 313 333 209 
0.6087 -0.7355 0.1377 -0.2635 46.19 12.13 100.87 2.25 -7.77 -7.44 0.2400 1.8800 -5.3700 0.9989 -0.7878 0.6100 1.54 -9.54 -1.62 159 324 317 348 209 
0.6782 -0.7006 0.1077 -0.1940 26.37 5.94 80.25 2.15 0.53 -2.02 1.4900 10.6100 -4.1700 9.0489 -1.7144 1.2356 0.83 -6.70 7.10 163 339 318 360 210 
0.9736 -0.2175 -0.0375 -0.0586 4.94 6.25 19.06 0.51 -1.80 23.63 -0.0800 0.9700 13.1200 -2.9700 -0.7067 -0.7033 1.67 -4.20 8.69 161 348 330 365 212 
0.9366 -0.3334 -0.0693 -0.0825 11.88 10.44 47.31 2.50 -4.87 3.68 0.0900 2.7000 -3.6000 -4.9511 0.9900 -0.0556 1.47 -9.01 3.56 164 347 334 370 210 
0.7690 -0.6253 0.0134 -0.1319 19.94 8.50 79.50 1.55 -7.49 -6.76 0.0900 2.9300 -8.1100 3.2233 -0.4500 -0.1189 1.61 -8.92 3.73 165 342 332 370 211 
0.8999 -0.4182 -0.0353 -0.1184 13.13 8.44 38.25 -0.18 -1.93 21.33 -1.5100 2.5100 14.0500 0.0267 -0.5111 -0.2089 1.63 -5.25 8.11 166 329 331 347 211 
0.9310 -0.3391 -0.0577 -0.1223 16.44 11.25 42.69 4.15 -7.41 3.15 2.2200 -0.6500 -4.0100 -0.8611 0.8833 0.5544 1.38 -7.14 6.57 120 244 274 291 211 
0.9109 -0.3979 -0.0022 -0.1091 10.75 3.81 43.81 2.13 -4.19 3.17 1.4700 2.6300 -4.4000 3.2000 1.3933 2.2689 -0.87 -4.87 8.46 100 172 178 187 207 
0.9818 -0.1666 0.0891 0.0190 354.25 -13.63 13.69 -0.11 2.64 12.75 1.6000 4.3600 4.5200 1.2944 1.0889 2.5233 -3.24 -0.44 9.24 101 158 170 180 194 
0.9680 -0.0284 0.1734 0.1794 336.44 -20.25 -1.37 -8.46 2.80 9.95 -5.9800 2.5100 0.2900 -0.1000 0.1933 -0.2178 -3.54 0.21 9.14 102 159 172 180 195 
0.9651 -0.0389 0.1826 0.1835 341.75 -21.37 1.56 -3.10 2.86 8.59 1.1500 2.8100 -0.1600 0.4344 -0.0033 -2.1789 -3.49 -0.57 9.14 106 163 177 183 195 
0.9821 -0.0403 0.1819 0.0299 359.62 -20.81 4.00 -0.78 0.18 8.70 2.7100 0.6000 -0.3000 1.0922 0.1122 -1.1633 -3.49 -0.26 9.15 105 167 174 187 196 
0.9810 0.0193 0.1782 -0.0750 9.19 -20.37 -1.31 0.21 -0.81 10.80 4.0100 -1.4400 1.8900 -0.0278 -0.4044 0.5133 -3.03 0.41 9.31 105 168 181 186 193 
0.9911 0.0197 0.1277 -0.0300 1.87 -13.75 -1.44 -7.62 -0.21 9.44 -6.3700 -0.3200 -0.2200 -0.6411 0.6156 -0.3556 -2.58 -0.24 9.45 108 165 178 188 192 
0.9875 -0.0309 0.1523 -0.0245 5.19 -17.69 6.50 -2.69 -1.20 8.15 0.7300 0.0000 -1.7400 -0.8044 -0.4744 -2.0711 -2.57 -2.16 9.21 151 238 245 274 204 
0.9699 -0.1063 0.1297 -0.1765 24.94 -9.56 13.81 0.66 1.10 11.31 0.4100 2.2800 -1.4100 1.1456 -1.9367 -3.0167 -0.10 -1.70 9.65 160 357 301 360 205 
0.9249 -0.0582 -0.0068 -0.3756 46.63 4.31 3.44 1.57 0.07 8.51 1.0100 -0.0600 -1.1500 2.2956 1.4656 -1.3200 -0.23 1.09 9.74 165 375 322 375 211 
;
