0.8998 -0.0518 -0.1536 -0.4052 48.44 18.50 -1.87 3.25 0.19 9.28 0.0800 -0.1100 0.0200 0.0000 -0.0033 -0.0056 3.11 0.31 9.29 176 350 334 355 215 
0.8998 -0.0514 -0.1534 -0.4052 48.44 18.50 -1.87 3.23 0.22 9.43 0.0600 -0.1100 -0.0500 -0.0022 0.0167 0.0044 3.10 0.30 9.29 180 351 330 356 215 
0.9000 -0.0512 -0.1524 -0.4052 48.44 18.31 -1.87 2.42 -0.06 9.69 -3.1200 -0.8300 3.2400 0.5644 -2.3656 0.8167 4.81 0.14 8.54 181 309 312 350 212 
0.8713 -0.1844 -0.2822 -0.3568 44.50 38.88 20.56 6.69 -1.34 10.10 -1.2300 2.0700 -0.5500 -6.5078 2.9233 1.2100 4.41 -6.75 5.57 178 336 332 363 212 
0.7368 -0.5526 0.0068 -0.3895 58.00 23.56 70.62 5.81 -6.44 -8.03 2.3900 1.7700 -11.6500 1.7500 -0.3233 1.1378 3.30 -8.67 3.15 181 347 331 374 214 
0.7973 -0.4988 0.0163 -0.3395 41.25 18.62 48.13 2.65 -1.22 20.70 -0.9300 4.1500 15.7700 0.7933 -0.1922 0.7867 2.96 -5.69 7.40 181 351 341 375 213 
0.8721 -0.4019 -0.0624 -0.2719 36.00 18.62 50.81 3.30 -5.46 4.41 -0.2100 2.0800 -1.5800 -3.9133 1.5867 -0.0422 2.61 -8.65 3.80 182 357 344 380 215 
0.7308 -0.5999 0.0750 -0.3168 48.88 15.94 76.81 4.10 -8.57 -7.29 1.4700 1.0500 -9.6100 2.3944 0.0822 0.1700 2.63 -8.93 3.06 182 352 344 378 213 
0.8172 -0.4808 0.0207 -0.3173 38.13 15.56 44.75 1.57 -2.17 20.07 -0.4100 2.7900 12.8800 0.6344 -3.0967 -0.3422 4.26 -5.51 6.89 174 306 323 350 214 
0.8480 -0.4206 -0.2376 -0.2181 22.75 41.88 58.31 4.54 -7.31 -2.50 -3.1700 -1.1400 -5.8800 2.3389 -8.5656 1.0211 7.31 -6.52 0.21 171 271 292 302 217 
0.6120 -0.4117 -0.6633 0.1266 329.44 42.38 118.25 5.14 -4.84 -4.60 -0.6500 0.8300 -0.0600 -2.3078 -4.5522 -1.3944 5.44 -5.06 -6.38 173 233 259 335 220 
0.2764 -0.3451 -0.8916 0.0977 41.63 21.81 161.50 6.34 -3.24 -12.16 3.6800 -0.1400 -3.3400 -0.7778 -0.4111 -0.2267 3.08 -2.04 -9.08 180 254 266 328 225 
0.1836 -0.3409 -0.9210 0.0444 40.63 18.00 167.12 3.19 -2.01 -8.83 -0.0700 0.1800 0.5200 0.1122 0.1333 0.0433 3.13 -2.18 -9.03 179 265 270 330 226 
0.1956 -0.3413 -0.9180 0.0496 40.75 19.25 166.37 3.45 -1.97 -8.58 -0.0900 0.1800 0.4800 -0.1478 0.3833 0.0500 3.46 -2.12 -8.92 177 271 270 339 225 
;
