0.8499 -0.0279 -0.0262 -0.5255 63.44 4.25 1.12 0.76 -0.28 9.77 0.0400 -0.1300 0.1500 -0.0133 -0.0011 0.0000 0.74 -0.19 9.77 176 336 336 358 212 
0.8497 -0.0286 -0.0267 -0.5259 63.50 4.31 1.12 0.75 -0.31 9.81 0.0400 -0.0800 0.0300 0.0044 -0.0011 0.0022 0.74 -0.19 9.77 175 337 339 356 211 
0.8497 -0.0286 -0.0267 -0.5259 63.50 4.31 1.19 0.79 -0.28 9.83 -0.0100 -0.0900 0.0000 0.0067 0.0033 -0.0011 0.73 -0.20 9.77 172 334 336 359 211 
0.8516 -0.0324 -0.0270 -0.5225 60.69 10.38 3.12 -1.08 2.25 15.62 3.3500 5.8500 11.3000 -4.0989 -7.3044 -0.1144 6.01 -2.78 7.22 174 300 299 342 211 
0.7622 -0.4325 -0.1575 -0.4551 62.75 38.69 53.50 5.01 -3.23 2.13 -0.9100 3.4300 -3.1500 -5.4289 0.3167 1.8000 5.16 -8.20 1.48 174 345 315 365 213 
0.5988 -0.6989 0.0639 -0.3860 63.13 24.44 88.19 3.62 -4.71 -11.90 -0.4200 6.3800 -11.2300 7.6222 -1.5233 2.0711 2.82 -8.46 4.06 177 353 321 372 211 
0.8914 -0.3671 -0.0718 -0.2562 26.87 17.62 28.69 -0.05 0.64 30.61 -3.0300 2.5300 20.0200 -1.3833 -1.1900 0.0833 3.31 -4.41 8.10 173 356 329 373 211 
0.8878 -0.3870 -0.1168 -0.2198 31.19 22.25 53.00 4.07 -3.69 1.19 0.3800 3.8600 -4.2600 -5.3922 0.6289 -0.1644 3.61 -8.84 2.21 172 357 336 378 212 
0.7053 -0.6523 0.0015 -0.2773 41.63 20.06 77.87 3.68 -4.73 -6.86 0.3300 4.5500 -8.9600 6.9667 -0.6222 0.7822 3.03 -7.44 5.61 173 339 318 362 212 
0.9332 -0.2836 -0.1248 -0.1819 19.06 17.00 22.37 -1.14 -2.02 23.09 -2.6700 -0.1200 10.3900 -0.2678 0.7567 0.1000 1.82 -3.30 9.05 176 249 269 268 210 
0.9616 -0.2076 0.0157 -0.1789 21.69 -1.94 25.87 0.89 -5.96 4.72 3.6200 -0.9800 -4.1100 -0.1022 3.4967 1.6733 -3.73 -4.27 7.99 181 164 170 186 204 
0.9188 -0.1475 0.3465 -0.1187 12.13 -43.44 23.06 -4.93 -0.82 3.92 2.0200 1.3800 -2.6000 0.9567 2.4489 2.6233 -8.25 -0.88 5.22 182 153 161 181 191 
0.8653 0.0154 0.5009 0.0065 356.87 -60.13 -12.13 -10.06 2.98 4.59 -1.8700 1.6700 0.5000 1.1100 0.1956 1.1111 -8.43 2.32 4.42 186 156 158 182 189 
0.8495 0.1194 0.5112 0.0521 352.87 -58.38 -28.37 -8.83 3.18 4.93 -0.4100 0.6100 -0.0300 -0.3633 -0.0478 -0.1467 -8.35 2.19 4.64 188 159 161 186 189 
0.8549 0.0953 0.5069 0.0566 352.44 -58.69 -25.44 -7.67 2.55 4.10 0.1000 0.3400 -0.2500 0.0244 -0.3789 -0.1789 -8.27 2.12 4.81 187 170 165 188 194 
0.8879 0.0904 0.4501 0.0303 358.81 -48.00 -14.00 -7.19 3.12 5.58 -0.7500 1.5400 -2.4000 0.3789 -4.3600 -2.7322 -4.86 0.47 8.50 178 269 273 284 205 
0.9728 0.0339 0.1411 -0.1804 24.94 -9.50 -0.81 0.34 0.63 7.04 1.3400 -0.4100 -3.0100 0.1556 -3.6156 -2.2133 1.04 0.31 9.74 183 336 315 348 205 
0.9327 0.0129 -0.0975 -0.3468 42.44 9.75 -6.37 0.39 -0.66 11.49 -1.9900 -1.4500 1.4200 0.4422 0.2656 -1.1356 1.08 1.58 9.61 176 362 334 366 208 
;
0.8957 0.0128 -0.0780 -0.4376 52.06 7.37 -5.25 1.21 0.82 9.74 -0.0600 -0.0400 0.1200 -0.0022 -0.0022 0.0000 1.26 0.89 9.68 179 347 339 361 214 
0.8957 0.0128 -0.0780 -0.4376 52.06 7.37 -5.25 0.94 0.85 9.85 -0.5900 -0.0600 0.2800 -0.8000 -1.1344 0.1956 1.87 0.46 9.61 180 312 310 341 212 
0.8875 -0.1245 -0.1672 -0.4110 48.75 31.56 13.69 7.13 -1.50 12.61 0.6200 1.4100 3.7200 -4.5400 0.1100 0.8467 5.16 -4.93 6.71 180 329 319 357 212 
0.7861 -0.4460 -0.0539 -0.4244 59.50 27.75 55.13 6.07 -6.43 -2.11 3.1600 1.6000 -7.3400 -2.2411 -0.3244 1.2256 4.32 -8.24 3.07 177 345 328 376 212 
0.7355 -0.5660 0.0378 -0.3705 46.81 18.69 61.06 4.36 -1.84 -3.85 -0.0400 7.9400 -9.6000 8.3256 -1.9822 2.1800 2.80 -4.87 8.03 183 339 326 371 210 
0.9705 -0.1186 -0.1101 -0.1786 17.87 14.19 6.06 0.85 3.22 23.80 -1.1900 3.9000 11.7300 -3.2067 -0.9033 -0.1522 3.15 -2.68 8.88 184 339 329 369 212 
0.9310 -0.2932 -0.1166 -0.1835 24.69 17.87 41.50 2.72 -4.81 1.07 -0.0700 1.9000 -5.7500 -4.5400 0.4489 0.3067 2.63 -8.38 4.34 181 343 327 373 213 
0.7999 -0.5628 -0.0178 -0.2079 28.31 15.00 65.69 2.59 -5.70 -5.39 0.6700 4.0800 -9.0100 6.7033 -0.8011 0.0078 2.69 -6.27 7.03 184 341 327 374 214 
0.9664 -0.1900 -0.0865 -0.1503 15.06 8.94 12.00 -2.45 1.78 22.97 -2.1200 1.7500 10.4500 -0.2278 -0.0100 -0.1411 1.46 -1.45 9.58 171 265 305 292 212 
0.9823 -0.1177 -0.0178 -0.1445 18.12 -1.44 16.06 3.68 -4.81 3.49 4.1500 -0.3600 -6.2100 0.1711 4.7611 1.5800 -4.15 -2.70 8.45 183 175 180 195 208 
0.9315 -0.0624 0.3436 -0.1014 10.00 -43.69 9.81 -6.11 0.82 5.21 1.8300 1.0800 -2.1200 0.4556 2.4067 2.0467 -7.93 0.25 5.75 184 156 163 180 192 
0.8783 0.0575 0.4747 0.0009 357.62 -57.19 -17.00 -9.62 3.59 4.68 -2.1600 2.1200 1.0100 0.9033 0.3444 1.2011 -8.17 2.76 4.65 187 156 149 177 189 
0.8565 0.1461 0.4927 0.0479 354.25 -56.06 -30.25 -9.39 3.59 5.98 -0.9100 0.6800 -0.0800 -0.6322 -1.4711 -1.3233 -7.72 1.69 5.79 183 165 169 185 194 
0.9334 0.0798 0.3471 -0.0432 8.94 -33.31 -6.44 -4.96 2.90 5.53 1.3100 1.5000 -3.3400 -0.0422 -4.3067 -2.0211 -2.52 0.33 9.46 180 254 271 283 207 
0.9780 0.0183 0.0537 -0.2008 25.69 -2.31 -1.12 1.38 -0.49 8.20 1.3100 -0.8600 -1.5900 0.3044 -2.2933 -1.1956 1.32 0.54 9.70 182 318 313 337 207 
0.9467 0.0087 -0.1006 -0.3059 37.69 9.94 -6.12 0.47 -0.06 11.48 -1.2800 -1.4700 1.3300 0.0589 0.6200 -1.3300 0.97 1.33 9.66 182 343 321 366 209 
;
