0.8860 -0.0443 -0.0673 -0.4567 54.50 9.19 0.94 1.56 -0.18 9.71 0.0000 -0.0800 0.0400 0.0056 0.0078 0.0044 1.56 -0.16 9.67 170 338 336 347 208 
0.8860 -0.0441 -0.0671 -0.4567 54.50 9.13 0.94 1.61 -0.21 9.68 0.0400 -0.0900 -0.0300 -0.0011 0.0011 -0.0033 1.56 -0.16 9.67 172 340 335 348 208 
0.8860 -0.0443 -0.0673 -0.4567 54.50 9.19 0.94 1.63 -0.25 9.69 0.0100 -0.0500 0.0100 0.0033 -0.0122 -0.0078 1.58 -0.16 9.67 169 338 338 348 208 
0.8860 -0.0441 -0.0677 -0.4566 54.50 9.06 0.81 1.18 -0.40 9.90 -0.6400 -0.4300 0.7000 0.8867 0.1822 0.2089 1.63 0.16 9.66 170 315 320 334 207 
0.8922 -0.0669 -0.1345 -0.4259 50.00 22.81 2.56 4.03 0.18 5.70 -0.7200 0.4400 -4.4400 1.0867 -7.5078 1.6500 7.65 -0.85 6.07 160 252 268 286 213 
0.7386 -0.2280 -0.5980 -0.2119 26.25 80.75 145.31 9.07 -2.15 -1.67 1.8600 -1.2800 1.5600 -0.8422 -7.4578 0.1356 6.62 -0.79 -7.18 173 235 238 301 219 
0.2760 -0.2867 -0.9164 -0.0422 35.13 26.62 174.94 6.93 0.00 -7.43 0.7000 -0.5500 0.6800 -0.2122 -0.9189 -0.1589 3.72 -0.35 -9.06 183 255 244 313 224 
0.1808 -0.3019 -0.9350 -0.0436 35.81 21.06 177.81 4.27 -0.21 -9.01 0.5500 0.0300 0.6300 0.2378 0.0344 -0.0200 3.53 -0.48 -9.13 185 257 244 316 225 
0.1843 -0.3011 -0.9351 -0.0323 35.75 21.44 176.56 4.62 -0.68 -9.38 1.1100 0.5200 -0.4900 1.1678 0.7967 0.1378 4.01 -1.27 -8.85 175 260 243 278 219 
0.2590 -0.2935 -0.9201 0.0162 34.94 29.56 166.37 4.35 -1.47 -6.75 -0.6200 0.7400 1.5000 0.6189 -0.0300 -0.3422 4.86 -2.36 -8.18 172 254 234 277 217 
0.2564 -0.2602 -0.9302 0.0370 30.69 26.06 170.56 4.78 -2.28 -8.22 0.4400 -0.9200 1.0000 -1.3833 -1.2200 -0.3711 3.56 -0.38 -9.12 178 251 233 285 223 
0.1777 -0.2567 -0.9498 -0.0178 30.62 20.44 174.31 9.32 -2.51 -13.28 5.8600 -1.6300 -4.2500 2.0778 0.7933 1.3311 3.56 -2.60 -8.75 184 283 256 332 221 
0.2985 -0.3136 -0.8864 0.1640 293.69 28.06 133.56 1.93 -3.63 -3.37 -2.8100 4.1000 1.2500 3.8311 2.4133 1.4633 4.50 -8.45 -2.07 193 387 344 364 214 
0.5228 -0.3085 -0.6746 0.4199 283.12 26.44 93.69 1.81 -4.53 0.33 -1.4900 3.9100 0.6500 0.1344 0.2144 -0.1356 4.44 -8.73 -0.17 195 384 347 366 216 
0.5505 -0.3088 -0.6499 0.4233 285.12 27.00 92.94 3.87 -7.35 -0.09 -0.0900 1.0200 0.4400 -0.8922 -0.3333 0.0022 4.46 -8.64 -1.20 191 372 336 348 217 
0.5343 -0.3403 -0.6885 0.3532 303.06 33.19 104.50 6.72 -4.60 -2.78 -0.2700 2.0000 -1.5800 -4.0111 6.3589 -2.0711 7.31 -6.35 -1.49 172 276 266 279 217 
0.7283 -0.4338 -0.5235 -0.0859 27.94 56.69 53.38 9.82 -3.83 2.60 2.2100 0.0100 -1.3600 1.8933 9.3422 -2.3411 4.83 -2.12 8.26 178 315 306 335 207 
0.9122 -0.0744 -0.1021 -0.3899 48.63 8.13 -1.12 2.92 3.55 18.68 -2.7500 1.8300 15.3700 -2.8856 3.4600 -0.5622 -1.08 -0.27 9.74 176 357 333 350 213 
;
