0.9720 0.0220 0.0998 -0.2114 24.50 -11.69 0.00 -1.98 -0.04 9.52 0.0500 -0.0100 -0.1200 -0.0022 -0.0111 0.0078 -1.99 0.00 9.60 179 341 352 358 217 
0.9720 0.0220 0.0998 -0.2114 24.50 -11.69 0.00 -1.95 -0.03 9.47 0.0000 -0.0700 -0.1900 -0.0011 -0.0067 0.0089 -1.99 0.00 9.60 180 342 351 357 218 
0.9720 0.0220 0.1000 -0.2115 24.50 -11.75 0.00 -2.19 -0.12 9.53 -0.3100 -0.1500 -0.0400 0.1844 -0.3433 0.0433 -1.81 0.11 9.63 179 341 351 360 216 
0.9761 0.0433 0.0580 -0.2050 22.06 -1.56 -6.87 0.93 3.34 13.17 0.5100 1.5100 3.0100 -1.2167 -4.4656 1.0956 3.05 0.83 9.28 177 299 330 325 217 
0.9485 -0.0413 -0.2919 -0.1161 10.56 44.25 6.44 5.80 -1.57 3.67 -1.6700 -0.0200 -2.1300 -1.5689 -5.9244 2.5056 8.86 -2.84 3.06 177 247 279 342 222 
0.7214 -0.2318 -0.6502 0.0546 346.31 61.63 106.56 5.78 -4.62 1.73 -3.0700 -0.1600 7.0800 -3.9900 -4.9556 0.8489 6.52 -3.90 -6.18 186 248 242 307 225 
0.2968 -0.3658 -0.8816 0.0302 45.56 28.69 164.12 4.99 -1.54 -12.16 0.5200 -0.0100 -1.1400 0.3533 0.2744 -0.1256 4.80 -2.44 -8.18 192 271 256 332 229 
0.2890 -0.3651 -0.8848 0.0187 44.94 30.19 163.56 5.40 -1.68 -7.32 0.9300 1.4100 1.3200 -0.3678 2.4244 0.5567 5.96 -2.42 -7.39 183 259 250 315 221 
0.4867 -0.4008 -0.7707 -0.0922 30.69 68.87 134.06 13.39 0.66 -3.36 2.9600 2.8600 -3.1500 -3.7256 11.1811 2.5533 6.85 -4.94 4.96 174 295 281 280 214 
0.8074 -0.4659 -0.0703 -0.3552 46.50 19.31 58.88 3.13 -7.71 4.33 0.4500 1.4800 -0.2600 -5.8589 2.8878 3.0033 0.52 -9.72 1.13 175 279 285 273 210 
0.5880 -0.6942 0.3379 -0.2413 43.81 -5.75 109.31 -2.10 -5.51 -8.90 -1.4100 3.4600 -5.2300 -1.4667 -0.0011 -0.0300 -1.10 -8.46 -4.82 181 282 293 294 212 
0.5262 -0.7219 0.3822 -0.2362 52.00 -1.87 102.50 -1.11 -5.69 3.62 1.2500 3.0400 10.2500 4.1800 -0.7989 -0.4567 0.30 -9.70 1.39 183 292 295 307 212 
0.6456 -0.6064 0.3182 -0.3378 54.56 -0.62 91.19 -0.61 -9.12 -1.51 -0.3700 0.9200 -0.9100 -3.0900 0.1344 0.1511 -0.20 -9.49 -2.46 180 292 299 311 212 
0.4957 -0.7296 0.3965 -0.2548 53.75 -1.37 115.69 -3.07 -6.05 -10.99 -3.4500 2.4900 -8.1500 0.3367 -0.8811 -0.2133 -0.34 -8.88 -4.13 180 292 301 315 213 
0.5624 -0.6881 0.3362 -0.3118 60.06 5.69 88.87 6.62 -4.85 10.23 5.6400 4.0500 8.0500 1.8722 -1.8233 0.4578 1.13 -9.46 2.31 173 296 284 320 215 
0.7393 -0.5692 0.1608 -0.3221 44.56 8.13 69.81 1.88 -8.25 0.21 0.1700 0.6500 -3.6700 2.9944 -0.7300 -0.1222 1.72 -8.23 5.03 179 315 295 316 216 
0.8549 -0.4198 0.0271 -0.3036 39.31 12.69 41.25 1.46 -3.89 5.87 -0.5400 1.6600 -1.3400 5.1833 1.4700 -0.8689 1.65 -3.14 9.13 178 331 311 342 213 
;
