0.9108 -0.0707 -0.1672 -0.3708 44.25 20.87 0.25 3.47 -0.13 9.00 0.0300 -0.0200 0.0700 -0.0044 0.0022 0.0056 3.50 -0.04 9.16 174 348 342 348 212 
0.9108 -0.0709 -0.1673 -0.3708 44.31 20.94 0.25 3.54 -0.12 9.24 0.0100 -0.0900 0.0700 0.0000 -0.0800 0.0267 3.57 -0.05 9.13 174 328 336 339 210 
0.9077 -0.0922 -0.2033 -0.3553 41.13 31.25 3.75 2.91 -0.30 10.39 -3.0700 -1.5400 -1.3100 -0.1144 -8.5956 1.4833 8.75 -1.76 4.05 175 261 253 325 219 
0.6721 -0.3066 -0.6616 -0.1288 15.13 65.37 141.31 5.79 -2.55 -5.46 -0.7000 0.5200 0.2300 -0.5200 -9.1867 -0.2078 4.75 -2.32 -8.25 180 244 251 359 223 
0.1569 -0.3296 -0.9302 0.0378 38.69 13.06 173.25 4.21 -0.40 -14.47 0.8800 0.0800 -2.7100 0.1178 -0.1022 -0.0433 1.73 -0.82 -9.61 186 264 260 365 228 
0.1033 -0.3204 -0.9415 0.0201 37.25 10.50 173.69 2.51 -0.86 -8.76 0.6800 0.1200 0.5700 0.0333 -0.0344 -0.0256 1.75 -1.07 -9.58 185 266 266 367 226 
0.1030 -0.3141 -0.9434 0.0246 36.75 10.44 173.37 2.13 -1.16 -9.11 0.4300 -0.0100 0.5300 0.0067 0.1067 -0.0233 1.90 -1.12 -9.55 184 263 267 362 226 
0.1255 -0.3132 -0.9412 0.0183 37.44 16.50 173.00 4.57 -1.28 -10.34 -0.5400 -0.7800 -2.4200 1.3467 3.2000 0.0444 5.27 -1.90 -8.04 174 325 227 256 215 
0.3357 -0.3143 -0.8868 0.0459 39.44 36.19 154.56 5.37 -3.10 -7.82 -0.8000 0.6300 -0.2800 2.1800 1.7978 0.2978 6.46 -4.62 -5.73 159 355 181 201 191 
0.4875 -0.2846 -0.8103 0.1572 321.44 45.94 125.87 7.16 -4.22 -3.72 -0.0500 1.8600 0.2800 2.7089 0.6944 0.0178 7.25 -6.15 -2.36 153 331 185 200 188 
0.5785 -0.1841 -0.7348 0.3024 303.56 47.44 102.06 8.04 -4.81 2.69 0.7300 1.2300 3.0700 -1.2111 -0.4322 0.3067 6.94 -6.46 -2.46 153 347 187 207 190 
0.5123 -0.2199 -0.7852 0.2698 304.37 42.38 119.12 6.71 -6.66 -5.18 0.3800 -0.3200 -1.8000 -0.1589 -0.3744 0.0856 6.39 -6.28 -3.96 155 361 190 212 190 
0.4841 -0.2340 -0.8024 0.2590 303.44 41.63 119.62 7.06 -6.38 -4.73 0.5600 0.5100 -0.4800 2.1244 0.3589 -0.3278 6.75 -6.69 -2.40 158 343 194 212 193 
0.5297 -0.1722 -0.7620 0.3303 298.00 43.88 109.75 6.70 -4.43 0.24 0.0900 2.0500 2.3100 -3.0356 0.3578 0.0522 6.84 -6.08 -3.50 165 327 197 229 199 
0.5452 -0.2943 -0.7692 0.1564 343.69 53.88 119.25 11.19 -3.82 -6.03 3.1200 0.5500 -4.1500 -2.7722 9.8522 -0.4844 8.52 -4.43 1.95 164 320 265 277 209 
;
0.8512 -0.3484 -0.3036 -0.2488 36.69 31.94 28.69 0.72 -4.12 4.69 -3.0400 0.5800 -1.4600 4.3733 4.0333 -1.5678 1.75 -0.88 9.60 175 359 329 357 210 
0.9153 0.0397 -0.0674 -0.3951 45.94 1.31 -9.19 1.46 -2.53 4.51 -1.7500 -2.0800 0.1800 0.4211 -0.3833 0.0489 0.57 0.65 9.76 173 360 337 373 212 
0.9202 0.0204 -0.0390 -0.3891 45.81 3.12 -3.87 0.66 0.44 9.87 0.1600 -0.2100 -0.0200 -0.0044 0.0133 0.0033 0.54 0.63 9.77 170 359 337 372 213 
0.9203 0.0179 -0.0388 -0.3888 45.81 3.37 -3.50 0.59 0.40 9.96 -0.0600 -0.2400 0.1800 0.0089 -0.1011 0.0256 0.66 0.56 9.76 173 335 336 371 212 
0.9214 -0.0178 -0.0764 -0.3806 44.06 15.13 0.25 3.21 2.12 12.99 -0.8800 1.8200 2.5100 -2.0956 -5.4411 0.6200 5.70 -1.59 7.81 165 260 271 343 217 
0.8370 -0.2646 -0.3958 -0.2696 30.69 64.87 39.00 7.91 -2.66 -0.83 -1.4600 0.2600 -1.2300 0.8833 -8.8078 0.5044 8.79 -3.14 -2.97 174 254 273 359 220 
0.4556 -0.3425 -0.8217 0.0090 353.62 41.00 156.00 4.66 -2.35 -5.09 -0.0400 0.6400 1.8200 -1.4622 -2.8044 -0.8322 4.37 -1.86 -8.57 177 266 265 365 226 
0.2170 -0.3224 -0.9213 0.0156 38.63 22.62 169.50 5.42 -1.84 -8.98 1.4800 -0.1400 0.4000 0.1644 0.4911 0.1433 3.97 -1.81 -8.77 181 266 278 371 226 
0.2311 -0.3285 -0.9155 0.0215 39.69 24.19 167.81 4.06 -1.89 -7.54 -0.2300 0.2000 0.8200 -0.1867 0.1000 -0.0244 4.09 -1.79 -8.72 172 265 276 364 226 
0.2429 -0.3338 -0.9108 0.0060 40.44 27.94 169.12 5.99 -1.73 -8.42 1.2200 0.4500 -0.9000 0.1933 3.0678 -0.0022 6.38 -1.66 -7.25 174 252 202 267 212 
0.4067 -0.3211 -0.8552 -0.0115 353.50 43.44 154.87 8.56 -3.21 -6.00 -0.3200 -0.1100 0.2000 1.6056 1.3844 0.9533 7.06 -4.27 -5.29 170 359 181 192 182 
0.5002 -0.3290 -0.7940 0.1053 333.69 46.94 129.75 6.58 -4.75 -4.53 -0.7900 0.5900 -0.5700 1.7078 0.9478 0.0811 7.36 -5.76 -2.95 147 336 177 198 182 
0.5947 -0.2617 -0.7321 0.2048 319.81 50.00 105.94 8.33 -4.29 2.71 1.1900 1.9000 4.1200 0.5122 -0.1311 0.0867 7.47 -6.19 -1.36 143 335 180 202 183 
0.5995 -0.2427 -0.7260 0.2334 319.94 49.00 108.44 7.97 -5.80 -3.20 0.6800 0.2800 -1.1700 -1.1867 -0.4389 0.2544 7.20 -5.97 -2.92 144 357 161 203 186 
0.5544 -0.3080 -0.7529 0.1758 325.06 46.31 118.50 6.89 -6.08 -4.47 0.1500 -0.0900 -1.5300 0.6256 0.2444 0.0289 7.13 -6.08 -2.88 144 341 180 207 184 
0.5873 -0.2863 -0.7288 0.2048 320.06 48.25 105.06 7.01 -5.40 1.35 -0.3400 1.0600 3.4700 0.5856 -0.1178 0.0889 7.34 -6.39 -1.10 143 321 180 208 186 
0.6076 -0.2656 -0.7123 0.2302 320.25 47.56 107.50 6.94 -5.08 -2.00 -0.2700 1.0200 0.3000 -2.4644 -0.8678 -0.1089 7.11 -5.76 -3.50 163 331 176 222 192 
0.5502 -0.3589 -0.7526 0.0461 359.62 56.19 131.37 11.36 -2.05 -4.18 2.2600 1.4900 -1.5700 -2.9889 8.2300 -0.5467 9.27 -3.05 0.84 4 318 260 286 205 
0.7987 -0.3498 -0.3557 -0.3364 48.50 38.44 24.56 2.56 -4.27 3.15 -2.7900 -0.9300 -3.9400 3.3322 7.3467 -0.3100 0.85 -1.53 9.64 172 353 311 350 209 
;
