0.8938 -0.0015 -0.0795 -0.4413 52.50 8.19 -3.87 1.48 0.68 9.48 0.3200 -0.1200 -0.2100 0.0022 -0.0100 -0.0011 1.40 0.65 9.68 172 344 341 360 215 
0.8939 -0.0016 -0.0792 -0.4412 52.50 8.19 -3.81 1.51 0.49 9.66 0.0800 -0.0800 0.0500 -0.0033 -0.0167 -0.0133 1.41 0.65 9.68 172 343 341 359 216 
0.8940 -0.0035 -0.0836 -0.4402 52.13 10.38 -3.69 2.06 1.29 12.25 -1.7300 -0.1300 1.0100 -2.2844 -3.9667 0.0922 5.24 -0.72 8.25 167 278 303 345 220 
0.7996 -0.2670 -0.4149 -0.3422 41.00 72.25 36.69 7.33 -2.83 -1.99 -2.3800 -0.3000 -2.8600 1.6911 -9.5956 0.1267 8.60 -2.28 -4.10 173 245 238 308 222 
0.3553 -0.3817 -0.8527 -0.0317 47.50 28.50 168.12 5.43 -1.80 -8.37 0.1400 0.3200 -1.5400 -0.3811 -1.3222 -0.4622 3.75 -1.07 -8.99 186 260 247 327 225 
0.1978 -0.3749 -0.9054 -0.0244 44.81 21.69 173.00 3.93 -1.16 -8.28 -0.3000 -0.0400 0.6600 0.1478 -0.2456 -0.1089 3.57 -1.20 -9.05 186 265 253 338 225 
0.1890 -0.3669 -0.9108 -0.0118 43.31 19.44 173.44 4.89 -0.29 -8.94 3.8500 0.5200 -1.3200 -0.5611 1.7422 0.3822 4.30 -0.73 -8.77 170 257 258 316 222 
0.3462 -0.4068 -0.8411 -0.0850 25.50 50.06 158.37 14.29 1.11 -6.97 1.1400 5.4400 -3.1500 -1.7878 9.9656 5.9544 7.89 -5.78 -0.65 159 297 263 328 219 
0.7015 -0.6234 -0.2759 -0.2077 35.38 32.63 84.19 0.54 -4.48 -1.53 -4.7100 4.2500 -2.2700 -4.6700 3.0422 2.1333 3.45 -9.12 -0.95 160 338 304 351 214 
0.5677 -0.7769 0.0550 -0.2666 51.13 20.94 104.87 4.52 -9.04 -6.08 1.2100 -0.5500 -3.4600 1.0022 0.2733 0.1500 3.56 -8.88 -2.11 164 347 316 360 217 
0.6063 -0.7430 0.0615 -0.2768 46.25 17.81 91.62 3.85 -8.52 -3.59 0.8400 1.1000 -4.5600 3.8500 0.0900 1.4344 1.98 -9.29 2.40 167 345 317 364 214 
0.8325 -0.5009 0.0586 -0.2294 27.31 5.56 50.50 2.53 0.80 -0.06 1.7600 9.0300 -5.9900 8.0500 0.5356 1.2811 0.17 -2.84 9.38 174 355 329 371 210 
0.9904 0.0168 0.0142 -0.1368 14.31 -2.25 -5.50 -1.75 4.83 19.78 -1.8200 2.1500 6.8300 0.5033 -0.2878 0.1100 -0.07 1.84 9.63 178 361 331 372 210 
0.9893 0.0838 -0.0060 -0.1191 14.00 -0.31 -9.13 0.25 1.05 8.51 0.2400 -0.5700 -1.6800 -0.3511 -0.1633 -0.2100 -0.01 1.25 9.72 177 359 335 371 212 
0.9880 0.0689 -0.0058 -0.1380 16.44 -0.69 -8.63 0.18 1.31 8.86 0.2800 -0.3000 -1.2100 0.3478 0.7633 -0.7011 -0.59 1.77 9.62 176 359 331 373 211 
0.9778 0.1070 0.0154 -0.1795 21.37 -4.31 -12.50 1.10 5.58 7.59 -2.1700 0.6500 4.4900 -2.1522 -2.4333 -0.0144 -0.16 1.87 9.62 172 361 339 371 214 
;
