0.8038 -0.0968 -0.1393 -0.5703 70.69 19.44 -0.19 3.17 -0.07 9.22 -0.0700 -0.1100 -0.0200 -0.0033 -0.0078 -0.0033 3.26 0.02 9.24 176 359 341 352 214 
0.8036 -0.0969 -0.1389 -0.5705 70.75 19.50 -0.13 3.17 -0.16 9.50 -0.2200 -0.1400 -0.3700 -0.0200 0.0122 -0.0222 3.26 0.01 9.24 176 357 335 352 214 
0.8036 -0.0934 -0.1292 -0.5735 70.94 17.56 0.13 3.23 -0.18 9.22 0.3600 -0.1200 -0.0900 0.1456 0.6767 0.0211 2.57 0.06 9.46 177 361 334 354 214 
0.8104 -0.0646 -0.1031 -0.5732 70.50 13.56 -0.94 2.06 0.02 9.45 -0.2600 -0.1800 -0.0100 0.0878 0.0489 -0.0378 2.22 0.22 9.54 176 362 335 356 214 
0.8120 -0.0506 -0.1083 -0.5714 69.44 16.37 -5.19 3.06 1.19 12.91 0.9900 1.5400 6.4600 0.8678 -7.0633 1.9500 6.02 1.82 7.51 172 321 301 343 216 
0.7679 -0.2200 -0.4309 -0.4197 47.88 69.94 18.19 10.43 -2.80 0.52 -1.2000 0.3700 -0.3300 1.6722 -7.6489 4.7656 8.49 -4.48 -1.95 174 264 275 338 220 
0.5358 -0.4611 -0.7037 0.0714 333.31 35.75 129.12 2.15 -4.70 -2.00 -3.3400 1.1100 4.2000 -1.5044 -4.0511 0.4389 3.24 -5.69 -7.29 182 258 260 313 226 
0.2593 -0.5492 -0.7889 0.0937 69.19 13.88 163.62 6.25 4.21 -25.76 -1.9000 5.3100 -16.6500 0.0956 -0.2733 0.0000 1.52 -1.78 -9.52 185 276 283 345 227 
0.1312 -0.5596 -0.8176 0.0349 68.37 10.50 167.50 3.16 -2.12 -8.80 0.9600 0.0800 0.5300 0.2789 0.1667 -0.0733 1.89 -2.27 -9.34 182 261 264 337 226 
0.1678 -0.5424 -0.8221 0.0431 65.87 16.62 164.19 3.04 -3.74 -10.99 0.3200 -1.3400 -3.0500 2.0956 3.4311 -2.2811 5.42 -2.89 -7.64 169 315 169 192 191 
0.4014 -0.3958 -0.8259 -0.0074 4.31 48.81 152.31 8.88 -3.40 -7.03 0.3300 -0.9900 -1.7700 3.3978 2.4300 -1.4033 8.70 -3.05 -3.33 156 323 159 170 187 
0.6515 -0.1783 -0.7365 0.0376 350.44 75.31 94.37 8.64 -1.12 0.16 -0.1300 0.7300 -1.8400 3.2533 3.1144 -1.2422 9.40 -1.01 2.59 142 340 172 179 193 
0.8171 0.0683 -0.5643 0.0954 347.00 66.69 -8.63 5.43 2.65 4.04 -3.5300 1.4800 -0.5200 0.7844 1.1956 -0.8522 8.54 1.52 4.55 143 339 174 180 195 
0.8593 0.1523 -0.4805 0.0861 348.31 57.81 -20.37 7.03 2.67 5.29 -1.2900 0.7500 0.3400 -0.0789 0.1256 -0.1833 8.19 1.93 5.02 148 336 179 183 195 
0.8681 0.1611 -0.4631 0.0777 350.50 56.13 -21.81 7.13 3.17 5.26 -1.0200 1.4000 0.2900 -1.0600 -0.4100 -0.4611 8.20 1.94 5.00 147 339 183 184 196 
0.8666 0.1207 -0.4839 0.0175 359.50 57.44 -20.75 8.58 2.78 4.73 -0.1500 0.9400 0.1800 -1.5056 -0.1589 -0.6289 8.22 1.72 5.05 148 338 183 187 195 
0.8691 0.0583 -0.4872 -0.0621 10.13 57.06 -15.81 8.73 1.50 3.80 0.4800 0.2500 -1.0000 -1.8822 0.4800 -0.5522 8.01 1.05 5.54 152 351 181 185 197 
0.8775 -0.0396 -0.4451 -0.1741 25.56 51.50 -6.75 6.88 -1.36 5.93 0.0900 -2.1200 0.2700 -0.4756 -0.0144 -0.3511 7.71 0.73 6.01 143 351 185 187 197 
0.8677 -0.0695 -0.4321 -0.2357 30.37 51.44 -8.06 7.80 0.84 7.27 -0.2500 -0.0700 0.8100 0.1878 -0.1856 0.2022 7.73 0.89 5.95 154 350 193 190 199 
0.8651 -0.0627 -0.4465 -0.2200 28.37 53.56 -8.13 6.60 0.44 6.02 -1.7100 -0.6500 0.1200 0.0800 -0.6656 0.2956 8.15 0.66 5.40 158 344 190 189 198 
0.8601 -0.0899 -0.4574 -0.2072 26.81 53.00 0.56 4.80 -0.03 3.58 -2.5400 0.8100 -3.2300 -2.6211 2.8256 1.2144 6.31 -2.01 7.22 150 314 185 222 199 
0.9094 -0.2296 -0.2143 -0.2728 38.25 26.62 22.56 5.81 -3.69 6.19 2.6000 -0.7000 -1.1100 -1.2200 5.1678 -2.3156 2.13 -3.56 8.88 162 325 296 307 207 
0.8543 -0.1591 -0.0085 -0.4947 62.19 13.13 10.88 7.37 0.44 15.47 5.1100 1.1400 5.2500 2.2289 1.0489 -0.9889 2.19 0.12 9.55 175 362 318 363 205 
;
