0.8524 -0.0165 -0.0824 -0.5161 62.38 9.06 -3.31 1.55 0.60 9.57 0.0100 0.0500 -0.1000 0.0067 0.0189 0.0089 1.54 0.56 9.66 183 344 333 381 216 
0.8521 -0.0158 -0.0833 -0.5165 62.44 9.06 -3.44 1.70 0.60 9.70 -0.0200 0.0700 -0.1100 0.0311 0.0089 0.0133 1.54 0.61 9.66 183 344 335 381 214 
0.8518 -0.0140 -0.0844 -0.5168 62.50 9.13 -3.69 1.07 0.50 9.92 -1.1500 0.1200 0.8200 -0.6956 -1.4189 0.3122 2.25 0.29 9.53 179 292 319 360 214 
0.8442 -0.1201 -0.1650 -0.4956 60.06 31.87 6.25 8.14 -0.72 5.63 0.8500 -0.6700 -3.2100 -0.1122 -9.9289 2.1200 9.04 -2.23 3.05 170 240 277 354 220 
0.6259 -0.4341 -0.6259 -0.1674 14.06 56.00 135.00 6.95 -3.01 -4.33 -0.1800 1.3500 2.4200 0.1333 -5.5900 0.2122 4.78 -4.36 -7.36 178 237 232 311 221 
0.2549 -0.4524 -0.8516 0.0728 55.81 18.69 162.00 3.73 -1.70 -10.71 1.8000 0.4600 -4.1500 -1.1233 -0.7556 -0.1056 2.34 -1.80 -9.34 185 276 258 343 227 
0.1516 -0.4543 -0.8774 0.0291 54.69 14.44 168.31 3.12 -1.84 -8.40 0.5100 0.2000 1.0100 0.2178 0.2456 -0.0789 2.61 -2.08 -9.21 187 274 257 340 227 
0.1833 -0.4495 -0.8737 0.0302 55.69 20.25 166.62 5.43 -0.22 -9.97 1.7100 2.2800 -1.1700 -0.8244 5.1678 0.3333 6.45 -2.01 -7.10 176 288 268 302 215 
0.4778 -0.4872 -0.7147 -0.1536 39.13 65.00 133.37 13.37 -2.52 -0.32 4.5600 0.1200 1.2800 -1.7300 8.1756 4.1356 7.77 -5.66 1.87 170 324 299 359 210 
0.7313 -0.5862 -0.1740 -0.3021 45.44 30.87 75.69 1.04 -7.04 -0.36 -3.0500 1.9500 -2.2300 -3.5222 0.7300 1.8700 3.49 -9.16 0.05 171 340 321 373 211 
0.6141 -0.7437 0.0635 -0.2565 44.88 16.44 100.12 1.33 -8.51 -4.76 -1.4200 0.8300 -3.3400 0.3900 -1.2556 0.0133 2.47 -9.30 -1.87 177 338 321 377 214 
0.6495 -0.7324 0.0392 -0.2007 30.00 13.38 87.19 2.06 -5.09 -5.60 0.2100 6.3600 -5.7300 7.6344 -0.7089 0.1956 2.29 -8.06 5.08 181 330 324 374 214 
0.9165 -0.3675 -0.0908 -0.1295 14.94 16.00 37.13 3.21 -2.66 20.14 -0.3700 2.1900 11.1000 -2.0111 -0.7567 0.0544 2.89 -6.19 7.02 181 344 326 370 213 
0.8795 -0.4454 -0.1047 -0.1305 18.62 17.25 59.88 2.21 -6.51 3.47 -1.9400 1.9600 -1.7100 -4.4644 0.7489 0.0822 2.62 -9.25 1.90 181 345 325 377 214 
0.7001 -0.6904 -0.0119 -0.1819 31.19 16.25 90.87 2.42 -9.10 -8.15 0.1500 0.5800 -8.1000 1.8356 -0.2678 -0.3822 3.10 -9.27 0.66 182 333 325 377 214 
0.7820 -0.5934 -0.0888 -0.1688 20.62 20.75 62.00 3.74 -1.95 9.51 1.6200 5.9500 10.3600 3.8167 -0.0556 0.1289 3.64 -6.41 6.45 184 327 332 366 216 
0.8923 -0.3956 -0.1889 -0.1076 13.38 26.12 49.69 3.09 -6.29 3.71 -1.5900 0.3700 -2.3800 -0.1389 0.8567 -0.6500 4.31 -6.74 5.65 176 338 321 357 215 
0.8878 -0.3914 -0.1642 -0.1780 26.56 24.87 40.75 2.83 -4.87 5.53 -1.2400 0.2700 -1.8200 2.2000 2.6678 -1.9967 3.31 -4.05 8.29 177 326 322 364 214 
0.9154 -0.1780 -0.0645 -0.3552 44.81 11.19 11.50 0.26 -0.49 10.03 -0.2700 1.2700 0.9800 1.7289 0.9833 -0.5422 1.15 -0.34 9.73 178 355 313 361 210 
;
0.9095 0.0440 -0.0136 -0.4132 49.44 -1.56 -1.56 -2.56 -0.11 8.47 -0.0600 0.1800 -0.8600 -0.0267 -0.0622 0.0467 -0.03 0.23 9.80 180 351 331 374 213 
0.9091 0.0096 -0.0035 -0.4164 49.19 -0.13 -0.94 -0.60 0.02 9.61 -0.3000 -0.0400 -0.1100 -0.0922 -0.0678 -0.0133 -0.05 0.07 9.80 179 350 330 370 213 
0.9091 0.0014 -0.0015 -0.4166 49.00 1.06 -0.13 -2.02 0.26 11.89 -2.1100 1.4300 2.4800 -0.7444 -4.7589 0.9778 2.81 -0.53 9.37 172 293 313 356 216 
0.8841 -0.1834 -0.2372 -0.3585 41.31 45.56 17.75 5.72 -3.88 1.73 -1.9400 -1.1600 -2.5300 -0.0467 -10.5900 2.2844 9.11 -3.60 -0.11 174 261 297 351 220 
0.5254 -0.4218 -0.7389 0.0103 350.06 44.13 139.25 3.56 -4.28 -2.73 -2.5100 -0.0300 4.2300 -2.3556 -4.2700 -0.3956 4.26 -3.54 -8.08 182 268 276 355 226 
0.2472 -0.4307 -0.8676 0.0256 50.94 21.12 167.44 5.09 0.07 -15.40 1.6200 0.5400 -3.7800 0.2967 0.1100 -0.1244 3.55 -1.84 -8.95 189 269 284 358 227 
0.2121 -0.4125 -0.8858 0.0170 50.06 21.06 166.69 4.44 -1.75 -7.57 0.6700 0.4900 1.4900 -0.0167 0.5078 0.0778 3.91 -2.11 -8.73 181 265 287 352 225 
0.2854 -0.4329 -0.8546 -0.0281 57.25 40.81 165.69 11.06 1.31 -7.89 4.1200 3.0100 -2.0300 -3.1733 10.8744 2.3600 9.43 -2.27 -1.40 168 294 294 308 217 
0.6580 -0.5043 -0.4423 -0.3423 54.56 60.50 69.75 8.13 -6.18 2.93 -0.5000 -0.2500 2.2700 -3.8344 2.5578 4.0889 6.27 -7.31 1.80 171 316 306 333 210 
0.6489 -0.6875 -0.0200 -0.3253 54.25 23.00 92.37 0.54 -7.38 -3.81 -2.7100 1.0400 -3.2500 -2.8289 1.2456 1.4911 2.73 -9.09 -2.45 171 339 324 367 211 
0.5060 -0.7786 0.2045 -0.3098 62.00 15.94 107.50 3.85 -5.91 -9.14 1.0200 3.7900 -7.2700 4.4378 -1.5233 0.2722 2.37 -9.50 -0.34 179 325 320 369 214 
0.7540 -0.6027 0.0602 -0.2544 32.94 11.69 62.25 1.10 0.19 7.47 -0.7900 8.0200 3.7200 5.7844 -1.2867 1.1833 1.83 -5.76 7.71 183 337 335 364 215 
0.9401 -0.2891 -0.0602 -0.1705 20.00 13.56 33.94 1.46 -4.21 15.41 -0.2600 1.6800 5.8500 -4.2367 -0.7444 -0.3156 2.88 -7.19 6.00 182 351 331 362 214 
0.8201 -0.5356 -0.0634 -0.1912 29.06 18.12 72.12 1.87 -8.19 -1.03 -1.4100 0.4500 -3.9100 -3.7233 0.6111 0.0078 3.05 -9.31 0.13 177 352 332 369 214 
0.6422 -0.7296 0.0189 -0.2343 39.75 18.62 92.69 2.34 -6.89 -8.98 -0.0900 3.1900 -8.6300 6.1744 -1.6678 0.1244 3.35 -8.64 3.19 180 332 327 358 216 
0.8646 -0.4557 -0.1371 -0.1614 19.50 23.50 48.06 5.18 -4.36 15.88 0.7700 1.7900 9.5600 0.3144 -1.3078 0.1756 4.43 -6.46 5.88 182 336 333 355 216 
0.8594 -0.4447 -0.2216 -0.1205 17.00 29.69 58.81 3.81 -7.10 2.41 -1.1400 0.3800 -2.0800 -1.8444 1.8556 -0.5800 4.72 -7.71 3.77 175 335 329 345 216 
0.8090 -0.5212 -0.1476 -0.2279 34.88 28.12 58.75 3.16 -5.82 0.58 -1.4300 1.2900 -4.3100 2.4322 2.8156 -1.1711 4.08 -6.15 6.45 175 332 323 344 215 
0.8723 -0.2956 -0.0610 -0.3847 49.69 14.56 22.31 -0.84 -1.48 9.05 -2.7600 1.3200 0.8000 4.3800 1.6189 -0.7111 0.96 -0.62 9.73 169 363 327 374 215 
;
