0.8741 -0.0287 -0.0684 -0.4800 57.50 8.44 -0.88 1.45 0.16 9.69 0.0000 0.0500 0.0200 0.0044 0.0000 0.0000 1.44 0.15 9.69 166 332 318 339 213 
0.8741 -0.0287 -0.0684 -0.4800 57.50 8.44 -0.88 1.54 0.19 9.69 -0.0900 0.0400 -0.0100 0.0000 -0.0044 0.0011 1.44 0.15 9.69 168 333 319 339 212 
0.8741 -0.0287 -0.0684 -0.4800 57.50 8.44 -0.88 1.39 0.17 9.69 0.0400 0.0400 0.0400 0.0011 0.0000 0.0000 1.44 0.15 9.69 169 330 320 339 213 
0.8741 -0.0284 -0.0684 -0.4800 57.50 8.38 -0.94 1.15 0.06 10.01 -0.4200 -0.1300 0.5300 0.5311 -0.6633 0.3022 1.73 0.43 9.64 172 323 315 330 212 
0.8793 -0.0535 -0.1490 -0.4492 52.88 23.44 0.25 5.81 -0.82 8.12 1.3300 -0.4600 -1.0600 -0.8622 -6.8789 2.8544 7.35 -1.70 6.25 172 281 299 334 215 
0.7908 -0.3220 -0.4728 -0.2177 22.69 66.19 66.87 7.14 -3.40 1.59 -2.7900 0.7800 0.9100 0.0611 -6.4078 1.2622 8.21 -4.65 -2.65 178 240 258 319 219 
0.5010 -0.4244 -0.7537 0.0302 349.44 40.38 145.19 5.76 -1.87 -3.49 2.9200 0.0100 3.2700 -2.1389 -1.4156 -0.4856 4.71 -2.55 -8.21 187 261 262 337 222 
0.2354 -0.4456 -0.8636 -0.0060 54.63 24.00 167.69 5.42 -1.94 -10.96 1.3400 -0.2300 -1.1300 0.4400 0.4067 0.1356 4.18 -2.17 -8.59 189 265 258 340 221 
0.2626 -0.4470 -0.8551 0.0026 56.06 28.87 163.37 5.77 -1.42 -7.09 2.4800 1.0600 -0.4100 -1.1600 3.7989 0.9122 6.53 -2.31 -6.93 114 228 255 268 212 
0.4689 -0.5250 -0.6895 -0.1705 45.56 62.00 134.06 9.98 -0.14 -4.35 1.2400 5.0500 -3.6300 -4.9189 7.2178 7.1378 6.12 -7.62 0.65 106 227 217 237 202 
0.6329 -0.7106 0.0497 -0.3032 47.63 14.25 94.56 -0.67 -7.83 -2.46 -2.6900 1.5200 -1.5500 -1.2689 -0.4356 1.9278 0.62 -9.60 -1.89 109 231 224 242 203 
0.6003 -0.7505 0.2126 -0.1766 30.81 -0.50 102.62 -1.83 -9.22 -1.60 -1.4700 -0.0600 0.3900 0.1733 -0.6300 -0.3367 -0.02 -9.59 -2.01 110 239 224 246 202 
0.6201 -0.7552 0.1503 -0.1498 25.44 4.19 99.94 -0.68 -9.57 -4.22 -1.0400 0.2700 -2.4100 1.8244 -4.7378 -3.5989 2.64 -9.38 -1.09 98 235 223 241 203 
0.6717 -0.6866 -0.2740 -0.0486 2.44 33.50 98.19 5.70 -2.88 -8.93 1.5900 8.7400 -5.8100 4.6222 -11.5422 -6.5756 6.97 -5.65 -3.94 115 233 221 234 201 
0.4572 -0.2233 -0.8416 0.1813 314.12 42.88 136.94 12.57 -3.46 -4.18 4.0300 1.1600 1.4100 0.1167 -0.0122 0.1789 6.44 -4.95 -5.48 117 229 220 232 201 
0.4274 -0.1924 -0.8602 0.2013 314.25 42.88 135.44 7.45 -2.98 -3.65 -0.1200 1.9800 0.8200 -1.5911 3.7756 0.2322 7.74 -4.78 -3.64 143 257 261 262 209 
0.6378 -0.3248 -0.6971 0.0411 4.56 62.00 89.25 7.98 -3.19 -1.69 0.5400 0.8000 -3.9100 -1.3689 11.2256 -0.5478 6.30 -4.67 5.87 161 307 294 305 209 
0.9092 -0.2424 -0.0805 -0.3289 43.06 9.06 14.56 -0.47 0.04 10.45 0.1300 0.9800 2.3800 4.1644 1.1344 -1.2878 0.19 1.38 9.70 173 363 316 360 211 
;
0.8980 0.1138 -0.0644 -0.4200 50.13 0.94 -9.00 -0.97 0.35 12.59 -0.2600 -0.9800 0.6900 0.1089 -0.1256 0.0378 0.24 1.34 9.71 172 363 332 371 213 
0.9042 0.0562 -0.0398 -0.4214 49.88 1.44 -7.44 0.11 0.96 9.93 -0.2700 -0.4000 0.5600 0.1078 -0.6267 0.1933 0.66 1.20 9.70 172 320 319 366 212 
0.9059 -0.0178 -0.1402 -0.3992 44.94 25.94 -0.75 6.89 -0.53 9.19 1.9800 -0.6500 1.2400 -2.0244 -6.6933 2.2933 7.92 -2.06 5.39 115 262 256 283 216 
0.7554 -0.3495 -0.5154 -0.2039 23.06 68.44 87.44 7.96 -3.83 -1.62 -0.5600 0.4100 0.0800 0.1400 -5.7878 1.1300 7.75 -4.41 -4.07 172 269 267 291 221 
0.4560 -0.4476 -0.7687 0.0291 351.31 39.75 145.31 4.99 -3.53 -4.77 -0.5400 1.1400 2.3400 -1.8800 -1.4000 -0.6122 5.53 -3.07 -7.48 182 264 277 314 225 
0.3105 -0.4509 -0.8364 -0.0269 55.63 32.06 167.00 8.02 -0.95 -11.95 2.2800 0.0600 -4.3400 -0.0667 -0.3833 -0.2489 4.91 -1.51 -8.35 185 278 284 323 225 
0.2732 -0.4392 -0.8550 -0.0385 54.50 29.87 167.69 5.31 -1.83 -7.21 0.4100 0.1400 1.0800 0.1900 0.1611 0.1133 4.94 -2.00 -8.22 182 278 278 327 226 
0.3250 -0.4551 -0.8281 -0.0388 16.37 40.94 158.75 11.63 -1.63 -8.60 1.9700 1.2500 -2.7200 -0.4611 5.6622 3.5767 7.87 -4.46 -3.76 118 218 246 265 218 
0.6205 -0.5994 -0.4793 -0.1614 34.56 46.63 95.94 6.43 -4.40 -0.87 -1.0600 3.0900 -1.6900 -4.0367 5.4611 5.5611 3.60 -9.09 -0.64 105 225 226 255 209 
0.6107 -0.7513 0.1214 -0.2187 37.19 5.62 101.62 -2.74 -7.49 -2.82 -2.7300 1.9800 -0.2900 -0.3267 -0.6856 0.5722 0.12 -9.51 -2.37 111 233 228 257 207 
0.5997 -0.7617 0.1933 -0.1509 27.19 -0.19 103.50 -1.74 -9.51 -1.97 -1.4200 -0.4400 -0.4400 0.2833 -1.5900 -1.2189 0.56 -9.57 -2.06 97 237 227 254 208 
0.6285 -0.7694 0.0258 -0.1105 16.81 11.88 99.62 1.79 -7.70 -3.14 -1.0300 1.2400 -1.9100 1.9789 -5.1944 -4.0856 4.21 -8.73 -1.45 98 226 224 245 203 
0.6298 -0.6017 -0.4907 0.0229 347.75 41.06 111.25 9.20 -1.06 -5.70 4.6800 4.6700 -2.2300 2.1956 -5.8889 -4.1356 6.60 -5.23 -5.01 111 221 221 244 204 
0.4280 -0.2099 -0.8581 0.1907 307.62 40.00 138.25 11.72 -3.59 -2.57 4.9100 1.4600 3.1100 -0.5456 0.4711 0.5000 6.22 -5.00 -5.68 118 228 230 255 207 
0.4348 -0.2345 -0.8533 0.1672 328.06 44.88 137.75 9.20 -1.65 -4.38 1.2100 2.8100 -0.5300 -3.5556 8.7400 0.9600 8.59 -4.42 -1.66 147 285 276 314 211 
0.7639 -0.4215 -0.4483 -0.1945 38.56 46.81 46.63 5.03 -6.12 0.07 -1.2700 -0.5000 -3.7700 2.6600 7.3922 -0.7911 2.84 -3.47 8.71 167 328 306 344 210 
0.8829 -0.0992 -0.0070 -0.4589 56.25 3.69 5.00 1.15 -1.12 10.05 0.3800 -1.1700 -0.4000 1.5022 1.2622 -0.5178 -0.21 0.51 9.79 169 361 330 365 213 
;
0.8724 0.0164 -0.0397 -0.4868 58.19 3.12 -4.69 -0.34 1.91 13.45 -1.2300 -0.7200 -0.2000 -0.0356 -0.1722 0.0733 0.58 0.84 9.75 170 363 332 370 214 
0.8742 0.0218 -0.0477 -0.4827 57.69 3.69 -4.69 0.68 0.58 9.64 -0.0200 -0.2200 -0.0600 -0.0300 -0.0367 0.0022 0.64 0.78 9.75 169 363 336 370 216 
0.8746 0.0189 -0.0483 -0.4820 57.63 3.75 -4.69 0.08 0.46 10.42 -0.7000 -0.5300 0.7900 0.4611 -1.3189 0.4444 1.43 1.00 9.64 173 329 326 361 213 
0.8734 -0.0504 -0.1737 -0.4523 53.56 28.50 0.00 5.07 0.01 9.22 0.8800 -0.3000 -0.4300 -1.0067 -7.1322 1.8611 8.18 -1.60 5.15 172 258 285 338 220 
0.7103 -0.3722 -0.5465 -0.2415 30.94 71.25 108.94 6.95 -3.08 -2.90 -1.7500 0.4600 -0.5200 -0.5278 -7.7900 0.4000 7.09 -3.25 -5.93 181 254 277 362 223 
0.3537 -0.4646 -0.8116 -0.0196 58.69 31.87 163.06 4.56 -2.36 -7.24 -0.1300 0.9600 0.2500 -1.1744 -1.3933 -0.7556 4.29 -1.34 -8.71 185 271 281 344 225 
0.2293 -0.4602 -0.8566 -0.0428 56.81 26.00 170.25 5.83 -2.05 -7.44 1.4100 -0.4400 1.3600 0.4267 0.5322 0.3222 4.53 -1.87 -8.49 183 271 281 351 227 
0.2974 -0.4832 -0.8223 -0.0428 64.06 37.31 162.81 8.37 -1.53 -7.88 1.3800 0.8600 -1.0600 -1.5944 4.1200 2.1733 8.02 -2.85 -4.85 112 217 233 214 179 
0.5350 -0.6071 -0.5415 -0.2278 47.88 57.06 113.69 8.83 -3.39 -1.99 0.3400 2.3400 -0.3600 -3.0333 4.7033 5.7322 6.11 -7.61 -0.84 108 234 219 249 182 
0.6065 -0.7495 -0.0226 -0.2642 44.63 18.94 99.62 0.08 -7.48 -2.63 -1.8000 1.2600 0.2000 -0.6900 -0.3822 1.9178 1.55 -9.43 -2.15 111 242 225 259 184 
0.5996 -0.7738 0.1205 -0.1647 28.37 5.06 103.19 -0.70 -9.60 -1.80 -1.1100 0.0400 0.6700 0.1522 -0.5389 0.0144 0.66 -9.54 -2.12 110 247 229 259 185 
0.6164 -0.7726 0.0867 -0.1246 21.81 6.50 101.56 -1.06 -9.68 -3.22 -2.3300 0.3000 -1.6200 1.3622 -3.6867 -3.2633 2.70 -9.29 -1.58 114 235 221 251 180 
0.6490 -0.7068 -0.2759 -0.0555 4.37 32.13 100.75 6.51 -4.69 -4.50 -0.6900 3.3700 -4.4200 3.7733 -7.6411 -5.2867 6.89 -6.09 -3.38 114 211 218 246 179 
0.4804 -0.2918 -0.8105 0.1644 313.81 41.06 136.56 10.09 -3.44 -6.86 3.7200 1.3700 -0.9600 1.2056 -1.4456 -0.9578 6.11 -4.97 -5.82 114 211 214 243 177 
0.3842 -0.1460 -0.8826 0.2281 298.87 37.56 139.44 6.99 -4.12 -4.84 1.1600 0.9300 1.1900 -0.6333 0.7900 0.3444 6.18 -4.90 -5.81 122 219 227 252 183 
0.4285 -0.1995 -0.8627 0.1801 321.81 44.31 139.37 9.67 -2.44 -2.86 1.9500 2.0400 1.4600 -3.0900 6.0533 0.9167 8.44 -4.14 -2.76 142 258 265 288 200 
0.7137 -0.3967 -0.5666 -0.1101 27.94 56.75 60.00 7.27 -3.78 -1.72 -0.4600 0.5200 -6.1500 -0.9133 10.0067 -0.1844 4.02 -5.19 7.28 158 316 290 321 203 
;
