0.7429 0.0923 -0.3932 -0.5339 71.37 29.00 -39.50 4.75 5.36 6.55 0.0100 -0.1300 -0.0500 0.0067 0.1133 -0.0178 4.70 5.46 6.64 187 328 309 304 223 
0.7452 0.0970 -0.3878 -0.5338 71.19 28.06 -39.38 4.48 5.43 6.83 -0.0900 -0.0500 0.0800 0.0067 0.0233 -0.0222 4.57 5.50 6.70 187 332 309 303 222 
0.7464 0.1019 -0.3834 -0.5344 71.06 27.19 -39.25 4.76 5.07 6.39 0.7800 -0.4700 -0.7500 -0.1078 0.9411 0.1544 4.13 5.47 7.00 193 278 255 303 223 
0.7778 0.1318 -0.3599 -0.4982 61.56 30.19 -39.25 11.16 8.53 11.05 4.6200 3.2500 4.1100 -0.7567 -1.5056 3.6578 6.84 3.76 5.92 193 182 180 222 224 
0.8190 -0.0467 -0.4911 -0.2931 32.88 64.12 -14.44 5.33 0.65 3.32 -4.8700 0.4800 0.9200 0.8500 -3.2344 2.8989 9.61 -0.99 1.64 195 169 148 183 188 
0.7179 -0.1723 -0.6708 -0.0701 10.38 80.31 100.37 4.85 0.32 1.19 -5.4800 0.8100 0.9700 0.4333 -1.9400 -1.3956 9.55 -1.15 -1.88 192 164 160 177 187 
0.6047 -0.1598 -0.7768 -0.0731 14.00 72.56 166.62 13.48 -0.01 -4.63 3.6800 0.8000 -0.6500 0.0967 0.6844 -0.2578 9.43 -0.50 -2.63 196 169 170 184 187 
0.6235 -0.1508 -0.7626 -0.0828 17.56 84.06 176.44 9.38 0.67 -1.45 -1.3700 1.1600 -2.2700 -0.9700 9.4033 -1.5311 8.19 0.08 5.37 189 255 232 267 224 
0.9105 -0.0312 -0.3130 -0.2686 34.88 27.62 -12.25 0.30 1.68 6.49 -3.2900 -0.7100 -2.5500 1.1900 0.5000 -1.6233 3.30 3.31 8.61 189 303 317 342 221 
;
0.8972 0.1301 -0.2180 -0.3613 45.88 15.00 -25.81 4.19 4.04 9.30 1.1000 0.5600 1.6900 1.3233 0.5711 -1.1289 1.68 5.10 8.19 190 343 338 376 223 
0.8579 0.2325 -0.1969 -0.4137 52.38 7.75 -35.63 1.38 6.34 9.62 0.1400 1.1000 2.1100 0.5344 -0.5433 -0.3111 1.46 5.98 7.63 190 343 340 376 222 
0.8351 0.2491 -0.2192 -0.4387 55.44 8.50 -37.63 1.57 5.26 6.71 0.2700 -0.0600 -0.1400 0.1444 0.0600 -0.1222 1.40 5.97 7.64 190 340 338 370 222 
0.8307 0.2483 -0.2221 -0.4460 56.63 9.94 -38.56 4.07 8.31 12.34 4.2500 3.3000 6.1600 -0.3344 -4.3911 1.7800 4.80 5.49 6.55 169 293 302 324 223 
0.8037 0.0715 -0.4493 -0.3835 45.38 50.38 -34.38 6.51 2.19 3.30 -3.0800 0.1200 -0.8200 0.9822 -3.1422 4.1811 9.40 0.62 2.69 181 196 190 228 221 
0.7518 -0.1028 -0.6425 -0.1065 11.63 84.31 3.06 3.92 1.67 1.79 -5.1200 2.0300 1.3200 0.0756 -1.4144 -0.3989 9.78 -0.48 -0.30 189 160 146 176 199 
0.6821 -0.1245 -0.7139 -0.0977 17.87 86.69 178.25 7.82 2.30 -0.94 4.2400 1.3600 -0.1200 -0.0956 -0.2900 -0.5689 9.73 0.18 -1.18 192 164 171 186 214 
0.6562 -0.1060 -0.7380 -0.1168 19.56 84.31 -178.37 11.24 0.84 -0.48 0.9000 1.2400 0.8500 -0.4367 1.8211 0.5289 9.80 -0.11 0.11 189 174 175 191 212 
0.7639 -0.1302 -0.6171 -0.1367 21.56 70.50 4.19 8.11 0.82 2.04 -0.9400 0.4900 -2.9300 0.2567 6.2833 -1.5278 6.79 0.61 7.04 194 275 280 295 224 
;
0.9290 0.0128 -0.2540 -0.2688 35.44 19.62 -13.06 -1.70 0.89 6.09 -3.1600 -0.9200 -2.6600 1.0800 0.5067 -1.8144 1.93 3.17 9.07 189 315 320 351 223 
0.8873 0.1586 -0.1546 -0.4046 52.50 6.44 -27.31 1.70 5.12 8.44 0.7500 0.1900 0.2100 1.5311 0.3244 -1.5411 0.27 5.55 8.07 190 346 349 385 226 
0.8077 0.2728 -0.1744 -0.4926 64.37 2.69 -43.13 16.05 12.38 24.62 0.2000 -0.2500 1.1900 -1.5378 -0.0333 -0.0822 0.71 6.43 7.36 184 351 337 373 224 
0.7865 0.2718 -0.2090 -0.5136 66.31 3.81 -41.81 -0.60 8.74 10.55 1.1200 3.1000 3.9400 0.2311 -3.3189 1.3611 2.71 6.66 6.65 188 338 336 363 224 
0.7550 0.1505 -0.4222 -0.4786 60.50 37.56 -47.81 10.58 6.39 4.03 3.2200 0.7700 -0.2200 1.1944 -1.8533 5.1944 8.40 3.38 3.74 194 257 234 262 226 
0.7793 -0.0155 -0.6044 -0.1648 15.38 76.44 -18.94 3.98 1.78 2.27 -5.6600 1.7700 0.0700 0.6467 -0.7667 1.6278 9.66 -0.80 1.48 192 159 162 178 179 
0.7318 -0.0698 -0.6779 0.0012 0.19 84.25 5.56 5.18 2.28 -0.40 -2.1100 1.8000 -2.3900 -0.3156 0.8411 -1.1556 9.71 -0.47 1.23 182 159 163 178 204 
0.7346 -0.0679 -0.6708 -0.0760 13.06 85.06 -1.31 13.64 1.07 -0.18 4.1900 0.8300 -0.6400 0.1556 -0.1811 -0.1533 9.77 0.42 0.62 183 172 166 187 205 
0.7277 -0.0529 -0.6785 -0.0854 13.50 84.25 -2.12 8.72 1.69 1.37 -0.7400 1.8100 0.1900 -1.0256 2.0422 -0.1322 9.54 0.30 2.22 189 174 177 201 212 
0.8444 -0.0524 -0.5073 -0.1640 25.44 51.38 -14.19 2.74 0.97 4.58 -2.7400 -0.8800 -1.8700 0.9611 3.3689 -4.0111 4.94 3.94 7.49 190 311 302 328 225 
0.8731 0.1781 -0.2692 -0.3654 49.25 15.50 -35.13 1.94 5.56 7.82 0.3500 0.0300 0.3600 0.2811 0.7978 -1.8800 1.13 5.97 7.69 188 345 343 384 223 
;
0.8218 0.2877 -0.1569 -0.4662 60.13 -2.06 -39.75 -0.43 7.01 7.85 -0.9400 1.9000 1.3200 1.2911 -2.7678 0.6333 0.69 6.84 6.98 184 372 341 368 220 
0.7924 0.2827 -0.2429 -0.4829 63.13 5.06 -42.31 -0.95 5.67 5.01 -1.6900 -0.6800 -1.8200 0.1022 -0.0100 0.1178 0.76 6.57 7.23 180 366 349 362 223 
0.7932 0.2709 -0.2391 -0.4902 63.56 8.94 -41.88 1.30 7.79 10.56 -0.2400 1.6100 3.6600 -0.9611 -3.2133 1.0789 3.67 5.82 6.97 186 235 249 333 223 
0.7739 0.0863 -0.4129 -0.4724 58.63 42.63 -38.44 10.81 3.72 3.15 2.6700 0.4700 -1.2000 1.6789 -2.6011 5.0944 8.87 1.97 3.68 190 169 177 216 218 
0.7908 -0.0856 -0.5840 -0.1616 16.06 74.50 1.87 4.79 1.37 1.73 -6.4100 1.2300 -1.4900 1.6222 -2.0133 1.2978 9.62 -0.97 1.62 188 151 158 176 187 
0.7294 -0.0637 -0.6811 0.0026 2.44 82.31 47.44 4.72 1.91 -1.45 -4.2900 1.2400 0.1000 0.3056 -1.8611 -0.6878 9.78 -0.59 0.24 183 162 170 182 206 
0.6872 -0.0736 -0.7209 -0.0510 8.50 84.81 179.06 12.99 0.45 -1.28 3.2300 0.5900 -0.2300 0.2622 -0.0844 -0.2156 9.74 -0.03 -1.11 189 173 174 188 207 
0.6682 -0.0563 -0.7403 -0.0472 7.87 84.56 179.44 9.33 1.30 -0.09 -0.7600 1.7500 0.8400 -0.8178 1.4678 0.0378 9.80 -0.17 0.00 195 173 184 194 209 
0.7601 -0.0854 -0.6347 -0.1097 19.44 74.50 -10.44 6.46 2.52 2.62 -3.6300 0.8400 -1.3500 -0.9967 3.3000 -2.7433 8.23 2.10 4.88 190 299 275 304 224 
;
