0.8036 -0.0933 -0.0853 -0.5816 71.75 14.19 2.94 2.33 -0.54 9.45 -0.0100 -0.0100 -0.1100 0.0011 -0.0056 0.0111 2.39 -0.49 9.49 170 340 334 349 214 
0.8039 -0.0894 -0.0839 -0.5820 71.81 13.44 2.25 1.87 -0.61 10.49 -0.2900 -0.2300 2.4900 2.0011 -0.8778 0.0178 2.75 0.73 9.38 171 290 311 344 217 
0.8076 -0.0804 -0.1764 -0.5569 66.62 27.25 -1.06 4.13 -1.01 6.01 0.6000 -1.2100 -2.9200 0.4400 -5.1856 2.5144 7.45 -0.88 6.30 176 166 177 191 215 
0.7902 -0.2725 -0.4393 -0.3293 41.88 64.25 21.06 7.70 -1.04 3.74 -1.6500 0.5800 0.3600 1.1100 -2.2156 0.5844 9.37 -1.82 2.22 176 159 164 186 207 
0.7260 -0.2632 -0.6066 -0.1890 33.75 85.81 3.56 9.12 5.61 6.69 8.3800 6.2400 -13.6700 -0.3567 -0.7289 -2.2456 9.73 1.17 0.14 186 154 170 193 204 
0.6487 -0.2107 -0.6685 -0.2964 48.50 82.69 -79.75 8.76 1.33 1.84 -0.6700 0.4900 0.9000 0.6633 -0.1922 -0.2378 9.70 1.39 0.17 183 172 179 206 208 
0.6788 -0.1536 -0.6669 -0.2662 38.19 79.00 -53.63 12.55 0.96 -2.20 3.5500 -0.0400 -1.5800 3.9644 1.8278 -0.1156 9.35 2.01 2.13 125 251 268 275 221 
0.8090 0.0557 -0.5673 -0.1439 19.31 58.81 -32.94 9.28 3.31 4.00 1.2000 0.1100 -0.5900 1.1022 3.4544 -0.7000 6.90 3.46 6.03 92 219 195 192 192 
0.9147 0.1671 -0.3419 -0.1359 17.06 30.81 -29.69 3.16 3.13 4.94 -1.4300 -1.3600 -2.3700 0.3367 2.1689 -1.2033 3.41 4.72 7.88 91 209 180 183 184 
0.9399 0.2369 -0.1743 -0.1737 21.62 12.19 -32.25 -0.32 5.08 6.07 -3.4300 -0.8000 -2.2600 0.2244 0.0978 -0.7578 1.48 5.32 8.10 100 210 181 183 185 
0.9297 0.2609 -0.1339 -0.2229 28.37 6.87 -32.69 0.16 6.24 7.60 -0.5900 1.6200 -0.5800 -0.6978 -0.7122 -0.5100 1.40 4.95 8.34 7 193 188 189 188 
0.9182 0.2164 -0.1516 -0.2951 38.75 8.38 -28.44 0.27 5.75 7.37 -0.3600 1.6700 -0.9000 -0.8267 -0.6111 -2.1533 1.13 4.29 8.74 103 195 193 190 190 
0.8724 0.1612 -0.1539 -0.4349 55.50 8.25 -23.69 4.49 5.56 6.42 2.8800 1.9000 -2.6100 -1.7467 -0.5056 -1.7200 1.59 3.19 9.13 103 198 192 194 190 
0.8220 0.0763 -0.1653 -0.5397 68.19 10.38 -17.62 1.81 -1.12 13.62 0.5300 -3.1900 4.6300 -0.3689 0.4222 -0.7867 1.51 3.01 9.20 104 202 194 196 191 
0.7937 0.0822 -0.1492 -0.5840 72.75 7.81 -17.06 0.38 1.14 7.94 -0.8800 -1.9600 -1.5500 -0.3233 0.0178 0.6800 1.37 2.52 9.37 107 195 192 194 190 
0.8215 0.0478 -0.0868 -0.5615 66.00 3.44 -6.12 -0.80 -1.61 6.12 -1.1100 -1.9200 -3.6500 -2.0100 -1.4000 2.6133 1.24 -0.63 9.70 143 245 253 254 212 
0.8961 -0.1212 -0.0195 -0.4266 49.25 8.06 15.13 1.06 -4.15 6.26 -0.2800 -0.8900 -4.0800 -0.2689 0.1000 -1.3600 1.44 -3.00 9.22 167 302 309 323 203 
0.8591 -0.1423 -0.0043 -0.4916 62.63 10.00 10.56 3.59 1.80 14.21 2.9900 3.0200 4.8600 1.9222 0.3389 -1.2789 1.88 0.04 9.62 175 353 335 349 204 
;
