0.7930 -0.0219 -0.0701 -0.6048 74.62 7.87 -2.87 1.45 0.45 9.72 0.2300 0.1000 -0.1500 -0.0378 -0.0167 0.0067 1.33 0.49 9.70 182 385 342 363 217 
0.7930 -0.0214 -0.0695 -0.6048 74.62 7.75 -2.87 1.33 0.41 9.92 -0.1800 0.0100 0.1000 -0.2011 -0.4667 0.2889 1.57 0.37 9.67 179 331 329 362 216 
0.8048 -0.0853 -0.1237 -0.5742 68.31 24.44 0.94 6.34 -2.09 9.22 0.9300 -1.1800 -0.5800 -1.0189 -3.1089 1.0233 6.12 -1.11 7.57 174 183 180 214 214 
0.7894 -0.2781 -0.3141 -0.4481 54.88 52.75 16.75 8.00 -2.02 3.28 0.3100 0.4600 -1.7000 2.6444 -3.6700 1.6044 8.91 -1.83 3.63 182 154 161 198 217 
0.7668 -0.2773 -0.5375 -0.2146 27.37 72.69 41.31 5.75 -0.97 1.82 -4.9700 -0.0100 1.1900 1.7111 -2.2367 -0.3856 9.69 -1.35 0.51 184 155 169 192 219 
0.6671 -0.1993 -0.6965 -0.1735 36.50 86.50 -177.31 15.55 2.93 -1.68 0.7600 1.3800 1.5400 1.0600 0.1011 0.1711 9.75 0.45 -0.85 184 158 176 199 218 
0.6494 -0.1630 -0.7198 -0.1831 32.00 84.06 -176.75 9.77 0.85 -0.99 -0.3600 0.3500 0.4600 -0.0700 0.2222 0.0167 9.76 0.57 -0.65 183 163 176 205 218 
0.6595 -0.1621 -0.7073 -0.1961 34.13 85.37 -176.12 10.05 1.84 0.67 1.4700 1.8100 0.9400 -1.4011 1.2922 0.2356 9.79 0.50 0.19 181 184 192 222 217 
0.7091 -0.2062 -0.6250 -0.2530 38.81 77.31 2.50 12.62 0.96 2.53 2.0300 1.7100 -1.2500 -5.3756 13.3822 -2.0189 5.07 -1.38 8.27 184 365 195 196 185 
0.8140 -0.2137 0.1184 -0.5269 70.25 -4.37 37.31 -0.64 -7.18 4.43 2.0700 0.1200 -2.0700 -1.9378 3.4800 -1.2978 -1.68 -7.20 6.43 188 382 185 193 178 
0.6483 -0.2189 0.3585 -0.6351 91.31 -10.81 49.13 -0.29 -7.60 7.05 1.3800 -0.1600 0.7000 0.3889 0.2967 -0.2133 -1.81 -7.21 6.39 186 383 188 198 180 
0.6266 -0.2021 0.3550 -0.6637 92.00 -9.75 47.06 0.06 -9.28 8.93 1.7100 -3.8700 2.1200 -0.3089 -1.1089 0.8056 -1.49 -7.13 6.55 186 383 186 198 182 
0.6747 -0.2627 0.3423 -0.5987 81.69 -7.87 52.81 -4.83 -9.54 6.78 -3.4400 -1.3200 0.9600 -1.6700 -0.3267 -0.5222 -0.88 -8.41 4.95 190 383 183 198 181 
0.6248 -0.3713 0.3835 -0.5698 87.31 -1.69 67.19 -2.76 -5.76 2.50 -2.4700 3.8700 -0.9900 -1.2589 1.0589 -1.6100 0.65 -9.36 2.82 191 381 189 202 184 
0.4841 -0.4214 0.4327 -0.6331 107.87 7.37 74.12 0.72 -4.76 0.14 -0.1800 4.5500 -2.5700 1.2422 1.4711 -0.8900 1.56 -8.98 3.59 183 384 192 203 186 
0.4203 -0.3235 0.4152 -0.7391 121.94 5.81 59.56 3.27 -5.07 6.19 3.5700 1.7600 2.2700 2.0011 1.2567 0.5589 0.25 -7.64 6.13 189 385 193 205 185 
0.4594 -0.1802 0.3459 -0.7980 117.69 -3.56 43.31 3.14 -9.14 11.49 3.5300 -2.8100 4.9500 0.7200 -1.2944 1.7722 -0.77 -5.95 7.75 189 386 191 206 185 
0.6042 -0.1787 0.2720 -0.7274 97.12 -3.62 39.00 -5.42 -7.54 8.69 -5.5100 -0.0800 -0.4500 -1.1733 -0.9189 0.2911 -0.28 -6.72 7.12 184 385 193 207 185 
0.6439 -0.2521 0.2723 -0.6691 92.25 -0.75 43.06 -1.32 -6.10 5.07 -0.8400 0.6300 -1.3400 1.0689 -0.4278 0.1100 -0.06 -6.26 7.54 184 380 219 227 194 
0.6685 -0.2204 0.2349 -0.6703 88.50 -1.44 35.13 -0.56 -5.49 6.77 0.4800 -0.3000 -1.4300 3.8489 -0.8956 0.8900 -0.07 -3.10 9.30 182 390 324 357 207 
;
