0.8947 -0.0490 -0.1119 -0.4297 51.25 14.00 -0.50 2.49 0.11 9.17 0.2100 0.0300 -0.2900 -0.0044 0.0967 0.0000 2.33 0.08 9.52 184 340 332 359 215 
0.8953 -0.0472 -0.1082 -0.4295 51.25 13.44 -0.44 2.28 0.07 9.34 -0.0100 -0.0300 -0.3000 0.0056 0.0067 -0.0056 2.26 0.08 9.54 185 340 336 358 215 
0.8956 -0.0460 -0.1063 -0.4296 51.19 13.13 -0.50 2.29 0.06 9.26 0.1000 -0.0200 -0.2300 0.0344 0.1944 0.0222 2.12 0.11 9.57 185 341 340 360 214 
0.8984 -0.0359 -0.0943 -0.4275 50.44 11.13 -1.25 0.66 0.76 11.29 -0.9400 0.7400 1.8200 0.0367 -2.7167 0.9578 3.54 0.03 9.14 184 258 295 306 219 
0.8965 -0.1290 -0.2570 -0.3370 38.06 40.06 7.87 7.32 -1.85 6.59 0.5100 0.1000 -1.2600 -0.4233 -3.9800 1.3722 7.99 -2.09 5.27 184 170 177 208 215 
0.8260 -0.2501 -0.4705 -0.1838 22.00 63.69 33.75 4.05 -2.45 2.51 -5.8900 -0.8700 0.1800 0.0822 -2.6500 -0.7400 9.35 -2.05 2.09 191 145 158 182 197 
0.7430 -0.2254 -0.5965 -0.2032 35.13 79.31 14.06 17.88 2.95 -2.98 3.9000 1.3000 -1.1100 0.2467 0.3033 0.2156 9.63 -0.31 1.78 193 152 164 189 197 
0.7324 -0.2183 -0.6048 -0.2241 34.19 79.25 18.75 10.39 0.48 2.34 -0.1400 1.3000 -0.2400 -0.0533 1.4322 0.6256 9.42 -1.03 2.50 185 190 196 220 207 
0.7913 -0.2157 -0.5337 -0.2063 26.12 65.94 17.94 8.93 -1.41 3.57 -0.1500 -0.8100 -0.3500 1.0156 3.0278 -0.3956 7.85 -0.61 5.84 170 345 175 169 193 
0.8909 -0.1053 -0.3958 -0.1967 25.37 45.31 1.06 4.78 -0.74 6.14 -2.2000 -0.6200 -0.7900 0.6489 1.8789 -1.1733 5.88 0.78 7.80 158 352 177 172 190 
0.9165 -0.0109 -0.3083 -0.2547 31.75 33.38 -11.31 8.73 2.57 7.06 3.1100 0.8300 -1.2800 1.2411 0.0167 0.4489 5.39 2.15 7.89 156 349 177 175 192 
0.9216 0.0464 -0.3223 -0.2111 22.56 37.19 -14.81 7.64 3.13 12.92 0.4900 1.0300 5.0200 -1.0100 -0.7200 2.4467 6.56 0.55 7.26 156 350 178 176 191 
0.9289 -0.0684 -0.3557 -0.0776 7.94 41.31 11.19 1.85 -1.57 6.87 -4.7900 0.4200 -0.9400 -1.5478 -0.5133 0.7944 6.49 -2.90 6.74 159 353 177 177 190 
0.9089 -0.2003 -0.3589 -0.0702 12.13 44.94 26.00 3.05 -1.48 2.12 -3.8700 1.5300 -4.3500 0.0356 -0.8122 -2.3222 7.62 -2.01 5.83 145 351 181 176 190 
0.8615 -0.1596 -0.4302 -0.2176 31.06 56.25 0.81 10.52 1.92 2.47 2.9700 1.4300 -2.8200 1.6256 -0.1633 -1.8544 8.18 1.73 5.10 145 347 175 176 190 
0.8295 0.0024 -0.4846 -0.2776 36.19 51.19 -30.37 11.40 4.20 6.74 3.7100 0.8500 2.0400 1.6411 0.4333 0.7844 7.60 3.48 5.12 154 341 176 176 190 
0.8495 0.0793 -0.4876 -0.1854 22.44 54.75 -29.56 7.28 2.91 6.98 -1.7700 0.3800 1.5100 -0.5756 -0.1522 1.7078 8.50 1.37 4.69 155 342 181 178 190 
0.8547 -0.0034 -0.5081 -0.1063 15.06 59.63 -8.69 5.00 1.08 3.47 -1.7600 1.1700 -0.9300 -1.6833 1.6456 -0.8444 7.75 0.53 5.97 170 339 216 210 205 
0.9135 -0.0638 -0.3273 -0.2333 32.31 29.00 -1.75 4.18 -0.42 6.26 -0.4000 -1.4600 -2.4700 0.0244 5.4667 -1.5900 0.92 0.51 9.74 176 357 331 334 206 
;
0.9320 0.0645 0.0022 -0.3566 42.69 -3.94 -8.69 -1.35 2.34 9.12 -1.5300 1.2100 -0.6200 0.5478 -1.4300 -0.0011 -0.02 2.32 9.52 177 367 344 377 209 
0.9158 0.1133 -0.0409 -0.3831 45.25 -0.50 -13.81 0.77 2.28 9.28 0.7100 -0.0100 -0.1100 0.0844 0.1000 0.0200 -0.10 2.42 9.50 178 366 344 378 210 
0.9167 0.1168 -0.0428 -0.3797 45.00 -0.56 -14.13 0.07 2.23 9.37 0.2300 -0.2000 -0.1100 -0.0511 -0.0011 -0.0167 -0.09 2.35 9.52 177 367 345 378 212 
0.9169 0.1159 -0.0434 -0.3795 44.25 1.50 -14.38 2.41 4.73 13.87 1.6200 2.8800 4.7900 -2.3500 -4.0567 1.2611 2.68 1.13 9.36 181 236 264 269 213 
0.9075 -0.0909 -0.2537 -0.3223 36.88 39.69 4.06 6.48 -1.71 4.37 -0.4700 -1.1700 -2.4300 0.3989 -3.8911 1.6033 8.25 -1.41 5.10 183 148 177 189 208 
0.8160 -0.2098 -0.5111 -0.1702 20.94 69.37 29.50 3.91 -1.96 5.97 -5.6100 -0.4800 4.8100 -0.2700 -0.8144 -1.2778 9.59 -1.15 1.68 188 149 172 188 196 
0.7202 -0.1993 -0.6270 -0.2203 35.88 83.62 -0.88 15.57 2.30 -3.06 3.0200 0.8200 -0.7400 0.1244 0.6189 0.1011 9.72 0.30 1.20 189 154 176 195 197 
0.7151 -0.1850 -0.6331 -0.2313 36.25 81.37 -10.75 9.04 0.43 0.93 -0.4000 0.2000 -0.4600 -0.0278 0.1800 0.0222 9.65 0.22 1.69 184 159 176 195 197 
0.7436 -0.1894 -0.5929 -0.2444 36.44 72.62 0.94 10.03 -0.10 1.91 0.9900 -0.4600 -1.4300 0.5200 3.1033 0.5067 8.17 -0.30 5.41 176 280 274 272 209 
0.8850 -0.1238 -0.3669 -0.2584 32.63 38.44 2.06 4.31 -1.41 6.85 -1.1600 -1.1500 -1.0500 -0.3422 3.8433 -0.5778 3.69 -0.28 9.07 178 357 182 163 193 
0.9391 -0.0522 -0.1448 -0.3073 37.13 15.81 -0.31 3.40 0.72 8.05 0.7900 1.1800 -1.3900 0.9644 0.7111 -0.1767 2.05 0.61 9.56 4 349 184 175 191 
0.9426 0.0163 -0.1104 -0.3146 35.50 12.19 -7.19 5.56 2.24 11.80 2.2000 0.7300 2.9000 0.5044 -1.5133 1.8500 3.10 1.31 9.20 4 350 187 177 191 
0.9603 -0.0020 -0.1983 -0.1963 20.06 23.87 -0.75 1.92 -0.51 11.20 -2.4000 -0.3200 1.1600 -2.2789 -0.4144 1.7300 4.23 -1.90 8.63 162 354 193 182 191 
0.9589 -0.1798 -0.1902 -0.1094 13.06 23.94 22.44 0.45 -2.68 5.21 -3.5900 1.0700 -3.1600 -1.0656 0.1867 -1.0378 4.30 -3.89 7.90 160 352 191 183 192 
0.9284 -0.2337 -0.2141 -0.1939 27.06 31.06 20.50 5.16 0.00 4.40 0.0500 2.3900 -3.4000 1.4344 0.1767 -2.5500 5.41 -1.13 8.09 155 355 191 182 192 
0.8989 -0.0936 -0.2688 -0.3331 42.50 32.06 -5.75 8.63 3.20 8.07 3.4800 1.7900 -0.1100 1.9000 0.5589 -0.8089 4.77 2.31 8.24 158 356 192 182 193 
0.8922 0.0478 -0.2878 -0.3449 40.69 29.06 -20.81 7.36 3.82 9.93 1.7500 0.5000 2.7100 0.9267 0.2256 1.3178 4.90 3.24 7.84 160 356 191 183 192 
0.9162 0.0749 -0.3094 -0.2432 27.37 33.75 -17.19 3.73 2.06 8.88 -2.0700 -0.0500 0.3400 -1.0044 -0.5678 1.3467 6.00 1.19 7.65 157 355 192 183 191 
0.9258 -0.0219 -0.3351 -0.1735 21.06 38.94 -4.44 3.81 0.88 5.44 -2.3400 0.3600 -2.0800 -0.2644 0.1200 -0.3589 6.03 0.52 7.71 171 352 201 185 199 
0.9294 -0.0427 -0.3030 -0.2063 26.75 32.19 -2.19 5.61 0.52 7.80 0.7800 -0.2100 -1.0000 -1.0178 3.7600 -1.0556 2.94 -0.09 9.35 173 356 316 304 207 
0.9507 -0.0187 -0.0693 -0.3016 36.63 4.00 -1.75 0.21 0.13 9.84 -0.5500 -0.2500 0.0200 0.9278 0.8456 -0.7367 -0.21 1.01 9.75 176 369 329 350 206 
0.9329 0.0711 -0.0091 -0.3528 42.13 -1.94 -9.06 -0.62 2.05 9.22 0.8500 0.8100 0.5400 0.8689 -0.5422 -0.1011 0.10 2.07 9.58 177 374 344 376 207 
;
