0.9451 -0.0628 -0.1725 -0.2704 31.87 21.06 1.50 3.47 -0.07 9.09 -0.0900 0.1400 0.0000 0.0022 0.0056 0.0022 3.53 -0.24 9.14 165 312 338 338 210 
0.9451 -0.0628 -0.1724 -0.2704 31.87 21.06 1.50 3.50 -0.11 9.16 -0.0300 0.1000 0.0300 0.0156 0.0056 0.0267 3.53 -0.24 9.14 155 293 336 336 209 
0.9412 -0.0713 -0.2096 -0.2554 29.31 30.56 2.19 6.61 -3.60 9.92 2.8100 -3.1500 0.7100 -0.9089 -1.0622 0.9567 6.13 -1.16 7.55 109 180 200 210 211 
0.9405 -0.1411 -0.2535 -0.1769 17.37 27.56 12.94 9.82 -2.58 6.98 5.1700 2.5400 -0.6800 0.5111 2.7989 3.1756 2.10 -2.40 9.27 92 158 168 175 183 
0.9897 -0.1311 -0.0463 0.0353 350.75 0.56 15.63 -0.62 2.37 8.00 0.1200 5.1000 -0.5200 -0.4444 0.5367 2.8733 -1.02 -2.83 9.33 92 159 171 173 177 
0.9594 -0.1586 0.0438 0.2292 332.25 -10.50 16.81 -9.39 -0.27 9.27 -5.7000 2.8400 0.2500 -0.0111 -0.3767 -1.6467 -1.49 -3.00 9.21 94 163 170 177 178 
0.9747 -0.1661 0.0520 0.1404 346.94 -8.56 18.06 0.53 -2.21 9.36 2.1800 0.4600 0.3700 0.7378 0.6333 -1.5500 -1.55 -2.71 9.29 96 161 175 174 179 
0.9881 -0.1298 0.0811 0.0147 359.81 -9.69 14.06 1.63 -3.50 10.06 3.1900 -1.3200 0.4700 0.2344 -0.0944 -0.0678 -1.65 -2.14 9.42 96 164 172 176 178 
0.9902 -0.1141 0.0800 0.0004 358.00 -9.00 13.94 -9.01 -2.88 8.43 -7.0800 0.2200 -0.5200 -0.7522 -0.1300 -0.8244 -1.46 -2.92 9.24 98 170 185 184 193 
0.9792 -0.1850 0.0739 -0.0376 7.44 -6.00 24.81 -0.84 -3.83 12.34 0.3700 0.9900 3.7300 -2.6656 1.3078 -2.2389 -0.73 -6.03 7.69 149 259 289 281 204 
0.8840 -0.3962 0.1366 -0.2070 30.12 -4.50 57.63 1.97 -5.94 4.95 1.6600 2.7400 -0.1300 -5.1089 2.3244 -0.9333 -0.71 -9.64 1.60 166 270 300 304 207 
0.6256 -0.6626 0.3179 -0.2617 48.00 -2.31 102.19 0.81 -7.84 -5.25 -0.2000 1.0600 -2.6900 -3.1311 0.8311 -0.6389 0.17 -8.73 -4.45 176 271 284 309 207 
0.4503 -0.7650 0.3901 -0.2445 55.75 1.31 116.25 0.71 -6.74 -7.72 -1.4600 2.3700 -2.9000 3.4067 0.1133 0.0700 0.17 -9.56 -2.17 176 270 298 315 209 
0.6139 -0.6515 0.3174 -0.3129 53.94 1.31 89.44 2.44 -9.96 10.99 1.0600 -0.2000 7.2700 -1.9067 -0.1200 -0.2222 0.42 -9.75 -0.88 172 269 299 311 210 
0.5546 -0.7031 0.3304 -0.2980 57.38 3.19 105.75 0.61 -8.24 -4.53 -0.0700 1.0600 -2.1000 -1.5844 0.1578 0.2178 0.50 -8.99 -3.86 174 268 295 309 211 
0.4797 -0.7523 0.3675 -0.2624 56.19 2.00 111.94 -1.65 -8.23 -6.76 -2.7100 0.9300 -2.8900 2.8122 -0.0400 -0.1689 0.38 -9.60 -1.91 175 269 300 310 210 
0.6084 -0.6618 0.2903 -0.3280 56.25 6.00 88.37 4.51 -7.86 3.70 2.5100 1.7700 0.8100 1.1800 -3.1011 0.0978 1.24 -9.67 1.01 172 271 301 303 210 
0.7243 -0.6274 0.1347 -0.2520 34.13 7.25 74.94 1.33 -6.49 -0.95 0.8400 3.4200 -3.5800 5.4156 -2.9933 -0.3444 2.23 -7.82 5.47 169 296 311 322 210 
;
