0.7873 -0.0490 -0.1042 -0.6058 75.12 12.94 -2.81 2.21 0.37 9.46 0.0100 -0.1100 -0.0800 -0.0178 -0.0067 0.0111 2.20 0.46 9.54 172 353 354 356 213 
0.7874 -0.0501 -0.1043 -0.6055 75.12 13.00 -2.75 2.21 0.32 9.49 0.0100 -0.1400 -0.1200 0.0011 0.0289 0.0100 2.18 0.46 9.54 172 353 350 361 213 
0.7880 -0.0489 -0.1016 -0.6053 75.00 12.44 -2.50 2.17 0.28 9.40 0.1100 -0.1000 -0.0300 -0.2311 0.2800 0.0433 1.95 0.30 9.60 169 348 344 359 212 
0.7968 -0.0472 -0.1135 -0.5916 72.19 16.94 -5.19 4.26 0.05 12.14 4.6700 -0.7700 1.8700 0.5356 -1.3511 2.0000 4.10 0.74 8.87 105 231 282 324 214 
0.8595 -0.0876 -0.1821 -0.4695 49.81 18.37 4.56 3.92 -0.99 4.49 2.3100 1.1000 -5.5100 1.1022 0.4478 4.8700 2.35 -1.25 9.43 93 152 177 185 188 
0.9811 -0.0603 -0.0443 -0.1786 15.13 2.75 4.12 1.06 3.61 9.85 0.2800 3.9400 -0.0800 0.3744 1.5067 2.6878 -0.69 -0.25 9.77 91 153 169 176 168 
0.9988 -0.0158 0.0394 0.0224 355.75 -4.94 2.00 -7.95 1.27 8.31 -7.0000 1.5400 -1.4900 0.1022 -0.0678 -1.0656 -0.84 -0.39 9.76 95 155 172 170 169 
0.9983 -0.0122 0.0463 -0.0339 7.56 -5.06 0.44 0.65 2.87 10.36 1.4200 2.5200 0.4000 1.0378 0.3178 -2.1811 -1.01 0.53 9.73 97 154 173 179 172 
0.9790 0.0564 0.0493 -0.1895 23.75 -7.00 -6.00 2.92 0.00 10.47 4.5300 -1.5900 0.6000 0.4300 0.2644 -0.7822 -1.36 1.35 9.61 96 158 172 180 175 
0.9651 0.0879 0.0499 -0.2415 26.62 -7.75 -8.38 -1.20 0.16 9.55 -1.0500 -1.3300 -0.5100 -0.1622 -0.5200 1.4467 -0.84 1.42 9.66 99 161 174 184 176 
0.9843 0.0773 0.0158 -0.1581 17.56 -3.00 -8.38 -3.06 1.23 10.30 -2.0300 -0.1200 1.4100 -0.4389 -0.3867 -0.0856 -0.42 1.13 9.73 115 194 218 236 200 
0.9847 0.0616 0.0403 -0.1581 18.81 -7.62 -6.44 -2.16 -1.00 8.85 1.6500 -2.3800 -0.1600 -0.3456 3.0244 -0.7322 -3.47 0.93 9.12 165 189 185 216 194 
0.9489 0.0829 0.2482 -0.1763 19.44 -35.38 -4.19 -2.90 0.79 6.91 2.5600 0.2600 -0.7800 -0.9000 3.4122 1.3344 -7.45 0.84 6.31 182 151 145 176 160 
0.8811 0.1023 0.4592 -0.0485 2.69 -56.75 -18.31 -9.11 3.84 6.21 -3.2700 2.0300 1.8700 -0.4911 0.4467 0.8167 -8.31 2.12 4.75 186 152 151 176 159 
0.8600 0.1062 0.4985 0.0234 357.25 -58.38 -22.75 -8.86 3.04 4.71 -1.4000 0.8100 -0.0800 -0.0967 -0.3622 -0.4744 -8.27 1.71 4.97 189 161 165 183 167 
0.8870 0.0786 0.4547 -0.0161 5.06 -49.88 -7.75 -8.22 1.02 3.96 -0.9600 0.5300 -2.6300 1.2044 -3.8311 -2.8922 -5.65 0.06 8.01 180 292 269 293 203 
0.9519 0.0522 0.2028 -0.2238 30.62 -19.44 -0.25 -1.50 0.18 6.75 1.5800 0.5100 -1.9100 0.2367 -1.9944 -2.4422 -1.75 -0.21 9.64 181 357 304 358 202 
0.9144 0.0072 0.0500 -0.4017 51.25 -3.12 0.31 1.26 -0.39 10.76 1.8000 -0.3100 0.8500 1.4122 -1.0567 -1.3333 0.24 0.93 9.75 180 375 341 385 207 
;
0.8654 0.0715 -0.0523 -0.4931 59.00 2.37 -7.00 -0.79 1.54 11.49 -0.7300 -0.7800 -2.5300 0.0667 -0.2456 0.0944 0.51 1.42 9.68 175 374 346 390 210 
0.8693 0.0527 -0.0574 -0.4881 58.63 2.75 -8.44 0.57 1.35 9.62 0.1000 -0.0500 0.2200 -0.0678 -0.0367 -0.0078 0.49 1.40 9.69 177 373 347 390 210 
0.8700 0.0492 -0.0589 -0.4871 57.75 4.44 -8.38 1.50 1.14 13.45 2.1900 -0.3000 4.8300 -0.0300 -3.3967 1.0589 2.66 1.37 9.33 122 275 318 336 210 
0.9064 -0.0463 -0.1342 -0.3978 41.69 13.50 3.50 3.19 -0.88 4.32 0.7500 0.3200 -5.6800 0.8300 0.3111 4.3856 1.52 -1.08 9.62 94 172 196 203 208 
0.9940 -0.0280 -0.0245 -0.1031 6.06 -0.06 0.00 -1.98 3.02 8.59 -2.3200 2.4900 -1.4300 1.4267 1.4178 2.6656 -0.97 1.15 9.68 91 163 167 174 192 
0.9917 0.0738 0.0614 0.0858 348.25 -6.37 -10.25 -5.43 2.96 9.54 -3.7500 1.0800 0.1500 -0.2178 -0.2300 0.0022 -1.06 1.68 9.60 93 159 166 175 188 
0.9907 0.0729 0.0650 0.0952 350.87 -6.69 -8.44 -2.20 4.69 8.91 -0.6500 3.3500 -0.5900 0.1544 -0.6356 -1.7456 -0.94 1.32 9.67 93 162 174 179 190 
0.9962 0.0688 0.0433 -0.0331 7.37 -5.25 -7.81 1.35 2.65 9.19 2.4000 0.8300 -0.3000 0.3611 -0.0922 -2.0667 -1.04 1.40 9.64 93 160 168 182 189 
0.9783 0.0875 0.0459 -0.1818 22.94 -7.37 -9.63 2.74 -0.62 10.46 3.6800 -2.4300 1.1500 0.0044 0.0289 -0.1889 -1.24 1.68 9.58 94 165 170 180 191 
0.9771 0.0950 0.0180 -0.1895 19.94 -2.56 -11.00 -5.95 1.09 10.11 -4.9700 -0.5800 0.4200 0.1944 0.0078 0.0233 -0.23 2.07 9.58 94 166 182 185 192 
0.9810 0.1041 -0.0038 -0.1638 19.19 -1.75 -10.94 -1.06 1.82 12.38 -0.4600 -0.5500 2.7800 -0.5544 2.4511 -0.8056 -1.60 1.44 9.56 162 246 239 240 204 
0.9641 0.0776 0.1572 -0.1993 24.12 -25.37 -2.81 -3.19 -1.50 8.38 2.3300 -0.9200 -0.4900 -1.2022 3.5056 0.1522 -6.43 -0.35 7.38 181 189 180 192 190 
0.8965 0.0502 0.4122 -0.1543 16.31 -52.56 1.94 -5.11 -0.19 4.12 3.3100 0.4000 -1.2100 -0.6233 1.4678 1.9011 -8.38 0.65 5.04 183 166 159 177 178 
0.8625 0.0816 0.4994 -0.0040 356.69 -59.44 -21.12 -12.04 4.49 5.92 -6.2000 3.2200 3.0300 -0.4511 -0.3089 0.2389 -8.26 2.16 4.81 185 162 162 174 173 
0.8683 0.0862 0.4863 0.0462 353.87 -56.44 -20.50 -9.15 2.19 5.57 -1.3600 0.3000 0.6600 0.1156 -0.6178 -0.2578 -7.96 1.89 5.40 187 174 169 181 178 
0.9014 0.0778 0.4257 0.0144 1.19 -45.13 -9.63 -8.48 1.61 4.18 -1.4400 0.7300 -2.6800 0.4867 -5.6511 -2.9189 -3.96 0.28 8.96 180 263 244 264 204 
0.9768 0.0308 0.0943 -0.1899 26.56 -8.13 -0.56 -0.42 -0.47 7.21 0.0300 -0.1900 -2.4200 0.5978 -1.8822 -2.6822 -0.24 0.08 9.80 181 345 313 345 205 
0.9216 0.0037 -0.0138 -0.3880 49.81 1.37 -2.25 0.85 -0.19 9.91 0.1400 -0.4400 0.3600 2.1678 0.3744 -1.6422 -0.20 1.62 9.66 184 386 344 378 210 
;
