0.4825 -0.0668 -0.1719 -0.8563 121.19 16.25 -13.81 2.65 2.18 9.21 -0.0800 -0.0200 0.0600 0.0056 -0.0111 0.0056 2.74 2.25 9.13 167 370 350 412 223 
0.4825 -0.0668 -0.1720 -0.8563 121.19 16.25 -13.81 2.67 2.20 9.20 -0.1000 -0.0700 0.0800 0.0078 0.0000 -0.0056 2.74 2.25 9.13 168 368 352 411 222 
0.4824 -0.0668 -0.1721 -0.8563 121.25 16.25 -13.94 -0.72 1.40 12.01 -3.3300 -0.8600 4.3500 0.3867 -4.5878 -0.0578 4.87 2.56 8.11 172 208 220 323 224 
0.4002 -0.2495 -0.2607 -0.8424 130.06 42.00 -17.25 14.58 6.10 4.00 4.0300 0.7100 -5.7900 1.5211 -3.6944 3.5767 8.43 0.71 4.95 158 154 167 195 199 
0.5165 -0.4604 -0.3443 -0.6345 91.50 77.56 27.56 9.04 3.30 -0.74 -1.6500 3.7400 -1.5900 4.4622 -2.0300 0.7478 9.67 -1.54 0.48 147 163 166 191 199 
0.6168 -0.4351 -0.5699 -0.3246 49.13 79.56 109.50 8.38 2.49 2.29 -0.4900 5.6900 9.3100 0.5489 -0.9478 -0.2000 9.59 -1.65 -1.13 138 171 173 200 193 
0.6003 -0.4205 -0.6307 -0.2550 47.81 74.50 131.19 11.01 1.43 -0.57 1.6200 3.3500 1.1200 -2.0633 0.5289 1.2067 9.28 -2.51 -1.90 134 169 174 206 195 
0.5623 -0.5467 -0.5404 -0.3048 58.44 69.69 119.62 7.83 -4.10 -6.45 -1.2400 -1.1100 -5.4000 0.2422 0.1000 0.5822 9.10 -3.37 -1.39 131 167 181 209 195 
0.5950 -0.5520 -0.5045 -0.2947 49.88 68.06 104.25 11.48 -1.60 9.62 2.5200 3.7000 17.7900 -0.7833 0.4111 0.8833 8.98 -3.91 -0.32 169 171 175 214 193 
0.6246 -0.5505 -0.4496 -0.3235 60.44 67.94 87.81 6.13 -2.68 -0.33 -0.5600 1.5000 0.0100 -2.9122 2.7000 -2.3656 9.44 -2.46 0.93 183 329 287 351 221 
0.5417 -0.4938 -0.3253 -0.5974 103.44 62.44 10.38 0.19 -2.69 0.44 -6.7200 -1.3700 -4.4400 0.6756 -2.9011 -2.4878 8.77 0.91 4.27 179 351 169 193 188 
0.3080 -0.6290 -0.4133 -0.5820 130.62 57.63 -169.19 14.68 2.03 -13.45 6.7700 0.7600 -6.2700 1.5356 -5.7122 0.7900 3.62 -0.27 -9.10 137 335 189 196 173 
0.1391 -0.8554 -0.4955 -0.0583 119.94 10.38 163.94 4.60 -5.22 -13.65 1.7300 -2.1000 -4.0500 3.4978 -0.6522 0.2900 1.04 -5.36 -8.14 137 345 195 204 176 
0.3523 -0.7985 -0.4689 0.1357 318.12 7.56 129.56 2.93 -6.77 -6.91 1.2900 1.2800 -1.1300 3.4856 0.5267 -0.3356 1.82 -8.82 -3.86 139 340 195 203 174 
0.5811 -0.6627 -0.4259 0.2043 321.81 14.44 98.69 0.53 -6.16 -4.70 -2.2800 3.1900 -4.0500 3.2711 1.1122 -1.4900 3.45 -9.10 1.11 141 331 192 207 179 
0.7768 -0.4687 -0.3751 0.1903 334.37 25.12 65.62 2.05 -3.14 2.96 -1.8900 5.0900 -0.5300 2.9878 1.2844 -1.2900 4.45 -6.54 5.78 141 337 197 208 176 
0.9036 -0.2662 -0.2996 0.1514 342.44 27.37 36.94 4.53 -1.36 10.12 0.8500 3.0400 2.4700 -0.0811 0.2489 -0.1367 4.48 -4.99 7.14 143 341 206 211 177 
0.9196 -0.2437 -0.2806 0.1276 344.31 26.69 36.38 5.10 -3.21 7.72 0.5200 2.8700 0.9800 -1.4367 1.3289 0.2267 3.78 -5.91 6.83 175 331 192 219 204 
0.9122 -0.3517 -0.2016 0.0598 358.56 16.94 47.19 2.52 -3.30 4.12 0.6700 3.6800 -2.2600 -2.9956 4.3889 -2.9689 2.52 -7.67 5.55 179 309 242 264 221 
;
