0.9640 -0.0334 0.0256 -0.2627 30.44 -1.81 4.44 -0.19 -0.77 9.77 0.0700 0.0200 -0.0300 -0.0011 0.0100 0.0033 -0.31 -0.76 9.77 167 324 340 363 212 
0.9642 -0.0334 0.0257 -0.2619 30.31 -1.81 4.44 -0.11 -0.84 9.39 0.1000 -0.0200 0.0200 -0.0478 -0.0100 0.0778 -0.28 -0.79 9.77 162 308 339 361 212 
0.9677 -0.0472 -0.0012 -0.2479 27.62 5.50 6.62 7.24 -1.60 12.09 5.3300 -0.9900 3.5100 -1.1667 -1.2856 1.2100 2.31 -2.19 9.27 115 190 212 232 210 
0.9711 -0.1599 -0.1014 -0.1452 13.38 12.88 17.12 3.46 -2.55 7.12 1.4600 0.6400 -2.2900 0.7333 0.7933 2.3556 1.25 -2.61 9.36 94 167 181 191 198 
0.9916 -0.1238 -0.0266 0.0239 353.50 0.56 13.81 -0.31 0.70 8.28 -0.5200 3.0100 -1.6300 0.3000 0.6011 1.9244 -0.70 -2.13 9.54 96 167 183 192 196 
0.9830 -0.1052 0.0425 0.1447 344.31 -7.00 11.38 -5.38 0.06 8.96 -3.3100 2.2200 -0.6300 0.1689 -0.1033 -1.9067 -0.87 -2.01 9.55 97 170 187 199 199 
0.9937 -0.1022 0.0404 0.0243 0.25 -4.75 11.50 0.99 -0.41 9.72 1.5200 1.2100 -0.1000 0.3856 0.1700 -1.6200 -0.80 -1.76 9.61 100 172 190 201 199 
0.9910 -0.0750 0.0531 -0.0974 13.31 -5.25 8.25 2.19 -2.43 9.67 3.0700 -1.4800 0.0500 0.6522 0.3422 -0.3278 -1.03 -0.94 9.70 101 171 194 203 201 
0.9891 -0.0309 0.0621 -0.1301 13.50 -6.62 3.94 -1.94 -1.31 9.48 -3.1900 -0.5100 0.0000 -0.1989 0.8722 0.6633 -1.35 -0.59 9.69 102 175 196 207 201 
0.9910 -0.0284 0.0774 -0.1060 13.00 -8.44 4.75 -0.60 -1.02 8.86 0.8300 -0.1400 -0.7100 -0.1378 -0.5733 -0.0022 -1.02 -0.93 9.70 111 186 207 223 204 
0.9893 -0.0488 0.0464 -0.1299 15.75 -3.75 7.00 -1.57 -2.70 7.48 -0.7400 -1.0900 -2.4000 -0.2333 0.0744 -1.0611 -0.59 -1.46 9.67 154 246 271 280 206 
0.9741 -0.0682 0.0435 -0.2111 26.31 -3.50 8.25 0.17 -0.13 10.22 1.4900 1.9800 1.3200 0.3422 0.5956 -0.8422 -0.82 -1.21 9.69 169 305 301 353 209 
0.9578 -0.0494 0.0587 -0.2772 33.56 -3.87 8.25 2.33 -1.77 17.72 -0.4700 -0.5500 -1.5700 -0.0322 0.1300 -0.1589 -0.66 -1.54 9.66 159 313 310 358 211 
0.9504 -0.0606 0.0477 -0.3013 34.56 -2.12 6.75 1.75 -2.60 12.44 2.0100 -1.8000 2.4900 -0.2644 -1.7644 1.9167 0.50 -1.13 9.72 136 220 254 258 209 
0.9774 -0.0958 -0.0262 -0.1867 17.69 3.19 11.56 1.10 -0.12 8.02 1.0700 2.1900 -1.6500 0.1800 0.4856 2.4222 -0.36 -1.94 9.60 106 171 192 210 206 
0.9939 -0.0956 0.0530 -0.0145 358.25 -7.06 10.69 -5.59 0.19 8.08 -6.8700 1.2400 -0.8500 -0.0533 0.9711 0.5233 -1.97 -1.73 9.44 109 181 200 220 206 
0.9893 -0.1059 0.0945 0.0330 358.44 -10.00 12.38 -1.18 0.68 9.79 0.2800 2.0400 0.6700 0.0822 0.2222 -1.5333 -1.59 -2.20 9.42 114 181 203 224 207 
0.9872 -0.1083 0.0844 -0.0807 11.69 -7.94 13.00 0.27 -1.08 9.33 1.5200 0.6000 0.0300 0.5678 0.2111 -1.2944 -1.30 -1.94 9.52 115 184 204 222 205 
0.9762 -0.0748 0.0840 -0.1856 23.12 -8.19 9.94 2.42 -2.84 10.27 3.4900 -1.3400 0.0000 -0.4522 0.0833 0.2167 -1.47 -1.84 9.51 114 186 207 224 207 
0.9756 -0.0896 0.0775 -0.1848 21.69 -7.25 12.88 -6.79 -3.52 9.64 -3.8100 -1.0200 -0.5200 -0.7856 -1.1822 -1.4578 -0.39 -2.92 9.35 133 206 232 254 207 
0.9454 -0.1667 0.0596 -0.2737 36.06 -1.00 20.44 -0.52 -4.08 5.60 0.5200 -0.0600 -3.5300 2.0822 0.8578 -2.1778 -0.32 -2.38 9.50 168 333 309 348 207 
0.8979 -0.0547 0.0491 -0.4340 54.13 -2.37 5.56 -0.83 0.37 9.30 -0.4800 0.8000 -0.8100 1.6556 -0.0389 -1.0067 -0.50 0.19 9.79 172 376 333 366 213 
;
0.8602 0.0108 -0.0338 -0.5086 61.06 2.62 -3.19 0.18 0.08 10.70 0.2700 -0.6500 -1.5600 0.1367 -0.3456 0.1756 0.62 0.58 9.76 168 376 336 377 213 
0.8603 0.0112 -0.0413 -0.5079 61.06 3.37 -3.50 0.80 0.50 9.78 0.2100 -0.1100 -0.0700 -0.0178 -0.0022 0.0000 0.57 0.59 9.77 171 370 352 374 213 
0.8606 0.0095 -0.0416 -0.5075 61.31 3.69 -3.25 -0.26 0.40 10.96 -0.9000 -0.2600 1.3200 -0.6111 -1.4400 0.5400 1.29 0.07 9.72 144 263 314 361 212 
0.8807 -0.0802 -0.0502 -0.4642 51.44 6.94 9.88 0.84 -3.44 9.77 -0.4000 -1.1500 0.4200 -0.6478 -2.0500 3.4456 1.18 -2.74 9.34 109 180 205 243 211 
0.9576 -0.1468 -0.0065 -0.2479 24.31 3.00 15.50 1.72 -0.01 8.56 1.5600 3.0500 -0.7700 0.5711 0.8622 2.6244 -0.44 -2.17 9.55 105 176 199 235 210 
0.9923 -0.0943 0.0559 -0.0576 3.06 -7.19 10.44 -3.28 0.57 8.39 -2.1200 2.1900 -0.7700 0.1511 0.2867 1.4522 -1.72 -1.50 9.53 110 180 204 238 209 
0.9904 -0.0839 0.1077 0.0227 359.37 -11.50 10.19 -2.07 0.20 9.09 0.0400 1.8100 0.1100 0.2289 0.4511 -1.9789 -1.75 -1.84 9.47 113 177 211 241 211 
0.9857 -0.0911 0.0931 -0.1073 14.94 -8.75 12.00 0.78 -0.96 9.56 2.2100 0.7200 0.0100 0.1611 0.3000 -1.2567 -1.43 -2.05 9.48 113 182 206 241 210 
0.9719 -0.0827 0.0920 -0.2004 24.31 -8.44 10.88 1.79 -2.82 10.68 3.1700 -1.2400 0.6500 -0.0489 0.0089 0.1178 -1.49 -1.78 9.52 112 181 212 245 210 
0.9745 -0.0782 0.0912 -0.1894 21.44 -10.38 11.44 -6.91 -3.33 8.84 -1.8000 -0.7700 -1.1000 -0.1633 -0.1811 -0.9356 -1.64 -2.12 9.43 118 188 218 251 211 
0.9644 -0.0950 0.0880 -0.2304 28.37 -6.12 12.94 -1.59 -2.39 7.39 -0.7700 -0.4100 -2.5600 0.6522 0.3367 -1.3733 -0.95 -2.01 9.54 164 301 300 331 212 
0.9413 -0.0475 0.0630 -0.3282 40.50 -4.12 6.19 1.04 0.46 10.74 0.4900 0.8800 0.2100 0.7278 0.3078 -0.7533 -0.72 -0.52 9.76 176 356 321 367 208 
0.9203 0.0100 0.0380 -0.3893 47.13 -4.94 -0.25 1.79 3.92 29.19 4.2200 2.5100 18.3100 -0.8644 0.3844 -0.3589 -0.60 -0.25 9.78 173 367 331 371 215 
0.9080 0.0040 0.0253 -0.4182 49.44 -2.75 0.62 -0.96 -0.33 10.25 -0.6800 -0.3300 0.5800 0.4344 -0.7267 0.3422 -0.12 0.12 9.80 176 342 332 366 211 
0.9153 -0.0060 -0.0300 -0.4016 45.50 5.69 0.37 4.23 -1.58 13.16 4.4500 -1.2000 1.4300 -1.7289 -0.6578 2.4033 1.66 -1.38 9.56 141 206 239 256 213 
0.9590 -0.1300 -0.0615 -0.2442 24.19 7.81 14.13 2.07 -0.95 8.26 0.8900 1.7100 -1.3100 0.3078 0.0856 2.7378 0.30 -2.50 9.47 115 171 190 215 211 
0.9896 -0.1314 0.0286 -0.0510 1.69 -4.50 15.38 -3.08 0.43 7.98 -3.0500 2.7900 -1.3600 0.2100 0.4500 1.6722 -1.27 -2.38 9.42 113 174 197 221 211 
0.9877 -0.1340 0.0680 0.0419 357.37 -6.44 16.12 0.09 -0.25 10.11 1.4700 2.4500 0.9000 -0.2422 0.4856 -1.9378 -0.76 -3.02 9.29 119 180 198 225 212 
0.9820 -0.1616 0.0457 -0.0862 12.31 -3.75 19.37 1.72 -3.36 8.94 2.6200 -0.2600 -0.4400 0.2078 0.6411 -0.6933 -0.94 -3.16 9.23 117 179 199 227 209 
0.9749 -0.1490 0.0818 -0.1435 16.19 -6.87 18.44 0.09 -4.32 8.30 -0.8600 -1.2200 -1.7000 -0.3044 -0.2444 1.1478 -1.35 -3.20 9.16 119 183 204 231 212 
0.9775 -0.1658 0.0746 -0.1071 13.81 -4.25 20.44 -1.93 -3.66 6.23 -1.5300 -0.1900 -3.1900 0.5778 0.1911 -1.7900 -0.25 -3.27 9.23 163 281 285 317 212 
0.9647 -0.1274 0.0411 -0.2266 29.44 -1.37 12.06 0.67 -0.29 9.53 1.9300 2.0300 1.7400 1.6478 0.6489 -1.3567 -0.42 -0.81 9.76 176 356 338 364 210 
;
