0.7601 -0.0967 -0.1213 -0.6310 79.37 17.81 -0.31 3.08 0.02 9.20 0.0600 -0.0400 -0.1100 -0.0022 0.0022 0.0011 3.00 0.05 9.33 179 337 339 350 215 
0.7601 -0.0967 -0.1213 -0.6310 79.37 17.81 -0.31 3.10 -0.03 9.24 0.1000 -0.0900 -0.0500 0.0678 0.0744 0.0567 2.97 0.07 9.34 149 319 324 343 214 
0.7643 -0.1129 -0.1390 -0.6195 76.69 22.94 0.69 10.43 0.06 12.17 6.2000 -0.4800 1.1200 -0.7467 -0.1456 3.4700 3.95 -1.36 8.87 113 191 224 250 214 
0.8762 -0.1866 -0.1550 -0.4164 41.88 25.19 12.50 6.86 0.11 5.72 2.3000 3.2600 -2.1400 3.0111 1.8944 4.0778 2.97 -1.14 9.27 93 156 180 206 215 
0.9918 -0.0389 -0.0770 -0.0947 5.75 5.56 2.25 -0.72 3.93 8.77 -2.0300 4.2300 -0.8800 0.3844 0.8189 2.1244 0.11 -0.04 9.80 91 161 182 200 212 
0.9983 0.0002 0.0073 0.0576 354.31 -1.31 0.13 -6.37 3.07 9.73 -4.5900 2.9900 -0.5100 -0.2500 -0.5178 -1.9089 0.04 -0.22 9.80 96 164 185 206 212 
0.9968 -0.0137 -0.0041 -0.0786 13.06 0.94 1.37 2.73 1.45 9.79 2.5800 1.1400 -0.3300 0.2433 0.4600 -2.2456 -0.05 -0.04 9.80 98 167 184 206 211 
0.9709 0.0131 0.0058 -0.2390 29.25 -1.50 -2.12 3.41 -0.28 10.55 3.4400 -1.0300 0.8000 0.4356 0.7522 -0.8900 -0.85 0.72 9.74 94 168 184 214 212 
0.9545 0.0615 0.0442 -0.2884 32.81 -8.31 -5.75 -2.71 -0.39 9.10 -2.3900 -1.4400 0.0000 0.2400 0.6344 0.5933 -1.85 1.23 9.55 97 171 197 211 211 
0.9603 0.0850 0.0828 -0.2526 30.25 -10.63 -6.56 -4.22 -0.23 11.10 -2.5300 -1.0800 2.6400 0.3489 -2.3989 0.0533 -0.12 1.26 9.72 155 263 289 312 214 
0.9641 0.0514 -0.0686 -0.2515 28.25 9.31 -7.56 4.26 -0.69 11.45 2.6000 -1.7100 0.8100 0.4978 -2.9033 1.6189 4.11 1.16 8.82 162 344 179 200 208 
0.9457 0.0233 -0.2973 -0.1293 10.94 39.13 -8.44 8.12 1.65 2.30 1.6600 0.6600 -3.9500 2.3422 -1.5456 1.4844 7.39 1.29 6.31 160 351 167 188 182 
0.8922 0.1120 -0.4357 0.0399 352.81 52.69 -18.31 5.00 3.84 3.74 -2.8800 1.9500 -1.3500 1.4633 -0.5844 -0.0600 7.98 2.50 5.11 149 356 168 189 177 
0.8603 0.2096 -0.4572 0.0837 349.31 55.38 -31.25 6.52 5.16 5.07 -0.9000 2.5200 0.4300 -0.3133 -0.5322 -0.2378 8.19 2.96 4.49 146 356 178 190 176 
0.8497 0.2018 -0.4846 0.0489 355.19 57.81 -33.06 8.49 4.93 3.58 0.3300 1.8900 -0.9900 -1.5144 -0.4978 -0.4244 8.35 2.64 4.40 144 358 180 192 177 
0.8521 0.1285 -0.5058 -0.0401 8.06 58.00 -28.62 8.47 2.07 3.14 0.1600 -0.3100 -1.1100 -1.3844 -0.1278 -0.6156 8.24 2.38 4.73 146 364 179 188 178 
0.8514 0.0565 -0.5021 -0.1409 20.06 56.81 -25.81 7.52 0.09 5.66 -0.1100 -2.1200 1.2900 -0.5767 -0.3400 -0.5444 8.21 2.46 4.75 143 367 180 195 177 
0.8369 0.0352 -0.5081 -0.2005 27.94 56.69 -29.31 7.80 2.04 5.27 -0.1600 -0.8600 0.6700 0.1011 0.0633 -0.2556 8.12 2.80 4.71 144 367 183 196 178 
0.8311 0.0414 -0.5116 -0.2141 28.56 56.81 -31.37 5.02 1.50 5.92 -5.1500 -1.8500 1.9100 -0.4744 -0.7722 0.2744 8.49 2.50 4.21 161 363 177 194 184 
0.8219 -0.0024 -0.5078 -0.2581 38.63 52.56 -24.75 4.40 1.43 3.10 -1.8800 -0.4000 -2.8200 -2.6244 4.0622 -2.2300 5.84 2.35 7.51 162 326 242 268 206 
;
