0.8860 -0.0250 -0.0769 -0.4564 54.50 9.13 -1.50 1.64 0.18 9.57 0.0700 -0.1100 -0.1400 0.0067 0.0244 0.0022 1.55 0.25 9.67 185 362 350 378 213 
0.8861 -0.0247 -0.0763 -0.4565 54.50 9.00 -1.44 1.64 0.16 9.53 0.1400 -0.1000 -0.0400 0.0289 0.0333 0.0244 1.52 0.26 9.68 182 349 344 374 213 
0.8892 -0.0399 -0.0949 -0.4457 51.56 16.81 0.37 3.82 -2.06 8.67 5.8200 0.5300 0.8400 -1.3478 -3.5200 1.9600 4.58 -1.39 8.55 107 206 240 267 213 
0.9207 -0.1837 -0.1826 -0.2919 28.81 23.50 15.94 5.09 0.40 7.20 1.4700 2.9800 -1.6500 1.9111 2.0022 3.7644 2.09 -2.10 9.34 93 160 177 193 207 
0.9930 -0.0936 -0.0630 -0.0358 357.62 3.62 8.19 -4.99 1.41 9.01 -7.4400 1.8400 -1.1400 0.6411 0.4756 1.5733 0.01 -0.95 9.76 96 167 176 192 206 
0.9964 -0.0333 -0.0125 0.0768 353.06 1.37 3.31 -2.08 2.42 9.78 -0.9900 2.8300 0.2200 0.6233 -0.0656 -2.0967 0.26 -0.18 9.80 96 167 178 193 207 
0.9981 0.0059 -0.0055 -0.0609 9.94 -0.06 -1.94 2.97 0.62 9.95 3.3700 -0.0900 0.2400 0.6967 0.1356 -1.2478 -0.14 0.89 9.76 95 170 178 195 208 
0.9866 0.0577 0.0075 -0.1526 17.44 -1.87 -6.56 2.14 -0.83 8.48 1.7800 -2.1100 -1.8800 -0.0989 -0.4200 1.2722 -0.13 1.05 9.74 94 171 187 197 207 
0.9952 0.0437 -0.0261 -0.0840 8.50 4.50 -4.50 -3.84 0.80 12.28 -4.6600 0.4700 2.7200 -1.5733 -0.5633 -0.3678 1.22 -0.25 9.72 122 210 238 252 210 
0.9902 -0.0904 -0.0400 -0.0981 13.13 1.62 16.69 0.11 -1.91 11.48 0.6100 1.9400 1.5700 -5.3000 2.3022 -1.0811 -0.92 -6.17 7.56 155 271 278 302 210 
0.8738 -0.4320 0.1409 -0.1730 24.50 -4.44 61.44 -1.16 -6.39 1.62 -0.0200 1.8900 -3.8400 -3.5567 -0.3922 -1.6200 0.34 -9.60 1.94 162 348 328 374 212 
0.7133 -0.6572 0.1261 -0.2084 32.50 6.62 83.37 4.40 -7.78 -9.17 3.2100 3.5600 -10.5000 5.9178 -1.8122 0.4256 1.29 -8.44 4.81 164 350 334 388 212 
0.9150 -0.3699 -0.0081 -0.1608 17.94 7.62 35.75 1.22 -3.03 20.35 0.0300 1.9300 13.3400 0.3744 -0.4100 0.3389 1.49 -5.27 8.13 176 357 336 386 213 
0.9211 -0.3622 -0.0408 -0.1366 18.37 9.94 48.69 1.42 -5.69 4.82 -0.2900 1.7500 -2.5800 -3.9733 0.7300 -0.4811 1.71 -8.79 3.98 179 362 336 385 213 
0.7830 -0.5935 0.0190 -0.1852 28.00 11.75 74.50 2.79 -8.78 -6.94 1.3000 0.6200 -9.5900 2.1444 -0.5722 -0.2467 2.31 -8.78 3.69 176 356 334 387 213 
0.8725 -0.4555 -0.0587 -0.1668 18.37 14.63 43.44 2.44 -1.46 18.01 -1.3200 2.2600 11.2500 1.4211 -0.5000 0.4322 2.37 -5.13 8.00 178 359 331 363 214 
0.9409 -0.3001 -0.1066 -0.1155 15.50 15.81 35.50 2.04 -5.38 4.49 -0.6500 0.2500 -3.4100 -0.0556 1.5844 -1.2544 2.33 -5.49 7.77 172 344 322 348 213 
0.9272 -0.2881 -0.0392 -0.2359 32.44 10.38 28.56 1.29 -3.82 6.09 -0.1100 -0.0400 -2.2700 2.5356 2.3422 -2.0178 0.64 -2.54 9.44 177 340 326 359 212 
0.9125 -0.0533 0.0142 -0.4053 49.50 0.06 2.31 0.21 0.64 10.98 1.1400 0.8700 1.9200 1.8989 0.9900 -0.6422 -0.48 1.01 9.74 179 354 333 382 213 
0.8939 0.0511 0.0154 -0.4450 53.31 -2.75 -3.44 -0.45 0.34 10.36 -0.3500 -0.1900 0.7400 -0.0756 -0.0144 -0.0133 -0.39 0.66 9.77 177 353 338 383 215 
;
