0.8452 -0.0173 -0.1272 -0.5189 63.00 13.19 -6.00 2.22 0.92 9.20 -0.0200 -0.0300 -0.2800 -0.0333 0.0133 -0.0067 2.22 0.97 9.50 181 373 345 366 215 
0.8453 -0.0187 -0.1235 -0.5194 63.13 13.19 -5.62 2.30 0.89 9.28 -0.0200 -0.0600 -0.2700 -0.0422 0.0867 -0.0033 2.19 0.90 9.51 178 373 339 366 216 
0.8455 -0.0219 -0.1141 -0.5212 63.38 12.06 -4.12 2.67 0.77 9.88 -0.6000 0.5600 2.4500 -3.1222 -2.3589 0.6956 3.17 -1.05 9.21 118 237 274 280 216 
0.8448 -0.2007 -0.1301 -0.4786 55.81 24.69 17.00 10.01 -2.74 6.47 4.3900 -1.2900 -1.1400 0.8444 0.1378 3.1256 3.04 -3.15 8.77 91 158 175 186 203 
0.9413 -0.1885 -0.0579 -0.2740 25.44 8.44 18.12 2.93 1.92 8.55 0.6500 4.7300 -0.9200 0.7744 0.7344 4.2056 0.22 -2.67 9.43 88 160 169 179 188 
0.9927 -0.1208 0.0023 -0.0012 357.06 -1.12 12.88 -12.97 -0.58 10.72 -8.7500 1.9900 0.6300 -0.1611 -0.2444 -1.5378 0.00 -2.25 9.54 91 164 175 182 186 
0.9907 -0.1178 -0.0004 -0.0686 11.13 1.00 13.19 1.50 -0.80 9.41 1.2900 1.1800 -0.5700 0.7211 0.3411 -1.4267 0.11 -1.79 9.64 92 166 176 183 186 
0.9807 -0.0687 0.0139 -0.1827 22.69 -0.25 6.37 2.29 -1.50 9.23 2.5500 -0.4900 0.0200 0.8244 0.3211 -0.5378 -0.23 -0.48 9.79 92 168 176 187 187 
0.9758 -0.0134 0.0138 -0.2180 24.19 -1.12 1.44 5.93 -0.54 11.23 6.6300 0.7500 2.0500 -0.5856 0.1567 2.4667 -0.17 -0.46 9.79 93 170 178 185 186 
0.9963 -0.0370 -0.0177 -0.0755 8.06 2.87 4.12 2.83 0.15 10.29 3.7100 0.6900 0.3300 0.0367 0.2644 0.1544 0.41 -0.60 9.77 92 172 179 184 185 
0.9978 -0.0317 -0.0239 -0.0532 5.50 3.00 3.31 -0.62 -0.13 10.02 -0.4700 0.3700 0.0300 -0.0278 -0.0822 -0.4211 0.60 -0.55 9.77 96 173 182 186 197 
0.9960 -0.0391 -0.0375 -0.0718 9.38 5.50 5.19 -0.25 0.73 13.98 0.1100 2.7600 4.7600 -3.3556 1.6822 -1.4822 0.18 -2.95 9.34 158 256 267 288 207 
0.9431 -0.2700 0.0688 -0.1814 24.75 -4.25 42.94 1.39 -4.86 4.70 1.5200 2.7300 -2.2100 -6.8178 2.6389 -0.2489 -1.61 -9.27 2.74 171 272 290 331 211 
0.6811 -0.6357 0.3053 -0.1967 32.44 -9.00 97.12 -1.03 -7.89 -6.20 0.1000 1.7300 -4.2600 -2.2678 -0.0144 -0.2856 -1.36 -9.20 -3.10 177 300 304 357 212 
0.5688 -0.7568 0.2935 -0.1326 24.50 -7.12 107.56 -2.91 -8.37 -6.21 -2.3000 2.2400 -5.9700 2.6011 -3.5411 -2.4622 -0.22 -9.73 -1.19 180 310 310 363 212 
0.7351 -0.6688 0.0393 -0.1044 15.00 8.44 72.50 3.93 5.86 -4.91 2.9800 14.3900 -7.8100 10.2400 0.9222 -0.4022 1.85 -4.89 8.29 179 311 318 361 210 
0.9850 -0.1231 -0.0776 -0.0920 9.06 10.38 8.50 1.18 0.11 17.18 -0.7000 0.8300 5.5100 0.2133 -0.2122 0.1644 2.00 -0.99 9.54 177 316 326 358 211 
0.9913 -0.0618 -0.0947 -0.0669 8.06 11.00 6.75 1.34 0.04 8.31 -0.3600 1.2000 -1.4700 -0.0178 0.1667 -0.1078 1.77 -1.20 9.56 179 330 314 345 212 
;
