0.7823 -0.0754 -0.0881 -0.6121 76.06 13.38 0.69 2.22 -0.10 9.46 -0.2200 -0.0100 -0.3700 -0.0444 -0.0033 0.0167 2.29 -0.15 9.53 181 349 348 369 216 
0.7821 -0.0814 -0.0872 -0.6117 76.00 13.75 1.56 1.67 -0.15 10.08 -1.4800 0.2900 1.9400 -0.6378 -1.9822 0.7256 3.80 -0.83 8.99 185 265 293 308 213 
0.7552 -0.3108 -0.1778 -0.5490 70.19 37.38 37.44 6.01 -3.41 9.42 -1.9300 2.2500 1.5000 -8.5589 -0.1044 4.0300 3.86 -8.87 1.56 179 252 283 301 216 
0.5441 -0.7079 0.2578 -0.3692 68.19 10.19 106.50 0.56 -4.02 -7.75 -1.0000 4.7500 -4.1200 -2.2922 0.4344 1.8633 0.57 -8.56 -4.73 181 258 293 313 216 
0.4265 -0.7417 0.4383 -0.2755 66.75 2.56 115.87 -1.01 -5.68 -6.63 -0.9100 3.2700 -1.7300 4.0322 1.2778 -0.5567 1.05 -9.61 -1.62 184 262 301 321 215 
0.5585 -0.6317 0.3472 -0.4105 72.19 7.19 93.00 3.49 -11.30 3.80 0.6700 -0.9700 2.1200 -2.4478 -0.3111 0.6244 0.66 -9.47 -2.45 183 265 304 320 215 
0.4714 -0.7085 0.4244 -0.3093 65.19 1.37 113.62 -1.10 -7.22 -6.16 -1.5900 1.4300 -2.2800 -0.9644 -0.3322 0.2711 -0.16 -8.48 -4.91 183 269 305 324 217 
0.4465 -0.7404 0.4360 -0.2496 59.25 0.00 115.19 -2.85 -6.67 -7.86 -2.4800 1.5400 -1.3100 5.3111 0.7933 -2.2933 1.47 -9.63 -1.06 184 277 294 327 217 
0.5987 -0.6472 0.2584 -0.3948 60.44 12.81 85.50 2.87 -9.27 2.32 0.1000 -0.0500 0.3700 1.2600 -4.2467 -0.2511 2.61 -9.40 0.96 182 286 308 330 216 
0.6998 -0.6732 0.0387 -0.2358 34.63 14.56 85.00 1.56 -10.17 0.84 -0.8300 -0.5500 -0.2400 -0.3078 -0.2089 0.5300 2.09 -9.56 0.57 178 322 318 347 216 
0.7028 -0.6853 0.0469 -0.1852 29.94 10.25 86.37 1.07 -8.89 0.40 -0.4700 0.8200 -0.2000 0.4756 -0.0911 -0.1033 1.80 -9.59 0.91 183 348 331 372 219 
0.7287 -0.6578 0.0359 -0.1871 28.62 11.19 80.06 1.99 -8.36 -1.78 -0.5900 0.9000 -5.4600 3.0922 -0.8078 -0.1100 2.02 -8.96 3.42 184 349 334 379 218 
0.8599 -0.4746 -0.0269 -0.1858 22.87 13.69 45.63 4.43 -1.34 14.79 0.5300 4.3000 10.8300 1.7722 0.1933 0.1556 2.34 -5.61 7.68 185 350 333 377 218 
0.9119 -0.3670 -0.0772 -0.1664 20.56 15.50 47.69 3.93 -5.86 7.90 0.4700 1.0600 -0.2500 -3.8778 0.2656 0.7100 2.18 -8.62 4.11 185 351 333 376 218 
0.7909 -0.5940 -0.0103 -0.1469 21.50 10.13 76.06 -0.75 -9.28 -4.26 -2.1900 0.0600 -6.9900 0.2833 -0.4167 -0.4067 1.91 -9.39 2.05 184 352 333 381 218 
0.8083 -0.5686 -0.0482 -0.1448 19.56 16.12 59.19 3.62 -1.08 6.68 2.0300 7.1600 8.3800 4.8211 0.1022 -0.3444 3.07 -5.32 7.63 183 348 336 378 218 
0.9332 -0.3018 -0.1376 -0.1385 17.19 21.31 36.88 3.78 -4.88 7.17 0.5300 0.9000 -1.5800 -2.0756 0.0556 -0.3278 3.89 -6.47 6.24 182 353 331 360 218 
0.8852 -0.4050 -0.1293 -0.1890 27.06 21.75 43.94 1.70 -5.38 1.93 -1.4900 1.0400 -4.3300 2.5389 2.0767 -1.8978 3.27 -4.61 8.00 182 334 327 354 218 
0.9158 -0.1868 -0.0712 -0.3484 44.88 10.63 11.38 0.11 0.29 11.33 -1.2100 1.6700 2.2700 2.5189 1.4933 -1.2556 0.40 0.28 9.79 181 338 330 367 217 
;
