0.9026 0.1318 -0.0022 -0.4098 48.81 -5.94 -13.94 -1.00 2.21 9.38 -0.0900 -0.1400 0.3600 0.0111 0.0056 -0.0022 -1.01 2.35 9.46 181 383 349 368 213 
0.9026 0.1318 -0.0024 -0.4099 48.81 -5.94 -13.94 -0.95 2.13 9.44 0.0400 -0.0900 -0.0600 0.0011 0.0000 -0.0022 -1.01 2.35 9.46 179 384 349 368 210 
0.9026 0.1318 -0.0024 -0.4099 48.81 -5.94 -13.88 -0.96 2.19 9.48 0.0100 -0.1400 -0.0200 0.0044 0.0044 0.0000 -1.01 2.34 9.46 181 384 350 366 214 
0.9027 0.1312 -0.0029 -0.4098 48.81 -5.75 -13.88 -1.07 2.21 9.38 -0.6300 -0.1600 0.0700 -0.3233 -0.6556 0.0211 -0.42 2.12 9.56 182 354 342 355 213 
0.9065 0.0554 -0.0771 -0.4114 48.50 9.00 -3.12 2.92 6.93 13.93 2.2800 5.0000 4.3200 -7.0167 -0.4667 0.5056 1.85 -4.23 8.64 180 289 313 319 212 
0.8252 -0.3839 0.1210 -0.3964 53.19 4.31 55.44 0.78 -3.72 1.89 0.4200 4.9600 -3.6100 -7.4178 1.9833 0.0889 0.25 -9.79 0.45 179 284 328 333 212 
0.5242 -0.6627 0.4167 -0.3354 67.81 0.19 109.44 0.06 -6.05 -8.73 -0.6000 2.5300 -5.1400 -1.3400 0.6000 0.5056 -0.05 -8.67 -4.56 178 285 333 338 212 
0.4335 -0.6842 0.4987 -0.3088 70.56 -0.31 112.56 -0.06 -6.64 -7.91 0.0800 3.1400 -3.7600 4.0522 -0.2411 -0.2311 0.05 -9.73 -1.14 183 289 324 344 211 
0.6078 -0.5560 0.3753 -0.4249 70.25 1.81 76.81 4.08 -6.64 12.69 4.6600 2.1200 9.7200 -0.0656 -0.5022 0.1222 0.55 -9.29 3.08 178 296 319 345 212 
0.6572 -0.5268 0.3179 -0.4354 66.50 2.06 79.06 0.73 -8.97 1.56 0.1700 0.8400 -0.5000 -2.4244 0.1856 0.2356 0.19 -9.80 0.11 176 301 319 347 212 
0.5607 -0.6245 0.4014 -0.3668 66.31 0.06 98.94 -0.54 -8.86 -6.09 -1.2800 0.8800 -5.0800 -0.1000 -0.1656 0.1856 -0.14 -9.62 -1.89 174 306 328 352 212 
0.5719 -0.6201 0.3976 -0.3611 65.44 0.44 89.87 -2.54 -7.06 -1.95 -2.7500 3.0500 -1.6100 7.0467 -0.4000 -1.8344 1.38 -8.42 4.83 180 315 323 332 211 
0.7572 -0.4596 0.1151 -0.4497 57.56 15.94 55.19 3.28 -8.59 5.45 -0.1700 -1.2800 -0.2700 1.5022 -3.8667 0.6033 3.73 -7.39 5.24 176 329 290 275 213 
0.8342 -0.4592 -0.1240 -0.2791 32.13 29.87 49.50 7.00 -8.11 4.27 1.7500 -1.5700 -1.2200 4.2144 -1.4022 0.2756 5.47 -4.88 6.50 176 312 216 217 210 
0.9200 -0.2375 -0.2824 -0.1319 14.19 36.13 19.81 6.08 -0.44 6.02 0.3700 1.7600 -1.3600 2.6767 0.5444 -0.2522 5.54 -0.78 8.04 171 321 183 192 202 
0.9542 -0.0272 -0.2879 -0.0768 8.13 33.06 -1.94 3.68 3.13 7.66 -1.7800 2.5500 -0.3100 0.7478 0.2522 0.1522 5.22 0.84 8.25 165 328 192 199 197 
0.9599 0.0470 -0.2715 -0.0522 6.50 30.69 -8.38 3.48 2.60 8.40 -1.3300 1.2500 0.1400 -0.3789 -0.2133 -0.4944 5.07 1.17 8.30 166 333 193 205 199 
0.9556 0.0296 -0.2762 -0.0988 14.06 31.69 -7.00 6.63 2.57 7.34 1.4100 1.6500 -0.6000 -1.5756 0.3800 -1.6411 4.79 0.59 8.53 162 333 193 209 200 
0.9405 -0.0548 -0.2106 -0.2610 35.63 22.25 1.06 6.29 -0.78 5.84 4.3400 -0.7900 -2.4500 -0.8644 -0.2378 -2.3800 3.52 -0.46 9.13 158 339 191 216 200 
0.9033 -0.0905 -0.1291 -0.3990 49.19 15.69 4.69 0.47 -4.61 9.73 -1.3800 -3.2600 0.9100 -0.3467 0.1144 -0.2822 2.42 -0.91 9.45 157 343 196 219 200 
0.8936 -0.1028 -0.0883 -0.4279 50.63 15.00 6.69 2.28 -1.63 8.46 -0.5600 -0.8800 -1.3100 -0.1044 -0.7833 0.8356 2.98 -1.34 9.24 165 329 202 225 206 
0.9082 -0.1473 -0.1218 -0.3723 42.63 20.19 13.69 2.57 -3.18 4.92 -0.3600 -0.1900 -3.8100 -1.6644 -0.3411 0.8689 3.61 -3.68 8.33 169 333 273 305 211 
0.8984 -0.2749 -0.1080 -0.3251 42.19 21.31 27.56 4.21 -3.60 7.02 1.0500 0.0000 -0.7300 -0.2089 3.2456 -2.9211 2.69 -3.73 8.65 173 343 320 341 210 
;
