0.9213 0.0446 -0.0428 -0.3839 45.19 2.56 -6.56 0.46 0.96 9.75 0.1600 -0.1100 -0.1900 -0.0256 -0.0244 -0.0067 0.45 1.11 9.73 177 366 342 369 215 
0.9213 0.0433 -0.0433 -0.3839 45.19 2.62 -6.44 0.56 0.99 9.84 0.0800 -0.1400 0.0700 -0.0167 -0.0156 -0.0022 0.46 1.09 9.73 176 366 339 365 213 
0.9214 0.0414 -0.0447 -0.3837 44.81 3.56 -6.56 -1.25 2.56 11.81 -1.4300 1.8600 3.5500 -0.5478 -4.5733 0.9856 3.06 0.69 9.29 174 294 306 331 212 
0.9092 -0.1391 -0.1740 -0.3517 42.75 21.62 19.25 4.57 -1.22 9.81 1.3900 2.9000 -0.6400 -7.3856 3.8133 1.1344 1.01 -7.51 6.21 177 291 292 343 213 
0.7348 -0.5237 0.2532 -0.3487 53.19 -2.62 83.19 1.22 -5.30 -3.92 0.5100 3.6100 -4.3600 -5.1267 1.6133 0.1422 -0.57 -9.28 -3.09 179 299 313 358 215 
0.4939 -0.6895 0.4464 -0.2852 60.75 -2.44 105.19 -1.05 -4.91 -6.00 -1.8800 4.9800 1.0200 4.4344 0.5422 -0.0467 -0.25 -9.72 1.21 177 297 319 368 215 
0.6337 -0.5511 0.3608 -0.4057 65.31 -0.06 86.44 1.49 -9.96 2.33 1.1200 0.4900 -0.0600 -2.7267 0.2233 -0.0167 0.05 -9.70 -1.41 179 304 322 371 216 
0.5121 -0.6581 0.4342 -0.3408 67.94 0.31 106.31 -0.54 -7.50 -7.11 -0.8200 1.8600 -5.1200 0.3744 -0.3622 0.0656 0.02 -9.40 -2.76 179 303 321 374 215 
0.5527 -0.6177 0.4106 -0.3799 70.06 2.00 86.62 4.66 -5.96 10.85 4.4200 2.1500 8.6000 1.4867 -1.0100 0.1333 0.58 -9.46 2.48 177 300 323 355 217 
0.7060 -0.5448 0.2229 -0.3937 53.13 11.56 70.44 2.59 -7.35 -2.26 -0.8400 1.1300 -5.7100 4.2489 -8.7400 -2.2389 5.42 -7.57 3.07 169 274 299 312 214 
0.7517 -0.5052 -0.4003 -0.1396 11.50 53.38 84.69 8.72 -3.92 -2.74 0.2600 0.9100 -2.1900 2.3544 -8.0911 -1.4244 7.54 -5.01 -3.75 171 257 274 300 217 
0.4308 -0.2856 -0.8466 0.1264 321.44 36.44 148.25 8.13 -2.18 -7.65 2.7100 1.5400 -0.9400 -2.8122 -4.5333 -0.6989 3.66 -2.46 -8.75 177 258 266 336 221 
0.1814 -0.2279 -0.9566 0.0073 25.50 17.50 176.00 4.48 -0.73 -11.35 1.0900 0.1400 0.4700 0.5156 0.1978 0.6133 3.12 -0.99 -9.24 186 272 270 345 226 
0.1751 -0.2422 -0.9542 0.0140 28.75 19.81 173.31 7.16 0.30 -8.80 4.5800 0.9100 -0.6000 -1.5222 6.5822 1.2967 6.88 -0.69 -6.94 173 269 277 321 219 
0.5328 -0.3220 -0.7669 -0.1559 36.00 79.31 132.81 9.25 -1.60 -3.53 -2.5600 -0.6100 -4.5100 -0.2400 9.8767 0.2311 7.82 -1.79 5.63 176 319 324 340 209 
0.8809 -0.1649 -0.2692 -0.3527 45.00 28.06 2.69 2.08 0.00 8.60 -1.3300 0.2900 -0.4100 1.8300 2.1689 -0.9689 2.64 0.92 9.39 180 358 335 357 212 
;
0.9056 -0.0234 -0.1424 -0.3988 47.63 16.19 -4.50 2.81 0.62 9.08 0.2900 0.0000 0.1200 -0.0722 0.0178 0.0444 2.76 0.67 9.38 179 358 340 358 212 
0.9054 -0.0255 -0.1450 -0.3982 47.44 16.37 -4.06 2.67 0.55 9.49 -0.0200 -0.1100 0.1900 0.0922 -0.0744 0.0267 2.81 0.70 9.36 178 351 337 360 210 
0.9046 -0.0151 -0.1998 -0.3762 42.00 32.06 -10.25 14.90 9.23 15.82 11.1800 7.0900 4.5100 -6.1622 -0.4011 3.0056 6.36 -2.10 7.16 176 311 316 346 211 
0.8691 -0.3572 -0.0717 -0.3345 45.31 12.69 50.81 2.33 -2.13 -0.22 0.3400 6.3300 -6.5000 -8.8167 2.9589 1.2967 0.30 -9.79 0.35 166 291 314 331 212 
0.5197 -0.7056 0.3880 -0.2854 57.63 -0.69 113.62 -0.38 -5.45 -12.35 -0.5500 3.1300 -8.1400 1.9667 -0.1289 0.1533 -0.29 -9.33 -3.00 173 287 318 339 212 
0.6002 -0.6303 0.3666 -0.3289 56.94 -0.81 87.12 3.75 -10.01 12.12 3.8200 -0.3600 10.7200 -1.2811 -0.3056 -0.0978 0.13 -9.79 0.39 176 285 316 330 213 
0.5886 -0.6547 0.3504 -0.3197 57.44 0.00 100.31 -1.55 -7.95 -5.86 -1.4500 1.3200 -4.4400 -1.5011 0.1578 -0.1778 0.09 -9.29 -3.11 176 286 314 326 214 
0.5319 -0.7008 0.3729 -0.2947 57.69 0.94 99.19 -2.28 -8.33 -0.91 -2.1300 1.0000 1.2700 3.6433 -1.2367 -0.7300 0.56 -9.71 1.18 177 288 316 322 212 
0.6865 -0.6153 0.1941 -0.3353 46.81 13.06 80.31 1.53 -7.35 -4.32 -2.3600 1.3700 -7.0700 3.1478 -8.9900 -2.8200 4.88 -8.44 0.98 168 287 305 321 216 
0.7137 -0.5784 -0.3872 -0.0779 5.31 44.81 94.50 6.01 -4.74 -3.36 0.0000 1.6400 -1.4100 1.9844 -6.9156 -3.0700 7.25 -5.41 -3.76 169 282 299 314 215 
0.4681 -0.3448 -0.8069 0.1039 323.56 36.69 144.06 7.82 -3.05 -4.30 2.8600 1.6300 2.8600 -2.3678 -3.1333 -1.4178 4.09 -3.05 -8.36 174 237 265 310 221 
0.1586 -0.2479 -0.9543 0.0510 28.44 13.81 172.94 5.23 -1.67 -14.13 4.2600 -0.4700 -5.9600 -0.4578 0.2122 -0.2933 2.12 -0.55 -9.55 181 256 263 324 221 
0.1292 -0.2380 -0.9626 0.0043 28.06 15.50 175.75 6.12 0.00 -7.98 3.5300 0.4800 1.3800 -0.9744 4.0889 0.6189 5.01 -0.32 -8.41 180 261 270 307 219 
0.4004 -0.2820 -0.8627 -0.1263 38.88 62.81 -179.87 9.56 -0.84 -4.49 0.9300 -0.4500 -1.2200 -1.1867 8.6500 0.6489 9.68 -0.20 1.53 173 289 304 299 213 
0.8151 -0.1953 -0.4417 -0.3202 42.50 43.38 1.75 1.68 -1.87 5.77 -5.1700 -2.3000 -2.4000 1.6767 5.0822 -0.4167 2.67 0.81 9.39 178 349 329 348 209 
;
