0.8968 0.0667 -0.0760 -0.4307 51.25 4.50 -10.69 0.66 1.72 9.65 -0.1100 -0.1000 -0.0200 -0.0011 -0.0033 -0.0022 0.77 1.81 9.60 172 363 346 376 216 
0.8972 0.0668 -0.0760 -0.4298 51.13 4.50 -10.69 0.69 1.69 9.63 -0.0700 -0.0800 0.0500 0.0011 -0.0067 -0.0011 0.77 1.81 9.60 172 365 347 379 214 
0.8973 0.0665 -0.0761 -0.4296 51.00 4.94 -10.44 -0.28 1.88 11.03 -0.4400 0.7700 1.9400 -1.4167 -2.0600 0.2678 2.00 0.82 9.56 172 266 287 286 215 
0.8979 -0.0999 -0.0837 -0.4205 48.88 12.63 15.19 4.65 -0.13 10.87 1.4600 3.1500 0.3900 -5.5644 3.1522 1.2167 -0.02 -6.19 7.60 167 247 260 258 213 
0.8077 -0.3755 0.2774 -0.3600 48.88 -15.94 66.19 -1.50 -5.32 -0.04 1.6800 3.9700 -3.5400 -5.8200 3.9056 1.1900 -3.98 -8.75 -1.92 161 271 269 288 208 
0.4649 -0.5291 0.6719 -0.2293 55.44 -19.87 127.19 -4.55 -2.98 -13.87 -0.2500 3.4800 -8.6600 1.8011 1.2178 -0.6989 -2.32 -7.75 -5.54 161 279 288 306 211 
0.4286 -0.5103 0.6298 -0.3992 90.00 -6.37 100.87 -1.43 -9.98 8.14 0.5400 -0.6100 13.6600 1.0078 -0.5178 -0.3133 -0.90 -9.76 -0.24 162 285 293 304 208 
0.4512 -0.4739 0.5947 -0.4672 91.19 -5.69 104.87 -0.94 -7.21 -3.99 0.0900 2.0400 -1.5700 -3.4567 0.2622 0.3656 -1.17 -8.25 -5.16 163 287 304 308 210 
0.3157 -0.5495 0.7130 -0.3001 85.94 -7.00 130.50 -2.53 -4.32 -14.70 -0.9400 3.2700 -7.1000 3.1878 -0.0967 -0.5922 -1.01 -8.37 -4.99 163 284 305 311 209 
0.3937 -0.5021 0.6316 -0.4404 98.62 -1.31 100.00 2.11 -9.42 7.85 1.4500 0.2700 7.4700 2.2711 -3.0978 -1.0567 0.64 -9.77 0.42 167 284 298 300 212 
0.5323 -0.5533 0.4038 -0.4973 82.06 9.00 86.37 1.82 -9.80 0.76 0.1800 -0.1100 0.8000 0.1700 -2.0067 -0.7444 2.33 -9.51 0.39 166 326 310 324 210 
0.5667 -0.6615 0.2583 -0.4178 71.87 15.25 91.87 2.22 -9.53 -0.57 -0.6800 0.3700 -0.6200 -1.1356 -1.5000 -0.1167 2.58 -9.34 -1.47 167 357 323 358 213 
0.5354 -0.7444 0.2162 -0.3353 62.81 15.44 103.50 2.50 -9.03 -4.57 1.4900 0.1500 -1.8100 0.1678 -0.0789 -0.2200 2.63 -9.17 -2.25 168 358 324 370 212 
0.5729 -0.7427 0.1676 -0.3033 51.75 14.13 95.69 3.02 -8.96 -6.57 0.5100 1.8000 -6.7200 4.9222 -0.1433 0.4744 2.03 -9.36 2.07 174 350 324 374 214 
0.8070 -0.4995 0.0805 -0.3046 39.50 9.25 47.75 1.23 6.94 2.35 -2.3000 12.1400 -3.6000 8.4189 1.0233 0.2867 0.78 -1.69 9.62 178 365 331 385 211 
0.9473 0.0562 -0.0367 -0.3133 35.94 1.06 -12.38 -1.00 4.26 18.66 -1.4000 1.4100 7.1500 -0.2389 -0.5678 -0.1456 0.43 2.24 9.53 178 368 333 385 212 
0.9427 0.0965 -0.0549 -0.3146 37.13 2.56 -12.25 0.99 2.14 9.11 0.2100 -0.0100 -0.6800 0.2411 0.2967 -0.0156 0.28 2.17 9.55 177 367 336 384 212 
0.9409 0.1104 -0.0464 -0.3170 37.38 0.56 -14.63 -0.03 3.48 9.43 0.4700 0.3000 0.3800 -0.0900 0.5156 -0.1911 -0.13 2.63 9.44 172 364 329 387 212 
;
