0.8610 -0.1297 -0.1709 -0.4612 56.31 24.44 4.12 4.08 -0.71 8.93 0.0700 -0.0500 0.0400 -0.0044 -0.0078 -0.0011 4.05 -0.64 8.90 174 323 322 354 214 
0.8610 -0.1297 -0.1709 -0.4612 56.31 24.44 4.12 4.15 -0.70 8.90 0.0300 -0.0400 -0.0300 -0.0011 -0.0033 -0.0022 4.05 -0.64 8.90 174 324 324 352 219 
0.8610 -0.1296 -0.1708 -0.4612 56.25 24.37 4.00 3.08 -0.81 10.26 -0.5900 -0.0200 1.6100 -0.3300 -2.7267 1.1078 5.24 -1.12 8.21 173 265 280 300 210 
0.8469 -0.3000 -0.1746 -0.4028 51.38 24.56 37.38 0.19 -6.40 9.44 0.1000 1.0700 1.6400 -7.3078 2.4533 0.6578 2.36 -8.72 3.79 174 250 251 281 211 
0.6339 -0.6230 0.2409 -0.3900 64.81 8.31 93.62 3.34 -4.34 -3.60 2.0400 4.7800 -1.6700 -5.4189 1.6222 1.5756 0.65 -8.70 -4.47 175 240 223 268 208 
0.3761 -0.7468 0.4791 -0.2670 69.44 1.12 125.94 -0.64 -3.78 -11.50 -0.6000 4.2400 -5.4700 4.3822 0.0656 0.2644 -0.10 -9.09 -3.67 176 252 240 281 213 
0.5600 -0.6161 0.4160 -0.3658 65.50 -0.56 92.87 2.88 -11.37 11.42 2.0800 -1.5500 7.8800 -2.8044 0.5144 0.2511 -0.13 -9.64 -1.76 179 258 245 282 211 
0.4906 -0.6683 0.4550 -0.3249 67.75 -0.50 112.31 -0.17 -7.22 -6.17 -0.1100 1.7700 -2.6900 -1.6722 0.2089 -0.0589 0.00 -8.42 -5.01 177 258 246 285 211 
0.4122 -0.7179 0.4865 -0.2792 67.62 0.00 117.87 -0.18 -6.19 -7.76 -0.9100 1.6100 -2.0400 4.7022 0.4956 0.1867 -0.09 -9.70 -1.37 177 257 252 289 212 
0.6219 -0.5882 0.3345 -0.3941 60.88 6.37 81.56 2.34 -7.23 0.78 0.0000 2.3400 -2.4500 1.5567 -7.1789 -1.9978 3.26 -9.13 1.44 175 268 240 264 215 
0.7173 -0.6464 -0.1512 -0.2114 23.87 35.38 84.69 5.79 -5.65 -3.38 -0.0700 1.6300 -2.7400 2.5389 -6.7422 -2.3211 6.93 -6.82 -1.22 168 295 181 214 214 
0.6262 -0.4803 -0.6128 0.0399 347.44 47.38 111.56 10.26 -6.55 -3.86 1.8200 1.7200 -2.5600 1.9767 -2.6622 -1.0433 7.18 -5.99 -2.94 169 337 162 189 204 
0.5729 -0.3044 -0.7369 0.1898 318.37 46.63 111.12 8.52 -4.85 -0.31 0.9300 1.9400 3.1400 1.9844 -0.1356 -0.0856 7.16 -6.51 -1.51 162 346 167 189 201 
0.5861 -0.2288 -0.7281 0.2720 311.81 46.50 106.56 7.71 -6.11 -2.32 0.6100 0.2300 -0.7300 -1.5789 -0.4578 0.3400 6.87 -6.28 -3.07 167 347 175 192 201 
0.5300 -0.2979 -0.7656 0.2102 317.19 43.19 119.00 6.48 -6.25 -5.89 -0.1400 0.0700 -2.5200 0.8756 0.4067 -0.1889 6.85 -6.31 -3.05 169 337 176 195 199 
0.5617 -0.2609 -0.7466 0.2427 311.62 46.06 108.50 8.40 -5.00 3.35 1.4400 1.3700 6.2000 -0.7367 0.2411 0.0156 7.14 -6.36 -2.14 169 326 178 196 200 
0.5505 -0.2817 -0.7571 0.2107 322.87 45.25 120.25 8.60 -2.62 -2.87 2.0900 2.7300 -1.0200 -4.6511 5.8744 -1.0733 8.58 -4.27 -2.05 170 316 213 243 210 
0.7362 -0.3849 -0.5178 -0.2045 40.31 56.88 37.06 7.27 -4.08 -0.48 -1.3600 -0.7700 -4.3200 1.8089 8.2233 -1.1989 4.03 -1.99 8.71 175 354 325 347 208 
;
