0.5582 -0.1907 -0.2834 -0.7561 107.06 37.19 -15.69 5.91 1.92 7.31 0.0000 -0.1800 -0.2400 0.0067 0.0078 0.0022 5.93 2.10 7.51 181 355 354 392 227 
0.5583 -0.1915 -0.2833 -0.7559 107.06 37.25 -15.69 7.21 2.00 8.03 1.2200 0.1600 1.7300 1.1056 0.6944 -0.6489 5.51 2.79 7.61 185 364 348 404 228 
0.5450 -0.1144 -0.3107 -0.7703 111.44 30.44 -26.94 7.82 10.65 10.52 3.5400 6.1100 0.9600 -3.4067 -2.4722 5.1022 6.44 -0.35 7.38 190 299 338 355 228 
0.6818 -0.3820 -0.0496 -0.6220 76.62 23.75 47.56 -1.43 -1.97 1.00 -3.9800 5.1100 -4.4900 -6.5633 2.8900 5.0089 -0.40 -9.56 2.14 182 301 327 356 228 
0.5969 -0.5535 0.4796 -0.3277 54.50 -15.38 101.31 -8.52 -6.10 -10.71 -5.5600 2.0400 -8.1600 1.4778 -0.2089 -1.1822 -2.12 -9.50 -1.14 182 308 345 370 228 
0.6276 -0.5178 0.4099 -0.4124 68.06 -2.06 76.94 10.28 -5.96 12.93 9.0300 1.8700 8.7600 -1.7867 0.0478 1.1878 -0.61 -9.63 1.70 183 316 348 375 228 
0.6235 -0.5466 0.4298 -0.3574 56.69 -11.13 92.81 -4.04 -8.72 -2.82 -1.9100 0.7900 -1.6300 -2.1100 0.9000 1.1411 -2.75 -9.09 -2.43 184 318 350 383 232 
0.5335 -0.5846 0.5502 -0.2661 54.94 -13.88 103.87 -3.49 -7.29 -7.60 -1.9800 5.0100 -2.8200 5.7111 -0.3478 -2.8811 -0.35 -9.66 1.63 187 317 348 391 229 
0.6750 -0.5152 0.2919 -0.4402 63.19 6.37 71.62 2.00 -7.85 -1.07 -0.0500 1.1900 -4.8500 2.2867 -4.0544 -0.6244 2.83 -8.53 3.90 185 296 331 356 228 
0.7842 -0.5148 -0.0834 -0.3361 43.50 37.31 56.38 5.75 -4.30 -1.64 -0.9400 1.9500 -5.5400 4.1667 -6.2700 -2.6978 8.64 -3.90 2.49 190 199 189 236 218 
0.7192 -0.3295 -0.5740 -0.2113 32.88 81.06 78.94 12.70 2.19 0.42 4.3800 4.5000 0.3600 0.6500 -2.6778 -2.4511 9.68 0.48 -1.48 192 152 147 175 187 
0.5648 -0.2121 -0.7629 -0.2324 47.50 72.75 -150.37 12.17 4.37 -4.62 3.9200 2.8300 -1.3100 -0.0589 -0.2989 -0.1622 9.22 1.68 -2.85 190 158 152 179 191 
0.5410 -0.2095 -0.7752 -0.2499 49.00 71.31 -152.62 9.24 2.18 -3.54 0.6600 1.5200 -0.8000 0.1867 0.2478 0.9667 9.42 0.80 -2.58 189 176 180 199 197 
0.6339 -0.2368 -0.6923 -0.2505 43.81 85.37 -2.12 10.60 1.73 0.17 1.1500 1.4300 -1.4500 -1.0922 5.8522 -0.1144 8.63 0.20 4.64 188 293 272 322 221 
0.8412 -0.1447 -0.3597 -0.3769 49.69 35.38 -3.12 0.65 -0.87 5.85 -3.8700 -1.5700 -2.5100 0.9122 2.6000 -0.8811 3.25 1.20 9.17 188 334 323 370 223 
;
0.8781 0.0114 -0.1779 -0.4442 54.00 16.31 -12.31 3.29 1.55 8.69 0.6700 -0.6500 -0.5000 0.7044 0.7856 -0.0578 2.19 2.56 9.20 188 354 336 389 223 
0.8768 0.0961 -0.1628 -0.4422 53.44 11.00 -20.00 1.81 3.91 9.35 -0.0800 0.4500 0.2100 0.3978 -0.1344 -0.0311 1.89 3.58 8.92 192 354 335 389 223 
0.8728 0.1277 -0.1737 -0.4379 53.25 11.31 -22.69 2.15 4.74 9.66 0.1200 1.2100 0.9800 0.0589 -1.3633 0.3144 2.71 3.71 8.65 192 337 310 347 223 
0.8690 0.0540 -0.2566 -0.4196 48.94 28.12 -11.88 10.37 7.37 14.75 5.3600 7.1600 5.3400 -6.4878 1.8022 3.5000 3.69 -3.35 8.44 190 311 324 334 223 
0.8807 -0.3475 0.0309 -0.3203 40.75 -0.06 50.56 0.46 -4.67 -2.92 1.2500 3.7700 -7.5600 -4.6167 6.1989 1.7967 -3.24 -9.03 2.01 184 357 336 366 226 
0.6292 -0.4645 0.5367 -0.3170 58.88 -20.69 94.12 -7.60 -8.00 -9.47 -2.5800 1.4500 -7.1700 3.9522 -0.0811 -2.6944 -1.78 -9.56 1.20 186 358 345 375 225 
0.6280 -0.4272 0.4093 -0.5056 79.00 -2.75 69.50 5.57 -6.81 11.84 3.4400 1.2600 5.3500 -2.5422 0.1356 0.3544 -0.66 -9.60 1.86 187 356 345 381 226 
0.5640 -0.4979 0.4839 -0.4470 76.00 -7.12 93.00 -2.96 -9.29 -4.16 -2.7900 -0.5900 -5.0000 -1.1911 0.0389 0.4500 -1.67 -9.48 -1.86 187 346 344 387 226 
0.5587 -0.5084 0.4949 -0.4294 78.50 -3.31 80.19 2.56 -3.51 9.73 4.8700 5.5400 8.1500 1.4200 -2.2467 -0.3911 0.38 -9.11 3.60 186 359 345 389 227 
0.6766 -0.5108 0.2645 -0.4596 64.19 9.06 70.50 0.93 -8.88 -2.18 -1.6800 0.5200 -6.0700 2.9456 -5.6578 -1.5667 3.73 -8.26 3.73 187 278 252 299 225 
0.7784 -0.5121 -0.1875 -0.3110 39.25 46.75 56.94 8.75 -2.31 -1.29 2.2700 2.6500 -3.1100 3.9089 -4.2989 -2.7811 9.25 -2.85 1.55 186 204 191 237 222 
0.6935 -0.2809 -0.6390 -0.1785 28.87 84.81 175.25 11.46 1.92 1.25 1.2600 2.9300 2.5200 -0.0056 -2.7533 -1.1889 9.58 0.36 -2.05 190 166 150 182 197 
0.5724 -0.1844 -0.7736 -0.1998 40.63 72.06 -157.25 12.10 3.83 -4.18 3.0100 2.4300 -1.2600 -0.0167 -0.5633 0.1578 9.18 1.23 -3.20 190 162 143 182 195 
0.5430 -0.1902 -0.7919 -0.2050 41.25 69.75 -160.56 8.84 1.88 -3.57 -0.1800 0.8300 -0.2000 -0.1278 0.4356 -0.0967 9.28 1.19 -2.91 192 173 159 181 199 
0.5639 -0.1885 -0.7726 -0.2225 43.25 74.81 -150.44 11.48 3.08 -1.73 0.8700 1.1700 0.2300 -0.8400 5.4222 -0.4100 9.65 1.40 0.95 193 244 242 264 221 
;
