0.7418 -0.1171 -0.1237 -0.6486 82.31 19.56 0.75 3.18 -0.12 9.24 -0.1100 0.0400 0.0000 -0.0033 0.0000 0.0044 3.28 -0.12 9.23 177 339 336 359 215 
0.7418 -0.1171 -0.1237 -0.6486 82.31 19.56 0.75 3.25 -0.07 9.25 -0.1700 0.0300 0.0300 -0.0011 0.0033 0.0022 3.29 -0.13 9.23 178 338 335 357 217 
0.7418 -0.1172 -0.1237 -0.6486 82.31 19.56 0.75 3.19 -0.08 9.25 -0.1700 0.0300 0.0100 -0.0044 0.0000 0.0022 3.29 -0.13 9.23 176 334 337 360 217 
0.7418 -0.1172 -0.1237 -0.6486 82.31 19.56 0.75 2.53 -0.61 7.66 0.2900 0.1400 -0.7800 0.0189 0.0067 0.0100 3.28 -0.13 9.23 176 338 337 358 217 
0.7419 -0.1173 -0.1238 -0.6485 82.31 19.44 0.81 2.21 -0.96 10.48 -1.6100 -0.5600 2.0300 0.2678 -1.0678 0.0411 3.82 0.05 9.02 181 257 299 321 213 
0.7357 -0.2212 -0.1683 -0.6177 78.50 28.06 20.62 9.06 0.05 13.02 0.4500 4.3800 0.4900 -8.9500 1.0322 3.0967 3.13 -8.06 4.61 179 232 244 277 215 
0.6024 -0.5970 0.2728 -0.4542 73.44 8.94 92.87 -0.94 -4.86 -8.34 -2.3200 4.5500 -7.2300 -2.1233 -0.0033 1.0711 0.59 -9.38 -2.78 174 236 250 275 216 
0.5135 -0.6638 0.4084 -0.3590 70.75 3.87 96.19 -1.67 -5.77 -2.35 -2.5700 2.5900 0.0000 4.5844 0.9244 -0.5911 1.08 -9.42 2.47 176 249 254 280 216 
0.6288 -0.5226 0.3101 -0.4850 74.25 5.69 78.25 1.08 -10.55 3.82 -0.7700 0.6100 0.5900 -3.1356 -0.4422 0.4833 0.56 -9.77 -0.46 177 252 254 283 216 
0.5309 -0.6390 0.4152 -0.3705 68.94 1.25 102.25 -1.53 -7.69 -6.32 -1.8700 1.9900 -4.4900 0.0478 -0.4389 -0.0967 0.15 -9.51 -2.38 174 255 255 288 218 
0.5294 -0.6539 0.4080 -0.3544 71.81 4.06 94.81 -1.14 -7.05 -0.15 2.5100 2.2400 6.9700 4.3567 -0.0689 -1.4700 1.94 -9.28 2.49 181 258 278 309 218 
0.6194 -0.5140 0.2839 -0.5211 80.06 10.56 70.94 3.10 -7.27 1.51 1.2200 0.9100 -3.2400 0.2533 1.2044 -0.2789 1.81 -9.02 3.36 177 334 175 181 187 
0.6147 -0.4656 0.2983 -0.5625 85.12 8.50 64.87 1.06 -8.59 3.87 0.0400 -0.4100 -0.1100 1.1100 0.2878 0.1011 1.32 -8.39 4.89 182 374 168 178 185 
0.6362 -0.3901 0.2729 -0.6071 89.31 5.81 54.56 -0.26 -8.26 4.80 -0.6700 -0.2700 -0.8500 1.3744 1.1433 -0.1933 0.48 -7.28 6.54 189 381 171 184 182 
0.6345 -0.2715 0.2723 -0.6705 92.31 0.31 43.81 2.08 -8.77 8.69 2.4900 -2.7900 1.4900 0.2189 -0.8356 0.8911 -0.02 -6.58 7.26 190 384 169 186 182 
0.6949 -0.2777 0.2451 -0.6164 80.44 0.25 45.56 -2.42 -10.63 8.88 -3.4600 -2.6300 1.4200 -2.2022 -0.8744 0.6167 0.05 -8.00 5.66 190 382 173 186 184 
0.6797 -0.4069 0.3058 -0.5281 76.81 1.56 64.50 -2.91 -5.86 3.14 -3.3300 3.3900 -0.9900 -1.6000 0.9444 -1.2800 0.96 -9.28 2.98 190 386 173 187 185 
0.5503 -0.4740 0.3669 -0.5812 97.62 10.31 73.00 0.17 -3.75 1.35 -0.8700 5.4300 -1.7400 0.9789 1.6633 -1.8744 2.55 -8.72 3.67 190 389 175 189 186 
0.4628 -0.3975 0.3340 -0.7185 115.50 14.00 57.81 6.09 -7.05 5.63 3.9300 0.7600 0.3900 2.3133 0.7444 0.5878 1.73 -7.31 6.29 190 390 177 190 187 
0.5231 -0.2673 0.2689 -0.7633 108.25 6.25 41.19 4.42 -9.90 10.57 1.9200 -4.3900 2.4900 0.3511 -1.0633 1.8900 0.70 -6.17 7.58 189 391 179 191 186 
0.6531 -0.2667 0.2277 -0.6712 89.87 3.37 41.81 -3.78 -6.43 6.93 -4.7000 0.9500 -1.2900 -0.8178 -0.2911 0.3589 0.60 -7.02 6.81 190 388 176 191 186 
0.6703 -0.3105 0.2358 -0.6313 86.69 4.69 45.00 0.62 -6.35 4.17 0.0800 0.3000 -2.6500 1.8722 -0.8667 0.2867 1.06 -6.03 7.65 182 375 193 208 197 
0.7203 -0.2499 0.1487 -0.6297 80.81 5.12 29.37 0.93 -5.08 7.99 0.4200 -1.2600 -1.4800 3.5844 -0.0689 0.6156 0.74 -2.53 9.44 184 366 319 368 206 
;
