0.9284 -0.0503 -0.0536 -0.3642 42.81 7.81 3.12 1.44 -0.65 9.86 0.1200 -0.0300 -0.0800 0.0011 0.0089 0.0044 1.33 -0.53 9.70 169 309 339 350 213 
0.9285 -0.0497 -0.0532 -0.3641 42.69 8.19 2.81 -1.28 -0.92 11.55 -2.4500 0.5900 1.8800 0.1222 -3.9889 0.2989 3.90 -0.40 8.98 157 252 281 300 214 
0.8774 -0.1343 -0.3108 -0.3398 38.63 57.44 1.06 8.13 -0.11 0.17 -2.6100 0.1600 -2.5700 1.6411 -9.4367 -0.0467 9.51 0.08 -2.37 165 244 235 273 217 
0.4822 -0.1921 -0.8405 -0.1555 37.75 53.56 -170.31 9.79 1.42 -5.54 2.5700 0.0400 0.5400 -0.5511 -2.0744 -0.7889 6.43 1.54 -7.23 178 255 230 294 223 
0.2811 -0.1669 -0.9344 -0.1415 19.56 31.31 -168.81 9.44 1.52 -10.01 4.2600 -0.4700 -2.4500 1.0278 -0.8011 0.4067 4.37 0.77 -8.74 179 266 239 313 223 
0.2266 -0.1815 -0.9556 -0.0500 23.12 27.19 175.31 8.30 -0.83 -11.68 2.5100 -0.5400 -4.1600 3.2300 0.6544 1.9367 4.71 -3.11 -8.01 182 300 282 316 219 
0.3555 -0.2430 -0.8816 0.1932 292.44 32.88 131.37 4.89 -2.59 -3.07 -0.9100 3.9900 1.6000 3.1744 2.4078 0.9122 5.30 -7.81 -2.64 193 376 341 364 213 
0.4956 -0.2247 -0.7313 0.4113 281.62 33.00 99.06 2.98 -4.53 0.53 -1.9000 3.1300 1.7500 0.0022 0.5533 -0.1722 5.49 -8.07 -0.91 193 379 346 367 213 
0.5449 -0.2386 -0.7006 0.3940 291.06 35.81 97.12 7.08 -4.69 -0.13 1.3900 3.1900 0.6800 -2.7744 5.4767 -1.5789 6.77 -7.08 -0.14 170 367 243 228 213 
0.7318 -0.3853 -0.5560 0.0825 0.25 50.81 76.62 9.62 -5.24 0.99 3.0400 -0.1600 -1.4900 -2.5144 9.1756 -2.7167 6.74 -5.13 4.92 186 372 151 168 186 
0.8287 -0.3901 -0.0502 -0.3983 58.13 7.19 44.88 -7.53 -10.18 4.14 -5.3100 -2.4600 -0.4800 1.6467 0.4244 -0.6189 -0.10 -6.51 7.33 189 385 170 177 190 
0.7908 -0.2686 0.2079 -0.5091 65.94 -3.44 37.81 0.79 -7.55 9.76 1.7700 -1.9100 1.2200 0.4922 -0.1656 0.5800 -0.85 -5.74 7.90 191 384 168 181 192 
0.8193 -0.2379 0.1984 -0.4825 58.81 -5.75 36.13 -2.12 -9.53 10.97 -1.9400 -3.2300 3.4700 -1.6700 -0.5278 0.6256 -1.02 -6.66 7.12 188 389 171 185 191 
0.8093 -0.3492 0.2358 -0.4092 54.50 -4.75 53.56 -4.01 -5.89 6.44 -2.7600 2.4600 0.7500 -2.1300 0.4256 -1.2044 -0.21 -8.76 4.38 192 391 178 186 193 
0.6967 -0.4820 0.2893 -0.4457 69.06 3.25 70.75 -0.51 -5.70 2.14 -1.0500 3.8600 -0.8000 -0.7511 1.4322 -1.5133 1.36 -9.32 2.70 192 390 179 188 192 
0.5753 -0.5011 0.3314 -0.5551 91.87 11.00 72.56 2.47 -6.00 2.22 1.1600 3.6300 -0.6100 1.0767 1.9022 -0.7389 2.00 -8.80 3.82 191 392 182 189 192 
0.5313 -0.3892 0.3262 -0.6782 105.00 9.06 56.44 3.98 -6.34 7.31 2.8600 1.3900 2.3200 1.9144 0.6956 0.1589 1.10 -7.10 6.66 191 395 183 189 193 
0.5735 -0.2619 0.2489 -0.7353 102.19 5.25 39.69 3.93 -6.84 8.66 3.1100 -0.6700 1.1500 1.5167 -0.8678 1.3722 0.83 -5.46 8.10 191 395 182 190 194 
0.6792 -0.2283 0.1630 -0.6783 86.19 5.19 31.94 0.21 -6.15 11.00 -0.8800 -0.8200 2.6400 -0.4556 -1.3811 2.0789 0.93 -5.48 8.07 191 395 182 189 194 
0.7733 -0.2832 0.1329 -0.5516 69.19 6.31 36.81 -1.71 -4.77 6.16 -2.4000 1.1900 -1.7800 0.2211 0.5611 0.2500 0.83 -5.82 7.84 184 382 195 207 203 
;
