0.6932 0.1161 -0.3032 -0.6435 85.69 15.56 -34.94 1.09 7.83 10.25 -0.3700 3.9900 3.1100 -0.2922 -2.6044 0.6378 3.73 5.32 7.34 180 299 312 363 234 
0.6743 -0.0414 -0.3637 -0.6414 88.00 38.94 -25.87 0.72 0.29 2.40 -6.2400 -4.2200 -5.7200 0.8100 -10.3656 2.6733 9.65 1.63 0.48 182 243 255 371 231 
0.3724 -0.5044 -0.7438 -0.2315 71.00 38.81 174.62 3.49 -0.81 -8.68 -1.2600 -0.8100 -1.1800 -2.3089 -3.8467 1.3778 3.69 0.07 -9.08 201 274 253 337 235 
0.1122 -0.6327 -0.7579 -0.1131 79.81 16.62 -178.75 6.06 -1.32 -12.40 3.2500 -1.9500 -4.3900 3.0711 -0.8600 1.2300 2.11 -1.90 -9.38 201 336 297 374 234 
0.2724 -0.6266 -0.7253 0.0840 315.25 19.44 137.44 4.55 -7.41 -7.85 0.5300 0.7200 -0.4800 3.8411 1.5078 1.1589 3.43 -8.31 -3.90 201 401 352 419 231 
0.5449 -0.5435 -0.5798 0.2676 308.12 20.31 102.31 0.27 -0.68 0.10 -2.0000 7.0900 1.1200 -0.1578 0.3856 -0.2400 3.65 -8.95 -1.63 201 400 356 426 231 
0.5850 -0.5354 -0.5555 0.2501 315.06 22.94 102.75 3.82 -7.94 -1.69 -0.1100 0.8100 0.5300 -1.7067 2.0089 -1.8600 5.18 -7.95 -2.44 194 360 300 335 231 
0.6212 -0.5621 -0.5461 0.0008 14.13 49.31 104.94 10.07 -7.74 -4.27 0.3400 -3.2600 -3.9200 0.0944 2.9800 -0.3178 8.07 -5.55 0.34 178 374 185 201 161 
0.7107 -0.5165 -0.4630 -0.1172 9.88 48.44 86.25 8.44 -3.30 -1.20 -1.1800 1.2700 -2.3600 2.9800 -3.6744 0.9378 6.77 -7.08 0.25 138 393 190 192 158 
0.7112 -0.3913 -0.5618 0.1595 331.50 41.81 83.12 9.40 -5.89 4.05 2.5000 1.8700 2.6200 2.0622 0.1544 0.2256 6.35 -7.19 1.98 143 378 195 196 161 
0.7553 -0.2996 -0.5278 0.2473 323.56 40.25 70.87 5.76 -6.01 2.94 -0.4200 0.7100 0.3000 -0.9833 -0.5600 0.3978 6.21 -7.37 1.80 140 396 199 200 162 
0.7237 -0.3424 -0.5480 0.2424 322.31 38.75 77.94 6.63 -7.58 0.43 0.4200 0.1200 -1.3900 1.1256 0.5611 -0.4578 6.27 -7.13 2.42 144 370 201 202 168 
0.7593 -0.2958 -0.5235 0.2489 323.62 40.06 69.94 5.64 -5.99 2.51 -0.7700 1.2700 0.2100 -1.1078 0.0444 0.0822 6.24 -7.26 2.08 170 392 210 230 194 
0.7435 -0.3674 -0.5242 0.1936 337.37 40.31 75.37 7.60 -4.66 2.03 0.3400 1.9200 -0.9600 -1.4944 6.5256 -3.8933 6.81 -5.73 4.11 173 359 303 340 220 
;
