0.7224 -0.0682 -0.0524 -0.6862 87.00 9.69 1.50 1.72 -0.34 9.52 0.0500 -0.1000 -0.1100 0.0022 0.0089 -0.0011 1.65 -0.26 9.66 182 340 337 346 214 
0.7224 -0.0677 -0.0521 -0.6862 87.06 9.56 1.44 1.61 -0.40 9.60 0.0100 -0.1400 -0.0100 0.0389 0.1711 0.0289 1.51 -0.21 9.68 183 341 336 346 213 
0.7243 -0.0530 -0.0537 -0.6853 86.12 12.75 -0.44 2.85 2.48 12.76 2.2200 4.2600 3.7900 0.2133 -6.1456 0.6744 6.07 0.15 7.69 162 227 282 336 219 
0.6765 -0.3064 -0.3871 -0.5464 73.94 76.31 -2.12 6.24 0.38 -1.62 -5.7000 0.4800 -2.4800 1.0578 -10.0456 -0.7033 8.24 0.25 -5.30 174 214 213 283 221 
0.2947 -0.5004 -0.7817 -0.2275 64.87 38.06 -174.19 7.37 1.14 -7.28 0.8800 -1.1000 -0.6400 -0.2122 -1.8489 -0.5133 4.51 1.15 -8.63 185 253 224 308 225 
0.1376 -0.5057 -0.8361 -0.1620 62.44 21.19 -173.06 8.67 -2.54 -17.39 5.0700 -2.4000 -8.4800 3.7789 -0.0622 1.2422 3.43 -1.48 -9.06 188 283 266 339 222 
0.3334 -0.5164 -0.7855 0.0725 323.19 29.69 132.75 2.54 -1.54 -3.43 -3.9700 5.8300 1.1000 4.0511 2.9856 1.8911 4.69 -8.48 -1.45 195 375 343 373 219 
0.6342 -0.4496 -0.5583 0.2897 309.44 25.87 89.56 1.80 -3.46 0.94 -2.1600 4.6500 0.9000 0.0778 0.3233 -0.2667 4.39 -8.76 0.35 197 376 339 380 219 
0.6522 -0.4390 -0.5479 0.2859 315.19 28.62 90.00 5.05 -6.77 0.45 -0.1900 1.7800 0.7200 -1.3133 0.8933 -0.8111 5.31 -8.22 -0.48 178 351 244 270 221 
0.6449 -0.4753 -0.5684 0.1877 326.19 32.81 99.75 5.09 -9.36 -3.36 -0.4500 -1.0600 -1.5800 -0.3367 -0.8622 0.4089 4.75 -8.23 -2.39 165 248 141 156 191 
0.5368 -0.5142 -0.6259 0.2363 306.12 23.25 110.31 3.20 -9.33 -4.42 -0.8000 -0.6400 -1.1700 -0.0867 -0.7811 0.3522 3.33 -8.59 -3.32 150 265 162 166 196 
0.4838 -0.4966 -0.6522 0.3066 294.19 18.75 110.75 5.51 -12.31 -5.49 3.2400 -4.3200 -2.7600 1.3511 0.3356 -0.0611 3.26 -8.95 -2.29 147 270 166 171 195 
0.5670 -0.4435 -0.5959 0.3559 297.12 22.00 90.19 4.80 -10.89 -4.59 0.6800 -0.5200 -4.4600 3.6933 2.0533 -0.5989 3.86 -8.51 2.94 148 276 170 174 195 
0.7692 -0.3030 -0.4020 0.3936 308.06 20.62 49.69 1.40 -2.52 2.52 -2.2200 5.4800 -3.5500 3.4367 2.6622 -0.0678 2.18 -5.00 8.14 149 291 169 176 194 
0.8823 -0.1544 -0.1624 0.4138 309.62 8.06 21.50 -2.43 2.40 11.62 -3.3100 4.5800 2.1500 -0.2411 0.3344 -0.6567 1.16 -3.45 9.10 150 289 172 177 195 
0.8981 -0.1522 -0.1382 0.3889 312.94 7.81 23.75 0.55 -3.09 8.86 -0.8800 1.3100 0.4800 -0.9289 -0.7222 0.7200 1.50 -4.53 8.56 157 286 169 177 200 
0.8620 -0.2190 -0.1935 0.4142 307.25 9.69 36.44 -0.39 -2.62 6.19 -2.1500 3.0700 -2.6800 -2.9756 -0.0322 -0.8200 2.15 -7.28 6.19 164 306 235 241 218 
0.8097 -0.4094 -0.2971 0.2975 329.81 14.00 64.75 2.26 -8.69 -1.97 -0.5600 -0.1900 -5.7800 -1.2989 5.1389 -3.4389 2.97 -8.54 3.78 164 299 272 265 215 
;
0.7670 -0.0344 -0.1099 -0.6312 78.87 12.19 -5.00 2.21 0.76 9.45 0.1500 -0.0500 -0.1100 0.0033 0.0056 0.0000 2.07 0.84 9.54 171 356 336 355 216 
0.7670 -0.0344 -0.1099 -0.6312 78.87 12.25 -5.00 2.24 0.74 9.34 0.0700 -0.0400 0.0400 -0.0022 0.0022 0.0011 2.08 0.84 9.54 170 356 334 355 218 
0.7670 -0.0347 -0.1101 -0.6312 78.87 12.25 -5.00 2.18 0.78 9.46 0.0800 -0.0500 -0.1000 0.0033 0.0011 0.0033 2.09 0.83 9.54 171 355 336 356 217 
0.7670 -0.0349 -0.1102 -0.6311 78.87 12.19 -5.06 1.02 0.56 10.46 -1.1200 0.1600 2.2700 0.2289 -2.3044 0.6344 3.21 0.94 9.21 171 290 302 333 217 
0.7550 -0.1467 -0.2327 -0.5952 74.81 43.50 -2.44 6.77 -0.32 2.93 -3.3700 -0.9900 -4.3700 0.8211 -9.7244 1.1633 9.76 -0.24 0.90 173 220 224 318 223 
0.4801 -0.4531 -0.6862 -0.3057 68.00 57.25 -178.12 7.04 -0.41 -6.25 -0.1500 -0.7700 -0.5000 -0.5478 -2.6411 -0.6178 6.21 1.01 -7.52 188 260 251 351 226 
0.2165 -0.5040 -0.8110 -0.2032 63.31 31.06 -173.62 11.13 -2.88 -15.32 7.1700 -4.4300 -8.8700 2.7478 -0.3278 0.6778 4.57 -1.22 -8.58 188 274 278 378 225 
0.3585 -0.4982 -0.7885 0.0396 329.37 33.75 134.00 1.98 2.03 -3.34 -3.8300 9.5300 2.2600 4.0444 3.4789 1.1544 5.49 -7.97 -1.57 199 372 344 382 221 
0.6241 -0.4100 -0.6099 0.2652 314.06 32.94 94.19 2.98 -4.51 0.23 -1.8100 2.9000 0.4200 -0.5333 0.2144 -0.2244 5.48 -8.10 -0.67 198 375 341 378 219 
0.6378 -0.4260 -0.6000 0.2272 323.69 35.63 96.31 4.76 -6.84 -1.00 -1.1600 1.0200 -0.0800 -1.0767 0.8511 -0.4533 6.08 -7.60 -1.16 178 321 275 284 219 
0.6328 -0.4760 -0.5952 0.1369 334.62 37.50 104.69 5.88 -9.20 -1.44 1.4500 -2.2100 -2.4600 -0.1911 -2.0667 1.2467 5.04 -7.86 -2.98 173 239 152 164 192 
0.5336 -0.5237 -0.6298 0.2106 313.62 24.62 113.37 2.42 -8.56 -4.19 -0.1000 0.4700 -0.8900 0.2744 -0.8878 0.4467 3.32 -8.41 -3.77 161 241 158 165 183 
0.4779 -0.5284 -0.6430 0.2811 297.81 18.19 113.31 5.87 -12.78 -6.70 2.7500 -4.7800 -4.0700 1.3356 0.6667 -0.1756 3.27 -8.77 -2.89 154 246 159 171 183 
0.5585 -0.4869 -0.5935 0.3143 302.00 21.37 95.75 3.68 -9.82 -3.49 -1.2200 -0.7900 -3.6500 2.9556 1.7311 -0.5344 3.87 -8.81 1.85 158 254 164 172 183 
0.7507 -0.3638 -0.4337 0.3405 313.25 23.00 59.75 2.40 -4.66 0.73 -2.4200 3.3100 -4.1700 3.4689 2.3722 0.3000 2.73 -6.29 7.00 158 265 163 176 183 
0.8759 -0.2178 -0.2094 0.3761 313.44 10.00 29.81 -4.27 0.94 12.96 -4.8700 3.9700 3.2100 -0.3500 0.0722 -0.5656 1.66 -4.68 8.45 157 268 166 176 183 
0.8916 -0.2100 -0.1915 0.3526 316.69 11.81 32.81 1.78 -3.76 7.53 -0.6100 1.6800 -0.0400 -1.1078 -1.0167 0.5278 2.35 -5.88 7.48 165 260 173 187 200 
0.8469 -0.2747 -0.2700 0.3666 313.00 15.75 46.50 1.72 -4.81 4.39 -1.4800 1.9900 -2.0400 -2.2956 -0.0167 -0.5944 3.05 -7.81 5.07 167 284 229 249 218 
0.8041 -0.4153 -0.3428 0.2516 331.06 21.81 66.56 1.23 -6.97 0.18 -3.2100 1.2300 -3.1700 -2.6344 1.8267 -3.2078 5.05 -8.02 2.50 168 298 260 273 218 
0.7789 -0.5006 -0.3724 -0.0626 19.87 46.06 69.69 10.07 -4.07 -1.63 5.2100 1.0000 -1.0900 0.3667 3.8822 -4.3167 7.87 -3.77 4.45 168 309 291 314 212 
;
