0.5253 0.0250 -0.2374 -0.8168 114.50 12.13 -25.06 2.23 4.11 8.57 0.1400 0.0100 -0.0900 0.0278 -0.0489 0.0178 2.12 4.08 8.65 180 352 340 397 228 
0.5237 0.0205 -0.2430 -0.8163 114.62 12.75 -25.50 1.08 4.49 9.64 -0.6000 1.3600 2.2900 1.3667 -2.9222 0.8600 3.60 4.51 7.92 182 343 315 403 234 
0.5250 -0.1431 -0.3392 -0.7673 110.69 45.44 -23.37 5.93 0.25 0.73 -5.6500 -3.1500 -2.8900 0.1589 -9.9633 3.6511 9.80 0.08 0.03 180 289 250 303 227 
0.3406 -0.6976 -0.5417 -0.3224 105.87 35.94 169.69 3.79 -2.23 -11.80 0.5400 -1.7100 -4.4100 -2.3422 -5.5133 0.0522 1.42 0.30 -9.69 190 276 236 319 236 
0.0200 -0.8073 -0.5884 -0.0416 107.75 5.31 178.00 5.80 -3.01 -15.85 4.1600 -2.0500 -5.7700 3.5322 1.1522 0.3078 1.49 -2.70 -9.30 192 316 277 349 231 
0.3160 -0.7748 -0.5445 0.0574 342.75 18.37 137.00 0.12 -1.39 -3.13 -3.6500 6.1500 2.5200 3.6378 1.9133 0.7167 3.80 -8.58 -2.82 202 392 345 411 228 
0.6097 -0.6608 -0.4266 0.0981 342.50 23.25 104.44 1.97 -3.65 -0.28 -1.6800 4.2900 2.0200 -1.1789 0.6456 -0.5811 4.32 -8.39 -2.63 196 354 336 369 228 
0.5929 -0.6912 -0.4077 -0.0676 29.25 42.06 108.50 8.22 -8.26 -3.19 0.9100 -3.3800 -1.3600 -1.7000 5.1133 -1.0722 7.91 -5.79 0.24 201 229 190 236 218 
0.6403 -0.6080 -0.2103 -0.4197 66.75 47.56 65.06 10.90 -9.08 3.30 3.7800 -1.9000 -0.8700 2.2311 6.1478 2.3767 4.30 -6.16 6.29 196 175 180 189 168 
0.8196 -0.2839 0.0992 -0.4877 58.25 -5.06 29.44 -1.36 0.27 2.64 -0.4200 5.0900 -5.4600 2.4478 4.1367 4.0678 -5.14 -2.04 8.09 195 174 175 186 164 
0.8805 0.1041 0.3328 -0.3212 35.94 -43.00 -4.94 -7.71 3.80 5.66 -1.9700 2.7200 -0.8200 0.8267 0.2711 1.5522 -6.83 2.17 6.68 196 181 175 188 164 
0.8875 0.2214 0.3320 -0.2304 29.31 -43.44 -19.19 -7.12 3.30 7.78 -0.6900 0.9800 0.9100 0.0400 -0.1189 0.1656 -6.72 2.43 6.70 195 179 182 192 164 
0.8890 0.2231 0.3289 -0.2277 28.81 -43.38 -19.50 -5.73 1.96 5.72 0.9900 -0.1300 -0.8300 -0.1678 -0.0933 -0.1044 -6.72 2.24 6.77 196 187 185 197 167 
;
0.8976 0.2014 0.3332 -0.2067 25.69 -42.69 -17.81 -7.64 2.33 6.61 -1.0200 0.0200 -0.0200 -0.0267 -0.0278 -0.1533 -6.68 2.13 6.85 197 185 186 194 171 
0.9035 0.1846 0.3429 -0.1791 21.12 -43.50 -16.62 -6.46 2.13 6.27 0.2000 0.0900 -0.4700 -0.0311 0.0333 -0.0111 -6.78 2.01 6.78 201 190 186 196 169 
0.9070 0.1716 0.3538 -0.1504 17.62 -43.88 -16.50 -7.17 2.37 6.52 -0.5200 0.5800 -0.0900 -0.1389 0.0944 0.0356 -6.81 1.96 6.77 193 208 187 210 187 
0.9154 0.1534 0.3477 -0.1327 17.56 -39.81 -12.88 -7.39 3.64 5.67 -1.3500 2.2600 -2.7800 0.3389 -5.5433 -1.6256 -3.56 1.22 9.05 186 299 266 298 217 
0.9609 0.0647 0.0012 -0.2693 34.06 8.69 -6.50 1.89 1.34 5.66 -0.7000 0.4000 -3.7100 -1.5967 -6.4478 -1.5922 5.67 0.62 7.97 184 300 271 302 221 
0.8528 -0.1388 -0.3040 -0.4012 55.69 35.38 1.37 3.84 -2.99 6.04 -1.7500 -2.2100 -1.8500 -0.5811 3.0800 -2.8589 3.34 0.12 9.21 180 321 282 336 219 
0.7817 -0.0255 -0.0980 -0.6154 79.19 5.12 -9.00 -0.61 1.26 12.15 -0.4400 0.3900 3.8500 2.1344 0.6278 -0.0278 -0.04 3.42 9.18 184 348 327 402 222 
0.7540 0.1125 -0.1476 -0.6301 79.37 11.81 -20.25 3.19 5.10 10.39 -0.4500 1.2000 -0.7100 -3.0144 -10.0489 1.8211 8.60 0.95 4.60 181 306 284 345 227 
0.5020 -0.5037 -0.5565 -0.4297 78.12 60.38 171.37 7.29 -1.79 -6.22 4.2400 0.4100 -0.5600 -2.5433 -6.6067 0.2100 3.49 0.35 -9.15 194 295 272 352 231 
0.0641 -0.7114 -0.6880 -0.1282 91.31 14.56 -174.50 6.38 -1.67 -12.57 5.6500 -3.3400 -4.7900 1.2122 -0.3411 0.1867 2.04 0.00 -9.59 195 312 287 377 232 
0.1462 -0.7205 -0.6772 -0.0304 94.50 18.06 159.94 4.34 -1.46 -10.08 0.6000 3.1200 -0.4500 6.2611 2.1533 0.6267 3.98 -6.92 -5.68 202 388 354 415 230 
0.5105 -0.6321 -0.5691 0.1266 330.69 24.75 116.44 1.66 -2.62 -1.24 -2.2100 4.8400 2.3200 0.3556 0.4956 -0.2967 4.40 -8.06 -3.42 198 397 350 414 230 
0.5523 -0.6095 -0.5558 0.1205 337.00 28.62 114.62 5.02 -5.42 -1.81 1.1900 1.7500 1.6100 -2.8644 2.6200 -1.7378 6.42 -6.36 -3.78 196 272 242 278 227 
0.5891 -0.6362 -0.4573 -0.1978 47.75 55.69 97.44 2.75 -8.23 -0.40 -3.4400 -3.8300 -2.2200 -0.2233 1.4633 0.9033 7.71 -5.91 1.29 195 207 204 208 167 
0.6848 -0.5912 -0.2119 -0.3698 54.63 42.88 69.94 10.35 -10.39 2.65 1.8700 -2.8500 -1.0800 2.4422 2.9956 3.0111 4.04 -7.39 5.01 194 189 203 194 157 
0.8709 -0.3823 0.0346 -0.3069 37.25 3.94 39.19 -0.63 -1.30 2.70 0.6100 3.7300 -5.5800 4.2656 4.2167 3.2567 -3.28 -3.04 8.72 199 187 199 194 156 
0.9385 0.0338 0.2863 -0.1899 20.00 -36.69 -2.75 -5.98 5.36 3.46 -3.2900 4.0600 -1.6200 1.8867 1.2278 2.6456 -6.44 3.00 6.75 196 183 199 193 155 
0.9146 0.2130 0.3359 -0.0735 9.75 -40.19 -25.81 -5.96 4.37 7.14 0.0600 0.8900 0.0000 -0.0444 -0.1644 -0.1344 -6.31 3.09 6.84 198 187 202 199 155 
0.9182 0.2004 0.3295 -0.0909 11.50 -39.81 -23.12 -6.50 3.27 5.88 -1.0000 0.8300 -0.6600 -0.5011 -0.4511 -0.3144 -6.10 2.52 7.24 198 203 196 205 168 
0.9421 0.1407 0.2841 -0.1095 16.00 -29.12 -10.25 -5.83 3.79 5.73 -1.8000 2.7100 -3.8300 -1.1400 -7.7767 -2.3978 -0.15 0.25 9.80 185 287 260 284 211 
0.9464 -0.0671 -0.1660 -0.2690 34.94 35.00 5.12 5.50 -0.23 2.63 -1.8400 -0.5000 -3.3700 -3.0800 -7.5922 -1.2411 9.36 -1.19 2.66 182 283 259 293 213 
0.6199 -0.3996 -0.5890 -0.3304 63.75 81.12 150.06 10.78 -1.12 -1.92 -0.3700 -0.7700 -0.3900 -4.0078 -1.4878 -2.1844 9.44 1.16 -2.37 175 287 278 300 212 
;
