0.8184 -0.0613 -0.1185 -0.5590 68.69 15.25 -1.81 2.55 0.17 9.42 -0.0300 -0.1300 -0.0200 -0.0100 -0.0233 -0.0256 2.60 0.30 9.45 180 363 344 367 216 
0.8173 -0.0630 -0.1193 -0.5601 68.81 15.38 -1.81 2.66 0.20 9.50 -0.1100 -0.1500 -0.1300 0.0044 -0.0022 -0.0144 2.60 0.30 9.44 180 364 344 366 217 
0.8170 -0.0631 -0.1194 -0.5607 68.87 15.38 -1.81 2.17 0.07 9.66 -0.8900 -0.2800 0.5400 0.5200 -0.5600 0.2867 3.03 0.46 9.31 181 323 328 364 216 
0.8118 -0.1309 -0.2458 -0.5132 63.25 41.44 -1.69 9.22 1.16 4.34 1.2500 2.1700 -0.1100 -0.0567 -7.0622 2.3589 9.17 -1.05 3.29 166 221 228 287 219 
0.6499 -0.3793 -0.6029 -0.2650 37.94 71.19 143.12 4.73 -0.45 -2.84 -3.6500 1.1700 1.2900 -1.2478 -5.2567 -0.9022 7.18 -1.15 -6.57 176 223 216 286 225 
0.2702 -0.4452 -0.8439 -0.1291 55.31 29.69 -177.94 6.63 -1.12 -11.67 4.4200 -1.9200 -3.1400 -0.7678 -1.6789 -0.1922 3.02 1.25 -9.24 185 252 236 304 228 
0.0944 -0.4636 -0.8739 -0.1117 56.81 15.56 -175.87 8.06 -2.05 -15.01 5.3600 -2.2700 -5.6200 2.9944 0.4578 1.0033 2.83 -1.91 -9.19 190 287 274 368 224 
0.3067 -0.4839 -0.8124 0.1083 311.56 26.44 134.06 1.14 -2.18 -2.93 -3.4800 5.4300 1.2400 3.7178 3.4578 0.6800 4.84 -8.25 -2.15 197 376 352 379 220 
0.6012 -0.4096 -0.6212 0.2914 309.62 31.37 94.75 3.05 -3.08 0.38 -1.5200 4.3300 1.3500 -0.3456 0.6878 -0.4456 5.40 -8.16 -0.49 196 383 343 381 218 
0.6538 -0.4235 -0.5858 0.2237 331.31 37.00 92.12 11.68 -5.56 -1.04 6.1300 2.3000 -2.1300 -4.2722 11.9200 -1.4489 5.88 -7.41 2.55 189 363 345 382 214 
0.7809 -0.5594 -0.1248 -0.2483 38.13 23.06 68.00 0.76 -10.66 3.58 -3.0800 -2.5200 -0.5600 -1.7411 0.5744 0.9056 2.81 -9.10 2.31 190 374 350 391 215 
0.7289 -0.6277 0.0540 -0.2679 41.00 14.31 77.44 2.30 -8.89 -1.37 0.1000 0.8200 -4.1300 1.0722 0.0344 0.1533 2.28 -9.14 2.71 190 370 352 392 215 
0.7953 -0.5459 0.0298 -0.2620 33.63 14.13 56.75 2.13 -0.29 5.34 -0.5800 7.1300 8.2800 4.8100 -0.4833 0.3500 2.50 -5.26 7.88 191 372 355 388 216 
0.9279 -0.2875 -0.0790 -0.2240 27.25 16.62 33.25 3.99 -4.05 12.94 0.6800 1.7900 4.3200 -3.3233 0.4611 0.0833 2.67 -6.74 6.59 190 376 355 386 216 
0.8506 -0.4674 -0.0132 -0.2405 32.88 13.63 59.63 2.18 -7.84 0.08 -0.4400 0.2200 -5.2400 -1.6756 0.9078 -0.1489 2.10 -8.86 3.61 191 376 353 388 215 
0.7882 -0.5496 0.0565 -0.2710 36.88 11.75 61.69 2.32 -4.99 -5.41 0.8100 4.4200 -8.9500 6.7311 -1.3844 0.4544 2.15 -5.80 7.60 191 366 351 381 216 
0.9495 -0.2133 -0.0665 -0.2206 25.81 12.94 21.12 0.55 -1.97 19.00 -1.0800 0.7700 5.8000 -1.9078 -0.5733 -0.3644 2.53 -4.37 8.40 189 373 352 375 217 
0.9211 -0.2903 -0.0601 -0.2523 32.75 14.88 32.25 1.43 -4.29 1.50 -1.0800 1.1400 -5.2900 0.9467 0.9822 -1.8089 2.57 -4.41 8.36 168 369 338 366 217 
0.8923 -0.2281 -0.0532 -0.3860 50.63 15.31 17.12 3.32 -1.80 9.02 1.6300 0.6500 0.8200 2.1622 1.8078 -1.6756 1.83 -0.80 9.59 183 368 342 379 217 
0.8613 -0.0222 -0.0588 -0.5042 61.44 6.94 -4.00 1.21 0.39 11.83 -0.5800 -0.1700 1.9100 0.9622 1.0444 -0.4733 0.79 1.52 9.65 179 374 350 385 216 
0.8441 0.0331 -0.0768 -0.5295 64.37 5.81 -9.00 -0.11 0.42 7.30 -0.1200 -0.3300 0.1300 -0.0589 0.0189 0.0389 0.99 1.46 9.64 179 373 348 392 217 
;
