0.8889 0.0072 0.0573 -0.4543 54.13 -6.19 2.25 -0.96 -0.43 9.72 0.0900 -0.0300 0.0000 -0.0078 0.0056 0.0100 -1.06 -0.38 9.74 179 354 357 395 221 
0.8890 0.0072 0.0573 -0.4543 54.13 -6.19 2.25 -0.85 -0.43 9.72 0.1900 -0.0800 -0.1600 0.0022 0.0000 0.0156 -1.06 -0.38 9.74 177 352 356 395 221 
0.8892 0.0070 0.0572 -0.4540 54.06 -6.19 2.25 -0.96 -0.44 9.77 0.0900 -0.0400 -0.0400 -0.0178 0.0056 0.0089 -1.05 -0.39 9.74 178 351 355 394 221 
0.8890 0.0061 0.0563 -0.4545 54.19 -5.94 2.25 -2.16 -1.40 10.33 -3.1400 -1.1000 1.3700 1.1378 -3.6500 0.6800 1.29 0.21 9.71 179 268 307 393 221 
0.8700 -0.1038 -0.2042 -0.4366 51.44 38.63 3.69 5.01 0.36 2.36 -4.6200 -0.4100 -5.3500 0.3256 -10.0600 1.3622 9.53 -1.43 1.76 171 204 220 278 222 
0.5792 -0.3862 -0.6875 -0.2067 38.81 63.38 160.69 7.80 -1.49 -3.95 0.2900 -0.9000 -0.3000 -1.0900 -4.3544 -0.6733 6.62 -0.56 -7.20 166 225 220 291 228 
0.2650 -0.4489 -0.8431 -0.1323 55.38 30.44 179.87 8.10 -1.92 -10.85 4.0900 -2.0900 -2.9300 0.6722 -1.1267 -0.1111 4.01 -0.23 -8.94 186 243 228 298 228 
0.2134 -0.4550 -0.8633 -0.0472 56.69 25.44 167.06 9.05 -3.43 -15.93 4.8800 2.8500 -6.8500 5.8389 2.9544 2.1689 4.95 -5.70 -6.25 192 369 330 375 220 
0.5735 -0.4208 -0.6522 0.2618 311.06 30.94 96.87 -2.94 -0.88 0.00 -7.3500 7.6500 0.9600 1.6656 0.7356 0.0067 4.87 -8.44 1.05 199 377 336 388 220 
0.6848 -0.3819 -0.5412 0.3039 313.12 30.81 82.25 4.68 -6.53 1.72 -0.2300 1.3300 0.4900 -0.7056 0.1867 -0.0578 5.07 -8.35 0.77 200 378 343 384 219 
0.6777 -0.4119 -0.5493 0.2633 321.62 33.13 86.62 5.39 -6.43 1.76 -0.4100 1.8800 1.3900 -2.6989 2.9833 -1.6500 6.23 -7.56 0.23 190 221 202 225 218 
0.6990 -0.4994 -0.5115 0.0173 8.56 50.50 91.62 7.26 -5.71 -0.94 -0.1900 -1.5700 -1.2900 0.9867 0.6178 -3.6033 9.00 -3.81 0.72 191 153 142 174 211 
0.7210 -0.3420 -0.5665 -0.2056 32.88 77.19 51.94 7.08 0.91 3.97 3.0100 2.9000 3.1700 1.4222 -0.5067 -2.8222 9.74 0.56 0.98 192 159 151 181 209 
0.6849 -0.1458 -0.6736 -0.2365 37.13 82.50 -71.50 11.37 1.76 1.38 0.7000 0.4800 0.8600 0.1756 0.0167 0.3244 9.75 0.96 0.24 191 163 158 184 210 
0.6873 -0.1371 -0.6830 -0.2057 32.88 84.37 -5.19 8.94 1.13 0.82 -0.7200 0.1300 0.4600 0.0489 0.0478 -0.0178 9.75 0.89 0.37 191 166 160 187 209 
0.6940 -0.1345 -0.6773 -0.2039 32.75 84.31 -4.81 10.08 1.52 1.53 0.4600 1.0200 1.4300 -1.0056 0.6589 0.2411 9.73 0.57 0.99 188 178 159 198 214 
0.7284 -0.2030 -0.6032 -0.2537 40.44 72.94 5.87 10.82 0.06 3.04 0.3200 0.1400 -2.0800 -3.2900 7.1067 0.4433 6.98 -1.69 6.67 178 275 267 289 214 
;
