0.8807 -0.0245 -0.0969 -0.4631 55.13 11.19 -2.62 2.09 0.39 9.48 0.3400 0.0000 0.1900 -0.0011 -0.0100 -0.0078 1.92 0.44 9.60 176 360 343 365 204 
0.8820 -0.0258 -0.0981 -0.4603 55.06 11.38 -2.56 2.13 0.33 9.51 0.2200 -0.0700 -0.0500 -0.0122 -0.0033 -0.0089 1.94 0.42 9.60 177 358 340 367 206 
0.8835 -0.0269 -0.0989 -0.4570 54.63 11.50 -2.44 2.13 0.35 9.54 0.1700 -0.0400 -0.0800 0.0011 0.0056 0.0000 1.96 0.41 9.59 174 357 337 367 205 
0.8838 -0.0276 -0.0996 -0.4564 54.63 11.63 -2.44 2.10 0.33 9.60 0.0900 -0.0900 -0.1000 0.0244 0.0089 -0.0078 1.97 0.41 9.59 177 355 336 366 204 
0.8851 -0.0236 -0.0990 -0.4540 53.94 12.13 -3.31 1.37 2.86 12.90 -0.0800 2.1500 2.6300 -0.9856 -3.4311 0.7544 4.42 -0.29 8.74 169 271 304 340 210 
0.8314 -0.2195 -0.3122 -0.4039 49.94 57.69 13.13 8.11 -0.79 -0.05 -3.1000 -0.6300 -2.0900 1.2611 -12.0378 -0.0922 9.36 -1.01 -2.71 169 231 212 236 214 
0.3897 -0.3815 -0.8207 -0.1707 55.00 45.13 -177.06 7.78 -0.14 -8.14 1.7600 -1.0700 -0.8400 -1.1844 -1.2311 -0.5233 5.94 1.28 -7.69 175 233 218 262 223 
0.2389 -0.3837 -0.8705 -0.1946 47.25 33.06 -168.94 6.93 1.42 -8.02 1.6200 -0.1800 -0.1900 0.2189 -0.1300 0.0111 5.04 1.40 -8.28 179 241 229 272 223 
0.2162 -0.3805 -0.8849 -0.1596 46.63 30.00 -173.56 8.99 -0.83 -10.72 4.6900 -1.8900 -2.6400 2.0867 -0.1911 1.1667 4.76 -0.57 -8.55 181 282 264 309 221 
0.3153 -0.4164 -0.8527 0.0109 52.56 32.69 147.37 4.98 -2.25 -7.85 -1.8400 4.3800 -0.4100 4.4156 2.4122 1.8044 5.24 -7.29 -3.92 189 370 348 370 217 
0.5310 -0.4047 -0.6931 0.2719 306.37 31.12 107.37 3.29 -4.40 -1.23 -1.5900 3.4000 1.1200 -0.3311 0.6533 -0.2156 5.30 -7.94 -2.21 189 376 346 363 216 
0.5724 -0.4313 -0.6611 0.2220 326.62 37.25 109.37 8.04 -4.30 -2.44 3.8400 3.1800 -0.5200 -4.9933 6.6933 -1.3922 7.70 -5.77 -1.83 171 244 268 273 216 
0.6713 -0.6199 -0.3037 -0.2702 52.50 37.81 80.69 6.70 -8.06 -1.66 0.3700 -1.5800 -1.1500 -4.8267 4.5489 4.1322 2.51 -9.47 0.05 174 244 263 256 210 
0.5405 -0.7073 0.3135 -0.3306 63.06 4.25 108.62 -0.10 -7.07 -5.94 -0.2100 1.9800 -2.0500 -3.3678 0.8767 1.8300 -0.23 -8.08 -5.54 175 260 283 277 208 
0.3525 -0.7439 0.5249 -0.2164 63.00 -3.19 133.00 -1.08 -4.23 -11.28 -0.1100 3.2800 -5.1600 1.4044 -0.6356 -0.6422 -0.63 -7.76 -5.95 176 263 285 282 211 
0.4461 -0.6976 0.4879 -0.2762 65.50 -1.56 110.00 2.92 -10.42 9.57 5.3900 -0.8800 14.1800 0.6256 -0.6744 -0.3211 0.00 -9.50 -2.40 177 265 293 288 212 
0.4784 -0.6929 0.4509 -0.2959 62.94 -1.50 114.25 -0.38 -7.86 -5.56 0.1200 0.8900 -1.6200 -1.9556 0.0844 0.2411 -0.42 -7.99 -5.65 177 266 295 287 211 
0.3804 -0.7508 0.4960 -0.2133 55.75 -4.06 127.25 -2.11 -5.47 -10.67 -1.9700 2.7500 -3.8000 3.5011 -0.1122 -0.2567 -0.61 -9.08 -3.64 178 261 289 281 210 
0.5559 -0.6596 0.3853 -0.3278 60.81 1.62 95.19 4.35 -8.82 4.53 3.3300 0.8400 4.3600 0.0822 -0.6844 0.1856 0.21 -9.78 -0.62 176 267 292 281 212 
0.6219 -0.6496 0.3089 -0.3095 50.25 1.87 89.19 0.53 -7.23 -2.78 0.4400 3.0300 -2.8400 3.7478 -1.8522 -1.0444 1.26 -9.36 2.61 174 278 309 292 214 
;
