0.7719 -0.0392 -0.1048 -0.6259 78.06 12.19 -4.12 2.15 0.63 9.56 0.0500 -0.0700 0.0300 0.0144 0.0156 0.0111 2.06 0.71 9.55 175 366 355 366 216 
0.7720 -0.0378 -0.1055 -0.6256 78.00 12.13 -4.31 2.16 0.58 10.45 0.4100 -0.1200 -0.0500 0.0056 0.0367 0.0056 2.03 0.72 9.56 175 364 357 370 217 
0.7736 -0.0345 -0.0999 -0.6248 77.62 10.56 -4.06 1.44 0.47 9.83 -0.4000 -0.1600 0.1600 0.0467 0.3311 0.6189 1.89 0.63 9.60 172 303 320 352 215 
0.7932 -0.0887 -0.1596 -0.5809 72.50 28.81 -0.69 8.58 0.89 3.27 3.1500 2.5600 4.2500 -0.1222 -6.8344 1.0856 8.28 -0.34 5.23 163 199 225 272 218 
0.6409 -0.3692 -0.5534 -0.3831 56.13 79.44 160.56 10.51 0.05 -2.77 0.6500 0.5200 1.2100 0.2467 -4.2800 -0.3667 7.59 -0.61 -6.17 169 203 197 265 221 
0.3181 -0.4462 -0.8240 -0.1445 56.06 36.44 177.56 5.59 -0.96 -7.53 0.1800 -0.3900 0.7100 -0.2444 -1.8022 -0.2956 4.73 0.00 -8.58 179 243 199 290 224 
0.1917 -0.4456 -0.8682 -0.1044 54.06 23.25 -179.25 5.58 -0.61 -10.43 2.4100 -0.9300 -2.1600 0.5511 -0.5433 0.1178 3.30 -0.21 -9.23 184 258 219 303 226 
0.1738 -0.4499 -0.8751 -0.0405 55.50 20.81 170.94 8.71 -3.66 -15.17 4.5600 0.2100 -5.3800 4.3244 3.8633 2.0200 4.78 -4.47 -7.29 189 320 297 343 219 
0.4730 -0.4710 -0.7255 0.1678 314.56 31.44 112.31 1.65 -2.98 -0.71 -4.3600 5.2500 0.9600 2.2789 2.2111 0.8367 4.80 -8.54 -0.06 196 371 354 379 217 
0.6677 -0.4329 -0.5438 0.2664 317.12 30.25 87.56 3.56 -5.34 0.84 -1.5600 2.7700 0.3800 -0.7867 0.0433 -0.3067 5.15 -8.33 -0.03 197 377 354 380 217 
0.6652 -0.4505 -0.5574 0.2092 330.81 35.81 92.19 5.72 -6.04 -0.58 -0.0500 1.6500 0.0100 -1.3978 3.0089 -3.0500 7.22 -6.62 0.18 172 324 205 207 217 
0.7432 -0.4338 -0.5020 -0.0867 19.50 58.25 69.37 8.18 -5.27 2.22 0.5500 -0.8100 -0.1900 0.8267 3.6044 -2.6367 8.36 -2.96 4.17 162 277 147 167 195 
0.8364 -0.2500 -0.4027 -0.2753 37.75 51.94 13.31 8.28 -0.41 6.07 1.2200 0.8800 0.4900 1.6022 0.9456 -0.7433 7.20 -0.05 6.65 145 300 151 169 196 
0.8660 -0.1046 -0.3813 -0.3060 39.00 46.31 -6.37 8.06 1.77 5.84 1.4100 0.8700 -1.3200 1.0400 -0.0433 -0.1911 7.12 1.36 6.59 141 314 154 172 195 
0.8618 -0.0339 -0.4214 -0.2804 33.75 49.31 -17.19 12.67 3.51 11.39 4.9400 1.7700 6.1200 0.8522 -0.9789 2.0978 8.19 1.11 5.26 139 322 159 172 194 
0.8560 -0.0613 -0.4977 -0.1252 12.50 61.56 6.62 4.82 -1.06 5.66 -4.1300 -0.0500 0.6200 -0.6589 -0.1944 1.6133 8.60 -2.10 4.20 139 323 166 173 194 
0.8414 -0.1696 -0.5115 -0.0413 6.94 61.69 30.75 3.43 -0.57 2.06 -5.1000 2.0500 -2.2400 -0.6611 -0.4678 -1.2356 8.97 -1.75 3.54 135 319 168 174 194 
0.8048 -0.1671 -0.5518 -0.1412 23.50 71.87 12.56 9.24 2.30 -0.77 -0.5200 2.4100 -4.0100 0.1644 -1.2389 -1.8289 9.50 0.68 2.30 132 319 167 172 194 
0.7343 -0.0984 -0.6279 -0.2387 37.56 74.87 -49.81 12.90 3.80 0.20 4.6700 1.6200 -0.7200 1.1111 -0.4489 -0.7211 9.36 2.69 1.07 131 319 170 174 195 
0.7018 -0.0118 -0.6747 -0.2285 33.88 72.69 -73.87 13.40 2.85 4.03 3.4000 0.2200 3.0300 0.3622 0.1000 1.5111 9.57 1.95 0.82 133 314 171 175 195 
0.7197 -0.0524 -0.6789 -0.1356 18.31 85.62 -3.12 5.05 0.62 1.21 -4.6400 0.6600 0.7400 -0.6800 0.1789 0.5456 9.79 -0.12 0.44 149 313 162 177 196 
0.7190 -0.1440 -0.6675 -0.1293 24.62 80.94 16.19 11.82 2.46 3.52 2.6900 1.9800 -1.4900 -4.4322 9.9044 -0.9522 6.95 -1.23 6.80 167 315 273 285 211 
0.8917 -0.1537 -0.1243 -0.4073 52.00 10.31 9.88 -0.17 -2.04 9.45 -0.9000 -0.2900 -0.6100 1.9644 0.7467 -1.2578 0.69 -0.32 9.77 7 355 341 362 210 
0.8671 0.0263 -0.0278 -0.4966 59.81 5.12 -7.19 1.73 1.95 9.13 0.0400 0.0000 -2.4600 -0.0811 0.5856 -0.0378 0.59 1.15 9.72 176 368 355 381 213 
;
0.8643 0.0375 -0.0552 -0.4985 59.94 3.12 -6.87 0.71 1.53 9.92 0.1500 0.1900 0.2100 -0.0167 0.0122 -0.0100 0.54 1.17 9.72 177 367 354 378 213 
0.8644 0.0385 -0.0541 -0.4983 59.88 3.06 -7.00 0.67 1.39 9.81 0.0100 0.1900 -0.1200 -0.0144 -0.0222 -0.0044 0.54 1.19 9.71 175 366 355 372 212 
0.8647 0.0340 -0.0595 -0.4976 59.31 6.75 -5.81 3.32 4.60 10.58 1.8500 4.1900 1.3800 -1.8611 -3.7022 0.2022 3.73 -0.20 9.06 166 246 260 324 214 
0.8193 -0.2161 -0.2537 -0.4667 59.81 50.75 13.19 3.37 -2.07 -2.11 -4.1900 -0.7900 -6.8600 1.3067 -12.8300 -0.4600 9.14 -1.19 -3.34 168 216 217 256 216 
0.3704 -0.4732 -0.7789 -0.1791 62.31 41.81 178.12 9.12 -0.97 -8.93 3.5000 -1.0800 -2.4400 -0.5233 -2.4189 -0.4900 4.84 0.56 -8.50 177 255 227 287 225 
0.2020 -0.4929 -0.8320 -0.1550 61.56 29.37 -176.94 9.76 -0.74 -12.02 5.4900 -1.1600 -4.0800 1.3589 0.4322 0.9778 4.87 -0.60 -8.48 188 267 235 297 223 
0.2861 -0.5231 -0.8010 -0.0531 68.31 33.00 155.37 7.25 -1.72 -10.47 -0.9400 4.1200 -1.0300 5.6167 2.6433 2.2500 5.81 -7.13 -3.38 197 378 337 373 219 
0.6344 -0.4720 -0.5862 0.1765 328.75 35.00 94.00 2.54 -2.42 0.55 -2.6300 5.2700 0.8500 0.7156 0.5467 -0.1344 5.74 -7.93 0.44 199 379 359 382 222 
0.6992 -0.4337 -0.5360 0.1893 329.81 35.88 87.06 5.38 -6.88 0.68 -0.3700 0.9000 0.0900 -0.5622 0.2700 -0.3311 5.91 -7.82 0.16 201 381 355 375 221 
0.7069 -0.4438 -0.5346 0.1320 345.06 42.31 85.50 6.01 -5.22 0.57 -1.2500 1.6700 -0.2400 -1.3622 2.0278 -2.3022 7.59 -6.09 1.15 174 304 209 232 221 
0.7599 -0.4248 -0.4757 -0.1255 25.62 57.69 61.81 8.69 -4.04 2.59 0.4200 -0.0700 -1.2400 0.1189 3.1533 -1.8667 8.14 -3.32 4.32 168 244 156 164 198 
0.8178 -0.3136 -0.3662 -0.3142 43.81 50.88 24.31 8.24 -2.71 7.44 -0.8300 -0.1000 1.4400 0.4556 1.1367 -0.6167 6.89 -2.02 6.67 156 282 157 168 201 
0.8427 -0.2413 -0.2994 -0.3768 48.63 42.75 13.13 7.33 -0.26 6.85 1.2000 1.1200 -0.3000 0.6833 0.0822 -0.0944 6.58 -1.25 7.15 146 293 161 171 202 
0.8533 -0.1923 -0.3126 -0.3704 45.38 43.69 6.44 9.19 0.36 8.27 3.0900 0.7800 1.8500 1.0833 -1.6356 0.9600 7.41 -0.72 6.38 138 295 165 174 203 
0.8470 -0.1945 -0.4165 -0.2668 31.37 56.69 15.50 8.98 -2.71 8.14 0.0800 -0.8700 2.9100 -0.2189 -0.7200 2.1289 8.19 -2.98 4.47 143 312 166 178 203 
0.8399 -0.2952 -0.4398 -0.1185 13.88 52.13 44.88 2.87 -3.47 5.06 -5.2700 1.0200 0.6600 -0.7400 -0.6367 0.7989 7.59 -4.92 3.77 145 323 169 179 203 
0.8196 -0.3543 -0.4385 -0.1020 17.06 54.50 53.50 4.78 -0.11 0.28 -2.5000 4.5600 -2.8900 -0.2678 0.3822 -2.6689 8.76 -2.99 3.21 148 325 170 182 203 
0.7767 -0.2769 -0.5092 -0.2467 38.88 70.12 17.94 11.19 2.70 0.39 3.1600 3.0800 -2.2500 1.2744 -0.2111 -2.0400 9.32 0.76 2.93 148 332 165 186 203 
0.7376 -0.1387 -0.5809 -0.3151 46.06 69.87 -35.44 11.63 2.88 3.38 3.3600 0.5100 1.0600 1.5900 -0.0944 -0.2844 9.15 2.56 2.41 144 332 170 183 204 
0.7377 -0.0524 -0.6159 -0.2713 37.81 70.62 -45.13 11.60 2.17 4.85 0.9400 -0.1000 2.4200 -0.1311 -0.1144 1.8933 9.47 1.09 2.26 149 329 174 185 204 
0.7599 -0.1274 -0.6127 -0.1757 24.37 78.06 5.37 5.56 0.56 1.95 -3.8900 1.1300 -0.0600 -0.4233 0.3633 0.0789 9.55 -0.51 2.12 162 319 173 190 208 
0.7630 -0.1677 -0.5982 -0.1785 28.69 74.81 7.12 10.39 0.89 3.26 0.7800 1.0700 -0.0700 -1.9689 4.6344 -0.6144 8.30 -0.38 5.19 170 312 259 289 215 
0.8671 -0.1634 -0.3303 -0.3354 44.56 35.31 4.37 6.24 0.26 9.34 0.1600 0.1700 -0.8200 0.0444 2.7567 -0.3867 3.41 -0.45 9.18 171 336 326 326 152 
0.9045 -0.0745 -0.0948 -0.4092 48.75 10.75 4.00 1.06 -0.51 9.72 -1.1100 0.1400 -0.3800 -0.3989 1.1844 -0.1333 0.87 -1.04 9.71 173 322 326 318 151 
0.9065 -0.0693 0.0026 -0.4164 49.75 3.50 7.87 1.83 -0.73 10.90 0.7100 0.5000 1.1500 -0.0400 -0.0778 -0.0122 0.75 -1.39 9.67 170 318 325 315 155 
;
