0.7925 -0.0708 0.0246 -0.6052 75.19 2.56 9.19 0.18 -1.64 9.71 0.0000 -0.0600 0.2800 -0.2144 -0.1333 -0.0256 0.47 -1.82 9.62 168 326 335 319 209 
0.7853 -0.0937 0.0389 -0.6107 75.81 3.12 11.69 0.68 -2.06 9.70 0.0500 -0.0200 0.1200 0.0267 -0.0267 -0.0156 0.56 -2.04 9.57 170 300 317 324 208 
0.7913 -0.1353 -0.0003 -0.5963 70.00 19.44 11.44 5.10 1.20 11.35 0.0700 2.2800 -2.6800 1.1433 -10.1989 1.4544 8.35 -1.39 4.94 162 230 240 298 213 
0.6807 -0.3549 -0.5718 -0.2892 37.75 75.87 131.56 4.59 -0.84 -3.63 -3.0200 1.2500 0.0000 0.3400 -5.4856 -0.4544 7.74 -1.80 -5.73 171 218 224 307 215 
0.3503 -0.3874 -0.8490 -0.0801 48.81 34.00 174.00 7.66 -0.95 -7.17 1.1100 -0.9600 -0.8800 -2.6711 -2.9744 -0.1333 3.18 0.98 -9.22 177 242 240 331 221 
0.1132 -0.4059 -0.8963 -0.1384 48.19 17.19 -170.44 5.00 0.87 -15.88 1.4100 -0.9900 -7.0800 1.9389 -1.2444 -0.0022 2.40 0.48 -9.49 181 262 256 359 224 
0.1453 -0.3896 -0.9094 0.0077 46.19 17.69 163.62 4.91 -2.81 -11.27 0.5800 3.5300 -1.8600 6.6311 2.9278 0.4778 4.59 -6.40 -5.83 192 367 329 375 219 
0.4860 -0.3366 -0.7475 0.3029 296.00 31.87 106.44 -0.72 -0.70 -0.19 -4.8900 7.0800 1.7500 0.4200 0.8611 -0.3378 5.44 -8.05 -1.24 194 374 330 381 219 
0.5737 -0.3293 -0.6767 0.3233 301.81 34.31 100.31 4.77 -7.56 -1.71 -0.6000 0.0800 -0.2700 -0.7100 -0.0856 -0.0922 5.58 -7.82 -1.95 196 375 335 380 218 
0.5645 -0.3520 -0.6929 0.2780 312.37 37.81 104.25 6.71 -7.49 -1.27 0.3200 -0.5200 0.3800 -1.1056 3.9444 -1.8300 7.26 -6.55 -0.67 180 319 249 280 218 
0.7366 -0.3541 -0.5739 0.0521 357.19 55.06 68.94 10.59 -7.33 0.47 3.7600 -3.2200 -2.7400 2.3156 2.7589 -1.5056 7.67 -3.84 4.73 131 202 148 184 202 
0.9131 -0.1701 -0.3686 -0.0362 4.94 38.13 14.63 5.09 0.30 4.29 -1.4200 1.6700 -4.2000 3.5067 2.8822 -0.7589 4.17 0.59 8.85 109 204 166 183 200 
0.9789 0.0908 -0.1789 -0.0370 4.00 18.37 -15.19 -0.31 4.92 8.05 -2.7700 2.1000 -0.6900 0.8022 0.5511 -0.5744 2.62 3.25 8.87 113 208 172 185 200 
0.9752 0.1658 -0.1331 -0.0623 9.63 13.38 -20.44 1.16 5.75 8.99 -0.9100 2.4400 0.0600 -0.6533 -0.7367 -1.7889 2.29 3.27 8.95 114 209 172 191 202 
0.9579 0.1375 -0.1415 -0.2088 28.62 11.38 -18.62 3.49 5.17 7.39 2.0600 1.7900 -2.4900 -0.6144 -0.3144 -2.6644 1.50 2.85 9.25 117 199 178 191 201 
0.9091 0.0960 -0.1265 -0.3851 47.88 9.88 -16.31 3.49 -1.76 9.01 0.4500 -5.1800 0.6700 0.5089 -0.7922 -0.2844 2.08 3.07 9.07 119 197 179 191 201 
0.8805 0.1074 -0.1716 -0.4286 52.44 12.38 -21.19 1.92 3.36 9.81 -0.3000 -0.1500 0.4300 0.2733 -0.0778 -0.1311 2.12 3.73 8.81 119 196 179 192 200 
0.8700 0.1232 -0.1997 -0.4337 52.50 14.94 -23.37 1.79 2.79 7.29 -1.1900 -1.0600 -1.3500 -0.1722 -0.8022 1.7522 3.67 3.28 8.47 142 214 168 201 204 
0.9017 0.0385 -0.2554 -0.3468 39.13 27.50 -9.69 1.63 -1.50 3.58 -3.2900 -1.8200 -5.3800 -3.0567 -0.8778 1.1556 5.07 -1.33 8.28 160 278 247 277 214 
0.8986 -0.2032 -0.2114 -0.3264 43.88 29.50 16.56 7.29 -3.32 8.46 1.7100 -0.1000 0.7900 -0.1822 5.2011 -3.4456 2.50 -2.07 9.25 167 329 318 330 207 
;
0.7778 -0.0887 -0.1158 -0.6114 76.31 16.69 -0.25 2.92 0.03 9.27 0.0600 -0.0200 -0.1100 0.0322 0.0244 -0.0211 2.80 0.07 9.39 169 347 342 350 215 
0.7772 -0.0858 -0.1162 -0.6125 76.50 16.56 -0.56 2.90 0.09 9.33 0.0500 -0.0300 -0.0800 0.0244 0.0233 -0.0222 2.79 0.12 9.40 171 347 342 350 214 
0.7765 -0.0833 -0.1168 -0.6136 76.62 16.44 -0.88 2.84 0.12 9.33 0.0700 -0.0200 -0.0800 0.0200 0.0078 -0.0111 2.77 0.16 9.40 5 345 342 351 214 
0.7764 -0.0816 -0.1175 -0.6139 76.62 16.31 -1.06 2.83 0.13 9.34 0.0400 -0.0400 -0.0900 0.0289 0.0733 0.0011 2.71 0.19 9.42 172 349 339 349 214 
0.7770 -0.0773 -0.1153 -0.6140 76.56 15.81 -1.31 2.57 0.12 9.51 -0.1700 -0.0900 0.0900 0.2533 -0.1056 0.1211 2.73 0.33 9.41 6 347 341 351 215 
0.7831 -0.0723 -0.1415 -0.6013 74.00 20.44 -4.75 3.86 3.32 10.88 0.4300 1.0200 0.7300 0.3922 -2.9556 1.0300 5.46 0.70 8.11 173 295 294 320 217 
0.7770 -0.2127 -0.3471 -0.4802 57.81 57.69 5.69 6.93 -1.37 2.06 -2.8200 -0.4300 -4.0100 1.8333 -8.0578 2.0233 9.62 -1.85 -0.17 164 217 231 283 219 
0.5260 -0.3972 -0.7393 -0.1380 26.06 50.88 162.25 6.99 0.21 -3.46 -0.7400 1.1600 1.9100 -2.3233 -4.1756 -0.9956 5.18 -0.27 -8.32 178 228 243 315 224 
0.1662 -0.4125 -0.8884 -0.1135 49.00 17.87 -173.81 7.03 -0.40 -17.24 4.8400 -2.5400 -9.3300 1.5322 -0.5611 0.1567 2.10 0.39 -9.57 185 247 248 333 225 
0.1225 -0.4149 -0.9016 0.0024 50.44 12.63 165.94 4.90 -2.03 -15.65 1.3000 2.3000 -4.9200 7.4889 3.1244 0.3200 3.31 -6.60 -6.44 187 341 321 371 223 
0.4322 -0.3748 -0.7469 0.3390 284.62 23.94 107.75 -0.92 0.26 0.99 -4.4700 7.6300 2.6700 0.5811 0.6156 -0.0678 4.10 -8.75 -1.65 193 367 331 379 220 
0.5085 -0.3628 -0.6816 0.3809 286.06 24.31 103.31 3.96 -8.25 -1.99 -0.2100 0.3800 0.2800 -0.9344 -0.0756 -0.1333 4.04 -8.48 -2.81 191 357 321 359 220 
0.5115 -0.3922 -0.7069 0.2914 314.75 36.00 110.81 9.66 -11.70 -3.33 5.0100 -4.8000 -0.8800 0.3000 4.5311 -3.1956 8.12 -5.48 -0.25 171 297 224 260 220 
0.7732 -0.2648 -0.5753 0.0328 357.69 59.75 47.50 9.84 -3.34 2.10 0.5100 -0.4100 -1.3600 3.2578 3.3700 -1.6378 7.39 -1.33 6.29 121 206 160 192 202 
0.9384 -0.0160 -0.3451 -0.0071 0.56 35.81 -3.50 3.38 2.67 4.10 -1.7000 1.6000 -3.5600 1.8567 2.2889 -1.1200 4.13 2.18 8.61 119 213 178 195 199 
0.9714 0.1511 -0.1813 -0.0276 4.44 17.87 -20.62 -0.58 5.09 7.60 -3.2400 1.6000 -1.2600 0.0289 0.4200 -1.4944 2.25 3.68 8.80 122 213 181 198 199 
0.9662 0.1855 -0.1264 -0.1270 18.19 10.56 -24.06 2.29 5.61 8.35 0.8300 1.5300 -0.3400 -0.3711 -0.4411 -1.8133 1.56 3.97 8.82 124 209 183 201 197 
0.9403 0.1755 -0.1260 -0.2630 33.75 7.87 -23.19 3.42 3.30 8.26 1.5700 -0.5700 -0.4700 0.6011 -0.4467 -0.8744 1.26 4.12 8.80 129 214 183 206 199 
0.9176 0.1832 -0.1416 -0.3231 38.63 8.56 -25.87 0.51 1.96 10.18 -1.0500 -2.2900 1.3400 -0.0711 -0.1278 0.1367 1.59 4.19 8.72 133 214 184 208 198 
0.9191 0.1781 -0.1492 -0.3182 38.19 9.25 -25.19 0.29 3.07 8.16 -1.3800 -1.1700 -0.5300 0.2278 -0.4200 0.5678 1.80 4.09 8.72 135 214 188 208 200 
0.9260 0.1609 -0.1624 -0.3003 35.50 12.50 -22.37 1.61 1.78 6.94 -0.4800 -1.5600 -2.0900 -1.5111 -0.3967 0.2656 2.47 2.67 9.10 162 260 206 235 211 
0.9363 0.0549 -0.1663 -0.3045 36.56 16.50 -10.13 2.83 0.54 6.40 0.2400 -1.0200 -3.1600 -0.7711 0.5356 -1.0922 2.43 1.12 9.43 167 314 290 294 212 
0.9144 0.0082 -0.1216 -0.3860 49.69 10.25 -6.87 4.09 2.09 10.36 1.8600 1.4900 1.5400 0.6556 1.7878 -2.0433 0.47 1.72 9.64 177 363 303 351 206 
;
