0.8854 -0.0707 -0.0936 -0.4498 53.81 13.25 2.37 2.24 -0.51 9.35 0.0000 -0.0900 -0.2100 -0.0022 0.0022 0.0056 2.24 -0.40 9.53 181 337 343 359 220 
0.8854 -0.0706 -0.0933 -0.4498 53.81 13.19 2.37 2.14 -0.58 9.37 0.0500 -0.1200 -0.1800 0.0022 -0.0300 0.0078 2.27 -0.41 9.53 181 337 342 360 219 
0.8855 -0.0722 -0.0958 -0.4489 53.69 13.50 2.44 2.31 -0.54 9.30 0.0000 -0.1000 -0.2600 0.0056 0.0067 -0.0044 2.29 -0.40 9.52 182 336 341 359 220 
0.8853 -0.0721 -0.0963 -0.4491 53.81 13.56 2.44 2.38 -0.52 9.32 0.0000 -0.1000 -0.1700 -0.0211 0.0767 0.0167 2.25 -0.42 9.53 182 336 344 358 221 
0.8865 -0.0703 -0.0910 -0.4481 53.44 12.69 2.50 2.12 -0.63 9.42 0.1800 -0.2600 -0.0900 0.1667 0.3833 0.1178 1.88 -0.31 9.61 181 345 344 358 220 
0.8956 -0.0276 -0.0656 -0.4390 51.38 6.37 -3.12 -0.40 0.60 12.11 -0.8700 1.3600 2.8400 1.7156 -0.9422 1.4678 1.47 1.46 9.58 156 342 321 329 218 
0.9257 -0.0168 -0.0804 -0.3692 42.25 7.69 4.69 1.08 -1.62 7.04 -0.8300 -0.3100 -4.8900 -1.3611 -0.1411 1.2200 1.06 -2.33 9.46 158 314 161 163 191 
0.9431 -0.1274 -0.0236 -0.3063 34.81 7.19 10.38 3.42 -0.15 7.07 2.2400 1.1700 -1.5300 2.1411 -0.7167 0.7822 1.60 -0.34 9.66 162 333 166 182 186 
0.9667 -0.0112 -0.1120 -0.2299 23.69 15.63 -2.69 3.22 0.24 16.90 -0.3400 -0.4200 7.7600 -0.9356 -1.3589 1.9578 3.73 -0.35 9.05 155 339 172 183 187 
0.9688 -0.1016 -0.2023 -0.1010 10.13 24.94 15.06 0.34 -2.31 8.34 -3.6900 0.7100 -0.4500 -2.2511 0.1333 0.2633 4.23 -3.91 7.93 164 341 179 184 187 
0.9378 -0.2516 -0.2140 -0.1068 16.31 27.94 27.94 1.34 -0.54 2.62 -2.6100 3.3400 -5.1300 0.6600 -0.0556 -2.7656 5.25 -2.82 7.78 165 343 181 187 188 
0.9117 -0.1718 -0.2546 -0.2726 35.94 34.31 7.00 9.28 2.03 6.50 3.0700 1.7200 -1.4600 1.9667 -0.2056 -1.0189 5.61 0.73 8.00 158 347 179 188 189 
0.8967 -0.0151 -0.3074 -0.3180 38.44 34.38 -15.44 8.72 2.32 10.55 3.2700 -0.1700 4.4100 1.5444 0.1222 0.8478 5.69 2.89 7.44 159 348 181 187 189 
0.9060 0.0485 -0.3503 -0.2325 26.12 39.81 -14.38 3.39 1.44 8.26 -4.1500 0.1200 -0.6000 -1.3333 -1.6822 1.8544 7.18 0.15 6.66 5 343 180 187 188 
0.8984 -0.0857 -0.4024 -0.1539 19.81 48.13 2.81 7.08 1.48 5.88 0.2300 1.9400 -0.3200 -0.4344 0.7367 -0.1011 6.90 -0.42 6.94 169 345 251 272 209 
0.9263 -0.0910 -0.3152 -0.1852 21.50 35.50 3.25 8.02 0.62 11.96 1.8200 1.5200 3.3400 -2.8533 1.3989 1.8322 4.54 -2.46 8.33 166 289 295 309 209 
0.9409 -0.2635 -0.1725 -0.1244 13.69 18.69 37.13 0.97 -4.21 4.77 -1.8200 2.3300 -2.1300 -4.1122 2.9689 1.4989 0.74 -8.03 5.56 171 326 314 348 210 
0.8185 -0.5424 0.1225 -0.1447 23.12 -3.44 74.19 -2.76 -7.98 -0.42 -1.6800 2.0800 -2.2700 -2.5311 0.9056 -1.3511 0.11 -9.78 0.71 170 367 342 379 208 
0.6651 -0.6884 0.1705 -0.2336 40.69 8.13 91.87 5.57 -10.81 -3.30 3.5300 -1.2400 -3.2600 0.6900 -0.5211 -0.3589 1.87 -9.62 0.06 172 359 347 377 211 
0.7094 -0.6572 0.0973 -0.2356 33.81 8.88 76.81 2.34 -6.57 -3.02 0.9600 4.4100 -5.3500 5.5800 -0.2533 0.8422 1.02 -7.80 5.85 173 361 343 379 212 
0.9417 -0.2725 0.0283 -0.1954 22.31 -2.44 16.94 -4.33 8.37 8.54 -2.5600 11.8400 7.7300 6.8811 1.5811 1.5244 -1.65 1.82 9.49 180 373 342 382 210 
0.9778 0.1344 0.0536 -0.1517 17.81 -7.75 -13.94 -1.65 2.85 11.47 0.1200 0.0500 0.2800 -0.9056 -0.2800 -0.3067 -1.07 1.57 9.61 181 373 344 378 212 
0.9818 0.0717 0.0420 -0.1708 19.87 -5.81 -6.62 -1.05 1.71 8.93 -0.1700 0.6700 -0.7000 -0.3489 -0.2622 -0.2211 -0.77 0.83 9.74 178 360 330 339 212 
0.9811 0.0295 0.0139 -0.1906 22.81 -0.56 -1.37 0.09 0.29 8.92 -0.0900 0.2400 -0.8600 -0.7344 -0.6644 -0.5444 0.40 -0.33 9.79 173 338 321 328 212 
;
0.9730 -0.0337 -0.0144 -0.2277 26.69 2.62 3.81 -0.14 -0.39 10.05 -0.4200 0.3900 0.2300 -0.1878 -0.2911 -0.1189 0.63 -0.77 9.75 177 335 322 328 211 
0.9702 -0.0468 -0.0263 -0.2362 27.19 4.31 4.31 0.46 -0.15 9.42 -0.4000 0.4100 -0.4200 0.1200 0.0456 0.0256 0.69 -0.67 9.75 175 334 321 328 212 
0.9711 -0.0335 -0.0191 -0.2355 27.62 2.31 3.19 -0.92 0.10 11.50 -0.4900 0.2100 1.5200 -1.1033 0.4467 -0.6200 0.09 -1.12 9.74 176 331 197 197 203 
0.9590 -0.0821 0.0296 -0.2695 31.06 0.19 10.69 -0.26 -1.01 8.06 0.3100 0.6700 -0.8400 0.3489 -0.0067 0.1478 0.33 -1.63 9.66 176 327 155 160 188 
0.9652 -0.0753 -0.0131 -0.2501 27.69 5.19 6.56 5.79 1.14 10.64 4.5700 2.0200 1.2000 0.8011 -1.1300 1.4133 1.78 -0.61 9.62 160 333 167 174 187 
0.9814 -0.0547 -0.1190 -0.1399 12.88 16.56 6.94 -0.31 -1.49 13.96 -4.2600 0.2400 3.2700 -2.4922 -1.0011 1.6100 3.25 -3.04 8.73 160 339 177 177 188 
0.9600 -0.2241 -0.1613 -0.0469 6.75 18.94 28.81 -1.97 -2.66 3.57 -4.3700 2.4500 -4.6700 -0.2322 -0.0078 -2.0400 3.78 -4.35 7.92 159 341 173 179 188 
0.9373 -0.2401 -0.1818 -0.1758 26.37 27.81 19.31 6.15 1.64 5.01 2.4500 3.9900 -2.4100 1.8500 -0.3033 -2.1244 5.08 -0.96 8.33 150 343 176 180 189 
0.9141 -0.0805 -0.2645 -0.2966 35.94 32.06 -4.75 8.18 1.94 9.23 3.0000 0.5600 1.1300 2.1389 -0.1189 0.2356 5.29 1.92 8.02 154 344 178 183 191 
0.9188 0.0397 -0.3098 -0.2412 26.50 34.56 -15.38 6.91 3.05 13.38 -1.1800 1.1300 4.9800 -0.7278 -0.5678 2.2267 6.20 0.77 7.55 157 345 180 183 190 
0.9259 -0.0494 -0.3572 -0.1122 12.50 42.88 4.50 2.81 -0.49 3.87 -3.4000 0.2900 -3.4300 -0.1244 0.1856 -0.0844 6.57 -0.86 7.22 157 343 181 182 190 
0.9253 -0.0820 -0.3560 -0.1021 12.50 42.75 5.81 7.66 0.85 8.37 0.5600 1.7000 1.4800 -0.3511 0.2444 0.0489 6.58 -0.85 7.22 171 359 217 226 207 
0.9303 -0.0815 -0.3411 -0.1077 13.44 39.13 4.50 9.75 1.46 9.50 3.2800 1.9100 1.5100 -3.7833 3.0089 0.9078 4.69 -2.51 8.23 171 291 301 301 209 
0.9471 -0.2550 -0.1412 -0.1339 16.50 15.75 35.44 1.04 -4.54 5.34 -0.7200 1.7600 -1.8200 -3.5311 1.5189 1.1478 1.42 -7.73 5.86 171 335 339 357 207 
0.8386 -0.5284 0.0390 -0.1268 18.69 2.19 69.56 -3.37 -8.98 0.24 -3.3400 0.4100 -2.5700 -2.4067 0.5767 -0.5256 0.46 -9.67 1.51 168 364 330 364 207 
0.7185 -0.6659 0.0923 -0.1783 30.19 8.63 85.19 2.24 -9.42 -0.78 1.7900 0.1400 -1.7800 0.0811 -0.7278 -1.2856 2.63 -9.41 0.73 168 368 335 370 209 
0.7070 -0.6761 -0.0043 -0.2074 31.12 16.31 83.50 4.35 -10.31 -2.78 1.0100 -0.8300 -4.5400 2.6244 -0.7200 0.7822 2.36 -9.18 2.48 172 364 344 372 211 
0.8363 -0.5283 -0.0430 -0.1403 16.19 12.56 53.50 -1.78 0.12 -3.23 -3.3400 8.5800 -8.4200 10.3044 -0.0900 -1.1678 2.48 -2.28 9.20 178 358 343 379 210 
0.9864 0.0527 -0.1043 -0.1158 13.38 10.44 -15.94 3.99 9.08 19.60 0.9500 4.4200 9.4700 -0.0267 -0.3456 -0.0911 2.01 3.37 8.98 179 367 344 382 212 
0.9740 0.1330 -0.1318 -0.1274 15.38 13.00 -15.25 2.03 1.93 7.63 -0.2600 -0.3100 -1.4900 -0.8389 0.0244 -0.0878 2.15 1.80 9.39 178 366 341 376 214 
0.9799 0.0675 -0.1084 -0.1534 19.56 8.75 -9.44 0.08 1.78 8.47 -1.6000 0.0700 -1.5300 -0.7178 1.4911 -2.2067 0.25 1.18 9.73 178 358 336 362 212 
;
