0.7731 -0.0771 -0.1293 -0.6161 77.06 17.12 -2.37 2.89 0.29 9.32 0.0000 -0.1100 -0.0700 -0.0033 0.0011 0.0067 2.89 0.38 9.36 181 362 342 364 219 
0.7731 -0.0775 -0.1290 -0.6161 77.06 17.12 -2.25 2.97 0.31 9.36 0.0600 -0.1300 0.1300 -0.0800 -0.0056 0.0478 2.93 0.27 9.35 175 342 338 360 219 
0.7799 -0.0997 -0.1279 -0.6045 73.25 21.62 1.50 2.49 -0.63 11.26 -1.0900 -0.3400 2.0700 -0.2633 -2.7322 1.0911 5.25 -0.69 8.25 172 304 184 195 216 
0.8151 -0.1893 -0.2172 -0.5027 61.00 32.19 7.19 5.18 -2.93 4.44 -1.0600 -1.4500 -4.2000 3.2833 -4.9256 1.1522 7.21 -0.40 6.63 171 315 148 169 195 
0.8356 -0.1426 -0.3947 -0.3544 44.44 50.94 -10.63 4.50 1.81 5.40 -2.3900 0.6500 -0.5600 1.8911 -0.5978 -1.0467 7.79 2.59 5.35 166 329 158 172 196 
0.7996 -0.0012 -0.5027 -0.3284 44.63 54.25 -37.44 9.91 4.83 2.90 2.2700 1.2900 -1.1900 1.4233 -0.6800 0.0244 8.18 3.93 3.71 161 334 157 175 194 
0.7710 0.0623 -0.5733 -0.2702 35.38 59.94 -51.19 13.92 6.47 6.07 4.0200 2.5000 3.2600 0.5756 0.3622 2.2122 8.91 2.67 3.07 150 337 159 176 194 
0.8162 0.0138 -0.5640 -0.1251 13.94 66.37 -13.13 5.13 0.96 5.37 -4.3400 0.5200 1.2700 -0.8633 0.3467 1.6200 8.88 -0.65 4.09 163 337 168 178 193 
0.8389 -0.1100 -0.5296 -0.0602 9.38 64.87 18.12 2.37 -0.68 2.51 -6.5700 0.5800 -1.3200 -0.9044 -1.2978 -1.2567 9.25 -0.92 3.12 164 340 168 179 193 
0.7775 -0.1407 -0.5922 -0.1586 27.19 77.19 -6.00 7.54 2.23 -2.35 -1.5000 1.6300 -4.5900 0.1022 -1.1522 -2.4089 9.53 1.87 1.31 147 341 171 179 193 
0.6928 -0.0482 -0.6640 -0.2770 45.25 68.62 -76.19 11.60 5.84 -1.20 2.6200 2.2200 -1.1400 1.5378 0.1278 -1.4944 8.60 4.70 0.27 159 336 169 182 193 
0.6566 0.1080 -0.6950 -0.2725 43.63 58.31 -89.19 15.76 7.91 2.69 6.3800 2.5300 2.5400 0.4556 0.4433 1.8122 8.82 4.28 0.12 161 336 174 182 195 
0.6991 0.0625 -0.6935 -0.1625 21.12 76.62 -79.62 4.66 1.87 1.16 -5.9000 0.0200 0.8400 -0.0122 -0.3711 2.3311 9.79 0.35 0.30 159 335 175 183 194 
0.7118 -0.0607 -0.6978 -0.0520 8.88 88.37 1.06 8.95 1.24 0.36 0.2500 1.6500 0.0400 -0.6567 -0.2144 0.4844 9.79 -0.43 0.17 171 333 173 193 209 
0.7284 -0.1123 -0.6721 -0.0723 11.31 81.87 38.19 11.32 0.19 1.37 1.2000 0.9500 0.0500 -0.9756 1.1089 1.4589 9.44 -1.86 1.85 172 320 275 274 213 
0.7589 -0.2270 -0.6090 -0.0407 3.19 66.56 71.75 9.82 -5.04 1.18 1.5200 -0.6500 0.3000 -0.6356 -1.8322 3.9089 7.60 -6.18 -0.17 166 318 222 237 215 
0.6584 -0.4221 -0.6007 0.1659 324.37 35.75 96.69 3.54 -7.74 -0.41 -0.7900 1.0300 0.8100 -0.2933 -0.9311 2.2622 4.13 -8.79 -1.32 170 248 155 173 188 
0.5511 -0.4842 -0.5928 0.3324 293.06 17.00 101.19 0.84 -5.92 -1.82 -2.0800 2.1500 -1.8800 -0.2644 -0.7156 0.3322 2.32 -9.26 -2.19 161 258 166 171 188 
0.4883 -0.4947 -0.6138 0.3742 284.25 13.00 104.69 4.70 -13.53 -6.36 3.0400 -4.4700 -4.4300 0.9422 0.4922 -0.4500 2.59 -9.29 -1.74 154 256 168 174 188 
0.5679 -0.4490 -0.5759 0.3798 295.44 19.87 88.81 4.44 -10.05 -3.33 0.4900 -0.4300 -3.4000 3.1178 2.6356 -1.2767 3.86 -8.52 2.91 150 262 172 177 190 
0.7771 -0.3159 -0.4024 0.3666 313.06 22.19 51.38 1.14 -2.43 4.51 -2.3300 4.8700 -0.9500 2.6144 3.3767 -1.4478 2.74 -5.28 7.78 156 273 178 183 193 
0.9196 -0.1838 -0.1810 0.2961 325.69 11.19 25.12 -0.99 -0.27 11.83 -1.9200 3.0900 2.6400 -0.2878 0.3433 -0.2367 1.75 -4.05 8.75 155 273 176 185 193 
0.9266 -0.1967 -0.1633 0.2758 326.62 11.56 28.87 1.36 -2.85 8.57 -0.1300 2.5800 0.5200 -2.1544 -0.3700 0.4378 2.11 -5.99 7.46 167 263 170 185 197 
0.8804 -0.3587 -0.2024 0.2350 337.69 9.50 53.81 -1.01 -6.06 -1.09 -2.6900 1.8900 -6.9800 -3.0211 4.7611 -4.0989 2.24 -8.61 4.12 174 299 220 246 215 
0.8175 -0.5276 -0.0342 -0.2284 42.63 19.19 57.06 2.22 -4.41 1.81 -0.3100 1.0100 -3.0800 4.5311 3.5333 -3.4233 3.28 -4.99 7.77 176 318 321 333 212 
0.8112 -0.2184 -0.0372 -0.5412 68.56 17.12 12.69 3.19 0.89 14.05 2.3500 3.8100 6.2400 1.9778 1.4711 -0.6578 2.25 -0.24 9.54 176 366 336 373 213 
;
0.8088 -0.0457 -0.0837 -0.5803 71.56 9.56 1.00 0.87 -0.52 10.28 0.3400 0.5000 -0.6000 -0.0056 0.0789 -0.2233 1.72 -0.11 9.65 171 372 344 374 215 
0.8037 -0.0586 -0.0629 -0.5888 72.31 9.94 1.12 1.75 0.09 9.53 -0.0800 0.2600 -0.0700 -0.0067 0.0133 0.0411 1.67 -0.20 9.65 171 370 346 372 215 
0.8051 -0.0603 -0.0650 -0.5865 72.31 10.13 1.12 1.59 -0.07 9.76 -0.5800 0.0700 0.5500 0.6889 -0.0167 0.1722 1.77 0.18 9.64 177 361 346 372 215 
0.8102 -0.0356 -0.1641 -0.5615 68.19 21.56 -8.06 7.30 1.41 7.55 1.6700 0.5500 0.0000 -0.8867 -0.9033 2.5211 4.31 -0.11 8.80 174 312 172 180 209 
0.8621 -0.1505 -0.2001 -0.4407 50.69 30.75 6.12 0.77 -0.74 6.26 -4.7700 -0.4300 -2.5500 0.6222 0.1556 0.3500 5.58 -0.72 8.02 166 320 158 169 195 
0.8759 -0.1115 -0.2911 -0.3683 44.69 38.31 -5.19 8.47 2.84 5.73 1.8800 1.6600 -1.9500 1.6444 -0.8944 -0.1078 6.66 1.68 6.99 163 332 161 175 196 
0.8605 -0.0176 -0.3979 -0.3177 38.38 44.88 -19.94 12.16 4.84 11.01 4.5000 2.4300 5.4200 0.7211 -0.3289 2.0244 7.39 1.90 6.15 160 333 166 177 193 
0.8809 -0.0342 -0.4408 -0.1689 17.44 52.56 -1.25 4.03 0.11 7.34 -3.9100 0.3400 1.2300 -0.9456 -0.0244 2.0367 7.67 -1.60 5.88 161 337 168 179 192 
0.8892 -0.1629 -0.4236 -0.0584 7.44 50.81 25.25 2.63 -1.47 4.25 -6.2300 1.2900 -1.6400 -1.0978 -0.5667 -1.2278 8.00 -2.62 5.01 160 341 170 180 190 
0.8386 -0.2075 -0.4829 -0.1435 24.19 63.69 20.69 8.40 2.28 -1.54 0.5300 3.1000 -5.8500 0.0822 -0.7322 -2.6522 9.16 0.46 3.46 157 338 173 180 191 
0.7698 -0.1222 -0.5540 -0.2927 43.19 66.25 -28.62 13.03 4.50 2.40 3.6000 1.9600 0.0500 1.4433 0.5667 -0.9822 8.62 3.12 3.47 155 329 174 180 193 
0.7727 0.0162 -0.5667 -0.2855 38.00 59.63 -44.56 14.31 4.93 7.26 4.4800 1.5400 3.8000 0.4411 0.4478 2.1756 8.71 2.52 3.71 155 325 175 181 193 
0.8182 -0.0176 -0.5551 -0.1487 16.94 66.69 -8.75 3.31 1.10 3.77 -6.3300 0.3000 -1.5700 -0.8033 0.0789 1.3533 8.89 -0.76 4.05 158 321 178 183 191 
0.8403 -0.1153 -0.5210 -0.0953 13.63 63.88 12.19 9.34 0.65 3.50 1.6300 1.7000 -0.1600 -0.2544 0.4644 -0.1889 8.72 -0.84 4.40 172 333 180 206 212 
0.8541 -0.1038 -0.4965 -0.1149 14.44 59.19 3.75 11.00 2.91 6.19 2.3700 2.9800 1.7000 0.9567 1.8933 0.4233 7.70 0.03 6.06 174 377 310 319 212 
0.9074 -0.0731 -0.4110 -0.0489 1.50 47.31 17.44 5.96 -2.11 6.65 -1.3500 0.2200 0.0500 -1.8156 -1.0144 4.4378 6.37 -5.07 5.45 174 372 324 331 212 
0.8298 -0.3103 -0.4204 0.1960 327.31 31.56 63.31 2.27 -7.12 2.70 -2.2500 0.5200 -1.1900 -2.1911 -1.5011 2.2533 3.88 -8.82 1.79 169 234 160 160 194 
0.6675 -0.4758 -0.4810 0.3108 308.00 18.81 87.00 3.79 -9.17 -1.42 1.4700 -0.7500 -2.4400 0.8767 -0.4956 0.2211 2.94 -9.31 0.85 152 254 161 169 195 
0.6660 -0.4399 -0.4737 0.3723 302.44 18.00 77.25 7.48 -13.66 -3.67 4.5100 -3.6500 -6.2300 3.6111 2.6300 -1.0822 3.02 -7.87 4.99 144 266 164 170 195 
0.8540 -0.2802 -0.2574 0.3549 316.37 10.25 34.69 -6.76 2.29 7.56 -9.1200 7.5100 0.3100 2.5278 1.1778 -0.0944 0.76 -3.42 9.15 146 273 168 171 196 
0.9284 -0.1555 -0.0879 0.3259 322.62 4.06 21.37 2.11 -1.51 8.27 1.4600 1.8100 -0.9300 -0.6889 -0.0789 -0.2800 1.03 -4.02 8.88 146 270 168 172 196 
0.9208 -0.1921 -0.1321 0.3126 321.87 7.37 27.56 -0.04 -2.91 9.00 -0.4400 2.9600 0.6800 -2.2844 -0.0267 -0.0044 1.41 -5.63 7.90 163 273 169 171 199 
0.8830 -0.3309 -0.1818 0.2790 327.81 8.88 48.94 1.74 -4.07 2.61 -1.8400 3.1300 -4.2300 -3.9889 3.4144 -3.4733 2.49 -8.46 4.28 166 293 213 230 217 
0.8360 -0.5153 -0.1672 -0.0873 23.19 26.19 61.88 5.80 -5.97 1.06 2.6200 0.6100 -1.8400 1.1933 3.7333 -5.0289 5.54 -5.47 5.95 168 315 300 307 214 
0.8110 -0.3199 -0.1367 -0.4703 64.06 29.69 20.37 3.81 0.22 15.48 0.1100 2.1900 8.0300 1.4733 0.9311 -1.8822 4.41 -1.23 8.66 176 347 330 362 214 
;
