0.8717 0.0055 -0.0735 -0.4844 58.13 7.00 -4.69 1.11 0.62 9.73 0.0100 -0.1200 0.0700 0.0344 0.0789 0.0000 1.14 0.81 9.70 179 347 341 359 217 
0.8718 0.0089 -0.0706 -0.4847 58.13 6.50 -4.75 1.34 0.67 9.73 0.3500 -0.0600 -0.1500 -0.0856 0.0233 -0.0467 1.11 0.75 9.71 174 346 342 361 210 
0.8709 0.0062 -0.0671 -0.4868 58.38 6.31 -4.37 1.12 0.63 9.75 0.1000 -0.1300 0.0000 -0.0278 0.0411 0.0267 1.05 0.72 9.72 176 347 340 360 219 
0.8722 0.0037 -0.0651 -0.4849 57.56 7.00 -3.87 -1.12 -0.20 9.79 -1.7400 -0.3000 1.6000 0.2033 -5.0722 2.0189 4.03 0.37 8.92 173 312 243 265 216 
0.8710 -0.1373 -0.2536 -0.3976 46.94 35.75 6.94 4.30 -0.80 7.37 -2.2400 -0.7200 -4.4500 0.2411 -0.1100 0.8022 5.75 -1.54 7.78 172 318 144 182 210 
0.8858 -0.1750 -0.2763 -0.3292 39.69 39.13 7.37 9.37 1.08 5.35 3.4000 1.7600 -2.0500 1.3933 0.2700 0.4756 6.26 -0.25 7.54 166 320 157 183 196 
0.8979 -0.0872 -0.3497 -0.2526 28.31 43.94 -2.81 9.09 0.67 11.50 2.3500 0.3500 5.2500 0.6722 -0.9511 1.7267 7.25 -0.02 6.59 167 322 165 186 194 
0.8954 -0.1132 -0.4115 -0.1269 12.31 50.81 18.75 7.74 -1.77 8.59 -0.0200 0.8900 2.2000 -2.3044 0.5589 2.5233 6.85 -4.29 5.54 167 326 154 186 194 
0.8822 -0.3268 -0.3362 -0.0424 6.25 36.44 47.06 -0.22 -4.95 2.64 -5.5600 1.1300 -2.8300 -0.7511 0.3144 -1.1356 6.10 -5.70 5.12 168 329 165 187 195 
0.8602 -0.3544 -0.3400 -0.1371 22.00 46.19 41.69 7.46 -0.86 2.18 0.2800 3.0800 -2.7300 0.7300 0.1044 -2.5667 7.80 -2.82 5.21 170 329 171 189 196 
0.8307 -0.2503 -0.4170 -0.2708 38.00 57.19 14.56 10.77 0.11 4.21 2.5800 1.0100 -0.8400 1.1089 -0.1500 -1.1400 8.39 -0.13 5.06 170 333 171 188 197 
0.8140 -0.1461 -0.4729 -0.3040 40.63 58.69 -9.00 10.46 0.56 6.08 2.9700 -0.4600 0.8800 1.2256 -0.1611 0.1711 8.42 1.27 4.85 3 329 174 189 196 
0.8232 -0.0811 -0.5035 -0.2495 31.25 60.94 -10.88 9.10 0.12 7.61 0.1300 -0.4800 2.8500 -0.2567 -0.3300 1.6967 8.68 -0.18 4.54 171 330 175 188 196 
0.8364 -0.1422 -0.5048 -0.1597 20.75 63.06 11.44 6.56 -0.02 3.76 -1.7700 1.0500 -0.3100 -0.1367 0.0956 -0.1878 8.72 -0.84 4.39 177 310 174 194 202 
0.8287 -0.1549 -0.5131 -0.1611 22.06 65.19 12.56 10.06 -2.17 3.36 1.8500 -1.1100 0.3200 -0.0133 -0.6989 0.1756 9.13 -1.02 3.41 184 187 200 224 207 
0.7894 -0.1807 -0.5688 -0.1440 20.12 73.81 28.31 7.34 -1.10 2.81 -2.7500 -0.4000 0.1400 -0.5811 -2.0344 0.1333 9.64 -1.49 1.00 184 156 152 200 200 
0.6952 -0.2281 -0.6678 -0.1371 23.62 82.56 116.62 12.24 0.25 -0.93 3.0200 0.7400 -0.8500 -0.5644 -0.5211 -0.3822 9.69 -0.72 -1.26 185 158 154 198 202 
0.6342 -0.2379 -0.7180 -0.1603 28.31 80.50 152.87 10.14 -0.86 -1.01 0.2500 -0.0200 0.5000 -0.0533 0.1544 0.1033 9.67 -0.82 -1.38 183 161 166 201 202 
0.6364 -0.2446 -0.7144 -0.1577 28.12 80.81 147.31 9.65 -0.93 -0.80 -0.0600 0.0700 0.5900 -0.4556 0.3411 0.0944 9.71 -0.86 -1.04 184 174 168 210 202 
;
