0.4677 -0.1645 -0.1265 -0.8592 122.87 23.62 -3.94 3.86 0.58 8.92 -0.0100 -0.0200 -0.0400 0.0000 0.0022 0.0000 3.93 0.62 8.96 173 341 338 403 208 
0.4673 -0.1641 -0.1266 -0.8594 122.87 23.50 -4.00 3.89 0.55 8.78 -0.1100 -0.2100 -0.0600 0.2978 0.2567 0.0533 3.75 0.83 9.02 169 352 323 402 209 
0.4856 -0.1153 -0.1862 -0.8463 118.12 25.94 -23.00 8.82 8.48 9.00 6.1000 8.8700 4.7300 2.8744 1.0444 -0.7267 4.57 5.82 6.42 184 399 356 428 227 
0.4983 -0.0049 -0.4315 -0.7520 107.94 28.50 -43.88 5.08 0.48 2.61 -0.3100 -3.9500 -3.3900 -0.2556 -0.7589 6.3389 6.79 3.23 6.29 182 375 218 242 224 
0.7319 -0.1742 -0.3170 -0.5776 74.06 37.56 -5.25 -0.40 -2.09 2.99 -4.7100 -0.2000 -3.3500 0.4600 0.3844 0.6344 5.35 0.65 8.18 180 349 155 165 169 
0.7827 -0.1158 -0.2866 -0.5403 68.06 37.25 -13.63 12.35 7.27 8.42 4.9300 4.9000 3.0200 2.1433 -1.0256 1.4089 6.44 2.71 6.87 175 342 156 166 174 
0.8157 -0.0585 -0.3915 -0.4218 50.81 45.00 -14.06 5.54 2.91 9.99 -3.1400 1.3200 2.2200 -1.8400 0.4533 2.6100 6.83 -0.51 7.01 176 348 151 168 172 
0.8746 -0.2104 -0.3004 -0.3170 39.25 39.75 18.00 1.50 -1.97 5.23 -4.6400 1.0200 -2.1900 -1.4733 -0.0478 -0.1433 6.20 -3.23 6.86 181 346 154 173 171 
0.8450 -0.3036 -0.2573 -0.3571 49.19 42.69 24.50 5.17 0.00 2.19 -0.5100 2.7400 -4.3900 0.1567 -0.6478 -2.3400 7.47 -1.56 6.15 176 346 160 171 172 
0.7584 -0.2649 -0.3555 -0.4778 66.19 53.94 0.69 10.76 2.33 3.67 2.5500 1.8300 -1.9700 1.2044 -0.5656 -1.1600 8.10 1.18 5.38 175 340 157 173 173 
0.7202 -0.1775 -0.4505 -0.4968 68.81 55.19 -23.19 13.69 2.20 5.80 5.3000 -0.2900 1.3500 1.2767 -0.5367 1.1656 8.31 2.23 4.69 178 337 161 174 176 
0.7473 -0.1652 -0.4938 -0.4130 56.06 61.69 -12.63 11.08 3.62 7.60 3.0200 3.2500 2.9600 -2.3022 1.5422 1.9078 8.07 -1.14 5.44 183 309 198 222 227 
0.8078 -0.3406 -0.2803 -0.3909 49.63 40.00 38.00 6.64 -3.57 6.32 0.6900 2.0300 0.1000 -3.0311 1.8844 3.7411 3.83 -7.46 5.06 184 357 300 372 223 
0.7975 -0.5300 0.0639 -0.2811 38.06 5.81 68.62 -1.82 -5.24 1.25 -3.0000 4.2300 -2.4300 -2.3667 2.2411 0.4344 -0.10 -9.60 1.96 179 396 348 412 225 
0.6913 -0.6030 0.2603 -0.3010 48.06 1.25 82.19 2.05 -14.01 -3.91 1.4800 -4.3200 -5.3300 2.6811 -1.1233 -0.1500 0.46 -9.37 2.85 183 392 358 406 225 
0.7997 -0.4855 0.1456 -0.3219 42.44 7.50 51.38 1.12 1.12 1.06 -1.2100 7.9500 -5.5800 6.2478 -2.1233 -1.0989 2.57 -3.75 8.68 189 392 362 412 225 
0.9205 -0.1191 -0.1036 -0.3573 42.25 18.31 5.25 7.51 3.29 22.30 4.3000 4.8000 13.0800 -3.3933 -0.3522 0.4400 3.48 -2.46 8.82 184 395 355 408 225 
0.8899 -0.2901 -0.0652 -0.3460 42.06 15.94 39.06 3.81 -2.07 4.47 0.3400 4.9700 -2.7500 -5.2600 1.8333 1.5078 1.17 -8.65 4.46 185 392 363 410 225 
0.7307 -0.5798 0.2034 -0.2977 46.94 2.44 82.37 -1.14 -11.63 -4.74 -1.6000 -5.7200 -6.3800 -1.2156 0.4256 -0.5456 0.85 -9.76 -0.10 188 395 353 408 225 
0.6537 -0.6356 0.2419 -0.3317 52.69 6.37 80.50 1.66 -10.14 -4.40 1.3000 0.6700 -8.1700 6.3400 -1.2300 -0.1744 1.51 -8.11 5.29 186 383 357 402 227 
0.8767 -0.3203 0.0073 -0.3589 43.88 14.00 22.50 1.86 7.17 17.00 -1.0600 8.9700 9.0600 2.4967 -0.5278 -0.4822 2.72 -0.78 9.38 185 384 354 403 226 
0.9082 -0.1111 -0.1143 -0.3870 47.00 17.75 10.94 3.73 0.07 8.67 0.2100 2.6000 -0.4600 -4.0611 0.5167 -0.8178 2.99 -4.12 8.37 186 390 358 403 227 
0.8118 -0.3470 -0.0058 -0.4695 67.25 21.50 41.88 0.62 -4.25 1.93 -2.4200 3.0400 -3.4900 -3.1900 -0.0278 -4.3689 5.76 -6.23 4.90 179 368 345 390 223 
;
0.4950 -0.5112 0.0178 -0.7023 122.56 50.31 38.81 7.79 -2.77 0.51 3.7100 0.5400 -3.3700 3.5244 0.4833 -4.6411 7.97 0.67 5.67 182 355 339 421 224 
0.2998 -0.3510 -0.2634 -0.8471 139.19 44.38 -30.75 14.22 26.26 39.71 4.8100 3.6600 14.2700 -0.2267 0.2489 0.6133 6.57 3.65 6.29 172 341 326 393 225 
0.3133 -0.2891 -0.3264 -0.8436 139.06 43.69 -30.50 6.80 3.81 6.18 -0.0100 0.1100 -0.1500 -0.1689 0.0267 -0.0822 6.71 3.57 6.19 171 339 329 389 224 
0.3126 -0.2802 -0.3181 -0.8500 138.94 42.06 -31.06 13.11 8.47 11.78 6.3600 4.8200 5.2100 -1.0656 3.1022 0.5856 5.47 3.89 7.14 180 349 330 372 225 
0.4575 -0.1266 -0.1913 -0.8591 116.75 21.00 -6.81 3.37 -1.71 3.58 0.1000 -2.2800 -6.2500 1.0300 1.6144 5.5444 3.08 -0.11 9.30 181 339 183 196 217 
0.7435 -0.0793 -0.1256 -0.6520 79.12 16.00 -4.75 1.84 0.50 8.27 -1.5800 2.5000 -1.7600 0.7711 -1.2189 0.7111 3.42 1.34 9.09 181 345 163 170 181 
0.7947 -0.0314 -0.2216 -0.5641 68.00 26.37 -14.94 10.40 5.30 14.37 4.0100 2.7100 7.9300 -0.0289 -1.0500 2.5778 5.73 1.45 7.81 176 353 164 177 182 
0.8538 -0.1402 -0.2980 -0.4033 47.75 38.88 7.25 0.80 0.43 7.25 -5.9300 1.4700 -1.2200 -2.3367 0.2233 1.3956 5.89 -2.98 7.24 179 354 173 176 181 
0.8489 -0.2944 -0.2072 -0.3870 52.69 36.06 23.50 1.92 0.25 0.68 -2.9600 3.1300 -7.0900 0.3556 -0.5233 -2.7322 6.57 -1.81 7.04 176 354 171 180 181 
0.7610 -0.2402 -0.3011 -0.5219 71.50 46.25 -2.75 13.66 3.12 3.85 7.0900 2.1500 -2.2600 2.3778 -0.2711 -1.4000 7.24 2.29 6.20 175 354 180 179 183 
0.7209 -0.1029 -0.4381 -0.5270 69.75 48.31 -29.12 13.09 4.31 15.66 2.6700 0.7500 10.0200 -1.1433 -0.7356 2.6100 7.98 1.67 5.44 175 350 175 180 183 
0.7640 -0.1940 -0.4330 -0.4372 60.44 54.88 -8.94 9.19 4.03 5.50 3.7100 3.4000 1.4100 -1.2756 0.4778 0.6611 7.74 0.36 6.00 188 318 195 218 223 
0.7859 -0.2784 -0.3257 -0.4457 57.13 45.88 25.00 11.21 -0.46 8.10 3.5900 4.0200 0.8700 -4.9667 1.6300 4.4222 4.75 -6.90 5.09 165 270 264 334 223 
0.7717 -0.5536 0.0480 -0.3093 42.69 9.31 73.50 -5.42 -3.15 -2.39 -5.5900 5.9400 -5.2300 -1.9922 2.6011 -0.4633 0.85 -9.74 0.62 177 393 338 409 226 
0.6174 -0.6741 0.2363 -0.3294 57.94 11.13 92.44 5.45 -16.78 -6.51 2.8400 -6.6300 -7.0400 2.7444 -0.2922 -0.2367 2.24 -9.46 1.24 179 394 348 411 225 
0.7249 -0.5780 0.1234 -0.3539 49.31 13.81 61.44 1.10 0.08 -2.99 -2.7700 10.0100 -8.4500 8.1889 -0.4433 -0.9311 3.00 -3.58 8.61 182 388 355 401 228 
0.9058 -0.1006 -0.1440 -0.3856 47.06 19.69 -3.00 9.03 7.10 22.01 7.0000 4.6800 12.0600 -2.8689 -1.7522 1.0356 4.34 -0.64 8.76 183 386 352 401 224 
0.8889 -0.2316 -0.1543 -0.3639 43.31 24.44 30.12 4.19 0.96 6.85 -0.1400 7.1600 -0.6500 -6.6611 0.2033 2.3033 2.83 -8.22 4.53 184 387 342 399 225 
0.7249 -0.6309 0.0915 -0.2611 42.38 9.31 88.87 -0.74 -12.01 -7.95 -1.4800 -4.6800 -8.0900 -1.7144 1.9111 -0.5111 1.90 -9.44 -1.84 184 386 346 406 225 
0.5880 -0.7195 0.2025 -0.3093 54.69 11.75 93.69 1.58 -10.23 -4.34 -0.1300 0.3200 -4.7500 4.8556 -0.3011 0.2233 1.83 -9.19 2.85 190 382 346 379 225 
0.8092 -0.4800 0.0646 -0.3326 43.25 14.06 45.69 -0.61 2.46 1.90 -3.7200 8.0200 -5.5900 6.8133 -1.4000 -1.0344 3.27 -2.38 8.93 187 384 349 407 225 
;
