0.7095 -0.1465 -0.1255 -0.6778 87.37 22.12 2.31 3.77 -0.40 9.11 0.0800 -0.0500 -0.0600 -0.0011 0.0022 -0.0022 3.69 -0.37 9.07 170 316 331 355 220 
0.7095 -0.1465 -0.1256 -0.6777 87.37 22.12 2.31 3.81 -0.50 9.02 0.0700 -0.1300 0.0500 0.1100 0.1800 0.0622 3.61 -0.31 9.11 166 310 330 356 219 
0.7178 -0.1448 -0.1466 -0.6650 83.87 25.69 0.44 6.49 0.58 12.38 2.5100 0.5000 2.3700 -0.2133 -0.2833 2.1011 4.49 -0.66 8.69 172 308 198 206 217 
0.8009 -0.1896 -0.1609 -0.5447 63.38 27.44 10.56 3.87 -2.55 6.27 -2.1600 0.2900 -1.2300 1.0722 -0.7378 2.0433 4.96 -1.86 8.24 174 327 163 171 204 
0.8860 -0.1728 -0.1953 -0.3832 45.50 27.12 7.44 1.87 0.20 6.79 -1.9800 1.1600 -1.9500 1.5322 0.0033 -0.1756 4.16 -0.10 8.87 168 332 168 176 199 
0.9073 -0.0554 -0.2050 -0.3628 42.56 24.25 -5.06 6.31 2.31 8.80 1.9300 0.9600 0.0200 1.5622 -0.2722 0.8444 4.20 1.57 8.71 166 335 168 178 201 
0.9238 0.0258 -0.2648 -0.2753 29.62 30.44 -13.19 6.29 2.56 14.13 0.2700 0.7300 6.0600 -0.2633 -0.3867 2.2478 5.62 1.10 7.95 168 338 171 179 200 
0.9432 -0.0386 -0.3054 -0.1254 12.75 35.50 4.62 2.17 -0.02 8.83 -4.3800 0.8000 0.0200 -1.8233 -0.3911 1.0122 5.62 -2.28 7.70 167 340 174 182 199 
0.9336 -0.1896 -0.2893 -0.0935 13.25 37.00 23.81 3.22 -0.54 3.45 -2.7600 2.7300 -3.3800 -0.9900 -0.3444 -1.8778 6.68 -2.86 6.57 164 339 176 183 200 
0.8771 -0.2191 -0.3595 -0.2310 33.06 48.69 14.50 8.58 0.59 2.96 1.8600 1.8700 -2.9500 0.8544 -0.3278 -2.1522 7.65 -0.07 6.13 162 333 176 184 200 
0.8352 -0.1190 -0.4237 -0.3298 43.56 51.81 -11.81 10.87 2.19 4.71 3.4400 0.6100 -1.2000 1.9189 -0.2222 -0.1733 7.75 2.22 5.57 161 329 178 185 201 
0.8283 -0.0089 -0.4906 -0.2705 32.06 57.88 -26.37 9.41 2.99 9.97 -2.0900 0.8700 5.4900 0.6511 -1.5311 2.0544 9.02 1.31 3.60 163 331 178 185 199 
0.8061 -0.0338 -0.5732 -0.1428 21.00 68.75 -19.00 9.73 2.85 4.29 1.8600 1.8200 1.4200 -0.2956 0.4478 -0.4011 8.96 1.38 3.73 157 290 186 214 215 
0.8264 -0.0270 -0.5371 -0.1669 21.37 61.25 -16.19 12.32 -0.19 5.92 4.5600 -0.5400 1.2100 0.4778 1.0978 0.6044 8.16 1.14 5.30 128 194 202 217 218 
0.8790 0.0176 -0.4637 -0.1096 12.63 51.94 -15.38 8.17 1.33 3.15 0.9700 -0.5200 -3.0400 1.6533 1.5100 -0.3067 6.96 2.48 6.43 119 205 192 205 205 
0.9195 0.1444 -0.3578 -0.0750 9.25 36.63 -26.44 2.70 4.05 4.60 -3.4500 0.8100 -1.7800 0.9533 1.0467 -0.6144 5.08 4.25 7.22 124 209 194 203 202 
0.9294 0.2260 -0.2808 -0.0789 10.25 28.25 -32.44 2.53 6.17 7.64 -1.8500 1.5700 0.1900 -0.1822 -0.3778 -0.6767 4.41 4.82 7.31 126 214 197 204 202 
0.9257 0.2254 -0.2714 -0.1368 19.25 25.69 -33.06 4.03 6.60 6.80 -0.1200 1.5700 -0.7700 -1.0122 -0.4478 -1.4811 3.96 4.73 7.61 127 217 198 207 203 
0.9092 0.1837 -0.2632 -0.2651 35.63 21.12 -30.00 4.50 3.96 7.01 1.0200 -0.7300 -1.0900 -0.6722 -0.0233 -1.3589 2.98 4.50 8.18 126 220 200 207 203 
0.8803 0.1664 -0.2357 -0.3766 47.75 16.62 -30.00 2.73 2.56 9.72 -0.1900 -2.1200 1.6600 0.1122 -0.3056 -0.3156 2.92 4.88 7.98 129 223 201 207 203 
0.8580 0.1717 -0.2589 -0.4091 51.44 17.12 -32.06 2.82 4.22 8.25 -0.1900 -0.4300 0.2900 0.2267 0.0067 0.4056 3.00 4.99 7.88 131 223 204 210 203 
0.8633 0.1682 -0.2661 -0.3944 47.56 20.37 -31.19 1.90 4.12 7.78 -1.7900 -0.3800 -0.3100 -2.2211 0.6300 1.3278 3.58 3.34 8.49 155 285 211 226 216 
0.9155 0.0399 -0.1912 -0.3519 42.06 15.38 -6.81 1.61 0.61 5.09 -0.3600 0.1000 -4.2700 -2.9611 1.6322 -0.7544 1.30 -1.05 9.66 163 311 283 282 214 
0.9006 -0.1081 -0.0402 -0.4192 52.81 10.94 9.81 2.27 -0.27 9.34 1.4100 1.2900 0.2300 0.8067 -1.7289 -2.2522 3.14 -0.84 9.25 145 343 320 324 211 
0.8190 -0.1066 -0.1530 -0.5426 69.94 21.50 -2.25 5.16 0.88 11.51 2.8900 0.6500 -0.1400 1.5867 4.5433 -1.7578 2.20 1.48 9.44 167 354 331 355 215 
0.7921 -0.0279 -0.1144 -0.5990 74.56 13.81 -5.25 2.37 1.12 9.83 -0.2300 0.2700 0.0200 -0.1222 -0.3178 0.0011 2.51 0.80 9.44 167 352 341 356 216 
;
