0.9318 0.0679 -0.0676 -0.3500 41.13 4.44 -10.00 0.69 1.62 9.65 -0.0700 -0.0800 0.0500 -0.0022 0.0011 -0.0133 0.76 1.70 9.62 169 364 353 382 215 
0.9318 0.0678 -0.0673 -0.3503 41.19 4.44 -10.00 0.70 1.62 9.62 -0.0600 -0.0700 -0.0400 -0.0033 0.0022 -0.0033 0.76 1.69 9.62 170 365 352 382 215 
0.9318 0.0677 -0.0671 -0.3503 41.19 4.44 -9.94 0.63 1.61 9.66 -0.0700 -0.0700 0.0000 0.0011 -0.0033 0.0067 0.75 1.69 9.62 169 364 350 381 215 
0.9320 0.0679 -0.0660 -0.3499 41.13 4.37 -9.94 0.79 1.63 9.75 -0.1700 -0.0200 0.0400 0.0967 0.0078 -0.0044 0.74 1.72 9.62 167 356 347 378 215 
0.9320 0.0643 -0.0653 -0.3507 41.44 3.94 -8.69 0.06 4.52 11.52 -0.7300 3.0600 1.6900 -1.7789 0.4622 -0.5611 0.20 0.23 9.80 165 320 217 221 212 
0.9203 -0.0335 0.0245 -0.3890 46.75 -1.12 6.81 -0.06 -1.43 8.15 -0.0800 -1.2400 -1.9200 -0.6678 -0.8233 -0.3633 0.13 -1.73 9.65 1 318 164 167 210 
0.9028 -0.0897 0.0104 -0.4205 51.31 2.75 9.06 0.85 -2.74 7.79 1.3700 -0.4100 -0.8900 0.9611 0.2167 -0.3278 0.42 -0.76 9.76 156 342 169 181 208 
0.8947 -0.0298 -0.0110 -0.4456 51.81 2.81 1.69 3.10 -0.78 10.97 2.6400 -0.4400 1.2200 0.5789 -0.8689 1.3000 1.05 0.02 9.74 150 345 172 182 207 
0.9333 -0.0308 -0.0734 -0.3502 38.31 10.25 1.94 -1.48 -0.25 14.83 -3.1900 0.4500 4.4300 -2.1267 -0.1478 1.0544 1.85 -1.86 9.44 152 349 181 184 204 
0.9440 -0.1717 -0.0296 -0.2801 33.44 7.00 21.81 -3.09 -2.47 5.02 -4.0900 1.6200 -4.1000 -1.2100 1.0356 -1.0422 0.62 -4.54 8.66 153 353 183 183 203 
0.9003 -0.2413 0.0490 -0.3590 46.75 6.06 27.50 0.65 -1.25 4.42 -0.0100 3.2600 -4.1000 1.0378 -0.3333 -2.2389 1.83 -3.71 8.88 150 353 183 185 200 
0.8475 -0.1942 -0.0267 -0.4933 62.38 15.38 15.13 5.10 -0.97 8.96 3.5600 1.0500 0.3300 1.4222 -0.8200 -0.7900 3.15 -1.24 9.20 146 352 184 185 200 
0.8286 -0.1209 -0.1306 -0.5308 64.56 20.81 1.87 5.76 -0.42 10.82 2.1200 -0.4100 1.8600 1.1244 0.0089 0.7378 3.58 0.30 9.12 150 348 182 186 201 
0.8594 -0.0663 -0.1739 -0.4763 56.13 20.62 -3.06 2.30 0.08 12.27 -1.1200 -0.2200 2.6300 -0.6056 -0.0444 0.9389 3.43 -0.01 9.18 156 350 183 188 201 
0.8882 -0.1026 -0.1539 -0.4207 49.94 21.06 5.12 1.45 -0.84 7.18 -2.0700 0.2700 -1.9700 -0.2667 0.3222 0.0422 3.32 -1.14 9.15 155 353 183 190 203 
0.8896 -0.1241 -0.1340 -0.4185 50.88 20.19 5.87 3.90 -0.71 9.43 0.4800 0.1300 0.6100 0.1756 -0.1489 -0.1600 3.45 -0.78 9.14 155 352 184 189 203 
0.8846 -0.1140 -0.1458 -0.4280 51.63 20.81 4.69 3.48 -0.86 9.59 -0.1400 -0.1300 0.3500 -0.0789 0.0222 0.0144 3.44 -0.81 9.14 156 350 186 193 203 
0.8858 -0.1165 -0.1343 -0.4286 51.63 19.56 5.75 3.04 -1.03 8.96 -0.2500 -0.1000 -0.3800 -0.0467 0.1011 -0.0333 3.25 -0.95 9.20 155 350 186 193 203 
0.8849 -0.1163 -0.1313 -0.4315 52.06 19.50 5.25 3.49 -0.74 8.25 0.3900 0.0900 -0.9300 0.4067 0.2011 -0.0389 3.22 -0.58 9.24 156 351 184 191 203 
0.8898 -0.0903 -0.1458 -0.4229 49.13 20.81 1.69 6.11 -0.14 14.88 2.2700 0.1200 6.3800 -0.1056 -1.0756 1.6989 4.11 -0.76 8.87 155 350 189 194 203 
0.9194 -0.1566 -0.1704 -0.3182 36.38 22.75 16.25 0.89 -2.19 9.70 -2.9100 0.9700 0.1000 -2.5500 0.7578 0.8544 3.08 -4.47 8.16 154 355 190 195 203 
0.8993 -0.3179 -0.0642 -0.2934 38.31 17.56 35.94 -1.22 -2.50 2.31 -3.9900 3.4300 -5.6900 -0.1644 -0.0444 -2.1222 3.59 -5.27 7.44 155 351 186 193 202 
0.8415 -0.3194 -0.0895 -0.4265 57.13 27.00 26.81 6.60 -0.39 4.88 2.4200 3.0400 -2.1900 2.0322 -0.4156 -1.9778 5.31 -1.79 8.04 153 353 189 194 203 
0.7973 -0.1945 -0.2415 -0.5178 66.37 36.38 -0.13 9.59 0.76 10.00 4.2200 0.5300 2.4300 1.5111 -0.0522 -0.1411 5.90 1.04 7.75 152 345 189 196 202 
0.8217 -0.1007 -0.3156 -0.4637 56.81 38.75 -9.69 7.69 0.21 9.86 0.9500 -0.9300 2.7300 0.6922 -0.2022 1.2467 6.36 1.16 7.37 153 345 189 196 202 
0.8560 -0.1002 -0.3391 -0.3772 45.63 41.50 -3.87 5.32 0.40 8.78 -1.5500 0.3300 0.5700 -0.7444 -0.4089 0.9956 6.74 -0.43 7.10 152 345 185 195 203 
;
0.9914 -0.0037 -0.0983 -0.0861 9.88 11.25 -0.56 1.95 -0.02 9.39 -0.0100 -0.1100 -0.3500 -0.0033 -0.0156 -0.0011 1.91 0.09 9.61 175 349 353 367 212 
0.9915 -0.0037 -0.0982 -0.0861 9.88 11.19 -0.50 1.98 0.00 9.34 0.0000 -0.1000 -0.2500 0.0078 -0.0067 -0.0011 1.91 0.09 9.61 174 350 354 367 212 
0.9914 -0.0038 -0.0984 -0.0861 9.88 11.25 -0.50 1.95 -0.01 9.33 -0.0200 -0.0800 -0.2500 0.0011 0.0100 0.0078 1.91 0.09 9.61 177 351 353 367 213 
0.9915 -0.0038 -0.0981 -0.0858 9.88 11.19 -0.50 1.84 -0.08 9.38 0.0300 -0.1500 -0.2000 -0.0033 0.1311 0.1133 1.83 0.07 9.63 177 343 350 365 212 
0.9926 -0.0063 -0.0962 -0.0742 6.44 14.56 0.88 4.50 0.89 10.95 1.5900 1.4400 1.4700 -0.6044 -3.7667 2.2078 4.81 -1.02 8.48 175 288 202 224 212 
0.9523 -0.0831 -0.2883 0.0549 350.00 33.31 16.19 3.34 -2.97 4.09 -2.1500 -0.6700 -3.4100 1.4244 -1.2344 0.9511 5.77 -2.42 7.54 172 282 149 163 196 
0.9170 -0.0432 -0.3574 0.1719 337.50 41.19 11.44 5.64 0.86 5.43 -0.8400 1.9000 -1.9900 2.2400 -0.5056 -0.2522 6.66 -0.06 7.19 160 297 161 169 182 
0.8924 0.1219 -0.3730 0.2228 329.50 47.81 -4.81 11.66 0.99 13.06 2.9000 0.1700 6.3500 -0.3344 -0.5244 1.9600 7.57 -0.38 6.21 150 306 161 173 180 
0.8384 0.0748 -0.4273 0.3301 314.06 48.88 21.06 5.04 -2.59 6.16 -2.9800 0.2900 -0.2600 -1.2278 -0.2167 1.8422 6.96 -4.01 5.62 149 312 159 175 177 
0.7870 -0.0571 -0.4736 0.3912 308.25 45.38 41.69 2.26 -1.82 2.60 -4.7200 2.7500 -2.4300 -0.5956 -0.4133 -1.9367 7.82 -3.73 4.58 147 314 163 177 177 
0.8029 -0.0015 -0.5352 0.2628 327.75 62.63 27.69 10.68 1.48 0.11 2.3400 2.9900 -3.6100 0.6467 -0.3133 -2.2200 9.06 -0.36 3.71 140 317 165 176 177 
0.8093 0.1373 -0.5500 0.1537 339.12 69.56 -16.44 11.15 1.18 2.70 0.9500 -0.9900 -0.7400 1.3067 -0.7933 -0.8500 9.21 1.91 2.75 139 316 168 176 178 
0.7794 0.2579 -0.5494 0.1553 334.87 69.37 -42.00 14.06 2.67 6.05 3.5000 0.6100 3.7800 0.8256 0.5411 1.5611 9.28 1.59 2.72 138 318 169 178 178 
0.7596 0.2471 -0.5383 0.2686 319.56 71.87 -8.44 4.89 0.60 2.21 -4.2600 0.4000 -1.1200 -0.4233 0.2878 0.0756 9.25 0.10 3.24 140 319 169 179 179 
0.7664 0.2081 -0.5411 0.2769 320.44 71.25 -4.44 9.82 0.82 2.99 0.2000 0.4000 -0.1800 -0.0433 -0.0311 -0.1778 9.31 0.37 3.05 143 315 168 181 179 
0.7628 0.2199 -0.5460 0.2676 321.12 71.87 -8.00 13.59 0.47 3.29 6.1500 -0.1200 1.7900 0.2444 -0.0133 1.1178 9.34 -0.26 2.96 141 312 171 181 181 
0.7298 0.1738 -0.5629 0.3469 306.50 68.50 30.87 6.20 -2.34 3.89 -4.0500 0.3700 1.0000 -0.4378 -0.0489 2.1044 8.56 -3.63 3.09 141 317 171 181 181 
0.7068 0.0523 -0.5768 0.4061 303.12 60.50 49.69 2.10 -0.10 0.58 -6.4300 3.3900 -2.7600 -0.9400 -1.0333 -2.3711 9.16 -2.58 2.33 143 314 171 181 180 
0.7365 0.1027 -0.6214 0.2467 327.06 78.19 23.69 10.88 2.33 -2.69 1.9600 2.4500 -3.6000 1.0489 -0.4300 -2.3011 9.62 1.06 1.52 138 313 173 182 180 
0.7333 0.2626 -0.6091 0.1495 337.87 74.00 -65.81 11.83 2.66 0.88 3.7500 -0.2500 0.1400 1.2644 -0.0989 -0.7733 9.20 3.25 0.93 21 313 174 181 178 
0.7159 0.3596 -0.5769 0.1590 332.06 71.25 -77.31 12.55 3.06 3.61 2.2100 0.2800 2.6500 0.2156 0.4322 1.7044 9.55 2.00 0.90 142 316 175 183 179 
0.6948 0.3087 -0.5937 0.2637 315.81 82.37 -31.06 6.55 1.06 0.72 -3.3600 0.7100 -0.4500 -0.2667 0.6778 0.6511 9.68 0.00 1.51 142 316 178 183 179 
0.6971 0.2574 -0.5948 0.3067 312.75 80.62 2.06 9.31 0.69 1.18 -0.1100 0.7800 -0.1000 -0.2011 -0.0633 -0.0267 9.67 -0.07 1.57 138 317 167 184 188 
0.7309 0.2145 -0.5781 0.2927 320.00 68.00 7.62 7.59 0.52 3.65 -1.4800 0.1900 -1.7800 -3.0044 6.7178 -0.7189 6.18 -1.29 7.49 169 292 266 286 208 
0.9625 -0.0270 -0.2050 0.1756 343.44 15.13 5.31 -0.22 -1.96 8.14 -2.1600 -1.5000 -0.7900 1.1922 0.8567 -1.5589 1.16 0.34 9.73 172 357 328 362 205 
;
