0.8291 -0.0333 -0.1346 -0.5416 66.19 15.06 -5.44 2.88 0.89 9.27 0.3100 0.0000 -0.1100 -0.0011 -0.0044 0.0122 2.59 0.90 9.41 180 367 345 355 215 
0.8294 -0.0347 -0.1375 -0.5403 66.12 15.44 -5.37 2.88 0.89 9.39 0.1700 -0.0700 -0.0400 0.0256 -0.0156 -0.0078 2.63 0.90 9.40 179 365 346 353 214 
0.8293 -0.0352 -0.1389 -0.5402 66.06 15.50 -5.44 2.80 0.85 9.36 0.1500 -0.0600 -0.0400 0.0633 0.0789 0.0178 2.58 0.92 9.41 180 367 346 357 214 
0.8317 -0.0295 -0.1355 -0.5377 65.56 14.44 -5.75 2.31 0.73 9.31 -0.4200 -0.3000 0.3100 0.8100 0.1278 0.2300 2.37 1.37 9.41 180 370 342 366 213 
0.8389 0.0229 -0.1938 -0.5082 60.69 19.44 -14.81 5.49 2.27 8.03 -0.3700 -0.1400 1.1600 -2.2433 0.2156 1.0967 3.06 0.77 9.28 175 292 153 170 213 
0.8849 -0.0806 -0.1552 -0.4318 49.25 22.50 2.31 2.61 -1.24 6.98 -1.9300 0.9000 -3.2900 0.7589 -0.4689 0.5500 4.12 -0.23 8.89 145 323 157 172 205 
0.9009 -0.0693 -0.2083 -0.3744 44.81 26.19 -4.19 7.51 2.71 6.79 3.3200 1.9300 -1.6400 1.2711 -0.1144 0.2533 4.58 1.44 8.54 135 334 167 178 202 
0.9037 0.0020 -0.2748 -0.3284 37.69 30.87 -13.88 8.76 3.99 12.02 3.2900 1.8000 4.7600 0.7222 -0.6956 1.8944 5.59 1.90 7.82 131 337 171 177 203 
0.9286 -0.0065 -0.3206 -0.1865 18.62 36.19 -2.06 3.20 0.57 9.49 -3.4000 0.6900 1.0700 -1.8000 0.6244 2.5589 5.20 -1.90 8.09 133 341 176 180 201 
0.9524 -0.1747 -0.2436 -0.0559 6.19 27.56 23.44 -0.85 -3.31 5.06 -5.7900 0.4300 -3.3800 -0.9889 0.0589 -0.9111 4.60 -4.00 7.67 138 345 175 182 201 
0.9315 -0.2383 -0.2388 -0.1362 20.75 32.69 23.56 3.40 0.10 3.27 -1.3300 2.9500 -4.7200 0.7833 -0.2678 -2.9078 5.94 -1.70 7.60 135 346 178 182 202 
0.8984 -0.1179 -0.2919 -0.3061 39.56 35.63 -3.44 10.51 3.72 7.14 4.8500 2.6200 -0.4600 2.4678 0.8189 -0.7022 5.17 2.38 7.98 130 341 180 183 201 
0.8941 0.0707 -0.3220 -0.3032 34.69 33.13 -23.81 8.98 4.40 13.59 3.1900 1.1600 6.0200 -0.1278 -0.6267 2.6689 6.25 2.29 7.19 136 339 183 184 202 
0.9095 -0.0031 -0.3924 -0.1370 14.50 47.31 -2.75 1.39 -0.44 3.93 -5.7800 -0.3800 -2.7500 -0.6633 -0.2144 0.1044 7.39 -0.44 6.42 140 331 171 185 202 
0.8895 -0.0955 -0.4322 -0.1133 14.44 55.06 10.19 6.58 0.18 4.11 -1.1700 1.5100 -0.2000 -1.0756 -3.7156 1.3056 9.01 -2.02 3.27 160 226 247 295 218 
0.7466 -0.2314 -0.6229 -0.0327 0.94 68.19 92.75 8.60 -4.74 -1.50 -0.6200 0.2100 -1.2300 -1.3589 -7.0367 2.3022 6.78 -4.90 -5.11 165 202 241 312 220 
0.3809 -0.3846 -0.8350 0.0986 49.19 30.44 152.62 4.28 -3.90 -7.58 0.8500 -0.0900 -0.1600 -3.7578 -2.0111 -0.1400 3.49 -1.69 -9.00 173 240 242 307 223 
0.1656 -0.4193 -0.8922 -0.0295 50.38 17.69 176.00 4.00 -2.02 -10.89 1.3600 -1.1900 -1.3400 0.0322 -0.2844 0.0333 2.83 -0.55 -9.37 177 262 255 311 227 
0.1567 -0.4228 -0.8921 -0.0291 51.13 18.75 173.12 7.83 -3.67 -15.17 4.3900 -1.5800 -6.5200 3.3589 1.7111 1.2611 4.04 -3.23 -8.32 185 329 291 351 219 
0.3987 -0.4216 -0.8008 0.1483 308.25 31.94 123.62 2.13 -3.78 -2.62 -4.8200 3.5500 0.6800 2.8233 1.9944 0.6500 5.27 -8.11 -1.56 196 388 346 377 216 
0.6118 -0.3612 -0.6299 0.3138 306.00 33.13 92.50 2.70 -4.81 0.75 -2.6700 3.0800 0.8400 -0.1100 0.0856 -0.1711 5.50 -8.11 -0.24 196 391 353 383 218 
0.6232 -0.3613 -0.6296 0.2912 312.37 36.00 95.62 5.24 -4.83 0.23 -1.0700 2.9200 1.0100 -2.7511 3.2933 -2.0356 6.91 -6.88 -0.94 183 292 304 341 219 
0.6918 -0.4392 -0.5731 -0.0100 17.12 58.31 85.37 9.74 -4.32 -0.93 3.1700 -0.1100 -1.7500 -1.2622 10.1111 -3.2044 6.96 -3.09 6.16 177 290 297 324 217 
0.8341 -0.2108 -0.1525 -0.4864 62.19 21.94 7.62 2.78 -1.33 10.78 -0.1500 -1.3700 0.4900 3.2478 2.5278 -1.5767 2.20 0.59 9.53 180 358 349 361 216 
;
