0.7684 -0.1255 -0.1465 -0.6103 76.87 22.12 0.81 3.68 -0.12 9.11 0.0000 0.0100 0.0100 0.0111 0.0400 0.0044 3.67 -0.13 9.09 170 365 341 356 217 
0.7693 -0.1225 -0.1443 -0.6102 76.81 21.75 0.75 3.66 -0.14 9.22 -0.0600 -0.0300 -0.0100 -0.0267 -0.0556 0.0478 3.70 -0.13 9.08 167 346 337 350 216 
0.7745 -0.1450 -0.1599 -0.5946 73.12 29.75 4.19 4.65 -0.84 9.22 0.4800 0.0600 1.0000 -0.6656 -2.2811 -0.1144 6.81 -1.10 6.96 6 250 166 172 210 
0.7503 -0.3066 -0.3214 -0.4896 60.63 59.63 20.06 7.72 -2.60 1.35 -1.2300 1.3400 -1.1300 1.8267 -2.4411 -0.1567 9.47 -1.44 2.07 139 266 149 162 197 
0.6956 -0.2885 -0.5914 -0.2884 44.44 83.69 0.56 6.40 1.33 0.98 -2.8400 1.0900 -0.0100 1.0389 -1.1056 -1.5367 9.72 1.19 0.33 135 289 162 165 195 
0.6415 -0.1637 -0.6923 -0.2869 48.94 77.00 -101.94 10.70 3.46 -2.91 1.6100 1.1100 -2.4600 1.3444 -0.3289 -1.1422 9.31 2.90 -1.00 133 306 165 168 193 
0.6060 -0.0552 -0.7533 -0.2496 40.13 70.62 -118.00 16.43 5.35 0.68 5.5900 2.2500 3.0100 1.6456 1.2811 1.8300 9.61 1.62 -0.99 131 311 165 167 195 
0.6979 -0.0532 -0.7083 -0.0916 11.13 87.44 0.69 5.93 -0.76 3.11 -5.9200 -0.4100 1.9700 -0.7200 0.7578 1.5778 9.59 -1.61 1.26 133 320 168 169 195 
0.7488 -0.1642 -0.6409 -0.0412 8.19 77.50 62.06 2.88 -0.63 0.47 -6.2700 1.5500 -0.3900 -1.1700 -1.3189 -1.2267 9.74 -1.10 -0.06 134 324 168 169 194 
0.6666 -0.1766 -0.7095 -0.1454 29.06 83.62 -178.50 8.15 2.78 -4.38 -1.3600 2.0700 -3.5100 -0.3922 -1.0378 -1.9622 9.48 1.72 -1.80 129 323 171 170 194 
0.5768 -0.0977 -0.7754 -0.2377 46.50 67.25 -129.94 10.75 3.98 -3.96 2.5600 0.6400 -1.5100 1.0689 0.1611 -1.8500 8.46 4.01 -2.89 132 325 172 172 196 
0.5408 0.0562 -0.8057 -0.2352 43.75 58.13 -124.06 15.23 5.83 -0.74 5.1500 1.4300 2.1600 0.6567 0.8189 1.5422 8.84 3.35 -2.57 139 324 171 173 196 
0.5936 0.0452 -0.7926 -0.1316 22.06 69.75 -138.75 4.41 2.09 -0.59 -5.2300 -0.2100 1.9600 0.1833 -0.4367 0.2811 9.23 1.88 -2.70 140 321 172 172 194 
0.5868 0.0244 -0.8023 -0.1066 22.87 70.12 -141.19 12.88 3.81 -0.43 5.6300 1.5000 1.4400 -1.4867 4.4100 -0.5978 9.46 2.54 -0.15 164 327 220 234 213 
0.7390 0.0280 -0.6473 -0.1849 28.75 67.44 -47.94 13.49 2.50 3.41 3.8000 -1.3000 -0.6900 0.0378 1.7756 0.0900 8.46 2.70 4.15 132 349 242 254 217 
0.8382 0.0421 -0.5104 -0.1874 23.56 54.94 -26.06 8.98 2.08 3.40 0.7800 0.1400 -1.8300 0.5711 1.8633 0.3889 7.41 2.37 5.96 111 345 186 203 202 
0.8971 0.0866 -0.4131 -0.1307 14.94 44.00 -22.75 3.89 2.91 4.38 -2.6400 0.7500 -1.6300 0.7156 0.7222 0.1144 6.41 3.08 6.74 108 349 185 196 191 
0.9196 0.1421 -0.3543 -0.0927 11.06 37.75 -24.50 3.28 3.96 7.01 -2.4200 0.8500 -0.0400 -0.3700 -0.1467 -0.0767 5.99 3.05 7.13 108 349 189 198 192 
0.9260 0.1229 -0.3395 -0.1104 15.44 36.25 -22.62 5.95 4.73 7.15 0.1900 1.4500 -0.3100 -0.9133 -0.2433 -1.2256 5.67 3.04 7.39 112 354 191 202 192 
0.9155 0.0896 -0.3277 -0.2154 29.19 32.63 -20.75 6.46 3.19 6.18 1.8800 0.2500 -1.9200 -1.2933 0.7967 -1.2844 4.62 2.60 8.24 5 363 192 203 194 
0.9083 0.0366 -0.2500 -0.3334 41.63 25.31 -14.13 4.93 -1.20 9.03 -1.1200 -4.7600 0.7600 -0.0789 -0.6556 -0.2867 4.56 2.14 8.40 111 367 194 208 196 
0.8900 0.0167 -0.2686 -0.3682 45.13 27.81 -15.13 4.04 1.66 8.76 -0.7400 -0.6300 0.2600 0.1411 -0.1222 0.1378 4.68 2.31 8.29 112 365 196 207 197 
0.8901 0.0153 -0.2793 -0.3597 43.44 29.75 -14.88 4.13 0.93 7.88 -1.2100 -1.1400 -0.7700 -1.1956 1.2478 0.7611 4.52 1.45 8.58 115 347 189 210 197 
0.9138 -0.0510 -0.2319 -0.3295 39.25 27.81 0.13 3.03 -1.03 4.63 -0.9200 0.6600 -3.4900 -3.6522 1.1544 -0.5744 3.95 -2.46 8.63 7 327 256 258 213 
0.8733 -0.2213 -0.1030 -0.4217 55.50 21.56 18.06 5.07 -1.53 11.05 1.9200 1.3300 3.0600 0.7122 -0.4511 -2.1378 4.16 -1.67 8.71 170 371 333 354 210 
0.8060 -0.1550 -0.1411 -0.5535 70.81 22.31 3.00 3.21 -0.08 11.54 -0.3500 0.6600 1.5800 0.6733 -0.4544 -0.7911 3.65 0.00 9.09 162 372 346 373 213 
0.7836 -0.1212 -0.1420 -0.5926 74.62 21.56 1.44 3.23 -0.27 9.14 0.3500 0.0500 -0.0900 -0.1267 -0.3233 -0.0378 3.81 -0.32 9.02 165 369 350 374 214 
;
