0.8832 -0.0245 -0.0483 -0.4659 55.56 6.12 -0.06 0.97 -0.04 9.63 -0.0800 -0.0400 -0.0400 0.0033 0.0233 0.0100 1.03 0.01 9.75 179 353 349 376 220 
0.8834 -0.0239 -0.0471 -0.4656 55.56 6.00 -0.06 0.94 -0.07 9.86 -0.0800 -0.1100 -0.0800 0.0233 0.0822 0.0333 0.98 0.02 9.75 179 354 346 377 220 
0.8852 -0.0161 -0.0393 -0.4632 55.00 4.19 -0.75 -0.56 -0.25 9.39 -1.3900 -0.4200 0.6900 0.8189 -0.3778 0.5100 0.93 0.57 9.74 179 328 347 381 220 
0.8981 -0.0001 -0.1254 -0.4214 48.38 18.25 -7.25 6.05 3.76 9.55 3.1500 2.8100 0.5200 -1.2189 0.3744 1.3189 3.49 0.22 9.15 176 321 223 222 219 
0.9231 -0.0791 -0.1458 -0.3470 39.13 18.06 4.00 1.09 -1.81 6.59 -2.4800 -1.6700 -5.4700 0.4156 -1.5922 0.4956 3.75 -0.65 9.03 164 328 165 180 200 
0.9352 -0.0726 -0.1732 -0.3002 36.13 21.25 -0.75 3.04 0.53 6.93 -0.0100 0.0300 -1.9600 1.6433 -0.9967 -0.4356 3.96 1.35 8.86 142 339 167 186 192 
0.9219 0.0316 -0.2434 -0.2996 34.31 26.56 -15.25 8.99 4.15 11.56 5.0000 2.0900 4.2900 1.3233 -0.2489 1.7600 5.15 2.70 7.89 142 341 169 187 197 
0.9297 0.0696 -0.3245 -0.1600 15.69 37.38 -12.88 4.27 2.45 12.97 -1.9100 1.2300 4.9400 -2.1389 0.2667 2.2822 6.05 -0.37 7.70 144 346 171 188 196 
0.9395 -0.1146 -0.3193 -0.0485 5.44 37.56 18.37 0.64 -1.16 4.31 -5.5400 1.7300 -3.1200 -1.5356 -0.4122 -0.7433 6.26 -3.19 6.83 144 350 168 190 193 
0.9011 -0.2072 -0.3622 -0.1177 19.06 46.44 21.12 6.55 1.64 1.90 0.4400 3.2200 -4.1600 0.5278 -1.0533 -2.2133 7.84 -0.81 5.83 139 351 177 190 190 
0.8408 -0.1237 -0.4564 -0.2635 36.56 57.00 -10.25 9.90 2.43 3.64 1.7800 1.0900 -0.5100 1.6078 -0.6711 -1.3378 8.34 2.46 4.51 134 354 178 192 189 
0.7933 0.0123 -0.5374 -0.2859 39.38 57.56 -41.88 12.67 4.15 6.61 4.4000 0.6900 3.4700 0.9222 -0.1044 0.7511 8.46 3.50 3.49 138 357 181 193 192 
0.7947 0.0303 -0.5648 -0.2202 28.12 64.25 -34.06 7.06 2.85 4.42 -3.4000 0.5800 -0.0300 -0.2556 -0.6256 1.6211 9.16 1.12 3.29 139 354 180 193 192 
0.7991 -0.0535 -0.5794 -0.1511 22.44 70.25 -16.69 9.68 2.65 3.54 1.6300 1.7500 0.7800 -0.5100 0.1944 -0.3033 9.13 1.11 3.38 168 287 215 231 208 
0.8207 -0.0710 -0.5301 -0.2012 28.75 58.13 -8.31 13.34 -0.64 7.14 4.3600 -1.3400 -0.0400 -2.2800 6.0833 0.8389 5.40 -0.71 8.15 175 167 174 198 205 
0.9601 -0.1151 -0.0676 -0.2455 26.31 -4.00 13.88 -3.17 -2.55 3.62 0.6100 0.1000 -4.9100 -0.2300 5.3800 3.0689 -5.77 -1.80 7.71 180 148 160 183 190 
0.9125 -0.0131 0.4037 -0.0649 4.75 -52.19 0.81 -9.10 2.22 4.86 -1.2700 2.2400 0.3700 0.4889 0.8489 1.3011 -8.17 0.95 5.32 186 149 161 181 184 
0.8775 0.0632 0.4753 0.0064 359.44 -55.88 -11.00 -8.91 2.38 5.83 -1.0100 1.3400 -0.2500 -0.3256 -1.1567 -1.0311 -7.62 0.26 6.15 185 169 171 196 196 
0.9280 0.0101 0.3639 -0.0791 14.88 -36.31 5.06 -6.22 0.75 4.60 0.0500 1.4900 -3.2800 1.2056 -4.2089 -3.4578 -2.87 -1.07 9.31 180 279 285 294 206 
0.9405 -0.0336 0.0815 -0.3282 43.19 -3.19 6.19 1.89 -0.79 9.95 2.0600 -0.4200 -0.2300 0.3478 -0.2522 -2.7322 0.08 -0.93 9.76 184 343 310 358 206 
;
0.8626 -0.0322 0.0037 -0.5048 63.56 1.12 2.06 1.39 -0.93 9.13 1.1400 -0.9400 -1.6400 1.5144 -0.0222 0.0189 0.21 0.73 9.77 174 369 332 368 211 
0.8386 0.0005 -0.0140 -0.5446 66.00 1.94 -0.94 0.13 0.32 10.20 0.1800 0.0200 -0.0100 -0.0011 -0.0922 0.0911 0.38 0.18 9.79 172 370 332 370 212 
0.8404 -0.0006 -0.0215 -0.5416 65.31 1.87 -1.50 -0.20 0.12 10.18 -0.6000 -0.2900 0.4800 0.9344 0.0533 0.3844 0.34 0.94 9.75 180 366 331 375 211 
0.8564 0.0359 -0.0751 -0.5096 60.00 8.00 -8.25 4.15 3.68 11.97 1.4800 1.6500 -1.1200 -1.2700 -0.9711 1.9767 1.97 0.22 9.60 176 330 237 230 211 
0.9122 -0.0721 -0.0935 -0.3923 42.13 16.75 4.25 1.45 -1.46 5.79 -2.3800 -0.5400 -2.3000 0.5878 -1.2922 0.8844 4.28 -0.33 8.81 160 326 177 177 196 
0.9206 -0.0745 -0.2406 -0.2985 36.31 30.25 -1.94 4.66 0.61 7.11 -0.3700 -0.0800 -1.6100 0.8267 -1.2511 -0.5756 5.70 1.18 7.88 154 334 177 175 191 
0.8867 -0.0226 -0.3436 -0.3087 37.75 39.38 -15.00 10.08 3.58 9.24 4.1200 1.5100 2.4600 1.2689 -0.5478 0.6222 6.59 2.34 6.87 151 336 172 177 189 
0.8862 0.0159 -0.4030 -0.2278 25.44 46.50 -14.38 8.83 2.27 10.63 0.5600 0.5500 3.7700 -0.7278 0.1633 2.5400 7.22 -0.02 6.63 151 340 179 179 190 
0.9130 -0.1065 -0.3839 -0.0875 9.25 45.31 15.50 1.37 -1.25 5.59 -6.0100 1.1200 -1.6100 -1.3478 0.0322 0.2922 6.95 -2.69 6.36 151 341 184 178 189 
0.8925 -0.1950 -0.3941 -0.1006 16.12 50.06 22.44 4.29 1.01 1.20 -2.5500 3.2400 -5.1700 -0.1833 -1.1667 -2.3778 8.29 -1.08 5.12 141 345 181 180 188 
0.8282 -0.1398 -0.4894 -0.2343 33.88 62.13 -7.94 10.37 2.24 2.45 2.0200 1.0900 -1.4500 1.5311 -1.0367 -1.6833 8.82 2.27 3.61 147 345 179 184 187 
0.7623 -0.0023 -0.5897 -0.2668 38.06 64.06 -51.06 15.53 3.92 5.50 6.5300 0.4300 3.5300 0.9911 0.2989 0.8178 8.93 3.23 2.41 147 347 183 184 188 
0.7728 0.0234 -0.6068 -0.1846 23.75 70.25 -37.63 6.47 1.99 3.08 -4.4600 -0.0200 -0.4100 -0.1567 -0.2011 1.2478 9.39 0.95 2.64 148 348 185 184 187 
0.7875 -0.0343 -0.6033 -0.1207 18.12 73.25 -20.75 8.73 2.51 2.79 0.3600 1.4300 0.5900 -0.4256 0.1144 -0.4289 9.35 1.26 2.66 166 271 191 203 200 
0.7905 -0.0408 -0.5900 -0.1592 24.31 66.25 -15.75 13.76 -0.26 5.93 5.2600 -1.3700 0.5100 -2.1833 6.4811 -0.0189 6.44 0.21 7.38 177 182 190 221 205 
0.9534 -0.0831 -0.1627 -0.2401 26.56 7.19 7.81 0.83 -1.58 4.14 0.7300 0.5800 -5.1600 -0.9433 7.7278 2.9589 -4.66 -1.66 8.46 179 161 172 206 202 
0.9280 -0.0162 0.3627 -0.0833 6.00 -49.13 0.88 -6.55 2.16 2.42 0.3400 1.6800 -2.2200 1.0600 1.5622 2.6033 -8.12 1.97 5.11 185 157 169 198 196 
0.8582 0.1289 0.4936 0.0574 351.75 -56.31 -32.13 -11.06 4.93 7.46 -1.3900 1.8000 1.9800 -0.3856 -0.7367 -0.6622 -8.05 2.52 4.99 189 164 171 201 198 
0.8848 0.1055 0.4529 0.0284 359.44 -49.44 -15.69 -8.11 2.37 3.83 -1.1100 1.0700 -3.1600 0.5044 -4.6322 -3.0844 -5.02 0.45 8.40 181 238 233 263 208 
0.9658 0.0367 0.1564 -0.2033 26.94 -14.88 0.06 -0.52 -0.14 7.55 1.1800 -0.1900 -1.8400 1.3311 -2.2600 -2.9544 -0.50 0.56 9.77 180 338 311 340 207 
;
