0.8237 -0.0660 -0.1292 -0.5482 67.25 16.56 -1.94 2.72 0.15 9.38 -0.0900 -0.1400 -0.0100 0.0111 0.0067 0.0044 2.80 0.32 9.39 177 354 341 354 215 
0.8239 -0.0656 -0.1289 -0.5480 67.25 16.44 -2.00 2.71 0.18 9.38 -0.0800 -0.1700 0.0100 -0.0111 0.1411 0.0122 2.70 0.31 9.42 176 358 340 359 214 
0.8288 -0.0478 -0.1230 -0.5438 64.69 14.81 -6.50 3.95 3.74 15.08 -0.1800 0.8700 6.4000 5.1544 -0.8100 1.3500 3.13 4.24 8.26 180 363 337 362 218 
0.8669 0.1067 -0.2480 -0.4191 49.75 20.94 -20.56 4.31 1.70 5.68 0.0000 -1.1500 -1.4400 -2.0711 -0.5811 2.1756 4.36 1.32 8.68 174 310 138 157 201 
0.9016 -0.0567 -0.2891 -0.3168 37.81 33.81 -3.62 2.45 -0.41 6.27 -2.4400 -0.6100 -1.8200 1.1622 0.2922 -0.7356 5.42 1.07 8.09 161 323 160 157 203 
0.8939 -0.0217 -0.3092 -0.3240 39.88 35.25 -13.13 7.70 3.04 7.07 1.8900 0.9400 -0.3100 0.9133 -0.5189 0.2667 6.03 2.25 7.39 163 334 167 161 202 
0.8826 0.0240 -0.3723 -0.2861 33.88 41.31 -20.87 10.00 4.21 8.73 3.4200 1.5200 2.6300 1.3789 -1.3667 1.9033 7.22 2.42 6.16 159 341 169 163 202 
0.8864 0.0281 -0.4403 -0.1404 13.69 51.63 -10.50 6.64 2.03 9.85 -2.0400 0.8900 2.9800 -0.9767 0.4356 2.3256 7.46 -0.66 6.31 158 341 165 164 201 
0.9094 -0.0933 -0.4049 -0.0162 1.37 47.06 16.62 1.37 -1.58 5.40 -6.3100 0.7700 -1.3600 -1.1867 -0.3889 -0.4978 7.32 -2.38 6.06 156 345 170 164 201 
0.8822 -0.1596 -0.4381 -0.0654 11.88 55.75 19.56 2.55 0.26 -0.34 -3.8800 1.9200 -5.8400 0.1411 -2.9522 -2.0033 9.03 -0.59 3.77 153 344 172 165 200 
0.7954 -0.1025 -0.5662 -0.1903 29.62 71.25 -21.56 11.79 3.93 -0.08 2.3100 2.3400 -2.3300 1.3878 -0.3578 -2.0222 9.04 3.04 2.25 148 340 174 166 200 
0.7386 0.0637 -0.6278 -0.2373 34.69 62.06 -65.50 13.22 6.22 4.51 4.5100 1.7900 2.7800 1.4422 0.6056 0.0822 8.59 4.36 1.77 147 337 174 167 200 
0.7513 0.1333 -0.6235 -0.1702 22.75 64.87 -62.44 8.58 3.85 3.79 -1.5300 0.0900 1.1400 -0.3100 0.0867 1.6589 9.23 2.52 2.10 150 337 179 168 199 
0.7715 0.0565 -0.6272 -0.0912 12.69 74.44 -42.44 5.09 1.53 1.28 -3.6300 -0.0200 -1.0100 -0.4378 0.0222 -0.3311 9.42 1.80 2.01 159 328 170 168 200 
0.7656 0.0255 -0.6345 -0.1038 14.81 77.50 -37.56 10.60 2.23 1.10 -0.3200 1.1600 0.3400 -0.8822 -1.2944 2.0978 9.78 -0.54 0.46 172 284 277 304 218 
0.6895 -0.1392 -0.7108 -0.0027 354.25 72.44 112.19 7.58 -3.88 -2.20 -0.8000 -0.5300 0.0000 -0.5278 -3.8033 3.2556 7.77 -4.79 -3.55 182 268 310 356 218 
0.4612 -0.3128 -0.8123 0.1719 310.25 33.38 135.00 4.41 -5.49 -3.76 -0.8200 0.5000 3.3300 -2.6711 -3.9400 1.5633 2.55 -4.90 -8.09 180 263 299 357 224 
0.1526 -0.4206 -0.8823 0.1462 51.56 6.25 160.00 0.58 -3.49 -13.57 -0.2300 -0.5100 -3.3900 0.0233 0.4256 0.0989 1.26 -3.18 -9.18 185 271 321 370 226 
0.1437 -0.4338 -0.8817 0.1172 52.13 9.94 160.25 4.55 -2.35 -8.32 3.5900 0.9800 0.7600 -0.9756 5.4833 0.1500 4.28 -2.85 -8.34 176 275 311 343 220 
0.4177 -0.4600 -0.7781 -0.0919 39.88 64.56 149.69 9.15 -1.82 -6.95 -1.3900 -0.7200 -5.5400 -1.3733 13.4389 -0.2033 7.25 -2.13 6.23 174 345 316 352 215 
0.8292 -0.1861 -0.1121 -0.5150 64.00 13.94 6.69 -1.27 -0.70 9.51 -2.3600 0.0500 0.1200 1.6756 0.7544 -0.3978 1.12 0.39 9.73 181 372 331 358 210 
;
0.8416 0.0226 -0.0674 -0.5355 64.87 5.50 -5.12 1.08 2.66 10.58 0.7700 -0.1600 0.9300 -0.0189 0.1311 0.0789 0.99 1.16 9.68 182 375 338 368 213 
0.8436 0.0247 -0.0746 -0.5312 64.31 5.62 -6.94 0.95 1.04 9.64 -0.0300 -0.2100 -0.0800 0.0200 0.0178 0.0278 0.96 1.18 9.68 181 373 337 367 214 
0.8453 0.0276 -0.0729 -0.5285 63.50 4.87 -8.56 -0.28 1.76 12.04 -1.9000 0.4700 5.7200 3.0633 -1.5756 1.2156 1.53 3.28 9.11 180 372 333 378 217 
0.8728 0.0845 -0.1702 -0.4496 50.88 15.63 -15.31 3.85 1.95 9.37 -1.3700 -2.4900 -2.6700 -1.4289 -1.0600 2.6389 4.34 0.92 8.74 176 329 170 172 185 
0.9073 -0.0447 -0.3194 -0.2700 30.50 43.88 -6.87 3.95 1.05 3.99 -1.9400 1.0900 -3.8800 1.7711 -2.0944 -0.1822 7.82 1.42 5.74 163 327 161 167 199 
0.8522 -0.0153 -0.4695 -0.2303 30.94 54.38 -22.31 8.29 3.03 4.13 1.8000 1.2300 -0.6600 0.5344 -0.9867 -0.0978 8.30 2.45 4.59 159 336 166 171 200 
0.8244 0.0187 -0.5220 -0.2180 28.87 58.63 -30.06 11.51 4.60 4.16 2.9300 2.0100 -0.2100 0.9167 -0.2756 0.8233 8.52 2.38 4.21 156 341 169 177 199 
0.8345 0.0339 -0.5352 -0.1263 14.63 62.81 -20.69 10.02 1.86 7.53 0.4100 0.6000 3.3300 -0.3311 0.7111 2.2644 8.59 -0.13 4.71 157 341 171 179 199 
0.8707 -0.0571 -0.4883 -0.0107 0.00 55.94 15.75 1.77 -1.73 5.03 -6.7500 0.0600 -0.5600 -1.1867 0.4733 -0.1133 7.93 -2.02 5.39 157 342 173 178 199 
0.8694 -0.1365 -0.4714 -0.0572 10.88 59.13 17.56 4.58 0.93 0.51 -3.6500 2.2300 -4.3300 -0.4322 -1.4467 -2.2444 9.03 -0.24 3.80 149 341 172 177 199 
0.7948 -0.0910 -0.5684 -0.1920 29.69 70.12 -23.00 12.57 3.90 0.21 3.8700 2.4900 -1.7300 1.2444 -0.6878 -1.3800 9.18 2.57 2.29 150 339 175 181 198 
0.7418 0.0261 -0.6321 -0.2227 32.75 67.19 -61.69 15.73 5.14 4.04 6.5700 1.6400 3.0000 0.8733 0.6222 0.6967 9.11 3.16 1.74 149 340 176 181 199 
0.7595 0.0441 -0.6323 -0.1463 18.81 72.94 -42.50 3.74 0.86 2.70 -6.0300 -0.9800 0.0500 -0.3222 0.0789 0.9744 9.46 0.94 2.37 149 336 177 182 200 
0.7866 -0.0170 -0.6085 -0.1041 15.69 73.87 -22.00 9.76 2.43 2.66 0.2300 1.2700 0.3500 -0.9333 -0.7622 0.7900 9.57 0.48 2.04 163 306 165 183 196 
0.7467 -0.1060 -0.6500 -0.0932 11.69 82.44 50.19 10.07 -1.39 -0.24 -0.2200 -1.2100 -1.2200 0.1411 -3.0567 3.1544 9.23 -3.09 -1.15 170 265 293 321 217 
0.5958 -0.2722 -0.7488 0.1011 330.87 48.44 124.81 5.04 -5.25 -2.21 -1.3600 0.9400 4.0200 -1.9456 -3.4756 1.9933 4.57 -5.74 -6.49 175 252 298 354 221 
0.2546 -0.4052 -0.8613 0.1708 50.94 13.31 155.56 4.59 -2.55 -11.45 1.7600 -0.1100 -4.1600 -2.5544 -0.0400 -0.0244 1.64 -1.86 -9.48 180 276 308 362 228 
0.1154 -0.4376 -0.8909 0.0400 52.44 10.19 169.50 2.66 -1.79 -8.89 0.3500 -0.0400 0.9900 0.2856 0.4411 -0.0022 2.08 -2.00 -9.37 172 278 312 367 229 
0.1518 -0.4378 -0.8851 0.0431 52.81 13.94 167.56 4.46 -1.35 -7.94 2.3500 0.5500 1.1900 -0.6389 2.6556 0.3444 3.74 -1.70 -8.90 173 270 295 341 224 
0.3139 -0.4674 -0.8209 -0.0957 45.19 50.31 169.12 7.26 -0.62 -7.99 -0.4600 0.3400 -2.9100 -1.6722 10.0233 0.2711 9.70 -1.14 0.76 168 305 312 349 219 
;
