0.8936 -0.0922 -0.1434 -0.4153 49.81 19.37 2.75 3.31 -0.51 9.23 0.0400 0.0300 -0.1700 -0.0167 -0.0089 -0.0011 3.26 -0.44 9.23 174 327 333 353 216 
0.8935 -0.0923 -0.1436 -0.4153 49.81 19.44 2.75 3.27 -0.52 9.34 0.0000 -0.1000 -0.0400 0.0011 -0.0056 0.0022 3.26 -0.44 9.23 172 330 334 353 215 
0.8935 -0.0923 -0.1436 -0.4153 49.81 19.44 2.75 3.00 -0.59 9.47 -0.2000 -0.3100 0.5900 -0.5033 -1.3567 0.8256 3.87 -0.79 8.97 165 265 277 303 212 
0.8851 -0.2209 -0.1766 -0.3697 44.69 26.62 30.25 5.03 -5.57 7.65 1.0500 -0.1100 1.2700 -6.3633 -0.1289 1.8522 3.37 -8.10 4.37 140 217 218 241 211 
0.7350 -0.6170 0.0549 -0.2756 40.19 11.56 83.87 0.55 -7.30 -1.34 -0.5700 2.6100 -1.4400 -2.8067 -0.4578 1.3422 0.75 -9.68 -1.32 122 230 225 237 203 
0.6081 -0.7590 0.1725 -0.1562 26.31 0.19 103.12 -0.77 -8.57 -2.16 -0.8900 0.5500 0.2400 0.1078 -0.3500 0.1378 -0.23 -9.54 -2.24 121 231 224 240 202 
0.6127 -0.7681 0.1488 -0.1116 19.81 0.50 102.94 -1.54 -10.28 -3.35 -2.4200 -0.2500 -1.7100 0.6944 -3.3411 -3.1933 1.49 -9.49 -1.95 115 229 230 235 206 
0.6382 -0.7413 -0.2007 -0.0540 7.12 23.37 100.75 2.64 -4.83 -5.65 -1.6900 3.1400 -5.6800 5.0544 -8.1056 -6.0733 6.60 -6.86 -2.33 112 220 227 227 209 
0.5173 -0.3176 -0.7798 0.1533 311.37 41.94 135.06 12.98 -2.23 -5.75 5.3900 1.8400 -0.4100 0.9678 -1.5778 -1.3244 6.03 -4.73 -6.11 112 224 225 229 210 
0.3409 -0.0846 -0.9062 0.2353 287.25 33.56 144.06 7.16 -3.98 -6.03 1.6000 0.7800 0.7000 0.0489 -0.2822 0.5189 5.04 -4.97 -6.77 143 231 241 238 216 
0.3090 -0.1098 -0.9108 0.2507 281.12 29.94 141.50 4.90 -3.58 -6.19 0.2400 1.5100 1.2400 -0.2533 0.0322 1.0622 4.35 -5.60 -6.76 158 270 297 311 220 
0.2640 -0.1816 -0.9114 0.2581 24.44 20.06 144.56 1.74 -3.93 -6.68 -0.9800 0.9700 0.9700 -2.9733 -0.7344 0.7489 2.27 -3.92 -8.69 177 256 263 321 219 
0.1296 -0.2600 -0.9504 0.1106 31.81 9.63 167.87 2.88 -3.41 -12.29 0.5200 -2.1300 -2.8700 -0.6078 -0.3267 0.1333 1.23 -1.16 -9.65 185 272 268 331 222 
0.0764 -0.2844 -0.9548 0.0388 33.13 7.25 172.87 1.91 -1.16 -9.28 0.7500 0.1200 0.5200 0.2033 0.0778 -0.0267 1.28 -1.35 -9.62 182 275 270 328 220 
0.0872 -0.2830 -0.9539 0.0492 33.19 8.31 171.50 2.60 -1.27 -8.63 1.9300 0.3400 1.1200 -0.3044 1.3189 0.3167 2.15 -1.30 -9.47 176 269 262 318 220 
0.2284 -0.3206 -0.9190 -0.0230 41.44 36.06 173.75 10.15 0.99 -8.02 -0.0900 1.9000 -2.4600 -2.3278 10.0578 1.6667 9.64 -0.94 -1.48 168 283 292 319 216 
0.7142 -0.3394 -0.5042 -0.3471 52.81 60.81 19.31 7.96 -1.84 2.05 -1.0300 0.2700 -3.3700 1.7900 7.4833 -0.2867 4.84 -0.94 8.47 171 336 331 349 214 
;
