0.7866 -0.0605 -0.1066 -0.6052 75.12 13.94 -1.94 2.46 0.20 9.42 0.0800 -0.1200 -0.0900 0.0067 0.0144 0.0011 2.36 0.32 9.51 171 340 345 360 218 
0.7866 -0.0610 -0.1064 -0.6052 75.12 13.94 -1.94 2.47 0.24 9.38 0.0900 -0.0800 -0.1200 0.0022 0.0011 0.0000 2.36 0.32 9.51 177 342 346 360 217 
0.7866 -0.0610 -0.1064 -0.6052 75.12 13.94 -1.94 2.35 0.20 9.42 -0.1000 -0.1000 -0.0300 0.0100 -0.1300 0.0222 2.43 0.32 9.49 149 304 342 357 217 
0.7843 -0.0723 -0.1130 -0.6057 75.87 16.44 0.19 2.22 0.61 12.74 -0.3000 -0.3500 2.4200 -3.0100 -2.0722 0.1789 4.29 -2.41 8.48 110 231 233 227 214 
0.7430 -0.3413 -0.0632 -0.5721 71.12 31.75 48.25 6.87 -3.97 5.31 -1.3000 2.8800 -0.9600 -5.3267 -2.3156 3.2311 4.06 -8.79 1.49 93 217 211 224 212 
0.6120 -0.7189 0.1208 -0.3068 48.63 13.19 98.75 -0.66 -5.42 -3.41 -3.0900 3.1200 -1.7100 -1.0556 -1.1156 0.9033 1.15 -9.35 -2.69 105 231 224 235 212 
0.5699 -0.7875 0.1559 -0.1756 32.00 5.81 106.81 -1.50 -9.98 -3.30 -2.5500 -0.5500 -0.6400 0.6667 -3.2811 -1.8633 1.70 -9.27 -2.67 105 235 231 234 211 
0.6056 -0.7831 -0.1293 -0.0571 3.75 16.94 104.69 2.71 -7.24 -4.90 -0.2100 1.6400 -2.3200 2.5633 -5.2378 -3.3311 4.18 -8.60 -2.15 103 236 229 231 210 
0.6008 -0.5497 -0.5618 0.1459 323.69 33.88 108.81 8.89 -3.42 -5.79 4.9800 3.8600 -1.8000 2.3133 -4.0022 -2.4567 6.00 -6.97 -3.39 103 240 233 236 211 
0.4871 -0.2461 -0.7842 0.2951 295.75 37.75 117.37 7.38 -6.14 -1.87 1.4400 0.7700 1.7100 -0.4411 -0.2367 0.0922 5.85 -6.80 -3.94 106 242 234 244 211 
0.4619 -0.2417 -0.8042 0.2854 301.44 39.25 120.06 9.15 -5.39 -1.34 1.8600 0.3900 0.8100 -1.1456 6.1789 -1.2478 7.80 -5.73 -1.56 133 284 263 312 216 
0.7402 -0.2766 -0.6071 0.0839 352.75 56.94 59.25 7.89 -5.06 2.20 -0.1700 -2.0200 -4.3300 0.2878 4.0567 -1.4067 6.97 -3.60 5.87 118 243 262 271 217 
0.9257 -0.2016 -0.3174 -0.0419 6.06 29.06 21.75 2.07 -2.07 6.57 -3.2000 0.1400 -1.3000 2.4578 3.3322 0.6467 1.71 -2.05 9.43 4 165 172 196 200 
0.9935 -0.0680 -0.0874 -0.0251 2.06 10.25 6.37 4.37 1.16 10.59 2.0600 1.8300 0.6500 0.3944 0.2000 1.0833 1.57 -0.76 9.64 44 169 173 198 199 
0.9963 -0.0358 -0.0566 0.0528 351.81 4.81 4.37 -3.96 0.07 10.84 -5.2000 0.7300 1.2300 0.0278 0.3489 0.2722 0.49 -0.69 9.76 99 172 175 201 198 
0.9961 -0.0422 -0.0221 0.0746 353.75 2.31 5.69 -1.72 1.51 9.63 -1.7100 2.2000 -0.5100 -0.2611 0.1233 -1.9000 0.46 -1.17 9.72 102 172 180 203 199 
0.9965 -0.0547 -0.0131 -0.0623 10.06 1.62 5.31 3.13 0.83 9.28 3.3400 1.3300 -0.5500 0.7733 0.0556 -1.2911 0.28 -0.32 9.79 104 174 182 203 199 
0.9874 0.0040 -0.0006 -0.1580 18.50 -0.62 -2.06 5.48 -0.26 10.46 4.7200 -0.8000 0.3700 0.8433 0.5422 0.8178 -0.44 0.98 9.74 111 171 178 203 201 
0.9922 0.0670 0.0281 -0.1006 10.25 -3.94 -7.87 -6.37 0.01 9.98 -5.5900 -1.3800 0.1300 -0.0100 -0.0722 0.0878 -0.62 1.43 9.68 103 175 184 203 203 
0.9924 0.0708 0.0352 -0.0942 11.94 -5.12 -7.19 -2.38 0.42 8.73 -1.7200 -1.0100 -1.3700 -0.5400 0.0878 -1.3933 -1.07 0.68 9.72 107 178 184 207 204 
0.9778 0.0314 0.0473 -0.2018 26.50 -5.62 -0.94 -0.37 2.36 9.23 1.7900 1.9800 -0.8300 -0.7656 0.6111 -2.2822 -1.21 -0.49 9.71 159 296 290 319 209 
;
