0.8699 -0.0302 -0.0531 -0.4894 59.06 6.75 -0.13 1.82 0.27 9.95 0.7900 0.4200 0.1900 0.5000 0.4322 0.0989 0.87 0.32 9.76 177 358 324 358 213 
0.8711 -0.0009 -0.0460 -0.4890 58.50 4.44 -2.56 0.79 0.28 9.63 0.3400 -0.1200 -0.0300 -0.0411 0.0778 0.0089 0.73 0.39 9.77 177 352 327 362 214 
0.8718 -0.0016 -0.0418 -0.4881 58.44 4.31 -2.06 0.97 0.28 9.85 0.0700 -0.1300 0.0400 -0.0311 0.0156 0.0111 0.75 0.31 9.77 177 337 325 364 214 
0.8726 -0.0052 -0.0411 -0.4868 58.25 4.37 -1.69 0.92 0.24 9.83 0.1300 -0.0800 0.0900 -0.0833 -0.0956 0.0244 0.80 0.23 9.77 177 295 320 342 214 
0.8748 -0.0491 -0.0707 -0.4767 55.81 15.81 6.56 8.06 -0.04 13.89 4.9000 1.1900 3.4600 -6.1144 -3.8578 2.1589 4.91 -5.18 6.71 124 216 222 229 211 
0.7734 -0.5338 -0.0892 -0.3303 43.81 26.31 74.69 2.23 -6.23 -2.13 -2.6400 2.9900 -2.6200 -3.6733 -1.4322 2.4378 2.42 -9.41 -1.27 107 219 210 216 205 
0.6207 -0.7737 0.0095 -0.1265 19.94 10.13 102.25 -1.38 -9.00 -3.19 -2.3200 0.6700 -0.3700 1.1600 -3.7989 -2.7611 2.79 -9.17 -2.04 101 214 197 216 201 
0.6331 -0.7130 -0.3012 -0.0098 357.75 27.75 103.50 4.26 -6.73 -5.02 -0.5500 1.7100 -3.7400 3.3978 -6.3000 -4.8700 6.41 -6.75 -3.08 104 210 208 217 201 
0.5005 -0.3385 -0.7811 0.1575 316.94 41.75 134.06 10.05 -2.59 -6.40 3.6400 2.7600 -0.2200 0.9156 -1.1000 -1.7456 6.48 -4.73 -5.63 109 217 209 225 206 
0.4114 -0.1371 -0.8766 0.2084 308.94 42.75 139.44 8.98 -3.02 -3.68 1.7400 2.1000 1.0200 -1.7689 4.7567 0.7878 7.98 -4.53 -3.43 133 236 247 256 210 
0.6899 -0.3282 -0.6449 0.0202 7.69 56.94 71.62 8.97 -3.94 -2.69 1.8500 1.2700 -5.8300 -1.2356 10.0911 1.2867 4.51 -6.02 6.28 156 265 253 290 212 
0.9172 -0.3122 -0.0253 -0.2464 32.19 7.44 30.06 0.12 -4.67 11.10 -0.3800 0.1600 3.0200 0.8300 -1.2344 -0.2722 1.73 -3.97 8.79 165 274 307 299 210 
0.9307 -0.2534 -0.0604 -0.2570 29.25 16.56 31.44 4.33 -4.43 9.55 1.7500 1.3700 2.3300 -5.1178 -1.9633 0.6578 3.54 -7.35 5.42 161 241 258 259 211 
0.7830 -0.5823 -0.1497 -0.1595 21.87 25.06 82.94 3.61 -9.46 -1.64 -0.7200 -0.5000 -2.5000 -2.4767 -4.0722 0.5167 3.47 -8.85 -2.37 166 210 230 226 208 
0.5768 -0.7792 -0.2451 -0.0052 356.44 15.06 112.56 -0.01 -8.28 -4.27 -2.7800 0.3100 -0.2300 0.1678 -2.1667 -1.2011 2.49 -8.55 -4.08 166 205 227 229 208 
0.5338 -0.7421 -0.3986 0.0736 341.94 21.94 116.94 3.31 -6.31 -5.98 -0.5000 2.1400 -1.9600 2.0256 -4.3867 -4.9522 5.12 -6.94 -4.65 162 196 228 232 208 
0.4525 -0.3882 -0.7826 0.1792 310.37 35.75 133.25 7.90 -2.26 -6.17 3.2300 2.8100 -0.0500 1.0344 -2.3944 -2.6200 5.84 -4.94 -6.12 156 220 229 235 209 
0.3591 -0.1351 -0.8983 0.2144 297.94 35.56 144.06 8.06 -3.51 -4.87 1.8700 1.3700 1.9600 -1.0767 2.2222 0.8122 6.51 -4.49 -5.79 158 231 240 249 211 
0.5483 -0.2730 -0.7857 0.0865 359.00 62.44 110.87 9.59 -2.42 -3.84 0.6400 1.9800 -4.6600 -1.2378 9.2633 0.1889 7.50 -4.53 4.38 164 276 296 298 212 
0.9044 -0.2756 -0.1779 -0.2727 38.25 17.31 19.94 -0.66 -3.71 9.95 -2.3500 -0.7100 1.0500 3.2311 1.3233 -1.5822 1.05 -0.74 9.72 172 346 321 350 210 
0.9122 -0.0096 -0.0445 -0.4073 48.69 3.31 -4.00 5.50 3.95 14.81 -2.2900 -0.3500 4.0400 -0.9578 0.1778 0.0989 0.48 0.90 9.75 173 363 334 367 212 
;
