0.8878 -0.0433 -0.0403 -0.4564 54.38 6.37 2.31 1.22 -0.38 9.74 0.1600 0.0200 0.0100 -0.0056 -0.0044 -0.0089 1.08 -0.39 9.73 174 331 345 354 214 
0.8877 -0.0434 -0.0401 -0.4567 54.44 6.31 2.31 1.19 -0.36 9.82 0.2800 0.0200 0.0500 -0.0089 -0.0011 -0.0100 1.08 -0.39 9.73 175 329 343 356 216 
0.8876 -0.0435 -0.0399 -0.4569 54.38 6.31 2.44 0.61 -0.17 10.95 -0.7200 0.4700 1.6800 -2.0078 -0.8833 0.1078 1.29 -1.86 9.53 168 229 239 253 212 
0.8610 -0.2319 0.0409 -0.4508 54.81 12.13 36.94 4.99 -5.70 9.53 1.5000 1.4400 0.2900 -6.9933 -2.6989 1.1178 2.63 -8.88 3.19 129 206 200 213 211 
0.6688 -0.6841 0.1083 -0.2700 38.63 11.13 94.75 -0.19 -7.12 -3.30 -2.0600 2.7200 -2.2400 -1.2989 -2.6622 0.1400 1.22 -9.40 -2.49 111 208 193 206 203 
0.5964 -0.7977 0.0064 -0.0889 13.50 9.69 105.69 0.75 -9.11 -3.16 -1.8600 -0.0700 -1.2800 1.1556 -3.9567 -3.5167 3.35 -8.84 -2.58 111 206 195 207 198 
0.6008 -0.7014 -0.3835 0.0122 354.00 29.87 109.62 3.68 -6.10 -4.77 -1.4100 1.9000 -1.7000 1.8622 -4.9411 -4.6856 6.17 -6.61 -3.79 111 200 184 207 198 
0.4899 -0.3850 -0.7725 0.1226 325.44 40.81 138.06 8.81 -1.68 -6.85 2.7400 3.0300 -0.4100 1.0133 -1.6267 -2.3422 6.26 -4.17 -6.28 111 205 183 205 200 
0.3736 -0.1348 -0.8998 0.1803 306.50 38.19 146.44 6.91 -3.86 -5.21 0.7200 0.5000 1.1300 -0.1556 0.2444 0.2167 6.02 -4.34 -6.40 112 207 185 206 197 
0.3764 -0.1401 -0.8965 0.1869 309.69 39.56 145.37 7.95 -3.44 -4.52 1.7400 1.0600 1.6000 -0.7522 2.9344 0.8056 7.14 -4.31 -5.15 142 245 209 218 207 
0.5227 -0.2320 -0.8091 0.1353 334.00 53.44 124.87 7.18 -5.47 -5.08 -0.9300 -0.4700 -0.5900 -0.1200 -1.6400 0.6900 7.37 -5.34 -3.62 159 367 174 185 202 
0.5283 -0.2969 -0.7784 0.1636 323.50 45.31 123.37 7.19 -7.15 -6.29 0.3600 -0.4200 -2.0100 1.1967 0.4456 0.4022 6.79 -6.27 -3.26 161 357 170 181 195 
0.5534 -0.2827 -0.7465 0.2379 311.50 43.94 108.56 6.57 -6.27 -2.11 -0.5000 0.7900 0.5900 1.8167 0.1278 0.0511 6.79 -6.98 -1.09 153 343 169 180 193 
0.5906 -0.2054 -0.7038 0.3372 300.31 43.81 96.19 5.93 -6.20 2.49 -0.5700 0.4200 3.0800 -1.4844 -0.6222 0.0133 6.70 -6.91 -1.85 155 360 170 183 194 
0.5444 -0.2440 -0.7490 0.2881 303.81 42.00 109.75 6.85 -7.39 -5.29 -0.1000 -0.4000 -2.2000 0.9722 0.1711 0.0589 6.53 -7.02 -2.03 132 347 171 185 194 
0.5598 -0.2136 -0.7292 0.3306 298.56 43.13 99.75 7.30 -5.53 4.54 0.1700 1.6500 5.3700 -1.6222 0.3844 -0.1478 6.83 -6.86 -1.55 160 359 175 189 198 
0.6432 -0.3079 -0.6788 0.1752 343.19 52.44 90.37 8.37 -4.32 -4.22 1.6600 0.9300 -5.3400 -2.1111 12.7800 -2.5456 5.37 -5.07 6.44 162 347 256 284 209 
0.9078 -0.2387 -0.0692 -0.3379 44.19 11.63 15.19 2.37 -0.28 11.52 1.0400 0.6600 2.3400 1.6311 1.2000 -0.9733 1.08 -0.59 9.72 171 369 323 353 203 
0.9030 -0.0063 -0.0512 -0.4266 51.50 5.44 -5.00 3.64 2.17 14.95 2.9400 1.4600 6.2500 -0.5500 -0.0778 0.0244 0.91 1.15 9.69 175 374 334 369 209 
0.8968 0.0361 -0.0688 -0.4356 51.75 5.12 -7.12 1.23 0.99 9.69 0.3400 -0.2100 0.0900 -0.0122 0.0144 0.0122 0.88 1.19 9.69 175 374 336 369 210 
0.8972 0.0344 -0.0677 -0.4350 51.69 5.25 -6.81 1.15 0.95 9.67 0.2300 -0.2200 0.0100 -0.0378 -0.0322 0.0278 0.93 1.10 9.69 175 374 335 371 209 
;
