0.7703 -0.1067 -0.1246 -0.6162 77.31 18.87 0.62 3.23 -0.28 9.17 0.0100 -0.1600 -0.0200 -0.0022 -0.0111 0.0022 3.18 -0.10 9.27 166 354 346 360 218 
0.7703 -0.1071 -0.1251 -0.6160 77.25 18.94 0.62 3.24 -0.26 9.29 0.0100 -0.1500 -0.0600 0.0011 -0.0133 0.0078 3.19 -0.10 9.27 166 354 345 359 217 
0.7704 -0.1074 -0.1256 -0.6157 77.19 19.12 0.62 3.34 -0.15 9.59 -0.5400 -0.2200 0.8100 -0.1700 -0.9556 -0.0589 3.86 -0.23 9.00 132 262 256 306 217 
0.7377 -0.2040 -0.2158 -0.6063 77.87 44.13 4.69 19.22 3.60 14.88 8.0900 2.6100 4.2800 -4.8089 0.4100 2.6811 6.83 -3.90 5.84 113 227 213 235 216 
0.7036 -0.5135 -0.1194 -0.4764 63.25 36.56 64.62 5.31 -3.47 2.05 -1.0700 3.6700 -1.0600 -3.6189 0.6456 3.9489 3.35 -9.15 1.03 118 231 209 228 209 
0.6312 -0.6938 0.1823 -0.2948 48.69 6.37 95.06 -2.35 -7.00 -3.73 -2.7800 2.2800 -2.0000 -0.7478 0.2056 1.0356 0.12 -9.67 -1.59 113 239 218 231 209 
0.5961 -0.7114 0.2865 -0.2375 42.31 0.13 100.25 -1.84 -10.02 -2.03 -2.4200 -0.8700 -0.8500 0.2600 -2.3778 -1.3067 0.67 -9.63 -1.67 117 237 216 231 207 
0.6330 -0.7539 0.0696 -0.1616 23.81 12.75 96.87 1.31 -7.69 -4.63 -0.8600 1.8300 -3.8200 3.1389 -6.5400 -3.3067 4.13 -8.87 -0.58 120 238 220 232 205 
0.6815 -0.5807 -0.4432 0.0436 342.06 37.69 96.75 11.77 -2.00 -6.45 9.9100 4.2700 0.1300 1.8500 -2.9256 -0.8778 6.42 -7.25 -1.51 123 228 214 228 202 
0.6002 -0.3134 -0.6882 0.2609 313.00 41.50 100.87 6.45 -6.63 0.53 -0.1400 0.8800 1.8500 -0.5222 0.3767 0.0544 6.49 -7.20 -1.45 126 236 226 235 206 
0.6366 -0.3651 -0.6460 0.2101 331.69 42.44 93.69 9.21 -4.95 0.01 3.5700 2.4900 -0.3800 -3.4122 8.6778 -0.2167 6.35 -7.28 1.62 156 232 259 263 211 
0.7634 -0.5804 -0.2148 -0.1849 40.81 25.87 75.75 5.23 -9.01 -2.06 -0.1500 -1.5200 -0.6000 -5.6556 4.8811 2.1211 2.10 -9.57 -0.36 176 258 272 297 212 
0.5045 -0.7003 0.3608 -0.3532 74.06 5.31 111.87 2.13 -5.15 -6.40 -0.1600 3.8600 -2.9000 -3.5456 1.2467 2.0156 0.05 -7.59 -6.20 173 263 281 299 217 
0.3044 -0.6971 0.6025 -0.2416 262.62 -2.62 135.56 -1.37 -5.26 -8.25 -1.1400 0.9100 -1.8900 0.5311 -0.3922 -0.1833 -0.63 -6.95 -6.87 170 242 272 283 215 
0.3625 -0.6933 0.5667 -0.2584 70.81 -1.87 116.56 -4.17 -5.01 -6.97 -4.1200 5.3500 0.8300 6.1467 0.5411 -2.7367 1.40 -9.67 0.72 170 254 277 282 217 
0.5613 -0.5927 0.3549 -0.4557 75.56 6.06 92.87 2.74 -8.00 1.39 0.6800 1.4400 0.2400 -5.6133 0.3744 1.9600 -0.26 -8.74 -4.42 173 257 277 291 217 
0.3288 -0.7215 0.5756 -0.2000 258.94 -6.62 142.25 -3.32 -3.23 -11.82 -1.9600 2.4200 -3.6400 -0.8089 0.1789 0.4189 -1.25 -5.02 -8.32 171 247 274 289 217 
0.2759 -0.7271 0.6086 -0.1571 65.12 -4.31 132.81 -3.56 -5.22 -10.01 -5.3100 3.8700 1.4600 9.2000 0.9844 -3.7000 1.03 -9.73 0.51 166 256 277 288 218 
0.5900 -0.5831 0.3297 -0.4508 71.00 7.94 84.12 3.63 -7.62 -0.78 0.7500 1.6900 -2.7500 0.1256 -0.6756 1.0667 0.78 -9.72 0.96 174 256 280 297 218 
0.6804 -0.5824 0.2355 -0.3774 55.69 10.56 71.25 1.48 -4.94 -1.48 -0.3400 4.2400 -4.6500 5.9044 -0.7333 -2.8156 3.79 -6.52 6.25 178 288 305 317 218 
0.8072 -0.2914 -0.1069 -0.5021 66.56 28.25 11.19 6.07 4.00 9.44 1.7200 4.5100 3.0600 3.8356 1.9633 -1.4800 3.67 1.89 8.89 180 349 332 360 217 
0.7929 -0.0006 -0.2052 -0.5737 73.37 16.00 -14.06 1.27 7.12 11.59 -0.6400 5.2300 5.9500 -4.9722 2.5711 0.4411 2.12 1.37 9.47 183 373 333 365 218 
0.7870 -0.0323 -0.1371 -0.6006 74.87 15.06 -6.25 2.05 0.75 9.34 -0.2100 -0.1200 0.0300 -0.1733 -0.3967 0.0233 2.77 0.88 9.36 181 369 342 365 219 
;
