0.7880 0.1604 -0.3648 -0.4693 61.38 24.94 -41.13 2.35 7.31 8.91 -1.8700 2.2700 2.8600 -0.4844 -1.6200 0.8144 4.81 5.25 6.73 159 285 251 322 225 
0.8455 0.0249 -0.3029 -0.4391 51.69 29.19 -6.81 6.92 3.24 9.89 1.8100 2.5800 -0.1200 -6.4356 1.4111 3.3911 3.72 -3.86 8.21 131 238 215 257 221 
0.8664 -0.3969 0.0176 -0.3026 35.38 5.37 55.56 0.53 -3.71 1.39 0.1900 4.3100 -3.9100 -5.0478 0.9078 3.9011 -2.04 -9.38 1.97 131 240 211 255 213 
0.7158 -0.6172 0.3182 -0.0732 5.94 -25.37 92.50 -7.19 -5.33 -1.89 -3.0300 2.9800 -0.3500 -1.3744 -0.7589 0.4000 -4.75 -8.46 -1.34 138 241 212 257 207 
0.6573 -0.7002 0.2740 0.0510 348.25 -22.12 97.19 -4.86 -9.26 -1.94 -1.8600 0.1500 -1.4200 -0.8200 -5.6856 -3.1900 -1.55 -9.67 -0.46 138 241 220 256 209 
0.6756 -0.6694 -0.2249 0.2121 319.25 7.06 90.50 2.23 -6.43 -4.17 0.6700 2.6300 -2.7100 -0.1222 -7.5944 -3.3056 3.36 -9.10 -1.40 132 234 223 250 210 
0.4758 -0.3704 -0.7040 0.3751 276.44 23.75 109.62 9.25 -7.93 -5.80 3.4500 0.3300 -1.5600 0.8856 -0.8689 -0.9589 4.33 -8.25 -3.04 135 234 220 252 208 
0.4294 -0.2374 -0.7681 0.4114 274.37 28.50 109.25 7.59 -7.42 0.13 2.5100 0.0600 2.5500 -0.6044 2.6089 -1.6444 5.97 -7.46 -2.17 167 292 253 270 224 
0.6397 -0.2178 -0.6817 0.2805 319.87 52.88 83.37 9.73 -7.46 0.31 1.7500 -1.7600 -0.9800 1.2700 1.5867 -3.1400 8.71 -3.89 2.25 180 374 141 183 202 
0.7905 -0.0872 -0.5907 0.1367 342.37 66.19 36.56 8.38 -1.35 0.76 -2.8500 1.4900 -4.4900 2.8300 0.3344 -1.0700 8.91 -1.01 3.94 181 370 160 174 179 
0.8343 0.0646 -0.5283 0.1438 339.69 63.69 2.25 7.43 2.21 5.16 -1.2000 2.2100 0.9900 -0.2556 0.9922 -0.7089 8.47 0.26 4.92 176 370 163 176 178 
0.8655 0.0863 -0.4802 0.1134 347.37 57.25 -4.31 8.54 3.54 5.16 0.4900 3.3200 -0.1300 -1.6933 0.4333 -0.8956 8.08 0.30 5.53 174 378 170 178 176 
0.8890 0.0143 -0.4576 0.0005 4.44 52.81 -2.12 7.50 0.72 4.17 0.5200 0.3800 -1.7600 -2.1344 0.7656 -1.2333 7.43 -0.02 6.39 176 379 163 179 180 
0.9038 -0.0803 -0.3923 -0.1510 21.94 44.19 2.87 6.62 -2.42 4.37 0.2700 -1.4900 -1.6900 -0.4767 0.8900 -0.0178 6.18 -0.57 7.58 171 384 180 182 179 
0.9297 -0.0894 -0.3101 -0.1772 20.75 36.31 3.87 2.97 -2.08 11.08 -2.8800 -1.3100 2.9800 0.1889 -0.0556 0.2922 5.66 -0.54 7.98 172 384 182 188 180 
0.9364 -0.0867 -0.3013 -0.1578 18.37 38.00 5.37 0.66 0.31 8.52 -5.7700 0.9000 0.6200 -0.6678 -1.6644 0.1011 6.84 -1.13 6.92 182 402 194 220 222 
0.8998 -0.1429 -0.3729 -0.1757 26.12 45.25 8.31 2.72 -2.35 2.59 -3.7700 -1.9000 -3.8400 -0.0100 -0.9856 -2.0544 7.33 0.01 6.50 181 331 287 302 226 
0.8253 -0.0901 -0.4635 -0.3096 44.31 56.38 -22.81 13.87 6.18 3.87 5.9400 2.6200 -0.0200 -0.5522 1.0856 -2.9033 7.51 3.87 4.96 179 331 338 402 228 
;
