0.7845 -0.0688 -0.1060 -0.6071 75.44 14.44 -1.19 2.57 0.15 9.39 0.1000 -0.0600 -0.1200 -0.0022 -0.0144 -0.0067 2.46 0.20 9.49 170 335 341 353 216 
0.7845 -0.0692 -0.1065 -0.6070 75.44 14.50 -1.19 2.59 0.15 9.36 0.1000 -0.0800 -0.1300 0.0056 0.0144 0.0178 2.44 0.20 9.49 170 335 341 354 216 
0.7852 -0.0688 -0.1058 -0.6062 75.25 14.44 -1.19 2.58 0.11 9.35 0.1500 -0.0700 -0.1200 0.0256 0.0411 0.0222 2.44 0.20 9.49 152 317 338 335 215 
0.7848 -0.0839 -0.1096 -0.6042 76.19 16.50 2.31 4.79 -0.10 12.55 2.1300 2.0300 4.2800 -2.6189 -2.3511 0.6800 3.29 -3.09 8.70 109 233 229 235 211 
0.7522 -0.3475 0.0085 -0.5598 71.12 21.94 42.44 2.86 -5.32 4.59 -0.9900 2.8300 -1.2600 -4.5656 -1.4889 2.7467 2.45 -8.96 3.13 105 222 215 230 206 
0.6794 -0.6298 0.1927 -0.3234 46.56 4.87 86.94 -1.82 -5.68 -2.76 -2.7500 3.6900 -2.7200 -0.9522 -0.8644 0.9500 -0.08 -9.79 -0.47 108 234 220 239 206 
0.6585 -0.6881 0.2248 -0.2058 32.50 0.06 92.12 -2.27 -10.26 -1.38 -2.4700 -0.9700 -2.1000 1.2911 -4.4211 -1.8978 1.42 -9.69 0.27 110 236 218 236 205 
0.7258 -0.6740 -0.1169 -0.0734 4.25 20.50 85.06 4.44 -7.05 -1.10 0.2800 1.2700 -3.1700 3.0444 -7.5567 -2.5667 5.40 -8.17 0.16 109 232 214 230 202 
0.6320 -0.3991 -0.6297 0.2117 308.62 39.63 105.06 8.36 -4.44 -5.43 3.2900 2.9800 -1.5400 2.3256 -4.5200 -1.5600 6.13 -6.95 -3.18 108 235 222 231 207 
0.4282 -0.0952 -0.8136 0.3817 274.25 38.31 116.00 8.28 -5.91 -1.23 1.4600 0.8500 1.6000 -0.4444 0.4844 0.2844 6.01 -6.94 -3.44 115 235 226 240 208 
0.4296 -0.1172 -0.8115 0.3784 280.12 37.75 114.37 8.72 -6.19 -2.01 2.8800 1.0000 0.9400 -0.4767 2.5256 0.6167 6.18 -7.25 -2.30 150 290 263 257 212 
0.5411 -0.2434 -0.7275 0.3445 297.56 37.31 100.62 6.72 -8.63 -3.10 0.5300 -0.5100 -1.1400 0.3189 1.5956 1.1178 5.42 -8.14 -0.57 158 326 237 246 215 
0.6021 -0.3317 -0.6306 0.3604 297.19 30.37 91.00 0.73 -6.47 0.25 -2.9600 2.1700 0.8200 -1.2133 -0.6678 0.1444 4.77 -8.50 -0.99 161 297 155 184 203 
0.5303 -0.3769 -0.6794 0.3395 294.56 26.87 105.75 3.54 -7.32 -2.72 -0.4300 0.9100 -0.4300 -0.8322 -1.1078 0.4667 3.78 -8.44 -3.25 149 292 167 186 197 
0.4413 -0.3953 -0.7233 0.3549 280.56 20.12 112.81 6.42 -13.28 -7.10 3.4500 -4.8400 -3.7300 1.3289 0.3989 -0.1878 3.52 -8.75 -2.65 139 278 172 188 198 
0.5037 -0.3481 -0.6765 0.4092 283.69 24.87 94.62 5.29 -9.54 -3.13 0.1600 -0.1900 -2.9500 3.0067 1.9978 -0.8200 4.60 -8.44 1.88 138 283 175 191 198 
0.6857 -0.2434 -0.5076 0.4614 293.06 27.62 58.69 1.35 -4.68 2.95 -2.6100 3.0600 -1.8000 2.9067 1.9633 -0.8500 4.13 -5.90 6.64 139 287 178 191 198 
0.8113 -0.1292 -0.3053 0.4816 298.62 19.94 29.06 -0.10 1.40 9.65 -3.5300 5.2400 1.9700 0.5044 0.2889 0.0244 3.05 -3.94 8.44 139 289 181 192 198 
0.8289 -0.1023 -0.2469 0.4913 299.00 18.00 26.62 3.14 -3.23 8.93 -0.0200 1.1600 0.5500 -0.6756 -0.3389 0.4611 3.08 -4.70 8.03 142 288 186 194 196 
0.8040 -0.1450 -0.2909 0.4980 296.19 19.31 36.06 0.84 -2.35 7.41 -0.8600 4.2900 0.3200 -2.6944 -0.4300 0.1556 3.48 -6.70 6.24 158 292 179 205 205 
0.7363 -0.2678 -0.4208 0.4573 298.12 22.62 63.69 1.54 -5.44 0.27 -1.4800 2.8000 -2.8200 -4.3300 0.8633 -1.4500 4.54 -8.59 1.24 162 302 254 256 215 
0.6877 -0.4649 -0.5279 0.1793 344.12 39.81 91.62 7.12 -7.61 -3.62 0.2100 -0.5900 -2.9200 -2.2122 3.3056 -3.9667 8.19 -5.36 0.45 159 323 303 297 212 
;
