0.9325 0.0284 -0.0764 -0.3519 41.31 7.00 -6.12 1.31 0.99 9.68 0.1100 -0.0500 0.0100 -0.0022 0.0111 -0.0033 1.19 1.04 9.67 160 340 338 359 214 
0.9324 0.0282 -0.0764 -0.3520 41.31 7.06 -6.12 1.34 1.02 9.61 0.0700 -0.0600 0.0400 0.0044 0.0144 0.0022 1.20 1.04 9.67 159 341 339 361 214 
0.9324 0.0281 -0.0763 -0.3521 41.38 7.00 -6.12 1.26 0.97 9.69 0.0700 -0.0300 0.0000 0.0011 0.0033 0.0044 1.20 1.04 9.67 162 339 338 360 214 
0.9324 0.0283 -0.0760 -0.3522 41.31 6.87 -6.12 1.30 0.89 9.73 0.0400 -0.1500 0.1100 0.1044 0.0444 0.1111 1.20 1.16 9.66 159 341 340 362 211 
0.9352 0.0541 -0.1112 -0.3320 36.69 15.19 -15.88 6.34 4.97 17.01 2.4000 1.5100 5.0400 -0.5178 -1.2789 0.9778 4.17 2.41 8.53 167 355 321 324 213 
0.9441 0.0032 -0.2162 -0.2490 28.00 21.06 -0.81 6.17 0.09 7.60 2.0000 0.1900 -2.3300 -2.5600 0.7633 2.4044 2.55 -2.20 9.20 168 307 186 224 215 
0.9736 -0.1692 -0.1092 -0.1069 7.37 15.44 18.50 2.86 -1.94 3.82 0.0100 2.6000 -3.2300 1.5044 -1.2078 1.3011 3.31 -2.30 8.93 133 217 159 176 191 
0.9799 -0.0701 -0.1837 0.0335 355.62 21.37 5.62 1.70 1.54 8.90 -1.6000 1.8300 0.3300 0.9711 -0.1433 -0.2889 3.74 0.01 9.06 122 211 158 181 184 
0.9810 0.0170 -0.1918 0.0260 358.06 21.62 -1.94 3.15 1.73 9.55 -0.2000 1.6000 0.4300 -0.2567 0.2367 -0.8456 3.38 0.48 9.19 123 215 167 185 191 
0.9836 0.0200 -0.1744 -0.0423 6.94 19.50 -3.19 3.41 1.64 9.13 0.3500 1.2800 -0.2000 -0.5756 0.1800 -1.5544 3.06 0.45 9.30 121 218 170 189 191 
0.9765 -0.0043 -0.1508 -0.1540 20.37 16.69 -2.00 4.12 0.30 8.53 1.1900 -0.1200 -0.8700 -0.5622 0.2956 -1.2356 2.60 0.17 9.45 121 220 170 193 192 
0.9604 -0.0318 -0.1285 -0.2451 30.19 15.13 0.25 3.07 -2.43 9.07 0.7300 -2.2600 -0.1900 -0.2344 -0.0778 -0.2633 2.65 -0.16 9.43 121 218 174 191 192 
0.9518 -0.0518 -0.1288 -0.2733 31.62 16.00 2.19 2.52 -1.11 9.33 -0.1900 -0.5000 -0.3300 -0.1900 -0.1344 0.3867 2.78 -0.60 9.38 123 219 175 194 192 
0.9557 -0.0732 -0.1352 -0.2507 28.56 17.12 5.25 2.87 0.00 9.23 -0.5300 0.8800 -0.0400 -1.4133 0.5600 0.9800 2.47 -1.97 9.28 158 277 187 246 213 
0.9625 -0.1732 -0.0774 -0.1938 21.12 11.19 21.44 2.36 -7.54 8.08 0.9100 -3.9100 -0.6300 -0.6400 0.4833 0.8378 1.48 -4.17 8.74 160 315 304 303 209 
0.9661 -0.2203 -0.0270 -0.1321 14.25 4.94 24.00 3.58 -4.40 9.16 2.0800 -0.8600 -0.1200 1.1133 -0.4367 1.1711 0.84 -3.41 9.15 168 353 334 356 207 
0.9857 -0.1579 -0.0408 -0.0421 2.75 5.44 16.56 2.44 -0.35 9.02 1.2500 2.7100 -0.2900 1.2700 -0.2067 0.6756 1.08 -2.04 9.52 180 358 337 380 214 
0.9931 -0.0858 -0.0753 0.0276 356.06 9.06 10.13 0.70 0.60 10.34 -1.1600 2.0900 0.8800 -0.8422 -0.2144 -0.0956 1.75 -2.29 9.37 183 270 290 363 218 
0.9822 -0.1544 -0.1043 0.0220 357.81 11.81 20.44 1.22 -1.76 9.59 0.3200 2.1300 0.7600 -1.8656 -0.7867 -0.5089 2.66 -4.67 8.20 180 253 252 359 220 
0.9482 -0.2808 -0.1451 -0.0306 5.62 17.56 35.06 4.58 -4.24 7.49 1.8000 1.5600 -0.0400 -1.3744 0.4233 -0.9511 3.12 -5.92 7.16 180 248 245 331 223 
0.9118 -0.3705 -0.1300 -0.1200 17.06 19.19 45.31 3.67 -7.45 4.62 0.3900 -0.9200 -1.9200 -1.4511 0.7100 -0.8278 3.29 -7.12 5.87 172 257 242 328 225 
0.8644 -0.4510 -0.0894 -0.2036 27.87 19.87 52.38 4.00 -9.29 2.88 0.8100 -1.4100 -1.7600 0.2367 0.3267 -0.0111 3.23 -7.25 5.75 174 262 241 328 226 
0.8649 -0.4459 -0.0714 -0.2194 27.94 18.19 51.44 1.46 -7.25 4.98 -1.0200 0.1400 -0.9900 0.0022 -0.4822 0.0789 3.09 -7.35 5.69 172 268 249 316 220 
0.8661 -0.4482 -0.0528 -0.2149 29.69 14.06 50.63 0.61 -5.67 2.25 -2.1600 1.5500 -4.0200 1.7589 1.9022 -0.9611 1.72 -6.30 7.31 167 284 285 311 216 
;
