0.9340 0.0159 -0.0090 -0.3569 41.81 0.31 -1.94 0.09 0.37 10.22 -0.1000 0.0200 -0.1600 -0.0411 -0.0067 -0.0056 0.06 0.29 9.80 168 344 341 368 212 
0.9340 0.0123 -0.0081 -0.3571 41.81 0.31 -1.56 -0.07 0.32 9.72 -0.1400 0.0700 0.0400 -0.0067 0.0011 0.0022 0.05 0.27 9.80 169 345 342 369 213 
0.9340 0.0123 -0.0074 -0.3571 41.81 0.25 -1.56 -0.08 0.32 9.74 -0.1500 0.0500 0.0200 0.0044 0.0044 0.0011 0.04 0.28 9.80 170 344 338 370 213 
0.9340 0.0128 -0.0071 -0.3571 41.81 0.19 -1.62 -0.16 0.29 9.86 -0.8000 -0.1700 0.1300 0.2311 -0.0389 0.2111 0.09 0.44 9.79 169 338 344 373 212 
0.9429 0.0279 -0.0743 -0.3235 35.88 14.50 -8.81 4.35 4.10 16.34 2.2000 3.3100 6.3700 -1.4656 -3.6522 1.4256 5.19 0.56 8.29 168 330 242 256 212 
0.9288 -0.1184 -0.2638 -0.2319 25.00 30.87 12.81 7.17 -3.05 5.77 -0.2600 0.0900 -4.1600 -0.9067 -0.0556 2.9867 4.07 -3.74 8.09 163 261 166 175 210 
0.9534 -0.2292 -0.1896 -0.0503 0.88 23.25 26.25 3.00 -2.76 2.35 -1.6900 2.6100 -5.0400 3.4222 -1.2422 0.9278 4.53 -2.34 8.37 144 215 158 168 187 
0.9671 -0.0460 -0.2346 0.0870 350.37 24.81 3.75 1.66 2.95 8.47 -1.9700 3.3500 0.1600 0.9844 0.4256 -0.7611 3.77 0.52 9.03 129 223 165 170 183 
0.9789 0.0463 -0.1929 0.0488 355.69 22.12 -4.31 3.13 2.76 9.72 -0.5300 2.1000 0.4400 -0.8722 0.3844 -1.3344 3.42 0.51 9.17 126 228 167 174 185 
0.9838 0.0100 -0.1717 -0.0508 8.44 19.31 -1.25 4.33 1.99 8.52 1.2200 1.7900 -0.7100 -1.3656 0.2489 -1.1322 3.12 -0.38 9.28 127 233 169 175 185 
0.9745 -0.0695 -0.1453 -0.1562 19.56 17.69 7.31 3.40 -3.11 7.93 0.4100 -1.9600 -1.2100 -1.0633 -0.0811 -0.1144 3.15 -1.92 9.08 126 232 172 176 184 
0.9622 -0.1498 -0.1449 -0.1753 20.12 19.44 16.19 2.53 -2.90 8.36 -0.6000 0.7100 -0.4800 -1.6422 0.1300 0.9411 3.05 -3.70 8.54 149 220 171 182 198 
0.9477 -0.2709 -0.1185 -0.1204 12.81 16.37 33.94 1.32 -4.13 4.58 -0.8500 1.3000 -2.7500 -2.6889 0.0533 0.7967 2.27 -6.96 6.51 154 222 245 253 211 
0.8790 -0.4633 -0.0776 -0.0819 13.56 9.25 64.81 1.91 -9.30 4.03 1.0100 -1.9500 -0.9100 -6.9011 1.8967 -0.2378 1.40 -9.69 -0.53 162 206 228 272 211 
0.5738 -0.8083 0.0220 -0.1302 24.94 11.19 114.50 1.99 -12.13 -5.23 -0.2900 -2.8000 1.7900 -1.0533 -1.4633 -0.8111 1.74 -8.25 -5.00 167 196 205 236 200 
0.4888 -0.8678 -0.0757 -0.0483 9.63 9.13 122.25 0.74 -8.74 -4.64 -0.8800 -0.0800 0.4500 0.3633 -1.4800 -1.5289 1.91 -8.11 -5.16 169 202 205 228 198 
0.4872 -0.8369 -0.2493 -0.0032 357.69 17.06 123.12 1.19 -6.51 -6.90 -1.6400 1.4000 -2.1300 2.4544 -4.4733 -5.7078 4.49 -7.10 -5.04 170 199 204 224 194 
0.4551 -0.4919 -0.7288 0.1407 319.06 32.69 132.75 4.93 0.21 -7.76 0.4100 7.2100 -0.5900 1.6256 -3.7444 -4.8033 5.42 -4.98 -6.46 170 192 199 220 192 
0.3290 -0.0869 -0.9114 0.2314 287.62 33.56 145.75 8.08 -3.55 -6.47 2.2300 0.7600 0.1700 -0.0811 -0.1133 -0.0067 5.31 -4.57 -6.85 168 191 201 219 186 
0.3151 -0.0687 -0.9183 0.2297 290.87 34.06 146.00 9.34 -2.92 -4.51 3.9700 1.8200 2.2600 -2.0067 6.0433 2.1411 7.26 -4.62 -4.70 171 210 229 253 205 
0.6292 -0.3335 -0.6987 0.0684 1.56 56.56 88.75 6.63 -2.68 -4.97 -2.2500 1.0900 -5.6000 0.0522 9.3211 -0.3056 6.04 -5.56 5.35 167 279 292 321 208 
0.9115 -0.2995 -0.0994 -0.2638 34.81 12.38 23.25 -0.63 -2.80 10.03 -0.5700 0.7000 2.3300 3.2844 0.7567 -1.0556 1.14 -0.93 9.69 172 364 330 365 208 
;
