0.9150 0.0151 -0.1009 -0.3904 46.19 9.88 -6.25 1.60 0.99 9.59 -0.1100 0.0100 0.4300 0.0178 0.0122 -0.0233 1.66 1.08 9.60 171 355 344 360 213 
0.9144 0.0184 -0.1000 -0.3917 46.38 9.69 -6.56 1.61 1.09 9.61 -0.0700 -0.0700 -0.1100 0.0178 0.0433 0.0067 1.62 1.11 9.60 171 355 348 362 212 
0.9149 0.0214 -0.0974 -0.3911 46.13 9.00 -6.81 0.50 0.55 10.07 -1.2600 -0.4700 1.0900 1.1122 -1.3378 0.6411 2.14 1.73 9.41 173 355 342 363 211 
0.9117 0.0428 -0.2263 -0.3403 39.81 27.56 -14.38 9.57 3.79 11.88 5.5300 1.4400 4.6800 -1.5811 -1.7189 2.0389 6.07 0.76 7.65 167 330 198 221 210 
0.9105 -0.1209 -0.3092 -0.2463 25.87 38.19 11.19 7.69 -3.16 4.10 0.7800 -1.2200 -3.3400 0.1311 -0.3411 3.2233 5.55 -3.08 7.47 159 271 175 194 207 
0.9412 -0.1804 -0.2849 -0.0223 357.56 32.63 20.69 3.43 -0.94 3.72 -1.1900 2.3300 -4.0900 3.5144 0.3167 0.7244 5.12 -1.34 8.25 128 213 172 182 189 
0.9598 0.0203 -0.2552 0.1148 346.00 28.19 -1.94 2.54 3.35 9.05 -1.3600 2.9400 0.5300 0.6956 0.3489 -0.3656 4.40 1.07 8.69 123 212 178 182 185 
0.9677 0.0906 -0.2104 0.1050 348.25 25.12 -8.63 3.82 2.60 9.27 -0.5500 1.3200 0.4700 -0.4111 0.1433 -0.7478 4.02 1.40 8.82 123 211 179 185 185 
0.9749 0.0829 -0.2018 0.0435 356.44 23.19 -8.75 4.60 2.98 8.59 0.5900 1.3200 -0.7700 -0.8711 0.3811 -1.5144 3.44 1.17 9.10 121 205 180 189 185 
0.9814 0.0438 -0.1722 -0.0728 9.81 18.81 -6.31 4.93 1.35 8.20 1.3500 -0.5400 -1.1000 -0.7022 0.1711 -0.4278 2.91 0.59 9.34 121 202 183 189 187 
0.9816 0.0050 -0.1503 -0.1177 14.00 16.69 -2.12 1.53 -3.09 9.60 -0.4400 -2.3900 -0.1300 0.0111 0.0922 -0.1367 2.79 0.32 9.39 122 200 183 191 185 
0.9814 0.0012 -0.1451 -0.1260 14.44 16.69 -2.31 1.53 0.14 8.59 -1.5100 -0.4000 -1.2100 -0.5367 -0.7033 0.6000 3.32 -0.15 9.22 148 205 190 199 197 
0.9744 -0.0577 -0.1967 -0.0930 11.13 24.56 6.19 1.58 -1.66 4.44 -2.2300 -0.5600 -4.6300 -0.8289 -0.3778 -0.8167 4.49 -1.37 8.60 165 268 272 272 208 
0.9581 -0.1075 -0.2118 -0.1602 21.94 23.56 8.06 7.75 -1.03 9.75 3.6100 -0.0700 2.3400 1.7011 3.2044 -0.8944 2.01 -0.20 9.59 167 211 182 236 206 
0.9720 -0.0005 -0.0198 -0.2340 25.00 -5.06 2.37 1.03 -0.76 12.58 -2.1700 -1.4100 0.2300 -1.8222 5.6633 2.3778 -4.94 -1.33 8.36 175 137 131 171 188 
0.9352 -0.0199 0.3508 -0.0447 359.81 -45.50 -0.06 -12.97 2.63 8.94 -0.6400 2.3800 3.1000 -0.4433 1.2878 2.0611 -7.48 1.30 6.20 187 140 147 175 188 
0.8953 0.0239 0.4307 0.1111 345.62 -49.88 -12.56 -6.64 1.74 6.12 0.9200 0.4800 0.2800 0.1111 -0.1567 0.1811 -7.35 1.48 6.30 192 145 150 172 188 
0.8998 0.0309 0.4197 0.1152 345.69 -48.38 -13.00 -7.02 0.68 6.81 0.3600 -0.6700 0.3200 -0.1011 0.0900 -0.1256 -7.38 1.31 6.31 189 148 150 174 187 
0.9007 0.0191 0.4205 0.1075 346.69 -48.50 -10.25 -8.97 1.51 6.61 -1.4700 0.6200 -0.0500 -0.0856 -2.8689 -1.2167 -6.19 0.52 7.58 185 165 172 192 202 
0.9601 -0.0078 0.2783 0.0258 1.56 -23.69 1.06 1.80 0.92 7.10 4.4100 1.0000 -1.7100 1.5233 -6.1756 -1.4944 0.57 0.70 9.76 176 292 267 295 208 
0.9793 0.0463 -0.1645 -0.1083 13.31 26.56 -9.38 6.63 0.91 10.59 2.3300 -0.0400 0.9900 -0.0400 -3.8511 0.2600 6.66 1.39 7.06 169 333 293 316 208 
0.9243 0.0187 -0.3637 -0.1146 14.44 38.38 -7.81 6.52 0.61 5.25 0.3200 -0.6800 -3.1400 -0.0444 4.7944 -0.5911 3.08 1.18 9.23 175 353 314 348 206 
0.9810 0.0809 -0.0767 -0.1591 19.00 4.62 -12.69 -0.28 2.76 10.37 0.7700 0.2900 1.3300 0.9589 0.7122 -0.5189 0.19 3.17 9.27 179 365 337 364 205 
;
