0.4453 -0.1183 -0.2117 -0.8619 125.25 23.00 -16.50 3.82 2.63 8.69 -0.0200 -0.1500 0.1200 0.1144 0.0333 0.0133 3.81 2.65 8.63 173 362 354 407 224 
0.4450 -0.1171 -0.2177 -0.8607 125.37 27.06 -16.12 4.89 3.28 13.84 4.3500 0.2100 8.8800 -2.4600 -4.0422 0.7744 7.15 0.61 6.67 173 380 345 402 226 
0.4329 -0.4127 -0.1382 -0.7894 117.37 49.00 28.00 10.29 -2.09 4.30 1.5000 2.0600 -2.5400 -0.9478 -0.8589 6.0022 5.17 -6.84 4.74 176 378 256 321 225 
0.6862 -0.4833 0.0979 -0.5349 65.62 19.87 54.06 2.15 -4.03 1.10 -2.0800 3.3700 -5.1700 5.4122 -5.2633 0.5967 4.72 -5.81 6.33 176 329 155 183 211 
0.8655 -0.3256 -0.1981 -0.3250 42.19 36.75 21.06 3.84 3.05 6.46 -2.4800 5.2400 -1.0900 2.5811 0.6589 -2.2856 5.76 -0.33 7.92 139 284 168 188 187 
0.8583 -0.1064 -0.2740 -0.4206 54.94 33.19 -5.50 4.41 4.02 8.82 -0.9800 3.0100 0.3400 -0.2167 -0.0511 -1.8633 5.11 1.26 8.27 136 239 168 195 191 
0.7971 -0.0859 -0.2555 -0.5405 70.87 29.44 -8.69 5.57 1.71 7.47 0.8000 0.4800 -1.1200 -1.1889 0.2967 -1.1000 4.62 0.90 8.60 134 240 173 197 189 
0.7421 -0.1302 -0.2009 -0.6262 81.37 26.87 -2.06 5.25 0.16 7.11 1.1700 0.1300 -1.9500 -1.2233 0.4989 0.2222 4.16 -0.54 8.85 136 228 174 200 194 
0.7475 -0.1926 -0.1210 -0.6241 77.87 24.62 12.19 1.77 -4.97 8.21 -1.9200 -1.6400 0.1500 -2.3522 -0.2667 1.9589 3.80 -3.83 8.18 155 218 174 204 209 
0.7736 -0.3387 0.0497 -0.5333 68.62 11.00 44.69 0.29 -7.11 4.31 -2.3600 0.0900 -3.3500 -4.4556 1.7322 1.9344 -0.45 -8.94 4.00 175 334 323 396 221 
0.6508 -0.4800 0.4198 -0.4122 62.56 -10.88 84.50 -6.41 -15.34 -3.48 -5.0600 -4.6000 -5.3600 1.5944 -1.6978 -0.7933 -1.39 -9.56 1.65 184 383 351 430 223 
0.7215 -0.4626 0.3108 -0.4109 58.50 -1.37 58.50 4.53 0.89 3.47 4.4100 9.5100 -0.8600 5.9222 -1.3844 -0.0700 0.60 -5.23 8.26 182 389 364 429 223 
0.8744 -0.1877 0.0305 -0.4465 52.63 7.62 18.19 1.46 1.19 22.21 0.1600 4.1800 11.7800 -3.9400 -1.3422 0.4889 2.01 -4.91 8.24 183 390 362 429 222 
0.8288 -0.3896 0.0795 -0.3936 51.13 7.75 55.50 0.25 -5.89 0.80 -1.1200 1.0700 -4.4800 -4.6111 1.5089 0.4900 0.41 -9.54 2.19 184 390 360 432 223 
0.6531 -0.5897 0.3085 -0.3613 58.88 1.25 83.69 0.00 -11.06 -8.18 0.1200 -0.1700 -9.0100 3.6289 -0.1511 -0.0611 0.24 -9.31 3.06 182 384 361 428 223 
0.7797 -0.4172 0.1906 -0.4262 57.19 4.62 41.75 0.18 4.29 11.60 2.9200 9.8300 7.9500 5.5478 -0.8822 -0.6267 1.60 -2.40 9.37 178 374 363 390 222 
0.8679 -0.1483 -0.0367 -0.4727 56.81 13.25 16.81 1.82 -0.62 8.78 -1.5100 2.9700 -2.0600 -4.2044 -1.2456 0.3422 2.85 -5.61 7.51 182 384 340 412 223 
0.7907 -0.4092 0.0365 -0.4539 63.13 20.12 51.63 1.31 -3.71 2.74 -3.0000 2.7900 -3.9600 -2.6000 0.5233 -3.3656 5.23 -7.17 4.15 181 351 302 383 224 
0.5590 -0.5161 0.0100 -0.6489 109.06 45.38 38.63 8.72 -1.70 4.31 2.0900 1.1200 -1.7100 4.3700 2.1644 -4.9744 6.78 0.42 7.06 182 344 346 412 223 
0.4247 -0.2391 -0.2684 -0.8309 126.44 36.63 -22.81 10.29 9.89 13.93 2.2900 7.1100 18.8600 -2.3689 -0.2444 -0.2500 5.95 2.91 7.22 182 373 348 415 226 
;
