0.9012 0.0391 -0.0664 -0.4266 50.63 4.94 -7.31 0.90 1.12 9.56 0.0000 -0.1200 -0.0500 0.0033 -0.0011 0.0033 0.84 1.24 9.68 166 338 336 373 214 
0.9012 0.0392 -0.0665 -0.4266 50.63 4.94 -7.31 0.87 1.12 9.70 0.0100 -0.1300 0.0200 0.0011 -0.0033 -0.0022 0.84 1.24 9.68 169 339 336 375 215 
0.9012 0.0392 -0.0665 -0.4266 50.63 4.94 -7.31 0.86 1.10 9.71 0.0100 -0.1200 0.0400 0.0000 0.0011 -0.0011 0.84 1.24 9.68 168 335 336 373 215 
0.9013 0.0392 -0.0665 -0.4262 50.50 4.94 -7.31 0.69 1.04 9.73 -0.2900 -0.1800 0.0400 0.1011 -0.4833 0.3356 1.14 1.30 9.65 169 349 315 362 215 
0.9058 0.0106 -0.1580 -0.3929 46.06 22.37 -6.87 6.04 1.52 14.26 4.7600 1.4100 6.3200 -2.9822 -1.2689 0.5844 4.77 -0.95 8.51 168 365 299 289 213 
0.8875 -0.2234 -0.1876 -0.3566 40.75 28.62 24.19 7.03 -4.24 5.38 2.2500 0.0000 -2.1000 -1.7511 -0.1089 2.8378 3.86 -5.45 7.17 165 346 192 209 215 
0.9100 -0.3529 -0.1317 -0.1732 15.88 21.56 39.25 3.49 -3.45 3.90 -0.2800 1.5100 -3.2300 2.8689 -2.7511 1.5744 4.37 -4.75 7.37 133 233 153 166 201 
0.9467 -0.1879 -0.2606 0.0253 356.37 28.62 20.31 2.98 0.32 6.58 -1.9400 3.5600 -0.8200 2.2878 0.4089 -0.5900 4.70 -1.26 8.51 101 196 160 168 191 
0.9675 -0.0145 -0.2504 0.0299 356.62 29.19 1.00 4.21 2.30 10.09 -0.2900 2.2500 1.5800 -0.0889 0.2744 -0.5989 4.74 0.12 8.58 110 202 165 172 191 
0.9709 0.0062 -0.2391 -0.0109 3.31 27.19 -1.19 4.43 1.91 8.83 0.2400 1.7600 -0.0700 -0.7156 0.3267 -1.4356 4.27 0.18 8.82 0 206 167 174 192 
0.9698 -0.0201 -0.2126 -0.1172 16.31 24.00 0.00 5.03 0.25 8.02 1.1100 0.1400 -1.2700 -0.9889 0.3056 -1.1467 3.76 -0.35 9.04 109 208 168 175 191 
0.9585 -0.0664 -0.1793 -0.2116 25.69 21.75 3.37 3.78 -2.90 8.55 0.4000 -2.7200 0.0000 -0.1344 0.0678 -0.3589 3.62 -0.52 9.09 107 209 170 176 191 
0.9508 -0.0689 -0.1725 -0.2480 29.75 20.69 2.75 3.15 -0.75 9.45 -0.1700 0.0900 0.1400 -0.1111 0.0756 0.1033 3.39 -0.53 9.18 109 214 172 179 191 
0.9521 -0.0778 -0.1623 -0.2469 28.50 20.56 4.87 2.05 -0.71 8.44 -1.0400 0.3000 -0.4600 -0.8411 -0.1589 0.5967 3.46 -1.48 9.05 135 215 167 184 204 
0.9538 -0.1445 -0.1485 -0.2175 24.56 20.44 14.88 4.66 -2.49 8.84 1.0900 0.2000 0.1000 -1.5589 0.3611 1.0278 2.88 -3.62 8.64 3 287 278 299 209 
0.9489 -0.2489 -0.0727 -0.1799 21.25 9.19 33.75 1.64 -6.26 9.28 0.4100 -0.6800 0.4900 -3.8278 1.3156 0.5100 0.66 -7.23 6.58 165 353 316 357 208 
0.8609 -0.4785 0.0676 -0.1591 18.75 1.44 62.63 0.51 -10.10 1.28 0.5800 -0.7700 -3.4700 -0.8600 -0.3411 0.5589 -0.06 -9.17 3.46 167 367 332 363 208 
0.8276 -0.5490 0.0695 -0.0947 11.81 -0.62 64.12 0.67 -6.81 -2.03 1.1300 2.3500 -6.7800 4.7667 0.2167 0.0178 -0.02 -6.99 6.87 168 373 337 375 208 
0.9684 -0.2342 0.0148 -0.0837 10.00 -1.12 13.94 -2.10 9.47 10.48 -0.8700 10.3200 4.3200 5.6733 0.3278 0.6756 -0.62 2.30 9.51 174 378 341 380 207 
0.9810 0.1837 0.0068 -0.0628 7.00 -0.94 -22.56 -1.21 5.09 14.07 -1.0500 0.9800 4.0600 -0.1600 -0.1333 -0.0978 -0.02 3.77 9.05 176 381 340 378 206 
0.9798 0.1866 -0.0186 -0.0695 8.75 1.06 -21.00 1.00 2.66 6.25 0.7000 -0.8800 -3.1700 -0.2789 -0.2422 -0.2622 0.26 3.29 9.23 168 369 341 374 209 
;
