0.8434 0.0023 0.0291 -0.5364 64.87 -2.94 1.56 -0.26 -0.30 9.63 0.1600 -0.0200 0.0200 0.0100 -0.0044 -0.0011 -0.50 -0.26 9.79 179 337 339 367 217 
0.8434 0.0023 0.0290 -0.5364 64.87 -2.94 1.56 -0.45 -0.35 9.68 0.2000 -0.0900 0.0000 0.0011 -0.0067 -0.0011 -0.50 -0.26 9.79 180 334 339 366 216 
0.8434 0.0023 0.0289 -0.5364 64.87 -2.87 1.56 -0.35 -0.37 9.77 0.2100 -0.1100 -0.0500 0.0722 0.0767 -0.0056 -0.53 -0.22 9.78 180 338 340 368 217 
0.8524 0.0161 -0.0021 -0.5228 60.56 5.37 -5.37 2.23 1.62 18.01 1.9000 -1.1300 4.9600 -0.0444 -3.6911 2.0567 3.96 1.15 8.89 161 297 257 270 215 
0.8889 -0.0743 -0.2805 -0.3547 37.31 35.44 -1.31 8.00 -0.61 6.57 3.2400 -0.0800 -1.6900 1.0356 0.3900 3.2233 5.55 -0.71 8.05 118 219 181 200 213 
0.9502 -0.0789 -0.2788 -0.1146 9.31 32.25 4.75 4.94 -0.70 3.75 -1.4300 1.5300 -4.8100 2.3356 -0.3511 1.0256 5.27 0.19 8.26 104 211 172 197 205 
0.9593 0.0548 -0.2769 0.0107 358.06 31.75 -10.38 1.90 3.52 7.36 -3.8500 1.6200 -0.4900 1.1644 0.5311 -0.9267 4.76 2.67 8.14 105 215 176 198 205 
0.9569 0.1577 -0.2429 -0.0204 4.25 26.62 -21.56 2.54 4.79 8.23 -1.5100 1.6200 0.3300 -0.3778 -0.5822 -1.3778 4.39 3.51 8.03 105 210 180 204 207 
0.9460 0.1573 -0.2528 -0.1284 18.12 25.69 -23.62 4.68 5.07 7.67 0.9700 1.6000 -0.3800 -0.9867 0.1544 -1.5689 3.89 3.45 8.30 106 210 182 205 207 
0.9317 0.1113 -0.2294 -0.2588 33.56 20.87 -19.25 4.91 2.75 6.38 1.5700 -0.8000 -2.5000 -0.7289 0.3422 -0.6567 3.15 2.57 8.92 108 226 190 209 207 
0.9207 0.0634 -0.1952 -0.3319 40.50 18.37 -14.38 2.88 -0.82 10.10 -0.4500 -2.7800 1.2100 -0.0478 -0.3178 0.1633 3.28 2.18 8.97 109 225 188 210 208 
0.9160 0.0401 -0.2032 -0.3438 41.25 20.19 -12.75 2.92 1.68 8.85 -0.4800 -0.2000 -0.1100 0.0722 -0.2122 0.2356 3.58 2.01 8.90 106 224 192 210 206 
0.9155 0.0314 -0.2117 -0.3407 40.31 21.31 -11.88 3.53 2.07 8.79 -0.4600 0.0800 -0.5000 -0.7511 0.5589 0.9600 3.26 1.07 9.18 133 234 185 227 213 
0.9397 -0.0255 -0.1633 -0.2995 33.88 18.69 0.00 3.58 0.07 7.25 0.8200 0.7200 -1.6500 -2.6378 1.3867 0.8122 2.42 -1.81 9.32 154 285 269 295 214 
0.9456 -0.1829 -0.0311 -0.2675 30.62 9.94 23.50 5.07 -4.06 8.64 3.0000 1.1300 1.6100 -2.9711 1.9656 -0.4256 1.18 -5.46 8.05 154 296 303 337 210 
0.8686 -0.3360 0.1301 -0.3403 51.25 -3.31 50.13 -3.02 -9.13 2.48 -1.1700 -1.8100 -5.0200 -1.6244 2.4222 -1.1178 -0.95 -8.95 3.88 175 334 171 184 186 
0.6599 -0.3898 0.3643 -0.5292 79.37 -5.00 62.19 -0.20 -8.12 5.14 1.0400 0.4000 2.3700 1.2522 -0.1100 0.2289 -1.06 -8.05 5.49 187 360 174 186 185 
0.6977 -0.3123 0.3257 -0.5564 74.19 -6.81 53.69 -3.28 -14.64 8.38 -2.2000 -6.7800 2.6900 -1.6600 -1.0811 0.4878 -1.09 -8.36 5.00 190 362 178 192 188 
0.7034 -0.4103 0.3454 -0.4664 67.69 -5.00 68.87 -4.79 -7.66 3.71 -4.4000 2.7700 0.6400 -1.7044 0.5367 -1.0267 -0.25 -9.58 2.07 187 362 180 193 189 
0.5794 -0.5179 0.4069 -0.4801 81.62 2.25 83.37 -1.18 -4.50 0.04 -1.4300 5.4000 -0.8300 0.0922 1.6844 -0.9467 1.03 -9.68 1.16 190 362 179 196 190 
0.4957 -0.4725 0.4318 -0.5869 102.50 7.50 75.87 3.58 -5.09 2.96 2.2500 3.9100 0.9500 2.2011 1.6733 -0.0856 1.07 -8.93 3.89 188 366 185 200 190 
0.5146 -0.3323 0.3670 -0.7000 106.50 3.75 55.81 4.06 -10.87 8.27 4.0700 -3.2100 2.7300 1.7367 -0.7344 0.5878 0.49 -7.29 6.53 188 362 186 199 191 
0.6005 -0.2811 0.2788 -0.6947 94.44 3.12 46.13 -1.20 -10.51 7.94 -2.7600 -3.1100 0.8900 -0.9544 -1.0467 1.1300 0.49 -7.50 6.29 191 364 187 200 191 
0.6681 -0.3486 0.2611 -0.6033 83.37 4.31 52.13 -1.63 -5.43 4.76 -2.0500 1.6600 -1.7200 0.3144 -0.1967 0.1167 0.76 -7.67 6.05 191 368 187 200 192 
;
