0.8150 -0.0605 -0.1285 -0.5618 69.12 16.12 -2.69 2.82 0.33 9.30 0.1300 -0.0900 -0.1100 -0.0011 -0.0256 -0.0144 2.75 0.44 9.40 168 352 335 362 217 
0.8146 -0.0618 -0.1298 -0.5620 69.19 16.31 -2.69 2.81 0.34 9.27 0.1000 -0.0700 -0.1400 -0.0067 -0.0067 -0.0022 2.75 0.43 9.40 167 355 335 362 216 
0.8146 -0.0622 -0.1299 -0.5619 69.19 16.31 -2.62 2.86 0.36 9.32 0.1100 -0.0800 -0.0900 0.0467 0.0900 0.0011 2.71 0.46 9.41 168 352 327 364 215 
0.8163 -0.0517 -0.1267 -0.5611 68.75 14.75 -4.06 2.63 0.60 9.81 0.0100 -0.2000 0.8300 1.8578 -0.2456 0.2611 2.61 1.63 9.30 170 351 344 375 217 
0.8262 0.0137 -0.2161 -0.5202 63.06 21.69 -16.56 4.60 2.61 11.03 1.6700 0.1700 2.5400 0.0456 -2.1144 1.8344 5.15 2.10 8.07 158 338 282 309 218 
0.8638 -0.0547 -0.3193 -0.3859 43.31 36.88 -7.56 8.85 0.04 8.57 2.8500 -0.8700 0.1200 -0.1800 1.1789 2.6644 5.43 -0.10 8.15 114 220 177 192 206 
0.9379 -0.0809 -0.2638 -0.2103 20.25 30.50 2.19 4.51 -0.02 5.89 0.6300 -0.4000 -3.4700 2.1522 -0.0356 0.9967 5.02 0.50 8.40 94 206 170 179 192 
0.9600 0.0347 -0.2619 -0.0923 10.00 29.31 -10.63 1.32 3.51 5.70 -3.7800 1.8200 -1.8500 0.9789 0.1356 -0.2622 4.62 2.46 8.28 97 204 174 181 193 
0.9565 0.1142 -0.2518 -0.0925 12.38 27.06 -17.75 3.66 4.30 7.76 -0.2900 1.6800 0.0700 -0.6011 -0.2578 -1.2056 4.30 2.73 8.37 91 199 179 189 195 
0.9512 0.0877 -0.2159 -0.2021 27.25 19.00 -13.81 2.67 1.95 8.59 -0.0100 0.0300 -0.3300 -1.2189 0.5822 -1.5889 2.30 1.55 9.40 93 205 182 193 195 
0.9340 0.0231 -0.1129 -0.3381 42.31 10.31 -5.56 3.36 1.01 7.80 1.5300 -0.0900 -1.8600 -0.9933 0.3456 -0.9122 1.47 0.25 9.69 4 203 182 196 195 
0.9090 -0.0377 -0.0560 -0.4113 48.75 7.69 2.62 1.12 -3.55 9.25 -0.4700 -3.8200 -0.0200 -0.5789 -0.0567 0.1278 1.40 -0.94 9.65 6 205 185 198 195 
0.9099 -0.0817 -0.0452 -0.4042 47.56 8.75 6.56 0.31 -1.24 8.72 -1.4700 -0.0700 -1.0400 -0.4144 -1.4689 1.4678 2.20 -1.42 9.44 115 193 186 211 208 
0.9295 -0.1364 -0.1093 -0.3248 36.25 19.75 12.75 -0.08 -3.48 4.32 -1.8300 -0.4500 -3.9000 -0.6233 -3.9944 1.2111 5.63 -3.04 7.42 159 259 276 302 218 
0.8745 -0.2878 -0.3525 -0.1682 16.81 51.69 43.19 9.33 -6.50 -0.41 1.1500 -1.3100 -2.2300 -0.4900 -7.7900 1.7122 8.26 -5.26 -0.48 171 251 274 338 220 
0.5679 -0.3857 -0.7218 0.0879 332.62 42.00 130.00 7.81 -5.55 -6.41 1.4000 0.2000 -1.2100 -1.5933 -5.0689 0.3600 3.89 -5.16 -7.36 176 242 256 345 224 
0.2128 -0.3934 -0.8791 0.1648 48.56 10.25 155.75 2.96 -3.26 -12.34 1.9300 -0.0500 -4.3600 -0.5678 -0.4689 0.1144 0.89 -3.25 -9.20 180 264 267 350 227 
0.1131 -0.4033 -0.8978 0.1363 48.38 5.56 159.81 1.44 -3.08 -9.05 0.4100 0.3400 0.3800 0.6311 0.0033 -0.1033 1.05 -3.72 -9.00 178 263 279 339 225 
0.1633 -0.3997 -0.8898 0.1481 49.75 16.31 156.50 4.73 -2.48 -8.48 1.7800 1.0000 0.1700 -1.3367 7.1333 0.1300 6.59 -3.12 -6.55 7 279 292 342 221 
;
