0.9319 -0.0466 -0.1144 -0.3411 40.19 14.31 0.62 2.54 -0.13 9.48 0.0000 -0.0100 -0.0500 -0.1000 -0.0811 0.0544 2.50 -0.18 9.48 160 311 338 344 211 
0.9318 -0.0559 -0.1179 -0.3387 39.81 14.94 1.62 2.64 -0.29 9.45 0.0800 -0.0300 -0.0100 -0.0744 0.0189 0.0522 2.51 -0.34 9.47 161 310 338 345 210 
0.9329 -0.0612 -0.1144 -0.3359 39.56 14.63 2.25 2.46 -0.46 9.45 0.0000 -0.0900 0.1800 -0.0133 0.0533 0.0389 2.43 -0.40 9.49 162 310 338 346 211 
0.9341 -0.0614 -0.1096 -0.3342 39.31 14.06 2.44 2.48 -0.52 9.48 -0.4300 -0.0200 0.1400 0.3444 -0.0244 0.1589 2.62 -0.23 9.44 166 330 323 325 212 
0.9282 -0.0729 -0.1978 -0.3065 34.13 33.81 3.31 9.84 -0.69 13.07 4.5500 -0.5800 4.3500 -2.2711 -2.7000 3.0556 6.71 -2.91 6.52 165 375 278 271 211 
0.8859 -0.2962 -0.3320 -0.1313 11.56 39.69 40.38 5.30 -5.39 2.02 -0.8700 0.0700 -3.7600 1.3633 -0.1378 2.2933 5.33 -5.51 6.10 117 322 210 231 203 
0.9171 -0.2723 -0.2862 0.0542 349.37 28.12 35.50 5.75 -0.86 5.28 2.1800 3.6100 -1.2700 2.7467 2.1856 0.0967 3.93 -3.72 8.17 90 188 168 167 150 
0.9591 -0.1276 -0.2081 0.1432 342.81 19.69 16.06 1.93 -0.69 9.57 -1.7900 1.2300 0.4600 0.7178 0.1778 -0.0789 2.89 -2.05 9.14 94 193 163 167 149 
0.9728 -0.0793 -0.1617 0.1459 343.06 16.94 12.13 2.45 -1.12 9.51 -0.3900 0.8800 0.3500 -0.2500 0.3356 -0.3378 2.74 -2.05 9.18 94 198 167 171 151 
0.9758 -0.0942 -0.1562 0.1210 346.94 16.12 13.69 2.52 -1.28 9.21 -0.0800 0.8800 0.1000 -0.3433 0.1078 -0.7844 2.70 -2.32 9.13 96 200 166 172 153 
0.9810 -0.1177 -0.1428 0.0574 355.00 15.13 15.06 3.41 -1.38 8.83 0.6900 0.8900 -0.3700 -0.5022 0.4533 -0.8856 2.45 -2.58 9.13 97 197 173 174 155 
0.9818 -0.1489 -0.1169 -0.0187 3.06 13.56 18.06 1.88 -5.02 8.72 -1.1000 -3.0900 -0.5900 -0.5733 -0.3944 -0.1578 2.44 -3.37 8.87 97 191 175 177 156 
0.9725 -0.1934 -0.1229 -0.0405 4.50 15.31 22.56 2.19 -3.64 7.44 -1.0400 1.2000 -0.9100 -0.4456 -0.6611 0.3422 2.90 -3.90 8.51 106 205 167 180 171 
0.9527 -0.2396 -0.1869 -0.0063 0.37 22.56 32.00 0.84 -5.15 3.23 -4.9200 0.3100 -4.2000 -1.1300 -4.4633 0.1744 5.25 -5.57 6.12 152 304 240 250 200 
0.8646 -0.3112 -0.3919 0.0450 352.37 45.63 54.13 6.01 -7.37 0.75 0.3800 -1.5200 -1.6800 0.6278 -5.0489 -0.8578 8.32 -5.01 1.31 159 357 204 205 182 
0.6910 -0.2480 -0.6684 0.1192 335.56 59.25 100.44 12.57 -5.10 -1.08 4.1200 0.4300 -0.3700 1.1900 -2.8844 0.5078 7.98 -5.29 -2.08 166 356 185 189 160 
0.5727 -0.1776 -0.7631 0.2413 310.25 51.00 110.25 8.27 -5.10 -2.39 0.5900 1.0100 -0.1300 1.5722 -0.0844 0.3233 7.43 -6.20 -1.54 165 334 190 195 162 
0.5821 -0.1169 -0.7234 0.3524 297.12 49.63 94.81 6.93 -4.59 4.06 -0.2200 1.2000 3.2600 -0.9667 0.0578 -0.0656 7.46 -6.26 -1.10 165 345 191 195 163 
0.5587 -0.1430 -0.7557 0.3105 302.81 48.81 108.31 8.07 -6.87 -5.63 1.0500 -0.4700 -3.5100 0.3756 -0.0111 0.0122 7.35 -6.14 -2.07 163 347 195 198 163 
0.5607 -0.1379 -0.7526 0.3167 300.19 49.56 102.69 8.10 -4.83 0.87 -0.1500 2.2100 3.2300 -0.1511 1.0111 -0.3056 7.68 -6.06 -0.60 165 330 198 206 176 
0.6533 -0.1899 -0.6866 0.2562 329.81 54.06 82.37 9.02 -4.66 -1.88 0.3600 0.2100 -5.3900 -2.1089 11.1411 -2.5756 6.23 -5.00 5.67 167 342 291 298 201 
0.9406 -0.2391 -0.1673 -0.1738 26.19 16.69 17.62 -0.99 -1.31 9.37 -1.1900 1.3500 1.9000 2.4267 -0.5400 -1.4400 2.52 -0.72 9.44 173 370 331 349 200 
0.9448 -0.0240 -0.1198 -0.3040 36.69 13.44 -3.75 2.78 2.35 10.75 1.0000 0.6300 2.1700 -0.3489 0.5200 0.1067 1.95 0.76 9.57 171 367 339 360 205 
;
