0.5197 -0.1917 -0.3773 -0.7422 110.00 42.56 -29.31 6.76 3.40 6.23 0.0900 -0.1200 -0.0100 0.0000 -0.0022 0.0022 6.63 3.53 6.29 173 347 352 389 224 
0.5197 -0.1917 -0.3773 -0.7422 110.00 42.56 -29.31 6.77 3.42 6.23 0.1100 -0.1300 -0.0600 0.0000 -0.0022 -0.0044 6.63 3.53 6.29 169 343 353 393 224 
0.5195 -0.1913 -0.3773 -0.7424 110.06 42.38 -29.44 7.19 3.62 7.00 0.6400 0.1400 1.2700 0.6911 -0.4622 -0.0922 6.90 3.70 5.90 173 353 333 391 226 
0.5040 -0.2407 -0.3886 -0.7328 109.87 50.25 -22.75 15.28 2.23 8.89 6.5300 0.6200 2.6200 -3.4167 1.2033 3.7511 7.32 -1.00 6.44 177 337 211 256 225 
0.6311 -0.3980 -0.1443 -0.6500 86.37 39.50 32.19 5.53 -4.35 4.79 -0.7600 0.2700 -2.5800 0.2389 -0.7911 3.4778 4.72 -5.48 6.61 176 294 171 191 211 
0.7865 -0.3860 -0.0540 -0.4790 58.38 27.94 36.50 4.92 -1.83 3.48 -0.1400 2.8800 -3.3100 3.5756 -0.3233 -0.4411 5.14 -3.02 7.77 124 234 167 180 185 
0.8530 -0.1895 -0.2116 -0.4379 56.00 31.00 2.37 2.02 3.43 8.46 -2.4900 2.8600 0.1300 1.4856 0.4478 -1.7000 4.70 1.54 8.46 128 226 172 183 183 
0.8136 -0.0325 -0.2556 -0.5212 67.19 25.94 -15.00 3.92 4.80 8.63 -0.2500 2.1100 0.0500 -0.3622 0.0922 -1.2056 3.97 2.48 8.61 127 223 168 186 185 
0.7603 -0.0235 -0.2320 -0.6063 79.25 21.44 -14.44 4.90 2.66 7.97 1.4000 0.3800 -1.0300 -1.0278 0.5000 -1.2056 3.09 1.87 9.11 134 215 171 191 188 
0.7065 -0.0399 -0.1584 -0.6886 90.12 15.50 -8.63 3.62 0.64 8.31 0.7100 -0.9400 -1.0600 -0.9322 0.7678 -0.8211 2.05 0.92 9.54 132 213 173 191 192 
0.6664 -0.0483 -0.0829 -0.7394 96.69 9.88 -2.31 0.71 -3.24 10.17 -0.6200 -3.4200 1.3100 -0.0800 -0.0278 -0.3200 1.74 0.31 9.64 132 210 182 195 189 
0.6498 -0.0538 -0.0718 -0.7548 98.87 9.31 -2.31 1.46 0.26 9.36 -0.3600 -0.1000 -0.4800 0.0478 0.0022 0.1833 1.53 0.37 9.67 135 197 178 192 197 
0.6605 -0.0482 -0.0529 -0.7474 95.75 6.44 1.44 0.86 -0.09 7.60 -0.0200 1.0300 -1.7100 -1.6256 2.1711 0.0489 -0.29 -1.46 9.69 171 244 215 261 224 
0.6802 -0.0500 0.1125 -0.7226 93.19 -4.75 13.94 -2.14 -4.07 6.86 -0.4100 -0.9800 -2.2400 -0.0500 -1.8600 0.7000 0.23 -2.39 9.50 173 303 286 316 224 
0.7217 -0.1418 0.0287 -0.6769 85.44 12.31 13.81 4.29 -5.91 7.65 2.4200 -2.2500 -0.0400 1.9411 -1.1356 -1.6489 3.32 -1.11 9.15 177 368 177 203 209 
0.7067 -0.1649 -0.1563 -0.6701 85.75 32.69 -5.06 15.74 7.56 8.16 6.9800 5.8600 -0.0300 3.8856 -1.1511 0.1167 5.84 3.02 7.27 162 369 193 198 189 
0.7229 -0.0521 -0.4012 -0.5601 71.75 41.81 -30.06 8.20 6.49 14.04 -0.3000 1.6200 5.8700 -0.6956 -0.4289 2.4267 7.15 2.36 6.27 162 375 186 200 189 
0.7937 -0.1397 -0.3843 -0.4504 58.00 47.19 -5.19 1.57 -0.22 4.99 -6.8100 -0.7700 -2.3500 -1.3211 -0.2267 -0.0578 7.21 -0.28 6.63 159 369 189 201 186 
0.7607 -0.2371 -0.3572 -0.4872 69.31 52.38 -2.06 5.34 2.09 0.61 -1.7000 1.6400 -5.7800 0.2911 -1.2644 -2.0878 8.13 1.59 5.24 156 366 191 204 186 
0.6469 -0.2061 -0.4656 -0.5677 84.50 56.63 -35.38 10.99 5.56 1.72 2.8400 2.1100 -2.2200 1.6444 -1.0656 -1.0156 8.09 4.34 3.42 155 365 194 203 187 
0.5859 -0.1259 -0.5812 -0.5504 85.19 54.88 -62.31 12.96 6.91 4.70 5.0300 1.8600 2.5200 1.0356 -0.3744 1.0956 8.35 4.72 2.01 158 372 194 204 188 
;
