0.7678 -0.1599 -0.1592 -0.5997 76.00 25.81 3.44 4.11 -0.49 8.86 -0.1700 0.0300 0.0300 -0.0022 0.0167 0.0044 4.27 -0.52 8.81 175 347 339 349 218 
0.7682 -0.1586 -0.1577 -0.5998 75.94 25.50 3.44 4.06 -0.46 8.88 -0.1400 0.0400 0.0600 0.0267 0.0222 -0.0178 4.19 -0.51 8.84 175 345 339 348 217 
0.7690 -0.1547 -0.1555 -0.6004 75.87 25.00 3.06 3.09 -1.12 9.84 -1.0800 -1.1000 1.4700 1.2822 -0.4678 0.7033 4.46 0.00 8.72 170 307 331 352 217 
0.7923 -0.1312 -0.2491 -0.5413 67.06 34.69 -5.37 13.16 1.14 10.36 5.3000 0.3900 1.8700 0.3178 0.3122 2.8111 5.61 0.11 8.03 148 252 187 229 217 
0.8713 -0.1371 -0.2626 -0.3912 42.50 34.44 3.06 7.81 0.05 5.32 2.0600 1.0400 -2.3400 1.6389 0.7511 2.0589 5.23 -0.35 8.28 147 221 152 172 211 
0.9447 -0.0532 -0.2429 -0.2139 22.50 28.00 -1.69 4.70 1.18 5.43 -1.6700 1.5000 -4.4200 2.7533 -0.0756 0.3567 4.72 1.70 8.41 122 218 162 170 204 
0.9503 0.1111 -0.2622 -0.1264 15.06 26.87 -21.69 0.08 5.29 7.27 -4.3300 2.0900 -0.5000 0.7967 0.1689 -0.7078 4.02 4.06 7.96 114 211 166 181 205 
0.9384 0.1898 -0.2438 -0.1550 20.12 23.37 -28.37 3.40 6.58 8.49 -0.1600 2.3200 0.5700 -0.6300 -0.0944 -1.0944 3.68 4.23 8.04 118 210 169 186 203 
0.9265 0.1649 -0.2387 -0.2395 31.31 21.00 -26.06 3.49 5.11 7.54 -0.0300 1.1500 -0.6200 -1.3011 -0.3189 -1.6133 3.31 3.70 8.45 116 216 172 186 206 
0.8984 0.0991 -0.2073 -0.3744 48.94 15.50 -18.00 3.72 1.96 7.13 1.0400 -0.7100 -1.2900 -0.7067 -0.2889 -0.8622 2.45 2.49 9.16 117 218 172 186 206 
0.8588 0.0428 -0.1696 -0.4814 61.44 14.31 -13.63 2.42 -0.38 9.28 -0.3700 -2.3000 0.7500 0.1500 -0.5089 -0.7111 2.62 2.34 9.15 117 212 170 189 206 
0.8210 0.0221 -0.1812 -0.5410 67.06 16.19 -13.50 2.52 1.37 10.43 -0.4800 -0.9900 0.7000 -0.3733 -0.1533 -0.0289 2.86 1.87 9.18 120 211 167 190 206 
0.8227 -0.0101 -0.1831 -0.5381 64.81 18.94 -10.63 2.08 0.07 9.03 -1.2000 -2.0700 -0.1600 0.9400 -1.1956 2.0189 3.87 1.74 8.83 141 269 169 214 216 
0.8618 -0.0334 -0.2697 -0.4284 46.25 36.38 -10.38 8.01 -0.69 6.41 1.7000 -1.4200 -0.9400 2.3367 -4.7011 3.3733 8.54 0.42 4.80 135 357 178 211 216 
0.7948 -0.1002 -0.5909 -0.0957 6.81 79.62 28.19 11.78 -1.62 -1.56 0.9600 0.3300 -2.6200 2.1833 -2.9267 0.5311 9.67 -1.46 -0.68 126 386 182 208 216 
0.6452 -0.0106 -0.7578 0.0968 339.75 76.81 136.75 10.82 1.84 -3.11 1.0700 3.6200 -1.3700 1.2678 -0.4722 -0.7000 9.53 -1.20 -1.94 120 397 186 204 215 
0.6154 0.1059 -0.7659 0.1530 331.37 77.69 152.62 9.35 2.15 -0.91 -0.1900 2.9400 1.0000 -0.2878 0.4200 -0.2467 9.65 -0.69 -1.54 117 402 188 205 217 
0.6436 0.1100 -0.7462 0.1296 340.75 82.62 162.37 10.12 2.27 -1.00 0.6200 2.3200 -0.2900 -2.5067 0.7789 -0.3133 9.78 0.00 -0.64 119 401 189 201 215 
0.7015 0.0022 -0.7126 -0.0118 7.31 88.12 -1.44 10.47 1.21 -0.34 0.0600 0.1300 -1.1800 -3.4033 1.4744 -0.2444 9.71 0.27 1.34 122 399 190 205 215 
0.7458 -0.1505 -0.6221 -0.1846 30.25 77.94 3.87 7.87 -1.94 1.39 -2.9000 -2.6400 -0.6200 -0.5667 0.6867 0.3211 9.43 -0.51 2.61 125 400 182 204 215 
0.7629 -0.2054 -0.5679 -0.2308 34.56 74.06 8.81 9.93 -2.17 4.97 0.8800 -1.3800 1.5300 -0.1611 -0.5322 -0.3111 9.52 -0.26 2.31 124 401 191 204 213 
0.7413 -0.2145 -0.5862 -0.2467 36.19 77.94 7.56 8.73 -0.37 2.77 -1.0700 -0.1900 1.1100 0.3278 -0.5322 0.1133 9.65 -0.28 1.66 127 402 191 205 212 
0.7244 -0.2053 -0.6219 -0.2151 31.06 83.31 2.56 7.03 -0.46 3.40 -3.8200 -0.3900 1.2800 0.1100 3.3878 0.6244 9.24 -0.95 3.12 153 321 181 215 216 
0.8420 -0.2228 -0.4412 -0.2161 31.94 49.25 21.94 6.93 -2.40 3.46 -0.9400 -0.0300 -3.5600 -1.5578 6.2867 -2.3267 4.46 -2.75 8.28 170 305 288 304 216 
0.8684 -0.1699 -0.0687 -0.4607 59.44 14.63 11.13 3.78 0.98 12.31 1.8300 2.6600 2.9500 2.0078 0.1056 -1.7311 2.72 -0.18 9.41 159 349 323 367 213 
;
