0.9154 0.1904 -0.1183 -0.3344 40.13 5.06 -25.37 0.94 4.23 8.78 0.0800 0.0600 -0.0200 0.0000 -0.0033 0.0000 0.87 4.19 8.81 184 337 354 361 223 
0.9153 0.1904 -0.1187 -0.3344 40.13 5.19 -25.44 1.00 4.18 8.78 0.1800 0.0100 0.0000 0.0067 0.0356 0.0022 0.88 4.20 8.81 183 336 354 360 222 
0.9152 0.1971 -0.1142 -0.3324 39.38 2.81 -27.19 3.12 4.92 14.27 1.2500 1.3300 7.5100 0.3622 1.3733 0.5922 -0.12 4.84 8.52 184 345 321 288 220 
0.9385 0.1825 -0.0718 -0.2842 31.25 1.94 -14.25 -0.68 5.76 10.38 -1.4300 3.3000 -1.7400 -7.4111 -2.4122 2.1511 1.47 -3.34 9.09 186 301 162 176 189 
0.9440 -0.2850 -0.0005 -0.1661 19.00 4.62 37.13 -1.53 -3.10 0.93 -2.0200 3.5100 -6.4000 -1.3278 0.4000 0.2078 0.57 -6.78 7.06 189 343 169 181 191 
0.9158 -0.3688 0.0298 -0.1562 20.12 3.75 41.06 1.56 0.17 3.31 1.3600 6.2000 -4.1000 2.2789 0.3956 -0.2456 0.55 -5.05 8.38 188 345 175 189 193 
0.9672 -0.1837 0.0102 -0.1752 19.12 2.00 14.13 4.28 -2.05 14.97 3.9800 -0.5600 8.4400 4.0344 -0.7600 1.7167 0.68 0.46 9.77 186 359 185 198 193 
0.9959 0.0480 -0.0602 -0.0477 3.19 7.62 -4.94 0.16 -0.82 15.53 -0.1800 -0.3400 4.6000 -2.1478 -0.2511 2.2244 1.24 -1.01 9.67 187 352 185 202 196 
0.9846 -0.1256 -0.0558 0.1083 345.12 2.94 20.75 -3.55 -1.31 9.16 -3.4900 2.5100 -0.3400 -3.0367 0.6800 0.1522 -0.08 -5.56 8.07 187 351 186 202 195 
0.9287 -0.3536 -0.0253 0.1089 349.06 -1.81 45.06 -1.89 -2.67 6.44 -1.1500 4.8900 -0.2600 -1.4967 1.0800 -1.4989 -0.03 -7.74 6.01 186 350 186 203 197 
0.8844 -0.4660 0.0049 -0.0256 7.37 1.69 56.69 1.63 -3.94 2.82 1.9100 3.8200 -2.4700 0.2878 0.9811 -1.1944 0.68 -8.12 5.44 188 334 189 207 198 
0.8801 -0.4471 0.0317 -0.1562 21.62 5.00 49.69 3.61 -3.35 4.13 2.6700 1.8900 -1.3900 3.6089 0.0489 -0.8022 1.10 -5.58 7.98 189 341 180 209 199 
0.9480 -0.2390 -0.0173 -0.2097 24.31 7.94 24.81 2.29 -6.97 15.20 -0.0500 -2.4900 4.1500 -0.7733 -0.1367 0.5789 1.31 -4.42 8.65 187 342 180 212 196 
0.9482 -0.2583 -0.0211 -0.1834 21.75 7.81 30.12 0.94 -4.16 7.63 -0.2100 0.8900 -1.0200 -0.2267 -0.1478 -0.1944 1.49 -5.10 8.23 187 335 180 208 199 
0.9378 -0.2861 -0.0215 -0.1956 23.62 8.69 32.13 1.77 -4.12 8.55 0.6100 0.9500 0.5700 -0.0189 0.1211 0.0033 1.46 -5.12 8.23 188 341 185 207 198 
0.9373 -0.2802 -0.0114 -0.2072 25.00 7.31 31.12 1.58 -3.29 3.22 1.0200 1.9700 -5.3700 1.9600 0.1800 0.1922 1.06 -4.10 8.84 188 337 187 204 198 
0.9669 -0.1584 -0.0225 -0.1990 21.50 6.00 12.75 3.86 -1.55 13.99 0.5400 -2.0700 6.6300 1.2378 0.0178 1.8178 0.99 -1.07 9.69 189 342 188 206 197 
0.9937 -0.0513 -0.0661 -0.0752 5.37 7.62 7.31 0.85 -2.19 15.62 -0.9500 -0.1800 5.2900 -2.4333 -0.0522 2.2144 0.89 -3.07 9.27 188 343 189 207 197 
0.9711 -0.2258 -0.0404 0.0660 350.94 1.31 31.37 -1.92 -1.99 9.32 -1.8600 4.1800 0.6400 -3.0478 0.6833 0.3011 -0.27 -6.90 6.95 188 340 188 207 198 
0.8978 -0.4356 -0.0055 0.0646 353.56 -2.69 54.81 -0.91 -3.64 4.46 -0.3500 4.6400 -1.0000 -1.2467 1.2544 -0.8667 -0.36 -8.62 4.65 186 337 190 206 198 
0.8482 -0.5262 0.0386 -0.0460 9.38 0.19 64.12 0.70 -4.28 2.58 0.6400 5.0300 -1.7900 0.4133 0.9122 -1.6189 0.80 -8.66 4.52 186 327 187 202 198 
0.8474 -0.5034 0.0084 -0.1689 25.37 11.75 57.69 6.36 -3.58 1.24 3.2000 3.6000 -2.7900 3.3100 0.3267 -1.5500 2.76 -6.43 6.86 186 327 189 202 197 
0.9089 -0.3112 -0.0676 -0.2693 32.25 16.00 30.25 4.26 -9.55 16.47 0.9000 -4.2600 7.4700 -0.4389 0.2500 0.6111 2.31 -4.83 8.21 185 330 189 200 196 
0.9199 -0.2998 -0.0490 -0.2480 30.06 14.19 34.25 2.68 -3.81 6.99 0.2100 1.8000 -0.7500 -0.6000 0.0600 0.1533 2.37 -5.73 7.58 186 330 187 198 197 
0.9080 -0.3366 -0.0420 -0.2460 30.62 13.56 36.81 0.60 -3.20 4.48 -2.0200 2.8100 -3.5700 1.4789 1.2056 -0.5411 1.81 -4.89 8.30 186 309 254 260 206 
0.9310 -0.2115 -0.0124 -0.2974 37.00 6.69 16.25 -1.76 3.00 5.73 -1.8200 4.9400 -2.8000 6.5167 2.5800 -1.0922 -0.63 1.84 9.61 191 349 344 359 218 
0.9008 0.2440 -0.0063 -0.3592 43.88 -13.13 -34.25 -9.27 -4.05 9.41 4.2500 -0.8800 6.3500 0.5756 -1.3922 0.3556 -1.46 5.30 8.11 189 351 357 380 213 
;
