0.9891 0.1207 -0.0391 -0.0741 7.44 4.37 -7.00 0.03 0.60 8.79 -0.1300 -0.3500 -1.5700 -3.7567 -0.1467 0.1800 0.93 -1.57 9.63 191 371 261 258 219 
0.9858 -0.1520 -0.0336 -0.0632 7.37 4.81 20.75 0.25 -2.21 4.09 -0.3700 1.8700 -4.3700 -0.4322 0.6022 -0.2744 0.59 -3.88 8.98 191 378 276 264 218 
0.9796 -0.1803 -0.0149 -0.0876 10.88 3.75 19.00 1.00 -2.61 9.19 0.1100 0.0500 0.1200 1.0011 0.1200 -0.6322 0.79 -2.59 9.42 189 389 252 250 218 
0.9755 -0.1777 -0.0475 -0.1211 15.75 7.31 24.19 1.11 -3.84 2.00 -0.3700 0.9000 -7.6600 0.4744 0.1267 -0.5578 1.18 -3.88 8.92 191 398 194 206 214 
0.9772 -0.1282 -0.0314 -0.1661 17.69 5.19 8.13 5.29 0.39 19.43 3.4300 -0.4300 11.3000 1.1133 0.2800 1.7911 0.61 -0.44 9.77 192 402 195 211 214 
0.9973 -0.0465 -0.0301 -0.0479 1.75 3.50 7.31 -0.44 -2.70 12.93 -0.6000 -1.2500 2.6500 -1.5889 -0.4689 1.9944 0.60 -2.47 9.46 191 403 202 220 213 
0.9789 -0.1777 -0.0377 0.0936 347.25 1.44 24.87 -2.66 -3.15 10.25 -2.8900 1.6200 1.6500 -2.4233 0.2756 0.2656 -0.05 -5.71 7.97 189 402 207 223 214 
0.9263 -0.3578 -0.0398 0.1116 347.62 -0.19 45.38 -2.82 -3.13 6.17 -2.0900 3.8000 -0.6500 -1.6267 0.4200 -1.1578 0.33 -7.78 5.94 187 393 214 228 215 
0.8835 -0.4669 -0.0375 0.0111 1.94 4.06 57.50 -0.38 -4.61 3.33 -1.3300 4.2000 -1.9500 -0.3878 0.9844 -1.6611 1.28 -8.36 4.96 189 388 220 229 215 
0.8600 -0.4902 -0.0220 -0.1401 22.12 11.88 56.44 3.22 -3.13 1.62 1.7700 4.7000 -3.8300 2.1022 0.6022 -1.7500 2.83 -6.66 6.61 190 381 233 230 215 
0.9065 -0.3253 -0.0840 -0.2556 31.37 19.87 30.75 7.96 -4.50 10.34 4.9800 -2.0100 3.8700 4.0156 -2.7478 -0.9900 5.37 -1.58 8.04 190 370 230 237 215 
0.8862 -0.1204 -0.4024 -0.1953 20.12 61.63 4.94 17.52 -1.35 1.01 8.2300 -0.2900 -1.9400 3.5100 -5.4967 2.4378 9.68 -1.46 0.43 188 350 218 214 209 
0.6776 -0.0808 -0.7194 0.1296 324.25 65.94 106.06 9.16 -0.77 -2.20 -0.3900 4.6000 -0.6700 3.7533 -1.9311 2.3144 7.68 -5.93 -1.36 190 354 196 191 204 
0.4907 -0.0011 -0.7347 0.4683 266.62 44.56 91.00 5.25 -2.72 3.01 -2.9300 4.1800 4.0400 3.2122 -0.6833 -0.2378 6.96 -6.79 1.19 193 358 203 204 206 
0.4462 0.0923 -0.6770 0.5780 258.12 45.63 86.12 7.35 -5.52 1.04 1.2800 0.5300 -1.1800 -3.3033 -1.2844 0.3322 6.90 -6.74 -1.74 195 364 210 202 206 
0.4555 0.0159 -0.7700 0.4465 272.44 46.50 102.50 6.79 -7.48 -6.05 0.2500 -0.9500 -4.0700 2.2856 0.2767 -0.0178 7.19 -6.66 -0.20 192 361 218 215 208 
0.4962 0.0784 -0.6602 0.5584 260.94 49.25 74.81 6.46 -1.07 8.97 -0.2100 3.8000 5.3600 -0.8000 -0.2011 -0.1356 7.55 -6.07 1.47 194 373 232 225 208 
0.5308 0.0955 -0.6453 0.5410 276.87 54.00 74.87 5.71 -0.91 2.58 -2.4500 4.1800 0.2100 -3.4378 6.6122 -4.7889 8.35 -3.51 3.74 191 338 265 267 214 
0.9236 -0.0162 -0.3411 0.1743 348.56 19.50 0.75 -7.26 2.39 6.97 -8.7200 2.0200 -0.0600 5.2133 -0.1211 -2.2978 0.34 3.87 9.00 193 321 301 317 215 
;
