0.9700 0.2416 0.0118 0.0213 357.69 -0.31 -27.62 0.16 4.63 8.78 0.0800 0.1200 0.0500 -0.2656 -0.3867 -0.0322 0.17 4.40 8.75 188 328 337 367 224 
0.9738 0.2267 -0.0098 0.0125 358.62 1.12 -26.00 0.49 4.54 8.62 0.2700 0.1700 -0.2900 -0.3122 0.2333 -0.0100 0.05 4.13 8.89 189 331 338 344 224 
0.9783 0.2063 0.0084 0.0140 358.50 -0.62 -23.31 0.19 4.53 11.97 0.7100 1.5500 4.9900 -0.7367 -1.2956 0.1089 0.69 3.13 9.26 186 345 288 250 216 
0.9960 0.0638 -0.0617 0.0100 358.69 8.31 -2.06 1.82 1.17 11.62 -0.5100 2.6400 0.6700 -5.8967 -0.1267 0.0000 1.57 -4.22 8.70 184 387 205 198 196 
0.9374 -0.3430 -0.0573 -0.0157 3.25 5.81 42.81 -0.42 -2.82 1.29 -1.0300 4.0800 -5.3500 -0.6311 0.4844 -0.4889 0.87 -7.05 6.75 185 395 208 206 196 
0.9217 -0.3801 -0.0095 -0.0772 10.38 4.19 42.50 0.76 -1.86 4.81 0.7100 5.6700 -1.3800 1.5644 0.1956 -0.3556 0.68 -5.67 7.97 184 390 216 214 200 
0.9618 -0.2535 -0.0097 -0.1027 10.69 5.19 22.25 5.93 -4.68 13.99 4.0500 -1.0800 5.8100 2.2478 -0.4933 1.8689 0.88 -2.18 9.51 184 396 221 217 203 
0.9919 -0.1052 -0.0491 0.0509 349.75 4.37 13.50 -2.35 -5.23 13.32 -2.4500 -2.8100 4.0400 -1.4589 -0.2900 2.1089 0.54 -3.25 9.23 182 395 226 223 204 
0.9547 -0.2145 -0.0560 0.1985 335.06 0.31 29.94 -2.44 -4.04 10.31 -2.6700 2.0300 1.7800 -2.8122 0.3578 0.1622 -0.23 -6.61 7.23 178 394 228 223 205 
0.8889 -0.4126 -0.0684 0.1870 338.44 -1.62 53.06 -2.66 -3.72 4.64 -2.2100 4.4100 -0.9000 -1.4333 1.2511 -1.5400 0.24 -8.54 4.80 179 392 229 223 205 
0.8562 -0.5138 -0.0518 0.0169 2.12 5.50 62.19 0.11 -3.62 3.32 -0.7300 4.5800 -1.1500 0.4656 1.4222 -1.7589 1.56 -8.30 4.97 183 390 230 225 206 
0.8755 -0.4592 -0.0352 -0.1458 19.87 12.00 50.56 7.54 -3.50 5.31 5.7500 2.5900 -1.2900 3.7089 -0.7122 0.0556 2.53 -5.52 7.69 182 382 248 237 208 
0.9521 -0.2166 -0.2008 -0.0792 6.69 29.00 20.94 6.71 -5.36 14.36 0.2500 -3.1000 5.3600 1.5322 -2.0667 0.4689 5.95 -2.30 7.44 179 367 284 280 213 
0.9005 -0.1052 -0.4200 0.0403 351.06 57.56 23.56 3.85 -2.23 1.81 -5.5200 -0.3500 -1.6800 1.1067 -9.3000 -0.1767 9.56 -1.86 -1.11 184 278 288 301 211 
0.4738 0.0129 -0.8756 0.0928 356.94 42.56 172.00 7.62 -1.25 -5.90 -0.5300 -1.0100 1.3100 -2.0578 -6.5644 -0.5611 2.01 0.45 -9.58 184 249 267 268 198 
0.0431 0.0068 -0.9978 -0.0504 0.50 2.94 -173.44 -0.54 4.99 -13.70 -3.4400 4.8400 -3.0600 0.0589 -0.5389 0.0467 0.37 1.01 -9.74 186 262 268 268 198 
0.0248 -0.0024 -0.9988 -0.0406 359.62 2.62 -175.50 2.39 1.01 -8.76 1.7300 0.2000 1.0500 0.0367 -0.2022 -0.1367 0.23 0.69 -9.77 185 261 268 268 200 
0.0130 0.0092 -0.9993 -0.0333 358.94 1.81 -176.37 1.23 1.51 -9.83 1.1000 1.6000 -0.4100 -0.0611 2.3911 0.0611 1.63 0.58 -9.65 187 273 273 262 207 
;
