0.9063 0.3583 0.0745 0.2115 333.69 0.94 -42.88 0.13 6.64 7.17 -0.0300 -0.0100 0.0000 -0.0044 -0.0122 0.0000 0.16 6.67 7.17 187 319 306 318 221 
0.9063 0.3583 0.0742 0.2114 333.69 0.94 -42.88 0.05 6.60 7.16 -0.1300 -0.1000 0.0100 0.0100 -0.0378 0.0067 0.18 6.67 7.17 184 319 305 318 221 
0.9061 0.3594 0.0726 0.2112 333.62 1.37 -43.13 -0.28 7.89 8.62 -1.2700 1.5400 2.6100 -0.0222 -2.0300 0.9478 1.35 6.66 7.06 186 327 309 324 222 
0.9043 0.3631 -0.0739 0.2120 334.25 19.06 -34.94 6.24 10.14 13.38 1.4100 4.9100 3.6500 -6.7800 1.6356 -0.3567 2.36 1.29 9.42 181 349 219 226 218 
0.9712 -0.1024 -0.1453 0.1588 342.50 14.63 26.12 2.04 -3.58 -1.06 -2.0200 2.0200 -8.8800 -2.0378 2.0244 -0.7478 1.39 -5.95 7.66 189 371 176 190 217 
0.9421 -0.3169 -0.0822 0.0726 352.25 5.12 35.75 0.46 -0.61 2.66 -0.0900 5.0000 -5.3300 2.8700 0.5567 -0.2611 0.66 -4.17 8.84 188 381 182 196 214 
0.9891 -0.1335 -0.0344 0.0524 353.62 2.62 8.44 3.83 1.01 15.43 3.7900 1.4600 8.8300 3.9978 -0.2800 0.9578 0.73 1.33 9.68 190 382 187 200 214 
0.9852 0.0880 -0.0627 0.1328 341.37 14.06 -8.19 6.08 -1.46 17.88 1.3500 -1.1200 4.9300 -3.1867 0.8111 2.3944 2.55 -1.17 9.39 6 382 189 204 212 
0.9460 -0.0825 -0.1487 0.2760 324.81 11.38 19.00 -1.65 -2.71 9.01 -3.3700 0.7200 0.6900 -2.1800 0.4433 1.2344 1.13 -4.84 8.44 191 380 190 206 212 
0.8964 -0.2771 -0.1373 0.3177 322.25 2.81 39.75 -3.03 -2.19 7.02 -3.0900 4.7500 0.1100 -2.0289 1.6156 -1.3911 0.33 -7.46 6.34 187 373 193 208 213 
0.8795 -0.4357 -0.1098 0.1569 344.62 4.44 54.50 1.63 -2.95 2.98 0.9700 4.7100 -2.5800 0.1722 1.4611 -1.8122 1.26 -7.80 5.80 186 329 191 209 213 
0.9035 -0.4202 -0.0831 -0.0130 4.44 10.00 46.94 5.66 -2.03 4.92 4.9800 2.0200 -2.4800 2.4156 0.0367 -0.5222 1.82 -5.54 7.88 189 349 195 210 213 
0.9727 -0.2125 -0.0900 -0.0271 1.31 10.88 21.44 -1.26 -7.94 18.13 -3.5200 -3.4600 7.8900 -0.3044 -0.5811 0.3211 2.00 -3.40 8.97 189 340 205 218 214 
0.9746 -0.1988 -0.1031 0.0052 359.44 10.63 24.06 0.88 -2.49 5.72 -0.9100 1.5400 -3.1200 0.6611 -0.0100 0.2367 1.60 -3.69 8.94 183 280 274 271 214 
0.9819 -0.1693 -0.0845 0.0045 359.12 9.69 16.50 1.00 -2.05 9.36 -0.5400 0.2500 0.8500 1.9456 -0.8744 -0.6722 2.19 -1.28 9.47 185 278 276 270 216 
0.9886 -0.0550 -0.1355 -0.0371 6.31 18.19 7.87 7.86 0.00 21.00 4.2100 1.8800 11.3400 -5.5233 0.3656 0.1433 3.05 -4.28 8.27 187 286 286 275 217 
0.8981 -0.4184 -0.1093 -0.0798 9.19 11.63 62.25 0.84 -4.32 -2.06 -0.9300 4.2100 -6.0800 -5.5556 -0.5000 1.1922 0.86 -9.76 0.29 186 271 273 262 216 
0.6631 -0.7482 -0.0148 -0.0121 1.81 1.44 98.37 0.10 -8.53 -9.47 -2.2800 3.3700 -9.7300 7.9878 1.3933 -1.9733 1.04 -9.39 2.61 187 293 284 279 217 
0.8463 -0.5284 -0.0325 -0.0599 8.06 7.19 59.69 1.52 -2.71 14.85 1.3300 3.4700 7.3500 -1.5800 -0.4033 -0.1178 1.42 -8.57 4.53 187 290 277 274 218 
0.8023 -0.5920 -0.0453 -0.0619 8.19 7.50 79.56 0.31 -9.08 -0.97 -1.6500 1.2700 -1.6700 -5.3033 -0.6733 0.4822 0.86 -9.50 -2.23 189 286 295 282 217 
0.5736 -0.8181 -0.0331 -0.0262 5.06 5.00 111.12 -1.05 -9.57 -15.52 -0.1300 -1.8900 -12.0100 6.5567 1.0700 -0.1033 1.00 -9.74 -0.51 185 277 294 265 217 
0.8305 -0.5496 -0.0765 -0.0485 6.37 12.06 56.25 6.81 3.43 20.49 3.2300 7.6100 12.2800 -2.9178 1.1411 -0.3367 1.92 -8.42 4.63 189 278 299 281 218 
0.8196 -0.5630 -0.0783 -0.0715 9.19 11.81 72.37 2.39 -8.05 0.02 0.5500 1.4200 -3.1900 -1.6333 -0.4144 0.8889 1.41 -9.59 1.47 185 273 294 281 217 
0.7371 -0.6740 -0.0490 -0.0076 359.44 3.81 85.62 -1.32 -5.92 -7.85 -1.1700 4.9500 -8.2500 6.0744 -0.3844 -1.4156 1.36 -8.87 3.95 183 284 288 301 219 
;
0.9335 -0.3484 -0.0775 -0.0353 6.44 7.69 24.31 -2.57 5.36 14.43 -3.1800 7.8200 5.7500 6.4433 1.5178 -0.9956 0.10 1.25 9.72 189 331 329 346 216 
0.9742 0.2086 0.0157 -0.0840 8.63 -4.31 -27.31 0.91 6.85 16.44 0.7300 2.3700 8.9900 -0.8000 2.4044 0.6722 -1.45 4.50 8.58 187 324 337 374 224 
0.9692 0.2388 0.0499 -0.0334 4.19 -5.75 -27.94 1.28 4.87 7.83 1.5200 0.9000 -0.7000 0.1478 0.0911 0.1178 -0.91 4.72 8.54 185 318 333 368 225 
0.9678 0.2461 0.0449 -0.0297 3.50 -5.62 -28.12 -0.99 4.07 9.05 0.1400 -0.5900 0.2300 -0.1067 -0.2278 -0.0189 -0.81 4.52 8.66 184 319 338 366 226 
0.9707 0.2357 0.0330 -0.0333 3.94 -4.44 -26.87 -0.70 3.95 9.21 0.1700 -0.5500 0.7500 0.5911 0.3144 0.0667 -0.83 4.66 8.58 188 332 336 367 227 
0.9685 0.2478 0.0002 -0.0248 2.94 4.00 -25.50 7.37 8.89 20.62 5.9400 5.4100 10.5000 -6.4667 0.2856 1.4811 1.62 0.25 9.66 181 352 202 205 218 
0.9807 -0.1633 -0.1043 0.0256 356.19 10.25 28.75 -0.59 -2.27 -2.23 -2.1100 3.3900 -10.5900 -1.6822 0.6533 0.0678 1.17 -6.15 7.53 186 362 176 185 208 
0.9429 -0.3270 -0.0618 0.0179 358.06 5.50 36.00 0.38 1.21 3.15 -0.6800 6.9700 -3.8400 2.8300 0.2844 -0.0433 0.78 -4.10 8.87 186 355 182 193 207 
0.9905 -0.1289 -0.0424 0.0192 357.00 5.00 6.75 5.15 1.33 22.31 3.4900 -0.3500 15.4900 2.1956 -0.4356 1.5444 1.40 1.13 9.63 188 368 188 198 206 
0.9861 0.0573 -0.0877 0.1288 341.62 11.13 -1.94 2.07 -4.04 12.15 0.8500 -2.9000 2.7000 -1.3411 -0.3867 2.4144 1.99 -1.11 9.53 187 365 190 206 208 
0.9447 -0.0985 -0.1148 0.2910 322.81 7.50 19.94 -2.11 -2.75 10.13 -4.0600 1.2100 1.3500 -2.9444 0.9167 0.9511 0.52 -5.36 8.18 187 365 192 207 207 
0.8820 -0.3230 -0.1263 0.3190 321.81 0.00 44.63 -3.29 -3.01 6.33 -2.9500 4.4000 -0.2000 -1.7022 1.6800 -1.3822 -0.06 -7.94 5.74 189 363 194 208 209 
0.8618 -0.4714 -0.1002 0.1582 344.00 2.75 58.75 1.28 -2.81 3.52 0.9600 6.1200 -1.5900 0.0067 1.5322 -2.0389 1.20 -8.31 5.06 188 358 195 208 207 
0.8807 -0.4664 -0.0774 -0.0272 6.44 10.44 52.94 7.37 -4.30 4.26 5.7100 2.9000 -1.8400 2.1778 0.5700 -0.7756 1.97 -6.49 7.07 187 360 196 207 208 
0.9517 -0.2861 -0.0920 -0.0630 6.69 13.13 28.12 2.83 -8.51 15.96 0.2400 -4.6300 7.6500 0.6511 -0.2333 0.6544 2.27 -4.04 8.63 187 348 248 251 212 
0.9648 -0.2405 -0.1030 -0.0261 2.50 11.63 30.00 0.46 -4.80 12.68 -1.2200 0.5400 4.5200 -1.6478 0.2911 0.0622 1.83 -5.76 7.71 186 272 285 296 215 
0.9147 -0.3872 -0.1105 -0.0341 5.81 14.00 53.63 5.96 -4.14 3.86 2.8800 3.7800 -2.7000 -6.1267 0.5889 0.0656 2.24 -9.35 1.91 187 279 294 284 216 
0.6869 -0.7195 -0.0693 -0.0760 12.56 11.00 96.69 0.78 -8.94 -12.72 -2.6400 1.0500 -11.1400 3.5467 0.3278 0.3589 1.45 -9.67 0.66 186 286 268 276 216 
0.8397 -0.5364 -0.0389 -0.0750 11.69 7.56 51.75 1.01 6.84 17.01 -1.5600 12.8200 12.7600 2.0589 0.8189 -0.0078 0.62 -5.92 7.79 191 292 271 285 217 
0.9288 -0.3570 -0.0098 -0.0995 12.31 5.81 46.31 1.68 -3.85 9.00 0.1400 3.4900 1.6300 -5.1267 -1.2878 0.6578 1.11 -8.96 3.82 190 275 273 280 215 
0.7604 -0.6465 -0.0110 -0.0604 8.31 4.81 86.69 -1.38 -11.77 -10.57 -1.3500 -1.8600 -10.8500 -0.0378 -0.2156 0.1644 0.53 -9.79 -0.16 187 264 269 278 216 
0.7487 -0.6619 -0.0167 -0.0345 6.94 5.62 75.12 -0.17 -6.55 1.66 -1.1900 4.8800 1.1500 5.4978 1.2611 -1.1778 1.45 -7.58 6.03 192 289 281 284 216 
0.9055 -0.4067 -0.0345 -0.1161 15.38 9.31 49.75 2.77 -3.14 8.89 1.2300 3.2400 0.6800 -2.9344 -0.7922 0.4500 1.65 -8.55 4.50 184 269 268 260 216 
0.7986 -0.5961 -0.0344 -0.0761 8.38 7.19 80.00 0.49 -6.37 -7.38 -0.7600 3.4500 -8.7800 1.3200 -1.3089 0.5311 0.82 -9.66 1.43 181 262 261 269 215 
0.8590 -0.5078 -0.0594 -0.0266 5.87 8.31 44.31 0.88 5.37 11.27 0.1800 10.2600 4.4100 6.8122 2.6333 -1.0022 0.57 -1.68 9.64 188 306 293 314 216 
;
