0.6901 0.1044 -0.2451 -0.6729 88.75 12.06 -28.56 2.38 4.50 8.80 0.4200 0.0800 0.5300 -0.3189 -0.3056 -0.0822 2.27 4.37 8.47 173 328 300 277 201 
0.6835 0.0668 -0.2444 -0.6845 90.19 14.56 -25.12 3.62 5.63 14.14 1.4400 1.7900 5.2500 -3.0144 -0.5244 0.2344 2.84 2.21 9.11 171 336 281 257 200 
0.6873 -0.1018 -0.0908 -0.7135 92.87 16.56 10.75 4.02 -1.72 7.54 1.2500 1.7000 -1.2300 -5.4078 0.4078 0.7100 2.70 -5.37 7.74 172 345 220 217 195 
0.6221 -0.3530 0.2050 -0.6681 94.12 11.19 50.81 0.36 -5.03 2.29 -1.4500 2.5500 -3.3000 -0.8611 0.4533 -0.0744 1.65 -7.95 5.49 167 356 210 215 196 
0.5840 -0.3741 0.2854 -0.6615 98.06 9.38 54.94 1.35 -4.72 5.16 -0.2100 3.1200 -0.8000 0.4511 0.2822 -0.4011 1.72 -7.65 5.87 173 365 211 219 196 
0.5769 -0.3345 0.2548 -0.7003 101.56 10.13 45.69 2.31 -3.89 5.33 1.7400 2.9100 -1.7200 2.5789 0.1356 -0.5156 1.96 -5.49 7.87 172 365 221 230 197 
0.6121 -0.2225 0.1093 -0.7509 101.25 11.63 22.44 2.86 -4.58 12.85 2.0600 -0.9500 3.5500 1.6611 -0.6411 -0.1489 2.37 -2.37 9.21 173 367 229 233 197 
0.6404 -0.1689 -0.0008 -0.7492 97.12 15.31 12.06 4.28 -3.04 11.23 1.5900 -1.8900 2.3400 -0.0056 -0.8456 1.3811 3.02 -2.15 9.07 173 368 233 233 198 
0.7230 -0.2140 -0.0287 -0.6562 80.94 18.50 19.56 1.94 -4.21 10.54 -1.2000 -0.6100 1.9300 -1.3578 -0.2322 1.9267 2.71 -4.43 8.31 173 367 233 234 198 
0.7863 -0.3025 0.0497 -0.5365 66.94 13.13 36.25 1.13 -5.06 9.53 -1.1300 1.0900 1.6800 -1.9411 0.0356 0.6367 1.85 -6.82 6.78 172 363 234 235 199 
0.7686 -0.4037 0.1425 -0.4755 63.63 8.81 53.00 0.28 -5.82 6.76 -1.1600 2.0300 1.2000 -1.8244 0.7256 -0.2089 1.35 -8.47 4.74 172 364 233 234 198 
0.6929 -0.4871 0.2311 -0.4788 71.50 9.00 67.12 0.11 -5.65 3.66 -1.6000 3.4200 0.0900 -1.1244 1.1822 -1.1022 1.94 -9.10 3.06 168 359 236 236 198 
0.5875 -0.5197 0.2879 -0.5495 90.19 14.94 72.44 1.90 -3.37 2.03 -0.7300 5.5600 -0.9300 0.0033 1.3267 -1.3922 3.20 -8.71 3.15 166 346 236 236 199 
0.4974 -0.4764 0.2771 -0.6699 108.62 22.25 61.06 7.31 -5.66 3.98 3.3500 0.8500 -0.0300 2.7111 -0.2533 -0.7167 4.22 -6.64 5.85 169 336 239 237 195 
0.5422 -0.4171 0.0626 -0.7267 103.75 38.94 36.63 7.44 -5.51 6.81 -0.7400 -1.0200 -0.8600 2.5656 -5.8267 -1.6544 8.93 -2.33 3.29 169 276 239 254 191 
0.4547 -0.5743 -0.4086 -0.5446 104.44 78.19 -174.31 12.79 2.42 -4.02 4.8600 1.9400 -0.7400 -0.3033 -2.3089 -1.5033 8.49 1.62 -4.61 171 242 229 225 173 
0.2449 -0.6229 -0.6142 -0.4181 119.69 53.88 -158.56 13.53 0.90 -8.15 5.0400 -1.0700 -2.3700 0.9778 -0.3978 0.7722 7.75 1.37 -5.84 172 251 234 222 171 
0.2756 -0.6482 -0.6282 -0.3306 91.62 49.56 178.94 11.10 -1.20 -9.85 2.3600 -0.1900 -3.2200 2.8300 -0.9689 2.4233 6.77 -2.65 -6.57 166 275 243 246 179 
0.4260 -0.6904 -0.5715 -0.1238 22.44 41.00 133.87 5.18 -2.08 -3.56 -0.9100 5.0800 1.1700 3.3067 0.5878 1.6722 5.74 -7.42 -2.82 177 344 299 314 195 
0.6258 -0.6256 -0.4650 0.0287 353.81 32.38 103.19 2.95 -2.91 -0.87 -2.2600 5.0000 0.9300 0.1367 -0.0867 -0.0122 5.23 -8.10 -1.73 176 349 303 319 195 
0.6385 -0.6209 -0.4537 0.0320 355.19 32.88 102.94 4.94 -6.66 -1.36 -0.0500 1.4800 0.3700 -0.4589 0.1133 -0.3556 5.55 -7.80 -2.08 170 330 284 298 193 
0.6277 -0.6283 -0.4594 -0.0142 6.12 38.19 104.75 3.58 -4.89 -2.65 -2.1900 2.4600 -0.7500 -0.4689 2.3656 -1.8489 7.10 -6.62 -1.31 173 271 270 263 191 
0.6809 -0.5580 -0.4214 -0.2175 43.06 58.13 72.50 8.82 -2.69 2.36 1.8200 1.5900 0.3300 1.9700 4.8333 -2.6422 7.94 -2.80 5.01 173 278 276 286 195 
;
