0.9669 0.2552 0.0022 -0.0101 1.19 -0.56 -29.50 -0.27 4.78 8.69 -0.1200 -0.0400 0.0600 0.0078 -0.0522 -0.0456 -0.10 4.81 8.54 204 351 345 343 244 
0.9670 0.2542 0.0005 -0.0141 1.69 -0.31 -29.50 0.31 5.30 9.35 0.2400 0.3800 1.1600 -0.1744 -0.5600 0.2133 0.24 4.77 8.56 205 348 339 332 244 
0.9686 0.2465 -0.0297 -0.0123 1.19 3.50 -26.94 1.54 6.33 15.39 0.7000 1.7800 5.7000 -3.3578 -0.4311 0.3800 0.91 2.40 9.46 203 359 315 282 239 
0.9982 0.0122 -0.0592 0.0039 359.37 8.31 8.56 0.47 0.21 6.25 -1.5600 3.1600 -3.6500 -6.0400 -0.7311 0.2800 2.01 -5.62 7.77 199 376 221 243 234 
0.9250 -0.3688 -0.0862 -0.0284 5.69 10.31 46.25 0.47 -3.80 2.94 -1.1800 3.9200 -3.0600 -1.6222 -0.1789 -0.3544 1.98 -7.66 5.78 195 383 204 229 233 
0.8856 -0.4507 -0.0748 -0.0837 12.19 12.19 52.50 1.58 -3.30 3.94 -0.6100 4.5200 -2.0000 0.9189 0.6144 -0.2233 1.97 -7.13 6.42 196 380 200 226 231 
0.9251 -0.3536 -0.0559 -0.1265 15.19 11.25 35.00 7.34 -4.55 11.32 5.3600 -0.5700 3.4200 2.5778 -0.4356 0.9878 1.98 -3.62 8.89 197 378 202 228 232 
0.9794 -0.1664 -0.1094 -0.0339 0.00 13.75 20.00 3.23 -7.39 13.35 0.4600 -3.0800 3.0200 -0.8433 -1.2167 2.2911 2.43 -4.29 8.47 195 376 207 233 232 
0.9413 -0.2667 -0.1578 0.1339 341.25 11.94 37.94 -2.07 -4.75 9.35 -3.8100 1.6400 1.8000 -2.4556 0.0389 0.5911 1.66 -7.23 6.40 196 374 212 236 232 
0.8752 -0.4299 -0.1614 0.1520 341.75 8.38 57.00 -0.93 -5.49 5.50 -2.3300 2.6600 0.4600 -1.6678 1.1444 -0.7378 1.46 -8.68 4.30 195 370 213 237 232 
0.8325 -0.5366 -0.1311 0.0433 357.69 11.00 67.94 1.26 -4.58 2.45 -0.5500 4.4600 -1.1700 -0.3733 1.5511 -1.2944 2.36 -8.85 3.49 195 364 212 235 230 
0.8254 -0.5457 -0.0936 -0.1097 18.19 16.87 64.56 4.04 -3.74 2.80 1.4200 4.3900 -0.9500 1.4556 1.4122 -1.1478 3.14 -7.82 5.00 197 365 215 238 233 
0.8627 -0.4479 -0.0850 -0.2189 29.12 20.00 47.63 7.60 -10.15 10.38 3.5200 -4.0400 4.2700 0.9933 0.0522 0.0933 3.24 -6.13 6.92 199 370 244 254 234 
0.8994 -0.3715 -0.0979 -0.2086 24.94 18.94 41.75 2.84 -6.98 6.17 -0.5900 -0.3400 -0.9800 1.3944 -0.8733 1.3422 2.97 -5.84 7.29 200 345 293 286 239 
0.9373 -0.3005 -0.1520 -0.0895 4.56 21.12 31.50 5.66 -1.46 4.43 1.7000 2.7800 -3.2000 4.0778 -0.9500 2.4467 3.54 -3.05 8.61 201 360 288 278 237 
0.9645 -0.0511 -0.2022 0.1621 337.31 22.00 5.37 4.85 0.18 11.53 1.0300 0.5400 2.9800 2.5567 -0.5544 1.4633 4.06 0.50 8.91 199 373 278 270 236 
0.9213 0.1084 -0.2187 0.3026 321.75 28.87 -3.87 4.46 -0.80 13.52 -1.1400 -1.2800 4.2100 -1.1389 0.4144 1.3611 4.57 -0.57 8.65 202 367 256 257 236 
0.8984 0.0111 -0.2358 0.3704 316.44 24.87 14.31 -1.81 -1.26 5.33 -6.0700 1.5100 -3.3100 -1.7600 -1.7722 -1.1311 5.01 -3.28 7.75 202 357 243 251 236 
0.8858 -0.0743 -0.3704 0.2694 328.94 42.94 24.75 7.89 2.19 0.98 0.9900 4.9800 -5.2900 0.1767 -1.2356 -1.9867 7.73 -1.85 5.74 202 343 238 247 233 
0.8655 0.0267 -0.4774 0.1492 342.19 59.13 4.00 10.80 2.93 2.65 2.8800 2.3200 -1.8800 1.0022 -0.6778 -1.7756 8.68 1.14 4.41 204 345 241 249 234 
0.8298 0.1660 -0.5258 0.0857 348.25 64.69 -30.56 13.89 1.41 4.04 5.8600 -0.9900 1.4400 1.4056 0.3533 0.0678 8.84 2.53 3.40 203 349 247 256 235 
0.8119 0.2380 -0.5143 0.1402 337.06 65.00 -30.00 11.51 2.08 7.39 2.2900 0.4700 3.5800 -0.2422 0.8667 2.1656 8.88 0.65 4.10 205 360 264 263 236 
0.8064 0.1324 -0.5081 0.2720 319.87 61.56 17.00 4.10 -0.68 3.23 -4.0800 1.2100 -1.3300 -0.9278 -0.0867 1.4456 8.37 -2.79 4.27 205 362 270 268 237 
0.7750 0.0176 -0.5363 0.3339 313.19 57.25 39.13 5.56 -2.13 2.60 -1.9800 1.2100 -1.3800 -0.0544 0.0344 -0.5256 8.35 -3.15 4.04 205 360 272 269 236 
0.7799 0.0312 -0.5399 0.3152 316.87 60.06 33.38 8.87 -2.42 4.64 -0.0700 0.2300 0.6900 0.0756 0.0778 -0.4544 8.56 -2.33 4.16 205 362 276 270 236 
;
