0.9593 0.1562 -0.1447 -0.1855 21.81 12.56 -21.19 2.05 3.44 8.94 0.0200 -0.0100 -0.0200 -0.0033 0.0522 0.0089 2.09 3.45 8.93 183 321 325 349 219 
0.9601 0.1587 -0.1373 -0.1851 21.62 10.81 -21.87 2.30 3.68 11.15 1.7400 0.7900 4.4500 -0.0144 -0.4089 0.8511 1.87 3.72 8.87 182 337 312 309 220 
0.9701 0.1169 -0.1422 -0.1580 17.06 13.13 -9.25 3.12 4.08 13.28 -0.8300 3.2300 1.6400 -5.2878 0.8667 0.9522 1.44 -2.26 9.43 184 354 237 231 218 
0.9583 -0.2584 -0.0455 -0.1132 13.56 6.50 36.81 -1.53 -3.02 -1.05 -1.8500 3.7300 -8.1200 -1.7122 0.4989 0.0111 0.64 -7.10 6.72 186 365 176 186 207 
0.9087 -0.3953 0.0199 -0.1327 17.44 4.19 44.56 0.59 -0.72 2.27 0.8500 6.3800 -4.1600 2.8378 0.1656 -0.3678 0.79 -5.33 8.18 185 367 179 194 203 
0.9712 -0.1859 -0.0092 -0.1487 14.19 4.87 13.13 6.03 -1.47 24.33 4.2800 -1.8900 15.4100 0.8922 -0.3000 2.5233 1.13 -1.01 9.68 187 360 184 201 207 
0.9933 -0.0852 -0.0627 0.0462 352.06 5.94 12.38 -2.06 -2.77 13.35 -3.0800 0.3600 2.8500 -3.1511 0.3289 1.6856 0.25 -4.44 8.73 185 358 189 206 208 
0.9404 -0.3035 -0.0455 0.1463 342.00 -0.94 41.06 -3.31 -3.51 6.23 -3.3200 3.5900 -0.9000 -2.1533 1.1667 -0.7967 -0.43 -7.72 6.02 187 355 192 207 208 
0.8807 -0.4681 -0.0223 0.0681 355.00 -0.56 57.25 -0.92 -2.77 3.34 -0.7000 5.6000 -1.7300 -0.0156 1.4256 -1.6933 0.50 -8.29 5.21 185 346 192 208 207 
0.8790 -0.4624 0.0087 -0.1158 17.37 6.19 53.06 5.52 -2.31 3.73 5.0100 4.8900 -1.8700 2.5111 1.0400 -1.0133 1.29 -6.58 7.14 186 340 192 207 208 
0.9336 -0.2952 -0.0061 -0.2031 23.87 7.06 27.50 2.89 -6.58 15.47 0.5300 -3.4500 9.1100 2.0344 -0.5611 0.2900 1.36 -2.76 9.30 184 346 196 210 209 
0.9703 -0.1536 -0.0592 -0.1771 19.87 11.06 17.81 2.76 -4.12 15.24 1.2500 -0.3200 5.6300 -2.1978 -1.3756 0.7278 2.56 -4.62 8.25 171 257 255 257 210 
0.9226 -0.3573 -0.0943 -0.1107 11.38 13.38 50.50 1.96 -3.33 3.78 0.4900 4.7300 -1.9700 -5.7956 -0.7556 2.8733 0.85 -9.52 2.15 148 196 211 234 209 
0.7112 -0.7016 -0.0242 0.0361 350.06 -3.12 93.44 -2.96 -6.77 -3.10 -2.0900 2.6200 -1.8200 -0.7333 -0.9256 0.3822 -1.03 -9.66 -1.29 148 197 202 225 206 
0.6431 -0.7367 -0.1169 0.1733 319.44 -3.06 94.62 -1.58 -7.19 -5.46 -2.2400 3.1100 -5.9900 0.4044 -11.7900 -5.3044 2.27 -9.45 -1.25 138 203 199 220 202 
0.3914 -0.2501 -0.7506 0.4699 242.00 21.87 109.94 6.32 -1.58 -8.63 5.3100 4.8200 -3.1200 -0.7078 -6.1756 -2.9011 3.28 -7.70 -5.09 150 204 197 211 197 
0.0699 0.2398 -0.8486 0.4664 200.56 21.87 126.75 7.78 -6.29 -6.14 4.2400 1.4800 -0.1400 0.2244 1.2367 -0.0744 4.12 -7.32 -5.05 153 208 203 216 200 
0.1467 0.2205 -0.8331 0.4856 220.94 29.81 121.75 7.09 -3.64 -3.17 1.3900 3.7400 0.4500 -2.0033 8.5289 -0.6711 7.01 -6.54 -2.02 168 241 249 256 206 
0.6187 -0.0427 -0.6631 0.4191 309.87 48.38 56.75 3.13 -5.48 -3.35 -4.5900 -0.4900 -8.0300 1.8200 11.7111 -4.6189 1.73 -3.26 9.08 177 281 307 304 212 
0.9985 -0.0541 -0.0033 -0.0047 5.00 -2.25 -2.62 -1.79 5.49 11.86 0.2300 4.8100 4.0100 4.1789 1.7044 -1.8078 -1.79 3.54 8.96 185 320 337 350 218 
;
