0.6425 -0.0563 -0.2807 -0.7108 97.94 26.25 -21.19 4.64 3.98 6.87 0.3400 0.7600 -1.3600 -0.3578 -0.3389 -1.0689 4.30 3.27 8.17 173 296 293 274 197 
0.5758 -0.0675 -0.2837 -0.7638 107.19 25.00 -24.19 4.56 3.78 8.90 0.4800 0.1900 1.5700 0.2778 -0.2711 -0.5000 4.13 3.98 7.95 174 297 291 274 197 
0.5378 -0.0914 -0.3113 -0.7782 112.00 33.56 -24.44 9.38 4.06 12.99 3.5700 1.1600 5.2700 -3.5356 -3.4678 1.3011 7.51 1.18 6.19 174 304 277 268 196 
0.4668 -0.4313 -0.2209 -0.7397 114.81 60.50 23.44 7.04 -1.04 0.12 -1.4500 1.5700 -3.7400 -3.0867 -2.2389 2.7244 8.36 -4.79 1.81 171 312 243 285 197 
0.4399 -0.6896 -0.0024 -0.5753 100.25 48.31 92.31 7.07 -5.31 -4.50 0.3800 2.1400 -3.7800 0.8633 0.3444 2.8011 5.79 -7.90 -0.31 171 311 277 296 197 
0.5829 -0.6542 0.1130 -0.4683 72.06 24.25 72.44 -0.87 0.23 -1.82 -5.7000 9.0200 -6.1300 7.1922 1.6400 0.1678 2.82 -6.03 7.19 172 314 292 291 198 
0.8194 -0.1926 -0.0094 -0.5398 66.62 10.25 10.69 0.57 0.37 20.24 -0.4100 1.0000 10.5900 0.4256 -1.7322 -0.8100 2.63 -0.80 9.41 176 326 301 279 197 
0.8032 -0.1307 -0.0612 -0.5779 73.44 13.69 11.75 1.94 -2.27 11.89 0.3700 0.5600 3.6900 -3.6456 1.6311 -1.8067 1.96 -3.83 8.80 174 356 243 237 192 
0.6672 -0.2681 0.1605 -0.6762 96.00 7.37 43.25 2.17 -5.88 3.03 1.6100 1.6900 -4.0900 -2.6489 1.3022 -1.7656 1.64 -8.03 5.37 175 375 207 217 191 
0.4819 -0.3525 0.3384 -0.7273 114.69 11.06 57.50 2.69 -6.20 3.71 0.3700 1.8300 -0.8800 0.7522 0.4944 -0.3378 1.89 -7.78 5.65 175 379 207 223 192 
0.4573 -0.3103 0.3132 -0.7723 119.56 11.31 49.44 2.94 -3.08 3.19 1.8800 4.1700 -3.2200 2.3400 0.0189 -0.6433 2.20 -6.18 7.28 175 381 215 228 193 
0.4818 -0.2444 0.1697 -0.8242 118.19 14.75 26.37 6.48 -4.93 13.29 3.6100 -2.7400 4.7800 2.5533 -1.0178 0.7733 3.13 -2.37 8.98 175 383 223 231 195 
0.5820 -0.2141 -0.0131 -0.7844 103.44 21.56 15.94 4.96 -6.25 13.73 0.7700 -2.8600 4.7300 -1.9478 -0.2344 2.6078 3.22 -4.21 8.24 174 377 232 237 197 
0.6817 -0.3079 0.0910 -0.6574 85.25 14.69 38.38 0.02 -4.63 8.72 -2.2900 1.9300 1.0800 -1.9133 0.4578 0.5244 1.91 -7.09 6.49 174 376 235 242 198 
0.6666 -0.3835 0.2161 -0.6015 85.56 9.63 54.06 -0.24 -4.63 6.20 -1.9200 3.7600 0.8200 -1.7644 0.2922 -0.6800 1.85 -8.42 4.66 175 364 236 244 198 
0.5702 -0.4513 0.3028 -0.6160 97.31 13.06 67.31 1.70 -4.29 2.01 -0.6400 4.9300 -1.7900 -0.7311 1.3611 -1.2078 2.68 -8.83 3.29 174 355 239 245 197 
0.4636 -0.4567 0.3350 -0.6815 114.69 19.06 65.31 4.43 -3.80 1.33 2.1000 2.9000 -2.3700 2.0367 1.1278 -1.1211 3.45 -7.56 5.20 174 350 239 243 197 
0.4382 -0.3649 0.2324 -0.7879 122.87 22.25 43.19 7.13 -9.10 10.73 3.1400 -3.6100 3.6200 0.6467 -0.1689 -0.1900 3.87 -5.50 7.13 173 357 243 247 196 
0.4476 -0.3301 0.1608 -0.8154 121.37 22.81 37.56 4.23 -5.42 6.65 0.4000 0.2600 -0.6900 0.1733 0.3144 0.6433 3.38 -5.58 7.31 173 316 243 254 197 
;
