0.9537 0.2977 -0.0384 0.0153 358.00 4.87 -34.63 0.19 5.76 8.15 -0.6900 0.2700 0.6700 -0.2400 -1.0000 0.4422 1.40 5.43 8.03 189 306 312 307 217 
0.9524 0.2910 -0.0890 0.0194 357.25 11.25 -34.81 2.29 6.68 9.70 0.2800 2.1100 3.6200 0.1878 -2.2644 0.8311 3.24 5.55 7.39 194 313 323 318 219 
0.9326 0.2637 -0.2426 0.0424 352.19 34.00 -25.25 10.00 9.23 14.10 2.3900 7.1000 3.6600 -5.7889 -0.6567 4.0300 6.52 -1.25 7.21 193 328 327 321 217 
0.8954 -0.2043 -0.3643 0.1544 337.87 31.69 50.56 -0.30 0.06 -1.42 -4.4800 6.7800 -6.9000 -4.5611 -0.1456 3.0622 3.07 -9.12 1.87 192 326 309 317 216 
0.7155 -0.5875 -0.3239 0.1950 329.06 12.44 85.31 0.25 -9.37 -3.92 -0.7800 -0.3700 -4.8200 0.2511 0.1222 0.2356 1.74 -9.62 0.71 193 316 315 317 215 
0.7347 -0.5676 -0.2877 0.2348 321.37 8.38 71.37 1.24 0.28 -3.27 -0.0600 9.9000 -6.8900 7.6400 -0.0478 -0.3900 1.67 -6.33 7.29 191 314 319 319 217 
0.9080 -0.1179 -0.1678 0.3653 317.12 12.63 6.87 0.02 10.09 12.53 1.2600 9.3200 5.7800 5.0889 -0.2600 -1.3689 2.21 2.95 9.08 197 326 316 316 218 
0.9216 0.2253 -0.0807 0.3055 325.12 18.37 -22.31 4.12 3.14 11.09 0.6900 -0.1100 2.2400 -1.1856 -1.1922 -0.6389 3.68 2.98 8.58 197 322 321 316 216 
0.9398 0.1881 -0.1613 0.2353 333.06 24.00 -16.56 3.29 3.26 7.28 -0.7400 0.7400 -1.4100 -0.4022 -0.8078 -0.4544 4.46 2.35 8.40 193 314 313 309 216 
0.9398 0.1790 -0.2209 0.1893 338.31 30.50 -17.56 5.29 3.59 8.78 -0.0900 1.0300 1.5700 0.0256 -2.0789 -0.3233 6.03 2.70 7.24 190 317 272 261 214 
0.8771 0.1921 -0.4207 0.1292 343.69 64.00 -23.00 17.30 -0.21 2.15 9.0900 -0.3600 -1.5000 -0.3378 -5.7022 4.4811 9.61 -1.63 -0.97 180 370 175 189 192 
0.5679 0.0302 -0.7767 0.2710 296.31 56.81 112.44 4.17 0.45 -3.78 -3.6200 5.9700 -1.7600 4.0078 -1.2856 2.6678 6.70 -7.08 -1.03 179 371 183 193 194 
0.4268 0.0447 -0.6988 0.5723 249.00 40.00 84.37 4.07 -2.55 11.90 2.0500 2.4700 6.3100 -0.8789 0.0367 -0.1022 6.41 -7.41 0.03 176 381 191 199 190 
0.4203 0.0525 -0.7306 0.5355 259.62 42.25 100.00 8.16 -6.78 -5.37 0.6100 0.4500 -4.2100 -1.1300 0.1056 -0.0567 6.60 -7.00 -1.86 177 388 198 201 193 
0.4321 0.0099 -0.7652 0.4772 261.69 41.88 100.12 7.68 -5.67 -2.93 1.3100 1.8400 -0.9700 2.7044 1.9044 0.3567 6.38 -7.40 0.77 181 396 204 206 196 
0.4733 0.0099 -0.6752 0.5656 260.25 41.00 84.81 7.12 -3.33 3.10 -1.3700 2.9800 2.2100 -2.1611 2.8367 -1.0367 6.69 -7.10 0.94 180 390 205 212 198 
0.6519 -0.1208 -0.6260 0.4105 304.69 46.25 67.19 5.00 -2.83 0.17 -2.5300 2.9000 -4.2900 0.6056 10.2544 -4.0300 4.32 -3.88 7.89 186 318 287 283 208 
0.9924 -0.0741 -0.0774 0.0602 357.00 3.62 -1.37 1.38 6.57 13.35 2.9200 5.7800 6.1800 3.5478 1.0778 -1.2733 -0.56 3.35 9.19 190 326 325 336 216 
;
