0.9328 0.2164 -0.1259 -0.2592 31.00 7.19 -28.12 1.09 4.67 8.54 -0.1400 0.1000 -0.0200 0.0078 -0.0422 0.0233 1.26 4.59 8.56 182 318 350 369 216 
0.9329 0.2155 -0.1295 -0.2580 30.87 7.50 -28.19 1.34 4.67 8.52 0.0600 0.1000 -0.0100 -0.0033 -0.0111 0.0233 1.29 4.59 8.56 181 319 348 368 216 
0.9330 0.2150 -0.1315 -0.2567 30.69 7.81 -28.19 1.37 4.78 8.59 0.0500 0.2200 0.1500 0.1467 -0.0422 0.0689 1.47 4.69 8.48 182 324 346 364 219 
0.9288 0.2217 -0.1757 -0.2395 28.19 18.44 -29.00 6.22 11.38 16.85 4.6600 6.5500 8.4800 -4.5922 -4.5522 3.0322 6.69 0.67 7.13 185 333 342 323 218 
0.8801 -0.2147 -0.3978 -0.1452 14.44 47.81 43.06 2.47 -0.02 1.69 -5.1500 4.9500 -3.5400 -4.8678 -1.3556 4.3956 5.44 -7.94 1.83 184 335 342 341 218 
0.7280 -0.6100 -0.3121 0.0246 352.25 20.81 89.44 0.68 -7.64 -5.70 -2.4400 1.7100 -5.6600 0.5767 -0.0078 1.3622 2.32 -9.52 0.13 183 331 349 346 218 
0.7449 -0.6058 -0.2479 0.1295 338.06 11.94 73.06 0.40 0.81 -3.86 -1.5600 10.0100 -7.5300 7.2611 1.4211 -0.5556 1.87 -6.47 7.12 185 327 347 342 219 
0.9608 -0.1392 -0.1469 0.1896 337.44 16.06 6.31 3.77 12.67 13.55 4.8600 10.3200 6.5100 5.5944 -2.0933 -1.4778 3.85 3.80 8.17 183 336 345 339 219 
0.9281 0.2850 -0.1773 0.1612 340.44 26.62 -33.06 6.69 5.57 16.98 1.5400 0.6800 8.4000 -1.2711 -0.3967 0.4133 4.74 4.14 7.51 182 336 340 319 219 
0.9290 0.2282 -0.2453 0.1573 340.81 36.88 -21.75 10.01 2.84 7.92 1.9400 -0.6800 -1.0500 -0.8311 -5.3189 2.4467 8.77 0.87 4.28 182 317 304 278 214 
0.7711 0.1478 -0.5694 0.2438 320.75 70.31 16.19 6.95 -1.27 0.52 -1.9600 1.0400 -2.7900 1.5244 -0.3644 2.2667 8.89 -2.26 3.45 186 288 271 281 214 
0.7121 0.1367 -0.5473 0.4180 296.12 61.94 33.31 6.15 4.65 3.86 -4.4700 6.4000 -0.2300 -0.1511 0.8289 0.2367 8.24 -2.56 4.64 184 280 246 266 210 
0.7469 0.1154 -0.4914 0.4328 301.62 55.75 26.87 7.50 2.68 4.65 1.1300 5.1200 -0.0300 -2.8622 0.2944 -0.5289 8.06 -3.04 4.67 179 262 213 241 204 
0.7962 -0.0280 -0.5231 0.3027 321.31 54.13 42.81 6.46 -5.62 1.83 -1.0900 -2.0000 -3.5500 -3.1533 0.1589 -0.0022 7.88 -5.08 2.85 163 248 210 228 194 
0.7754 -0.2280 -0.5650 0.1662 336.81 53.63 65.00 7.69 -7.33 0.33 -0.2600 -1.8100 -2.0200 0.3889 0.8167 -0.1922 7.85 -5.09 2.92 2 262 225 235 203 
0.8405 -0.2283 -0.4709 0.1406 345.31 38.56 40.69 1.71 -2.55 0.01 -5.8900 2.2300 -7.6900 0.7389 7.2200 -0.0433 1.72 -4.56 8.50 180 280 289 274 212 
0.9805 -0.1949 -0.0220 -0.0082 5.37 -0.94 15.63 -2.86 1.26 7.60 -5.2200 2.6100 -3.5800 4.8889 -0.3200 -0.9933 -1.10 1.12 9.67 186 322 338 355 211 
;
