0.7866 0.2209 -0.0598 -0.5735 72.00 -8.88 -24.94 -1.62 3.84 9.17 -0.1800 -0.2400 0.5600 0.0067 -0.4033 0.1544 -1.23 4.10 8.81 176 301 289 321 209 
0.7922 0.2036 -0.0798 -0.5698 71.37 -4.81 -23.75 -1.05 4.53 12.57 -1.7600 1.4200 5.7200 -0.4144 -1.6422 0.6500 0.59 3.49 9.14 177 306 309 317 210 
0.8071 0.0405 -0.1693 -0.5641 69.69 16.62 -9.00 3.09 3.44 11.37 -0.2800 2.1700 0.9300 -5.5967 -1.9322 0.7356 4.01 -2.39 8.62 178 311 293 316 209 
0.7650 -0.3496 -0.0710 -0.5363 69.12 31.44 42.13 4.85 -3.04 -0.33 -0.2400 3.0100 -5.7100 -2.8544 -2.1067 1.3444 5.31 -7.44 3.53 172 302 304 309 208 
0.7077 -0.5859 -0.0186 -0.3945 53.19 24.75 67.69 4.21 -2.50 -4.29 -0.1600 7.1700 -8.2300 4.6622 2.6733 4.0733 0.86 -7.53 6.21 175 295 303 313 209 
0.9210 -0.2645 0.1399 -0.2496 25.81 -13.94 22.19 -9.86 7.14 8.98 -6.1100 7.7100 3.1400 5.6811 -1.8367 2.5311 -2.37 1.24 9.43 176 306 311 319 208 
0.9750 0.1583 0.0743 -0.1373 16.06 -9.44 -19.25 -4.84 4.00 19.09 -3.3800 0.6300 8.5500 -1.5022 -0.8000 -0.8822 -1.28 2.24 9.45 177 306 309 316 209 
0.9751 0.0508 0.0569 -0.2083 26.31 -6.75 0.50 -1.24 2.86 11.62 0.1800 4.5200 1.1300 -5.1800 -0.7911 -2.1544 -0.01 -4.36 8.78 177 303 291 294 207 
0.8765 -0.3492 0.0809 -0.3212 42.31 7.69 50.13 1.98 -4.17 0.28 0.5700 3.4400 -5.7800 -3.9611 -2.4256 -1.0967 2.71 -8.77 3.42 172 280 273 279 207 
0.7430 -0.5984 0.0421 -0.2967 41.75 15.44 70.31 3.05 -5.13 -4.26 0.2500 4.0300 -7.0000 5.2922 0.6756 1.2456 1.59 -7.45 6.16 176 276 275 286 207 
0.9089 -0.3326 0.0152 -0.2512 29.81 6.44 31.81 -1.75 -3.29 20.36 -4.0800 0.0700 12.8000 -0.6722 -0.0056 -0.2544 0.75 -4.93 8.44 179 291 289 292 207 
0.9001 -0.3406 0.0374 -0.2690 35.19 9.06 47.75 1.57 -3.57 2.49 0.0300 4.3200 -3.9600 -4.7844 -1.5389 -0.7233 2.69 -8.86 3.21 174 276 288 283 207 
0.7313 -0.6268 0.0365 -0.2663 39.00 15.38 76.62 2.94 -6.51 -6.29 0.2300 3.3200 -8.2100 4.2789 -0.0833 0.7222 2.11 -8.37 4.63 176 266 285 287 207 
0.8906 -0.3959 -0.0168 -0.2233 26.44 10.38 34.63 -1.82 0.89 19.56 -4.7700 3.6100 12.3000 2.3356 0.5011 0.2289 1.01 -3.20 9.21 178 285 286 293 208 
;
0.9564 -0.1849 -0.0248 -0.2249 28.44 7.94 23.50 1.34 -2.81 11.67 0.1200 1.6900 0.9800 -3.3922 0.1756 -1.2456 1.69 -5.79 7.72 178 280 283 276 207 
0.8603 -0.3981 0.0259 -0.3174 44.69 13.38 50.63 1.02 -3.97 -1.97 -1.5300 3.9700 -8.7400 -2.4333 0.6378 -2.4922 3.48 -7.93 4.59 165 241 243 242 206 
0.7259 -0.4639 0.0550 -0.5048 74.75 21.25 40.50 3.90 0.53 2.84 0.6500 6.5700 -2.6900 8.8444 6.7711 -1.5544 0.02 -0.14 9.80 175 308 304 318 207 
0.7434 0.1511 -0.0330 -0.6507 81.94 -9.88 -19.56 -3.69 5.47 16.67 -1.4700 0.9400 7.0000 1.5600 0.6778 0.1989 -2.46 4.66 8.27 176 302 318 336 211 
0.7268 0.2861 -0.0328 -0.6235 80.56 -18.50 -28.44 -6.44 4.44 12.54 -3.3600 0.3700 5.0000 -0.0033 -2.7378 0.9278 -1.53 4.65 8.49 180 310 316 332 208 
0.7603 0.1559 -0.0931 -0.6237 77.00 2.50 -13.31 3.43 6.25 13.21 2.0500 4.9600 2.3800 -6.7122 -2.0822 2.4033 2.20 -2.46 9.23 178 314 302 333 209 
0.8026 -0.3127 0.0385 -0.5065 61.38 15.31 44.56 1.26 -3.43 -1.75 -0.0400 4.0600 -7.5500 -2.6800 -1.4422 2.0111 2.21 -8.51 4.33 176 302 310 316 209 
0.7723 -0.5345 0.1088 -0.3256 42.56 8.75 65.25 3.79 -4.59 -4.89 2.2100 5.5200 -9.3500 4.1156 0.1178 2.5189 0.06 -7.72 6.04 174 286 290 304 209 
0.9258 -0.2841 0.1244 -0.2158 22.62 -10.13 23.81 -5.73 8.36 9.73 -5.1200 9.6300 3.7200 5.7844 0.6722 1.9811 -2.41 1.07 9.44 179 296 296 302 210 
0.9734 0.1680 0.0636 -0.1425 17.81 -7.56 -21.94 0.45 4.27 16.59 0.8100 0.0000 6.9900 0.1600 -0.1478 -0.3422 -1.13 3.91 8.92 179 299 297 300 209 
0.9658 0.1882 0.0142 -0.1782 21.31 -5.62 -18.75 -4.46 3.45 15.03 -3.1800 1.3200 6.6800 -2.8322 -0.6833 -1.0467 -0.92 1.29 9.67 177 301 301 305 208 
0.9686 -0.0366 0.0416 -0.2423 30.25 -1.37 14.13 -0.22 1.48 8.18 0.0600 4.7800 -1.8500 -5.8633 -0.9622 -1.3644 1.01 -6.58 7.19 178 299 296 298 208 
0.8250 -0.4810 0.0605 -0.2905 39.06 11.88 62.63 2.40 -5.67 -1.53 0.2300 2.8300 -5.5700 -2.9700 -1.0578 -0.6267 2.75 -9.25 1.73 174 293 291 298 208 
0.7045 -0.6537 0.0493 -0.2720 41.13 16.31 79.50 4.47 -6.56 -5.38 1.5300 2.8600 -7.1400 4.8800 0.4156 0.7756 2.22 -8.38 4.57 177 289 296 300 209 
0.8806 -0.4053 0.0143 -0.2452 30.44 7.31 41.25 -2.54 -6.40 18.38 -2.4200 -0.9500 10.6500 -0.5944 0.0044 -0.0056 1.12 -6.30 7.42 178 295 299 301 208 
0.8807 -0.3981 0.0472 -0.2522 33.44 7.56 52.00 0.93 -5.78 2.95 -0.0300 2.1800 -3.8200 -3.0267 -1.1322 -0.5622 2.00 -8.76 3.92 177 284 293 286 206 
0.7767 -0.5786 0.0376 -0.2463 34.13 13.38 70.44 3.88 -7.13 -5.99 0.9400 2.5700 -8.0900 4.2333 0.2267 0.5078 1.96 -7.98 5.33 175 276 294 294 207 
0.9109 -0.3400 0.0213 -0.2330 27.81 3.62 31.06 -3.82 -2.20 19.10 -4.6700 1.0000 11.4800 0.7967 0.3500 -0.2422 0.12 -4.07 8.91 177 288 306 303 207 
;
