0.9759 0.2133 0.0146 -0.0443 5.31 -1.94 -24.31 0.48 3.95 8.48 0.8500 0.0000 -0.3500 -0.0078 0.2967 -0.1789 -0.42 3.99 8.94 189 318 338 366 223 
0.9762 0.2100 0.0197 -0.0513 6.06 -3.50 -24.06 -0.86 4.17 8.85 -0.3800 0.2300 0.0100 -0.0467 -0.3500 0.1278 -0.40 3.98 8.94 189 318 338 343 222 
0.9778 0.2041 -0.0319 -0.0355 2.06 9.63 -23.12 4.63 9.20 14.60 4.1000 5.8800 5.4800 -3.3533 -4.6411 2.8333 5.15 1.37 8.22 188 318 325 274 218 
0.9285 -0.0368 -0.3591 0.0866 345.44 44.31 25.25 4.27 -1.48 5.01 -2.9000 2.6700 -0.2500 -5.2944 -0.0700 2.6933 6.15 -6.57 3.88 186 319 321 302 216 
0.7792 -0.4505 -0.4201 0.1154 344.00 31.12 80.50 2.99 -6.41 -4.48 -1.0400 1.0100 -5.3100 -2.3122 -0.1411 0.8056 4.46 -8.71 -0.58 185 316 335 321 217 
0.6662 -0.6169 -0.4073 0.0979 341.62 24.00 94.44 3.74 -7.58 -7.02 -0.3700 2.4600 -6.5100 5.1500 0.7244 0.6678 3.38 -8.79 2.71 186 313 339 323 219 
0.8670 -0.3817 -0.2319 0.2210 329.94 9.00 39.88 -1.44 5.86 9.95 -2.4400 10.8500 2.5000 5.2278 1.9689 0.8889 -0.08 -2.26 9.54 190 313 340 321 219 
0.9532 -0.0203 -0.0451 0.2981 325.94 6.94 1.75 0.92 0.52 15.75 0.8000 0.2300 3.7800 -1.1011 -2.1833 -0.8456 2.64 -0.84 9.40 190 315 337 310 217 
0.9529 -0.0232 -0.1893 0.2359 333.56 24.31 9.69 3.58 -1.17 6.07 -1.5800 0.0000 -2.9000 -0.8822 -4.5878 -0.6122 6.61 -1.85 6.99 186 306 321 292 215 
0.8203 -0.0010 -0.5449 0.1743 335.56 76.62 55.19 4.32 -3.91 -4.32 -3.2900 -2.7600 -2.2300 -1.3478 -13.8922 0.8111 5.23 -1.71 -8.11 181 259 230 246 197 
0.1036 -0.0042 -0.9941 0.0322 1.62 5.56 178.75 6.04 2.30 -12.00 2.4800 2.8900 -1.5400 -1.5789 0.0833 0.6478 0.16 0.68 -9.78 185 271 256 258 196 
0.0017 -0.0414 -0.9982 -0.0421 4.69 0.31 -175.44 0.25 2.46 -9.84 -0.1500 1.5900 0.3200 0.2022 0.2267 -0.1522 0.19 0.58 -9.78 187 272 259 260 198 
0.0081 -0.0330 -0.9990 -0.0311 3.50 2.56 -175.62 2.52 2.70 -9.88 1.3400 2.1500 -0.2300 -0.7811 4.7633 -0.4911 3.36 1.38 -9.10 181 288 281 279 210 
0.3764 0.0074 -0.9208 -0.1023 23.37 67.19 -147.75 11.02 5.62 -8.59 0.1500 2.2000 -9.7500 -1.4522 16.4722 1.1878 5.81 1.12 7.81 183 316 330 354 216 
0.9894 0.0463 -0.0040 -0.1374 17.87 -10.63 -7.06 -6.81 -1.08 6.57 -0.3400 -1.5600 -2.1900 3.1789 -1.2044 -1.0878 -1.61 3.27 9.10 183 337 349 382 225 
;
0.9753 0.1201 0.0718 -0.1709 19.94 -8.56 -9.50 -0.21 -0.94 11.46 1.9600 -0.6500 2.3400 0.6478 0.1878 -0.2644 -1.30 1.72 9.56 180 324 349 371 224 
0.9762 0.1017 0.0546 -0.1835 21.12 -8.13 -10.38 -2.70 1.94 11.24 -1.3700 0.3300 1.9500 0.4322 -1.3367 0.5889 -0.60 2.04 9.57 184 320 346 371 226 
0.9805 0.1185 -0.0036 -0.1568 16.06 1.31 -12.56 0.30 4.36 15.48 -1.3900 2.4200 6.0500 -2.5322 -5.4022 1.7544 3.60 -0.05 9.11 186 319 324 289 223 
0.9472 -0.1191 -0.2963 -0.0289 359.25 37.56 25.81 3.44 -1.05 8.23 -2.7300 2.8200 1.2000 -5.5278 -0.9244 2.1944 5.60 -6.72 4.42 185 326 330 315 221 
0.7720 -0.5166 -0.3687 0.0336 356.00 30.69 88.00 2.12 -4.63 -7.20 0.0800 2.7000 -6.2900 -2.3956 -1.1211 0.8278 4.26 -8.46 -2.52 183 319 340 325 222 
0.6072 -0.6842 -0.3995 0.0603 346.81 23.12 103.50 3.80 -5.66 -5.76 -0.6900 4.7000 -4.0200 5.6778 0.5956 1.2422 3.02 -9.09 2.08 183 324 343 330 223 
0.8511 -0.4175 -0.2426 0.2061 330.87 11.31 44.31 -2.30 4.34 9.23 -4.0700 9.6700 1.4100 5.5356 -0.6156 -0.0256 1.80 -3.12 9.11 186 325 341 325 224 
0.9520 -0.0346 -0.1265 0.2766 328.31 14.56 4.87 4.47 -1.01 17.37 1.8100 -0.3500 6.3800 -0.9144 -1.1056 -0.6389 3.37 -0.98 9.15 186 330 335 319 223 
0.9535 -0.0319 -0.1960 0.2267 334.81 22.31 10.88 1.45 -0.07 7.06 -3.2800 1.7700 -2.2100 -1.1022 -4.3267 -1.3833 6.55 -1.94 7.02 185 308 312 296 221 
0.8136 -0.0201 -0.5714 0.1058 348.00 83.81 173.81 9.48 -0.29 -3.98 0.4200 -0.4300 -1.1200 -2.2922 -9.5100 -1.5200 6.78 0.78 -7.03 185 256 246 269 209 
0.1621 0.0209 -0.9836 -0.0756 358.94 8.31 -170.69 2.75 3.29 -13.46 1.4200 1.2800 -2.6700 -0.2200 -1.3311 0.5256 -0.14 1.87 -9.62 187 276 271 281 209 
-0.0193 -0.0283 -0.9947 -0.0968 2.87 -1.12 -169.31 0.56 2.46 -8.64 0.6300 0.6100 1.0000 0.1311 0.0744 -0.0678 -0.04 1.69 -9.65 186 281 276 281 209 
0.0000 -0.0229 -0.9960 -0.0870 2.56 1.25 -170.12 2.72 3.47 -9.95 3.0400 1.6300 -0.3300 -0.0633 3.4800 0.1633 2.13 1.65 -9.42 185 283 280 278 213 
0.2416 -0.0115 -0.9661 -0.0906 30.94 43.81 -165.44 12.86 4.03 -9.89 -1.6100 -0.2200 -9.9800 -1.6744 16.9644 2.1644 7.42 0.63 6.37 182 308 335 357 218 
;
