0.7744 0.3046 -0.0298 -0.5538 71.12 -16.87 -31.81 -2.86 4.88 8.02 0.0600 -0.0600 0.0600 -0.0022 -0.0111 -0.0022 -2.85 4.94 7.97 175 318 315 333 212 
0.7739 0.3044 -0.0302 -0.5546 71.25 -16.87 -31.81 -2.80 4.90 8.04 0.0700 -0.0200 0.0700 -0.0067 -0.0244 0.0122 -2.81 4.94 7.98 176 317 315 325 212 
0.7814 0.2773 -0.0516 -0.5566 71.06 -7.44 -27.44 -3.39 8.73 16.64 -1.4100 4.9200 7.3300 -6.2433 -5.4778 0.4833 2.54 1.01 9.41 177 315 293 290 209 
0.7698 -0.2199 -0.1578 -0.5779 72.69 35.13 21.56 6.78 -2.68 4.56 -0.0500 1.4400 -2.9300 -3.1622 -2.6833 1.5033 6.26 -5.45 5.21 176 310 293 295 210 
0.7177 -0.5342 -0.1212 -0.4301 59.44 36.50 63.88 3.70 -5.81 -0.62 -1.5100 1.6900 -3.8500 -0.5667 -0.8978 1.4411 5.02 -7.99 2.63 177 311 292 297 208 
0.7277 -0.6066 -0.0497 -0.3162 43.94 23.87 73.19 5.55 -6.98 -3.82 2.4000 1.7600 -6.2800 3.0422 1.5900 3.5600 1.60 -8.73 4.15 176 299 287 291 208 
0.8848 -0.4110 0.1288 -0.1776 18.94 -7.69 43.81 -3.43 2.39 3.44 -2.1400 8.3000 -2.6000 5.9200 2.4144 1.9922 -3.15 -2.44 8.95 178 310 307 301 210 
0.9815 0.0240 0.1686 -0.0875 10.38 -18.06 -5.06 -4.06 2.86 15.25 -0.5000 1.1400 6.7300 1.0044 -0.9133 -0.3133 -2.21 2.08 9.32 177 317 306 303 210 
0.9816 0.1124 0.0881 -0.1270 15.50 -10.75 -10.69 -1.97 1.09 10.91 -0.2800 -0.6200 0.9300 -0.7878 0.1578 -0.4267 -1.89 1.18 9.54 180 317 299 291 209 
0.9828 0.0622 0.0818 -0.1534 18.25 -9.13 -4.94 -2.05 0.50 8.35 -0.6100 -0.0600 -1.1300 -0.5278 -1.3589 -0.6956 -0.69 0.41 9.77 177 318 201 222 205 
0.9799 0.0173 -0.0128 -0.1984 23.37 4.44 -2.87 4.35 0.01 9.39 3.1500 -0.8500 -0.5700 1.3511 -2.2200 0.8967 2.21 1.19 9.47 176 329 194 185 193 
0.9754 0.0610 -0.1652 -0.1327 12.25 18.56 -9.81 0.16 -0.24 14.26 -3.5800 -1.7700 4.9000 -0.7567 0.2933 1.3733 3.05 0.94 9.26 176 349 199 190 194 
0.9885 0.0030 -0.1470 -0.0358 4.31 15.31 1.81 -2.01 -0.09 9.54 -3.8200 0.9400 0.0000 -1.7644 -0.1522 -0.8511 2.45 -1.38 9.39 175 347 198 195 195 
0.9791 -0.1146 -0.1312 -0.1047 15.19 16.94 12.69 1.05 0.77 4.74 -1.2200 3.1000 -5.1900 -0.1078 -0.5433 -2.0322 3.53 -1.70 8.98 176 335 190 193 194 
0.9453 -0.1093 -0.1775 -0.2510 32.81 24.31 3.31 6.09 1.79 5.37 3.4900 2.2400 -2.3500 1.5467 -0.4867 -1.2178 4.31 0.72 8.77 175 331 197 196 195 
0.9189 -0.0053 -0.2460 -0.3083 36.31 28.12 -11.31 8.78 1.49 10.62 4.0400 -0.5300 2.5800 0.8556 0.1178 0.7667 4.75 2.06 8.32 175 331 206 201 193 
0.9313 0.0367 -0.2771 -0.2334 25.12 31.25 -11.63 6.81 0.76 13.00 0.2500 -0.5300 4.1300 -0.9478 0.1011 2.3211 5.25 0.34 8.27 175 337 209 209 195 
0.9554 -0.0699 -0.2695 -0.0978 9.56 31.00 9.50 1.60 -1.34 6.72 -3.4800 0.5700 -1.8700 -1.0056 0.1844 0.9678 4.72 -2.50 8.21 174 342 218 213 195 
;
