0.9451 0.1060 -0.2922 -0.1014 12.25 32.13 -17.81 5.28 2.56 7.82 0.0700 0.0500 -0.0400 -0.0022 0.0456 -0.0078 5.21 2.54 7.90 182 301 339 340 218 
0.9449 0.1064 -0.2924 -0.1014 12.25 32.00 -17.94 5.48 2.84 7.90 0.2900 0.1600 0.1100 0.1022 0.2067 -0.0833 5.10 2.65 7.94 181 304 338 337 218 
0.9440 0.1185 -0.2911 -0.1007 12.50 35.63 -18.62 8.57 4.99 12.95 7.2600 3.5600 5.8300 -2.0556 -6.1089 2.1578 8.53 0.75 4.77 182 313 325 315 219 
0.8425 -0.1216 -0.5229 -0.0458 1.12 59.75 39.56 5.52 1.47 3.80 -3.1300 5.5800 -1.3100 -4.1356 0.3367 4.6322 6.53 -6.91 2.35 184 322 336 340 218 
0.7396 -0.5049 -0.4321 0.1063 340.81 27.69 85.56 0.91 -5.59 -4.14 -3.1600 2.9900 -4.5300 -0.7033 0.1578 1.6811 3.28 -9.23 0.06 184 325 341 345 220 
0.6930 -0.5972 -0.3624 0.1783 327.81 14.75 84.37 2.07 -6.64 -4.23 -1.4900 4.0600 -6.1900 4.5144 1.2500 0.9722 1.54 -8.81 4.01 185 317 342 344 216 
0.8605 -0.3539 -0.1996 0.3072 320.37 5.50 34.50 -1.64 7.81 5.70 -3.7400 12.2600 -1.0400 7.4967 2.1267 0.5911 -0.54 -0.02 9.79 188 321 342 335 219 
0.9292 0.1422 0.0185 0.3406 320.25 5.19 -19.25 2.76 5.99 20.83 0.8500 1.9100 10.3900 -1.3967 -1.2900 -0.3256 1.75 2.69 9.26 186 325 338 324 219 
0.9445 0.1186 -0.0720 0.2977 326.62 11.75 -5.00 3.78 3.23 13.10 1.9000 3.0600 2.7500 -4.9833 0.3067 -0.2033 1.76 -2.48 9.31 183 309 311 296 218 
0.9348 -0.2404 -0.1316 0.2258 335.31 5.31 41.81 1.45 -3.54 3.72 1.6700 4.5700 -3.0400 -7.0456 1.8300 0.7100 -0.20 -9.34 2.95 156 219 213 243 214 
0.7047 -0.6938 -0.0739 0.1289 338.00 -5.31 94.75 -3.74 -7.40 -5.00 -2.9600 2.0300 -3.5000 -1.1622 -0.9144 0.1733 -1.23 -9.46 -2.23 153 215 208 240 212 
0.5992 -0.7680 -0.1383 0.1789 316.06 -4.81 99.19 -0.51 -6.95 -6.36 -0.3700 2.7900 -6.6500 1.6200 -11.5811 -4.8711 2.05 -9.56 -0.69 153 217 201 232 205 
0.4199 -0.2301 -0.7175 0.5059 246.25 25.06 102.62 5.01 -5.99 -8.80 6.5800 4.8500 -5.6000 1.3067 -7.6167 -2.9600 4.15 -7.97 -3.89 153 223 207 228 199 
0.0959 0.2624 -0.8005 0.5303 199.56 26.62 116.81 5.81 -6.31 -4.29 2.8600 1.0400 -0.0800 0.5744 -0.4589 -0.4633 4.63 -7.79 -3.71 156 232 216 230 201 
0.1043 0.2977 -0.7670 0.5587 203.12 30.31 113.25 8.30 -4.87 -2.38 3.3200 3.1700 0.8600 -0.8744 5.8689 -0.8467 6.21 -7.37 -1.78 173 243 248 252 206 
0.4410 0.0756 -0.6730 0.5889 271.87 40.75 68.56 0.62 -5.44 -1.46 -4.7000 1.1900 -5.6900 -0.7444 10.3956 -3.6122 3.91 -5.97 6.71 178 266 273 281 210 
0.9290 -0.2160 -0.1392 0.2665 334.87 1.00 19.25 -3.17 3.27 10.57 -1.2100 5.2800 2.6900 5.1100 1.1800 -3.3878 -0.66 0.53 9.76 185 306 327 329 213 
;
