0.9434 0.3196 0.0100 0.0877 349.31 2.06 -37.25 0.32 5.94 7.71 -0.0200 0.0100 -0.0900 0.0011 0.0000 0.0044 0.35 5.93 7.80 208 343 329 332 233 
0.9434 0.3196 0.0110 0.0880 349.31 2.00 -37.19 0.06 6.35 8.22 -0.3400 0.6400 0.9100 -0.1300 -0.4989 0.3900 0.71 5.87 7.81 208 345 329 336 235 
0.9402 0.3185 -0.0637 0.1021 347.00 17.69 -33.56 5.10 10.31 12.40 1.2500 5.5000 3.8600 -6.0100 -4.1500 2.9411 6.25 0.98 7.49 207 346 331 310 231 
0.9030 -0.0731 -0.4062 0.1191 344.31 46.75 34.81 4.27 -0.15 1.56 -2.8600 5.2100 -3.0100 -5.3144 -1.1656 2.7144 6.45 -6.93 2.52 200 342 341 332 231 
0.7083 -0.4831 -0.4988 0.1270 337.81 32.50 95.00 3.92 -6.95 -5.31 -1.1000 1.6200 -3.7900 -1.4833 0.5144 1.5122 4.27 -8.62 -1.89 197 324 346 337 231 
0.6251 -0.6102 -0.4608 0.1570 328.50 20.37 95.12 1.96 -5.57 -5.60 -2.0000 5.3100 -5.8800 6.0611 0.9956 1.0711 2.40 -8.77 3.65 197 315 347 335 230 
0.8655 -0.3067 -0.2250 0.3257 320.06 5.56 29.75 -4.62 7.07 6.60 -3.5800 8.7000 2.5700 6.8711 -1.5433 0.7322 1.23 -0.22 9.72 204 339 349 328 230 
0.9301 0.0923 -0.0976 0.3420 320.44 15.25 -7.94 2.95 0.78 11.01 -1.9200 -0.4100 2.3400 0.6244 0.7278 -0.6467 1.92 1.97 9.40 204 338 338 319 231 
0.9380 0.1462 -0.1096 0.2946 325.69 18.69 -12.38 4.03 1.23 14.18 1.4300 0.0000 5.7400 -0.8522 -2.4722 0.3456 4.86 1.30 8.41 194 331 261 252 225 
0.8924 0.1290 -0.3162 0.2950 321.00 42.56 0.00 10.80 -0.75 7.75 3.6100 -0.0400 0.3800 0.3056 0.1944 2.9511 6.63 -1.48 7.06 174 244 208 220 219 
0.8160 0.0645 -0.3383 0.4643 296.44 34.69 15.88 3.35 -0.13 4.29 -1.8100 2.6400 -4.1300 1.0067 0.5933 1.9989 4.83 -2.41 8.18 155 210 189 207 216 
0.7544 0.0482 -0.2606 0.6005 281.94 25.62 14.81 1.84 0.39 5.92 -2.0800 2.2700 -2.1500 0.1856 0.5422 -0.3544 3.90 -2.00 8.77 147 198 200 217 219 
0.7747 0.0500 -0.2139 0.5930 287.19 22.00 10.31 3.78 1.17 8.23 0.2100 2.6800 -0.5600 -0.1967 0.7944 -1.5133 3.23 -1.52 9.13 276 310 317 335 331 
0.8419 0.0160 -0.1766 0.5096 299.62 18.37 9.63 3.55 -3.26 8.44 0.0100 -2.1400 -0.7600 -0.8733 -0.1211 -0.6178 3.26 -1.97 9.03 212 254 269 286 280 
0.8730 -0.0247 -0.2042 0.4423 307.12 19.06 14.06 1.25 -4.12 7.58 -2.1500 -1.5300 -1.4200 0.0844 0.0178 -0.5678 3.06 -2.21 9.04 208 252 282 276 247 
0.8995 -0.0475 -0.1970 0.3871 315.87 18.19 16.62 5.34 -1.22 3.74 1.8300 1.6900 -5.3800 -0.9311 5.9767 -2.7022 0.46 -3.07 9.30 278 375 385 384 318 
0.9707 -0.1397 -0.0104 0.1953 340.94 -0.37 11.81 2.01 1.79 7.32 1.3300 3.2400 -1.0900 3.6111 -1.7433 -1.5622 1.14 0.74 9.71 317 437 449 450 340 
;
0.9844 0.1540 -0.0634 0.0571 354.94 8.56 -20.62 6.19 4.12 14.26 4.6800 1.4700 4.6500 1.6222 0.8678 -1.0211 0.96 4.14 8.83 316 424 440 449 332 
0.9808 0.1930 -0.0122 0.0264 357.31 2.50 -21.12 1.38 3.14 9.23 0.9100 0.3100 0.0500 0.1544 -0.2367 -0.0044 0.66 3.59 9.10 302 412 434 436 329 
0.9819 0.1857 -0.0307 0.0215 357.44 4.00 -21.00 0.61 3.15 9.27 0.0200 -0.2800 0.2200 -0.0078 -0.1978 -0.0511 0.81 3.49 9.12 306 412 435 440 332 
0.9795 0.1923 -0.0573 0.0189 358.25 13.25 -22.81 6.43 7.11 17.86 4.0400 2.6800 9.2100 -2.7778 -5.0878 0.9111 5.70 1.92 7.73 309 449 442 435 335 
0.9218 -0.0333 -0.3862 0.0145 355.12 45.19 21.44 1.87 2.28 2.81 -5.0600 6.0200 -3.9500 -5.5111 -0.8022 3.5267 5.56 -7.11 3.82 308 443 445 452 334 
0.7656 -0.5262 -0.3582 0.0924 345.19 24.19 82.75 -0.11 -4.30 -3.57 -3.1300 3.4100 -4.7900 -2.3522 -0.8244 0.9067 2.99 -9.22 -1.42 306 426 445 453 332 
0.6333 -0.6776 -0.3553 0.1163 337.31 16.50 98.69 2.55 -8.46 -6.66 -0.5300 1.9100 -5.7700 4.0467 -0.2000 0.6022 2.39 -9.45 1.00 296 415 440 449 327 
0.7891 -0.4935 -0.2817 0.2334 325.56 11.69 59.19 1.70 1.44 3.06 -0.7800 10.3300 -1.7800 6.6922 1.9967 0.3233 1.29 -4.83 8.43 302 427 442 449 328 
0.9384 -0.0793 -0.1130 0.3167 322.37 7.44 2.50 -1.50 5.90 13.71 0.0400 4.5400 6.7600 3.8400 -1.8867 -0.8767 1.76 2.77 9.23 303 428 435 436 325 
0.9333 0.1942 -0.0505 0.2978 326.12 12.88 -19.44 2.08 3.88 11.93 -0.1400 0.6300 0.9800 -1.1033 -0.0711 -1.2911 2.09 2.65 9.20 298 412 417 403 324 
0.9658 0.1519 -0.0663 0.1992 339.00 13.38 -16.56 5.35 3.02 14.22 3.5200 1.1300 7.2800 0.0922 -3.2244 -0.0667 4.48 2.82 8.24 282 385 360 357 315 
0.9324 0.1623 -0.2863 0.1492 338.87 40.50 -10.63 12.42 2.68 10.96 3.7600 2.2500 1.6600 -0.8278 -0.2267 4.1578 6.57 -1.48 7.12 261 319 338 329 310 
0.8406 0.0012 -0.3714 0.3943 305.12 36.56 24.37 2.95 -0.85 2.53 -2.8800 2.9500 -4.2600 1.4933 1.3600 2.3756 4.32 -3.57 8.04 201 265 278 275 267 
0.7661 -0.0110 -0.2708 0.5828 282.81 23.12 20.44 3.53 2.28 5.38 -0.5400 5.0300 -2.6500 0.4200 0.8500 0.0944 3.40 -2.96 8.70 211 274 297 304 275 
0.7927 -0.0371 -0.2040 0.5732 290.69 14.88 17.31 4.89 0.00 8.55 3.4100 2.3200 -0.9600 -0.6167 0.5389 -0.7844 2.25 -3.00 9.06 169 239 270 280 245 
0.8488 -0.0883 -0.1661 0.4940 301.37 9.81 19.81 1.31 -4.56 8.90 -1.6800 -1.9700 -1.0400 -1.2489 -0.2222 0.3033 1.50 -4.16 8.75 211 279 309 322 286 
0.8468 -0.1666 -0.1819 0.4713 302.19 8.06 27.94 -1.15 -5.16 7.82 -2.0400 0.0500 -0.9400 -0.1522 0.1167 -0.5711 1.45 -4.66 8.49 193 253 293 294 251 
0.8646 -0.1920 -0.1884 0.4244 310.69 10.50 30.81 -1.07 -3.54 1.87 -3.3700 2.0100 -7.3700 -0.5200 0.1956 -2.2244 2.47 -4.84 8.15 208 301 316 311 258 
0.9462 -0.1752 -0.1591 0.2206 337.50 12.00 20.81 2.73 1.38 7.11 1.1900 5.0700 1.5500 3.7111 1.0356 -2.7022 1.60 -0.51 9.66 224 335 347 348 256 
;
