0.9187 0.3359 0.0675 0.1964 336.00 0.50 -40.00 0.81 5.61 7.96 0.5600 -0.6500 0.4900 -0.0600 0.0711 0.0456 0.11 6.25 7.54 190 331 322 333 224 
0.9197 0.3330 0.0645 0.1975 335.69 0.75 -39.63 -0.17 6.15 7.66 -0.3600 -0.1900 0.1500 0.0044 -0.0244 -0.0456 0.08 6.24 7.56 190 335 321 335 225 
0.9199 0.3350 0.0587 0.1953 336.00 3.75 -39.19 -0.35 6.63 12.02 0.4500 1.6500 5.6700 -1.3989 -6.3144 1.4433 4.16 5.24 7.16 185 363 197 217 220 
0.8501 0.3008 -0.4024 0.1580 334.25 68.56 -44.38 16.85 2.91 -1.23 4.3600 2.7200 -2.2000 1.5089 -4.2233 5.9711 9.47 -1.86 -1.68 181 361 174 187 204 
0.4696 0.1625 -0.7740 0.3924 266.50 51.75 111.31 1.47 -0.79 -2.14 -5.3700 5.4500 0.6000 3.8067 0.5000 1.5789 6.70 -7.15 0.10 178 376 179 198 207 
0.3716 0.1841 -0.6506 0.6362 239.44 46.13 86.25 5.60 -5.14 3.99 -0.6600 1.4100 2.4600 -3.2589 0.9622 -0.3378 7.13 -6.68 -0.79 183 357 187 202 205 
0.4119 0.1108 -0.7480 0.5084 259.56 47.13 101.50 8.20 -7.12 -7.27 1.0700 -0.5500 -6.2100 2.3189 0.5522 0.1178 7.27 -6.58 -0.04 180 369 197 207 208 
0.4592 0.1501 -0.6318 0.6061 251.25 51.38 77.69 10.79 -2.01 7.22 2.1600 2.8000 3.8100 -1.5278 3.6656 -1.0711 7.75 -5.73 1.80 188 349 196 216 210 
0.6015 0.0779 -0.5838 0.5397 285.00 50.00 55.44 10.52 -3.22 4.92 4.1200 1.8700 0.4000 -3.4633 4.3222 -1.0567 6.62 -5.62 4.55 187 332 308 312 215 
0.7985 -0.2319 -0.4562 0.3170 321.81 32.38 58.94 6.92 -5.41 -0.91 1.5100 1.7500 -6.2000 -3.8900 0.7800 1.5700 4.08 -8.63 2.20 190 338 325 341 216 
0.7178 -0.5194 -0.4031 0.2293 323.00 17.19 80.94 1.52 -10.11 -8.47 -0.6400 0.8300 -8.7100 4.2678 -0.4522 1.1422 1.95 -8.55 4.37 190 328 337 343 216 
0.8267 -0.3393 -0.2286 0.3862 308.06 2.69 37.81 -2.28 4.08 1.89 -0.8700 9.5700 -4.8300 6.9222 0.5478 1.5378 -0.54 -1.56 9.66 190 343 333 335 217 
0.8629 0.0134 0.0781 0.4991 298.81 -7.12 -10.94 -3.11 7.72 15.76 -2.5000 4.4400 8.1100 1.9144 -1.0333 0.1978 -0.66 4.18 8.84 191 347 339 333 218 
0.8416 0.2015 0.1273 0.4846 300.56 -0.81 -27.31 -1.78 4.51 12.29 -1.8000 0.0900 3.2700 -0.4233 -0.5956 -0.3544 0.11 4.19 8.86 189 348 332 321 217 
0.8685 0.1819 0.0880 0.4527 306.12 1.12 -21.94 -1.31 3.23 7.29 -1.6900 -0.0100 -2.3000 -0.8567 -1.8267 -1.1433 1.00 3.12 9.24 188 331 326 306 217 
0.9211 0.1638 -0.0225 0.3524 322.19 10.19 -16.87 2.59 2.75 4.83 1.1400 -0.3500 -3.7000 2.4533 2.3544 -3.1289 0.11 4.26 8.83 188 308 325 345 221 
0.9331 0.2958 0.0765 0.1897 337.19 1.56 -35.13 0.64 4.37 10.98 -1.4800 -2.8900 -2.6100 -0.4944 -1.2511 0.4933 1.05 5.24 8.21 188 309 316 335 221 
;
0.9280 0.3226 0.0485 0.1801 338.06 1.44 -38.00 0.27 5.97 7.74 0.0400 -0.1000 0.0400 -0.0089 -0.0122 -0.0022 0.25 6.04 7.71 188 320 325 338 220 
0.9281 0.3227 0.0482 0.1795 338.06 1.50 -38.00 0.13 5.99 7.69 -0.1100 -0.0600 -0.0700 0.0056 -0.0300 -0.0122 0.27 6.04 7.71 186 322 322 337 222 
0.9282 0.3229 0.0476 0.1783 338.25 1.62 -38.06 -0.55 5.86 7.81 -0.6300 -0.1500 0.2300 0.1678 -0.8778 0.2044 0.82 6.13 7.60 188 329 309 326 221 
0.9218 0.3417 -0.0614 0.1723 339.56 22.56 -38.56 6.95 6.32 8.58 5.0700 1.1400 1.5700 -1.1789 -7.7200 2.6689 7.88 4.10 4.14 183 364 215 215 213 
0.7579 0.2671 -0.5762 0.1494 333.62 82.19 -56.69 11.97 1.71 -2.19 2.4000 2.0800 -2.0200 0.3956 -3.3067 4.8244 9.36 -2.29 -1.77 177 371 187 188 200 
0.5363 0.0795 -0.7676 0.3419 283.37 54.88 108.56 4.02 -1.20 -4.10 -4.8100 4.1000 -1.8400 2.9122 -0.6078 2.4567 6.64 -7.15 -0.93 175 371 181 189 202 
0.3951 0.0831 -0.6894 0.6014 244.44 40.13 83.50 0.66 -1.51 8.94 -2.2700 5.3100 9.6600 -0.4267 -2.0700 0.2067 6.44 -7.36 0.56 173 376 189 198 204 
0.3776 0.1127 -0.6967 0.5995 246.81 41.50 93.06 6.86 -6.81 -0.71 1.2500 0.3800 -2.3300 -2.7000 0.4878 -0.0867 6.55 -7.00 -2.03 178 373 192 197 203 
0.4142 0.0342 -0.7805 0.4670 262.75 42.44 107.31 6.52 -7.00 -6.76 -0.2100 0.6500 -3.4400 1.5822 -0.5133 0.1667 6.41 -7.21 -1.71 178 364 194 201 204 
0.3839 0.0759 -0.7406 0.5463 247.31 40.69 93.25 0.27 -2.19 5.43 -0.6300 4.4900 9.6900 0.7633 0.3622 -1.1656 6.91 -6.90 0.83 180 348 198 212 204 
0.4534 0.0982 -0.6588 0.5923 265.25 45.69 74.31 10.30 -5.95 3.79 2.2600 -0.1400 -0.4000 -2.1533 7.3567 -2.0411 5.97 -6.07 4.84 187 331 298 290 211 
0.7976 -0.2169 -0.4133 0.3820 310.81 26.75 50.88 7.45 -4.38 7.62 1.9100 2.7600 -0.6300 -4.3356 3.0167 0.9700 2.65 -8.65 3.76 186 334 319 335 213 
0.7266 -0.5206 -0.3474 0.2836 317.56 10.13 82.06 1.20 -9.77 -7.97 -0.3100 -0.7800 -9.6500 -0.1400 0.7078 0.7433 1.10 -9.72 0.63 185 321 324 340 214 
0.7026 -0.5798 -0.2979 0.2853 312.12 4.44 76.31 1.66 -5.28 -3.23 0.8200 7.9600 -3.8800 6.9522 1.0067 0.0300 0.54 -7.48 6.31 187 328 330 333 214 
0.8557 -0.2290 -0.1649 0.4338 305.44 6.94 21.94 -0.02 7.27 3.34 -1.4800 9.2800 -5.9800 5.7511 -1.5233 -1.1322 1.91 0.67 9.59 188 336 330 335 213 
0.8907 0.1753 -0.0196 0.4189 310.37 9.94 -20.44 3.83 7.15 18.29 2.0200 3.3200 9.0200 0.3067 -0.7911 -0.1333 2.08 3.86 8.76 188 336 331 323 215 
0.8920 0.2166 -0.0183 0.3963 312.81 12.00 -21.31 0.90 4.20 9.28 -1.1200 0.7600 -0.0700 -0.8389 -0.5256 -0.6689 2.19 3.01 9.06 187 317 304 293 215 
0.9159 0.1844 -0.0754 0.3485 320.37 16.50 -17.37 1.50 3.09 4.83 -1.2800 -0.1000 -4.1900 1.3767 1.3422 -3.0222 1.44 3.84 8.90 189 318 321 322 216 
0.9384 0.2881 0.0718 0.1771 338.25 0.13 -35.25 0.52 5.97 11.01 -2.0800 -0.9800 0.4700 -0.5222 -0.9700 0.6533 0.72 5.23 8.26 187 311 330 327 218 
0.9370 0.2882 -0.0083 0.1976 335.75 6.00 -34.13 0.41 7.97 11.70 -1.5500 1.5600 2.3100 0.4100 0.3778 0.0489 0.50 5.78 7.90 187 313 328 319 218 
0.9247 0.3136 0.0453 0.2110 334.25 2.75 -37.06 1.37 6.66 7.98 0.7800 0.7000 0.6700 -0.1311 0.1711 0.0867 0.40 5.86 7.84 187 314 328 323 218 
0.9222 0.3114 0.0549 0.2226 332.87 1.75 -36.94 -0.64 6.65 7.36 -0.7900 0.7700 -0.2400 0.2711 0.1822 -0.1978 0.08 6.04 7.71 186 306 329 331 218 
0.9178 0.3224 0.0806 0.2171 333.31 -0.94 -39.13 0.41 6.10 7.40 0.7000 -0.0400 0.0900 -0.2322 -0.2833 0.3967 0.09 6.12 7.65 187 301 332 335 219 
;
