0.7291 0.3807 -0.0399 -0.5674 75.75 -21.94 -40.31 -3.74 5.84 6.92 -0.0700 -0.0200 0.0400 0.0100 0.0078 -0.0078 -3.67 5.88 6.93 174 321 273 343 209 
0.7288 0.3810 -0.0397 -0.5676 75.81 -21.94 -40.38 -3.78 5.90 6.99 -0.0800 0.0300 0.0400 -0.1067 -0.1211 0.0422 -3.59 5.84 7.00 173 312 296 317 209 
0.7435 0.3481 -0.0422 -0.5695 74.12 -15.44 -33.44 0.13 5.79 11.59 2.2900 0.7900 2.4000 -1.9367 -9.2511 3.1444 3.04 3.75 8.53 172 321 210 219 205 
0.7643 -0.0926 -0.4058 -0.4926 60.31 58.81 -19.87 11.69 1.85 3.53 1.4500 1.0800 -1.5800 1.1900 -5.7611 4.4500 9.71 -1.17 0.57 170 343 201 193 196 
0.6766 -0.3433 -0.6411 -0.1152 8.06 64.56 99.06 6.51 -1.04 -1.05 -2.8200 3.6200 0.3100 3.4667 -0.0444 2.7133 7.64 -6.13 0.27 168 355 204 198 193 
0.7283 -0.3179 -0.5783 0.1843 327.44 45.44 74.69 4.46 -1.99 10.37 -2.8100 3.9000 7.7800 -1.4767 -0.0033 0.0578 7.16 -6.58 1.24 171 362 209 211 195 
0.7223 -0.3319 -0.5927 0.1296 343.94 52.19 85.25 10.94 -5.94 -2.84 2.9600 0.0000 -4.0900 -1.0922 -0.1789 -0.8644 8.23 -5.32 -0.17 169 361 203 203 194 
0.6967 -0.3513 -0.6226 0.0602 344.81 54.44 90.81 7.47 -5.34 -1.79 -0.7400 0.8700 -0.8800 4.1744 0.3556 0.5156 7.70 -5.86 1.55 169 374 199 220 195 
0.7423 -0.2053 -0.5992 0.2187 327.56 54.81 70.50 8.90 -4.47 7.06 0.3300 0.5800 4.1800 -1.6311 1.5222 -2.0867 8.49 -4.35 2.22 168 345 207 199 193 
0.7756 -0.1805 -0.5995 0.0808 350.12 67.12 59.25 10.34 -5.79 -0.54 0.5500 -2.4300 -2.8300 0.9433 -1.4567 -0.7589 9.43 -2.43 1.11 175 320 179 166 193 
0.7383 -0.0701 -0.6653 0.0856 343.25 76.69 59.25 9.65 0.21 1.38 -0.0700 2.6800 -0.2300 0.6178 0.3189 0.5856 9.44 -2.06 1.66 179 325 169 169 191 
0.7518 -0.0081 -0.6345 0.1796 331.00 70.06 49.94 8.29 2.71 2.06 -0.7600 5.0900 -0.2500 -0.5756 1.2833 0.9511 8.80 -3.24 2.84 180 327 173 176 193 
0.7900 -0.0779 -0.5688 0.2153 331.12 57.63 46.75 7.24 -3.82 1.35 -0.7700 -0.0100 -2.1200 -0.8211 1.3700 0.5056 7.73 -4.37 4.14 180 327 181 181 196 
0.8301 -0.1796 -0.4945 0.1848 334.94 48.13 48.44 4.67 -7.87 5.35 -2.5800 -2.6900 0.9700 -0.3889 0.4578 -0.0444 7.16 -5.07 4.36 181 326 186 185 194 
;
