0.7625 0.2428 -0.2226 -0.5569 72.37 4.12 -38.19 0.73 6.10 7.65 0.2000 0.0200 -0.0700 -0.0111 -0.1367 -0.0344 0.79 6.04 7.68 176 314 292 274 204 
0.7607 0.2360 -0.2297 -0.5594 72.25 6.06 -37.81 0.85 6.55 10.55 -0.2500 0.7400 3.4100 -1.2300 -3.3878 1.7056 3.29 5.10 7.69 160 331 258 235 199 
0.7664 -0.0134 -0.3718 -0.5237 67.81 47.56 -22.81 11.24 1.64 5.46 2.3400 -0.2900 0.3400 -1.9744 -5.1656 3.2789 9.54 -0.63 2.15 172 353 209 203 188 
0.6449 -0.4290 -0.5384 -0.3320 47.13 71.12 106.50 8.15 -0.79 -2.60 -1.0900 2.8300 -1.7400 0.6078 -1.7511 2.7444 8.13 -5.01 -2.21 169 359 198 193 180 
0.6313 -0.5615 -0.5291 -0.0797 8.50 46.31 100.31 3.42 -5.12 0.14 -4.7400 1.4000 2.3300 3.9900 -1.1978 0.2044 6.80 -7.05 0.09 168 362 208 206 183 
0.6749 -0.4799 -0.5569 0.0636 354.87 44.38 97.87 5.90 -6.27 0.97 1.1800 0.6200 0.2100 -3.0978 -0.7556 -1.2722 7.48 -5.82 -2.48 165 361 206 199 182 
0.5808 -0.5693 -0.5726 -0.1035 22.44 51.88 120.44 9.39 -4.65 -8.45 1.6800 0.8800 -4.5600 1.1156 -0.0778 0.8167 7.40 -5.87 -2.62 158 356 212 206 182 
0.6530 -0.5547 -0.5134 -0.0481 2.25 44.13 95.00 2.66 -4.95 3.62 -10.0600 2.4100 11.1200 0.5122 -2.5267 -0.5489 6.92 -6.93 -0.36 171 353 222 219 184 
0.6995 -0.4927 -0.5177 -0.0007 8.69 49.25 88.19 7.19 -3.93 -0.53 -1.0900 2.1000 -1.5900 -0.6644 6.4300 -2.2611 7.77 -5.07 3.14 158 288 239 228 189 
0.8277 -0.3421 -0.2487 -0.3688 53.06 30.00 20.50 1.64 -2.03 8.13 -3.2100 0.7100 2.3100 3.9800 1.9444 -1.2567 2.41 -0.25 9.50 167 299 265 247 193 
0.8582 -0.0642 -0.1664 -0.4813 58.69 22.37 -4.25 4.38 0.21 13.14 -0.3600 -0.9000 4.0700 -0.7011 -1.1233 0.0678 4.56 0.19 8.67 172 307 267 243 194 
0.8246 -0.1917 -0.2670 -0.4603 57.19 46.31 11.94 9.92 -2.48 6.54 2.5100 -0.5000 -0.1500 -1.8656 -5.9233 2.7411 8.71 -3.67 2.60 170 356 234 227 187 
0.6868 -0.5207 -0.4639 -0.2048 23.75 52.38 96.12 5.59 -3.45 -3.94 -1.6600 3.5000 -1.8400 1.9189 -2.3144 2.1789 6.26 -7.45 -1.15 169 355 228 230 184 
0.6946 -0.5313 -0.4814 0.0586 346.31 38.31 93.75 10.61 -5.82 5.34 1.8100 1.4400 4.0500 -1.3622 2.0156 -0.2289 6.32 -7.44 -0.91 171 362 227 227 182 
0.6425 -0.5489 -0.5346 0.0118 359.94 43.19 106.56 7.86 -4.90 -4.10 1.4100 1.6700 -1.7600 -2.5778 0.1944 -0.9111 7.26 -5.66 -3.36 166 360 219 214 182 
0.5663 -0.5952 -0.5626 -0.0922 15.56 47.50 120.06 10.37 -4.75 -6.28 2.3300 1.1600 -2.3300 2.7100 1.0433 1.2344 6.86 -6.73 -1.88 170 363 235 230 183 
0.6891 -0.5117 -0.5118 0.0369 350.56 42.81 94.06 11.08 -5.37 5.35 4.2500 1.6000 4.7600 -0.8678 2.1178 -0.1000 6.91 -6.93 -0.40 168 369 239 232 185 
0.7153 -0.5048 -0.4810 -0.0452 12.13 49.69 86.06 7.55 -2.87 0.15 -0.1600 2.9600 -0.6300 -0.9989 6.3089 -2.9111 8.02 -4.76 3.02 172 309 252 247 193 
0.8305 -0.3121 -0.2165 -0.4075 57.44 20.12 13.69 -3.45 1.64 5.44 -8.9300 3.0100 -0.0600 5.7633 1.8289 -1.2756 -0.21 2.07 9.58 174 320 295 309 198 
;
