0.9358 0.3273 0.0053 -0.1307 15.75 -5.50 -37.88 -1.01 6.04 7.65 -0.0800 0.0600 -0.0900 -0.0067 0.0922 0.0589 -0.96 5.99 7.69 183 333 341 376 221 
0.9360 0.3284 0.0096 -0.1262 15.25 -5.81 -38.00 -1.18 6.12 7.54 -0.1800 0.1100 -0.1600 -0.0100 -0.0033 0.0200 -1.00 6.01 7.67 183 334 341 375 222 
0.9360 0.3292 0.0093 -0.1246 15.13 -5.06 -37.94 -1.29 7.12 9.77 -1.5100 0.9400 2.1500 -1.0933 -3.9456 1.9733 1.58 5.46 7.98 183 349 302 280 219 
0.9167 0.2045 -0.3337 -0.0810 6.87 53.88 -31.12 15.06 2.95 2.83 5.6100 1.1500 -0.7100 -0.9311 -6.6422 4.8667 9.77 -0.75 -0.15 178 361 200 198 198 
0.6127 -0.0759 -0.7753 0.1337 322.37 59.13 125.50 7.86 -0.13 -2.69 -0.6100 5.6300 0.8000 2.8256 -0.6744 3.3389 6.58 -6.77 -2.62 177 355 176 185 195 
0.5013 -0.1466 -0.7242 0.4502 273.25 36.19 91.81 1.09 -1.17 14.51 2.0000 5.5200 11.3700 -0.6189 0.8856 -0.2200 6.11 -7.64 0.47 178 372 186 196 199 
0.5494 -0.1487 -0.7024 0.4273 288.12 40.38 98.87 8.20 -8.07 -7.93 1.7800 -0.6600 -7.6000 -0.1944 0.2656 -0.1378 6.40 -7.22 -1.70 169 365 192 198 198 
0.5233 -0.1710 -0.7429 0.3809 284.50 39.69 99.69 6.60 -6.61 -1.16 -1.1000 1.6600 2.1900 3.9156 -0.7667 -0.0378 6.26 -7.54 0.09 179 375 197 209 200 
0.4911 -0.0730 -0.7192 0.4860 274.50 40.00 92.56 13.69 -5.32 0.85 9.9600 1.2800 -0.6600 -4.0156 8.5578 -0.8889 6.30 -7.27 1.85 178 295 231 244 205 
0.8075 -0.4531 -0.3549 0.1291 357.19 16.31 69.56 0.44 -7.93 -0.78 -3.2900 0.9200 -1.7900 -6.2300 5.2622 -0.4022 1.38 -9.70 -0.14 179 263 249 261 206 
0.6058 -0.7648 0.1068 -0.1917 39.69 9.94 104.81 0.74 -6.76 -4.51 0.7200 1.7200 -2.3600 -1.3800 -0.4289 -0.1611 1.80 -8.94 -3.59 173 256 239 248 209 
0.5587 -0.7867 0.1460 -0.2184 38.94 9.56 92.94 -2.19 -6.05 -4.01 -2.0800 8.6900 0.5700 7.6956 2.1822 -1.2011 2.39 -7.44 5.91 178 285 241 237 210 
0.8127 -0.4767 0.0606 -0.3295 44.13 12.50 60.69 1.52 -7.07 5.68 -0.7400 1.5100 0.7800 -4.8222 -1.2100 0.2933 2.26 -9.41 1.55 174 290 239 253 210 
0.6168 -0.7380 0.1173 -0.2472 44.63 12.19 106.56 1.68 -8.59 -7.33 0.1100 0.2600 -4.2500 -2.9456 -1.2822 -0.0856 1.79 -7.96 -5.43 169 289 248 255 210 
0.4371 -0.8730 0.1307 -0.1719 38.31 10.25 115.25 -1.58 -3.94 -12.25 -3.6200 7.2700 -4.8000 9.3189 0.8356 -1.3689 2.35 -8.82 3.57 176 304 279 281 212 
0.8811 -0.3713 0.0030 -0.2929 36.25 10.94 41.13 2.22 -1.25 16.25 1.0800 3.3900 6.8800 -4.0256 -0.9511 0.2889 2.15 -8.14 5.01 172 284 269 275 212 
0.8015 -0.5441 0.0381 -0.2450 32.44 11.00 70.19 0.90 -7.90 0.31 -1.1700 1.8700 -2.9600 -3.2922 -1.8622 1.5700 1.07 -9.71 0.80 173 271 261 268 211 
0.6852 -0.7261 0.0334 -0.0477 356.62 -1.62 93.94 -0.81 -5.22 -6.26 0.8700 5.2000 -5.7100 4.9944 -2.2833 -1.7522 0.33 -9.53 2.26 172 292 274 281 210 
0.8873 -0.4492 -0.0878 0.0560 354.56 4.37 39.69 -1.36 2.26 11.54 -3.2800 5.5800 4.1700 6.3489 -1.1633 -1.1889 1.48 -1.17 9.62 182 313 296 307 212 
0.9915 0.1021 -0.0813 -0.0052 1.31 7.06 -17.50 -0.79 2.88 17.94 1.5400 0.9600 10.2700 2.3789 1.0700 -1.5800 0.32 4.76 8.56 190 328 331 326 215 
0.9671 0.2489 -0.0300 -0.0430 5.81 3.50 -28.75 1.57 4.35 6.87 1.4400 0.4600 -0.8300 0.6267 1.1233 -0.3978 0.31 4.95 8.45 190 315 327 323 215 
;
