0.9418 0.3322 -0.0087 -0.0518 6.25 -1.06 -38.75 -0.28 6.12 7.67 -0.1100 0.0000 0.0100 -0.0100 -0.0022 -0.0111 -0.18 6.14 7.64 199 351 342 378 239 
0.9418 0.3322 -0.0085 -0.0522 6.31 -1.00 -38.75 -0.20 6.10 7.67 -0.0400 -0.0100 0.0000 -0.0133 -0.0067 -0.0044 -0.17 6.13 7.65 199 352 340 377 241 
0.9423 0.3306 -0.0092 -0.0523 6.25 -0.81 -38.31 -0.62 6.10 8.15 -0.8900 -0.1300 0.4800 -0.3356 -0.6356 0.1878 0.19 5.89 7.83 202 346 332 350 238 
0.9479 0.3113 -0.0421 -0.0536 6.75 3.06 -36.38 0.99 6.21 7.95 0.1700 0.2800 0.2800 -0.2389 -0.5000 0.1722 0.83 5.68 7.95 199 348 305 308 233 
0.9510 0.2886 -0.0942 -0.0582 7.00 12.25 -33.69 2.43 5.01 10.75 -0.4100 -0.3000 2.4600 -1.6156 -6.9356 2.2533 6.03 3.91 6.66 194 376 192 199 211 
0.8481 0.1271 -0.5132 -0.0317 359.69 72.81 -23.31 15.78 -1.17 -0.44 4.8000 -0.3200 -1.4300 1.1344 -3.7256 4.8844 9.33 -2.76 -1.13 187 353 176 182 196 
0.5627 -0.0579 -0.7762 0.2783 298.50 52.44 110.44 4.31 -1.18 -3.22 -2.0800 5.4800 -1.1700 3.2578 -1.5089 2.1344 6.03 -7.63 -1.25 174 357 183 187 198 
0.4194 -0.0220 -0.7198 0.5528 251.31 35.06 91.06 6.56 -5.12 5.31 0.2000 2.3800 5.0500 -0.8267 -0.2600 -0.1756 5.58 -8.02 -0.79 180 363 189 189 199 
0.4037 -0.0287 -0.7598 0.5088 261.37 36.75 103.75 6.98 -6.97 -5.36 2.5100 0.4400 -4.6600 -1.0211 0.0667 -0.2067 6.05 -7.24 -2.63 184 362 192 193 201 
0.4094 -0.0518 -0.7950 0.4446 263.31 36.63 108.69 6.81 -6.99 -4.68 -0.4300 0.6200 -1.5800 1.9633 0.1833 0.1589 5.81 -7.76 -1.45 188 369 183 200 203 
0.4221 0.0059 -0.7286 0.5394 256.62 39.56 95.75 8.11 -3.89 3.29 -0.0400 2.8300 2.6100 -1.5456 1.2878 -0.8744 6.73 -7.03 -1.16 185 370 187 205 205 
0.4792 -0.0399 -0.7664 0.4258 279.75 43.13 108.37 12.26 -8.50 -3.50 5.1100 -2.8700 -1.9600 -1.7311 -0.0533 2.6889 5.25 -7.39 -3.71 186 363 197 202 200 
0.4088 -0.2526 -0.7873 0.3865 269.56 23.12 111.75 0.82 -9.52 -4.53 -3.3500 1.7900 -1.0500 1.7178 -0.0089 1.4378 2.67 -9.17 -2.17 183 363 200 203 202 
0.3902 -0.3057 -0.6938 0.5224 253.06 12.38 97.69 -0.46 -4.58 -0.68 -1.7400 3.8600 -0.2200 0.1833 -0.2178 -0.3200 2.14 -9.50 -1.12 187 356 200 203 203 
0.3986 -0.2949 -0.6841 0.5349 252.19 13.06 96.50 3.47 -10.23 -4.28 1.8700 -1.3100 -7.4900 1.9356 -0.2689 0.1933 2.20 -9.54 0.45 163 242 180 196 201 
0.4790 -0.1765 -0.5406 0.6686 251.81 17.00 61.06 2.06 -2.86 8.53 -1.1500 5.9300 4.6900 3.2856 0.2078 0.1600 2.56 -6.73 6.64 168 273 190 201 208 
0.5394 -0.1047 -0.3779 0.7451 251.56 13.94 48.81 2.52 -4.67 7.32 0.1000 3.0500 1.4800 -3.0933 -0.7244 0.2311 2.47 -8.60 4.00 170 286 199 208 206 
0.4771 -0.2023 -0.5587 0.6475 254.06 16.87 76.50 3.22 -6.53 -2.43 -0.2500 2.6000 -5.2700 -2.8944 0.3444 -0.4033 3.22 -9.26 -0.05 170 282 228 243 210 
0.5076 -0.2689 -0.6688 0.4719 286.06 30.75 91.50 2.67 -4.85 -2.99 -1.3900 2.9200 -2.9200 -0.0067 7.1500 -5.2767 7.26 -6.10 2.48 195 287 278 287 219 
;
