0.9667 0.2061 -0.1515 0.0117 358.31 17.25 -22.87 2.70 3.38 7.58 -0.4200 -0.1900 -1.1900 -0.4400 -0.5311 0.5011 3.22 3.16 8.70 188 326 298 313 216 
0.9709 0.1671 -0.1691 0.0296 356.31 19.56 -19.37 2.73 3.04 7.71 -0.5700 -0.0400 -1.0400 0.1078 -0.1911 0.0944 3.35 3.07 8.68 188 324 294 314 215 
0.9691 0.1739 -0.1724 0.0322 356.19 20.06 -20.94 3.22 3.37 8.60 -0.0700 0.1200 0.3600 0.3522 -0.0178 -0.1144 3.32 3.56 8.51 189 321 297 313 213 
0.9636 0.1992 -0.1755 0.0334 354.94 24.00 -23.25 7.81 4.50 12.52 5.0400 0.5300 3.6500 -0.5622 -5.7589 3.7222 7.44 1.85 6.11 191 365 245 274 212 
0.8136 0.1004 -0.5410 0.1879 325.44 71.37 36.06 8.76 -0.80 -0.54 -1.2700 2.5800 -3.2800 0.8356 -2.4989 4.5033 8.39 -5.04 0.49 184 377 232 250 207 
0.5612 -0.0059 -0.6936 0.4516 273.19 47.25 84.56 3.39 -2.37 4.22 -3.3100 4.3300 4.3200 2.3289 -0.4911 -0.0922 7.03 -6.69 1.33 181 384 238 258 207 
0.4832 0.0630 -0.6725 0.5571 265.56 46.56 85.12 8.20 -6.38 0.20 1.5600 0.0300 -1.2000 -2.7022 -1.2211 0.1444 7.12 -6.59 -1.35 182 381 226 240 204 
0.4933 -0.0150 -0.7527 0.4357 277.25 46.81 98.25 6.22 -6.05 -3.72 -0.6400 0.7600 -2.7500 2.1222 0.5322 0.2044 7.05 -6.80 0.33 182 373 247 255 206 
0.5328 0.0362 -0.6449 0.5467 266.94 47.81 76.69 7.63 -3.34 5.49 -0.4300 3.1600 2.2700 -1.8611 1.0056 -0.7678 7.51 -6.24 0.89 184 365 254 267 209 
0.5357 0.0479 -0.7097 0.4550 281.75 54.81 100.94 4.20 -2.70 -1.45 -2.4300 1.5100 1.4000 -2.8344 -3.0667 -1.4522 7.89 -4.28 -3.92 186 289 290 300 210 
0.4265 0.0943 -0.8698 0.2296 312.87 45.19 161.37 4.08 -1.60 -8.36 -2.2500 0.3100 -2.8700 -3.7978 -7.8767 1.1000 2.06 0.52 -9.57 188 246 261 269 194 
0.0861 0.0154 -0.9930 -0.0798 359.50 8.81 -169.37 3.04 0.50 -17.52 2.8600 -0.6000 -5.3500 1.1133 1.4433 0.8300 2.25 1.27 -9.45 189 259 267 274 194 
0.1089 -0.0363 -0.9916 -0.0587 4.37 12.88 -173.56 0.21 4.49 -8.06 -1.6700 2.7400 1.4300 0.0233 -0.1678 -0.0922 2.09 1.04 -9.52 189 259 272 277 192 
0.1031 -0.0307 -0.9925 -0.0585 3.44 11.50 -173.00 3.49 1.02 -9.42 2.3900 0.4600 -0.8600 -0.3678 1.3711 0.1711 2.78 1.40 -9.29 188 261 244 255 199 
0.2087 -0.0206 -0.9751 -0.0718 0.00 35.63 -172.06 8.45 2.85 -8.39 1.6100 1.5500 0.2300 1.1567 8.8178 -0.3622 9.28 0.86 -3.02 186 285 291 284 208 
0.7761 0.0851 -0.6248 -0.0115 0.88 63.81 -23.37 4.91 1.05 1.79 -2.6900 -1.1300 -3.4500 2.0222 9.2311 -0.0389 3.43 3.04 8.66 188 274 303 288 211 
0.9682 0.2126 -0.1196 0.0554 354.56 14.38 -25.19 6.72 4.08 14.90 2.1200 -1.5100 5.8600 -0.3256 1.3811 0.0567 1.58 4.05 8.78 189 287 301 278 211 
0.9720 0.2093 -0.1031 0.0256 357.56 13.06 -24.31 3.23 4.38 7.82 1.4000 0.9000 -0.5500 -0.1000 -0.2900 0.0367 2.46 3.90 8.65 186 287 301 278 210 
;
