0.6914 0.2100 -0.0344 -0.6904 89.87 -14.00 -20.37 -2.34 3.29 8.95 -0.0300 -0.0400 0.0200 -0.0056 0.0122 -0.0144 -2.39 3.31 8.91 167 305 316 347 210 
0.6910 0.2103 -0.0347 -0.6907 89.94 -14.00 -20.44 -2.41 3.43 8.87 -0.1300 0.1300 -0.0500 0.0144 0.0144 0.0167 -2.38 3.34 8.90 167 305 319 349 209 
0.6923 0.2153 -0.0368 -0.6877 89.19 -13.56 -21.75 -1.84 4.45 11.26 0.5000 1.2600 2.6300 0.4011 -1.9544 0.6611 -1.00 3.86 8.95 170 303 301 310 211 
0.7161 0.1140 -0.1624 -0.6692 83.94 12.13 -22.06 6.49 4.73 10.52 5.6000 1.6700 1.1500 1.0622 -5.2478 4.5789 6.31 2.71 6.99 172 299 245 251 207 
0.7998 -0.1301 -0.4089 -0.4198 45.19 54.75 -5.19 8.48 1.52 2.99 0.0700 1.5400 -2.4400 2.9433 -1.2456 4.3133 8.41 -1.17 4.88 175 299 251 260 205 
0.8688 -0.1207 -0.4789 -0.0362 357.37 56.06 19.56 5.60 3.54 3.70 -2.2900 5.2700 -0.9900 2.3722 -0.4533 2.1467 7.97 -2.04 5.32 180 294 197 186 196 
0.8490 -0.0179 -0.4899 0.1971 330.62 56.06 25.25 6.68 4.22 5.51 -1.3100 6.4100 0.6900 -0.8744 1.1378 0.7189 7.69 -3.07 5.24 181 299 168 151 184 
0.8517 -0.0926 -0.4616 0.2299 329.62 47.13 36.13 7.65 -3.08 3.93 0.3800 0.2900 -1.0900 -1.1300 1.0733 0.6978 6.68 -4.71 5.40 180 306 170 164 189 
0.8443 -0.1989 -0.4420 0.2286 329.69 39.94 47.63 3.96 -8.73 5.15 -2.4900 -2.8800 -0.0300 -0.8733 0.2011 0.1267 6.09 -6.01 4.78 179 307 161 168 189 
0.8368 -0.2610 -0.4354 0.2052 334.69 37.38 50.69 7.65 -3.76 5.13 2.0500 2.3300 -0.6200 -2.5300 5.8433 -0.4911 4.20 -6.69 5.81 176 287 145 195 193 
0.8853 -0.4587 -0.0622 -0.0436 17.69 -1.87 62.69 -0.02 -9.51 0.28 -0.2900 0.2900 -2.0600 -5.2656 8.8656 0.5300 -2.30 -9.46 -1.11 169 240 236 221 196 
0.5012 -0.6348 0.5215 -0.2718 59.25 -8.00 118.12 -1.91 -9.10 -10.14 -1.4900 0.1700 -7.1900 -2.5011 0.2333 -1.3833 -0.36 -7.38 -6.44 160 244 246 225 197 
0.3581 -0.7015 0.5284 -0.3169 85.69 4.69 115.87 -1.76 -4.88 -5.94 -2.4000 6.3300 -0.2000 9.0167 2.6600 -0.6589 1.26 -9.29 2.84 171 268 266 252 201 
0.5767 -0.3821 0.3362 -0.6390 95.69 5.37 61.25 -1.06 -2.87 12.25 -1.8500 5.3200 7.2200 -1.7889 -0.9511 -0.0978 1.14 -9.03 3.62 171 266 261 252 200 
0.5439 -0.4836 0.3879 -0.5656 91.06 7.12 83.12 -0.71 -8.50 -1.13 -2.6600 1.0000 -3.3700 -6.8611 -4.0367 0.5278 0.51 -9.10 -3.61 156 226 237 231 198 
0.3405 -0.7689 0.5013 -0.2039 246.19 -0.88 135.44 -1.35 -5.93 -16.30 -0.3900 1.9600 -6.0800 2.2989 1.0456 -0.0322 0.40 -7.71 -6.04 160 234 250 241 200 
0.3881 -0.7095 0.4904 -0.3249 81.37 4.87 112.87 -0.51 -7.64 -3.28 -1.1100 1.9500 -0.5100 4.8544 0.6989 0.1800 0.74 -9.77 -0.31 163 251 254 250 200 
;
