0.7871 0.3610 0.0207 -0.4997 64.62 -23.19 -36.63 -3.95 5.27 7.32 -0.1100 -0.0600 0.1900 0.0844 0.0444 0.0922 -3.85 5.44 7.18 174 312 331 367 209 
0.7890 0.3664 0.0188 -0.4929 63.81 -22.94 -37.50 -3.72 5.43 7.15 0.0800 -0.0400 0.0100 -0.0311 0.0300 0.0067 -3.83 5.49 7.16 174 312 330 368 210 
0.7906 0.3657 0.0204 -0.4908 63.69 -23.00 -37.25 -3.96 5.53 7.28 -0.1400 0.0700 0.0900 -0.0122 -0.0133 -0.0367 -3.84 5.44 7.19 173 312 329 368 208 
0.7902 0.3635 0.0196 -0.4931 64.00 -22.75 -36.94 -3.85 5.25 7.30 -0.0900 0.0400 0.1700 0.0322 -0.0067 -0.0389 -3.79 5.43 7.22 175 313 329 370 209 
0.7891 0.3624 0.0156 -0.4957 64.12 -22.00 -37.06 -4.49 5.72 9.07 -1.7300 0.8000 3.2200 0.1633 -2.2711 1.0811 -2.29 5.73 7.61 174 319 257 298 211 
0.8158 0.2579 -0.1730 -0.4879 59.75 13.56 -35.25 8.33 7.47 10.05 4.7900 1.6600 1.7500 -0.9433 -4.1756 5.3256 6.97 2.88 6.25 175 318 239 216 203 
0.8507 -0.0544 -0.4616 -0.2454 23.31 57.81 -0.94 6.52 0.19 1.71 -1.7600 1.2500 -3.3300 2.3844 -3.2700 4.9067 8.73 -2.85 3.42 176 316 182 170 185 
0.7811 -0.1198 -0.5853 0.1816 327.62 59.19 56.25 5.94 2.30 2.08 -2.1100 6.0800 0.0700 2.1200 -0.1144 1.2333 8.05 -4.57 3.21 179 301 168 166 186 
0.7556 -0.0698 -0.5526 0.3446 311.69 50.06 52.19 5.35 -1.76 2.07 -1.2300 2.5000 -1.7100 -0.9722 1.7167 -0.9033 7.06 -4.97 4.63 181 317 172 170 192 
0.8209 -0.1627 -0.4816 0.2604 324.75 43.94 48.25 4.92 -5.30 4.85 -2.1100 0.1100 0.5000 -1.3789 0.0211 0.3300 6.67 -5.85 4.16 182 273 190 183 193 
0.8148 -0.2628 -0.4772 0.1985 340.50 43.06 57.44 4.37 -6.57 1.09 -1.6600 -0.6800 -2.7500 -2.9100 6.9767 -5.1456 6.65 -4.70 5.45 178 280 220 212 198 
0.9083 -0.2382 -0.1481 -0.3104 44.38 12.06 15.56 0.72 -1.23 16.71 2.0000 1.0200 8.5200 2.1933 -1.5944 1.1156 1.82 -1.19 9.56 182 302 254 234 200 
0.9415 -0.0739 -0.0972 -0.3143 33.63 14.25 5.62 3.90 -2.40 12.08 2.5300 -0.5100 2.3500 0.3922 -4.3089 3.5000 4.54 -1.63 8.53 185 314 233 218 200 
0.9372 -0.1449 -0.3154 -0.0354 354.25 42.19 24.00 5.12 -2.01 4.28 -0.7700 2.5800 -1.6400 2.7811 -5.7967 3.5978 7.87 -4.24 4.02 183 322 181 170 184 
0.7626 -0.0872 -0.5515 0.3266 311.87 50.56 53.56 6.95 0.64 3.68 -0.8800 5.7600 -0.0200 -0.5056 1.6056 0.3678 6.90 -5.48 4.29 183 302 174 169 190 
0.7941 -0.1604 -0.4944 0.3151 319.25 42.06 51.00 7.05 -4.53 2.35 0.3000 0.9800 -1.9300 -0.7678 1.0300 -0.2689 6.25 -5.87 4.75 183 285 187 181 192 
0.8207 -0.2351 -0.4532 0.2565 325.94 38.06 53.31 4.68 -6.76 4.75 -1.4000 -0.5400 0.2500 -0.9567 0.8067 -0.2022 5.90 -6.45 4.43 183 277 196 185 192 
;
