0.9647 0.1803 -0.1196 -0.1504 17.69 10.13 -22.94 1.76 3.79 8.91 0.0000 0.0300 0.0000 -0.0022 0.0078 0.0044 1.73 3.76 8.88 183 331 338 369 223 
0.9647 0.1803 -0.1194 -0.1504 17.69 10.13 -22.94 1.74 3.78 8.90 0.0500 0.0300 0.0100 0.0056 0.0300 0.0011 1.70 3.76 8.89 182 332 331 368 223 
0.9650 0.1807 -0.1172 -0.1500 17.62 9.75 -22.94 1.80 3.76 9.36 0.2200 -0.1300 0.6700 0.8144 0.0700 -0.1200 1.57 4.19 8.72 182 333 337 366 222 
0.9460 0.2396 -0.1646 -0.1438 16.81 20.50 -32.81 13.34 6.35 9.98 8.5000 0.9400 1.0600 2.2356 -8.1278 5.9256 8.15 3.47 4.19 178 338 210 199 201 
0.7703 0.1791 -0.5990 0.1254 332.31 78.44 -9.38 7.73 1.90 -2.78 -3.3600 3.8200 -4.8200 6.1656 -1.8400 4.3378 9.34 -2.57 1.47 181 358 170 173 192 
0.5511 0.2801 -0.5552 0.5565 263.25 64.06 46.00 4.14 2.37 2.56 -3.8000 5.2600 -0.5600 2.4622 1.0000 0.8311 8.23 -3.01 4.39 191 374 167 173 184 
0.5352 0.2357 -0.4077 0.7013 255.81 48.56 28.69 4.00 0.36 3.82 -3.0100 2.1300 -3.6500 -0.7989 2.2467 -1.3089 6.42 -2.89 6.82 190 397 181 180 186 
0.6415 0.1356 -0.3627 0.6622 269.25 39.13 24.06 5.38 -4.25 6.32 -0.3800 -1.4800 -0.5600 -0.6522 0.9878 -0.5511 5.68 -3.31 7.26 193 407 191 183 189 
0.6785 0.0798 -0.3683 0.6306 275.06 37.06 26.81 3.85 -3.53 8.86 -1.3600 0.5200 1.8500 -0.6678 -0.8789 -0.1222 6.10 -3.74 6.70 192 367 199 201 200 
0.6818 0.0518 -0.4231 0.5945 280.12 39.19 38.31 3.21 -6.60 5.52 -2.1100 -2.5100 -0.3900 -2.2911 0.2244 -1.2844 6.40 -5.24 5.25 184 305 276 276 210 
0.7410 -0.0205 -0.4825 0.4666 297.37 46.00 37.31 8.03 -6.43 2.72 1.7300 -1.5500 -4.4400 2.1500 -0.8956 -1.6222 7.82 -2.13 5.50 186 338 332 336 215 
0.7559 0.1821 -0.4313 0.4576 296.87 55.38 9.63 8.79 3.86 4.25 0.4300 5.1300 -0.8700 1.1811 -0.8611 0.1833 8.31 -0.44 5.18 188 334 329 321 214 
0.7322 0.2455 -0.4193 0.4774 294.94 58.25 4.75 8.36 6.09 7.26 -0.1100 6.7000 2.1800 -2.0100 0.2000 -0.2444 8.33 -0.93 5.08 183 312 303 301 215 
0.7720 0.1397 -0.4727 0.4013 308.25 57.38 24.50 7.88 -1.54 2.10 -0.4500 0.0500 -3.2100 -4.4433 -0.6100 0.2556 8.35 -3.74 3.51 176 266 240 266 203 
0.7681 -0.0923 -0.5829 0.2483 326.81 58.19 56.88 8.04 -8.47 -1.23 -0.1500 -2.8100 -2.8900 0.2333 0.0122 -0.3911 8.48 -4.04 2.80 180 277 243 271 207 
0.7791 -0.1035 -0.5801 0.2141 329.81 56.00 49.13 4.69 -1.18 -2.58 -3.1300 2.9400 -7.8100 -1.3389 8.0656 1.0056 5.02 -5.08 6.71 182 288 278 284 213 
0.9448 -0.2567 -0.1572 0.1296 348.25 5.62 28.37 -4.37 0.50 2.31 -4.2700 4.6400 -5.0400 6.1567 2.0311 -1.6233 -0.54 -0.89 9.75 188 317 312 322 205 
0.9974 0.0701 0.0104 -0.0106 4.00 -1.81 -14.50 -4.18 9.31 22.47 -2.4600 10.4300 17.2300 -0.1078 -3.1400 -1.0633 -0.01 3.40 9.19 190 327 314 347 222 
;
0.9796 0.1757 -0.0118 -0.0969 11.31 -1.19 -21.25 1.09 5.04 10.17 0.3800 1.1800 2.4700 0.9667 0.9567 0.6956 -0.56 4.27 8.80 189 332 288 323 223 
0.9623 0.2552 -0.0685 -0.0641 7.50 13.44 -32.50 13.17 9.68 10.30 18.0700 6.0100 -0.0600 2.4044 -7.8022 6.2411 8.49 3.44 3.47 191 338 212 209 215 
0.7877 0.1880 -0.5423 0.2239 320.50 70.56 7.56 4.20 0.12 -1.57 -4.1100 2.3600 -4.6100 4.2222 -0.7289 4.2189 8.76 -2.86 3.33 191 366 174 180 208 
0.5882 0.2435 -0.4993 0.5878 266.06 59.38 35.88 3.70 3.37 3.44 -4.0500 5.9800 -1.5900 0.4356 1.5511 0.8467 7.65 -3.30 5.15 196 382 179 180 206 
0.5967 0.1697 -0.4100 0.6686 265.69 44.00 27.94 8.45 -0.32 4.34 1.8100 1.9100 -0.8800 -1.0489 1.2744 -0.3944 6.42 -3.41 6.57 195 400 187 186 208 
0.6702 0.0870 -0.3854 0.6283 274.19 38.38 28.19 5.53 -6.16 6.53 -1.4300 -3.2200 0.3800 -0.3067 0.5967 -0.0711 5.87 -3.70 6.92 192 419 192 190 208 
0.6967 0.0499 -0.3726 0.6110 277.87 35.25 28.75 4.96 -3.18 8.04 -0.3700 1.1300 0.9500 -0.6078 -0.5400 0.1144 5.88 -4.25 6.58 195 364 196 195 212 
0.6918 0.0117 -0.4244 0.5840 282.37 35.94 38.94 3.04 -7.55 5.21 -2.2700 -2.3900 -1.2900 -2.0078 2.0322 -1.4489 5.31 -5.53 6.10 177 313 283 280 214 
0.7902 -0.1125 -0.4022 0.4484 303.50 32.50 36.00 5.53 -6.33 5.92 0.2900 -1.5500 -1.8600 1.9189 -0.7522 -1.0100 5.88 -3.29 7.11 186 341 330 347 217 
0.8182 0.0366 -0.3865 0.4240 305.75 42.81 17.69 5.98 -0.07 5.69 -0.1100 3.0100 0.0200 2.0689 -2.1844 -0.4767 7.56 -0.90 6.17 186 338 322 320 218 
0.7838 0.1804 -0.4285 0.4119 304.31 55.56 7.25 9.02 5.99 7.25 0.6300 6.3500 0.8400 -1.4522 -0.2433 0.1533 8.16 -1.34 5.26 185 310 305 299 216 
0.7764 0.1172 -0.4838 0.3865 307.87 57.75 27.87 8.62 -0.70 3.17 -0.0700 1.4800 -1.5700 -3.4411 0.2333 0.7444 8.09 -3.99 3.84 180 266 245 272 205 
0.7580 -0.0988 -0.5695 0.3022 319.50 52.75 59.63 6.16 -8.15 -1.10 -1.8000 -3.2300 -4.2000 -1.4511 0.8922 -0.1900 7.63 -5.48 2.78 182 272 238 275 200 
0.7719 -0.2133 -0.5610 0.2097 329.94 51.19 63.69 6.89 -5.75 1.43 -0.7000 -0.0900 -1.1600 0.3144 -0.0667 0.0122 7.66 -5.43 2.80 183 280 248 273 207 
0.7793 -0.1928 -0.5542 0.2200 329.62 49.38 56.00 4.94 -2.49 0.00 -2.8900 2.8000 -4.2400 -0.6356 6.4333 -0.0844 5.32 -5.40 6.21 182 298 293 290 214 
0.9286 -0.2706 -0.2341 0.0981 353.31 16.87 32.38 0.77 -1.71 2.77 -1.6300 2.3600 -1.9000 5.4389 5.4856 -1.7678 0.00 -1.96 9.60 190 324 325 343 213 
0.9960 0.0124 0.0363 -0.0801 11.44 -5.19 -10.75 -2.48 10.10 19.53 -2.4400 5.1800 7.7700 1.8100 -0.6344 0.0144 -0.72 4.16 8.84 190 344 340 357 218 
;
