0.9579 0.2339 0.0480 0.1594 341.06 -0.94 -27.56 -0.02 4.53 8.69 0.0900 0.0000 0.0500 0.0089 0.0022 -0.0100 -0.16 4.54 8.68 185 313 306 311 215 
0.9579 0.2339 0.0477 0.1594 341.06 -0.94 -27.56 -0.06 4.57 8.72 0.1500 0.0300 0.0200 0.0022 0.0056 0.0000 -0.16 4.54 8.68 188 312 304 311 214 
0.9579 0.2339 0.0477 0.1594 341.06 -0.94 -27.56 -0.36 4.51 8.82 -0.2400 -0.0200 0.3100 0.1456 -0.3011 0.0422 -0.01 4.63 8.64 187 317 307 310 214 
0.9495 0.2714 0.0109 0.1569 341.00 9.00 -33.75 5.09 8.13 16.79 4.8200 2.9000 6.9900 0.1856 -4.7167 2.3956 5.33 5.02 6.51 189 324 240 202 199 
0.8265 0.3268 -0.3808 0.2551 319.94 60.06 -31.00 12.29 1.80 0.64 3.0200 0.7500 -4.3700 2.0789 -2.3933 5.2689 9.51 -1.29 1.99 189 340 180 170 178 
0.5438 0.3113 -0.5533 0.5488 263.25 68.81 54.75 6.06 1.91 1.79 -3.7400 5.7100 -0.4400 1.7156 1.1633 1.4444 8.58 -3.44 3.25 192 359 179 169 178 
0.4686 0.3045 -0.4614 0.6891 249.12 56.69 39.44 7.41 1.80 1.73 1.1100 4.9200 -2.2000 -0.8567 1.3956 -0.6711 7.81 -3.44 4.81 194 360 183 175 179 
0.5479 0.2104 -0.4439 0.6771 259.69 49.88 36.25 5.17 -6.65 5.22 -2.4200 -3.0000 0.5000 -1.6311 0.9756 -0.3600 7.20 -4.11 5.22 194 363 186 180 180 
0.6124 0.1266 -0.4603 0.6301 269.12 46.19 38.25 6.29 -4.59 5.82 -0.8700 0.1100 0.3000 -0.1867 0.1400 -0.0589 7.04 -4.30 5.29 195 361 193 181 182 
0.6432 0.0854 -0.4631 0.6037 278.37 41.63 38.44 6.58 -2.57 3.41 0.2400 0.4000 -2.4100 -3.3300 6.2089 -1.7911 4.28 -5.41 6.95 190 308 260 228 193 
0.8675 -0.3024 -0.1997 0.3408 326.81 -0.69 46.94 1.30 -8.93 6.52 1.9800 -0.3600 0.4600 -3.5289 3.1889 -0.9844 -1.22 -8.78 4.17 159 257 243 260 198 
0.7924 -0.5903 -0.0552 0.1436 335.37 -2.81 75.94 1.33 -11.24 3.47 -3.5100 -2.5400 0.1600 -2.3689 -1.0478 0.3167 -0.45 -9.76 0.74 151 225 213 242 198 
0.6811 -0.6724 -0.1929 0.2164 322.62 -1.44 90.44 -2.41 -8.46 -1.06 -2.1400 0.8200 -1.5600 -0.3844 -2.8889 -0.6322 -0.03 -9.78 -0.59 152 223 205 238 196 
0.6072 -0.6127 -0.3842 0.3291 292.44 9.31 92.69 2.80 -7.05 -8.82 -0.3300 0.7900 -9.1200 2.6956 -13.5989 -4.9967 4.16 -8.60 -2.20 156 223 207 231 191 
0.1305 0.1627 -0.8187 0.5350 185.25 18.62 118.94 12.36 -3.49 -7.36 6.0600 2.8100 -1.0500 -0.6722 0.6811 -0.9133 3.37 -7.92 -4.69 148 229 208 228 190 
-0.0117 0.3644 -0.7744 0.5171 181.75 22.56 119.19 6.17 -5.42 -3.17 1.9600 3.4000 1.2200 -0.9378 2.8467 -0.4067 4.99 -7.46 -3.93 168 248 228 236 193 
;
0.2847 0.2189 -0.7659 0.5333 249.56 47.06 105.94 6.32 -1.20 -2.26 -0.9800 4.0600 -3.0100 -2.6900 11.1578 -3.5011 7.77 -4.31 4.14 182 271 269 272 203 
0.9084 -0.0599 -0.2894 0.2958 331.25 14.06 9.50 -3.69 0.01 9.83 -4.5000 0.5900 2.6300 5.2522 1.9844 -2.0189 -0.69 2.05 9.56 186 306 303 317 213 
0.9752 0.1628 0.0840 0.1245 346.31 -9.50 -21.50 -5.60 -1.38 11.68 -0.6100 -3.4100 3.2500 -0.0356 -0.7678 -0.3889 -1.13 3.17 9.20 188 296 314 316 211 
0.9785 0.1695 0.0735 0.0920 349.37 -6.69 -20.81 -2.22 4.39 10.82 -2.9800 -0.8200 4.0700 1.7533 -3.1256 0.6467 0.51 4.38 8.75 191 322 262 248 216 
0.9396 0.2645 -0.1940 0.0977 346.75 34.56 -32.31 19.03 4.18 3.13 8.8000 1.5400 -1.7000 1.4222 -5.2156 6.3267 9.41 0.71 2.66 190 342 175 184 197 
0.6590 0.2487 -0.5989 0.3812 291.87 75.19 50.19 4.58 0.74 -3.50 -5.8200 3.3900 -4.5300 4.5667 -1.1200 2.7078 8.87 -3.57 2.17 191 358 180 185 194 
0.4703 0.3026 -0.5137 0.6506 250.69 59.00 46.50 4.07 2.88 3.24 -3.4400 5.8800 -0.5600 -0.2178 1.6344 -0.4400 8.00 -3.44 4.50 193 368 180 190 197 
0.5365 0.2370 -0.4482 0.6746 259.25 51.94 36.38 8.50 -2.66 1.84 0.5300 0.6200 -2.9700 -1.0389 1.4578 -0.1089 7.21 -4.03 5.28 196 367 187 192 197 
0.6033 0.1138 -0.4711 0.6334 268.56 44.88 43.00 4.96 -7.58 5.69 -2.1700 -2.6500 0.3100 -1.2556 0.5000 0.1122 6.70 -5.21 4.89 191 356 190 196 198 
0.6318 0.0256 -0.5050 0.5874 277.06 38.06 50.19 5.97 -5.00 0.55 -0.3400 0.4200 -5.7100 -3.5322 9.4322 0.2733 2.41 -7.54 5.78 185 296 265 257 202 
0.7867 -0.4389 -0.2131 0.3781 316.44 -4.50 66.81 -3.33 -9.41 -0.89 -2.2300 -2.4500 -1.7200 -3.8533 1.2522 -0.1356 -1.01 -9.74 0.32 149 224 226 218 200 
0.6751 -0.6765 -0.1926 0.2224 323.94 -1.00 90.75 -2.53 -10.26 -1.56 -1.8400 -0.2700 -1.2600 0.4978 -3.6311 -1.9800 1.07 -9.74 -0.12 147 229 224 244 199 
0.6273 -0.5555 -0.4504 0.3081 298.31 17.75 92.25 -0.06 -7.85 -9.02 -2.4600 3.9400 -11.7400 3.3700 -15.6667 -5.8344 4.55 -7.98 -3.42 151 235 213 238 195 
0.0751 0.2323 -0.8280 0.5048 179.56 17.00 123.06 5.58 -6.79 -6.47 2.2100 0.0800 -1.2500 1.0011 -2.6178 -0.7533 2.69 -7.78 -5.31 151 247 224 233 192 
-0.0114 0.3541 -0.8022 0.4806 179.37 19.50 124.50 6.70 -4.12 -3.38 3.1500 3.1300 1.6000 -1.7033 5.2956 -1.0067 5.35 -6.83 -4.55 173 253 249 245 197 
0.3342 0.2013 -0.7796 0.4898 269.37 53.94 101.37 5.49 -2.55 -4.94 -2.5400 2.2500 -5.7600 -1.5522 12.5511 -3.0822 6.48 -3.95 6.20 183 268 276 277 207 
0.9419 -0.0428 -0.1853 0.2769 330.62 15.38 3.56 4.06 3.34 13.43 6.0700 1.9300 7.5200 2.7622 5.6089 -2.2300 -0.36 2.18 9.55 187 300 307 337 213 
;
