0.9755 0.1760 0.0897 -0.0966 11.25 -12.00 -19.44 -1.99 3.22 8.98 0.0500 0.0400 -0.0600 -0.0222 0.0178 -0.0189 -2.04 3.18 9.04 185 316 344 375 219 
0.9760 0.1761 0.0856 -0.0952 11.13 -10.69 -19.94 -2.90 3.26 11.10 -1.1100 -0.0400 3.5000 1.1356 -3.4489 1.1211 0.31 3.99 8.94 186 321 320 320 225 
0.9589 0.2136 -0.1784 -0.0560 2.62 32.75 -29.37 15.18 3.60 6.85 8.8200 1.9800 -0.5700 2.3922 -6.3756 6.5978 9.42 1.21 2.40 188 329 190 191 203 
0.6887 0.1784 -0.6466 0.2752 304.25 75.94 69.81 8.44 0.21 -1.58 -1.0200 2.6000 -1.8300 3.8322 -0.9211 2.7656 8.78 -4.23 1.03 188 369 179 180 200 
0.5074 0.2079 -0.6061 0.5761 258.12 56.56 66.37 5.59 0.81 1.71 -2.4600 5.8500 -1.3100 0.9689 2.0933 -0.1133 7.73 -4.84 3.57 193 385 172 181 197 
0.5527 0.1517 -0.5104 0.6411 265.12 47.75 45.88 7.17 -2.00 2.08 1.3000 2.1100 -2.3300 -1.0389 1.0389 -0.6767 7.10 -4.71 4.83 194 389 187 187 198 
0.6459 0.0595 -0.4868 0.5851 276.62 43.31 43.81 6.14 -6.83 4.79 -1.2600 -2.0600 -0.4500 -0.5922 0.7289 -0.0033 6.48 -5.20 5.20 195 388 189 191 197 
0.6783 -0.0100 -0.4774 0.5585 282.19 38.81 44.94 3.66 -3.72 6.44 -1.8700 2.3800 1.1400 -1.2878 0.6111 -0.4756 6.07 -5.67 5.19 198 370 201 204 205 
0.7330 -0.1048 -0.4891 0.4611 301.75 40.50 51.81 3.64 -3.79 0.98 -3.4300 1.5100 -3.8900 -0.2222 2.0556 -3.8578 7.01 -4.32 5.31 191 265 268 257 211 
0.8568 -0.0483 -0.4641 0.2199 333.06 60.25 23.50 19.04 1.14 0.34 10.4600 2.5700 -4.2400 2.6167 -3.9844 -1.5122 9.75 0.04 1.03 188 171 189 198 200 
0.7098 0.2013 -0.6536 0.1689 329.12 84.75 -4.25 10.97 4.57 6.89 -1.1900 2.8900 4.6900 0.3822 0.0611 0.1167 9.77 0.67 0.44 191 167 183 195 199 
0.6890 0.2640 -0.6368 0.2238 324.00 84.12 -4.81 9.62 2.26 1.09 -0.3100 1.3900 0.5500 0.0033 0.0078 -0.1467 9.74 0.94 0.62 191 173 185 197 194 
0.6980 0.2709 -0.6260 0.2181 325.69 82.56 -56.88 9.99 2.08 1.50 0.2600 1.2100 0.9500 -0.3389 0.3244 -0.0744 9.69 1.12 0.90 191 184 193 204 199 
0.7247 0.2499 -0.6105 0.1994 331.56 76.69 -32.88 8.63 3.48 3.24 -0.8000 1.5800 -0.0100 -3.4467 7.4967 -1.8511 6.71 1.29 7.02 189 265 295 292 213 
0.9819 0.0667 -0.1643 0.0660 357.19 3.06 -6.19 -4.80 0.00 8.32 -0.8600 0.6200 0.7300 4.0144 0.9322 -2.9800 -1.86 3.02 9.14 190 336 334 365 215 
;
0.9852 0.1362 0.0726 -0.0741 8.50 -7.62 -13.31 -4.51 0.51 11.47 -1.5700 -0.8600 0.0600 0.0011 -0.4344 -0.1544 -1.28 2.26 9.45 184 325 332 360 217 
0.9886 0.1135 0.0511 -0.0851 9.81 -6.81 -12.31 -2.21 1.58 9.63 -0.8000 -0.4400 -0.0500 -0.0733 -0.2589 -0.0456 -0.99 2.00 9.54 182 325 338 361 217 
0.9900 0.1056 0.0441 -0.0829 9.44 -6.31 -11.63 -1.88 1.56 9.85 -0.7300 -0.4200 0.3300 0.3911 -0.0378 0.1111 -1.12 2.17 9.49 184 324 340 361 218 
0.9871 0.1391 0.0316 -0.0734 8.31 0.37 -18.75 -0.38 2.15 17.98 1.3200 -0.6300 8.6200 0.6567 -5.9756 2.0656 4.63 3.49 7.90 190 342 266 249 220 
0.8891 0.1721 -0.4233 0.0270 346.06 63.25 -19.56 12.86 3.76 3.17 1.9000 3.0100 -1.4500 2.2922 -2.0567 5.7778 9.20 -2.68 2.06 191 350 177 191 208 
0.6331 0.1098 -0.6235 0.4453 282.62 60.25 64.00 5.50 1.64 0.20 -3.0500 6.2300 -1.4500 3.0511 0.1656 1.5600 7.90 -4.79 3.27 195 364 179 183 202 
0.5329 0.1671 -0.5387 0.6308 260.87 49.94 51.38 3.28 0.26 5.20 -3.8200 4.1300 -0.0200 -0.9033 2.0433 -0.9033 7.03 -4.82 4.82 196 386 183 189 203 
0.6240 0.0701 -0.5017 0.5950 274.12 44.63 46.25 6.77 -4.86 4.33 -1.0300 -0.2300 0.4100 -0.6833 0.6433 -0.2233 6.61 -5.21 5.02 197 397 192 195 205 
0.6646 0.0031 -0.4951 0.5597 280.31 40.81 47.38 4.36 -5.96 5.99 -1.8800 0.0500 1.4100 -0.2089 0.4811 -0.4033 6.34 -5.40 5.16 198 398 199 201 207 
0.6895 -0.0229 -0.4879 0.5349 285.87 40.50 47.81 3.40 -2.88 3.96 -3.3900 2.5900 -1.3000 -1.9622 1.9044 -1.2478 6.20 -5.72 4.98 195 336 237 237 210 
0.7715 -0.1187 -0.4878 0.3908 311.81 44.81 46.81 4.73 -1.92 0.09 -2.1900 2.9200 -4.5700 1.9422 -0.9689 -3.8444 8.39 -2.43 4.44 191 223 253 243 210 
0.7865 0.0886 -0.5767 0.2025 336.00 78.69 2.94 23.75 6.22 2.43 14.2500 6.3100 3.2000 0.1678 -0.7411 -1.0544 9.74 1.07 -0.16 187 168 181 191 199 
0.6813 0.2134 -0.6898 0.1203 339.37 81.81 -117.94 10.97 2.58 1.99 0.2300 1.0800 1.8300 0.2689 0.3744 0.0722 9.73 1.09 -0.46 189 167 173 190 198 
0.6820 0.2194 -0.6830 0.1425 336.19 83.94 -174.06 9.27 1.84 0.76 -0.3600 0.8900 1.3600 -0.0589 0.3411 0.0600 9.75 0.96 0.03 190 184 194 201 202 
0.7179 0.2100 -0.6472 0.1474 338.50 77.25 -33.06 8.60 1.79 4.47 -2.0100 -0.2300 -2.5300 -2.6556 10.7167 -1.4789 5.19 1.15 8.23 191 294 326 350 214 
0.9933 0.1033 -0.0043 0.0512 357.19 -7.62 -16.06 -9.74 5.12 8.16 0.7900 6.3000 2.7300 -0.9700 1.3922 0.7833 -1.42 3.08 9.19 187 327 339 378 219 
;
