0.6301 0.2236 -0.2673 -0.6940 95.75 1.44 -40.75 0.49 6.49 7.15 0.4100 0.0600 -0.2100 0.0600 -0.0033 -0.0633 0.17 6.43 7.39 178 317 285 272 204 
0.6247 0.2284 -0.2670 -0.6974 96.25 0.81 -41.13 0.15 6.52 7.21 -0.0200 0.0900 -0.0900 0.0600 0.0311 -0.0833 0.12 6.47 7.36 177 317 282 269 205 
0.6255 0.2193 -0.2737 -0.6970 96.19 4.06 -41.00 0.06 7.74 12.68 -0.4600 1.6200 6.1200 0.1356 -4.1311 1.7511 3.53 6.13 6.78 179 326 269 230 199 
0.6178 -0.0409 -0.4500 -0.6436 88.19 47.50 -41.19 12.84 4.25 4.76 5.1000 0.5000 0.3100 0.0933 -2.3522 4.2911 9.08 1.64 3.29 182 315 209 193 186 
0.6894 -0.2979 -0.5139 -0.4147 50.25 72.75 26.12 9.29 1.10 -1.52 -0.9100 3.5000 -4.0200 2.3978 -0.0811 3.6222 8.76 -3.34 2.84 181 321 186 174 175 
0.8151 -0.3135 -0.4734 -0.1147 11.75 54.81 45.81 5.36 1.62 2.99 -2.3200 4.9900 -0.9000 0.9067 1.2833 0.7211 7.34 -4.16 4.98 186 342 191 179 178 
0.8901 -0.2892 -0.3237 -0.1385 20.81 38.81 33.19 6.69 -2.81 4.58 0.1700 1.3000 -2.0400 -1.3322 0.6978 -0.5356 5.90 -4.55 6.36 189 348 198 187 179 
0.8834 -0.3336 -0.2535 -0.2097 25.06 36.81 39.00 6.29 -5.78 6.30 0.4100 -0.6600 0.4300 -1.0389 1.3889 -0.0167 5.56 -5.47 5.93 188 341 204 190 179 
0.8696 -0.3879 -0.2224 -0.2096 27.50 33.19 45.00 4.00 -6.68 6.34 -0.8200 -0.4400 0.5500 -1.0578 1.4678 -0.7900 5.15 -5.96 5.83 186 325 214 199 180 
0.8441 -0.4175 -0.1132 -0.3166 47.38 22.81 45.75 2.28 -5.93 1.78 -0.1000 1.0600 -4.8200 -1.7222 7.3678 -1.6922 0.80 -7.18 6.63 180 279 225 210 185 
0.6974 -0.2667 0.3093 -0.5889 82.75 -9.81 46.50 -5.01 -7.98 10.76 -2.0500 -1.1000 5.1700 0.6522 -0.0944 -0.4489 -2.12 -6.40 7.11 177 227 217 211 188 
0.6639 -0.1406 0.3701 -0.6344 86.06 -22.19 43.50 1.63 -3.67 2.11 6.0200 6.0300 -3.6000 4.2756 1.4478 2.5456 -5.08 -3.58 7.58 178 194 192 191 187 
0.7517 0.1339 0.2997 -0.5720 72.19 -39.94 -0.94 -13.47 4.62 14.84 -6.3500 1.1900 8.0200 0.6933 -0.2944 0.9178 -6.26 1.96 7.28 173 206 199 199 188 
0.7587 0.2841 0.2044 -0.5494 72.50 -37.06 -14.69 -6.37 1.52 8.91 -0.9200 -0.7000 1.4700 0.3244 -0.2500 -0.2944 -5.70 2.00 7.71 178 210 200 200 189 
;
0.7496 0.2652 0.1765 -0.5801 75.94 -34.63 -12.94 -5.12 1.53 8.13 0.2200 0.0600 -0.1800 -0.3111 -0.7067 0.0911 -4.94 1.63 8.31 174 240 216 211 192 
0.7519 0.1860 0.0558 -0.6301 80.06 -10.38 -13.63 -1.37 3.33 6.62 -0.9800 1.2400 -2.7800 0.7322 -5.2600 -0.0422 1.72 2.64 9.28 178 272 234 250 195 
0.7130 0.0093 -0.2023 -0.6713 89.69 14.44 -18.56 4.84 4.05 6.55 3.9300 0.4200 -1.9300 1.4144 4.5411 -2.2722 -0.23 4.18 8.86 181 310 297 310 199 
0.6345 0.2665 -0.1283 -0.7141 97.44 -15.94 -35.94 -7.14 5.55 22.40 0.5700 -2.0900 3.1100 -0.8389 -1.0478 -0.1811 -2.24 5.25 7.97 179 315 310 336 207 
0.6085 0.2706 -0.1526 -0.7302 100.12 -11.75 -34.69 -3.85 4.81 10.65 -2.2000 0.0000 3.9800 0.8400 -3.5922 0.9478 -0.05 5.86 7.85 180 308 288 292 206 
0.5942 0.0701 -0.3241 -0.7328 100.56 27.56 -34.69 14.03 6.66 8.73 7.4400 2.0200 2.0100 -1.1867 -3.5489 4.8256 7.74 2.24 5.58 183 298 229 210 193 
0.6863 -0.3057 -0.4362 -0.4951 61.69 66.75 15.81 7.52 1.71 -1.54 -2.0400 4.1300 -4.8100 4.3000 -1.8378 3.9944 8.74 -3.04 3.21 185 326 191 182 181 
0.8098 -0.3013 -0.4884 -0.1218 11.38 57.38 45.63 6.44 2.28 3.33 -1.1900 6.0000 -0.4000 0.2400 3.1856 0.2822 7.29 -3.96 5.21 188 350 177 179 180 
0.9001 -0.2565 -0.3238 -0.1382 19.50 39.31 29.06 7.80 -1.92 4.99 1.4200 1.5300 -2.2400 -1.3522 1.4722 -0.3078 5.82 -4.17 6.68 188 359 185 190 183 
0.8950 -0.3079 -0.2448 -0.2103 26.50 34.06 34.31 5.36 -6.43 4.40 0.2800 -1.6800 -1.6200 -0.2022 0.2511 0.2178 5.36 -4.88 6.59 186 337 212 202 185 
0.8943 -0.3394 -0.2130 -0.1989 24.25 30.81 37.81 2.24 -5.27 8.47 -3.0400 0.6100 1.9500 -0.8233 -0.0178 -0.4322 5.27 -5.38 6.27 187 321 222 210 187 
0.8546 -0.3992 -0.2335 -0.2365 38.06 36.38 46.00 3.85 -2.70 2.94 -0.3400 2.5900 -2.8600 -1.7689 4.1311 -3.7944 5.54 -5.21 6.18 180 286 236 223 189 
0.7302 -0.3997 -0.1001 -0.5450 77.56 37.25 35.06 18.49 -7.26 8.78 11.4200 -3.1800 0.7300 -2.4911 9.1456 0.6789 2.00 -5.74 7.68 174 221 228 223 192 
0.6436 -0.2167 0.3281 -0.6567 86.94 -14.56 48.13 1.43 -5.69 3.33 3.5500 1.8000 -5.6400 1.5267 2.1300 3.7222 -5.12 -5.89 5.92 176 213 211 210 192 
0.7405 -0.0029 0.4160 -0.5278 67.19 -41.50 27.37 -1.76 1.85 1.22 4.1600 5.6800 -3.4000 4.1844 0.6300 2.7911 -7.16 0.02 6.69 168 230 213 213 193 
0.7959 0.2571 0.2910 -0.4645 61.38 -43.31 -15.69 -11.72 3.43 13.45 -5.5400 1.3100 6.6300 0.8422 -1.1789 -0.3344 -6.09 2.47 7.27 178 234 213 215 193 
0.7844 0.2923 0.2005 -0.5090 66.31 -37.50 -18.87 -7.36 1.78 9.70 -0.8600 -0.7100 2.1000 -0.0689 -0.0867 -0.4100 -6.00 2.35 7.39 176 240 213 216 193 
;
