0.9232 0.2641 0.1991 0.1955 336.00 -15.38 -35.88 -2.81 5.55 7.43 -0.1600 -0.0300 -0.2000 -0.0356 -0.0867 0.0211 -2.58 5.52 7.68 190 323 298 278 218 
0.9257 0.2629 0.1931 0.1913 336.87 -14.69 -35.31 -2.09 5.70 7.91 0.4000 0.1500 0.1600 0.0056 0.0722 0.0567 -2.47 5.48 7.73 191 323 295 277 217 
0.9266 0.2646 0.1899 0.1879 336.94 -14.19 -35.94 -3.41 6.30 9.23 -1.3700 0.6000 1.8800 0.1144 -2.2400 0.5444 -1.14 5.76 7.85 190 333 311 293 217 
0.9305 0.3155 -0.0036 0.1862 336.62 16.62 -36.13 7.56 5.62 11.86 4.5700 0.1600 3.4700 -0.6311 -5.2122 3.8411 6.80 3.89 5.88 186 331 238 223 210 
0.7934 0.3024 -0.4244 0.3145 307.44 68.81 -13.63 9.13 1.02 0.43 -0.4800 1.3900 -2.9700 2.3000 -2.3511 4.4811 9.41 -2.22 1.63 180 341 184 190 205 
0.4984 0.3193 -0.5712 0.5687 255.62 66.19 65.06 6.38 2.88 0.51 -2.4000 6.5100 -1.5400 1.2989 1.2444 0.5278 8.49 -3.98 2.85 193 365 182 189 207 
0.4817 0.2742 -0.4893 0.6733 255.75 54.75 41.38 6.23 -2.38 2.70 -1.3300 1.2200 -1.9600 -1.0600 0.6444 -0.7311 7.79 -3.61 4.73 194 379 192 198 207 
0.6096 0.1770 -0.4558 0.6239 270.81 49.63 32.81 7.08 -4.50 5.25 -0.5900 -1.0300 0.0700 -0.6367 0.6122 -0.3422 7.28 -3.46 5.58 195 387 208 201 206 
0.6654 0.1144 -0.4340 0.5965 277.37 44.13 31.12 3.50 -2.83 6.31 -2.4500 1.6200 0.0300 -1.3733 1.1667 -0.5222 6.40 -3.97 6.27 193 376 221 213 208 
0.7521 -0.0031 -0.3959 0.5268 295.75 31.94 30.37 2.94 -4.99 5.39 -1.6900 -0.2600 -0.9500 1.0233 2.5056 -2.0022 3.52 -3.29 8.53 191 370 227 219 207 
0.8864 -0.0571 -0.2300 0.3976 312.81 21.69 14.31 4.46 -0.04 5.57 0.0100 1.4200 -3.0200 2.3611 1.2544 -0.7789 3.00 -0.34 9.32 173 383 211 207 202 
0.9110 0.0992 -0.1224 0.3811 313.69 18.06 -7.00 5.43 3.10 20.19 1.8800 1.9900 10.8800 -0.1100 -0.4889 0.9978 3.52 0.91 9.10 164 388 206 204 209 
0.8885 0.0865 -0.1519 0.4244 308.69 18.62 0.94 1.34 -0.11 11.36 -2.3300 0.1800 0.8200 -1.9022 1.1867 0.0289 2.32 -1.49 9.40 164 389 205 208 207 
0.8975 -0.0591 -0.1531 0.4094 312.19 13.38 15.75 -0.62 -0.56 4.31 -2.6800 2.3500 -5.1900 -0.7667 -1.5344 -1.4878 3.41 -2.91 8.71 167 385 204 203 207 
0.9296 -0.0761 -0.1920 0.3054 326.62 17.81 12.81 7.65 2.80 4.69 6.6300 4.3000 -4.0600 1.7489 -0.4678 -1.4200 4.05 -0.49 8.91 170 388 207 207 205 
0.9448 0.0799 -0.2191 0.2303 332.50 28.19 -6.56 8.09 4.33 9.34 3.8500 2.4800 1.3700 1.7489 -1.1622 0.4333 5.16 1.97 8.09 169 388 208 209 206 
0.9115 0.2036 -0.2343 0.2698 324.56 32.88 -18.12 6.11 3.30 14.02 0.5600 0.5900 6.2600 -0.0767 -0.2911 1.3000 5.69 2.24 7.66 166 387 211 211 207 
0.8770 0.1943 -0.2584 0.3556 314.00 36.50 -6.50 5.61 1.60 8.87 -0.3900 1.2600 0.6300 -2.1000 0.4711 1.6700 5.67 -1.01 7.93 171 387 215 209 209 
0.8526 0.0389 -0.3210 0.4105 308.37 34.69 16.19 1.80 -0.80 4.16 -3.9300 1.7000 -3.7400 -0.1044 1.2567 -0.8133 4.96 -2.08 8.19 175 370 234 241 209 
0.9117 0.0162 -0.2280 0.3414 323.25 20.94 3.87 0.41 1.80 4.04 -2.5600 1.9900 -5.5200 1.6578 3.1411 -2.9800 1.16 1.31 9.64 187 334 313 318 215 
;
0.9756 0.1443 0.0327 0.1622 342.75 -2.56 -19.44 -0.05 5.89 13.98 2.0600 5.8300 6.9800 1.0789 1.7578 -0.7000 -1.73 3.95 8.80 191 378 322 356 224 
0.9739 0.1802 0.0917 0.1029 348.00 -8.19 -21.56 -1.96 2.39 8.25 -0.3200 -0.4200 0.2000 0.9100 -0.3244 0.1933 -1.06 4.08 8.85 191 357 329 350 228 
0.9675 0.2294 0.0162 0.1057 347.50 5.75 -26.75 2.44 5.34 14.01 3.0400 1.1100 4.8600 -0.2033 -6.7233 2.4211 5.97 3.55 6.91 181 356 229 225 213 
0.8554 0.2360 -0.4241 0.1808 327.94 64.69 -18.50 11.20 1.64 0.32 0.6600 0.8000 -3.3100 2.4722 -1.8267 4.2833 9.43 -1.70 2.05 161 366 194 196 203 
0.6155 0.2411 -0.5776 0.4790 274.75 67.94 55.31 6.55 0.54 0.30 -2.6400 5.2100 -1.7100 2.3400 0.7233 1.1922 8.64 -3.66 2.82 150 377 187 190 201 
0.5156 0.2654 -0.4905 0.6505 255.56 56.50 41.13 5.42 1.85 4.96 -2.1000 4.3500 -0.1500 -0.8756 2.7678 -0.8300 7.57 -3.43 5.20 147 387 195 199 201 
0.5890 0.1866 -0.4290 0.6590 265.31 48.38 31.12 8.58 -3.10 3.99 0.9200 -0.4500 -1.7000 -0.5989 0.5667 -0.3322 7.10 -3.45 5.81 151 391 206 201 202 
0.6428 0.1276 -0.4244 0.6249 271.94 44.19 31.06 5.02 -3.79 6.62 -2.3800 0.4500 0.5800 -0.7356 0.2711 -0.1289 6.61 -3.91 6.09 156 392 208 205 203 
0.7110 0.0137 -0.3901 0.5850 284.62 30.50 32.31 1.30 -3.96 1.93 -0.8400 1.1700 -6.3100 -1.3211 7.5256 -1.5400 1.14 -5.06 8.31 167 378 232 220 205 
0.8787 -0.1927 -0.1089 0.4229 310.69 2.31 20.62 2.19 0.37 10.83 0.6600 2.4300 2.1300 2.6767 -0.0389 -0.7733 0.69 -1.22 9.70 172 386 256 235 208 
0.9162 0.0145 -0.0586 0.3962 312.75 8.13 -0.19 3.07 1.57 19.01 1.1700 1.2500 8.3700 -0.2967 -0.3556 0.7811 1.73 -0.10 9.65 171 389 252 236 208 
0.8948 0.0133 -0.0954 0.4360 307.31 11.25 5.06 0.99 -1.15 11.68 -2.8800 0.0000 0.4500 -2.0822 0.6578 0.1000 1.81 -2.43 9.32 169 389 247 231 208 
0.8834 -0.1087 -0.1708 0.4226 310.37 12.75 23.06 0.46 -1.82 4.59 -1.9600 2.2900 -4.1700 -0.8211 -1.8922 -1.2411 3.28 -4.28 8.18 170 385 235 222 205 
0.8903 -0.1375 -0.2733 0.3372 321.62 26.94 25.87 9.10 1.39 2.72 3.9500 4.7200 -4.8800 1.5033 0.6367 -2.1511 5.41 -2.25 7.85 169 384 228 223 206 
0.9196 0.0181 -0.3198 0.2277 333.19 36.94 3.44 9.28 3.41 8.35 3.1200 3.2400 0.6800 1.6178 -1.1378 -0.4856 6.26 0.87 7.49 166 385 238 228 209 
0.9119 0.1582 -0.3005 0.2302 330.62 38.56 -12.06 9.40 2.62 12.19 3.2300 0.8400 5.0600 0.5822 0.2233 1.0511 6.18 1.51 7.45 168 384 245 234 207 
0.8869 0.1626 -0.2994 0.3119 318.81 39.25 -3.31 5.76 1.43 10.75 -2.3100 1.3000 1.5900 -1.9544 0.0944 1.9200 6.06 -1.45 7.56 170 386 248 236 207 
0.8538 0.0064 -0.3477 0.3873 310.31 35.69 22.37 3.03 -1.33 3.75 -2.2000 2.0700 -3.4300 -0.4644 0.2678 0.3578 5.52 -3.60 7.25 169 384 249 234 207 
0.8439 -0.0456 -0.3598 0.3954 310.50 35.25 24.75 4.32 -1.33 5.79 -1.8700 1.6900 -1.5400 0.6822 0.8300 -1.0800 5.32 -2.47 7.85 170 368 259 248 207 
0.9133 -0.0031 -0.2434 0.3267 325.44 21.19 5.19 3.68 1.96 5.74 -0.8400 1.6600 -2.7200 3.3956 4.9344 -3.0044 0.08 2.09 9.57 189 338 331 354 215 
;
