0.7999 0.2058 -0.1706 -0.5373 67.81 3.06 -30.87 0.60 5.12 8.30 0.0800 0.1000 -0.0900 0.0167 0.0178 0.0089 0.52 5.04 8.39 180 302 311 321 210 
0.7996 0.2071 -0.1713 -0.5370 67.75 2.87 -31.06 0.39 5.07 8.41 -0.1500 -0.0400 0.0000 0.0267 -0.0100 0.0233 0.48 5.07 8.37 178 304 311 322 209 
0.7995 0.2086 -0.1715 -0.5366 67.81 2.87 -31.25 0.25 5.12 8.33 -0.3100 -0.0800 -0.0700 0.0089 -0.2144 0.0411 0.59 5.09 8.36 179 302 310 323 210 
0.7972 0.2043 -0.1788 -0.5392 68.19 3.87 -31.31 0.73 5.14 8.34 0.1000 -0.0800 -0.1300 -0.0967 -0.1767 0.0344 0.81 5.03 8.37 179 302 312 307 210 
0.7979 0.1968 -0.1834 -0.5394 67.94 4.44 -30.81 0.60 4.81 8.48 -0.1300 -0.1900 -0.0500 -0.0200 0.0700 0.0211 0.72 4.98 8.41 179 300 315 332 209 
0.8010 0.1929 -0.1819 -0.5367 67.87 6.12 -30.44 0.36 5.61 9.94 -0.9800 0.7900 1.8600 -0.4000 -2.4667 0.6456 2.59 4.70 8.20 178 305 266 266 205 
0.7697 0.0107 -0.3502 -0.5337 69.75 42.69 -25.25 12.66 4.22 10.62 5.4200 2.1600 4.5300 -3.6044 -3.1911 3.0856 8.65 0.09 4.61 177 324 212 206 176 
0.6991 -0.4153 -0.4250 -0.3976 52.75 64.12 64.06 6.23 -1.58 -0.48 -2.6700 3.3600 -1.3500 -1.4300 -2.5911 4.7667 6.66 -7.16 -0.62 173 312 182 177 162 
0.6490 -0.6716 -0.3455 -0.0916 11.13 32.19 101.06 2.72 -5.02 -1.59 -2.1400 2.9000 1.0600 0.1967 -1.4389 0.0756 4.86 -8.28 -1.97 174 259 170 170 158 
0.6144 -0.6781 -0.4026 0.0221 351.50 26.37 105.87 10.58 -5.88 -14.29 4.0500 1.8600 -11.0500 5.6656 0.0833 1.4900 3.51 -9.14 0.50 175 235 168 169 159 
0.7772 -0.4775 -0.3486 0.2156 327.81 17.94 66.06 -0.65 -3.92 18.26 -3.7700 4.0300 14.0700 -1.8433 -0.0378 0.2333 2.65 -8.74 3.54 175 221 174 174 160 
0.7518 -0.5436 -0.3222 0.1885 339.06 17.31 84.00 6.59 -7.24 -2.88 4.0000 2.2000 -4.8900 -3.4067 7.4511 -1.9789 4.06 -8.92 0.01 172 245 204 205 175 
0.6987 -0.6707 -0.1470 -0.2010 36.31 28.94 84.31 5.18 -9.10 0.92 0.6800 -0.4500 0.2800 0.2033 -0.2944 0.1633 4.69 -8.53 1.09 172 266 263 270 189 
0.7065 -0.6522 -0.0748 -0.2641 43.81 24.94 79.62 4.32 -10.06 1.25 0.5000 -1.2700 -2.5600 0.2933 0.7744 1.6133 3.06 -9.08 2.05 177 323 303 323 195 
0.7717 -0.5724 0.0534 -0.2719 36.38 11.38 61.75 0.22 0.12 0.34 -2.4800 9.3400 -2.7600 6.5578 0.4389 0.1267 1.64 -5.38 8.02 179 336 328 326 198 
0.9433 -0.1904 -0.0267 -0.2706 32.38 9.56 16.25 2.05 1.25 22.09 -0.2800 3.1200 11.7100 -1.8578 -0.2756 -0.7256 2.01 -3.53 8.92 182 335 329 324 198 
0.8917 -0.3132 -0.0203 -0.3263 42.75 15.19 43.50 3.07 -2.53 4.11 0.8000 3.7300 -4.5300 -5.4467 -0.5844 -0.3811 3.04 -8.61 3.57 178 322 326 325 199 
0.7039 -0.6240 0.0736 -0.3311 50.31 17.19 79.37 5.33 -10.27 -9.27 1.5700 -0.1000 -8.9600 3.2211 -0.2700 1.2367 2.18 -8.98 3.26 180 311 303 318 198 
0.8332 -0.4812 0.0428 -0.2690 32.06 10.75 46.81 0.64 2.52 16.28 -3.9900 7.4800 12.9600 3.5311 1.0800 0.1589 1.40 -4.39 8.65 182 322 315 311 198 
0.9355 -0.2443 -0.0328 -0.2531 32.00 11.69 28.81 2.17 -2.23 9.91 0.0000 2.7700 0.6200 -3.3989 0.9144 -1.7111 2.20 -6.19 7.27 179 299 295 277 197 
0.8237 -0.4286 0.0283 -0.3701 52.44 17.81 53.75 4.20 -5.65 -1.59 0.7300 2.0300 -6.8900 -0.3867 -0.1233 -1.3344 3.94 -7.49 4.93 171 267 256 258 194 
0.7656 -0.4526 -0.0016 -0.4572 62.31 24.44 41.38 2.24 -1.07 2.54 -0.4200 4.6700 -2.7800 5.7222 1.9167 -0.7167 3.02 -1.97 9.11 173 272 294 279 198 
0.8546 -0.0257 -0.0970 -0.5095 62.31 8.81 -10.63 -0.07 5.05 17.05 2.6100 2.8300 8.3200 2.1511 0.6133 -0.6544 0.81 3.49 9.12 174 282 310 296 207 
;
0.6923 0.0959 -0.2079 -0.6844 89.31 9.00 -25.00 1.56 4.40 8.59 0.0200 0.2800 -0.2300 -0.0111 0.0178 0.0289 1.55 4.11 8.76 175 296 304 294 209 
0.6937 0.0977 -0.2081 -0.6826 89.00 8.75 -25.12 1.26 3.82 9.10 -0.3700 -0.1500 0.3400 -0.0278 -0.1044 0.0511 1.54 4.09 8.77 175 296 303 290 209 
0.6960 0.0706 -0.2374 -0.6740 87.19 22.12 -25.50 5.76 6.23 15.97 5.0400 3.4800 7.4900 -1.8867 -7.5700 3.8144 8.25 1.55 5.06 174 292 232 220 188 
0.6379 -0.4086 -0.4468 -0.4760 67.06 73.81 57.81 8.10 -2.08 0.12 -1.5600 0.7100 -0.5400 -0.8211 -3.7900 4.7011 7.73 -5.84 -1.46 167 250 176 180 170 
0.6172 -0.6577 -0.4169 -0.1121 9.50 35.75 106.62 3.45 -3.42 -5.06 -0.6100 5.0100 -4.7200 3.0678 -1.0922 1.9678 4.06 -8.81 -1.42 155 236 170 174 164 
0.7448 -0.5548 -0.3494 0.1238 338.62 21.69 72.37 1.86 -2.66 8.67 -0.0800 5.3600 6.4900 1.2889 0.7389 0.0989 3.19 -8.34 4.03 160 238 177 174 165 
0.8235 -0.4774 -0.2678 0.1494 341.44 16.50 68.56 3.45 -7.38 5.28 1.2300 1.3000 1.3500 -3.3767 4.7300 -1.0556 2.63 -9.25 1.90 167 256 226 227 180 
0.7521 -0.6429 -0.0834 -0.1183 29.94 15.56 81.12 2.38 -9.97 -1.32 -0.5300 -0.7200 -3.4000 -1.1478 2.1522 0.1789 2.28 -9.47 1.06 173 321 304 310 194 
0.7065 -0.6303 0.1093 -0.3027 47.81 12.88 73.81 0.38 -4.80 -7.06 -1.9900 6.9000 -8.1600 7.0500 -0.0944 -0.2222 2.32 -6.49 6.97 177 335 321 321 200 
0.8945 -0.2226 -0.0319 -0.3865 46.75 11.50 14.19 -0.94 1.86 27.16 -1.1400 2.8500 17.2500 -0.8756 -0.6356 -0.9078 2.26 -2.09 9.31 180 345 328 322 201 
0.8654 -0.2262 -0.0215 -0.4465 57.75 15.00 30.37 2.90 -0.81 6.92 0.4100 4.5500 -2.6000 -5.6500 -0.8211 -0.9856 3.37 -7.48 5.36 178 320 328 324 201 
0.6789 -0.5687 0.0940 -0.4548 68.12 23.31 74.81 5.23 -8.68 -7.72 1.0600 -0.2600 -10.2500 0.5033 -0.2000 0.5800 3.56 -8.87 2.18 176 297 324 308 200 
0.7180 -0.5499 0.0770 -0.4196 59.56 20.06 56.00 2.28 0.67 4.51 -1.9800 7.8100 0.7300 5.9956 1.0789 0.1367 2.91 -4.92 7.96 178 308 324 303 201 
0.8674 -0.2233 -0.0893 -0.4357 53.13 20.06 16.81 1.30 -0.58 22.14 -2.3300 0.9200 10.2800 -1.8167 -0.7344 -0.3956 3.66 -3.40 8.43 179 313 322 295 200 
0.8242 -0.3149 -0.0640 -0.4663 61.25 24.31 36.31 4.09 -3.17 4.50 0.0700 2.4100 -2.8500 -3.5922 -1.6911 -0.1111 4.80 -6.98 4.92 174 276 278 253 194 
0.7061 -0.5670 -0.0484 -0.4214 59.69 34.94 70.56 4.31 -6.27 -0.82 -2.1100 1.6000 -3.3700 -0.2711 -0.5478 -0.5656 6.13 -7.40 1.93 174 262 251 243 193 
0.6649 -0.5961 -0.1198 -0.4338 70.81 45.06 60.94 5.36 -2.26 0.15 -1.5100 4.0100 -3.5100 5.1378 4.8189 -2.7056 6.28 -2.77 6.99 174 280 277 266 197 
0.7352 -0.1552 -0.1936 -0.6307 81.19 22.06 -13.06 1.87 8.10 14.82 -1.0800 4.8800 8.8600 3.4011 2.2644 -1.1922 1.59 5.03 8.26 175 296 310 261 209 
;
