0.9511 0.0848 -0.2870 -0.0763 9.13 32.19 -14.00 5.16 2.13 8.02 -0.0800 0.1200 -0.0300 0.0022 0.0011 -0.0011 5.22 2.01 8.04 181 311 344 347 215 
0.9511 0.0848 -0.2870 -0.0763 9.13 32.13 -14.00 5.22 2.11 8.08 -0.0400 -0.0900 0.3200 0.1078 -0.0111 -0.0156 5.22 2.06 8.03 178 310 345 350 215 
0.9479 0.1028 -0.2918 -0.0764 8.63 32.56 -18.44 6.36 3.75 14.29 1.6900 2.0700 8.4500 -0.2511 -4.5867 0.6656 7.16 2.49 6.22 179 325 241 240 208 
0.8034 0.0616 -0.5919 -0.0196 354.62 86.50 1.25 15.74 1.20 -2.07 3.4800 2.3200 -0.8400 1.7600 -5.4111 6.1456 7.90 -4.69 -3.41 180 319 163 166 175 
0.4189 -0.1447 -0.8240 0.3530 264.12 27.75 115.87 0.50 -3.98 -3.20 -3.7300 3.9800 1.0300 2.5556 -1.3000 2.1933 2.40 -9.13 -2.62 181 285 161 159 168 
0.2494 -0.1800 -0.7466 0.5899 222.87 8.31 98.50 0.80 -5.37 -11.25 -1.1400 5.0000 -7.9300 5.9356 0.7767 -0.8856 1.61 -9.35 2.45 183 262 157 164 166 
0.3080 -0.0955 -0.5142 0.7947 222.94 10.50 57.19 4.35 -1.15 20.95 0.9800 5.8400 13.2800 -3.6556 1.4822 0.0578 1.37 -8.82 4.04 180 259 170 171 169 
0.3094 -0.1432 -0.5869 0.7344 227.75 9.13 78.31 1.03 -9.63 -1.46 -0.1700 -0.1100 -2.4000 -1.5856 1.0656 -0.8967 2.06 -9.56 0.59 181 266 189 190 188 
0.4147 -0.2449 -0.6583 0.5785 260.50 17.44 89.31 2.54 -8.64 -2.53 -2.2400 0.2700 -3.0600 -0.5256 4.1544 -1.7500 4.21 -8.81 0.83 182 269 232 215 202 
0.6237 -0.2617 -0.6156 0.4044 299.25 40.56 81.50 -2.76 -0.43 -2.09 -10.3700 6.6200 -3.1500 0.4733 -10.4289 -4.5356 8.04 -4.75 -2.98 180 285 253 258 199 
0.2458 0.1478 -0.9460 0.1508 340.94 23.50 172.50 12.49 -1.89 -18.87 9.7400 -2.2800 -10.6600 -1.3778 -1.0133 0.6689 1.69 0.89 -9.61 184 284 266 280 197 
0.0956 0.1195 -0.9867 -0.0549 347.75 10.75 -171.19 1.97 2.17 -8.92 -6.2500 3.0300 0.7200 -0.2011 -2.5244 0.6356 1.36 1.50 -9.59 184 282 269 276 195 
0.0854 0.0556 -0.9925 -0.0678 353.31 8.69 -172.00 1.85 3.75 -8.51 -0.2300 2.0700 1.2600 0.3767 0.3978 -0.3267 1.72 1.17 -9.58 184 274 265 269 195 
0.0992 0.0760 -0.9906 -0.0560 350.87 11.75 -172.06 3.77 2.87 -9.94 1.6500 1.6900 -0.3000 0.1400 2.4544 -0.0711 3.39 1.34 -9.10 182 290 257 254 200 
0.2693 0.0941 -0.9570 -0.0515 348.37 38.69 -168.19 10.80 3.95 -6.33 4.7400 2.3700 -1.3200 -1.2100 11.7278 1.6156 9.75 0.95 0.24 178 299 301 307 210 
0.8837 0.0316 -0.4664 -0.0262 3.69 34.88 -7.25 -0.40 -0.56 4.10 -3.7000 -1.6100 -5.3000 2.5189 6.0256 -1.2089 0.15 3.04 9.32 187 345 327 367 215 
;
