0.7325 0.1626 -0.0355 -0.6602 84.00 -9.31 -16.75 -1.69 2.82 9.31 -0.1000 0.0300 0.0200 0.0067 -0.0667 0.0089 -1.55 2.79 9.26 168 298 317 335 211 
0.7329 0.1609 -0.0388 -0.6599 83.94 -8.75 -17.00 -1.58 2.87 9.53 -0.2300 0.0100 0.2500 0.1600 -0.2789 0.0822 -1.33 2.94 9.25 169 301 316 335 211 
0.7342 0.1584 -0.0608 -0.6574 83.56 -5.87 -18.69 -0.84 3.15 10.04 0.2000 0.5200 1.3900 0.0400 -0.8922 0.1700 -0.38 3.20 9.26 169 305 305 323 211 
0.7371 0.1183 -0.1077 -0.6566 83.00 0.81 -17.69 0.41 3.05 9.59 0.2000 0.1300 0.0600 -0.6000 -0.2533 0.2944 0.33 2.56 9.46 167 304 278 313 211 
0.7530 0.0736 -0.0951 -0.6470 80.81 2.94 -12.69 0.44 2.25 8.76 -0.0100 0.2300 -0.8400 -0.3444 -0.1756 0.2856 0.66 1.88 9.60 169 305 289 308 210 
0.7675 0.0438 -0.0898 -0.6332 78.31 5.31 -10.06 1.12 2.07 9.90 0.1200 0.3200 0.3600 -0.3356 -0.2522 0.5300 1.17 1.44 9.62 171 303 282 302 210 
0.7886 0.0101 -0.0957 -0.6074 74.75 8.69 -7.25 0.91 1.05 9.77 -0.4700 -0.0900 0.3700 -0.3989 -0.4811 0.2589 1.96 0.86 9.56 168 306 271 286 209 
0.7951 -0.0533 -0.1331 -0.5893 72.06 21.94 -3.50 4.98 0.60 11.38 1.2000 -0.0200 2.3100 -1.0644 -3.0044 0.4822 6.11 -0.38 7.65 170 307 246 245 203 
0.7645 -0.2786 -0.2956 -0.5005 62.88 50.63 18.50 10.22 -1.68 4.87 2.1800 0.9900 -1.1100 -0.5300 -3.5378 3.5322 8.03 -4.22 3.70 169 305 212 207 195 
0.7574 -0.4872 -0.3745 -0.2208 22.12 47.75 75.19 4.77 -3.59 0.67 -2.0900 3.4400 -0.1400 1.1389 -2.4633 2.8567 5.81 -7.86 0.77 171 307 186 184 188 
0.7223 -0.5294 -0.4330 0.1025 337.69 28.50 86.50 2.19 -7.18 1.50 -1.7600 1.2500 1.1500 0.3111 -1.7622 0.6256 4.19 -8.86 0.18 170 263 168 171 182 
0.6633 -0.5139 -0.4913 0.2336 318.31 23.37 87.87 4.46 -7.33 -6.86 -0.7000 1.9000 -6.6300 5.6444 0.6033 0.3956 3.52 -8.39 3.63 171 244 170 175 179 
0.7962 -0.2859 -0.3597 0.3936 305.81 19.44 46.44 2.40 -1.30 16.45 -0.1100 4.7600 10.5900 0.4244 0.4178 -0.0244 3.00 -6.18 6.98 176 258 182 182 184 
0.8102 -0.2720 -0.3200 0.4089 307.62 17.00 52.56 2.83 -5.64 5.82 0.9700 2.0700 -0.3100 -4.2744 2.0867 -0.5333 2.59 -8.86 3.28 173 259 203 205 187 
0.7629 -0.5355 -0.3099 0.1879 339.62 16.37 78.31 4.93 -7.81 -0.80 2.5900 1.5600 -2.2300 -1.3833 3.2389 -0.5656 2.89 -9.24 1.53 174 272 236 237 191 
0.7603 -0.6274 -0.1668 -0.0256 5.75 16.62 80.06 4.20 -9.23 0.45 2.1100 0.2800 -1.9400 0.5278 2.9989 -0.1622 2.63 -9.16 2.28 174 293 299 282 200 
0.8020 -0.5818 -0.0384 -0.1297 19.25 9.63 65.44 2.51 -4.81 -1.27 1.1300 4.0600 -5.1400 5.4600 3.9411 0.9433 -0.31 -6.67 7.17 172 318 314 314 199 
0.9528 -0.2437 0.1013 -0.1505 16.87 -13.94 22.00 -9.44 3.66 6.86 -6.1700 5.2200 -2.5200 4.0722 -1.7944 1.6244 -3.10 -0.19 9.29 178 319 314 316 201 
0.9715 0.1171 0.1771 -0.1052 11.63 -21.94 -15.56 -5.40 5.31 15.39 -1.5000 2.9100 7.0000 0.8156 0.0300 -0.2056 -3.29 3.09 8.70 179 320 314 309 204 
;
