0.9533 0.2805 0.1006 -0.0482 5.75 -12.63 -32.56 -2.14 5.14 7.95 0.0200 0.0200 -0.1000 -0.0067 -0.0233 -0.0011 -2.13 5.14 8.06 187 322 332 356 218 
0.9535 0.2803 0.0998 -0.0486 5.81 -12.13 -32.38 -3.87 5.25 9.19 -2.5400 0.4100 2.6500 -0.2533 -2.0800 0.4956 -0.79 4.99 8.40 183 320 202 239 218 
0.9730 0.1973 -0.1084 -0.0504 4.87 32.69 -20.94 14.98 2.53 0.98 8.7100 -0.1000 -1.0300 -0.0356 -11.4000 5.0467 9.65 -0.78 -1.51 129 318 161 166 182 
0.4700 -0.0323 -0.8600 0.1959 297.50 43.63 138.44 3.60 -2.10 -7.02 -2.5900 4.1900 -1.3700 4.7267 -2.6700 3.3911 3.41 -8.31 -3.92 166 302 164 173 183 
0.2428 -0.1124 -0.7845 0.5594 221.50 12.69 100.62 1.59 -4.18 1.07 -1.1400 4.4200 2.0900 1.3011 0.1622 0.1467 1.88 -9.60 -0.53 157 303 161 176 183 
0.2106 -0.0723 -0.7052 0.6732 213.56 11.50 89.25 2.31 -9.81 -7.32 -0.4100 -1.3900 -10.1900 3.2244 -0.2089 -0.6422 2.27 -9.30 2.10 155 262 161 172 184 
0.2565 -0.0139 -0.5336 0.8058 216.50 14.38 56.00 2.98 1.76 15.18 1.3400 10.2800 12.8500 0.9189 1.0111 -0.4989 2.35 -6.87 6.58 161 273 171 178 188 
0.3139 -0.0423 -0.4506 0.8347 222.81 11.94 57.19 5.26 -7.98 2.24 4.3800 0.9600 -2.6600 -3.5756 4.5989 -1.1833 1.61 -9.02 3.48 178 264 193 188 200 
0.5312 -0.3668 -0.4977 0.5792 284.87 3.12 81.56 -0.39 -9.78 -4.77 -1.8700 -0.3000 -4.8900 -4.3000 8.8622 1.2378 -0.19 -9.61 -1.94 182 251 252 261 205 
0.5696 -0.8029 -0.1266 0.1217 338.00 -3.56 112.50 -3.58 -10.17 -7.59 -3.8000 -0.9900 -5.0900 -1.5667 1.4956 0.6933 -0.45 -8.42 -5.00 181 266 260 275 210 
0.6152 -0.7878 -0.0217 0.0200 5.50 4.75 86.12 -0.78 0.23 -3.33 -0.4100 10.2200 -1.1300 8.3867 1.3133 -0.8833 1.39 -7.19 6.51 186 282 281 281 214 
0.9117 -0.3950 -0.0133 -0.1120 13.94 6.69 49.00 1.03 -2.10 12.35 1.3800 4.6600 4.9300 -3.7144 -0.8011 0.0300 1.43 -8.72 4.24 185 281 281 281 213 
0.7686 -0.6331 -0.0181 -0.0901 12.38 7.81 87.44 -0.61 -9.74 -8.51 -2.3100 -0.3300 -8.0900 -4.3533 -1.9589 0.4867 0.75 -9.26 -3.11 177 264 274 275 213 
0.5948 -0.8021 -0.0479 -0.0240 5.69 6.50 98.87 -1.76 -7.48 -5.07 -2.5900 3.0100 -1.9600 6.6789 0.7322 -1.1111 1.65 -8.86 3.84 178 291 295 294 214 
0.8744 -0.4758 -0.0439 -0.0846 11.44 8.81 58.13 1.66 -4.02 9.86 0.6800 3.3300 2.3400 -2.8978 -0.5078 0.3289 1.42 -9.16 3.18 181 287 290 285 213 
0.7733 -0.6307 -0.0417 -0.0497 3.94 5.87 83.94 -1.54 -7.94 -3.46 -2.8100 1.1300 -3.5100 -2.3467 -2.2833 0.9422 0.15 -9.73 -1.15 178 259 270 260 211 
0.6594 -0.7369 -0.1213 0.0859 344.69 4.37 92.31 1.10 -3.48 -4.96 -0.5300 6.8200 -5.3500 6.5222 1.4567 -2.1522 2.08 -8.74 3.91 180 292 285 292 214 
0.9282 -0.3579 -0.1005 0.0129 0.81 9.13 30.31 -0.82 1.41 15.15 -2.9100 5.3700 7.6700 5.6933 0.8856 -1.7756 0.86 -0.25 9.76 179 320 327 330 212 
;
