0.9587 0.2680 0.0779 -0.0543 6.44 -10.19 -30.87 -1.50 4.78 8.38 0.2300 -0.2000 0.0600 -0.0278 -0.0211 -0.0211 -1.70 4.92 8.30 186 328 326 355 224 
0.9597 0.2652 0.0743 -0.0552 6.56 -9.81 -30.50 -1.56 4.75 8.37 -0.0300 -0.2000 0.1500 0.0211 -0.0289 0.0167 -1.67 4.91 8.32 187 330 321 353 224 
0.9589 0.2687 0.0747 -0.0533 5.81 -8.69 -31.12 -3.55 5.36 13.07 -2.7700 0.6600 5.8100 -1.9611 -4.2878 0.9489 1.24 4.19 8.77 7 345 180 189 208 
0.9374 0.1721 -0.3000 -0.0404 1.12 52.25 -23.75 16.47 4.81 6.19 5.4300 1.6800 1.2200 -0.5267 -6.9811 5.5911 9.67 -1.55 0.35 181 354 167 168 180 
0.5868 -0.0580 -0.7718 0.2380 300.75 51.56 114.00 4.74 -1.64 -2.40 -2.0900 5.1600 0.7300 2.1522 -2.2300 3.8178 5.14 -7.96 -2.49 184 350 174 172 182 
0.3614 -0.1454 -0.7664 0.5107 245.19 21.00 102.56 0.29 -6.18 0.80 -1.1500 1.8900 2.2900 0.2533 -1.1800 0.4833 2.83 -9.15 -2.10 186 327 175 171 182 
0.2468 -0.1272 -0.7766 0.5655 221.44 11.94 104.12 1.94 -9.24 -7.66 -1.1300 -0.5800 -8.1400 2.6733 -0.7011 -0.0311 1.77 -9.62 -0.66 184 273 177 172 178 
0.2167 -0.0316 -0.6416 0.7351 213.06 15.63 68.50 2.34 1.96 13.35 -0.5800 10.9200 13.0300 3.1922 0.6433 -1.5111 2.96 -7.26 5.88 185 256 177 174 178 
0.2719 -0.0141 -0.5243 0.8068 215.56 14.00 68.62 1.98 -8.72 0.05 -0.6700 0.4200 -2.5900 -2.6844 -0.2700 0.5000 2.01 -9.50 1.34 186 264 183 182 187 
0.2418 -0.0870 -0.6761 0.6905 220.75 12.13 88.00 2.03 -9.14 -2.61 0.2300 0.5000 -2.2600 -1.5900 2.5144 -0.7133 2.63 -9.42 -0.66 187 278 192 201 198 
0.4073 -0.2062 -0.7005 0.5485 262.69 23.12 93.06 3.00 -7.51 -1.15 -2.4300 1.5200 -0.8700 -0.8656 3.9522 -2.1333 5.22 -8.29 0.32 187 261 221 230 202 
0.6500 -0.2416 -0.6309 0.3479 312.25 47.25 77.31 2.58 -3.88 -4.54 -3.4300 2.7900 -7.9700 3.5089 0.4300 -5.6267 9.14 -2.10 2.86 187 175 186 191 199 
0.7556 0.1580 -0.6028 0.2020 328.69 80.06 -22.06 18.96 8.45 6.97 11.0100 10.1100 8.2800 3.5200 2.2278 -1.2311 9.33 2.55 1.57 191 162 164 186 187 
0.6865 0.4227 -0.5110 0.2983 311.37 72.62 -65.56 10.08 5.29 5.26 -0.1500 2.2600 3.6700 -0.2011 -0.1200 0.6222 9.48 2.16 1.22 192 165 179 189 190 
0.6805 0.3989 -0.5212 0.3258 309.06 75.75 -55.06 8.48 1.80 0.73 -1.2400 -0.1600 -0.6500 -0.0933 -0.0133 -0.1444 9.46 2.00 1.60 192 166 181 191 190 
0.6935 0.3859 -0.5197 0.3163 311.37 74.62 -51.31 8.56 3.19 2.77 -1.0100 1.1600 1.3000 -0.4411 -0.3011 -0.0878 9.46 2.03 1.53 191 195 201 202 199 
0.7242 0.3614 -0.5100 0.2911 320.19 65.50 -37.13 6.31 3.62 3.66 -1.5000 0.5000 -1.8000 -3.0778 8.0011 -4.0800 5.09 3.13 7.77 192 298 312 333 210 
0.9737 0.1902 -0.0168 0.1242 351.06 -7.69 -25.44 -1.47 7.39 9.05 -2.8400 5.4100 2.2500 4.5678 -4.3889 -0.1467 -2.05 5.72 7.69 190 334 340 369 218 
0.9522 0.2940 0.0822 0.0063 359.31 -10.00 -36.25 -3.57 4.62 6.57 -1.4600 -0.2400 1.3200 -0.2644 -0.4567 0.0322 -1.67 5.77 7.74 191 324 336 376 218 
;
