0.9586 0.2836 -0.0060 0.0278 357.25 1.44 -32.75 0.23 5.31 8.21 -0.0500 -0.0500 -0.0700 -0.0889 -0.1656 -0.3467 0.21 5.25 8.27 184 346 322 340 219 
0.9606 0.2776 -0.0112 0.0015 0.37 1.25 -32.13 0.28 5.10 8.33 0.0900 -0.0900 0.0500 -0.0467 -0.1856 -0.3111 0.22 5.18 8.32 186 348 322 340 219 
0.9614 0.2736 -0.0186 -0.0245 3.31 1.25 -31.69 0.29 5.10 8.34 0.0900 -0.1100 0.1300 -0.1167 -0.2011 -0.2411 0.23 5.08 8.38 185 346 323 344 220 
0.9623 0.2670 -0.0263 -0.0440 5.37 2.12 -30.62 0.22 5.24 8.85 0.3400 0.4500 0.4800 -0.4444 -0.5800 0.3244 0.82 4.71 8.55 186 343 300 323 222 
0.9666 0.2405 -0.0801 -0.0387 4.56 13.81 -27.37 3.87 5.95 12.79 1.4600 0.5600 3.8200 -1.0589 -9.1389 2.7156 7.41 2.98 5.68 184 329 175 180 177 
0.7662 0.0865 -0.6365 0.0205 350.94 85.56 178.00 20.47 -0.67 -6.05 9.3400 1.9700 -4.5800 2.2111 -3.9589 6.3411 7.18 -5.40 -3.91 144 324 163 163 168 
0.4361 -0.1714 -0.7880 0.3994 264.75 27.62 104.56 -1.92 -0.52 2.01 -5.9500 7.7600 3.8200 1.7244 -0.2544 1.4122 3.29 -9.20 -0.79 175 324 170 168 168 
0.3846 -0.1931 -0.6955 0.5754 245.37 17.81 91.62 3.67 -8.04 -2.76 1.3500 0.7800 -5.0600 1.4311 -1.3844 0.5578 2.65 -9.43 0.34 166 288 163 171 166 
0.3401 -0.1227 -0.6088 0.7061 230.31 12.81 67.00 -0.43 -2.08 7.74 -1.1800 7.6300 8.2300 3.8522 0.1878 0.1589 1.88 -7.21 6.37 168 296 174 175 171 
0.3723 -0.0844 -0.4152 0.8258 228.37 8.75 55.25 0.34 -5.62 6.44 -0.7900 1.8200 -0.7200 -3.3633 0.6067 -0.8722 1.72 -9.07 3.29 175 298 179 183 178 
0.4003 -0.1781 -0.6014 0.6681 249.00 17.69 81.19 4.32 -9.27 -2.38 0.3200 -0.9100 -2.7300 -1.0622 1.7778 -2.8800 5.05 -8.36 0.79 173 317 189 191 188 
0.5684 -0.1310 -0.6749 0.4519 287.06 44.69 83.25 9.35 -8.95 -3.45 1.8000 -2.3900 -4.4500 3.8822 -0.9478 -1.3856 7.75 -5.62 2.11 167 356 192 189 191 
0.5883 0.1198 -0.5892 0.5408 270.31 56.94 52.81 9.81 -0.35 2.74 0.8900 4.1800 0.0700 3.2511 0.2022 0.6444 8.19 -3.17 4.34 160 378 187 191 188 
0.5101 0.2837 -0.4314 0.6879 251.56 54.31 29.81 9.58 4.19 7.96 -0.9200 5.7800 1.6800 -1.9278 3.2378 -0.5600 6.89 -3.11 6.23 157 396 192 194 191 
0.5966 0.1508 -0.3715 0.6952 263.37 38.88 26.50 5.97 -3.66 5.22 0.1900 -0.8000 -1.7300 -0.7667 1.1911 -0.2322 5.59 -3.68 7.16 160 412 193 197 193 
0.6417 0.0740 -0.3538 0.6765 266.69 33.19 28.00 3.83 -3.39 9.69 -1.2000 1.1300 3.0700 -0.3156 1.6956 -0.3233 4.74 -3.88 7.65 164 425 202 192 192 
0.6518 0.0319 -0.3453 0.6745 267.25 30.25 29.94 4.84 -3.30 7.03 -0.2700 1.0600 -0.2700 -0.5944 -0.0111 0.1100 4.93 -4.53 7.15 173 397 206 195 194 
;
