0.9231 0.3795 0.0485 0.0391 355.12 -3.37 -44.88 -0.46 6.94 6.98 0.1200 0.0500 0.0100 -0.0167 -0.0322 -0.0044 -0.56 6.90 6.94 200 337 339 357 232 
0.9233 0.3792 0.0471 0.0385 355.19 -3.31 -44.81 -0.45 6.88 6.96 0.1400 0.0100 0.0500 -0.0189 -0.0067 -0.0056 -0.56 6.89 6.95 199 339 340 357 232 
0.9239 0.3779 0.0471 0.0383 355.19 -3.31 -44.63 -0.53 6.79 7.04 0.0100 -0.0100 0.1500 -0.0389 -0.0789 0.0211 -0.51 6.85 6.99 201 338 340 359 233 
0.9253 0.3755 0.0372 0.0376 355.31 -1.50 -44.00 -0.46 7.72 8.48 -0.4000 1.2800 1.9800 -0.3444 -2.2700 0.7000 1.33 6.56 7.16 201 341 329 343 233 
0.9218 0.3383 -0.1876 0.0269 356.19 28.25 -39.50 9.22 8.95 9.59 3.1700 2.4300 2.1500 -2.4844 -5.9856 5.0589 8.79 1.42 4.10 199 308 262 252 223 
0.7946 0.0626 -0.5842 0.1529 331.75 70.06 47.19 6.26 -0.78 0.62 -2.3700 3.1400 -1.8000 -1.1767 -3.7744 6.0656 6.99 -6.84 -0.66 195 280 218 211 211 
0.5161 -0.2410 -0.7078 0.4180 273.12 25.94 97.69 -0.94 -5.47 -0.82 -3.8700 3.6600 0.9000 0.6233 -0.8411 1.1922 3.01 -9.27 -1.01 194 282 214 213 210 
0.4144 -0.2697 -0.6902 0.5284 255.37 16.44 95.94 2.16 -8.78 -1.30 -0.2600 0.7200 -0.0900 0.3200 -0.5089 -0.2556 2.85 -9.33 -0.92 194 256 187 207 208 
0.3930 -0.2437 -0.7002 0.5439 250.62 16.19 95.31 8.59 -9.78 -15.17 4.7900 -0.2600 -16.4200 8.5233 1.9878 -0.7622 2.82 -8.71 3.51 185 204 182 197 201 
0.4860 -0.0985 -0.4496 0.7429 242.94 16.56 47.44 1.74 3.39 24.03 -0.5900 7.6600 13.5200 -3.5333 1.5000 0.1222 2.51 -7.42 5.88 169 206 194 202 205 
0.4611 -0.1643 -0.5118 0.7060 246.81 13.94 71.12 2.40 -7.60 -0.30 -0.7400 1.3300 -2.8100 -2.6089 1.2533 -1.1344 2.95 -9.30 0.89 196 273 234 217 210 
0.4883 -0.2574 -0.6514 0.5205 268.50 23.81 90.94 4.68 -7.48 -3.11 0.4700 1.3300 -2.4200 -1.4344 0.0300 -1.2911 4.83 -8.45 -1.15 197 286 239 225 212 
0.4962 -0.2338 -0.7333 0.4018 285.62 34.50 105.50 8.38 -8.55 -8.60 2.6100 -1.4500 -5.8800 1.1444 0.1789 -1.1089 6.26 -7.30 -1.85 196 355 234 224 212 
0.5081 -0.1383 -0.7448 0.4099 278.75 39.63 98.50 7.98 -6.30 -1.55 1.9800 2.3300 0.9800 3.3644 -2.2222 0.9967 5.58 -8.06 0.14 201 379 246 229 215 
0.3984 0.0000 -0.6802 0.6152 241.37 32.63 85.94 7.72 -4.44 9.17 3.0400 2.4500 7.0100 -0.7156 0.1800 -0.2622 5.44 -8.15 -0.12 201 385 242 233 215 
0.3848 0.0114 -0.7338 0.5598 251.00 35.69 97.12 6.72 -8.06 -5.46 1.3000 -0.3000 -4.3200 -0.6267 0.1422 -0.0322 5.90 -7.70 -1.37 201 384 249 234 214 
0.4028 -0.0150 -0.7511 0.5229 253.56 35.50 98.06 6.93 -7.20 -3.94 -0.2600 0.4300 -3.3300 2.1733 0.3556 0.4267 5.48 -8.12 0.09 202 394 221 234 215 
0.3624 0.0589 -0.7018 0.6105 242.00 35.31 90.50 4.86 -6.56 2.45 -0.1600 1.6600 1.0400 -1.2811 1.5000 -0.8678 6.02 -7.74 0.00 201 383 241 238 216 
0.4598 0.0002 -0.7109 0.5322 270.69 43.69 88.75 5.14 -3.55 -0.44 -1.9600 2.9700 -1.8900 -1.2700 7.1367 -3.6411 7.63 -5.11 3.40 198 327 264 259 217 
0.8539 -0.0674 -0.4338 0.2795 328.81 39.75 21.44 3.80 0.77 4.51 -2.6600 2.4500 -1.7200 4.0767 5.8378 -2.9833 2.26 1.20 9.46 203 307 312 299 224 
;
