0.7729 0.2541 -0.0419 -0.5799 73.75 -13.25 -26.94 -2.23 4.30 8.44 0.0200 -0.0100 -0.0300 0.0022 -0.0044 -0.0011 -2.25 4.32 8.50 162 308 314 323 207 
0.7729 0.2540 -0.0421 -0.5800 73.75 -13.25 -26.94 -2.22 4.35 8.48 0.0200 0.0100 -0.0200 0.0067 -0.0278 -0.0056 -2.23 4.32 8.51 164 308 314 322 207 
0.7728 0.2531 -0.0436 -0.5803 73.75 -12.94 -26.94 -2.30 4.27 8.52 -0.0600 -0.1100 0.1500 0.1367 -0.0789 0.0633 -2.10 4.39 8.51 162 308 311 317 207 
0.7808 0.2339 -0.0681 -0.5753 72.62 -6.06 -25.50 -0.31 4.65 12.31 -0.0900 0.5800 3.7700 -1.6667 -4.8378 1.0711 2.45 3.09 8.97 146 317 244 240 202 
0.7789 -0.0500 -0.2846 -0.5566 69.87 37.13 -14.19 10.16 2.73 7.37 2.7300 1.2800 0.4500 -0.2278 -5.8689 3.1978 9.14 -0.10 3.54 104 304 196 190 176 
0.6862 -0.3572 -0.5630 -0.2906 36.50 74.37 92.44 9.30 -1.86 0.26 0.8500 1.2000 0.6800 1.3167 -4.4033 3.8644 7.95 -5.22 -2.35 97 322 174 214 182 
0.5918 -0.5094 -0.6210 0.0678 333.31 34.56 111.06 4.42 -4.80 -2.16 -0.7200 3.8000 1.2600 1.8456 -1.3100 2.6600 3.48 -8.90 -2.17 97 360 170 187 171 
0.5425 -0.5139 -0.5699 0.3417 290.87 13.44 98.62 1.54 -6.57 0.67 -1.0600 2.6700 1.7300 0.4456 -0.4156 0.4944 1.81 -9.57 -1.08 100 364 174 190 173 
0.5331 -0.5075 -0.5432 0.4039 286.06 9.63 96.31 2.17 -9.42 -0.18 0.6800 0.2500 0.9100 -0.0056 0.1533 -0.0589 1.68 -9.60 -1.02 102 363 177 192 174 
0.5374 -0.5049 -0.5438 0.4006 285.75 10.81 95.50 4.20 -8.06 -6.48 2.9200 -0.4700 -8.1300 2.6967 -0.3044 0.0600 2.03 -9.55 0.82 105 235 168 190 174 
0.6280 -0.3544 -0.4729 0.5063 280.69 13.38 61.44 1.15 -3.18 7.36 -0.9800 5.7200 5.0400 5.1889 -0.2900 -0.0133 2.12 -5.94 7.50 106 249 164 190 173 
0.7025 -0.1646 -0.2916 0.6280 276.37 11.31 40.88 1.28 -3.08 11.38 -0.7300 3.5600 3.7800 -3.8000 0.1011 0.0889 1.80 -8.04 5.31 106 258 175 194 174 
0.6381 -0.3303 -0.4373 0.5408 280.50 11.88 72.87 1.99 -6.72 -0.04 -0.0400 2.3300 -2.8400 -3.0556 -0.7656 -0.1189 2.15 -9.56 0.35 108 262 178 197 175 
0.5408 -0.4579 -0.5651 0.4225 284.56 13.13 95.56 2.95 -9.63 -4.27 0.7400 -0.0300 -2.3300 -0.4067 0.2678 -0.3044 2.47 -9.39 -1.32 119 265 183 205 181 
0.5626 -0.4839 -0.5737 0.3467 308.75 21.94 96.25 2.86 -5.89 -1.07 -1.4800 3.1800 -0.7100 -0.0178 8.7744 -3.8022 5.72 -7.78 1.69 145 285 238 260 193 
0.8402 -0.4219 -0.3232 -0.1075 25.31 36.69 39.81 2.65 0.08 5.18 -2.9200 4.1600 -1.7600 5.0367 7.8800 -3.4422 1.98 -0.81 9.56 164 318 277 312 197 
0.9015 0.0729 -0.0385 -0.4249 53.44 -3.75 -17.06 -1.71 7.09 16.10 -0.8500 1.6900 4.7800 1.5389 0.3256 -0.8500 -1.65 4.22 8.69 178 338 299 333 201 
;
0.8282 0.2867 -0.0491 -0.4791 61.13 -13.38 -33.63 -1.80 6.53 10.31 0.4000 0.2300 -0.0400 -0.5911 -0.0878 -0.0111 -2.11 4.99 8.17 178 336 302 336 203 
0.8212 0.2845 -0.0472 -0.4923 62.19 -10.81 -31.44 -0.96 5.04 8.24 0.5800 0.0000 -0.1500 -0.0167 0.0522 -0.0100 -1.76 4.99 8.25 176 334 302 337 205 
0.8204 0.2751 -0.0560 -0.4981 62.63 -10.31 -30.94 -1.75 4.97 8.17 0.0300 0.0300 -0.1400 -0.0422 -0.1922 -0.0278 -1.62 4.93 8.31 175 333 304 337 205 
0.8182 0.2643 -0.0682 -0.5060 63.44 -8.38 -30.12 -1.99 4.91 8.80 -0.6100 0.0600 0.3600 -0.6222 -2.3789 0.1122 0.20 4.31 8.80 146 327 292 321 207 
0.8184 0.1019 -0.1898 -0.5327 65.56 19.06 -19.62 5.04 3.33 11.89 -0.0100 0.4100 1.9000 -1.1800 -5.6667 1.2089 6.67 1.63 6.99 113 342 208 201 191 
0.7448 -0.2122 -0.4467 -0.4481 58.94 69.44 -3.56 13.63 0.46 4.04 3.7000 -0.1000 1.0500 0.1278 -5.8778 2.6856 9.59 -1.84 -0.78 102 361 179 172 172 
0.5880 -0.4661 -0.6464 -0.1385 12.25 53.63 126.25 9.85 -0.58 -4.82 0.4900 3.9300 -0.0200 2.6578 -2.2267 3.5422 5.46 -7.27 -3.64 108 357 165 169 167 
0.5284 -0.5031 -0.6345 0.2551 299.75 20.44 105.56 0.71 -3.96 0.24 -1.5500 5.6900 3.1400 2.2444 -0.4778 1.1911 2.36 -9.46 -0.97 111 356 179 173 168 
0.5399 -0.4639 -0.5622 0.4211 283.87 12.38 93.00 1.83 -7.31 1.99 -0.4200 1.5400 1.9000 -0.4467 -0.3700 -0.1211 2.16 -9.53 -0.77 115 301 177 173 168 
0.5319 -0.4361 -0.5800 0.4365 279.75 14.25 87.19 3.91 -7.27 -6.87 -0.4200 1.7100 -5.8700 4.7978 0.7644 0.3811 2.15 -8.74 3.87 118 264 172 175 168 
0.6594 -0.2488 -0.3821 0.5977 275.50 10.88 46.44 1.79 -1.75 18.00 -0.5200 4.5800 13.1800 0.7389 0.4111 0.2178 1.57 -6.08 7.53 120 275 175 174 168 
0.6804 -0.2236 -0.3155 0.6226 275.75 8.81 49.75 1.64 -4.80 9.22 -0.4100 3.1500 2.1700 -4.1611 -0.5267 0.0044 1.64 -8.87 3.82 120 275 181 178 169 
0.5828 -0.3868 -0.4954 0.5151 278.56 10.88 82.44 1.19 -5.45 -1.73 0.3700 1.7200 -4.5600 -2.8922 -0.0111 -0.3100 2.08 -9.49 -1.28 119 280 184 182 171 
0.5013 -0.4977 -0.5958 0.3821 286.31 12.69 103.12 2.50 -8.11 -4.76 0.4700 2.9800 -1.2000 -0.0389 3.2456 -0.7978 2.94 -9.18 -1.79 144 298 218 222 184 
0.6309 -0.5359 -0.5146 0.2238 334.75 29.19 91.25 2.96 -5.38 0.80 -3.7800 2.4000 -0.1100 0.6911 7.1689 -4.0156 6.23 -6.85 3.22 165 308 260 262 193 
0.8603 -0.3807 -0.2711 -0.2035 33.56 34.00 31.69 3.79 -0.54 6.65 -2.1400 1.9300 -0.9400 3.7078 6.0122 -3.0322 1.75 -0.54 9.63 175 320 286 300 195 
;
0.8864 0.0497 -0.0292 -0.4594 55.81 -3.19 -11.19 -0.41 3.46 14.31 -1.0900 0.4700 2.8100 3.6311 1.8833 -0.3911 -2.08 4.19 8.61 180 346 301 334 204 
0.8339 0.2980 -0.0142 -0.4644 57.56 -14.00 -29.94 -0.92 4.48 4.98 1.8100 0.1700 -3.7300 0.1533 0.7200 -0.2100 -2.33 4.78 8.23 177 337 307 332 206 
0.8369 0.2748 -0.0258 -0.4728 59.63 -10.50 -28.75 -1.33 4.56 8.46 -0.2200 -0.4300 0.3400 -0.1922 -1.9789 0.1067 -0.70 4.55 8.65 167 340 307 329 205 
0.8309 0.1898 -0.1233 -0.5082 63.50 4.50 -24.94 3.36 4.69 12.80 2.0000 0.2800 3.9800 -2.4067 -1.7756 0.4989 2.23 2.63 9.17 127 341 277 282 205 
0.8403 -0.0370 -0.1924 -0.5056 60.19 28.50 -2.12 9.21 1.23 8.64 4.1800 1.2200 1.7800 -1.8711 -5.5411 2.2678 7.69 -1.79 5.80 96 358 179 171 174 
0.7604 -0.3815 -0.4252 -0.3090 36.31 63.31 63.19 9.99 -1.36 1.22 0.1900 3.1400 0.0300 1.0522 -4.6100 3.5900 7.58 -6.19 -0.54 108 357 175 167 171 
0.6559 -0.5083 -0.5524 0.0797 333.06 34.13 99.44 4.64 -3.94 -2.01 -0.1600 4.5800 -1.1000 3.3389 -2.8111 2.2722 3.60 -9.10 -0.53 114 347 178 170 170 
0.5807 -0.4172 -0.5526 0.4283 282.81 14.56 83.56 0.43 -5.93 6.29 -3.6700 2.2000 5.5700 1.1689 0.3256 0.5300 1.89 -9.37 2.15 118 347 181 175 168 
0.5892 -0.3846 -0.4997 0.5052 279.44 11.94 78.69 2.24 -9.35 1.98 0.2700 -0.1200 0.3600 -0.4822 -0.2711 -0.1656 2.23 -9.42 1.50 119 332 183 178 170 
0.5895 -0.3625 -0.5187 0.5019 279.50 14.75 71.94 2.26 -7.07 -2.54 -0.9700 1.9200 -4.9600 5.0633 0.6656 0.0278 2.27 -7.26 6.18 119 281 172 178 169 
0.7010 -0.1624 -0.3060 0.6234 276.06 12.06 35.44 0.07 -1.74 19.49 -2.0900 3.2900 9.4600 -2.2533 0.3056 0.0833 1.78 -6.39 7.21 120 285 184 180 169 
0.6871 -0.2470 -0.3438 0.5906 280.44 10.44 54.31 1.18 -5.95 6.68 -0.7200 2.6000 0.8000 -3.7467 -0.8022 -0.1756 2.08 -9.03 3.19 120 290 187 182 170 
0.5927 -0.4009 -0.5120 0.4753 283.62 13.31 86.37 1.11 -6.11 -2.30 0.4700 1.8300 -5.3200 -2.2133 -0.7367 -0.4322 2.52 -9.32 -1.70 117 294 189 186 172 
0.5052 -0.4924 -0.6140 0.3540 292.44 16.37 104.87 3.49 -7.59 -5.23 -0.2600 2.4900 -1.2600 0.3000 5.0811 -1.0678 3.92 -8.88 -1.32 145 306 237 227 186 
0.7013 -0.5340 -0.4553 0.1251 354.19 33.56 80.19 1.23 -4.09 0.48 -6.3000 3.2700 -3.1200 2.1478 8.3767 -3.9044 5.14 -5.99 5.80 164 313 267 260 194 
0.8919 -0.2753 -0.1266 -0.3357 47.81 18.06 15.69 1.98 2.18 11.73 0.0300 2.6400 3.8300 3.6511 3.8511 -2.3056 0.16 0.73 9.77 174 327 274 311 196 
;
0.8479 0.1449 -0.0143 -0.5098 63.25 -8.00 -18.12 -0.24 3.23 14.80 0.6500 -0.0700 6.6100 4.4200 2.0700 -1.1922 -2.26 4.97 8.14 175 338 287 333 203 
0.8038 0.2711 -0.0388 -0.5281 66.19 -13.31 -28.06 -1.94 4.59 4.94 -0.4400 0.6800 -0.9200 0.0067 -0.5056 -0.2911 -2.31 4.46 8.41 171 327 293 324 205 
0.8029 0.2535 -0.0372 -0.5382 67.81 -10.38 -26.75 -2.06 3.57 11.34 -1.6600 -0.3900 3.9800 -0.0067 -3.2222 0.0711 0.07 4.32 8.80 173 328 293 309 205 
0.7787 0.1030 -0.2184 -0.5791 74.06 18.69 -22.81 6.63 4.55 10.40 3.3400 1.5100 1.9300 -1.2356 -4.8422 1.9000 6.09 2.14 7.37 156 325 294 306 205 
0.7523 -0.2123 -0.4013 -0.4774 58.81 60.56 7.94 8.99 0.62 4.39 -0.3000 1.7800 0.9700 -1.0622 -6.1533 4.8500 8.75 -4.36 0.67 115 310 240 208 182 
0.6632 -0.5471 -0.4992 -0.1082 7.19 44.44 102.87 4.46 -3.68 -1.54 -1.7700 2.3200 0.5200 1.2856 -2.5667 2.3233 4.96 -8.18 -2.13 104 339 206 186 169 
0.6041 -0.5737 -0.5200 0.1890 318.69 21.31 100.87 1.72 -4.97 -0.70 -1.1000 3.9600 0.7300 1.4967 -1.3644 0.8978 2.60 -9.40 -0.91 107 353 193 176 166 
0.5917 -0.5078 -0.5106 0.3624 293.69 12.88 90.37 0.66 -8.61 -0.03 -1.3500 0.8800 -0.3700 1.8800 -1.3489 -0.0933 2.22 -9.49 1.00 117 360 176 175 162 
0.6244 -0.3812 -0.4890 0.4751 285.12 14.06 68.44 3.14 -4.91 2.49 0.7100 1.3800 1.9600 5.2167 -0.7189 0.7167 2.12 -6.91 6.62 123 359 184 175 159 
0.7120 -0.1641 -0.2694 0.6273 275.56 9.50 35.75 -1.89 -3.54 15.25 -1.9500 3.9800 5.4100 -3.5022 0.4911 -0.0522 1.47 -7.12 6.57 126 348 186 179 160 
0.6714 -0.3087 -0.3715 0.5621 281.62 9.06 63.63 0.73 -6.63 3.37 -0.8600 1.8800 -1.7600 -3.5700 -1.2633 0.1789 1.72 -9.60 0.97 127 336 187 181 162 
0.5374 -0.4659 -0.5568 0.4291 284.81 12.50 94.69 2.98 -6.32 -5.09 0.4400 2.9900 -3.3700 -1.1711 1.2111 -0.7311 2.93 -9.23 -1.52 130 304 195 197 176 
0.5950 -0.5238 -0.5471 0.2689 320.50 25.12 98.00 2.81 -6.13 -1.47 -1.5800 2.8400 -0.2900 -0.4533 6.1622 -4.0500 6.48 -7.32 0.68 160 294 248 250 189 
0.8156 -0.4167 -0.3646 -0.1682 34.63 44.31 36.13 2.10 1.25 3.72 -2.6500 4.2300 -2.1600 3.2856 8.4622 -4.2422 2.93 -0.55 9.33 176 316 273 302 194 
;
0.8530 0.0719 -0.0536 -0.5141 64.56 -4.37 -16.44 0.21 5.63 17.00 0.1100 1.4500 8.5900 4.9422 1.9567 -0.5333 -2.18 5.11 8.07 179 341 286 346 200 
0.7820 0.2828 -0.0905 -0.5479 69.25 -10.56 -31.62 -0.85 3.78 4.57 0.1200 -0.8700 -3.6700 0.4544 -0.4900 0.2289 -1.61 5.16 8.17 178 331 287 290 202 
0.7878 0.2765 -0.0612 -0.5471 70.31 -10.19 -29.81 -2.07 4.53 11.18 -0.7700 -0.3400 2.9400 -0.2844 -3.5789 0.5789 0.23 4.63 8.63 156 334 284 319 205 
0.7700 0.0816 -0.2670 -0.5737 72.44 29.62 -24.06 8.65 4.03 10.78 0.6300 0.8800 2.6000 -2.7600 -6.5878 3.3600 8.39 0.31 5.06 108 318 198 190 182 
0.6943 -0.3828 -0.4886 -0.3643 46.69 72.75 78.87 9.46 -2.26 -1.74 0.1900 0.7400 -0.0700 0.7711 -3.7878 3.3333 7.90 -5.26 -2.42 117 327 181 171 168 
0.5800 -0.5593 -0.5922 0.0018 348.56 37.75 117.06 4.50 -5.33 -6.83 0.8500 4.0800 -4.6100 3.3456 -4.6522 1.4344 3.69 -8.42 -3.39 123 306 182 171 167 
0.5190 -0.4829 -0.6151 0.3451 288.56 16.12 99.00 1.00 -5.11 3.36 -1.6100 3.6600 4.9200 1.2778 0.4533 0.2811 2.46 -9.48 -0.23 126 316 187 178 167 
0.5585 -0.4366 -0.5592 0.4299 283.50 14.50 89.94 4.52 -8.03 -8.42 1.7600 0.8600 -10.1800 3.9600 -0.0822 -0.6978 2.79 -9.21 1.85 127 275 184 177 167 
0.6493 -0.2693 -0.4598 0.5427 280.81 18.44 50.81 1.01 1.81 17.29 -2.2900 8.6100 14.0000 3.3611 1.3144 -0.8078 2.64 -4.54 8.28 126 282 184 178 168 
0.7466 -0.1082 -0.2648 0.6005 281.62 14.88 35.06 2.24 -4.05 9.65 -0.1400 2.1800 1.9500 -3.5667 -0.1333 0.5522 2.23 -7.67 5.67 126 277 188 182 168 
0.6440 -0.3179 -0.4305 0.5466 278.12 11.50 69.94 0.87 -4.92 2.56 -2.3400 5.3300 -0.4800 -4.4933 -0.0211 0.3544 1.77 -9.64 0.09 123 281 190 186 172 
0.5029 -0.4788 -0.5835 0.4213 281.69 11.00 101.75 3.05 -10.37 -8.92 1.4200 -0.6900 -4.5300 -0.0011 0.9811 -0.3056 2.18 -9.31 -2.16 135 277 213 211 182 
0.5325 -0.5096 -0.5812 0.3449 301.81 18.25 100.31 0.69 -6.74 -1.23 -3.8600 2.7300 -0.9800 0.1056 4.2267 -2.8533 5.26 -8.27 -0.11 154 298 252 250 190 
0.7743 -0.4670 -0.4271 -0.0086 17.25 43.38 56.81 0.70 -1.85 -0.30 -3.1900 3.3700 -4.0400 3.7000 8.9844 -3.8622 3.86 -2.55 8.64 173 317 274 287 195 
0.9045 -0.0243 -0.0432 -0.4235 52.50 -1.37 -5.44 -2.65 2.21 15.15 -0.5700 2.1800 6.7400 4.2011 0.8811 -1.0978 -1.56 3.56 8.99 178 343 288 328 199 
;
0.8399 0.2350 -0.0492 -0.4867 62.94 -7.25 -32.38 0.16 5.94 9.73 0.4300 1.2200 0.7900 -0.3967 0.3956 -0.0878 -1.61 5.01 8.27 174 341 310 341 204 
0.8189 0.2770 -0.0635 -0.4987 63.19 -8.81 -31.56 -0.35 4.95 9.13 1.3400 -0.0500 -0.1200 -0.0600 -0.1333 -0.0689 -1.31 5.00 8.32 172 337 300 341 205 
0.8161 0.2617 -0.0804 -0.5089 64.00 -7.62 -30.87 -0.89 4.92 8.01 0.5000 -0.0700 -0.3400 0.0144 -0.1389 -0.0189 -1.21 5.00 8.34 172 338 297 341 206 
0.8137 0.2548 -0.0902 -0.5146 64.75 -5.56 -30.37 -2.05 5.00 10.06 -0.9600 0.1200 2.0200 -0.7189 -4.2644 0.7656 1.53 4.55 8.54 143 324 270 312 207 
0.7994 0.0349 -0.2933 -0.5232 67.00 35.50 -20.19 8.94 1.21 4.67 2.5300 -0.0700 -1.3900 -0.9311 -5.8944 2.0000 8.59 1.15 4.58 107 335 169 178 176 
0.6799 -0.2954 -0.5496 -0.3852 53.06 84.25 3.50 12.55 -1.00 0.15 2.8600 1.0700 -0.2100 0.8644 -4.9556 3.5500 8.95 -3.13 -2.46 117 345 174 176 174 
0.5553 -0.4828 -0.6764 -0.0334 351.62 44.13 124.56 5.18 -2.98 -3.23 -0.7600 3.7700 0.8300 2.6989 -2.2311 2.3989 4.49 -7.94 -3.59 120 350 180 182 174 
0.5103 -0.4945 -0.6412 0.2897 295.87 19.50 107.19 1.57 -4.14 -0.46 -1.6300 4.1700 2.0800 0.9700 -0.6111 0.3989 2.80 -9.15 -2.10 122 337 181 184 173 
0.5059 -0.4503 -0.6222 0.3927 282.62 16.12 99.31 4.34 -7.46 -11.40 2.6300 2.4400 -10.0900 4.1044 0.2611 -0.1156 2.85 -9.31 1.13 124 255 182 184 173 
0.6111 -0.2628 -0.4929 0.5608 275.69 17.31 55.13 2.37 -0.29 15.92 0.6400 7.3500 11.1500 4.8778 0.3567 -0.1811 2.61 -5.35 7.79 124 254 178 183 171 
0.6857 -0.1424 -0.3068 0.6445 273.25 13.00 42.88 2.30 -4.22 11.10 0.2800 2.7000 3.6300 -4.3289 0.1422 0.2467 1.97 -8.35 4.73 125 264 178 185 171 
0.5934 -0.3367 -0.4772 0.5539 273.00 10.25 78.37 -0.03 -6.10 -2.23 -1.3700 3.8600 -4.5000 -3.2678 -0.1867 -0.0389 1.62 -9.64 -0.64 126 272 184 188 172 
0.4712 -0.4559 -0.6129 0.4409 275.19 10.81 101.19 3.10 -10.18 -5.54 1.5300 -0.8100 -2.7200 0.1856 0.2300 -0.0033 1.93 -9.41 -1.92 123 283 185 190 172 
0.4773 -0.4644 -0.6166 0.4200 280.87 12.25 101.44 0.80 -5.14 -2.52 -2.7500 4.4900 -0.2500 -0.5744 5.6333 -1.5622 3.87 -8.94 -1.05 146 295 223 237 187 
0.7281 -0.5325 -0.4256 0.0723 4.87 36.94 74.25 1.90 -1.98 0.99 -3.6000 4.0500 -2.6300 2.8878 9.6367 -4.6878 4.92 -4.55 7.15 170 307 257 291 196 
0.8947 -0.1746 -0.1025 -0.3981 52.75 11.06 4.00 0.08 1.84 15.45 -1.2800 3.1000 6.7600 2.8100 2.2522 -1.7556 -0.19 2.10 9.57 178 332 304 332 198 
;
0.7373 0.2176 -0.1245 -0.6273 80.69 -4.19 -28.06 -0.63 4.25 7.86 -0.1300 -0.3100 -0.8100 -0.0067 0.1011 -0.0356 -0.70 4.51 8.67 161 324 308 328 207 
0.7421 0.1992 -0.1282 -0.6270 80.06 -2.25 -26.62 0.31 4.40 8.71 0.4300 0.1300 1.0800 -0.6633 -1.7778 0.6500 0.54 3.99 8.93 134 327 303 310 207 
0.7677 0.0873 -0.1635 -0.6134 76.37 11.25 -16.50 1.32 1.51 6.03 1.2600 1.7500 -0.6300 -1.0689 -0.6489 0.6311 3.23 1.77 9.08 102 332 150 175 186 
0.7651 -0.0778 -0.2351 -0.5944 77.94 34.13 -12.88 6.53 2.50 6.32 0.1300 1.0600 -0.5400 0.6022 -6.4478 -0.9578 8.28 2.69 4.50 110 345 166 165 170 
0.5419 -0.2906 -0.5880 -0.5255 87.81 73.50 -101.06 15.15 2.51 -4.44 5.8500 1.3300 -2.4400 2.3911 -5.7444 2.1322 8.43 0.94 -4.91 116 338 168 158 171 
0.3692 -0.4862 -0.7695 -0.1877 66.00 42.50 164.56 7.22 -0.30 -7.75 -1.2500 1.9500 -0.7500 3.5622 -2.4911 2.4856 4.59 -5.24 -6.89 119 331 171 156 171 
0.3933 -0.5284 -0.7299 0.1825 299.75 19.87 125.81 0.53 -1.61 -4.27 -2.1900 5.0200 -1.7100 3.4433 -0.5622 0.5822 2.85 -8.79 -3.26 122 298 171 173 170 
0.5300 -0.4125 -0.6174 0.4095 284.50 19.37 85.62 1.33 -3.18 -0.19 -0.2500 7.5500 -0.1500 6.4011 2.0767 -1.2211 3.49 -7.21 5.64 122 276 167 173 170 
0.7379 -0.1527 -0.3549 0.5535 286.50 20.19 38.81 3.20 1.29 17.93 -0.1600 6.2000 9.2800 -1.8544 0.1456 0.3067 3.14 -6.65 6.47 124 276 171 175 170 
0.7104 -0.2487 -0.4030 0.5208 287.56 18.12 60.44 2.86 -5.71 4.71 -0.2200 2.5900 0.3500 -3.4100 -0.3133 0.2600 2.99 -9.05 2.28 124 287 174 175 170 
0.5959 -0.3916 -0.5432 0.4434 285.31 16.56 88.94 2.12 -8.11 -4.28 -0.4000 1.4200 -3.4100 -1.6811 -0.2333 0.0411 2.70 -9.35 -1.11 123 295 178 178 171 
0.5197 -0.4477 -0.6123 0.3932 287.62 17.37 99.56 3.56 -9.27 -1.73 0.6400 -0.4900 -0.0900 -0.0822 0.1856 -0.3744 3.30 -9.08 -1.68 120 291 180 181 172 
0.5472 -0.4594 -0.6163 0.3314 305.06 23.94 101.62 4.30 -6.27 -2.05 -1.4500 1.8600 -0.3200 -1.0978 6.6767 -2.5467 5.86 -7.85 -0.41 145 291 211 217 187 
0.7573 -0.4793 -0.4417 -0.0410 19.06 47.50 62.31 4.05 -3.07 2.06 -1.5100 3.2800 -1.9900 1.5411 8.1611 -3.9278 5.05 -2.95 7.86 166 300 244 248 194 
0.8825 -0.1498 -0.1083 -0.4324 55.19 13.69 5.12 -0.77 -0.65 11.45 -0.7500 0.6800 2.6300 1.6700 2.0667 -1.8256 0.91 0.81 9.73 169 308 268 282 195 
0.8355 0.1025 -0.0646 -0.5359 67.00 -8.38 -24.31 -4.72 6.61 16.77 -4.8000 0.8900 6.3300 1.2889 -1.0867 0.1078 -2.17 5.93 7.49 181 333 304 340 199 
;
