0.9755 0.1908 -0.0690 -0.0851 10.19 5.75 -22.62 0.88 3.67 9.01 -0.0600 -0.0500 0.0100 -0.0089 -0.0311 -0.1111 0.97 3.76 9.00 289 410 423 424 326 
0.9749 0.1897 -0.0694 -0.0943 11.13 5.69 -22.56 1.11 3.60 9.14 0.0800 -0.1500 0.1800 0.0044 -0.0022 0.0144 0.98 3.74 9.01 296 407 426 423 325 
0.9750 0.1890 -0.0695 -0.0938 10.81 5.62 -22.50 0.94 3.75 9.10 0.0100 0.0000 0.0200 0.0044 0.0322 0.0856 0.96 3.74 9.01 287 410 423 424 326 
0.9754 0.1903 -0.0689 -0.0876 10.00 5.94 -22.94 0.05 3.89 10.48 -1.6000 0.1000 1.9200 0.6644 -1.8544 0.6356 2.00 4.17 8.64 291 414 413 422 328 
0.9505 0.2090 -0.2164 -0.0778 10.19 29.44 -28.19 8.33 5.93 10.48 3.8800 1.4300 2.5100 -0.7900 -7.0933 3.5133 8.47 2.19 4.42 287 411 390 361 315 
0.7873 0.0252 -0.6158 0.0175 350.50 79.81 41.13 9.74 -1.02 -0.31 -0.0800 1.6500 -0.9400 0.3978 -4.8033 5.0700 8.45 -4.66 -1.69 269 358 269 287 293 
0.5064 -0.1529 -0.7844 0.3237 280.19 36.88 110.81 3.00 -3.77 -1.81 -1.6200 4.4300 0.9000 1.6978 -2.5889 2.5300 3.36 -8.89 -2.38 299 386 309 324 332 
0.2843 -0.1535 -0.7621 0.5610 228.75 13.06 98.81 0.46 -5.36 -8.77 -3.6800 5.5300 -5.0300 7.2178 1.8756 -1.2000 2.60 -8.77 3.50 307 338 301 303 325 
0.4023 -0.0337 -0.4335 0.8056 234.81 17.06 42.94 2.32 1.24 20.28 -1.0300 5.5600 10.0300 -2.2989 0.0422 0.3922 2.61 -6.95 6.39 249 294 243 255 266 
0.4070 -0.0925 -0.4809 0.7711 235.12 13.94 63.44 0.75 -7.21 1.78 -1.3600 1.3300 -1.8800 -3.1911 -0.3556 0.2867 2.25 -9.39 1.66 257 323 273 277 276 
0.3906 -0.1990 -0.6544 0.6162 254.62 17.94 88.37 4.46 -9.87 -2.80 0.6700 -1.0000 -3.3200 -0.6989 3.9922 -2.1200 4.41 -8.73 0.52 277 365 353 347 300 
0.6133 -0.2908 -0.6105 0.4081 301.25 32.63 81.62 6.58 -11.23 -1.64 1.9900 -2.7100 -2.4300 2.0200 4.3200 -0.4022 4.83 -7.60 3.86 284 399 389 381 313 
0.8234 -0.2941 -0.3708 0.3130 320.31 26.62 47.69 0.47 -7.03 3.60 -1.1200 1.8900 -3.5800 5.4989 -4.7600 -0.5933 6.66 -3.67 6.18 294 418 406 401 321 
0.8077 0.0634 -0.4254 0.4032 305.25 49.75 18.69 10.14 1.55 5.05 2.3900 3.7700 -0.7800 2.0689 -0.4989 -0.3522 7.95 -0.87 5.66 289 416 405 395 316 
0.7678 0.2022 -0.4086 0.4503 297.75 54.81 3.94 7.24 4.59 8.25 -1.3000 4.8700 2.7200 -0.6011 0.1256 -0.3833 8.04 -0.24 5.59 281 389 386 382 310 
0.7776 0.2029 -0.4276 0.4140 305.81 57.63 6.12 7.36 3.21 4.83 -0.1000 4.0900 -0.0800 -2.8267 -1.3511 -0.0811 8.72 -1.46 4.23 245 356 321 335 285 
0.7761 0.0760 -0.5499 0.2994 319.44 63.56 32.56 8.75 -2.15 1.89 -0.9800 -0.5100 -2.4600 -2.4156 0.1756 0.2356 8.58 -3.50 3.20 286 367 357 366 313 
0.7792 -0.0864 -0.5848 0.2083 331.31 61.31 52.69 8.82 -5.80 0.18 0.6100 -1.7300 -2.6500 0.9578 2.0011 -0.4333 8.37 -3.34 3.85 171 297 279 288 218 
0.8561 -0.0723 -0.4683 0.2065 333.37 45.88 26.62 3.86 -1.86 2.23 -4.4400 0.3000 -5.7500 -0.6633 3.4056 0.0244 5.23 -3.27 7.61 181 294 302 299 224 
0.9484 -0.1168 -0.2446 0.1644 342.06 24.00 16.56 2.05 -1.26 5.63 -0.3200 1.9100 -1.0600 1.7422 2.7767 -1.9278 3.25 -1.05 9.18 276 378 383 388 301 
0.9858 0.0360 -0.1550 0.0530 358.25 14.94 -7.25 4.10 4.34 16.38 2.4700 2.4700 6.1600 1.7244 0.9156 -1.1222 1.58 2.54 9.33 243 361 364 382 273 
;
