0.9402 0.2030 -0.1262 -0.2428 28.94 7.94 -26.56 1.38 4.31 8.70 0.0100 0.0000 0.0000 -0.0011 -0.0056 0.0011 1.35 4.34 8.68 184 325 337 351 217 
0.9402 0.2030 -0.1262 -0.2428 28.94 7.94 -26.56 1.38 4.29 8.69 0.0000 -0.0700 0.0000 0.0067 -0.0089 0.0067 1.35 4.34 8.68 183 328 339 352 217 
0.9401 0.2032 -0.1261 -0.2428 28.87 7.87 -26.62 1.06 4.31 9.45 -0.3100 -0.1900 0.8300 1.0756 -0.6933 0.1822 1.73 4.79 8.37 184 332 318 347 220 
0.9224 0.2098 -0.2277 -0.2311 28.56 29.69 -31.87 8.70 6.71 11.10 5.0000 0.3800 1.0600 0.2678 -11.3378 5.8656 9.63 1.29 1.27 185 282 182 180 191 
0.6403 -0.1049 -0.7596 0.0460 337.06 62.81 122.87 6.15 -2.01 -3.07 -2.3600 1.8700 -0.4400 3.2511 -3.5567 4.7433 5.77 -7.31 -3.03 183 258 159 158 175 
0.4493 -0.2465 -0.7384 0.4384 263.37 22.37 100.37 -0.12 -4.93 0.09 -2.0000 4.3700 0.7100 1.1967 -0.6022 0.8822 2.74 -9.36 -0.96 183 265 156 149 172 
0.3817 -0.2327 -0.6929 0.5658 246.37 14.88 94.12 2.00 -8.15 -1.92 -0.5400 1.2600 -1.5500 0.3078 -0.6978 0.0589 2.35 -9.49 -0.67 180 237 157 156 171 
0.3578 -0.1752 -0.6692 0.6273 243.06 17.62 76.06 1.49 -3.38 4.15 -1.4800 5.2400 1.9400 4.1878 -0.0222 -0.4589 3.37 -7.29 5.61 185 244 155 163 176 
0.5160 -0.0549 -0.4034 0.7537 250.50 18.12 46.88 2.45 -4.24 10.86 0.2800 1.9600 0.8200 -3.1822 -0.1056 0.3267 2.85 -8.20 4.55 185 234 166 172 183 
0.4985 -0.1906 -0.5360 0.6542 257.94 16.31 71.94 2.60 -7.68 0.00 -0.2400 1.5400 -2.4200 -2.0956 2.8400 -1.3733 3.14 -9.09 1.89 183 254 185 193 195 
0.6290 -0.3625 -0.5317 0.4361 303.31 21.87 79.06 5.54 -9.56 -1.11 1.3700 -1.5500 -3.7000 0.6122 8.2867 -1.1144 3.02 -8.43 3.98 185 267 213 211 198 
0.8672 -0.4635 -0.1594 0.0882 350.81 8.69 54.69 -0.43 -8.09 6.86 -1.5800 -0.4500 1.4900 1.0722 0.0100 0.3311 1.06 -7.35 6.39 184 282 230 223 200 
0.9110 -0.3953 -0.0888 0.0767 350.87 4.75 47.94 1.36 -8.24 4.57 0.1200 -0.4900 -2.2500 -1.6111 2.6144 -0.7578 0.05 -7.93 5.76 187 374 179 187 198 
0.9071 -0.4182 0.0291 -0.0380 6.06 -2.00 45.75 0.49 -1.84 3.66 1.1400 4.9000 -3.0800 2.7056 0.9956 0.1667 -0.76 -5.69 7.94 189 379 185 191 197 
0.9730 -0.2183 0.0602 -0.0449 3.81 -6.19 20.31 1.32 -2.49 18.62 2.2300 -0.1200 9.8000 1.4589 -0.6167 1.8500 -0.96 -1.82 9.58 187 382 189 198 196 
0.9908 -0.1083 0.0333 0.0742 348.00 -4.44 14.81 -3.79 -5.18 13.57 -3.2300 -0.9100 3.4300 -2.5978 -0.1356 1.1444 -0.95 -4.13 8.84 185 382 191 201 197 
0.9417 -0.2885 0.0043 0.1730 338.56 -6.50 37.75 -3.92 -4.10 6.65 -2.8900 2.4800 -0.6000 -2.5022 0.7322 -0.6156 -1.14 -7.54 6.15 189 373 190 202 197 
0.8758 -0.4695 -0.0054 0.1120 348.87 -4.56 58.13 -2.30 -3.71 4.25 -1.4500 4.6600 -0.8000 -0.8167 1.1078 -1.5600 -0.20 -8.69 4.53 187 373 190 201 197 
0.8500 -0.5248 0.0161 -0.0418 10.25 2.12 62.81 1.33 -4.50 3.45 1.2900 3.9300 -1.2300 0.8089 1.4767 -1.6500 0.87 -8.38 5.00 187 374 195 203 198 
0.8640 -0.4615 0.0441 -0.1965 26.69 5.94 51.63 5.54 -5.19 5.93 4.1100 1.7200 0.4700 3.0289 -0.6444 0.3700 1.13 -6.19 7.51 184 375 197 203 198 
0.9354 -0.2942 -0.0161 -0.1957 22.00 8.94 30.87 1.95 -8.55 14.48 0.0100 -3.6200 5.8600 -0.7544 -0.0956 1.3300 1.31 -5.26 8.16 186 360 208 212 198 
0.9422 -0.3111 -0.0212 -0.1228 14.13 6.12 36.75 -0.94 -3.04 4.35 -2.4800 2.7200 -4.4200 0.7467 0.9189 -0.3778 0.64 -5.56 8.04 185 284 284 278 205 
0.9534 -0.2476 0.0173 -0.1713 23.12 1.19 22.25 -0.56 1.41 5.43 -1.9000 4.0300 -3.4400 6.6978 2.8844 -1.8167 -1.53 0.66 9.66 188 313 337 348 221 
0.9324 0.1826 0.0403 -0.3093 38.13 -13.50 -25.87 -11.95 9.04 14.95 21.4700 3.2700 20.2100 -1.5289 -1.4944 0.7400 -0.72 5.02 8.39 185 338 345 369 226 
;
