0.9527 0.2831 0.0610 0.0923 348.87 -3.62 -33.44 -0.74 5.41 8.10 -0.1400 0.0000 -0.0600 -0.0067 -0.0178 0.0089 -0.62 5.40 8.16 188 300 325 367 224 
0.9526 0.2831 0.0611 0.0934 348.81 -3.62 -33.44 -0.66 5.35 8.07 -0.0600 -0.0400 -0.0400 0.0000 0.0156 -0.0078 -0.62 5.40 8.16 187 300 327 367 222 
0.9525 0.2830 0.0616 0.0940 348.75 -3.62 -33.44 -0.71 5.34 8.09 -0.0600 -0.0600 -0.0300 -0.0067 -0.0156 0.0067 -0.61 5.40 8.16 187 301 326 365 222 
0.9525 0.2833 0.0594 0.0944 348.69 -3.31 -33.50 -1.08 5.59 9.03 -0.7300 0.1900 1.9400 -0.1711 -1.0256 0.4622 0.11 5.30 8.24 188 300 319 311 224 
0.9598 0.2621 -0.0210 0.0977 348.37 5.75 -26.19 4.80 7.03 14.92 3.6100 1.9200 2.5100 -5.7600 1.4667 1.2922 0.12 -0.11 9.80 188 189 174 185 198 
0.9702 -0.1257 0.0458 0.2019 333.75 -11.69 16.62 0.70 -0.94 1.70 2.6000 2.8500 -7.0900 -0.9444 3.9411 2.8011 -5.35 -2.90 7.68 192 165 161 176 176 
0.8517 -0.2419 0.2998 0.3553 311.81 -46.38 11.94 -8.55 1.91 0.84 -5.1900 2.2900 -3.1600 2.0600 0.2911 1.8367 -7.83 1.05 5.80 194 175 161 181 178 
0.7983 -0.1208 0.4325 0.4012 307.50 -50.31 -14.31 -8.41 2.01 7.78 -0.9800 0.2300 1.3000 0.1889 -0.6022 -0.1989 -7.21 1.52 6.46 194 201 180 194 188 
0.8324 -0.0751 0.3846 0.3918 310.37 -40.06 -14.81 -10.35 2.36 10.29 -5.1000 1.6200 3.2200 0.7167 -5.7889 -0.4822 -2.63 2.46 9.11 193 332 236 219 202 
0.9144 0.1214 0.0480 0.3831 310.94 14.44 -13.63 8.95 2.22 9.23 5.2200 -0.7100 -0.6300 -1.8033 -2.6067 4.7789 5.77 -0.78 7.88 175 232 173 184 191 
0.7531 0.1023 -0.3102 0.5710 281.69 35.00 16.06 3.75 -0.88 5.12 -2.0200 2.0300 -2.2200 0.7867 0.8556 2.0978 4.83 -2.72 8.08 170 213 166 179 189 
0.6566 0.0765 -0.2743 0.6984 265.69 25.94 17.62 1.97 2.69 6.30 -2.1300 5.6400 -1.8200 0.2578 0.9633 -0.5511 3.61 -2.37 8.79 168 207 171 179 193 
0.7061 0.0323 -0.1872 0.6822 274.81 16.44 12.69 4.77 1.68 9.64 2.2000 2.9800 0.1800 -0.9433 1.1967 -1.9233 2.39 -2.32 9.22 166 202 173 184 192 
0.7930 -0.0377 -0.1920 0.5770 289.75 15.94 18.62 2.65 -8.30 6.34 -0.1200 -4.6100 -2.0100 -0.4644 0.1989 -0.5111 2.81 -3.30 8.79 170 202 169 186 194 
0.8146 -0.0648 -0.2179 0.5337 293.37 16.44 20.50 1.66 -1.58 8.62 -1.5500 1.8200 -0.3100 -0.5389 0.5800 -0.2656 2.46 -3.53 8.80 177 243 188 202 201 
0.8307 -0.1264 -0.2112 0.4992 301.69 11.19 27.94 0.07 -3.79 -2.43 0.4500 2.3800 -9.3500 0.4133 2.0444 -2.9300 1.61 -4.40 8.61 185 293 299 304 210 
0.9483 -0.1464 -0.0844 0.2688 335.00 0.75 12.94 -2.86 2.49 10.11 -4.6200 3.3900 1.5800 5.3389 -0.6944 -1.6644 -0.22 1.37 9.70 189 320 331 349 212 
0.9813 0.1703 -0.0006 0.0898 349.87 0.75 -23.12 0.03 6.82 14.28 6.4500 7.6400 8.3400 -2.5344 6.8144 -0.6322 -1.01 3.91 8.93 189 322 331 353 222 
;
