0.9366 0.2710 0.2112 -0.0679 8.19 -24.94 -29.69 -3.76 3.78 9.45 0.9600 0.0400 1.6000 -0.8289 -0.9656 0.1022 -3.53 3.93 8.25 183 273 292 326 214 
0.9605 0.2131 0.1659 -0.0668 7.50 -19.69 -24.19 -3.27 3.83 8.70 0.0000 0.2500 0.5700 -0.0278 -0.1644 0.0144 -3.14 3.78 8.48 182 275 289 305 217 
0.9648 0.2073 0.1497 -0.0624 7.37 -18.06 -23.69 -3.05 4.00 8.97 -0.0100 0.2100 0.3400 0.0067 -0.1378 -0.0622 -2.97 3.76 8.55 183 274 290 306 219 
0.9653 0.2098 0.1417 -0.0639 7.56 -17.19 -24.25 -2.89 3.34 9.88 -0.1600 -0.7300 1.5500 1.1044 -0.4833 0.2067 -2.56 4.44 8.35 183 281 295 314 219 
0.9570 0.2693 0.0804 -0.0718 8.13 -8.94 -29.25 1.91 4.51 12.66 4.2700 -0.1800 3.4500 -3.5644 2.0811 0.4322 -2.13 2.73 9.17 183 204 195 212 211 
0.9864 0.0682 0.1495 -0.0056 357.56 -21.06 -4.06 -0.94 0.43 -1.00 2.5300 0.4200 -11.1300 0.4544 4.2200 2.0344 -6.01 0.99 7.67 188 169 168 193 196 
0.8944 0.0627 0.4211 0.1369 338.44 -50.56 -27.81 -10.96 6.15 6.25 -4.2900 2.9100 3.7100 0.8956 0.9722 1.2911 -7.74 4.17 4.33 189 177 175 202 196 
0.8258 0.1373 0.5005 0.2205 330.06 -48.94 -43.50 -9.23 4.15 4.01 -1.7100 0.5000 -0.2100 0.0633 -0.6678 -0.1733 -7.13 4.45 5.04 188 188 189 210 198 
0.8574 0.1620 0.4473 0.1965 335.06 -41.38 -38.50 -5.93 6.64 4.12 0.3200 1.7100 -4.0100 0.9578 -5.7011 -0.4667 -4.11 4.86 7.45 188 280 293 317 211 
0.9487 0.2718 0.1402 0.0800 354.37 -6.81 -35.94 0.79 6.83 6.60 1.5200 1.4100 0.2100 0.5922 -1.9778 -1.5311 -0.16 6.45 7.37 191 293 307 324 218 
0.9375 0.3430 0.0127 -0.0568 3.12 -7.56 -37.06 -6.51 1.60 13.74 -2.1800 -2.7300 1.6600 -0.7200 -1.3889 -0.8467 -0.89 5.16 8.29 190 284 307 318 219 
0.9588 0.2729 0.0032 -0.0787 9.94 -1.69 -31.56 2.16 5.62 12.49 2.7300 1.5800 6.1700 0.1078 -0.3633 0.3367 0.23 5.23 8.28 188 288 292 305 217 
0.9691 0.2371 -0.0349 -0.0579 4.12 1.19 -22.81 2.75 2.26 7.73 2.8700 -1.2600 -2.9300 -3.1122 4.8744 1.3678 -2.53 1.58 9.33 184 185 187 202 204 
0.9689 0.0363 0.2290 0.0869 346.31 -32.56 -8.25 -3.88 1.85 0.10 1.8100 1.2900 -6.4400 1.0744 3.4378 1.3978 -7.19 2.26 6.26 186 172 177 194 192 
0.8585 0.0643 0.4699 0.1951 332.00 -53.44 -33.44 -12.01 5.65 6.79 -2.1500 2.5300 1.2500 -0.2189 -0.6622 0.4167 -7.73 3.55 4.86 188 167 174 194 188 
0.8334 0.0868 0.4974 0.2247 330.31 -51.56 -36.75 -9.06 4.18 5.26 -1.0100 0.9000 1.0200 0.1122 -0.3411 -0.2633 -7.61 3.58 5.03 187 190 191 208 197 
0.8538 0.0985 0.4675 0.2068 332.81 -46.81 -32.44 -8.49 4.33 2.77 -3.0100 0.2800 -3.9400 2.4222 -8.7000 0.4878 -2.62 4.98 8.02 189 277 285 312 210 
0.9373 0.3325 -0.0843 0.0616 355.87 20.06 -42.13 7.54 7.81 4.50 2.6800 0.5200 -2.3900 -1.8033 1.0911 -1.5778 3.19 6.05 7.01 192 300 315 344 212 
;
