0.6002 0.1486 -0.2536 -0.7438 102.31 4.62 -33.81 1.05 5.54 8.10 0.2500 0.1000 0.0000 -0.0267 0.1333 -0.0544 0.70 5.43 8.13 178 304 303 314 211 
0.5991 0.1549 -0.2473 -0.7456 102.37 3.56 -33.69 0.51 5.41 8.26 -0.0800 0.0000 0.0600 -0.0011 0.0233 -0.0278 0.57 5.42 8.14 178 303 305 316 211 
0.5981 0.1563 -0.2453 -0.7467 102.62 3.50 -33.63 0.25 4.87 8.21 -0.4300 -0.6000 0.1400 -0.1078 -0.4411 0.0567 0.83 5.37 8.15 176 293 301 294 209 
0.5924 0.1294 -0.2540 -0.7535 104.00 5.19 -30.06 2.52 7.13 15.14 1.4700 -0.3600 4.9000 -2.9567 1.2089 0.9978 -0.01 2.68 9.43 178 234 188 189 182 
0.6835 0.0692 0.0050 -0.7267 87.81 -12.69 1.06 0.25 1.36 6.20 3.1000 2.4600 -3.2700 -3.4256 1.9111 3.4356 -3.95 -1.63 8.82 177 184 161 171 171 
0.8287 0.0831 0.2889 -0.4721 55.63 -38.63 4.31 -8.14 2.94 4.82 -2.1900 2.7300 -1.6600 0.8833 0.6011 1.6089 -6.85 1.13 6.91 178 200 175 180 176 
0.8412 0.2365 0.3159 -0.3696 47.38 -44.06 -15.00 -7.81 3.90 6.94 -1.1000 1.6800 0.0400 0.5578 -0.6989 0.0800 -6.35 2.15 7.14 178 208 180 188 178 
0.8445 0.2617 0.2579 -0.3898 50.50 -39.38 -18.94 -7.94 3.18 8.81 -1.9400 0.7200 1.5900 0.4444 -0.7022 -0.3811 -6.03 2.54 7.29 175 229 192 195 185 
0.8322 0.2614 0.2335 -0.4297 54.88 -36.88 -16.87 -9.40 1.84 9.21 -2.7900 -0.3400 2.7400 0.9122 -4.8289 -1.4222 -3.59 2.45 8.78 176 287 248 249 193 
0.8483 0.1423 -0.0201 -0.5096 61.63 -1.37 -11.25 3.83 0.78 12.44 3.3500 -0.9700 0.4800 -4.2256 -0.6533 1.0756 0.45 -1.28 9.71 179 318 288 273 196 
0.8842 -0.1547 0.0200 -0.4404 49.06 6.87 20.87 2.57 -1.94 6.88 1.2500 3.1200 -1.9400 -0.8522 -0.6733 2.1333 1.16 -4.30 8.73 177 331 312 300 198 
0.9220 -0.2405 0.0469 -0.2997 35.19 2.06 28.06 -2.01 2.03 8.80 -2.7300 6.1000 0.4100 0.0178 1.0700 -0.4789 -0.20 -4.56 8.67 179 324 312 292 198 
0.9089 -0.2279 0.0960 -0.3358 43.38 -0.50 30.12 1.43 -2.88 9.15 2.0700 1.6800 0.6800 -2.4322 -0.5911 -1.2833 0.89 -6.38 7.39 171 278 255 246 190 
0.8105 -0.4090 0.1069 -0.4054 54.69 10.19 52.81 3.37 -8.14 1.12 1.1400 -1.3000 -5.2500 -2.6667 -0.0300 -0.9644 2.40 -8.70 3.82 170 266 242 219 180 
0.7020 -0.5610 0.1448 -0.4142 60.38 15.19 70.62 3.92 -10.37 0.02 1.2500 -1.0100 -3.0700 1.6600 0.9489 -0.0711 2.40 -8.57 4.10 174 281 255 235 186 
0.7294 -0.4846 0.1702 -0.4519 63.56 9.94 58.44 3.35 -2.81 2.01 0.8500 5.3300 -3.8000 3.4756 2.1233 -0.1656 0.68 -6.63 7.18 172 292 277 236 193 
0.7995 -0.2012 0.1519 -0.5452 69.44 -3.12 20.94 2.56 3.09 9.49 3.3900 5.7800 -0.1200 6.3744 1.7900 0.5344 -1.66 0.81 9.62 174 299 287 269 196 
;
0.8160 0.1663 -0.0129 -0.5535 68.81 -7.06 -21.06 0.13 8.19 16.82 0.5600 3.7200 7.3500 1.0500 0.8544 -0.8444 -1.23 4.82 8.44 177 294 298 279 201 
0.7519 0.2431 -0.1401 -0.5966 77.87 -5.31 -32.63 -2.00 5.07 10.74 -0.1500 -0.3000 1.4500 -0.4089 -1.1733 -0.4200 -0.56 4.83 8.51 173 289 298 288 201 
0.7310 0.2039 -0.1542 -0.6327 81.81 -1.62 -29.56 -0.22 5.20 9.32 -0.6300 0.2500 1.4500 0.2733 -0.6678 0.1000 0.09 4.98 8.44 173 290 299 283 204 
0.7217 0.1799 -0.2157 -0.6326 82.81 7.87 -33.13 3.33 6.29 15.24 2.0800 0.9200 6.5200 -2.7733 -0.7433 0.1733 2.19 3.93 8.71 177 292 295 263 200 
0.7422 0.0525 -0.1132 -0.6584 82.06 -0.31 -5.12 5.58 2.05 4.67 5.9400 2.6700 -5.5700 -5.0111 5.1389 1.7767 -3.52 -2.52 8.79 178 190 167 174 172 
0.7948 0.0095 0.2911 -0.5324 63.75 -33.19 16.94 -3.26 3.44 1.31 1.2000 6.1600 -4.9600 1.5711 0.6733 3.2078 -6.52 -0.03 7.31 179 194 179 179 171 
0.8383 0.2189 0.2967 -0.4015 50.50 -41.38 -13.44 -9.27 4.01 11.02 -2.8900 1.7600 3.6000 0.3156 -0.5011 -0.1333 -6.06 2.08 7.41 179 198 181 183 171 
0.8374 0.2480 0.2375 -0.4252 55.00 -37.38 -15.06 -8.07 1.80 11.39 -2.1000 0.1100 3.5400 -0.4078 -1.1044 -0.8056 -5.60 1.47 7.90 177 225 199 189 176 
0.8290 0.1780 0.1751 -0.5004 62.94 -20.06 -8.06 -2.37 3.14 10.57 1.4100 1.0000 0.3700 -0.9711 -7.2744 0.5022 2.44 0.89 9.45 169 290 257 237 188 
0.8414 -0.1066 -0.2239 -0.4800 55.13 38.19 1.00 9.98 -3.96 3.28 2.9500 -2.1500 -3.6200 -0.3744 -0.7289 2.9456 6.94 -2.01 6.62 174 313 286 261 193 
0.8796 -0.2679 -0.2631 -0.2921 34.69 32.75 25.25 5.95 -0.04 5.62 -1.5400 3.8100 -2.1000 -0.9289 3.2867 1.4222 2.66 -4.48 8.30 180 332 308 275 196 
0.9282 -0.2617 -0.0215 -0.2637 31.94 7.81 28.50 -0.84 1.33 9.08 -1.6800 5.8100 0.9200 -0.2033 1.5822 -0.8167 0.55 -4.68 8.59 178 327 310 273 196 
0.9070 -0.2365 0.0769 -0.3400 44.69 1.25 29.56 2.45 -3.78 10.03 2.4100 0.9900 1.6900 -0.9778 0.8256 -1.8678 0.48 -5.54 8.07 173 288 266 249 188 
0.8176 -0.3496 0.1224 -0.4409 57.75 9.00 49.00 3.15 -8.50 1.47 1.1000 -0.9800 -4.3900 -2.3078 -0.0889 -0.3489 2.10 -8.36 4.66 172 265 232 219 178 
0.7346 -0.5081 0.1381 -0.4280 60.31 13.38 62.88 3.53 -9.16 2.80 1.1500 -0.2800 -1.4000 0.3967 0.2156 0.2689 2.11 -8.38 4.61 172 276 239 231 184 
0.7521 -0.4811 0.1351 -0.4296 59.63 12.56 57.50 2.35 -4.45 1.36 0.1300 3.9200 -4.3600 1.4267 1.1956 -0.6589 2.20 -7.41 6.03 176 284 247 252 189 
0.7742 -0.3866 0.0710 -0.4962 67.87 16.25 37.50 1.05 -1.37 3.72 -2.1600 3.2500 -3.7000 3.9544 -1.1756 -1.7567 3.47 -2.80 8.73 177 307 302 281 195 
;
