0.9701 0.2250 -0.0833 -0.0371 4.44 8.44 -26.56 1.62 4.17 8.67 0.0700 -0.1700 -0.0800 -0.0100 -0.0322 -0.0111 1.47 4.32 8.67 173 303 305 280 202 
0.9699 0.2235 -0.0878 -0.0402 4.75 9.00 -26.50 1.35 4.37 9.51 -0.3200 0.0700 0.9700 -0.2100 -0.6111 -0.0222 1.84 4.23 8.64 174 299 295 271 201 
0.9698 0.2040 -0.1233 -0.0509 6.00 13.31 -22.69 4.64 2.38 10.47 2.4400 -1.1400 1.4400 -1.3611 0.4544 0.8578 2.23 2.53 9.20 175 245 200 203 186 
0.9918 0.0866 -0.0947 -0.0014 357.19 9.13 -7.06 3.01 -0.56 10.29 1.5800 -1.1200 0.5000 -1.3400 1.4944 2.1833 0.54 0.01 9.79 174 199 172 163 172 
0.9871 -0.0281 0.0247 0.1558 338.00 -9.81 4.44 0.93 1.25 6.28 3.1200 2.3600 -3.8300 -0.9767 3.2878 2.9711 -4.40 -0.77 8.72 171 174 151 165 169 
0.8849 -0.1096 0.2982 0.3407 315.31 -39.75 -3.25 -8.96 1.71 6.56 -0.8600 0.9600 -0.7200 0.0578 0.7733 0.4544 -6.92 1.01 6.86 174 178 159 173 170 
0.8329 -0.1082 0.3855 0.3820 310.37 -46.06 -10.25 -7.45 2.85 5.49 -0.5400 1.3800 -1.1400 0.1200 -0.0133 0.2867 -6.97 1.43 6.74 174 186 152 175 172 
0.8391 -0.0803 0.3851 0.3759 313.50 -43.56 -12.75 -6.26 2.78 6.77 0.1500 1.1700 -0.9400 2.4433 -3.6922 0.4800 -4.97 2.76 7.98 176 257 176 212 187 
0.9215 0.1483 0.1846 0.3078 326.00 -1.50 -24.75 0.36 4.23 3.52 0.3200 -1.5400 -6.1200 -0.4944 -10.5133 0.3889 6.12 3.92 6.57 175 286 255 251 188 
0.8239 0.2845 -0.4680 0.1459 342.75 67.06 -47.31 10.25 0.53 1.06 0.5700 -1.6900 -0.6200 -2.1878 -6.7878 0.7822 9.34 2.02 -2.19 171 270 239 231 168 
0.5281 0.1647 -0.8331 -0.0053 4.06 56.94 -160.62 12.42 -2.02 -4.91 5.1100 -3.7600 0.7100 -0.7022 -2.8989 1.2078 6.53 1.50 -7.15 175 273 249 234 165 
0.3132 0.0627 -0.9463 -0.0502 354.94 31.81 -172.62 6.86 0.29 -7.83 -0.7000 0.1700 0.5100 0.1156 -2.0244 1.5089 3.95 0.51 -8.95 177 274 257 237 167 
0.1759 -0.0450 -0.9828 -0.0318 6.50 18.75 -176.87 1.61 3.62 -8.24 -2.6800 2.6400 0.8900 -0.4178 -0.5278 0.1822 2.92 0.68 -9.33 176 270 257 236 167 
0.1479 -0.0694 -0.9854 -0.0481 7.81 17.62 -175.44 3.43 1.52 -8.78 0.4900 0.8200 0.5800 0.0078 0.5189 -0.2322 3.38 0.75 -9.17 176 265 240 225 172 
0.2186 -0.0443 -0.9734 -0.0507 3.81 33.00 -174.44 5.88 2.70 -8.40 -0.6400 1.7900 -0.9400 0.6467 7.3711 -1.4156 8.71 1.14 -4.35 175 286 235 236 184 
;
