0.7781 0.2308 0.0122 -0.5840 73.81 -16.56 -21.06 -3.34 3.41 8.82 -0.5000 -0.0100 0.0000 0.0289 -0.4822 0.0667 -2.48 3.41 8.85 178 290 308 325 212 
0.7805 0.2119 -0.0166 -0.5880 73.81 -11.44 -20.81 -2.15 3.72 9.58 -0.3300 0.2400 0.3900 -0.2222 -1.6089 0.3422 -0.88 3.33 9.17 177 284 289 297 212 
0.7932 0.1358 -0.0931 -0.5864 72.56 3.31 -17.75 1.36 2.50 11.15 0.7800 -0.2100 2.1900 -0.6556 -1.9200 0.2600 2.26 2.47 9.21 180 273 251 247 209 
0.7994 -0.0008 -0.1578 -0.5796 70.31 14.31 -7.19 7.79 1.90 11.88 5.6100 1.5100 1.8200 -2.9767 1.6433 2.6444 1.51 -1.06 9.62 175 203 187 186 201 
0.8883 -0.0969 0.0760 -0.4424 46.75 -12.19 17.62 -3.30 2.43 3.46 -0.2300 5.5900 -5.0100 -1.9278 4.5133 4.2178 -6.02 -2.84 7.19 173 180 169 182 198 
0.8809 -0.0211 0.4476 -0.1523 14.38 -57.19 9.00 -13.33 1.38 4.87 -6.1600 -0.2600 0.8700 0.1700 1.0178 1.4056 -8.75 0.58 4.38 174 177 164 176 194 
0.8431 0.0651 0.5325 -0.0366 4.94 -65.25 -9.63 -9.35 0.73 2.90 0.1600 0.4100 -0.7500 0.2911 -0.0222 -0.4278 -8.96 0.49 3.94 175 183 172 181 194 
0.8384 0.0623 0.5375 -0.0646 10.06 -64.31 -2.81 -9.69 1.63 2.67 -0.3700 1.5300 -3.0900 1.5567 -3.3700 -1.3956 -7.75 -0.02 5.99 175 230 192 212 201 
0.9317 0.0994 0.2775 -0.2122 27.62 -25.56 -7.44 -1.48 4.40 5.30 0.8900 2.8200 -3.7700 1.7589 -7.8244 -0.9367 1.97 2.86 9.16 178 280 232 273 200 
;
0.8994 0.0712 -0.2632 -0.3417 45.13 31.87 -21.25 8.44 4.36 6.66 2.8700 1.0200 -1.1000 -2.3867 2.6900 -3.0411 3.33 2.60 8.84 180 284 248 289 202 
0.8318 0.0795 -0.1009 -0.5400 69.06 -4.31 -14.19 -0.16 2.89 12.64 4.5500 3.8700 9.8600 -0.8900 2.1678 -0.7122 -2.36 2.08 9.28 178 294 289 313 206 
0.7936 0.1446 0.0313 -0.5901 73.37 -12.44 -11.63 -2.92 2.32 6.92 -1.7900 0.0500 0.6400 -0.1478 0.0300 -0.1233 -2.14 1.88 9.38 178 286 288 314 207 
0.7901 0.1391 0.0179 -0.5967 74.12 -10.50 -11.88 -2.00 2.00 9.73 -0.4100 -0.0700 0.4800 0.2133 -0.6322 0.0433 -1.37 2.10 9.47 177 279 287 308 208 
0.7886 0.1172 -0.0448 -0.6020 74.69 -0.69 -13.69 2.54 2.60 13.98 2.9400 0.3700 4.4900 -2.1011 0.5622 1.2011 0.04 1.01 9.75 176 254 249 252 207 
0.8407 0.0114 0.0518 -0.5389 60.88 -9.63 6.81 0.79 -0.20 10.51 3.0400 1.9700 1.1500 -3.3867 2.3000 3.0011 -3.65 -2.84 8.64 172 180 189 187 197 
0.8923 -0.0837 0.3199 -0.3074 32.25 -37.06 26.00 -3.61 0.55 3.79 2.1500 4.0900 -2.8600 -1.6522 2.3711 2.9156 -7.72 -2.73 5.38 171 158 174 180 192 
0.8563 -0.0713 0.5045 -0.0841 7.94 -61.06 19.56 -10.07 0.59 0.72 -1.8500 1.2700 -3.5600 0.4722 0.2189 0.7378 -8.85 -0.81 4.12 172 159 178 186 192 
0.8417 -0.0279 0.5381 -0.0331 5.81 -64.44 12.19 -8.36 0.62 5.19 0.6800 1.5500 1.0200 0.0900 -0.1578 -0.4167 -8.76 -1.15 4.24 174 176 189 196 195 
0.8508 -0.0311 0.5195 -0.0720 11.31 -59.50 15.88 -11.16 -0.69 2.52 -1.8300 1.5800 -3.5300 2.5000 -5.9811 -1.9544 -5.48 -1.28 8.02 174 256 236 255 199 
0.9558 0.0039 0.1377 -0.2596 33.69 -6.62 1.37 0.84 3.63 4.06 1.1400 3.0100 -4.6900 0.2600 -7.2767 -2.7644 4.25 0.94 8.78 179 287 274 278 201 
0.8544 -0.0576 -0.2477 -0.4532 61.63 26.12 -11.13 8.87 3.60 10.42 2.4500 2.1700 2.0500 -0.2356 4.7156 -2.7600 1.39 2.48 9.38 180 307 299 321 202 
;
0.7852 0.1231 -0.0780 -0.6019 76.31 -4.00 -17.81 0.88 3.34 11.88 1.6000 0.3800 2.1800 0.1722 1.1178 -0.0367 -1.43 3.04 9.21 182 310 297 329 205 
0.7662 0.1686 -0.0270 -0.6195 78.37 -9.06 -16.56 -2.04 2.42 8.63 0.1600 0.0200 -0.8100 -0.0556 -0.2344 -0.0644 -1.30 2.75 9.31 181 308 298 332 208 
0.7619 0.1547 -0.0416 -0.6276 78.81 -7.12 -17.19 -1.95 2.31 12.08 -1.2300 -0.7000 3.5100 0.2944 -1.5100 0.1456 -0.36 3.18 9.26 181 292 273 305 208 
0.7646 0.1130 -0.1022 -0.6263 76.94 0.69 -14.50 5.24 5.17 14.48 5.6600 3.4200 4.4000 -3.5022 2.0600 1.3967 -1.18 0.01 9.73 178 253 236 226 206 
0.8419 -0.0037 0.1783 -0.5093 55.63 -23.06 17.06 -2.11 1.19 3.87 2.1000 4.1000 -4.4800 -3.0244 2.2633 3.9156 -6.15 -3.21 6.92 173 184 173 178 192 
0.8747 -0.0592 0.4377 -0.1995 20.00 -52.19 22.44 -7.43 1.05 2.61 0.3100 2.9400 -2.4900 -0.8356 0.9689 2.1933 -8.52 -1.19 4.70 172 172 164 171 182 
0.8558 -0.0323 0.5154 -0.0305 2.75 -62.19 9.63 -9.98 1.64 2.20 -1.0600 2.2000 -2.3600 0.0889 0.0822 -0.2611 -8.69 -0.84 4.45 172 173 166 174 180 
0.8544 -0.0316 0.5175 -0.0347 5.31 -62.00 10.94 -9.18 0.08 5.31 -0.5600 1.2200 1.1300 0.5111 -0.1578 -0.4833 -8.60 -0.93 4.61 175 192 184 188 187 
0.8543 -0.0255 0.5134 -0.0764 12.50 -59.06 17.25 -11.62 0.00 0.88 -1.9800 3.0200 -5.5000 2.0300 -5.5511 -4.0267 -5.13 -2.58 7.94 177 267 246 252 198 
0.9205 -0.0637 0.1549 -0.3530 47.50 -4.81 10.38 0.60 1.30 3.52 1.8400 2.4400 -5.5700 2.1722 -5.2933 -3.5389 2.58 -0.05 9.46 177 290 253 293 200 
0.8208 -0.0070 -0.0939 -0.5634 73.00 7.62 -10.06 3.81 4.28 11.86 3.3700 1.9000 2.9500 2.0800 3.0344 -2.8778 -0.76 3.32 9.19 181 319 294 331 197 
;
0.7150 0.1963 -0.0768 -0.6666 86.94 -10.63 -22.81 -2.02 4.07 11.17 -0.0200 0.3900 2.1900 0.2100 0.2289 -0.0322 -2.20 3.81 8.75 180 321 298 330 205 
0.7029 0.2128 -0.0574 -0.6763 88.00 -11.06 -22.00 -2.47 2.52 9.04 -0.6200 -0.8100 -0.0700 0.1511 -0.1856 -0.0033 -1.79 3.69 8.90 181 320 302 333 206 
0.7057 0.2119 -0.0673 -0.6727 86.75 -10.38 -24.31 -0.58 5.73 16.87 1.9800 1.7700 8.4900 -1.2733 0.2167 0.5344 -1.53 3.36 9.08 180 305 283 307 207 
0.7610 0.1349 0.0186 -0.6343 77.50 -13.69 -5.75 0.08 3.47 9.48 3.4400 3.1900 -1.1900 -5.8344 2.2133 2.3200 -4.33 -2.74 8.35 174 224 219 207 203 
0.8420 -0.0573 0.3484 -0.4079 46.56 -34.94 29.25 -4.55 0.08 2.99 1.8700 3.4000 -3.6800 -2.3467 1.6356 3.1667 -7.34 -3.61 5.40 170 173 172 172 188 
0.8524 -0.1049 0.4965 -0.1262 11.69 -58.63 29.62 -10.00 0.22 2.08 -2.1200 2.1300 -2.0400 -0.6022 0.1278 1.2756 -8.75 -1.67 4.08 170 166 163 171 183 
0.8393 -0.0876 0.5364 -0.0110 1.56 -64.00 21.94 -8.89 -0.10 2.30 0.2000 1.6900 -1.0600 0.4089 0.0867 -0.3189 -8.78 -1.73 4.00 171 174 175 177 184 
0.8403 -0.0892 0.5336 -0.0345 6.19 -61.00 24.87 -9.42 -0.18 1.21 0.4600 2.4100 -3.7200 1.9400 -3.3633 -2.5356 -6.73 -2.67 6.61 170 252 236 237 197 
0.9262 -0.0642 0.3014 -0.2171 29.44 -27.50 15.81 -4.47 -0.14 6.49 -0.4200 2.1200 -2.8000 1.9344 -4.3922 -2.6433 -0.99 -1.65 9.61 176 283 259 272 199 
0.9056 -0.0631 -0.0327 -0.4180 54.19 11.25 1.56 4.51 2.21 8.13 2.4000 2.2400 0.0200 2.0589 -0.6056 -3.0489 2.54 1.69 9.31 178 302 293 309 200 
0.7968 0.0403 -0.1567 -0.5822 75.62 8.94 -16.94 2.10 4.19 11.25 1.2200 1.2400 2.3500 1.4000 1.5867 -1.8011 -0.03 3.77 9.04 181 318 308 330 200 
;
0.7291 0.1777 -0.1151 -0.6508 83.50 -4.94 -24.19 -0.71 4.20 11.85 0.2500 -0.0500 2.6600 -0.6600 0.0033 -0.1122 -1.00 3.67 9.03 179 317 299 334 206 
0.7298 0.1702 -0.0906 -0.6559 83.94 -5.06 -21.69 -1.83 3.09 10.12 -0.6400 -0.6800 1.4100 0.1311 -0.0967 0.1867 -0.80 3.69 9.04 180 306 308 329 207 
0.7373 0.1680 -0.1098 -0.6451 81.06 -2.75 -22.19 1.84 5.86 16.81 2.1000 2.3200 7.5000 -2.7956 1.2611 1.6944 -0.94 2.07 9.53 179 286 282 290 207 
0.8293 0.0611 0.0645 -0.5516 62.75 -15.94 6.87 0.61 2.03 5.31 2.3500 3.4200 -4.2400 -4.8989 2.1933 2.9011 -4.97 -3.71 7.58 173 189 189 184 196 
0.8679 -0.1191 0.4019 -0.2666 27.19 -45.19 34.88 -5.43 0.21 2.33 1.3200 4.5000 -2.9300 -1.8689 1.6778 3.2589 -8.45 -2.72 4.14 171 169 168 171 185 
0.8242 -0.1074 0.5560 -0.0085 357.25 -68.25 22.37 -10.83 0.66 1.75 -2.1600 1.1900 -2.2800 -0.3878 0.2367 0.6233 -9.28 -0.80 3.04 171 166 166 174 181 
0.8051 -0.0983 0.5812 0.0653 350.87 -71.69 15.69 -9.19 1.08 2.60 0.0000 2.0100 -0.0900 0.2411 -0.2622 -0.3178 -9.25 -0.99 3.07 172 175 175 179 180 
0.8135 -0.0967 0.5725 0.0336 356.94 -68.12 21.56 -12.68 0.78 0.45 -2.5700 2.8500 -5.1700 1.6678 -5.0544 -3.0489 -7.48 -2.58 5.78 174 239 230 224 194 
0.8995 -0.1335 0.3860 -0.1549 27.37 -30.56 26.50 -0.25 2.15 1.02 4.4500 5.9600 -6.0100 3.7422 -4.2567 -4.8556 -0.26 -1.81 9.63 178 309 275 297 199 
0.8727 -0.0228 -0.0448 -0.4857 63.63 7.44 -5.94 4.38 3.41 13.64 3.0300 3.2600 5.2600 1.8211 0.0822 -2.0722 0.44 2.55 9.45 178 326 303 338 199 
0.7883 0.1246 -0.0736 -0.5980 75.50 -3.50 -19.00 -0.59 3.51 13.65 -0.7800 -0.3800 3.6000 0.0944 0.4344 -0.1589 -1.21 3.60 9.03 179 325 289 344 203 
;
0.7685 0.1922 -0.0658 -0.6068 76.44 -7.94 -21.94 -3.02 2.93 8.77 -0.9400 -0.4600 -0.5300 -0.0744 -0.3978 -0.1733 -1.17 3.60 9.04 180 321 298 343 204 
0.7664 0.1837 -0.0668 -0.6119 77.37 -6.94 -21.31 -1.71 2.94 9.24 -0.7200 -0.5600 0.1100 -0.0156 0.0067 -0.0456 -1.25 3.46 9.08 180 320 300 344 206 
0.7664 0.1833 -0.0565 -0.6130 77.25 -8.06 -20.62 -1.91 2.97 9.48 -0.4100 -0.4300 0.4500 0.0778 0.1200 0.0678 -1.47 3.49 9.04 179 312 290 334 208 
0.7759 0.1862 -0.0588 -0.5999 74.31 -6.69 -20.50 2.64 6.21 21.42 3.8800 2.6400 9.1900 -4.8511 0.4244 2.5411 -1.09 0.22 9.74 176 239 238 228 206 
0.8719 -0.0178 0.1260 -0.4728 51.81 -16.25 16.31 -0.94 0.27 4.28 2.5200 3.8000 -4.8700 -4.0100 1.9022 3.4367 -5.17 -4.46 7.03 173 173 179 179 197 
0.8772 -0.1655 0.4134 -0.1796 18.12 -47.13 36.25 -5.87 0.20 2.20 2.0000 4.5300 -2.9000 -0.8344 1.4500 2.5611 -8.36 -2.71 4.33 173 163 172 176 194 
0.8370 -0.1167 0.5346 -0.0078 359.25 -64.56 23.94 -10.06 -0.15 2.11 -0.7200 1.5400 -1.4400 0.2056 -0.0056 0.0011 -8.94 -1.42 3.76 173 164 174 178 193 
0.8342 -0.0932 0.5435 0.0059 359.94 -64.81 20.87 -8.69 -1.34 3.85 -0.3900 -0.5600 0.0500 0.4889 -0.2333 -0.4078 -8.78 -1.66 4.02 172 172 181 182 194 
0.8421 -0.0953 0.5300 -0.0303 4.56 -61.81 27.06 -9.62 -0.73 4.00 -1.2400 1.7700 -0.1800 -0.3989 -1.6533 -1.4611 -7.99 -3.05 4.78 174 232 226 222 200 
0.8882 -0.1577 0.4210 -0.0952 16.00 -38.94 29.56 -4.60 -1.14 2.87 0.9700 2.6700 -4.2700 1.4378 -3.9311 -2.4622 -2.80 -3.75 8.61 175 285 249 254 199 
0.9351 -0.1487 0.1207 -0.2983 40.94 -3.31 17.50 -0.25 -0.71 6.07 -0.1600 1.5300 -3.1600 3.1967 -0.9978 -3.8689 0.77 -0.76 9.74 177 305 285 299 202 
0.8319 0.0294 -0.0424 -0.5525 71.56 0.31 -10.75 1.72 4.38 14.14 2.2200 2.0000 5.2700 2.0867 0.8644 -1.7522 -0.89 3.48 9.12 180 318 300 335 200 
0.7249 0.1895 -0.1173 -0.6519 85.50 -3.94 -27.56 0.30 5.96 12.63 0.2800 1.1500 1.7700 -0.2311 -0.8044 -0.1467 -0.49 4.35 8.77 179 324 304 343 205 
;
0.7119 0.1811 -0.1273 -0.6665 86.31 -3.19 -25.19 -0.47 3.45 9.78 0.7000 -0.4400 0.6700 0.2600 0.3156 0.1467 -0.57 4.29 8.79 180 324 301 338 207 
0.7220 0.1940 -0.1310 -0.6511 83.19 -2.56 -25.69 1.38 6.00 16.20 1.0400 1.1000 5.3900 -2.6767 0.5656 1.4056 -0.38 2.69 9.42 179 297 261 290 207 
0.8005 0.0724 -0.0398 -0.5937 70.56 -1.12 -4.94 3.36 3.09 9.73 3.4400 2.9600 -0.5500 -3.9367 2.4711 2.3100 -1.76 -1.74 9.48 178 255 235 237 206 
0.8693 -0.0786 0.2182 -0.4365 47.88 -23.50 25.75 -2.71 -1.41 3.73 1.9000 3.4300 -3.5600 -3.1278 0.6889 3.5922 -5.66 -4.52 6.59 172 183 176 174 196 
0.8748 -0.1639 0.4284 -0.1558 14.50 -49.50 35.56 -9.23 -0.68 2.24 -0.4800 2.7900 -2.7200 -0.2000 0.6189 2.1178 -8.31 -2.35 4.63 172 177 171 174 194 
0.8554 -0.1130 0.5054 0.0108 358.12 -60.19 20.06 -10.89 -0.46 4.20 -1.5700 1.0600 -0.2700 0.1356 -0.1011 -0.3833 -8.45 -1.74 4.65 173 181 173 177 193 
0.8596 -0.1044 0.4999 -0.0157 2.69 -58.69 22.56 -8.06 -1.42 4.95 -0.0100 0.5000 0.5800 0.1467 0.1322 -0.0733 -8.42 -1.94 4.62 175 186 179 181 194 
0.8570 -0.1014 0.5044 -0.0292 4.56 -58.31 24.56 -10.88 -0.24 2.28 -2.8000 1.9900 -3.8700 0.6100 -3.2889 -2.6578 -6.52 -3.38 6.49 174 273 242 246 200 
0.9327 -0.1518 0.2554 -0.2042 30.37 -14.94 23.44 -2.62 1.30 2.36 -1.1800 4.4300 -6.5600 1.5778 -2.4933 -4.9289 0.66 -3.06 9.29 177 291 227 286 204 
0.8546 -0.0934 -0.0922 -0.5025 66.44 18.37 -7.31 8.91 5.83 14.84 5.1500 2.0500 4.1700 -0.2856 2.0311 -2.2022 2.33 2.47 9.19 178 310 300 333 201 
0.7543 0.0897 -0.1515 -0.6324 81.81 3.75 -19.94 3.78 4.94 11.60 0.7900 0.3800 1.5600 0.1144 2.2078 -0.2289 -0.53 3.57 9.11 179 313 297 341 204 
0.7332 0.1740 -0.1149 -0.6472 83.12 -2.81 -23.62 -0.43 3.22 10.89 -0.1300 -0.6500 0.0500 -0.0800 -0.1222 -0.0544 -0.35 3.80 9.02 179 316 297 346 207 
0.7316 0.1633 -0.1157 -0.6517 83.37 -2.50 -23.00 -0.64 3.61 8.94 -0.4800 -0.3100 -0.0600 -0.0056 0.1167 0.0378 -0.49 3.82 9.01 180 316 301 344 207 
0.7323 0.1648 -0.1129 -0.6510 83.19 -2.87 -22.87 -1.00 3.48 9.57 -0.5200 -0.2700 0.7100 -0.0311 0.0789 0.1467 -0.53 3.80 9.02 180 313 299 345 209 
;
0.7380 0.1660 -0.1168 -0.6435 81.94 -1.94 -23.31 -1.04 3.58 9.73 -0.6000 -0.2200 0.8100 -0.1633 -0.3056 0.2511 -0.16 3.71 9.07 180 311 281 324 208 
0.7592 0.1409 -0.0949 -0.6282 77.62 -1.75 -16.44 2.39 4.91 15.95 2.4200 2.5800 5.9100 -3.1389 0.7733 1.7578 -0.50 0.76 9.76 178 284 271 297 208 
0.8453 -0.0072 0.0916 -0.5262 59.44 -13.31 13.94 0.56 1.16 6.77 2.5600 3.4100 -2.9300 -5.7078 2.3300 2.9011 -4.68 -4.99 7.01 173 204 204 198 201 
0.8666 -0.2229 0.3772 -0.2390 23.87 -37.56 45.19 -6.98 -1.18 0.22 -0.4900 3.5800 -4.4100 -1.0544 0.3522 2.2422 -7.23 -4.80 4.55 171 162 172 176 191 
0.8470 -0.2258 0.4791 -0.0453 3.94 -54.69 41.94 -8.83 -0.70 3.27 -0.5700 1.8700 -0.6700 0.4878 0.3933 0.8889 -8.37 -2.90 4.19 171 166 175 179 189 
0.8462 -0.1543 0.5101 -0.0021 0.31 -60.13 30.25 -9.93 -2.23 5.15 -1.1300 0.4200 1.2900 0.0478 0.0522 -0.0989 -8.51 -2.42 4.21 172 169 178 183 189 
0.8448 -0.1454 0.5146 -0.0154 2.50 -59.31 32.50 -8.48 -0.74 3.06 -0.2900 2.5000 -1.1400 -0.3967 -0.2989 -1.0700 -8.14 -3.36 4.30 171 211 209 207 196 
0.8604 -0.2041 0.4566 -0.0983 20.25 -39.50 39.88 -4.16 0.55 1.13 0.4700 5.5100 -5.6900 2.8911 -3.4656 -4.8611 -1.90 -4.82 8.32 175 283 249 273 199 
0.8697 -0.1552 0.0638 -0.4642 63.13 7.06 9.56 7.16 4.97 12.78 5.3900 4.6600 4.8800 1.8911 1.6233 -2.9344 1.08 0.67 9.72 178 312 288 327 200 
0.7642 0.0671 -0.0820 -0.6362 82.00 0.37 -15.50 1.65 3.78 14.86 0.5100 0.1900 4.2300 0.4956 1.0522 -0.4533 -0.67 3.17 9.25 179 321 314 339 203 
;
