0.9879 0.1234 0.0423 0.0836 350.19 -3.62 -14.63 -0.59 2.57 9.53 -0.2600 -0.1200 0.2200 0.1333 -0.1011 0.0144 -0.53 2.61 9.43 189 293 310 321 228 
0.9857 0.1455 0.0247 0.0816 350.69 -0.50 -17.37 1.61 4.28 14.98 1.5700 1.5000 5.8000 -1.1156 -0.0611 0.2778 0.01 2.32 9.52 190 298 288 291 224 
0.9911 0.0632 0.0356 0.1113 345.44 -6.37 -4.62 -0.45 0.83 10.74 0.6000 0.8100 -0.2000 -3.5456 2.5956 1.5967 -3.59 -1.63 8.97 185 200 209 199 203 
0.9231 -0.1926 0.2125 0.2562 326.00 -33.31 17.87 -3.87 -0.91 1.59 2.8400 1.2600 -5.9800 0.5278 2.2289 1.8922 -7.17 -1.55 6.50 188 187 193 192 187 
0.8206 -0.2120 0.3860 0.3641 309.87 -53.25 1.06 -5.42 2.15 2.90 2.4600 1.9700 -2.5000 1.4578 -0.0378 1.1633 -7.80 1.22 5.81 191 190 197 196 185 
0.8035 -0.0915 0.4315 0.3998 306.62 -48.88 -21.31 -12.41 2.80 8.50 -5.3200 -0.2000 2.9100 0.9800 -0.3144 0.3456 -7.21 3.09 5.87 142 191 202 199 187 
0.7990 -0.0240 0.4472 0.4012 306.81 -47.31 -27.25 -7.56 2.58 6.40 1.0600 0.1900 0.0900 -0.3244 0.1956 -0.4911 -7.35 2.64 5.92 192 195 203 202 189 
0.8118 -0.0497 0.4343 0.3873 309.12 -46.50 -21.75 -7.60 2.91 6.61 -1.0000 0.4100 0.1800 -0.2267 -2.3989 0.3800 -5.73 2.47 7.55 192 264 260 241 210 
0.9050 0.0056 0.1974 0.3767 318.00 -13.88 -6.69 -0.36 4.87 7.49 0.9400 4.2700 -0.7400 -2.6589 -8.2800 -0.6222 3.99 -1.01 8.89 196 297 301 288 214 
0.8990 -0.0892 -0.3503 0.2474 331.75 40.38 35.06 9.31 -6.32 3.23 2.3800 -1.6200 -2.5000 -4.4789 -2.1456 1.7722 6.61 -6.59 2.98 196 307 337 325 217 
0.7460 -0.3785 -0.5088 0.2034 327.19 33.69 79.62 4.90 -8.02 -0.96 0.2700 0.6400 -1.5400 -1.0100 0.4111 1.9167 4.13 -8.86 0.72 194 318 344 339 216 
0.6818 -0.5170 -0.4435 0.2668 314.50 16.25 84.94 2.67 -7.97 -5.30 -1.8900 3.3000 -8.6000 4.7144 1.6222 1.6622 1.37 -8.98 3.67 192 314 341 341 215 
0.8174 -0.3604 -0.2046 0.4000 307.50 0.94 37.50 -1.27 1.85 16.52 -1.3800 4.0700 9.5300 3.0756 -0.0733 -0.0244 0.12 -3.20 9.26 197 323 345 330 217 
0.8895 -0.1460 -0.0856 0.4244 309.94 1.87 22.81 0.17 -2.87 11.88 -0.4600 2.0700 2.0600 -4.4067 -0.5644 -0.6178 0.91 -6.62 7.16 198 319 340 323 218 
0.8159 -0.3870 -0.2509 0.3488 313.69 9.13 59.81 3.19 -8.82 -5.03 1.7000 -0.2800 -9.7100 1.1889 -0.6822 0.4633 1.68 -8.37 4.82 197 301 332 320 218 
0.8143 -0.3322 -0.2565 0.4009 306.56 7.31 40.75 -0.17 -0.44 10.45 -1.5100 4.3700 5.0300 3.8956 0.3400 0.5156 0.72 -3.74 9.03 196 315 326 325 218 
0.8688 -0.1360 -0.1168 0.4614 305.44 4.87 21.94 -0.20 -2.53 15.64 -0.4700 2.3000 4.9900 -3.6222 -0.2644 -0.9044 1.31 -5.62 7.92 198 317 335 317 218 
0.8339 -0.3278 -0.2535 0.3646 314.06 13.25 56.69 1.76 -3.93 -1.91 0.2900 3.9000 -7.3600 -3.6144 -1.6878 -0.5522 3.26 -9.02 1.99 193 281 307 289 216 
;
