0.7099 0.0978 -0.1945 -0.6699 86.69 8.44 -23.75 1.61 3.77 8.88 0.1400 -0.1400 -0.0100 0.0144 -0.0756 -0.0033 1.51 3.91 8.86 178 289 311 292 204 
0.7089 0.0934 -0.1987 -0.6703 86.75 9.00 -23.75 1.64 3.80 8.89 0.0600 -0.0800 0.0300 0.0044 0.0133 0.0044 1.53 3.90 8.86 177 290 309 292 205 
0.7089 0.0926 -0.1988 -0.6704 86.75 9.06 -23.75 1.57 3.79 8.93 0.0800 -0.0700 0.0700 0.0011 -0.0056 0.0000 1.55 3.89 8.86 176 292 308 293 205 
0.7087 0.0910 -0.1993 -0.6706 86.81 9.31 -23.62 1.50 3.85 9.18 -0.1500 -0.1000 0.3700 -0.0333 -0.3644 0.0844 1.79 3.84 8.83 177 293 306 290 203 
0.7090 0.0687 -0.2142 -0.6684 86.62 13.19 -22.69 3.14 3.75 10.42 0.8600 0.0000 1.7800 -0.4456 -0.1244 0.1789 2.42 3.37 8.88 175 294 303 289 201 
0.7201 0.0268 -0.2051 -0.6623 84.00 15.00 -17.19 5.75 0.95 10.36 4.1200 -1.9200 0.4700 -1.2233 2.7300 0.9122 1.21 1.91 9.54 178 280 248 236 191 
0.8010 0.0704 0.0015 -0.5946 68.44 -11.81 -4.44 -0.93 1.82 6.43 1.8400 1.9600 -3.3300 -1.9333 3.3500 2.6700 -4.42 0.04 8.75 175 193 176 177 174 
0.8671 0.1406 0.2707 -0.3938 45.38 -39.31 -5.44 -6.39 3.32 4.99 -0.4900 2.4200 -2.0100 0.6811 0.7256 1.4667 -6.73 1.95 6.85 178 188 159 173 167 
0.8726 0.2391 0.3058 -0.2964 37.06 -41.50 -19.87 -7.56 3.22 6.83 -0.8600 0.5100 0.0600 0.3700 -0.4644 0.0400 -6.15 2.78 7.10 178 195 171 176 166 
0.8754 0.2649 0.2635 -0.3069 39.56 -38.13 -23.12 -7.05 3.70 9.15 -0.0400 0.4700 0.9500 0.0333 -0.7267 -0.0322 -5.67 3.00 7.41 177 244 195 210 183 
0.8762 0.2436 0.2006 -0.3642 48.56 -28.75 -16.31 -5.34 4.42 8.49 -1.0200 2.6100 0.0000 -2.1444 -2.4000 -3.6767 -3.20 -0.02 9.26 179 331 218 215 184 
0.7901 -0.0004 0.1465 -0.5952 79.62 -10.63 15.69 0.70 -3.66 10.03 2.4200 -0.3300 0.7600 -2.9611 -0.2533 -2.2978 -0.86 -4.82 8.49 176 359 196 206 182 
0.6485 -0.1888 0.2541 -0.6923 95.06 -3.37 39.06 1.03 -4.61 4.30 1.7500 2.2000 -3.1900 -0.1467 0.4678 -0.3756 -0.56 -6.35 7.44 179 357 200 212 184 
0.6157 -0.1882 0.2768 -0.7134 98.19 -4.44 37.00 1.32 -2.28 5.83 3.7600 2.7600 -2.3200 1.8322 -0.2578 0.4222 -0.75 -4.84 8.49 177 358 202 219 185 
0.6760 -0.1189 0.1636 -0.7086 90.12 -1.56 19.31 1.89 -5.96 16.02 0.9200 -3.4800 7.1500 -0.2733 -1.4189 1.6111 0.44 -3.01 9.32 178 358 219 227 188 
0.7749 -0.1677 0.0893 -0.6028 73.25 3.75 23.37 -0.29 -5.01 12.18 -1.3100 -0.6200 2.6500 -2.2211 -0.1333 1.5244 0.16 -5.49 8.12 178 356 221 227 188 
0.8047 -0.2896 0.1904 -0.4819 61.94 -2.25 44.13 -2.85 -4.58 7.89 -2.3500 2.7700 1.4300 -1.4433 0.8189 -0.8644 -0.38 -7.65 6.12 178 353 230 229 187 
0.7272 -0.3865 0.2741 -0.4967 72.00 0.19 59.06 -1.09 -3.75 4.35 -0.7800 5.1800 -1.0100 -1.2344 1.1089 -1.6356 0.73 -8.80 4.25 173 343 229 229 188 
0.6111 -0.4299 0.3129 -0.5864 91.50 8.69 62.38 2.46 -3.79 3.22 0.6600 4.4100 -1.3300 1.0878 0.8144 -1.4789 2.12 -7.96 5.30 174 343 231 231 189 
0.5456 -0.3641 0.2458 -0.7137 107.06 15.69 46.88 7.69 -4.99 7.50 4.8000 0.5000 0.6600 1.9133 0.4844 -0.3400 2.71 -5.75 7.46 170 341 232 230 188 
0.5726 -0.2712 0.1288 -0.7628 104.00 15.38 28.56 4.49 -5.54 9.86 0.4400 -2.2000 2.4100 1.5556 -0.0333 1.3378 2.36 -3.68 8.77 162 339 233 234 188 
0.6649 -0.2094 0.0520 -0.7151 92.75 13.19 21.00 1.90 -3.80 9.62 0.1500 0.0200 -0.2600 -0.0411 0.0344 0.5667 2.15 -3.52 8.89 174 334 241 235 190 
;
