0.6631 0.0350 -0.1198 -0.7380 96.12 6.12 -12.94 1.16 2.11 9.46 0.0300 -0.0500 -0.0300 0.0033 -0.0033 -0.0011 1.05 2.18 9.50 197 317 326 356 235 
0.6621 0.0344 -0.1199 -0.7389 96.25 6.19 -12.94 1.18 2.08 9.50 0.1000 -0.0900 0.0200 0.0056 -0.0056 -0.0044 1.06 2.18 9.50 197 318 327 355 236 
0.6619 0.0335 -0.1203 -0.7391 96.37 6.37 -12.88 0.83 2.09 9.24 -0.3100 -0.0700 -0.3300 -0.0456 -0.4278 -0.0956 1.29 2.16 9.47 195 314 325 351 234 
0.6548 0.0195 -0.1356 -0.7433 96.75 8.50 -13.81 1.46 1.92 11.47 0.2700 -0.4600 2.5700 0.6222 -0.0511 0.5900 1.57 2.64 9.31 196 317 316 300 231 
0.6733 -0.0076 -0.1606 -0.7217 93.44 15.75 -10.63 7.19 2.57 11.79 3.0300 -0.0100 1.1900 -2.8544 1.5044 1.4756 2.05 -0.31 9.58 190 228 199 215 208 
0.7444 -0.0871 0.0242 -0.6616 79.06 -1.00 11.81 1.14 -1.22 4.70 2.1900 1.7600 -4.6100 0.0411 2.8111 3.4167 -2.76 -1.90 9.21 189 184 161 189 198 
0.8472 0.0656 0.2217 -0.4783 55.69 -30.62 1.62 -4.50 3.12 5.70 0.5100 2.3400 -2.1600 1.0600 2.4944 2.1589 -6.31 1.68 7.31 188 180 177 189 191 
0.8428 0.2758 0.2877 -0.3619 46.19 -44.94 -23.37 -6.35 4.01 3.63 0.3400 0.7200 -3.0600 0.1100 -0.6078 0.7078 -6.77 3.06 6.39 193 181 176 189 186 
0.8408 0.3138 0.2805 -0.3406 44.56 -42.25 -28.69 -8.33 4.54 8.57 -2.3800 0.2900 1.9400 0.0489 -0.5478 0.1656 -6.33 3.63 6.54 192 187 183 194 187 
0.8510 0.3107 0.2423 -0.3472 44.19 -38.25 -26.44 -7.67 3.69 7.51 -0.1900 0.6800 1.1100 -0.8500 -0.8889 -0.1789 -5.55 3.07 7.47 192 229 209 219 204 
0.8926 0.2463 0.1686 -0.3377 42.94 -21.81 -19.69 -4.38 4.01 9.49 -0.3100 1.7600 -0.2200 -0.3500 -7.4000 0.5011 1.55 2.49 9.35 196 315 253 259 212 
0.8891 -0.0191 -0.2261 -0.3975 48.81 36.38 -2.25 6.76 -0.85 2.81 -0.2600 0.0100 -3.5500 -3.3600 -6.9267 2.5567 8.88 -2.98 2.88 193 351 231 222 199 
0.6824 -0.4905 -0.5063 -0.1932 22.62 55.06 99.69 7.40 -6.61 -3.26 -0.7800 -0.5200 -1.3800 1.3878 -1.4311 2.5700 6.45 -7.24 -1.43 187 379 217 217 196 
0.6748 -0.5480 -0.4905 0.0610 346.00 35.00 91.94 3.74 -6.07 2.91 -0.8200 2.2400 3.7400 2.3078 0.0944 -0.1033 5.67 -7.89 1.27 188 378 230 226 201 
0.7354 -0.4673 -0.4768 0.1161 343.06 36.75 85.75 5.97 -7.23 1.12 1.1200 0.2700 -0.7200 -2.4100 -0.7911 -0.0822 5.93 -7.71 -1.20 189 379 228 227 203 
0.6671 -0.5526 -0.4971 0.0513 350.81 37.19 94.94 6.14 -7.70 -2.52 0.2300 0.2300 -2.2300 2.2189 0.4622 0.0289 5.86 -7.83 0.69 181 360 247 234 203 
0.7481 -0.4534 -0.4709 0.1140 341.31 37.19 80.44 5.69 -6.71 6.18 -0.2500 1.2900 3.9700 -1.0678 1.6900 -0.7200 6.17 -7.52 1.22 191 368 253 239 205 
0.7653 -0.4971 -0.4082 -0.0236 13.81 40.31 71.31 4.95 -4.88 -0.04 -1.4900 1.8200 -3.6800 -0.8756 7.6289 -2.5933 5.49 -6.32 5.10 190 321 247 249 210 
0.8312 -0.3539 -0.0588 -0.4248 59.81 16.25 28.31 -0.56 -0.55 5.11 -3.1600 3.2500 -3.5800 4.0956 2.3467 -1.8322 0.65 -1.14 9.71 194 324 286 297 221 
0.7811 0.0355 -0.0154 -0.6232 78.62 -2.25 -8.69 0.82 3.63 16.07 1.6500 1.2300 8.0800 1.2422 0.7756 -0.8167 -1.09 2.82 9.32 194 334 318 347 229 
;
