0.7239 0.1782 -0.0554 -0.6641 85.06 -9.00 -19.56 -1.60 3.25 9.13 -0.0100 0.0500 0.0000 0.0122 0.0122 -0.0056 -1.54 3.25 9.11 167 312 324 338 204 
0.7241 0.1860 -0.0531 -0.6620 84.12 -10.44 -21.56 -3.02 3.79 15.13 1.1400 2.5100 8.5100 -0.0233 -2.4489 1.3589 -0.19 3.80 9.03 170 310 316 304 204 
0.7791 0.0904 -0.0998 -0.6124 72.75 3.44 -9.75 3.15 4.12 11.34 2.2200 2.6500 0.6300 -2.6889 -1.2211 3.4600 1.34 -0.61 9.69 172 312 310 309 205 
0.9032 -0.1169 -0.0039 -0.4130 43.44 3.44 16.56 0.33 0.00 5.69 -0.1500 2.9600 -3.8400 -1.5344 -0.0133 3.6211 -0.43 -3.96 8.95 174 309 307 300 204 
0.9603 -0.2298 0.0688 -0.1423 10.69 -4.81 29.62 -2.94 -0.49 6.36 -2.4800 4.4400 -1.7100 0.3344 0.1967 1.7789 -1.59 -4.68 8.46 177 314 308 304 204 
0.9680 -0.2260 0.1091 -0.0020 359.75 -12.44 27.56 -5.12 -0.19 9.18 -1.6700 4.8000 1.0000 -0.1033 0.0789 -0.8600 -1.85 -4.76 8.36 180 310 278 281 203 
0.9588 -0.2548 0.1127 -0.0557 8.75 -9.25 32.06 -0.41 -5.82 8.13 1.2200 -1.1800 -0.7500 -2.6544 -1.9044 -1.1789 0.09 -6.72 7.13 173 255 241 222 198 
0.9001 -0.4250 0.0085 -0.0955 12.13 3.87 53.63 1.51 -9.40 1.90 0.4600 -0.8800 -3.3900 -0.7922 0.3078 0.0589 0.51 -8.28 5.22 176 268 234 221 196 
0.8699 -0.4841 0.0266 -0.0909 11.94 2.25 57.63 0.33 -6.90 6.79 0.9700 1.4000 2.1800 -0.5633 2.0867 -0.2789 0.00 -8.40 5.05 176 284 256 247 198 
0.8342 -0.5196 0.1087 -0.1497 22.56 -1.37 68.19 0.07 -10.45 1.85 0.1100 -1.1800 -2.8000 -2.3067 -0.2856 -0.8744 0.42 -9.62 1.81 173 314 283 288 199 
0.7509 -0.6267 0.1094 -0.1773 25.50 2.50 74.94 1.65 -5.88 -3.21 1.1000 3.6800 -6.2400 5.7178 0.5844 1.2644 -0.47 -7.79 5.93 177 316 316 303 200 
0.9326 -0.2979 0.1172 -0.1671 20.00 -9.00 28.94 -5.06 0.64 17.73 -3.1200 4.0800 10.7000 1.9556 0.0867 -0.0367 -1.72 -2.91 9.20 179 319 314 309 200 
0.9620 -0.1606 0.1165 -0.1875 23.37 -7.94 26.00 -1.31 -1.91 11.63 0.0800 3.1500 0.8600 -4.8167 -0.0978 -1.4067 -0.63 -7.03 6.80 178 312 310 300 200 
0.8396 -0.4714 0.1385 -0.2316 31.62 1.31 65.37 2.68 -7.74 -2.58 2.9400 1.1500 -5.9700 -1.6900 -0.8522 -0.3056 0.85 -9.47 2.37 178 291 307 292 200 
0.7629 -0.6064 0.1056 -0.1979 27.37 3.94 74.50 2.74 -7.13 -2.80 1.5100 2.9100 -5.0100 4.6622 0.3267 1.2644 -0.24 -7.94 5.73 177 288 302 294 201 
;
