0.9758 0.1901 -0.0776 -0.0753 8.81 7.25 -22.50 1.38 3.50 9.09 0.0700 -0.2000 0.0900 -0.0433 -0.1200 -0.0889 1.31 3.69 8.98 182 300 320 343 217 
0.9758 0.1849 -0.0849 -0.0798 9.44 7.81 -22.12 1.46 3.48 9.07 0.0900 -0.1500 0.0000 -0.0100 -0.0022 -0.0400 1.33 3.65 9.00 182 299 318 337 219 
0.9761 0.1835 -0.0848 -0.0802 9.38 7.81 -22.00 1.25 3.49 9.13 -0.0600 -0.1200 0.0900 0.0611 -0.0911 0.0133 1.38 3.66 8.98 182 298 320 342 218 
0.9738 0.1924 -0.0905 -0.0813 10.50 9.50 -25.25 3.18 5.31 15.44 2.3000 0.7300 7.4200 0.5544 -4.2478 0.6767 4.09 4.57 7.64 183 313 314 313 220 
0.8992 0.2148 -0.3732 -0.0780 5.00 47.88 -36.38 14.63 7.82 4.08 4.3400 2.9600 -2.1200 1.2789 -0.6844 4.9311 8.62 1.56 4.39 181 314 308 302 220 
0.8094 0.1750 -0.5128 0.2264 323.19 66.00 -3.06 5.02 3.26 1.64 -6.4700 2.5000 -1.9100 2.5833 1.2133 2.2500 8.57 -0.54 4.72 183 323 317 313 220 
0.7484 0.2184 -0.4482 0.4374 297.50 58.38 9.56 3.95 4.24 4.82 -3.9600 5.1900 -0.4800 -0.5589 0.6500 0.1178 8.03 -1.28 5.46 180 316 306 307 217 
0.7642 0.1473 -0.4473 0.4408 302.00 54.31 18.94 8.23 0.09 5.54 -0.1500 1.3900 -0.1100 -3.6222 0.0333 0.2556 7.91 -3.09 4.89 175 263 223 233 211 
0.7751 -0.0093 -0.5337 0.3382 316.06 55.19 44.94 6.83 -8.21 0.44 -0.6800 -3.8700 -3.4500 -0.9111 -0.3233 -0.3367 8.19 -4.18 3.39 175 266 218 232 208 
0.7716 -0.0738 -0.5728 0.2667 321.50 57.69 51.13 8.43 -3.59 2.93 0.0700 0.5000 -0.2100 0.1822 0.0489 0.3567 8.18 -4.21 3.36 176 274 227 236 209 
0.7651 -0.0688 -0.5684 0.2946 317.25 55.38 51.88 7.84 -3.98 3.50 0.0400 0.4400 0.0200 0.0311 0.5078 0.1900 7.77 -4.57 3.84 169 284 233 242 210 
0.8130 -0.1480 -0.4839 0.2878 325.06 34.94 45.13 6.70 -4.24 1.04 1.3800 1.3100 -4.9100 -3.8489 7.8922 2.2544 0.41 -8.06 5.56 161 249 214 247 210 
0.8025 -0.5671 -0.0334 0.1825 332.69 -12.69 75.19 -8.87 -12.50 -1.83 -7.6700 -2.9800 -2.4100 -1.6544 -1.5611 -0.0489 -2.96 -9.34 0.13 145 205 191 218 205 
0.6625 -0.7043 -0.0771 0.2430 317.94 -12.69 90.94 -3.57 -8.35 -3.26 -1.4900 1.3400 -3.6700 -0.5178 -8.4078 -2.2867 -0.63 -9.78 0.00 142 210 190 216 199 
0.5222 -0.4578 -0.5433 0.4717 260.31 15.88 94.50 7.02 -7.29 -10.69 1.3400 1.3000 -8.5500 2.1389 -13.1133 -3.9722 3.58 -8.43 -3.50 143 221 190 207 191 
0.0314 0.2759 -0.8091 0.5180 184.19 20.00 121.12 8.14 -5.65 -5.78 3.8100 1.5700 -0.6500 0.0656 0.1756 -0.2156 3.75 -7.79 -4.62 145 222 192 210 192 
0.0469 0.3069 -0.7958 0.5200 193.31 23.75 119.31 5.91 -4.44 -3.41 2.4200 4.2400 1.2900 -1.3767 4.7322 -0.4278 5.23 -7.39 -3.74 166 251 228 236 199 
0.3648 0.1179 -0.7660 0.5160 272.31 48.75 91.87 7.19 -4.43 -4.84 -1.7600 0.4000 -7.1100 -0.9222 14.1811 -3.8644 4.83 -4.64 7.15 178 282 282 283 210 
0.9693 -0.1512 -0.0917 0.1708 345.81 -1.25 9.38 -4.60 3.07 9.41 -2.9300 3.0800 1.1600 5.0722 0.5156 -2.0211 -0.94 2.44 9.45 187 312 320 322 211 
0.9791 0.1918 0.0652 0.0159 359.87 -6.19 -25.62 3.66 5.19 15.51 3.4200 1.2900 16.9200 -0.7178 -2.8767 0.2633 0.57 4.66 8.60 186 311 326 348 218 
;
0.9700 0.2398 -0.0253 -0.0297 3.69 1.75 -27.81 -0.38 5.01 7.86 -1.2400 0.6700 1.5200 -0.1311 -0.4911 0.0578 0.54 4.54 8.67 186 309 328 343 219 
0.9702 0.2354 -0.0453 -0.0355 4.19 4.25 -27.31 0.41 4.06 9.04 -0.2000 -0.3300 0.4200 -0.0478 -0.1178 -0.0256 0.78 4.47 8.69 185 310 326 344 219 
0.9713 0.2300 -0.0482 -0.0381 4.37 4.19 -26.62 0.83 4.22 9.03 0.1600 -0.1700 0.4500 0.2367 0.3289 -0.0467 0.53 4.48 8.70 186 312 328 347 220 
0.9664 0.2538 -0.0267 -0.0315 3.06 3.94 -30.56 4.71 7.27 18.84 2.8800 1.4800 9.5100 -0.7478 -4.3333 2.2600 3.71 4.31 7.98 183 321 327 320 220 
0.9304 0.1926 -0.3068 0.0562 346.62 44.38 -18.12 7.51 3.50 2.88 0.6900 1.8100 -3.1900 0.3233 -1.2489 3.7200 8.20 -0.12 5.36 187 325 318 316 220 
0.8037 0.1387 -0.4852 0.3152 311.62 59.31 12.63 1.88 -0.62 1.80 -6.6700 0.7900 -3.1000 2.1700 -0.3067 0.8800 8.31 -1.07 5.09 183 327 316 318 220 
0.7509 0.2116 -0.4409 0.4440 298.25 59.31 7.31 5.27 6.69 6.96 -2.9200 7.2300 2.0700 -1.4633 -0.0822 -0.3467 8.56 -0.73 4.71 182 310 274 291 217 
0.7657 0.1857 -0.4742 0.3929 308.37 60.88 13.63 9.13 2.51 4.70 0.6900 4.2100 -0.3900 -3.7544 0.5122 0.2733 8.46 -2.49 4.26 177 266 213 240 205 
0.7968 -0.0431 -0.5435 0.2608 327.06 57.88 47.56 8.25 -7.94 -2.79 -0.8700 -4.0500 -5.0900 -1.5444 -0.0411 -0.0567 8.38 -4.30 2.70 170 263 209 230 196 
0.7698 -0.1435 -0.5942 0.1833 332.75 59.75 60.38 9.28 -3.92 1.77 0.4100 0.7200 -0.7100 0.1722 0.4578 0.8356 8.20 -4.64 2.68 151 275 220 235 204 
0.8094 -0.1982 -0.5108 0.2114 333.56 37.13 49.94 4.15 -3.91 -0.91 0.0100 2.4600 -6.0400 -4.3756 8.8344 2.2667 0.30 -8.64 4.62 175 254 227 256 205 
0.7664 -0.6379 0.0346 0.0674 350.19 -9.88 85.56 -8.00 -14.22 -2.65 -5.7200 -2.8500 -1.4100 -0.7922 -3.1122 -0.8144 -1.33 -9.70 -0.42 155 217 204 233 204 
0.6555 -0.7428 -0.0657 0.1195 335.06 -4.12 98.06 -2.25 -9.41 -5.50 -1.8000 -0.1100 -4.9700 0.6878 -8.7122 -3.4978 0.68 -9.69 -1.27 150 211 191 216 201 
0.5106 -0.4496 -0.6018 0.4183 262.75 19.25 102.69 6.92 -4.31 -13.10 4.7300 6.2500 -8.7200 1.4378 -13.2622 -4.4078 2.73 -8.11 -4.78 151 210 188 207 197 
-0.0168 0.2863 -0.8231 0.4902 179.31 16.44 122.62 6.75 -7.04 -5.62 4.9500 1.8600 0.5700 0.1433 0.5422 -0.3922 3.16 -7.84 -4.96 151 212 189 209 197 
0.0259 0.2885 -0.8192 0.4950 188.19 19.56 123.00 5.23 -5.38 -4.73 1.8800 2.7400 0.4900 -1.0733 3.6644 -0.4278 4.49 -7.31 -4.74 174 234 215 235 201 
0.3032 0.1586 -0.8017 0.4901 267.00 48.75 102.12 6.99 -3.02 -4.87 -3.0700 1.6200 -7.7200 -2.0478 16.0733 -3.0056 4.93 -4.99 6.84 183 278 294 286 211 
0.9623 -0.1265 -0.1403 0.1960 342.75 11.00 5.69 2.66 5.73 12.44 0.8700 4.4200 3.4200 3.9100 3.7200 -3.1822 -0.36 2.86 9.37 190 323 337 356 212 
;
