0.9543 0.2590 0.0094 0.1487 342.44 3.37 -29.81 0.49 4.88 8.45 -0.0500 0.0700 -0.0300 -0.0144 -0.1533 -0.1156 0.63 4.86 8.49 188 318 305 278 201 
0.9563 0.2585 0.0017 0.1368 343.87 3.87 -29.69 0.66 4.89 8.47 0.0100 0.0500 0.0100 -0.0211 -0.1211 -0.1611 0.69 4.83 8.50 186 319 306 277 202 
0.9586 0.2573 -0.0048 0.1220 345.69 4.12 -29.50 0.81 4.76 8.58 0.0600 -0.0600 0.0200 -0.0033 -0.0422 -0.1756 0.68 4.81 8.51 189 316 308 276 203 
0.9605 0.2559 -0.0074 0.1087 347.25 4.00 -29.37 0.64 4.68 8.50 -0.1400 -0.0400 0.2000 0.0311 -0.4333 -0.1378 0.93 4.81 8.49 188 317 307 275 204 
0.9615 0.2560 -0.0538 0.0839 351.87 13.00 -29.19 4.91 6.33 15.41 4.4600 2.7200 8.1200 -0.8456 -5.3022 0.3589 5.76 4.05 6.82 188 323 302 284 207 
0.9074 0.1948 -0.3707 0.0358 352.69 48.00 -22.25 11.44 3.09 5.15 2.6900 0.8200 -1.8200 -0.1911 -0.5122 3.1656 8.03 0.32 5.61 187 332 305 297 210 
0.8467 0.1141 -0.4621 0.2378 324.12 56.88 4.12 3.65 0.55 0.74 -5.3600 1.3200 -3.7900 3.3178 -0.4633 1.4633 8.27 -0.21 5.25 189 340 317 329 212 
0.7648 0.2330 -0.4377 0.4114 302.44 60.00 0.19 4.54 7.26 5.57 -2.6500 8.2600 1.4100 -1.8611 -1.2444 -0.1967 8.86 -0.34 4.18 185 328 307 303 211 
0.7643 0.1962 -0.5000 0.3568 313.31 65.37 12.06 7.43 1.85 4.35 -2.6700 2.1400 0.2600 -4.0367 -0.4722 0.2389 8.93 -2.02 3.49 184 273 247 265 202 
0.7792 -0.0226 -0.5889 0.2133 332.69 64.69 49.94 5.44 -7.15 -4.04 -3.0900 -3.3800 -5.9900 -0.9778 -0.9922 0.4433 8.85 -3.88 1.62 184 278 263 267 203 
0.7416 -0.1479 -0.6332 0.1647 335.75 61.56 68.19 2.57 -2.38 0.89 -5.5000 2.6600 -1.1000 -0.2056 2.4278 -1.3278 8.57 -3.72 2.94 184 313 295 285 207 
0.8452 -0.1450 -0.5135 0.0308 1.56 59.94 21.87 8.60 1.97 5.26 -0.5800 3.2400 1.7900 -0.7944 -4.8578 -2.3100 9.52 0.28 2.31 184 272 255 244 202 
0.6639 -0.0062 -0.7255 -0.1810 39.00 67.00 -119.81 18.24 3.58 -6.08 1.2300 0.1200 -2.9800 1.4411 -4.3122 -1.4589 8.14 4.21 -3.48 189 290 267 260 200 
0.4843 0.0502 -0.8470 -0.2134 45.13 50.50 -144.87 15.17 1.78 -10.31 4.9300 -1.9000 -6.2100 2.9344 -2.3722 1.9967 7.01 1.24 -6.73 191 292 275 259 201 
0.3721 -0.0278 -0.9274 0.0278 5.25 40.75 164.75 9.65 1.05 -12.01 2.5000 4.2300 -5.0600 6.6411 2.5011 1.9322 6.21 -5.84 -4.83 192 367 332 359 212 
0.4341 -0.0616 -0.7694 0.4645 262.25 34.38 97.00 0.07 -2.76 -0.29 -3.0200 6.2200 0.5200 1.3144 0.2689 0.8156 4.83 -8.52 0.12 196 380 342 384 214 
0.4474 -0.1155 -0.6802 0.5689 256.44 28.06 86.12 2.64 -3.68 0.67 -1.9700 4.1000 0.0500 -0.1878 0.1889 0.0956 4.56 -8.65 0.61 196 373 345 378 214 
0.4612 -0.1329 -0.6731 0.5626 259.94 28.62 86.25 4.08 -7.00 0.77 -0.8100 2.1500 0.2900 -0.4178 0.2900 -0.6978 5.09 -8.36 0.42 192 324 308 292 210 
;
