0.9485 0.1567 -0.1246 -0.2455 29.00 9.13 -21.25 1.58 3.53 9.00 0.0100 0.0200 0.0000 0.0000 0.0200 0.0056 1.55 3.51 9.02 183 329 344 358 220 
0.9485 0.1567 -0.1246 -0.2455 29.00 9.13 -21.25 1.51 3.53 9.00 -0.0400 0.0000 0.0000 0.0033 -0.0356 0.0011 1.58 3.51 9.01 183 331 341 360 218 
0.9484 0.1565 -0.1255 -0.2457 29.00 9.19 -21.25 1.65 3.55 9.14 0.2400 0.0400 0.2900 0.2200 0.2022 -0.2078 1.42 3.65 8.98 181 332 339 361 219 
0.9411 0.1938 -0.1279 -0.2458 28.75 11.06 -27.44 8.12 5.90 17.22 6.7600 1.7700 9.7700 0.9889 -4.2733 1.9933 4.86 4.49 7.23 183 333 330 305 220 
0.9139 0.1304 -0.3660 -0.1174 7.12 44.25 -17.87 8.30 3.18 3.08 1.5900 2.2600 -3.5000 1.5267 -1.8322 5.3456 7.99 -0.29 5.67 181 330 317 300 219 
0.8500 0.0450 -0.4672 0.2390 323.69 54.19 17.31 2.59 1.31 2.62 -5.2300 3.5300 -2.7000 2.5522 0.0278 1.7011 7.72 -1.86 5.74 164 337 318 299 219 
0.7789 0.1266 -0.4465 0.4218 301.62 53.50 16.69 4.62 5.55 6.45 -2.4300 7.1100 1.5200 -0.7844 0.9478 -0.7589 7.64 -1.54 5.94 177 338 314 302 220 
0.8092 0.1024 -0.4286 0.3885 311.12 50.75 17.50 8.36 2.93 5.36 0.0400 2.5500 -0.7100 -4.0678 -0.0622 -0.2144 7.62 -3.42 5.13 170 286 214 232 208 
0.8194 -0.1060 -0.5095 0.2405 330.94 52.44 46.06 8.46 -8.84 -0.98 -0.5100 -4.1000 -4.2400 -0.3589 -0.6500 -0.0644 7.91 -4.54 3.58 172 305 216 207 202 
0.8057 -0.1451 -0.5424 0.1887 332.19 55.94 49.00 8.69 -5.06 2.77 1.0100 -1.7500 -1.5900 2.0733 -1.2567 0.5078 8.30 -3.89 3.46 178 336 176 184 199 
0.7654 0.0043 -0.5533 0.3286 308.31 58.00 38.00 9.51 -3.44 2.31 0.1200 0.0700 -1.7600 3.1256 -1.2789 1.2389 8.25 -2.92 4.41 181 369 177 182 197 
0.6880 0.1691 -0.4796 0.5178 281.81 55.63 27.00 9.42 2.54 5.35 0.5500 5.1900 0.2400 1.1211 0.6600 1.0267 7.68 -2.57 5.52 190 381 176 182 197 
0.6608 0.1478 -0.4180 0.6057 276.00 44.38 28.56 7.00 -1.58 5.02 0.3800 1.6100 -1.9100 -1.5411 1.5244 -0.3811 6.28 -3.89 6.44 189 391 186 188 199 
0.7162 0.0300 -0.4037 0.5685 284.44 36.56 31.94 4.53 -5.96 6.92 -1.5200 -1.9400 0.3500 -0.4044 0.4333 -0.1944 5.57 -4.33 6.80 188 406 189 191 200 
0.7471 -0.0203 -0.3889 0.5387 289.06 33.88 33.00 5.46 -3.89 7.64 0.1000 0.7100 0.6900 -0.5200 0.0878 -0.1667 5.56 -4.51 6.69 191 382 194 191 203 
0.7565 -0.0438 -0.3990 0.5164 292.75 32.38 36.31 0.79 -2.34 4.76 -5.1100 2.6400 -2.8400 -3.2756 4.0944 -1.4222 3.85 -6.01 6.71 185 299 223 213 206 
0.8680 -0.2920 -0.2646 0.3022 332.31 12.69 43.38 1.69 -2.85 1.47 0.0700 3.6900 -5.8200 3.9544 8.7489 -3.8478 -1.34 -4.29 8.71 185 303 288 275 213 
;
0.9836 -0.0935 0.1066 -0.1110 17.00 -7.12 0.56 0.52 6.97 13.76 6.2800 7.0700 8.5500 6.5589 1.9600 -2.1700 -1.77 3.92 8.80 191 366 349 386 215 
0.9128 0.3319 -0.0023 -0.2380 30.56 -3.06 -30.00 -0.01 1.12 12.63 1.9100 -1.1000 3.0900 0.5489 0.0278 -0.2144 -0.47 4.63 8.63 187 351 353 380 216 
0.9360 0.2379 -0.0419 -0.2562 30.69 -2.00 -27.37 0.21 5.05 9.83 0.3900 0.5700 0.6000 -0.3122 -0.4122 -0.0078 -0.06 4.21 8.85 187 343 352 371 218 
0.9406 0.2073 -0.0594 -0.2623 31.19 0.31 -24.69 0.09 4.04 9.04 -0.1200 -0.0100 -0.0200 -0.0944 -0.1256 -0.0600 0.14 4.01 8.94 186 343 353 369 217 
0.9406 0.1988 -0.0657 -0.2672 31.75 0.94 -24.12 0.12 4.06 8.82 0.0500 0.0300 -0.0500 -0.0111 -0.0489 -0.0256 0.17 4.01 8.94 187 344 352 368 217 
0.9401 0.1987 -0.0658 -0.2689 31.94 0.94 -24.12 0.38 4.02 9.03 0.1900 0.0100 0.0600 0.0278 0.0833 0.0033 0.12 4.02 8.94 187 343 353 371 218 
0.9379 0.2106 -0.0631 -0.2682 31.81 1.12 -27.56 1.29 6.27 18.66 1.4300 2.4100 10.7000 0.3711 -5.4767 1.1522 3.04 4.79 7.99 183 335 333 324 220 
0.8977 0.1501 -0.3575 -0.2092 18.31 42.81 -24.75 6.65 4.56 4.45 -1.3800 0.5300 -3.2000 0.4111 -1.6778 4.9789 7.93 0.06 5.76 183 329 317 326 221 
0.8865 -0.0059 -0.4439 0.1308 335.44 49.44 15.25 3.35 1.03 0.63 -5.2100 3.1800 -5.6600 3.0311 -1.1022 2.6878 7.31 -1.86 6.25 186 331 322 329 221 
0.8221 0.0960 -0.4094 0.3837 307.25 47.81 12.75 2.59 4.93 7.55 -3.4200 6.5500 1.1800 -0.5222 -0.1411 -0.0644 7.37 -1.66 6.24 181 299 262 286 217 
0.8136 0.0732 -0.4290 0.3856 310.37 50.69 22.75 10.27 2.89 5.69 2.7000 4.0400 0.5900 -3.6156 0.0211 0.7122 7.63 -3.81 4.82 175 265 225 255 206 
0.7877 -0.1077 -0.5234 0.3065 320.06 48.38 53.63 4.09 -9.96 -0.82 -2.3600 -4.8200 -4.5600 -1.3433 0.0022 -0.3844 7.38 -5.59 3.20 169 277 225 259 202 
0.7787 -0.1927 -0.5522 0.2269 327.44 51.38 59.06 7.57 -6.31 2.21 -1.1600 -1.4000 -1.0500 1.1756 -0.3022 -0.3356 7.87 -4.77 3.38 176 305 197 207 199 
0.7931 -0.0724 -0.5417 0.2689 319.19 57.25 42.81 11.10 -4.12 2.04 2.2800 -0.9000 -1.7300 3.0500 -1.7022 0.5500 8.69 -3.09 3.31 185 357 173 186 191 
0.7079 0.1263 -0.5507 0.4238 292.25 62.06 37.94 10.31 0.69 2.17 2.1200 3.9100 -1.3200 2.0978 -0.1922 1.0489 8.55 -3.05 3.69 193 369 169 177 186 
0.6277 0.2007 -0.4963 0.5652 274.81 57.06 34.75 8.80 1.66 5.31 -0.1800 4.1000 1.4400 -1.3011 1.7289 -0.1567 7.79 -3.37 4.89 193 383 173 181 189 
0.6745 0.1193 -0.4783 0.5496 284.31 49.44 35.56 6.62 -5.72 1.83 -1.3400 -2.2800 -3.0900 -0.4244 0.2589 -0.3756 7.25 -3.85 5.35 194 399 180 190 191 
0.7349 0.0413 -0.4642 0.4928 293.25 46.31 34.75 7.86 -3.99 8.78 -0.2200 -0.1100 2.7800 -0.5811 0.2989 -0.0344 7.01 -4.01 5.55 194 404 184 193 194 
0.7489 0.0184 -0.4690 0.4679 296.75 45.69 35.81 7.22 -1.37 5.26 -0.0400 2.9700 -0.7300 -1.4100 2.8011 -0.1411 5.89 -4.49 6.42 190 368 208 205 201 
0.8318 -0.1584 -0.3721 0.3801 318.87 26.31 42.25 -0.81 -0.46 -0.97 -2.4600 5.0700 -9.0700 -1.2456 7.0033 -4.5511 2.81 -5.92 7.28 185 296 271 260 207 
0.9805 -0.1909 -0.0102 -0.0443 11.63 -8.06 11.56 -7.62 3.13 17.27 -1.6000 4.6000 8.3600 6.5556 -3.3700 -2.1522 -0.67 2.87 9.35 189 337 335 366 215 
;
