0.9459 0.2739 -0.0627 -0.1620 19.44 1.69 -32.56 0.25 5.31 8.23 -0.0400 0.0100 -0.0400 0.0078 -0.0322 0.0100 0.31 5.28 8.25 186 313 326 350 224 
0.9459 0.2738 -0.0638 -0.1620 19.44 1.75 -32.56 0.20 5.33 8.14 -0.0500 0.0700 -0.0900 -0.0167 -0.0156 -0.0300 0.30 5.27 8.26 184 312 324 350 223 
0.9456 0.2734 -0.0642 -0.1643 19.75 1.87 -32.75 -0.29 5.20 8.97 -0.9200 0.2200 1.9700 0.8333 -0.9100 0.0778 0.76 5.68 7.95 187 323 322 325 225 
0.9210 0.2905 -0.1920 -0.1746 20.69 21.94 -37.81 13.23 8.46 11.88 8.2900 3.0600 4.3500 -0.7689 -3.3656 4.1744 6.78 3.57 6.11 189 314 306 294 222 
0.8961 0.1199 -0.4269 0.0175 351.50 51.13 -9.69 5.35 1.49 0.67 -2.4700 1.1800 -5.6500 2.0044 -1.3767 3.6356 7.98 -0.46 5.67 189 313 292 294 222 
0.8451 0.1075 -0.4414 0.2818 319.00 53.44 6.12 1.45 3.09 2.68 -6.1000 3.7500 -2.5800 1.0833 0.6633 0.3544 7.64 -0.37 6.12 187 329 309 303 222 
0.8323 0.1547 -0.4033 0.3474 315.25 50.88 1.19 5.53 5.57 7.65 -0.9600 5.2100 1.6200 -0.9789 0.2256 -0.5356 7.48 -0.11 6.33 182 321 300 300 220 
0.8578 0.1098 -0.4078 0.2929 324.12 49.69 8.25 6.49 -0.30 5.38 -0.4200 0.6600 -1.5900 -2.9700 -0.5156 0.3456 7.59 -2.44 5.70 179 275 231 243 212 
0.8487 -0.0932 -0.4742 0.2147 332.50 49.81 39.69 6.40 -7.40 1.47 0.0000 -3.6400 -3.0000 -1.1489 0.2244 0.4078 7.35 -4.69 4.47 180 274 216 235 209 
0.8308 -0.1645 -0.4918 0.2021 332.25 48.56 44.81 8.59 -5.63 4.17 0.7900 -1.6000 -1.0900 0.9456 0.7200 1.1278 6.79 -4.60 5.36 181 320 184 199 198 
0.8649 -0.0934 -0.4038 0.2832 320.75 37.75 24.44 6.68 -3.55 7.48 0.4500 -1.5800 0.2100 2.4811 1.4467 1.1400 5.09 -2.00 8.13 179 242 161 180 180 
0.8657 0.0541 -0.2685 0.4191 307.12 29.62 6.69 3.39 1.18 8.48 -0.1200 2.7100 -0.0300 1.3578 0.3833 -0.1311 4.46 0.03 8.73 179 257 170 183 184 
0.8602 0.1173 -0.1937 0.4569 303.87 25.06 -1.87 4.43 4.41 9.52 0.2800 4.0100 0.2800 -0.8278 0.2967 -0.2556 3.76 -0.08 9.05 177 241 171 186 184 
0.8818 0.0504 -0.1660 0.4386 308.94 18.31 6.25 3.66 0.16 7.27 1.1700 1.3800 -2.2100 -1.8967 0.9689 -1.3611 2.70 -2.10 9.18 176 228 169 189 186 
0.9214 -0.0917 -0.1761 0.3340 322.87 15.25 19.31 1.61 -7.55 7.58 -0.9800 -4.7200 -1.4300 -0.5233 -0.2711 -0.7122 2.89 -3.45 8.70 175 236 170 189 188 
0.9368 -0.1237 -0.1946 0.2634 328.87 17.19 20.00 3.31 -3.08 9.67 0.3600 0.5300 0.7900 0.1722 -0.1478 0.3433 2.85 -3.11 8.85 181 247 175 194 191 
;
