0.9636 0.1599 -0.0053 -0.2144 25.00 -3.56 -17.81 -0.78 2.96 9.31 -0.3400 -0.2700 0.0500 -0.0100 -0.1389 0.0156 -0.62 2.97 9.32 182 328 360 379 226 
0.9608 0.1741 -0.0149 -0.2156 24.62 -1.25 -22.31 -0.05 5.58 13.48 0.0500 0.9700 4.0800 0.2089 -3.7889 1.7622 2.46 3.79 8.69 186 336 335 305 226 
0.9327 0.1596 -0.3028 -0.1132 8.44 46.75 -27.50 13.41 2.52 6.36 4.6700 0.0900 1.8000 0.4656 -2.0267 3.2644 9.01 1.07 3.69 183 323 326 293 225 
0.8236 0.0692 -0.5519 0.1109 339.50 67.12 9.94 8.66 -0.44 1.38 -1.0300 0.5100 -2.5500 1.2678 0.2356 2.2089 8.74 -1.86 4.03 184 323 331 300 226 
0.7847 0.0734 -0.5407 0.2942 315.44 62.63 24.56 4.21 3.94 3.59 -5.1300 5.9200 -0.2700 0.1567 -0.6656 -0.0867 8.80 -1.76 3.94 183 301 315 287 222 
0.7695 0.1058 -0.5469 0.3122 318.19 65.44 26.06 8.16 3.27 5.00 -0.9500 4.7600 1.4200 -2.6056 0.0911 -0.1700 8.86 -2.25 3.52 178 279 281 278 218 
0.7881 -0.0151 -0.5803 0.2048 334.19 64.94 43.38 7.43 -4.46 0.98 -1.9100 -1.6300 -2.2300 -2.2744 -0.4511 0.3411 8.84 -3.60 2.21 156 268 242 261 209 
0.7636 -0.1848 -0.6116 0.0931 346.87 64.44 69.50 7.98 -5.72 -1.21 -1.0500 -0.8600 -2.2100 -0.2100 -0.0744 0.4389 8.73 -4.28 1.21 180 283 226 235 212 
0.7468 -0.2457 -0.6105 0.0956 344.06 58.00 74.81 6.18 -6.53 -0.86 -2.3100 -1.3900 -2.0600 1.5889 -2.1044 0.7111 8.21 -5.29 0.85 180 352 182 206 200 
0.6804 -0.2156 -0.6675 0.2119 318.56 53.13 93.25 15.91 -5.27 -3.08 6.7400 0.9800 -1.6100 2.0389 -1.7567 1.7222 7.08 -6.71 -0.97 183 381 189 208 190 
0.5404 -0.1358 -0.7174 0.4181 281.75 40.19 92.06 6.18 -5.99 2.23 0.6600 1.1300 1.7100 1.7956 -0.8511 0.8000 5.80 -7.87 0.70 185 391 196 215 190 
0.5388 -0.1040 -0.6646 0.5071 275.12 38.06 83.81 3.54 -6.05 4.23 -0.4100 0.9700 0.7800 -3.0578 -2.0200 -0.5956 6.32 -7.39 -1.25 183 390 195 214 192 
0.5384 -0.1530 -0.7287 0.3946 287.94 42.38 96.87 9.11 -6.81 -4.52 2.0000 0.3900 -3.2100 2.6856 0.1644 0.3444 6.44 -7.38 0.35 185 385 214 229 196 
0.5562 -0.0692 -0.6708 0.4858 279.12 43.19 84.06 5.10 -3.38 3.50 -1.3800 3.9400 1.5800 -1.9444 2.9389 -2.0844 7.37 -6.35 1.21 183 348 219 239 201 
0.7417 -0.1387 -0.5798 0.3074 324.75 50.44 49.81 7.76 -0.99 3.06 1.7400 2.4700 -3.1800 0.8222 10.5244 -4.1778 4.31 -2.48 8.44 185 316 278 290 211 
;
