0.7655 0.2872 0.0036 -0.5757 73.87 -19.62 -27.50 -3.28 4.20 8.19 -0.0100 -0.0400 -0.0100 0.0044 0.0011 -0.0178 -3.29 4.26 8.19 173 305 310 310 205 
0.7654 0.2870 0.0037 -0.5760 73.87 -19.62 -27.50 -3.29 4.17 8.21 0.0000 -0.0400 0.0200 -0.0111 0.0056 -0.0033 -3.29 4.26 8.19 174 305 309 309 205 
0.7655 0.2868 0.0042 -0.5759 73.87 -19.62 -27.50 -3.54 4.13 8.09 -0.2600 -0.0900 0.1000 0.1978 -0.0933 0.1256 -3.22 4.37 8.16 173 307 308 310 205 
0.7723 0.2806 -0.0212 -0.5696 72.12 -13.94 -28.00 0.07 7.08 16.51 3.0600 2.4500 8.3800 -2.3222 -0.9822 1.4678 -1.13 3.36 9.14 177 311 306 301 204 
0.8538 0.1055 -0.0251 -0.5093 57.44 -2.25 -6.44 2.13 3.09 11.24 2.1000 2.9100 0.3800 -3.6922 0.4122 3.0222 -0.64 -1.49 9.67 177 314 304 304 204 
0.9395 -0.1213 0.1039 -0.3032 30.75 -8.88 20.50 -2.00 -0.48 4.99 -0.4400 3.3700 -3.8800 -1.3467 -0.1944 2.5456 -2.17 -4.10 8.63 149 316 306 307 204 
0.9613 -0.2052 0.1530 -0.1021 9.13 -15.44 25.81 -4.95 2.22 6.61 -2.7700 6.6600 -0.6400 -0.7489 -0.2011 0.9200 -2.87 -4.26 8.35 176 316 306 306 204 
0.9601 -0.2311 0.1552 -0.0275 3.25 -15.38 30.50 -4.43 -2.33 8.90 -1.7700 1.9400 0.4800 -1.6244 -1.6211 -1.3700 -1.39 -6.01 7.61 175 265 236 231 195 
0.9169 -0.3899 0.0566 -0.0645 9.44 0.00 51.19 1.81 -8.42 1.75 1.5700 -0.6400 -4.1500 -2.3111 0.1533 -0.9933 0.81 -8.62 4.59 174 265 224 215 188 
0.8309 -0.5442 0.0043 -0.1155 15.63 8.25 66.56 1.13 -9.63 2.14 -0.6500 -0.5800 -1.3100 -0.0056 -1.2244 -0.3811 2.05 -8.82 3.74 173 293 220 212 189 
0.8188 -0.5570 -0.1180 -0.0728 6.94 18.19 70.62 5.30 -9.33 1.94 2.6800 -0.3500 -1.0600 -0.1111 -3.4011 0.2333 3.67 -8.87 1.98 173 267 192 198 186 
0.7603 -0.5565 -0.3175 0.1071 338.75 20.75 78.81 6.28 -6.99 -3.63 3.6500 2.3000 -6.3400 3.9033 -1.0956 1.8422 2.48 -8.69 3.79 171 222 178 185 182 
0.8265 -0.3566 -0.2581 0.3507 312.12 8.25 41.25 -1.44 -0.65 14.17 -5.1400 5.4600 9.3800 2.6422 1.4889 -0.5411 0.60 -4.20 8.83 177 248 190 195 186 
;
0.8926 -0.2097 -0.1328 0.3764 314.56 5.25 33.19 0.61 -4.95 9.90 -0.4700 0.6500 1.4400 -3.5056 -0.4567 -0.1900 1.23 -7.24 6.49 176 246 197 204 188 
0.8108 -0.4171 -0.2576 0.3199 318.37 10.06 63.94 1.19 -6.18 1.49 0.0100 2.8100 -1.9200 -2.8011 1.1989 -1.5289 2.49 -9.17 2.38 173 265 209 214 188 
0.7679 -0.5720 -0.2710 0.0989 358.25 18.87 76.25 0.77 -5.08 -3.14 -2.6100 3.9000 -6.2100 1.4256 7.3889 -2.9789 3.22 -8.06 4.55 174 276 234 255 196 
0.8488 -0.3775 0.0447 -0.3676 53.94 5.12 32.88 -2.23 1.94 5.07 -3.1500 6.9100 -1.6800 6.6033 3.8122 -0.1889 -2.41 -0.14 9.50 176 301 304 320 198 
0.8311 0.1862 0.0612 -0.5204 64.50 -18.19 -20.69 -6.77 7.00 15.79 -2.3900 2.2400 6.8100 1.9478 -1.0511 0.1800 -3.00 5.21 7.74 180 315 317 333 207 
0.7973 0.2945 -0.0246 -0.5262 66.56 -14.63 -29.81 -2.29 6.50 14.42 1.0700 3.3200 7.6100 -2.3111 -0.2678 0.2756 -2.06 3.58 8.88 180 319 309 314 206 
0.8513 0.1265 0.0169 -0.5089 58.38 -6.81 -4.50 1.77 3.06 9.84 2.7000 3.1400 -0.2800 -4.1811 -1.6867 2.8311 -0.26 -2.32 9.52 179 321 304 314 206 
0.9323 -0.1738 0.0786 -0.3072 31.56 -4.19 26.00 -0.63 -2.33 4.77 0.2900 2.6200 -3.9100 -1.1433 0.1067 2.5111 -1.70 -5.07 8.21 177 327 302 315 206 
0.9495 -0.2515 0.1469 -0.1163 11.19 -13.81 30.94 -4.81 1.55 6.79 -2.3800 6.3800 -1.1900 0.2578 0.0867 0.8033 -2.67 -4.57 8.25 178 328 313 317 205 
0.9568 -0.2311 0.1645 -0.0638 7.87 -16.06 30.31 -4.57 -0.41 10.88 -1.6000 3.2200 2.1400 -2.0644 -1.9667 -1.0200 -1.20 -6.22 7.48 176 275 192 233 195 
0.9105 -0.4056 0.0327 -0.0736 8.94 3.62 53.50 1.81 -9.02 1.25 0.7400 -1.6200 -4.9400 -2.7489 -0.7267 -0.5867 1.47 -8.83 3.98 174 259 212 202 183 
0.8203 -0.5644 -0.0544 -0.0748 10.06 10.38 69.00 2.87 -10.12 2.67 0.9500 -0.4500 0.0000 -0.1211 -0.9133 0.4322 1.81 -9.03 3.35 175 286 218 211 186 
0.8146 -0.5698 -0.1078 -0.0140 359.37 11.75 70.94 2.43 -8.84 3.13 0.0000 0.4600 -0.2400 0.2378 -1.9456 0.2944 2.32 -9.05 2.95 173 285 177 214 187 
0.7934 -0.5530 -0.2345 0.0989 340.75 15.56 74.62 5.55 -7.86 -1.49 3.5700 1.7500 -4.8600 1.3822 -3.3211 1.3067 2.35 -9.12 2.71 173 224 173 183 183 
0.7856 -0.4395 -0.2881 0.3265 312.56 7.56 57.06 -0.55 -2.78 3.94 -0.7400 5.1900 0.2100 4.9011 0.1222 0.7789 0.69 -5.49 8.09 178 247 183 191 185 
0.8770 -0.2006 -0.1149 0.4213 308.75 1.56 27.00 -0.91 -2.25 15.85 -0.7600 1.3700 4.5100 -3.0867 -0.1822 0.1122 0.37 -6.41 7.40 178 250 188 194 186 
;
