0.9233 0.3569 0.0366 0.1371 343.06 1.69 -41.94 0.37 6.51 7.29 0.0600 -0.0200 0.0000 0.0111 0.0333 -0.0011 0.27 6.54 7.29 190 328 316 319 217 
0.9235 0.3558 0.0387 0.1379 343.00 1.50 -41.88 0.30 6.61 7.28 0.0400 0.0500 -0.0500 -0.0367 0.0022 -0.0111 0.25 6.53 7.30 190 332 318 319 217 
0.9240 0.3545 0.0383 0.1379 343.00 1.50 -41.69 0.36 6.52 7.32 0.0500 0.0100 0.0000 -0.0144 0.0111 -0.0022 0.25 6.52 7.31 191 331 319 318 218 
0.9243 0.3538 0.0384 0.1382 342.94 1.56 -41.63 -0.18 7.02 7.89 -1.5800 0.8300 1.4300 0.0400 -1.3556 0.6400 1.28 6.46 7.26 191 332 317 315 218 
0.9173 0.3641 -0.1013 0.1254 345.12 19.87 -42.00 9.91 9.01 12.36 5.4200 3.0700 5.0000 -1.1778 -3.8833 3.3978 6.60 4.35 5.78 189 332 316 297 217 
0.8563 0.2759 -0.3798 0.2153 325.81 51.56 -19.19 8.25 3.00 2.78 -1.5400 0.6400 -4.3400 -0.0489 1.0856 3.8144 7.24 -0.52 6.58 188 341 312 304 216 
0.7648 0.1682 -0.3925 0.4824 290.44 51.75 12.25 4.15 2.31 2.70 -3.6600 4.8400 -2.5800 1.8356 -1.4167 1.1944 8.33 -1.34 4.99 187 344 323 310 216 
0.6542 0.2598 -0.4223 0.5712 278.62 58.38 15.63 5.51 4.65 5.68 -1.8500 5.7800 0.5900 -1.6678 0.1311 -1.0078 8.48 -1.33 4.73 184 315 311 297 211 
0.7127 0.2076 -0.4800 0.4675 297.56 62.44 22.00 9.48 0.78 3.45 -0.2200 1.8900 -0.2800 -4.0600 0.3889 0.0378 8.64 -2.77 3.69 180 261 232 247 199 
0.7394 0.0100 -0.5967 0.3115 318.19 62.81 54.75 7.16 -5.88 -2.12 -1.2500 -1.4000 -4.3100 -1.3122 -0.7956 -0.0233 8.83 -3.89 1.72 182 267 241 252 201 
0.7344 -0.0725 -0.6380 0.2201 328.69 65.12 61.88 4.86 -3.71 -0.50 -1.8400 0.2700 -1.3100 0.7267 2.0278 -1.5411 8.84 -2.67 3.29 184 302 273 270 206 
0.8207 -0.0552 -0.5532 0.1318 343.50 63.25 30.12 14.93 -2.25 9.31 6.5100 0.5100 5.2400 -0.6167 0.1278 0.6222 8.58 -2.53 4.00 186 324 314 295 208 
0.8481 -0.1413 -0.4948 0.1262 341.87 48.94 43.44 8.09 -4.14 4.53 0.6100 1.3600 -1.6400 -3.8867 0.7989 3.2711 5.78 -7.16 3.37 189 328 330 322 210 
0.7667 -0.4627 -0.4052 0.1841 331.12 21.81 75.25 0.96 -11.17 -7.92 -2.3000 -1.1600 -10.0700 3.3100 -0.1300 1.6711 2.11 -8.66 4.08 188 330 314 332 211 
0.8501 -0.3530 -0.2304 0.3157 318.12 7.00 37.88 -2.30 6.38 -1.05 -4.3200 11.8400 -9.8700 7.5778 0.0522 0.6944 0.47 -0.96 9.74 189 339 336 330 213 
0.9161 0.1201 0.0567 0.3782 315.19 -0.81 -25.19 2.35 13.40 14.35 4.1200 8.9100 11.1500 2.7644 0.6344 -0.9722 0.02 6.47 7.36 189 346 341 329 214 
0.8860 0.3317 0.0994 0.3084 324.56 3.31 -38.69 0.73 7.68 11.64 -0.2000 1.5200 3.3700 -1.8622 -0.8589 -1.0456 0.58 5.12 8.33 191 339 336 316 213 
0.9490 0.2401 -0.0117 0.2040 338.69 9.19 -24.56 0.51 3.44 3.92 -1.3700 -0.1000 -5.3300 -1.2922 -1.0911 -2.0878 1.98 3.35 8.99 189 309 323 309 214 
0.9786 0.1978 -0.0422 0.0387 359.06 0.56 -25.81 -0.45 11.42 15.74 0.1000 2.4700 8.8600 0.0922 -4.2678 0.7233 0.47 4.17 8.85 187 294 323 327 214 
;
