0.6967 0.2150 0.1095 -0.6755 88.19 -26.25 -9.69 -4.43 1.45 8.68 -0.0700 -0.0200 0.0000 -0.0033 -0.0178 0.0022 -4.34 1.48 8.66 169 316 330 370 211 
0.6968 0.2148 0.1093 -0.6756 88.19 -26.25 -9.69 -4.40 1.49 8.70 -0.2500 0.0500 0.1400 0.0233 -0.0144 0.0611 -4.30 1.51 8.67 172 316 329 371 212 
0.7010 0.2103 0.0957 -0.6747 87.62 -23.94 -11.06 -4.27 3.53 14.73 -0.1700 1.7100 6.5000 -0.8522 -1.8778 0.9167 -2.82 1.75 9.22 173 318 321 352 209 
0.7595 0.1077 0.0480 -0.6398 76.62 -8.69 -2.31 0.34 2.00 13.09 1.4700 2.2700 2.8200 -3.6144 -1.4344 2.7011 -0.55 -1.94 9.59 172 319 315 334 211 
0.8793 -0.1401 0.1038 -0.4432 47.63 -4.75 24.12 -1.23 -1.32 5.04 -0.7900 2.8400 -3.8700 -1.3211 -0.5811 3.1444 -1.66 -4.82 8.37 174 323 308 327 209 
0.9383 -0.2305 0.1568 -0.2047 20.12 -12.38 30.19 -3.24 -0.94 6.35 -1.3000 3.7200 -1.7800 -0.2389 -1.4667 2.0744 -1.95 -4.71 8.37 170 322 286 289 207 
0.9607 -0.2629 0.0862 -0.0217 0.25 -6.75 32.31 -3.17 -1.42 9.52 -1.3200 3.5500 2.1500 -1.3311 -1.3444 0.0911 -0.40 -6.01 7.73 174 268 234 209 200 
0.9350 -0.3542 0.0124 0.0112 359.87 -1.31 43.81 0.02 -6.55 6.23 0.2300 0.3300 -0.7800 -1.3067 0.3300 -0.8578 0.04 -7.48 6.33 173 257 198 202 195 
0.8947 -0.4431 0.0137 -0.0547 8.44 1.69 53.50 1.22 -9.92 2.40 0.7300 -1.7900 -3.3000 -0.0500 0.8967 -0.1100 0.04 -7.92 5.78 174 260 208 205 196 
0.8912 -0.4381 0.0625 -0.0998 14.06 -4.62 52.31 -1.50 -7.64 2.68 -0.4600 -0.1600 -3.6000 0.1533 2.8889 0.8544 -2.63 -7.59 5.61 167 214 188 183 193 
0.8705 -0.3559 0.3033 -0.1537 21.06 -30.81 49.81 -4.29 -4.03 2.16 1.9800 3.1600 -2.7900 2.6022 3.0544 2.2056 -7.13 -4.45 5.03 169 200 174 173 193 
0.8469 -0.1041 0.5057 -0.1277 14.63 -59.25 23.50 -8.13 2.75 4.59 -3.5800 3.6900 2.7100 3.0567 0.1244 2.1111 -8.67 0.52 4.53 172 186 169 171 193 
0.8549 0.1343 0.4901 -0.1053 14.38 -59.75 -16.31 -11.73 2.95 6.88 -2.7000 1.1200 1.6700 0.2744 -0.6711 -0.0167 -8.29 1.50 5.01 171 190 175 174 193 
0.8617 0.1588 0.4650 -0.1268 17.12 -56.94 -16.56 -8.48 1.57 5.92 -0.3500 0.0100 0.5600 -0.0244 -0.0778 -0.1744 -8.19 1.42 5.19 172 193 175 178 193 
;
