0.7119 0.2407 -0.1031 -0.6516 84.87 -9.63 -28.94 -1.62 4.63 8.51 0.0400 0.0000 0.0300 -0.0089 0.0322 -0.0111 -1.65 4.67 8.45 170 317 335 352 212 
0.7122 0.2425 -0.1004 -0.6511 84.81 -10.00 -28.87 -2.12 5.28 9.58 0.4800 1.7000 2.8400 -1.0422 -1.0133 0.3989 -1.21 4.24 8.75 171 303 321 315 212 
0.7500 0.1513 -0.0845 -0.6384 78.06 -0.06 -14.50 2.34 1.93 15.06 1.3700 -0.2200 3.8600 -2.8889 -1.6356 2.5167 1.50 0.10 9.68 172 307 312 277 211 
0.8480 -0.1181 -0.0474 -0.5145 58.56 12.75 14.13 2.12 -1.56 6.81 -0.2200 1.4400 -2.9200 -1.9922 -1.1900 2.9178 2.17 -4.39 8.49 172 310 311 280 208 
0.9069 -0.2826 -0.0178 -0.3120 32.94 9.44 32.31 1.32 -3.42 6.56 -0.4700 1.5900 -1.9300 -0.2889 0.5700 2.1911 0.42 -5.48 8.12 175 311 314 284 209 
0.9437 -0.2862 0.0422 -0.1607 17.87 -0.06 33.31 0.32 -3.91 7.44 -0.1700 1.2800 -0.9300 -0.3856 0.3989 1.1000 -0.79 -5.54 8.05 175 314 316 289 210 
0.9493 -0.2906 0.0846 -0.0853 9.00 -7.25 35.13 -2.11 -4.21 7.35 -0.9300 1.6600 -0.5100 0.0189 -0.0378 0.5300 -1.50 -5.60 7.90 176 315 317 290 210 
0.9490 -0.2945 0.1022 -0.0480 5.50 -9.31 34.75 -2.41 -4.44 8.50 -0.6800 1.0800 0.6400 -0.1978 -0.2289 -0.1989 -1.38 -5.60 7.92 177 296 276 279 209 
0.9470 -0.3094 0.0763 -0.0408 5.31 -6.44 36.88 -1.18 -4.32 9.12 -0.1200 1.2900 1.0700 -0.5967 -0.0200 -0.3656 -0.94 -6.18 7.54 177 293 276 261 207 
0.9345 -0.3426 0.0678 -0.0686 9.13 -4.25 42.44 -0.66 -6.48 7.02 0.2100 0.4500 0.2000 -1.1700 0.1333 -0.4122 -0.66 -7.22 6.59 176 273 252 230 204 
0.8932 -0.4321 0.0746 -0.0997 13.50 -2.12 53.19 0.50 -7.16 4.99 0.4400 -0.3200 -1.2800 -1.4767 0.6756 -0.6244 -0.12 -8.48 4.91 175 262 212 203 201 
0.8391 -0.5154 0.0914 -0.1479 21.19 0.69 64.87 -0.87 -10.16 0.29 0.1100 -0.8100 -3.6100 -0.0622 -0.5756 -0.4900 0.74 -8.94 3.95 175 237 223 212 201 
0.8242 -0.5323 0.0726 -0.1793 26.37 4.19 62.94 0.14 -6.49 2.68 -3.4300 2.8700 -3.4800 1.8867 2.1778 -1.8044 0.77 -7.90 5.75 175 262 252 240 204 
0.8569 -0.3691 0.0968 -0.3464 48.31 5.31 38.00 2.35 -1.97 6.17 0.1600 3.0300 -1.8400 4.1789 3.5144 -2.0633 0.03 -3.15 9.28 175 300 288 286 206 
0.8442 -0.0541 0.0351 -0.5320 67.25 -1.12 -0.06 -1.37 2.66 16.06 -1.6300 1.8300 6.1100 2.2044 0.6600 -1.3700 -0.89 2.28 9.49 176 314 287 321 205 
;
0.7770 0.1764 -0.0455 -0.6026 76.56 -11.50 -22.56 -2.58 5.49 10.99 0.6800 1.8900 1.6300 1.3878 -0.1500 -0.3889 -2.28 4.47 8.42 177 323 306 332 207 
0.7386 0.2750 -0.0519 -0.6133 79.56 -13.69 -28.50 -1.33 4.03 6.01 1.8400 -0.1400 -2.4500 0.0600 0.2133 -0.0733 -2.19 4.58 8.38 175 319 312 331 209 
0.7404 0.2603 -0.0644 -0.6163 79.31 -12.19 -28.19 -2.29 5.70 14.34 0.6100 1.6200 7.5600 -1.5767 -0.8033 0.4244 -1.38 3.83 8.92 176 309 294 312 209 
0.7868 0.1397 -0.0441 -0.5996 72.25 -3.62 -10.19 1.30 2.71 11.61 1.1300 0.7200 0.5900 -3.6567 -0.7422 2.2433 -0.04 -0.95 9.75 176 306 300 298 209 
0.8704 -0.1159 0.0671 -0.4738 52.81 -1.19 20.56 0.76 -2.76 7.26 1.5600 1.2400 -1.8900 -2.1811 0.2267 2.1556 -0.92 -5.01 8.37 178 314 307 308 209 
0.9050 -0.2725 0.1641 -0.2827 29.94 -8.94 39.06 -1.07 -3.81 4.02 0.2700 2.6300 -3.2400 -0.6167 -0.7022 1.9344 -2.04 -6.38 7.15 178 316 306 305 208 
0.9238 -0.3251 0.1658 -0.1153 11.44 -13.81 40.63 -4.22 -3.21 6.15 -1.7100 2.9300 -0.2200 -0.3078 -0.9578 0.6044 -2.21 -6.06 7.37 178 310 292 283 208 
0.9349 -0.3267 0.1310 -0.0453 5.69 -11.13 40.31 -3.10 -4.78 8.87 -0.7900 1.8800 1.3700 -0.4244 -0.6833 -0.6900 -1.11 -6.66 7.10 175 288 257 240 205 
0.9153 -0.3876 0.0821 -0.0721 10.06 -4.37 48.38 -0.05 -6.98 6.62 0.7200 -0.0400 0.0800 -1.6978 -0.1656 -0.2522 -0.43 -8.11 5.48 174 261 219 200 200 
0.8600 -0.4912 0.0821 -0.1108 15.50 -1.81 61.63 0.56 -9.21 1.87 0.5700 -0.6400 -2.5300 -0.3733 0.5889 -0.4167 -0.30 -8.83 4.25 175 268 218 205 199 
0.8300 -0.5311 0.1019 -0.1368 19.25 -0.81 65.37 0.04 -7.86 2.78 0.0900 1.1600 -1.1800 0.3011 0.8811 -0.1133 -0.22 -8.80 4.30 174 283 238 226 201 
0.8378 -0.4978 0.1168 -0.1917 30.37 0.06 58.31 -1.01 -5.34 0.65 1.9800 2.6100 -3.8300 3.7922 2.5833 -1.6778 0.10 -6.82 7.04 176 305 264 272 205 
0.8632 -0.2517 0.1411 -0.4144 54.31 -0.25 25.94 1.43 0.27 6.32 1.3200 3.6800 -3.2600 5.6111 1.1422 -1.6289 -0.59 -0.36 9.78 177 321 298 321 205 
0.8284 0.1064 -0.0015 -0.5499 69.44 -4.94 -15.44 2.22 7.23 17.57 2.0700 3.8700 5.7200 2.0000 2.9678 -1.0311 -1.79 4.33 8.61 177 323 316 334 208 
;
0.7680 0.2842 -0.0681 -0.5699 72.94 -14.56 -31.62 -5.99 3.67 12.47 -0.2100 -0.4600 0.6100 -0.1011 -0.2111 -0.1933 -2.37 4.66 8.29 177 314 289 321 209 
0.7688 0.2736 -0.0494 -0.5759 73.44 -14.00 -29.37 -2.86 3.89 8.86 -0.5400 -0.5900 0.6100 0.1267 -0.4622 0.1089 -2.17 4.77 8.28 177 315 306 324 210 
0.7719 0.2545 -0.0787 -0.5773 73.94 -6.69 -28.44 0.77 5.84 15.73 1.5400 1.2100 6.8800 -2.2300 -1.2922 0.8233 0.08 3.38 9.20 177 312 301 311 209 
0.8198 0.0668 -0.0744 -0.5639 66.62 4.44 -5.25 3.34 2.82 10.51 1.0000 1.7300 -0.4000 -2.9233 -1.4522 2.4311 1.86 -1.52 9.50 177 308 290 293 209 
0.8899 -0.1863 -0.0751 -0.4095 44.38 17.81 19.94 3.31 -2.06 6.45 -0.2200 1.3000 -2.3600 -1.4033 -0.1644 2.8167 2.42 -4.67 8.27 176 311 298 290 207 
0.9307 -0.2933 -0.0457 -0.2139 22.62 11.06 33.25 0.87 -2.00 6.65 -1.0400 4.0100 -0.6100 -0.7656 -0.7944 1.7478 1.51 -5.82 7.74 176 305 290 277 207 
0.9360 -0.3374 -0.0408 -0.0914 9.56 8.00 39.88 -1.27 -3.40 7.92 -2.6600 2.5000 0.5200 -0.4467 -1.0044 -0.2422 1.91 -6.58 7.00 175 287 248 241 202 
0.9125 -0.3929 -0.0778 -0.0832 12.25 12.13 46.69 1.97 -5.13 7.70 0.5800 1.6700 1.2100 -1.0078 0.7067 -0.9278 2.24 -7.25 6.20 174 275 224 213 201 
0.8768 -0.4479 -0.0496 -0.1679 23.50 14.25 54.63 3.09 -9.14 2.89 0.4800 -1.6400 -3.1900 -1.5500 0.3411 -0.5300 2.62 -8.22 4.65 172 267 226 207 196 
0.8257 -0.5248 -0.0311 -0.2046 28.12 15.19 62.38 1.27 -7.75 1.66 -1.2100 0.8600 -2.7400 0.9656 0.9700 -0.4144 2.42 -8.05 5.04 173 287 251 244 201 
0.8485 -0.4527 0.0279 -0.2726 37.88 11.06 50.38 0.58 -5.13 2.64 -1.0100 2.3800 -3.3700 2.0589 1.8844 -1.3422 1.75 -6.26 7.33 174 294 278 275 203 
0.8656 -0.2808 0.0507 -0.4116 54.69 6.12 26.12 -0.73 -1.42 6.23 -1.2800 2.0700 -2.8300 3.1222 1.3000 -1.8778 0.31 -2.02 9.58 174 311 302 312 203 
0.8229 -0.0044 0.0192 -0.5678 71.50 -3.19 -3.87 -1.08 2.35 13.01 -0.1900 1.3600 3.7900 2.8089 0.8033 -0.6567 -1.36 2.56 9.36 176 320 307 323 202 
;
0.7673 0.1803 -0.0322 -0.6146 78.06 -10.88 -19.94 -2.94 4.41 10.57 -0.9100 0.7300 1.2500 0.7978 0.7333 -0.1611 -2.36 3.99 8.63 175 313 302 316 206 
0.7441 0.2399 -0.0318 -0.6227 79.56 -14.31 -23.37 -3.08 3.32 7.42 -0.7700 -0.1300 -0.4700 0.1922 -0.3911 0.1211 -2.17 3.87 8.74 176 311 311 319 208 
0.7491 0.2186 -0.0484 -0.6235 79.50 -10.44 -21.62 -1.68 4.87 15.38 -0.3400 1.1700 5.7200 -2.3533 -0.7811 0.2389 -1.26 2.15 9.48 176 310 303 312 208 
0.7850 0.0569 0.0018 -0.6168 74.31 -2.12 0.37 1.42 1.48 11.21 1.5900 2.0600 -0.3300 -3.5867 -1.2222 1.8933 0.36 -2.68 9.42 177 310 297 299 208 
0.8526 -0.2072 0.0651 -0.4753 52.50 5.56 29.56 2.12 -3.28 5.25 0.9700 2.0300 -3.0600 -1.4167 -1.4578 2.8889 0.67 -6.02 7.70 178 312 299 295 207 
0.9111 -0.3329 0.0715 -0.2325 23.75 -0.13 40.13 -1.72 -2.73 6.21 -1.8500 3.8600 -0.8300 0.1189 -0.9744 1.8211 -0.42 -6.29 7.50 178 304 287 282 207 
0.9353 -0.3409 0.0479 -0.0823 8.25 -0.56 41.75 -2.30 -2.92 7.70 -2.3000 3.3200 1.4000 -0.2167 -0.6856 -0.1756 0.43 -6.90 6.94 178 287 261 245 204 
0.9108 -0.4053 -0.0013 -0.0782 12.44 4.62 48.94 1.58 -6.04 7.14 1.5600 1.1900 0.9400 -1.5589 0.4689 -1.1522 1.18 -7.85 5.75 177 255 226 206 198 
0.8510 -0.4977 0.0094 -0.1675 24.19 9.50 61.56 3.28 -9.58 1.33 1.1100 -1.2500 -3.2200 -1.2278 0.2567 -0.5444 1.95 -8.87 3.69 176 266 232 213 198 
0.7992 -0.5643 0.0189 -0.2062 29.00 11.44 68.37 1.75 -9.15 2.28 -0.1500 -0.0100 -1.0300 0.8311 0.6189 -0.1722 1.89 -8.74 4.01 177 285 242 238 202 
0.8232 -0.5009 0.0553 -0.2614 38.94 8.19 55.63 -0.47 -4.71 3.57 -1.4100 3.4100 -2.7300 2.3967 1.3300 -1.2589 1.24 -6.73 7.02 177 310 290 287 204 
0.8508 -0.3149 0.0776 -0.4136 55.00 7.94 32.13 1.84 -1.16 6.53 0.0600 3.2700 -2.5100 3.2578 2.2689 -2.3044 0.86 -2.70 9.38 177 318 307 314 204 
0.8130 -0.0525 -0.0101 -0.5798 73.62 0.00 -5.06 -3.82 4.14 15.11 -1.7700 1.2800 5.1000 1.9411 0.4867 -1.0756 -0.83 2.63 9.40 179 328 313 331 204 
0.7390 0.1810 -0.0673 -0.6454 83.31 -8.88 -21.69 -1.73 4.19 9.98 -0.2900 0.6400 0.6200 0.9244 0.0600 -0.0722 -1.81 4.15 8.69 178 322 305 316 206 
;
0.7225 0.2106 -0.0363 -0.6575 84.56 -12.88 -20.94 -2.22 3.68 9.28 -0.0300 0.3000 0.3600 -0.1800 -0.0467 -0.0144 -2.15 3.28 8.98 176 318 323 335 210 
0.7287 0.1882 -0.0254 -0.6580 83.25 -11.19 -16.50 -1.26 5.36 14.36 0.3500 2.5500 4.9200 -2.6011 -2.1767 1.4900 -0.57 1.34 9.69 175 313 307 307 209 
0.8046 -0.0109 -0.0266 -0.5931 68.62 5.94 4.44 3.02 -2.25 11.40 1.4800 -0.2500 1.4800 -2.7900 -0.5878 3.3033 1.24 -3.17 9.19 175 315 306 299 209 
0.8901 -0.2372 0.0656 -0.3835 41.63 1.44 33.06 -0.06 -4.24 4.31 0.0600 1.9900 -3.6900 -1.2067 -1.4289 2.8433 -0.36 -6.30 7.49 176 317 301 304 208 
0.9237 -0.3372 0.0926 -0.1564 15.00 -4.50 41.25 -3.25 -0.80 8.47 -2.2600 5.7400 0.6200 -0.3578 -1.2678 1.0678 -0.65 -6.67 7.15 177 310 288 270 206 
0.9247 -0.3718 0.0567 -0.0588 7.31 -1.75 46.00 -0.48 -5.54 8.10 0.7400 1.3700 1.1200 -0.8944 0.4489 -0.9756 0.22 -7.56 6.24 174 266 231 216 199 
0.8748 -0.4728 0.0326 -0.1002 14.69 2.69 58.94 2.32 -8.81 3.35 1.9200 -0.6200 -1.7400 -1.7578 0.9889 -0.4644 0.57 -8.89 4.08 175 269 228 217 198 
0.8112 -0.5588 0.0676 -0.1584 23.00 3.94 69.44 1.28 -9.17 0.84 0.5800 -0.0900 -2.0700 -0.0756 0.1989 0.2700 0.43 -9.24 3.25 174 276 238 227 200 
0.8065 -0.5580 0.0960 -0.1702 24.56 1.62 68.31 -2.46 -6.23 1.05 -1.3500 2.6700 -3.4300 1.4700 1.1489 -1.4711 0.76 -8.66 4.53 174 293 251 250 202 
0.8187 -0.4590 0.1254 -0.3216 48.25 7.25 51.63 3.65 -0.82 1.56 0.9700 5.6800 -0.5400 5.6489 4.8222 -2.0889 0.40 -4.64 8.62 173 318 305 302 204 
;
