0.8235 0.3578 0.2009 0.3917 309.25 -2.81 -48.31 -0.46 7.46 6.40 0.0200 0.1500 -0.0900 -0.0344 -0.1644 -0.1378 -0.47 7.30 6.52 181 290 320 346 221 
0.8304 0.3590 0.1930 0.3798 311.31 -2.69 -47.88 -0.38 7.31 6.46 0.0600 0.0500 -0.0900 -0.0422 -0.2611 -0.2456 -0.46 7.23 6.60 178 285 321 347 221 
0.8428 0.3597 0.1799 0.3577 314.62 -2.50 -47.19 -0.36 7.05 6.63 -0.0700 -0.1300 -0.0400 -0.1578 -0.3878 -0.1878 -0.35 7.09 6.76 177 283 322 337 222 
0.8608 0.3537 0.1512 0.3331 318.44 -0.88 -44.94 -1.39 7.54 9.39 -1.5400 1.1200 3.5300 -0.1144 -3.0911 0.4311 1.50 6.87 6.83 177 285 310 317 221 
0.8834 0.3837 -0.0397 0.2661 327.37 19.25 -40.69 10.28 9.80 10.54 7.3400 3.3700 2.2400 -2.1222 -3.7411 3.1722 6.51 3.44 6.46 184 306 307 296 221 
0.8228 0.2585 -0.3524 0.3633 308.00 51.81 -9.75 5.70 0.29 0.73 -2.5900 0.1600 -5.3900 0.6678 0.6322 2.8967 7.55 -0.71 6.21 188 320 309 306 221 
0.7346 0.2075 -0.3461 0.5454 284.56 45.63 4.87 2.10 4.09 4.68 -4.5300 5.5400 -1.4500 0.5744 0.3867 0.3233 6.73 -0.49 7.10 188 330 310 306 220 
0.7153 0.2149 -0.3148 0.5856 282.12 44.88 5.62 4.94 5.92 7.94 -1.6700 6.5300 0.9200 -2.0167 -0.2267 -0.8400 6.98 -1.09 6.79 183 300 267 286 219 
0.7654 0.1464 -0.3765 0.5009 297.25 46.00 14.44 7.64 -2.65 5.35 0.9700 -2.0200 -1.4000 -3.5500 -0.1367 -0.8222 7.18 -2.78 6.06 181 266 240 259 211 
0.7974 -0.0331 -0.4899 0.3507 314.12 50.25 45.38 7.89 -9.09 -1.07 0.2400 -3.7700 -4.5700 -0.5333 -0.0678 0.2944 7.53 -5.13 3.60 180 269 235 250 205 
0.7639 -0.1079 -0.5454 0.3275 313.19 49.38 52.56 6.10 -3.04 4.01 -1.6500 1.9900 -0.1600 0.1333 -0.0589 0.4011 7.31 -5.13 4.03 181 277 245 251 208 
0.7726 -0.1035 -0.5239 0.3433 313.12 46.75 48.25 0.46 -4.34 0.95 -5.1500 0.6900 -4.0400 1.2544 -0.9644 -1.1256 7.70 -4.16 4.41 184 258 229 235 208 
0.7745 0.0335 -0.5372 0.3323 314.12 62.00 30.44 10.73 -1.86 -5.57 3.4300 2.9500 -5.6300 3.6944 -2.2222 -1.7667 9.54 -0.31 2.23 185 157 164 168 189 
0.6831 0.3082 -0.5502 0.3683 297.12 75.25 3.62 15.43 8.09 11.83 -3.7000 6.7500 6.2100 1.5033 1.3978 3.5422 8.97 -2.25 3.25 189 157 159 175 178 
0.6004 0.2609 -0.4897 0.5758 275.00 61.81 26.87 5.70 1.92 1.38 3.2000 4.3100 -2.1600 -0.1289 0.0767 -1.7889 8.84 -0.67 4.18 192 164 166 178 181 
0.6566 0.3126 -0.4440 0.5235 282.37 65.87 8.44 8.12 -0.40 5.80 -0.4500 0.7600 1.9300 -0.3700 -0.0811 0.0544 8.96 -0.74 3.89 191 169 170 183 184 
0.6617 0.2909 -0.4537 0.5213 284.12 63.38 12.06 5.18 1.06 4.14 -4.6500 2.1400 -0.1100 -0.5056 1.7300 -1.7856 8.26 -0.28 5.26 190 248 248 254 202 
0.8170 0.1955 -0.3209 0.4374 312.56 33.13 -4.81 1.37 3.28 3.04 1.4300 3.3800 -3.5300 3.1444 7.7633 -5.2589 -0.28 2.71 9.41 191 321 325 356 211 
0.9361 0.2563 0.1930 0.1442 349.00 -20.81 -46.69 4.47 9.66 -0.64 -0.3000 -1.9500 -0.4700 -0.1700 -0.8167 0.3822 -1.36 5.60 7.92 188 348 337 366 218 
;
