0.9460 0.1782 -0.1058 -0.2490 28.44 6.31 -23.19 1.32 4.05 9.01 0.3900 0.2200 0.0200 0.2967 0.6333 0.5644 0.91 3.95 8.92 181 313 320 347 216 
0.9567 0.1980 -0.0804 -0.1977 22.31 4.19 -24.37 0.81 4.07 8.97 0.2600 0.1400 0.0000 0.1022 0.2600 0.5200 0.72 4.08 8.88 183 317 329 351 217 
0.9635 0.2056 -0.0711 -0.1561 17.50 4.19 -24.81 0.68 4.27 8.82 -0.0600 0.1300 -0.0200 0.0600 0.2511 0.4700 0.70 4.12 8.86 181 316 330 352 218 
0.9683 0.2109 -0.0617 -0.1186 13.13 3.87 -25.19 0.37 4.36 8.80 -0.3500 0.1300 -0.0100 0.0733 0.0922 0.3233 0.66 4.22 8.82 181 317 330 354 218 
0.9695 0.2200 -0.0564 -0.0915 10.19 4.44 -26.62 -0.31 5.22 11.26 -1.1700 1.7600 4.5000 -1.1944 -1.5889 0.6378 1.85 4.02 8.74 183 317 332 354 216 
0.9716 0.1453 -0.1625 -0.0925 10.56 21.12 -12.44 5.63 5.51 13.93 1.8400 4.8700 4.2600 -5.2667 -3.6256 2.3322 5.68 -2.19 7.68 183 321 323 327 216 
0.9021 -0.2941 -0.3154 -0.0178 359.56 33.06 52.75 2.03 -1.85 -1.24 -2.9800 5.1900 -6.0200 -4.4411 -2.0556 2.1633 4.36 -8.65 1.45 184 326 341 344 216 
0.7203 -0.5986 -0.3401 0.0852 343.69 20.62 85.94 0.05 -5.74 -9.95 -4.0200 4.8600 -10.4800 5.4322 -0.8233 -0.0722 3.45 -8.28 3.95 186 334 337 351 217 
0.8916 -0.2673 -0.2929 0.2186 331.94 23.94 27.56 6.40 5.67 27.73 2.6500 6.3200 20.9900 1.5411 1.0411 -0.4511 3.51 -1.72 8.99 186 342 339 343 216 
0.9461 -0.1104 -0.2048 0.2254 334.62 18.56 27.56 3.10 2.00 8.31 -0.7600 7.0700 -1.5700 -7.0733 0.5756 0.1878 2.59 -7.95 5.11 184 334 333 345 216 
0.7881 -0.5343 -0.2749 0.1332 340.75 17.44 79.00 3.03 -8.65 -10.85 -0.1800 0.0600 -12.1400 1.2956 -0.3256 0.0111 2.97 -9.16 1.83 187 315 330 338 217 
0.8100 -0.4713 -0.3060 0.1677 334.69 22.69 57.06 5.78 2.57 8.08 2.1400 8.3400 5.4500 4.9444 -0.0367 -1.2000 4.62 -4.55 7.34 184 321 328 330 220 
0.9183 -0.1420 -0.3022 0.2126 335.31 29.31 25.87 6.87 -4.36 14.10 1.2800 -0.3600 4.9700 -2.0178 1.1456 -0.3989 4.10 -4.70 7.56 183 327 283 271 213 
0.9188 -0.2939 -0.2345 0.1207 347.06 18.81 45.81 4.95 -7.36 1.12 1.8700 -0.0400 -5.4500 -3.2133 1.8844 0.6200 2.13 -8.35 4.66 185 351 169 195 209 
0.8482 -0.5173 -0.1082 0.0359 357.06 6.19 64.06 -2.73 -5.64 -0.22 -4.0200 3.4200 -4.2900 1.5811 1.2622 -0.6256 0.84 -8.35 5.06 184 356 172 186 209 
0.8999 -0.4313 -0.0433 -0.0469 7.50 6.69 45.81 3.66 -0.44 6.61 2.2500 5.4600 -0.5800 4.4567 0.1889 0.1644 0.85 -4.62 8.60 185 354 172 183 201 
0.9897 -0.1328 -0.0412 -0.0348 0.75 5.06 10.25 2.76 -4.71 21.29 1.0800 -3.5800 11.2800 0.0167 -0.1700 2.9422 0.71 -1.43 9.67 186 352 176 188 201 
0.9803 -0.1052 -0.0461 0.1606 337.37 2.50 16.56 -3.30 -3.59 12.16 -3.0800 -0.0300 2.3300 -2.8111 -0.2956 0.7767 0.27 -4.74 8.57 185 343 176 185 200 
0.9205 -0.3021 -0.0912 0.2305 331.87 1.19 41.75 -1.80 -3.59 6.82 -2.4900 3.1000 -0.5700 -2.5589 0.6167 -0.2022 -0.01 -8.02 5.64 183 333 178 191 199 
0.8482 -0.4916 -0.1019 0.1687 340.37 1.19 62.56 -0.88 -3.34 3.36 -0.6100 4.8900 -1.5000 -0.7200 1.5044 -1.3989 0.68 -8.93 3.98 183 335 180 192 201 
0.8416 -0.5343 -0.0758 0.0233 0.31 6.94 63.56 3.57 -4.06 1.90 2.2300 3.9300 -2.3000 2.0533 1.3656 -1.2822 1.50 -7.89 5.62 184 336 180 191 200 
0.9109 -0.3964 -0.0633 -0.0958 11.13 12.13 40.75 6.63 -7.68 12.58 3.3900 -2.3400 5.4300 1.6211 0.7178 1.3833 1.56 -5.08 8.23 176 346 188 193 199 
0.9626 -0.2617 -0.0668 -0.0179 1.56 8.75 30.31 -0.58 -5.65 8.62 -1.6200 0.0600 -1.1200 0.2244 0.2189 -0.8467 1.76 -4.72 8.40 180 299 254 241 205 
0.9665 -0.2342 -0.0739 -0.0751 11.50 10.50 24.12 -0.11 -1.33 2.33 -0.8500 3.0400 -5.2400 3.9600 2.3756 -2.1100 1.16 -1.42 9.63 183 307 323 333 210 
0.9754 0.0679 -0.0091 -0.2096 26.94 -8.63 -20.00 -6.62 5.11 6.43 -14.8300 6.1400 5.6200 2.4933 -17.3267 2.3378 0.70 5.03 8.38 182 338 347 377 217 
;
