0.9769 0.2004 -0.0728 0.0091 358.94 8.38 -23.12 1.29 3.82 8.97 -0.0800 0.0000 0.0500 -0.0333 -0.0522 0.0067 1.46 3.79 8.92 190 319 325 344 221 
0.9772 0.1984 -0.0750 0.0095 359.06 8.63 -22.94 1.53 3.69 8.98 0.0200 -0.1200 0.0300 0.0022 -0.0044 0.0089 1.48 3.78 8.92 188 316 324 344 219 
0.9773 0.1978 -0.0754 0.0084 358.94 8.56 -22.94 1.39 3.75 9.01 -0.0700 -0.0200 0.0500 0.0700 0.0278 0.0178 1.44 3.81 8.91 189 317 325 348 219 
0.9745 0.2114 -0.0735 0.0125 358.12 9.13 -26.25 -0.29 5.91 12.69 -2.1600 2.6100 5.5100 0.0011 -3.6044 0.6478 3.51 4.37 8.03 191 322 341 345 222 
0.9378 0.1819 -0.2955 0.0096 356.94 40.31 -16.37 9.62 6.48 10.52 1.8700 5.1600 2.9200 -4.4367 -2.7444 4.9633 7.64 -2.39 5.65 191 325 337 328 222 
0.8439 -0.2435 -0.4527 0.1533 336.44 37.00 60.25 0.83 -3.69 -3.11 -4.2100 3.8800 -6.7900 -3.0267 -0.4467 3.1467 3.87 -8.83 1.75 191 317 333 332 221 
0.7147 -0.5348 -0.3862 0.2323 320.62 15.44 81.37 -0.27 -3.36 -9.83 -3.4800 7.6600 -10.0400 6.5067 -0.4033 -0.2556 2.64 -7.75 5.38 188 317 330 328 221 
0.8444 -0.1794 -0.3029 0.4039 308.62 22.06 25.94 5.33 2.17 29.01 1.6800 4.8400 20.6500 -0.8256 -0.0478 -0.3067 3.65 -3.46 8.41 190 339 333 325 222 
0.8637 -0.1696 -0.2881 0.3771 314.81 20.37 42.25 3.77 -0.54 4.54 -0.5000 5.9800 -4.3300 -6.0989 1.0422 0.2867 2.75 -8.71 3.55 188 301 328 322 220 
0.7267 -0.5391 -0.3591 0.2286 326.44 16.06 84.12 3.21 -10.06 -11.53 0.3400 -0.9300 -13.1400 3.0056 -1.1422 0.2167 2.71 -9.19 2.05 190 283 312 323 221 
0.7789 -0.3837 -0.3676 0.3331 310.69 20.81 52.06 6.22 1.59 13.05 2.6700 7.1300 9.3100 3.4722 -1.0800 -0.3311 4.29 -4.94 7.29 192 311 312 301 221 
0.8419 -0.1124 -0.3116 0.4259 307.44 24.87 32.06 3.41 -2.28 11.01 -0.6600 3.3100 0.7200 -3.5356 0.3744 -0.8422 4.30 -6.17 6.29 190 299 286 269 217 
0.8339 -0.2993 -0.3708 0.2787 328.56 28.50 55.94 3.17 -4.36 -2.80 -1.5400 2.8100 -7.1900 0.8089 1.6500 -2.8367 5.65 -5.93 5.38 188 286 277 275 217 
0.9073 -0.2152 -0.3525 0.0787 352.44 36.50 28.69 5.60 -4.05 10.94 1.3500 -1.2800 2.6500 1.6556 0.5833 -1.6289 5.52 -1.86 7.88 187 291 289 273 218 
0.9495 -0.0691 -0.3058 0.0082 358.69 35.69 9.63 8.71 -2.67 16.13 2.9500 -0.9900 8.3200 -1.4733 -1.0644 1.1156 6.03 -2.34 7.36 189 302 292 282 217 
0.9132 -0.1854 -0.3564 0.0681 348.12 37.63 39.00 5.39 -2.64 6.64 -0.8500 3.3000 -0.7600 -4.3222 -1.4567 3.2967 4.90 -7.79 3.38 186 316 301 302 218 
0.7413 -0.4966 -0.4021 0.2054 325.12 19.00 81.94 1.30 -5.76 -8.46 -2.6600 3.3400 -12.3500 1.9122 -0.7233 1.4267 1.99 -9.30 2.37 188 316 307 316 219 
0.7771 -0.4006 -0.3188 0.3661 307.25 13.19 54.13 3.66 3.31 5.93 2.6000 10.3900 4.0400 5.7311 -0.2789 -0.8400 3.24 -3.95 8.36 189 330 312 321 220 
0.8404 -0.0618 -0.2581 0.4726 301.94 22.44 24.75 4.29 -0.63 17.69 0.9300 4.0500 8.9500 -4.3967 1.0378 -0.3889 3.34 -6.13 6.88 189 324 311 321 218 
0.8016 -0.3532 -0.3436 0.3386 316.75 18.12 66.31 3.44 -5.46 -5.66 0.3900 3.1300 -9.4300 -3.1844 0.4278 -0.2122 3.12 -9.20 1.32 189 294 294 319 219 
0.7158 -0.5148 -0.3977 0.2537 318.19 18.12 76.19 1.82 -4.84 -7.79 -1.1800 5.8400 -8.9000 6.2478 -2.5067 -0.7511 4.03 -7.32 5.11 188 304 300 316 219 
0.8126 -0.1449 -0.3713 0.4253 304.12 28.87 32.56 6.79 -2.70 21.57 3.3600 1.0600 13.7900 0.0422 0.3878 0.1322 4.63 -4.38 7.45 188 310 301 301 220 
0.8234 -0.1360 -0.3487 0.4265 306.81 26.75 41.38 4.36 -2.65 6.71 -0.9100 3.7200 -1.6100 -4.1678 0.4744 0.0122 4.16 -7.71 4.39 189 302 310 292 218 
0.7540 -0.3840 -0.4440 0.2947 320.12 27.37 72.19 0.68 -4.80 -3.92 -4.1300 3.4700 -6.3600 0.2611 1.1811 -2.4267 5.53 -7.53 2.96 188 288 297 287 216 
0.8229 -0.3198 -0.4498 0.1352 347.56 44.25 49.44 4.44 0.53 1.35 -1.9000 4.6400 -3.0200 3.6656 1.9689 -4.2833 6.94 -1.64 6.72 188 291 304 305 219 
;
