0.8119 0.2625 0.0369 -0.5201 65.19 -19.19 -24.19 -3.37 4.16 8.88 -0.3600 0.2700 0.3700 -0.1633 -0.6500 0.2556 -2.83 3.77 8.59 176 310 318 333 212 
0.8239 0.2180 -0.0085 -0.5231 65.87 -8.75 -19.75 -1.27 4.02 9.52 0.3300 0.3400 -1.1300 -1.3956 -2.1244 -0.4411 0.06 2.24 9.54 179 309 298 315 210 
0.8159 0.0549 -0.0798 -0.5701 69.56 6.94 -8.81 2.04 3.26 14.04 1.1700 1.9500 4.2500 -1.8733 -4.3089 1.6211 3.88 0.10 9.00 179 313 297 307 210 
0.8235 -0.2162 -0.1844 -0.4910 59.38 33.69 21.12 6.05 -2.55 6.66 0.2300 2.0000 -0.6200 -3.8778 -1.9344 2.4411 5.64 -5.90 5.41 177 314 299 309 209 
0.7623 -0.5451 -0.1211 -0.3272 42.31 29.31 69.50 3.74 -4.83 -5.40 -1.6100 3.3100 -9.9400 1.3311 -0.0233 3.0333 2.89 -8.75 3.33 178 293 306 305 209 
0.8703 -0.4643 -0.0255 -0.1622 19.69 8.75 44.38 -2.52 -0.28 10.65 -2.6600 4.7200 6.8800 3.9333 1.1867 0.3133 0.55 -3.92 8.96 181 308 309 313 208 
0.9689 -0.1860 0.0083 -0.1630 19.75 2.69 22.62 0.74 -2.59 17.27 -0.0200 2.4500 6.0300 -4.1744 0.8400 -0.8567 0.38 -6.37 7.44 180 305 309 307 208 
0.8589 -0.4638 0.0624 -0.2080 28.06 7.00 64.44 1.24 -3.58 -2.94 0.6500 5.1000 -7.4700 -4.1733 -0.6322 -0.6900 1.84 -9.56 1.15 178 296 309 300 208 
0.7098 -0.6731 0.0484 -0.2017 30.50 12.00 81.62 3.60 -6.83 -7.12 1.5200 3.0000 -8.7000 5.9622 -0.4089 0.2356 2.04 -8.31 4.77 179 297 301 303 208 
0.9217 -0.3470 -0.0383 -0.1692 19.31 9.63 30.25 -0.24 -0.01 17.83 -1.7500 3.2100 10.1800 3.1822 -1.7644 0.1333 2.32 -2.49 9.19 181 317 274 247 205 
0.9690 -0.1426 -0.1505 -0.1342 15.63 23.19 16.25 4.81 -5.16 10.17 1.0200 -2.8700 -0.3300 -0.8156 -4.7778 0.4189 6.38 -3.20 6.72 181 299 200 183 191 
0.8737 -0.2211 -0.4307 -0.0474 359.50 56.25 37.75 8.90 -5.01 0.13 -0.3700 -1.3900 -3.5800 2.9211 -2.3567 0.8100 8.67 -3.05 3.39 179 306 179 172 188 
0.7933 -0.0630 -0.5833 0.1630 332.31 65.06 42.94 9.56 3.20 2.43 1.0000 6.3100 -1.1400 1.7767 0.0022 1.0344 8.69 -3.03 3.35 181 310 162 170 188 
0.7748 -0.0082 -0.5570 0.2991 317.12 56.31 41.69 6.49 2.63 4.18 -1.7000 6.0400 -0.4100 -2.0989 1.3411 0.1900 7.56 -4.37 4.44 181 301 174 178 191 
0.8131 -0.1500 -0.5024 0.2528 326.62 44.94 48.25 3.67 -10.70 3.87 -3.4500 -5.4300 -0.7200 -1.4100 0.6578 0.8322 6.21 -6.07 4.54 180 307 188 186 193 
;
