0.6035 0.1163 -0.2050 -0.7618 103.25 4.06 -27.00 0.91 4.32 8.67 0.1900 -0.1800 -0.0300 -0.0033 -0.0722 0.0267 0.75 4.44 8.70 174 306 304 285 200 
0.6016 0.1025 -0.2184 -0.7615 103.37 9.50 -27.31 -0.89 4.81 12.49 -1.7500 1.0100 3.4400 -1.5889 -6.2756 1.0767 5.24 3.43 7.53 176 302 298 275 200 
0.5463 -0.2416 -0.3015 -0.7431 108.19 48.94 -5.75 11.48 0.88 6.46 3.7900 1.9500 0.9600 -4.1522 -2.6156 2.6933 8.49 -2.43 4.25 174 313 285 292 201 
0.4809 -0.5940 -0.0922 -0.6382 103.12 54.81 75.44 5.76 -1.65 -2.77 -2.7300 4.2000 -4.9000 -1.6844 -1.1800 3.0700 6.21 -7.53 -0.86 169 304 298 310 200 
0.5743 -0.6750 0.0725 -0.4575 70.94 29.19 72.06 -1.56 0.90 3.01 -4.5800 8.3200 0.4300 7.1189 1.0656 -0.8533 4.53 -5.32 6.87 174 307 315 302 199 
0.8026 -0.2960 -0.0709 -0.5130 66.62 23.69 24.31 5.52 -3.14 17.85 1.6700 0.9800 6.5700 -3.5933 -0.3822 -0.2333 4.16 -5.22 7.17 173 315 317 299 199 
0.7090 -0.4564 0.0464 -0.5356 75.19 25.12 60.25 2.79 -3.71 -1.32 -1.4100 4.4300 -6.1300 -5.4789 -1.7378 0.5122 4.11 -8.89 0.30 171 297 316 299 199 
0.5193 -0.7347 0.1752 -0.3997 72.50 23.12 99.75 2.70 -6.17 -11.78 -1.1500 4.3600 -8.4400 7.6078 -0.3733 -0.6478 4.13 -8.47 2.67 172 289 305 300 198 
0.7848 -0.4348 -0.0299 -0.4406 58.63 22.00 36.88 0.58 -2.79 19.61 -0.7300 1.5500 10.5700 0.5656 -0.8633 -0.7144 3.93 -4.52 7.76 172 287 315 280 195 
0.8015 -0.3262 -0.0461 -0.4990 66.62 23.75 34.19 3.88 -4.38 4.26 0.7000 0.8500 -3.3500 -1.2933 -1.8478 -0.7844 5.12 -5.61 6.19 172 283 305 265 193 
0.7245 -0.4429 -0.0613 -0.5246 72.62 35.56 44.38 5.67 -5.17 5.49 -0.6000 0.4800 -0.0100 -0.1611 -1.0367 -0.9411 6.59 -5.19 5.06 169 286 273 243 193 
0.6525 -0.5200 -0.1774 -0.5220 78.75 58.25 59.56 6.42 -1.68 -3.96 -1.6700 2.7400 -5.4500 -0.5767 -5.4522 -2.9567 9.35 -2.54 -1.46 169 266 244 234 187 
0.3571 -0.6616 -0.5421 -0.3754 96.69 56.19 -179.62 10.90 0.63 -4.86 3.8400 -0.1300 0.8000 -1.5878 -4.9633 -2.9056 4.97 2.53 -8.06 171 255 236 233 172 
0.0123 -0.6371 -0.7350 -0.2316 82.50 12.81 -158.87 10.42 1.42 -14.75 6.7100 0.2100 -4.7200 0.4067 -1.0067 1.7633 1.20 3.13 -9.21 171 260 250 234 173 
-0.0656 -0.7314 -0.6666 -0.1279 98.44 6.44 -166.69 -3.34 6.83 -7.66 -4.5100 4.5800 1.7800 0.9056 -0.7378 0.5611 0.98 1.61 -9.62 171 264 249 234 174 
-0.0109 -0.7769 -0.6210 -0.1041 102.31 8.63 -171.37 1.04 2.62 -7.21 -0.1100 0.5800 1.6300 -0.2656 0.2289 -0.2044 1.55 1.69 -9.53 170 262 249 235 175 
;
