0.7867 0.2911 -0.0764 -0.5389 68.81 -11.13 -33.38 -1.85 5.20 8.01 0.0100 -0.0600 0.0300 -0.0011 0.0033 -0.0022 -1.89 5.29 8.03 183 322 322 348 209 
0.7856 0.2908 -0.0770 -0.5407 69.06 -11.13 -33.38 -1.85 5.26 8.06 0.0500 -0.0600 0.0000 0.0044 -0.0033 0.0000 -1.90 5.29 8.03 183 322 322 348 209 
0.7870 0.2899 -0.0768 -0.5392 68.62 -10.38 -33.00 -3.89 6.31 10.39 -2.7600 1.6400 3.5200 -0.7111 -2.6400 0.5367 -0.37 4.95 8.45 184 323 317 333 209 
0.8017 0.1418 -0.1348 -0.5648 71.06 7.44 -15.63 1.31 5.72 12.57 1.2200 3.8100 2.1900 -4.8156 -2.8922 1.2089 3.85 -0.76 8.98 183 318 310 319 208 
0.7894 -0.2604 -0.0980 -0.5472 67.50 27.62 28.87 4.20 -3.11 4.91 -0.6800 2.0500 -3.4300 -4.3089 -0.8378 2.1333 4.12 -7.36 5.00 183 317 312 323 207 
0.7297 -0.5595 0.0504 -0.3900 53.88 19.62 70.50 2.22 -5.50 -3.54 -0.5700 3.0200 -7.9200 -1.3378 -1.5544 2.3222 1.77 -9.47 1.77 181 292 304 305 207 
0.7815 -0.5706 0.1130 -0.2258 27.81 2.87 62.94 0.93 -0.75 2.49 0.1900 7.8200 -1.3300 6.1844 0.6322 0.6500 0.08 -5.93 7.80 184 302 297 303 207 
0.9480 -0.2560 0.0373 -0.1854 22.87 0.25 28.81 -1.53 -3.84 18.39 -2.1400 0.8100 8.6300 -2.2911 0.0244 -0.5844 -0.07 -5.96 7.78 183 302 292 304 207 
0.8820 -0.4025 0.1030 -0.2227 29.94 0.81 57.44 0.91 -3.67 0.66 0.6100 5.1300 -4.1000 -4.6744 0.0022 -0.6044 0.64 -9.57 2.03 182 288 301 303 208 
0.6937 -0.6716 0.1422 -0.2180 34.63 5.62 88.31 3.40 -9.85 -8.24 2.5800 -0.0400 -6.6300 2.0100 -0.6033 0.6311 0.65 -9.69 1.34 183 272 299 297 207 
0.7883 -0.5864 0.0947 -0.1601 19.62 1.31 65.06 -1.36 -4.29 7.25 -2.3500 3.7700 2.7200 3.5933 -1.3278 0.5844 0.18 -7.30 6.53 184 283 290 295 207 
0.9253 -0.3589 0.0334 -0.1179 15.06 1.44 40.56 -0.91 -6.00 13.56 -1.3000 0.2400 5.9900 -0.6800 0.4889 -0.6556 0.29 -6.50 7.33 183 289 291 291 206 
0.9017 -0.3950 0.0520 -0.1679 23.50 2.50 51.31 -0.89 -5.27 5.70 -1.5500 2.8400 -0.4500 -3.4589 -0.4744 -1.4456 1.24 -8.86 4.00 179 281 280 278 205 
0.7623 -0.6050 0.0386 -0.2264 36.31 15.31 78.37 0.85 -6.73 -4.74 -2.5500 3.0000 -6.0400 -0.7033 0.9700 -2.1422 4.16 -8.77 1.37 170 260 265 266 204 
0.6790 -0.5964 -0.0059 -0.4281 71.06 32.94 59.25 4.79 -1.23 1.90 1.0600 4.9500 -2.1700 4.7956 4.6633 -2.7789 4.18 -3.67 8.07 176 282 287 296 206 
0.7346 -0.1115 -0.0392 -0.6682 83.62 7.87 1.37 1.51 1.44 11.64 0.0100 0.4000 4.3100 6.7089 4.5633 0.4411 -0.96 3.18 9.22 184 334 307 341 204 
;
0.7231 0.3043 -0.1029 -0.6115 79.69 -12.50 -38.31 -1.27 7.75 7.11 -1.8600 4.4400 1.3100 1.4589 1.5789 -0.3822 -2.62 6.53 6.82 181 329 307 337 206 
0.7252 0.3607 -0.0976 -0.5782 77.12 -16.12 -40.63 -2.83 5.81 7.50 0.0500 0.1500 1.4600 0.0844 -0.4489 0.0033 -2.50 6.18 7.19 183 331 300 338 206 
0.7292 0.3351 -0.1177 -0.5849 77.19 -10.81 -39.19 -3.14 10.27 14.28 -0.3300 4.6000 6.1100 -3.5356 -2.1900 -0.2078 -0.19 4.20 8.85 184 327 306 327 207 
0.7585 0.0454 -0.1477 -0.6331 78.37 16.37 -8.00 4.29 2.05 10.34 0.6800 1.1300 -0.5300 -4.7900 -3.1189 2.5500 4.70 -2.59 8.20 182 312 298 308 206 
0.7723 -0.3763 -0.0746 -0.5063 63.00 28.25 45.94 2.94 -3.48 1.42 -2.4300 3.2700 -4.4600 -3.6833 -1.1611 2.4489 3.58 -8.42 3.51 180 278 273 277 206 
0.7243 -0.6113 0.0650 -0.3122 42.19 13.19 77.12 0.48 -6.87 -9.74 -0.2300 2.7800 -12.4600 3.3656 -0.2633 1.7622 0.83 -8.91 3.99 179 264 271 275 206 
0.8866 -0.4160 0.0548 -0.1946 22.31 4.37 39.31 -0.99 1.09 14.69 -3.8000 4.8200 12.9300 3.0422 -0.5211 -0.0756 0.93 -3.69 9.03 182 288 284 282 207 
0.9589 -0.2070 -0.0083 -0.1940 24.75 4.62 26.81 0.60 -1.84 15.82 -0.1100 3.5600 5.4900 -4.9567 0.0822 -0.8589 0.93 -6.98 6.81 182 291 286 286 206 
0.8273 -0.5023 0.0728 -0.2408 33.94 7.87 69.50 1.03 -4.66 -6.54 0.2900 3.6500 -10.2300 -3.2833 -0.0044 -0.6033 1.76 -9.62 0.69 180 274 284 284 204 
0.6920 -0.6740 0.0974 -0.2396 35.75 10.88 82.87 4.83 -8.00 -6.46 2.7600 2.5900 -5.5600 4.9822 -0.9322 0.9200 1.53 -8.82 3.99 180 273 284 286 206 
0.8770 -0.4482 0.0128 -0.1728 20.06 7.31 46.38 -1.90 -4.26 15.48 -3.4700 1.6500 8.4500 1.6978 -0.3267 -0.1144 1.32 -5.75 7.83 181 280 284 283 206 
0.9276 -0.3293 -0.0013 -0.1766 24.00 7.00 41.19 -0.07 -4.96 11.52 -0.4200 2.1300 2.4400 -3.4967 0.3289 -1.2400 1.70 -7.92 5.51 181 283 287 276 204 
0.7940 -0.5477 0.0349 -0.2616 39.13 16.31 72.25 2.57 -6.59 -3.56 -0.5300 2.5400 -6.0400 -2.5300 -0.4544 -1.3789 3.87 -8.97 0.77 171 257 259 249 203 
0.6382 -0.6945 -0.0044 -0.3322 60.44 30.87 84.62 2.91 -4.34 -4.62 -2.0700 4.6900 -5.0100 3.8111 3.3022 -2.2644 5.71 -6.58 4.49 171 268 275 270 204 
0.7183 -0.3518 -0.0283 -0.5996 81.06 21.87 22.69 0.42 2.09 10.29 -1.6800 3.7800 2.3900 5.2389 3.8200 -0.6867 -0.13 1.36 9.71 180 320 285 327 204 
;
0.7281 0.2169 -0.0601 -0.6474 82.50 -13.06 -29.69 -5.30 7.41 14.45 -2.8800 1.5500 5.8700 0.8433 1.2111 -0.1067 -2.99 6.17 7.00 182 336 294 338 205 
0.7025 0.3771 -0.0912 -0.5966 80.87 -18.12 -41.94 -3.05 5.32 6.64 -0.1000 -1.0300 -0.7000 -0.0911 -0.2856 -0.0167 -3.05 6.09 7.05 181 337 301 343 207 
0.7059 0.3603 -0.0899 -0.6031 81.12 -17.75 -40.25 -4.02 5.04 8.68 -1.5500 -0.8400 1.9100 0.0789 -1.1378 0.3789 -2.30 6.14 7.28 182 332 300 333 208 
0.7073 0.2996 -0.1417 -0.6244 83.75 -10.13 -33.75 -4.47 6.73 13.77 -2.5300 1.9400 5.2800 -3.8200 -2.5544 -0.2189 -0.70 2.95 9.32 183 328 301 318 208 
0.7343 0.0032 -0.0731 -0.6749 83.87 12.38 2.44 2.93 -0.87 6.31 0.7400 1.2800 -3.6200 -4.3056 -4.2833 2.0344 4.75 -3.91 7.63 172 305 303 302 206 
0.7162 -0.4528 -0.0354 -0.5300 69.37 32.00 55.38 3.46 -3.45 -0.82 -0.8800 3.8300 -5.9800 -1.9222 -3.8267 2.8400 4.33 -8.56 2.01 161 256 256 254 206 
0.7421 -0.6156 -0.0109 -0.2648 35.56 17.69 72.31 -0.80 -2.22 -1.59 -2.8400 6.2700 -2.7000 5.7956 0.1144 0.5467 2.34 -7.24 6.18 161 274 258 261 205 
0.9179 -0.3536 -0.0579 -0.1705 20.31 13.50 37.88 -0.18 -6.55 18.93 -2.8900 -0.8000 10.2300 -2.4344 -0.1044 -0.5167 2.27 -6.78 6.70 162 282 268 267 204 
0.8566 -0.4689 -0.0154 -0.2147 30.75 14.88 62.44 2.29 -4.58 -0.77 0.9100 3.7000 -4.7000 -4.1989 -1.0800 -0.3144 3.19 -9.23 0.78 159 278 270 266 204 
0.6537 -0.7250 -0.0124 -0.2166 34.44 18.75 94.87 4.81 -7.54 -9.81 1.5900 2.0400 -8.4700 2.4578 -0.6333 0.7089 2.66 -9.42 0.40 164 267 255 260 203 
0.7759 -0.6147 -0.0560 -0.1304 15.75 13.81 66.94 1.25 -3.77 8.11 -0.2000 2.8000 7.1500 4.0378 0.7333 0.1589 2.14 -7.15 6.34 174 279 263 265 203 
0.9208 -0.3726 -0.0698 -0.0925 11.94 11.31 43.69 0.89 -6.75 13.53 -1.0700 1.0400 5.0200 -2.7767 1.6422 -0.6656 1.63 -7.69 5.85 176 284 270 268 203 
0.8357 -0.5184 0.0056 -0.1812 28.75 12.63 67.87 0.29 -5.67 -1.73 -1.9400 3.7000 -5.4800 -2.5911 0.3800 -2.5267 3.94 -8.85 1.50 170 251 260 256 202 
0.6624 -0.6555 -0.0267 -0.3619 65.06 34.75 75.37 3.83 -3.30 -2.81 -1.7600 4.7300 -4.9900 3.3956 4.5489 -2.5367 5.68 -5.62 5.67 173 275 281 283 204 
0.6948 -0.2842 -0.0272 -0.6601 88.37 17.62 13.31 2.77 3.08 11.71 0.3100 3.8900 2.3200 7.0478 5.3544 -1.0444 -0.56 2.61 9.43 183 325 305 335 204 
0.6886 0.2447 -0.0974 -0.6757 89.12 -16.00 -34.00 -5.76 5.89 12.54 -2.8900 -0.2300 4.1000 0.7967 0.2244 0.7778 -3.20 6.10 6.97 181 330 300 340 205 
;
0.6725 0.3608 -0.0997 -0.6384 86.94 -18.69 -39.75 -2.42 5.51 7.23 1.1200 -0.7000 0.1800 -0.2367 -0.0322 0.0011 -3.06 5.84 7.25 180 334 306 343 207 
0.6777 0.3411 -0.0967 -0.6442 87.19 -17.62 -37.81 -3.10 5.20 8.28 -0.1300 -0.6800 1.1500 0.1989 -0.3344 0.1600 -2.70 5.90 7.34 183 335 305 346 208 
0.6739 0.3395 -0.1606 -0.6363 86.69 -8.88 -42.69 -1.31 10.79 14.16 -0.1900 3.9000 5.8100 -3.2678 -3.1478 1.1856 1.51 4.80 8.41 183 318 312 319 208 
0.7130 -0.0086 -0.2443 -0.6571 83.25 28.25 -11.31 5.08 2.28 7.97 -0.4100 1.5100 -0.2800 -4.9978 -3.3822 3.3778 6.49 -2.56 6.88 180 290 273 287 207 
0.7106 -0.4611 -0.1537 -0.5088 68.19 42.50 55.56 5.96 -3.30 -3.35 -0.1000 3.6200 -6.3300 -1.4833 -2.2400 3.2678 5.20 -8.11 1.80 177 259 254 264 204 
0.7162 -0.6378 -0.0583 -0.2772 35.69 21.12 77.25 1.27 -4.01 -3.18 -3.3100 5.3300 -5.0600 3.6167 2.1600 1.4967 1.80 -8.41 4.70 176 270 258 272 204 
0.8997 -0.4069 -0.0350 -0.1545 18.56 10.75 39.44 -1.54 -4.33 17.93 -3.4100 0.7000 11.7500 1.8200 0.2244 -0.1500 1.58 -4.51 8.55 180 282 266 279 205 
0.9485 -0.2632 -0.0311 -0.1732 22.69 8.19 33.56 0.06 -3.51 11.81 -1.3100 2.8400 3.4900 -4.8333 1.0389 -1.2667 1.31 -7.64 6.00 179 286 269 279 205 
0.7971 -0.5447 0.0523 -0.2553 37.81 13.63 73.81 3.23 -5.46 -5.48 1.2000 3.6000 -7.7600 -3.6622 -1.0067 -0.9556 3.12 -9.28 -0.40 177 275 268 275 205 
0.6498 -0.7164 0.0385 -0.2511 39.56 17.50 89.50 5.21 -5.56 -6.73 2.3400 4.3600 -6.0100 5.3867 -0.3100 0.9833 2.28 -8.78 3.72 178 272 264 276 205 
0.8756 -0.4521 -0.0270 -0.1677 19.25 11.38 46.06 -0.85 -6.16 17.91 -2.9900 0.0100 11.0600 0.7900 0.2867 0.1856 1.59 -6.07 7.53 179 278 270 276 206 
0.9153 -0.3701 -0.0258 -0.1566 21.12 9.06 46.44 -0.15 -5.80 8.41 -2.1600 1.7300 1.0800 -3.6156 1.4678 -1.1078 1.49 -8.39 4.84 177 277 267 268 205 
0.7822 -0.5683 0.0423 -0.2519 38.81 16.12 73.75 1.55 -5.30 -3.62 -0.9200 3.9900 -6.2400 -2.0400 -0.5033 -2.3133 4.37 -8.72 0.97 170 249 251 248 203 
0.6602 -0.6492 -0.0258 -0.3767 65.81 33.25 71.19 2.76 -2.62 -1.60 -1.1100 4.9600 -3.7700 4.1222 6.4367 -1.9122 3.95 -5.25 7.26 174 277 283 291 205 
;
