0.9396 0.3357 -0.0649 -0.0137 1.56 6.62 -39.31 0.25 6.27 8.16 -0.9100 0.0300 0.5100 -0.4111 -0.7867 0.1333 1.58 5.94 7.63 201 342 339 329 237 
0.9436 0.3126 -0.1060 -0.0251 3.94 10.75 -36.88 2.08 5.61 7.07 0.5400 -0.2000 -0.6400 -0.0333 -0.1789 -0.2233 1.83 5.75 7.72 202 342 340 329 236 
0.9446 0.3054 -0.1118 -0.0450 5.37 10.50 -36.31 0.78 5.85 8.49 -1.0000 0.5800 1.1000 -0.3578 -0.9611 0.1578 2.25 5.49 7.80 200 338 317 294 233 
0.9521 0.2509 -0.1628 -0.0638 8.88 16.19 -27.19 2.80 7.62 14.61 -0.3000 3.8700 6.1400 -4.2700 -0.1189 -0.3267 2.62 1.78 9.27 203 338 322 309 232 
0.9806 -0.0438 -0.1422 -0.1278 15.75 17.62 12.69 2.87 0.06 7.81 -0.3300 3.3900 -1.3400 -5.7600 -0.5089 0.8311 3.02 -6.40 6.78 203 335 328 323 232 
0.8483 -0.5034 -0.1105 -0.1214 14.94 18.50 66.50 4.68 -5.46 -2.09 1.1800 3.0300 -4.8800 -2.1067 -1.6067 0.4589 3.10 -9.21 1.24 201 342 333 339 233 
0.7313 -0.6558 -0.1871 -0.0153 359.75 16.50 85.81 4.60 -9.21 -8.12 0.9600 1.3300 -9.0700 4.6056 -0.6000 1.4300 2.11 -9.06 3.07 206 336 339 348 235 
0.8947 -0.4034 -0.1570 0.1099 344.75 9.94 37.81 -0.96 4.52 15.74 -2.3400 6.5400 11.1800 4.6367 -0.3367 -0.5133 1.85 -2.66 9.25 204 342 347 341 231 
0.9778 -0.1185 -0.1185 0.1255 346.87 11.56 19.87 2.73 -0.39 12.53 0.5100 3.7700 1.0500 -5.4433 -0.3900 -0.4111 2.36 -6.64 6.81 205 343 334 343 233 
0.8622 -0.4688 -0.1827 0.0585 352.37 15.31 64.69 2.78 -8.23 -4.80 0.7500 -0.3800 -8.6400 -0.9867 -1.2344 0.4233 2.64 -9.20 2.11 203 321 341 340 231 
0.7941 -0.5557 -0.2296 0.0887 346.94 15.38 68.00 1.91 -4.41 -0.74 -1.3100 5.8900 -3.4000 5.9111 1.5322 -0.5633 2.41 -6.54 6.88 206 328 345 338 235 
0.9567 -0.2121 -0.1606 0.1180 345.75 15.81 20.87 2.78 -0.02 17.96 1.2400 2.2300 9.1700 0.4189 -1.0300 -0.8456 3.39 -2.23 8.92 193 324 319 307 230 
0.9653 -0.1525 -0.1969 0.0790 352.25 21.37 26.81 9.03 -4.25 10.60 5.0100 1.8000 2.5500 -6.3122 0.2611 1.2544 3.01 -7.84 5.05 127 221 200 243 221 
0.7831 -0.5825 -0.2068 0.0688 347.87 11.75 81.81 0.03 -6.02 -1.02 -3.2400 2.0500 -1.8700 -3.0100 0.2667 2.2411 -0.02 -9.62 -1.85 119 214 206 229 217 
0.6001 -0.7806 -0.1214 0.1255 333.81 -4.12 105.69 -2.52 -8.46 -2.62 -2.4600 0.7200 -0.0500 -0.1700 -1.4944 -0.3744 -0.80 -9.37 -2.76 123 217 204 230 214 
0.5453 -0.7232 -0.3381 0.2554 298.06 5.56 106.37 -0.37 -5.68 -11.13 0.0200 5.4200 -8.2700 2.2789 -12.0122 -7.5378 3.26 -8.56 -3.48 129 219 209 223 209 
0.1910 -0.0197 -0.8547 0.4823 211.81 16.00 120.94 7.65 -5.54 -8.08 4.9400 2.0200 -2.5800 0.5700 -1.6544 -1.3000 2.49 -7.89 -5.25 133 227 217 229 210 
0.0555 0.1747 -0.8594 0.4772 195.06 15.81 123.56 6.06 -7.21 -5.06 3.1500 1.3600 0.3900 -0.3111 2.0844 0.0944 3.23 -7.81 -4.96 154 246 233 241 213 
0.2040 0.0844 -0.8497 0.4788 242.19 30.56 117.44 6.93 -3.70 -3.90 1.1400 3.7700 -1.5500 -1.3600 10.6678 -0.6578 6.82 -7.00 0.66 181 267 267 272 221 
0.8024 -0.2768 -0.4333 0.3029 325.50 23.00 48.69 -3.71 -4.76 -0.39 -5.5600 2.8700 -4.8100 5.8478 3.3489 -0.8267 0.07 -3.41 9.19 190 291 299 303 224 
0.9875 -0.0394 0.0286 0.1494 344.31 -5.19 -3.50 -0.41 2.53 12.51 0.6000 2.5000 3.5500 4.3689 -1.4411 -1.0278 -0.38 3.45 9.16 202 304 333 325 229 
;
