0.6896 0.1613 -0.1734 -0.6844 89.56 1.06 -27.31 0.26 4.49 8.73 0.0000 -0.0600 -0.0400 -0.0067 0.0056 0.0067 0.18 4.50 8.71 201 320 335 367 233 
0.6895 0.1608 -0.1733 -0.6847 89.56 1.00 -27.31 0.13 4.52 8.73 -0.0300 0.0200 0.0300 0.0567 -0.0467 0.0200 0.22 4.53 8.69 203 323 332 367 233 
0.6909 0.1445 -0.1929 -0.6816 89.12 6.69 -27.37 1.03 6.98 13.26 -0.2800 3.1700 5.0800 -1.2456 -2.6456 0.6589 3.05 3.61 8.58 202 316 310 307 232 
0.6589 -0.1237 -0.2827 -0.6861 92.50 40.63 -7.37 9.47 0.57 7.52 2.1300 0.1400 0.3600 -4.2922 -2.4389 2.3133 7.62 -2.44 5.66 200 313 302 301 229 
0.6144 -0.5012 -0.1414 -0.5927 84.94 47.75 57.13 5.46 -3.16 0.54 -1.6800 3.1200 -2.9900 -2.7456 -1.9722 3.3933 5.89 -7.77 1.02 199 322 323 321 230 
0.6185 -0.6937 0.0212 -0.3685 54.19 24.37 84.44 0.06 -3.10 -5.83 -5.0700 6.9400 -7.5000 5.4167 0.3878 0.7511 3.16 -8.33 4.08 199 315 323 325 231 
0.8524 -0.4148 -0.0492 -0.3146 41.44 19.50 37.81 4.08 -2.65 21.30 1.7000 1.6200 12.7800 0.0978 0.0956 -0.4633 3.37 -4.94 7.76 203 325 328 326 232 
0.8593 -0.3575 -0.0455 -0.3629 47.94 19.81 43.19 3.57 -4.95 5.79 0.0000 1.9400 -1.4800 -3.7511 0.1956 -0.3500 3.44 -7.85 4.76 202 321 324 325 230 
0.7277 -0.5650 0.0494 -0.3857 55.75 21.62 71.19 4.44 -7.99 -6.02 0.4600 0.9100 -8.6700 1.0156 -0.2656 0.3678 3.48 -8.65 3.01 201 312 327 327 231 
0.7746 -0.5208 0.0129 -0.3585 48.00 20.37 51.44 1.76 0.15 9.13 -1.3600 5.9500 6.4100 3.8311 -0.8489 -0.2289 3.74 -4.70 7.74 202 314 296 307 229 
0.8799 -0.2779 -0.1566 -0.3521 43.81 31.31 24.56 6.25 -1.93 11.36 0.0500 1.2400 2.5700 -1.5433 -2.1711 -0.4211 6.55 -4.16 5.98 198 316 211 216 212 
0.7673 -0.4661 -0.3209 -0.3019 39.56 52.94 71.75 10.06 -6.94 1.88 1.9100 -1.4200 1.2200 -2.7267 -4.3000 2.3700 6.77 -6.79 -2.04 193 307 182 179 194 
0.5551 -0.7223 -0.4090 -0.0543 0.13 25.94 117.31 2.76 -8.75 -6.49 -1.2100 0.0000 -2.4800 1.4567 -2.5389 1.9867 2.16 -8.75 -3.85 191 296 177 178 187 
0.5533 -0.7187 -0.3804 0.1805 319.69 8.00 107.00 0.56 -5.13 -2.03 -0.8200 3.4600 0.2400 0.8944 -0.1022 -0.3333 1.38 -9.46 -2.17 192 283 183 184 190 
0.5797 -0.6651 -0.4040 0.2418 314.06 8.50 102.06 1.48 -7.92 -1.93 -0.0700 1.5500 0.0500 0.1400 -1.1278 0.0822 1.34 -9.50 -1.99 191 253 180 181 187 
0.5803 -0.6252 -0.4332 0.2910 306.12 8.69 92.50 0.35 -6.53 -8.94 -0.9600 4.1800 -4.2000 6.1433 2.3956 -0.8989 1.78 -8.53 4.49 198 225 177 181 187 
0.8098 -0.3408 -0.2802 0.3868 309.44 9.75 50.63 -1.71 -3.86 14.62 -2.0100 1.9500 3.4700 -3.1533 -0.5167 0.3800 1.24 -8.91 3.89 203 232 190 187 189 
0.7139 -0.5231 -0.3304 0.3278 311.12 7.81 79.50 1.27 -4.32 2.69 -1.5500 3.7100 -2.6300 -3.9233 -0.4167 -0.3856 1.60 -9.57 -1.36 197 284 201 197 200 
0.5497 -0.6747 -0.4374 0.2266 319.87 11.81 109.44 2.40 -6.19 -8.96 1.1800 1.7200 -4.8600 -0.6278 2.9956 -1.1100 3.45 -8.61 -3.16 196 266 234 218 203 
0.6152 -0.6832 -0.3932 0.0169 9.06 33.13 101.94 2.11 -6.16 -2.06 -4.9200 2.0600 -1.5700 0.7333 6.0744 -3.6300 7.49 -5.96 2.11 197 271 261 254 208 
;
0.7880 0.1158 -0.2114 -0.5664 71.31 11.88 -25.50 1.85 4.24 8.51 0.0300 0.1600 -0.1200 -0.0189 -0.0756 -0.0333 2.08 4.13 8.64 196 298 298 316 221 
0.7872 0.1127 -0.2144 -0.5671 71.50 12.00 -25.44 2.00 4.04 8.70 0.0000 0.0400 0.0000 -0.0067 0.0011 -0.0033 2.03 4.12 8.66 197 301 298 315 220 
0.7877 0.1125 -0.2137 -0.5668 71.31 12.81 -25.37 2.03 5.97 12.32 0.3300 2.9100 5.7800 -0.6522 -3.3933 1.6756 4.25 3.49 8.11 198 299 294 311 223 
0.7658 -0.1235 -0.3508 -0.5246 68.62 51.31 -2.87 10.09 1.40 6.58 0.4600 1.9000 -0.2000 -5.1344 -1.1144 2.8778 8.15 -3.83 3.87 196 312 290 316 218 
0.6608 -0.5612 -0.2379 -0.4379 64.19 48.81 79.00 7.37 -3.50 -2.58 -1.0200 3.1400 -4.3000 -2.2844 0.5100 2.9744 5.73 -7.95 0.00 196 320 313 329 222 
0.6350 -0.7114 -0.0388 -0.2986 45.56 24.56 87.06 -1.43 -4.13 -5.40 -4.3100 4.9300 -5.2200 5.1089 0.2189 0.3522 3.49 -8.45 3.53 200 318 300 321 224 
0.8453 -0.4494 -0.0713 -0.2802 36.69 23.12 44.00 5.77 -3.38 12.81 2.5400 1.5800 7.7200 1.6911 -0.5800 -0.7133 4.51 -5.01 7.12 199 319 304 321 223 
0.8699 -0.3617 -0.1414 -0.3041 39.69 26.94 42.06 4.57 -3.61 8.09 -1.1100 2.7300 -0.9900 -4.9700 0.5100 0.4122 3.86 -7.88 4.36 201 318 312 321 221 
0.7323 -0.6080 -0.0035 -0.3066 45.25 21.37 80.19 2.53 -9.07 -8.98 -0.7000 0.0400 -10.1700 1.8278 -0.5167 0.2944 3.31 -9.10 1.53 201 303 305 315 222 
0.7816 -0.5626 -0.0256 -0.2681 37.13 20.31 57.25 1.75 -0.21 5.66 -1.7200 6.9700 0.4900 5.2089 -0.9856 -1.1456 4.21 -4.83 7.41 200 309 310 298 223 
0.9033 -0.2447 -0.1840 -0.3006 37.56 30.25 18.12 7.09 -1.97 14.41 1.2100 0.5300 4.7400 -1.0989 -2.2089 -0.4433 6.21 -2.64 7.11 198 309 224 215 207 
0.8411 -0.3022 -0.3171 -0.3172 42.06 51.06 32.19 9.23 -3.60 6.36 2.9300 -0.8400 1.7800 -2.0167 -4.6200 1.0678 8.63 -4.27 1.85 195 297 181 193 192 
0.6598 -0.5522 -0.4723 -0.1916 25.19 49.50 108.12 9.36 -8.00 -4.52 0.4900 -1.0400 -2.8300 0.7011 -2.8189 3.3789 4.56 -7.92 -3.54 194 268 179 185 190 
0.5612 -0.6718 -0.4602 0.1481 320.87 14.75 106.56 -0.30 -6.84 -4.26 -1.3000 3.9800 -1.1300 2.5656 -1.3222 0.4811 1.74 -9.59 -1.02 192 262 170 183 187 
0.6151 -0.5529 -0.4484 0.3390 301.37 10.69 88.37 1.71 -6.24 2.60 -0.6500 3.1300 2.0300 -0.0078 -0.4789 0.0667 1.84 -9.62 0.35 195 250 169 180 185 
0.6174 -0.5226 -0.4603 0.3660 298.62 11.06 84.69 2.00 -9.67 -8.16 -0.5300 0.9300 -7.6500 5.9189 0.7978 -1.0300 2.33 -8.31 4.64 190 223 164 181 184 
0.7895 -0.2915 -0.3134 0.4399 302.06 12.56 46.50 0.38 -1.41 17.98 -1.0100 4.7400 9.5700 -2.4678 0.0733 0.5056 1.80 -7.72 5.76 187 217 185 188 186 
0.7374 -0.3948 -0.3449 0.4259 300.06 9.44 68.94 0.68 -7.75 2.94 -0.6800 1.9700 0.0200 -2.5378 -0.0300 -0.5622 1.84 -9.51 1.46 192 233 194 196 194 
0.6368 -0.5338 -0.4414 0.3387 304.87 12.06 90.81 0.86 -9.01 -5.18 -1.0600 0.8700 -5.0300 -1.0978 0.7300 -0.7822 2.65 -9.38 -1.01 195 253 224 219 201 
0.6409 -0.5822 -0.4625 0.1910 340.69 27.12 94.87 -0.55 -5.69 -1.93 -5.8600 2.9500 -1.8800 -0.8600 6.5978 -5.1222 7.04 -6.62 1.61 195 268 265 263 206 
0.7814 -0.4288 -0.3221 -0.3192 51.56 48.19 27.56 7.30 -0.59 7.21 -4.9800 4.7800 1.6500 4.0322 4.7456 -2.5056 4.69 0.86 8.56 194 288 304 301 216 
0.8099 -0.0104 -0.2979 -0.5052 64.00 22.62 -21.31 4.08 4.11 12.58 3.4300 2.0400 5.6800 1.5100 0.8178 0.0722 2.43 3.98 8.62 197 280 308 312 219 
;
