0.7792 0.0780 -0.1948 -0.5906 74.31 12.19 -21.06 2.13 3.34 8.98 0.0600 -0.1000 0.0400 -0.0167 -0.0056 0.0011 2.07 3.44 8.94 196 309 310 316 228 
0.7792 0.0775 -0.1947 -0.5908 74.31 12.19 -21.00 2.14 3.36 9.00 0.0900 -0.1000 0.0700 0.0022 0.0156 0.0156 2.07 3.44 8.94 195 308 310 317 227 
0.7802 0.0784 -0.1947 -0.5893 74.00 12.25 -21.19 1.80 3.79 10.00 -0.4900 0.4000 1.5100 0.1000 -0.9756 0.3033 2.76 3.42 8.76 195 314 309 317 229 
0.7761 0.0053 -0.2488 -0.5793 73.81 25.87 -16.87 6.95 4.09 13.64 2.2300 1.4900 4.4700 -3.1911 -3.4978 1.3556 6.64 -0.04 7.21 197 319 304 317 226 
0.7339 -0.3179 -0.2484 -0.5466 72.94 46.63 27.25 7.83 -2.23 5.81 0.4900 2.0300 0.2900 -4.4322 -0.4278 2.4444 6.68 -6.01 3.91 196 327 305 321 227 
0.6420 -0.6281 -0.0739 -0.4337 65.25 36.63 82.19 3.90 -4.96 -3.63 -1.7400 2.8600 -4.3500 -1.6867 -0.1511 1.7622 4.69 -8.60 -0.26 194 327 310 327 226 
0.6379 -0.7019 0.0338 -0.3151 47.00 20.56 83.00 1.02 -3.24 -1.82 -3.1300 6.1500 -2.1400 7.0578 0.1256 0.7256 2.77 -7.81 5.23 198 318 322 327 227 
0.8823 -0.3644 -0.0504 -0.2935 36.56 18.06 32.19 3.43 -1.53 19.82 -0.0200 0.7800 10.7400 -0.3856 0.2122 -0.8644 3.16 -4.46 8.13 200 324 320 320 228 
0.8717 -0.3437 -0.0588 -0.3443 44.69 19.75 43.13 2.93 -3.68 6.93 -0.4300 3.6200 0.1800 -4.6356 -0.0100 -0.0422 3.41 -8.21 4.12 199 322 320 319 229 
0.7054 -0.6245 0.0268 -0.3342 50.81 23.19 82.81 4.93 -8.00 -4.54 1.0700 0.7800 -4.9000 -1.2978 -0.5833 0.0889 3.89 -8.99 -0.33 197 301 315 315 226 
0.6488 -0.7051 0.0104 -0.2859 45.50 22.37 84.12 2.94 -7.09 0.80 -1.8000 2.3400 -1.1400 4.2211 -0.0744 -0.0856 3.67 -8.25 3.81 199 299 314 316 225 
0.8393 -0.4516 -0.0724 -0.2939 38.56 23.56 43.88 2.76 -1.69 8.68 -1.0400 3.8200 2.4900 3.1289 0.4589 -1.2411 4.19 -4.07 7.87 199 306 283 307 227 
0.8892 -0.2529 -0.1550 -0.3484 44.38 28.12 22.31 6.31 -2.84 13.89 1.5800 -0.3000 3.4300 -2.3178 -1.0444 -0.4000 5.41 -4.30 6.94 187 317 313 310 227 
0.8212 -0.3776 -0.1511 -0.4001 53.00 32.81 40.00 6.04 -7.36 4.01 0.8500 -1.8800 -2.3200 -0.6833 0.0422 0.8933 4.84 -6.13 5.91 134 257 247 239 213 
0.8224 -0.4438 -0.0671 -0.3495 42.63 20.56 46.81 1.64 -5.01 4.44 -1.3500 1.3400 -2.0600 1.3467 0.5644 2.2789 1.84 -6.20 7.36 116 183 185 189 188 
0.9175 -0.3115 -0.0071 -0.2469 28.75 9.50 31.87 1.60 -0.56 12.00 -0.7400 1.5400 3.5300 0.5667 -0.1333 0.2811 1.64 -4.54 8.53 112 187 178 183 180 
0.9406 -0.2500 -0.0477 -0.2249 27.37 13.13 27.81 2.49 -3.57 7.93 -0.6900 0.9600 -0.4300 -0.1278 -1.6322 -0.5300 3.17 -4.49 8.11 116 193 187 192 187 
0.9257 -0.2715 -0.0970 -0.2449 29.94 17.81 28.44 5.93 -4.27 6.62 2.1700 0.5000 -1.5500 0.5800 0.9278 0.8478 2.43 -4.27 8.48 118 193 188 194 187 
0.9480 -0.2312 -0.0650 -0.2090 22.25 9.63 23.62 2.41 -2.03 8.24 2.3300 1.7300 -0.6400 1.0456 0.3811 2.2856 0.13 -3.48 9.16 120 190 189 193 187 
0.9838 -0.1698 0.0430 -0.0379 359.31 -2.87 19.00 -21.06 -0.91 10.06 -18.7400 0.8300 1.0300 -0.3678 0.5922 -0.0267 -0.96 -3.31 9.17 118 192 189 193 187 
0.9850 -0.1655 0.0472 0.0146 0.25 -7.31 18.19 -5.54 1.53 9.41 -3.6100 4.7300 0.1900 1.0467 1.3211 -2.0311 -1.80 -2.57 9.28 121 193 191 195 189 
0.9736 -0.1067 0.1274 -0.1567 23.25 -12.75 14.50 3.45 0.63 10.55 6.1500 2.7000 1.0600 0.3211 0.9300 -2.2333 -2.31 -2.48 9.20 120 193 194 198 190 
0.9305 -0.0797 0.1550 -0.3222 38.69 -13.31 14.25 2.64 -3.75 8.12 4.8700 -1.3000 -0.1500 0.7189 -0.9644 0.7700 -1.65 -1.83 9.49 122 197 195 198 191 
0.9603 -0.0791 0.0386 -0.2648 28.50 0.44 9.50 -13.64 -4.03 11.56 -8.2900 -1.0100 0.1900 -0.5956 1.7467 -2.0667 -0.63 -1.98 9.58 124 201 196 201 192 
0.9259 -0.0992 0.0999 -0.3505 45.50 -8.00 16.87 -3.86 -2.36 5.75 -1.6000 0.8200 -3.7800 0.4556 0.4111 -3.0878 -1.00 -3.10 9.24 139 237 222 238 209 
0.8165 -0.0919 0.0847 -0.5637 73.31 -0.06 10.25 2.51 1.21 7.65 2.3200 2.1000 -1.5000 2.9000 -0.3622 -2.0389 0.26 0.40 9.79 191 319 306 320 224 
0.7215 0.0689 -0.0763 -0.6848 86.87 1.75 -12.56 -0.32 4.97 11.87 -1.6300 -0.2200 0.6500 1.3511 -2.1344 -0.2233 1.68 2.88 9.22 203 331 333 368 232 
0.6928 0.0844 -0.1877 -0.6911 90.00 7.62 -23.06 -0.77 2.83 13.20 -2.2600 -1.4500 1.7000 -0.2978 -0.4578 -0.2344 1.33 3.44 9.08 204 333 341 381 237 
;
0.7017 0.1821 -0.1287 -0.6766 87.87 -3.69 -25.50 -0.44 4.25 8.82 0.0900 0.0000 0.0400 0.0000 -0.0122 0.0189 -0.60 4.21 8.83 200 321 347 381 235 
0.7023 0.1807 -0.1302 -0.6761 87.75 -3.44 -25.50 -0.51 4.28 8.83 0.0700 0.0600 0.0100 0.0189 -0.0356 0.0400 -0.55 4.23 8.82 200 322 347 382 235 
0.7048 0.1783 -0.1397 -0.6723 86.75 -1.19 -26.37 -2.62 7.52 13.99 -3.8900 4.6800 7.0900 -1.3089 -3.6078 1.0389 2.53 3.78 8.68 200 315 259 304 231 
0.6935 -0.1089 -0.3129 -0.6398 83.37 48.06 -10.56 10.48 0.09 5.04 2.6300 -0.0700 -0.6300 -3.5656 -4.1822 2.9589 9.08 -2.11 3.01 199 314 316 302 227 
0.6113 -0.5560 -0.3071 -0.4722 73.19 60.06 77.87 7.89 -4.46 -1.78 -0.4800 2.1000 -1.2000 -1.6456 0.2100 3.9267 6.79 -7.06 -0.33 200 329 335 333 229 
0.6028 -0.7278 -0.1017 -0.3108 48.63 31.12 94.50 0.27 -4.79 -5.05 -4.8200 6.7400 -4.8600 5.9167 1.5133 0.5778 4.35 -8.23 3.05 202 323 339 341 230 
0.8511 -0.4246 -0.1241 -0.2829 36.38 26.62 39.25 4.89 -3.50 19.64 1.0800 1.0000 13.2200 0.5711 -0.3811 -0.3611 4.59 -5.07 7.02 206 327 341 334 230 
0.8450 -0.4207 -0.1288 -0.3040 41.19 28.25 54.81 3.45 -2.34 2.74 -1.3300 5.5000 -1.8100 -5.4533 -1.1656 0.6589 4.55 -8.58 1.30 201 317 335 329 229 
0.6204 -0.7373 -0.0499 -0.2628 46.94 26.25 101.94 2.08 -7.50 -10.74 -2.2800 0.4800 -8.7600 0.2900 -0.5167 -0.9633 4.76 -8.28 -2.18 202 305 334 328 230 
0.6290 -0.7194 -0.1343 -0.2621 43.69 35.69 84.12 8.79 -2.68 9.08 2.4800 4.5000 8.0600 2.3011 0.6756 -0.7356 6.09 -7.03 3.08 171 317 322 317 228 
0.7745 -0.5281 -0.1797 -0.2984 43.69 35.13 62.44 4.25 -5.42 5.91 -1.3500 1.9300 1.8200 -2.5656 0.0956 -0.3189 5.65 -7.58 2.56 196 309 308 293 225 
0.6830 -0.6332 -0.1141 -0.3456 55.38 36.81 78.81 4.41 -6.48 -3.26 -1.8200 1.2300 -4.7800 0.9100 0.6122 -0.9089 6.23 -7.26 2.12 168 299 289 281 223 
0.7038 -0.5665 -0.1426 -0.4042 58.38 40.31 56.50 8.92 -5.22 5.37 3.0900 1.2000 2.2600 2.5778 0.4422 1.9611 5.48 -5.66 5.83 125 211 204 213 209 
0.8549 -0.3720 -0.1410 -0.3329 39.38 25.62 33.50 2.88 -2.50 10.85 -3.2400 1.8500 3.2300 1.1567 0.7678 1.4878 2.88 -4.36 8.29 110 185 181 181 186 
0.9307 -0.2357 -0.0986 -0.2619 31.12 16.37 23.37 0.51 -3.00 9.58 -1.3100 1.2200 0.3700 0.0300 -0.2867 -0.2944 2.84 -3.55 8.68 117 189 185 185 186 
0.9390 -0.2095 -0.0633 -0.2655 30.62 11.50 21.62 12.73 -1.06 8.86 9.7600 3.7500 0.0200 -0.0356 2.0644 2.9378 0.34 -3.56 9.12 117 191 185 188 190 
0.9799 -0.1711 0.0032 -0.1027 6.25 -1.81 18.19 -8.09 1.34 10.53 -20.4200 3.6000 4.2200 0.7911 0.9500 0.1211 -0.72 -2.66 9.40 117 190 183 190 192 
0.9902 -0.1382 0.0099 -0.0188 5.50 -2.87 15.13 -4.30 1.77 13.13 -2.2400 3.7800 2.9000 0.1856 0.3856 -2.6811 -0.94 -2.56 9.41 118 192 186 195 193 
0.9645 -0.1194 0.0988 -0.2140 29.94 -8.38 16.25 4.39 0.02 9.46 6.8500 2.8300 0.3500 0.3022 1.2344 -2.1789 -1.57 -2.76 9.27 118 197 196 196 194 
0.9135 -0.1053 0.1205 -0.3740 45.31 -7.25 15.94 5.46 -3.26 9.25 5.4800 -1.1500 0.3100 0.4444 -1.5967 1.1089 -0.61 -2.35 9.49 120 199 183 197 192 
0.9535 -0.1083 -0.0148 -0.2809 30.25 7.31 9.63 -9.41 -2.44 12.28 -4.2400 -0.3400 2.2800 -0.4267 1.8667 -2.1733 0.29 -1.94 9.60 124 201 198 201 196 
0.9110 -0.1046 0.0533 -0.3953 51.75 -1.75 12.69 -0.99 -1.27 6.13 1.1000 1.2100 -3.3900 1.2089 0.3089 -2.8589 -0.35 -1.28 9.71 171 268 258 257 214 
0.8159 0.0042 0.0203 -0.5779 72.00 0.00 -0.37 2.68 2.77 9.33 2.6700 2.1800 -1.0200 0.9544 0.0622 -1.1111 0.30 1.00 9.75 199 319 311 342 226 
0.7589 0.1030 -0.0795 -0.6381 82.00 -0.19 -18.81 1.31 5.30 11.89 1.3100 2.3400 3.7100 0.7056 -0.6456 -0.5256 0.65 3.65 9.07 205 333 338 370 234 
0.7116 0.1348 -0.1622 -0.6702 87.00 3.25 -24.87 -1.10 3.05 11.24 -1.1200 -0.7500 -0.2200 -0.0700 -0.6144 0.1700 0.99 3.88 8.94 203 327 341 369 233 
;
