0.9493 0.1265 -0.2078 -0.1991 23.69 20.12 -20.06 3.35 3.12 8.66 -0.0200 -0.0100 0.0000 0.0022 0.0011 -0.0056 3.37 3.16 8.64 184 312 337 349 222 
0.9493 0.1265 -0.2078 -0.1991 23.69 20.12 -20.06 3.29 3.16 8.64 -0.0600 0.0000 -0.0200 0.0011 0.0122 -0.0044 3.36 3.16 8.64 183 310 337 350 222 
0.9495 0.1266 -0.2070 -0.1990 23.62 20.00 -20.06 3.55 3.23 8.90 0.2900 -0.0300 0.0200 0.0844 0.0400 0.0122 3.36 3.19 8.63 183 313 328 340 222 
0.9484 0.1257 -0.2195 -0.1914 22.94 22.25 -19.37 6.87 4.53 15.95 4.4300 1.4900 7.4300 -2.0000 -2.7278 0.8356 5.26 1.53 8.13 185 326 320 336 223 
0.9291 -0.0672 -0.3213 -0.1702 17.81 41.88 10.69 6.71 0.05 8.97 -0.6400 2.2600 1.6600 -3.7933 -1.5711 3.7800 6.40 -4.99 5.50 187 329 318 343 221 
0.8442 -0.4252 -0.3262 -0.0032 356.44 29.06 67.31 0.65 -3.65 -1.29 -3.6300 4.9000 -4.3500 -1.6789 -0.2000 1.8700 3.38 -9.02 1.82 186 332 324 346 222 
0.7543 -0.5864 -0.2791 0.0964 344.69 17.44 79.19 2.98 -4.61 -5.84 -0.6700 4.9400 -8.5100 3.9433 -0.0422 0.4033 2.75 -8.32 4.40 184 337 333 344 221 
0.9005 -0.3224 -0.2338 0.1749 336.87 18.87 37.13 4.42 -0.94 21.76 1.3700 1.8000 15.6900 2.7144 0.5156 -0.4733 3.28 -3.18 8.67 185 337 338 341 220 
0.9468 -0.1620 -0.2020 0.1908 338.69 18.06 29.37 3.10 -1.75 9.20 0.1400 3.7400 0.6700 -5.4033 0.6067 0.0856 2.67 -7.36 5.89 185 335 332 335 222 
0.8361 -0.4910 -0.2182 0.1109 345.25 14.50 69.75 2.97 -7.78 -7.17 0.3000 1.2900 -10.2000 0.7089 -0.8033 0.4911 2.33 -9.01 3.05 180 312 323 336 220 
0.8375 -0.4666 -0.2370 0.1573 337.37 15.50 53.81 1.53 -0.52 3.36 -0.3700 6.3000 -0.6300 5.6622 -1.2078 -0.8178 3.52 -4.67 7.86 181 313 320 340 220 
0.9327 -0.1094 -0.2623 0.2218 332.94 29.19 17.87 6.85 -3.17 17.87 1.1900 -0.6300 8.5600 -0.9122 -0.3511 -0.0578 5.09 -2.90 7.86 180 315 316 331 220 
0.9211 -0.1473 -0.2982 0.2025 335.56 28.06 30.31 5.28 -1.88 11.01 0.0800 3.8500 2.0200 -5.3489 0.1822 1.1633 3.77 -7.48 5.08 185 333 338 348 221 
0.7970 -0.4963 -0.3042 0.1609 337.37 17.37 76.75 1.26 -6.35 -4.44 -0.8600 2.6000 -5.8300 -1.7100 -0.0867 0.3233 2.63 -9.43 0.49 186 345 341 357 220 
0.7128 -0.6158 -0.3068 0.1368 339.00 15.88 85.50 2.49 -9.40 0.42 -0.0800 -0.1000 -0.2100 0.7900 -0.1333 -0.1678 2.83 -9.29 1.30 185 342 349 358 222 
0.7480 -0.5792 -0.2946 0.1348 338.62 16.56 79.81 2.76 -8.51 -5.37 0.2100 2.5100 -6.2700 3.6222 1.2311 -0.1511 2.67 -8.45 4.18 184 341 349 357 221 
0.8938 -0.3682 -0.1927 0.1687 338.31 11.00 39.88 0.68 6.08 5.04 -4.1800 10.2500 -2.6500 6.3467 1.4333 0.8144 0.51 -1.23 9.71 183 344 340 352 220 
0.9734 0.0775 0.0057 0.2156 334.44 -1.56 -13.50 -5.57 2.98 22.63 -1.6900 0.1800 11.7500 0.6822 -1.4222 -1.1733 0.41 3.33 9.21 187 342 345 345 221 
0.9722 0.1588 0.0124 0.1718 341.25 2.81 -16.75 -0.71 2.26 8.36 -1.2400 -0.4500 -1.7600 -0.6067 -1.3400 -1.2344 1.20 2.42 9.42 183 327 339 336 221 
0.9891 0.1213 -0.0626 0.0546 359.00 6.06 -14.75 -1.19 1.18 5.86 -1.4000 -1.4500 -3.4100 3.6378 1.1611 -4.5144 -1.13 4.57 8.60 180 312 341 352 220 
0.9529 0.2123 -0.1237 -0.1774 22.62 8.75 -28.31 2.39 4.99 6.27 -1.8200 -0.5500 -3.4800 0.1056 0.3122 -0.5056 0.89 4.79 8.50 182 313 346 370 220 
;
