0.9585 0.2344 -0.1020 -0.1265 15.00 7.87 -28.62 1.38 4.65 8.60 0.0600 -0.0500 -0.0200 0.0544 -0.0256 0.0422 1.39 4.68 8.49 187 331 347 373 225 
0.9574 0.2362 -0.1075 -0.1265 15.00 8.38 -29.00 1.36 4.71 8.51 -0.1000 -0.0500 0.1400 0.0478 -0.0389 0.0211 1.44 4.72 8.46 185 333 343 376 225 
0.9562 0.2409 -0.1113 -0.1232 14.44 9.31 -30.81 1.81 8.15 13.51 0.4500 4.3700 6.8200 -0.3567 -4.3967 1.6100 4.02 4.96 7.43 187 337 342 340 224 
0.9052 0.1661 -0.3816 -0.0864 6.00 49.81 -19.25 8.67 4.37 9.02 -0.9100 2.1600 2.8100 -3.8144 -0.8633 5.0578 7.98 -2.59 5.06 186 337 339 343 221 
0.8445 -0.2673 -0.4555 0.0881 346.00 40.94 61.06 2.38 -3.72 -5.41 -3.5600 2.8400 -9.1800 -1.5289 0.3667 2.6867 4.71 -8.23 2.48 188 327 321 336 223 
0.8123 -0.4313 -0.3401 0.1960 328.56 19.69 54.19 -1.70 3.96 -0.16 -2.6900 11.5300 -1.0600 8.0644 -0.1411 0.2222 2.97 -3.12 8.80 189 336 340 342 223 
0.9185 -0.0748 -0.1805 0.3437 319.31 17.00 17.31 4.26 -0.71 19.32 0.6000 3.4200 7.9400 -4.8267 1.4378 -0.6133 2.43 -5.71 7.58 190 333 338 328 223 
0.8615 -0.3748 -0.2538 0.2301 332.56 15.88 61.19 3.59 -4.84 -4.62 0.5100 3.4500 -8.6500 -3.2711 -0.3544 -0.3678 2.99 -9.14 1.91 189 310 320 322 223 
0.7523 -0.5512 -0.3235 0.1602 333.69 17.50 73.81 2.27 -3.46 -5.61 -0.7300 7.6200 -5.8600 7.1822 -0.5656 0.2456 2.87 -6.83 6.41 187 320 319 323 222 
0.9050 -0.1899 -0.2219 0.3094 320.75 19.50 25.31 5.67 -0.81 16.09 1.6600 1.9700 5.7200 1.0400 -1.3011 -0.8678 4.85 -2.72 8.07 189 321 303 297 220 
0.8974 -0.0286 -0.3316 0.2897 325.19 37.69 16.81 7.05 -1.90 7.40 -0.9800 0.2300 -0.2900 -0.1033 -2.2922 -0.8500 7.43 -1.68 6.16 186 316 272 284 218 
0.8532 0.0402 -0.4682 0.2263 331.50 55.94 13.44 9.45 -1.48 6.26 1.4300 -0.3200 1.0900 -0.1767 -0.3844 -0.4233 8.32 -1.04 5.06 187 312 272 281 219 
0.8438 0.0458 -0.4995 0.1909 334.37 59.50 14.00 8.56 -3.46 6.14 -0.7300 -3.4100 -0.7200 0.3622 -4.0544 0.5878 9.14 -1.52 3.21 185 320 187 198 203 
0.7158 0.0600 -0.6533 0.2393 314.50 71.75 84.12 13.13 -4.40 -4.28 3.1900 0.8500 -4.3900 2.3733 -1.5044 3.9578 7.97 -5.68 -0.43 174 366 171 184 199 
0.4809 0.0193 -0.6904 0.5402 256.94 40.69 84.00 3.26 -1.11 1.64 -1.3100 6.2400 2.0100 2.7333 -0.9844 0.9622 5.83 -7.70 1.64 164 386 150 192 198 
0.3473 0.1055 -0.6539 0.6638 236.94 36.00 82.44 5.23 -6.96 2.26 0.3200 0.3600 -0.3700 -2.1744 -0.0544 0.0300 5.74 -7.94 -0.19 176 383 182 194 199 
0.3864 0.0306 -0.7262 0.5678 249.37 36.81 94.62 6.36 -8.01 -4.49 0.7000 0.0000 -3.6500 0.7311 0.0289 0.0244 5.90 -7.82 -0.33 176 384 184 197 199 
0.3889 0.0554 -0.6910 0.6068 245.00 37.75 81.81 1.91 -4.36 7.63 -4.0600 3.8800 6.9500 0.1667 -2.3567 -0.3133 6.43 -7.35 0.81 179 392 186 199 200 
0.4054 0.0937 -0.6572 0.6285 249.87 39.63 78.44 1.29 -4.25 3.24 -5.1400 3.4900 2.0300 -1.6211 0.2078 -1.0711 6.61 -7.16 1.07 180 391 214 219 206 
0.5991 -0.0070 -0.6381 0.4835 301.06 51.25 56.25 7.34 -0.70 0.35 2.1500 3.1300 -6.2700 1.6311 14.4156 -6.7922 2.61 -1.58 9.31 185 340 289 302 215 
;
