0.9712 0.1445 -0.1338 -0.1342 15.63 12.75 -18.94 2.05 3.11 9.08 -0.1500 0.0300 0.0100 0.0422 -0.0411 0.0689 2.19 3.12 9.03 181 318 319 340 221 
0.9712 0.1465 -0.1375 -0.1282 14.81 13.44 -19.19 2.61 3.08 9.08 0.3000 -0.0800 -0.0900 0.0844 0.0700 0.0833 2.28 3.17 8.99 181 319 324 341 220 
0.9713 0.1522 -0.1384 -0.1200 13.94 13.38 -19.87 2.57 3.11 9.51 0.2700 -0.2400 0.6100 0.8089 0.1811 0.0600 2.18 3.67 8.82 184 322 324 355 221 
0.9600 0.2277 -0.1360 -0.0894 9.75 16.69 -26.94 8.55 9.07 16.47 7.5000 5.0900 7.9600 -2.8133 -3.6789 2.4344 5.94 1.95 7.54 187 328 329 328 219 
0.9315 -0.0476 -0.3591 -0.0327 0.31 43.69 19.81 4.14 2.74 5.19 -3.8300 5.8600 -2.2500 -5.3167 -0.4289 4.3556 5.59 -6.74 4.40 186 331 323 342 218 
0.7877 -0.5034 -0.3418 0.0966 343.94 22.19 79.81 -0.37 -6.45 -9.79 -3.9800 1.7700 -11.2200 0.2678 -0.4922 1.3611 2.61 -9.37 1.23 183 316 319 332 219 
0.7942 -0.4747 -0.3177 0.2073 328.56 21.56 55.63 7.52 7.63 10.48 3.1100 14.2700 8.3300 6.0256 0.5456 -0.8311 4.16 -3.49 8.16 183 330 320 322 218 
0.9202 -0.1007 -0.2567 0.2778 327.12 24.94 25.81 7.35 0.59 12.84 2.8100 5.3000 4.0500 -5.3689 1.1633 0.7356 3.35 -6.84 6.16 179 311 329 319 218 
0.8223 -0.4652 -0.2715 0.1835 338.19 14.69 73.19 1.69 -8.52 -11.01 0.1800 0.2000 -13.4300 -0.8522 0.2322 -0.7300 2.80 -9.29 1.41 173 295 323 318 219 
0.7786 -0.5517 -0.2689 0.1308 337.00 15.88 67.94 3.32 -1.31 3.79 -1.0000 8.7800 3.8100 6.8000 0.3100 0.0589 2.70 -6.14 7.15 177 314 321 316 219 
0.9087 -0.2052 -0.2614 0.2526 330.44 24.19 30.00 0.03 -1.42 10.00 -4.6600 2.0600 -0.9300 -0.5944 -2.4967 -2.5811 6.10 -3.72 6.71 179 299 275 278 217 
0.8311 -0.0881 -0.5368 0.1160 346.94 76.69 49.75 6.35 2.29 -5.45 -1.2300 4.4100 -4.6600 -2.5711 -8.2889 -4.1467 8.32 1.38 -4.99 181 285 227 241 208 
0.4372 0.1143 -0.8834 -0.1243 50.75 38.50 -146.25 23.77 7.17 -14.64 14.2800 2.1300 -7.5600 0.6133 -0.7567 0.4222 5.00 4.43 -7.17 183 269 229 243 202 
0.2891 0.1714 -0.9296 -0.1516 339.37 27.75 -156.75 7.77 1.96 -13.28 3.5900 -0.8800 -4.5900 2.9233 -0.5144 1.1489 4.19 1.09 -8.79 181 278 236 248 204 
0.2058 0.1375 -0.9665 0.0680 345.25 24.50 167.87 6.06 0.44 -11.00 1.3300 3.4000 -2.3400 3.7056 0.8133 1.6411 4.11 -4.71 -7.54 185 308 257 264 206 
0.2422 0.0483 -0.8931 0.3760 244.69 30.50 122.06 2.89 -2.13 -3.02 -2.3500 6.2500 1.3700 2.6022 2.2189 0.8233 4.95 -8.30 -1.62 192 369 343 359 214 
0.3496 -0.0137 -0.7300 0.5870 242.19 29.37 92.06 2.26 -4.12 -0.08 -1.6600 3.5400 0.2700 0.1333 0.2344 0.2178 4.68 -8.61 -0.01 190 364 344 362 216 
0.3613 -0.0351 -0.7048 0.6094 241.25 27.69 89.69 3.81 -6.89 0.95 -1.2500 2.0400 0.7800 -0.2033 0.7333 -0.3922 4.79 -8.55 0.16 190 344 329 325 215 
0.4243 -0.0331 -0.6930 0.5819 259.44 37.31 84.87 6.99 -2.77 -0.05 0.8500 4.7500 -1.7300 -0.4656 7.0600 -2.3156 6.38 -6.61 3.40 184 285 271 267 212 
0.7838 -0.1359 -0.4460 0.4103 313.44 34.63 36.56 -2.04 0.48 1.14 -4.8700 5.2600 -4.3400 2.3556 1.7533 -6.1956 5.74 -1.21 7.85 188 296 287 291 216 
;
