0.8987 0.4287 0.0872 0.0286 356.31 -7.56 -51.44 -1.25 7.58 6.12 0.0500 -0.0200 0.0500 0.0000 -0.0011 -0.0111 -1.29 7.60 6.05 192 316 322 352 218 
0.8987 0.4286 0.0877 0.0280 356.44 -7.69 -51.44 -1.26 7.56 6.08 0.0700 0.0000 -0.0100 0.0056 -0.0111 -0.0089 -1.31 7.60 6.05 191 314 322 351 216 
0.8987 0.4285 0.0884 0.0273 356.50 -7.81 -51.44 -1.33 7.61 6.10 0.0200 -0.0300 0.0500 0.0000 -0.0311 -0.0133 -1.32 7.60 6.05 191 314 322 351 219 
0.8990 0.4285 0.0869 0.0254 356.75 -7.56 -51.38 -2.06 7.73 6.62 -0.7700 0.1600 0.3700 -0.1578 -0.8022 0.2500 -0.77 7.55 6.20 190 315 323 350 218 
0.9084 0.4169 0.0063 0.0317 355.31 4.50 -47.94 2.86 12.33 11.18 2.5400 6.6000 5.2100 -3.4911 -3.2733 2.6922 4.11 4.84 7.46 191 314 325 335 218 
0.9455 0.1644 -0.2648 0.0942 346.81 34.13 -3.44 4.15 3.21 6.41 -1.6500 3.9400 -2.0200 -6.1944 -0.1600 3.2233 4.98 -5.17 6.68 191 314 309 324 217 
0.8769 -0.3510 -0.2932 0.1482 340.50 19.37 57.00 0.15 -5.68 -2.90 -3.0600 1.7200 -7.9900 -1.5389 0.1089 0.9667 2.25 -8.77 3.74 190 315 325 331 218 
0.8283 -0.4737 -0.2349 0.1854 334.06 11.31 55.56 -2.35 -2.26 -0.83 -4.4300 6.4500 -5.4800 6.7756 -1.1011 -0.4200 2.17 -4.50 8.43 194 330 337 336 216 
0.9561 -0.1056 -0.1475 0.2302 333.25 15.25 16.06 6.33 -0.51 17.79 2.6000 2.4200 5.2600 -3.5878 1.2789 -0.3400 2.10 -4.40 8.50 193 329 334 319 217 
0.9236 -0.3000 -0.1669 0.1707 340.06 11.19 44.63 1.29 -5.58 0.19 -0.4500 0.8200 -6.7700 -2.3544 -0.0700 -0.0522 1.83 -8.09 5.22 192 317 332 319 216 
0.8661 -0.4352 -0.1948 0.1501 339.62 12.75 52.00 0.28 -3.97 -2.41 -1.6900 3.6200 -8.0100 6.4089 -0.8756 -1.1056 2.97 -4.38 8.25 192 320 331 327 217 
0.9608 -0.0847 -0.1904 0.1831 338.37 22.50 8.81 8.27 0.97 19.14 4.6600 1.6000 8.9500 -0.2678 0.3422 -0.3922 4.17 -0.80 8.83 192 308 322 290 216 
0.9630 -0.0346 -0.2133 0.1611 341.00 24.56 10.13 4.34 -1.38 5.59 -0.0300 0.4300 -3.1200 0.0067 -0.0267 -0.1356 4.31 -1.65 8.65 189 278 296 281 215 
0.9559 -0.0392 -0.2457 0.1564 341.50 28.12 9.06 4.88 -0.87 8.80 -0.1500 0.4600 0.4500 0.3289 -0.0878 -0.3956 4.80 -1.00 8.49 189 280 310 281 216 
0.9511 -0.0009 -0.2773 0.1358 344.25 32.13 4.87 6.76 1.29 10.90 2.1700 2.8400 3.1500 -1.2233 2.2344 -0.9989 3.85 -1.07 8.95 190 283 312 280 216 
0.9863 -0.1264 -0.1013 0.0309 359.00 6.94 19.75 -1.36 -4.08 12.48 -1.0000 0.6100 3.4000 -4.5811 0.7089 -1.3289 0.34 -6.63 7.21 186 275 290 257 215 
0.8559 -0.4907 0.1112 -0.1196 18.75 -6.25 70.25 -0.35 -7.85 -2.35 1.1000 1.6200 -4.7700 -4.4978 1.8022 -0.0144 -1.32 -9.71 -0.35 183 256 266 248 215 
0.6401 -0.7047 0.2664 -0.1506 27.44 -7.25 98.19 -1.06 -6.68 -3.01 -0.1900 3.8800 -0.9600 1.9089 0.1678 -0.4111 -0.98 -9.75 0.00 184 258 278 259 213 
0.6995 -0.6384 0.2474 -0.2050 32.63 -4.81 84.94 -0.12 -8.70 2.37 0.1000 -0.1400 0.7300 1.3133 -0.5822 -0.2233 -0.60 -9.62 1.77 183 254 275 258 215 
0.7933 -0.5464 0.1583 -0.2172 31.62 0.75 60.38 -1.57 -7.37 3.10 -1.4700 1.3300 -1.6700 5.8756 -0.8011 -0.7278 0.87 -5.64 7.96 187 271 295 276 216 
0.9183 -0.2690 0.0443 -0.2869 36.19 3.56 34.06 1.46 -2.88 10.67 1.1000 3.0800 2.7300 -4.8022 -0.9311 0.8644 0.57 -7.69 6.05 184 261 284 257 215 
0.7749 -0.5649 0.1606 -0.2336 34.13 -0.31 81.31 -0.53 -8.99 -1.56 -0.5300 0.2600 -2.5300 -3.4311 -0.2389 0.5811 -0.46 -9.69 -1.39 180 258 264 253 214 
0.5972 -0.7469 0.2467 -0.1568 28.00 -3.75 104.75 -1.61 -10.41 -10.33 -1.0800 -1.9700 -8.5200 5.6044 0.4633 -0.3389 -0.55 -9.78 0.40 178 266 296 267 216 
0.8345 -0.4958 0.1143 -0.2118 30.12 6.06 45.13 5.89 2.34 11.54 3.5500 7.6000 4.5800 1.2767 1.1156 -0.2433 0.91 -4.74 8.53 187 282 300 286 217 
0.9160 -0.2691 0.0462 -0.2941 35.88 3.94 33.25 2.29 -3.63 9.85 1.8800 2.2100 1.9200 -3.5711 0.3167 0.6800 0.36 -7.06 6.78 185 281 303 278 217 
0.8281 -0.4887 0.1503 -0.2299 27.37 -3.69 72.31 -0.93 -8.23 -1.96 -0.6400 0.6000 -5.4400 -2.5078 -1.8656 1.6356 -1.73 -9.64 0.43 182 265 271 259 213 
0.7426 -0.6466 0.1743 -0.0052 354.56 -15.38 78.81 -2.85 -6.53 -3.89 0.0600 3.2000 -5.8400 5.1656 -2.7344 -0.3733 -1.55 -7.72 5.84 181 276 286 271 213 
0.9594 -0.2744 0.0279 0.0591 354.12 -3.62 17.62 1.35 5.11 10.96 0.5600 6.3200 1.7400 4.9467 -2.1233 0.5578 0.62 1.61 9.65 186 304 315 286 213 
;
0.9306 0.3452 0.1050 0.0612 352.44 -8.81 -41.50 -1.46 6.39 7.34 0.0900 -0.0100 0.1400 0.0133 0.0278 0.0000 -1.52 6.42 7.24 187 307 323 310 221 
0.9304 0.3452 0.1064 0.0618 352.37 -8.88 -41.56 -1.46 6.40 7.28 0.0800 -0.0100 0.0300 0.0111 0.0089 -0.0067 -1.52 6.42 7.24 188 308 327 311 222 
0.9304 0.3455 0.1051 0.0624 352.19 -8.13 -41.38 -2.33 7.99 10.33 -1.4700 2.7700 5.2900 -1.4611 -3.5256 1.4700 0.61 5.91 7.79 190 309 323 307 218 
0.9556 0.2522 -0.1296 0.0799 348.69 23.44 -19.69 3.83 6.17 10.36 -0.4900 5.0800 1.5100 -6.1244 -0.4656 3.0344 4.99 -1.80 8.24 188 307 314 305 217 
0.9273 -0.2183 -0.2646 0.1498 343.06 21.31 41.63 0.94 -2.54 0.11 -0.2600 4.5800 -6.7100 -4.7267 -1.1011 0.7900 3.25 -8.57 3.45 190 323 327 314 218 
0.7819 -0.5532 -0.2628 0.1166 342.19 14.75 75.50 0.65 -8.67 -9.91 -1.6800 1.2000 -12.4000 5.3989 0.1111 0.1722 2.22 -8.11 5.02 191 320 322 320 217 
0.9205 -0.2862 -0.1813 0.1949 335.62 12.75 25.44 2.90 3.52 26.12 2.6900 4.2300 17.8900 0.4311 0.1189 -0.2711 2.27 -2.77 9.12 186 326 323 311 218 
0.9565 -0.1826 -0.1349 0.1832 340.06 10.56 30.44 2.86 -1.29 6.85 0.5200 4.0400 -3.6400 -4.9711 0.2400 -0.3267 1.78 -7.51 6.04 190 317 316 304 218 
0.8508 -0.4812 -0.1807 0.1090 344.75 12.88 64.62 2.21 -9.33 -8.46 -0.0700 0.3100 -11.2700 3.0989 0.1722 -0.6222 2.67 -7.62 5.56 187 303 318 305 217 
0.9268 -0.2879 -0.2037 0.1288 344.12 17.94 29.44 2.36 0.23 20.52 -0.5800 2.9400 12.4300 1.3667 -0.0367 -0.6222 2.93 -3.27 8.76 190 285 309 296 217 
0.9656 -0.1747 -0.1702 0.0905 351.81 13.00 26.94 2.40 -2.72 9.75 0.1000 1.9200 1.0900 -4.0189 2.8778 -0.4233 0.25 -6.68 7.16 189 273 304 281 218 
0.8812 -0.4664 0.0593 -0.0493 11.00 -4.87 66.25 1.19 -4.25 -1.27 1.8800 5.1200 -4.2600 -6.8011 2.0011 -0.2556 -0.82 -9.70 -1.14 186 233 259 246 215 
0.5493 -0.8030 0.2087 -0.0993 17.69 -4.37 117.31 -0.32 -8.02 -12.88 -1.4200 0.8200 -9.7000 2.3444 -0.4511 -0.4989 -0.48 -9.15 -3.47 180 266 269 267 217 
0.7136 -0.6673 0.1221 -0.1751 32.06 7.25 68.75 2.99 4.94 10.74 1.4800 14.4800 7.1600 5.4211 1.5433 -1.2378 1.42 -6.38 7.30 188 296 290 279 216 
0.8849 -0.3505 0.0504 -0.3026 37.25 7.25 45.75 2.68 -2.62 8.23 0.6400 3.8300 0.1900 -6.0456 -0.8622 0.7167 1.09 -9.17 3.29 184 274 276 256 219 
0.6815 -0.6946 0.1372 -0.1851 27.31 1.94 101.94 -1.28 -10.76 -11.49 -2.3100 -1.1700 -9.9700 -1.1144 -0.9389 0.4244 -0.31 -9.02 -3.81 182 270 277 259 218 
0.6188 -0.7606 0.1524 -0.1237 26.06 2.31 89.87 -1.29 -5.29 -4.65 -2.2700 6.3200 -3.1300 7.8633 1.4244 -1.7578 1.26 -7.89 5.68 185 298 304 282 218 
0.8708 -0.3867 0.0616 -0.2971 39.88 5.87 45.06 1.63 -2.04 11.96 1.0800 4.7700 4.3400 -1.8911 -0.5844 0.6178 0.87 -7.75 5.93 187 280 286 279 217 
0.8298 -0.4819 0.1211 -0.2542 29.00 0.00 63.56 1.28 -6.23 -2.93 1.7900 2.7500 -6.8800 -0.1978 -4.0333 4.2444 -1.60 -8.77 4.06 184 262 276 272 217 
0.8898 -0.4419 0.0746 0.0860 345.12 -10.56 39.94 -3.39 1.57 6.40 -2.2200 6.9200 0.1400 7.0178 -2.1478 0.1922 -0.38 -1.11 9.73 186 307 304 290 218 
0.9879 0.0909 -0.0043 0.1257 346.75 -0.69 -18.87 -1.70 6.68 17.27 0.3700 2.2900 7.0400 1.3800 -0.2322 -0.4200 -0.01 4.23 8.84 190 296 317 300 218 
0.9613 0.2649 -0.0325 0.0681 354.50 8.25 -34.44 4.64 7.06 8.76 0.3500 1.5100 2.6200 0.8244 -0.2578 -0.0811 1.41 6.35 7.33 191 299 312 301 222 
;
