0.6445 0.0379 -0.2719 -0.7136 95.75 17.19 -27.19 2.91 4.34 8.31 -0.0200 0.0000 0.0000 0.0044 0.0100 -0.0089 2.89 4.28 8.33 174 289 294 280 205 
0.6465 0.0389 -0.2715 -0.7119 95.44 17.19 -27.19 2.90 4.25 8.31 -0.0600 -0.0200 0.1200 -0.0778 -0.2144 0.0200 3.02 4.23 8.31 173 288 293 277 205 
0.6411 0.0159 -0.2803 -0.7143 96.94 22.37 -26.31 3.43 4.33 8.01 -0.7700 0.2300 0.0000 -0.7800 -3.8400 -0.1000 5.99 3.59 6.87 172 291 277 259 195 
0.5229 -0.2379 -0.4161 -0.7048 110.44 59.00 -39.63 6.92 2.62 0.04 -1.5300 -0.2900 -2.3500 -0.2933 -7.5222 -0.3500 9.11 3.38 -1.24 174 273 241 228 175 
0.2268 -0.5651 -0.6008 -0.5179 137.62 52.63 -142.44 11.75 1.56 -5.47 3.9400 -3.1500 -0.1200 0.1822 -3.4933 0.3822 6.00 3.38 -6.97 175 282 249 231 172 
0.0717 -0.7087 -0.6331 -0.3030 99.81 27.69 -164.94 3.07 1.82 -8.26 -0.1800 0.7100 0.4800 1.1633 -3.7000 1.0522 2.22 1.14 -9.48 174 281 249 236 177 
0.0146 -0.8083 -0.5784 -0.1088 108.87 10.81 -174.44 0.20 5.53 -6.40 -1.6400 2.8500 3.3300 -0.0644 -0.0756 -0.2422 1.96 0.92 -9.56 175 283 256 235 176 
0.0112 -0.8035 -0.5842 -0.1134 107.94 11.19 -172.81 2.81 1.53 -9.83 0.9100 0.0900 -0.3700 -0.0978 0.1067 -0.0256 1.95 1.29 -9.52 173 279 256 236 177 
0.0089 -0.8005 -0.5865 -0.1232 107.37 12.44 -172.25 2.45 1.53 -8.96 0.3400 0.4100 0.9400 0.1422 0.2533 -0.0778 2.29 1.22 -9.45 174 279 255 236 177 
0.0217 -0.8025 -0.5808 -0.1348 108.81 13.69 -172.81 3.11 0.37 -10.77 1.1500 -0.7900 -2.4600 0.5256 -0.0589 0.0678 2.22 0.97 -9.50 174 267 246 231 178 
0.0589 -0.8140 -0.5676 -0.1083 110.00 15.38 177.56 7.41 -3.43 -16.14 3.9700 -3.5800 -3.7300 3.9756 3.4522 1.0056 4.77 -3.43 -7.85 179 315 285 307 194 
0.3998 -0.7635 -0.5017 -0.0742 12.94 30.87 132.75 3.95 -5.77 -4.66 -0.5600 0.5300 0.3100 3.5178 0.2300 1.2733 4.43 -7.93 -3.66 181 341 310 335 197 
0.6035 -0.6818 -0.4103 0.0516 345.69 23.50 104.50 5.12 -4.32 -1.24 -1.0600 5.3200 0.7100 1.3611 1.6089 0.6467 3.53 -9.09 -0.95 181 346 316 333 198 
0.6734 -0.6376 -0.3586 0.1067 342.75 20.25 93.37 2.23 -4.55 0.55 -0.5600 4.0300 1.1400 -0.0833 -0.1667 -0.0733 3.43 -9.16 -0.53 183 343 324 328 197 
0.6736 -0.6394 -0.3583 0.0955 344.12 21.37 94.94 3.71 -7.74 -0.67 -0.0100 1.4500 -0.0700 -0.4833 -0.5100 -0.2222 3.69 -8.99 -1.27 180 307 302 276 194 
0.6399 -0.6509 -0.4004 0.0809 348.31 26.00 102.19 2.78 -4.75 -1.44 -2.1200 3.2600 0.5200 -0.9044 0.6878 -1.9200 5.70 -7.67 -2.18 174 267 258 240 190 
0.6249 -0.6277 -0.4498 -0.1148 34.63 52.25 102.31 7.41 -3.92 -1.42 -0.3500 1.1300 -0.9100 -0.2289 4.4700 -4.3122 9.19 -3.08 1.45 173 280 261 255 193 
0.6353 -0.4324 -0.4144 -0.4875 78.31 68.62 8.38 11.33 0.55 5.20 2.0000 -0.5200 1.7500 0.9700 1.0144 -2.1378 8.58 1.36 4.53 174 289 271 260 193 
;
