0.9822 0.1837 0.0379 -0.0024 359.94 -3.37 -21.69 -1.38 5.36 10.30 -0.4600 1.7000 0.8300 0.0756 -2.2100 0.9111 0.80 3.73 9.03 189 326 321 332 224 
0.9822 0.1664 -0.0866 0.0130 359.12 12.88 -18.06 3.96 4.67 7.58 0.8000 1.3000 -1.5600 -0.6256 -2.2989 0.5733 3.67 2.47 8.75 189 331 314 308 221 
0.9518 0.1302 -0.2773 0.0168 357.25 40.38 -17.62 4.99 -1.69 6.83 -1.2100 -4.2300 1.4300 0.3922 -10.2100 1.3478 9.58 1.56 1.33 189 296 267 266 210 
0.6242 0.0985 -0.7742 0.0370 349.75 67.50 -179.75 11.22 -4.44 -3.47 2.3800 -2.6200 1.2600 0.6556 -5.7378 2.8456 5.94 -2.11 -7.50 187 270 229 258 199 
0.2416 -0.0250 -0.9602 0.1379 4.75 25.31 161.25 -2.50 3.72 -5.72 -5.9800 7.0800 1.8100 -1.4244 -1.5556 -0.4356 3.67 -2.07 -8.85 191 280 265 264 199 
0.2170 -0.0423 -0.9717 0.0836 4.06 24.44 169.12 3.37 -0.61 -8.32 0.4200 0.9100 0.7400 -0.0222 0.2000 -0.8200 4.15 -1.44 -8.76 189 281 268 261 197 
0.2245 -0.0020 -0.9725 0.0611 359.62 26.19 172.69 7.16 -2.60 -12.74 2.7500 -0.6900 -4.1200 0.7322 2.4444 -0.3578 5.62 -1.38 -7.91 184 271 253 226 197 
0.4086 0.0197 -0.9057 0.1110 331.19 61.88 152.62 9.00 -1.97 -6.90 0.4400 0.5600 -5.1500 1.1656 13.1689 1.5600 7.85 -3.02 5.02 178 215 203 207 195 
0.9510 -0.1954 -0.1190 0.2078 333.81 -15.38 27.87 -13.17 -2.67 0.32 -3.0000 2.1700 -5.6400 1.9600 -0.7711 2.5100 -5.14 -2.56 7.94 189 161 163 174 151 
0.8892 -0.1601 0.3157 0.2897 324.06 -42.63 1.50 -14.30 2.47 12.25 -6.3700 0.0500 4.0900 0.7011 1.0633 0.0544 -7.17 0.92 6.61 190 161 163 174 150 
0.8700 -0.0681 0.4077 0.2689 326.19 -48.69 -8.38 -6.47 1.72 7.38 0.5900 0.9200 1.2300 0.2111 0.0689 -0.0944 -7.37 0.96 6.39 190 166 168 179 153 
0.8713 -0.0718 0.4081 0.2628 326.56 -47.81 -7.50 -8.37 0.92 6.28 -1.2000 0.2300 -0.1300 0.0178 -0.6744 -0.3900 -6.95 0.75 6.87 191 200 184 198 173 
0.9069 -0.0300 0.3270 0.2642 328.69 -28.50 -8.38 -3.24 3.68 3.91 0.0700 3.2000 -7.2300 -0.3000 -5.3978 -2.5300 -1.10 0.71 9.71 186 301 307 307 203 
;
