0.5607 0.0075 -0.2083 -0.8014 109.94 12.56 -20.50 2.05 3.42 8.93 0.0000 0.0700 0.0200 -0.0033 0.1422 0.0056 2.04 3.35 8.98 176 302 289 243 184 
0.5631 0.0140 -0.2032 -0.8009 109.87 12.00 -20.44 1.96 3.52 9.34 -0.1900 0.1200 0.5100 0.1544 -0.4778 0.0811 2.32 3.43 8.88 173 305 285 250 189 
0.5565 -0.0244 -0.2390 -0.7954 109.75 22.69 -21.12 5.36 2.91 9.10 0.4900 -1.1600 -0.2300 -1.4822 -7.2933 1.4233 7.59 1.95 5.88 172 265 236 213 180 
0.4352 -0.4687 -0.4387 -0.6312 110.81 80.06 -132.94 13.29 -2.00 -1.82 3.5700 -3.4000 1.8000 -0.4100 -5.0300 0.6733 7.70 0.82 -6.01 174 273 235 218 174 
0.1717 -0.7476 -0.5793 -0.2758 106.37 30.69 -176.25 4.85 -0.37 -6.00 0.0500 0.1900 2.4400 -0.7533 -3.5044 0.6156 2.60 0.82 -9.41 162 275 235 219 175 
0.0059 -0.8312 -0.5400 -0.1318 114.06 11.00 -171.25 1.38 9.26 -10.75 -1.7400 6.7100 -1.4800 0.1622 0.7733 -0.2600 2.40 1.69 -9.35 174 277 244 228 178 
0.0120 -0.8238 -0.5447 -0.1566 113.12 15.69 -171.12 3.75 1.57 -8.99 1.2300 0.4700 -0.1400 0.0856 0.8689 0.2333 3.08 1.37 -9.20 175 281 227 233 180 
0.0699 -0.8134 -0.5342 -0.2195 114.00 31.81 -173.50 11.19 1.77 -10.08 4.0900 1.2400 -1.7000 0.8167 4.0411 2.5933 7.82 -0.85 -5.85 173 294 279 278 190 
0.3360 -0.7718 -0.3386 -0.4204 100.06 62.25 134.94 7.78 -2.23 -3.40 -1.4300 1.9700 -1.8200 -1.5189 2.1767 4.2556 7.73 -5.69 -1.99 175 306 299 310 194 
0.4496 -0.7664 0.0127 -0.4586 89.00 38.94 102.81 3.93 -4.95 -7.45 -1.4900 1.8400 -6.1600 0.5300 1.7944 2.8122 4.32 -8.76 -0.73 173 305 311 316 193 
0.5868 -0.6492 0.1982 -0.4415 70.00 17.00 77.50 1.29 -2.64 -1.40 -1.3400 7.0500 -3.7800 6.2278 0.8289 1.3667 1.66 -7.56 6.00 173 305 300 312 195 
0.8271 -0.2834 0.1070 -0.4735 57.88 2.94 25.75 -2.05 2.85 7.60 -1.5300 6.0100 -1.3500 4.9922 -1.0944 0.0244 0.89 -0.68 9.74 174 310 292 311 194 
0.8845 0.0251 -0.0588 -0.4623 55.81 6.12 -9.13 2.21 2.77 18.31 1.3400 1.2600 8.7600 0.0422 -0.7089 -0.3744 1.59 1.81 9.50 175 312 309 303 194 
0.8622 0.0085 -0.1161 -0.4929 60.19 11.50 -6.06 1.09 1.40 8.87 -1.1300 0.9900 -1.9500 -1.4189 -1.0200 -0.9433 2.71 0.08 9.42 172 295 289 272 193 
0.8018 -0.1102 -0.1619 -0.5645 73.69 26.25 -1.62 5.29 2.23 2.69 0.8000 1.5300 -5.8000 0.7833 -0.7800 -2.3811 4.82 1.58 8.38 174 290 287 274 195 
;
0.6147 0.1282 -0.2518 -0.7365 100.25 6.87 -32.13 1.15 5.17 8.18 -0.0200 0.0000 -0.0200 0.0078 -0.0122 0.0056 1.18 5.18 8.24 175 304 309 294 204 
0.6147 0.1274 -0.2523 -0.7364 100.31 7.06 -32.13 1.21 5.19 8.30 -0.0100 -0.0300 0.0500 -0.0200 -0.4200 0.1822 1.49 5.13 8.21 175 293 298 264 199 
0.6245 0.0364 -0.2709 -0.7316 99.31 25.81 -23.87 3.14 1.43 7.64 -2.9400 -1.8800 -0.1900 -2.2489 -10.7489 0.5578 8.89 2.07 3.57 171 274 235 209 182 
0.3795 -0.5090 -0.4985 -0.5903 119.25 73.44 -137.44 11.25 -0.80 -3.97 4.8900 -2.5400 -0.3700 -0.4956 -7.3578 1.3411 6.43 1.36 -7.27 175 274 227 211 178 
0.0697 -0.8129 -0.5364 -0.2158 115.25 18.56 -172.87 0.63 5.11 -6.67 -6.6100 4.8000 2.0500 -0.4778 -1.6433 -0.0133 2.39 1.31 -9.41 175 271 234 219 182 
-0.0045 -0.8458 -0.5081 -0.1625 116.75 17.37 -169.37 3.04 4.07 -7.12 -0.0900 1.9700 1.9700 -0.0544 0.6933 -0.2878 3.46 1.83 -8.98 172 269 234 221 184 
0.0202 -0.8198 -0.5257 -0.2264 114.87 26.06 -166.50 10.96 4.67 -10.18 6.9900 2.4300 -1.9300 0.0678 3.8800 1.8111 7.04 1.25 -6.70 172 287 259 265 189 
0.1962 -0.8055 -0.3492 -0.4367 128.94 58.81 168.62 7.80 -1.66 -7.94 -0.4400 0.4800 -2.7700 -1.1056 -0.4122 5.0578 7.54 -3.47 -5.21 173 306 293 305 194 
0.2835 -0.8760 0.0034 -0.3901 102.31 39.13 132.37 3.09 -3.77 -8.22 -2.9600 1.9900 -4.6600 1.5378 1.4811 2.6056 5.24 -7.28 -3.95 172 302 290 312 195 
0.4714 -0.7634 0.1603 -0.4114 78.69 25.50 92.06 0.02 -3.60 -4.19 -2.2800 6.3800 -3.2000 6.2911 1.6667 1.0022 3.24 -8.39 3.88 171 303 300 308 197 
0.7578 -0.3793 0.0993 -0.5215 67.62 11.06 33.00 -1.07 3.78 10.32 -3.3800 7.2600 5.0200 4.9567 0.1144 0.2778 1.56 -1.85 9.50 176 310 311 307 197 
0.8334 -0.0958 -0.0706 -0.5398 66.31 12.75 2.87 3.11 0.30 12.70 0.0900 0.7200 2.1800 -0.0878 0.3300 -0.3200 1.95 -0.35 9.60 174 310 313 302 198 
0.8248 -0.0717 -0.0717 -0.5563 68.12 10.81 2.69 0.86 0.39 10.88 -1.1500 0.9600 1.0200 -0.1611 -0.4989 -0.1389 2.11 -0.57 9.55 175 309 295 293 197 
0.8143 -0.0994 -0.0848 -0.5656 70.37 15.88 4.12 2.76 0.93 6.99 -0.1100 1.8900 -2.1800 -0.4844 -1.4922 -1.0611 3.58 -0.75 9.09 172 285 287 270 197 
0.7396 -0.1854 -0.1606 -0.6267 83.69 31.69 3.81 6.08 0.67 5.69 1.4200 0.9400 -1.7700 2.0911 0.6767 -1.8978 5.20 1.08 8.23 174 321 305 281 198 
;
