0.9155 0.3360 -0.0007 0.2213 332.44 7.06 -38.63 -0.08 6.98 9.07 -1.6000 1.0600 1.5400 -0.1311 -0.6656 0.1744 1.35 6.06 7.58 189 319 316 301 219 
0.9144 0.3419 -0.0438 0.2125 333.87 19.12 -38.56 5.52 7.90 6.56 0.7400 1.4700 -0.5700 -1.4733 -7.7478 3.9500 7.72 3.75 4.73 189 305 292 291 213 
0.6837 0.3074 -0.6258 0.2156 320.44 75.44 -175.87 10.75 -3.55 1.60 0.4300 -3.9200 5.7300 -1.0544 -4.6222 3.4611 7.11 -2.13 -6.40 186 259 265 268 198 
0.2886 0.1200 -0.9312 0.1877 347.69 31.31 160.25 2.56 -0.57 -2.69 -2.2700 4.5300 3.5500 -2.4133 -1.5178 1.1378 3.15 -1.90 -9.08 188 273 269 269 195 
0.1493 0.0176 -0.9861 0.0701 358.19 17.19 172.81 2.37 2.66 -11.61 -0.9700 3.3300 -0.0900 0.4000 0.5678 -0.2867 3.42 -1.44 -9.07 184 269 265 257 198 
0.2424 0.0272 -0.9662 0.0839 357.12 38.06 169.50 8.21 2.13 -8.19 0.0700 2.8400 -2.2300 -0.2300 10.5333 -1.1022 9.75 -0.62 -0.74 186 296 293 290 211 
0.8348 0.0413 -0.5465 0.0514 353.50 46.56 -4.69 2.09 -0.09 2.95 -3.9700 -0.8000 -4.5200 1.8589 8.2933 -0.7300 0.92 2.04 9.54 186 314 312 323 224 
0.9868 0.1407 -0.0410 0.0697 352.44 4.31 -16.94 -1.81 0.09 12.47 -2.6400 -2.8400 4.0100 -0.4144 -0.9311 -0.2867 0.52 2.71 9.40 188 323 309 336 224 
0.9874 0.1414 -0.0507 0.0500 354.69 12.00 -15.44 4.51 1.47 10.27 1.5800 -1.7500 0.2800 -0.5444 -8.2278 1.6256 6.73 1.75 6.90 185 298 270 256 214 
0.7974 0.0903 -0.5944 0.0514 350.94 87.56 -178.37 9.77 -1.72 -0.48 -2.7200 -2.8900 2.8000 -0.5067 -6.8933 1.2356 7.44 -0.84 -6.32 187 275 254 239 200 
0.2350 0.0502 -0.9688 0.0609 355.56 19.56 175.00 0.00 1.00 -8.14 1.7400 4.8800 1.5200 -0.6311 -1.7422 0.8811 1.54 -0.49 -9.67 187 287 271 251 199 
0.0427 0.0019 -0.9991 0.0026 359.87 5.94 179.87 -2.02 3.03 -11.35 -1.1800 2.1100 -0.7000 0.5244 0.0044 -0.2200 1.22 -0.21 -9.72 188 292 274 252 200 
0.0947 0.0042 -0.9953 0.0189 0.37 16.44 177.31 4.41 1.67 -10.17 0.3600 2.6900 -0.8200 0.3133 6.9800 -0.7789 6.91 -0.36 -6.94 186 308 309 283 209 
0.5757 0.0158 -0.8174 0.0092 359.12 88.56 -0.94 5.45 0.45 -4.17 -4.0400 0.1300 -8.3000 2.0222 12.9311 -0.4722 4.24 1.22 8.75 188 313 323 316 212 
0.9930 0.0916 0.0071 0.0739 349.87 -5.44 -12.81 -5.56 1.02 13.06 -9.4800 -0.5500 28.4000 -2.4900 -0.4311 0.3100 -1.23 2.31 9.44 188 295 313 323 224 
0.9865 0.1337 0.0330 0.0889 350.44 -1.37 -16.12 3.46 3.90 9.74 3.3600 1.5900 1.0700 0.1622 0.4044 -0.2078 -0.37 2.91 9.35 187 301 300 294 222 
;
