0.9204 0.3429 -0.0260 0.1861 337.19 10.19 -39.13 1.99 6.08 7.61 0.2500 -0.0200 0.0600 -0.0189 -0.0189 -0.0344 1.74 6.08 7.49 189 321 323 313 211 
0.9214 0.3417 -0.0283 0.1830 337.56 10.19 -38.94 1.83 6.00 7.58 0.0600 -0.0600 0.0000 -0.0200 0.0022 -0.0256 1.73 6.06 7.51 188 322 319 313 210 
0.9222 0.3404 -0.0282 0.1815 337.75 10.06 -38.75 1.77 6.04 7.57 0.0300 -0.0500 -0.0100 -0.0233 -0.0067 -0.0333 1.70 6.04 7.53 190 316 320 312 211 
0.9233 0.3388 -0.0281 0.1784 338.19 9.94 -38.63 1.52 6.29 8.00 -0.1000 0.6700 0.8000 -0.0733 -0.5911 0.0833 2.05 5.95 7.51 189 323 318 315 212 
0.9274 0.3245 -0.0901 0.1629 341.06 18.62 -35.50 5.49 6.42 7.65 0.9800 0.7900 -0.4400 -2.0189 -5.5011 1.5522 6.77 3.62 6.08 185 314 292 267 205 
0.8156 0.2144 -0.5287 0.0968 348.50 78.50 -74.19 13.43 -1.09 -0.40 2.4900 -2.9700 2.1600 -0.9078 -5.8689 1.7744 8.25 0.62 -5.25 185 287 260 262 194 
0.3486 0.1008 -0.9315 0.0265 350.62 32.88 179.94 4.18 0.11 -5.42 0.7400 1.1600 3.7100 -0.7389 -2.4478 1.5978 3.07 -0.06 -9.31 187 291 269 261 192 
0.1284 0.0058 -0.9915 -0.0192 359.94 14.69 -175.75 0.78 6.61 -12.23 -0.8600 4.8900 -2.2900 0.0300 1.3600 -0.4667 3.74 1.12 -8.99 186 281 254 235 192 
0.2963 0.0233 -0.9531 -0.0569 357.81 41.44 -171.25 15.53 2.16 -12.61 6.9900 1.5300 -7.1200 -0.1422 10.2200 3.5233 9.74 -1.10 -0.13 179 348 221 222 195 
0.8345 -0.1808 -0.5181 0.0494 352.69 40.50 41.00 -0.87 -3.64 -0.69 -6.4700 0.8700 -6.4700 -2.4378 4.9867 2.1722 1.75 -7.30 6.29 187 388 193 202 199 
0.8990 -0.4328 -0.0625 0.0212 359.00 3.31 52.38 -1.19 -3.57 0.45 -0.8500 4.9500 -5.4700 0.7311 1.2722 -0.6689 0.27 -7.45 6.36 191 392 193 210 201 
0.9207 -0.3870 0.0076 -0.0499 7.50 1.44 41.63 1.37 -1.93 3.52 2.2100 4.2900 -3.4200 3.4400 -0.3033 -0.4089 0.52 -4.40 8.74 191 390 199 216 202 
0.9898 -0.1204 -0.0251 -0.0719 6.69 4.62 4.75 4.31 0.13 19.81 2.7100 -0.3800 11.4300 1.9322 -0.3200 1.4144 1.21 0.92 9.68 191 390 203 223 203 
0.9956 0.0407 -0.0749 0.0394 352.12 9.31 -1.25 -0.07 -1.60 15.38 -2.0300 -0.7300 4.9400 -2.6689 0.1867 2.0900 1.40 -2.18 9.45 192 388 207 227 205 
0.9660 -0.1740 -0.0919 0.1678 339.62 6.37 25.06 -2.18 -1.06 9.69 -3.2800 4.1000 0.3000 -2.9756 0.3311 -0.1122 0.88 -6.21 7.53 191 375 209 223 205 
0.9107 -0.3757 -0.1060 0.1353 345.44 5.37 48.63 -0.76 -2.35 4.73 -1.6000 5.4000 -1.6500 -1.2078 1.0422 -1.2567 1.17 -7.86 5.73 192 342 211 225 202 
0.8876 -0.4521 -0.0870 0.0044 3.25 9.88 53.81 3.45 -2.50 1.31 1.7500 5.0600 -4.6100 1.4833 0.9600 -1.2033 1.98 -7.07 6.49 192 316 209 225 205 
0.9254 -0.3545 -0.0696 -0.1143 15.06 11.81 36.69 4.87 -9.56 14.50 2.5800 -4.0000 6.7700 0.3489 0.0389 0.2278 1.89 -5.21 8.08 189 325 244 241 205 
0.9447 -0.3048 -0.0688 -0.0993 9.75 10.69 35.56 1.79 -1.70 3.08 -0.1000 4.1600 -4.9300 1.3756 0.5467 0.8389 1.31 -5.06 8.29 171 302 306 311 210 
0.9760 -0.2112 -0.0370 -0.0392 3.62 3.56 17.06 0.57 1.91 4.59 -0.9500 4.1200 -1.1400 6.7033 2.4522 0.3689 -0.81 1.60 9.64 187 304 317 331 209 
0.9760 0.2066 0.0663 -0.0207 3.31 -8.06 -29.94 5.45 11.86 19.02 0.7400 -2.0900 5.7100 -2.4989 -1.7756 -0.3167 -0.42 4.33 8.78 187 309 327 363 220 
;
0.9715 0.2287 0.0027 -0.0620 7.56 -2.19 -26.69 -0.04 5.12 8.86 -0.0100 0.7800 0.5200 0.6467 -0.0089 0.0444 -0.37 4.82 8.52 185 320 331 366 222 
0.9611 0.2639 -0.0538 -0.0621 7.00 8.38 -30.69 2.69 5.05 9.92 0.0400 -1.5600 -1.0300 -0.7322 -7.4367 2.6011 6.75 3.52 6.17 186 313 290 285 214 
0.8143 0.1392 -0.5627 -0.0303 4.31 78.19 -78.44 9.88 -2.32 -0.08 -0.5600 -3.0900 1.4500 0.2056 -6.9189 1.4711 8.04 0.74 -5.56 186 285 260 262 197 
0.3250 0.0485 -0.9445 0.0049 355.31 32.63 -178.87 2.87 -0.87 -7.39 1.3000 5.4900 1.2100 -0.9144 -2.6433 1.3967 2.84 0.37 -9.37 190 293 277 263 195 
0.1245 -0.0177 -0.9914 -0.0364 2.69 12.50 -175.00 0.27 4.00 -11.38 -1.5600 2.7400 -1.8500 -0.1478 -0.4356 0.0078 1.94 1.13 -9.54 190 293 283 255 197 
0.1137 -0.0237 -0.9911 -0.0639 2.25 14.81 -173.06 6.85 2.97 -12.28 4.6800 2.2000 -4.2200 0.3000 5.6222 0.2944 6.02 0.75 -7.70 187 304 234 223 195 
0.5404 -0.0407 -0.8400 -0.0283 1.69 83.12 124.69 13.77 1.57 -5.26 2.3200 2.6600 -4.4800 -1.6544 11.1678 5.7900 5.68 -4.89 6.32 190 360 211 221 205 
0.9291 -0.3429 -0.1317 0.0442 354.81 6.75 45.06 -0.36 -4.41 2.10 -0.6700 3.6100 -4.5900 -1.8444 2.7878 0.4644 -0.37 -7.76 5.98 191 390 192 206 205 
0.8816 -0.4702 0.0400 0.0064 0.81 -4.25 56.25 -0.97 -3.16 1.11 -0.2000 5.0600 -4.1300 1.1878 0.3656 -0.8056 -0.45 -7.75 5.98 192 389 193 210 206 
0.9156 -0.3972 0.0286 -0.0565 7.37 0.69 43.44 3.21 -3.91 4.58 2.8900 2.0000 -2.5800 3.7167 -0.9856 0.1311 0.45 -4.70 8.59 192 392 193 217 206 
0.9843 -0.1676 -0.0355 -0.0422 3.25 6.37 14.81 4.16 -5.07 21.02 2.6400 -2.6100 11.7900 -0.1156 -0.1933 2.0589 1.16 -2.26 9.47 192 386 201 225 208 
0.9812 -0.1563 -0.0593 0.0964 345.69 3.44 22.19 -2.33 -5.80 10.87 -3.0000 -0.1200 1.7700 -2.1667 0.4856 0.4744 0.06 -5.14 8.34 188 388 205 228 206 
0.9351 -0.3191 -0.0513 0.1453 342.87 0.13 41.38 -2.89 -3.30 6.96 -3.0700 3.4600 0.0000 -1.8167 0.6711 -0.6722 0.03 -7.55 6.25 190 385 209 229 208 
0.8873 -0.4538 -0.0475 0.0670 353.25 1.94 55.44 -0.85 -4.51 3.68 -1.1200 3.3800 -1.6500 -0.5878 1.1889 -1.3967 0.83 -8.29 5.16 184 343 216 229 207 
0.8708 -0.4849 -0.0299 -0.0754 13.50 8.44 56.94 3.40 -3.08 2.83 2.2700 5.0900 -2.5000 1.0967 0.7544 -1.0700 1.83 -7.59 5.92 184 331 212 224 206 
0.8958 -0.4081 -0.0325 -0.1734 22.87 11.88 43.88 5.47 -10.91 10.86 3.5000 -5.1400 4.2300 1.0811 -0.0933 0.0733 2.14 -5.95 7.48 184 330 214 225 206 
0.9211 -0.3411 -0.0502 -0.1806 21.19 12.06 39.94 0.54 -5.66 6.18 -1.5400 1.4300 -1.7100 -0.0889 0.1011 0.3256 1.81 -6.37 7.23 183 308 246 252 206 
0.9254 -0.3455 -0.0327 -0.1526 18.44 8.38 37.00 0.34 -0.81 2.70 -0.6800 4.8400 -5.0800 3.5433 1.1733 0.2900 0.65 -3.90 8.97 186 323 318 326 210 
;
0.9821 -0.0811 0.0335 -0.1669 20.56 -6.00 0.37 -1.05 3.31 12.16 -0.7200 3.0800 5.1900 6.5567 1.3967 -0.3878 -2.19 4.46 8.45 190 345 337 364 229 
0.9370 0.2751 -0.0066 -0.2152 25.69 -5.62 -30.12 -0.77 4.85 7.16 1.4400 1.0000 -2.5000 0.7700 -0.2178 -0.2333 -0.84 5.36 8.16 192 343 346 373 225 
0.9343 0.2825 -0.0431 -0.2130 23.62 2.94 -31.81 2.13 5.05 11.79 -0.2600 -1.1900 2.0500 -1.5244 -7.6411 3.3256 6.23 3.32 6.79 186 299 263 262 213 
0.8232 0.0826 -0.5508 -0.1103 14.81 78.00 -74.69 9.22 -1.47 -2.86 -0.1200 -2.4200 0.6600 0.8744 -7.8444 1.4967 7.53 0.62 -6.24 188 271 222 256 206 
0.3101 -0.0197 -0.9500 -0.0313 3.00 26.31 -177.12 6.32 0.23 -6.29 1.4000 0.3500 2.3700 -0.9111 -3.1156 0.8289 1.55 0.90 -9.63 190 283 245 276 203 
0.0560 -0.0930 -0.9911 -0.0775 11.00 5.06 -170.94 3.00 7.18 -10.20 -3.1200 4.1200 -0.2700 -0.1011 -0.1656 -0.1522 1.24 1.73 -9.57 190 285 268 272 204 
0.0653 -0.0920 -0.9889 -0.0966 10.19 8.50 -169.37 3.05 2.02 -10.13 1.6100 0.4700 -1.1100 0.0556 0.9222 0.0422 2.02 1.74 -9.43 186 282 255 258 205 
0.1533 -0.0791 -0.9807 -0.0927 9.38 27.44 -171.25 11.00 4.31 -16.04 4.8600 4.2200 -9.5900 0.6411 10.4100 3.7856 9.20 -0.90 -3.24 190 334 200 211 206 
0.7467 -0.2351 -0.6221 0.0139 353.94 52.50 57.75 2.45 -2.28 2.09 -3.9900 3.3200 -4.4900 -2.4367 7.9633 3.7678 2.99 -7.56 5.46 190 386 187 199 208 
0.8787 -0.4687 -0.0886 0.0184 357.94 5.94 56.69 -1.09 -3.35 0.92 -1.7000 5.3200 -3.4600 0.2656 1.7033 -0.2333 0.43 -8.03 5.61 193 392 185 192 208 
0.9005 -0.4340 -0.0141 -0.0247 4.19 2.69 49.31 0.30 -2.88 2.80 0.2000 3.7900 -3.9900 2.3300 0.1500 -0.6156 0.57 -6.37 7.42 193 390 192 201 207 
0.9587 -0.2760 -0.0381 -0.0566 6.56 8.06 24.94 8.83 -3.79 15.90 6.3900 -1.4600 8.2900 2.3522 -0.9489 0.9189 2.10 -2.10 9.34 189 388 192 203 208 
0.9892 -0.0933 -0.1108 0.0218 353.56 12.13 11.13 1.01 -5.13 15.72 -1.0900 -2.9800 5.1800 -1.7311 0.4744 2.2244 1.30 -3.29 9.14 192 388 194 207 210 
0.9606 -0.2020 -0.0851 0.1707 337.81 4.06 29.44 -1.99 -3.08 7.82 -2.3700 2.4300 -0.9200 -2.2756 0.3433 0.4278 0.23 -6.52 7.31 194 377 189 206 209 
0.9014 -0.3814 -0.0819 0.1877 337.81 0.13 48.63 -2.18 -2.85 6.22 -2.2300 4.4800 -0.1200 -1.4878 1.0756 -1.0556 0.16 -8.02 5.63 191 363 190 204 209 
0.8726 -0.4778 -0.0678 0.0759 353.81 4.00 58.56 1.69 -2.39 3.28 1.0000 6.3100 -1.9500 -0.3456 1.2378 -1.4833 1.26 -8.37 4.94 188 362 193 206 208 
0.8751 -0.4745 -0.0452 -0.0836 13.88 9.88 53.31 4.54 -3.85 4.19 3.7200 2.3400 -1.1800 2.4089 0.7567 -1.3222 1.98 -6.40 7.15 191 372 202 216 209 
0.9404 -0.2809 -0.0718 -0.1775 20.56 15.88 26.94 7.17 -6.13 15.24 2.2000 -2.6200 4.2600 -0.4656 -0.3289 1.7978 2.72 -4.52 8.26 189 340 256 249 212 
0.9544 -0.2671 -0.0920 -0.0962 10.31 11.69 30.12 0.72 -2.49 4.40 -1.4300 3.1400 -4.3200 1.2856 -0.0089 0.3933 1.78 -4.15 8.70 188 296 299 297 213 
0.9772 -0.1681 -0.1063 -0.0741 8.56 16.62 13.00 5.63 3.03 5.06 2.4300 3.8400 -3.1900 5.0067 3.7067 -1.6800 1.42 1.48 9.58 192 291 318 334 213 
;
