0.9311 0.3608 -0.0383 0.0382 355.44 5.81 -41.94 1.13 6.40 7.29 0.1600 -0.0900 0.0500 -0.0422 0.0389 -0.0611 0.97 6.48 7.29 210 337 338 357 243 
0.9330 0.3560 -0.0386 0.0343 355.94 5.50 -41.63 0.93 6.48 7.27 0.0300 0.0300 -0.0400 0.0222 -0.0089 0.0433 0.97 6.49 7.28 210 338 339 358 243 
0.9322 0.3580 -0.0396 0.0361 355.37 5.87 -42.13 1.40 7.43 8.20 0.2100 1.5900 1.1800 -0.0444 -1.0233 0.4889 1.73 6.48 7.14 211 338 339 360 241 
0.9242 0.3568 -0.1281 0.0465 352.81 22.06 -42.25 5.73 6.42 7.96 0.7100 0.0000 1.3400 0.0544 -5.7044 4.2211 7.54 4.38 4.46 203 337 335 319 239 
0.7497 0.2824 -0.5729 0.1733 326.44 86.25 -3.62 7.78 -1.54 2.62 -2.1600 -0.3900 4.3700 -1.6856 -5.7133 4.8867 8.40 -2.71 -4.26 204 292 304 281 232 
0.2853 0.0580 -0.9343 0.2057 354.69 26.94 156.81 1.12 1.77 -1.25 -4.9800 6.1500 5.8400 -3.4956 -3.9289 0.7056 1.21 -1.31 -9.64 202 278 275 269 221 
0.0579 -0.0015 -0.9983 -0.0049 359.31 6.94 -176.56 2.42 2.13 -15.47 1.3700 0.2600 -3.8400 0.0711 0.4567 -0.2556 1.36 0.70 -9.68 203 292 290 273 220 
0.0722 0.0229 -0.9968 -0.0237 357.50 8.56 -177.50 2.88 0.04 -10.78 1.4100 0.4700 -1.3900 0.4222 0.6756 0.3667 1.84 0.11 -9.63 201 278 256 253 220 
0.1627 -0.0066 -0.9865 0.0200 3.00 27.00 173.19 9.13 1.87 -12.98 3.8300 1.8900 -2.9500 2.1622 6.4533 3.1711 7.32 -3.49 -5.50 194 305 315 298 228 
0.5382 -0.2230 -0.7884 0.1976 318.56 45.25 110.19 1.30 -3.24 -2.62 -4.4300 3.5600 -1.2000 -1.3144 2.5300 4.3122 4.50 -8.52 -1.80 203 332 354 351 233 
0.5808 -0.5742 -0.5258 0.2378 314.37 16.06 103.87 -0.70 -7.26 -7.94 -3.6000 1.6700 -7.5100 1.6556 -0.0144 1.6544 1.50 -9.57 -1.46 196 325 347 346 226 
0.6526 -0.5543 -0.3881 0.3409 305.75 7.75 74.62 -0.31 -2.15 5.26 -0.8100 6.7600 3.0400 5.3700 -0.5978 -0.8411 2.01 -7.17 6.37 199 338 348 337 225 
0.8309 -0.2551 -0.2608 0.4201 306.87 13.06 39.69 5.15 -5.44 16.84 1.1700 1.0700 7.5400 -2.7378 0.3167 0.1444 2.13 -7.30 6.19 200 337 345 334 226 
0.7603 -0.3976 -0.3502 0.3757 306.87 13.31 71.44 1.33 -7.17 -5.50 -0.9300 1.4700 -9.4900 -2.2656 -0.8656 0.4978 1.99 -9.56 0.88 197 316 341 330 225 
0.6759 -0.4830 -0.4127 0.3735 302.50 12.00 70.81 0.36 -2.88 1.78 -0.2600 6.2100 -0.1500 5.4467 -0.3767 -0.9933 2.68 -6.97 6.34 200 321 340 326 226 
0.8237 -0.1876 -0.2875 0.4513 302.44 18.37 33.56 4.96 -4.85 17.30 1.8200 0.6500 9.0700 -1.1978 -0.1578 0.0033 3.40 -5.60 7.29 199 322 341 316 223 
0.8055 -0.2331 -0.3341 0.4302 304.87 19.50 51.75 2.44 -3.16 4.40 -1.0700 4.8100 -1.4100 -5.1133 -1.1700 0.3800 3.33 -9.02 1.87 196 299 316 291 223 
0.6045 -0.4877 -0.5392 0.3255 302.19 19.12 100.00 1.13 -5.89 -5.87 -2.7000 3.0100 -3.8600 -1.0044 1.1833 -1.4078 4.03 -8.62 -2.36 191 281 298 275 221 
0.6071 -0.4758 -0.6017 0.2074 329.19 38.56 97.62 6.08 -1.82 -1.15 -0.8100 5.1900 -0.5300 2.7256 2.9611 -3.7611 8.10 -5.08 2.13 193 285 304 284 222 
0.8501 -0.1681 -0.4978 0.0365 357.44 49.88 16.37 7.00 1.41 10.48 0.0400 2.8700 6.3700 3.6400 4.3967 -1.8033 4.93 1.38 8.36 197 295 326 315 225 
0.9688 0.1237 -0.2149 -0.0013 358.56 21.50 -14.00 1.41 0.05 12.49 -3.0100 -1.0800 0.7800 -0.0122 -0.7633 -0.0900 3.84 2.09 8.77 201 298 332 315 229 
;
