0.6459 0.2214 -0.2671 -0.6800 92.81 2.94 -40.44 0.32 6.29 7.46 -0.4400 -0.1000 0.0000 -0.0589 -0.4267 0.1189 0.76 6.30 7.47 179 308 309 303 209 
0.6452 0.1861 -0.2859 -0.6836 93.50 9.81 -39.06 2.01 6.31 8.23 0.4900 0.0200 1.1100 -0.5422 -4.2033 1.2244 4.23 5.60 6.84 173 294 279 272 204 
0.5947 -0.0984 -0.4493 -0.6594 97.50 55.13 -44.44 10.52 0.23 2.75 3.1200 -2.7000 0.1700 -2.0867 -7.7578 2.3022 9.43 2.19 -1.55 173 250 232 220 172 
0.3065 -0.6043 -0.5987 -0.4271 110.00 51.94 -170.62 6.95 1.27 -7.72 0.3200 0.6600 0.1600 0.3133 -6.3078 1.2456 3.73 0.11 -9.06 173 255 235 220 166 
0.0804 -0.7896 -0.6001 -0.0999 106.06 13.50 -178.87 1.82 5.71 -8.14 1.4000 4.9400 1.1300 -1.0100 0.1133 -0.1944 1.96 0.95 -9.55 175 258 238 220 166 
0.0120 -0.7835 -0.6080 -0.1279 104.00 12.31 -171.19 2.90 1.16 -11.06 1.1300 -0.4600 -1.4100 0.0733 0.0300 0.0267 2.21 1.52 -9.43 176 257 236 214 168 
0.0214 -0.7783 -0.6105 -0.1450 103.44 17.31 -172.25 4.55 2.78 -12.84 0.6500 1.4100 -4.1700 1.3867 3.0500 0.4711 4.84 0.35 -8.51 173 282 191 191 169 
0.2131 -0.7551 -0.5855 -0.2038 105.00 36.13 167.31 7.39 -0.22 -10.88 -0.2900 2.7200 -2.6800 3.9644 2.3389 1.6800 6.58 -4.47 -5.71 172 343 181 196 170 
0.5482 -0.6738 -0.4849 -0.1017 13.69 40.81 111.37 3.28 -2.27 0.87 -2.6800 4.7300 3.5200 3.2922 0.4567 0.5189 6.08 -7.66 -0.53 171 358 204 205 174 
0.7211 -0.5359 -0.4384 0.0263 353.31 36.94 85.37 5.33 -5.12 8.15 0.6700 2.4300 6.9500 -0.4800 -0.4067 0.0156 6.00 -7.74 0.17 171 362 210 211 177 
0.6917 -0.5587 -0.4575 0.0060 2.37 39.06 96.69 6.70 -7.33 -1.43 0.7700 0.4900 -1.1500 -1.8767 -0.0067 -0.3322 6.32 -7.23 -1.94 3 363 203 209 176 
0.6176 -0.6398 -0.4523 -0.0679 11.50 39.56 107.37 6.48 -6.51 -4.99 1.2100 1.0800 -3.1700 0.8411 0.3856 0.2611 6.11 -7.45 -1.77 169 362 205 212 177 
0.6746 -0.6025 -0.4254 -0.0323 3.19 37.69 91.25 7.63 -4.03 1.30 -0.3400 2.5200 7.6700 -0.1633 -0.5900 -0.1911 6.22 -7.56 0.43 169 367 225 224 182 
0.7126 -0.5529 -0.4315 -0.0204 4.81 40.50 87.75 8.00 -6.81 0.58 -1.2600 0.3700 0.5600 -0.8467 1.3256 -0.4911 6.61 -7.22 0.55 166 369 228 224 182 
0.7094 -0.5550 -0.4216 -0.1043 21.19 48.69 88.50 6.17 -2.89 0.51 -1.0000 3.4800 -0.2200 -1.7011 4.3989 -3.4322 8.54 -4.34 2.07 168 307 232 244 189 
;
