0.9348 0.3134 0.0041 0.1672 339.62 5.56 -36.13 0.87 5.85 7.74 -0.1100 0.0500 -0.0600 -0.0167 0.0333 0.0467 0.95 5.75 7.88 187 318 328 344 219 
0.9343 0.3129 0.0051 0.1708 338.87 5.56 -36.06 0.90 5.79 7.83 -0.0200 0.0400 -0.0500 -0.0033 0.0100 0.0322 0.96 5.74 7.88 185 322 329 343 218 
0.9329 0.3129 0.0070 0.1781 338.31 5.62 -36.06 0.77 5.97 8.06 -0.4900 0.0900 0.0800 -0.0589 -0.2700 0.1333 1.11 5.72 7.88 186 322 327 343 220 
0.9305 0.3178 -0.0166 0.1814 337.87 11.31 -36.44 1.33 7.73 10.94 0.2200 2.0200 3.7700 -0.9756 -5.3889 1.2944 4.99 4.99 6.80 184 307 297 283 218 
0.8378 0.2950 -0.4375 0.1401 340.31 70.56 -53.44 9.50 -0.07 1.02 -1.5700 -2.0600 0.9100 -1.7589 -7.2311 3.6989 9.12 0.06 -3.59 185 267 255 252 202 
0.4147 0.1198 -0.8955 0.1080 348.44 42.63 170.06 3.15 0.15 -1.64 -5.6100 2.4400 5.5200 -1.7189 -2.6356 0.3633 4.99 -0.72 -8.40 183 283 254 248 198 
0.2266 0.0427 -0.9730 0.0021 354.56 25.44 -175.75 3.44 4.40 -13.08 -0.9200 2.5100 -3.9900 -0.0444 -0.0789 -0.4211 4.21 1.18 -8.77 186 287 257 252 199 
0.2246 0.0643 -0.9712 -0.0470 352.25 25.19 -172.87 6.45 0.64 -11.68 1.7300 0.0000 -2.9900 0.8200 0.2700 0.3044 4.33 0.53 -8.78 185 280 251 245 201 
0.2275 0.0595 -0.9717 0.0216 353.37 26.37 175.37 6.74 0.06 -14.50 2.6400 0.2800 -5.5800 3.4678 0.4444 1.7022 4.41 -3.49 -8.02 187 314 189 187 184 
0.2207 0.0075 -0.9236 0.3135 241.06 23.31 133.56 2.00 -2.54 -5.14 -1.1200 5.2300 2.1300 4.9000 0.5167 1.2722 3.12 -8.92 -2.60 181 329 174 179 176 
0.2095 -0.0092 -0.7368 0.6428 215.62 16.50 91.31 -0.06 -4.92 2.21 -2.5900 3.9700 3.2300 0.7056 0.3733 0.0300 2.68 -9.41 0.56 179 326 175 181 174 
0.2233 -0.0228 -0.6815 0.6965 214.50 15.63 85.56 2.08 -9.23 -0.23 -0.0500 -0.2000 -1.5900 0.5389 -0.4344 0.2589 2.49 -9.43 0.98 171 298 167 180 172 
0.1990 -0.0006 -0.6194 0.7594 210.19 14.81 66.37 0.62 -5.14 2.53 -2.2300 4.8600 1.3100 4.0222 0.0056 0.1689 2.47 -6.72 6.69 172 299 174 187 176 
0.2354 0.0518 -0.3365 0.9103 208.94 13.31 39.50 1.72 -2.93 12.53 -0.4400 2.2000 2.5700 -3.1011 -0.0233 0.5000 1.91 -7.66 5.80 174 285 179 190 177 
0.2128 -0.0086 -0.5048 0.8365 209.44 11.69 64.06 -0.65 -6.27 1.52 -2.2400 2.6400 -2.7900 -3.1544 -0.3789 0.0589 2.04 -9.44 1.69 178 289 187 193 183 
0.2213 -0.0417 -0.6793 0.6984 219.62 16.06 88.44 2.47 -7.19 -3.97 -0.8600 2.2700 -4.6500 -1.8111 2.6622 -2.4644 4.30 -8.79 -0.46 181 296 234 241 197 
0.4930 -0.0833 -0.7054 0.5024 288.25 46.06 83.87 4.33 -3.41 -2.60 -2.7700 2.1100 -4.0600 0.1322 7.7078 -6.7356 7.65 -2.36 5.65 182 294 296 300 207 
0.9664 0.0223 -0.2333 0.1053 349.50 17.06 -4.31 -6.32 4.33 15.73 -4.6100 1.8100 6.7000 2.8922 1.7967 -0.3767 -0.19 3.35 9.21 186 314 332 363 217 
0.9663 0.2362 0.0759 0.0688 352.19 -5.31 -26.06 -2.23 1.24 8.05 0.5500 -1.7300 -3.6100 0.7578 -1.1300 -0.4956 -0.06 4.62 8.64 184 308 334 362 218 
;
