0.9160 0.3398 0.1017 0.1873 336.87 -3.37 -41.44 -0.65 6.48 7.21 -0.1100 -0.0200 -0.1000 -0.0056 -0.0011 -0.0011 -0.58 6.47 7.33 189 311 316 323 221 
0.9160 0.3398 0.1018 0.1874 336.87 -3.37 -41.44 -0.61 6.48 7.25 -0.0700 0.0000 -0.1000 -0.0022 0.0022 0.0078 -0.58 6.47 7.33 189 313 317 321 219 
0.9160 0.3398 0.1018 0.1874 336.87 -3.37 -41.44 -0.66 6.49 7.25 -0.1200 0.0400 -0.0600 0.0256 -0.0800 0.0533 -0.52 6.49 7.33 188 310 309 323 221 
0.9152 0.3477 0.0745 0.1896 336.44 3.81 -41.69 1.18 8.30 10.89 0.9000 2.4500 3.8700 -0.5867 -6.0633 1.9067 4.34 5.90 6.51 192 204 200 211 217 
0.8431 0.3618 -0.3432 0.2010 328.62 54.63 -42.75 10.99 5.89 1.18 0.1800 3.3900 -2.4900 1.8756 -1.4889 5.1322 9.52 0.32 2.33 192 157 167 174 205 
0.6271 0.3254 -0.5362 0.4619 283.69 76.12 28.12 -3.98 -0.60 4.05 -12.7000 2.0200 1.8900 0.7878 -1.3367 -1.1911 9.70 -0.54 1.29 192 161 169 181 204 
0.5945 0.4323 -0.5258 0.4282 293.87 80.94 -67.12 21.99 5.43 -1.23 12.7700 2.5300 -0.4800 0.0511 -0.7389 -0.2278 9.59 2.03 0.08 193 167 172 185 206 
0.6159 0.4623 -0.5187 0.3713 297.69 80.12 -73.62 11.92 2.80 1.89 3.1100 1.6700 0.8700 -0.6644 1.3633 0.7133 9.66 1.05 1.31 192 213 187 187 207 
0.6547 0.3627 -0.5076 0.4269 291.00 76.06 2.19 11.75 -2.35 1.32 2.4300 -1.8800 -0.8200 1.4700 -1.7478 2.7044 9.53 -1.68 1.54 192 355 190 201 205 
0.4983 0.3486 -0.5724 0.5500 257.44 70.56 72.31 8.30 -1.66 -0.80 -1.5700 1.9300 -1.0100 2.7433 -0.2011 0.9311 9.03 -3.49 1.53 195 378 180 190 203 
0.3860 0.3899 -0.4849 0.6811 238.62 63.50 52.44 6.53 0.88 1.37 -1.7600 4.0700 -1.9300 0.0478 1.5556 -0.2144 8.47 -3.31 3.66 197 380 182 191 203 
0.4515 0.3149 -0.4256 0.7183 246.50 54.81 34.25 6.96 -1.88 4.24 -1.1000 0.4300 -1.5200 -1.1389 1.2033 -0.4622 7.59 -3.30 5.24 193 385 187 193 204 
0.5449 0.2189 -0.4159 0.6944 258.00 48.56 31.56 7.71 -4.58 4.59 0.4600 -1.1700 -0.6400 -0.4744 0.8967 -0.0478 7.02 -3.65 5.77 196 398 182 197 205 
0.5863 0.1599 -0.4184 0.6750 262.25 44.69 32.56 6.22 -3.78 7.61 -0.4300 0.1200 1.7600 -0.1311 -0.1633 0.0011 6.94 -3.84 5.75 196 401 190 200 206 
0.5850 0.1567 -0.4329 0.6677 262.37 45.69 34.44 5.40 -1.90 5.54 -3.1600 2.9400 -0.1200 -0.9211 0.3467 0.3800 6.67 -4.41 5.67 194 361 188 214 208 
0.6328 0.0365 -0.4475 0.6309 276.94 35.50 44.00 -1.19 -1.52 -1.87 -3.8300 4.9600 -8.5100 -2.4067 4.5722 -4.3856 5.42 -5.29 6.22 187 303 276 296 213 
0.9196 -0.1158 -0.2300 0.2969 332.19 10.00 10.75 -2.59 4.03 13.46 -2.0100 4.2400 7.6200 6.1900 -0.3767 -1.2822 0.37 2.45 9.48 191 330 337 357 212 
0.9684 0.1924 0.0588 0.1475 342.06 -4.25 -25.31 -2.20 7.41 29.48 -14.9000 -6.3600 7.2900 -0.4367 -1.9722 0.2067 -0.80 3.86 8.97 190 320 327 347 221 
;
0.9647 0.2090 0.0516 0.1519 342.19 -1.62 -25.37 1.82 5.80 7.66 0.9800 1.3600 -0.1700 -0.1211 0.6422 0.0256 -0.57 4.24 8.81 188 320 326 336 220 
0.9619 0.2127 0.0640 0.1595 341.25 -2.62 -25.31 0.34 4.06 8.48 0.5800 -0.1000 -0.0400 -0.1189 0.0756 -0.0089 -0.41 4.09 8.90 188 319 324 332 221 
0.9634 0.2105 0.0530 0.1569 341.37 -1.44 -25.12 -0.97 3.98 12.00 0.1000 0.0000 4.2100 0.1944 -3.1800 0.4389 1.85 4.28 8.62 189 316 307 298 220 
0.9469 0.2468 -0.1273 0.1620 338.69 25.37 -26.62 7.40 3.94 8.81 1.4100 -1.2500 0.6500 0.4956 -6.5633 3.2856 7.64 2.66 5.53 189 198 200 195 208 
0.7421 0.3035 -0.5201 0.2943 307.75 78.56 -11.06 4.07 2.19 3.28 -7.0400 2.6400 2.0100 1.9756 -1.0056 2.5700 9.58 -1.60 1.33 193 168 176 181 197 
0.5720 0.3095 -0.5971 0.4696 281.94 77.87 64.37 -1.90 1.71 2.44 -8.6000 4.7000 -0.0800 -0.7289 0.1244 -3.2867 9.74 0.17 1.09 193 173 177 187 196 
0.6524 0.3990 -0.5480 0.3389 307.37 78.25 -70.25 16.14 2.83 0.94 3.9100 -0.0300 1.5300 -0.2144 0.0322 0.0889 9.58 1.98 0.64 192 177 182 189 197 
0.6658 0.4035 -0.5413 0.3174 309.25 77.56 -62.94 10.92 2.53 1.31 1.7800 0.8200 0.1100 0.0822 0.6544 0.1656 9.55 1.77 1.29 190 201 197 196 204 
0.6708 0.3835 -0.5268 0.3541 301.06 79.87 -33.19 15.02 -0.06 2.74 5.6200 -0.6200 0.4100 1.1433 0.0100 2.5667 9.68 -0.72 1.34 192 322 212 207 208 
0.5564 0.3370 -0.5675 0.5047 267.94 72.69 65.00 9.01 -2.85 -1.40 -0.5900 0.1300 -2.5000 2.6278 -0.0667 1.8867 8.86 -3.81 1.71 194 378 193 197 204 
0.4062 0.3386 -0.5101 0.6783 238.44 59.50 55.19 5.85 1.31 1.72 -2.5900 5.8800 -1.4900 0.8333 1.5411 -0.0600 8.10 -3.82 3.98 196 381 196 195 203 
0.4114 0.3073 -0.4141 0.7516 238.94 51.81 37.00 6.70 -2.07 3.37 -1.1800 1.9200 -2.8900 -1.3378 1.6389 -0.2100 7.05 -4.07 5.46 193 395 194 200 204 
0.5137 0.1801 -0.4195 0.7264 252.37 42.81 36.19 5.46 -6.03 5.02 -0.5900 -2.2000 -0.3500 -0.1044 0.2000 -0.2489 6.55 -4.28 5.90 197 397 199 202 205 
0.5438 0.1332 -0.4157 0.7168 254.37 39.19 36.31 5.73 -3.52 9.87 -0.9700 0.4000 2.2200 -0.5344 0.3267 0.1844 5.93 -4.83 6.12 196 398 209 204 205 
0.5492 0.0977 -0.4283 0.7109 255.81 37.63 40.44 1.69 -1.23 4.64 -4.0300 5.3600 -1.3300 -1.8444 0.3133 -0.5211 6.02 -5.67 5.24 194 313 250 242 208 
0.6581 -0.0331 -0.4757 0.5826 289.62 34.31 44.38 4.46 -2.65 -3.41 0.4000 2.8600 -9.0200 2.3033 5.7822 -4.6511 3.99 -3.31 8.31 194 332 322 333 214 
;
