0.9613 0.2481 -0.1139 -0.0369 4.06 11.63 -29.75 2.93 4.63 8.73 1.0100 -0.2400 0.4100 0.0011 0.4567 0.2578 1.82 4.74 8.38 236 346 356 357 263 
0.9650 0.2471 -0.0878 -0.0077 359.37 9.50 -28.62 4.11 4.49 9.98 2.5900 0.0200 1.4600 -0.2067 -0.1767 1.4289 2.19 4.32 8.52 233 313 304 287 257 
0.9547 0.2250 -0.1680 0.0983 345.94 27.62 -24.75 10.34 5.34 7.52 4.7200 2.1800 0.7000 1.1089 -5.2044 5.0044 8.50 1.43 4.67 222 211 195 215 244 
0.7431 0.2226 -0.5416 0.3238 304.31 74.37 28.44 1.35 2.21 4.28 -10.2300 2.6800 2.5600 0.4544 -0.2433 1.5700 9.26 -2.67 1.76 221 210 197 217 243 
0.6306 0.2132 -0.6198 0.4157 297.12 76.56 54.44 10.56 1.27 -0.36 4.2300 1.5900 -3.0400 -0.6756 -0.7189 -2.1444 9.73 -0.17 1.20 229 224 216 226 250 
0.6823 0.2728 -0.6030 0.3105 310.56 82.94 3.19 10.28 -0.22 3.42 0.0100 0.0900 1.8200 -0.4489 0.8711 0.1278 9.66 -0.23 1.62 229 238 221 232 251 
0.7030 0.2407 -0.5908 0.3142 312.00 78.56 10.75 9.69 1.54 2.14 -0.0600 1.0500 0.2800 -0.4489 1.2856 0.1200 9.41 -0.56 2.69 235 379 281 254 257 
0.7668 0.1660 -0.5267 0.3272 314.69 58.38 12.75 5.74 -0.90 2.58 -3.0800 0.0600 -4.9600 -0.2344 8.1244 -0.6456 4.03 -1.01 8.87 222 408 284 253 254 
0.9432 0.0383 -0.1360 0.3005 326.31 15.06 -0.94 6.49 -0.55 11.15 4.0600 -0.2000 3.0400 1.6989 -0.8600 0.3000 2.88 1.30 9.27 225 417 283 256 254 
0.9363 0.1142 -0.1415 0.3003 323.31 21.31 -7.37 4.92 0.09 13.68 1.3500 -1.4700 5.5000 -0.6844 -0.9178 1.3189 4.55 0.20 8.68 226 418 278 257 254 
0.8984 0.0526 -0.2375 0.3655 314.31 27.44 10.13 0.13 -1.92 8.63 -4.3800 0.3200 -0.5200 -2.0567 0.1856 0.4467 4.29 -3.31 8.17 223 417 271 257 252 
0.8790 -0.0951 -0.3057 0.3533 317.25 29.56 26.69 1.96 -0.21 3.86 -2.7400 3.9700 -4.2300 -0.2089 1.0611 -2.5700 5.37 -3.22 7.54 220 408 263 254 252 
0.9255 -0.0405 -0.3251 0.1901 341.06 36.38 9.00 7.84 3.86 3.66 2.3000 4.6200 -3.3200 2.3611 -0.1644 -2.6800 5.81 1.13 7.81 222 404 267 256 255 
0.9454 0.1339 -0.2903 0.0629 352.44 35.69 -19.25 11.32 3.49 9.58 4.9200 0.0800 2.0500 1.4578 0.3767 -0.0822 5.72 3.54 7.13 224 388 261 257 253 
0.9192 0.2445 -0.2952 0.0901 347.56 35.69 -30.25 7.94 3.77 11.88 1.8600 0.2500 5.8400 0.2500 -0.6911 2.0867 6.41 3.39 6.59 226 387 279 264 255 
0.8822 0.2222 -0.3567 0.2125 328.06 52.38 -11.94 2.82 1.50 4.56 -5.3400 1.2700 -1.2600 -1.5733 -2.1556 2.5978 8.73 -1.50 4.19 225 368 296 279 255 
0.8029 0.0875 -0.5097 0.2964 321.44 58.81 15.63 2.83 1.23 3.03 -4.4000 2.0300 -3.1100 0.2356 5.4156 -3.8956 5.94 0.89 7.74 233 370 348 340 263 
0.9662 0.1364 -0.1921 0.1046 353.94 12.31 -20.37 -0.71 7.12 13.19 6.5300 5.5900 8.1100 1.1511 1.3889 -3.0011 -0.33 4.66 8.61 245 376 371 401 270 
;
0.9631 0.2559 0.0072 -0.0834 10.81 1.50 -28.69 3.39 3.46 9.58 0.9300 -1.3200 -0.3500 0.4211 -0.1922 0.1611 0.67 4.67 8.59 245 361 379 405 272 
0.9639 0.2448 -0.0514 -0.0906 10.50 2.94 -28.75 0.46 5.10 8.42 0.6700 0.5100 0.0300 -0.0911 -0.0444 -0.0456 0.55 4.67 8.60 245 358 376 404 274 
0.9644 0.2423 -0.0551 -0.0906 10.69 3.56 -28.69 0.53 4.45 8.70 -0.0900 -0.2300 0.3100 0.0533 -0.0400 -0.0400 0.62 4.72 8.56 245 360 380 408 273 
0.9633 0.2465 -0.0571 -0.0894 10.56 3.81 -29.31 1.63 5.38 9.32 0.8200 0.7600 1.1400 -0.2122 -0.5278 0.4744 0.95 4.74 8.53 243 368 371 385 275 
0.9647 0.2349 -0.0988 -0.0675 6.62 12.25 -25.69 6.95 2.26 9.25 4.5400 -1.4400 0.6700 -0.6589 -4.0078 2.6722 5.17 2.90 7.80 234 307 310 300 263 
0.9006 0.1503 -0.3983 0.0885 341.69 56.63 -13.44 10.23 1.56 3.25 1.3700 1.4500 -1.1700 2.5567 -3.3833 3.7600 9.35 -0.75 2.85 224 221 203 234 249 
0.6881 0.1717 -0.6081 0.3568 298.37 72.25 54.44 3.10 3.19 4.17 -6.9200 4.8400 2.9800 1.6478 -0.8911 0.6711 9.28 -2.83 1.36 223 208 209 229 241 
0.6212 0.2281 -0.6240 0.4155 296.25 76.87 58.44 10.68 0.27 -0.64 5.6100 1.9900 -2.8400 -0.6256 -0.2344 -2.0578 9.74 -0.21 1.04 224 214 216 235 240 
0.6669 0.2705 -0.6169 0.3185 308.56 83.75 2.50 8.42 -0.86 1.91 -1.2800 -0.3000 0.7300 -0.2667 0.4767 -0.0100 9.71 -0.52 1.24 225 221 225 239 242 
0.6875 0.2466 -0.6036 0.3198 310.94 80.00 13.56 8.71 2.48 0.96 -0.3200 2.8600 0.9100 -1.1144 3.4156 -0.6244 9.14 -0.14 3.52 231 341 268 265 251 
0.8438 0.1663 -0.4006 0.3161 319.62 40.63 -4.31 3.72 -0.17 8.10 -1.5700 -0.8400 1.5700 1.4144 0.0267 -0.4856 5.39 1.54 8.04 232 393 292 267 246 
0.8954 0.1838 -0.2213 0.3398 317.31 29.69 -11.13 4.37 -0.62 10.93 0.0100 -1.8700 2.6700 -0.6667 -1.6256 1.7200 5.66 0.75 7.97 233 414 296 272 249 
0.8519 0.1253 -0.2998 0.4108 307.25 38.25 7.25 2.37 -0.57 8.06 -4.1200 1.2000 0.5100 -2.0711 -0.5256 0.4767 6.20 -2.41 7.20 232 416 290 273 249 
0.8311 0.0133 -0.3996 0.3867 312.56 45.63 23.44 5.23 1.83 3.07 -2.4000 4.1800 -3.2000 -0.6944 -0.0444 -2.4711 7.69 -1.91 5.77 231 413 274 271 247 
0.8591 0.0616 -0.4613 0.2127 337.19 55.63 2.31 11.43 2.89 -0.15 3.6600 2.9600 -4.4400 1.0933 -0.2022 -2.2756 8.05 1.72 5.31 228 399 273 257 244 
0.8600 0.2097 -0.4559 0.0924 347.75 54.25 -33.81 13.34 4.28 5.80 5.1300 0.2700 1.7200 1.5156 -0.0200 0.3278 7.90 3.69 4.47 230 396 275 260 244 
0.8375 0.2925 -0.4354 0.1532 335.50 56.69 -35.94 10.66 3.04 8.16 1.2800 0.5000 3.4500 -0.2133 -0.0533 2.7000 8.64 1.54 4.35 231 405 282 263 246 
0.7881 0.2026 -0.4933 0.3072 313.44 65.00 9.00 4.48 0.24 3.65 -4.5700 1.5400 -0.3700 -0.6511 -0.0711 1.5400 8.76 -2.11 3.85 231 408 281 265 247 
0.7431 0.1077 -0.5442 0.3742 307.25 62.94 33.31 7.72 -1.14 2.00 -0.7300 1.1500 -1.8500 0.0011 0.1411 -0.7500 8.78 -2.06 3.83 231 406 283 264 245 
0.7607 0.1160 -0.5428 0.3366 312.87 65.25 24.94 8.99 -1.15 4.48 -0.5100 0.5800 0.9000 -0.0800 0.4167 -0.5644 8.88 -1.36 3.91 229 374 298 280 249 
0.7952 0.1216 -0.5161 0.2939 324.00 59.06 9.44 1.74 -0.04 3.47 -6.3300 0.4600 -3.0900 -0.5189 5.1378 -4.0611 6.00 0.71 7.71 237 364 357 351 262 
0.9723 0.1617 -0.1619 0.0472 359.06 10.50 -24.75 5.17 8.54 13.22 3.1000 2.5200 3.0500 0.4022 0.2189 -0.8589 0.91 4.51 8.65 243 354 362 384 270 
;
