0.9550 0.2953 0.0237 0.0110 358.69 -2.12 -34.31 -0.21 5.48 8.05 0.0500 -0.0400 -0.0100 -0.0078 0.0178 -0.0167 -0.37 5.52 8.09 192 332 314 343 224 
0.9554 0.2944 0.0228 0.0097 358.81 -2.12 -34.25 -0.28 5.46 8.07 0.0400 -0.0200 0.0000 -0.0056 0.0067 -0.0067 -0.36 5.51 8.10 191 331 314 343 222 
0.9555 0.2939 0.0219 0.0095 358.87 -2.00 -34.25 -0.04 5.45 8.22 0.4800 -0.2100 0.1700 0.3189 -0.0133 -0.0467 -0.28 5.70 7.96 191 328 303 327 222 
0.9503 0.3103 -0.0251 0.0085 358.69 11.00 -37.00 8.77 5.68 7.45 6.7900 0.7500 0.7300 0.7711 -3.3400 2.5000 5.02 5.57 6.31 193 256 244 247 221 
0.8834 0.3149 -0.3335 0.0956 343.00 47.50 -40.44 12.18 7.17 6.50 2.8300 3.8200 1.6100 0.2933 -1.0233 4.0556 8.73 2.04 3.96 192 193 181 202 216 
0.7643 0.2403 -0.5098 0.3134 308.81 71.00 8.44 0.99 1.68 2.70 -8.2400 2.0600 0.6500 0.1967 -1.3033 1.6144 9.38 -1.98 2.02 194 181 173 191 214 
0.6415 0.2200 -0.6204 0.3939 298.50 79.00 65.69 11.84 -0.06 -0.23 3.2100 0.9500 -1.6600 -0.1300 -0.0633 -1.3600 9.76 -0.56 0.69 195 189 181 198 215 
0.6292 0.2918 -0.6381 0.3343 302.69 85.69 4.12 7.53 -1.08 1.28 -1.8600 0.1700 1.2000 -0.0856 -0.6044 0.1744 9.76 -0.91 -0.07 195 193 184 201 214 
0.6228 0.2800 -0.6444 0.3443 301.81 84.62 5.31 10.41 -0.04 -0.22 0.2600 0.6100 0.0000 -0.1122 0.3333 0.0156 9.76 -0.92 -0.03 196 197 187 203 215 
0.6233 0.2851 -0.6398 0.3478 302.44 84.81 4.75 9.27 1.23 1.20 0.2900 2.2900 1.4900 -1.0978 1.9611 -0.4233 9.67 -0.59 1.46 195 229 228 234 219 
0.7687 0.1756 -0.5322 0.3083 323.00 56.44 8.19 11.48 -1.03 7.69 0.3900 -0.4700 2.2600 -3.3900 6.8556 -0.6756 4.31 -2.42 8.46 196 281 276 285 221 
0.9538 -0.1704 -0.1970 0.1497 345.44 16.56 30.00 4.47 -4.87 7.32 1.7400 0.3700 -0.8900 -4.5222 1.6689 -0.3456 2.02 -7.12 6.42 196 290 277 296 220 
0.8687 -0.4811 -0.1149 0.0262 358.94 9.44 64.81 2.06 -6.61 -0.02 0.6400 1.8900 -3.6300 -3.3400 0.0233 0.1500 1.53 -9.53 1.69 194 293 282 299 219 
0.7418 -0.6663 -0.0707 -0.0291 5.81 8.25 85.50 1.43 -7.24 0.55 0.7100 2.2200 -0.1400 -1.1356 0.0667 0.0278 1.39 -9.70 -0.01 193 293 285 300 220 
0.6919 -0.7182 -0.0561 -0.0482 7.94 8.50 94.00 1.61 -9.70 -3.48 0.7100 -0.8300 -4.1100 -0.0300 0.6033 0.3067 1.27 -9.68 -0.85 191 276 285 280 218 
0.7482 -0.6599 -0.0452 -0.0527 9.06 10.13 71.50 2.93 -2.85 8.86 3.1300 6.8300 6.5900 5.4178 2.4522 -1.3667 1.99 -7.22 6.31 195 299 314 299 221 
0.8735 -0.4719 -0.0521 -0.1072 12.56 10.88 64.12 1.95 -7.64 1.85 -0.3600 1.3700 -2.3900 -5.7311 -0.3644 0.5156 1.45 -9.69 -0.29 187 277 297 288 220 
0.5916 -0.8047 -0.0396 -0.0292 2.00 3.37 113.44 -1.09 -9.43 -9.23 -2.0200 0.0600 -4.9600 0.1700 -0.0122 -0.2444 0.51 -8.84 -4.19 180 268 297 278 218 
0.6050 -0.7952 -0.0369 -0.0140 6.44 6.06 93.94 -0.49 -4.40 -1.50 -0.1800 6.4300 0.6000 8.3011 1.3722 -2.0467 2.25 -8.16 4.93 193 280 308 300 221 
0.8911 -0.4314 -0.0718 -0.1214 14.94 13.31 52.56 3.21 -3.57 10.21 1.3000 3.6600 3.6500 -2.9311 -0.3878 0.4611 2.08 -8.83 3.71 190 278 302 299 220 
0.7485 -0.6572 -0.0666 -0.0589 6.19 8.00 92.75 -0.83 -8.45 -4.76 -2.7400 1.3800 -4.5500 -3.9678 -2.4389 1.1222 0.11 -9.10 -3.62 176 254 282 271 219 
0.5476 -0.8284 -0.0909 0.0747 343.44 -1.25 110.44 -1.71 -5.26 -7.74 -1.3100 4.8000 -3.9000 5.0722 -0.8178 -1.2067 0.53 -9.78 0.29 179 270 289 284 219 
0.8150 -0.5489 -0.1487 0.1110 344.00 7.19 61.38 0.52 -1.41 3.30 -0.2500 5.7200 -2.4300 6.5078 -1.0056 0.0178 1.59 -4.76 8.41 186 287 299 290 220 
0.9708 -0.0812 -0.1246 0.1885 336.50 13.63 3.75 3.02 1.21 16.99 -0.5200 0.2400 6.4400 3.4989 0.4811 -0.4922 2.13 1.95 9.37 194 303 314 309 221 
;
0.9600 0.1536 -0.0725 0.2228 333.87 11.50 -17.00 2.39 2.99 14.26 0.1100 -0.4000 3.6500 -0.2089 -0.4344 -0.1833 2.04 2.86 9.15 195 301 318 309 221 
0.9600 0.1746 -0.0751 0.2054 336.00 13.06 -18.31 2.73 3.05 9.07 0.4600 -0.0100 0.0300 0.1467 -0.0989 -0.1667 2.40 3.08 8.99 195 300 319 308 220 
0.9590 0.1819 -0.0949 0.1953 337.00 14.38 -18.81 1.37 2.74 9.90 -0.6700 -0.2300 0.3500 -0.0867 -0.2322 -0.0922 2.50 3.05 8.97 195 300 318 305 221 
0.9577 0.1847 -0.0978 0.1976 336.44 15.31 -19.25 3.01 3.05 8.82 0.3600 -0.1100 -0.0600 0.0900 0.2067 0.0256 2.53 3.18 8.92 195 301 318 306 222 
0.9550 0.1909 -0.0933 0.2072 335.19 14.88 -19.69 1.80 3.01 9.65 -0.7200 -0.1700 0.6400 -0.1622 -0.3244 -0.1411 2.60 3.12 8.92 196 300 320 307 221 
0.9570 0.1854 -0.1026 0.1982 336.56 16.50 -17.50 3.53 2.01 11.34 0.6000 -0.6900 2.0500 -1.3400 -0.8511 0.3744 3.39 1.84 9.01 196 299 318 300 221 
0.9600 0.1043 -0.1605 0.2042 335.94 23.12 -7.37 6.76 1.14 7.43 3.3400 0.0500 -1.2800 -0.4578 -0.6100 0.6767 4.70 0.69 8.57 196 282 288 256 217 
0.9279 0.1053 -0.2715 0.2328 331.06 45.25 -8.13 20.72 1.52 1.58 14.3000 1.6200 -2.3200 2.5500 -0.8389 2.4644 8.93 0.76 3.97 195 206 209 206 214 
0.7165 0.2549 -0.5355 0.3673 297.19 76.37 30.00 6.74 3.02 5.65 -6.8800 3.6600 1.6400 -0.1833 0.0300 2.7944 9.15 -3.12 1.61 193 188 194 198 210 
0.5908 0.2268 -0.6121 0.4741 284.25 70.94 59.44 1.16 2.23 2.73 -2.9400 3.9800 -0.9400 -0.7333 -0.6189 -2.6889 9.69 -0.84 1.21 193 191 197 202 210 
0.6442 0.3066 -0.6036 0.3560 302.12 85.00 2.06 13.00 -1.58 2.97 1.1300 -0.9000 2.8300 -0.2822 0.2989 0.4922 9.73 -0.71 0.89 194 197 201 204 210 
0.6467 0.2818 -0.6089 0.3628 301.94 82.56 34.00 7.56 1.02 0.88 -2.3500 1.9000 -0.1500 -0.3744 0.4256 -0.3811 9.69 -0.46 1.39 194 220 222 217 212 
0.7155 0.2538 -0.5594 0.3327 314.62 67.25 -1.56 13.24 0.67 7.66 4.1700 0.2500 2.3100 -1.9344 7.1400 -1.5756 6.02 -0.02 7.73 198 297 312 315 218 
0.9407 -0.0155 -0.2444 0.2347 336.37 21.00 15.94 3.66 -3.81 8.25 0.5900 -0.2400 -0.7800 -5.5889 3.0667 -1.1411 1.46 -5.90 7.68 194 312 321 321 218 
0.8926 -0.4424 -0.0789 0.0362 358.12 5.50 62.69 2.21 -8.29 -1.71 1.1500 0.7900 -4.4300 -5.3100 -0.3811 0.3833 0.84 -9.75 0.50 183 288 295 294 217 
0.6655 -0.7444 -0.0538 -0.0088 2.56 4.94 101.94 0.05 -8.19 -9.48 -0.6700 -0.4200 -7.1900 4.7856 1.6800 0.3533 0.68 -9.75 -0.75 180 275 282 299 216 
0.8069 -0.5851 -0.0455 -0.0673 10.13 9.00 67.44 3.16 -2.03 12.46 0.6800 4.8800 6.7200 -1.2033 0.2878 0.1422 1.35 -9.05 3.52 182 277 303 295 217 
0.7941 -0.6033 -0.0487 -0.0551 7.19 8.56 79.50 2.33 -7.79 0.18 -0.3600 1.9400 -1.9600 -5.5578 -0.8167 0.5478 1.08 -9.41 -2.52 172 246 277 281 216 
0.5109 -0.8567 -0.0712 0.0062 356.75 2.87 121.25 -1.58 -8.42 -14.25 -2.1300 0.2200 -8.8000 4.6211 0.8733 -0.6911 0.99 -9.29 -2.97 174 257 303 294 217 
0.7010 -0.7075 -0.0849 -0.0289 7.87 11.63 79.06 2.68 -1.18 12.53 1.1000 10.2000 14.3000 -1.0533 -1.2411 0.0022 2.49 -8.85 3.40 183 269 310 278 217 
0.7734 -0.6249 -0.0954 -0.0466 4.81 10.38 82.25 2.07 -9.10 -1.37 0.5400 1.3300 -2.0500 -1.0089 -1.8444 1.6378 0.63 -9.78 0.14 180 259 304 272 216 
0.6898 -0.7068 -0.1100 0.1119 336.56 -1.75 91.06 -0.73 -5.10 -6.03 0.5200 5.4600 -6.4300 4.9689 -3.8133 -0.2867 -0.20 -9.36 2.89 178 267 298 283 217 
0.8493 -0.3957 -0.1847 0.2966 323.00 6.44 36.50 0.06 5.66 8.64 0.6800 9.7100 3.5500 6.1744 -0.8100 -1.8733 2.23 -0.85 9.51 188 294 321 300 218 
;
