0.9499 0.2943 -0.0632 0.0844 350.06 10.13 -33.06 1.69 5.24 7.92 -0.1000 -0.0500 -0.4700 0.0856 -0.5533 -0.1544 2.02 5.26 8.02 250 372 361 369 280 
0.9492 0.2948 -0.0884 0.0662 352.12 11.88 -34.06 2.29 5.45 8.08 0.2200 -0.0900 0.0700 -0.1622 -0.1622 0.0733 2.11 5.28 7.98 246 365 354 356 281 
0.9504 0.2850 -0.1057 0.0651 352.19 15.25 -33.06 3.23 4.87 9.03 0.8700 -0.3100 0.7500 -0.1456 -3.3356 0.6800 4.37 4.90 7.27 243 331 306 318 273 
0.9092 0.2802 -0.3021 0.0605 350.69 40.25 -35.19 13.23 4.90 6.29 7.3400 3.2400 0.5800 0.3922 -2.9167 3.2456 8.30 2.79 4.39 227 220 211 248 258 
0.7703 0.2247 -0.5552 0.2188 320.44 77.44 0.62 3.15 2.62 2.91 -7.7900 2.7200 0.6600 0.7767 -1.3133 2.6211 9.55 -1.87 1.19 224 214 208 235 250 
0.6558 0.2025 -0.6315 0.3607 304.12 78.87 51.00 5.51 2.82 1.80 -1.2900 2.8200 -0.7900 -0.1433 -0.2700 -2.5356 9.74 0.12 1.08 230 225 217 244 253 
0.6943 0.2676 -0.6090 0.2747 316.69 82.75 -13.06 12.22 2.89 5.12 3.2800 2.9600 4.0000 -1.4244 1.1456 0.7511 9.57 -0.48 2.08 241 286 284 312 268 
0.7650 0.0967 -0.5757 0.2720 322.00 64.50 37.00 8.67 -0.68 3.33 -0.2100 2.1100 -0.1100 -5.1633 0.4267 2.5400 7.86 -5.31 2.48 247 346 367 363 273 
0.7255 -0.3109 -0.5799 0.2018 330.06 41.19 84.87 2.91 -5.66 -5.02 -3.2900 2.2600 -5.1300 -2.0800 0.3178 1.6433 5.29 -8.23 -0.63 248 358 382 380 275 
0.6526 -0.5133 -0.5270 0.1812 327.31 28.44 93.25 3.01 -8.07 -6.04 -1.8600 1.8300 -5.5800 3.8244 0.9911 0.8711 4.00 -8.74 1.92 247 357 388 383 274 
0.7936 -0.3664 -0.3764 0.3069 316.37 19.81 49.81 -0.53 3.49 2.65 -1.9100 2.5800 -1.0900 7.7256 3.3467 -0.0778 1.19 -2.72 9.34 248 355 381 368 275 
0.9369 -0.0342 -0.0726 0.3402 320.81 7.81 2.06 3.64 4.95 18.06 2.1300 3.7100 8.6000 0.9067 -0.2111 -1.0267 1.74 0.94 9.60 250 362 378 364 274 
;
0.9461 0.0821 -0.1067 0.2946 325.75 15.38 -4.50 1.52 0.37 10.23 -1.3900 0.1500 0.3000 -0.4089 -0.1089 -0.4111 2.66 0.51 9.42 249 359 375 356 274 
0.9558 0.0607 -0.1367 0.2531 332.94 17.37 -3.19 2.13 1.41 3.28 -0.9200 0.6800 -6.2500 1.7500 1.0778 -1.8144 2.32 1.77 9.36 246 351 370 358 272 
0.9710 0.1887 -0.0344 0.1428 347.31 -0.25 -28.12 3.14 10.93 18.38 0.4400 4.7200 10.3800 -0.7867 -2.4433 -0.2900 -0.17 4.32 8.80 264 362 399 392 292 
0.9737 0.2153 0.0324 0.0668 352.19 -1.81 -25.12 -1.08 3.73 6.40 -0.3100 0.1300 -1.1100 0.4633 0.0989 -0.0278 -0.23 4.44 8.73 266 361 400 400 293 
0.9670 0.2452 0.0009 0.0689 351.81 4.25 -28.81 3.91 5.45 12.69 3.7000 0.3200 2.3700 -0.9644 -4.8378 2.2022 4.53 3.77 7.83 257 298 329 323 282 
0.9086 0.2089 -0.3399 0.1235 340.56 54.13 -22.31 11.74 3.88 4.51 2.0600 2.1200 1.2900 0.3933 -3.1056 3.8667 9.45 -0.30 2.56 242 234 240 255 269 
0.6862 0.1628 -0.6357 0.3138 304.56 74.25 66.37 -0.69 1.07 2.77 -11.8500 2.8500 1.2800 0.3789 -1.1233 0.3756 9.28 -3.08 0.64 229 211 219 237 251 
0.6348 0.1818 -0.6634 0.3521 307.94 79.62 68.06 17.38 1.65 -3.72 10.6300 2.2400 -3.3000 0.3644 -0.5289 -0.9389 9.78 -0.43 0.45 225 211 219 237 248 
0.6675 0.2380 -0.6441 0.2880 313.25 85.00 3.37 9.82 2.47 4.24 0.7800 4.0800 3.7700 -1.3367 0.5178 0.4833 9.72 -0.89 0.88 233 248 275 278 259 
0.7169 0.1221 -0.6350 0.2604 321.37 71.12 47.00 9.81 -2.19 3.31 1.1500 0.5800 2.3200 -4.2100 0.5044 1.4400 8.44 -4.44 2.25 242 365 367 359 265 
0.7351 -0.2393 -0.6031 0.1966 331.37 46.81 79.87 4.17 -3.48 -4.42 -3.7500 3.5600 -6.3700 -2.8800 1.2278 2.8611 5.23 -8.29 -0.14 242 365 379 372 267 
0.6673 -0.5272 -0.4978 0.1700 330.94 27.87 93.56 4.84 -9.32 -5.59 1.0900 -0.2300 -4.6300 2.4211 0.9111 0.7567 4.09 -8.86 0.85 241 359 378 373 268 
0.7500 -0.4592 -0.3987 0.2602 319.44 18.19 65.50 -0.78 -1.50 1.75 -3.4800 6.8500 -3.4600 5.1556 1.6700 0.8067 1.59 -6.44 7.21 241 359 440 422 286 
0.9033 -0.1815 -0.1227 0.3690 316.50 1.50 16.31 -1.67 2.70 10.48 1.0800 4.1900 3.5000 4.9756 0.8211 -0.2233 0.06 0.97 9.75 284 396 408 405 307 
;
0.9341 0.1119 0.0353 0.3371 321.75 3.19 -15.81 1.14 3.93 16.39 -0.3200 0.7800 5.8200 -0.9756 -0.5656 -0.7767 1.11 2.11 9.51 274 385 389 379 295 
0.9529 0.1055 -0.0615 0.2776 329.25 11.63 -8.44 0.48 2.99 5.39 -1.6100 1.6100 -4.3500 -0.2367 -0.7433 -2.2989 2.37 1.43 9.40 264 359 371 362 293 
0.9781 0.1346 -0.0845 0.1342 348.25 5.44 -19.31 0.38 8.24 15.55 -1.9000 0.9600 0.1600 -0.6178 -0.8011 -0.0378 0.57 3.78 9.02 228 317 363 366 265 
0.9820 0.1755 -0.0393 0.0576 354.00 5.69 -20.62 1.60 3.07 9.91 1.3900 -0.2300 1.8200 0.7011 -0.8811 0.4067 1.71 3.91 8.82 234 322 359 334 260 
0.9545 0.2188 -0.1880 0.0762 348.87 34.13 -25.94 11.07 3.82 6.34 4.4300 0.4200 -0.6500 0.7522 -5.0600 4.0744 8.65 1.75 4.25 218 217 209 228 243 
0.7601 0.1993 -0.5634 0.2553 317.87 75.69 12.69 2.21 2.70 3.14 -8.6800 3.5700 1.0800 0.6256 -1.6111 1.8289 9.47 -2.30 1.02 218 203 205 220 240 
0.6502 0.1725 -0.6570 0.3405 307.19 77.81 63.94 8.94 2.58 1.02 5.5200 3.9500 -1.5700 -0.2889 -0.6422 -1.9656 9.75 -0.25 0.98 216 204 214 226 241 
0.6962 0.2307 -0.6236 0.2706 317.25 83.19 1.12 10.71 1.54 4.12 2.4000 2.6700 2.9700 -1.2033 0.9444 0.5333 9.66 -0.61 1.51 222 236 243 247 245 
0.7319 0.1277 -0.6138 0.2668 320.62 70.50 36.31 9.57 0.79 4.25 0.9700 3.1600 1.1800 -3.2367 2.1511 2.0422 8.28 -3.88 3.53 231 324 351 335 256 
0.7803 -0.1754 -0.5491 0.2427 326.31 47.38 67.56 4.71 -4.52 -1.14 -3.2600 2.0800 -4.0800 -3.8844 -0.2411 2.0822 6.00 -7.75 -0.04 235 359 374 367 261 
0.6675 -0.4544 -0.5607 0.1832 330.12 35.69 92.94 5.65 -7.16 -3.11 1.4100 0.6900 -1.5300 0.7722 0.2256 0.0433 5.75 -7.94 0.03 232 363 375 365 261 
0.6984 -0.4302 -0.5325 0.2084 325.06 32.75 82.56 3.91 -7.86 -1.99 -1.7100 0.5100 -3.7800 2.6822 1.2656 0.8900 4.57 -8.16 2.93 233 358 378 369 262 
0.8079 -0.3356 -0.3773 0.3041 318.25 20.50 49.19 -1.31 0.49 2.75 -4.1400 7.0300 -3.9800 5.0522 2.1900 0.2878 1.94 -4.31 8.58 233 348 374 359 261 
0.9199 -0.0776 -0.1085 0.3687 316.37 8.56 4.62 1.23 5.59 16.81 -0.5400 4.6000 7.1800 2.6067 -0.7944 -0.1378 1.58 1.84 9.50 235 351 369 352 259 
0.9191 0.1559 -0.0445 0.3591 318.19 11.88 -15.44 1.75 3.00 12.53 -0.7600 0.3200 1.8800 -0.6733 -0.6011 -0.5700 2.41 2.29 9.22 234 343 358 346 259 
;
