0.7783 0.2422 0.0098 -0.5792 73.31 -17.19 -22.50 -2.87 3.57 8.71 0.0500 -0.0200 0.0400 0.0000 -0.0089 -0.0033 -2.89 3.58 8.65 163 294 304 326 206 
0.7783 0.2419 0.0095 -0.5794 73.31 -17.12 -22.44 -2.81 3.56 8.71 0.1200 -0.0200 0.0600 -0.0122 0.0100 0.0033 -2.89 3.57 8.66 165 294 304 327 206 
0.7784 0.2415 0.0095 -0.5794 73.25 -17.06 -22.44 -3.55 3.25 9.28 -1.3800 -0.4600 1.0300 0.0456 -0.8044 0.1956 -2.46 3.64 8.76 166 298 302 313 204 
0.7902 0.1971 -0.0408 -0.5789 71.56 -5.44 -17.62 0.19 2.57 14.69 1.0400 0.4100 3.8100 -3.9833 -4.1356 1.5156 2.39 -0.25 9.50 116 261 245 233 204 
0.8269 -0.2495 -0.1266 -0.4878 59.31 30.37 23.75 3.09 -2.33 4.86 -2.4300 1.8800 -2.4400 -1.4833 -2.7900 1.3567 6.23 -4.89 5.78 109 259 211 192 182 
0.7889 -0.4376 -0.2332 -0.3630 48.19 45.50 48.19 6.93 -3.72 2.58 0.3600 1.0700 -1.6900 0.4289 -2.1722 -0.5367 7.84 -4.76 3.45 102 207 167 173 173 
0.7568 -0.4490 -0.3815 -0.2831 36.50 56.75 54.94 8.44 -0.42 -1.25 0.1200 2.9400 -4.8300 4.1922 -1.7556 1.0889 8.30 -3.94 3.41 108 215 169 179 176 
0.8468 -0.2332 -0.4729 -0.0699 4.81 56.31 28.25 4.54 4.30 3.57 -2.2300 7.7000 0.4000 5.1433 -0.0056 -0.5933 8.25 -0.17 5.29 106 175 157 165 139 
0.8606 0.1010 -0.4957 0.0588 354.56 62.25 -18.12 15.78 1.94 10.87 6.3700 3.7600 4.8400 -0.1333 0.8022 0.3211 8.74 1.48 4.18 108 191 175 173 159 
0.8618 0.0656 -0.5027 0.0173 359.19 60.19 -7.25 8.43 4.00 5.72 -0.3700 3.6100 0.5100 -2.7856 0.9778 -0.0033 8.18 -0.42 5.39 111 192 175 174 161 
0.8775 -0.0977 -0.4633 -0.0762 12.94 55.38 12.69 6.67 -0.02 1.14 -1.0800 1.1300 -4.7400 -1.4956 -0.2044 -0.8789 8.15 -1.41 5.25 111 190 177 175 161 
0.8526 -0.1738 -0.4585 -0.1805 25.50 58.44 12.31 9.17 -1.18 -1.25 1.5300 -0.5700 -6.7900 1.4078 -0.4856 -0.6578 8.58 -0.12 4.73 110 192 176 177 161 
0.8315 -0.0554 -0.5317 -0.1508 19.69 67.56 -13.13 13.27 0.50 18.25 8.9500 -0.3700 4.8600 -0.3478 1.6667 0.1356 9.16 0.67 3.42 114 198 184 178 160 
0.8503 -0.1079 -0.4826 -0.1802 23.75 55.94 7.56 12.02 -2.56 6.20 3.4700 -2.0900 -1.0500 -1.7444 2.9044 1.9000 6.77 -2.60 6.59 124 284 209 199 175 
0.9244 -0.2128 -0.2799 -0.1478 16.00 29.94 21.50 6.95 -3.42 4.18 2.1400 0.6200 -3.4200 1.2411 1.2989 2.0356 3.30 -2.88 8.77 139 305 205 198 178 
0.9796 -0.1317 -0.1499 -0.0245 359.75 16.31 12.00 1.88 1.56 7.43 -0.9300 3.5300 -2.3100 1.1344 -0.0078 1.1344 2.51 -1.15 9.40 135 254 184 190 175 
0.9871 -0.0317 -0.1346 0.0804 350.31 14.44 4.00 1.66 3.68 8.64 -0.4900 3.9200 -0.4100 0.1322 0.2656 -0.2800 2.18 -0.49 9.54 134 220 182 193 177 
0.9925 -0.0303 -0.1003 0.0629 354.19 10.13 5.44 2.72 1.18 9.35 1.2100 1.2800 -0.5100 -1.3144 0.5456 -0.8678 1.44 -1.65 9.55 133 217 184 199 177 
0.9914 -0.1106 -0.0695 -0.0090 2.62 8.13 14.31 1.32 -6.34 8.88 -0.0900 -3.6500 -0.7900 -0.7956 0.3400 -0.5800 1.27 -3.02 9.24 132 217 189 198 176 
0.9828 -0.1663 -0.0551 -0.0574 6.56 7.12 19.06 0.55 -3.28 8.34 -0.9700 0.4100 -0.8800 0.0478 0.1756 -0.0978 1.19 -3.16 9.20 146 240 206 203 178 
;
