0.7338 0.2762 -0.0309 -0.6199 80.25 -17.19 -27.69 -3.10 4.50 8.61 -0.0200 0.1100 0.6900 -0.1578 -0.4678 0.3067 -2.59 4.32 8.40 179 330 331 347 214 
0.7512 0.2338 -0.0654 -0.6139 77.56 -6.81 -25.06 1.29 5.29 12.45 2.1600 0.9900 3.0000 -1.4678 -3.5611 2.2522 1.75 3.24 9.08 177 332 316 336 213 
0.8142 -0.0001 -0.2282 -0.5338 62.25 29.00 -12.25 6.66 1.65 7.48 1.0600 0.1300 -1.0500 -0.6689 -3.4389 3.1600 7.01 -0.11 6.84 139 323 292 272 211 
0.8255 -0.2569 -0.3879 -0.3196 37.56 57.50 30.44 7.73 -0.93 3.64 -0.4800 2.3900 0.5600 -0.9956 -0.5678 1.7389 8.22 -4.21 3.26 104 238 171 173 171 
0.7717 -0.3928 -0.4736 -0.1615 21.81 60.25 65.44 9.53 -2.21 -2.26 -0.5700 1.8700 -5.6300 2.4644 -0.7511 -0.1800 8.67 -3.97 2.27 102 172 164 170 167 
0.8112 -0.2475 -0.5259 -0.0651 4.94 62.19 38.38 8.76 1.13 6.23 0.5800 3.7100 3.3100 3.4256 0.8911 -0.3000 8.50 -1.63 4.59 109 169 160 172 169 
0.8633 -0.0229 -0.5020 0.0477 352.44 60.19 2.94 7.78 1.79 20.67 1.5000 -0.6200 10.9000 1.0489 -0.5678 -0.1844 8.73 0.13 4.45 111 161 163 171 159 
0.8633 -0.0101 -0.5041 0.0244 358.87 60.31 9.50 6.64 2.34 7.15 -2.2600 3.6700 2.0900 -3.8733 0.8967 -0.3289 8.29 -1.94 4.85 112 165 168 173 161 
0.8539 -0.2079 -0.4582 -0.1325 21.81 56.88 26.44 8.23 -0.90 -3.03 -0.1000 0.9500 -8.4500 -0.7622 -0.5733 -0.8544 8.46 -2.28 4.38 113 169 174 176 161 
0.8265 -0.2277 -0.4754 -0.1978 23.69 61.56 20.19 8.42 -2.09 1.19 0.8600 -0.1600 -1.5800 3.6478 -0.2222 0.4389 8.72 -0.71 4.42 117 165 164 167 132 
0.8222 -0.1067 -0.5493 -0.1042 15.75 67.37 9.88 10.19 0.07 4.08 -1.6600 0.1700 -0.1300 -2.1767 1.5689 0.2589 8.49 -1.61 4.63 117 192 181 183 167 
0.8511 -0.2269 -0.4284 -0.2014 33.50 43.06 25.25 10.37 -1.87 4.98 3.0000 -0.3400 -1.5000 -3.7333 9.0233 -0.1356 1.85 -5.35 8.00 127 258 225 237 184 
0.8206 -0.3028 0.2111 -0.4363 61.13 -10.13 51.00 -2.70 -7.23 8.68 1.3900 1.9600 2.1800 -5.6111 1.4389 -1.5922 -1.53 -9.41 2.28 123 280 260 257 187 
0.5374 -0.5407 0.5007 -0.4100 76.12 -2.94 105.25 1.58 -6.54 -8.51 1.0600 2.0000 -5.1800 -3.7033 0.6400 -0.8633 0.30 -8.10 -5.51 115 249 245 245 187 
0.3248 -0.7045 0.5545 -0.3011 89.69 4.69 123.87 -3.17 -6.71 -9.12 -3.0300 2.9500 -3.5100 9.9456 0.4244 0.4178 0.62 -9.72 1.05 134 276 273 274 190 
0.5960 -0.3495 0.3481 -0.6336 93.31 0.37 54.81 -0.92 1.91 13.63 -1.0900 6.7100 5.6800 -3.3856 -0.4600 0.0978 0.10 -9.02 3.84 140 266 283 274 192 
0.5439 -0.4526 0.4338 -0.5577 90.56 3.06 86.81 -0.22 -8.25 -3.65 -1.6000 2.1200 -6.0400 -9.6500 -4.0700 -0.5533 0.26 -7.99 -5.67 141 227 245 234 189 
0.2679 -0.7770 0.5403 -0.1802 251.06 2.00 137.25 -0.40 -5.79 -14.87 -2.9100 2.7200 -4.8900 9.8700 2.0167 -0.2244 0.96 -9.73 -0.72 150 258 263 265 192 
0.5485 -0.4864 0.3917 -0.5560 91.25 6.06 75.75 0.15 -3.53 9.17 -1.1400 5.3000 6.2000 -2.2300 0.0667 0.1044 0.91 -9.72 0.91 150 257 263 263 192 
0.4763 -0.5867 0.4740 -0.4520 83.00 3.37 108.81 -1.78 -5.71 -9.08 -2.8200 2.3800 -4.9100 -5.0589 -3.2411 0.4900 -0.88 -7.03 -6.77 148 226 237 240 190 
;
