0.7899 0.0976 -0.2260 -0.5618 70.81 14.31 -24.87 2.52 3.94 8.61 0.0200 -0.0700 0.0200 0.0022 -0.0044 0.0022 2.42 3.99 8.62 165 302 286 286 200 
0.7898 0.0968 -0.2256 -0.5621 70.94 14.31 -24.75 2.52 3.90 8.64 0.0800 -0.0600 0.0000 -0.0089 -0.0333 0.0322 2.45 3.96 8.62 165 302 287 286 200 
0.7897 0.0927 -0.2279 -0.5620 70.62 14.88 -24.44 3.72 4.35 10.42 1.2600 0.6000 2.0300 -0.5544 -0.3467 0.5278 2.77 3.53 8.71 165 305 288 286 200 
0.8110 0.0357 -0.2178 -0.5419 66.12 20.12 -14.50 4.68 2.31 9.47 0.7700 0.6600 0.5400 -2.2311 -2.2989 2.1411 4.95 0.30 8.45 145 316 270 288 199 
0.8445 -0.1871 -0.2512 -0.4344 50.69 38.31 12.69 6.05 -1.35 6.59 0.0500 0.9700 -0.5000 -0.4289 -1.1567 1.9400 6.38 -3.01 6.80 121 319 287 305 200 
0.8642 -0.3083 -0.2703 -0.2916 34.69 40.13 31.62 3.01 -2.55 5.34 -3.3200 1.4700 -1.1300 0.0156 -0.5111 0.5456 6.29 -4.24 6.20 119 282 256 259 200 
0.8602 -0.3331 -0.3117 -0.2279 28.50 45.75 37.25 8.22 -3.19 4.08 1.3500 0.7100 -1.2500 1.0311 -1.2600 0.0444 7.56 -3.82 4.92 118 178 172 187 185 
0.8459 -0.2991 -0.4094 -0.1654 20.50 53.31 36.38 9.81 -3.22 3.51 0.9700 0.0000 -1.0000 1.8744 0.1567 0.6811 7.71 -3.09 5.20 119 180 167 180 176 
0.8749 -0.2005 -0.4354 -0.0684 6.06 52.38 26.06 6.26 -2.00 4.00 -0.9100 1.1000 -0.8900 2.2422 0.3811 0.3533 7.61 -1.77 5.92 121 177 165 180 176 
0.8955 -0.0472 -0.4411 0.0361 352.44 51.94 7.19 6.70 1.62 6.94 -1.7900 2.3400 1.3200 0.9922 -0.1956 0.1278 7.76 -0.18 5.98 123 161 160 170 161 
0.8864 0.0315 -0.4551 0.0784 349.12 55.13 1.12 10.28 1.45 6.15 1.6500 1.3400 0.4500 -0.7844 0.7878 0.2278 7.80 -0.56 5.91 125 178 171 181 171 
0.8969 -0.0151 -0.4366 0.0692 353.12 49.63 9.56 6.28 0.56 7.97 -1.0300 1.8100 1.4500 -1.8211 0.8067 -0.7800 7.08 -1.56 6.59 126 183 174 183 172 
0.9151 -0.1308 -0.3788 -0.0449 8.81 44.06 18.56 8.28 -0.50 3.67 1.2400 1.4000 -3.5400 -1.2556 0.3922 -0.4989 6.69 -2.61 6.66 127 183 175 184 172 
0.9103 -0.1894 -0.3447 -0.1295 15.94 42.69 18.81 6.86 -2.32 2.15 0.3100 -0.1600 -4.2900 1.9144 0.2844 -0.0422 6.58 -1.34 7.14 129 183 174 184 172 
0.9301 -0.0660 -0.3502 -0.0894 9.31 41.81 1.31 8.92 -0.01 7.75 3.1000 0.0000 1.1900 2.2411 0.3289 0.5133 6.48 0.75 7.32 132 179 175 186 172 
0.9361 0.0436 -0.3487 -0.0166 1.69 41.81 -6.94 5.24 1.63 9.52 0.3900 0.9100 2.7900 -0.0111 -0.7367 -0.1667 6.94 0.93 6.85 135 180 177 188 173 
0.9200 0.0314 -0.3895 -0.0281 3.87 45.81 -4.81 7.03 0.82 9.08 -0.1500 0.4200 2.5100 -1.3322 0.5189 0.0744 6.85 -0.15 7.01 132 185 178 190 175 
0.9257 -0.0789 -0.3635 -0.0687 10.38 42.44 11.13 5.65 -0.64 7.58 -0.9700 1.1700 0.3900 -2.6811 -0.6489 -0.0978 6.80 -2.64 6.55 132 189 181 192 176 
0.8904 -0.2474 -0.3522 -0.1478 21.69 44.31 30.50 4.39 -2.01 2.99 -2.1300 2.0800 -3.0500 -1.2444 1.0222 -1.6044 6.75 -3.50 6.18 137 243 215 227 185 
;
0.8660 -0.2886 -0.2605 -0.3145 44.50 36.19 21.00 5.87 -1.13 4.91 -0.3200 0.8600 -3.5900 0.3156 2.8889 -2.2956 4.24 -1.46 8.71 159 285 259 274 193 
0.8477 -0.0894 -0.1135 -0.5104 64.81 9.38 -3.37 1.88 1.65 9.66 0.5300 1.1800 1.3900 3.0311 2.6889 -0.8467 -0.33 2.56 9.45 177 312 281 320 195 
0.8151 0.1807 -0.0595 -0.5472 67.94 -6.75 -23.50 -0.90 6.02 14.58 0.4000 1.1300 4.0300 0.0100 -0.1022 0.2056 -1.20 4.19 8.78 179 314 297 318 196 
0.8104 0.2122 -0.0638 -0.5422 67.87 -7.00 -24.50 -0.66 3.91 8.24 0.5000 0.0700 -0.3300 0.3500 -0.2522 -0.0922 -1.00 4.23 8.78 180 312 297 317 197 
0.7992 0.2087 -0.0885 -0.5567 69.87 -4.50 -25.50 -0.65 4.17 9.50 0.0000 -0.0100 0.7100 -0.2222 -0.4133 -0.0922 -0.51 4.05 8.91 179 312 294 310 197 
0.7955 0.1771 -0.1062 -0.5697 71.37 -0.88 -23.12 2.74 4.19 12.14 2.9300 0.3800 3.5200 -0.5844 -0.2044 0.5200 0.17 3.47 9.16 177 314 280 314 197 
0.8214 0.0983 -0.1357 -0.5453 64.62 9.25 -15.06 4.22 3.21 11.48 1.5300 0.7700 1.3200 -2.9022 -2.3567 2.8611 3.12 0.12 9.29 139 321 294 311 198 
0.8848 -0.1896 -0.1924 -0.3796 42.81 31.00 19.69 -0.51 -1.06 4.64 -4.8900 2.5700 -3.1600 -0.8056 -1.7611 1.4789 5.65 -4.38 6.70 114 310 285 295 200 
0.8747 -0.3373 -0.2288 -0.2623 32.69 35.75 35.69 4.04 -3.32 5.60 -1.6000 1.0500 -0.9400 0.4300 -0.3467 -0.3856 6.02 -4.40 6.35 118 287 267 263 199 
0.8638 -0.3270 -0.2955 -0.2442 29.62 44.69 34.19 9.89 -3.09 3.17 2.7500 0.1500 -2.0400 1.6900 -1.8389 0.6322 7.67 -3.45 5.03 106 192 180 189 180 
0.8565 -0.2559 -0.4330 -0.1160 11.44 54.19 32.94 7.46 -1.05 1.02 -0.2900 2.2200 -3.1700 3.7478 -0.5089 0.5700 8.09 -1.98 5.16 111 178 167 178 177 
0.8867 -0.0417 -0.4573 0.0540 349.81 53.56 6.56 6.59 3.34 9.17 -3.5600 3.7900 14.8100 -0.6489 -0.8922 -0.5244 8.18 -0.12 5.40 116 167 164 175 155 
0.8763 0.0473 -0.4720 0.0848 349.00 55.81 0.56 7.95 1.03 6.51 -0.6800 1.3800 1.1000 -0.9544 0.4522 -0.0356 7.87 -0.46 5.82 119 178 171 181 165 
0.9003 -0.0204 -0.4324 0.0464 356.44 49.19 8.19 6.62 1.60 7.19 -0.0100 2.8500 0.0800 -2.0311 0.5667 -0.8933 7.19 -1.37 6.52 121 180 174 183 165 
0.9122 -0.1189 -0.3846 -0.0766 12.19 46.00 13.19 8.71 -1.01 2.66 1.6500 0.2700 -4.4400 -0.2589 0.2367 -0.6511 7.01 -1.33 6.72 122 181 171 183 165 
0.9116 -0.1009 -0.3806 -0.1179 13.75 46.00 5.00 8.02 -1.17 5.13 0.2800 -0.7900 -0.8000 1.7033 -0.4200 0.0667 7.18 0.33 6.66 125 182 163 183 165 
0.9014 0.0227 -0.4282 -0.0601 5.81 50.88 -11.00 4.63 2.76 16.56 -3.8000 1.6500 10.6000 -0.7478 -1.1033 -0.1944 7.94 1.13 5.62 127 179 171 184 165 
0.8904 0.0211 -0.4506 -0.0598 8.06 51.56 -5.87 6.44 1.00 8.68 -1.6200 0.6100 2.6600 -1.9544 -0.0333 0.3933 7.58 -0.48 6.19 129 186 177 186 167 
0.8997 -0.1313 -0.3979 -0.1226 19.50 46.00 15.75 4.48 -0.43 4.93 -2.6600 1.7000 -2.5500 -3.4511 5.1100 -2.2911 5.04 -2.94 7.87 136 252 224 231 183 
0.8871 -0.2194 -0.1370 -0.3823 53.50 17.56 14.88 3.41 -0.22 5.02 1.6900 1.4600 -3.3300 2.8800 3.4322 -2.8689 0.62 -0.29 9.78 168 305 278 307 192 
0.8049 0.0305 -0.0172 -0.5923 74.69 -3.00 -7.44 1.29 4.00 11.03 0.5600 2.7800 1.8400 1.6356 -0.0311 -0.0600 -0.89 3.00 9.29 175 318 288 326 193 
;
0.7696 0.1758 -0.0714 -0.6097 76.87 -6.94 -23.69 -0.96 6.78 13.66 0.9800 2.9800 5.2200 -0.1722 0.3056 0.1878 -1.44 4.42 8.63 177 315 288 325 195 
0.7674 0.2197 -0.0823 -0.5967 75.62 -7.69 -26.56 -1.41 4.27 8.59 -0.2900 -0.2100 0.1100 -0.1422 0.0389 -0.0944 -1.43 4.30 8.69 177 317 300 332 199 
0.7648 0.2225 -0.0845 -0.5986 76.19 -7.44 -26.50 -0.81 4.27 8.55 0.5300 -0.0400 -0.0100 0.0522 -0.0122 0.0433 -1.16 4.40 8.68 177 314 301 329 200 
0.7623 0.2149 -0.1055 -0.6014 76.87 -4.12 -26.87 0.65 5.16 12.92 1.0900 0.6700 3.9000 -0.9678 -0.7900 0.0678 -0.08 3.83 9.02 175 315 291 310 200 
0.7717 0.1141 -0.1262 -0.6128 76.19 6.44 -16.31 4.74 3.92 10.68 3.1500 1.0700 0.3300 -1.9789 -2.1489 1.6800 2.84 1.03 9.32 162 320 298 312 200 
0.8287 -0.1273 -0.1650 -0.5193 60.38 27.87 9.81 1.55 -0.20 6.87 -4.2700 1.1200 -2.6600 -2.3122 -4.1567 2.0456 6.36 -3.78 6.42 120 228 194 197 192 
0.8130 -0.3885 -0.2667 -0.3421 44.13 46.63 40.94 5.75 -1.86 3.30 -1.2700 2.7000 -1.3100 0.7511 -0.3600 -0.3689 7.60 -3.97 4.75 110 191 172 179 186 
0.8055 -0.3649 -0.3457 -0.3140 42.25 52.56 35.56 11.41 -2.66 4.25 4.2000 0.8500 -1.3600 0.8544 -0.8344 0.1911 7.99 -3.19 4.69 115 189 170 182 185 
0.8293 -0.3125 -0.3901 -0.2498 28.06 52.56 31.50 8.91 -0.05 1.52 -0.5200 3.1200 -3.3900 4.0600 -0.1689 2.0867 7.46 -2.65 5.77 118 190 174 183 185 
0.9056 -0.1144 -0.4083 -0.0046 354.87 47.25 12.63 5.09 2.62 8.88 -1.8600 3.1700 3.4300 3.2600 -0.7056 0.9056 7.34 -0.35 6.48 120 174 167 178 176 
0.9068 0.0133 -0.4089 0.1014 346.94 48.94 3.94 9.22 1.45 7.30 1.6200 1.6400 0.3700 -1.2633 0.8244 -0.2111 7.22 -0.82 6.57 123 188 175 188 182 
0.9166 -0.0315 -0.3936 0.0619 354.75 45.19 9.69 6.23 1.36 6.27 -0.3300 2.3700 -1.4400 -1.7244 0.6889 -1.3367 6.73 -1.40 6.98 123 184 175 189 182 
0.9281 -0.1014 -0.3512 -0.0704 11.13 41.00 9.50 8.42 -3.08 2.71 2.6000 -2.1500 -4.6400 0.7733 -0.2367 -0.7478 6.54 -0.49 7.28 124 184 164 189 182 
0.9292 -0.0270 -0.3542 -0.1017 10.69 41.25 -4.56 6.01 0.13 7.97 -0.4100 -0.9800 1.2300 1.8189 -1.0267 0.4911 6.97 1.33 6.75 126 175 170 188 182 
0.9118 0.0386 -0.4053 -0.0535 6.81 48.00 -9.63 9.66 1.33 7.60 0.6000 -0.4100 0.7400 -0.8011 0.6456 0.4122 7.04 0.58 6.79 126 187 176 190 184 
0.9163 -0.0172 -0.3967 -0.0524 7.75 46.75 2.75 4.89 0.47 7.88 -2.4000 1.0200 0.7600 -3.0922 1.1289 -0.9600 6.71 -1.47 6.99 134 228 206 218 188 
0.9131 -0.1830 -0.3035 -0.2013 31.19 35.69 16.56 5.43 -0.18 4.32 -0.5300 1.9500 -3.9700 -1.6356 5.0300 -3.4678 3.82 -2.22 8.75 152 286 234 272 193 
0.8527 -0.1201 -0.0769 -0.5026 67.31 8.69 1.94 3.59 4.03 6.62 2.0200 3.2700 -2.2100 4.8278 3.1500 -1.8278 -1.17 3.05 9.24 178 323 290 331 196 
0.7458 0.2230 -0.0865 -0.6218 79.75 -9.81 -28.12 -3.58 6.46 11.43 1.1300 5.7800 6.0500 0.3300 0.0356 -0.5567 -1.98 4.82 8.30 180 326 282 345 203 
;
0.7328 0.2432 -0.0847 -0.6298 81.75 -9.06 -28.12 -1.28 3.97 9.04 -0.0800 -0.2200 1.1000 0.0533 -0.9578 0.0233 -0.93 4.60 8.60 179 320 285 323 202 
0.7245 0.1899 -0.1355 -0.6485 84.06 -1.81 -25.12 0.95 5.33 11.80 1.0400 1.2000 2.3000 -1.7311 -1.3111 0.5278 0.55 3.08 9.29 178 321 292 329 203 
0.7518 0.0465 -0.1263 -0.6456 79.06 10.69 -10.31 4.37 1.86 8.37 1.5900 0.5500 -1.1500 -1.6311 -4.2956 3.4111 4.51 -0.16 8.70 152 292 264 267 201 
0.8125 -0.2449 -0.2339 -0.4745 55.88 44.63 22.31 7.81 -1.01 3.61 -1.7600 2.1500 -1.4500 -0.3844 -0.9511 1.6511 7.47 -3.93 4.97 111 175 164 190 190 
0.7966 -0.3895 -0.3348 -0.3187 43.00 53.63 41.56 8.03 -1.96 1.67 1.6600 2.3300 -3.1200 1.1644 -0.7378 -0.9522 8.35 -3.03 4.14 121 172 159 187 189 
0.8020 -0.3192 -0.4355 -0.2555 29.06 59.38 32.94 9.43 -0.17 3.24 0.1200 2.1600 -0.9900 3.6200 0.1767 1.7822 8.08 -2.53 4.93 124 175 171 190 189 
0.8813 -0.1346 -0.4522 -0.0274 359.25 52.31 16.12 4.59 4.23 6.83 -3.0700 5.4100 1.1500 3.5667 0.4611 0.5189 7.52 -0.26 6.28 120 161 158 167 182 
0.9049 0.0569 -0.4120 0.0905 350.81 49.50 -1.75 11.23 0.29 9.94 2.8300 2.0800 2.7100 -0.3778 -0.1411 0.3311 7.53 0.04 6.27 123 179 175 189 189 
0.9108 0.0042 -0.4105 0.0436 356.25 48.13 4.12 6.50 2.32 6.90 -0.9500 2.7300 0.0500 -1.7200 0.8611 -0.8900 7.03 -0.88 6.77 122 180 176 190 189 
0.9198 -0.0876 -0.3759 -0.0710 12.56 44.56 8.94 9.61 -0.19 2.97 3.0200 0.2000 -4.3700 -0.9267 0.0578 -0.9967 6.91 -1.10 6.86 124 177 176 190 188 
0.9053 -0.1176 -0.3726 -0.1667 19.50 46.00 5.62 6.51 -2.03 3.89 -0.9800 -2.0900 -2.9600 2.4811 -0.2489 0.0411 7.17 0.45 6.67 126 175 170 190 187 
0.9078 0.0109 -0.4092 -0.0911 9.50 49.50 -10.88 8.02 3.72 17.08 0.4400 1.4900 7.6300 -0.5567 0.1400 0.0811 7.53 1.07 6.17 126 177 173 189 186 
0.9037 -0.0003 -0.4207 -0.0799 11.38 49.19 -2.25 3.61 0.46 8.14 -4.2300 0.6300 0.7600 -3.3100 0.1689 -0.6156 7.40 -0.96 6.35 133 212 201 210 191 
0.8925 -0.1750 -0.3458 -0.2307 36.19 38.88 12.63 5.81 -0.06 3.35 0.0900 1.2100 -4.7400 -0.8044 4.6211 -3.0767 3.91 -1.41 8.88 155 293 240 288 196 
0.8475 -0.0659 -0.0759 -0.5212 67.50 3.31 -3.00 0.56 3.29 7.45 1.0300 3.0000 0.5200 3.7956 1.3911 -1.2056 -1.25 3.25 9.16 177 326 290 332 198 
;
0.7574 0.2072 -0.0751 -0.6146 79.56 -10.38 -26.00 -1.88 5.96 10.88 -1.9600 3.8800 4.8900 1.4133 -1.5733 -0.1744 -1.55 4.83 8.38 179 323 302 335 200 
0.7360 0.2366 -0.0976 -0.6267 80.56 -7.94 -28.44 -1.06 4.31 7.96 -0.3600 -0.2300 -0.1200 0.4467 0.3389 0.2222 -1.41 4.96 8.34 179 318 281 327 201 
0.7399 0.2326 -0.1373 -0.6161 80.25 -1.75 -29.81 2.47 7.39 12.67 2.5200 2.7300 4.3800 -1.6978 -1.0300 0.3967 0.68 3.83 9.00 170 307 285 302 201 
0.7646 0.0519 -0.1730 -0.6187 75.37 17.69 -14.19 6.84 2.48 8.93 2.5200 0.5900 0.0000 -2.6556 -4.2300 3.9167 5.93 -0.80 7.76 127 247 232 231 200 
0.8033 -0.3369 -0.2668 -0.4123 50.38 44.44 34.31 1.15 -3.04 3.91 -5.8100 1.1100 -1.1200 0.0233 -2.4533 0.5000 7.40 -4.74 4.34 110 177 171 183 186 
0.7863 -0.4319 -0.3257 -0.2984 41.44 51.69 50.00 6.78 -1.45 2.95 0.7700 3.4900 -1.3500 0.6367 -0.3500 -0.4756 8.06 -4.13 3.75 114 181 176 186 188 
0.7882 -0.3821 -0.3907 -0.2830 36.25 57.31 41.50 12.11 -1.15 -0.99 1.3100 2.5000 -4.0900 4.5111 -0.0667 1.5089 7.95 -3.05 4.85 116 181 179 188 187 
0.8757 -0.1873 -0.4390 -0.0730 4.06 52.38 20.81 4.80 2.96 6.87 -2.9700 4.3000 1.8500 3.6556 -0.1700 0.3200 7.72 -0.76 5.99 120 164 165 173 178 
0.8963 0.0044 -0.4388 0.0641 354.44 52.94 3.44 10.30 3.05 9.25 2.7800 3.1800 2.3000 -0.7489 0.3589 -0.1000 7.82 -0.38 5.90 122 182 180 190 184 
0.9029 -0.0387 -0.4281 0.0071 1.50 50.13 7.87 7.62 2.36 4.66 0.0000 3.0700 -1.9300 -1.5256 1.0378 -0.9700 7.15 -1.05 6.62 124 181 181 190 186 
0.9207 -0.1097 -0.3539 -0.1227 18.44 42.06 8.38 9.14 -2.14 1.46 2.8900 -1.2300 -5.8200 0.5278 -0.7344 -0.4644 7.01 -0.51 6.83 123 180 181 191 185 
0.9024 -0.0662 -0.3972 -0.1534 17.06 48.69 -2.87 6.83 0.53 7.11 -1.0800 0.8800 2.3700 0.5089 -1.1611 0.0889 7.87 0.74 5.80 125 177 178 190 185 
0.8828 -0.0282 -0.4534 -0.1196 17.00 52.00 -3.06 5.98 0.28 8.00 -1.9300 0.1800 1.5900 -2.4056 0.3767 -0.1433 7.37 -0.72 6.42 128 187 187 198 188 
0.8827 -0.1792 -0.3730 -0.2227 32.94 44.25 15.50 4.45 -1.49 2.66 -2.7200 0.5000 -4.3700 -1.4456 4.8567 -2.8411 4.51 -2.03 8.46 153 290 242 278 195 
0.8633 -0.1287 -0.1099 -0.4755 62.75 11.13 2.50 1.39 2.13 5.84 0.4000 2.2400 -2.7100 4.0956 3.1878 -2.2122 -0.82 2.54 9.43 179 338 306 343 198 
0.7644 0.2333 -0.0681 -0.5972 77.19 -12.19 -31.44 -1.69 9.42 11.05 1.0400 10.2400 5.7900 0.5233 1.0711 -0.6100 -3.00 5.32 7.66 177 333 314 348 203 
;
0.7376 0.2768 -0.0462 -0.6141 80.06 -14.81 -28.25 -2.75 4.03 7.61 -0.3100 -0.5400 -0.2100 0.0900 -0.2156 0.0511 -2.32 4.53 8.37 180 336 308 350 205 
0.7355 0.2667 -0.0668 -0.6193 80.12 -12.75 -29.87 -2.79 5.19 10.72 -0.6400 0.5400 2.9900 -0.1033 -2.0467 0.2233 -1.11 4.70 8.52 180 326 299 331 205 
0.7454 0.1862 -0.1165 -0.6295 78.75 -2.69 -22.06 1.51 4.90 11.42 1.4100 0.8600 1.7700 -2.0711 -0.6800 1.6056 0.17 2.22 9.54 164 330 287 320 205 
0.8279 0.0129 -0.0918 -0.5531 63.13 13.31 -2.75 3.10 0.73 7.63 0.4400 0.8600 -1.8000 -2.4356 -3.8844 3.2567 4.52 -1.89 8.48 128 212 204 212 199 
0.8677 -0.2679 -0.2396 -0.3432 40.88 39.56 24.69 3.99 -1.65 4.22 -2.5100 2.1400 -1.6700 0.8600 -1.0756 0.1678 6.75 -3.10 6.39 115 168 169 182 188 
0.8553 -0.2774 -0.3295 -0.2879 36.81 47.88 22.75 10.51 -0.28 4.55 3.8600 1.7600 -2.1800 1.4489 -0.7044 0.2733 7.58 -2.07 5.85 118 173 171 185 190 
0.8665 -0.2043 -0.4044 -0.2093 21.56 52.00 16.25 6.90 1.92 3.21 -1.9200 3.7000 -1.9000 3.8556 0.0322 1.7122 7.64 -1.03 6.05 121 175 176 190 191 
0.9023 -0.0154 -0.4308 0.0079 355.56 51.13 -1.69 4.35 4.67 22.87 -5.9400 0.5000 20.0300 -1.2578 -0.3267 -0.8600 7.55 0.38 6.24 123 174 175 192 190 
0.9042 0.0189 -0.4266 0.0134 359.50 49.50 -0.37 6.28 2.33 7.12 -1.0100 2.6100 0.1100 -1.8156 0.5100 -0.6267 7.07 -0.68 6.75 124 175 177 193 191 
0.9213 -0.0865 -0.3677 -0.0921 14.75 43.38 7.19 10.12 2.05 3.01 3.2400 1.5900 -4.5200 -0.3733 0.9700 -1.0533 6.43 -0.59 7.37 124 174 176 195 190 
0.9133 -0.0763 -0.3573 -0.1803 22.69 42.81 -1.87 7.94 -1.45 4.56 1.2900 -1.9200 -2.4300 1.5889 -0.5678 -0.2767 6.88 1.26 6.86 124 172 173 193 189 
0.9034 0.0395 -0.3984 -0.1539 19.31 45.50 -15.75 6.96 1.26 10.71 0.1800 -0.5200 3.7300 -0.3967 0.1422 0.1389 7.02 1.53 6.66 128 175 177 194 190 
0.9069 -0.0175 -0.3867 -0.1667 21.94 45.44 -4.06 3.02 0.60 7.73 -3.7900 -0.7300 0.0400 -3.1167 0.3778 -0.7767 6.94 -0.80 6.87 128 185 185 207 192 
0.8987 -0.1685 -0.2451 -0.3221 46.25 25.81 10.06 4.87 0.23 4.14 0.9800 1.5900 -4.1800 2.2689 4.0322 -3.8056 1.73 0.14 9.65 140 304 264 312 198 
;
