0.9681 0.1038 -0.2230 -0.0485 5.75 25.00 -14.19 4.13 2.32 8.59 -0.0700 0.1100 -0.0200 -0.0067 -0.0478 0.0156 4.17 2.18 8.59 184 307 315 325 217 
0.9672 0.1035 -0.2269 -0.0493 5.75 25.50 -14.25 4.40 2.06 8.56 0.5800 -0.1100 0.1700 0.1289 0.0844 -0.0556 4.16 2.32 8.56 179 310 313 317 216 
0.9653 0.1260 -0.2248 -0.0419 4.25 26.06 -16.12 9.47 0.61 13.08 6.8300 -0.8000 5.1100 -1.1289 -1.9333 1.6944 5.60 1.04 7.97 165 214 206 218 215 
0.9547 0.0078 -0.2944 0.0422 351.00 31.87 6.19 9.67 1.48 5.15 4.7000 3.3600 -3.7600 -0.2322 1.8256 3.7544 3.58 -2.47 8.78 159 184 173 179 198 
0.9393 -0.0946 -0.1528 0.2923 317.37 9.13 15.81 2.56 5.46 5.55 1.2800 7.9200 -4.0100 1.5211 -0.1344 4.8744 0.58 -2.11 9.55 152 171 175 177 191 
0.7838 -0.0515 -0.0710 0.6148 278.25 3.19 8.56 -22.34 1.60 13.64 -14.1500 1.8200 6.5900 -0.0744 -0.4078 -0.8678 0.98 -0.96 9.70 145 178 179 182 194 
0.7783 -0.0175 -0.0707 0.6237 284.87 3.69 7.31 -1.86 2.03 11.03 -0.7500 4.1100 1.3300 -0.6344 0.0033 -2.7744 0.63 -1.70 9.63 147 181 186 187 195 
0.8883 -0.0811 -0.0704 0.4465 311.37 3.00 12.69 7.88 -0.42 7.93 7.9200 1.3700 -1.9900 -0.5200 0.9422 -1.6433 0.25 -2.42 9.49 147 184 187 188 195 
0.9347 -0.1027 -0.0440 0.3374 318.44 0.50 11.50 2.99 -3.29 7.77 1.4800 -1.1500 -1.4800 1.5667 -2.9367 2.6133 1.73 -0.96 9.60 136 195 198 198 196 
0.9003 0.0167 -0.1213 0.4176 312.06 11.75 5.37 1.36 -0.84 14.58 -3.1200 -1.0600 5.4000 -1.4322 0.2511 -1.4378 1.57 -1.86 9.49 160 246 234 231 206 
0.9366 -0.1086 -0.0909 0.3203 321.00 5.87 20.44 3.09 -5.29 8.28 0.7400 -1.0600 -1.4600 -1.4533 -5.6567 1.1489 3.56 -4.82 7.75 177 306 277 273 210 
0.8026 -0.0748 -0.3980 0.4379 297.69 42.13 35.00 8.66 -1.75 1.50 1.1100 3.0200 -4.2100 2.4344 -1.9467 -0.1556 7.78 -2.94 5.19 182 324 296 294 213 
0.6992 0.1685 -0.4714 0.5104 288.12 57.81 25.19 6.56 4.58 5.31 -1.8600 6.0800 0.8100 -0.0800 -0.2689 -0.4178 8.50 -2.04 4.42 179 299 273 288 211 
0.7097 0.1673 -0.5109 0.4554 297.44 61.00 29.31 8.46 2.28 4.16 -0.4700 3.0500 -1.6000 -2.9911 -0.0511 0.0056 8.57 -3.04 3.66 175 272 239 265 202 
0.7413 -0.0001 -0.5844 0.3303 314.44 59.31 59.56 6.22 -7.81 -2.98 -1.5400 -3.8400 -4.2300 -1.9678 -0.3733 0.6789 8.25 -5.14 1.25 177 270 248 260 198 
0.6971 -0.1487 -0.6511 0.2609 318.44 55.50 78.81 6.84 -5.60 0.52 -0.6700 0.6400 -0.5500 0.1422 3.5322 0.1456 7.66 -5.55 2.56 174 282 261 256 209 
0.8216 -0.2324 -0.4740 0.2152 335.75 35.13 48.38 0.96 -4.83 -0.37 -3.4500 0.8700 -6.0100 1.1089 5.5300 -0.6933 3.03 -5.67 7.39 177 289 291 293 211 
;
