0.7751 0.2614 0.1148 -0.5637 72.00 -28.12 -18.19 -4.79 2.78 8.28 -0.1200 0.0600 0.0100 0.0300 -0.0622 0.0167 -4.59 2.72 8.22 169 304 318 364 213 
0.7766 0.2596 0.1089 -0.5637 71.94 -27.12 -18.44 -4.91 2.96 8.53 -0.4400 0.2000 0.5000 -0.1411 -0.6033 0.0267 -4.15 2.72 8.45 169 307 318 353 215 
0.7862 0.2217 0.0755 -0.5718 72.00 -20.25 -15.56 -1.84 3.98 11.68 1.4300 1.4900 2.6300 -1.4422 -0.1344 0.1467 -2.97 1.52 9.22 170 309 317 337 213 
0.8176 0.1137 0.0864 -0.5579 67.62 -14.31 -3.87 -1.66 0.14 9.16 0.5800 -0.2800 -0.2900 -1.1322 -0.0944 0.5811 -2.10 -0.23 9.57 170 308 317 332 213 
0.8544 0.0248 0.1091 -0.5075 59.56 -12.06 5.44 -2.40 -0.30 9.11 -0.3700 0.8800 -0.3700 -0.7278 -0.7556 1.1544 -1.72 -1.35 9.55 172 310 315 331 214 
0.8958 -0.0451 0.1055 -0.4293 50.00 -8.38 11.06 -2.66 -1.45 7.77 -1.1800 0.4300 -1.6000 -0.5978 -0.1311 0.3111 -1.38 -2.32 9.42 171 312 305 324 213 
0.9082 -0.0882 0.1042 -0.3957 46.88 -6.50 14.06 -1.36 -1.65 8.79 -0.5700 0.5500 -0.6800 0.1433 0.4067 -0.0856 -1.28 -2.30 9.44 169 307 304 318 213 
0.9082 -0.0755 0.1033 -0.3985 47.63 -6.94 12.13 -1.64 -1.58 9.45 -0.5700 0.3100 0.1200 0.1978 0.3611 -0.3600 -1.34 -1.89 9.52 167 317 309 325 212 
0.8987 -0.0568 0.0987 -0.4234 50.88 -6.12 11.19 -0.28 -1.66 10.85 0.0800 -0.0100 0.7700 -1.4756 -2.2456 -0.0444 0.38 -2.85 9.37 124 312 245 233 206 
0.8936 -0.2247 -0.0275 -0.3875 45.13 18.94 25.94 3.41 -5.39 7.24 -2.4700 -0.5100 -1.2400 -0.2544 -3.3178 -0.1922 5.10 -4.31 7.17 118 300 199 186 192 
0.8571 -0.3326 -0.2136 -0.3303 41.75 37.56 32.56 8.95 -4.08 5.39 3.1500 0.1500 -1.2000 0.5300 -1.7944 0.1967 6.84 -4.03 5.74 119 199 175 174 184 
0.8414 -0.3397 -0.3418 -0.2446 27.19 49.44 37.50 9.35 -0.65 1.01 1.0100 3.0100 -3.4500 3.8833 -1.2789 2.1700 7.46 -3.60 5.23 117 191 169 169 180 
0.8838 -0.1653 -0.4374 0.0145 352.62 49.94 23.50 2.20 2.26 6.97 -4.8400 4.2900 2.0200 3.6144 -0.5611 -0.5489 7.69 -0.68 6.04 115 163 160 160 160 
0.8849 0.0299 -0.4558 0.0914 348.75 55.25 1.94 11.27 3.33 8.21 1.9300 3.8900 2.4700 -2.2167 0.6033 0.0856 7.89 -0.99 5.72 116 178 175 170 171 
0.8903 -0.0790 -0.4478 0.0264 359.94 51.38 18.81 6.74 1.17 2.90 -0.7600 3.1100 -3.2900 -2.1200 0.7900 -1.2722 7.42 -2.43 5.92 118 180 173 173 172 
0.8875 -0.1930 -0.4035 -0.1111 15.75 49.63 22.62 8.49 -2.83 -0.26 0.8100 -0.6700 -5.5200 1.0811 -0.2622 -0.0067 7.61 -2.03 5.83 118 182 173 172 171 
0.8860 -0.1354 -0.4344 -0.0897 9.06 54.94 12.06 8.15 2.56 20.03 -0.8900 2.8800 22.4800 -1.8944 -0.8989 -0.0811 8.41 -1.00 4.92 122 180 175 172 165 
0.8564 -0.1194 -0.4971 -0.0718 9.75 60.19 18.50 5.32 -1.84 5.26 -2.6000 0.7900 2.0000 -1.2156 -1.1944 0.0633 8.82 -2.01 3.77 122 191 182 177 171 
0.8025 -0.2200 -0.5443 -0.1068 17.25 68.69 45.13 11.16 -1.83 3.40 3.3700 0.3500 1.1000 -2.8356 -1.5589 0.5878 9.22 -3.21 0.86 118 277 183 179 172 
0.7007 -0.4078 -0.5704 -0.1312 17.50 60.00 92.56 12.36 -5.24 -4.33 2.3600 1.5400 -3.1800 0.4922 -0.3178 3.9356 6.73 -7.10 -0.54 118 333 184 180 170 
0.6790 -0.5544 -0.4752 0.0765 341.31 30.19 95.19 1.50 -4.42 -1.44 -2.9300 4.7200 0.1500 0.6200 -0.1511 0.8933 4.19 -8.84 -0.49 123 319 182 179 171 
0.6708 -0.5478 -0.4632 0.1882 327.12 24.69 90.37 6.20 -6.52 -6.43 2.2200 2.3800 -8.1200 3.0656 -0.0933 0.7944 3.76 -8.78 2.20 123 276 176 175 171 
0.7816 -0.3613 -0.3746 0.3439 308.81 17.25 52.44 2.44 -0.28 12.49 -0.1200 6.4400 8.2100 4.6389 -0.1356 0.9544 2.37 -5.25 7.92 125 295 185 181 172 
0.8167 -0.2151 -0.2580 0.4693 301.19 12.50 44.44 2.47 -3.95 7.14 0.3800 3.2800 0.6000 -4.3656 0.1733 -0.3767 2.34 -8.50 4.29 128 291 185 180 171 
;
