0.9295 0.3121 -0.0470 -0.1906 22.81 -1.81 -36.69 -0.11 5.92 7.83 0.2500 0.0400 -0.0200 -0.1400 0.4111 0.1989 -0.42 5.79 7.89 220 333 341 361 257 
0.9359 0.3100 -0.0316 -0.1641 19.31 -2.44 -36.19 -0.20 5.88 7.83 0.2400 0.1100 -0.0700 -0.0278 0.2356 0.3122 -0.42 5.77 7.91 218 334 340 361 257 
0.9407 0.3098 -0.0233 -0.1363 15.50 -1.94 -36.06 -0.63 5.84 8.21 -0.0500 0.2500 0.7000 0.0833 -0.1189 0.6189 0.00 5.78 7.91 217 334 339 350 255 
0.9520 0.2863 -0.0606 -0.0894 9.50 7.62 -31.69 6.41 6.44 12.84 4.4500 1.1100 4.1400 -1.9267 -0.1889 2.0167 2.31 3.60 8.82 192 334 339 344 251 
0.9819 0.1290 -0.1378 0.0191 353.56 17.44 -9.00 4.54 2.72 8.68 1.2100 3.1700 -2.2700 -2.8833 0.0611 3.3933 2.97 -1.32 9.24 135 221 226 249 238 
0.9543 -0.1013 -0.1582 0.2324 326.87 13.31 18.62 7.82 4.43 0.97 2.0700 7.0400 -7.0700 2.4122 0.1222 5.0033 0.88 -2.49 9.44 130 211 218 233 232 
0.8273 -0.0645 -0.0638 0.5544 284.87 2.81 9.06 -12.91 3.69 12.09 -29.8800 1.8200 3.1400 -0.0533 1.6256 -0.5367 0.29 -1.28 9.71 132 211 221 236 232 
0.7701 -0.0256 -0.0817 0.6322 283.44 2.50 8.56 -4.60 1.81 10.64 -3.3200 3.5700 0.5600 -0.1689 0.4122 -2.5911 0.06 -1.59 9.67 132 216 227 240 230 
0.8711 -0.0786 -0.0226 0.4843 306.75 -3.00 8.75 5.17 1.28 10.96 5.8900 2.5600 1.2900 0.0244 0.5889 -2.1944 -0.72 -1.48 9.66 127 210 221 237 225 
0.9413 -0.0872 0.0015 0.3260 323.62 -3.69 9.56 4.69 -2.10 8.93 6.7800 -0.0400 0.0900 0.0267 -0.0022 -0.0300 -0.63 -1.59 9.65 139 218 230 250 237 
0.9354 -0.0842 -0.0208 0.3428 313.81 4.00 9.38 -29.49 -6.54 15.05 -7.1300 0.5800 3.2200 0.2611 -0.7644 -1.8511 0.69 -1.06 9.72 138 219 230 247 234 
0.9446 -0.0789 -0.0313 0.3169 324.56 0.69 12.13 0.88 -2.57 9.52 -0.5100 -0.5700 -0.5100 -1.1800 2.9267 -1.3600 -1.01 -2.98 9.28 152 250 256 266 237 
0.9575 -0.1929 0.0421 0.2105 338.00 -13.00 21.81 -1.21 -5.22 8.15 0.8400 -1.6200 0.6100 -0.2889 1.9656 0.1811 -3.73 -3.61 8.31 199 222 220 227 229 
0.9344 -0.2422 0.2051 0.1613 339.06 -31.69 25.25 -5.59 -2.10 6.11 2.4700 1.9200 -0.7600 2.8278 1.9833 0.5533 -6.62 -1.80 6.99 206 180 183 196 197 
0.8915 -0.1344 0.3920 0.1829 336.12 -50.00 3.75 -5.81 3.82 5.91 0.1700 3.8800 1.2600 1.3344 1.2100 1.6744 -8.01 1.40 5.46 207 191 185 201 197 
0.8511 0.0074 0.4778 0.2175 330.56 -54.19 -25.81 -12.12 3.45 7.38 -3.4400 0.1600 1.2800 0.2667 -0.2989 0.5111 -7.69 3.00 5.28 209 195 189 204 200 
0.8442 0.0470 0.4760 0.2419 327.81 -50.88 -28.94 -8.07 3.16 6.15 -0.2100 0.2000 -0.2800 -1.0222 -0.7911 0.5689 -7.07 2.87 6.15 206 218 213 231 217 
;
0.8687 0.0489 0.3722 0.3232 318.62 -32.44 -24.31 -1.83 5.50 2.96 2.5200 1.7700 -5.5800 1.0900 -4.9000 -0.2489 -1.46 4.33 8.67 212 296 317 339 236 
0.9357 0.2228 0.0727 0.2638 332.06 1.06 -27.81 -1.27 3.62 4.09 -0.6400 -0.7800 -4.4500 2.2767 -1.8633 -2.6300 0.33 5.70 7.96 217 329 345 393 238 
0.9412 0.3279 0.0297 0.0764 354.81 -0.13 -39.69 3.22 7.51 20.79 5.2400 1.6900 10.7000 -2.2122 -1.2789 -0.3289 0.85 5.29 8.21 219 333 347 397 241 
0.9571 0.2842 -0.0553 -0.0129 1.94 5.25 -34.06 1.21 5.76 10.00 0.1100 0.2500 1.9800 1.0656 0.3556 0.3578 0.73 6.03 7.69 219 342 349 370 244 
0.9470 0.3162 -0.0558 0.0004 358.75 7.37 -34.94 6.04 7.10 12.38 3.9900 0.7800 2.2200 -2.7667 -1.1444 3.1144 3.07 3.06 8.79 162 319 265 279 234 
0.9554 0.1013 -0.2102 0.1811 334.12 27.75 -3.19 4.24 1.72 3.56 -1.1700 2.6600 -5.7400 -0.5533 1.3089 4.1744 3.90 -1.48 8.87 136 211 202 214 222 
0.8831 -0.0327 -0.1624 0.4390 301.19 10.88 10.69 1.45 5.67 7.63 -1.7900 6.1300 -1.6200 0.7711 -0.8378 3.2167 1.42 -1.40 9.60 133 214 198 222 222 
0.8115 -0.0151 -0.0925 0.5768 291.12 10.69 8.25 3.47 1.84 10.96 -1.8200 4.0800 1.4900 -0.4722 1.8722 -1.9656 1.37 -1.48 9.59 138 218 211 231 228 
0.8979 -0.0388 -0.0933 0.4283 312.56 7.25 8.63 1.61 1.67 9.57 1.5100 2.6600 -0.1600 -0.0278 1.2067 -3.4178 0.67 -1.32 9.69 137 218 210 231 228 
0.9746 -0.0559 -0.0391 0.2131 338.56 2.12 7.31 7.90 -1.06 8.70 8.8300 0.7000 -0.3700 0.2122 0.5589 -0.5433 0.08 -1.13 9.74 138 217 215 233 229 
0.9836 -0.0613 -0.0187 0.1688 337.87 2.44 7.50 0.43 -1.70 8.41 -2.0400 -0.5200 -1.0000 0.0456 -1.9567 2.5367 1.24 -1.47 9.61 134 224 218 237 228 
0.9594 -0.0574 -0.0573 0.2703 330.44 4.44 8.63 0.87 -2.56 11.65 -0.8200 -1.8800 1.4700 -1.1178 2.5867 -0.9089 -0.78 -2.16 9.53 161 238 216 240 230 
0.9708 -0.1558 0.1015 0.1519 343.37 -17.25 17.69 -0.59 -2.85 8.43 2.3200 0.0000 -1.1800 -2.1378 1.0100 0.3233 -4.25 -4.16 7.78 191 195 194 209 216 
0.9121 -0.3021 0.2271 0.1588 338.56 -34.31 33.75 -1.71 -0.24 4.11 5.2500 4.8500 0.5100 2.3611 0.2900 2.1478 -6.48 -2.69 6.84 201 188 189 206 206 
0.8879 -0.1918 0.3220 0.2667 324.37 -41.69 8.88 -12.21 0.62 10.97 -4.2300 1.1300 3.3900 0.8544 -0.9522 0.0156 -5.95 -0.47 7.78 202 190 190 212 208 
0.9039 -0.1091 0.2902 0.2947 323.75 -35.75 1.25 -8.79 -0.83 9.31 -2.4600 -0.3700 1.0000 -0.0644 0.1489 -0.3300 -5.80 -0.31 7.89 202 194 195 212 209 
0.9060 -0.1177 0.2921 0.2829 325.69 -36.31 3.69 -5.97 1.15 5.70 -0.1200 1.5300 -3.4700 0.5178 -1.8767 -0.2700 -4.73 -0.36 8.57 203 282 271 290 231 
0.9639 -0.0033 0.1383 0.2273 338.69 -5.75 -8.00 0.66 6.21 4.25 0.4400 4.1200 -5.2100 2.8511 -4.6789 -3.5300 1.71 3.66 8.93 214 335 342 372 237 
;
