0.9536 0.1935 -0.0655 -0.2212 26.06 2.25 -23.44 0.43 3.96 8.94 0.0500 0.0500 -0.0300 0.0156 0.0222 0.0222 0.38 3.91 8.98 181 337 345 369 218 
0.9538 0.1960 -0.0641 -0.2186 25.75 1.94 -23.81 0.86 3.81 9.54 1.5000 -0.3400 1.1800 1.4822 0.7711 -0.0189 0.00 4.68 8.61 177 339 346 367 217 
0.9374 0.2902 -0.0610 -0.1827 19.56 3.25 -34.25 6.43 6.45 11.69 6.0300 1.5000 3.8700 -2.3322 0.3800 2.7700 1.94 4.03 8.72 150 315 288 260 216 
0.9910 0.1019 -0.0856 -0.0159 356.06 11.44 -3.25 2.09 0.84 5.29 -0.3300 1.7900 -5.0200 -2.4522 0.4289 2.9778 1.89 -2.03 9.40 94 165 159 173 200 
0.9670 -0.1116 -0.1190 0.1957 333.87 9.69 13.94 8.65 5.33 6.93 7.3000 8.0900 -1.7000 0.7822 1.6800 2.7789 0.26 -1.73 9.64 97 164 165 172 199 
0.9107 -0.0517 -0.0374 0.4081 305.25 1.06 5.75 -1.48 4.64 9.86 -3.4100 5.1700 -0.1900 0.8111 -0.6156 3.5744 0.33 -0.33 9.79 93 173 170 172 199 
0.8041 0.0106 -0.0191 0.5941 287.19 3.81 -0.44 -0.71 3.26 14.32 -1.7100 4.0000 4.6000 -0.6533 1.3167 -1.7922 0.19 -0.17 9.80 100 173 172 172 197 
0.8772 -0.0236 -0.0213 0.4791 306.06 -0.69 4.50 -3.15 0.78 7.47 -0.6500 2.5100 -1.8000 0.1744 0.4778 -3.9211 -0.62 -0.99 9.73 101 176 176 176 199 
0.9669 -0.0741 0.0410 0.2407 334.44 -5.87 7.06 8.82 0.12 6.37 9.3000 1.3500 -2.9800 0.9256 -0.4400 0.1867 -0.47 -0.51 9.78 102 177 177 176 198 
0.9663 0.0170 -0.0041 0.2569 327.87 2.56 -3.44 -13.30 -2.34 13.66 -26.1100 -6.4200 8.6200 0.6589 -2.2544 -1.6689 2.12 1.57 9.44 99 189 184 183 200 
0.9612 0.0745 -0.0773 0.2538 332.06 9.69 -3.19 1.33 0.46 7.69 0.1600 0.5900 -1.4300 -1.1256 -1.3611 -1.0189 2.48 -0.16 9.48 129 214 195 204 206 
0.9738 0.0284 -0.1639 0.1554 344.37 24.44 -0.88 6.71 -0.21 10.28 1.4800 -0.8300 1.2500 -0.2356 -5.9122 0.1944 7.16 -0.25 6.69 173 244 224 223 206 
0.8381 0.0416 -0.5239 0.1458 335.69 67.87 18.75 8.89 -3.28 -1.58 -1.7900 -1.3200 -5.3600 2.2333 -2.4467 1.5767 9.40 -1.92 2.02 180 161 163 173 196 
0.7064 0.1629 -0.6181 0.3041 308.81 79.56 29.37 2.53 5.32 0.80 -7.6400 6.3700 0.0400 2.4278 0.1389 -3.0222 9.61 1.33 1.38 186 159 161 174 195 
0.6826 0.4147 -0.5167 0.3084 311.25 72.81 -67.19 18.38 5.45 5.24 6.4200 2.1700 4.5200 -0.4956 0.5000 1.0467 9.50 2.09 1.23 189 164 169 177 194 
0.6813 0.3826 -0.5244 0.3381 307.00 76.62 -40.44 7.00 2.57 1.80 -2.6000 1.1700 -0.0700 -0.8378 0.2267 0.1900 9.50 1.17 2.11 187 174 173 179 197 
0.7356 0.3045 -0.5100 0.3257 315.75 64.81 -16.69 6.69 3.51 2.96 -2.0100 1.9900 -2.7200 -2.0822 7.8844 -2.8078 5.20 1.55 8.16 186 238 233 233 209 
0.9744 0.0982 -0.0248 0.2007 342.12 -8.81 -11.94 -5.83 1.84 4.76 -2.9900 -0.1300 -4.9400 4.0056 -1.1544 -2.5744 -2.65 3.73 8.67 190 326 337 357 211 
;
0.9493 0.2850 0.1273 -0.0367 8.06 -14.19 -38.88 6.54 12.54 17.53 -1.9800 2.4800 10.1400 -5.3267 -3.4278 0.2811 -1.11 4.76 8.50 186 362 355 388 213 
0.9651 0.2381 0.0008 -0.1091 13.38 -2.37 -26.94 -1.04 4.94 7.59 -0.5200 0.4100 -0.7200 -0.3700 -0.3956 0.0011 -0.13 4.21 8.85 185 358 359 380 214 
0.9686 0.2136 -0.0307 -0.1232 14.63 0.56 -24.69 0.05 4.22 8.79 -0.1400 0.0400 -0.0700 -0.0833 -0.0333 -0.0100 0.10 4.05 8.92 184 352 357 376 214 
0.9673 0.2200 -0.0274 -0.1230 14.31 -0.19 -27.75 3.02 5.11 15.79 3.6500 0.5200 7.4800 -0.6733 -1.1044 1.1767 0.80 4.53 8.65 177 338 338 340 217 
0.9800 0.1675 -0.0941 -0.0506 1.75 9.25 -13.56 2.54 2.73 7.48 1.0800 1.1700 -3.6300 -3.6033 -0.5522 3.4133 1.92 -0.71 9.58 156 240 217 223 212 
0.9639 -0.0836 -0.1448 0.2070 327.87 13.13 15.06 6.29 4.13 5.11 3.6900 7.6500 -2.5900 1.5256 1.5911 4.8467 0.61 -2.06 9.56 124 162 164 177 197 
0.8587 -0.0711 -0.0554 0.5045 293.06 -0.25 8.75 -3.24 4.85 9.04 -16.1600 4.3000 2.1700 1.2789 -0.3822 1.1778 0.28 -0.61 9.78 115 173 169 178 195 
0.7982 -0.0103 -0.0422 0.6008 287.50 1.87 4.44 -4.26 1.69 9.58 -3.5200 3.0200 -0.6600 -0.3311 -0.1578 -2.3844 0.10 -1.15 9.73 126 178 169 185 195 
0.8961 -0.0630 -0.0165 0.4390 313.50 -1.44 7.25 5.38 2.71 10.48 5.6000 3.7500 0.7900 0.0756 1.0589 -2.7578 -0.62 -1.22 9.70 125 180 175 185 196 
0.9683 -0.0550 0.0095 0.2434 333.87 -1.75 5.25 6.92 -2.59 9.43 6.7800 -1.5200 0.5900 0.6867 -0.7278 0.1756 0.20 -0.51 9.79 123 179 175 189 197 
0.9604 -0.0130 -0.0639 0.2708 326.44 8.06 3.12 -11.49 -2.40 12.31 -4.1800 0.3100 0.6400 -0.3289 -0.5722 -0.7544 1.24 -0.52 9.71 119 190 187 197 201 
0.9700 -0.0229 -0.1019 0.2197 337.81 17.12 5.50 3.04 -1.44 5.10 -1.7000 -0.7300 -4.3700 1.2033 -5.4611 -2.2633 5.90 0.35 7.81 167 271 245 249 207 
0.8997 0.1375 -0.4021 0.1002 346.94 56.38 -21.62 23.71 3.61 -1.86 11.4700 0.9700 -6.9600 2.6156 -3.2267 3.1311 9.35 1.19 2.67 183 159 158 176 191 
0.7087 0.2512 -0.6081 0.2549 314.19 83.31 -0.88 4.82 4.54 3.55 -4.5100 5.8200 4.3700 1.9744 0.0378 -0.4078 9.75 0.31 0.92 181 158 164 178 190 
0.6718 0.3456 -0.5708 0.3217 310.06 80.25 -49.19 14.87 2.68 0.08 4.2100 0.8700 -0.6500 0.2989 0.1044 0.0067 9.62 1.42 1.20 188 160 164 182 190 
0.6808 0.3630 -0.5491 0.3210 309.87 78.69 -44.75 9.43 1.86 1.47 -0.1300 0.5300 -0.1200 -0.4544 -0.0356 0.1878 9.63 1.17 1.42 189 161 169 183 190 
0.6936 0.3290 -0.5599 0.3118 312.44 79.31 -32.50 8.79 5.16 3.76 -0.6200 4.3800 2.3700 -2.1711 1.7567 -0.6678 9.40 1.00 2.60 185 214 205 213 202 
;
