0.9030 0.3671 0.0362 0.2205 332.19 5.50 -42.94 0.76 6.55 7.18 -0.1600 -0.0700 0.0600 0.0233 0.1344 0.1611 0.94 6.65 7.14 189 295 316 327 222 
0.8994 0.3662 0.0420 0.2350 330.44 5.50 -42.94 0.83 6.61 7.17 -0.1000 -0.0400 0.0200 0.0222 0.1378 0.1722 0.95 6.65 7.13 187 295 315 327 222 
0.8954 0.3657 0.0473 0.2495 328.44 5.56 -42.94 0.78 6.60 7.13 -0.1700 -0.0600 0.0000 0.0278 0.1267 0.1678 0.96 6.65 7.13 188 295 311 329 223 
0.8911 0.3653 0.0527 0.2642 326.62 5.69 -43.00 0.82 6.63 7.10 -0.1500 -0.0400 -0.0500 0.0178 0.1344 0.1489 0.97 6.65 7.13 189 295 316 329 222 
0.8870 0.3644 0.0581 0.2775 325.06 5.69 -43.00 0.82 6.62 7.08 -0.1400 0.0100 -0.0600 -0.0044 0.0633 0.1333 1.00 6.64 7.14 187 294 315 329 221 
0.8843 0.3630 0.0591 0.2875 323.75 6.00 -42.75 0.89 6.55 7.09 -0.2300 0.0100 -0.0500 -0.0878 -0.0056 0.1289 1.08 6.57 7.19 187 295 317 325 222 
0.8849 0.3563 0.0457 0.2963 323.50 8.38 -40.75 0.81 5.95 6.70 -0.3400 -0.3400 -0.8400 -0.3356 -0.5144 -0.2933 1.63 6.12 7.48 190 293 312 319 222 
0.8999 0.3417 -0.0018 0.2709 327.00 11.75 -37.75 -0.48 6.52 11.06 -1.5400 0.6300 4.8300 -1.7556 -2.3211 -0.4711 3.03 4.88 7.94 188 198 184 203 216 
0.9498 0.2078 -0.1272 0.1964 336.37 20.12 -15.88 8.00 1.62 7.64 4.6900 -0.2500 -3.0600 -1.1156 1.7811 3.1189 2.92 0.19 9.35 165 218 225 242 203 
0.9265 0.0349 -0.1235 0.3536 315.50 12.69 2.31 -0.21 -1.53 7.16 -2.5600 0.0700 -3.3500 -1.1100 -0.9744 1.8467 2.20 -1.51 9.43 114 164 173 172 170 
0.8810 -0.0193 -0.1437 0.4504 305.75 13.44 8.31 9.58 3.09 9.86 7.7600 4.1600 0.7500 0.0533 0.8822 1.2500 1.78 -1.31 9.55 120 164 176 175 168 
0.8398 -0.0153 -0.1180 0.5297 288.62 10.00 9.81 0.38 3.21 6.62 -5.3700 5.3000 -2.1200 0.7489 -0.4311 4.3267 1.51 -1.66 9.54 115 169 178 179 169 
0.6890 0.0003 -0.0959 0.7184 269.19 10.88 7.31 0.63 3.23 12.52 -3.3700 4.5200 3.7900 -0.3000 1.5767 -3.1378 1.13 -0.91 9.69 125 171 183 182 172 
0.8292 -0.0075 -0.0737 0.5540 298.50 3.12 6.06 3.97 2.47 9.87 5.0200 3.6100 -0.0100 -0.2033 0.6222 -2.8722 0.25 -1.13 9.73 124 172 184 183 174 
0.9305 -0.0562 -0.0208 0.3613 318.50 0.37 6.81 8.99 -1.74 7.63 6.3500 -1.0200 -1.4100 0.6444 -0.8278 1.6022 0.41 -0.78 9.76 126 176 187 185 175 
0.8853 0.0157 -0.1091 0.4517 304.00 13.63 3.44 -6.68 -1.37 11.46 -0.7100 0.5300 2.9300 -0.5056 2.1167 -2.0811 1.37 -0.38 9.70 128 183 194 193 183 
0.9270 -0.0306 -0.0848 0.3641 321.19 9.75 8.69 2.66 -1.69 3.55 -1.2900 -0.9600 -6.0100 1.6767 2.4122 -3.2533 -0.18 -0.53 9.79 176 292 310 315 206 
0.9872 0.0370 0.0623 0.1417 345.75 -6.56 -8.31 3.34 6.17 10.09 3.5500 5.3000 3.4100 6.0789 2.4644 -0.9656 -2.17 4.70 8.32 189 342 325 369 219 
0.9487 0.2796 0.1203 0.0854 349.62 -11.69 -35.56 -3.41 3.01 14.19 -2.3600 -2.1900 4.3500 0.3078 -0.8233 0.2789 -1.17 5.40 8.10 183 333 338 343 219 
0.9583 0.2648 0.0494 0.0952 345.81 -0.75 -26.06 1.57 4.97 12.05 1.7100 1.2700 1.4100 -4.7333 0.4189 2.6011 0.19 1.17 9.73 161 341 316 312 221 
0.9576 -0.0486 -0.0137 0.2838 320.44 0.00 12.31 -3.85 -1.72 1.82 -3.5600 1.0500 -10.8800 -1.8156 -0.9600 1.7100 0.69 -4.12 8.86 115 175 169 178 193 
0.8796 -0.1585 -0.1036 0.4365 307.44 3.87 18.81 6.01 1.25 7.15 7.5200 4.6700 -0.5400 1.6689 1.0589 0.4356 0.29 -2.10 9.57 123 186 170 180 192 
0.8715 -0.0721 -0.0521 0.4824 296.75 0.69 9.38 3.64 3.38 11.30 0.4900 5.2400 -0.1400 0.0089 -1.3122 4.6000 0.36 -1.48 9.68 117 183 175 182 191 
0.6859 -0.0227 -0.0649 0.7245 266.69 3.00 5.69 -6.55 2.19 11.98 -0.6600 3.4000 1.0800 -0.0800 1.1256 -2.1878 0.77 -0.97 9.72 124 188 178 186 192 
0.7758 -0.0184 -0.0577 0.6282 287.81 3.12 5.87 1.03 3.79 10.03 3.3800 4.8600 -0.0300 -0.1022 0.6733 -3.4222 -0.01 -1.07 9.74 123 187 179 188 194 
0.9103 -0.0560 -0.0011 0.4102 314.37 -2.94 6.06 7.43 -2.98 8.54 7.2000 -2.0500 -1.2900 0.1678 0.3400 -0.2856 -0.51 -1.09 9.73 127 188 182 190 194 
0.9150 -0.0536 -0.0214 0.3992 310.25 1.94 7.12 -6.14 -4.45 7.50 -17.0200 -4.6400 -0.9800 0.3222 -0.2867 -0.5900 1.14 -1.28 9.65 129 190 186 192 195 
0.9087 -0.0510 -0.0591 0.4101 314.44 3.50 9.13 -1.76 -2.45 3.92 -1.3600 -0.8100 -5.6100 1.0300 2.3533 -3.2467 -0.03 -1.12 9.74 160 241 238 249 204 
0.9789 -0.0042 0.0114 0.2040 341.94 -5.25 -6.69 1.01 3.72 6.61 3.0200 2.9000 -0.3000 5.6900 -0.5500 -0.4433 -1.69 4.54 8.52 191 367 328 372 211 
0.9459 0.2921 0.1080 0.0907 348.19 -7.75 -37.94 -1.76 7.33 9.91 -4.7200 4.0500 18.4600 -2.0500 0.3967 0.0000 -0.76 6.38 7.40 187 358 339 378 219 
;
