0.9377 0.3458 0.0203 -0.0247 3.37 -3.12 -40.38 -0.64 6.41 7.41 -0.1000 0.0700 -0.0600 -0.0022 -0.1333 -0.1478 -0.53 6.34 7.45 207 322 326 354 239 
0.9374 0.3456 0.0133 -0.0421 5.37 -3.06 -40.31 -0.49 6.35 7.45 0.0200 0.0000 0.0300 0.0144 -0.1689 -0.2433 -0.55 6.33 7.46 208 322 327 353 240 
0.9361 0.3452 0.0049 -0.0675 8.75 -3.12 -40.25 -0.41 6.30 7.86 0.1800 -0.1500 0.4400 -0.1578 -0.4733 0.0322 -0.29 6.26 7.53 208 322 324 343 240 
0.9384 0.3333 -0.0372 -0.0842 10.56 2.62 -38.56 2.60 7.37 10.84 2.5800 1.3300 3.9600 -1.2844 -1.1967 0.8389 1.52 5.41 8.03 207 327 319 335 238 
0.9596 0.2366 -0.1385 -0.0631 5.25 17.62 -24.25 7.12 2.99 11.89 3.7100 -0.1400 1.8600 -2.4422 -0.0656 2.8078 3.87 1.36 8.90 178 301 292 284 234 
0.9734 -0.0075 -0.2068 0.0987 343.31 24.06 9.44 3.70 0.47 2.31 -0.2800 2.8000 -5.8400 -0.5033 -1.2456 3.8489 4.18 -3.21 8.26 107 192 193 198 214 
0.8887 -0.1321 -0.2700 0.3461 313.00 20.75 26.19 1.50 1.02 5.42 -2.0700 3.8700 -2.5800 1.5833 1.6856 1.5189 2.04 -3.33 8.99 102 178 184 197 207 
0.8657 -0.0869 -0.1316 0.4751 299.37 4.81 14.31 1.38 1.15 9.06 1.0600 4.0800 1.0100 1.6522 -1.3422 2.4544 1.28 -1.41 9.61 100 194 201 204 209 
0.8146 -0.0093 -0.1124 0.5689 291.94 11.44 9.25 2.44 0.99 10.94 -0.4500 2.4100 1.2000 -0.6111 1.9122 -1.7444 1.05 -1.83 9.57 107 197 202 211 210 
0.8846 -0.0711 -0.0854 0.4528 310.06 3.12 12.31 1.71 0.63 8.78 1.6700 2.6100 -0.9700 -0.2700 0.7722 -2.4856 0.21 -2.30 9.53 110 199 205 211 211 
0.9529 -0.1107 -0.0410 0.2792 330.25 0.25 13.13 6.50 -1.22 8.84 5.6900 0.4100 -1.0700 0.1600 -0.8567 -0.1867 0.22 -2.12 9.57 109 202 204 212 212 
0.9622 -0.0983 -0.0405 0.2509 329.31 2.37 11.81 2.14 -2.06 10.87 -0.6700 -0.7300 -0.1200 -0.6656 -3.0522 1.4789 1.76 -2.37 9.34 111 205 204 216 213 
0.9455 -0.0728 -0.1478 0.2809 329.12 16.44 13.38 4.90 -1.15 8.68 -0.0700 0.7200 -1.8300 -1.4578 -2.1978 -1.5567 4.78 -2.64 8.14 139 228 229 234 218 
0.9031 -0.0654 -0.3972 0.1494 342.50 54.06 19.56 5.43 -1.43 0.06 -1.9500 0.2000 -3.9800 1.0556 -8.5844 -1.8189 9.79 -0.53 -0.15 188 310 287 283 221 
0.5184 0.0696 -0.8488 0.0776 341.31 48.63 173.75 7.17 -4.29 -8.66 1.6000 -2.0500 -1.1900 -0.8022 -7.0122 1.4589 2.43 -0.72 -9.47 191 311 298 299 216 
0.0646 -0.0003 -0.9975 0.0289 1.00 5.25 177.69 1.90 3.14 -11.24 0.3800 3.4800 -2.0200 -0.5889 -0.1756 0.5122 0.61 0.06 -9.78 190 311 299 297 217 
;
