0.9124 0.4075 0.0320 0.0240 356.94 -2.19 -48.19 -0.41 7.19 6.66 -0.0300 -0.0900 0.1200 -0.0033 0.0067 -0.0089 -0.39 7.29 6.53 203 338 322 341 236 
0.9127 0.4066 0.0327 0.0237 357.00 -2.25 -48.06 -0.55 7.20 6.77 -0.2500 -0.1500 0.2700 0.0489 -0.1344 0.0411 -0.35 7.29 6.54 203 338 320 341 237 
0.9120 0.4089 0.0235 0.0212 357.25 -0.75 -48.31 0.18 7.46 8.10 -0.0100 0.3000 2.1400 -0.7856 -1.7678 0.5689 0.87 7.00 6.80 191 337 317 333 235 
0.9342 0.3467 -0.0821 0.0197 356.12 11.88 -36.50 5.90 7.63 11.12 3.7200 2.5200 2.8600 -3.0433 -0.7789 2.2200 3.15 3.50 8.59 144 313 307 277 227 
0.9687 0.1250 -0.1630 0.1394 338.94 20.19 -5.12 4.77 2.42 2.53 1.4700 2.4100 -7.3500 -1.6067 0.2789 4.0422 2.90 -1.39 9.26 117 186 207 208 213 
0.9073 -0.0587 -0.1348 0.3939 306.44 7.94 13.63 -1.33 3.21 5.72 -3.4900 4.9900 -2.1600 0.8933 -0.2444 3.1978 0.82 -2.04 9.55 106 179 187 203 209 
0.8068 -0.0533 -0.0985 0.5800 289.94 6.12 11.56 -1.72 -0.36 11.15 -1.6300 2.4400 2.1100 -0.0600 1.7811 -1.9522 0.58 -1.90 9.60 113 182 200 209 210 
0.8828 -0.0780 -0.0674 0.4584 310.00 2.19 11.88 1.92 1.42 8.50 1.9300 3.4700 -1.1800 0.0533 0.8589 -2.7700 0.15 -1.99 9.60 115 187 196 211 210 
0.9608 -0.0878 -0.0261 0.2616 332.56 -0.50 9.88 4.98 -0.92 8.45 5.6000 0.7000 -1.2500 0.5800 -0.6189 -0.8833 0.32 -1.31 9.71 116 188 201 213 210 
0.9774 -0.0519 -0.0364 0.2019 335.19 5.56 5.81 4.72 -1.89 10.01 2.9400 -1.0000 0.4800 0.3722 -0.8733 1.6211 1.82 -0.79 9.60 114 192 213 215 212 
0.9499 -0.0037 -0.1283 0.2851 328.69 14.25 4.75 0.50 -0.39 12.25 -0.8700 0.6800 3.6700 -1.4344 0.8867 -1.7600 2.36 -1.35 9.42 137 213 227 236 217 
0.9698 -0.0979 -0.1661 0.1496 345.87 18.37 19.87 5.48 -1.79 9.51 0.6300 1.2800 0.4700 -4.8900 0.0889 -1.2222 3.19 -5.71 7.29 190 300 317 302 222 
0.8868 -0.4061 -0.2204 0.0077 0.44 24.06 60.94 4.09 -6.55 -0.27 0.4600 2.1200 -3.5500 -4.1622 -3.1756 0.6522 4.19 -8.85 0.49 192 325 343 343 225 
0.6685 -0.6545 -0.3483 0.0594 345.87 20.94 98.75 4.10 -6.53 -11.88 0.2100 3.6900 -9.7100 4.2611 -0.1578 1.1322 2.68 -9.41 0.45 195 332 350 347 225 
0.8045 -0.4678 -0.2939 0.2180 328.50 16.69 58.38 4.19 1.35 10.55 1.7800 7.6000 11.2400 4.6578 2.4911 0.0544 2.13 -5.20 8.03 202 340 355 346 225 
0.9178 -0.2244 -0.2027 0.2574 329.94 16.44 36.25 4.35 -3.26 12.79 0.5800 4.0200 3.1200 -5.1344 -0.1822 -0.1178 2.96 -8.07 4.70 201 336 353 341 225 
0.7673 -0.5380 -0.3116 0.1569 337.62 18.12 85.81 2.68 -5.79 -10.24 1.5700 2.4100 -11.2500 -1.6578 -0.8956 0.7689 2.69 -9.27 -1.70 197 315 345 338 224 
0.6611 -0.6393 -0.3544 0.1691 328.81 13.69 86.75 0.84 -4.74 -0.89 -2.4400 5.7100 -1.9200 5.6311 -1.4433 0.2311 2.28 -8.30 4.68 200 311 337 324 225 
0.8467 -0.3154 -0.2787 0.3256 317.06 15.50 43.69 1.56 -4.19 19.22 -2.2000 0.7800 11.4300 -0.5078 -0.6011 -0.5411 2.71 -6.12 7.15 201 322 342 313 225 
0.8597 -0.3029 -0.2855 0.2962 324.81 19.19 51.25 2.31 -3.70 2.91 -1.4700 4.1200 -3.1100 -3.2022 -0.2100 -1.5244 4.10 -8.02 3.86 199 309 331 313 225 
0.7960 -0.4327 -0.4036 0.1276 347.25 37.50 69.94 5.49 -3.34 -1.24 -1.5100 3.2700 -4.0600 1.7278 1.6978 -3.2311 7.34 -5.02 4.11 199 306 333 316 225 
0.8834 -0.2244 -0.4064 -0.0646 9.63 45.75 20.62 7.35 -0.83 7.06 0.5300 0.7700 0.7900 4.9856 3.6167 -1.7200 5.34 0.67 8.19 201 308 342 331 225 
0.9623 0.0739 -0.2510 -0.0739 8.69 23.87 -16.87 5.57 5.13 14.42 6.1500 2.1500 8.2100 -0.0422 1.8189 0.2556 2.84 3.17 8.83 201 307 353 353 228 
;
