0.6581 0.2410 0.0394 -0.7122 94.50 -23.19 -16.50 -3.77 2.63 8.56 0.1000 0.1000 -0.0500 -0.0344 -0.0433 -0.0156 -3.83 2.54 8.65 165 310 325 345 211 
0.6574 0.2383 0.0384 -0.7139 94.69 -22.94 -16.25 -3.74 2.48 8.75 0.0700 -0.0500 0.0400 -0.0256 -0.0233 -0.0144 -3.80 2.51 8.68 165 308 326 346 209 
0.6570 0.2354 0.0381 -0.7151 94.81 -22.62 -15.94 -3.76 2.40 8.71 0.0000 -0.0800 0.0400 0.0067 -0.0867 -0.0100 -3.71 2.52 8.71 166 309 325 344 211 
0.6567 0.2404 0.0257 -0.7144 94.75 -21.87 -18.37 -5.64 2.75 11.53 -2.4800 0.5800 4.3200 0.1211 -2.0756 0.3211 -2.22 3.08 9.04 168 297 275 280 210 
0.6680 0.1359 -0.0311 -0.7310 94.81 -7.25 -8.25 -1.62 4.68 15.05 0.7100 5.5900 5.8300 -4.3444 -1.2989 0.4233 -0.25 -1.72 9.65 168 284 245 251 210 
0.6832 -0.1620 0.1576 -0.6944 89.75 2.50 36.56 -0.34 -0.97 2.90 -0.4700 5.9400 -4.3000 -6.2656 -0.8644 0.1889 0.87 -8.84 4.15 166 245 227 232 210 
0.5614 -0.5154 0.3909 -0.5161 82.62 4.75 89.31 -0.17 -5.50 -6.87 -1.9300 3.0400 -7.9200 -3.9767 -1.2667 0.6133 0.31 -9.34 -2.94 160 228 205 211 204 
0.5010 -0.6031 0.4644 -0.4118 82.06 2.56 87.62 -3.03 -1.96 14.32 1.5800 10.6100 17.9300 0.8133 -0.9500 0.0033 0.67 -9.34 2.88 166 271 233 226 205 
0.5728 -0.5333 0.3950 -0.4811 76.94 3.37 90.50 0.06 -7.64 -4.63 -1.6700 1.7700 -5.7400 -5.4411 -1.7633 0.1922 0.10 -8.79 -4.32 160 248 231 223 204 
0.4211 -0.7233 0.4645 -0.2893 75.81 3.87 110.87 -0.12 -7.45 -0.93 -0.6000 2.4100 4.2000 6.9356 0.4156 -0.0211 1.03 -9.67 1.19 166 280 265 252 206 
0.5620 -0.5557 0.3916 -0.4711 79.62 3.94 91.12 -0.29 -8.23 -2.99 -0.4400 2.5400 -3.0800 -1.4789 -1.4967 0.2511 0.27 -9.66 -1.64 162 253 248 233 206 
0.5346 -0.6185 0.4380 -0.3739 70.87 -0.25 93.94 -0.58 -6.48 -5.23 -1.4600 1.4700 -1.5700 7.2533 1.3444 -0.1078 0.01 -8.77 4.38 165 272 262 253 206 
0.7100 -0.3455 0.2571 -0.5572 76.56 0.06 46.06 -0.22 -6.93 12.05 0.0300 -0.7100 7.8800 1.0633 -0.1644 -0.0322 0.01 -6.29 7.51 166 276 269 257 206 
0.7282 -0.2863 0.2263 -0.5801 77.06 0.06 46.06 0.26 -5.92 12.57 0.6900 2.0900 5.1300 -4.0278 -0.7067 0.4411 0.06 -8.69 4.52 166 277 267 258 206 
0.6310 -0.5118 0.3696 -0.4509 68.19 -0.94 89.62 -0.92 -6.12 -8.70 -0.8100 3.3500 -7.6100 -5.4033 -0.0278 0.4389 -0.48 -8.85 -4.18 162 245 238 234 205 
0.4365 -0.6903 0.4991 -0.2895 71.00 -1.37 111.19 -2.64 -5.54 -4.38 -0.8600 4.7100 3.8500 8.9933 2.7922 -0.9344 0.30 -9.57 2.10 168 276 256 244 206 
0.5891 -0.5214 0.3993 -0.4709 75.44 0.50 88.19 -2.09 -7.90 2.34 -1.6300 1.8300 -1.2700 -4.2211 -3.2044 0.5100 -0.52 -9.42 -2.66 164 248 237 227 205 
0.4837 -0.7222 0.4355 -0.2339 54.13 -3.37 117.37 -2.76 -10.44 -15.06 -2.4600 -0.1900 -7.4700 3.5378 3.1244 -0.9022 0.92 -9.50 -2.24 167 277 264 258 206 
0.5585 -0.5280 0.3737 -0.5192 84.81 6.19 72.00 2.52 0.30 14.59 1.0600 5.6300 6.7000 -3.5589 0.0056 1.7000 -0.01 -9.75 1.04 166 267 263 247 206 
;
