0.9006 0.3538 0.0912 0.2355 330.69 0.13 -42.81 0.12 6.63 7.19 0.0500 -0.0700 -0.0100 -0.0100 0.0067 -0.0100 0.03 6.66 7.19 188 318 316 328 224 
0.9011 0.3530 0.0899 0.2352 330.75 0.25 -42.63 0.17 6.57 7.23 0.1300 -0.0600 -0.0100 -0.0311 -0.0411 0.0056 0.07 6.63 7.22 187 314 317 327 224 
0.9022 0.3517 0.0864 0.2344 330.87 0.56 -42.38 0.13 6.59 7.22 0.0400 -0.0100 0.0000 -0.0511 -0.0411 -0.0511 0.10 6.58 7.26 186 308 303 319 225 
0.9038 0.3502 0.0849 0.2308 331.37 0.69 -42.06 -0.57 7.31 8.37 -0.7500 0.9200 1.1400 -0.2622 -0.9256 0.2511 0.67 6.40 7.39 188 305 296 303 224 
0.9154 0.3444 -0.0121 0.2080 337.00 12.88 -35.25 5.66 17.12 16.84 1.4000 10.3700 6.3800 -7.4878 -0.7467 -0.4900 2.68 1.15 9.36 187 281 242 250 224 
0.9787 -0.1234 -0.1328 0.0969 351.87 13.25 31.44 2.73 0.76 -3.32 -0.0100 5.7200 -10.1100 -9.3056 -0.0911 0.6433 2.01 -9.22 2.64 187 262 242 249 221 
0.6894 -0.7120 -0.1326 -0.0118 2.37 11.31 100.75 3.35 -8.80 -13.84 0.2700 -1.5800 -13.2500 5.0233 1.2756 0.2567 1.77 -9.64 -0.03 188 270 247 254 224 
0.8666 -0.4771 -0.1423 -0.0342 5.12 16.06 49.50 6.21 4.98 17.00 3.3500 9.4700 9.5900 -2.6011 0.5922 0.4522 2.26 -8.24 4.81 190 279 244 245 221 
0.8284 -0.5452 -0.1280 -0.0157 1.12 12.50 73.81 -0.01 -10.42 -1.36 -2.2600 -1.3200 -3.9500 -3.8633 -1.3533 0.8256 1.66 -9.65 -0.31 186 278 255 258 221 
0.6631 -0.7350 -0.1398 0.0219 355.69 8.44 96.81 0.89 -12.07 -11.04 -2.0600 -1.6700 -9.6400 6.4167 0.5478 -0.4789 1.41 -9.32 2.69 187 282 263 266 220 
0.8754 -0.4710 -0.0999 0.0417 355.31 7.12 48.44 -1.19 0.53 15.16 -1.9800 6.9100 8.6900 0.3178 -0.4178 -0.1178 1.27 -6.50 7.22 186 290 274 268 221 
0.9268 -0.3632 -0.0897 0.0355 354.25 9.50 45.38 0.53 -6.08 8.10 -1.3100 1.0300 0.9900 -1.5011 -3.3333 1.2278 2.50 -7.67 5.56 189 298 289 288 221 
0.8273 -0.4474 -0.2762 0.1976 324.50 15.56 68.50 3.07 -9.18 1.80 0.4300 -1.1400 -2.1500 -2.6656 -1.8056 1.0911 2.01 -9.55 0.95 187 318 298 309 219 
0.6259 -0.5601 -0.4326 0.3276 300.37 8.44 91.12 2.69 -10.58 -4.78 1.5400 -0.1600 -3.0000 1.0056 1.7344 0.3100 0.95 -9.74 0.58 187 317 319 318 221 
0.6609 -0.5308 -0.3595 0.3901 294.56 3.44 75.37 1.20 -4.73 -4.97 1.9500 5.6400 -6.3000 5.9300 -0.2856 -1.4378 1.55 -7.23 6.43 191 320 330 320 222 
0.7864 -0.1512 -0.2597 0.5397 292.94 14.75 26.94 2.77 0.29 24.60 0.6900 4.3400 15.2100 -2.6144 -0.4100 -0.3011 2.50 -5.18 7.93 191 333 334 326 221 
0.7870 -0.2575 -0.3075 0.4688 300.00 13.13 54.06 1.91 -5.07 0.38 0.3500 2.2700 -6.4900 -4.5967 0.0033 0.3011 2.00 -9.25 2.53 192 323 332 311 222 
0.6638 -0.4976 -0.4179 0.3704 301.37 10.13 80.94 1.29 -9.47 -6.28 -1.1200 0.2300 -8.6100 2.5556 -0.7767 0.0767 1.72 -9.21 2.88 188 283 328 316 221 
0.7291 -0.3539 -0.3649 0.4584 294.25 14.63 51.19 5.37 1.11 9.33 2.5700 6.9300 6.2700 3.6311 -0.3322 -0.5878 3.27 -4.98 7.78 187 298 324 320 221 
0.7937 -0.0817 -0.2790 0.5344 292.69 20.37 27.44 3.42 -2.98 15.32 0.3500 1.6600 6.1500 -2.3267 0.6689 -0.3333 3.08 -5.56 7.46 189 309 318 306 220 
0.7930 -0.2471 -0.3232 0.4534 301.69 16.62 49.81 2.10 -4.28 2.22 -0.5600 3.1600 -4.7800 -3.8578 -0.6856 -0.2733 3.17 -8.67 3.30 185 275 280 268 218 
0.6868 -0.4163 -0.4775 0.3562 305.50 22.94 80.69 1.38 -5.40 -3.98 -3.1600 3.6900 -5.2300 2.0422 1.5789 -2.7722 5.17 -7.91 2.61 184 274 275 270 217 
0.8183 -0.2523 -0.4548 0.2448 332.31 42.75 40.19 7.03 4.37 5.64 1.7100 7.4600 2.1300 3.2522 -0.6089 -3.8522 7.59 -0.40 6.19 188 287 301 300 220 
0.9342 0.1252 -0.3185 0.1009 348.50 30.94 -18.44 8.34 4.10 13.78 0.3500 -1.1200 5.8200 0.6822 4.7633 0.5133 1.70 3.37 9.05 190 300 331 334 220 
;
