0.9539 0.1361 -0.1747 -0.2028 24.00 16.12 -20.06 2.72 3.13 8.88 0.0100 -0.1200 0.0300 0.0044 0.0067 0.0089 2.72 3.23 8.84 185 326 334 353 219 
0.9539 0.1359 -0.1747 -0.2027 23.94 16.12 -20.06 2.72 3.16 8.86 -0.0300 -0.1400 0.0200 0.0311 0.0244 0.0078 2.70 3.25 8.84 183 327 334 355 220 
0.9532 0.1435 -0.1730 -0.2024 23.81 14.63 -24.00 5.11 9.17 16.39 -2.7800 6.5900 11.9400 -1.7689 -1.9056 0.5322 3.51 3.48 8.46 187 323 290 317 221 
0.9542 0.0441 -0.2266 -0.1902 21.31 24.19 -4.12 3.70 7.23 9.82 -2.0300 7.2200 -1.8700 -7.9844 1.2978 2.6167 2.79 -4.90 8.01 186 282 253 271 218 
0.8679 -0.4857 -0.0424 -0.0958 10.50 2.00 75.94 -1.24 -7.22 -5.43 -0.0400 2.2200 -7.1200 -3.7611 1.1389 0.8911 -0.51 -9.71 -1.20 189 291 253 271 217 
0.6046 -0.7807 0.1430 -0.0675 12.38 -4.69 106.87 -0.89 -10.79 -11.89 -4.2100 2.4100 -8.6300 9.6122 1.6167 -1.7078 0.12 -9.25 3.23 186 288 250 278 220 
0.8579 -0.4711 0.0772 -0.1901 25.31 2.37 56.13 -0.01 -1.82 16.07 -1.7100 4.6000 8.5100 -3.5711 -1.1244 0.4844 0.23 -9.24 3.25 186 281 255 274 219 
0.7294 -0.6617 0.1089 -0.1347 19.12 0.13 93.25 -1.61 -8.91 -6.27 -1.6600 0.1200 -5.3700 -4.2300 -1.7367 0.9989 -0.93 -8.93 -3.93 186 277 251 269 216 
0.5295 -0.8386 0.1272 -0.0120 1.25 -6.94 115.25 -3.56 -9.14 -10.88 -2.8800 0.5500 -6.0000 6.5589 -0.0778 -1.6444 -0.09 -9.80 0.24 183 285 267 288 218 
0.8397 -0.5328 -0.0010 -0.1055 14.81 8.56 58.31 4.96 -4.80 10.36 3.6600 2.3600 5.0000 0.2833 -1.1344 -0.0889 2.05 -8.04 5.22 180 284 264 279 217 
0.8761 -0.4604 -0.1302 -0.0589 3.69 21.37 53.94 6.20 -8.26 2.64 3.2500 -0.9800 -3.3200 4.3600 -3.5467 -0.6222 5.61 -5.53 5.83 183 312 279 283 217 
0.8939 -0.1859 -0.3915 0.1144 340.94 43.44 28.12 8.96 -2.12 5.03 1.5900 1.2300 -1.0000 3.8356 -0.9378 0.6000 7.23 -1.67 6.40 185 322 291 295 218 
0.8675 0.0828 -0.4056 0.2758 322.06 49.25 3.00 6.83 4.01 7.87 -0.7800 4.3700 1.8000 1.5411 -0.8889 0.5900 7.82 0.25 5.90 186 319 290 293 217 
0.8170 0.1880 -0.4191 0.3486 313.56 55.69 -0.37 6.13 4.50 7.75 -2.0100 4.4300 2.1300 -1.1756 -0.4811 -0.2189 8.31 -0.32 5.19 181 300 275 285 217 
0.8175 0.1274 -0.4856 0.2822 325.06 61.88 11.19 10.86 2.23 3.26 2.3400 2.3500 -1.1400 -3.8011 -0.1011 0.6567 8.75 -2.14 3.87 177 275 232 262 209 
0.8042 -0.0815 -0.5668 0.1591 340.31 61.50 48.31 7.05 -6.85 -0.67 -1.3100 -3.4600 -3.8700 -1.8167 -0.2900 0.3200 8.52 -4.21 2.39 161 274 232 256 204 
0.7756 -0.2120 -0.5867 0.0967 345.81 60.38 63.94 9.04 -5.16 1.04 0.1500 -0.2600 -0.3700 0.5056 -0.1367 0.1744 8.51 -4.35 2.19 179 282 236 256 206 
0.7779 -0.1967 -0.5845 0.1208 341.81 58.88 60.44 4.67 -2.85 0.47 -3.5900 1.5200 -3.3200 0.3244 3.4922 -0.1967 7.51 -4.25 4.64 181 292 271 276 212 
;
