0.9783 0.1995 -0.0552 0.0023 0.13 6.56 -22.94 1.24 4.18 8.75 0.0500 0.3800 -0.1800 -0.2444 -0.3467 -0.3067 1.30 3.67 8.99 184 333 342 366 220 
0.9788 0.1860 -0.0799 -0.0308 4.50 8.88 -21.75 2.06 3.88 8.80 0.5000 0.2900 -0.1500 -0.2344 -0.4378 -0.4200 1.73 3.49 8.99 183 324 342 364 221 
0.9764 0.1729 -0.1077 -0.0711 9.19 10.94 -21.00 1.51 3.78 9.06 -0.4500 0.3000 0.0900 -0.1178 -0.3044 -0.4656 1.90 3.47 8.97 184 321 339 365 221 
0.9717 0.1663 -0.1233 -0.1135 14.44 11.69 -20.81 1.83 3.58 8.96 -0.1600 0.1500 -0.1000 -0.1789 -0.3067 -0.5189 2.03 3.36 8.98 183 320 337 361 220 
0.9658 0.1535 -0.1347 -0.1597 19.62 12.19 -20.19 2.21 3.25 8.88 0.1500 -0.0400 -0.1000 -0.1656 -0.2256 -0.5011 2.11 3.27 8.99 181 319 335 361 221 
0.9588 0.1440 -0.1430 -0.1989 24.12 12.31 -20.06 2.35 3.42 9.51 0.0700 0.2600 1.1700 0.5111 -0.0056 -0.5178 1.97 3.61 8.89 183 327 332 365 221 
0.9483 0.1660 -0.1445 -0.2288 27.81 11.19 -23.12 1.91 3.37 7.80 0.2800 -0.4500 -1.1700 1.0067 -0.3256 -0.2489 1.99 4.26 8.60 183 339 331 348 222 
0.9371 0.1808 -0.1770 -0.2404 28.87 18.00 -25.12 7.82 11.84 18.09 6.4900 8.3800 9.1500 -4.0289 -1.7989 2.2633 4.89 1.38 8.38 185 335 271 274 221 
0.9458 -0.1483 -0.2172 -0.1904 21.75 23.87 30.56 -0.21 2.48 -1.93 -2.2700 7.3300 -11.0000 -10.1389 2.3478 2.7011 1.46 -9.53 1.75 185 250 235 246 216 
0.6743 -0.7180 0.0772 -0.1544 23.94 5.19 98.75 1.53 -8.43 -15.64 -1.0900 1.5000 -12.7900 5.0533 1.1900 0.5400 0.47 -9.77 0.67 185 262 243 257 216 
0.8164 -0.5330 0.0995 -0.1989 26.87 2.56 57.81 2.30 1.88 23.12 1.3100 8.4100 16.4400 -2.2311 -0.3656 0.1922 0.53 -8.76 4.37 183 274 249 263 219 
0.7751 -0.6003 0.0833 -0.1785 25.69 5.50 83.00 1.42 -7.94 -2.08 -0.0900 1.2500 -4.3900 -4.5433 -0.7211 0.0000 0.90 -9.45 -2.43 179 265 246 257 217 
0.5386 -0.8320 0.0905 -0.0975 18.87 3.19 113.81 -0.90 -8.81 -14.20 -1.1900 2.1300 -7.4300 5.5189 0.0733 -0.0933 0.54 -9.76 -0.65 178 273 252 260 216 
0.7812 -0.6031 0.0691 -0.1453 20.37 3.75 70.12 0.30 -0.90 10.84 -1.6400 5.9000 2.4600 0.7756 -2.5600 -0.0711 1.42 -8.75 4.18 180 273 253 266 218 
0.8672 -0.4607 -0.1887 0.0129 349.56 28.50 54.69 2.01 -0.41 -3.94 -4.7100 6.0300 -7.7800 0.8689 -12.9467 -2.6089 8.44 -4.97 -0.32 181 279 239 246 207 
0.4609 -0.1112 -0.8741 0.1057 7.06 39.00 170.06 14.15 4.02 -14.92 6.5000 4.3700 -9.8600 -2.6144 -3.1700 -2.5033 3.48 1.94 -8.95 182 273 239 247 201 
0.1863 0.0570 -0.9750 -0.1071 352.50 20.56 -167.00 7.46 0.97 -14.60 3.4300 -0.7900 -5.5000 2.0056 0.2744 0.5700 3.74 0.68 -9.03 177 281 245 247 202 
0.2039 0.0573 -0.9759 0.0532 353.87 28.37 166.87 5.57 -1.27 -10.40 0.1000 1.2000 -2.3400 4.8000 2.6700 1.5378 6.11 -5.04 -5.77 190 342 321 314 213 
0.3658 0.0057 -0.8383 0.4043 259.50 36.81 113.12 2.87 -2.04 -2.95 -3.0400 5.8800 -0.0200 1.6600 0.6222 0.8789 5.42 -8.00 -1.62 191 345 331 328 215 
0.4082 -0.0516 -0.7290 0.5470 253.81 32.50 93.81 3.51 -3.83 -0.02 -0.3600 3.8200 0.7500 0.1633 -0.0333 0.1478 5.15 -8.32 -0.45 191 346 326 322 214 
0.4115 -0.0577 -0.7189 0.5573 253.44 32.13 92.56 6.07 -7.17 0.43 0.8600 1.5200 0.7000 -0.3256 0.2556 -0.4211 5.47 -8.12 -0.42 189 310 304 284 210 
0.4551 -0.0645 -0.7182 0.5224 267.06 37.56 91.75 4.93 -2.42 -1.46 -1.9600 4.7200 -1.8500 -1.0267 6.0067 -2.4933 6.94 -6.71 1.67 167 279 274 270 212 
0.7861 -0.1462 -0.5091 0.3186 327.62 40.94 35.31 1.56 -0.96 4.62 -3.9500 2.3400 -2.7000 2.5067 5.2989 -4.3633 3.24 -0.48 9.24 188 298 291 291 215 
0.9937 0.0792 -0.0748 0.0272 358.37 7.31 -13.25 2.83 5.67 17.28 1.6800 1.9900 7.0700 0.7478 1.8189 -1.3422 -0.25 3.52 9.14 188 316 315 343 218 
;
