0.9583 0.2836 0.0291 -0.0209 2.44 -3.87 -32.88 -0.60 5.31 8.24 0.0700 0.0000 0.0100 -0.0033 -0.0100 -0.0011 -0.65 5.31 8.21 212 354 348 363 247 
0.9583 0.2836 0.0288 -0.0209 2.50 -3.81 -32.88 -0.54 5.39 8.32 0.1900 0.1700 0.1000 0.0611 0.0711 0.0122 -0.67 5.34 8.19 212 354 352 365 246 
0.9581 0.2852 0.0215 -0.0157 1.81 -1.31 -33.06 -0.51 8.12 11.55 -0.2200 4.1600 5.6500 -0.7044 -2.7167 0.0089 1.15 4.77 8.48 211 344 322 325 246 
0.9778 0.1699 -0.1064 -0.0602 8.25 11.25 -14.00 4.51 6.53 10.89 2.6800 4.7700 0.9200 -6.0833 0.8167 -0.3733 1.63 -1.89 9.48 208 320 305 312 248 
0.9574 -0.2558 -0.0682 -0.1153 15.19 9.94 39.63 1.73 -3.91 2.43 -1.1100 2.6900 -4.6600 -5.8078 0.6667 -0.2178 1.27 -8.84 4.04 243 346 330 340 281 
0.7557 -0.6376 0.0316 -0.1462 22.06 7.94 86.87 0.57 -7.33 -4.03 -0.7700 2.1600 -3.7500 -3.8144 -0.0644 -0.0433 1.34 -9.41 -2.41 274 363 352 362 310 
0.5558 -0.8198 0.0516 -0.1280 26.19 8.75 113.62 2.50 -10.13 -12.96 -1.6600 -0.4000 -6.8700 7.0856 2.8500 -0.7289 2.24 -9.53 0.51 277 382 375 393 319 
0.7867 -0.5768 -0.0219 -0.2187 29.56 15.69 71.37 2.93 -6.04 7.45 -0.3200 2.1100 3.1000 -3.3322 -0.4556 0.5578 2.18 -9.53 0.70 276 375 366 370 315 
0.6365 -0.7587 0.0176 -0.1379 21.75 8.63 107.94 -0.51 -7.70 -9.24 -2.2100 0.0200 -6.3600 -3.6011 -1.1522 0.5411 0.63 -7.82 -5.87 264 349 354 363 310 
0.4388 -0.8959 0.0387 -0.0574 17.81 5.25 123.50 -1.54 -7.78 -9.87 -3.1300 3.3800 -3.3700 8.7311 1.5300 -1.2522 2.06 -9.54 0.89 280 389 392 400 315 
0.8295 -0.5215 -0.0078 -0.1998 25.00 11.75 58.81 2.36 -3.80 9.46 0.5200 3.7000 3.7900 -1.2267 -1.2756 0.7878 1.91 -8.62 4.26 274 378 381 376 312 
0.8453 -0.5229 -0.0665 -0.0880 6.87 15.00 59.94 3.90 -11.72 1.05 1.9000 -3.5200 -4.2500 5.8222 -6.4611 0.0911 5.14 -6.09 5.70 274 395 319 324 302 
0.8749 -0.1890 -0.4014 0.1940 325.62 41.88 37.00 13.41 -2.83 4.13 6.4100 2.4900 -1.2200 3.2756 0.6644 1.4144 6.16 -3.57 6.73 271 427 295 280 282 
0.8158 -0.0079 -0.3309 0.4742 289.62 41.69 23.44 8.87 2.14 4.94 1.7400 5.0100 0.2700 1.9944 -4.2544 2.3256 8.18 -3.28 4.28 271 410 260 259 262 
0.5674 0.2298 -0.4816 0.6271 262.69 56.19 38.44 7.48 -0.52 6.51 -0.7800 3.0100 1.8600 -1.2056 2.6422 -0.2367 7.58 -3.64 5.03 276 447 260 268 267 
0.5932 0.1669 -0.4709 0.6313 267.25 49.38 39.19 8.05 -3.28 2.78 1.0200 0.6600 -1.6900 -0.6678 0.9156 -0.4122 7.26 -4.09 5.15 278 461 274 273 272 
0.6367 0.1084 -0.4747 0.5980 274.81 47.44 39.69 8.11 -3.76 3.09 0.8400 0.2100 -2.0000 -0.7022 0.4544 -0.4000 7.20 -4.28 5.09 281 472 280 280 279 
0.6724 0.0693 -0.4803 0.5589 281.75 45.75 40.38 5.75 -4.75 4.18 -1.2200 -0.6300 -1.0700 -0.3356 -0.5356 0.1711 7.08 -4.68 4.90 282 476 285 287 281 
0.6739 0.0409 -0.4961 0.5460 281.75 45.25 44.63 7.13 -4.85 5.26 0.3700 0.2300 0.2300 -0.1856 0.1133 0.0544 6.97 -4.95 4.80 222 422 231 227 218 
0.6688 0.0297 -0.5052 0.5447 281.44 45.31 47.38 5.85 -2.07 4.09 -1.3000 3.4900 -0.4400 -1.7667 2.1478 -0.3900 6.66 -5.40 4.74 229 366 282 268 239 
0.7328 -0.0778 -0.4927 0.4628 303.50 38.63 46.63 2.95 -4.12 -1.54 -2.9600 1.6700 -7.0700 -0.6056 6.5244 -3.1000 4.06 -4.55 7.67 213 335 303 298 233 
;
