0.7809 0.2446 0.0182 -0.5745 72.62 -18.00 -22.25 -3.07 3.50 8.66 0.0200 -0.0400 0.0600 0.0022 -0.0133 -0.0011 -3.02 3.53 8.63 177 311 311 328 210 
0.7809 0.2448 0.0187 -0.5744 72.62 -18.12 -22.31 -3.13 3.45 8.74 -0.0200 -0.1400 -0.0100 -0.0167 -0.0300 0.0333 -3.02 3.52 8.63 176 309 312 325 209 
0.7837 0.2380 0.0090 -0.5737 72.25 -15.31 -22.50 -5.41 6.41 16.05 -2.6600 4.1100 8.8800 -1.8000 -1.2300 -0.3511 -1.91 2.79 9.20 178 302 286 287 208 
0.7895 0.0917 0.0517 -0.6046 76.00 -11.50 3.94 -1.37 4.04 11.19 0.6300 5.5000 -0.2300 -6.5444 -0.2311 -1.1322 -1.55 -5.13 8.20 171 274 240 255 209 
0.6924 -0.2678 0.3262 -0.5852 81.50 -6.62 59.06 0.02 -3.20 -0.08 1.5400 5.5000 -4.4200 -5.0700 -0.4611 -0.5478 -0.52 -9.74 0.94 167 241 233 229 207 
0.5161 -0.5375 0.5008 -0.4404 78.75 -2.75 99.81 -1.07 -8.64 -7.72 -0.4000 0.0000 -5.2400 -2.3356 -0.2778 0.2856 -0.76 -9.09 -3.59 162 228 203 215 205 
0.4692 -0.5803 0.5345 -0.3967 82.50 -1.62 98.50 0.12 -6.42 1.38 -1.1400 5.7800 5.4700 5.9756 1.7078 -0.3689 0.00 -9.40 2.76 168 256 234 235 206 
0.5685 -0.4346 0.4225 -0.5562 87.69 0.06 80.25 -1.43 -7.03 2.36 -1.2500 2.1400 -0.8000 -5.4678 -2.0856 -0.0933 -0.03 -9.46 -2.55 164 239 221 228 207 
0.4107 -0.6821 0.5224 -0.3053 72.81 0.00 123.44 0.06 -8.54 -15.74 -0.7000 0.4000 -8.8400 1.9700 1.3856 -0.3011 0.62 -8.53 -4.79 163 246 235 237 206 
0.4233 -0.6345 0.5044 -0.4047 90.06 5.12 100.25 -1.65 -6.57 1.43 -2.0200 3.7700 4.3500 6.0578 1.8267 0.2811 0.71 -9.49 2.36 166 268 250 254 205 
0.5656 -0.4448 0.3850 -0.5780 89.50 4.44 72.44 0.01 -8.55 3.53 -0.5900 0.3200 -0.0300 0.5389 -2.0922 -0.1667 1.11 -9.25 3.03 165 272 246 249 205 
0.6395 -0.5047 0.2782 -0.5088 71.94 11.44 69.50 1.06 -10.55 1.90 0.2000 -1.1800 -1.1200 2.3689 -8.2711 0.3700 3.69 -8.51 3.16 168 283 194 200 194 
0.7601 -0.5955 -0.1655 -0.2006 8.63 31.00 81.31 11.17 -6.76 -3.22 6.1100 1.5600 -4.9400 2.9989 -5.5067 2.6811 3.86 -8.93 1.17 168 271 167 179 183 
0.7610 -0.4363 -0.3862 0.2853 313.44 19.50 61.25 2.11 -3.36 6.81 -1.3600 3.7400 2.8200 3.7156 -0.1222 0.7500 2.92 -6.56 6.67 176 277 173 182 184 
0.8313 -0.2288 -0.2799 0.4222 306.50 15.19 41.69 1.15 -4.30 12.92 -1.2700 2.2700 5.7200 -2.6256 -0.2533 -0.0444 2.66 -7.42 5.82 176 284 183 189 184 
0.7737 -0.3728 -0.3592 0.3653 310.25 17.37 66.25 2.21 -5.87 3.31 -1.1200 3.0600 0.0300 -2.8989 0.3067 -0.9100 3.46 -8.99 1.80 174 286 196 201 190 
;
0.7599 0.2518 0.0077 -0.5992 76.50 -18.25 -23.12 -3.07 3.51 8.66 0.0100 -0.1400 0.1300 0.0044 0.0067 -0.0011 -3.07 3.66 8.56 175 305 309 327 208 
0.7599 0.2518 0.0077 -0.5992 76.50 -18.25 -23.12 -3.04 3.53 8.68 -0.0100 -0.1300 0.0800 0.0011 0.0056 0.0033 -3.07 3.66 8.56 174 305 309 328 208 
0.7599 0.2518 0.0077 -0.5992 76.50 -18.25 -23.12 -3.08 3.53 8.66 0.0200 -0.1300 0.0700 0.0033 0.0011 0.0033 -3.07 3.66 8.56 174 305 310 329 209 
0.7599 0.2518 0.0077 -0.5992 76.50 -18.25 -23.12 -3.05 3.56 8.67 0.0000 -0.1100 0.0700 0.0000 0.0011 0.0022 -3.07 3.66 8.56 174 305 306 326 209 
0.7599 0.2518 0.0077 -0.5992 76.50 -18.25 -23.12 -3.27 3.53 8.69 -0.5600 -0.2900 0.6100 0.0944 -0.0989 0.0522 -2.99 3.72 8.56 173 303 309 326 210 
0.7614 0.2548 -0.0060 -0.5961 75.81 -16.50 -25.62 -3.93 8.34 16.26 -1.0300 4.2700 6.6600 -2.6933 -0.4022 -0.4900 -2.46 2.78 9.07 174 304 296 306 209 
0.7754 0.1269 0.0607 -0.6157 77.06 -14.56 -0.88 -3.10 2.23 10.49 -0.2000 2.9400 -0.2500 -4.9078 -0.3856 -0.5367 -2.22 -3.24 8.98 175 294 289 288 208 
0.7398 -0.1415 0.2766 -0.5967 78.37 -13.44 41.94 -0.77 -3.25 3.13 1.3200 4.0800 -3.3400 -4.1444 0.2167 -0.9078 -1.76 -8.62 4.31 171 270 271 266 207 
0.6048 -0.3965 0.4561 -0.5187 81.00 -6.50 80.25 -0.95 -7.23 -3.18 -0.2300 2.0800 -4.7800 -4.4611 -1.7656 -0.4256 -0.68 -9.69 -1.30 163 224 210 232 206 
0.5147 -0.5502 0.5062 -0.4197 80.25 -3.00 92.56 -1.56 -7.96 -2.91 -0.2100 2.4200 -1.5200 6.0622 2.2422 -0.2622 -0.60 -9.02 3.78 168 264 249 256 206 
0.6229 -0.3579 0.3834 -0.5804 84.44 -3.56 68.19 -1.64 -6.65 4.92 -1.3500 2.4500 1.4300 -5.0444 -1.4756 -0.1156 -0.45 -9.79 0.22 166 248 237 235 207 
0.5003 -0.6071 0.4935 -0.3710 70.12 -2.44 110.87 -0.41 -9.59 -15.46 -0.3200 -0.4600 -12.0300 0.9544 0.6778 -0.1822 -0.11 -8.94 -4.02 163 246 235 240 206 
0.4706 -0.6166 0.4998 -0.3853 80.44 -0.13 98.00 -1.64 -6.92 -2.04 -2.3300 3.1800 -0.0300 4.5433 1.4967 0.1711 -0.28 -9.59 1.99 164 272 249 259 206 
0.6200 -0.3891 0.3892 -0.5592 81.62 -0.75 63.31 0.71 -5.83 7.64 1.1000 1.7200 0.9500 0.2822 -3.3033 0.3889 0.89 -8.61 4.59 165 276 253 253 204 
0.7166 -0.4761 0.1823 -0.4760 63.25 14.69 60.56 1.65 -8.86 2.57 -0.9100 -1.1100 -2.1500 1.3522 -8.3222 0.5844 4.73 -7.98 3.16 168 286 214 217 198 
0.7540 -0.5809 -0.2733 -0.1391 10.13 35.56 83.56 9.89 -7.22 -2.94 4.4100 0.5500 -3.4000 1.8522 -4.7533 1.6733 4.84 -8.52 0.01 168 279 166 187 186 
0.7238 -0.4946 -0.4285 0.2187 319.12 21.50 72.25 2.00 -4.81 5.02 -1.3400 3.5200 1.5200 4.4044 -0.6933 1.1111 3.11 -7.41 5.60 170 268 165 185 184 
0.8241 -0.2401 -0.2953 0.4195 306.50 15.00 41.38 -0.17 -4.28 13.76 -1.9200 2.0000 5.7000 -1.7956 -0.2922 -0.1267 2.61 -7.01 6.33 175 274 182 189 184 
;
