0.9424 0.0943 -0.3051 -0.0999 12.19 33.94 -16.62 5.72 2.27 7.65 0.2200 -0.0800 -0.1400 -0.0778 -0.0522 -0.0689 5.52 2.31 7.76 181 308 326 343 217 
0.9402 0.0896 -0.3106 -0.1068 13.13 34.44 -16.50 5.52 2.39 7.76 -0.0200 0.1100 0.0000 -0.0700 -0.0767 -0.0711 5.58 2.28 7.72 179 308 325 341 217 
0.9384 0.0856 -0.3147 -0.1146 14.13 34.81 -16.44 5.63 2.34 7.69 0.0100 0.0700 -0.0300 -0.1133 -0.0656 -0.1289 5.62 2.27 7.70 180 307 328 342 216 
0.9362 0.0806 -0.3176 -0.1268 15.75 35.00 -16.37 5.55 2.32 7.73 -0.0800 0.0900 0.0000 -0.1556 -0.0622 -0.1522 5.63 2.24 7.70 180 307 325 341 216 
0.9341 0.0732 -0.3193 -0.1416 17.56 35.13 -16.00 5.75 2.23 7.64 0.1000 0.0200 -0.0500 -0.1122 0.0111 -0.1378 5.63 2.19 7.72 182 308 323 342 217 
0.9352 0.0710 -0.3105 -0.1547 18.69 32.25 -16.37 9.69 4.75 17.50 2.2900 3.2100 10.2400 -2.4011 -0.1822 0.7111 4.83 0.55 8.51 175 321 316 317 217 
0.9617 -0.1015 -0.2141 -0.1382 15.50 21.56 20.37 1.17 2.57 8.75 -2.8000 7.4500 -1.2300 -8.7489 0.2511 2.1756 2.00 -8.12 5.11 170 304 294 279 217 
0.7436 -0.6655 0.0012 -0.0651 9.69 3.12 90.25 -2.80 -4.40 -11.03 -1.8600 1.5000 -12.9900 -0.3411 -0.1511 0.3911 0.13 -9.70 -1.42 166 275 264 264 217 
0.7401 -0.6650 0.0507 -0.0872 15.44 2.75 74.69 1.67 0.55 11.57 1.9400 12.7700 14.2200 1.5656 0.6511 0.4378 0.07 -8.66 4.59 169 284 276 272 218 
0.8077 -0.5746 0.0772 -0.1071 14.69 0.00 78.00 0.08 -7.11 1.47 0.3600 2.2900 -0.9000 -5.2022 -0.5778 0.1200 -0.04 -9.65 -1.71 166 263 265 256 216 
0.5520 -0.8279 0.0888 -0.0450 6.06 -2.31 119.31 -1.46 -10.17 -19.25 -1.9700 -0.8600 -12.7000 3.3678 1.4022 -0.2933 0.06 -9.23 -3.31 166 263 273 267 216 
0.6730 -0.7297 0.0778 -0.0931 19.00 3.00 85.31 0.20 -4.44 8.48 -0.4900 7.0500 9.6400 4.0989 0.0967 -0.3878 0.88 -9.03 3.70 169 295 295 281 216 
0.8098 -0.5677 0.0394 -0.1429 17.75 7.56 71.19 4.40 -7.10 3.17 3.7400 2.4200 -0.7400 -0.2222 -4.1189 -0.3056 2.29 -9.25 2.31 170 268 248 257 215 
0.7525 -0.6458 -0.1287 -0.0079 355.94 8.13 86.81 1.45 -10.64 -1.32 -0.9600 -1.7700 -1.8200 -1.3789 -1.7456 2.1911 -0.30 -9.77 -0.75 142 203 188 217 207 
0.6385 -0.7331 -0.1230 0.1992 321.56 -8.69 96.94 -8.66 -10.11 -3.16 -5.3300 -0.2000 -3.5300 1.0511 -7.2522 -2.9656 -0.25 -9.77 -0.68 143 211 188 217 203 
0.5488 -0.5272 -0.4886 0.4268 272.25 10.44 93.50 3.37 -7.54 -10.32 1.0300 2.0600 -9.2600 2.4933 -13.2444 -4.9311 3.95 -8.65 -2.38 145 215 192 217 199 
0.1208 0.2128 -0.7883 0.5645 195.81 25.00 114.87 9.85 -5.16 -5.25 5.2000 2.9500 0.4800 -0.2133 -0.1767 -0.6411 4.29 -7.81 -4.08 144 225 197 220 198 
0.0501 0.3456 -0.7697 0.5345 194.25 27.62 118.00 6.49 -5.51 -3.68 2.5400 3.0200 0.7600 -0.6267 2.4644 0.0467 5.17 -7.48 -3.65 162 234 213 225 202 
0.3198 0.1681 -0.7575 0.5438 253.31 44.50 98.06 9.57 -2.71 -4.22 1.4700 2.8900 -8.2600 -4.0289 17.8633 -2.3078 4.48 -6.61 5.69 174 266 277 273 211 
0.9348 -0.2908 -0.1176 0.1664 346.94 0.37 26.56 -2.25 1.71 5.95 -1.1300 4.6700 -2.5000 6.2456 0.3511 -2.7544 -0.23 0.24 9.80 177 291 320 319 212 
;
