0.8749 0.4022 0.0843 0.2561 327.31 3.31 -48.44 0.59 7.23 6.49 0.0500 -0.0900 0.0400 -0.0011 0.0011 -0.0078 0.57 7.32 6.49 191 320 314 316 219 
0.8749 0.4022 0.0844 0.2561 327.31 3.31 -48.44 0.65 7.21 6.52 0.0700 -0.1300 0.0300 0.0233 -0.0011 0.0022 0.57 7.33 6.48 190 319 316 318 219 
0.8748 0.4026 0.0845 0.2560 327.31 3.31 -48.44 0.65 7.25 6.54 0.0400 -0.1000 0.0500 -0.0122 0.0256 -0.0033 0.56 7.32 6.49 190 321 315 319 218 
0.8749 0.4022 0.0840 0.2562 327.37 3.56 -48.31 0.54 8.00 6.75 -0.1000 1.2000 0.5000 -0.5911 -0.2556 0.1767 0.83 7.08 6.72 189 317 311 314 220 
0.8954 0.3629 0.0303 0.2563 329.94 10.00 -37.88 0.53 9.99 13.33 -0.3500 4.8000 5.1400 -6.0256 -1.0411 -1.2522 2.30 2.56 9.18 190 316 285 290 219 
0.9852 -0.0153 -0.1153 0.1260 349.37 12.56 14.50 4.15 2.85 10.44 0.9000 6.2500 -0.6900 -8.3467 0.5189 -0.7444 2.05 -7.00 6.54 187 275 266 260 218 
0.8225 -0.5571 -0.1137 -0.0138 3.00 10.31 80.69 0.35 -5.11 -8.69 -1.5600 3.0100 -8.8100 -3.8456 -0.1944 0.4456 1.21 -9.49 -2.11 184 251 236 229 216 
0.6199 -0.7823 -0.0596 -0.0099 1.69 4.94 96.56 -3.73 -5.62 -6.17 -1.9400 5.3600 -1.1600 8.8167 0.4167 -2.0167 2.10 -8.45 4.49 187 278 262 255 218 
0.8870 -0.4449 -0.1074 -0.0618 7.81 13.06 56.19 3.67 -5.32 10.16 1.8500 2.9300 4.7600 -3.1833 -2.0511 1.5567 1.85 -9.08 3.18 185 266 256 251 217 
0.7324 -0.6718 -0.1070 0.0316 353.00 3.87 93.69 -5.90 -10.48 -9.35 -5.2000 -0.2500 -7.6400 -2.6156 -1.7500 0.4000 -0.03 -9.36 -2.91 181 263 257 250 217 
0.5981 -0.7923 -0.1047 0.0602 351.00 3.31 102.50 -2.42 -7.40 -6.55 -3.0600 2.9100 -3.9700 5.1644 2.6133 -1.9078 1.77 -9.51 1.54 185 307 282 275 217 
0.8442 -0.5193 -0.1135 -0.0685 8.94 16.19 63.06 4.37 -5.35 10.71 0.8800 1.4900 4.4900 -1.7289 -0.3478 0.0500 2.56 -8.88 3.26 183 313 271 270 216 
0.7906 -0.5974 -0.1121 -0.0732 10.56 14.56 77.75 2.43 -8.29 0.13 -0.4800 1.3300 -3.3800 -2.9756 -0.9300 1.0633 1.81 -9.63 -0.08 182 323 296 274 217 
0.6862 -0.7225 -0.0799 -0.0283 4.87 7.81 90.06 -0.80 -10.48 -3.98 -1.7800 1.0100 -3.4800 2.6589 0.4256 0.4189 0.95 -9.59 1.76 187 335 163 183 170 
0.8189 -0.5712 -0.0563 -0.0043 0.37 5.75 65.37 0.84 -3.64 3.97 -0.0500 5.8100 -0.8800 3.1289 -0.0722 0.1444 0.81 -7.74 5.96 191 343 169 184 167 
0.9309 -0.3629 -0.0425 -0.0009 359.62 5.37 36.44 3.85 -2.97 11.31 2.8600 1.6500 3.7000 3.6978 -0.0456 0.2556 0.88 -3.32 9.18 192 361 171 190 168 
0.9927 -0.1029 -0.0475 0.0408 352.50 4.69 10.44 1.81 -5.46 18.25 0.8400 -3.1000 8.9500 -0.8811 -0.6611 2.1389 1.07 -2.10 9.51 190 363 176 192 172 
0.9665 -0.1482 -0.0878 0.1904 334.50 6.19 23.56 -2.03 -3.75 10.87 -3.1700 0.4400 0.9300 -3.0222 0.0756 1.0322 0.64 -5.95 7.76 189 359 179 194 175 
0.8902 -0.3626 -0.1249 0.2458 329.94 1.69 49.44 -2.43 -5.12 5.00 -2.4800 2.9600 -0.9000 -1.8356 1.2478 -0.7844 0.19 -8.34 5.15 190 354 180 198 179 
0.8442 -0.5057 -0.1063 0.1421 344.25 2.69 64.44 -0.26 -4.56 3.47 -0.5100 3.9200 -0.9100 -0.5767 1.5667 -1.4133 0.98 -9.01 3.73 186 348 180 197 180 
0.8330 -0.5491 -0.0605 -0.0299 8.00 8.81 65.12 4.34 -3.55 1.48 3.6100 5.1100 -2.8000 1.8722 0.6956 -1.1889 1.97 -8.12 5.13 189 343 180 197 181 
0.8922 -0.4290 -0.0564 -0.1294 16.44 12.63 44.75 6.01 -9.35 10.73 2.1300 -4.2400 5.7900 1.9933 0.1589 0.2522 1.98 -5.30 8.00 190 343 205 215 193 
0.9500 -0.2842 -0.0565 -0.1161 14.50 8.81 32.00 0.70 -6.76 6.64 0.0100 -0.1000 -2.4500 0.4033 0.3211 0.3256 1.14 -4.91 8.40 188 292 282 284 206 
0.9669 -0.2300 -0.0209 -0.1088 12.06 5.06 22.75 2.10 -0.37 2.44 1.5300 4.3700 -5.1000 5.3678 3.0089 -0.1533 -0.74 -0.30 9.77 188 314 326 338 209 
0.9764 0.1600 0.0800 -0.1213 14.56 -12.69 -22.75 -1.37 19.83 16.83 10.2700 4.5900 12.4600 -4.2822 1.4167 0.2633 -2.15 4.16 8.61 189 312 337 367 222 
;
0.9614 0.2329 0.0471 -0.1390 17.06 -8.81 -27.37 -3.90 6.22 14.48 -3.4800 2.2500 6.6700 -0.5267 -2.8578 0.5633 -0.24 4.29 8.81 190 314 326 326 219 
0.9763 0.1473 -0.0486 -0.1511 17.81 4.25 -10.06 1.69 3.96 10.56 1.2200 4.1600 0.2000 -5.0433 -1.2456 0.3200 1.73 -1.97 9.44 188 306 302 303 219 
0.9566 -0.2429 -0.0701 -0.1448 16.44 12.19 36.06 2.03 -2.90 3.62 0.4800 3.1900 -3.4300 -5.1778 -0.3144 0.8144 1.89 -8.32 4.81 188 277 283 282 219 
0.7900 -0.6046 -0.0347 -0.0961 12.25 8.56 82.87 0.40 -7.57 -6.56 -1.5700 1.4600 -8.2100 -2.4267 -0.7078 0.7467 0.83 -9.70 -1.15 183 251 249 260 218 
0.7189 -0.6940 -0.0267 -0.0306 5.56 4.75 78.69 -1.66 -4.78 1.12 -1.9300 6.2900 1.9800 7.2711 1.3278 -1.2978 1.15 -7.50 6.20 190 280 281 278 219 
0.8964 -0.4352 -0.0291 -0.0795 10.06 6.75 56.44 2.09 -6.63 8.91 1.1600 1.8800 2.3700 -3.7467 -1.1967 0.0867 1.36 -9.30 2.78 186 271 262 262 218 
0.7186 -0.6931 -0.0396 -0.0406 4.50 4.94 96.75 -1.14 -10.05 -8.92 -2.2100 -1.3800 -9.9100 -0.6267 -0.2833 -0.0400 0.48 -9.41 -2.70 184 259 250 250 216 
0.6307 -0.7748 -0.0426 -0.0090 3.50 5.25 94.81 -0.64 -5.40 -4.36 -0.9400 4.3500 -1.9700 5.2900 1.3033 -0.8533 1.53 -9.13 3.20 188 292 272 279 218 
0.8571 -0.5050 -0.0533 -0.0865 12.13 9.38 61.13 1.92 -7.54 9.48 1.4400 1.1900 3.4600 -1.3189 -0.7811 -0.0622 1.65 -8.99 3.52 188 296 247 255 216 
0.7962 -0.5983 -0.0444 -0.0783 10.25 8.63 79.56 1.62 -9.12 -2.45 0.3700 0.3200 -5.1400 -1.5700 -0.7056 0.8300 0.95 -9.74 0.51 186 345 181 194 203 
0.7384 -0.6732 -0.0326 -0.0211 1.50 3.94 82.37 -0.84 -7.23 -2.85 -2.8700 2.5800 -4.2600 2.8244 0.6756 -0.5011 0.82 -9.23 3.19 188 374 182 191 195 
0.8618 -0.5043 -0.0334 -0.0429 6.56 5.31 54.25 1.55 -1.35 5.35 1.0900 6.0300 -0.7300 4.6944 -0.2411 -0.2356 0.99 -5.48 8.06 188 376 191 201 196 
0.9823 -0.1771 -0.0305 -0.0526 4.81 4.12 13.06 4.08 -1.86 18.80 2.7700 -0.3800 10.3200 1.4911 -0.0311 1.9267 0.61 -0.64 9.76 188 382 193 203 197 
0.9967 -0.0309 -0.0341 0.0664 349.00 4.00 5.87 -0.13 -2.80 16.43 -0.5300 -1.6300 4.9400 -2.6700 -0.0833 2.0556 0.53 -2.93 9.34 188 380 200 207 199 
0.9555 -0.2118 -0.0566 0.1973 335.00 0.37 31.19 -3.98 -3.96 7.20 -3.9200 2.2300 -1.5700 -2.9444 0.3156 -0.2867 -0.13 -6.94 6.92 187 380 198 208 200 
0.8801 -0.4379 -0.0807 0.1645 340.37 0.25 54.88 -2.02 -3.66 4.70 -1.9400 4.6000 -0.7800 -1.2544 1.0167 -1.3189 0.52 -8.59 4.70 188 379 198 207 200 
0.8506 -0.5204 -0.0703 0.0262 0.62 6.81 63.56 1.36 -4.44 2.50 1.1700 3.5500 -2.4100 0.3478 1.3056 -1.5833 1.77 -8.44 4.65 189 377 199 210 201 
0.8658 -0.4832 -0.0493 -0.1204 17.87 11.88 54.38 5.13 -3.80 4.27 3.8700 2.9500 -1.4900 2.1433 0.3489 -0.5011 2.12 -6.73 6.80 189 368 207 211 201 
0.9313 -0.3229 -0.0657 -0.1556 18.19 13.38 32.56 4.53 -8.88 15.21 1.5000 -4.2000 6.5900 0.0278 -0.5978 1.1478 2.33 -4.93 8.14 190 328 259 264 208 
0.9479 -0.2906 -0.0916 -0.0926 9.06 12.94 33.56 1.51 -3.53 5.29 -0.7500 1.8900 -2.9800 0.7467 0.3867 0.4278 1.86 -5.00 8.22 186 289 311 326 211 
;
