0.7765 0.1585 -0.0389 -0.6086 76.31 -7.56 -17.19 -1.29 2.98 9.30 -0.0600 0.0700 0.0500 0.0167 -0.0122 0.0144 -1.29 2.89 9.28 174 291 305 324 212 
0.7761 0.1601 -0.0433 -0.6085 76.12 -6.94 -18.06 -0.92 3.57 10.17 0.4300 0.5400 1.5000 -0.0811 -2.0200 0.6200 0.05 3.06 9.31 174 281 291 297 212 
0.7891 0.0577 -0.1661 -0.5886 72.06 20.19 -16.19 3.96 1.55 5.65 0.4100 -0.7000 -2.2600 1.0811 -7.0867 1.2333 7.57 2.32 5.78 174 262 230 208 194 
0.6588 -0.2429 -0.5516 -0.4501 67.75 79.25 -61.25 10.37 1.04 -1.49 1.7300 -1.0600 -2.5200 2.0244 -7.3956 1.1867 8.48 0.20 -4.90 175 264 225 194 179 
0.3738 -0.4052 -0.8246 -0.1270 52.56 41.81 168.81 10.20 -2.21 -10.61 4.7200 0.5000 -2.4800 3.7411 -0.8133 1.5111 4.87 -4.33 -7.32 171 318 283 263 196 
0.4027 -0.4050 -0.8032 0.1695 308.69 31.12 127.31 5.25 -4.35 -3.66 0.0800 4.3400 1.9900 2.6522 1.6167 1.5033 4.69 -8.14 -2.81 183 344 311 323 201 
0.5283 -0.3989 -0.6694 0.3373 294.25 25.19 101.62 2.71 -3.37 -0.21 -0.9700 4.7800 1.6900 0.0622 0.6744 0.1656 4.03 -8.82 -1.41 183 344 316 324 202 
0.5547 -0.4174 -0.6315 0.3455 297.37 24.56 99.37 3.60 -7.17 -1.13 -0.2800 1.6100 0.4600 -0.7667 0.7811 -0.5333 4.62 -8.48 -1.68 180 302 276 267 200 
0.6184 -0.4611 -0.6021 0.2061 333.75 37.06 97.62 6.87 -4.52 -0.52 0.7000 2.8300 -1.4000 -0.7189 10.9011 -1.8178 6.33 -6.90 2.88 176 262 266 255 200 
0.8552 -0.4202 -0.1904 -0.2363 38.13 25.44 39.63 0.02 -3.91 6.71 -3.5500 1.9800 0.0600 3.2767 4.4489 -2.2811 1.58 -3.42 9.05 175 282 281 269 201 
0.8690 -0.1086 0.0203 -0.4824 62.00 -1.19 6.00 -1.39 0.08 14.10 -0.0200 0.8500 5.6500 2.7800 1.8678 -1.2722 -1.94 1.04 9.55 177 297 299 308 201 
0.7918 0.2003 0.0347 -0.5760 73.81 -17.94 -22.31 -2.33 4.49 12.05 1.9800 0.0800 1.7700 0.4200 -0.7567 0.4867 -2.70 4.10 8.48 176 304 310 322 204 
;
0.7661 0.2591 -0.0396 -0.5868 75.44 -13.56 -27.00 -1.98 4.47 8.69 0.1800 -0.0700 -0.1700 -0.1222 -0.1511 0.0144 -2.18 4.21 8.58 175 306 313 324 206 
0.7648 0.2433 -0.0460 -0.5948 75.87 -12.50 -25.94 -2.08 4.21 8.81 -0.1300 0.0000 0.2000 -0.0700 -0.4678 0.0322 -1.88 4.16 8.67 176 303 308 318 208 
0.7656 0.2145 -0.0764 -0.6017 76.00 -3.75 -23.31 0.98 4.87 12.46 1.1000 1.2000 3.0800 -2.2644 -8.8033 2.4400 4.56 2.34 8.35 175 262 227 222 201 
0.7356 -0.1862 -0.4080 -0.5078 66.94 64.06 -13.81 10.12 0.16 0.30 2.9100 -0.4400 -2.0400 2.0222 -7.4122 1.5067 9.68 0.01 -1.51 178 271 228 198 185 
0.5136 -0.3853 -0.7419 -0.1932 30.75 58.56 159.06 10.33 -3.29 -5.19 3.7100 -0.2900 -0.9200 3.4078 -1.8178 2.0300 6.69 -4.43 -5.62 180 317 272 255 194 
0.5068 -0.4116 -0.7497 0.1081 328.44 39.88 121.94 7.38 -4.98 -2.87 0.5400 1.8900 0.9300 2.2700 1.2000 2.0189 5.43 -7.83 -2.26 181 339 307 302 201 
0.5936 -0.4395 -0.6181 0.2692 309.00 27.87 97.56 2.82 -3.87 0.13 -2.5200 4.6900 1.2900 0.3711 0.9467 0.2967 4.31 -8.79 -0.50 182 342 310 309 201 
0.6256 -0.4526 -0.5640 0.2927 311.06 26.50 92.75 4.55 -6.71 -0.33 0.2300 1.2900 -0.0500 -0.1544 0.3700 -0.2211 4.56 -8.66 -0.44 184 333 307 300 202 
0.6455 -0.4594 -0.5554 0.2526 319.50 29.56 91.94 5.70 -5.67 0.92 0.5500 2.4800 0.1500 -1.1544 4.2389 -1.1544 5.47 -8.10 0.75 177 254 272 260 199 
0.7842 -0.5006 -0.3666 0.0087 5.75 33.75 68.31 2.17 -4.01 1.33 -4.1000 2.8200 -1.7700 0.9967 7.7944 -1.5344 3.35 -6.53 6.49 175 271 278 267 201 
;
0.8875 -0.3154 0.0100 -0.3359 44.88 7.19 30.94 -2.36 -0.75 9.69 -2.6400 3.1000 0.7100 3.3089 2.7711 -2.0433 -0.53 -2.53 9.45 177 291 289 290 202 
0.8428 0.0214 0.0737 -0.5327 67.62 -10.25 -3.50 -0.24 2.25 14.55 1.5400 -0.0200 4.0300 3.7444 0.4000 -0.9056 -2.26 3.38 8.91 179 315 313 333 202 
0.7535 0.2780 -0.0867 -0.5894 76.50 -8.94 -30.50 -1.13 4.69 7.94 0.1700 -0.0300 -1.5200 0.3689 -0.6111 -0.1822 -1.57 4.74 8.43 175 304 306 317 207 
0.7538 0.2480 -0.0921 -0.6015 77.19 -9.50 -29.25 -1.43 4.57 9.70 0.0700 -0.1100 1.2300 -0.2444 -1.1811 0.2278 -0.96 4.58 8.61 178 303 301 320 210 
0.7654 0.1559 -0.1582 -0.6040 75.81 12.38 -22.37 4.72 3.69 8.05 1.5200 0.5500 -1.1700 -0.2222 -10.1067 3.0678 7.85 2.14 5.45 178 267 225 210 196 
0.6204 -0.2859 -0.6267 -0.3749 55.94 81.06 -163.25 9.41 -0.14 -2.24 0.6300 0.4800 0.5500 2.3911 -5.2656 1.8111 8.33 -1.45 -4.96 179 272 233 212 185 
0.4440 -0.3939 -0.8031 -0.0527 5.75 45.44 154.12 8.49 -1.82 -4.65 1.4100 1.2100 1.1600 0.9678 -1.1922 0.5756 6.29 -3.80 -6.48 178 277 235 216 185 
0.4077 -0.4022 -0.8161 0.0774 329.75 35.31 141.31 9.08 -6.57 -8.59 3.3200 -1.0800 -2.1600 2.7000 2.2600 0.9267 5.85 -6.49 -4.42 180 330 277 285 200 
0.5591 -0.4055 -0.6924 0.2087 318.37 36.63 103.81 4.23 -4.74 -0.77 -1.0600 3.4700 0.8800 0.7089 1.2422 1.0722 5.26 -8.24 -0.62 181 348 313 328 202 
0.6468 -0.4249 -0.5752 0.2652 315.50 30.87 90.44 4.25 -5.10 0.75 -1.3700 3.5300 0.0600 -0.0844 0.2678 0.0456 4.95 -8.46 0.14 173 338 313 315 202 
0.6708 -0.4368 -0.5450 0.2495 321.87 31.31 87.31 5.04 -5.24 1.31 0.3300 3.4700 0.9900 -0.8511 2.7133 -0.6700 5.44 -8.09 0.97 179 287 273 263 200 
;
0.7767 -0.4995 -0.3829 0.0276 3.87 33.31 70.56 3.98 -4.17 1.38 -1.8000 3.3600 -2.8600 -0.7000 9.1311 -1.8122 3.16 -7.31 5.71 176 274 270 268 202 
0.8456 -0.3770 0.0566 -0.3737 51.38 8.50 40.00 -0.73 -1.78 6.88 -1.0600 3.9800 0.4700 4.0133 2.2500 -1.6078 0.26 -3.42 9.18 176 288 287 286 202 
0.8220 -0.0567 0.0566 -0.5639 70.75 -2.81 4.87 1.69 0.87 13.24 2.9300 1.6700 3.5000 3.7333 1.6667 -0.9089 -1.51 1.86 9.50 181 312 308 323 202 
0.7678 0.2059 -0.0509 -0.6046 76.50 -8.75 -27.56 1.05 7.56 16.58 -0.4500 -0.7700 6.1700 -1.3533 -0.0511 -0.0144 -1.68 4.72 8.42 181 316 321 332 208 
0.7583 0.2496 -0.0861 -0.5960 76.94 -8.56 -29.50 -1.05 5.32 9.08 0.1700 0.5300 1.1500 0.0011 -1.3156 -0.0100 -0.66 4.74 8.55 179 309 311 324 212 
0.7504 0.1537 -0.1755 -0.6185 77.94 11.38 -24.19 4.25 4.05 7.97 1.1300 0.0600 -0.9400 -0.4522 -6.7711 3.0189 6.57 2.57 6.81 177 292 243 246 203 
0.6989 -0.2152 -0.5204 -0.4408 59.63 81.19 -32.25 10.34 -0.57 -1.47 0.4200 -0.2900 -1.3600 1.3589 -5.5689 1.9844 9.21 -0.95 -3.20 177 279 244 231 189 
0.4709 -0.4003 -0.7766 -0.1223 19.69 50.56 157.00 9.89 -2.93 -6.59 4.3700 0.7400 -0.3800 1.9911 -2.2078 1.4067 5.95 -4.24 -6.53 178 287 250 239 190 
0.3912 -0.4296 -0.8036 0.1293 314.00 29.69 135.12 5.96 -5.02 -5.14 -0.1000 1.1200 0.1600 2.9089 2.3333 0.7256 5.46 -7.31 -3.56 181 341 300 310 202 
0.5629 -0.4108 -0.6713 0.2522 310.25 32.13 103.19 4.33 -5.06 -0.85 -0.7800 3.5400 0.7400 0.6522 0.9444 0.4500 4.93 -8.39 -1.11 183 344 320 328 201 
0.6102 -0.4154 -0.6086 0.2912 309.69 30.12 94.75 4.09 -5.45 0.14 -1.0300 2.4300 0.4700 -0.2289 -0.0733 -0.1744 5.03 -8.38 -0.71 183 338 312 312 202 
;
0.6333 -0.4240 -0.5931 0.2596 318.69 33.00 93.37 7.17 -5.67 0.90 1.8400 2.7800 1.4500 -1.3956 3.8100 -1.1167 6.01 -7.73 0.35 178 280 277 262 200 
0.7767 -0.4869 -0.3995 0.0072 11.44 36.44 66.06 2.15 -4.15 1.06 -3.6800 3.6100 -2.8400 -0.6244 8.1811 -1.7678 4.03 -6.64 5.97 178 276 276 268 200 
0.8485 -0.3561 -0.0009 -0.3914 54.38 12.13 33.63 2.00 -2.27 8.57 0.6000 2.8300 0.0500 2.9956 3.5378 -1.4433 0.32 -3.19 9.26 176 288 291 280 203 
0.8220 -0.0506 0.0460 -0.5654 71.37 -2.06 2.19 2.14 0.21 13.49 0.2900 -0.4400 2.8600 4.2944 1.5356 -0.9011 -1.35 2.46 9.39 180 306 301 302 203 
0.7534 0.2294 -0.0669 -0.6126 79.19 -11.06 -32.44 0.10 6.93 14.52 1.5000 0.5600 1.8800 -1.1978 0.3133 0.0578 -1.61 4.90 8.34 181 316 308 324 209 
0.7299 0.2488 -0.1314 -0.6230 80.81 -3.37 -31.31 2.69 7.10 10.67 3.1700 1.8900 2.0100 -1.6211 -3.9956 2.1011 2.64 3.99 8.55 180 302 282 279 207 
0.7515 -0.0712 -0.3751 -0.5380 67.75 56.06 -23.37 8.99 0.66 1.80 -0.3500 -1.1000 -2.0000 1.6911 -8.4278 2.4122 9.73 0.27 -1.14 177 271 232 228 192 
0.5338 -0.3667 -0.7319 -0.2122 36.00 62.75 163.12 12.09 -1.02 -3.64 2.8300 -0.2000 0.7500 1.3256 -2.8589 1.4522 7.29 -2.69 -5.96 177 281 245 234 191 
0.4177 -0.4168 -0.8069 0.0246 342.44 37.56 144.87 7.05 -5.13 -7.07 2.3600 0.5400 -0.9700 2.4467 -0.4244 1.0756 5.20 -6.21 -5.52 178 314 267 262 199 
0.4907 -0.4123 -0.7388 0.2083 314.62 34.63 114.25 4.03 -5.29 -1.51 -0.7300 2.7900 2.2000 1.8856 0.8578 1.0422 5.32 -8.11 -1.39 183 349 319 331 202 
0.6083 -0.4055 -0.6199 0.2852 308.56 30.56 95.75 3.79 -5.22 -0.34 -1.8000 3.1600 -0.0500 0.0411 -0.1222 0.1422 4.87 -8.48 -0.69 183 347 321 331 203 
;
0.6234 -0.4141 -0.5963 0.2904 312.12 30.87 92.94 6.74 -5.61 1.26 2.5000 2.6500 2.1400 -0.9767 2.8422 -0.6311 5.50 -8.11 0.09 178 298 291 271 201 
0.7383 -0.4780 -0.4659 0.0967 351.94 36.88 78.31 4.91 -4.18 1.91 -0.2200 4.6200 -0.1800 -0.6144 7.6756 -1.2833 4.75 -7.25 4.57 179 261 252 261 202 
0.8563 -0.4361 -0.0694 -0.2679 41.38 16.31 45.13 1.63 -2.82 4.54 -0.0400 3.5400 -2.0500 1.7867 3.4567 -1.6011 1.47 -5.48 7.99 178 272 271 269 203 
0.8411 -0.2082 0.0868 -0.4916 63.94 1.75 19.31 1.02 -2.18 11.35 1.4000 0.3500 2.2800 4.1111 1.7544 -1.7344 -0.58 -0.33 9.78 180 303 293 301 202 
0.7904 0.0980 0.0038 -0.6047 76.00 -6.87 -13.56 0.24 4.46 16.77 1.7200 1.5800 7.3500 4.9722 2.8200 -0.0522 -2.55 5.37 7.79 181 333 324 336 205 
0.7456 0.3063 -0.0858 -0.5856 75.50 -14.88 -34.25 -2.65 5.57 8.70 0.1800 0.1000 1.2800 0.1300 -1.4411 0.5978 -1.79 5.52 7.90 182 315 316 325 209 
0.7729 0.2012 -0.1683 -0.5778 71.44 15.50 -27.44 4.94 1.91 6.05 1.9800 -0.6500 -0.9200 0.4489 -11.0178 4.1644 8.89 2.25 3.46 177 289 249 231 200 
0.6251 -0.2867 -0.6518 -0.3198 47.81 79.19 170.69 9.76 -0.26 -2.47 0.7700 0.9400 0.0500 1.6200 -3.3111 2.0156 8.42 -2.16 -4.52 176 277 241 224 188 
0.4726 -0.4064 -0.7806 -0.0468 2.31 47.13 147.31 8.62 -3.39 -5.43 2.7000 1.0700 0.1200 1.8089 -1.5122 1.5289 6.04 -5.13 -5.76 176 289 255 238 196 
0.4633 -0.4203 -0.7665 0.1456 321.69 35.81 124.94 7.68 -5.28 -4.15 0.7500 1.7000 0.1200 1.7478 2.3322 0.7711 5.88 -7.41 -2.56 177 331 315 305 202 
0.6070 -0.4259 -0.6304 0.2297 318.94 34.19 98.56 3.48 -5.00 -0.12 -1.2000 2.9400 0.7200 0.8922 1.5689 0.0844 5.43 -8.16 0.12 177 345 324 328 202 
;
