0.7296 0.3085 0.0120 -0.6103 79.75 -23.25 -28.37 -3.98 4.44 8.15 0.1900 0.1300 -0.0500 -0.0956 -0.0367 0.0978 -3.82 4.27 7.95 172 322 313 344 207 
0.7333 0.3072 0.0126 -0.6064 79.06 -22.75 -28.06 -3.79 4.38 8.32 0.4300 0.0400 0.0800 -0.1100 -0.1900 0.2100 -3.51 4.21 8.12 174 303 294 337 209 
0.7553 0.2609 -0.0117 -0.6011 75.94 -12.38 -22.12 -1.53 4.62 12.57 -0.7400 1.4100 1.8900 -3.8667 -8.9667 2.5967 3.61 1.07 9.05 170 254 229 213 198 
0.7399 -0.2066 -0.3725 -0.5206 71.50 64.06 -15.06 11.31 0.92 -0.64 4.5600 -0.1200 -3.5300 1.2133 -9.1500 -0.1733 9.35 1.51 -2.53 176 266 229 213 190 
0.4083 -0.4185 -0.7718 -0.2500 49.19 49.56 175.12 11.31 -1.81 -8.84 3.7500 -0.4100 -2.0400 3.6733 -0.4456 1.9333 6.62 -3.53 -6.30 172 333 299 278 198 
0.4781 -0.4509 -0.7511 0.0633 335.75 39.56 126.81 5.85 -4.11 -3.32 -0.7100 3.0600 1.1800 2.1333 1.2356 2.2511 5.36 -7.73 -2.74 175 353 319 301 201 
0.5875 -0.4758 -0.6112 0.2343 315.56 28.25 100.00 1.20 -2.86 1.16 -3.0300 5.8300 1.4500 0.5256 1.0300 0.3200 4.37 -8.75 -0.56 178 351 310 282 200 
0.6666 -0.4980 -0.5100 0.2180 329.81 28.44 89.19 6.84 -5.83 0.75 2.6200 2.8400 -0.0100 -1.1433 6.4533 -0.6800 4.67 -8.44 1.74 169 323 232 220 197 
0.7830 -0.5925 -0.0699 -0.1762 38.81 9.06 73.19 -5.27 -8.22 -3.35 -8.4600 -0.0200 -4.4000 2.0111 0.2367 -0.9578 0.68 -9.23 3.21 168 344 172 189 195 
0.7516 -0.4752 0.2162 -0.4031 57.56 2.81 59.13 2.27 -11.85 7.86 2.1400 -3.5100 2.7500 1.5333 0.5822 -0.5456 0.63 -7.71 6.02 170 353 182 194 195 
0.7805 -0.3926 0.1752 -0.4537 59.81 4.56 49.63 2.33 -5.53 4.23 1.7300 1.8100 -2.1200 1.5433 -0.4978 0.7667 0.57 -6.77 7.06 171 351 185 199 195 
0.8484 -0.3079 0.1236 -0.4124 48.25 2.19 35.50 1.14 -8.45 12.36 -0.5500 -3.5600 5.9400 -0.1011 -1.0778 1.9689 0.32 -5.43 8.15 171 354 196 206 196 
0.9088 -0.3012 0.0843 -0.2762 31.31 -0.06 38.63 -2.88 -6.90 9.98 -2.2900 -0.0300 2.1200 -2.0478 0.2656 0.9256 -0.56 -7.20 6.63 171 355 201 210 197 
0.8752 -0.4208 0.1413 -0.1924 24.31 -5.81 55.69 -4.40 -6.12 5.93 -3.3800 2.2600 1.0500 -1.6767 0.3956 -0.3311 -1.06 -8.70 4.38 172 350 201 212 196 
0.8040 -0.5234 0.1917 -0.2071 31.44 -4.12 69.37 -3.11 -5.40 3.26 -2.7800 3.8600 0.0000 -0.7822 1.0511 -1.2589 0.00 -9.39 2.81 170 351 201 211 196 
0.7303 -0.5643 0.2097 -0.3229 51.81 5.37 73.94 0.30 -5.27 2.73 -0.6800 4.4400 -0.0400 -0.1222 1.3089 -1.5622 1.77 -9.23 2.78 171 348 203 211 198 
0.6688 -0.5478 0.2018 -0.4603 72.25 14.75 68.69 4.19 -5.28 2.11 1.8600 3.4500 -1.5400 1.6989 1.1644 -0.8422 2.68 -8.15 4.73 173 347 207 214 197 
0.6832 -0.4393 0.1579 -0.5615 79.00 15.81 51.25 5.23 -11.08 9.30 1.6100 -3.1100 3.4100 0.8089 0.2389 0.3611 2.40 -6.93 6.50 169 317 215 228 196 
;
