0.9556 0.1895 -0.0986 -0.2028 23.94 6.37 -23.87 1.15 4.02 8.87 0.0700 0.0800 -0.0900 0.0011 -0.0089 0.0056 1.09 3.94 8.91 180 308 322 331 219 
0.9556 0.1895 -0.0988 -0.2028 23.94 6.37 -23.87 1.15 4.01 8.86 0.0500 0.0500 -0.0700 0.0033 -0.0056 0.0089 1.09 3.94 8.91 181 308 321 333 220 
0.9556 0.1895 -0.0990 -0.2028 23.94 6.44 -23.87 1.21 4.04 8.87 0.1200 0.1000 0.0100 0.0267 0.0111 0.0044 1.10 3.95 8.90 181 306 322 334 220 
0.9554 0.1906 -0.0994 -0.2023 23.87 6.50 -24.12 1.34 4.14 8.82 -0.0400 0.0200 0.2800 0.6000 -0.1256 0.0333 1.47 4.28 8.69 179 314 303 313 220 
0.9424 0.1714 -0.2062 -0.2001 25.00 31.69 -25.94 2.38 0.24 -2.00 -2.0600 -4.0000 -13.2000 1.7456 -17.3767 0.2778 8.61 3.10 -3.49 181 273 233 225 201 
0.4006 -0.0103 -0.9009 -0.1669 1.00 39.38 -159.94 12.19 2.87 -11.43 6.6700 0.5100 -4.6400 3.0178 -0.3656 0.7511 5.41 0.74 -8.14 186 307 287 276 208 
0.3395 0.0008 -0.9391 0.0519 326.25 42.69 163.25 8.97 -1.44 -7.98 1.7200 1.9900 -2.1600 3.5144 1.9144 2.2000 6.97 -4.85 -4.90 188 346 337 316 213 
0.4657 -0.0837 -0.8022 0.3640 281.31 41.94 109.37 3.27 -1.72 -2.42 -2.8300 5.8300 -0.7500 1.1478 1.1911 1.3422 5.71 -7.91 -0.90 188 348 338 319 213 
0.5032 -0.1556 -0.6996 0.4828 272.62 33.00 90.37 2.93 -3.37 1.28 -1.9800 4.5400 1.2800 -0.2533 1.1756 -0.3356 5.45 -8.14 0.28 187 329 310 291 212 
0.5801 -0.2082 -0.6601 0.4295 295.56 37.94 85.44 12.34 -5.42 0.81 9.2800 2.7000 1.1500 -2.7367 7.4056 2.2389 4.63 -8.40 2.01 185 274 263 255 211 
0.7601 -0.5424 -0.2976 0.1985 336.06 7.94 79.94 -2.27 -10.83 -1.21 -3.2500 -0.7000 -4.7100 -4.0144 -1.8144 -0.0700 0.89 -9.66 -1.41 185 322 324 314 213 
0.6102 -0.7181 -0.2782 0.1863 324.81 2.87 98.12 -0.97 -8.02 -9.38 -0.4100 4.5200 -6.0300 6.1678 -0.9667 0.9856 -0.23 -9.47 2.53 185 323 329 328 214 
0.8196 -0.4580 -0.1382 0.3152 316.62 -3.87 46.06 -0.06 5.19 4.97 -0.7000 10.9900 -3.5500 6.2356 0.3500 0.4044 -1.02 -2.41 9.44 186 325 331 321 214 
0.9304 -0.0240 0.0725 0.3586 317.87 -8.88 -6.06 -0.62 7.17 17.96 -0.5900 4.2500 9.8200 1.9478 0.4522 -0.3378 -1.48 3.18 9.15 189 330 337 323 215 
0.9312 0.1378 0.1090 0.3195 322.81 -6.69 -18.50 -3.33 3.12 13.23 -1.6200 0.4100 2.2500 -0.7700 -1.2911 -0.9244 -0.48 2.40 9.49 187 318 330 303 216 
0.9633 0.1013 0.0169 0.2479 333.94 3.44 -10.56 1.89 3.73 4.99 -0.1200 1.5100 -5.9100 -0.1367 1.4744 -2.1867 -0.07 1.64 9.66 188 297 310 300 215 
0.9895 0.1173 0.0460 0.0704 358.62 -8.94 -18.94 -1.98 7.63 10.85 0.1900 4.0500 2.8900 3.2678 -0.7578 -2.4422 -2.40 5.02 8.06 187 322 346 360 219 
;
