0.9331 0.1376 -0.1940 -0.2697 32.19 16.69 -22.12 2.81 3.57 8.70 -0.0100 0.0000 0.0000 0.0022 -0.0122 0.0011 2.82 3.54 8.69 181 329 336 360 217 
0.9330 0.1376 -0.1943 -0.2697 32.19 16.69 -22.19 2.80 3.52 8.67 -0.1100 -0.0300 -0.0600 0.0433 0.0567 0.0056 2.76 3.58 8.70 179 329 338 362 219 
0.9338 0.1428 -0.1887 -0.2682 32.00 15.75 -22.62 2.76 3.71 8.76 0.0500 0.0000 -0.0100 0.1322 0.1622 -0.0189 2.57 3.72 8.69 180 329 340 365 218 
0.9336 0.1533 -0.1837 -0.2667 31.87 15.00 -23.56 2.40 3.81 8.59 -0.0900 0.0900 0.2200 0.1689 -0.1900 0.0056 2.67 3.89 8.59 179 331 342 367 218 
0.9268 0.1526 -0.2114 -0.2704 33.06 19.69 -25.00 4.62 4.01 8.65 0.1700 0.7500 1.0500 -0.3944 -1.5944 0.3144 4.13 3.77 8.05 179 324 295 322 220 
0.8906 0.0951 -0.3366 -0.2906 37.19 37.00 -26.19 4.30 3.67 8.78 -5.2200 -3.5800 -7.0500 -0.2878 -10.9622 0.1378 9.13 3.32 1.30 159 277 202 206 198 
0.5574 -0.0565 -0.7826 -0.2715 52.31 58.31 -137.81 14.06 2.73 -8.44 5.8100 -0.4300 -3.7900 3.7378 -3.5189 0.5611 6.98 1.86 -6.62 184 309 253 248 205 
0.3953 -0.0283 -0.9182 -0.0050 341.25 48.88 166.94 9.24 -0.07 -7.17 2.2600 2.4100 -1.3300 4.1267 1.0856 2.4667 7.33 -4.57 -4.62 185 359 335 325 212 
0.4737 -0.0727 -0.8070 0.3451 282.37 43.00 108.37 4.32 -2.78 -2.45 -1.6700 5.0900 -0.3100 1.7333 0.9444 1.6144 5.58 -8.02 -0.79 188 368 342 331 213 
0.4944 -0.1464 -0.6962 0.4995 270.19 32.75 89.75 2.60 -3.52 0.46 -2.6400 4.1900 0.2600 0.0356 0.7122 -0.8133 5.72 -7.95 0.37 185 359 309 286 209 
0.5635 -0.1334 -0.6762 0.4554 284.81 42.38 86.44 6.83 -8.68 -0.48 0.5300 -3.3500 -2.9300 -0.0422 -2.0467 -2.5578 7.66 -6.09 -0.51 178 343 162 173 184 
0.5706 0.0197 -0.7100 0.4124 288.94 58.69 85.19 9.96 -4.54 -3.43 2.5700 2.3900 -3.8600 4.5911 0.5456 -1.6756 8.95 -3.39 2.12 188 347 165 170 185 
0.5931 0.2499 -0.5438 0.5386 271.56 65.75 39.94 9.34 4.14 4.45 0.0600 6.7400 0.4000 1.2600 1.8367 0.0933 8.51 -2.24 4.31 192 374 172 176 188 
0.6351 0.2116 -0.4388 0.5994 275.06 53.63 27.06 8.01 -1.46 2.50 0.2200 1.0300 -2.7800 -1.4256 1.2544 -0.0622 7.35 -3.25 5.60 192 389 184 185 190 
0.6945 0.0936 -0.4540 0.5504 284.87 46.19 33.69 6.31 -4.95 5.30 -0.2800 -1.1800 -0.0800 -1.0444 0.2078 0.0256 6.89 -4.13 5.61 190 398 188 185 191 
0.7173 0.0336 -0.4618 0.5207 288.62 43.38 37.31 5.46 -5.01 7.04 -0.8300 0.1200 1.3100 -0.2211 -0.0533 -0.1889 6.72 -4.38 5.63 192 391 185 190 192 
0.7316 0.0089 -0.4597 0.5033 290.94 43.31 38.75 6.57 0.09 5.15 -1.6800 3.6700 -1.2000 -2.1022 3.0211 -1.1956 6.03 -4.88 5.99 189 328 209 198 200 
0.8253 -0.1513 -0.3965 0.3724 323.50 29.19 42.69 0.60 -2.54 -4.36 -2.5800 3.4500 -7.2400 2.0378 6.6267 -5.4411 3.33 -3.87 8.36 187 299 286 278 209 
;
0.9969 -0.0565 -0.0333 -0.0429 9.13 -0.37 -4.00 3.14 6.74 16.41 5.4800 6.3600 9.1400 5.5144 0.3444 -2.3567 -0.55 4.35 8.77 189 331 345 365 216 
0.9572 0.2456 0.0211 -0.1520 19.00 -2.06 -26.75 4.56 4.93 9.93 4.3900 -0.1100 -2.7900 -0.0433 0.3467 -0.0800 -0.13 4.44 8.74 183 329 349 367 217 
0.9573 0.2324 -0.0362 -0.1680 20.25 1.12 -26.50 2.14 4.54 8.99 1.7200 0.2100 -0.4000 -0.0778 -0.0544 -0.0489 0.33 4.31 8.80 184 325 348 355 217 
0.9581 0.2166 -0.0587 -0.1783 21.19 2.19 -25.94 -0.10 4.72 10.88 -1.6900 0.3300 2.0800 -0.1433 -4.1100 0.8333 2.48 4.20 8.50 180 303 264 259 222 
0.9063 0.0920 -0.3649 -0.1926 27.00 59.81 -31.19 12.55 3.67 -5.32 1.6100 1.9200 -3.9800 0.3389 -10.3589 0.2467 8.46 2.53 -4.24 182 291 246 231 199 
0.3745 -0.0522 -0.9172 -0.1259 7.37 38.94 -169.87 7.84 -0.35 -9.89 3.3900 -1.2700 -2.5700 2.6767 -2.7256 0.4200 4.24 -0.72 -8.81 182 310 274 263 209 
0.2473 -0.0517 -0.9596 0.1238 5.44 30.37 156.69 5.93 -2.68 -9.08 1.6600 2.1800 -0.9300 4.1289 2.1900 1.3256 5.70 -6.33 -4.83 190 367 345 361 214 
0.3773 -0.0630 -0.8149 0.4354 257.94 32.56 108.81 4.57 -3.05 -1.33 -0.9900 5.7300 1.3300 1.1989 1.7667 0.7711 4.90 -8.40 -1.20 189 372 349 371 215 
0.4102 -0.0984 -0.7338 0.5325 256.19 30.12 94.87 3.52 -3.74 0.13 -1.5700 4.3500 0.7200 0.1533 0.4689 -0.3256 5.15 -8.33 -0.31 189 370 350 364 214 
0.4657 -0.0941 -0.7047 0.5269 266.12 36.00 89.69 4.45 -9.10 -1.36 -1.0000 -0.6500 -1.1600 0.5078 -1.4133 -2.3067 7.09 -6.76 0.02 185 314 178 176 194 
0.5369 0.0787 -0.6689 0.5080 274.37 55.75 73.87 10.82 -2.30 -0.49 2.6300 3.2600 -0.8700 2.5000 1.6011 -0.7233 8.31 -3.60 3.74 187 348 167 175 181 
0.5828 0.2381 -0.4834 0.6082 264.50 56.69 31.87 4.79 4.37 11.83 0.2200 5.6000 5.8400 -1.3389 1.4133 0.6356 7.42 -3.50 5.36 191 372 169 179 180 
0.6193 0.1260 -0.4369 0.6401 269.12 43.88 35.25 8.24 -2.39 4.52 0.7400 0.5700 -2.2900 -1.3622 0.8356 0.1089 6.26 -4.79 5.83 191 391 171 187 184 
0.6687 0.0053 -0.4494 0.5923 277.06 37.06 42.56 4.85 -8.47 4.53 -1.3800 -3.2400 -1.5400 -0.5044 0.8000 0.1289 5.65 -5.63 5.69 192 406 178 189 187 
0.6866 -0.0494 -0.4493 0.5694 281.19 34.06 45.06 4.61 -4.33 6.65 -0.7900 1.8400 0.7100 -0.9522 1.2200 -0.0700 5.14 -6.10 5.69 188 372 192 200 197 
0.7130 -0.1452 -0.4495 0.5181 293.37 27.81 53.06 0.54 -3.48 -1.48 -3.8600 3.4900 -7.6400 -1.6489 6.8578 -3.6022 3.63 -6.90 5.94 187 316 273 261 209 
0.9208 -0.2811 -0.2191 0.1587 351.44 11.94 27.94 -5.81 0.62 7.24 -8.2200 4.7000 3.4700 6.0378 1.7078 -2.5956 0.14 -0.34 9.79 191 346 327 351 207 
0.9841 0.1262 -0.0083 -0.1243 15.69 -4.44 -19.81 -0.14 4.06 13.25 3.5100 5.9100 5.9700 3.7789 1.4956 0.3489 -0.82 4.83 8.49 192 369 354 384 216 
;
