0.6385 0.1133 -0.2744 -0.7100 96.06 10.94 -32.88 1.90 5.23 8.05 0.0500 -0.0100 -0.0500 -0.0300 -0.0256 -0.0022 1.88 5.20 8.09 174 306 302 288 204 
0.6384 0.1107 -0.2734 -0.7109 96.12 11.00 -32.63 1.97 5.17 8.14 0.0600 -0.0500 0.0000 -0.0300 -0.0178 0.0133 1.89 5.17 8.11 177 308 301 287 206 
0.6384 0.1089 -0.2726 -0.7115 96.19 11.13 -32.44 1.98 5.16 8.13 0.0900 -0.0200 0.0100 -0.0244 0.0000 0.0133 1.89 5.15 8.12 175 306 304 288 206 
0.6389 0.1084 -0.2723 -0.7112 96.06 11.13 -32.38 1.94 5.14 8.10 0.0000 -0.0200 0.0000 -0.0089 -0.0144 0.0089 1.90 5.15 8.12 177 309 303 288 205 
0.6389 0.1082 -0.2725 -0.7112 96.12 11.19 -32.38 1.97 5.11 8.09 0.0900 -0.0300 -0.0100 0.0156 0.0156 -0.0256 1.89 5.16 8.11 176 306 304 288 205 
0.6381 0.1085 -0.2733 -0.7116 95.81 11.94 -32.50 3.52 4.36 9.40 0.3000 -0.7200 1.2500 -1.7644 -2.3322 2.1589 3.83 4.01 8.08 172 291 272 247 195 
0.6515 -0.1575 -0.3593 -0.6494 91.19 58.63 -21.50 10.13 2.27 -1.03 4.1800 1.5300 -1.5800 -1.1667 -7.1233 0.5744 9.62 1.36 -1.24 172 268 224 221 178 
0.3707 -0.5710 -0.5766 -0.4517 100.69 62.81 -172.25 16.36 -1.87 -7.03 7.9700 -2.1600 -1.5500 1.3967 -0.4656 2.2944 7.86 -1.27 -5.71 173 266 231 227 182 
0.3824 -0.7064 -0.5424 -0.2461 54.00 47.50 146.69 7.38 -2.76 -6.39 -0.1800 1.3500 -0.6800 2.9067 0.0367 2.3744 6.41 -5.98 -4.38 175 309 265 275 192 
0.5765 -0.6921 -0.4299 -0.0619 8.75 33.44 108.69 2.75 -2.97 -1.81 -2.4800 5.3500 0.7700 0.8578 0.4378 1.0456 4.75 -8.39 -1.77 178 326 285 290 196 
0.6480 -0.6729 -0.3566 -0.0093 1.87 28.75 99.87 3.08 -4.29 0.09 -1.8300 3.6100 1.5200 -0.3100 0.2689 -1.0400 5.35 -8.07 -1.54 176 319 276 278 194 
0.6377 -0.6576 -0.3929 -0.0811 18.50 40.50 103.75 7.27 -5.76 -1.73 1.3800 0.9200 0.0500 -0.8944 0.4978 -2.1033 7.52 -6.00 -1.87 169 292 256 256 193 
0.6075 -0.6072 -0.4462 -0.2513 50.00 61.56 95.81 18.31 -9.44 -0.92 9.4300 -4.9900 -1.8400 0.4467 4.8133 0.5322 8.10 -4.69 2.90 175 315 278 273 194 
0.7708 -0.4547 -0.2244 -0.3859 51.19 36.75 43.31 2.28 -2.29 4.74 -3.1800 3.4000 -1.5000 0.7722 3.1944 1.6544 3.32 -5.55 7.36 178 331 297 286 197 
0.8724 -0.3286 -0.0122 -0.3616 44.94 12.81 35.25 -0.77 2.00 9.77 -2.4000 7.4300 2.2000 -0.7089 1.3889 -0.6622 1.56 -5.75 7.78 175 310 264 273 196 
0.8361 -0.3305 0.0695 -0.4324 57.63 11.94 40.31 3.76 -5.45 6.91 1.9600 0.7300 -1.1600 -2.8389 -0.1300 -1.5189 2.95 -7.18 5.98 172 263 234 231 187 
0.7063 -0.4915 0.1003 -0.4995 72.62 22.00 62.25 4.42 -10.28 -0.58 0.6900 -2.5200 -4.3900 -1.8311 -0.5622 -0.3233 4.13 -8.45 2.75 172 261 238 224 183 
0.6312 -0.5953 0.1188 -0.4828 74.00 25.37 72.25 3.37 -6.67 0.48 -1.1000 2.0300 -2.3800 1.2489 0.5200 -0.6233 4.48 -7.93 3.62 171 284 242 248 190 
0.6632 -0.5262 0.0634 -0.5284 77.87 29.37 56.69 4.13 -3.24 0.90 -0.9100 3.9600 -3.7100 3.2056 0.9767 -1.5967 5.21 -5.22 6.45 173 294 266 269 194 
0.6982 -0.3143 -0.0680 -0.6395 86.56 29.69 17.31 4.69 1.21 10.82 0.3800 3.0700 2.3300 3.2800 -0.8733 -2.5200 5.43 0.31 8.15 176 307 290 278 197 
0.6566 -0.1303 -0.2404 -0.7029 94.31 27.37 -15.56 5.02 3.86 14.67 -0.5100 1.0300 5.2700 1.0889 1.0000 -0.5011 3.63 3.54 8.38 176 305 299 284 200 
;
