0.9080 0.3528 0.0739 0.2137 333.69 0.94 -42.19 -0.24 6.68 7.43 -0.2300 0.1000 0.0500 -0.1700 -0.5289 -0.0522 0.42 6.50 7.32 185 323 300 313 217 
0.9160 0.3463 0.0361 0.1996 335.56 5.12 -39.94 1.13 6.17 7.42 0.1700 0.2400 -0.0100 -0.5944 -0.6378 -0.1356 1.38 5.81 7.77 183 315 297 294 218 
0.9390 0.2945 -0.0381 0.1734 339.62 11.00 -32.25 1.68 6.20 8.98 -0.9100 0.9600 0.6900 -1.7267 -2.9556 0.3278 3.84 4.01 8.07 183 311 295 250 208 
0.9128 0.2360 -0.3104 0.1213 345.87 47.81 -29.69 4.68 1.11 -1.06 -0.5700 -1.3400 -5.2500 0.9678 -10.8278 1.3111 9.07 2.26 -2.93 187 280 232 226 193 
0.4274 0.2280 -0.8748 0.0075 333.19 40.63 -166.44 6.54 2.05 -7.04 0.0400 -0.2800 0.2300 -0.4533 -1.3856 0.2978 5.29 1.81 -8.05 186 277 226 232 190 
0.2615 0.1935 -0.9445 -0.0458 337.06 27.31 -167.94 5.72 1.51 -10.20 2.4700 -0.4300 -1.3300 0.4222 -0.7944 0.2600 3.69 1.42 -8.96 188 281 233 233 190 
0.1653 0.1803 -0.9695 -0.0142 339.75 17.87 -178.31 6.72 -1.57 -17.42 3.3800 -0.3900 -5.7100 3.9578 3.8944 1.0789 4.71 -2.56 -8.20 192 343 316 302 204 
0.2640 0.1358 -0.9052 0.3040 251.75 34.81 132.44 5.61 -3.55 -7.72 0.0100 4.2700 -2.4000 3.9633 2.1300 2.3733 4.99 -8.11 -2.29 193 374 343 357 211 
0.3132 -0.0003 -0.7289 0.6088 234.00 25.81 90.00 -0.54 0.53 0.80 -3.5500 9.0000 0.4900 0.3456 1.1411 -0.4456 4.42 -8.71 0.77 191 371 345 356 210 
0.4088 -0.0436 -0.6663 0.6221 250.50 30.31 81.81 7.19 -7.27 1.26 2.9400 0.6400 0.6100 -1.0611 1.6011 -0.4089 5.15 -8.24 1.28 190 333 313 300 209 
0.5534 -0.1926 -0.6409 0.4958 287.62 29.56 83.87 11.67 -7.14 -0.55 4.7600 1.6500 -2.5200 -4.7189 8.2667 2.7700 2.76 -9.40 0.18 188 284 279 281 208 
0.6093 -0.6578 -0.3803 0.2266 319.69 6.69 102.50 -0.79 -9.60 -17.52 -2.0300 0.3400 -17.7000 2.8656 -0.3189 1.5444 0.14 -9.75 -1.03 187 305 312 313 210 
0.7257 -0.5461 -0.2455 0.3387 308.44 -0.50 64.44 0.27 6.80 7.95 -0.3200 14.1800 4.7600 7.6400 0.1444 -0.1267 0.08 -4.28 8.82 190 341 321 317 211 
0.8864 -0.1281 -0.0839 0.4369 308.31 3.25 17.37 0.22 -1.25 20.98 -0.3500 2.1300 9.4100 -4.0844 0.2589 -0.9756 0.72 -5.28 8.22 190 341 320 313 212 
0.8488 -0.3604 -0.1960 0.3336 319.31 6.31 58.25 2.27 -4.04 -1.38 1.1800 4.6800 -5.9600 -4.6133 -0.6289 -0.4356 1.57 -9.53 1.64 188 316 309 310 211 
0.6847 -0.5936 -0.3394 0.2523 317.44 9.19 86.19 1.89 -9.51 -7.88 0.2200 0.8600 -7.9000 4.0622 -0.1344 0.1278 1.49 -9.24 2.89 188 303 312 306 211 
0.7959 -0.3966 -0.2861 0.3569 309.62 11.38 48.31 4.06 0.58 12.17 1.5900 6.2100 9.9100 3.5856 1.2189 -0.0778 1.78 -4.71 8.40 187 316 314 306 211 
0.8691 -0.1513 -0.1995 0.4266 308.06 13.25 26.62 1.73 -2.26 14.34 -0.4300 2.2900 4.3900 -2.7722 0.8744 -0.7956 2.04 -5.57 7.80 188 321 316 300 211 
0.8598 -0.3050 -0.2446 0.3284 321.75 14.19 50.81 1.57 -3.26 2.09 -1.1800 4.6900 -3.5900 -3.9600 -0.8978 -1.6567 3.81 -8.48 3.10 187 305 302 288 209 
0.7668 -0.4737 -0.4074 0.1470 342.12 32.75 74.56 5.04 -4.19 -2.88 -0.4700 3.4800 -5.1500 2.0700 1.8111 -2.8500 6.47 -6.33 3.75 187 308 304 297 211 
0.8878 -0.2731 -0.3704 0.0006 3.12 38.44 27.06 3.54 0.62 9.05 -2.1100 2.9600 1.9300 4.7622 3.6933 -2.3544 4.15 0.33 8.87 189 322 321 322 211 
;
