0.9583 0.2592 0.0761 0.0931 348.87 -5.56 -30.87 -0.92 4.92 8.36 0.0500 -0.0700 0.0000 -0.0033 -0.0033 0.0000 -0.95 5.01 8.37 173 297 316 336 204 
0.9583 0.2592 0.0759 0.0930 348.87 -5.56 -30.87 -0.89 4.89 8.35 0.0600 -0.1100 0.0000 0.0022 -0.0011 0.0022 -0.95 5.01 8.37 172 296 316 337 204 
0.9584 0.2592 0.0757 0.0930 348.87 -5.56 -30.87 -1.08 4.91 8.33 -0.2900 -0.1400 0.1200 0.0478 -0.2100 0.0456 -0.84 5.03 8.37 172 297 295 335 204 
0.9591 0.2625 0.0510 0.0925 348.81 -0.13 -29.87 -0.47 5.67 9.96 -0.1000 -0.1500 0.8900 -0.3500 -4.5778 0.9256 3.41 4.22 8.16 172 274 222 217 197 
0.9279 0.1955 -0.3109 0.0651 353.81 51.69 -26.37 7.18 2.48 0.23 -0.6500 0.2200 -2.6300 0.3544 -7.1322 0.4711 9.49 2.45 0.22 172 256 216 218 175 
0.6340 0.1758 -0.7530 -0.0114 2.19 66.94 -145.87 12.19 -0.45 -9.69 7.3800 -0.9000 -6.3900 3.6067 -5.4411 1.8411 7.43 -0.14 -6.39 181 308 266 262 188 
0.3830 0.1677 -0.8904 0.1801 294.69 47.31 153.37 7.82 -3.75 -5.88 0.0600 0.0200 -0.5500 2.9800 -0.1189 2.4589 6.74 -5.44 -4.57 185 344 305 331 196 
0.3337 0.0859 -0.8268 0.4446 246.81 35.88 114.56 4.93 -3.53 -2.58 -1.1800 4.5400 0.7900 1.5456 0.4178 1.2044 4.97 -8.15 -2.20 185 353 312 336 197 
0.2834 0.0410 -0.7681 0.5728 232.37 28.62 100.69 3.10 -4.05 -0.94 -1.4900 3.4100 0.3900 0.2200 -0.2622 -0.0433 4.72 -8.47 -1.43 185 354 317 337 198 
0.2913 0.0429 -0.7568 0.5836 233.87 29.75 100.12 4.86 -7.01 -0.75 0.0000 1.2700 0.8400 -0.3533 -0.3700 -0.3022 5.06 -8.18 -1.88 184 339 308 309 196 
0.2911 0.0663 -0.7869 0.5400 237.56 33.06 109.19 3.42 -0.83 -0.90 -3.3300 7.0200 1.0600 -2.0278 -1.4444 -1.6656 5.93 -6.67 -4.04 181 298 259 255 189 
0.2826 0.1605 -0.8820 0.3412 267.94 37.31 146.81 8.75 -2.39 -12.11 2.8300 0.0700 -5.6200 -3.8211 -0.4467 -1.7778 5.94 -0.80 -7.76 179 287 258 264 188 
0.2944 0.2061 -0.9319 0.0480 334.31 33.44 -174.81 9.01 -3.73 -10.32 4.2500 -5.0600 -1.1500 -0.3444 -0.4211 -0.2511 4.95 1.22 -8.37 179 274 252 250 183 
0.2309 0.2057 -0.9506 -0.0283 338.44 20.50 -170.87 8.15 -3.40 -11.55 2.8000 -3.6800 0.8700 0.9178 -0.0033 1.8756 2.91 0.30 -9.35 183 236 237 233 166 
0.1365 0.0825 -0.9868 0.0267 351.87 14.81 178.44 2.02 7.18 -10.91 -1.1400 6.9000 0.0700 0.4289 0.4033 0.0356 2.49 -0.47 -9.47 184 262 243 240 167 
0.1144 0.0646 -0.9908 0.0314 352.31 13.06 177.69 3.43 -1.00 -9.15 1.6400 -0.4700 -0.3400 -0.2167 -0.0678 0.0267 2.19 -0.15 -9.55 183 262 246 241 172 
0.1168 0.0625 -0.9911 0.0144 353.00 14.56 179.50 3.80 0.45 -9.42 1.1400 0.7400 0.1300 -0.2344 2.5233 -0.1344 3.97 0.12 -8.96 177 269 225 240 182 
0.3354 0.0649 -0.9398 0.0010 0.94 51.56 -173.87 10.35 1.96 -5.91 1.1100 0.5000 -2.1900 -1.6222 12.6367 -0.5767 9.51 1.27 2.00 175 302 290 294 196 
;
0.9309 0.0789 -0.3553 -0.0303 3.31 22.00 -14.44 -2.60 1.80 5.66 -4.9400 -1.6500 -1.6400 3.4667 2.8611 -0.9400 -0.20 4.76 8.57 177 317 308 330 203 
0.9551 0.2919 0.0076 -0.0495 5.87 -3.62 -35.75 -4.51 2.99 12.86 -0.3600 -1.5500 3.5000 -0.6278 -0.5778 -0.1411 -0.71 5.30 8.21 178 321 322 348 207 
0.9604 0.2748 0.0213 -0.0413 4.75 -2.81 -31.37 -0.26 6.00 10.97 -0.6300 1.0100 0.8600 -0.6522 -3.6800 1.8289 2.39 4.62 8.30 178 300 247 273 209 
0.9243 0.2113 -0.3179 -0.0012 0.69 53.25 -32.06 6.59 0.38 -2.31 1.4600 -0.3300 -0.7700 -0.7156 -9.2911 1.4511 9.46 2.09 -1.46 178 256 239 220 179 
0.5349 0.1442 -0.8321 -0.0264 3.81 56.88 -162.06 9.76 -0.85 -7.83 3.4300 -2.2300 -3.0400 2.0933 -4.2333 0.9678 6.37 0.30 -7.44 182 286 249 248 183 
0.2896 0.1445 -0.9398 0.1092 342.56 35.00 164.50 8.94 -4.82 -9.63 2.5600 -1.6900 -2.4500 3.8256 0.7233 1.7756 5.83 -4.74 -6.29 186 339 309 330 197 
0.2806 0.0867 -0.8710 0.3937 242.69 31.19 123.62 5.31 -4.70 -4.52 -0.3000 3.5100 -0.1500 2.4533 0.6433 1.3467 4.22 -8.41 -2.74 188 353 325 349 199 
0.2533 0.0263 -0.7719 0.5825 226.75 25.12 101.25 3.54 -2.52 0.28 -0.6200 5.5800 1.4700 0.2222 0.6533 -0.2867 4.39 -8.65 -1.36 188 355 325 348 199 
0.2773 0.0292 -0.7588 0.5886 230.94 27.31 100.87 3.73 -4.60 -1.54 -0.9500 4.3400 0.3200 -0.9000 -0.3122 -0.7167 4.75 -8.27 -2.26 185 315 300 310 200 
0.2587 0.0717 -0.8038 0.5308 234.06 30.50 113.81 3.28 -4.68 -4.57 -1.4200 2.7300 -0.6400 -2.0978 -1.5922 -1.3456 5.25 -6.32 -5.33 181 294 260 278 195 
0.2004 0.1631 -0.9185 0.2992 339.37 21.19 158.25 7.26 -5.87 -11.82 7.2300 -4.8300 -2.1200 -5.0956 -1.4900 -0.4056 1.93 0.17 -9.61 176 237 228 230 169 
0.0886 0.1829 -0.9778 -0.0508 340.19 8.25 -168.94 9.19 -4.26 -19.88 6.0600 -3.3400 -8.4000 1.2822 1.4633 1.9178 1.97 1.13 -9.53 183 247 238 234 171 
0.1085 0.0845 -0.9901 -0.0272 350.56 13.00 -176.75 -0.46 5.30 -6.30 -1.9200 2.4600 3.7700 -0.1089 -0.2800 -0.0467 2.25 0.44 -9.53 183 250 246 238 173 
0.1140 0.0815 -0.9899 -0.0188 350.69 12.63 -176.44 2.98 0.21 -10.19 0.7500 -0.3000 -0.1900 0.1144 0.0278 -0.0289 2.07 0.53 -9.56 182 265 248 239 174 
0.1092 0.0815 -0.9905 -0.0207 350.50 12.63 -176.50 2.63 0.23 -9.13 0.4900 0.0100 0.2500 0.1856 0.9889 -0.2678 2.76 0.51 -9.39 179 267 241 233 180 
;
