0.9307 0.2800 0.0779 0.2219 333.19 -0.50 -33.88 -0.02 5.65 8.30 -0.3000 -0.0600 0.1000 -0.1200 -0.1489 -0.0744 0.01 5.43 8.15 187 321 313 312 221 
0.9330 0.2814 0.0626 0.2156 334.06 0.44 -33.19 -0.53 5.29 8.76 -0.5900 -0.1000 0.5200 -0.3767 -1.1844 0.2600 0.92 5.05 8.35 185 321 316 298 220 
0.9397 0.2675 -0.0507 0.2070 335.56 16.19 -29.00 1.61 4.32 8.27 -2.5600 -0.7000 -1.2500 -1.3089 -8.0733 1.0367 7.58 3.34 5.23 179 273 207 235 212 
0.7444 0.2928 -0.5959 0.0701 356.37 65.75 -110.81 13.16 5.47 -7.06 5.3000 2.3600 -3.5600 0.5011 -6.3822 0.3078 6.69 3.60 -6.19 190 289 216 239 206 
0.3289 0.3237 -0.8856 -0.0520 321.62 29.25 -164.25 10.81 0.09 -13.49 6.0900 -0.9200 -4.5300 3.8644 -1.7000 1.8889 3.71 -1.01 -9.02 190 282 250 240 208 
0.1437 0.2515 -0.9332 0.2126 331.12 23.25 153.87 5.07 -4.73 -9.16 0.9800 0.9300 -1.5900 5.1978 2.8356 1.3811 5.05 -7.16 -4.40 192 356 331 350 214 
0.2166 0.1327 -0.7829 0.5680 221.00 28.31 102.75 0.53 -0.39 -0.66 -2.4600 8.3000 1.6100 0.4356 0.6667 0.3344 4.43 -8.66 -1.19 193 361 343 357 214 
0.2493 0.0759 -0.7383 0.6221 225.19 28.31 96.69 4.00 -5.33 -0.37 -1.0000 3.1800 0.3500 -0.6156 0.4244 -0.7100 5.15 -8.25 -1.17 193 356 335 340 215 
0.3369 0.0901 -0.7419 0.5726 248.00 41.69 97.75 4.26 -2.47 -1.57 -3.1800 2.8100 -1.4900 -0.7678 1.8178 -3.9456 8.60 -4.70 -0.29 190 288 263 260 209 
0.5787 0.2573 -0.6445 0.4283 292.44 80.37 68.37 9.51 0.91 -9.26 -1.4200 2.8600 -6.3700 3.6978 0.2167 -2.9211 9.55 1.78 1.31 187 156 170 173 176 
0.6382 0.4830 -0.4394 0.4077 293.94 73.12 -66.69 15.66 4.81 12.07 3.9000 2.5400 10.4100 -0.7411 0.2456 0.9211 9.51 2.05 1.16 190 158 172 177 180 
0.6182 0.4684 -0.4680 0.4236 290.87 76.75 -49.81 8.99 3.11 0.73 -0.3900 1.4000 -0.6600 0.0078 0.3578 -0.0656 9.52 1.71 1.59 192 163 178 180 180 
0.6354 0.4468 -0.4631 0.4268 293.00 76.00 -44.13 8.64 4.17 3.04 -1.0700 2.8200 1.5000 -1.4044 1.7678 -0.1667 9.19 1.50 3.06 188 230 240 225 198 
0.8011 0.2635 -0.3322 0.4225 306.81 34.31 -8.63 -1.48 -1.77 -0.17 -4.8800 -1.4400 -9.0700 1.7000 6.6500 -3.3733 -2.64 1.94 9.24 190 311 328 343 211 
;
0.9330 0.1353 0.2012 0.2660 332.31 -19.94 -27.94 -4.28 11.79 12.97 -3.4500 0.6100 11.6500 -3.3122 -1.8922 0.8089 -2.18 4.50 8.42 187 318 338 352 217 
0.9418 0.2142 0.1654 0.1993 336.81 -13.31 -29.19 -3.27 5.07 7.27 -1.2800 1.1900 0.8400 -0.2622 -0.2000 -0.1533 -2.22 4.52 8.41 186 307 323 338 216 
0.9479 0.2120 0.1512 0.1837 338.00 -11.56 -27.75 -1.89 4.13 8.74 -0.1000 -0.2900 0.3200 0.0944 0.0589 -0.0156 -1.93 4.50 8.49 186 307 330 342 218 
0.9470 0.2191 0.1429 0.1867 336.81 -8.69 -28.75 -3.97 4.43 11.50 0.7100 -0.1300 3.4800 0.3978 -8.5589 3.2189 3.74 4.63 7.78 191 306 305 279 218 
0.7829 0.3152 -0.4941 0.2087 326.56 79.00 -129.06 10.98 -0.84 -3.92 2.0700 -1.2200 -0.8300 1.2556 -6.2056 2.8333 7.32 -1.06 -6.43 189 290 270 279 201 
0.2787 0.2457 -0.9063 0.2014 331.00 32.44 159.69 9.11 -2.91 -9.14 2.5300 -0.5800 -1.1600 2.0556 -1.5556 1.6656 3.81 -4.82 -7.63 188 307 289 290 203 
0.1183 0.1807 -0.9048 0.3670 213.87 21.69 131.06 5.67 -4.38 -4.68 -0.2800 2.7000 0.0400 3.2067 2.1367 1.0989 3.93 -8.33 -3.35 193 367 349 364 212 
0.1852 0.0981 -0.7719 0.6003 214.44 23.44 101.12 2.47 -1.52 -1.56 -1.6400 7.1300 0.6700 0.2900 0.9867 -0.2678 4.07 -8.84 -1.17 197 369 351 368 211 
0.2290 0.0682 -0.7424 0.6260 222.44 26.06 96.44 3.81 -5.55 -0.26 -0.0900 3.2000 0.5500 -0.2078 0.7822 -0.8400 4.84 -8.48 -0.81 197 357 343 334 211 
0.3346 0.0694 -0.7208 0.6030 242.37 36.75 92.25 2.90 -3.42 -2.52 -3.0000 5.6100 -2.8500 0.9922 1.1222 -3.2244 7.63 -6.10 0.79 193 241 195 220 200 
0.5395 0.1959 -0.6201 0.5349 276.62 68.12 57.38 9.13 1.95 0.41 -1.2100 4.1000 -0.9500 2.3667 1.6322 -3.6256 9.42 0.17 2.69 190 168 164 175 171 
0.6094 0.4744 -0.4720 0.4252 292.06 76.69 -66.87 21.64 4.96 2.68 12.9300 2.3800 2.4300 0.1600 -1.3844 -0.2244 9.48 2.49 -0.18 193 167 174 178 171 
0.5899 0.5142 -0.4964 0.3757 294.44 77.37 -96.12 9.01 3.11 0.91 -0.8600 1.0600 0.9400 -0.3922 -0.3411 0.5344 9.64 1.74 -0.21 193 167 175 181 173 
0.5858 0.4836 -0.5204 0.3901 291.94 81.44 -93.94 8.36 3.49 0.61 -1.4400 2.4200 0.9500 -1.3456 0.3978 0.5356 9.74 1.07 0.18 194 211 211 196 194 
;
