0.6511 0.3274 0.0430 -0.6834 92.75 -30.31 -25.12 -5.24 3.42 7.83 -0.3400 -0.1400 0.2000 -0.0122 -0.0067 -0.0067 -4.96 3.59 7.65 172 309 329 367 207 
0.6512 0.3278 0.0443 -0.6830 92.69 -30.37 -25.12 -4.96 3.46 7.79 0.0100 -0.1200 0.1200 0.0144 0.0033 0.0244 -4.96 3.60 7.64 173 306 328 367 208 
0.6520 0.3290 0.0446 -0.6817 92.44 -30.31 -25.12 -4.81 3.77 7.99 0.2600 0.1900 0.1300 -0.1789 -0.3689 0.3300 -4.69 3.57 7.82 172 296 321 365 207 
0.6681 0.3097 0.0336 -0.6757 90.25 -27.06 -24.44 -4.13 3.48 8.98 0.5300 0.0000 0.7600 -0.5911 -1.2167 0.6900 -3.67 3.43 8.41 171 276 258 267 212 
0.7341 0.1568 -0.0522 -0.6587 82.06 3.44 -14.63 4.84 1.17 7.34 3.3800 -0.6000 -1.9100 0.7633 -10.6200 3.3078 8.43 1.19 4.85 173 275 233 217 189 
0.6515 -0.3226 -0.5403 -0.4238 59.50 87.12 177.31 16.34 -1.15 -3.86 5.7200 1.3700 -2.0100 3.3533 -4.7956 3.9056 7.83 -4.13 -4.20 174 322 248 277 198 
0.5580 -0.4691 -0.6826 0.0521 340.12 42.50 114.12 5.86 -3.09 -0.05 -0.9400 4.4200 2.4200 1.7333 0.0611 1.9689 5.45 -7.95 -1.77 177 354 325 326 201 
0.6126 -0.4623 -0.5959 0.2364 317.19 30.12 97.56 2.65 -2.91 0.75 -2.4100 5.5100 1.3400 -0.1222 0.9833 -0.6511 5.26 -8.24 -0.66 175 349 317 311 202 
0.6740 -0.4630 -0.5510 0.1669 340.87 39.13 89.31 3.95 -4.74 -1.46 -1.8200 2.2300 -2.1800 -0.3222 2.9211 -2.3144 7.31 -6.29 1.75 127 245 226 212 193 
0.7980 -0.3993 -0.4368 -0.1139 20.06 53.94 51.25 8.62 -1.11 -3.52 1.5500 3.2100 -7.8200 3.9489 -0.1289 -2.2089 8.36 -1.98 4.72 104 166 167 162 174 
0.8799 -0.0671 -0.4592 -0.1017 8.31 56.63 -5.94 7.65 8.95 22.80 -10.9300 4.4900 34.1800 -2.2422 -3.3411 -0.9711 8.84 1.26 4.03 107 160 165 157 153 
0.8574 0.0337 -0.5118 -0.0406 6.81 59.06 -7.56 8.73 4.16 5.95 0.6500 3.7100 0.8100 -2.3678 -0.3600 0.1278 8.51 -0.27 4.86 111 163 166 168 156 
0.8596 -0.1332 -0.4756 -0.1313 20.56 58.63 15.50 10.27 1.15 -0.04 1.0800 1.8100 -6.7200 -1.3911 0.3000 -0.1444 8.38 -1.86 4.72 112 165 172 169 157 
0.8394 -0.1986 -0.4709 -0.1851 22.62 59.88 14.88 7.21 -2.71 -1.11 -1.4900 -0.0900 -3.2600 3.7178 0.3211 -0.6711 8.67 0.29 4.56 117 163 165 166 148 
0.8320 -0.0803 -0.5325 -0.1329 19.12 62.63 0.75 7.69 -1.32 5.46 -3.2700 -0.5300 2.8100 -2.1167 0.8567 0.6833 8.23 -1.33 5.15 120 181 189 186 172 
0.8431 -0.2452 -0.4326 -0.2046 32.38 54.75 28.31 4.82 -1.58 2.06 -3.0300 1.1700 -3.2400 -2.4044 5.8122 -3.3867 6.54 -2.28 6.93 157 285 235 283 191 
0.8124 -0.1728 -0.1425 -0.5383 74.00 14.06 1.87 0.02 3.16 7.03 -0.8600 3.4700 -1.7200 4.9711 3.9989 -2.4678 -1.31 3.00 9.24 177 333 319 353 202 
0.6908 0.2475 -0.0773 -0.6749 91.69 -16.37 -32.69 -4.75 10.45 12.79 -6.1800 1.3700 4.7400 -1.3611 0.7200 -0.2344 -3.88 4.89 7.55 179 332 333 361 205 
0.6633 0.3159 -0.0313 -0.6776 90.62 -24.44 -29.69 -5.02 5.33 7.83 -2.1700 0.8600 2.8500 -0.1256 -0.2367 -0.0089 -4.31 4.42 7.61 175 319 330 361 207 
;
