0.6711 0.0537 -0.2569 -0.6934 91.81 16.69 -25.69 2.56 4.21 9.60 -0.2000 0.0200 0.5600 -0.6700 -1.5400 0.2733 3.77 3.61 8.29 171 299 295 276 199 
0.6608 -0.0386 -0.2782 -0.6960 93.25 25.75 -20.75 3.80 2.71 6.91 -0.0400 -0.4000 -1.0000 0.0222 -1.9489 -0.0556 5.40 3.08 7.57 170 311 281 266 198 
0.6007 -0.1763 -0.4105 -0.6630 95.87 60.44 -39.44 15.34 0.42 2.38 7.3400 -2.2000 -1.7600 -0.5411 -6.3578 2.4167 9.52 1.47 -1.83 171 249 239 234 176 
0.3926 -0.5666 -0.6087 -0.3928 83.81 60.63 175.56 12.17 -0.15 -7.12 2.5000 0.4200 -1.5100 2.5756 -2.9856 2.6133 6.97 -2.84 -6.27 176 290 255 270 189 
0.4342 -0.6647 -0.6016 -0.0884 11.63 38.50 133.25 5.50 -2.00 -2.88 -0.5900 3.6100 1.9800 2.1256 0.5878 1.7233 5.28 -7.44 -3.57 165 338 302 311 197 
0.5839 -0.6312 -0.5054 0.0718 344.50 28.94 108.81 2.45 -3.20 -1.80 -2.0700 4.7800 0.8200 0.3467 -0.1989 0.2933 4.52 -8.33 -2.47 173 336 304 310 197 
0.6082 -0.6274 -0.4774 0.0921 343.87 28.00 105.75 4.14 -5.93 -1.57 -0.3300 2.5700 0.7900 -0.4844 0.4122 -0.4644 4.89 -8.13 -2.45 179 308 245 254 191 
0.6231 -0.6400 -0.4496 -0.0064 7.94 37.13 103.25 6.63 -3.23 -1.80 -0.7800 3.8200 -1.0800 -0.3844 5.5411 -2.1089 7.16 -6.67 0.49 176 283 263 248 191 
0.7177 -0.5286 -0.2846 -0.3530 62.00 51.63 48.44 8.12 -2.40 3.38 0.4800 1.4200 -1.5600 1.9989 5.1744 -2.9633 6.40 -1.92 7.17 175 294 280 260 193 
0.7153 -0.1882 -0.2056 -0.6407 85.94 27.50 -5.75 5.71 2.44 14.76 1.7100 -0.1900 5.9000 1.6833 -0.5011 -1.1067 4.23 2.63 8.44 177 305 289 267 195 
0.6602 -0.0577 -0.2815 -0.6940 93.37 28.06 -21.25 5.84 2.14 9.88 0.4400 -0.7800 2.1900 -0.6733 -3.1867 0.5189 6.19 2.75 7.08 173 264 251 240 185 
0.5751 -0.2739 -0.4005 -0.6587 99.75 66.06 -26.00 12.34 0.57 -0.83 2.3400 -0.6300 -0.4600 -0.1611 -5.9856 0.8778 9.61 1.01 -1.66 173 257 243 230 172 
0.3653 -0.6026 -0.5763 -0.4138 91.75 59.25 177.87 14.88 -2.47 -9.10 6.4900 -1.5400 -3.3500 2.6322 -1.8922 2.5378 7.13 -2.55 -6.22 175 286 263 260 185 
0.4350 -0.6894 -0.5607 -0.1454 26.62 42.56 132.94 5.70 -2.74 -4.89 -1.5100 3.0400 -0.2600 2.7100 -0.2656 2.0300 5.64 -7.37 -3.15 179 339 310 313 194 
0.6107 -0.6547 -0.4454 0.0089 357.00 31.06 106.06 2.99 -2.58 -1.58 -1.7200 5.5000 0.5300 0.3911 0.2456 0.2911 4.81 -8.28 -2.06 179 337 307 311 195 
0.6293 -0.6510 -0.4232 0.0339 354.25 29.37 103.19 3.19 -5.11 -1.47 -2.0200 2.7700 0.3200 -0.0667 0.2644 -0.4444 5.09 -8.17 -1.84 177 308 288 260 189 
0.6382 -0.6415 -0.4247 -0.0279 8.81 37.75 103.12 3.58 -4.36 -1.25 -1.6200 4.9000 1.1000 -1.0056 1.7722 -2.4667 7.39 -6.29 -1.38 170 278 265 244 190 
0.6375 -0.5867 -0.4340 -0.2468 51.75 63.38 92.12 9.74 -1.41 -1.18 2.0900 1.7300 -1.0700 -0.3844 5.5344 -3.7000 9.19 -1.80 2.90 172 285 275 259 191 
0.6417 -0.3367 -0.3466 -0.5956 89.31 49.56 -5.37 10.14 -0.57 9.40 4.0600 -0.9000 3.3400 1.5844 1.6400 -1.0267 6.06 2.12 7.40 169 298 272 269 193 
;
