0.9063 0.3417 0.0819 0.2348 330.94 0.69 -41.13 -0.02 6.44 7.31 -0.1500 0.0200 -0.0600 -0.0200 -0.0278 -0.0033 0.12 6.44 7.39 191 302 306 318 223 
0.9071 0.3412 0.0804 0.2328 331.37 0.75 -41.00 -0.02 6.44 7.31 -0.1600 0.0000 -0.0800 -0.0244 -0.0256 -0.0033 0.13 6.42 7.40 189 303 304 319 223 
0.9095 0.3394 0.0729 0.2289 331.81 1.56 -40.44 0.54 6.32 7.21 0.2600 -0.0200 -0.1500 -0.0333 -0.0056 -0.0156 0.31 6.32 7.48 188 303 305 319 223 
0.9113 0.3370 0.0674 0.2268 332.00 1.62 -40.13 0.20 6.35 7.49 -0.1800 0.0300 -0.0200 -0.0011 -0.0244 0.0289 0.30 6.32 7.49 188 306 305 321 222 
0.9121 0.3372 0.0612 0.2250 332.19 2.94 -40.00 0.27 7.32 8.62 -0.6100 1.6800 1.4200 -0.5511 -2.0011 0.9122 1.73 6.01 7.54 188 313 298 310 223 
0.9132 0.3248 -0.1024 0.2236 333.44 24.19 -30.06 11.13 8.00 14.44 5.5900 4.3900 5.6800 -5.5744 -0.1511 0.9967 4.38 0.66 8.74 160 232 222 256 219 
0.9391 -0.0846 -0.2476 0.2226 331.75 21.56 31.69 -0.49 -0.80 0.35 -4.4400 4.9200 -7.0200 -5.6722 -0.3567 2.8278 1.85 -8.69 4.14 139 197 193 227 219 
0.7478 -0.5516 -0.2568 0.2656 319.50 2.69 79.19 -2.56 -5.82 -1.83 -2.6400 3.6700 -2.6700 -1.2978 -0.1211 0.3267 0.04 -9.77 0.76 145 202 193 218 213 
0.6694 -0.6200 -0.2925 0.2863 307.00 4.19 86.87 0.26 -9.32 -0.88 -1.3200 0.3500 -2.2200 0.1067 -8.2044 -2.6633 2.45 -9.49 -0.30 147 208 197 218 206 
0.3931 -0.2183 -0.7420 0.4973 246.37 22.81 105.00 2.84 -4.66 -8.79 4.1200 4.8100 -5.0000 1.1911 -10.9356 -2.9811 3.15 -8.10 -4.53 155 215 204 223 203 
-0.0023 0.3094 -0.8022 0.5107 178.37 18.75 120.69 6.92 -7.09 -4.16 4.0100 1.1600 0.7000 0.2322 0.5489 -0.2333 3.54 -7.91 -4.57 155 230 214 229 203 
0.0604 0.3026 -0.7910 0.5284 196.69 25.81 117.75 2.39 -1.68 -1.28 -2.3700 6.5100 3.2500 -1.4378 0.6222 -1.3422 5.18 -6.88 -4.66 177 276 248 274 210 
0.1449 0.3323 -0.8443 0.3946 318.37 27.37 150.06 0.72 -0.65 -12.38 -2.9600 2.0700 -6.0900 -5.1411 -2.8122 0.8867 2.52 -0.38 -9.46 185 267 257 267 199 
0.1291 0.2805 -0.9506 -0.0304 328.00 12.13 -168.19 4.26 0.24 -17.91 0.2400 -2.0300 -8.7500 0.4367 -0.5989 0.2022 2.00 2.13 -9.35 189 276 266 270 202 
0.1239 0.2556 -0.9578 -0.0440 330.37 12.06 -174.06 5.72 -1.81 -15.47 2.9500 -2.1800 -5.7700 2.7944 0.6244 0.7578 2.37 -0.92 -9.46 186 281 265 266 203 
0.1094 0.2264 -0.9544 0.1608 334.87 18.56 157.00 3.48 -1.89 -11.07 -0.5300 3.0000 -1.9400 4.4678 3.7633 1.0133 4.57 -6.77 -5.41 193 345 331 343 214 
0.2187 0.1206 -0.8085 0.5329 223.37 28.06 106.12 2.34 -2.81 -1.38 -1.9200 5.8500 0.7200 1.4022 0.8533 0.5233 4.22 -8.77 -1.11 194 361 347 367 215 
0.2408 0.0638 -0.7252 0.6419 221.56 25.50 92.69 3.61 -5.10 -0.41 -0.6100 3.2700 0.1100 0.0911 0.2811 -0.0533 4.23 -8.84 -0.24 194 360 348 368 214 
0.2578 0.0538 -0.7124 0.6505 223.69 26.12 91.31 4.59 -8.02 0.30 0.2500 0.7400 0.5400 -0.1411 0.0967 -0.2289 4.50 -8.70 -0.19 191 343 336 329 215 
0.3021 0.0430 -0.7068 0.6381 235.50 30.06 88.75 2.73 -2.25 -0.27 -1.4800 6.7100 -1.2300 -1.1311 4.4111 -2.1767 5.84 -7.78 1.17 190 290 281 268 212 
;
