0.5710 0.1797 -0.2579 -0.7584 106.12 1.31 -36.56 0.39 5.85 7.95 0.1300 0.1100 0.0800 -0.0511 -0.0400 0.0200 0.27 5.81 7.89 178 308 286 283 206 
0.5720 0.1657 -0.2590 -0.7604 105.94 3.19 -35.50 0.76 5.42 7.91 0.1200 -0.2600 0.0000 -0.0311 -0.2444 -0.0189 0.73 5.65 7.97 178 317 278 273 205 
0.5718 0.1373 -0.2710 -0.7620 105.87 7.75 -34.75 2.33 6.61 10.14 1.8700 1.4500 2.9200 -0.9544 -1.9400 1.8067 3.01 4.89 7.94 179 339 260 248 203 
0.6219 -0.0410 -0.3259 -0.7109 94.00 33.88 -24.81 6.47 2.99 7.31 -0.9000 0.4000 -0.9200 -0.8189 -1.2833 2.7456 6.96 1.59 6.71 177 341 226 214 196 
0.7054 -0.1976 -0.3373 -0.5913 78.56 43.75 -10.25 4.72 2.26 2.36 -1.0800 0.4500 -4.8100 1.7689 0.7044 -0.1778 6.28 2.08 7.23 178 341 225 212 197 
0.7487 -0.1006 -0.3754 -0.5370 67.25 45.44 -19.81 10.34 3.25 15.41 2.1300 0.6900 8.1400 -1.2856 0.3467 2.4844 7.31 0.37 6.52 177 349 230 219 195 
0.8200 -0.2126 -0.3234 -0.4217 52.94 43.06 12.06 2.17 0.05 6.86 -5.3600 2.2200 -0.6800 -1.7144 0.8044 -0.1811 6.18 -2.71 7.11 176 360 223 222 197 
0.7914 -0.3235 -0.2100 -0.4742 66.25 41.06 24.81 2.27 2.05 2.17 -3.6500 5.7800 -5.3600 -0.9078 0.5489 -3.4033 6.80 -2.04 6.76 150 348 214 218 198 
0.6534 -0.2943 -0.2231 -0.6608 94.12 42.81 -0.25 9.18 4.68 3.00 2.4700 3.9100 -3.8400 2.0133 -1.3922 -1.6200 7.11 2.12 6.40 170 338 222 224 197 
0.5807 -0.1891 -0.4031 -0.6815 97.62 46.75 -33.13 14.49 4.94 9.46 7.0700 1.1600 4.5800 2.0844 -1.2267 1.9067 7.95 3.69 4.38 175 315 237 235 199 
0.6414 -0.2008 -0.5124 -0.5346 75.31 64.06 -29.81 4.92 1.88 6.34 -4.4600 0.1600 2.2900 -1.7311 -1.1478 2.3800 9.29 0.11 3.13 174 296 248 240 198 
0.6658 -0.3619 -0.4574 -0.4653 70.81 70.12 12.88 6.02 -0.15 1.82 -2.8500 0.5400 -1.5000 -0.1267 -0.3600 -0.4800 9.28 -0.58 3.11 176 293 250 241 198 
0.6348 -0.3744 -0.4673 -0.4883 75.56 75.06 -2.06 8.96 0.23 2.26 0.7100 0.0000 0.4300 0.4444 -0.4456 -1.2689 9.54 0.99 2.01 179 202 172 204 184 
0.5811 -0.3368 -0.5378 -0.5096 84.31 74.00 -41.31 17.09 -0.09 0.05 9.3400 -1.6100 -1.5900 2.3411 0.2211 0.9422 9.45 1.87 1.78 180 168 148 171 175 
0.6480 -0.2671 -0.5792 -0.4164 59.69 77.25 -26.00 3.60 2.97 4.12 -5.5900 3.2300 1.5400 0.6056 0.4900 0.7667 9.52 0.27 2.31 182 163 140 171 174 
0.7193 -0.2391 -0.5648 -0.3263 47.38 76.37 -7.44 8.15 3.59 2.73 -1.5800 1.8500 0.5000 0.0933 0.0122 -0.4011 9.52 0.59 2.24 183 171 142 175 174 
0.7094 -0.2109 -0.5886 -0.3253 49.81 76.19 -22.19 10.77 1.09 2.05 1.2700 0.3300 0.0300 -0.0600 0.0778 -0.0622 9.51 0.96 2.17 180 175 145 177 174 
0.7124 -0.2021 -0.5825 -0.3353 50.31 73.69 -22.50 8.82 4.03 3.63 -0.5700 3.1300 0.8200 -0.0667 1.8756 -0.7033 8.98 1.42 3.65 181 224 193 211 192 
0.7751 -0.1307 -0.4549 -0.4185 60.19 43.13 -14.25 3.16 1.05 1.71 -2.3300 -0.6200 -6.1600 -0.2956 8.0289 -2.9567 1.14 2.07 9.51 180 268 260 286 199 
0.7717 0.1646 -0.0787 -0.6093 80.87 -6.87 -27.00 0.96 6.13 13.91 1.9800 0.7400 4.4900 0.4278 -0.4522 -1.1778 -1.40 5.00 8.31 179 279 271 309 203 
;
