0.9019 0.2001 -0.1663 -0.3448 41.81 9.25 -28.81 1.54 4.65 8.46 0.0100 0.0000 0.0000 0.0022 -0.0033 -0.0078 1.58 4.66 8.47 182 330 348 346 227 
0.9019 0.2002 -0.1663 -0.3447 41.75 9.25 -28.81 1.60 4.70 8.44 0.0100 0.0300 0.0200 0.0233 0.0389 0.0078 1.56 4.67 8.47 182 329 345 350 226 
0.9019 0.2124 -0.1608 -0.3401 40.88 7.37 -31.56 1.73 8.51 14.55 1.3500 3.4900 6.0900 -0.3578 -1.6800 2.0444 2.75 4.87 8.05 184 353 246 246 223 
0.9296 0.1570 -0.2657 -0.2012 17.37 28.94 -21.94 4.60 2.73 3.28 -1.7400 0.5800 -3.3800 0.0244 -0.9156 4.3333 6.11 1.43 7.52 177 342 174 176 192 
0.9389 0.1002 -0.3206 0.0754 348.50 37.56 -12.25 4.64 2.62 3.16 0.3400 1.4000 -1.5400 3.0156 0.2922 1.3156 5.97 2.90 7.21 171 354 182 185 197 
0.8965 0.2565 -0.2872 0.2190 328.75 38.38 -23.81 7.49 5.36 15.30 0.5800 2.1000 6.2000 -1.7722 1.2389 2.3378 5.88 1.36 7.72 172 357 186 189 201 
0.8952 0.1019 -0.2510 0.3538 316.25 28.06 4.81 -1.16 0.69 7.17 -5.2000 2.2200 -2.3700 -2.4322 0.3700 -0.3711 4.22 -2.39 8.52 163 351 186 190 201 
0.9169 -0.0706 -0.2622 0.2923 328.62 27.44 18.44 1.64 1.66 -0.75 -2.6100 4.3400 -8.8900 -0.0089 -1.6189 -2.5856 5.89 -1.73 7.64 165 346 184 189 201 
0.9305 0.0063 -0.3550 0.0895 351.31 43.31 -0.06 13.08 5.47 2.31 7.9200 4.5600 -3.1600 1.8889 -0.6867 -2.2456 7.18 2.47 6.20 167 343 189 192 201 
0.8888 0.1910 -0.4165 0.0125 357.00 49.69 -34.31 15.39 4.29 9.93 6.6200 1.1500 6.9600 2.1500 0.4311 1.1667 7.72 3.81 4.68 169 345 185 193 202 
0.8495 0.2682 -0.4285 0.1509 335.12 54.06 -27.00 5.25 4.57 10.13 -4.2400 1.9800 2.9400 -2.2067 1.1467 2.6678 7.62 0.27 6.16 5 347 189 192 202 
0.8656 0.0886 -0.4068 0.2782 324.62 46.75 8.19 3.55 0.77 1.63 -3.0200 1.9000 -4.8800 -0.7400 0.8756 -0.9356 6.65 -1.01 7.13 133 331 199 198 203 
0.9248 0.0168 -0.3239 0.1990 340.69 30.87 6.94 8.85 -2.26 16.20 4.1600 -0.8500 7.9400 -4.4900 4.7700 -1.1489 2.01 -3.07 9.09 188 371 195 209 209 
0.9568 -0.2864 -0.0445 0.0200 0.31 1.87 41.00 0.16 -5.74 0.49 0.0000 1.4900 -6.5300 -1.6244 2.2067 -1.1900 -0.24 -7.68 6.08 192 391 182 201 208 
0.8920 -0.4314 0.0701 -0.1158 16.56 -1.37 50.38 0.03 -1.17 0.32 0.1800 5.9600 -6.0700 2.6600 0.7433 -0.5678 -0.30 -6.48 7.34 189 385 179 202 207 
0.9495 -0.2563 0.0596 -0.1709 19.37 -1.87 22.25 2.68 -2.87 17.95 3.7000 -0.4400 10.4500 3.2978 -1.8356 1.5600 0.38 -1.05 9.74 191 374 182 206 207 
0.9974 -0.0413 -0.0132 -0.0568 2.19 1.44 5.00 -0.97 -2.97 17.24 -0.9800 -2.3900 5.5400 -2.0522 -0.4656 2.3544 0.25 -2.43 9.49 189 363 192 214 206 
0.9740 -0.1935 -0.0312 0.1134 345.94 0.75 26.12 -3.78 -2.91 10.12 -3.4000 2.6800 1.4200 -3.1033 0.2133 -0.1944 0.08 -6.51 7.32 189 361 192 217 207 
0.9017 -0.4216 -0.0474 0.0841 351.62 1.19 54.00 -1.67 -2.52 3.42 -1.9200 5.7200 -2.0800 -1.4633 1.1578 -1.2156 0.46 -8.53 4.81 183 345 196 217 207 
0.8548 -0.5167 -0.0171 -0.0443 9.50 5.19 62.00 1.52 -3.72 1.38 0.8200 4.4300 -3.3700 1.3056 1.5056 -1.4256 1.24 -8.16 5.29 179 344 195 215 206 
0.8831 -0.4343 -0.0002 -0.1777 24.37 9.25 46.63 7.35 -9.06 8.41 5.9000 -2.8700 1.8300 2.3333 -0.1589 0.2433 1.57 -5.76 7.77 183 348 195 215 206 
0.9332 -0.3107 -0.0187 -0.1797 20.25 7.75 36.19 -0.61 -7.41 8.80 -2.0200 -1.1900 0.0400 -0.5167 -0.0300 0.3022 1.17 -6.10 7.58 185 345 192 209 205 
;
