0.9097 0.3389 0.1992 0.1335 343.25 -15.81 -44.13 -2.74 6.57 6.61 -0.0600 -0.0700 -0.1300 -0.0067 0.0000 0.0044 -2.67 6.56 6.77 190 360 340 340 224 
0.9097 0.3386 0.2003 0.1334 343.50 -15.88 -44.06 -2.71 6.58 6.54 -0.0100 0.0300 -0.1800 -0.0178 0.0422 -0.0078 -2.71 6.55 6.77 189 358 341 340 224 
0.9104 0.3372 0.2004 0.1315 343.56 -15.94 -43.75 -2.92 6.41 6.63 -0.1600 -0.0600 -0.2500 -0.0278 -0.0722 0.0367 -2.63 6.48 6.86 188 363 340 335 224 
0.9160 0.3304 0.1840 0.1340 342.87 -13.06 -41.13 -1.52 7.66 8.92 1.1000 1.2800 1.7300 -1.2422 -0.8300 0.6589 -1.48 5.68 7.85 189 369 300 279 223 
0.9482 0.2516 0.0773 0.1774 336.75 1.06 -26.50 2.53 3.56 8.24 2.0800 -0.7600 -0.4300 -1.8400 -2.2878 2.5878 2.47 2.77 9.07 186 371 191 199 215 
0.9306 0.1387 -0.1256 0.3146 319.87 19.75 -8.69 -0.25 2.30 5.48 -3.2400 1.5900 -2.6000 0.5100 0.3822 0.8878 3.27 1.34 9.14 186 375 189 199 215 
0.9025 0.1533 -0.1264 0.3821 313.06 20.62 -11.38 4.44 2.87 15.55 0.8800 1.0400 6.4200 -1.5233 -0.5767 0.9433 3.85 0.76 8.98 181 382 195 201 206 
0.8903 0.0587 -0.1744 0.4167 310.00 19.00 6.87 -0.67 -1.91 7.58 -3.6500 -0.1900 -1.9300 -2.4222 -0.6889 0.1633 3.39 -2.85 8.74 178 366 186 195 204 
0.8856 -0.0814 -0.2570 0.3782 315.75 25.31 22.19 0.50 -0.53 2.09 -4.0800 3.4300 -6.0800 0.2811 -1.2611 -2.1833 5.47 -2.42 7.76 179 359 189 195 205 
0.9114 0.0301 -0.3351 0.2367 333.06 39.63 3.12 7.68 4.34 5.24 1.6100 4.5400 -3.0500 1.4111 -1.7911 -2.3556 6.81 1.53 6.88 179 362 193 198 203 
0.9039 0.2122 -0.3453 0.1369 343.06 42.63 -27.75 12.38 6.35 9.24 5.4800 2.5700 3.6700 1.9133 0.1478 -0.1678 6.68 4.39 5.66 179 359 196 202 204 
0.8667 0.3312 -0.3303 0.1732 334.56 44.63 -39.00 10.31 6.45 11.73 3.2500 2.5900 6.1800 -1.2589 -0.1567 3.2344 7.64 2.68 5.51 181 337 210 216 207 
0.8179 0.2128 -0.4260 0.3229 312.50 57.75 5.44 3.24 0.43 3.96 -5.8900 1.4800 -1.4900 -2.1411 -1.3378 2.9789 8.17 -3.32 4.27 181 339 233 234 208 
0.6990 0.0219 -0.5804 0.4172 294.62 56.25 65.06 9.40 -4.49 -0.83 2.3600 0.4900 -2.6700 -0.8033 -2.8100 1.7033 7.78 -5.96 0.00 181 355 231 226 203 
0.4994 0.0128 -0.7332 0.4614 269.06 45.13 97.94 8.69 -5.75 -1.93 1.4600 1.4900 -0.3100 1.9578 -0.5978 1.3389 6.07 -7.67 -0.54 180 374 215 219 204 
0.4152 0.0218 -0.6847 0.5986 247.62 36.94 85.06 6.87 -4.42 7.51 0.4000 2.2800 5.3900 -1.0900 1.1622 -0.4489 6.15 -7.63 0.32 179 379 208 219 204 
0.4371 0.0134 -0.7214 0.5370 261.00 40.44 96.62 8.81 -7.63 -5.22 1.8400 -0.3600 -4.4900 -0.6289 -0.1011 0.1378 6.33 -7.35 -1.42 180 375 212 219 204 
0.4211 -0.0047 -0.7560 0.5010 258.44 38.75 98.81 6.89 -6.76 -2.72 0.5700 0.8100 -1.3500 2.4056 0.1122 0.1778 6.03 -7.73 0.12 180 385 220 227 204 
0.4030 0.0640 -0.6885 0.5996 247.56 39.38 88.62 7.33 -4.88 2.28 0.2300 2.8800 1.1400 -1.3844 2.9733 -1.0811 6.62 -7.20 0.60 181 374 223 230 207 
0.5282 0.0204 -0.6852 0.5010 285.81 52.81 79.25 6.40 -1.60 0.65 -1.0500 3.7100 -2.2300 -0.9744 11.9422 -5.6756 6.66 -3.07 6.50 182 326 282 287 214 
;
0.9767 -0.0047 -0.1431 0.1600 345.81 6.31 -6.44 -0.49 7.09 13.99 1.6500 5.9800 7.0600 2.5967 -1.2633 -1.2700 0.94 3.65 9.05 189 323 320 328 221 
0.9805 0.1850 0.0210 0.0637 352.56 -1.37 -19.69 -0.30 0.90 11.07 0.0500 -1.7600 1.9600 0.8556 -0.1156 0.2944 0.28 3.66 9.09 190 338 320 337 223 
0.9788 0.1909 -0.0224 0.0704 351.06 7.06 -20.19 4.29 5.51 12.44 2.9600 2.4800 2.2600 -1.6633 -1.6744 2.1844 2.93 2.03 9.13 187 347 256 234 214 
0.9608 0.0936 -0.1842 0.1851 333.81 26.06 -4.94 4.18 1.62 6.31 0.4100 1.1800 -1.9600 1.0022 -0.2800 2.6256 4.77 0.46 8.55 185 361 222 222 210 
0.8878 0.1125 -0.2346 0.3798 310.44 31.37 0.00 3.38 1.80 12.26 -1.7400 2.1200 4.1000 -1.1544 -0.8200 2.0878 5.70 -1.64 7.80 183 378 234 225 209 
0.8115 0.0220 -0.3356 0.4779 299.19 33.88 23.19 2.15 -1.00 6.04 -3.7700 2.6300 -2.1800 -2.2256 0.1811 0.1256 5.36 -4.61 6.78 179 382 222 217 209 
0.8153 -0.0890 -0.3985 0.4106 310.06 36.81 34.06 4.08 0.30 1.59 -1.2000 4.6500 -4.6300 0.2456 1.7856 -2.7611 6.18 -3.07 6.95 179 383 217 221 210 
0.9016 -0.0013 -0.3543 0.2481 332.00 40.38 7.19 12.45 3.79 6.83 5.1100 3.5400 0.1900 2.0756 -0.2544 -1.1056 6.56 0.86 7.23 179 383 224 226 210 
0.9001 0.1667 -0.3464 0.2050 333.56 43.75 -14.69 9.76 3.34 11.28 3.1300 1.2000 4.3000 0.9544 -0.2511 1.0344 6.87 2.03 6.68 182 379 232 233 211 
0.8733 0.2087 -0.3260 0.2959 320.44 44.13 -11.06 6.44 2.46 11.38 -0.6600 1.7200 2.9800 -1.4600 -0.1689 2.3733 6.94 -0.84 6.87 181 383 241 237 212 
0.8199 0.0578 -0.4032 0.4023 305.44 44.81 25.31 4.10 -1.75 4.46 -3.0400 1.6800 -1.6400 -1.0611 -0.7833 1.1311 6.86 -4.19 5.60 181 384 243 239 213 
0.7610 -0.0298 -0.4762 0.4395 299.81 44.44 41.13 6.63 -3.04 4.92 -0.0200 1.4700 -0.0200 -0.1967 -0.6956 -0.0778 7.11 -4.65 4.88 179 381 240 241 211 
0.7241 -0.0096 -0.5383 0.4311 296.75 53.56 55.56 10.49 -4.95 2.19 1.7200 -0.5400 -2.4500 -1.0422 -5.0089 1.5044 7.89 -5.80 -0.38 176 378 212 217 208 
0.4597 0.0333 -0.7642 0.4513 264.69 44.31 102.81 7.10 -4.98 -2.55 -0.4100 2.0600 -0.9200 3.5889 0.4189 0.7978 6.32 -7.47 0.51 178 387 225 232 209 
0.3945 0.0950 -0.6835 0.6068 245.62 40.19 89.87 6.24 -5.43 3.01 -0.4000 1.8400 2.6200 -3.0422 0.1778 -0.3489 6.43 -7.30 -1.19 166 390 222 226 209 
0.4020 0.0325 -0.7744 0.4875 261.69 41.44 106.87 7.16 -6.51 -7.39 0.9100 0.3100 -4.5800 1.0511 -0.7978 0.0789 6.46 -7.06 -2.10 179 383 221 229 207 
0.3917 0.0641 -0.7607 0.5137 251.81 41.63 98.69 8.59 -3.89 1.03 -2.2700 3.6100 8.0200 0.9478 -0.8244 -0.2767 6.60 -7.24 -0.18 180 385 228 237 208 
0.4052 0.0963 -0.7101 0.5677 255.69 44.13 89.94 5.12 -4.42 1.84 -2.4000 3.2000 1.9200 -1.3889 2.8567 -1.8156 7.64 -6.01 1.22 180 363 240 246 211 
0.7229 -0.0329 -0.5641 0.3975 315.50 44.25 33.88 3.92 -1.40 -0.48 -4.4800 2.8900 -6.7700 5.1033 8.6211 -3.3678 1.31 -0.03 9.71 188 336 315 320 217 
;
