0.9472 0.1364 -0.1634 -0.2399 28.37 14.06 -20.31 2.31 3.46 8.89 -0.1000 0.1200 0.0000 0.0011 0.0044 0.0133 2.38 3.30 8.92 181 323 328 352 218 
0.9474 0.1365 -0.1628 -0.2394 28.31 14.00 -20.31 2.33 3.45 8.85 -0.0300 0.1400 -0.0400 0.0467 0.1267 -0.0367 2.31 3.34 8.92 180 324 326 352 219 
0.9464 0.1609 -0.1531 -0.2346 25.44 13.88 -25.19 7.97 4.49 16.20 5.3700 2.2700 7.2600 -0.6611 -2.6356 3.4911 4.60 3.40 7.95 180 342 224 213 210 
0.9484 0.0916 -0.3032 -0.0138 354.00 36.94 -4.81 -0.12 2.65 0.81 -6.8500 2.5500 -6.9900 0.2633 0.3589 2.9089 5.86 -1.07 7.78 174 340 172 174 195 
0.9383 0.0331 -0.2723 0.2108 332.25 32.13 -0.31 10.43 2.78 5.72 7.7800 2.6800 0.4500 2.1033 0.3300 1.4778 5.53 1.02 8.02 174 358 186 172 197 
0.8803 0.1425 -0.2949 0.3431 315.06 37.63 -0.50 3.02 1.10 13.20 -2.2700 1.6000 4.4400 -1.9222 1.7933 1.6633 4.61 -2.06 8.40 173 359 185 179 198 
0.8738 -0.0828 -0.2476 0.4103 310.31 19.75 25.19 -0.69 -1.83 5.76 -3.9200 3.2700 -3.0900 -1.9244 0.7256 -1.3722 3.11 -5.19 7.70 172 361 182 177 195 
0.8915 -0.2038 -0.2814 0.2908 327.12 28.81 33.81 4.69 1.85 0.56 -1.1300 6.3900 -5.9000 0.9189 -0.9600 -3.7111 6.57 -2.90 6.67 167 360 181 178 191 
0.9004 -0.0194 -0.4196 0.1135 349.69 50.19 2.31 12.81 4.06 3.63 6.3300 3.7200 -1.4600 2.2044 -1.0178 -2.1589 7.72 2.12 5.65 164 342 185 177 193 
0.8695 0.1895 -0.4557 0.0201 356.50 54.31 -36.88 18.09 5.07 9.44 6.5600 1.2800 5.9800 1.0744 1.2511 1.2378 8.06 3.35 4.46 166 327 188 173 194 
0.8448 0.2290 -0.4617 0.1439 335.94 56.00 -17.81 4.19 3.98 8.84 -4.9300 2.7100 2.6000 -2.3456 1.0844 2.6278 7.53 -0.89 6.21 168 316 193 189 196 
0.8682 0.0002 -0.4350 0.2389 332.25 45.06 19.56 5.19 -1.03 5.49 -0.4400 1.3400 -0.7300 -1.3300 4.0778 -1.8156 5.10 -2.50 7.98 175 307 223 214 200 
0.9655 -0.1514 -0.2001 0.0689 357.06 17.44 23.50 7.22 -4.60 14.26 4.4400 1.6300 5.0200 -5.8433 3.2078 -0.5589 1.24 -6.53 7.20 185 309 301 278 209 
0.8609 -0.5010 0.0252 -0.0851 12.69 0.00 71.56 -0.12 -5.78 -3.84 0.7300 2.8600 -7.0100 -4.5056 0.4078 0.2289 -0.28 -9.76 -0.82 185 267 285 259 208 
0.6397 -0.7526 0.1267 -0.0912 15.81 -1.50 96.75 0.10 -6.11 -7.97 -1.1100 6.0300 -7.0400 7.1600 0.1456 -0.9500 0.14 -8.94 4.01 183 289 296 267 211 
0.8831 -0.4489 0.0615 -0.1216 16.37 -0.50 50.56 -0.62 -1.85 18.27 -1.5500 4.8100 11.6400 -1.8922 -1.2711 0.1600 0.00 -7.82 5.90 180 289 296 263 212 
0.8459 -0.5176 0.0624 -0.1124 14.94 0.81 69.62 0.16 -8.75 0.45 0.4000 0.6700 -2.5900 -3.6900 -0.2622 0.0789 0.14 -9.78 0.62 178 282 290 257 210 
0.6713 -0.7343 0.0729 -0.0700 11.06 -0.13 97.69 0.19 -12.08 -12.13 0.2300 -0.1500 -10.2800 4.1411 0.4644 0.0067 -0.12 -9.76 0.89 180 276 284 259 209 
0.8022 -0.5863 0.0809 -0.0784 12.19 -2.56 66.25 -1.35 -2.61 15.00 -0.1600 6.8400 12.3800 0.6044 0.4233 0.0256 -0.66 -8.48 4.87 176 276 271 253 212 
0.8403 -0.5219 0.1070 -0.1005 13.00 -4.75 67.12 0.38 -5.15 2.30 1.1700 4.3200 -2.1200 -2.2211 -0.1578 0.8156 -1.32 -9.45 2.25 179 265 268 253 213 
0.7471 -0.6486 0.1434 -0.0261 1.50 -12.00 84.69 -3.43 -7.58 -5.79 -1.0300 2.2400 -7.4300 5.5178 -1.0333 -0.9433 -1.62 -8.87 3.84 178 276 281 276 212 
0.9170 -0.3812 0.0879 -0.0777 13.56 -6.00 31.44 -3.70 0.76 12.89 1.7400 3.9900 6.2200 6.9656 1.2333 -1.5778 -1.35 -0.48 9.70 183 328 324 333 211 
;
