0.9778 0.2058 0.0082 -0.0391 4.12 -1.81 -23.81 -0.70 4.26 8.85 -0.4400 0.2100 -0.0600 -0.0144 0.0289 0.1278 -0.35 4.00 8.94 193 322 331 358 230 
0.9774 0.2094 0.0128 -0.0281 3.19 -2.06 -24.06 -0.33 4.01 8.87 0.0600 0.0300 -0.0400 -0.0078 0.0033 -0.0189 -0.36 4.00 8.94 192 323 332 360 231 
0.9774 0.2091 0.0130 -0.0281 3.31 -2.12 -24.06 -0.42 4.04 8.87 -0.0500 0.0300 -0.0600 -0.0078 0.0156 -0.0856 -0.39 3.99 8.94 193 325 332 363 231 
0.9772 0.2091 0.0150 -0.0337 4.12 -2.44 -24.12 -0.17 4.09 9.06 0.1900 -0.0700 0.0200 0.1056 -0.0722 0.0211 -0.36 4.07 8.91 193 328 330 366 230 
0.9758 0.2159 -0.0005 -0.0346 3.69 0.13 -25.56 0.27 4.55 9.75 0.4000 0.3500 1.0300 0.2433 -1.4433 0.7922 1.10 4.36 8.71 194 334 329 327 229 
0.9686 0.2272 -0.1010 -0.0033 359.31 13.44 -26.06 2.21 3.72 8.13 -0.3600 -0.3600 -0.3600 -0.5011 -0.2811 0.5244 2.78 3.73 8.62 193 337 324 318 229 
0.9719 0.1894 -0.1369 0.0277 356.37 15.50 -21.31 2.74 3.38 8.61 0.1400 0.1200 -0.1400 -0.3167 -0.1922 0.4644 2.73 3.18 8.86 193 335 312 317 229 
0.9744 0.1648 -0.1449 0.0497 353.31 18.00 -18.06 3.70 3.07 9.38 0.3900 0.3900 0.3600 -0.5367 -0.7533 1.1122 3.68 2.30 8.79 193 337 289 246 223 
0.9606 0.1273 -0.2148 0.1216 342.94 29.69 -11.06 4.30 1.59 7.01 -1.0200 -0.0400 -1.1200 0.5456 -0.0089 1.0822 5.35 1.42 8.08 192 343 290 236 218 
0.9393 0.1340 -0.2429 0.2019 334.81 30.69 -10.31 5.49 1.84 7.70 0.8200 0.3300 -0.4700 0.7811 -0.9178 0.7333 5.63 1.60 7.86 192 345 249 212 216 
0.9016 0.1816 -0.2919 0.2625 325.31 40.06 -13.19 8.16 1.87 9.68 1.1500 0.1800 3.3100 1.5344 -0.9867 2.0222 7.23 1.39 6.47 192 355 248 217 215 
0.8222 0.2274 -0.3483 0.3885 308.25 48.31 -5.06 4.77 0.45 8.79 -2.0700 0.5500 0.6100 -2.3322 0.6422 0.8778 6.91 -1.14 6.86 192 361 244 217 217 
0.8387 0.0514 -0.3751 0.3914 311.87 41.69 20.00 1.67 -0.51 2.89 -4.0200 2.4500 -3.9000 -1.2478 -0.5967 -1.2233 7.06 -2.71 6.24 191 361 234 217 217 
0.8699 0.0115 -0.4208 0.2572 329.81 48.06 13.13 7.82 2.46 2.27 1.5100 3.2300 -3.7500 0.9411 0.3589 -2.3800 7.31 0.39 6.51 192 362 236 219 219 
0.9007 0.1473 -0.3870 0.1315 345.00 47.63 -18.75 10.45 3.43 5.68 3.5100 0.6800 -0.0800 1.1478 -0.4456 -0.7856 7.36 3.02 5.72 191 354 240 221 218 
0.8859 0.2488 -0.3762 0.1089 344.44 45.13 -32.00 9.73 3.51 6.41 3.1600 0.4900 1.5400 1.1778 -0.1633 1.7022 7.37 3.43 5.47 191 347 248 226 220 
0.8431 0.2937 -0.3915 0.2227 327.06 53.19 -29.06 5.25 2.79 7.74 -2.6500 -0.0600 1.8600 -1.0767 -1.2911 2.1433 8.46 1.34 4.75 191 356 256 231 220 
0.8007 0.2162 -0.4685 0.3043 317.87 61.63 -4.56 6.47 0.86 3.91 -1.6500 0.4900 -0.9300 -0.2433 0.5322 -0.1844 8.45 0.25 4.96 190 354 260 233 220 
0.8162 0.1907 -0.4539 0.3026 319.56 58.81 -4.81 8.89 0.62 5.14 0.4400 0.0900 0.1500 0.0600 0.1322 -0.1322 8.36 0.54 5.09 192 356 261 234 220 
0.8196 0.1987 -0.4470 0.2982 320.00 58.06 -6.50 7.96 0.63 4.90 -0.3000 0.0300 -0.2900 0.0489 -0.1300 -0.0022 8.33 0.60 5.12 191 357 260 236 220 
0.8221 0.2006 -0.4412 0.2988 320.00 57.25 -7.69 8.52 0.81 4.33 0.5800 0.0500 -0.8400 0.3978 0.2256 -0.1144 8.16 0.93 5.34 191 355 259 236 219 
0.8143 0.2296 -0.4238 0.3236 315.12 57.06 -9.69 11.20 -0.12 9.45 2.1800 -0.4400 4.0300 -0.1611 0.8089 1.8267 7.91 -0.28 5.77 192 359 261 235 220 
0.8011 0.1345 -0.4056 0.4192 304.37 48.81 14.13 1.55 -0.68 5.93 -5.6600 1.4700 -0.3600 -1.3989 -0.8800 0.0356 7.67 -2.44 5.58 192 362 256 236 220 
0.7961 0.0673 -0.4807 0.3613 314.50 55.69 22.81 5.01 1.07 1.86 -2.7300 3.0300 -3.2600 -0.2744 -0.1600 -2.4078 8.41 -0.87 4.96 192 366 256 235 220 
0.8452 0.1232 -0.4747 0.2123 334.87 59.69 -6.62 9.63 3.00 1.69 1.4700 2.0800 -2.9100 0.6000 -0.4989 -1.8167 8.52 1.92 4.43 192 365 252 236 221 
0.8413 0.2241 -0.4782 0.1154 345.44 58.13 -35.00 11.54 3.99 3.71 3.1900 0.5800 -0.5300 0.5800 0.0578 -0.3811 8.16 3.52 4.12 192 353 253 237 220 
0.8300 0.2840 -0.4684 0.1051 344.75 57.06 -43.81 10.64 2.96 3.99 2.7000 -0.6600 0.4300 0.9778 0.9211 0.3478 8.13 3.75 3.98 192 350 257 237 220 
0.8259 0.3105 -0.4391 0.1693 335.19 56.31 -39.00 9.79 3.43 6.17 1.3600 0.4600 1.8500 -0.3289 0.8556 1.7967 8.26 2.10 4.83 192 356 269 243 221 
0.8226 0.2242 -0.4450 0.2740 320.56 59.75 -7.06 5.71 0.74 4.61 -3.1800 0.4300 -0.6100 -0.5889 0.1067 1.1644 8.49 -0.50 4.87 191 357 273 245 221 
0.7976 0.1494 -0.4822 0.3302 314.75 60.50 9.19 7.73 -0.04 3.80 -0.2400 0.5700 -0.6100 0.1711 0.5378 -0.4989 8.42 -0.41 4.99 191 359 275 247 221 
0.8102 0.1697 -0.4614 0.3190 317.19 59.06 0.75 9.01 -0.05 5.30 0.1200 -0.1700 0.3300 0.3089 0.2089 -0.1478 8.33 0.16 5.16 193 359 279 250 221 
0.8136 0.1864 -0.4487 0.3195 317.12 57.88 -1.50 7.77 0.04 5.14 -0.5900 -0.0900 -0.0600 -0.0944 0.0056 0.0467 8.29 0.08 5.22 193 360 279 251 222 
0.8176 0.1782 -0.4467 0.3166 318.00 57.00 -1.25 6.51 0.25 4.67 -1.6400 0.2600 -0.8000 -0.2278 0.5444 -0.4511 8.00 0.32 5.65 192 342 278 252 219 
0.8793 0.1420 -0.3568 0.2817 327.56 38.00 -5.69 1.53 1.53 3.12 -2.6600 0.6000 -4.5100 2.7811 5.6489 -3.3533 2.42 2.94 9.03 193 325 314 291 222 
;
0.9626 0.2634 0.0609 -0.0137 1.62 -7.06 -30.56 -1.14 4.85 8.40 0.0300 -0.0700 0.0400 -0.0189 -0.0444 0.0011 -1.17 4.93 8.39 193 326 342 369 228 
0.9631 0.2625 0.0563 -0.0165 1.94 -6.62 -30.44 -1.16 4.90 8.33 -0.0200 -0.0300 0.0000 -0.0433 -0.0878 -0.0089 -1.07 4.91 8.41 193 325 341 367 229 
0.9641 0.2604 0.0494 -0.0190 2.19 -5.87 -30.12 -0.95 5.01 8.86 0.1100 0.3500 0.9600 -0.1489 -0.6444 0.4078 -0.59 4.84 8.50 192 338 331 317 229 
0.9697 0.2402 -0.0429 0.0103 356.00 13.00 -26.00 8.67 5.79 11.89 4.5600 1.8600 1.1000 -1.4944 -2.8122 4.1667 5.54 1.77 7.89 191 356 279 242 222 
0.9240 0.1096 -0.2978 0.2135 329.69 37.13 -1.12 -0.23 0.84 5.36 -5.4500 1.4200 -2.5300 0.1089 0.3133 1.1867 5.76 -0.53 7.91 191 360 279 249 221 
0.9016 0.0707 -0.2914 0.3120 321.50 34.75 3.25 5.15 -0.07 7.96 -0.2300 0.1600 0.0500 0.3933 -0.1078 -0.1411 5.66 -0.19 8.00 190 358 288 257 220 
0.8964 0.0922 -0.2924 0.3201 319.87 36.19 2.50 6.16 -1.85 10.25 -0.0200 -1.2900 2.7700 -0.4100 -0.6467 0.8200 6.17 -0.97 7.55 191 365 289 260 221 
0.8757 0.0532 -0.3320 0.3466 317.50 36.44 12.31 1.53 -1.04 7.45 -4.7500 1.0800 -1.0000 -1.4822 -0.2811 -0.5544 5.88 -2.43 7.46 189 373 281 261 221 
0.8934 -0.0220 -0.3651 0.2607 331.31 41.13 15.56 5.77 1.44 3.33 -0.4000 2.9600 -3.7700 0.7633 0.2811 -2.3878 6.69 -0.43 7.14 190 374 246 234 222 
0.9178 0.0845 -0.3749 0.0997 350.19 43.81 -12.00 9.62 4.64 4.92 2.9300 2.7000 -1.3800 1.6144 -0.2156 -1.0656 6.52 2.94 6.70 190 366 241 233 221 
0.9061 0.2183 -0.3586 0.0530 352.25 41.63 -30.00 7.98 3.16 6.94 2.0200 -0.4600 0.7100 1.2156 -0.2144 0.4711 6.65 3.92 6.03 191 358 251 239 221 
0.8927 0.2712 -0.3358 0.1295 341.56 42.00 -31.75 9.01 4.12 9.62 2.0800 0.6800 3.8200 0.4356 -0.1933 2.4578 7.21 2.80 6.01 190 355 263 246 219 
0.8544 0.2346 -0.3764 0.2705 321.44 51.69 -10.56 3.36 1.14 6.15 -5.0300 0.3700 -0.6400 -1.4344 -1.1044 2.0489 8.06 -1.06 5.47 189 353 275 248 220 
0.8109 0.0981 -0.4649 0.3417 314.75 54.56 16.12 5.97 -0.35 3.27 -1.0500 1.1300 -2.0500 0.1211 1.1433 -0.9289 7.55 -1.04 6.16 190 351 277 252 220 
0.8480 0.1082 -0.4172 0.3083 320.25 51.19 5.81 8.22 -0.37 6.82 0.1200 -0.1000 0.7400 -0.0044 -0.1722 -0.1156 7.74 -0.49 5.99 190 353 280 257 220 
0.8450 0.1213 -0.4246 0.3015 320.87 52.19 4.87 7.46 -0.44 5.60 -0.1900 0.1200 -0.5100 0.0067 0.0122 -0.0044 7.75 -0.51 5.98 189 353 280 256 219 
0.8462 0.1212 -0.4240 0.2993 321.06 52.13 4.25 7.37 -0.10 5.60 -0.4400 0.2600 -0.4200 0.0533 -0.0044 -0.1122 7.74 -0.34 6.00 189 352 280 258 220 
0.8500 0.1319 -0.4172 0.2932 322.44 51.50 0.81 7.82 0.32 5.26 0.6300 0.2100 -0.9800 0.3522 0.4878 -0.4111 7.48 0.28 6.32 189 348 279 259 220 
0.8564 0.1559 -0.3906 0.2995 318.69 50.44 -1.75 10.97 -1.51 9.93 2.7600 -0.9600 3.7900 0.3211 0.3589 1.9500 7.51 -0.65 6.26 190 358 280 260 220 
0.8159 0.1052 -0.3904 0.4133 305.19 44.81 16.75 2.20 -1.04 6.68 -4.4100 1.8200 -0.0700 -1.5511 -0.2967 0.2944 6.93 -3.11 6.19 189 362 263 253 219 
0.8212 -0.0006 -0.4357 0.3685 314.44 46.00 26.25 3.45 1.54 2.59 -2.0600 4.0000 -3.5000 -0.4978 -0.1200 -2.3933 7.59 -1.74 5.95 189 346 238 239 219 
0.8629 0.0564 -0.4620 0.1971 337.31 56.44 2.37 10.62 2.88 2.40 2.3700 2.4800 -2.4300 0.9533 -0.5689 -1.7656 8.34 1.25 4.99 189 334 240 229 216 
0.8499 0.1788 -0.4854 0.0999 347.12 59.06 -27.12 11.75 2.72 5.31 3.6800 0.0600 0.7600 0.6833 -0.1289 -0.5144 8.29 3.02 4.26 188 334 247 230 216 
0.8406 0.2444 -0.4729 0.0996 345.31 57.44 -35.63 10.66 2.27 6.01 2.4600 -0.6300 1.6700 0.4378 0.4556 1.1400 8.32 2.49 4.53 188 337 251 236 216 
0.8353 0.2213 -0.4654 0.1918 331.00 60.50 -15.50 7.51 0.87 5.15 -2.3800 0.2100 0.3100 -0.3922 0.1856 2.0144 8.56 -0.22 4.77 188 346 267 246 216 
0.8169 0.1166 -0.4825 0.2935 319.31 58.25 13.44 4.71 -0.09 2.67 -3.0400 1.4200 -2.0100 0.0300 -0.4178 0.1756 8.43 -1.41 4.80 189 345 268 248 216 
0.8115 0.1078 -0.4867 0.3049 319.31 58.63 12.13 8.96 -0.75 5.53 0.7300 0.0900 0.5900 -0.0022 -0.0822 -0.2489 8.37 -0.82 5.04 189 345 269 251 217 
0.8201 0.1201 -0.4773 0.2919 320.87 58.50 8.94 7.70 -0.41 5.07 -0.7800 0.3100 -0.1400 -0.1889 -0.0467 -0.0789 8.36 -0.81 5.04 187 347 273 252 217 
;
