0.9235 0.3497 0.0758 0.1382 344.00 -2.25 -41.81 -0.24 6.37 7.26 0.1400 -0.0900 0.0000 -0.0356 -0.4889 -0.4333 -0.32 6.50 7.33 185 328 293 302 218 
0.9304 0.3510 0.0500 0.0936 349.12 -0.88 -41.44 -0.90 6.66 7.75 -0.5000 0.7900 1.0600 -0.0200 -1.5322 0.2189 0.68 6.44 7.36 184 338 268 268 217 
0.9430 0.3112 -0.0977 0.0659 352.00 21.06 -31.69 8.80 5.05 6.61 3.5800 0.8300 -1.0300 -2.1833 -3.1667 3.0989 6.56 2.38 6.87 177 362 179 186 194 
0.8978 0.1656 -0.3743 0.1627 335.25 46.25 -13.13 6.98 1.14 8.20 0.1900 -0.4500 2.8300 0.9522 0.0167 2.1978 7.10 0.94 6.68 176 374 182 191 193 
0.8692 0.1469 -0.3448 0.3224 317.19 41.88 1.81 3.87 -0.76 9.38 -2.8200 -0.0900 1.5200 -1.7978 1.2478 1.1522 5.70 -1.81 7.76 172 377 188 193 196 
0.8776 -0.0209 -0.3175 0.3586 317.19 32.13 20.56 1.20 -0.13 2.64 -4.1200 2.9900 -5.2300 -1.1278 0.6689 -1.9056 5.29 -2.99 7.69 182 379 185 197 196 
0.9092 -0.0524 -0.3434 0.2297 334.75 39.69 15.31 5.98 2.27 0.33 -0.1100 3.9300 -5.7100 1.2133 -0.4533 -3.0789 6.85 0.10 7.01 175 380 189 199 196 
0.9222 0.1249 -0.3593 0.0694 353.87 41.88 -21.31 13.04 6.62 8.36 6.9200 3.0400 2.5900 1.9011 -0.5933 -0.7656 6.57 4.20 5.93 177 374 189 202 198 
0.8820 0.2908 -0.3676 0.0482 351.62 43.94 -42.00 11.31 5.89 10.98 4.1100 1.5800 5.8600 0.2844 0.2911 1.6933 7.31 4.02 5.14 175 369 196 204 202 
0.8519 0.2538 -0.4246 0.1721 333.00 57.88 -19.87 3.56 1.03 4.54 -5.3900 0.0000 -0.4800 -1.5556 -1.7344 3.0078 8.93 -0.87 3.94 179 341 200 210 200 
0.7714 0.0804 -0.5684 0.2745 320.50 67.62 34.38 4.71 -0.66 0.34 -3.8100 1.5100 -2.3800 -0.6900 -0.9489 -0.3800 9.29 -2.10 2.29 181 326 214 228 203 
0.7455 0.0667 -0.6263 0.2180 329.81 75.50 36.25 9.33 -1.34 2.86 -0.9400 -0.1000 1.0600 -0.5922 -2.9756 -0.0022 9.70 -1.39 -0.28 183 303 256 276 205 
0.5457 0.0783 -0.8203 0.1522 329.50 52.56 165.69 1.21 -0.84 -8.71 -5.6000 0.4100 -2.2300 -3.2633 -8.4033 0.3578 2.99 0.33 -9.33 186 271 256 281 194 
0.1019 0.0252 -0.9929 -0.0565 358.69 8.38 -172.06 6.10 -4.44 -15.27 7.0100 -3.8100 -3.8000 1.4978 0.3833 1.1389 1.43 0.54 -9.68 187 278 261 289 193 
0.0514 -0.0751 -0.9957 -0.0165 10.50 6.31 -178.81 -7.16 6.74 -8.03 -7.4700 5.8800 1.0000 -0.5022 -2.0100 0.8544 0.59 0.50 -9.77 185 282 263 284 190 
0.0386 -0.1210 -0.9918 -0.0153 13.31 4.37 -179.31 1.27 1.45 -9.87 1.0300 1.1200 0.0400 0.6233 0.6767 -0.6222 1.11 -0.25 -9.73 187 277 256 266 194 
0.0978 -0.0810 -0.9917 0.0185 8.63 17.31 176.25 2.88 0.28 -7.87 -1.1700 0.5700 0.7900 -0.1244 5.1989 -1.5500 6.34 -0.20 -7.47 185 287 277 284 203 
0.4833 0.0093 -0.8751 -0.0234 7.00 71.06 -162.12 10.62 0.61 -5.74 -1.6900 -1.9900 -7.4600 0.5656 15.3544 -2.3567 5.96 2.94 7.20 185 312 324 345 212 
0.9714 0.2277 -0.0560 -0.0388 3.87 -2.37 -30.00 -2.47 5.08 11.11 1.0700 6.2100 9.6000 1.4367 -0.3533 0.3522 -0.63 5.16 8.31 187 302 311 344 214 
;
0.9637 0.2651 0.0188 -0.0253 3.25 -1.81 -31.12 0.68 5.49 7.39 1.4600 0.9100 -0.0100 0.1022 0.2711 -0.3967 -0.41 5.22 8.28 186 306 312 347 214 
0.9597 0.2776 0.0074 -0.0440 5.31 -2.12 -32.06 -0.04 4.93 8.60 0.3400 -0.2800 0.3000 -0.0056 -0.1478 -0.0311 -0.28 5.19 8.31 185 309 315 347 216 
0.9601 0.2761 -0.0070 -0.0446 5.06 0.75 -31.87 2.57 7.68 11.82 3.4100 3.9300 5.5700 -1.2344 -1.4889 1.4511 1.34 4.49 8.61 187 345 212 219 207 
0.9684 0.1801 -0.1685 0.0360 349.75 31.69 -18.75 6.73 1.16 2.31 0.7900 -0.1600 -1.9200 1.3378 -0.0167 3.2744 6.42 1.62 7.22 177 374 190 187 180 
0.8857 0.1834 -0.3153 0.2870 319.50 43.00 -8.75 5.04 1.38 11.83 -1.8000 0.3600 4.9000 -0.8122 0.8322 1.4144 6.54 -0.04 7.30 176 381 195 191 182 
0.8613 0.0914 -0.3329 0.3728 313.94 38.69 10.13 1.31 0.32 4.89 -4.8400 1.9500 -3.1400 -1.6411 0.7044 -1.1344 5.86 -1.98 7.60 175 380 196 193 184 
0.8979 0.0076 -0.3533 0.2625 330.44 44.44 11.44 6.36 2.91 -0.69 0.8200 4.0700 -7.1600 0.4700 -1.0944 -2.7544 7.76 0.17 5.98 176 377 198 195 183 
0.8820 0.1328 -0.4400 0.1046 348.62 54.19 -20.87 15.14 5.18 3.64 6.5000 2.2000 -0.2500 1.6089 0.0267 -0.9000 7.85 3.30 4.85 175 366 202 197 183 
0.8529 0.2708 -0.4377 0.0876 346.56 51.75 -40.50 11.60 3.75 8.64 6.0600 0.2100 4.2900 0.6844 0.5444 1.3078 7.85 3.62 4.62 174 365 201 197 185 
0.8312 0.2703 -0.4417 0.2021 327.62 60.75 -20.81 6.50 2.16 6.58 -3.2100 1.0900 1.8200 -1.1578 -0.6989 3.6389 8.79 -1.04 4.20 172 361 200 196 183 
0.7667 0.0911 -0.5280 0.3536 309.44 59.25 32.38 3.50 -1.21 1.53 -3.8700 1.5500 -2.7000 -0.3567 0.0467 0.0167 8.33 -3.00 4.20 174 360 202 199 186 
0.7695 0.0557 -0.5344 0.3450 313.00 60.75 33.81 8.14 -0.91 3.46 -1.1200 2.0400 -0.1500 -0.6667 -0.4978 -0.8778 8.87 -2.31 3.45 181 328 240 250 199 
0.7426 0.0618 -0.6131 0.2625 322.00 75.06 63.81 6.50 -0.87 -1.14 -2.1000 0.4500 -0.8600 -3.1600 -7.1933 0.2822 8.41 -1.86 -4.68 186 261 264 282 200 
0.3688 0.0148 -0.9279 0.0527 359.75 37.00 176.37 8.70 -5.91 -8.94 3.0100 -6.4800 -0.9000 -1.2822 -3.5800 0.7278 2.96 0.55 -9.33 185 272 264 289 196 
0.1523 -0.0834 -0.9835 -0.0518 11.25 18.50 -175.75 1.71 7.51 -7.17 -6.0500 7.2400 1.2800 -1.6633 -1.7067 1.4389 2.47 0.95 -9.44 187 280 266 287 198 
0.1218 -0.1617 -0.9761 -0.0790 18.94 15.06 -172.44 2.22 3.24 -10.13 -0.2300 1.5300 0.1000 0.4511 0.5856 -0.3444 2.64 1.06 -9.38 186 279 269 285 196 
0.1277 -0.1454 -0.9784 -0.0730 16.37 16.25 -174.00 2.77 1.41 -10.06 0.1400 0.9400 -0.6600 0.6989 1.4133 -0.4344 3.55 0.63 -9.11 188 290 277 282 207 
;
