0.8364 0.1791 -0.1061 -0.5071 62.44 -0.19 -24.00 -0.10 3.99 8.78 -0.0900 0.0100 -0.1700 0.0333 0.0122 -0.0278 -0.04 4.00 8.95 178 341 281 284 206 
0.8356 0.1816 -0.1053 -0.5076 62.44 -0.50 -24.25 0.00 4.16 8.97 0.1300 0.0500 -0.0400 -0.0089 0.0033 -0.0033 -0.07 4.02 8.94 180 342 275 281 205 
0.8374 0.1791 -0.1061 -0.5054 61.81 0.50 -23.62 0.74 4.18 11.17 1.4400 0.6500 3.4900 -0.8967 -1.0911 1.0100 0.98 3.39 9.14 180 353 173 179 193 
0.8713 0.0773 -0.1420 -0.4633 53.31 13.00 -11.94 6.70 4.74 10.11 3.0500 2.2500 -0.9600 -1.2800 -0.3322 3.2711 2.76 0.13 9.40 168 363 160 161 172 
0.9507 -0.0572 -0.1251 -0.2778 27.75 15.25 3.44 -0.64 0.77 5.15 -3.1600 1.2700 -3.7900 0.4178 1.0511 1.5856 1.96 -0.64 9.58 165 365 127 161 173 
0.9860 -0.0339 -0.0853 -0.1396 15.31 9.63 1.69 0.35 0.08 11.59 -1.0600 0.0000 2.1800 -0.0911 -0.2256 0.4567 1.60 -0.31 9.67 168 367 170 168 175 
0.9909 -0.0384 -0.0757 -0.1043 11.06 8.00 5.25 0.43 -1.94 13.30 -0.7600 -0.1700 2.9100 -1.4189 0.0822 0.5522 1.16 -1.94 9.54 167 369 173 169 176 
0.9865 -0.1363 -0.0253 -0.0872 12.06 2.81 17.50 -3.86 0.27 5.08 -3.7400 3.7500 -4.0800 -0.7144 1.3178 -2.3744 0.24 -3.50 9.15 168 369 175 172 178 
0.9512 -0.1835 0.0070 -0.2480 33.56 6.56 19.75 1.93 0.86 5.97 1.3300 4.2000 -3.0700 0.8100 -0.2400 -2.4244 1.89 -2.44 9.30 170 367 176 174 177 
0.8986 -0.1249 -0.0802 -0.4130 51.56 14.88 5.94 5.70 1.82 8.26 3.5800 2.1700 -0.3700 2.0033 -0.7100 -0.8611 2.80 0.60 9.37 170 361 175 173 177 
0.8742 -0.0068 -0.1536 -0.4605 54.25 16.94 -9.13 11.36 3.27 13.50 4.9200 1.3800 4.0200 0.2200 0.6978 1.8122 2.79 1.52 9.27 170 357 178 174 177 
0.9243 0.0131 -0.1689 -0.3420 36.19 16.75 -7.44 0.51 1.35 12.70 -3.9200 0.0800 3.9700 -0.3267 -0.6000 2.6733 3.13 0.56 9.27 170 363 177 176 177 
0.9716 -0.0359 -0.1666 -0.1639 16.62 20.37 4.12 0.14 -0.21 8.02 -3.3200 0.8600 -1.4800 -1.0067 0.0511 0.6156 3.43 -1.69 9.02 170 367 177 177 178 
0.9720 -0.1276 -0.1462 -0.1322 16.69 17.69 13.50 2.99 -1.21 7.95 0.4900 0.9700 -0.9100 -0.2033 -0.0489 -0.6267 3.07 -2.20 9.04 171 366 172 180 180 
0.9647 -0.1376 -0.1332 -0.1808 22.19 16.94 12.56 -0.16 -1.45 8.75 -4.3400 0.2700 -1.8100 -0.4333 3.3389 -1.8700 1.00 -1.92 9.56 177 354 266 269 195 
;
0.9324 -0.0702 0.0156 -0.3542 48.88 0.25 3.50 2.24 2.76 7.60 1.7900 3.9400 -0.6300 7.0333 3.6767 -4.1589 -2.10 2.97 9.10 186 368 304 346 198 
0.7769 0.3073 -0.0330 -0.5486 71.75 -17.44 -39.50 -3.23 11.62 8.66 3.5000 5.2900 5.7200 0.6533 -2.7256 0.9133 -1.79 6.89 6.74 187 372 326 348 203 
0.7422 0.3636 -0.1315 -0.5474 72.69 -11.75 -44.13 -3.09 7.45 9.57 -1.3000 1.0000 3.0900 -1.1511 -0.8856 0.0789 -1.60 6.27 7.36 186 371 302 298 204 
0.7724 0.2708 -0.1202 -0.5618 70.12 -3.94 -29.19 2.90 6.62 10.00 3.1100 2.2300 0.9000 -2.4578 -2.2567 3.0122 1.36 2.92 9.26 180 364 167 175 187 
0.8916 0.0316 -0.1655 -0.4203 43.94 16.94 -8.88 1.14 1.95 4.81 -2.8900 0.4200 -3.8600 0.1389 1.3433 2.7956 2.28 0.92 9.49 173 358 168 167 179 
0.9722 0.0281 -0.1109 -0.2043 20.81 10.56 -5.69 -1.14 1.26 13.53 -3.3700 0.1500 3.3200 -1.3867 0.7811 1.4078 1.13 -0.04 9.74 162 361 173 168 178 
0.9920 -0.0268 -0.0336 -0.1188 13.44 2.56 4.31 -0.02 0.04 11.45 -0.8300 1.2300 1.6700 -1.6433 0.8378 -0.1889 -0.10 -1.85 9.62 159 360 175 173 179 
0.9796 -0.1291 0.0262 -0.1520 20.94 -0.25 16.81 -2.20 -0.46 4.95 -2.1600 2.6400 -4.5400 -0.0478 0.0556 -2.3856 0.34 -3.03 9.31 162 361 178 175 180 
0.9357 -0.1453 0.0156 -0.3211 41.69 6.12 14.38 3.12 1.66 5.32 2.7000 3.4900 -4.1900 1.4100 -0.0400 -2.1100 1.77 -1.23 9.56 163 359 178 175 179 
0.8821 -0.0649 -0.0915 -0.4575 56.44 14.31 -1.31 5.84 1.95 9.46 3.2200 1.2500 0.1000 1.4589 -0.9033 -0.6333 2.84 1.48 9.26 164 355 178 176 179 
0.8510 0.0163 -0.1895 -0.4896 59.13 17.44 -14.31 6.89 3.76 11.21 4.1900 1.1400 1.7800 0.5589 -0.2200 1.0944 3.10 2.55 8.94 162 351 178 174 179 
0.8896 0.0583 -0.1919 -0.4103 46.38 16.62 -15.31 3.73 2.19 11.78 0.9800 -0.2200 2.1900 -0.1289 -0.0867 2.3089 3.00 1.94 9.13 164 350 179 176 179 
0.9487 0.0226 -0.1810 -0.2582 26.25 20.56 -5.44 2.22 1.63 10.94 -2.2100 0.9200 1.5200 -1.2900 0.0022 2.1556 3.67 -0.59 9.07 164 355 179 177 179 
0.9688 -0.1038 -0.1912 -0.1191 13.13 23.19 12.50 1.52 -0.84 6.66 -2.1900 1.4300 -2.2200 -0.8067 0.1300 0.0733 3.73 -2.59 8.68 164 359 182 179 180 
;
0.9645 -0.1595 -0.1780 -0.1122 13.94 21.75 16.31 2.04 -0.92 8.77 -1.7600 1.4300 -0.0700 -0.1722 1.6022 -1.1156 2.94 -2.37 9.04 173 341 230 234 194 
0.9613 -0.1299 -0.0759 -0.2308 33.13 9.00 10.31 -1.49 0.03 3.33 -1.7200 1.5700 -4.7200 3.1711 2.8967 -4.7100 -0.06 0.52 9.79 184 359 312 345 198 
0.8364 0.1857 -0.0007 -0.5157 67.31 -13.13 -24.62 2.00 9.52 13.07 3.3000 3.2800 4.6800 2.5200 0.5911 -0.0911 -2.66 5.53 7.64 186 372 312 355 202 
0.7628 0.3250 -0.0945 -0.5511 71.06 -12.75 -36.31 -2.98 4.85 7.22 -0.9100 -0.6800 0.1600 0.0011 -0.9144 0.0044 -1.71 5.50 7.93 185 371 234 307 204 
0.7809 0.2452 -0.1082 -0.5641 71.25 -3.81 -27.69 4.02 7.91 11.41 3.2600 2.8000 0.3400 -2.0800 -1.9733 2.2178 1.54 2.71 9.29 181 336 178 190 197 
0.8762 0.0206 -0.1779 -0.4474 50.19 18.56 -10.25 1.60 0.85 4.89 -2.6600 -0.0900 -3.1600 0.2411 1.4378 2.6056 2.78 1.19 9.32 175 347 163 176 188 
0.9513 0.0237 -0.1575 -0.2640 27.12 16.94 -7.37 2.02 0.88 13.22 -1.1400 -0.3500 3.5300 -0.8056 0.0678 1.7778 2.85 0.23 9.37 170 353 173 180 187 
0.9802 -0.0366 -0.1328 -0.1422 15.56 14.31 4.44 0.32 -0.15 10.55 -2.0700 1.1200 0.8400 -1.6978 0.9233 0.0556 1.84 -1.96 9.42 167 354 175 182 186 
0.9760 -0.1388 -0.0706 -0.1525 20.94 9.50 17.19 -1.88 -0.14 6.74 -2.8300 2.5900 -2.7000 -0.8200 -0.6167 -1.6778 2.21 -3.24 8.98 167 354 178 182 184 
0.9328 -0.2027 -0.0906 -0.2839 37.38 18.06 19.31 2.01 -0.16 4.41 -1.2100 2.6000 -4.5800 0.6044 -0.3478 -2.3122 3.54 -2.25 8.86 168 352 176 181 183 
0.8748 -0.1514 -0.1446 -0.4369 55.63 22.62 4.69 7.64 2.27 7.63 3.8700 2.1900 -0.9900 1.7167 -0.0622 -1.0733 3.82 0.76 8.99 168 352 176 182 183 
0.8453 -0.0306 -0.2028 -0.4933 59.81 21.56 -11.00 8.95 3.34 11.43 4.1400 0.8500 2.4000 0.6922 0.7856 1.0411 3.23 2.09 9.01 169 348 177 181 182 
0.8873 0.0328 -0.1858 -0.4208 47.56 17.12 -12.88 3.95 2.15 11.30 -0.1000 -0.0800 1.9800 0.1400 0.4744 2.0567 2.77 1.86 9.21 169 349 179 182 182 
;
0.9454 0.0330 -0.1710 -0.2753 29.31 18.81 -7.19 1.59 1.71 11.99 -1.9400 0.7700 2.3600 -1.4944 -0.5078 1.7200 3.51 -0.24 9.15 169 361 181 185 182 
0.9658 -0.0863 -0.1699 -0.1755 19.94 20.44 8.63 0.97 -1.02 6.32 -2.3900 0.4900 -2.7300 -0.1433 -0.1633 -0.0111 3.44 -1.67 9.02 171 358 186 188 186 
0.9674 -0.1072 -0.1442 -0.1784 21.87 16.81 8.56 -1.25 -0.82 9.71 -4.0100 0.3600 -1.0100 0.2756 2.1844 -2.1633 1.51 -0.95 9.64 178 352 277 295 197 
0.9429 -0.0353 -0.0421 -0.3285 44.50 4.37 -1.31 2.36 1.76 4.95 2.4700 1.7800 -2.1000 4.6244 2.7056 -4.0456 -1.23 2.96 9.26 185 360 323 352 199 
0.8003 0.2582 -0.0415 -0.5395 69.87 -15.00 -32.81 -0.96 9.28 11.05 -0.2300 11.6800 7.1900 4.8189 -1.4733 -0.0133 -2.31 6.80 6.66 188 375 324 354 203 
0.7614 0.3665 -0.0609 -0.5313 69.62 -16.75 -39.88 -1.88 6.67 8.62 0.9600 1.2400 1.9600 -1.0944 -1.1156 0.2389 -2.00 5.65 7.75 186 372 249 267 205 
0.8035 0.2531 -0.0825 -0.5325 64.56 -3.25 -26.37 3.07 5.88 10.15 2.7800 1.3500 0.4600 -1.6556 -1.9878 3.9156 1.73 2.84 9.22 178 349 171 171 187 
0.9194 0.0607 -0.1319 -0.3656 38.69 10.38 -10.13 -1.31 0.64 6.17 -3.0000 -0.7100 -2.0300 0.3656 0.6889 1.8311 1.59 1.63 9.53 173 351 175 177 185 
0.9684 0.0515 -0.1005 -0.2225 23.94 10.31 -6.31 1.36 0.73 13.49 -1.1000 -0.0700 2.8200 -2.0411 0.5567 1.0033 1.51 -0.39 9.68 167 352 170 181 185 
0.9819 -0.0715 -0.0505 -0.1678 20.44 5.87 9.38 -2.54 0.21 7.86 -3.4200 2.5000 -2.1700 -1.4689 0.5656 -1.5533 0.81 -2.52 9.44 167 353 180 184 185 
0.9453 -0.1619 -0.0095 -0.2833 37.25 8.44 18.56 1.29 0.62 4.12 -0.4400 3.5400 -5.0900 0.8144 0.6356 -2.9811 1.73 -2.60 9.29 167 352 180 184 184 
0.8737 -0.1309 -0.0480 -0.4660 59.25 12.19 7.44 5.65 2.60 7.89 3.5200 3.1400 -1.1000 2.1444 -0.4289 -1.0478 2.22 0.51 9.53 168 346 179 179 184 
0.8432 0.0016 -0.1359 -0.5201 62.19 13.69 -11.25 7.69 2.97 12.38 5.2100 0.7600 2.8100 0.9178 0.3322 1.3567 2.49 2.34 9.18 167 337 179 179 184 
0.8842 0.0506 -0.1768 -0.4295 48.63 15.00 -14.31 2.02 1.86 12.24 -0.1000 -0.4600 2.8600 -0.1644 0.1889 1.9378 2.62 1.94 9.24 169 340 179 180 183 
0.9431 0.0352 -0.1624 -0.2880 30.62 17.62 -7.56 0.94 1.43 11.61 -2.2600 0.3300 2.0100 -1.2978 -0.5189 1.8222 3.43 -0.07 9.18 169 356 182 181 184 
0.9662 -0.0756 -0.1665 -0.1814 20.56 20.31 7.31 1.46 -0.30 7.49 -2.0900 0.7000 -1.8800 -0.5711 -0.0467 0.0556 3.39 -1.65 9.05 169 357 183 182 184 
0.9634 -0.1221 -0.1523 -0.1837 22.19 19.81 11.00 3.13 -1.18 8.44 -0.3700 0.4100 -0.4800 0.2178 0.4878 -0.7211 3.18 -1.48 9.15 180 324 193 213 192 
0.9572 -0.0975 -0.1057 -0.2510 33.56 11.38 7.12 -3.66 -1.54 4.71 -4.7600 0.0500 -6.3100 1.4811 1.9611 -4.0289 0.88 -0.05 9.76 183 337 288 332 199 
;
0.8558 0.0999 -0.0251 -0.5070 66.94 -10.31 -20.31 -1.01 8.33 10.98 1.4400 2.4900 1.4000 3.1300 0.3789 -0.6178 -2.76 5.77 7.42 189 380 289 374 204 
0.6971 0.4245 -0.1392 -0.5609 76.81 -16.12 -47.94 -3.01 5.27 5.88 -0.4000 -1.5000 -1.6600 -0.2656 0.1856 0.1856 -2.85 6.72 6.54 189 374 329 377 206 
0.7277 0.3921 -0.1034 -0.5531 74.62 -15.69 -45.00 -2.60 7.53 8.79 -0.1800 1.0500 2.1400 -1.1422 -0.9767 0.2222 -2.07 6.26 7.25 188 369 313 329 207 
0.7593 0.2999 -0.1121 -0.5665 72.06 -8.50 -32.25 0.78 6.19 8.72 1.8600 1.5300 0.6100 -2.1911 -1.5989 1.8633 -0.11 3.68 9.08 181 336 170 184 195 
0.8610 0.1066 -0.1216 -0.4823 53.44 8.50 -16.06 2.67 2.43 8.64 1.2600 0.2900 -0.9300 -0.5622 -0.0333 3.2356 2.19 1.81 9.38 171 345 170 167 182 
0.9531 0.0391 -0.1353 -0.2680 26.87 13.56 -6.87 0.04 0.95 11.61 -2.3600 0.2500 2.1100 -0.8889 1.0378 1.8989 1.73 0.26 9.64 163 355 174 172 182 
0.9891 -0.0406 -0.0623 -0.1266 13.88 6.31 6.69 -1.66 0.32 9.20 -2.5300 1.9800 -0.7200 -1.7900 0.9344 -0.4078 0.51 -2.39 9.49 161 354 174 176 184 
0.9743 -0.1553 0.0049 -0.1629 21.44 3.19 18.81 0.86 -0.29 7.49 -0.0900 3.0300 -1.8100 -0.6589 0.2678 -1.4544 0.93 -3.54 9.09 163 356 178 178 183 
0.9399 -0.1983 -0.0100 -0.2775 36.13 9.25 21.44 0.95 -1.96 5.22 -0.2200 1.3100 -4.3700 0.6811 -0.3356 -2.3467 2.36 -2.85 9.07 164 354 176 179 184 
0.8866 -0.1516 -0.0734 -0.4308 55.19 15.50 8.13 4.33 1.24 6.97 1.6900 2.0100 -2.1600 2.1411 -0.1267 -1.5956 2.61 0.43 9.44 164 349 177 178 184 
0.8377 -0.0129 -0.1526 -0.5242 64.25 15.75 -10.88 8.19 3.86 11.64 5.8000 1.5300 2.1800 0.8944 0.1611 0.6678 2.72 2.36 9.11 166 345 177 178 183 
0.8616 0.0412 -0.1804 -0.4725 54.69 15.25 -14.13 2.66 2.11 11.19 -0.1700 -0.3300 1.8600 0.0556 0.3067 2.0944 2.45 2.03 9.27 165 343 177 180 182 
0.9296 0.0414 -0.1606 -0.3291 35.19 17.12 -9.25 2.02 2.20 12.16 -1.8600 0.9600 2.3200 -0.9900 -0.4678 2.2367 3.46 0.39 9.16 165 348 178 180 182 
0.9619 -0.0517 -0.1823 -0.1972 21.94 21.94 3.75 1.11 -0.25 7.13 -2.1600 0.4500 -1.9900 -0.1311 -0.0778 0.0500 3.70 -0.87 9.03 165 345 173 181 182 
0.9631 -0.0826 -0.1752 -0.1868 22.81 21.31 5.06 1.46 -0.22 9.36 -2.0800 0.0300 0.5700 -0.5511 2.7178 -1.5267 2.18 -0.70 9.53 172 305 245 247 194 
0.9482 -0.0494 -0.0598 -0.3079 41.50 5.50 -0.06 0.41 0.46 4.82 0.1000 0.3100 -4.6500 4.7378 2.1544 -3.6189 -0.77 2.84 9.35 185 356 323 351 198 
;
0.8218 0.2502 -0.0535 -0.5092 65.94 -11.13 -33.81 0.81 7.88 6.96 2.8400 3.1500 0.2200 6.1133 0.2633 -1.1733 -1.96 6.95 6.62 186 373 331 370 207 
0.7606 0.3846 -0.1014 -0.5130 67.12 -14.38 -45.19 -4.75 5.69 5.62 -2.3100 -0.8300 -0.5800 -0.0100 -0.9000 0.1367 -1.95 6.80 6.78 187 365 322 371 209 
0.7744 0.3381 -0.1378 -0.5168 67.62 -5.00 -39.50 2.98 9.17 10.90 3.9300 2.8100 2.8500 -3.0456 -1.5667 1.9856 0.67 4.45 8.71 172 319 207 209 200 
0.8680 0.0946 -0.1521 -0.4631 51.31 13.25 -13.38 2.71 1.78 5.67 -0.3900 -0.1100 -4.2600 -0.7056 0.2400 2.6678 2.92 0.86 9.31 154 308 162 170 181 
0.9503 0.0008 -0.1261 -0.2846 30.19 12.81 -5.75 1.63 2.10 6.86 -1.2600 1.1100 -0.2900 1.5211 0.4922 1.3178 2.01 1.79 9.42 151 325 173 173 180 
0.9722 0.0871 -0.1330 -0.1716 18.37 13.88 -12.06 2.75 2.18 15.29 -0.3100 0.2800 4.4700 -1.6644 0.5711 1.0556 2.14 0.77 9.53 149 328 176 176 181 
0.9900 -0.0207 -0.0915 -0.1057 11.56 9.25 4.62 -2.03 -0.70 8.02 -3.5400 0.4600 -1.9300 -1.5444 0.7767 -0.6567 1.06 -1.93 9.55 153 328 177 179 182 
0.9800 -0.1229 -0.0365 -0.1524 20.31 7.19 13.75 -0.13 -0.57 4.49 -1.1300 1.8500 -5.1200 0.4522 -1.1633 -1.7978 2.20 -1.93 9.35 155 329 178 179 181 
0.9485 -0.1064 -0.1226 -0.2721 34.31 18.69 5.12 5.02 2.47 5.26 1.4900 2.9400 -3.1000 1.4100 -0.7111 -1.3789 3.61 0.52 9.09 157 328 180 180 181 
0.9091 -0.0092 -0.2193 -0.3542 44.06 25.00 -11.56 9.05 3.47 8.63 5.3300 2.2700 0.8900 1.1478 -0.1267 -0.5144 4.35 2.79 8.33 158 328 180 181 182 
0.8855 0.0576 -0.2855 -0.3621 43.06 27.31 -20.75 7.19 3.34 10.06 2.3300 0.3000 2.1700 0.2800 0.8378 0.9600 4.13 3.02 8.36 162 323 181 181 183 
0.9229 0.0780 -0.2402 -0.2908 32.31 23.75 -16.31 4.44 2.92 11.91 0.0100 0.5000 2.9100 -1.1522 0.2089 1.7456 4.19 1.37 8.75 167 327 183 185 185 
0.9568 -0.0192 -0.2225 -0.1858 20.31 25.19 0.62 -0.20 -0.89 7.11 -4.2600 -0.4000 -2.3300 -0.8600 0.0278 0.3967 4.04 -1.04 8.87 169 329 186 189 187 
0.9649 -0.0939 -0.1848 -0.1614 19.31 22.00 7.62 3.28 -0.86 8.16 -0.3000 0.3300 -0.6700 -0.0144 0.5856 -0.4144 3.38 -1.16 9.12 174 334 207 232 194 
0.9666 -0.0824 -0.1269 -0.2069 27.56 13.19 5.69 -3.39 -1.35 5.00 -5.4800 -0.8000 -6.4300 1.7822 0.7756 -3.5689 1.40 0.72 9.67 179 339 278 333 199 
;
0.8930 0.0998 -0.0805 -0.4315 56.94 -2.56 -23.31 1.04 9.77 9.81 4.9200 7.1700 3.7900 3.3956 0.0956 -0.9544 -1.16 6.28 7.43 187 371 297 371 207 
0.7788 0.3874 -0.1110 -0.4807 62.69 -12.38 -45.56 -2.71 5.87 8.39 -1.3200 -1.3300 0.0800 -0.1356 -0.6900 0.3289 -1.53 6.73 6.95 187 372 312 373 211 
0.7940 0.3370 -0.1396 -0.4863 63.63 -3.62 -40.31 3.65 9.28 10.91 4.2500 3.3900 4.0400 -2.3378 -1.8056 0.5267 0.72 5.06 8.36 182 363 245 246 207 
0.8469 0.1275 -0.1747 -0.4858 56.44 12.13 -18.19 4.69 3.41 6.75 1.5000 0.5400 -2.7800 -1.6144 -0.2144 3.2622 2.65 1.27 9.35 175 355 163 170 191 
0.9423 -0.0067 -0.1443 -0.3020 31.44 15.31 -4.56 -0.35 0.73 7.33 -3.3600 -0.2200 -0.9500 1.1911 0.1967 1.5267 2.45 1.17 9.42 162 353 171 169 186 
0.9760 0.0452 -0.1298 -0.1693 17.81 12.69 -6.37 1.17 0.95 13.69 -0.5400 0.1300 3.6900 -1.2689 -0.0889 1.0422 2.13 0.04 9.57 163 359 176 174 185 
0.9893 -0.0432 -0.0874 -0.1091 12.25 8.94 6.06 -0.26 0.07 10.56 -2.5400 1.2100 0.1300 -1.5722 1.0256 -0.2233 0.86 -2.12 9.53 163 361 180 179 184 
0.9797 -0.1447 -0.0205 -0.1371 18.37 5.44 17.44 -1.69 -0.42 6.96 -1.8100 2.0900 -3.4700 -0.8067 -1.4400 -1.4989 2.11 -3.29 8.99 163 360 181 181 186 
0.9444 -0.1869 -0.0749 -0.2600 34.06 14.94 16.94 2.23 0.01 3.28 0.9400 2.9800 -4.5800 1.5244 -0.7244 -1.9278 3.34 -1.34 9.12 164 359 180 181 186 
0.9026 -0.0867 -0.1551 -0.3922 48.88 21.19 -1.19 6.59 2.73 8.70 2.6800 2.1000 -0.3700 1.6044 -0.1967 -1.0467 3.72 1.53 8.94 164 357 182 181 186 
0.8703 0.0129 -0.2284 -0.4362 52.75 23.00 -15.81 8.53 3.01 9.74 5.0900 0.4100 0.8900 1.0111 0.4056 0.7111 3.86 2.95 8.51 165 356 183 180 186 
0.8923 0.0680 -0.2458 -0.3726 42.44 23.44 -18.94 5.61 3.40 11.79 0.9400 0.5200 3.3200 0.0422 0.3156 1.9989 4.13 2.41 8.55 166 354 183 180 184 
0.9372 0.0429 -0.2476 -0.2419 25.75 26.19 -10.25 3.17 1.71 10.23 -1.0600 0.6700 1.1500 -1.2200 0.3011 2.0289 4.29 0.05 8.81 166 351 184 181 186 
0.9659 -0.0594 -0.2215 -0.1202 12.69 26.06 6.62 0.88 -0.62 6.94 -2.9900 0.6000 -1.9700 -0.6156 0.3833 0.1378 4.04 -1.64 8.78 172 351 193 203 193 
0.9702 -0.1111 -0.1808 -0.1168 17.44 18.19 10.69 -2.27 -1.27 6.65 -6.2400 0.0000 -3.5600 0.2311 1.7322 -3.4700 2.07 -1.16 9.51 177 352 258 314 201 
0.9195 -0.0243 -0.0689 -0.3863 54.63 4.12 -6.06 1.77 4.95 10.35 2.7600 4.7900 1.3500 3.4078 1.0133 -3.7900 -0.91 3.46 9.12 181 357 318 356 201 
;
0.7530 0.2309 -0.0688 -0.6124 79.69 -10.75 -29.06 2.00 9.79 11.51 3.6100 3.8700 3.2000 1.4356 1.2989 -0.3789 -2.57 5.78 7.48 184 365 331 364 203 
0.7163 0.3470 -0.1102 -0.5953 79.94 -13.44 -40.50 -3.04 5.58 8.02 -0.6500 -0.7100 0.0400 -0.0822 -0.5878 0.0811 -2.15 6.02 7.42 184 364 327 358 205 
0.7234 0.3232 -0.1271 -0.5967 78.56 -10.81 -37.81 0.89 10.23 12.85 2.5500 4.1200 4.7200 -2.4011 -2.1811 1.5822 -0.28 4.80 8.54 181 359 225 223 205 
0.8051 0.1202 -0.1578 -0.5590 65.75 10.81 -17.56 3.07 3.89 5.80 0.0300 0.7200 -3.9000 -1.2611 0.1611 2.5900 2.64 1.48 9.32 172 321 170 176 189 
0.9075 0.0046 -0.1240 -0.4012 43.31 11.00 -7.00 1.24 2.56 7.52 -0.2900 1.4300 0.0300 1.6056 -0.2844 3.4711 2.06 1.81 9.41 172 337 175 177 184 
0.9686 0.0679 -0.1538 -0.1835 15.88 17.81 -10.25 0.95 2.40 14.60 -2.2000 0.9000 5.0800 -1.0156 0.9933 1.7500 2.96 0.70 9.32 172 342 181 182 185 
0.9900 -0.0071 -0.1340 -0.0442 4.81 14.00 2.75 -0.23 0.13 8.71 -2.6500 0.9900 -1.1600 -2.0633 1.5078 -0.3200 1.38 -1.91 9.51 170 342 182 182 184 
0.9860 -0.1286 -0.0588 -0.0880 12.63 8.31 15.31 -0.32 -0.40 5.78 -2.1600 2.6200 -3.8700 0.3022 0.0567 -2.3078 1.72 -2.39 9.35 171 346 182 184 181 
0.9595 -0.1293 -0.0942 -0.2318 30.37 16.50 10.13 4.63 1.76 4.53 2.0700 2.7000 -4.1300 0.8456 0.1578 -2.0989 3.29 -0.47 9.22 171 346 182 185 183 
0.9125 -0.0527 -0.1896 -0.3587 44.19 23.62 -5.25 7.73 2.85 8.31 4.5200 1.7300 -0.0500 1.1133 -0.5700 -0.5622 4.23 1.85 8.64 170 346 184 186 184 
0.8886 0.0240 -0.2558 -0.3799 45.81 26.37 -16.50 7.73 2.76 10.37 3.8200 -0.0500 2.1400 0.4844 0.2956 0.3378 4.40 2.68 8.34 172 343 187 186 185 
0.9005 0.0424 -0.2672 -0.3406 38.81 27.12 -15.56 5.85 2.85 12.00 1.0800 0.7800 3.4900 -0.5233 0.2500 2.1422 4.53 1.40 8.58 169 346 187 187 186 
0.9469 -0.0189 -0.2361 -0.2174 23.87 26.44 -1.81 0.00 -0.06 7.07 -4.1000 -0.1800 -1.9300 -0.3644 0.1500 0.4233 4.23 -0.23 8.83 170 341 186 190 187 
0.9598 -0.0475 -0.1983 -0.1926 24.37 21.50 0.37 2.18 1.36 9.38 -1.1400 1.2900 -0.3000 0.0022 1.1400 -1.5844 2.80 0.25 9.39 179 329 255 266 198 
;
