0.9758 0.1555 -0.1225 -0.0926 11.13 12.13 -19.44 2.13 3.24 9.04 0.0900 0.0700 0.0000 -0.0522 -0.0667 -0.1811 2.06 3.19 9.03 184 322 328 346 216 
0.9744 0.1530 -0.1251 -0.1072 12.88 12.13 -19.37 2.11 3.23 9.02 0.0300 0.0100 -0.0100 -0.0567 -0.0622 -0.1978 2.06 3.17 9.04 185 323 327 346 218 
0.9727 0.1501 -0.1273 -0.1232 14.75 12.13 -19.25 2.28 3.20 9.13 0.1600 0.0000 0.1800 0.0856 0.1089 -0.2044 1.95 3.24 9.04 183 322 325 342 217 
0.9696 0.1689 -0.1218 -0.1285 13.06 13.69 -22.56 7.53 7.41 17.62 6.0800 6.0800 11.6800 -1.9211 -4.0022 3.5344 5.27 2.01 8.01 164 340 209 204 206 
0.9413 0.0495 -0.3284 0.0593 346.50 38.13 3.19 -2.25 0.84 1.08 -8.6000 0.7900 -8.7800 1.2767 -0.0178 2.3633 5.78 -1.44 7.78 3 356 189 183 196 
0.9175 0.0557 -0.2996 0.2556 326.87 36.00 0.44 11.62 2.48 9.48 6.9500 2.4600 5.5800 2.3211 1.1911 1.3367 5.51 1.03 8.04 178 370 196 194 197 
0.8714 0.1248 -0.2553 0.3999 307.62 31.12 5.12 1.46 -0.40 10.86 -4.1900 0.2800 0.1500 -2.9500 3.0778 0.9133 3.12 -3.08 8.76 175 371 200 197 198 
0.8792 -0.1446 -0.1882 0.4131 313.19 10.31 27.56 -3.02 -1.39 2.16 -3.2800 3.7200 -6.7900 0.5589 -0.6100 -2.6344 2.64 -4.05 8.52 176 375 192 196 199 
0.9523 -0.1331 -0.1734 0.2131 338.94 15.63 15.38 6.14 4.28 3.47 4.2300 6.2100 -4.6900 2.9311 -1.4456 -1.8678 3.73 -0.05 9.06 176 371 198 197 198 
0.9592 0.1003 -0.2399 0.1111 346.94 30.25 -12.56 12.10 1.88 12.55 6.9100 -1.1500 4.7100 1.7956 -0.9678 0.7267 5.82 3.01 7.28 164 361 199 198 200 
0.9122 0.2289 -0.2875 0.1814 333.94 38.38 -21.37 7.27 4.75 14.89 0.3500 2.0600 6.5600 -1.3344 -0.5633 2.8544 6.71 0.82 7.09 175 350 204 200 201 
0.8669 0.0947 -0.3743 0.3152 319.37 45.56 9.94 3.12 -0.85 2.99 -4.1000 0.6800 -3.9400 -0.4889 0.1367 0.1256 6.96 -1.88 6.64 171 340 204 199 201 
0.8583 0.0435 -0.4106 0.3047 321.69 47.63 13.56 10.01 -1.73 9.28 3.5800 -0.4500 3.5100 -0.3378 0.0744 -0.6111 7.24 -1.17 6.50 175 318 259 262 208 
0.8864 0.0468 -0.3749 0.2678 327.19 43.25 10.38 9.33 -4.84 5.29 2.3100 -3.2700 -1.1900 0.3378 -0.4856 1.1400 6.90 -1.76 6.73 180 292 285 290 212 
0.8541 0.0492 -0.4101 0.3160 316.50 48.00 15.06 4.35 2.24 4.16 -4.1400 3.8500 -1.9300 0.9800 -0.8944 0.6300 7.46 -1.71 6.12 179 291 283 292 214 
0.8107 0.1017 -0.4374 0.3757 310.75 51.19 14.63 5.50 4.53 6.85 -1.7000 5.9700 0.8600 -0.9822 -0.0189 -0.6011 7.66 -1.62 5.89 176 303 276 286 211 
0.8329 0.0379 -0.4587 0.3072 321.81 52.69 27.19 6.34 -5.74 2.12 -1.6700 -2.5800 -2.7200 -3.5767 -0.3844 0.1744 7.92 -4.18 3.98 173 250 228 250 201 
0.7997 -0.1567 -0.5468 0.1920 334.06 54.94 53.44 7.07 -6.07 1.72 -0.9800 -1.1300 -1.1700 0.2056 0.0133 -0.3611 8.12 -4.25 3.45 177 271 234 248 205 
0.8242 -0.1517 -0.5188 0.1688 338.06 50.75 41.31 5.46 -1.64 2.04 -4.2100 1.7000 -4.2700 -0.7833 6.2911 -0.1967 4.67 -4.28 7.47 180 283 259 272 210 
0.9464 -0.2347 -0.2183 0.0390 0.88 20.50 26.87 3.60 -2.41 4.16 -1.7400 1.9300 -2.0300 3.8878 2.6978 -2.3811 2.15 -1.44 9.45 181 303 288 306 212 
0.9857 -0.0068 -0.0669 -0.1549 20.12 3.37 -6.75 1.32 6.54 16.60 -1.8800 3.1700 5.6900 3.0389 0.3967 -1.0133 -0.12 3.42 9.18 189 337 331 353 212 
;
0.9430 0.2545 0.0170 -0.2140 25.31 -10.38 -31.00 1.55 8.65 16.80 2.4900 0.8100 5.1100 -1.7356 -0.7467 0.3389 -0.61 4.73 8.56 186 333 338 354 217 
0.9452 0.2383 -0.0447 -0.2186 25.94 -0.75 -27.37 0.10 4.39 9.29 0.2000 -0.0500 0.4300 -0.1800 -0.2333 0.0111 -0.01 4.33 8.79 185 325 336 351 218 
0.9491 0.2193 -0.0510 -0.2204 26.12 0.00 -25.94 0.29 4.17 8.94 0.3400 -0.1000 0.1500 -0.0111 0.0011 -0.0311 0.02 4.27 8.82 185 327 340 352 217 
0.9484 0.2271 -0.0480 -0.2162 25.44 -0.31 -28.06 -0.71 3.93 11.85 -0.3700 -0.5700 2.5800 0.2144 -0.7078 0.3467 0.52 4.83 8.51 184 323 335 359 221 
0.9466 0.2551 -0.0654 -0.1860 21.25 0.13 -32.00 0.79 6.97 9.59 1.0800 1.6000 1.8300 0.1733 -0.4833 0.8044 0.53 5.40 8.16 181 335 265 269 218 
0.9492 0.2651 -0.1354 -0.1021 5.87 21.87 -31.50 12.86 8.40 9.75 6.2200 3.5000 1.7000 1.0044 -2.2267 6.4433 7.05 2.37 6.37 175 350 194 198 205 
0.8628 0.1514 -0.4001 0.2694 318.81 49.44 4.94 0.84 0.14 7.27 -6.0500 1.4300 0.1100 -1.4633 2.3456 1.9289 6.13 -2.49 7.22 178 371 188 194 203 
0.8587 -0.0435 -0.3418 0.3793 315.12 30.81 24.81 -0.74 -0.47 3.21 -5.1300 3.6200 -5.1700 -0.7344 1.2033 -2.0789 4.69 -3.46 7.88 178 370 192 197 205 
0.9173 -0.0757 -0.3177 0.2276 336.31 35.75 15.31 7.15 3.84 1.35 1.2600 4.5700 -5.2500 1.9533 -0.8811 -2.7678 6.36 0.19 7.46 177 367 194 198 204 
0.9227 0.1190 -0.3591 0.0735 352.62 43.31 -19.94 15.27 4.33 7.70 9.4500 1.3200 2.5500 2.5333 -0.8533 -0.1444 7.12 3.84 5.52 178 361 199 201 204 
0.8599 0.2909 -0.4042 0.1116 340.94 51.88 -38.56 12.38 5.79 11.66 1.4800 2.1900 6.4000 -0.2944 0.2956 2.9278 8.23 2.17 4.86 178 359 199 203 205 
0.8239 0.1953 -0.4575 0.2717 320.87 58.50 0.69 3.00 0.19 2.52 -5.2900 0.4800 -3.5900 -0.7300 0.6889 0.9111 8.02 -1.23 5.50 176 355 199 204 206 
0.8291 0.0953 -0.4501 0.3176 318.69 54.00 11.06 7.19 -0.06 5.58 -0.2100 0.7800 0.9100 -0.1278 -0.4078 -0.9867 8.09 -0.56 5.51 179 324 225 228 208 
0.8521 0.1115 -0.4382 0.2635 327.69 50.69 4.44 11.30 -4.34 9.84 3.3200 -3.7200 2.2200 -0.6022 -0.8156 0.7167 7.42 -1.10 6.30 185 322 298 296 215 
0.8531 0.0538 -0.4457 0.2659 322.37 52.44 13.56 5.58 -0.64 1.94 -2.7700 2.2100 -3.3700 2.0711 -1.6578 0.8656 8.27 -1.03 5.15 185 329 307 310 214 
0.7927 0.1490 -0.4671 0.3623 310.06 57.81 11.31 5.80 6.34 5.38 -1.7400 7.3900 0.6500 -1.0578 -0.0289 -0.1389 8.31 -1.33 5.03 185 316 299 303 214 
0.8041 0.0946 -0.4818 0.3351 317.19 56.50 21.44 7.87 -1.17 3.80 -0.0600 -0.0300 -1.1900 -3.8267 -0.0978 0.2189 8.22 -3.48 4.04 179 259 239 251 201 
0.7825 -0.1299 -0.5749 0.2007 333.44 58.00 58.31 8.10 -8.92 -1.67 -0.2600 -4.1100 -4.0800 0.0089 -0.1011 -0.0767 8.34 -4.46 2.57 181 277 241 264 200 
0.7811 -0.1484 -0.5797 0.1786 333.31 58.25 55.88 7.63 -2.68 3.50 -1.0800 1.7800 0.3000 0.5411 1.3233 0.3867 7.97 -4.33 3.71 184 293 257 272 208 
0.8514 -0.1636 -0.4583 0.1960 336.94 38.38 37.38 2.65 -2.19 -0.22 -3.6400 2.4200 -7.7400 -0.8567 6.9933 -0.1367 2.11 -5.06 8.12 181 294 297 294 211 
0.9742 -0.2065 -0.0720 0.0559 357.62 3.44 17.50 -3.07 -0.45 8.14 -4.1800 2.0400 0.1800 3.7778 1.1833 -1.8178 -0.31 -0.05 9.80 188 317 327 337 211 
0.9890 0.0953 0.0143 -0.1118 15.81 -2.00 -17.62 -0.19 6.73 15.68 0.3300 2.9200 5.3000 1.6489 -0.1167 -0.5478 0.00 4.42 8.74 186 342 339 363 216 
;
