0.9081 0.3777 0.0237 0.1790 337.69 5.25 -44.19 0.93 6.79 6.91 0.0200 -0.0300 -0.0300 0.0000 -0.0389 -0.0267 0.90 6.81 6.99 185 363 293 297 217 
0.9086 0.3781 0.0224 0.1764 338.00 5.25 -44.25 0.94 6.81 6.91 0.0400 0.0000 -0.0500 0.0000 -0.0078 -0.0222 0.89 6.81 6.99 186 362 294 296 217 
0.9086 0.3776 0.0225 0.1769 337.81 5.69 -43.75 0.95 6.82 7.24 -0.0200 0.0300 0.0900 -0.3689 -0.4833 0.2622 1.36 6.52 7.19 186 362 251 247 216 
0.9185 0.3464 -0.0426 0.1860 336.69 16.56 -37.13 6.69 8.36 10.00 3.5300 3.0100 2.4400 -1.7356 -3.2500 2.5822 5.42 4.04 7.09 169 365 176 185 192 
0.8828 0.2404 -0.3062 0.2631 322.37 45.56 -14.94 3.44 0.74 3.21 -4.1900 -0.6400 -3.8400 0.0600 1.0278 1.0044 6.90 0.80 6.91 167 372 183 183 192 
0.8481 0.1949 -0.3234 0.3716 310.69 42.94 -7.31 7.48 0.63 13.80 0.7500 -0.2200 6.3300 -0.6389 0.5689 1.6311 6.33 0.04 7.48 170 374 188 190 194 
0.8307 0.1172 -0.2962 0.4565 301.94 35.06 7.44 0.82 -1.00 8.23 -4.7700 0.8700 -1.3700 -2.0156 0.7078 0.1389 4.93 -2.45 8.10 172 372 190 194 194 
0.8607 -0.0242 -0.2960 0.4134 312.19 29.19 19.75 -0.57 0.15 1.63 -5.2900 3.1900 -6.4000 0.0289 -2.9111 -1.7700 6.17 -2.25 7.27 171 366 192 195 194 
0.8748 0.0477 -0.3950 0.2766 328.56 47.69 5.00 10.42 4.49 1.67 3.2600 4.4000 -4.5700 1.8789 -0.7444 -2.1900 7.57 1.51 6.04 168 358 193 194 194 
0.8686 0.2355 -0.3983 0.1773 336.87 51.50 -30.50 15.76 4.48 8.24 7.9300 1.1500 3.5400 1.7300 0.1578 0.2922 7.81 3.59 4.70 173 352 194 197 197 
0.8130 0.3251 -0.4176 0.2426 324.06 57.94 -34.00 11.39 4.93 10.82 3.0300 2.9500 5.8500 -1.0044 -0.4867 3.6478 8.94 0.15 4.02 179 356 203 205 198 
0.6880 0.1777 -0.5765 0.4035 294.56 67.62 58.06 3.58 -0.01 1.74 -5.4200 4.1000 0.2200 -1.6011 -1.2300 3.2344 7.75 -6.00 0.07 180 363 197 200 193 
0.4713 -0.0161 -0.7455 0.4709 263.12 37.63 100.87 9.01 -9.72 -8.12 3.0600 -1.0200 -6.8200 2.8033 -1.1011 2.9467 3.86 -8.99 -0.61 177 362 196 196 193 
0.2974 -0.0883 -0.6872 0.6569 225.12 14.63 84.62 -1.34 -4.18 1.50 -2.8300 5.0800 0.5800 0.6356 -0.1344 0.3078 2.17 -9.43 1.57 175 343 196 199 192 
0.2743 -0.0901 -0.6390 0.7130 221.37 12.75 80.31 2.46 -8.83 1.25 -0.0200 0.2100 -0.6800 -0.1422 -0.5622 0.2611 2.02 -9.49 1.40 163 267 185 188 189 
0.2196 -0.0683 -0.6442 0.7295 211.87 10.06 78.56 0.15 -11.69 -11.27 -1.1600 1.3600 -8.8800 5.6544 1.4200 -1.1767 2.04 -7.63 5.80 157 214 186 188 193 
0.2479 0.0293 -0.3668 0.8962 212.44 12.94 37.94 -0.36 -0.99 15.63 -2.9400 1.5300 2.4500 -2.8078 -1.1567 1.3178 1.79 -7.35 6.22 160 215 193 192 191 
0.2280 -0.0146 -0.4728 0.8510 211.37 11.69 59.38 2.46 -5.61 4.89 0.1100 3.2700 0.0900 -3.4511 -0.1822 -0.1044 2.22 -9.24 2.39 168 245 202 201 196 
;
0.2526 -0.0540 -0.6694 0.6965 229.37 18.81 90.62 3.20 -2.85 -4.99 -1.3100 6.0400 -5.2300 -3.7133 5.3189 -5.0889 6.69 -7.09 -0.97 177 277 242 249 201 
0.6843 -0.0760 -0.6642 0.2914 327.75 63.44 46.44 8.31 1.32 0.72 0.3000 3.2300 -3.7000 3.3600 8.8822 -4.6978 5.58 1.07 7.98 187 299 298 320 211 
0.9675 0.1867 -0.1299 0.1109 347.56 7.81 -25.25 -2.25 8.67 14.94 -1.7200 5.8300 8.3300 -0.3333 1.7922 0.1333 -0.13 4.80 8.54 188 306 328 343 220 
0.9641 0.2551 -0.0073 0.0740 352.31 5.12 -30.75 2.90 5.21 4.74 2.1800 1.0900 -2.1200 0.0333 0.5289 -0.1644 0.94 5.17 8.27 186 299 319 314 220 
0.9598 0.2725 -0.0225 0.0627 352.62 4.44 -31.31 1.76 5.65 10.03 2.2200 0.5400 3.1300 0.1222 -0.7144 0.5278 1.46 4.94 8.33 186 349 240 258 218 
0.9610 0.2407 -0.1034 0.0887 347.87 21.94 -24.25 9.72 5.77 8.35 2.1200 1.5200 -1.6500 -1.5044 -3.7356 4.7678 6.67 0.92 7.11 172 371 189 192 201 
0.9028 0.1026 -0.3256 0.2614 324.44 36.75 0.13 2.60 0.58 0.80 -0.5000 1.5000 -4.2100 2.2344 0.0256 1.3500 5.69 0.60 7.95 172 378 194 201 203 
0.8607 0.1629 -0.2614 0.4054 305.94 34.81 -2.62 4.16 0.72 14.95 -1.4500 0.7400 6.2600 -1.6911 1.1489 1.7200 4.89 -1.17 8.41 170 381 196 202 205 
0.8370 0.0019 -0.2473 0.4882 300.50 21.75 19.00 -0.89 -1.12 5.09 -4.5900 2.2800 -3.8300 -1.3811 0.8567 -1.5422 3.08 -3.85 8.47 166 377 193 202 202 
0.8840 -0.1276 -0.2373 0.3820 316.44 21.44 24.87 4.60 1.41 1.74 0.4900 4.8800 -6.7800 -0.4289 1.0422 -2.7333 4.17 -3.21 8.26 157 373 192 200 202 
0.9367 -0.0610 -0.2615 0.2247 335.75 27.87 9.88 8.60 2.93 7.11 5.5000 3.0400 -0.5400 2.6511 -1.0767 -1.3367 5.04 0.60 8.38 156 371 194 199 202 
0.9390 0.1306 -0.2672 0.1725 338.19 35.56 -13.94 11.45 2.73 11.48 3.2900 -0.8400 5.1000 1.3600 -0.5467 1.4211 6.19 2.20 7.27 150 365 196 199 202 
0.8865 0.2043 -0.3021 0.2849 320.37 42.00 -10.50 6.20 2.10 12.76 -2.3300 1.5200 3.8800 -1.8389 0.3578 2.4967 6.47 -0.81 7.31 152 363 195 199 202 
0.8399 0.0549 -0.3623 0.4003 308.31 40.63 18.37 1.12 -0.39 2.96 -4.8000 2.4800 -3.4400 -0.7567 -1.8578 -0.0567 7.19 -2.84 6.02 156 304 200 204 200 
0.7720 0.0524 -0.5177 0.3651 309.37 62.19 40.69 13.95 -2.70 5.74 5.1000 -1.1300 2.4000 -2.4467 -5.6978 1.4122 8.80 -4.00 -1.60 155 290 188 199 197 
0.4529 0.0182 -0.8348 0.3125 278.12 41.75 129.12 6.83 -6.24 -9.43 -0.5500 1.0900 -4.4500 2.5844 -2.2944 2.9244 3.98 -7.65 -4.66 149 296 191 200 197 
0.2275 -0.0561 -0.8317 0.5032 225.62 17.25 110.69 -0.04 -4.86 -1.99 -2.3100 3.5900 1.2700 1.0433 0.3656 0.3567 2.66 -9.15 -2.29 154 299 197 200 198 
0.2304 -0.0713 -0.7727 0.5872 222.44 15.75 101.69 2.42 -8.72 -5.27 -0.3000 0.1900 -5.0100 1.4100 -0.3600 0.1789 2.59 -9.38 -1.18 135 269 194 195 196 
0.2484 -0.0251 -0.6675 0.7015 219.37 17.87 72.62 2.09 -1.16 8.46 1.3600 8.9900 8.3300 4.6333 -0.4144 0.1533 3.04 -7.22 5.89 153 266 200 198 200 
0.2873 0.0233 -0.4243 0.8584 217.06 15.19 52.63 -0.01 -5.67 6.52 -1.3900 2.7500 1.3100 -3.0322 -0.8233 0.2267 2.61 -8.69 3.69 167 277 205 207 201 
0.2665 -0.0174 -0.6262 0.7325 224.31 20.75 83.56 1.13 -0.34 -0.46 -2.2200 8.3800 -4.3500 -6.1444 3.6367 -4.1178 6.39 -7.24 -1.67 173 286 232 235 204 
0.6142 -0.0170 -0.7247 0.3118 327.75 71.62 53.25 8.79 1.17 -1.03 -0.7300 2.3500 -5.3900 2.7778 6.2244 -4.9400 6.67 2.16 6.85 188 303 287 319 212 
0.9450 0.2332 -0.2234 0.0524 354.75 18.00 -32.81 1.29 9.74 13.74 0.3000 3.4900 5.8100 0.6733 5.0911 -0.7900 -0.15 6.04 7.71 189 294 300 327 215 
;
