0.9238 0.2927 -0.0180 0.2465 330.06 10.38 -32.75 1.82 5.18 8.00 -0.1200 -0.0200 -0.1300 0.0389 0.0989 0.0267 1.74 5.24 8.09 184 322 280 297 218 
0.9221 0.2953 -0.0170 0.2495 329.69 10.44 -33.06 1.65 5.45 8.36 -0.1600 0.1500 0.3100 0.2289 -0.3022 0.1811 2.06 5.35 7.95 182 349 277 292 219 
0.9090 0.3156 -0.0652 0.2643 326.81 19.00 -33.88 7.55 9.21 10.00 3.1000 3.9300 2.0700 -1.9344 -1.3156 2.2600 5.12 3.40 7.63 182 366 178 180 189 
0.8683 0.2502 -0.2432 0.3526 314.00 37.38 -18.94 6.07 2.75 7.24 0.2400 0.4600 1.0700 1.6556 1.1600 0.5278 5.66 3.14 7.36 177 372 185 183 189 
0.8271 0.2910 -0.2054 0.4348 301.50 36.94 -18.37 4.39 2.75 11.33 -3.5000 0.0800 0.9800 -1.9011 1.1700 1.7522 5.58 0.56 8.04 179 368 188 190 190 
0.8058 0.1294 -0.2272 0.5313 292.56 27.19 5.19 -0.97 -0.50 8.61 -5.2600 0.8700 -0.9100 -1.8622 0.4344 -0.0822 3.92 -1.96 8.76 180 366 189 191 192 
0.8336 0.0021 -0.2422 0.4965 301.75 24.81 15.25 -0.12 2.22 1.79 -3.3100 4.6400 -7.2200 -0.4378 -1.8567 -2.3922 5.63 -1.68 7.84 179 362 191 191 192 
0.8776 0.0813 -0.3441 0.3237 321.87 44.56 1.37 13.24 4.52 2.34 5.8300 3.7900 -3.0000 1.3556 -1.1200 -1.4744 7.55 1.37 6.09 178 353 192 192 187 
0.8449 0.2505 -0.4011 0.2500 327.12 53.88 -25.31 12.41 3.23 6.85 3.9600 -0.5300 1.8300 1.3911 -1.3967 0.1700 8.19 3.15 4.37 179 344 194 194 189 
0.8013 0.3397 -0.4096 0.2734 319.19 60.06 -35.19 13.24 4.09 9.29 2.6300 1.8800 5.1400 -0.0256 -0.3856 2.5522 9.13 1.02 3.40 180 319 199 198 193 
0.6970 0.2781 -0.5314 0.3931 296.81 75.00 32.13 4.11 0.16 2.74 -5.2200 2.6500 0.7500 -2.0289 -2.0922 2.5189 9.08 -3.70 -0.06 185 273 244 262 202 
0.4827 0.1443 -0.7781 0.3751 282.62 54.63 128.75 0.62 -1.06 -5.34 -3.3900 3.9700 -1.1100 -2.4744 -2.3089 -0.4600 6.50 -3.34 -6.52 188 268 249 259 192 
0.2947 0.1617 -0.9232 0.1865 339.81 35.56 164.94 13.14 -8.16 -14.51 8.5000 -6.8600 -7.9600 1.0544 0.3456 0.7356 5.46 -2.81 -7.63 191 284 247 262 197 
0.2776 0.1279 -0.9082 0.2859 263.19 36.50 139.62 9.75 -4.53 -11.98 1.3400 3.0000 -6.1000 5.1956 2.9156 2.5589 5.59 -7.90 -1.52 194 368 309 340 211 
0.3399 0.0103 -0.6847 0.6446 231.94 25.62 81.06 -0.02 0.76 1.80 -3.7600 10.0000 -0.1000 0.4567 0.7278 0.0678 3.86 -8.76 2.10 194 375 329 352 213 
0.3446 -0.0184 -0.6248 0.7004 233.31 24.50 76.25 3.70 -6.36 1.68 -0.2500 1.1000 0.0000 -0.3844 0.4756 -0.3933 4.27 -8.59 2.02 192 375 331 349 212 
0.3815 -0.0249 -0.6329 0.6732 240.25 27.12 77.44 4.91 -5.90 0.95 0.2800 3.3400 -0.8700 -0.8022 1.7378 -0.8533 4.76 -8.35 1.92 191 315 306 284 209 
0.4876 -0.0647 -0.6177 0.6136 263.75 33.88 71.50 -0.92 -3.70 -0.22 -7.2100 3.4000 -3.7300 0.7956 3.9011 -4.5467 6.69 -5.31 4.80 189 297 294 290 210 
;
