0.8047 0.2101 -0.0309 -0.5544 69.12 -10.44 -22.25 -1.86 3.66 9.07 -0.1300 -0.0300 0.2900 0.1378 -0.1178 0.1356 -1.67 3.74 8.90 172 314 288 317 209 
0.8087 0.2041 -0.0605 -0.5483 68.06 -4.62 -23.31 1.34 5.95 14.46 2.6400 2.6900 5.9300 -1.6844 -0.7367 0.9478 0.05 2.94 9.35 173 318 253 261 209 
0.8537 0.0722 -0.0568 -0.5126 59.44 1.87 -6.12 1.69 2.40 6.62 1.2600 1.9500 -4.1100 -1.9422 -0.2422 2.4211 0.51 -0.46 9.78 173 319 196 202 203 
0.9283 -0.0465 -0.0070 -0.3688 39.38 3.00 4.12 0.27 0.43 6.15 -0.6400 0.8200 -2.2200 1.5411 -0.9144 2.3811 1.06 0.19 9.74 173 328 189 200 201 
0.9719 0.0125 -0.0607 -0.2271 23.81 6.75 -3.37 -0.03 0.37 16.05 -0.9800 -0.3000 5.5600 -1.5322 0.5189 1.0867 0.90 -0.48 9.75 174 340 209 209 201 
0.9860 -0.0809 -0.0217 -0.1439 16.12 3.44 13.00 -2.66 -0.88 7.38 -4.5200 1.8300 -3.7600 -2.0100 1.0389 -0.9811 0.14 -3.75 9.05 173 339 203 206 203 
0.9529 -0.2089 0.0314 -0.2174 29.87 2.87 24.44 -2.13 0.17 3.39 -2.7400 4.2100 -5.5700 0.8944 -1.2344 -2.8167 1.86 -3.39 9.01 173 323 195 199 202 
0.9011 -0.1629 -0.0582 -0.3975 50.63 15.00 10.38 8.55 3.72 7.44 5.9000 4.3400 -1.4700 2.3233 -0.5267 -0.6989 3.16 0.08 9.28 171 317 190 201 200 
0.8815 -0.0329 -0.1793 -0.4355 50.88 21.25 -8.56 8.64 1.85 13.22 4.5900 0.2400 4.4000 1.0444 -0.3589 1.6022 4.12 1.78 8.71 172 309 194 211 200 
0.9185 0.0047 -0.2535 -0.3033 32.13 28.69 -8.44 3.36 1.22 11.62 -1.9600 0.3300 2.6100 -0.7044 -0.3278 2.7578 4.98 -0.14 8.44 173 320 236 225 201 
0.9560 -0.0925 -0.2330 -0.1523 17.37 26.69 10.56 2.25 1.31 10.59 -1.5800 3.5200 2.3500 -2.0478 1.4356 0.0211 3.61 -2.95 8.62 173 313 247 260 202 
0.9426 -0.2458 -0.1190 -0.1920 25.94 18.06 31.50 4.33 -4.11 9.19 1.5100 1.3100 0.9900 -4.7911 1.5733 -0.8811 2.68 -7.14 6.15 173 314 290 297 204 
0.8052 -0.5169 0.0234 -0.2898 41.25 14.50 66.87 5.54 -7.10 -3.62 3.3600 1.7800 -6.9500 -1.3433 -0.0800 1.0400 1.90 -9.29 2.46 175 297 301 303 204 
0.7739 -0.5785 0.1036 -0.2361 30.12 3.37 65.19 -0.10 -2.18 -2.87 -0.7800 7.9400 -4.2700 6.0989 -0.5211 1.5544 -0.30 -6.18 7.60 176 300 297 296 206 
0.9592 -0.2144 0.0710 -0.1697 19.62 -3.50 21.37 -3.06 -1.81 23.09 -2.1800 1.2500 11.3900 -2.5267 0.2156 -0.7167 -0.45 -4.92 8.46 177 310 299 289 205 
0.9068 -0.3538 0.0985 -0.2071 27.56 -0.44 50.94 0.95 -5.45 0.12 1.7000 2.0300 -6.9900 -2.9911 -0.5567 -0.7156 0.62 -8.93 3.99 176 295 291 283 205 
0.8086 -0.5419 0.0969 -0.2075 26.37 2.94 63.31 2.99 -5.33 -4.49 1.5000 4.8600 -6.9800 6.1422 -1.1311 1.5989 0.06 -6.34 7.47 175 288 284 285 205 
;
