0.8800 0.3660 0.0676 0.2951 322.87 5.50 -43.38 0.84 6.67 7.05 -0.1500 -0.0300 -0.0900 -0.0033 0.0044 0.0000 0.94 6.70 7.08 192 322 335 342 221 
0.8801 0.3659 0.0681 0.2949 322.94 5.50 -43.38 0.78 6.68 7.03 -0.2200 0.0000 0.0100 -0.0144 0.0011 0.0089 0.93 6.70 7.09 191 322 335 343 221 
0.8789 0.3688 0.0638 0.2958 322.56 7.50 -43.75 -0.19 7.97 9.66 -1.6200 1.4100 3.0500 -0.6122 -3.4422 1.4444 3.39 6.30 6.70 189 326 309 320 221 
0.8594 0.3828 -0.1699 0.2933 321.56 35.56 -35.94 9.04 4.98 4.77 2.7200 1.6800 -0.3800 -2.5744 -1.4467 3.0289 6.90 1.97 6.68 186 350 179 180 197 
0.8391 0.1909 -0.3176 0.3981 307.19 38.31 -3.12 0.77 -0.14 0.98 -4.5000 -0.2800 -6.7700 1.6133 1.8067 0.6444 4.54 0.82 8.65 188 365 170 181 193 
0.8341 0.1920 -0.1643 0.4904 297.00 28.56 -12.00 7.75 3.88 18.64 2.9100 1.9000 10.6000 -0.9822 -0.1533 1.8522 5.19 1.04 8.25 186 375 174 187 195 
0.7827 0.1302 -0.2139 0.5698 287.06 24.75 8.31 -1.56 -1.48 6.30 -5.2900 0.5100 -3.2000 -2.3289 1.5522 -0.0478 2.80 -3.11 8.86 186 373 185 191 196 
0.8211 -0.0729 -0.2004 0.5294 298.69 14.75 18.62 -0.75 1.27 1.84 -2.8300 4.0100 -7.5400 1.0567 -0.9478 -2.5089 3.22 -1.92 9.05 189 375 187 190 197 
0.8986 0.0520 -0.2204 0.3759 317.62 28.37 -0.88 8.36 5.66 4.88 3.2300 4.4400 -2.7700 2.6878 -1.0189 -1.9278 4.97 2.49 8.07 188 374 183 193 198 
0.8975 0.2789 -0.2049 0.2733 325.75 31.87 -31.75 9.59 7.54 10.92 4.7200 3.1100 5.6000 1.9656 -1.1811 0.7233 6.04 5.13 5.77 190 367 190 195 199 
0.8214 0.4035 -0.2508 0.3156 315.94 44.75 -42.13 8.56 6.22 10.66 1.1600 1.8500 4.8700 -1.1144 0.2589 1.5067 7.43 3.49 5.36 190 351 199 200 201 
0.7961 0.3129 -0.3416 0.3892 305.81 53.56 -14.63 3.93 1.27 3.57 -4.1400 0.2300 -2.2900 -1.1811 -0.4456 1.2700 8.18 -0.02 5.39 186 317 258 262 207 
0.7555 0.2243 -0.4433 0.4271 299.94 61.38 6.31 13.95 -2.23 6.72 5.3800 -1.6300 1.6000 0.5767 -1.4156 1.7233 8.92 -1.35 3.83 183 341 256 249 207 
0.6241 0.2513 -0.5296 0.5167 273.00 66.12 45.31 9.80 -2.89 0.42 0.5500 0.4200 -2.3200 2.7789 -1.0467 2.2056 8.60 -3.79 2.77 178 332 195 195 192 
0.4102 0.3200 -0.5034 0.6899 234.06 57.81 57.25 5.73 0.48 1.33 -3.0000 4.9400 -1.4800 1.3300 0.7022 0.2400 8.08 -4.41 3.36 163 353 179 168 176 
0.3328 0.3320 -0.4341 0.7684 226.12 53.13 48.19 9.56 -2.63 1.77 1.3000 1.6800 -1.9900 0.1778 0.8844 -0.1500 7.69 -4.34 4.24 155 366 184 180 178 
0.3623 0.2961 -0.4185 0.7784 231.69 49.19 42.38 8.42 -2.87 3.50 1.4100 1.2700 -1.6700 -1.0478 0.6256 -0.2744 7.28 -4.50 4.77 159 375 190 186 183 
0.4376 0.2275 -0.4396 0.7507 242.75 45.88 41.56 7.07 -4.50 5.04 0.2000 -0.1300 -0.3300 -0.7533 0.7067 -0.2700 6.87 -4.65 5.21 163 385 193 187 185 
0.4909 0.1761 -0.4528 0.7232 249.00 43.94 42.75 6.44 -4.26 6.30 -0.2400 0.7200 1.1400 -0.2844 0.2989 -0.0756 6.71 -4.90 5.20 165 387 197 186 186 
0.5020 0.1526 -0.4685 0.7108 250.69 43.50 45.38 3.45 -2.28 5.07 -3.1900 3.2800 0.1400 -0.9222 0.4122 -0.4656 6.79 -5.15 4.83 173 370 207 198 193 
0.5595 0.0997 -0.4988 0.6544 268.50 44.25 49.56 -0.47 -0.48 -0.45 -4.4700 4.7900 -7.6400 -3.8478 4.4044 -5.1378 7.19 -4.01 5.31 182 313 279 289 208 
0.8824 0.0038 -0.3660 0.2956 331.69 31.50 2.25 7.43 5.55 13.57 3.8200 6.6200 10.3200 3.9033 1.2267 -2.0100 3.19 3.26 8.67 190 311 322 359 219 
0.9596 0.2214 -0.0846 0.1517 341.75 6.06 -24.81 -8.32 3.35 14.45 -4.2800 -1.8300 7.0700 -0.7878 -2.0111 -0.3633 0.35 3.72 9.06 186 314 321 356 220 
;
