0.9320 0.1641 -0.1216 -0.2994 35.25 7.25 -22.56 1.19 3.78 9.15 -0.0900 0.0000 0.0400 0.1689 0.0400 0.2200 1.25 3.82 8.94 180 323 318 337 216 
0.9349 0.1755 -0.1213 -0.2835 33.38 7.19 -23.69 1.15 3.88 9.76 -0.2000 0.0800 0.9800 0.0644 -0.2656 0.2844 1.38 3.96 8.86 179 321 318 330 218 
0.9412 0.1564 -0.1318 -0.2690 31.50 11.63 -18.56 8.14 4.43 19.13 5.7700 1.5000 9.5600 -4.7800 -0.0067 1.4656 2.28 -0.25 9.53 175 290 270 288 217 
0.9550 -0.2054 -0.0574 -0.2062 21.12 8.56 36.31 -0.92 1.99 3.11 -2.6700 8.4400 -4.9900 -7.7922 -0.6444 2.6511 -0.02 -9.35 2.95 148 206 191 216 211 
0.7275 -0.6822 0.0721 -0.0128 356.69 -6.87 91.44 -5.34 -5.58 -2.73 -3.6400 3.8300 -1.9800 -0.8744 -3.7478 0.0656 -1.46 -9.66 -0.78 149 206 185 202 201 
0.6552 -0.7028 -0.1815 0.2097 314.44 2.75 92.81 2.67 -8.42 -7.89 1.6900 1.4700 -6.9400 1.6056 -10.3289 -4.8100 3.29 -9.15 -1.20 154 209 192 203 195 
0.4045 -0.1763 -0.7585 0.4796 247.44 28.12 108.94 10.26 -5.54 -4.40 6.4300 3.3700 -1.1100 0.9300 -2.7978 -2.0244 5.10 -7.47 -3.77 159 217 193 202 195 
0.2792 0.1180 -0.8213 0.4833 243.56 37.19 116.37 12.04 -6.04 -1.26 4.9500 -1.3200 0.9800 -0.8722 5.8500 -1.3989 7.44 -6.27 -1.14 161 264 176 184 194 
0.6009 -0.0219 -0.6530 0.4605 289.56 48.13 65.00 8.79 -7.84 2.63 1.3900 -2.6300 -1.2300 1.8233 3.9511 -0.4600 6.23 -4.89 5.76 165 252 153 164 189 
0.7651 0.0061 -0.3888 0.5132 292.56 35.19 24.37 4.12 -0.26 3.85 -1.2200 2.8500 -2.7600 2.4256 0.8267 -0.7244 4.91 -0.99 8.42 162 217 153 168 188 
0.8246 0.1194 -0.1976 0.5164 296.50 25.69 -1.19 2.94 3.18 7.61 -0.9300 2.5600 -1.5600 -0.0444 0.1578 -1.0933 3.96 0.63 8.94 160 208 155 169 189 
0.8743 0.1122 -0.1520 0.4471 307.06 20.62 -3.19 5.31 3.74 8.14 2.7400 3.8000 -0.5200 -1.2189 0.6922 -1.7889 3.09 0.05 9.30 161 202 160 173 192 
0.9252 0.0395 -0.1631 0.3403 322.87 19.56 3.94 4.10 -5.18 8.91 0.6700 -5.0400 -0.4300 -0.9044 -0.4144 -1.3133 3.65 -0.99 9.04 162 205 159 175 191 
0.9543 -0.0042 -0.1965 0.2252 334.81 21.12 5.62 2.13 -0.83 7.64 -2.0300 0.4600 -1.7400 -0.6511 0.1144 -0.4511 3.37 -1.22 9.12 174 244 182 193 201 
0.9711 -0.0792 -0.1656 0.1522 345.50 15.81 15.00 0.04 -1.15 -0.04 -1.7600 2.0400 -8.8000 -0.4811 0.6133 -3.4922 2.78 -2.47 9.07 180 275 272 286 210 
0.9897 -0.0604 -0.0952 -0.0878 15.56 7.62 -0.13 0.44 4.31 15.74 -2.2100 2.5100 6.2000 3.2211 -0.4889 -2.6267 1.01 2.61 9.39 185 326 331 359 210 
;
