0.6672 0.2307 0.0773 -0.7041 93.00 -25.37 -12.69 -4.23 1.95 8.69 0.0000 0.0200 0.0500 -0.0033 0.0400 -0.0122 -4.23 1.94 8.63 169 306 319 353 211 
0.6672 0.2318 0.0793 -0.7034 93.00 -25.56 -12.63 -4.23 1.97 8.65 -0.0800 0.0100 0.0300 -0.0133 -0.0022 -0.0089 -4.23 1.92 8.63 169 307 319 352 211 
0.6672 0.2313 0.0802 -0.7035 93.00 -25.62 -12.50 -4.33 1.94 8.65 -0.0500 0.0600 0.0200 -0.0011 -0.0333 0.0000 -4.22 1.92 8.63 170 305 320 350 212 
0.6677 0.2296 0.0792 -0.7037 92.62 -24.44 -11.94 -4.46 2.73 11.04 0.5200 1.6700 4.7900 -1.1311 -2.2400 0.5556 -2.37 1.00 9.46 138 242 242 265 209 
0.7328 -0.0404 0.0789 -0.6746 83.25 -1.00 17.62 -0.17 -2.20 11.28 -1.3200 2.4800 1.5600 -6.1411 -1.2233 1.4378 0.07 -7.33 6.50 114 213 202 220 201 
0.7099 -0.4249 0.2899 -0.4810 64.62 -2.06 69.37 -3.11 -4.82 -1.60 -2.4500 4.3600 -4.1700 -2.7367 -0.7633 0.9511 -1.12 -9.67 1.14 116 235 212 232 200 
0.6492 -0.5780 0.3813 -0.3147 48.94 -7.37 89.50 -3.89 -9.56 -3.39 -1.0100 0.2100 -3.9900 -0.1011 -5.7467 -0.9922 -0.62 -9.78 0.08 120 246 215 234 201 
0.7142 -0.6876 0.0955 -0.0898 4.75 4.00 86.12 0.66 -8.54 -2.91 -0.8900 0.0800 -2.5400 3.0644 -10.4489 -3.0789 3.54 -9.10 0.82 126 251 204 224 198 
0.6754 -0.4837 -0.5110 0.2209 317.62 31.44 91.00 8.92 -4.05 2.04 3.1000 2.3300 1.5800 0.2678 -1.5356 -1.1500 5.78 -7.87 -0.87 127 257 214 225 196 
0.6060 -0.3366 -0.6642 0.2797 311.50 38.69 98.56 6.32 -7.47 -0.02 0.1400 0.2100 1.1000 -0.6344 0.3411 -0.3511 6.38 -7.33 -1.25 130 257 214 226 196 
0.6271 -0.3503 -0.6566 0.2300 324.19 43.13 95.06 8.07 -7.41 0.40 1.8600 -0.8100 0.4500 -0.3833 4.4589 -0.5856 7.05 -6.60 1.64 140 274 246 251 199 
0.8200 -0.3580 -0.4393 0.0797 352.25 37.63 54.44 7.06 -7.86 4.96 1.8200 -1.7700 0.0100 0.0378 5.5067 0.7667 3.59 -6.38 6.51 172 309 284 294 203 
0.9288 -0.3569 -0.0991 -0.0076 1.44 5.69 41.00 -0.69 -7.08 6.07 -0.6900 -0.0400 -0.9400 0.5311 -0.6667 1.1878 0.36 -6.02 7.72 172 296 284 286 204 
0.9473 -0.3083 -0.0476 0.0729 349.69 2.06 37.00 -0.82 -2.58 7.83 -2.0400 3.3800 -0.4900 0.0567 -0.9211 0.7211 0.23 -6.24 7.55 176 273 232 236 202 
0.9316 -0.3401 -0.0462 0.1194 346.56 -0.88 41.38 -2.05 -3.64 8.46 -0.9200 3.4300 1.9500 -0.8344 1.4300 -1.0967 -0.49 -6.93 6.92 176 271 228 236 203 
0.9117 -0.4098 0.0174 0.0254 358.69 -3.19 50.50 0.57 -6.80 6.09 0.1600 0.0500 -2.4900 -1.9311 0.4322 -0.5933 -0.33 -8.43 4.98 175 260 212 206 200 
;
