0.9503 0.3104 0.0074 -0.0209 2.25 -1.50 -36.06 -0.39 5.84 8.10 -0.1200 0.0100 0.0100 -0.0756 0.0056 0.1000 -0.22 5.73 7.95 214 332 342 351 247 
0.9517 0.3068 0.0077 -0.0134 1.44 -1.19 -35.56 -0.37 5.66 7.93 -0.0600 -0.0600 -0.0500 0.3122 -0.5000 0.2167 0.08 5.83 7.88 213 335 343 350 248 
0.9465 0.3211 -0.0285 -0.0104 1.37 4.94 -36.94 2.18 8.75 12.39 2.2200 3.4400 5.2800 -1.6322 -1.8422 0.6378 2.21 4.95 8.16 202 332 313 321 245 
0.9663 0.1803 -0.1833 -0.0099 359.69 24.69 -13.81 8.13 5.30 11.59 3.0000 5.3400 1.4100 -7.3944 2.0689 2.3667 3.32 -3.01 8.71 140 236 229 270 235 
0.9264 -0.3403 -0.1537 0.0486 350.44 13.13 55.56 1.75 -2.27 -0.13 -1.3400 4.8700 -4.8100 -5.7333 1.2733 2.1722 0.60 -9.73 1.01 140 225 224 253 240 
0.6811 -0.7088 -0.1289 0.1309 334.44 -2.56 96.00 -2.27 -6.26 -2.74 -2.4200 2.7900 -0.9700 -0.7633 -0.0356 0.5622 -0.99 -9.58 -1.82 143 218 221 247 237 
0.6077 -0.7601 -0.1548 0.1703 326.56 -1.87 101.62 -0.90 -8.76 -3.00 -2.9100 0.4700 -1.8600 0.3644 -4.5989 -3.4300 1.66 -9.46 -1.93 142 221 220 245 234 
0.5485 -0.5482 -0.5623 0.2871 295.62 20.81 107.12 2.04 -5.24 -8.06 -0.8800 3.4500 -6.0600 1.2678 -8.2322 -5.0111 4.21 -7.65 -4.44 146 224 218 243 233 
0.2629 -0.0656 -0.8781 0.3943 236.37 22.87 129.31 6.00 -3.52 -7.77 3.4000 2.4200 -1.6600 1.2911 -3.1678 -2.0311 3.37 -7.06 -5.90 149 232 229 247 234 
0.0838 0.2181 -0.8621 0.4497 199.81 20.31 127.12 6.41 -5.93 -2.79 3.1900 1.0200 3.3900 -0.2267 1.5133 -0.0756 3.86 -7.33 -5.23 151 235 235 255 235 
0.1160 0.2123 -0.8523 0.4637 210.69 23.62 126.44 3.90 -6.19 -6.05 0.7500 1.0600 -0.4900 -0.3611 1.1067 0.1289 4.26 -7.10 -5.25 153 240 241 260 235 
0.2023 0.1476 -0.8543 0.4554 236.56 31.31 122.69 7.25 -5.57 -4.06 0.8600 1.0700 -0.4600 -1.2211 6.8056 0.7589 6.33 -7.12 -2.30 181 270 265 268 238 
0.5947 -0.1547 -0.6801 0.3998 300.69 42.75 78.62 10.82 -8.38 -1.87 4.8200 -0.1100 -6.6800 -0.6389 13.1844 2.5644 1.39 -7.66 5.95 175 225 222 224 229 
0.8630 -0.4444 0.0516 0.2346 328.75 -22.56 45.44 2.86 1.65 3.72 7.5800 7.4000 -2.7400 3.9978 3.4400 2.1111 -5.36 -3.50 7.42 210 197 200 206 192 
0.9057 -0.1694 0.2881 0.2609 328.62 -42.69 2.37 -11.44 1.83 11.91 -3.8700 1.6600 7.6200 1.2911 0.4022 1.1478 -6.88 1.44 6.82 208 195 193 199 181 
0.8879 -0.0273 0.3744 0.2657 327.12 -42.00 -10.19 -8.16 0.61 7.84 -1.2000 -0.5100 -0.3300 0.0467 -0.1033 -0.7533 -6.48 0.83 7.30 207 197 196 204 187 
0.9046 -0.0527 0.3530 0.2329 331.31 -41.75 -4.81 -5.90 1.14 6.68 1.3100 1.0400 -0.7200 0.0967 -0.4489 0.1033 -6.27 0.68 7.50 206 240 225 233 213 
;
0.9222 -0.0121 0.2997 0.2439 330.44 -29.56 -10.13 -3.87 3.50 4.67 -0.5500 1.4300 -4.7400 2.9456 -6.1456 -0.7033 -0.61 3.41 9.17 215 320 343 352 235 
0.9594 0.2452 -0.0663 0.1223 350.87 15.63 -31.37 6.63 7.12 6.77 4.7700 1.8800 -0.3400 -0.0033 1.7267 -1.9733 1.91 5.53 7.86 220 336 356 376 243 
0.9508 0.3047 -0.0551 -0.0094 2.12 3.12 -35.44 1.87 3.77 19.17 -1.9700 -2.8600 7.6700 -0.5478 -1.2744 -0.1211 0.81 5.07 8.34 218 337 348 363 243 
0.9600 0.2615 -0.0887 -0.0474 6.44 9.06 -28.31 3.78 7.90 15.68 1.7800 3.4100 5.7700 -3.9178 -2.0133 1.1322 2.87 1.81 9.19 194 292 281 292 238 
0.9803 -0.0544 -0.1891 -0.0151 359.44 21.31 18.12 3.89 2.03 6.50 0.2300 6.3900 -1.7300 -7.4200 1.0700 3.1878 1.90 -7.60 5.89 154 252 236 259 236 
0.8062 -0.5766 -0.1088 0.0757 346.31 3.00 81.19 -1.71 -4.92 -1.79 -2.1700 4.6000 -2.0800 -3.0444 -0.5022 0.5933 -0.06 -9.73 -1.15 139 237 226 248 230 
0.6239 -0.7590 -0.1365 0.1266 335.87 -1.56 101.75 -2.22 -8.09 -2.93 -2.2300 1.4400 -0.9800 0.1511 -1.7456 -0.7044 -0.15 -9.60 -1.97 142 236 223 243 229 
0.6004 -0.6882 -0.3251 0.2455 304.44 7.75 99.06 4.27 -7.99 -6.02 1.4300 1.1700 -3.7800 1.0044 -8.7000 -3.9811 3.05 -8.96 -2.54 144 235 222 238 227 
0.3318 -0.2252 -0.8036 0.4398 240.50 19.19 118.56 3.47 -4.23 -7.87 3.3300 3.4300 -2.0900 0.3444 -6.4067 -3.1756 2.72 -7.59 -5.57 148 238 224 242 225 
0.0743 0.1713 -0.8718 0.4528 198.75 17.12 127.56 5.50 -7.42 -5.71 2.5200 0.2000 0.4500 0.1867 0.7356 -0.1167 3.30 -7.42 -5.48 157 245 234 248 226 
0.1601 0.1444 -0.8592 0.4639 230.44 28.50 123.12 9.00 -5.67 -4.59 2.7600 0.7800 -1.5500 -0.7233 9.9622 -0.0511 6.85 -6.89 -1.27 192 248 221 247 229 
0.6628 -0.1586 -0.5993 0.4199 305.87 30.19 58.38 4.04 -5.71 -5.01 -1.2100 1.8000 -10.1900 0.7822 11.6456 3.6489 -3.30 -7.07 5.93 196 208 209 216 218 
0.8542 -0.3981 0.1396 0.3038 321.06 -30.37 35.38 -3.10 -0.85 5.20 0.3600 2.7600 -3.0600 3.4889 0.7867 1.4756 -5.99 -2.37 7.38 199 199 201 210 207 
0.8823 -0.1600 0.3064 0.3195 320.94 -41.63 -1.81 -10.65 3.95 10.80 -6.5300 2.0100 5.9100 0.9778 -0.7900 0.4689 -6.42 1.82 7.17 207 200 203 203 202 
0.8903 0.0056 0.3615 0.2768 326.37 -39.19 -15.69 -8.11 1.71 8.48 -2.4900 -0.6200 0.4900 0.3244 -0.1322 -0.2256 -6.05 2.00 7.44 214 210 211 221 212 
0.9022 0.0043 0.3383 0.2674 326.81 -37.00 -13.06 -5.16 2.24 6.22 0.8300 0.6400 -1.6800 -0.3756 0.0078 -0.2878 -5.86 1.39 7.73 214 260 247 248 228 
0.9097 -0.0049 0.3038 0.2829 324.62 -26.81 -12.88 -6.18 2.40 2.43 -2.7100 0.2300 -7.2100 4.5789 -10.0056 -0.9667 1.50 4.59 8.52 226 322 347 349 244 
0.9172 0.3382 -0.1673 0.1284 350.37 27.25 -43.94 10.60 10.31 7.65 4.7700 1.8200 0.6900 -1.3656 4.1922 -2.8056 2.09 6.28 7.22 234 362 368 397 252 
;
