0.7543 0.2692 -0.0358 -0.5977 77.06 -14.88 -27.81 -2.98 4.69 9.63 -0.4900 0.3400 1.3300 0.3989 -2.2711 0.3756 -1.28 4.61 8.55 169 305 322 321 210 
0.7531 0.1752 -0.1634 -0.6127 77.87 7.31 -25.75 4.52 6.37 12.42 2.4000 2.3900 3.3300 -2.1722 -2.2022 1.9178 3.25 2.57 8.88 162 304 305 304 209 
0.8008 -0.0893 -0.2317 -0.5450 64.44 32.63 0.94 6.37 1.84 7.82 0.0800 3.6900 -0.1900 -3.6100 -1.8900 3.9444 6.01 -3.87 6.70 106 249 226 234 203 
0.8254 -0.4222 -0.1567 -0.3403 39.81 30.50 53.06 2.21 -3.80 3.22 -2.3400 3.4500 -1.1800 -1.8100 -0.9833 2.5422 3.81 -8.34 3.46 107 229 213 217 199 
0.7792 -0.6040 -0.0928 -0.1393 15.13 15.63 77.87 0.78 -8.30 1.08 -2.5300 1.0800 -0.9800 -1.2033 -2.7211 1.9233 1.48 -9.66 0.75 111 231 207 215 195 
0.7133 -0.6865 -0.1243 0.0676 345.06 2.94 88.81 -4.14 -10.41 -1.12 -5.7500 0.1700 -2.3100 -0.0967 -6.1933 -1.2444 0.91 -9.76 0.05 113 233 207 215 193 
0.6487 -0.5724 -0.4148 0.2820 305.06 17.44 91.87 3.66 -6.54 -4.46 -0.8100 4.1900 -4.3300 1.4389 -8.6122 -4.1611 4.94 -8.22 -2.00 115 234 207 215 190 
0.4155 -0.1541 -0.8022 0.4001 268.69 33.63 117.06 9.51 -4.79 -5.40 3.4000 1.9600 -0.9400 0.1833 -0.9022 -0.5967 5.55 -6.94 -4.14 116 234 204 216 189 
0.3588 -0.0485 -0.8415 0.4010 263.62 34.25 120.37 6.81 -7.15 -4.11 1.3900 0.0600 0.1100 0.0000 0.7433 0.2544 5.53 -7.09 -3.90 121 236 208 220 190 
0.3851 -0.0726 -0.8267 0.4037 272.62 37.00 115.19 8.36 -4.17 -1.78 1.6800 3.2900 1.2400 -0.5622 8.8389 -0.6311 7.06 -6.80 0.14 159 267 254 265 198 
0.8188 -0.3105 -0.4455 0.1863 351.19 25.31 47.75 -3.79 -4.35 0.77 -6.3500 2.3100 -6.3600 1.5089 9.2678 -3.9578 -0.22 -5.22 8.29 168 295 294 302 201 
0.9183 -0.1202 0.1365 -0.3515 48.44 -9.75 9.69 -1.48 4.60 14.65 0.8000 5.1300 4.6800 3.3356 0.0056 -3.2478 -1.81 1.00 9.58 174 315 279 322 201 
0.7944 0.2041 0.0344 -0.5710 72.56 -16.62 -20.56 0.17 5.05 14.57 1.7500 0.7300 4.3500 1.6144 0.7767 -0.2522 -3.05 4.49 8.16 177 316 293 331 203 
;
0.7542 0.2844 -0.0352 -0.5908 76.19 -16.12 -28.81 -3.33 3.98 7.75 -0.6700 -0.8000 -0.7700 0.0567 -0.2211 0.0011 -2.76 4.43 8.30 176 318 313 328 205 
0.7582 0.2724 -0.0330 -0.5916 75.94 -14.88 -27.87 -2.38 5.52 11.76 1.5900 2.6600 5.2600 -0.8300 -1.0744 0.3367 -1.74 4.14 8.71 176 317 308 313 205 
0.7878 0.1742 -0.0399 -0.5894 72.00 -6.44 -14.38 -0.74 5.14 13.58 0.5400 4.0200 3.9600 -4.3567 -1.4333 1.1978 -0.02 -0.52 9.79 158 312 303 303 204 
0.8458 -0.1721 0.0594 -0.5014 59.06 5.37 26.50 -0.95 -1.83 5.34 -2.0200 3.3900 -3.6300 -4.6911 -2.2178 1.8767 1.34 -7.59 6.05 108 273 251 251 204 
0.8045 -0.5012 0.1005 -0.3024 35.50 9.81 65.37 0.01 -6.08 1.41 -1.9500 2.4500 -1.8100 0.1989 -7.0933 0.4144 3.09 -8.89 2.72 102 233 191 208 196 
0.7529 -0.5773 -0.3043 0.0844 334.25 19.31 83.94 4.41 -8.18 1.55 0.0000 0.8500 1.0800 0.1367 -1.3722 1.8522 2.00 -9.57 0.69 108 233 195 212 194 
0.6741 -0.5793 -0.3602 0.2833 313.31 8.13 86.31 0.10 -9.87 2.21 -1.9900 -0.3800 1.3100 -0.4333 0.2789 0.2256 1.19 -9.72 0.37 109 235 192 214 194 
0.6542 -0.5958 -0.3687 0.2847 311.31 10.56 89.75 -1.42 -8.96 -3.12 -3.1500 0.9400 -3.1100 0.9456 -7.6489 -3.8156 4.05 -8.89 -0.83 111 236 203 214 191 
0.5209 -0.2921 -0.7098 0.3735 281.44 34.25 108.94 8.43 -2.61 -5.74 3.7600 4.6600 -1.8200 0.2122 -4.0689 -2.5522 5.63 -6.36 -4.89 112 234 194 212 190 
0.3220 -0.0088 -0.8779 0.3544 262.62 33.19 132.06 8.36 -6.27 -6.85 2.5100 -0.3700 -1.2900 0.0411 0.0000 0.1556 5.27 -6.10 -5.57 113 236 195 217 190 
0.3142 -0.0073 -0.8799 0.3563 265.56 34.38 129.44 7.92 -3.90 -3.02 3.2800 3.0400 2.9500 -0.6556 6.2622 0.0889 7.00 -6.16 -3.00 151 266 239 253 196 
0.6828 -0.1995 -0.6558 0.2528 335.56 48.44 62.63 2.55 -3.18 -1.46 -8.5200 0.2600 -6.9700 -1.5056 12.1622 -3.5056 2.72 -5.36 7.74 165 283 280 286 201 
;
0.9373 -0.2181 0.0317 -0.2701 41.06 -3.87 19.06 -2.91 2.61 8.63 1.4400 6.5600 1.7200 6.4256 2.3000 -3.9133 -2.17 0.69 9.53 174 314 281 323 201 
0.8088 0.1838 0.0632 -0.5549 71.75 -19.81 -18.44 -2.61 4.83 13.93 0.9300 1.7300 5.8900 3.4389 0.1011 -0.3456 -3.17 4.90 7.87 176 330 300 331 205 
0.7539 0.2865 -0.0345 -0.5902 74.94 -16.44 -28.50 -3.64 4.18 5.29 -1.3500 -0.7200 -1.9800 -0.0278 -0.4311 -0.2144 -2.48 4.69 8.24 175 322 309 334 208 
0.7587 0.2733 -0.0515 -0.5891 75.37 -13.00 -28.56 -1.00 7.33 14.16 2.0500 3.8900 6.8100 -1.8022 -2.2956 0.8622 -0.30 3.57 9.12 176 320 305 313 206 
0.8098 0.0682 -0.0987 -0.5744 68.25 8.50 -7.94 2.66 3.76 12.10 1.2800 2.7300 1.9300 -3.9078 -1.1944 2.3500 2.37 -1.75 9.35 148 305 294 295 207 
0.8643 -0.2363 -0.0263 -0.4433 49.75 16.00 31.69 0.98 -1.06 6.60 -2.1100 3.7500 -1.3000 -3.2633 -2.9778 2.6967 3.05 -7.36 5.71 108 223 200 219 200 
0.8210 -0.5399 -0.0951 -0.1592 14.69 17.56 71.00 0.40 -4.65 2.85 -2.5400 4.4600 0.4200 -2.1278 -4.2922 2.6178 1.64 -9.61 0.98 107 206 194 210 196 
0.7057 -0.6871 -0.1397 0.1014 341.44 -0.06 90.62 -3.84 -9.73 -1.05 -2.6600 -0.4000 -0.6100 -0.0333 0.3233 0.6244 -0.62 -9.78 -0.33 110 215 202 220 196 
0.6834 -0.7115 -0.0999 0.1293 338.56 -1.44 91.62 -2.20 -10.33 -0.78 -3.2000 -0.4200 -1.2300 0.4978 -5.1922 -2.5467 1.22 -9.72 -0.11 111 222 205 220 194 
0.6437 -0.5484 -0.4644 0.2631 309.06 21.31 94.00 2.62 -5.16 -6.29 0.4400 3.3600 -5.1600 1.5178 -7.7189 -4.0122 5.16 -7.86 -2.76 113 224 194 217 192 
0.4005 -0.1492 -0.8174 0.3864 269.62 33.63 119.31 9.26 -4.69 -4.08 4.4500 1.0100 -0.0500 -0.1889 -0.7411 -0.6511 5.63 -6.67 -4.46 114 225 201 218 191 
0.3636 -0.0543 -0.8508 0.3754 268.94 35.56 123.12 7.64 -5.78 -3.91 1.9000 1.3600 0.7200 -0.2111 2.6344 -0.0578 6.51 -6.60 -3.16 141 238 222 235 195 
0.6169 -0.2015 -0.6973 0.3042 323.00 46.63 77.12 4.59 -2.47 -1.13 -2.8900 3.4700 -5.4500 -2.5933 13.9700 -2.2833 3.92 -6.58 6.11 165 272 269 279 201 
0.9257 -0.3286 -0.0623 -0.1771 30.50 7.31 30.19 -3.47 -0.32 7.13 -2.4000 4.3000 -0.7100 5.4211 2.9800 -4.0233 -0.88 -0.83 9.73 172 307 281 320 201 
;
0.8458 0.1149 0.0742 -0.5156 65.00 -15.75 -11.00 -0.83 6.36 14.03 1.1900 2.5100 4.1900 2.6722 0.1678 -0.9200 -3.02 3.80 8.51 176 319 292 338 206 
0.7567 0.3047 -0.0335 -0.5775 73.69 -17.44 -28.37 -3.20 2.98 4.77 -0.1500 -0.7500 -3.2500 0.2333 -0.2322 -0.2733 -2.74 4.20 8.42 175 315 311 320 206 
0.7732 0.2447 -0.0288 -0.5844 74.25 -10.94 -22.87 0.05 6.44 16.99 1.9700 3.4900 7.7600 -3.4578 -1.2767 0.6444 -0.69 1.70 9.63 160 310 295 299 207 
0.8210 -0.0145 0.0026 -0.5707 67.56 4.12 9.44 0.99 1.34 9.07 -0.1800 4.1300 -0.8500 -5.4222 -1.0944 1.2700 1.46 -5.39 8.05 119 260 250 264 205 
0.7958 -0.4017 0.1135 -0.4387 55.50 10.06 56.38 -0.38 -4.13 0.65 -2.1500 4.3300 -3.7500 -2.2856 -1.6333 0.8622 1.61 -9.05 3.40 111 251 247 259 205 
0.7394 -0.5897 0.1318 -0.2971 39.75 9.50 76.19 -0.04 -8.66 1.32 -4.2300 -0.1000 -0.7600 0.7156 -7.6433 -0.1522 2.68 -9.31 1.48 113 228 204 217 197 
0.7290 -0.6099 -0.3010 0.0772 335.06 19.69 87.37 5.49 -9.20 1.44 0.7000 -0.2800 1.3800 0.5444 -0.4856 1.2111 2.39 -9.48 0.64 113 218 202 213 196 
0.6933 -0.5875 -0.3481 0.2302 321.94 11.63 86.00 -0.46 -9.29 1.82 -3.2500 0.0800 1.1300 -0.2844 -2.1511 -0.2422 2.05 -9.58 0.31 114 223 206 215 195 
0.6198 -0.5207 -0.5042 0.3008 301.06 23.56 97.56 3.06 -4.68 -7.16 -0.8100 5.2000 -4.7900 1.1622 -8.3056 -4.5356 5.54 -7.18 -3.72 116 225 201 217 193 
0.3656 -0.0579 -0.8568 0.3592 270.37 35.69 127.94 8.53 -4.43 -5.72 2.5000 1.1400 -1.0100 0.0022 -0.5033 -0.3644 5.68 -6.02 -5.24 117 228 199 220 193 
0.3363 -0.0265 -0.8778 0.3401 269.87 34.88 131.25 7.72 -6.33 -6.39 1.8600 0.4300 -0.4600 -0.2278 2.1578 0.1067 6.15 -6.03 -4.68 144 241 225 234 195 
;
0.5115 -0.1082 -0.7983 0.2988 314.69 54.38 99.06 5.79 -0.36 0.02 -3.3800 5.7400 -2.7300 -2.9267 14.0111 -1.8733 5.29 -5.48 6.17 162 273 268 273 201 
0.9340 -0.2933 -0.0068 -0.2039 35.25 -3.31 29.25 -7.14 -1.78 5.93 -4.4700 5.3400 -1.4000 8.3367 1.0767 -4.5600 -1.57 -0.26 9.67 175 323 312 332 202 
0.8165 0.1335 0.0549 -0.5590 71.37 -16.06 -12.94 -0.61 7.47 14.84 -0.8900 2.9200 3.9900 2.8200 -0.1211 -0.3867 -3.28 4.09 8.28 177 330 307 337 206 
0.7501 0.2501 -0.0358 -0.6112 78.19 -14.94 -25.37 -3.04 3.73 4.57 -0.4600 -0.3900 -4.2000 0.1144 -0.6922 -0.0767 -2.20 4.13 8.61 172 318 312 336 207 
0.7499 0.2247 -0.0522 -0.6201 79.19 -10.69 -23.75 -1.93 3.46 8.83 -0.0600 -0.0200 0.0200 0.0267 -0.5522 0.1222 -1.42 3.81 8.91 171 314 310 315 207 
0.7534 0.1767 -0.0848 -0.6276 79.75 -3.37 -19.31 0.90 5.03 15.44 1.2000 2.4300 6.0100 -2.9133 -1.4200 0.6433 0.40 1.43 9.69 163 298 277 279 207 
0.7849 -0.0568 -0.0418 -0.6156 73.94 10.19 10.25 2.01 3.10 11.38 -1.2700 6.1100 -0.2500 -6.5278 -2.4289 2.5500 2.20 -6.64 6.86 145 232 223 239 205 
0.7635 -0.4758 0.1413 -0.4132 53.00 6.62 69.44 -1.57 -4.66 -1.08 -2.1200 4.1800 -3.9800 -3.8256 -1.5222 1.7200 -0.24 -9.80 0.00 120 225 219 236 203 
0.6539 -0.6885 0.2554 -0.1821 27.44 -5.94 96.06 -3.04 -8.53 -2.34 -1.9900 1.3000 -0.3300 -0.4189 -1.0333 -0.0489 -1.14 -9.66 -1.24 112 226 215 230 201 
0.6655 -0.7304 0.1306 -0.0817 8.75 -0.62 94.94 -2.22 -8.91 -8.06 -1.6900 1.4100 -8.2000 2.3611 -13.0856 -4.9633 2.91 -9.33 -0.75 112 220 204 216 194 
0.5696 -0.4742 -0.6058 0.2892 292.06 26.94 105.12 8.40 -3.51 -5.97 1.9100 4.3400 -2.7000 1.3322 -5.1367 -2.5922 4.86 -7.81 -3.37 116 225 189 220 192 
0.3566 -0.1013 -0.8254 0.4257 259.19 30.62 116.87 9.19 -5.99 -3.60 4.0800 1.5100 0.4200 -0.2844 0.6144 0.0011 5.17 -7.39 -3.83 129 231 216 229 194 
0.4184 -0.1241 -0.8071 0.3977 287.44 39.50 108.00 5.87 -2.76 -1.12 -0.6300 4.3500 -0.1800 -1.8900 10.7389 -2.2833 7.16 -6.34 2.12 174 285 282 297 202 
0.8709 -0.3069 -0.3831 0.0234 8.25 37.06 37.69 2.37 -2.56 4.26 -2.8900 1.5000 -2.7900 1.1311 7.7722 -4.6456 2.75 -2.96 8.93 179 299 294 324 203 
;
