0.9644 0.2299 -0.0271 -0.1282 14.69 -0.25 -26.44 0.02 4.28 7.92 0.0300 -0.0500 -0.8100 0.0556 -0.0311 0.0422 0.00 4.39 8.76 185 327 332 327 226 
0.9655 0.2325 -0.0265 -0.1144 13.38 -0.19 -27.19 -0.66 4.84 9.55 -0.7100 0.4200 0.9900 -0.1022 0.0289 -0.0378 -0.07 4.42 8.75 174 317 299 303 224 
0.9770 0.1887 -0.0112 -0.0991 10.81 -1.06 -15.50 0.42 5.26 16.47 1.0000 4.0000 6.7400 -6.7022 -0.3444 0.4889 0.00 -1.55 9.68 141 216 193 228 218 
0.9701 -0.2346 0.0198 -0.0588 5.56 -1.19 37.38 -0.79 -2.46 3.45 -0.1700 4.0600 -4.4800 -5.5900 -0.2500 1.3356 -0.76 -8.67 4.50 138 214 196 226 215 
0.7944 -0.6030 0.0638 0.0336 352.25 -10.06 79.94 -3.16 -5.86 -2.17 -1.5500 3.0300 -3.1200 -1.6400 -0.7356 0.6000 -2.30 -9.53 0.11 142 219 205 232 213 
0.6970 -0.7023 0.0132 0.1444 328.25 -8.81 86.87 -0.51 -7.19 -3.48 0.4400 2.1100 -4.1000 -0.6667 -9.7333 -3.4467 1.45 -9.69 0.10 138 222 205 227 205 
0.5276 -0.4342 -0.5984 0.4182 275.31 18.00 99.25 1.57 -6.79 -5.84 1.8500 1.6200 -2.6400 0.0456 -5.5533 -2.9311 3.78 -8.43 -3.26 142 224 209 225 204 
0.2719 -0.0562 -0.8433 0.4603 242.62 25.62 121.37 8.00 -6.58 -5.60 4.2800 1.5800 -0.7600 -0.4667 -0.3100 -1.0056 4.68 -6.90 -5.14 145 232 211 226 205 
0.2734 0.0088 -0.8760 0.3972 250.94 29.50 127.56 7.72 -4.24 -4.82 2.4400 2.0600 0.0700 -0.8233 0.4722 0.9311 4.71 -6.79 -5.26 147 256 200 202 202 
0.2859 -0.0849 -0.8751 0.3810 254.44 24.19 126.12 6.20 -10.22 -8.28 1.8900 -2.1600 -3.9600 1.1811 2.0022 3.0033 2.69 -8.30 -4.46 149 284 172 169 195 
0.3120 -0.2802 -0.7740 0.4744 244.19 10.81 107.94 -2.16 -7.07 -1.41 -3.2500 1.8000 1.6200 1.0556 0.5156 0.3044 1.55 -9.45 -2.07 150 289 148 174 193 
0.3226 -0.2775 -0.7195 0.5488 239.69 9.13 100.81 0.63 -7.90 -2.10 -0.6600 1.3000 -0.0100 0.5589 -0.9356 -0.0844 1.48 -9.55 -1.60 149 289 167 171 189 
0.2847 -0.2318 -0.7229 0.5854 229.25 7.62 97.94 1.34 -9.77 -2.41 -0.8500 -0.3100 -2.1300 1.5044 -0.8933 -0.2711 1.33 -9.70 -0.43 144 239 165 168 189 
0.2926 -0.1261 -0.6248 0.7128 227.50 12.56 66.94 0.94 -3.75 4.04 -0.0100 5.0000 1.2700 4.4222 0.0611 -0.0600 2.42 -6.46 6.96 145 241 169 172 194 
0.4055 0.0046 -0.2877 0.8676 232.06 12.69 28.19 1.60 2.19 17.20 -0.0800 5.0500 4.1100 -3.3867 -0.6311 1.2511 1.83 -6.54 7.07 146 237 174 179 192 
0.3664 -0.0848 -0.4203 0.8258 226.56 9.00 55.13 1.11 -5.57 4.27 -0.5100 2.3800 -1.1100 -3.3889 -0.0711 1.0644 0.96 -9.22 3.18 148 237 174 180 193 
0.2749 -0.1699 -0.6030 0.7293 220.00 4.25 80.19 0.35 -11.19 -3.74 -0.5600 -1.0500 -3.2700 -0.1167 0.5856 -0.3011 0.83 -9.65 1.46 149 247 181 185 195 
0.2898 -0.1849 -0.6265 0.6995 230.00 7.31 82.12 -0.63 -7.10 0.23 -2.3900 3.0200 -1.4100 -0.8167 4.8767 -3.3300 2.83 -9.28 1.36 167 262 248 242 204 
0.6366 -0.2639 -0.5587 0.4615 307.12 34.25 62.94 3.10 -4.03 1.34 -4.2800 2.3700 -1.6700 3.7344 11.6356 -6.9222 1.98 -2.44 9.28 180 305 311 298 213 
0.9994 -0.0128 0.0331 -0.0037 2.31 -3.19 -5.81 -1.39 5.02 14.16 5.3500 2.2500 1.7500 1.0378 -2.3100 0.0789 0.91 1.86 9.58 186 312 330 330 215 
;
0.9921 0.1200 -0.0349 -0.0093 359.44 2.31 -14.69 2.76 2.41 7.85 1.7200 -0.2400 -1.0400 1.8889 0.7289 0.7278 0.01 3.53 9.14 187 312 331 330 215 
0.9753 0.2166 0.0159 0.0389 354.81 -0.44 -27.69 -1.93 6.66 11.29 -2.1800 1.9800 2.8300 0.7956 -0.1867 -0.1078 -0.08 5.23 8.29 187 311 331 314 216 
0.9573 0.2870 0.0061 0.0358 355.75 0.69 -33.88 -0.23 5.75 8.82 0.2800 0.2500 0.2800 -0.0344 -0.3144 -0.1022 0.25 5.44 8.15 188 314 328 308 216 
0.9566 0.2903 -0.0090 0.0248 357.31 1.81 -33.69 0.63 5.64 7.94 0.1000 0.6600 0.6700 -0.2556 0.2622 -0.2722 0.15 5.35 8.21 185 311 316 295 217 
0.9679 0.2509 -0.0103 0.0081 359.75 2.25 -25.12 1.81 7.12 17.28 1.7300 4.4100 8.4800 -5.0033 -0.3278 0.2622 0.82 0.93 9.72 162 246 238 261 216 
0.9946 -0.1039 -0.0023 0.0037 358.75 -2.37 23.31 -0.34 0.57 4.80 0.5900 5.7000 -4.0700 -7.0778 1.5822 0.8789 -1.53 -7.87 5.64 137 232 223 242 212 
0.8237 -0.5564 0.1030 0.0364 354.00 -12.75 73.62 -2.25 -5.11 -1.53 -0.1900 3.3500 -3.1100 -1.5811 -0.2989 0.3300 -2.34 -9.43 1.26 140 237 227 242 211 
0.7388 -0.6649 0.0846 0.0707 348.12 -11.94 84.44 -1.40 -9.29 0.90 0.0800 -0.0500 0.0800 -1.1022 -2.5789 -0.3878 -1.59 -9.66 0.39 147 239 228 245 209 
0.6909 -0.6960 -0.0881 0.1746 321.75 -4.25 88.81 -6.15 -6.81 -9.17 -2.8400 3.0200 -11.3200 -0.1322 -15.4433 -3.9067 2.09 -9.55 -0.73 144 241 220 226 200 
0.3143 -0.1523 -0.7673 0.5379 222.87 18.19 109.81 6.96 -4.64 -7.69 8.5100 3.6400 -1.5500 -0.6567 -2.5689 -1.3856 3.03 -8.22 -4.38 146 243 224 227 198 
0.1017 0.1515 -0.8394 0.5121 202.31 19.06 119.12 5.85 -8.06 -4.93 2.6100 0.1600 -0.2600 0.1089 0.7900 0.3389 3.25 -8.12 -4.42 150 244 226 229 199 
0.1348 0.1226 -0.8401 0.5110 212.37 21.31 117.94 4.48 -6.87 -4.30 0.0400 1.1100 -0.2500 -0.7544 2.5389 0.1478 4.33 -7.87 -3.92 165 245 232 232 201 
0.3319 -0.0150 -0.8160 0.4731 265.12 36.25 107.69 10.45 -6.00 -0.90 6.6500 2.0600 1.0700 -2.7011 8.2689 1.7644 5.73 -7.94 -0.30 172 319 225 217 201 
0.6566 -0.3767 -0.5730 0.3140 302.25 27.62 89.94 6.30 -12.15 -2.11 1.8900 -1.9800 -3.7200 1.5844 -5.8367 2.5822 2.43 -9.46 -0.84 171 363 185 180 194 
0.3951 -0.3174 -0.6432 0.5739 238.31 5.25 89.19 -1.12 -6.15 2.42 -4.1200 4.2200 1.9400 0.8200 -0.7656 0.7689 0.21 -9.76 0.85 175 365 187 185 195 
0.2856 -0.2483 -0.6328 0.6756 224.25 2.12 86.44 1.15 -7.78 -1.87 0.2500 1.1700 -3.2900 -0.1033 -0.4267 -0.1933 0.56 -9.78 0.44 174 290 176 177 187 
0.2509 -0.1794 -0.6479 0.6964 218.75 6.12 79.12 -0.44 -7.27 -9.74 -1.9200 3.8200 -7.6100 6.9189 0.5856 -1.3167 2.05 -6.97 6.57 174 256 176 179 185 
0.3591 0.0277 -0.2777 0.8906 225.50 12.81 26.62 2.32 5.42 24.56 -0.2000 6.7000 11.1600 -3.6189 -0.3433 1.6967 1.54 -6.11 7.51 168 238 179 180 186 
0.3024 -0.0570 -0.4005 0.8631 219.12 8.13 49.13 -0.71 -5.98 6.36 -2.1800 1.7700 0.2900 -1.6033 0.1389 -0.4244 1.54 -7.92 5.56 174 281 205 203 197 
0.3532 -0.1196 -0.5081 0.7764 238.81 11.50 67.69 1.25 -4.28 -1.16 -1.8000 4.2000 -5.3000 -3.3456 7.8467 -5.8667 3.76 -8.60 2.81 176 290 281 271 208 
0.7593 -0.2766 -0.4800 0.3415 323.00 37.13 50.56 6.06 1.89 3.64 -0.4200 6.7600 0.4700 4.8189 6.5389 -5.0500 4.41 -1.38 8.64 182 306 319 303 211 
0.9902 0.0855 -0.0900 0.0632 355.19 7.06 -18.81 -2.52 14.00 22.04 -4.9100 5.8500 10.3700 2.1944 -0.2456 -1.4644 0.25 5.37 8.19 183 321 331 327 213 
;
