0.5306 0.1876 -0.2969 -0.7714 111.00 1.12 -40.88 0.16 6.37 7.43 -0.0800 -0.1500 -0.0200 -0.1333 0.1700 -0.1078 0.02 6.34 7.47 178 314 313 279 204 
0.5292 0.1928 -0.2813 -0.7770 111.44 0.00 -39.50 -0.76 6.11 7.83 -0.8200 0.1700 0.3400 -0.2578 -0.7867 0.1456 0.50 6.02 7.72 177 292 288 266 203 
0.5361 0.1178 -0.2773 -0.7885 111.75 8.69 -30.69 4.17 8.55 13.67 2.7300 4.1900 5.2400 -4.6878 0.3644 -0.1289 1.46 1.97 9.49 174 265 258 252 203 
0.5340 -0.0732 -0.0137 -0.8422 115.69 8.38 12.69 3.22 -0.38 9.60 1.5300 2.4800 -0.5700 -5.9211 0.4400 0.4411 1.14 -6.09 7.59 132 228 224 240 197 
0.4854 -0.3032 0.3451 -0.7438 111.87 6.62 62.75 0.31 -5.19 -0.30 -1.0300 3.5400 -3.5000 -3.5656 -1.9000 1.0233 0.88 -9.61 1.71 111 232 225 254 196 
0.4685 -0.4601 0.4866 -0.5761 100.94 4.12 85.06 0.12 -9.20 0.89 -0.2800 0.2400 0.4000 -0.0722 0.0022 -0.2911 0.87 -9.74 0.62 106 228 225 239 192 
0.4607 -0.4988 0.4828 -0.5530 98.75 7.44 89.56 0.59 -10.06 -2.27 -0.7800 -0.4500 -2.4700 -0.7900 -4.6600 -2.0233 2.48 -9.38 -1.34 118 220 207 224 184 
0.4918 -0.7532 0.2484 -0.3594 60.38 17.31 109.81 -0.59 -6.58 -8.79 -3.4000 3.0300 -5.6500 0.7244 -10.1056 -4.9100 2.73 -8.17 -4.67 120 217 202 220 180 
0.4823 -0.7988 -0.3563 0.0485 332.87 14.31 125.50 7.19 -3.13 -7.09 4.6600 3.5500 -1.3600 0.1989 -2.7822 -2.5089 2.53 -7.26 -6.08 122 225 219 219 180 
0.3997 -0.6480 -0.6287 0.1581 320.12 18.87 132.00 6.80 -5.14 -6.19 2.9500 2.2800 0.2400 -0.7300 2.4467 0.4711 3.97 -6.67 -5.98 138 244 229 227 183 
0.4681 -0.6887 -0.5534 0.0203 7.25 33.69 128.00 3.77 -0.56 -4.10 -3.5100 4.9400 0.0000 -3.1933 4.2389 -1.7211 7.48 -4.92 -3.98 155 269 234 251 189 
0.4180 -0.7141 -0.4667 -0.3121 88.69 57.06 161.69 8.86 -1.97 -9.91 0.6500 -1.9400 -4.5100 -3.6489 -3.9600 -2.4344 6.48 1.88 -7.11 163 245 225 236 182 
0.0135 -0.7676 -0.5578 -0.3153 107.19 25.62 -157.00 11.76 0.21 -12.62 7.2900 -4.0400 -4.0400 0.7067 -0.6367 1.0578 3.70 2.74 -8.65 166 261 234 245 180 
0.0081 -0.8221 -0.5347 -0.1954 115.37 17.12 -170.81 3.93 -0.54 -5.66 1.7400 -1.8000 4.1200 0.4267 -1.3233 1.1100 1.91 0.89 -9.57 168 259 242 245 180 
-0.0275 -0.8776 -0.4725 -0.0768 124.75 5.25 -170.56 0.50 8.31 -10.95 2.7200 6.6200 0.4600 -0.6833 2.1044 0.5056 1.33 2.13 -9.47 168 258 244 244 181 
-0.0939 -0.8837 -0.4476 -0.0995 126.19 5.81 -165.00 0.97 3.71 -9.21 0.4400 0.8900 0.2500 0.0356 -0.2656 -0.0711 0.87 2.54 -9.42 167 260 233 245 180 
-0.0998 -0.8818 -0.4506 -0.0975 125.56 5.25 -164.56 2.68 3.97 -10.48 1.6300 1.6800 -0.9600 0.4978 3.2122 -0.1400 2.55 2.35 -9.17 161 265 215 238 185 
;
