0.9268 0.2977 0.1391 0.1818 338.50 -7.87 -37.81 -1.98 5.60 7.79 -0.5400 -0.3700 -0.0300 0.0444 -0.4989 -0.6944 -1.29 5.96 7.67 189 325 336 380 225 
0.9360 0.3104 0.1098 0.1248 345.75 -7.31 -37.81 -1.02 5.70 7.57 0.0600 -0.2600 -0.0400 0.0733 -0.4567 -0.6189 -1.26 5.94 7.69 190 326 339 383 226 
0.9424 0.3156 0.0901 0.0648 353.37 -7.19 -37.69 -1.24 5.69 7.60 0.0000 -0.2500 -0.0400 0.1889 -0.4711 -0.5822 -1.21 6.00 7.65 186 325 338 381 226 
0.9438 0.3238 0.0663 0.0086 0.00 -6.62 -38.00 -0.92 5.89 8.05 0.1700 -0.0700 0.4900 0.0122 -0.5200 -0.3767 -1.00 5.97 7.70 189 319 336 379 225 
0.9476 0.3159 0.0370 -0.0307 4.37 -3.37 -34.94 0.67 10.80 17.71 2.7300 5.8200 9.7700 -6.3044 -2.4344 0.2856 1.30 2.29 9.44 176 261 265 277 221 
0.9927 -0.0435 -0.0949 -0.0603 5.81 13.88 17.06 2.38 0.57 5.87 -0.6600 5.4800 -3.7300 -8.4911 -0.3489 2.2289 1.85 -7.86 5.55 147 213 201 227 219 
0.8100 -0.5754 -0.1047 0.0424 349.81 5.69 78.37 -2.00 -4.02 -2.62 -3.2000 5.3700 -3.9900 -2.6867 -2.7300 1.2956 0.13 -9.80 -0.28 145 209 187 211 205 
0.6370 -0.6738 -0.2839 0.2442 308.12 5.25 94.44 -0.12 -6.32 -8.04 -1.0100 3.6600 -8.7100 -0.0344 -13.8878 -5.3578 3.02 -8.87 -2.88 145 206 198 214 198 
0.2090 -0.0551 -0.8400 0.4976 208.62 15.69 118.12 8.20 -4.74 -5.43 5.3300 2.0100 -0.9900 -0.2344 -1.7478 -1.7156 2.91 -7.93 -4.97 152 217 201 218 198 
0.1110 0.1649 -0.8451 0.4963 209.00 21.56 120.37 8.85 -6.12 -4.78 7.1100 2.0800 -0.4000 -0.8156 7.7567 0.4856 5.12 -7.89 -2.74 181 244 261 263 211 
0.4915 -0.1785 -0.7090 0.4731 285.00 27.37 89.75 5.20 -8.12 -3.44 -1.1800 -0.0300 -3.7900 -2.8867 5.0089 2.8756 2.32 -9.52 -0.26 184 322 320 328 217 
0.5914 -0.6038 -0.4443 0.2970 306.75 7.94 98.81 0.16 -7.90 -9.84 -0.6100 0.8600 -8.7500 1.1900 0.6722 0.5633 0.85 -9.72 -0.89 184 328 331 336 221 
0.6530 -0.5621 -0.3671 0.3506 302.87 5.37 79.37 0.01 -3.18 -3.90 -1.4400 6.8000 -7.7900 6.0089 -1.0978 -0.7567 1.56 -7.50 6.11 186 328 332 347 215 
0.8489 -0.2154 -0.1618 0.4547 303.56 2.56 19.81 2.10 9.59 9.75 1.1800 11.1100 0.6900 6.3178 2.5478 0.6822 -0.74 1.38 9.67 189 333 347 340 216 
0.8613 0.1193 0.0895 0.4857 300.87 -4.50 -20.19 -5.99 5.45 19.58 -4.1700 1.9400 8.6800 -0.4056 -2.4600 -1.2378 -0.12 3.24 9.25 193 330 346 331 216 
0.8958 0.1230 0.0717 0.4210 312.12 -1.37 -14.63 -1.14 3.46 7.09 -0.8900 1.4500 -3.3700 -0.5956 -1.0889 -1.8944 0.18 1.92 9.61 187 301 328 321 214 
0.9564 0.0934 -0.0023 0.2770 332.69 3.50 -10.81 2.80 2.85 3.92 2.4600 0.7100 -5.4400 3.3278 1.3233 -2.8867 -0.55 3.74 9.04 190 311 333 356 221 
0.9454 0.2985 0.0980 0.0866 350.31 -6.56 -36.19 2.39 5.76 13.51 1.4600 -2.7400 0.3800 0.8622 -0.9144 -0.4678 -0.17 5.43 8.16 190 317 344 366 224 
;
