0.9518 0.2533 0.0673 0.1594 341.00 -2.69 -30.25 -0.50 4.98 8.48 -0.1300 0.0300 0.0600 0.0067 -0.0344 -0.0922 -0.46 4.92 8.46 185 306 293 292 216 
0.9531 0.2537 0.0642 0.1521 341.94 -2.62 -30.25 0.00 4.95 8.44 0.3000 -0.0500 0.0000 0.0267 0.0789 -0.0522 -0.50 4.95 8.44 185 305 293 293 216 
0.9529 0.2558 0.0682 0.1483 342.37 -3.12 -30.69 -0.90 5.06 8.85 -0.8100 -0.2200 0.9500 0.1911 -0.7556 0.1744 0.00 5.20 8.31 184 311 296 298 218 
0.9408 0.3110 -0.0156 0.1341 343.62 9.63 -37.06 8.95 10.47 16.50 5.8600 4.8700 8.5800 -0.8878 -1.2478 2.3544 3.72 4.97 7.58 183 333 239 238 213 
0.9063 0.2601 -0.1981 0.2678 322.37 32.44 -20.75 8.15 3.59 1.66 1.1300 2.2800 -3.1800 -0.6067 0.7033 4.8656 5.56 0.36 8.06 168 255 177 182 193 
0.7930 0.1173 -0.2443 0.5456 284.69 29.81 9.06 0.77 2.01 3.60 -3.8100 4.0700 -4.2400 1.0522 1.4289 1.4467 4.16 -1.57 8.73 155 237 166 175 186 
0.7085 0.0802 -0.2039 0.6708 272.94 22.69 9.75 2.40 2.38 6.85 -0.8500 3.8600 -1.8600 0.0744 0.9733 -0.9767 3.25 -1.17 9.17 150 227 169 180 188 
0.7528 0.0538 -0.1578 0.6368 281.75 16.94 7.50 3.92 0.14 8.79 0.9600 1.0500 -0.7000 -1.0722 0.6689 -1.1911 2.56 -1.70 9.30 149 219 168 182 191 
0.8152 -0.0092 -0.1717 0.5530 293.62 15.94 13.13 2.08 -5.66 7.86 -0.5200 -3.1400 -1.0900 -0.5256 -0.5800 -0.5756 3.16 -2.32 8.98 166 286 184 192 194 
0.8172 0.0177 -0.2524 0.5178 293.44 31.75 14.44 4.84 -4.63 7.58 -0.2100 -1.7500 -1.2000 2.5411 -5.1000 0.6867 7.62 -1.24 6.03 188 368 189 201 201 
0.6412 0.3084 -0.4244 0.5600 273.94 65.50 14.25 9.93 -1.03 2.66 0.7600 1.9900 -0.4800 1.4567 -0.7822 0.5011 9.15 -1.28 3.25 190 376 189 195 198 
0.5437 0.3775 -0.4340 0.6112 261.44 69.75 17.94 10.09 1.51 2.37 0.0000 1.8600 -1.7700 -0.0511 0.2078 0.4178 9.16 -1.24 3.24 193 382 183 191 198 
0.5139 0.3914 -0.4270 0.6328 258.25 68.12 23.94 10.03 1.32 2.41 1.4900 3.5500 -0.6900 -1.1267 1.1133 0.0722 8.83 -1.77 3.86 192 371 191 195 198 
0.5682 0.2971 -0.4443 0.6256 266.75 59.75 27.50 8.62 -1.19 3.53 -0.8200 -0.8400 -1.0800 -2.6867 1.4978 -0.5033 8.11 -2.77 4.75 192 356 193 197 199 
0.6646 0.1734 -0.4752 0.5499 282.12 54.81 31.00 6.91 -6.17 5.30 -1.0700 -2.1000 0.9600 -0.0067 0.1967 -0.3444 7.93 -2.76 5.05 193 357 193 200 200 
0.6952 0.1510 -0.4639 0.5280 285.56 53.25 27.56 6.29 -1.91 5.72 -1.8400 0.7200 0.4300 -0.2633 -0.1800 0.0133 7.88 -2.81 5.09 193 355 195 198 199 
0.7035 0.1385 -0.4714 0.5136 290.19 52.56 28.81 2.91 -0.61 3.21 -4.9300 2.2300 -3.1800 -2.2000 3.0178 -1.5733 6.90 -3.02 6.27 189 289 240 238 205 
0.8655 -0.0494 -0.3566 0.3482 325.12 28.00 21.00 5.92 -3.14 3.86 0.0500 -0.1000 -5.1600 3.9500 9.6389 -4.0489 -1.32 -0.47 9.70 191 320 317 339 212 
;
