0.7663 0.2130 -0.1021 -0.5975 75.87 -5.94 -26.75 -0.71 4.24 9.05 0.2400 -0.1700 0.3800 -0.0422 0.2756 0.0478 -1.18 4.35 8.70 178 312 307 309 205 
0.7715 0.2119 -0.1013 -0.5913 74.31 -1.81 -26.62 3.61 6.78 17.86 5.0900 2.6800 9.4300 -0.9833 -2.0689 1.8411 1.80 3.77 8.86 178 302 250 250 205 
0.8394 0.0350 -0.1739 -0.5137 57.81 16.37 -7.50 6.93 3.93 7.02 3.5100 3.6000 -2.6400 -2.2711 -0.8589 4.9033 3.21 -1.53 9.13 173 254 197 204 198 
0.9557 -0.1606 -0.1185 -0.2161 18.12 16.00 17.06 1.13 0.95 4.85 -2.1700 3.7200 -4.4300 1.2878 0.6500 2.8700 1.70 -2.60 9.29 160 204 179 188 193 
0.9904 -0.1116 -0.0804 0.0167 355.56 8.38 12.56 -1.58 1.18 7.12 -2.8900 2.7300 -1.7100 0.4956 0.0978 0.2356 1.26 -1.84 9.54 152 196 179 185 191 
0.9914 -0.0948 -0.0689 0.0586 354.62 6.19 11.69 1.38 1.64 9.24 0.8100 3.4900 -0.2500 -0.4267 0.7767 -0.9967 0.60 -2.23 9.53 145 194 179 190 191 
0.9905 -0.1352 -0.0222 -0.0109 2.50 2.31 17.44 0.77 -3.06 8.94 0.1800 -1.3500 -1.1600 -1.3567 -0.2511 -0.4089 0.56 -3.88 8.98 146 196 172 196 191 
0.9732 -0.2240 -0.0104 -0.0513 6.81 2.06 26.37 -0.44 -6.20 7.95 -0.9600 -0.9400 -0.5500 -0.7733 0.3911 -0.5378 0.26 -4.74 8.58 160 245 205 217 194 
0.9584 -0.2666 0.0280 -0.0981 13.19 0.31 32.00 -1.17 -2.65 4.73 -1.4600 2.7900 -2.5700 -0.2211 1.3200 -2.5344 0.40 -5.31 8.22 170 284 260 279 199 
0.9240 -0.2782 0.0206 -0.2617 38.38 7.81 28.50 0.88 -0.98 3.50 -0.6800 3.2800 -3.3000 4.2433 2.0789 -3.7733 1.05 -1.67 9.60 177 319 279 336 200 
0.8458 0.0011 -0.0604 -0.5302 67.25 4.87 -10.13 3.04 6.93 16.83 0.8100 3.4900 7.3100 3.4933 1.6200 -0.6100 -0.23 4.11 8.90 180 345 305 344 204 
;
0.7772 0.2572 -0.0958 -0.5662 71.12 -10.25 -29.44 -3.32 4.86 8.01 -0.8400 0.1600 -0.9300 -0.0311 0.4033 -0.2078 -1.82 4.70 8.41 179 333 297 331 205 
0.7808 0.2531 -0.0737 -0.5665 71.75 -9.63 -28.87 -2.27 4.42 10.53 -1.7500 -0.3000 2.8400 -0.1689 -1.1844 0.4956 -0.80 4.65 8.59 180 330 300 310 207 
0.7944 0.1822 -0.1396 -0.5623 69.44 5.94 -24.44 5.83 6.13 13.25 4.1900 2.4100 4.0600 -1.3011 -2.1633 2.7233 3.16 2.66 8.88 179 291 218 215 199 
0.8787 -0.0306 -0.2255 -0.4197 44.38 27.37 -3.56 7.54 1.87 7.02 2.9200 2.1600 -2.2100 -0.3956 0.1878 4.3711 4.36 -1.28 8.68 173 259 193 192 188 
0.9690 -0.1215 -0.1696 -0.1321 9.81 18.06 12.06 1.39 1.69 4.99 -2.4200 3.9000 -4.2000 1.1756 1.1456 2.6344 1.87 -1.67 9.47 160 250 192 190 188 
0.9927 -0.0747 -0.0795 0.0502 352.25 8.00 8.06 -0.68 2.30 7.17 -1.9100 3.8500 -1.5000 0.0067 0.5400 0.0378 1.09 -1.22 9.66 151 226 184 185 188 
0.9946 -0.0663 -0.0492 0.0627 354.06 4.69 9.25 2.11 1.11 8.97 2.0400 3.4500 -0.9200 -0.6044 0.6989 -1.3622 0.64 -2.04 9.56 150 229 173 179 186 
0.9918 -0.1223 -0.0222 -0.0314 4.81 4.06 15.44 0.88 -6.98 9.02 -0.3700 -4.5800 -0.5400 -1.0356 0.1189 -0.7967 0.97 -3.22 9.20 150 233 170 183 186 
0.9792 -0.1796 -0.0292 -0.0897 11.25 4.56 20.37 0.57 -3.02 9.08 -0.5300 0.9100 -0.5200 -0.2033 -0.2567 0.1889 0.76 -3.55 9.10 159 235 196 201 190 
0.9708 -0.2134 -0.0100 -0.1091 15.94 2.31 27.31 -3.97 -3.69 1.99 -3.8700 1.2700 -7.7900 -0.8878 0.8711 -2.6056 0.73 -5.00 8.40 172 288 278 288 198 
0.9162 -0.2277 0.0155 -0.3293 47.06 7.19 19.00 1.33 1.52 7.68 -0.0600 3.8300 -1.4300 4.0489 -0.0989 -3.5656 1.26 0.11 9.72 177 326 285 336 200 
0.8209 0.0704 -0.0898 -0.5596 70.06 2.62 -17.50 1.06 7.41 15.90 -0.8100 3.3100 6.6900 2.7922 2.1378 -0.7489 -0.88 4.68 8.56 180 342 291 340 204 
;
0.7703 0.2585 -0.0934 -0.5754 73.31 -10.31 -29.75 -3.65 5.93 8.62 -1.7200 0.8000 -0.0900 0.0367 -0.3222 0.0978 -1.73 4.83 8.35 178 339 303 343 206 
0.7702 0.2591 -0.0859 -0.5764 73.50 -9.31 -30.50 -1.89 5.19 8.20 -0.5400 0.6000 0.5600 -0.0756 -0.6700 0.2500 -1.26 4.91 8.38 179 329 291 335 208 
0.7732 0.2218 -0.1151 -0.5829 73.62 -2.69 -27.12 0.16 6.06 14.53 1.3200 2.2400 6.2200 -1.9111 -1.4956 1.0978 0.77 3.26 9.21 179 306 243 258 206 
0.8322 0.0376 -0.1490 -0.5328 59.94 15.69 -8.56 7.19 3.94 10.30 3.9300 2.6100 1.0700 -1.9078 -0.6822 4.7422 3.25 -0.95 9.20 178 279 218 203 196 
0.9508 -0.1436 -0.1193 -0.2473 21.94 15.38 15.50 2.50 0.71 4.27 -0.3000 3.4600 -4.9900 0.7100 0.5667 3.6722 1.31 -2.72 9.32 169 253 185 177 181 
0.9930 -0.1063 -0.0468 0.0201 354.37 4.37 9.81 -1.87 4.25 6.79 -2.7200 5.5200 -2.7700 0.4778 0.1856 0.6744 0.52 -1.17 9.72 156 222 177 174 180 
0.9955 -0.0585 -0.0198 0.0710 353.81 1.00 7.50 -0.24 1.78 8.93 0.7300 3.0100 -0.7100 -1.1133 0.0533 -1.2544 0.20 -2.02 9.59 152 207 162 176 181 
0.9920 -0.1226 -0.0128 -0.0282 4.87 2.62 15.31 0.81 -5.63 9.16 0.4800 -3.5800 -0.0900 -0.9689 -0.4100 -0.6189 0.83 -3.23 9.22 150 208 155 176 181 
0.9786 -0.1830 -0.0229 -0.0906 11.63 4.31 21.00 1.20 -3.54 8.44 0.3400 0.1200 -0.7300 -0.1978 0.9744 -0.5833 0.36 -3.61 9.10 163 242 196 195 188 
0.9700 -0.1917 0.0103 -0.1494 19.56 2.62 23.87 -1.32 -2.09 2.66 -1.7100 1.9300 -6.4700 -0.6000 0.8400 -2.5822 0.90 -4.47 8.68 175 290 270 287 198 
0.9182 -0.1933 0.0145 -0.3456 48.75 4.94 16.87 1.01 0.34 7.70 0.4500 2.6200 -2.0400 4.6400 0.7233 -2.5611 0.36 0.30 9.79 179 317 274 332 201 
;
0.8290 0.0924 -0.0441 -0.5499 69.75 -0.37 -16.06 4.37 9.59 16.75 3.4000 6.0100 7.1300 1.5644 2.9300 -1.5622 -0.92 4.40 8.71 179 337 266 330 204 
0.7540 0.2637 -0.1162 -0.5903 76.31 -8.06 -31.19 -2.03 4.35 5.74 -0.7700 -0.5200 -2.8100 0.1789 0.6256 -0.2111 -1.51 5.06 8.25 178 327 303 340 207 
0.7516 0.2671 -0.1012 -0.5945 76.56 -9.25 -32.19 -2.76 5.68 13.33 -0.8500 1.9800 7.0400 -0.3878 -1.3500 0.6911 -0.65 5.11 8.34 180 302 250 275 208 
0.7864 0.1679 -0.1526 -0.5745 68.75 6.12 -21.25 6.01 8.17 11.86 4.3200 4.6800 0.9900 -3.2889 -0.7467 4.3444 2.27 0.73 9.51 179 277 206 211 201 
0.9252 -0.0956 -0.0858 -0.3571 34.81 11.25 10.69 1.86 0.85 4.73 -0.0100 3.3400 -4.9300 -0.2844 0.9189 3.8156 0.71 -2.50 9.45 174 259 162 181 188 
0.9901 -0.1158 0.0052 -0.0797 4.87 0.00 12.50 -2.00 3.23 4.79 -2.4000 4.7500 -4.7200 0.7767 0.4389 1.1600 -0.38 -1.64 9.65 159 226 163 180 186 
0.9968 -0.0746 0.0219 0.0164 359.00 -3.12 8.69 -0.50 1.68 9.66 1.0800 3.5400 -0.1700 -0.4778 0.1233 -0.9078 -0.56 -1.85 9.61 155 212 157 180 185 
0.9929 -0.1063 0.0291 -0.0446 6.19 -2.06 13.19 0.24 -2.72 9.80 0.1900 -1.2300 0.0800 -0.6111 -0.1344 -0.8444 -0.12 -2.65 9.44 153 220 161 179 185 
0.9836 -0.1483 0.0204 -0.1007 12.75 -0.56 17.75 0.14 -3.96 8.61 0.6600 0.1500 -0.2100 0.0967 0.7533 -0.6622 -0.33 -2.95 9.34 155 228 175 185 187 
0.9771 -0.1638 0.0241 -0.1337 16.19 0.81 20.19 -1.38 -1.54 5.27 -2.2800 1.0200 -4.7300 -1.2878 0.6989 -1.5578 0.15 -4.29 8.81 170 269 213 246 195 
0.9334 -0.2191 0.0487 -0.2800 39.63 1.69 23.62 -0.01 -2.93 2.07 0.7800 1.9900 -4.1000 3.2800 0.7578 -3.8989 0.75 -1.56 9.65 178 311 284 323 200 
0.8459 -0.0098 -0.0432 -0.5315 67.87 4.19 -8.75 0.79 5.13 15.00 1.4400 3.8300 5.2300 2.1244 0.7567 -1.6244 0.11 3.23 9.25 179 339 309 338 201 
;
