0.7942 0.3231 -0.0146 -0.5145 65.81 -18.00 -33.69 -3.03 5.30 7.65 0.0000 0.1400 -0.0700 -0.0067 0.0056 -0.0044 -3.04 5.17 7.75 177 326 323 351 212 
0.7943 0.3233 -0.0141 -0.5142 65.81 -18.00 -33.75 -2.97 5.29 7.72 0.0400 0.1000 -0.0200 0.0033 0.0033 -0.0056 -3.03 5.18 7.75 175 327 323 351 212 
0.7944 0.3232 -0.0148 -0.5142 65.75 -17.69 -33.75 -4.06 5.35 8.78 -1.7700 -0.0800 1.2200 0.1178 -2.0344 0.9878 -1.79 5.33 8.02 177 328 312 314 211 
0.8146 0.2430 -0.1379 -0.5084 63.31 3.06 -29.44 5.56 6.87 13.88 3.2900 1.6200 4.9100 -2.0078 -0.9678 2.4322 1.87 3.20 9.07 177 328 259 287 210 
0.9019 0.0308 -0.1630 -0.3987 42.31 16.75 -5.31 5.01 1.69 7.01 2.4300 1.9700 -2.1000 -1.0033 -0.7044 4.3956 3.10 -1.05 9.24 175 280 176 187 191 
0.9758 -0.1099 -0.1485 -0.1169 7.62 17.25 11.88 0.10 1.33 5.48 -2.6900 3.3600 -3.7700 0.7144 0.0489 2.4056 2.46 -2.01 9.27 172 242 158 168 174 
0.9858 -0.0864 -0.1221 0.0757 349.81 12.25 10.69 -1.06 2.05 7.67 -2.7900 3.8900 -1.2900 0.2556 0.2900 -0.2467 1.87 -1.62 9.48 169 232 161 169 174 
0.9893 -0.0804 -0.0960 0.0753 353.00 9.94 10.50 3.21 0.87 9.28 1.6000 2.5700 -0.1400 -0.6967 0.5867 -1.1789 1.45 -2.04 9.48 170 231 163 174 175 
0.9901 -0.1189 -0.0739 -0.0132 3.19 8.69 14.75 1.78 -4.07 8.65 0.1900 -1.7800 -0.9200 -1.0756 0.2300 -0.9289 1.54 -3.10 9.17 169 236 167 178 177 
0.9771 -0.1818 -0.0752 -0.0808 10.50 10.69 21.00 1.49 -4.52 7.53 -0.4800 -0.6700 -1.4500 -0.2133 0.0467 -0.7911 2.02 -3.54 8.91 173 272 182 186 183 
0.9647 -0.2049 -0.0836 -0.1425 19.19 12.56 23.00 1.79 -4.83 4.24 -0.2800 -0.5600 -5.1500 0.6656 -0.2222 -1.1000 2.52 -3.16 8.93 171 312 198 193 185 
0.9576 -0.1450 -0.1144 -0.2211 26.94 16.06 9.31 3.12 0.33 7.44 0.6300 2.3800 -0.5000 2.5667 -0.2956 -0.7322 2.73 0.42 9.40 171 358 203 196 184 
0.9561 0.0298 -0.1587 -0.2448 28.25 18.00 -11.25 5.56 6.35 15.66 2.3100 3.4900 7.2000 0.3744 -0.4556 0.4111 3.51 2.06 8.92 170 371 195 194 187 
0.9532 0.0553 -0.2034 -0.2170 25.12 21.00 -10.75 3.65 2.15 12.59 0.3500 0.7900 3.0600 -1.5278 0.1733 0.7167 3.44 0.64 9.15 169 369 196 195 186 
0.9669 -0.0419 -0.1570 -0.1968 22.75 17.56 4.37 0.47 -0.70 8.86 -2.4200 0.6700 -0.8900 -1.8522 -0.2789 0.0300 3.06 -2.03 9.08 165 364 185 192 186 
0.9542 -0.1623 -0.1295 -0.2156 28.31 18.37 15.94 -0.79 -0.36 4.65 -3.8400 2.6600 -4.9000 0.2200 -0.4189 -1.8211 3.59 -1.96 8.90 167 356 182 186 181 
0.9104 -0.1302 -0.1746 -0.3517 44.50 24.94 3.81 7.63 3.55 4.30 3.6900 3.7700 -3.9800 1.8856 -1.3167 -0.7189 4.80 0.87 8.50 167 352 183 187 176 
0.8787 -0.0255 -0.2797 -0.3860 46.81 31.50 -14.31 10.31 3.92 9.82 5.0800 1.4400 2.1000 1.2778 0.0378 0.5289 5.26 2.65 7.83 166 352 187 190 178 
0.8915 0.0325 -0.3170 -0.3221 37.69 33.13 -17.31 7.30 3.59 12.52 1.3300 1.5300 4.2500 -0.6167 0.8278 2.1800 5.27 1.15 8.18 167 355 192 192 180 
0.9404 -0.0403 -0.2751 -0.1955 20.81 31.31 2.12 2.01 0.40 7.56 -2.9800 0.9800 -1.5900 -1.2878 0.1889 1.2089 4.79 -1.70 8.38 167 358 192 193 181 
;
