0.9766 0.1781 -0.1199 -0.0089 1.44 14.00 -21.00 1.76 3.38 9.01 -0.4200 -0.0800 0.0600 -0.1089 -0.5056 -0.0022 2.71 3.34 8.80 185 301 316 343 224 
0.9725 0.1713 -0.1561 -0.0208 2.44 17.94 -20.81 3.86 2.95 8.66 0.8400 -0.4200 -0.1800 -0.1656 -0.4289 -0.0311 3.31 3.23 8.64 184 300 316 346 225 
0.9698 0.1629 -0.1790 -0.0310 4.06 19.25 -20.12 3.20 3.06 8.61 -0.0900 -0.1000 -0.0800 -0.1289 0.0489 -0.1778 3.13 3.15 8.74 182 300 314 343 226 
0.9717 0.1566 -0.1714 -0.0442 5.25 18.50 -19.69 2.96 2.96 8.76 -0.1400 -0.1500 0.0100 0.0744 0.1556 0.0233 3.02 3.16 8.77 184 299 318 345 225 
0.9725 0.1605 -0.1636 -0.0428 5.00 17.56 -20.12 3.43 3.18 8.66 0.4500 -0.0400 -0.1800 0.0267 0.2678 -0.0422 2.80 3.25 8.81 185 304 321 349 223 
0.9744 0.1690 -0.1422 -0.0421 4.44 14.06 -21.69 4.66 2.90 13.80 3.4500 -0.5200 6.9000 2.2200 -2.1811 1.8633 3.97 4.31 7.85 183 321 212 221 217 
0.9209 0.2253 -0.3110 0.0665 343.75 45.31 -22.50 14.00 6.03 6.52 4.5600 4.8900 -0.7900 0.2778 -0.0056 6.5267 7.58 -0.87 6.15 179 239 175 178 192 
0.7757 0.0806 -0.4131 0.4702 288.81 40.81 23.81 1.11 1.68 1.72 -5.9800 4.8400 -5.0500 2.7000 1.2656 2.4700 4.94 -2.63 8.04 178 237 160 176 188 
0.6804 0.0866 -0.2422 0.6862 269.06 24.69 11.06 0.10 6.21 7.39 -3.1200 7.4100 -0.5100 0.1689 0.5900 -0.9178 3.64 -1.21 9.02 175 231 169 177 190 
0.7350 0.0629 -0.1695 0.6536 279.69 18.25 9.63 3.31 0.96 7.99 0.1900 2.4400 -1.2200 -2.9089 -0.0300 -1.2356 3.19 -3.03 8.76 173 222 172 177 189 
0.7991 -0.0797 -0.2610 0.5357 294.87 20.87 27.94 5.85 -6.72 5.96 3.4400 -1.9500 -1.5600 -2.4889 2.8689 -1.1678 2.64 -5.44 7.71 179 263 213 211 200 
0.8495 -0.2856 -0.2159 0.3875 316.81 1.06 48.94 1.79 -8.38 0.74 0.6900 0.1000 -2.1300 -6.6133 8.0889 -0.2700 -2.33 -9.49 0.74 180 259 271 260 207 
0.6284 -0.7684 0.0412 0.1147 340.56 -12.19 104.69 -5.10 -12.93 -16.07 -3.7100 -3.7700 -12.4200 5.6700 0.1767 -1.1456 -0.78 -9.77 0.14 186 280 291 270 212 
0.8246 -0.5657 0.0050 -0.0084 2.06 2.19 57.38 5.61 6.10 18.20 3.5300 12.4900 11.8400 -2.1867 0.2356 0.1856 0.60 -8.45 4.92 193 289 297 273 213 
0.8107 -0.5846 -0.0262 -0.0194 2.69 3.81 84.12 0.07 -7.68 -3.08 -0.1100 1.4000 -5.5300 -6.1222 -1.7378 0.8111 0.02 -9.19 -3.41 188 271 286 262 212 
0.5111 -0.8561 -0.0533 0.0551 347.37 -2.25 114.87 -4.34 -8.46 -13.73 -3.8300 1.8700 -7.6900 7.7311 -0.2200 -1.3311 0.56 -9.66 1.53 187 301 290 278 215 
0.8459 -0.5274 -0.0773 0.0199 357.12 6.00 64.44 2.55 -3.47 8.20 0.0200 3.9900 -0.0800 -2.9133 0.2633 0.9400 0.30 -9.53 2.27 183 282 288 273 214 
0.7585 -0.6479 -0.0433 0.0538 349.44 -1.37 81.56 -0.45 -4.43 -5.78 -0.3000 5.9000 -7.6600 6.0500 -0.2489 -0.7044 0.03 -8.50 4.88 184 314 317 319 216 
;
0.9467 -0.3158 -0.0204 0.0598 354.31 -1.12 24.06 -1.50 0.17 16.85 -0.4600 3.1400 9.6600 6.7189 2.0844 -0.3689 -1.28 0.59 9.70 188 329 309 341 214 
0.9931 0.0946 0.0659 0.0220 357.00 -7.94 -15.38 -4.87 0.81 35.41 4.2400 -1.5300 2.4000 -0.3778 -0.1900 -0.5011 -0.64 2.52 9.45 187 291 306 324 222 
0.9888 0.1356 0.0553 0.0283 355.75 -7.50 -17.06 -2.13 2.79 12.89 -2.5300 -1.3300 4.5400 1.2556 -2.1000 0.7256 -0.04 3.66 9.09 182 322 286 279 221 
0.9734 0.2012 -0.0997 0.0462 353.50 19.69 -23.44 11.96 4.70 9.95 8.5500 0.9700 -1.2600 1.9733 -8.5444 5.8933 9.00 1.37 3.63 174 322 177 184 202 
0.6948 0.2266 -0.6097 0.3069 297.06 78.44 68.62 9.71 2.70 -2.77 -0.2000 5.4200 -1.7900 3.9144 1.8489 2.7644 8.69 -3.95 2.24 156 290 174 181 196 
0.5005 0.2516 -0.5186 0.6460 251.62 54.75 45.38 5.49 3.33 5.07 -1.6900 7.0000 -0.4900 -1.3333 6.0900 0.4822 5.94 -4.45 6.40 141 243 171 178 189 
0.5943 0.0572 -0.3398 0.7267 259.06 27.87 28.31 3.58 -2.27 7.17 -0.3100 1.9700 0.0600 0.2789 1.1944 -0.5967 3.98 -3.77 8.12 139 227 174 180 189 
0.6479 0.0067 -0.2800 0.7084 267.19 20.69 24.81 5.19 0.01 9.86 2.1600 3.0100 0.6900 -1.0467 1.3544 -1.1322 2.70 -4.25 8.41 139 224 174 185 189 
0.7361 -0.1083 -0.2568 0.6168 283.75 13.44 30.94 0.57 -8.09 4.80 -1.3100 -3.2500 -3.8100 -1.1867 0.7778 -1.4489 2.43 -5.47 7.76 145 230 180 186 192 
0.8010 -0.1835 -0.2806 0.4960 298.12 15.56 36.94 6.12 -4.46 7.61 4.3800 0.9000 -0.2600 -2.4656 4.4689 -0.3600 0.49 -6.88 6.96 172 265 244 237 203 
0.8098 -0.5109 -0.0446 0.2851 328.94 -18.37 75.87 -6.01 -9.81 -2.22 -3.6100 -0.9200 -1.7900 -6.3833 1.7822 0.1811 -3.21 -8.58 -3.47 177 286 283 264 207 
0.4957 -0.8592 0.0695 0.1063 336.75 -13.13 120.25 -2.42 -9.65 -18.35 -0.9200 2.6500 -11.3600 8.4544 -0.3333 -1.9556 -0.90 -9.76 0.10 182 289 302 284 211 
0.8416 -0.5382 -0.0261 0.0375 356.56 0.44 57.13 1.45 4.06 20.56 0.3000 8.6200 14.2200 -1.3822 0.6744 -0.4844 0.05 -8.40 5.05 189 290 283 281 212 
0.8091 -0.5873 -0.0060 -0.0178 2.25 2.06 83.00 0.13 -6.19 -3.67 -1.0400 3.5000 -7.1500 -8.4233 -2.4122 0.8233 -0.46 -8.68 -4.53 184 278 272 268 211 
0.4777 -0.8741 -0.0526 0.0699 343.12 -3.94 115.94 -3.02 -7.55 -12.86 -3.8900 3.6900 -4.6700 8.9467 1.1078 -2.1022 0.60 -9.48 2.43 189 286 283 284 214 
0.8546 -0.5143 -0.0673 0.0253 356.56 4.62 62.25 1.85 -4.28 9.57 -0.0400 3.2100 1.2200 -1.9578 0.0467 0.8100 0.13 -9.22 3.32 184 277 279 276 213 
0.7974 -0.6005 -0.0321 0.0511 351.94 -1.12 74.69 -0.15 -4.16 -3.78 -0.1100 5.5000 -6.5800 3.6956 0.1267 -0.5067 -0.08 -8.75 4.41 182 299 277 305 213 
;
