0.9672 0.1706 -0.0970 -0.1614 18.87 7.56 -21.31 1.44 3.70 9.01 0.0100 0.1500 0.0000 -0.0211 0.1344 -0.0233 1.21 3.53 9.06 180 316 339 349 217 
0.9676 0.1710 -0.0925 -0.1612 18.87 6.94 -21.25 1.57 3.65 9.01 -0.1500 0.0000 -0.1400 -0.1200 0.3322 -0.0833 0.92 3.45 9.13 181 310 340 347 216 
0.9694 0.1683 -0.0736 -0.1631 19.06 4.69 -20.50 0.75 3.40 9.09 0.0000 -0.1800 0.2700 0.2678 0.1089 -0.0567 0.69 3.56 9.10 179 311 330 330 217 
0.9646 0.2073 -0.0641 -0.1497 15.50 5.25 -26.62 6.83 6.83 19.34 6.1200 3.7700 10.6200 -0.4600 -6.8767 4.0833 5.42 3.60 7.32 179 311 209 203 191 
0.9315 0.1085 -0.3444 0.0428 347.31 38.25 -4.62 6.29 3.03 4.79 1.3700 3.1000 -3.3500 -0.3178 -1.0422 5.8333 6.19 -2.30 7.24 177 286 161 175 169 
0.8596 -0.0543 -0.3233 0.3920 304.12 28.25 24.44 2.31 1.05 3.52 -2.0800 4.3300 -4.9300 1.7778 1.2778 1.8667 3.41 -3.12 8.64 179 246 160 172 159 
0.8030 -0.0076 -0.2014 0.5609 289.25 16.56 11.94 -0.65 2.66 6.81 -3.0400 4.5500 -2.0300 0.9489 -0.1311 -0.2544 2.74 -1.16 9.34 157 223 156 167 159 
0.8201 0.0335 -0.1390 0.5541 293.87 15.31 6.06 4.25 3.48 9.07 1.6900 4.3100 -0.3300 -0.8811 0.0978 -1.4211 2.67 -1.27 9.34 171 224 159 171 159 
0.8744 -0.0135 -0.1711 0.4539 307.94 17.94 13.19 2.61 -5.30 7.16 -0.9100 -4.2700 -2.4400 -1.7322 -0.5856 -1.3844 3.71 -3.01 8.55 174 228 162 175 161 
0.8969 -0.0859 -0.2699 0.3397 320.06 26.06 22.50 4.78 -4.22 7.11 -0.6700 -1.1500 -0.4000 -0.8633 -1.6100 0.3378 5.16 -3.91 7.35 165 235 168 180 169 
0.8571 -0.1107 -0.3749 0.3356 315.75 35.88 35.69 7.82 -4.90 7.18 2.2600 0.2300 1.3500 -0.9322 -1.9278 1.5533 6.06 -5.65 5.23 176 249 171 172 168 
0.7221 -0.1678 -0.5202 0.4241 292.87 35.56 65.50 6.44 -8.58 4.04 0.6300 -1.6400 1.0200 -0.1211 -4.1022 3.2178 4.49 -8.56 1.63 177 307 175 180 169 
0.4395 -0.1820 -0.6461 0.5969 245.56 17.31 85.19 1.42 -7.10 0.44 -1.5300 2.2000 -0.5000 -0.4589 -0.3356 0.7644 2.24 -9.53 0.48 176 331 178 176 168 
0.3516 -0.1964 -0.6676 0.6262 238.94 13.00 88.50 2.91 -8.86 -0.58 0.8300 0.4500 -0.6600 0.0167 -0.0344 -0.0711 2.26 -9.53 0.22 177 317 176 176 167 
0.3549 -0.1958 -0.6652 0.6271 237.19 12.31 86.62 3.53 -11.75 -9.22 -0.0200 -2.0200 -12.3200 5.6711 0.9444 -0.9311 2.23 -8.82 3.63 171 238 161 184 171 
0.4310 -0.1139 -0.4498 0.7739 236.56 12.38 46.44 2.70 0.67 12.02 -0.5100 7.9500 8.4300 2.3533 1.1567 -0.7989 1.84 -5.17 8.12 173 248 164 188 173 
0.4788 -0.0587 -0.2966 0.8243 240.56 11.00 38.31 1.37 -4.28 8.03 -0.8200 2.3400 -0.0300 -3.3856 0.3111 -1.1244 2.37 -7.68 5.60 168 260 184 197 183 
0.5457 -0.1641 -0.5107 0.6438 269.62 23.69 65.69 2.59 -3.07 -2.03 -2.6300 4.7200 -6.0000 -1.7900 8.5811 -7.8956 5.96 -5.71 5.28 183 273 246 253 200 
0.9601 -0.1568 -0.2272 0.0456 1.50 17.62 10.88 2.10 4.57 7.81 -0.1500 5.8600 -0.1900 4.1800 1.4700 -1.8378 1.52 1.68 9.54 189 300 318 319 207 
;
0.9496 0.1740 -0.0623 -0.2533 29.69 1.75 -21.25 0.23 3.52 9.13 -0.0800 0.0100 -0.0400 0.0300 -0.0433 0.0611 0.35 3.58 9.12 178 312 337 347 215 
0.9503 0.1752 -0.0657 -0.2491 29.37 2.19 -21.44 0.47 3.63 9.09 0.1100 0.0200 0.0100 -0.0044 -0.0667 0.0044 0.43 3.58 9.11 177 314 338 348 214 
0.9500 0.1742 -0.0704 -0.2494 29.19 2.69 -21.50 0.47 3.71 9.11 -0.0400 0.1100 0.0100 0.0189 -0.0033 0.0211 0.47 3.60 9.10 178 313 339 348 215 
0.9504 0.1752 -0.0710 -0.2471 29.12 2.75 -21.62 0.51 3.64 9.05 0.1000 0.0100 -0.0300 0.0044 0.0167 -0.0089 0.46 3.61 9.10 179 314 338 350 214 
0.9502 0.1767 -0.0703 -0.2468 29.00 2.44 -22.00 1.97 3.12 11.50 0.9800 -1.0300 3.5000 0.9144 0.7156 0.9578 0.26 4.17 8.86 178 317 315 307 216 
0.9534 0.2198 -0.1036 -0.1791 18.06 11.50 -26.94 7.29 6.16 15.54 5.0600 2.2400 5.2400 -0.5867 -1.7867 4.0544 4.14 3.09 8.33 180 314 225 222 196 
0.9482 0.1162 -0.2830 0.0856 340.00 36.25 -4.62 6.85 2.18 4.27 0.6900 2.2100 -3.5900 -0.1411 -0.5856 5.0211 5.84 -1.66 7.69 177 263 163 165 158 
0.8381 0.0187 -0.3288 0.4348 301.06 30.75 16.94 0.71 2.49 3.53 -3.8200 5.1700 -4.6800 1.3878 0.0733 1.2733 4.41 -1.96 8.53 173 232 156 170 153 
0.8042 0.0557 -0.2201 0.5493 291.00 23.37 7.94 2.42 4.29 8.12 -1.2400 5.2900 -0.5500 0.4900 0.7833 -0.6011 3.37 -0.77 9.17 170 222 161 176 155 
0.8335 0.0516 -0.1616 0.5259 297.56 17.75 6.12 3.60 2.73 9.22 0.6000 3.3700 -0.8700 -1.9900 -0.6833 -0.7122 3.37 -2.13 8.95 168 221 163 176 156 
0.8619 -0.0501 -0.2505 0.4381 308.75 25.06 23.00 3.31 -6.48 3.97 -0.4700 -3.0100 -3.5700 -1.7622 -1.0011 -1.2467 5.29 -4.14 7.14 166 233 169 182 158 
0.8451 -0.1012 -0.3983 0.3420 314.12 39.88 37.13 11.82 -8.06 7.98 5.4600 -2.5400 3.6100 -1.0222 -5.1011 3.7844 6.65 -6.53 3.02 171 324 178 183 157 
0.5522 -0.1202 -0.6345 0.5273 259.87 28.06 81.62 1.05 -7.56 -0.09 -3.2800 1.5300 -0.4200 1.8000 -0.7289 2.0689 2.60 -9.20 2.12 168 303 176 186 158 
0.3784 -0.1611 -0.5906 0.6943 236.87 12.75 74.06 2.53 -8.29 2.03 0.4700 0.7700 -1.5700 0.6044 -0.5544 -0.3067 2.48 -8.98 3.03 168 280 174 185 159 
0.4114 -0.1019 -0.5192 0.7421 237.19 15.69 55.81 3.42 -3.92 2.31 -1.2500 5.6100 1.1700 4.1244 1.3589 -0.2611 2.06 -5.73 7.68 170 268 177 188 160 
0.4754 -0.0623 -0.2875 0.8291 239.50 8.56 37.69 -0.36 -5.24 8.93 -0.0200 -0.0700 -1.2700 -2.8811 -0.4689 0.1767 1.59 -7.66 5.90 174 257 181 192 165 
0.4534 -0.1477 -0.4603 0.7488 247.87 13.19 59.44 -1.57 -4.97 3.20 -5.4900 3.8500 -2.5300 -3.4156 2.2100 -4.1422 4.20 -8.17 3.42 176 280 214 209 181 
0.7371 -0.2152 -0.5027 0.3972 320.81 38.06 50.31 4.75 -1.32 0.66 -2.0200 3.9400 -6.1200 3.9422 8.4856 -6.1211 3.16 -1.73 9.11 184 311 297 302 205 
0.9984 0.0295 -0.0378 -0.0320 6.19 0.62 -11.88 -1.47 7.01 12.65 -1.0700 3.5600 3.4200 4.9067 2.9978 -1.4367 -1.61 5.32 8.07 189 364 355 374 211 
0.9413 0.3079 0.1096 -0.0841 11.31 -9.50 -28.37 0.58 3.56 11.25 2.6800 -0.8400 1.0400 0.4078 -1.3989 -0.1156 -0.60 4.73 8.56 184 347 333 371 214 
;
