0.9130 0.3483 0.0765 0.1984 335.44 -0.06 -41.75 -0.05 6.49 7.24 -0.0200 0.0000 -0.0600 -0.0022 -0.0044 0.0022 -0.01 6.53 7.31 189 335 335 352 221 
0.9130 0.3483 0.0765 0.1984 335.44 -0.06 -41.75 -0.09 6.47 7.20 -0.2600 0.0100 0.0800 0.0533 -0.2044 0.0878 0.12 6.54 7.29 184 337 312 344 220 
0.9082 0.3661 0.0323 0.2003 334.50 9.81 -43.69 6.47 12.62 18.90 6.0900 6.9200 10.2100 -2.6389 -2.9767 3.9056 4.71 4.86 7.08 185 282 213 202 204 
0.8762 0.2463 -0.2351 0.3411 310.50 36.88 -10.63 5.45 1.82 3.44 -1.0200 0.8400 -4.7800 -0.3867 1.0900 4.0911 5.49 -0.91 8.07 180 234 165 174 191 
0.7530 0.0930 -0.2604 0.5971 278.44 28.87 12.88 2.27 0.51 1.89 -2.4500 3.2400 -6.1400 1.3500 1.0611 1.0467 3.95 -1.47 8.85 172 224 157 173 184 
0.6958 0.0901 -0.1776 0.6901 270.94 20.19 6.44 2.20 5.05 9.09 -0.7300 6.0600 0.1700 -0.1989 1.0800 -1.0778 2.66 -0.96 9.38 167 221 160 178 186 
0.7528 0.0275 -0.1359 0.6434 281.00 13.56 9.31 2.28 -3.11 7.01 -0.5600 -2.2000 -2.2500 -1.1544 0.2133 -1.2878 2.35 -2.11 9.28 171 222 166 180 189 
0.8093 -0.0352 -0.1725 0.5604 291.81 14.81 15.94 2.69 -4.41 8.31 -0.3600 -0.1900 -0.5900 -0.8644 0.2878 -0.5500 2.64 -3.03 8.94 175 272 191 201 198 
0.8085 -0.0641 -0.2518 0.5280 293.87 23.37 26.44 -1.19 -3.11 -0.74 -4.7000 1.0200 -9.2800 -1.4611 -6.6167 -0.7133 7.01 -4.71 4.96 183 297 278 278 210 
0.6425 0.0771 -0.6251 0.4366 293.87 65.19 94.37 13.02 -3.73 -4.49 7.3200 -0.9900 -1.3700 -3.4233 -8.0056 -1.4822 6.54 -1.76 -7.08 184 271 240 281 200 
0.2538 0.1865 -0.9458 0.0788 337.81 28.25 177.56 6.32 -2.80 -10.45 1.8100 -2.3800 -1.2700 -0.8289 -3.7656 0.8811 2.42 0.01 -9.50 185 290 278 282 199 
0.1666 0.1263 -0.9775 0.0295 347.06 16.81 -179.56 6.80 3.31 -11.52 1.8000 5.9900 -0.9100 -0.7733 1.7056 0.6744 2.73 0.35 -9.40 173 293 273 272 197 
0.1440 0.0827 -0.9859 -0.0204 349.19 17.00 -176.25 2.90 1.71 -9.37 0.1700 0.4600 0.0400 0.1211 0.1356 -0.4078 3.11 0.64 -9.27 185 284 249 264 200 
0.1939 0.1208 -0.9735 -0.0111 345.25 25.25 -175.81 7.69 3.60 -8.36 2.7900 2.7600 -1.0500 -0.9567 11.5767 -0.8189 9.09 1.35 -3.41 181 290 293 335 212 
;
0.7958 0.1407 -0.5884 0.0254 355.62 45.56 -18.87 -0.75 0.83 1.50 -6.9000 -1.5100 -2.2200 1.4767 7.2289 -0.6944 0.69 3.30 9.20 186 316 326 373 216 
0.9788 0.1911 0.0353 0.0652 352.94 0.25 -23.44 0.63 0.25 11.45 0.4700 -1.1700 1.5400 0.2611 -1.3311 -0.2311 0.79 3.86 8.97 186 314 326 363 220 
0.9749 0.2176 -0.0256 0.0402 354.87 2.62 -25.56 -0.85 3.63 11.79 -0.8600 -0.8000 4.1300 1.4044 -0.3511 0.7256 0.76 4.81 8.50 186 337 273 278 220 
0.9554 0.2557 -0.1210 0.0846 345.87 24.44 -26.19 12.54 7.33 11.71 5.9300 5.1800 2.1100 -1.0256 -2.2000 5.7056 6.50 0.96 7.27 180 249 163 183 178 
0.8400 0.1154 -0.3620 0.3874 301.44 43.63 13.81 6.42 -0.03 1.93 -1.7400 2.4500 -5.2400 2.2744 1.7700 3.1167 5.50 -2.31 7.77 175 260 151 168 163 
0.7104 0.0799 -0.2702 0.6450 272.44 27.37 14.44 0.60 2.23 4.59 -3.4800 4.2100 -3.7900 0.8244 0.3444 0.4922 4.07 -1.71 8.75 166 266 162 168 167 
0.6863 0.0949 -0.1982 0.6933 270.37 23.19 8.56 3.32 2.82 9.06 -0.2100 4.2900 0.2400 -0.2756 0.5100 -1.1544 3.56 -1.24 9.04 170 273 168 176 171 
0.7477 0.0530 -0.1823 0.6363 281.56 19.62 10.38 4.20 -0.32 8.49 0.8000 0.8400 -0.7300 -1.5689 0.2389 -1.2589 3.37 -2.29 8.91 166 270 169 175 171 
0.8036 -0.0100 -0.2336 0.5474 292.69 21.56 17.75 3.33 -6.38 7.66 -0.4700 -2.2500 -0.6000 -0.1633 0.1733 -0.1100 3.48 -2.87 8.70 172 258 178 181 176 
0.8211 -0.0391 -0.2284 0.5217 297.00 16.87 20.12 -4.85 -3.30 4.09 -6.6900 0.3800 -6.8100 -0.9089 -3.9744 -0.0500 4.66 -4.03 7.62 177 257 231 239 199 
0.7678 -0.0296 -0.4380 0.4666 298.31 48.31 42.88 10.74 -2.23 -0.36 0.0000 0.2500 -4.5000 -1.6100 -6.3489 -1.3033 9.03 -3.77 0.54 156 295 308 300 209 
0.5571 0.1369 -0.7601 0.3053 305.37 65.00 142.19 15.46 -4.44 -3.63 10.5600 -2.2000 3.2600 -2.2389 -5.1644 -0.9111 6.49 -0.86 -7.29 185 268 256 272 195 
0.2913 0.1801 -0.9362 0.0789 340.31 32.06 176.25 4.38 -2.95 -5.47 -1.7800 -2.0300 3.1700 -0.3844 -3.1522 1.2800 3.62 -0.72 -9.08 189 283 253 284 193 
0.1547 0.0904 -0.9830 0.0400 349.75 15.50 177.56 1.31 6.10 -10.11 -5.6800 5.3600 -2.6100 -0.9911 -1.4300 0.3678 2.09 0.52 -9.56 187 289 270 286 195 
0.1220 0.0588 -0.9905 -0.0225 353.31 12.81 -176.50 2.36 1.26 -9.37 0.6800 0.5800 0.0700 0.0800 0.3211 -0.2422 2.16 0.55 -9.54 186 279 257 274 198 
0.1397 0.0725 -0.9874 -0.0126 350.31 21.62 -177.94 6.65 3.69 -9.75 3.1900 3.7100 -1.6700 0.0844 10.5811 -1.3156 8.46 0.64 -4.90 186 295 299 303 209 
0.7462 0.1362 -0.6487 0.0624 348.94 59.38 -19.37 2.41 -0.28 1.38 -6.4300 -2.0100 -4.5600 2.0444 9.6189 -0.5000 1.73 3.44 9.01 191 311 322 371 222 
;
