0.9406 0.1388 -0.1779 -0.2540 30.19 15.25 -21.31 2.59 3.30 8.82 0.0500 -0.0700 0.0000 -0.0022 0.0033 0.0033 2.58 3.44 8.81 178 339 340 355 216 
0.9412 0.1390 -0.1754 -0.2533 30.06 14.88 -21.19 2.66 3.27 8.93 0.2900 -0.1500 0.2000 0.1000 0.2744 -0.0911 2.36 3.49 8.85 179 340 341 355 217 
0.9398 0.1785 -0.1561 -0.2458 26.75 12.25 -29.06 7.06 7.13 18.20 6.5300 3.2100 10.7800 -1.4733 -1.5878 3.2244 3.91 3.93 8.08 178 321 224 225 197 
0.9445 0.1332 -0.2983 -0.0363 354.87 38.19 -11.69 7.89 4.92 5.30 -1.2400 3.2400 -2.8400 -0.5478 0.9056 6.0756 5.59 -1.55 7.90 177 263 164 177 169 
0.8810 -0.0249 -0.2997 0.3652 308.25 27.94 18.37 2.08 0.30 1.96 -0.8900 4.2600 -5.7400 2.2733 0.2178 1.8622 4.04 -1.98 8.70 167 205 156 168 162 
0.8173 0.0599 -0.1976 0.5380 292.12 22.06 5.19 1.67 5.45 8.67 -1.7700 6.0300 -0.3600 0.0433 0.0989 -0.0822 3.53 -0.68 9.12 164 202 156 167 164 
0.8224 0.0631 -0.1709 0.5390 295.19 19.62 5.56 4.08 1.77 7.77 1.1900 2.6500 -1.1400 -0.7089 0.5856 -1.3756 2.95 -1.16 9.27 158 202 155 171 165 
0.8793 -0.0108 -0.1627 0.4474 308.69 16.19 11.94 2.40 -5.97 7.32 -0.4900 -4.5600 -2.0800 -1.1578 0.2733 -1.2489 2.81 -2.58 9.03 159 206 159 167 165 
0.9167 -0.0692 -0.1856 0.3469 319.75 16.50 14.75 2.73 -2.12 9.86 0.1100 0.5400 0.7400 0.0011 -0.1289 -0.0233 2.72 -2.30 9.13 160 219 166 177 172 
0.9243 -0.0778 -0.1748 0.3301 320.69 16.19 16.31 2.77 -2.07 8.23 -0.1400 0.8300 -0.6700 -0.1678 -0.0133 -0.3178 2.91 -2.75 8.94 167 230 182 194 184 
0.9264 -0.0934 -0.2011 0.3044 324.56 21.37 19.31 4.66 -1.44 5.24 0.1500 1.4100 -3.3600 -0.0578 0.8367 -1.6244 3.95 -2.75 8.54 174 265 243 252 197 
0.9128 -0.0500 -0.3459 0.2114 335.69 50.56 17.94 2.32 0.69 -1.95 -6.8900 3.4000 -6.2200 -2.6822 -11.5511 -2.9744 9.66 -0.25 -1.63 178 252 232 249 186 
0.4790 0.0786 -0.8708 -0.0783 25.06 52.50 -154.12 21.75 8.56 -15.93 17.6800 5.0500 -11.9000 0.6978 -0.9178 -0.4100 6.13 3.66 -6.71 183 252 247 259 186 
0.3591 0.1205 -0.9189 -0.1104 346.00 38.06 -163.06 10.88 0.58 -13.67 2.7600 -0.9500 -5.1400 3.3956 0.5222 2.0411 6.30 -0.71 -7.47 181 271 247 259 189 
0.3414 0.0596 -0.9225 0.1701 292.31 42.25 146.19 5.74 -1.00 -10.77 -4.5500 4.9000 -2.6200 5.6167 2.4778 2.1300 6.83 -6.76 -1.91 188 360 342 349 210 
0.4579 -0.0203 -0.7195 0.5217 260.00 37.63 88.19 3.06 -1.54 0.06 -3.1700 6.2000 -0.0200 0.4556 1.6556 0.1578 5.73 -7.84 1.32 188 364 345 357 207 
0.5015 -0.0567 -0.6446 0.5742 263.12 35.88 77.44 4.74 -4.62 1.25 -0.9200 3.0900 -0.6700 0.0822 0.8400 -0.7544 5.99 -7.45 2.14 186 357 338 322 206 
0.5845 -0.0666 -0.6008 0.5412 280.12 39.56 65.44 5.29 -2.62 0.55 -2.9100 3.6900 -3.7800 0.3278 5.2178 -2.0733 5.64 -5.67 5.66 189 282 270 266 206 
0.8403 -0.0963 -0.3841 0.3703 321.75 30.12 21.56 0.54 1.03 4.15 -3.7800 3.2400 -3.8700 1.3833 6.1378 -4.5000 1.11 -0.79 9.71 188 291 295 288 210 
;
