0.9157 -0.4015 -0.0162 0.0060 0.0400 -7.1300 6.7700 -1.7500 0.6875 -0.5000
0.9154 -0.4022 -0.0157 0.0059 0.2800 -7.1200 6.6400 -0.8125 0.4375 -0.3125
0.9152 -0.4026 -0.0156 0.0056 0.0700 -7.2300 6.5900 0.0000 -0.3750 -0.8125
0.9153 -0.4023 -0.0159 0.0052 0.3300 -7.5200 5.8200 11.4375 -3.8750 -0.8750
0.9185 -0.3950 -0.0192 0.0070 0.5400 -8.0800 4.4300 29.3125 -19.4375 8.8750
0.9269 -0.3733 -0.0327 0.0208 -1.0600 -8.5000 1.4300 93.8125 -102.2500 22.6875
0.9453 -0.3074 -0.0915 0.0597 0.5200 -6.9600 -2.3400 249.1250 -79.2500 -45.6250
0.9752 -0.1544 -0.1422 0.0699 2.1100 1.8000 3.1200 270.9375 -41.8125 -46.7500
0.9821 0.0679 -0.1603 0.0714 4.0100 10.0500 4.6600 299.9375 -40.9375 -24.3750
0.9458 0.2620 -0.1727 0.0833 3.5400 16.3300 12.3300 172.3750 -63.1250 -30.5000
0.9013 0.3805 -0.1940 0.0724 6.9500 11.9000 11.7700 75.0625 -1.6250 -14.5625
0.8784 0.4304 -0.1964 0.0679 5.2700 7.9500 5.2000 -4.8750 -10.5000 6.3125
0.8785 0.4265 -0.2051 0.0656 7.4900 10.8700 9.4200 -74.5000 -20.1875 54.1875
0.8944 0.3755 -0.2299 0.0784 5.0500 10.8000 9.5000 -139.6875 16.5000 37.0625
0.9254 0.2820 -0.2389 0.0836 7.7500 12.5900 10.9600 -230.0000 70.2500 39.3125
0.9630 0.1351 -0.2195 0.0784 6.6700 11.4200 8.0500 -289.5625 85.4375 16.8125
;
0.9792 -0.0889 -0.1733 0.0572 4.5900 2.9000 -3.5800 -316.3750 119.3125 32.6875
0.9510 -0.2879 -0.1077 0.0316 1.6800 -5.6200 -2.5000 -219.4375 47.4375 38.3125
0.9069 -0.4133 -0.0757 0.0309 0.0600 -9.2800 0.3600 -64.8750 5.3750 29.3125
0.8862 -0.4564 -0.0674 0.0435 -0.7600 -10.5100 1.5500 -2.2500 -2.5625 12.1250
0.8835 -0.4609 -0.0651 0.0517 -0.1600 -9.6700 3.0500 20.3750 33.7500 -16.3125
0.8901 -0.4512 -0.0524 0.0361 0.1500 -7.9700 5.3800 21.3750 -19.7500 0.3750
0.8956 -0.4382 -0.0634 0.0428 1.0900 -9.2000 3.2200 50.7500 -17.5625 2.4375
0.9102 -0.4050 -0.0706 0.0510 1.0200 -8.8300 2.9500 114.2500 47.0625 -34.6875
0.9418 -0.3323 -0.0457 0.0227 0.1100 -5.2000 6.1200 143.9375 27.8750 -20.2500
0.9709 -0.2368 -0.0344 0.0116 0.8100 -3.9900 5.2400 157.8750 -41.8125 29.8750
0.9895 -0.1262 -0.0576 0.0399 0.3300 -2.7900 1.6800 226.2500 -118.3750 51.3125
0.9848 0.0375 -0.1399 0.0956 3.3600 3.1100 2.1000 141.1250 -177.1250 13.1250
0.9518 0.1554 -0.2409 0.1085 7.6000 10.0100 4.0100 224.9375 -74.6250 -59.1250
0.9054 0.3155 -0.2692 0.0911 8.5600 15.9000 14.1400 66.3750 -86.2500 -103.3750
0.8802 0.3786 -0.2833 0.0404 1.7200 7.5300 4.3600 22.3125 -36.9375 18.1250
0.8820 0.3621 -0.2963 0.0568 7.2800 7.3000 7.1200 -59.0625 7.7500 60.1875
0.8967 0.3123 -0.3036 0.0783 6.4600 7.2600 6.0500 -78.9375 46.2500 16.3750
0.9228 0.2514 -0.2798 0.0833 9.3200 10.5800 10.8800 -138.0000 96.1875 9.5625
0.9573 0.1409 -0.2375 0.0859 5.8000 10.4600 7.9300 -285.8125 71.1875 68.8750
0.9716 -0.0612 -0.2073 0.0964 1.3100 1.2500 -1.4900 -257.3750 115.8125 55.8125
0.9551 -0.2420 -0.1470 0.0873 1.0100 -3.9700 0.3000 -175.6875 99.6875 13.8750
;
0.9203 -0.3774 -0.0850 0.0576 -0.0900 -9.7900 -1.1700 -102.9375 86.5625 -11.6250
0.8963 -0.4409 -0.0411 0.0240 1.0000 -10.0300 1.3900 -10.9375 44.3125 15.8750
0.8926 -0.4506 -0.0118 0.0142 -0.2600 -8.5800 4.6500 10.5000 14.1250 3.3125
0.8959 -0.4440 -0.0018 0.0106 -0.3200 -7.8000 5.7700 15.2500 6.4375 -4.0000
0.9008 -0.4342 0.0001 0.0078 -0.1700 -8.7700 3.9600 51.5000 -48.8750 16.0625
0.9152 -0.4016 -0.0221 0.0279 2.0600 -11.5800 -2.7100 221.3125 39.3750 -19.4375
0.9686 -0.2484 0.0011 0.0123 -1.4600 -2.3100 4.6800 248.8125 115.4375 -40.7500
0.9952 -0.0840 0.0483 -0.0161 0.4700 1.3400 6.2700 176.8125 -123.9375 110.5000
0.9976 0.0417 -0.0250 0.0497 2.6600 2.1200 1.6900 190.4375 -92.9375 63.5625
0.9763 0.1715 -0.0901 0.0971 3.1200 9.9800 5.7900 161.3750 -77.5625 4.0000
0.9429 0.2884 -0.1299 0.1043 9.2200 14.9900 14.5100 76.6875 -20.7500 31.3750
0.9209 0.3450 -0.1432 0.1113 5.1500 10.7600 12.5900 -15.2500 -30.1875 5.0000
0.9194 0.3390 -0.1669 0.1093 4.6200 6.2900 7.3300 -48.1875 -7.3750 23.0000
0.9266 0.3116 -0.1771 0.1132 4.0800 8.0900 9.9100 -93.5625 14.2500 -3.7500
0.9460 0.2560 -0.1695 0.1039 8.2500 10.3800 13.9700 -175.1250 59.6875 21.4375
0.9766 0.1243 -0.1420 0.1030 4.9500 7.7200 9.1200 -231.6875 91.4375 28.0000
0.9885 -0.0397 -0.1035 0.1030 1.9100 4.0900 4.8200 -230.5625 92.7500 18.1250
;
0.9726 -0.2026 -0.0617 0.0959 -1.2700 -3.9900 -0.1400 -193.7500 57.1875 9.8750
0.9399 -0.3268 -0.0415 0.0894 -0.9300 -10.6200 -1.8000 -88.5625 56.6250 -19.7500
0.9186 -0.3900 -0.0162 0.0613 -1.8400 -9.1200 3.5200 1.9375 28.4375 -27.4375
0.9169 -0.3969 -0.0084 0.0406 0.0200 -8.3600 4.7300 -5.1250 0.8750 -14.0000
0.9167 -0.3980 -0.0115 0.0323 0.1700 -7.6900 5.9200 14.8750 -8.6250 -1.7500
0.9214 -0.3866 -0.0156 0.0341 0.3700 -7.8300 4.2800 57.3125 -1.7500 -1.5625
0.9362 -0.3492 -0.0168 0.0377 0.1000 -7.8800 2.7800 92.8125 -19.8750 8.3125
0.9571 -0.2847 -0.0234 0.0488 0.4100 -6.6900 0.0200 218.5625 -12.1875 12.5625
0.9857 -0.1531 -0.0297 0.0648 2.1500 -1.7500 2.3400 222.0000 -51.5625 36.5000
0.9934 0.0092 -0.0567 0.0993 4.7800 5.6100 6.0400 192.5625 -35.6875 51.3125
0.9750 0.1583 -0.0716 0.1381 2.0900 10.6100 9.7900 200.4375 -57.3750 15.0625
0.9419 0.2882 -0.0872 0.1489 3.3200 12.4800 12.8100 90.1875 -17.7500 6.3125
0.9212 0.3445 -0.0923 0.1556 4.3500 10.5400 12.3400 -6.6875 -30.2500 11.4375
0.9183 0.3468 -0.1122 0.1548 3.5600 7.1700 8.3100 -51.1250 -20.1250 16.0625
0.9276 0.3129 -0.1317 0.1558 4.9000 8.9700 10.5000 -106.3750 30.0000 -0.1250
0.9495 0.2440 -0.1273 0.1508 4.1900 10.1300 12.6900 -195.0625 -16.1875 37.3125
0.9698 0.1021 -0.1578 0.1556 5.8300 4.5400 4.7200 -218.5625 38.1250 40.6875
0.9728 -0.0478 -0.1602 0.1602 3.8200 1.2700 4.4100 -207.3750 95.5625 17.5000
0.9631 -0.1926 -0.1201 0.1448 0.7500 -1.9800 3.6300 -175.1875 84.6875 15.5625
;
0.9375 -0.3132 -0.0812 0.1279 -1.0700 -8.9800 -0.8700 -118.1875 29.2500 15.8125
0.9092 -0.3922 -0.0682 0.1219 -1.2000 -10.2200 1.5500 -1.0000 18.5625 -12.7500
0.9089 -0.3976 -0.0626 0.1088 -0.6600 -8.1400 4.9600 22.8125 4.7500 -17.3750
0.9154 -0.3848 -0.0641 0.0992 -0.1500 -7.7200 5.4700 29.1250 -18.5000 -12.3125
0.9241 -0.3618 -0.0763 0.0972 0.2800 -8.2600 3.1900 78.6250 5.0625 -35.1875
0.9431 -0.3126 -0.0786 0.0820 1.2000 -5.6800 4.7000 118.1250 3.9375 -18.5000
0.9655 -0.2375 -0.0759 0.0750 0.4400 -4.6500 3.9300 157.3750 -72.0625 5.6250
0.9802 -0.1340 -0.1099 0.0955 4.2500 -1.6800 1.7000 207.6875 -27.5000 -17.1250
0.9854 0.0422 -0.1210 0.1125 5.2300 7.2900 4.3500 292.0000 -18.5000 21.0625
0.9542 0.2319 -0.1123 0.1517 2.5000 12.3600 9.2500 159.7500 -26.1875 40.6875
0.9163 0.3359 -0.1151 0.1851 3.2400 13.8700 13.8700 85.7500 -18.4375 17.4375
0.8941 0.3852 -0.1210 0.1939 4.8300 10.2600 11.3400 -28.6250 -37.6875 6.6875
0.8962 0.3729 -0.1448 0.1918 3.8300 7.1300 7.6700 -62.2500 1.6875 9.5625
0.9117 0.3309 -0.1519 0.1904 6.0700 11.4600 13.1200 -132.2500 1.9375 19.1875
0.9371 0.2396 -0.1721 0.1866 6.8500 9.4000 9.8900 -207.6875 8.0625 38.8750
0.9573 0.1001 -0.1970 0.1865 5.3700 4.5800 4.4600 -210.8750 45.0625 53.1875
0.9629 -0.0505 -0.1874 0.1876 4.0300 -0.1500 2.6200 -184.5000 124.3750 0.9375
0.9609 -0.1860 -0.1288 0.1593 0.3800 -2.7200 3.4800 -158.3125 113.2500 -13.6875
;
0.9443 -0.2958 -0.0759 0.1224 -1.1000 -8.6100 0.8600 -104.6250 47.5625 -14.8125
0.9223 -0.3716 -0.0527 0.0922 -1.1600 -8.9600 3.5500 -33.1250 16.5625 -15.1875
0.0573 -0.0085 -0.3955 0.9166 -0.5700 -9.0300 3.8300 12.6875 3.6250 -14.4375
0.0663 -0.0071 -0.3923 0.9174 -0.3600 -7.8700 5.1700 23.0625 -11.6875 -14.5000
0.0748 0.0013 -0.3730 0.9248 0.3800 -7.8600 4.7100 68.0625 29.0625 -32.0000
0.0942 -0.0019 -0.3339 0.9379 0.2700 -7.3500 3.7500 108.6250 -52.3750 9.8125
0.0796 0.0364 -0.2552 0.9629 0.9100 -4.5300 1.4100 227.1250 -22.1250 -24.3750
0.0789 0.0696 -0.1112 0.9882 -2.0200 1.8100 4.0500 248.5625 -53.0625 -60.8125
0.0911 0.1216 0.0511 0.9871 1.5900 4.5700 4.6600 194.4375 -64.9375 20.8750
0.0660 0.1668 0.1917 0.9649 4.0100 12.7500 8.4100 206.6250 -11.6875 -36.1250
0.0591 0.1824 0.3217 0.9272 3.0900 13.4300 10.7900 131.5625 -22.0000 3.4375
0.0446 0.2031 0.3901 0.8970 5.2000 12.0900 10.3300 16.2500 -19.5000 23.6250
0.0317 0.2216 0.3964 0.8904 4.2600 9.0300 7.4500 -32.1875 -4.6875 32.5625
0.0205 0.2299 0.3698 0.9000 1.8200 9.6200 9.0000 -91.5000 -11.3750 6.6875
0.0379 0.2216 0.3148 0.9222 4.8700 14.8400 14.1700 -187.5000 8.6875 -1.6250
0.0687 0.2101 0.1956 0.9554 3.7800 9.9600 7.4000 -240.9375 -36.4375 -3.1250
0.1002 0.2141 0.0374 0.9709 6.0300 2.4100 1.5000 -249.4375 15.7500 36.8750
0.1132 0.1851 -0.1241 0.9683 3.5600 -1.6800 2.3600 -208.5625 43.8750 41.3125
;
