0.7444 0.3361 -0.4753 -0.3270 4.5500 8.1000 3.3200 -0.6250 -0.2500 1.0000
0.7446 0.3359 -0.4750 -0.3273 4.5600 8.0000 3.3400 -0.3750 0.8125 -0.1875
0.7449 0.3361 -0.4742 -0.3276 4.6600 7.9000 3.2500 0.0625 -1.5625 1.9375
0.7448 0.3350 -0.4753 -0.3272 4.7300 8.0400 3.2300 2.1250 0.6250 -9.1875
0.7397 0.3289 -0.4882 -0.3260 5.1500 11.6000 5.9700 -42.5000 -3.3125 154.6250
0.7720 0.2502 -0.5160 -0.2742 16.2900 13.7600 1.0700 37.6250 15.4375 268.5000
0.8130 0.1534 -0.5491 -0.1185 16.9000 19.4400 11.9100 -535.1875 197.1250 417.0625
0.8534 -0.3414 -0.3900 -0.0551 -3.8500 14.6800 -15.7000 -574.3750 151.1250 359.8750
0.6486 -0.7476 -0.1404 -0.0256 -5.4800 -1.0400 -8.0200 -176.8750 0.3750 84.5000
0.5515 -0.8288 -0.0945 -0.0023 -4.7300 -7.5400 -14.3500 25.7500 0.5625 -30.5000
0.5523 -0.8267 -0.1078 -0.0014 -4.3600 -10.3300 -21.6500 338.0000 -73.3125 -67.6875
0.7278 -0.6646 -0.1646 0.0400 9.5800 6.2000 -12.8600 583.0625 105.0625 -29.0000
0.9482 -0.2651 -0.1505 0.0889 1.5100 29.9800 7.9600 650.1250 -48.1250 -104.2500
0.9704 0.1479 -0.1644 0.0970 5.7900 20.4100 -2.7600 608.0000 -122.6250 -149.5625
0.8993 0.3989 -0.1544 0.0911 0.6700 7.2600 11.4800 -128.2500 -78.0000 22.8750
0.9141 0.3513 -0.1848 0.0834 2.8900 8.7300 8.9900 -58.3750 -48.8125 30.0000
0.9248 0.3005 -0.2185 0.0823 3.8400 15.2200 11.4800 -180.1250 12.4375 21.1875
0.9612 0.1440 -0.2260 0.0646 7.8400 18.2900 10.0700 -545.3750 44.1875 67.4375
0.9531 -0.2183 -0.2081 0.0248 5.7200 16.2100 -0.8100 -699.9375 51.5625 77.9375
0.7178 -0.6849 -0.1221 -0.0266 -0.5200 -1.8700 -21.4000 -339.6250 30.1875 33.1875
0.5584 -0.8243 -0.0772 -0.0518 -0.6800 -8.8500 -17.2200 91.9375 26.8750 -26.3125
0.6124 -0.7826 -0.0869 -0.0704 0.5000 -9.2600 -14.8800 350.7500 -119.6250 -24.4375
0.7925 -0.5840 -0.1752 0.0111 4.5900 -0.1600 -8.2000 470.3750 -204.2500 -20.0000
0.9186 -0.2789 -0.2543 0.1166 3.4400 13.1700 -8.8700 623.5000 -49.0625 -111.8125
0.9387 0.1867 -0.2572 0.1334 13.7000 19.0000 -0.8700 512.3125 -37.6875 -53.1875
0.8507 0.4524 -0.2326 0.1324 3.6700 0.2200 -0.6100 -10.5000 -6.3125 -14.0625
0.8583 0.4407 -0.2305 0.1267 6.6600 12.2700 10.2500 -21.1250 -32.8750 2.8125
0.8488 0.4518 -0.2485 0.1170 3.7800 7.2700 4.5000 1.9375 -13.2500 3.8750
0.8494 0.4448 -0.2592 0.1163 2.0400 18.0100 13.2300 -176.3125 -49.8750 -1.7500
0.8890 0.3426 -0.2968 0.0653 -1.2100 9.4800 3.3700 -200.3125 -99.1250 -70.6250
0.9047 0.2238 -0.3535 -0.0804 0.9100 2.1500 -4.6300 -213.6875 -232.9375 -284.1875
0.8283 0.1579 -0.4255 -0.3284 15.5400 4.0800 -2.9700 -11.3750 56.0625 -171.3125
0.7731 0.2101 -0.3787 -0.4633 16.3900 11.4300 3.6000 124.8750 12.0000 -92.3125
0.7627 0.2357 -0.3605 -0.4825 10.0100 7.7400 4.5100 103.8125 12.1250 33.4375
;
0.7525 0.2259 -0.4282 -0.4464 4.5800 6.9200 5.3900 -1.1250 18.6875 -19.7500
0.7523 0.2336 -0.4199 -0.4508 4.0600 6.9800 5.2700 0.5625 -3.5000 4.3750
0.7527 0.2324 -0.4211 -0.4495 4.1300 6.9100 5.3200 2.8125 -0.9375 0.5625
0.7526 0.2328 -0.4213 -0.4493 4.5400 7.9000 5.2500 -1.5000 15.3125 -38.2500
0.7465 0.2544 -0.4099 -0.4582 17.2300 15.3200 1.7400 185.3125 140.5625 102.6250
0.7985 0.3215 -0.3766 -0.3425 2.4300 22.7400 12.2300 -201.8750 -75.9375 430.2500
0.8982 0.0520 -0.4028 -0.1683 0.0400 19.6200 0.1800 -563.3125 82.6250 407.5625
0.8597 -0.4437 -0.2397 -0.0812 0.5000 5.9200 -5.3700 -498.0625 31.0625 254.0625
0.6860 -0.7174 -0.1179 -0.0278 -6.1800 -6.0400 -13.3100 -151.8125 -32.0625 11.1250
0.5991 -0.7941 -0.1019 -0.0128 -2.8800 -8.8200 -9.1400 50.5625 -3.3125 -12.2500
0.6304 -0.7688 -0.1057 -0.0177 1.2100 -10.8500 -18.2400 272.3125 -5.3750 -48.5000
0.7891 -0.5967 -0.1439 -0.0209 9.0900 8.3600 -15.7100 741.2500 28.2500 8.4375
0.9744 -0.1495 -0.1623 0.0425 9.2600 25.7600 -2.8300 679.2500 -115.0000 -45.3750
0.9185 0.3311 -0.1821 0.1166 6.5600 28.9800 15.8800 305.6875 -39.8125 72.9375
0.8293 0.5084 -0.1841 0.1412 6.2400 7.3800 1.0900 -49.6250 16.9375 47.2500
0.8588 0.4527 -0.1880 0.1490 3.6100 10.6700 6.6100 -87.1875 -10.5625 10.7500
0.8810 0.3970 -0.2102 0.1484 5.1600 21.7100 17.3900 -323.4375 9.1875 57.1250
0.9404 0.2014 -0.2423 0.1280 8.0700 19.0900 10.8200 -570.3125 24.3750 47.5625
0.9468 -0.1738 -0.2598 0.0770 5.5500 16.6700 -0.1900 -754.6875 -1.9375 202.1250
0.7247 -0.6489 -0.2258 0.0534 0.8500 -2.1700 -22.1500 -357.7500 125.2500 89.5625
0.5909 -0.7930 -0.1479 -0.0068 -1.4000 -11.3500 -17.3100 87.9375 39.8125 -59.7500
0.6337 -0.7559 -0.1604 -0.0364 -0.8300 -12.5100 -15.7300 256.6250 -78.0000 -72.1875
0.7536 -0.6173 -0.2258 0.0002 3.7100 -4.1500 -12.5100 501.0000 -83.5000 -59.3125
0.8972 -0.3282 -0.2849 0.0787 6.7500 9.1700 -16.6800 735.7500 -50.8125 -64.8750
0.9283 0.2004 -0.2651 0.1665 6.7400 33.8900 24.8600 261.8750 -23.0625 -89.8125
0.8651 0.4285 -0.2055 0.1603 9.5100 17.8500 21.2300 -258.0000 21.4375 181.5000
0.8754 0.3748 -0.2642 0.1525 2.9500 5.4300 3.8300 36.3125 -9.4375 -96.6875
0.8802 0.3834 -0.2557 0.1130 -1.1800 13.8300 9.8100 -88.0000 -48.0625 -45.6875
0.9013 0.3299 -0.2778 0.0408 -3.8600 9.4600 2.7500 0.0000 0.0000 0.0000
0.9020 0.2405 -0.3354 -0.1270 -1.8200 5.9900 -0.7900 -217.9375 -253.3750 -342.6250
0.8169 0.1665 -0.3947 -0.3862 15.8900 7.8600 -7.8800 83.6875 -125.6875 -150.1875
0.7173 0.1956 -0.4755 -0.4702 18.1600 10.8600 2.9300 39.0625 27.1875 36.6875
;
0.7126 0.1941 -0.4934 -0.4594 7.2700 7.9900 4.1600 14.1250 4.7500 37.9375
0.7231 0.1922 -0.4985 -0.4378 5.7500 7.5900 6.1600 -13.3125 27.6875 20.6250
0.7380 0.1899 -0.4884 -0.4252 5.7200 7.3700 4.2400 -7.3125 80.9375 -2.6250
0.7617 0.1915 -0.4504 -0.4247 8.4000 7.3200 4.0400 3.7500 38.8125 63.8125
0.7857 0.1931 -0.4440 -0.3850 11.2700 8.4500 0.4000 179.4375 101.1250 102.5000
0.8224 0.2036 -0.4522 -0.2786 11.4100 10.7100 6.8800 -30.2500 40.5625 269.5000
0.8937 0.0350 -0.4292 -0.1260 11.0300 19.2600 12.1800 -566.6875 117.0000 468.5000
0.8791 -0.3901 -0.2737 0.0089 -7.9600 6.3800 -6.5100 -382.8750 47.6250 254.8750
0.7336 -0.6561 -0.1513 0.0917 -6.7100 -2.5400 -6.1900 -199.7500 2.3750 85.6250
0.6470 -0.7444 -0.1256 0.1076 -3.9600 -10.4900 -11.9300 16.7500 16.3750 -6.0000
0.6605 -0.7351 -0.1204 0.0937 -4.0600 -13.0800 -14.7700 249.6875 -80.9375 -93.5625
0.7819 -0.5836 -0.1888 0.1114 5.3300 -5.0700 -22.4200 729.0000 -188.5000 -84.5000
0.9548 -0.1550 -0.1819 0.1767 0.0700 10.7800 -14.3500 751.0625 -260.4375 -89.1250
0.9256 0.2771 -0.1743 0.1901 5.6100 22.2700 14.9400 316.9375 -74.3750 74.8750
0.8267 0.4800 -0.2178 0.1966 5.1400 20.6500 13.5200 -23.1875 -170.0000 64.5625
0.8398 0.4706 -0.1893 0.1937 2.6100 8.2600 2.5000 -67.3125 28.2500 6.7500
0.8691 0.4150 -0.1877 0.1931 5.2300 13.5900 6.4600 -193.3125 11.3125 15.3750
0.9205 0.2803 -0.2086 0.1749 5.7600 19.7400 13.2600 -579.7500 24.9375 54.6875
0.9549 -0.1031 -0.2484 0.1262 9.5000 24.4600 -0.6900 -692.6875 60.7500 149.1875
0.7685 -0.5873 -0.2346 0.0973 -0.3900 1.4200 -25.2400 -318.6875 91.4375 55.0625
0.6018 -0.7783 -0.1718 0.0507 -7.9100 -9.3800 -17.6000 94.9375 2.7500 -71.0000
0.6425 -0.7429 -0.1861 0.0246 0.6400 -11.6600 -15.6900 255.6250 -25.8125 -73.3750
0.7787 -0.5790 -0.2365 0.0494 4.5200 -3.6800 -9.1900 448.3750 -130.8750 -62.1250
0.9091 -0.2848 -0.2759 0.1281 5.2600 7.7800 -13.2600 509.7500 -72.1250 -59.7500
0.9434 0.1473 -0.2374 0.1786 11.4400 20.0100 1.9100 588.8750 -50.3125 -48.5000
0.8525 0.4313 -0.2111 0.2065 0.1000 12.5400 1.2100 420.5000 -109.6875 -325.1250
-0.0969 0.2025 0.4650 0.8564 2.4900 4.3500 1.0400 -128.1250 -52.1875 6.6250
-0.0767 0.2358 0.3986 0.8830 0.0700 11.4000 7.5800 -181.0625 -103.8750 -94.9375
0.0388 0.2717 0.3079 0.9110 -3.3200 8.1600 4.3100 -172.1250 -128.7500 -152.6875
0.2043 0.3135 0.2257 0.8995 5.2100 6.9600 0.6600 -136.5625 -183.7500 -257.6250
0.4056 0.3660 0.1550 0.8231 9.1600 6.3700 -1.1900 -49.1875 -141.5000 -75.0000
0.4651 0.4129 0.1203 0.7737 9.9200 8.4800 3.0300 17.8750 -46.5000 -9.4375
0.4661 0.4385 0.1172 0.7595 8.8300 7.6200 5.2600 3.8750 10.3125 22.0625
0.4531 0.4404 0.1147 0.7665 6.9100 6.1700 5.5300 3.1250 8.4375 19.1250
;
0.4406 0.4407 0.1122 0.7740 5.2100 5.9700 4.9900 21.6875 8.3125 13.1875
0.4340 0.4405 0.1135 0.7776 6.2300 6.4400 4.5400 -30.2500 19.5000 -7.4375
0.4490 0.4201 0.0980 0.7825 9.2900 6.0400 2.6400 37.3125 22.5625 37.1875
0.4193 0.4225 0.1138 0.7955 14.3000 11.2600 -0.2900 294.8750 -14.2500 133.0625
0.2692 0.4627 0.1617 0.8290 9.5600 20.2400 15.9800 -350.0000 146.2500 412.0000
0.1172 0.3507 -0.1495 0.9171 0.7100 18.3500 5.0300 -539.1875 114.7500 410.3750
-0.0325 0.1652 -0.5681 0.8055 -4.8500 0.5700 -7.9600 -175.0625 25.9375 271.6250
-0.1365 0.0546 -0.6925 0.7063 -7.0400 -5.3600 -4.8700 -77.1875 52.3125 74.2500
-0.1456 0.0039 -0.7407 0.6559 -7.7100 -9.8900 -6.1400 -1.5000 -2.0000 -30.0000
-0.1353 0.0239 -0.7344 0.6647 -6.1800 -12.2400 -12.5000 217.5625 -74.7500 -106.5625
-0.1179 0.0893 -0.5878 0.7953 -6.4300 0.2400 -14.9600 487.3125 -192.1875 -191.8125
-0.1115 0.1914 -0.2498 0.9426 5.7400 13.9000 -19.9800 538.2500 -68.3125 -145.2500
-0.0800 0.2296 0.2090 0.9472 10.9300 27.2500 14.6400 203.5625 -54.5625 15.5000
-0.0862 0.2225 0.3845 0.8917 19.9000 38.5100 38.5600 -164.3125 -177.8125 168.1250
-0.0916 0.2281 0.3425 0.9068 1.2300 4.0300 0.5900 -30.1250 0.6250 -9.0625
-0.0807 0.2229 0.3143 0.9193 4.0500 14.3300 12.8900 -172.3750 -5.2500 18.7500
-0.0570 0.2368 0.1885 0.9514 6.8300 16.5600 13.1500 -460.3125 -2.0000 45.1250
-0.0266 0.2320 -0.1169 0.9653 4.9700 17.2800 1.3800 -606.1250 4.2500 132.9375
-0.0341 0.1871 -0.5197 0.8329 0.0700 5.6500 -13.2600 -293.1875 69.6875 109.0625
-0.0396 0.1164 -0.7385 0.6630 -1.7400 -6.0400 -10.4900 -52.5625 29.2500 0.8750
-0.0273 0.1004 -0.7669 0.6333 -1.6000 -11.0400 -10.4900 85.0000 -1.1250 -24.1875
-0.0136 0.1246 -0.7100 0.6930 2.2100 -10.0700 -8.5900 219.4375 -37.4375 -54.5625
-0.0237 0.1667 -0.5849 0.7935 0.5500 -5.2000 -12.4100 468.9375 -79.9375 -96.3125
-0.0560 0.2312 -0.2782 0.9306 5.0600 5.6200 -13.5500 671.4375 -67.8125 -117.1250
-0.0814 0.2477 0.1420 0.9549 2.4500 30.0900 9.4100 380.5000 -145.7500 -105.0625
-0.0622 0.2463 0.4799 0.8398 1.1900 20.9000 5.4300 -86.1250 -672.7500 42.1250
-0.0506 0.1996 0.5045 0.8385 1.2200 2.1700 0.8400 -29.7500 -39.5625 2.5000
-0.0310 0.2315 0.4882 0.8409 5.6700 14.3400 11.2400 -200.1250 -16.2500 29.6250
0.0015 0.2461 0.3660 0.8975 0.7900 15.8900 9.7500 -343.0625 -20.3750 -107.1875
0.1288 0.2278 0.1556 0.9525 -0.9100 12.7900 -0.1700 -369.5000 -210.3750 -128.8750
0.3042 0.2777 -0.0989 0.9058 3.7100 -1.9400 -6.2300 -181.8750 -124.6875 -166.5625
;
0.4286 0.3079 -0.2344 0.8165 8.8000 -3.4900 -4.8700 -36.5625 -50.9375 -160.7500
0.4977 0.3450 -0.2463 0.7567 14.0800 1.1600 3.9600 -19.5000 -21.3125 -11.9375
0.5060 0.3517 -0.2590 0.7437 12.0500 -0.1800 3.6100 11.8125 -30.7500 55.5625
0.4814 0.3602 -0.2885 0.7451 13.6600 1.7900 7.4800 -123.3125 -240.3750 214.1250
0.3272 0.3315 -0.4857 0.7396 10.4400 6.4900 6.9300 -245.9375 -70.2500 415.1875
0.1582 0.1472 -0.6990 0.6817 -2.5500 -1.3600 -3.8000 -173.6250 13.5625 231.9375
0.0712 0.0135 -0.7928 0.6052 -7.4800 -7.3800 -11.7200 -2.7500 -66.8125 7.4375
0.0361 0.0294 -0.8053 0.5910 -0.8400 -8.2100 -11.9700 169.5000 -21.0625 -18.6250
0.0250 0.0682 -0.7205 0.6897 -0.7000 -7.3300 -15.2300 423.8750 -106.6875 -83.0625
-0.0059 0.1573 -0.4414 0.8834 3.1200 8.8400 -21.0500 683.9375 -113.2500 -35.0625
-0.0507 0.2341 0.0162 0.9708 14.7300 30.2100 0.1900 581.6875 -36.3125 -212.0000
-0.0231 0.2340 0.4195 0.8768 11.6400 25.8300 19.8500 101.8750 70.2500 -10.6875
-0.0314 0.1990 0.4763 0.8560 7.1000 8.7900 6.1600 -87.8750 -17.7500 46.8750
-0.0316 0.2125 0.4171 0.8831 6.7300 10.1800 5.9900 -110.4375 5.6250 43.3750
-0.0272 0.2244 0.3396 0.9130 4.6300 17.0700 14.1800 -325.1250 -17.0000 46.3750
-0.0050 0.2513 0.1401 0.9577 7.8800 17.3700 10.3700 -625.6875 -28.8750 115.8750
-0.0032 0.2446 -0.3234 0.9141 1.1100 14.4100 -15.9700 -534.2500 104.1250 140.3750
-0.0143 0.1320 -0.7076 0.6941 -7.1000 -7.4500 -17.8600 -245.5625 -39.1875 12.4375
-0.0165 0.1266 -0.7936 0.5948 -3.7000 -9.2300 -13.9000 23.6875 -12.8125 -37.4375
0.0020 0.1508 -0.7728 0.6165 -0.2300 -11.4800 -18.5300 266.1250 -25.4375 -71.8750
-0.0093 0.1910 -0.6595 0.7269 1.7200 -7.2000 -14.8000 479.8750 -67.0625 -73.2500
-0.0672 0.2500 -0.3677 0.8932 2.9700 6.6700 -19.1600 737.4375 28.8750 -151.4375
-0.0606 0.2419 0.0942 0.9638 8.4500 27.2400 4.4700 508.0000 -56.2500 -98.7500
-0.0757 0.2065 0.4268 0.8771 4.4300 20.9900 7.8200 210.5000 52.8125 -179.9375
-0.0723 0.1623 0.4759 0.8614 -3.2100 3.3200 2.8800 -80.9375 -47.1250 -24.1875
-0.0264 0.1869 0.4355 0.8802 8.4300 7.0400 1.0900 -0.7500 -78.6875 29.8750
0.0091 0.2371 0.4122 0.8797 -2.4800 8.4500 7.3500 -148.9375 -95.6875 -137.8125
0.1447 0.2565 0.3442 0.8915 0.3000 7.4900 2.6700 -144.5000 -131.5000 -198.1250
0.2670 0.2948 0.2900 0.8705 7.8700 4.1500 -2.2700 -12.8125 -168.1250 -119.9375
0.3703 0.3672 0.2560 0.8139 12.5900 8.4800 3.8200 -23.5625 -141.5000 18.5000
0.3956 0.4379 0.1967 0.7830 16.8700 8.1200 2.9300 -56.3750 -42.3750 124.0625
;
0.3438 0.4512 0.1357 0.8123 15.4100 8.9500 4.4600 50.5625 19.2500 240.2500
0.2101 0.4725 0.0620 0.8536 12.5100 11.4500 11.3600 -342.6250 75.8750 317.8125
0.1314 0.3957 -0.2513 0.8735 3.5300 5.5000 -1.8200 -492.5000 -6.2500 264.9375
0.0847 0.2798 -0.5999 0.7448 5.4200 -8.1700 -12.0500 -239.2500 -37.1875 166.4375
0.0137 0.1910 -0.7593 0.6220 -0.4300 -8.9000 -12.7800 83.4375 -6.5000 57.2500
-0.0256 0.1478 -0.7554 0.6378 -1.3500 -6.0000 -9.2800 209.0625 -12.6875 -7.1875
-0.0596 0.1566 -0.6452 0.7454 1.6300 -2.7400 -15.8200 456.0625 -47.1250 -71.3750
-0.1100 0.2005 -0.3649 0.9025 4.2500 6.1700 -14.0700 600.3125 -146.7500 -144.0000
-0.1484 0.2637 0.0513 0.9518 7.4800 29.1500 4.6200 456.1875 -31.6250 -139.4375
-0.1486 0.2452 0.2889 0.9135 9.2100 18.3600 3.2100 241.1250 -111.4375 -26.4375
-0.1246 0.1994 0.4354 0.8690 11.8900 12.3200 8.0500 -46.0000 -53.4375 31.6250
-0.1411 0.2302 0.3499 0.8970 9.2500 13.9400 9.1400 -180.5625 -24.0625 64.3125
-0.1354 0.2609 0.2287 0.9280 7.6800 17.0300 11.0400 -361.8125 16.1250 49.9375
-0.1031 0.2827 -0.0230 0.9534 8.6900 13.7600 2.3500 -590.2500 63.5625 122.1875
-0.0530 0.2605 -0.3948 0.8795 10.0700 10.7100 -4.8500 -665.0625 97.4375 183.2500
0.0076 0.1584 -0.7601 0.6301 -1.0600 -6.3300 -20.4400 -186.2500 74.8750 41.8125
0.0534 0.1329 -0.8338 0.5332 -0.9100 -10.2300 -13.0100 20.3750 -46.6250 -4.0000
0.0355 0.1714 -0.8008 0.5728 2.3800 -8.4100 -12.6900 285.2500 -46.2500 -69.6875
0.0121 0.2184 -0.6785 0.7013 1.8100 -6.1700 -25.3500 441.1875 -53.1875 -28.5000
-0.0486 0.2924 -0.3679 0.8813 3.6400 14.7100 -21.3500 710.9375 53.1875 -169.5000
-0.1189 0.2806 0.1017 0.9470 4.5600 29.1400 2.6500 474.0625 -150.3125 -106.6875
-0.1541 0.2444 0.3854 0.8763 -3.0600 22.1200 3.3200 220.6875 260.3125 -258.0000
-0.1489 0.1959 0.4330 0.8671 -6.3900 1.7900 -3.4000 -48.5000 -54.1875 -43.7500
-0.1342 0.2381 0.4011 0.8743 7.0000 11.2100 6.2500 -96.0625 -40.9375 33.8750
-0.1184 0.2735 0.3452 0.8900 0.8500 12.7900 5.7800 -171.1250 -104.0000 -24.1875
-0.0334 0.3414 0.2338 0.9098 -6.5600 7.7900 2.8400 -288.5625 -175.6875 -253.5000
;
0.1913 0.3967 0.1506 0.8851 10.6900 7.3500 -8.4500 -56.2500 32.8750 -327.2500
0.3934 0.3921 0.1679 0.8145 15.0100 5.9000 0.4800 10.8125 -124.4375 34.0000
0.3891 0.4478 0.1373 0.7932 10.4500 9.6700 6.9100 -19.8750 -29.7500 75.6250
0.3587 0.4689 0.1003 0.8009 18.0900 14.4400 5.4900 77.5625 -31.6250 367.0000
0.1171 0.5165 0.0004 0.8483 13.6800 18.7400 21.3800 -587.0625 92.5625 536.0000
0.0211 0.3774 -0.4756 0.7943 0.8900 9.8900 -12.5000 -520.8750 40.8125 347.6875
-0.0240 0.2078 -0.7767 0.5941 -5.8500 -6.9900 -13.6700 -62.1250 27.6875 84.5000
-0.0519 0.1395 -0.8191 0.5540 -1.0200 -2.7800 -1.9100 -9.9375 27.3125 42.0000
-0.0510 0.1204 -0.8171 0.5614 -3.0900 -8.5800 -12.3800 166.9375 8.8125 -61.1250
-0.0422 0.1488 -0.7362 0.6589 -2.2400 -9.6000 -30.9400 673.8750 -89.2500 -98.0000
0.0000 0.0000 0.0000 0.0000 13.2100 19.6800 -12.1900 735.1875 -158.1250 -97.5625
-0.1448 0.2399 0.2334 0.9311 22.2100 32.4800 15.5800 307.0625 73.1250 -7.0625
-0.1826 0.1747 0.4142 0.8744 -3.5900 34.2000 33.1600 -122.5625 20.7500 40.3125
-0.1754 0.1716 0.4008 0.8827 1.0600 3.1400 0.1700 -29.2500 -13.8125 -39.5625
-0.1637 0.1895 0.3648 0.8968 5.4400 13.4800 10.2000 -182.8750 -2.6250 25.6875
-0.1594 0.2302 0.2563 0.9252 5.6000 19.4000 14.5900 -467.5000 35.4375 76.8750
-0.1243 0.2749 -0.0852 0.9496 8.7400 12.1800 -4.4100 -550.7500 36.8125 123.9375
-0.0955 0.2723 -0.4645 0.8372 4.0600 12.6200 -7.1300 -601.7500 58.8750 146.2500
-0.0390 0.2160 -0.7749 0.5927 -2.4800 -5.8000 -19.0100 -205.1875 51.1875 20.2500
0.0169 0.1851 -0.8497 0.4934 -0.2700 -11.0800 -13.1600 150.0625 18.1250 -40.1875
0.0343 0.2002 -0.8060 0.5560 1.8000 -11.6200 -17.8400 343.4375 -66.9375 -57.3750
-0.0085 0.2353 -0.6613 0.7122 4.1100 -6.9500 -16.3200 468.9375 -93.6875 -28.3750
-0.1224 0.2748 -0.3598 0.8832 12.7200 12.2800 -6.6200 611.8125 21.1875 -13.8125
-0.2202 0.2145 0.0158 0.9514 9.7100 21.3300 11.6700 427.1875 -43.5000 35.0625
-0.2897 0.1824 0.2649 0.9015 3.9400 20.1300 10.2400 245.1875 -56.6250 -55.0625
-0.2684 0.1763 0.3938 0.8613 9.4500 16.3300 19.8000 -167.1875 16.7500 -19.6250
-0.2394 0.1931 0.2994 0.9031 -0.2400 6.8500 4.8600 -81.0625 -35.4375 -105.9375
-0.1607 0.2028 0.2631 0.9294 -1.2900 9.1000 5.9900 -119.3125 -82.3125 -171.6250
-0.0002 0.2388 0.2127 0.9475 0.2200 4.9300 -0.4400 -87.7500 -202.9375 -228.7500
0.1840 0.3286 0.1816 0.9084 5.3000 3.6000 1.1600 -152.1875 -205.9375 -235.0625
0.3405 0.3867 0.1423 0.8452 11.0300 5.6400 2.0000 -53.1875 -2.0000 -93.9375
0.3994 0.3884 0.1550 0.8159 13.0400 9.2000 5.0000 59.8750 -19.0000 24.4375
;
0.3738 0.4164 0.1863 0.8076 2.1300 7.9100 6.3500 -6.3750 241.2500 -44.1250
0.3743 0.3811 0.1989 0.8217 4.0300 8.2100 8.2300 -8.0625 -46.2500 17.8750
0.3726 0.4160 0.1717 0.8115 21.5900 16.0500 7.5600 42.2500 57.5000 227.7500
0.2056 0.4562 0.1092 0.8589 7.8600 25.4900 15.7600 -529.1875 -1.8750 453.7500
0.0888 0.3840 -0.3334 0.8564 -3.6600 8.9100 -5.8300 -464.0000 22.5625 306.1875
0.0295 0.2236 -0.6702 0.7072 -4.6800 -4.3600 -8.9200 -253.2500 -48.5000 143.5000
-0.0380 0.1788 -0.7997 0.5719 -1.8100 -7.8300 -16.2600 78.8125 26.3125 11.8125
-0.0486 0.1655 -0.7661 0.6191 -6.4400 -8.6100 -19.1600 420.3750 -96.9375 -78.9375
0.0000 0.0000 0.0000 0.0000 7.3300 2.4000 -18.0100 674.7500 -57.5000 -89.1250
-0.1697 0.2400 -0.0955 0.9510 6.8900 25.6400 -6.7800 738.4375 137.4375 -143.5000
-0.1638 0.1407 0.3820 0.8986 13.9900 27.7200 14.3900 106.1875 17.6250 25.4375
-0.1941 0.1284 0.4733 0.8496 8.9700 31.3000 26.9600 -186.6250 -25.9375 103.0000
-0.1926 0.1552 0.4373 0.8646 2.7300 10.3300 6.8200 -156.2500 3.6250 3.0000
-0.1785 0.1786 0.3406 0.9056 5.5100 16.8900 10.2500 -358.5625 -15.0000 32.8750
-0.1538 0.2283 0.1198 0.9539 6.0800 14.2100 4.5400 -565.2500 13.8125 63.3125
-0.0964 0.2621 -0.2856 0.9167 6.6900 13.1300 -0.4400 -658.7500 -5.7500 136.1875
-0.0628 0.2480 -0.6522 0.7136 4.4900 1.8300 -16.0100 -282.1250 121.9375 60.8750
0.0021 0.1803 -0.8196 0.5438 2.4900 -7.6600 -17.1400 -42.1250 22.5625 -17.8750
0.0295 0.1785 -0.8409 0.5100 1.2400 -8.6200 -17.0100 127.0000 -45.6250 -45.3750
0.0213 0.2204 -0.7689 0.5999 4.8300 -5.5300 -18.3700 473.3125 96.3125 -35.4375
-0.0189 0.2458 -0.4966 0.8322 10.5100 2.2000 -10.6400 644.7500 -84.5000 10.8125
-0.1609 0.2518 -0.0851 0.9505 7.7300 26.5000 -0.7100 763.5625 -37.5625 -14.0000
-0.2100 0.2136 0.3032 0.9047 11.4200 18.9100 6.1600 317.6875 -95.9375 -28.2500
-0.1887 0.1808 0.5048 0.8227 30.3900 30.6800 33.5000 -287.5625 57.6250 141.7500
-0.2169 0.1854 0.4105 0.8660 3.0200 1.7800 -1.6300 87.8750 -10.6875 -82.9375
-0.1945 0.1621 0.4517 0.8555 3.0300 10.7700 9.6500 -31.5000 -27.6875 14.7500
-0.1966 0.1846 0.4354 0.8589 1.7500 10.5200 7.4200 -102.5000 -40.8125 -40.1875
-0.1444 0.2149 0.3813 0.8875 -3.0200 10.9800 4.4900 -175.3125 -119.6875 -162.5625
0.0060 0.2649 0.3069 0.9141 -1.8000 5.7600 -0.2100 -250.4375 -223.5625 -255.2500
;
0.2453 0.3378 0.1821 0.8903 23.5400 4.5300 -4.9800 17.2500 -22.6875 105.4375
0.2141 0.3907 0.1606 0.8808 6.3000 4.2400 7.3300 -0.3750 -44.0000 -78.5625
0.2440 0.4105 0.1820 0.8596 11.7800 7.0600 8.1100 -17.5000 -47.6250 32.3750
0.2371 0.4265 0.1642 0.8573 5.4300 5.5200 5.0300 9.3125 12.3125 -2.1250
0.2322 0.4269 0.1677 0.8577 10.4700 9.2500 7.7800 -14.6250 -55.8125 127.3750
0.1812 0.4565 0.1072 0.8644 14.3100 12.4400 12.3000 -217.5625 86.3750 242.5000
0.0922 0.3895 -0.1245 0.9079 7.3900 11.7900 8.1500 -421.8750 76.8750 278.9375
0.0447 0.2634 -0.4330 0.8609 -1.1000 1.1600 -3.4400 -330.4375 27.0625 168.5000
0.0114 0.1697 -0.6340 0.7543 -4.1300 -7.1500 -10.7800 -93.8125 18.0000 48.2500
-0.0081 0.1232 -0.7134 0.6899 -1.8500 -7.5900 -5.9600 -39.1875 -27.3125 0.1250
-0.0120 0.1353 -0.7244 0.6758 2.0900 -9.2900 -6.7000 80.4375 -43.6250 -38.0625
-0.0276 0.1815 -0.6685 0.7207 3.7500 -9.3500 -16.5300 304.9375 -226.1250 22.8125
-0.1572 0.2643 -0.4573 0.8344 4.2100 9.6300 -20.8100 888.6875 -135.9375 -184.7500
-0.2186 0.2510 0.0600 0.9410 7.6400 26.9900 14.1400 492.8750 -52.6875 -128.2500
-0.2054 0.1872 0.4044 0.8713 6.6000 24.5400 12.1500 264.6875 -177.8125 -187.7500
-0.2040 0.1777 0.4254 0.8636 -3.8400 -1.4000 -9.7300 28.1250 2.7500 -44.1250
-0.1980 0.1884 0.3942 0.8774 6.6800 13.1900 11.7100 -118.2500 -13.8125 37.1875
-0.1957 0.2309 0.2918 0.9073 4.3500 17.1400 11.1400 -368.5000 6.6250 31.0000
-0.1449 0.2709 0.0503 0.9503 9.8300 17.4100 8.3600 -539.4375 25.4375 63.6875
-0.0785 0.2859 -0.3461 0.8901 3.8400 11.4700 -8.2400 -559.8750 23.3125 104.1250
-0.0147 0.2542 -0.6762 0.6913 1.7500 -5.5300 -19.1800 -177.6875 64.4375 45.0000
0.0349 0.1992 -0.7759 0.5975 1.6100 -9.1700 -15.3600 89.0000 -15.8750 -45.1250
0.0259 0.2310 -0.7288 0.6440 4.2600 -7.9900 -9.4800 197.0000 -55.4375 -41.3125
-0.0169 0.2834 -0.6124 0.7379 7.7300 -0.9100 -4.8500 0.0000 0.0000 0.0000
-0.0892 0.3140 -0.3466 0.8794 4.4700 9.6600 -6.4000 545.4375 -104.2500 -11.3125
-0.2166 0.3164 0.0567 0.9218 5.7000 17.2800 -0.2300 549.7500 -125.6875 -120.1875
-0.2233 0.2912 0.3016 0.8799 7.6500 13.9000 6.9000 82.8125 -39.6875 -163.8125
-0.1953 0.2454 0.3683 0.8752 -1.0600 1.8300 -0.9000 20.1250 16.0000 -37.5625
-0.1876 0.2465 0.3621 0.8792 8.3000 5.9700 6.0400 20.0000 16.8750 -24.4375
-0.1838 0.2437 0.3645 0.8798 6.0500 5.5400 4.5300 -6.3750 -7.8125 -6.7500
;
-0.1827 0.2460 0.3629 0.8800 7.5800 4.6900 3.5900 10.5625 -2.0000 -2.8750
-0.1834 0.2447 0.3661 0.8789 7.2200 7.2700 7.5000 -36.6875 -16.3750 21.0625
-0.1845 0.2615 0.3401 0.8842 3.4000 12.6300 11.2900 -164.8125 14.1250 -41.5625
-0.1301 0.2728 0.2466 0.9208 -3.3600 6.8600 3.3500 -222.4375 -85.2500 -226.8750
0.0575 0.3104 0.1173 0.9416 4.2200 2.4500 -5.3600 -79.0625 -66.8125 -186.6250
0.1948 0.3509 0.0636 0.9137 6.4300 4.8800 3.4900 -83.6875 -118.7500 -220.5625
0.2916 0.3978 0.0681 0.8672 14.6600 6.0800 7.9300 34.3750 -70.0000 31.2500
0.2775 0.4353 0.0703 0.8536 8.6600 5.2100 7.0400 26.6875 25.8125 13.0625
0.2678 0.4297 0.0883 0.8578 13.1600 7.9300 11.3200 6.8750 12.4375 100.0000
0.2122 0.4424 0.0461 0.8701 15.2800 9.9500 13.4700 -133.8125 -20.6250 218.5625
0.1293 0.4303 -0.1252 0.8845 15.5400 12.1400 12.5600 -402.3125 30.2500 436.7500
-0.0095 0.3273 -0.4342 0.8392 -0.9600 2.5400 -6.2600 -228.0000 123.6875 278.6875
-0.1049 0.1591 -0.6453 0.7397 -5.4100 -3.2000 -7.6200 -82.9375 45.0000 102.1250
-0.1254 0.0679 -0.7140 0.6855 -7.0600 -6.8300 -6.3000 -47.8750 13.3125 2.2500
-0.1157 0.0584 -0.7381 0.6621 -3.7900 -9.1400 -5.2700 12.0625 -48.3750 -47.5000
-0.1144 0.1125 -0.7138 0.6817 1.1500 -10.0700 -16.5800 279.8750 -52.5625 -44.3750
-0.1517 0.1862 -0.5273 0.8150 9.3200 3.9600 -22.6400 706.5625 -183.7500 -140.3750
-0.2125 0.2466 -0.1012 0.9401 9.9200 22.3600 6.5500 502.4375 -113.6250 -217.6875
-0.1847 0.2206 0.2851 0.9143 11.8900 15.1900 9.4000 158.1250 -70.5000 6.3750
-0.1591 0.2029 0.4080 0.8758 21.1600 18.0400 23.2000 -73.6250 8.4375 88.3750
-0.1876 0.2088 0.3518 0.8930 3.4100 5.7300 3.6300 -36.3125 -1.3750 2.8750
-0.1826 0.2215 0.3140 0.9050 5.1100 14.5100 12.5100 -199.6250 2.8750 26.6875
-0.1633 0.2503 0.1764 0.9379 9.0000 19.3600 16.3800 -540.4375 57.7500 96.4375
-0.1271 0.2672 -0.1811 0.9379 10.8700 14.2200 -4.3300 -569.5625 83.1875 151.3125
-0.0883 0.2084 -0.5994 0.7678 0.9100 -4.0400 -24.1000 -245.6875 108.3125 64.5625
-0.0427 0.1420 -0.7421 0.6536 -2.9600 -10.9100 -15.8200 14.0000 44.7500 -15.0000
-0.0155 0.1390 -0.7481 0.6487 -0.4000 -12.6200 -10.3900 79.4375 -33.7500 -28.6250
-0.0304 0.1737 -0.7059 0.6860 1.5800 -10.1100 -10.6700 234.5625 -96.8125 -15.8750
-0.0966 0.2188 -0.5638 0.7905 2.4300 -4.2700 -16.2800 520.1250 -140.1250 -24.6875
-0.2153 0.2579 -0.2169 0.9166 10.9300 19.1800 3.9300 567.8125 -82.4375 -113.5000
-0.2453 0.2310 0.1403 0.9310 4.2700 18.5100 16.3400 126.1250 -36.6875 -91.4375
-0.2051 0.2143 0.2867 0.9109 8.6200 14.9400 14.9500 -17.1250 56.0000 5.1250
-0.1858 0.2140 0.2979 0.9116 2.9200 2.3000 0.5600 7.1875 -7.5625 0.0000
-0.1859 0.2158 0.2950 0.9120 4.7300 4.9300 6.8800 9.3125 6.7500 -15.5000
-0.1826 0.2116 0.2977 0.9128 5.1700 4.4000 5.4900 -2.3750 -2.3750 -5.3750
-0.1817 0.2121 0.2977 0.9129 5.4900 5.6600 7.3500 -0.5000 -1.3750 2.1250
-0.1799 0.2127 0.2969 0.9134 5.3700 4.1500 5.1500 14.2500 -5.8750 1.0000
-0.1758 0.2193 0.3033 0.9105 2.6500 8.6200 8.4700 -27.4375 -44.3750 -36.6875
;
-0.1498 0.2366 0.2959 0.9133 1.0000 9.1800 5.7800 -99.6250 -54.9375 -99.5000
-0.0558 0.2592 0.2534 0.9304 -0.2900 4.0900 1.4400 -171.2500 -159.6250 -198.1250
0.1063 0.3239 0.1880 0.9211 11.7200 5.7000 5.1100 -87.0000 -132.5000 -37.0625
0.1651 0.3916 0.1279 0.8961 12.1900 5.1000 4.8600 -109.6875 -101.6250 -14.1250
0.2007 0.4398 0.0506 0.8739 23.1800 8.1700 5.6300 -135.4375 -83.8125 288.9375
0.0889 0.4569 -0.1609 0.8703 10.5000 10.7100 5.8100 -336.2500 89.2500 287.0625
0.0006 0.3344 -0.4874 0.8066 10.2900 3.8700 1.3800 -294.7500 62.0000 375.8125
-0.1014 0.1749 -0.7139 0.6705 -7.1500 -0.6600 -7.9300 -150.3125 68.3125 162.8125
-0.1315 0.0792 -0.8034 0.5753 -8.2800 -5.0800 -10.2000 -6.5000 25.1875 9.1875
-0.1188 0.0667 -0.8133 0.5657 -4.7000 -7.8000 -4.9700 22.4375 -5.7500 -74.3750
-0.1038 0.1044 -0.7858 0.6006 -2.3100 -10.3400 -13.4200 339.0000 -25.0625 -140.7500
-0.1317 0.1807 -0.5902 0.7757 2.0900 -2.1800 -22.5800 606.8750 -192.3125 -119.3125
-0.2232 0.2421 -0.1395 0.9338 7.7400 21.7200 -8.4500 706.8125 -65.1875 -159.5000
-0.2277 0.1871 0.2651 0.9181 9.6000 24.1500 16.3300 193.0625 0.1250 -1.3750
-0.2408 0.1786 0.3838 0.8734 5.8800 14.1000 5.8700 128.3750 10.0625 -141.3750
-0.2273 0.1798 0.3911 0.8735 0.0800 8.0800 3.5800 -85.1250 58.3750 -16.0000
-0.2181 0.1812 0.3145 0.9059 8.6700 13.3100 10.8100 -204.1875 28.7500 24.8125
-0.1889 0.2051 0.1426 0.9497 8.1300 15.0500 9.4700 -417.1875 42.3750 5.7500
-0.1363 0.2248 -0.0959 0.9601 9.5500 13.7900 4.5700 -696.5625 98.3750 84.3750
-0.0604 0.1934 -0.5673 0.7982 5.2600 0.8900 -26.7700 -279.5625 108.9375 63.8125
-0.0092 0.1229 -0.7396 0.6617 -4.0400 -10.7500 -13.5600 -31.2500 -45.1250 -39.3125
-0.0023 0.1511 -0.7429 0.6521 4.0600 -12.0200 -13.1800 143.2500 -39.5625 -18.6250
-0.0367 0.1804 -0.6591 0.7292 3.4100 -8.0900 -9.6900 313.1250 -122.1875 -32.0000
-0.1163 0.2348 -0.4918 0.8303 6.5400 -1.7400 -8.3900 515.9375 -110.8125 -35.1875
-0.2266 0.2606 -0.1414 0.9278 10.8300 19.1000 1.5000 517.1875 -9.0625 -26.1875
-0.2668 0.2002 0.1849 0.9244 12.4400 18.9100 19.3900 233.3125 -65.1875 -6.5000
-0.2419 0.1887 0.3563 0.8826 27.1300 22.7300 36.1800 -219.0625 22.6875 130.3750
-0.2418 0.2174 0.2607 0.9090 2.1600 4.2900 4.9400 -65.9375 -8.8125 -29.7500
-0.2145 0.2244 0.2352 0.9210 1.5700 9.4300 10.9000 -119.0625 -55.1875 -70.8750
-0.1555 0.2606 0.1678 0.9380 -2.8300 6.0000 2.6600 -181.8750 14.5000 -219.0625
0.0136 0.2811 0.0769 0.9565 6.1300 5.7500 0.7700 -228.3750 -117.2500 -211.7500
0.2155 0.3569 -0.0389 0.9081 14.4500 3.9300 1.9800 -95.1875 -223.5625 -68.5625
0.2730 0.4400 -0.0826 0.8515 13.8300 1.4100 5.0300 9.5625 2.0000 -35.0625
0.2761 0.4497 -0.0798 0.8456 11.8300 2.0400 5.4000 18.6250 -3.3750 50.4375
;
0.2407 0.4509 -0.0953 0.8542 8.6600 1.8800 5.7200 5.1250 10.3125 36.1875
0.2179 0.4452 -0.1088 0.8617 14.0000 3.4400 6.4100 -8.8125 -51.3125 171.2500
0.1313 0.4531 -0.1704 0.8651 15.2200 5.6200 16.2900 -280.6250 9.8125 325.0000
0.0129 0.3599 -0.4496 0.8174 0.8200 2.8500 0.4000 -398.3750 34.3750 317.8125
-0.0730 0.2257 -0.6979 0.6758 -4.5800 -2.2800 -8.9600 -217.4375 32.2500 205.0625
-0.1218 0.1251 -0.8077 0.5632 -3.6000 -3.4500 -5.2900 -53.9375 30.2500 63.4375
-0.1317 0.0806 -0.8367 0.5254 -3.0200 -6.2300 -6.8100 33.8750 42.3750 -1.8750
-0.1203 0.0784 -0.8282 0.5417 -3.3800 -9.8400 -10.9000 146.0000 -24.0625 -66.6875
-0.1076 0.1186 -0.7524 0.6390 2.5000 -11.0200 -34.2300 770.0000 -20.1250 -136.4375
-0.1212 0.1456 -0.3085 0.9322 10.3400 4.2200 -7.0500 526.4375 -184.8750 42.7500
-0.2207 0.1937 0.1050 0.9501 13.9500 31.7200 6.1800 481.0000 -118.6250 -20.1250
-0.2306 0.1837 0.3875 0.8735 6.5700 19.6900 9.1400 263.0625 59.8750 -181.1875
-0.2082 0.1417 0.4730 0.8443 -0.3200 11.0900 6.7200 -53.6875 24.9375 10.0625
-0.2253 0.1719 0.4057 0.8690 8.0700 14.8600 13.5100 -172.5000 1.8750 29.7500
-0.2104 0.2134 0.3030 0.9046 4.5700 18.5200 11.0100 -364.7500 17.2500 -7.4375
-0.1608 0.2683 -0.0232 0.9495 11.7000 22.1800 2.9800 -756.1250 106.1875 216.6250
-0.1398 0.2490 -0.5205 0.8047 3.5000 14.0800 -16.4100 -606.1250 178.6875 97.5625
-0.0258 0.1597 -0.8314 0.5316 0.8700 -3.3400 -15.9000 -151.8125 89.2500 12.8125
0.0256 0.1307 -0.8619 0.4892 2.8400 -4.8400 -6.5500 -12.4375 -29.5000 -20.7500
0.0188 0.1521 -0.8487 0.5062 1.6800 -8.3500 -20.9900 298.3750 -68.6875 -15.6250
-0.0395 0.2068 -0.7038 0.6785 2.5100 -1.1700 -14.1700 450.5000 -206.4375 -51.5625
-0.1487 0.2773 -0.4448 0.8386 9.8400 12.4100 -9.5000 609.5625 -294.3750 -15.2500
-0.2819 0.2597 -0.0319 0.9230 -0.4000 21.4000 16.4000 418.6875 -201.1250 7.8125
-0.3202 0.2413 0.2516 0.8809 2.4400 18.1100 16.4200 211.3750 -39.6875 -218.6875
-0.2841 0.2010 0.3373 0.8747 -0.8300 6.4900 4.9100 -69.1875 -11.5625 3.8750
-0.2773 0.2314 0.2846 0.8880 6.8900 4.5800 6.7100 -61.8750 -34.5000 12.8125
-0.2506 0.2638 0.2433 0.8991 5.0800 9.1300 8.5100 -178.6875 -40.4375 -32.2500
;
