0.8813 0.4397 -0.1725 0.0108 3.0800 7.5200 5.5700 -0.5625 0.3125 4.8125
0.8816 0.4388 -0.1733 0.0135 3.0600 8.4000 5.9900 -6.7500 -7.6875 22.0000
0.8828 0.4321 -0.1832 0.0220 2.6700 7.6800 5.7600 -18.0000 -17.9375 20.3750
0.8850 0.4172 -0.2047 0.0281 5.2700 14.1100 10.2700 -98.6875 -124.5000 165.6875
0.8867 0.3203 -0.3250 0.0750 8.1600 11.6700 7.9300 -275.0625 -86.5625 186.6875
0.8953 0.1163 -0.4197 0.0939 4.8200 3.6000 2.7600 -333.4375 -12.1875 92.9375
0.8862 -0.1086 -0.4471 0.0548 6.5400 -5.0600 -3.1900 -181.1250 26.6875 63.0625
0.8639 -0.2515 -0.4355 0.0272 10.9600 -9.9800 -3.5700 -65.5625 89.6250 67.6875
0.8805 -0.3056 -0.3610 0.0317 6.8400 -9.1800 -4.3900 163.1875 189.2500 80.7500
0.9481 -0.2211 -0.2162 0.0749 -1.4800 -3.3200 -3.4500 344.8750 229.3125 40.8125
0.9927 -0.0281 -0.0367 0.1113 -6.5400 6.6500 2.2900 342.6875 46.3750 35.8750
0.9610 0.2271 0.0653 0.1437 -4.5900 11.7000 6.7900 259.9375 32.4375 67.5000
0.8996 0.3900 0.1104 0.1626 0.7800 13.3100 3.9500 213.8125 53.1250 19.1250
0.8352 0.5069 0.1414 0.1599 -2.5500 14.9100 6.8400 107.2500 -56.3750 9.3750
0.8055 0.5630 0.1172 0.1432 -0.6300 18.7500 10.3600 -35.6875 -116.1875 118.3750
0.8119 0.5595 -0.0260 0.1646 3.1400 17.0000 8.7400 -180.4375 -216.9375 228.8125
0.8217 0.4740 -0.2296 0.2180 9.1400 10.3800 4.1000 -93.2500 -51.6250 325.2500
0.7723 0.3527 -0.3768 0.3702 8.7700 1.2600 2.2800 -74.0000 85.8750 258.8750
0.7278 0.2371 -0.4117 0.4945 6.2300 -1.6100 1.4200 2.1250 69.6875 168.1250
0.0000 0.0000 0.0000 0.0000 2.4200 -1.0500 1.0300 63.3750 102.1875 43.6250
0.6919 0.1420 -0.3311 0.6257 0.0000 0.0000 0.0000 -134.2500 -37.8125 -313.1875
0.0000 0.0000 0.0000 0.0000 0.0000 0.0000 0.0000 0.0000 0.0000 0.0000
0.7553 0.0994 -0.0101 -0.0001 0.0000 0.0000 0.0000 -72.6875 72.8125 -83.3125
0.8047 0.0530 -0.3478 0.4781 7.6400 -1.9200 5.6900 -36.3750 186.6250 -96.1250
0.9576 -0.1346 -0.2520 -0.0388 4.2600 -3.8600 4.8400 0.0000 0.0000 0.0000
0.0000 0.0000 0.0000 0.0000 0.0000 0.0000 0.0000 -38.8750 82.9375 -158.6250
0.9787 -0.1190 -0.1354 -0.0980 2.9900 -3.0500 7.1600 -31.5625 51.5000 -114.1875
0.9649 -0.1259 -0.1247 -0.1938 0.3300 -2.0800 6.6800 43.6250 11.0625 -165.0625
0.9448 -0.0811 -0.1431 -0.2834 2.6700 -4.1700 2.3700 128.6875 -56.8750 -68.8125
0.9233 0.0032 -0.2031 -0.3261 4.3700 5.8600 2.6600 245.8125 2.6875 -105.6250
0.8732 0.1704 -0.2665 -0.3709 2.3300 7.1700 6.7300 129.1250 26.1250 -137.8750
0.8268 0.2575 -0.2991 -0.4009 3.3800 10.9900 8.2400 108.3125 -28.3125 -34.0000
0.8044 0.3046 -0.3187 -0.3983 3.6900 16.8200 14.4400 -33.9375 -54.4375 59.0000
0.8168 0.2657 -0.3335 -0.3886 1.4500 10.0700 10.3400 -152.0000 -8.5625 7.6875
0.8402 0.1610 -0.3145 -0.4114 0.8100 10.0300 9.1200 -234.0000 -122.0000 49.0000
;
0.7792 0.6261 0.0213 0.0189 0.2000 10.8600 2.7300 2.9375 -9.5625 7.1250
0.7782 0.6276 0.0135 0.0190 1.1000 11.3400 2.1400 -7.9375 -23.6875 61.5000
0.7814 0.6223 -0.0244 0.0399 1.8800 13.2100 3.5800 -38.1250 -65.5000 162.9375
0.7860 0.5894 -0.1480 0.1140 3.8800 17.8700 5.5200 -170.7500 -95.5625 300.6875
0.8030 0.4567 -0.3235 0.2049 5.5200 10.7100 -0.3600 -274.3125 14.0625 238.3750
0.8348 0.2415 -0.4221 0.2582 4.1100 3.9100 -0.2800 -282.0625 49.1250 137.6250
0.8569 0.0281 -0.4506 0.2488 8.4000 -3.7900 1.6400 -204.9375 183.1250 -8.8125
0.9013 -0.1231 -0.3710 0.1865 5.9400 -12.4400 -3.0500 -3.8750 178.0000 -12.3125
0.9424 -0.1371 -0.2537 0.1695 2.8500 -8.0400 -4.9200 287.7500 203.1250 62.8125
0.9728 0.0031 -0.0841 0.2158 -3.6500 5.6800 -0.3200 313.0000 153.1250 -11.3750
0.9492 0.2033 0.0847 0.2249 -3.7700 7.0400 -0.4400 286.5625 94.7500 23.5625
0.8826 0.3689 0.1810 0.2282 -4.6400 12.4000 6.1000 195.0000 40.0000 11.7500
0.8144 0.4893 0.2294 0.2115 -2.5000 19.6400 11.2900 91.5000 -10.3125 34.2500
0.7809 0.5527 0.2134 0.1978 -0.7500 13.4600 4.6900 26.9375 -81.6875 36.8125
0.7806 0.5778 0.1534 0.1826 1.1400 15.5100 5.7000 -22.3750 -144.6875 130.9375
0.7829 0.5878 0.0289 0.2020 5.2000 18.1300 8.1800 -81.9375 -168.1875 277.6250
0.7696 0.5510 -0.1620 0.2792 8.7800 8.9200 1.9800 -104.6250 13.3750 270.4375
0.7401 0.4540 -0.2871 0.4047 7.4700 4.6900 2.6300 -69.8125 41.6875 319.0625
0.6588 0.3425 -0.3857 0.5477 3.6100 0.3800 2.2900 -46.5000 59.3125 166.1875
0.6178 0.2558 -0.4099 0.6204 3.8500 -0.6600 0.4000 26.3750 129.5625 26.3750
0.6298 0.2006 -0.3592 0.6588 4.3200 1.9200 3.9500 -129.6250 -26.6250 -182.4375
0.0000 0.0000 0.0000 0.0000 5.9200 -1.8100 2.1600 2032.0000 -0.0625 -0.0625
0.7607 0.1212 -0.3734 0.5169 10.2700 -2.0000 4.5900 -206.1250 15.8750 -193.6875
0.8426 0.0415 -0.3749 0.3845 7.8300 -0.9700 5.7300 -41.3750 269.3750 -38.1250
0.8937 -0.0220 -0.2454 0.3751 -0.4900 -4.3700 6.3500 0.0000 0.0000 0.0000
0.9824 -0.0970 -0.1186 -0.1074 -2.9700 -2.3600 9.2000 -28.4375 55.7500 -85.4375
0.9796 -0.0943 -0.0828 -0.1573 -2.5400 -5.3900 6.2100 49.8125 -121.8125 9.0000
0.9723 -0.0654 -0.1617 -0.1556 5.8300 -1.6900 3.2900 107.2500 -74.8750 -95.9375
0.9520 0.0229 -0.2330 -0.1970 3.9300 1.8200 5.6600 133.8125 16.4375 -164.8750
0.9109 0.1779 -0.2444 -0.2808 4.9700 10.5200 4.7500 203.8750 121.1875 -135.5625
0.8683 0.3242 -0.2018 -0.3163 2.9200 16.9700 4.6500 181.5625 45.1875 -93.7500
;
0.0000 0.0000 0.0000 0.0000 0.0000 0.0000 0.0000 87.1875 -5.2500 -7.5000
0.7921 0.4723 -0.2224 -0.3163 0.0000 0.0000 0.0000 0.0000 0.0000 0.0000
0.0000 0.0000 0.0000 0.0000 0.0000 0.0000 0.0000 0.0000 0.0000 0.0000
0.7834 0.4567 -0.2560 -0.3350 -0.1600 10.9700 5.7000 -19.9375 -26.1875 -2.1250
0.7885 0.4346 -0.2673 -0.3434 -3.6600 16.9000 11.0600 -175.8750 -237.7500 160.8125
0.8186 0.2473 -0.3838 -0.3484 0.8000 12.3200 7.2300 -341.8750 -211.0000 177.6250
0.8239 -0.0518 -0.4302 -0.3654 8.3800 0.6700 -4.8700 -326.6250 -22.6250 88.7500
0.7907 -0.3054 -0.3466 -0.4018 11.3600 -6.6700 -3.7400 -160.0000 92.6250 102.8125
0.7997 -0.3846 -0.2120 -0.4093 10.6300 -7.1000 -6.1000 88.7500 247.5000 108.2500
0.8723 -0.2695 -0.0820 -0.3997 -1.5000 -3.5600 -5.1000 293.0625 261.3750 66.0625
0.9269 -0.0057 0.0287 -0.3743 -6.3400 3.2600 -3.0600 319.0625 190.9375 38.8125
0.9111 0.2219 0.0690 -0.3405 -5.1000 9.9500 0.8900 240.5000 70.5000 97.0000
0.8769 0.3846 0.0408 -0.2855 -6.6500 17.1600 8.8900 200.0625 -19.2500 84.6250
0.8323 0.4929 -0.0421 -0.2501 -1.3500 16.1800 9.3600 155.5625 -165.1250 129.6250
0.7994 0.5171 -0.2124 -0.2200 1.0300 13.7200 6.0300 -44.2500 -168.3750 172.4375
0.8128 0.4306 -0.3486 -0.1800 7.8100 14.3900 7.2000 -138.5625 -38.1250 221.5000
0.8525 0.2721 -0.4372 -0.0901 7.9700 7.9000 6.7800 -198.1875 -27.5625 270.6875
0.8775 0.0945 -0.4698 0.0179 5.6900 0.1100 0.8800 -28.8125 57.3125 256.5625
0.8832 0.0017 -0.4406 0.1608 2.2600 -3.2300 2.1700 62.8750 87.5625 120.1250
0.8909 -0.0101 -0.3819 0.2455 5.4100 0.6100 4.5800 18.0000 69.3750 49.8125
0.8994 -0.0219 -0.3373 0.2773 6.4000 -0.6400 6.4500 -90.0625 -79.9375 -145.8750
0.9218 -0.0488 -0.3467 0.1666 9.0500 -1.6700 2.8700 -80.4375 89.0625 -58.5000
0.9457 -0.0755 -0.2876 0.1307 3.4600 -3.1100 10.0800 -26.2500 77.3125 -50.3125
0.0000 0.0000 0.0000 0.0000 0.0000 0.0000 0.0000 -13.0625 126.8750 -151.1250
0.0000 0.0000 0.0000 0.0000 0.0000 0.0000 0.0000 0.0000 0.0000 0.0000
0.0000 0.0000 0.0000 0.0000 0.0000 0.0000 0.0000 0.0000 0.0000 0.0000
0.9846 -0.0911 -0.1373 -0.0590 -0.5000 -2.7000 5.5500 18.9375 -92.8125 -63.1250
0.9724 -0.0735 -0.1936 -0.1076 0.7600 -4.6800 3.2500 115.1875 18.3125 -230.5000
0.9515 0.0263 -0.2058 -0.2271 3.2400 3.5900 8.5400 74.5000 133.1875 -228.2500
0.9095 0.1545 -0.1592 -0.3515 3.2700 7.3500 5.8700 163.3125 125.6875 -131.6875
;
0.8669 0.2830 -0.1260 -0.3904 -1.8700 12.3800 10.9100 180.3750 -31.1875 10.6875
0.8313 0.3689 -0.1825 -0.3735 0.8100 10.4600 8.3900 39.6250 9.8125 -12.3750
0.8193 0.3889 -0.1992 -0.3713 0.0900 11.3500 10.1200 -15.6875 -54.1875 33.3750
0.8225 0.3655 -0.2310 -0.3695 -1.1300 11.0900 9.2800 -62.2500 -74.5000 37.3750
0.8339 0.2983 -0.2762 -0.3731 0.0200 15.3400 12.4400 -205.2500 -197.1250 128.8125
0.8494 0.0881 -0.3599 -0.3759 4.1100 11.1500 9.6400 -378.7500 -182.3125 118.3125
0.8237 -0.1859 -0.3578 -0.3986 13.1900 -3.8600 -3.7100 -251.3750 79.0000 54.1875
0.8033 -0.3329 -0.2258 -0.4392 7.8900 -6.4900 -0.2300 -100.2500 92.9375 54.8125
0.8182 -0.3546 -0.1138 -0.4380 5.1500 -6.1200 -1.8800 58.0000 225.1250 77.3125
0.8677 -0.2503 0.0275 -0.4286 0.2300 -3.1900 -1.9500 142.0000 174.0000 114.4375
0.9082 -0.0921 0.1064 -0.3942 -1.6200 4.7700 1.3400 243.2500 145.5000 142.8125
0.9276 0.1270 0.1268 -0.3276 -11.0400 10.4300 6.4300 230.6250 -30.4375 96.8125
0.9065 0.3129 0.0679 -0.2753 -4.2700 10.6100 4.6200 181.5625 18.9375 15.3750
0.8687 0.4139 0.0402 -0.2693 -5.4300 11.9300 10.6600 84.9375 -45.8125 23.0625
0.8453 0.4587 -0.0146 -0.2736 -3.5000 16.5700 18.3600 -38.3750 -151.0000 49.6250
0.8476 0.4301 -0.1113 -0.2902 1.4000 10.5500 7.7200 -17.3750 -183.6250 128.8750
0.8542 0.3663 -0.2623 -0.2595 7.5900 12.9800 9.3600 -20.4375 -113.6250 254.1250
0.8718 0.2768 -0.3795 -0.1389 7.6400 10.1400 6.6100 -124.6250 -7.8750 314.5000
0.8999 0.1066 -0.4219 0.0295 5.8900 0.4700 1.6200 -72.4375 93.5625 204.4375
0.9182 0.0065 -0.3704 0.1406 -1.3500 0.4600 5.5200 -42.7500 75.2500 68.1250
0.9283 -0.0373 -0.3270 0.1727 4.7500 -1.1200 2.0600 -3.5625 75.6250 5.2500
0.0000 0.0000 0.0000 0.0000 0.0000 0.0000 0.0000 0.0000 0.0000 0.0000
0.0000 0.0000 0.0000 0.0000 6.0900 -0.4000 5.3300 -48.0000 179.9375 0.0000
0.9716 -0.0923 -0.2178 0.0010 1.1500 -2.7000 9.0000 5.3750 112.2500 -62.5000
0.9844 -0.0786 -0.1509 -0.0443 1.8700 -1.4400 9.3100 0.0625 -1.6250 11.5625
0.0000 0.0000 0.0000 0.0000 0.0000 0.0000 0.0000 0.0000 0.0000 0.0000
0.9817 -0.0822 -0.1170 -0.1260 -1.9800 -2.6100 7.1100 14.1875 -53.6875 -78.0625
0.9665 -0.0776 -0.1530 -0.1910 2.9400 -6.1200 0.3000 36.5625 -10.6875 -189.1250
0.9325 -0.0234 -0.1902 -0.3062 5.0600 1.2400 3.5700 128.6875 31.8750 -184.3125
0.8898 0.0961 -0.1867 -0.4052 0.4700 8.1100 8.0500 170.7500 114.5625 -136.8125
;
0.8407 0.2684 -0.1642 -0.4407 0.3900 13.6200 14.2100 135.1250 -30.5000 60.6250
0.8215 0.3348 -0.2273 -0.4017 0.6500 12.0300 10.9200 41.8125 -5.3125 6.5000
0.8149 0.3530 -0.2494 -0.3862 -0.6500 10.9800 9.8400 -15.8750 -40.6875 17.5625
0.8182 0.3347 -0.2618 -0.3874 -1.3300 13.0900 10.4800 -73.6875 -121.0000 62.3125
0.8271 0.2319 -0.3271 -0.3938 0.4000 12.9300 11.8500 -295.6250 -199.4375 66.0625
0.8188 0.0020 -0.3665 -0.4420 7.4200 7.2200 0.0900 -346.1250 -164.0625 85.5000
0.7597 -0.3049 -0.3230 -0.4749 16.4400 -6.4800 -8.1200 -243.5625 87.4375 110.5625
0.7362 -0.4355 -0.1937 -0.4804 11.8300 -6.7700 -8.6000 13.6875 176.3125 170.2500
0.8132 -0.3677 -0.0561 -0.4476 1.2300 -3.2400 -8.5900 208.8750 248.1875 121.1875
0.8981 -0.1583 0.0366 -0.4086 -2.2300 1.7800 -9.2700 395.0625 175.3750 119.3750
0.9327 0.0779 0.0590 -0.3471 -2.9800 7.4600 -5.2800 274.1250 94.0000 102.4375
0.9171 0.2755 0.0447 -0.2849 -6.6600 16.8800 9.8400 119.6250 46.8125 18.0625
0.8780 0.3995 0.0421 -0.2602 -12.4700 17.8300 25.2800 37.7500 -175.3125 13.8750
0.8531 0.4331 -0.0456 -0.2874 -3.1200 15.1300 15.1400 6.1875 -113.5625 2.7500
0.8544 0.3940 -0.1212 -0.3164 1.1700 10.5100 6.6500 -19.7500 -173.1875 124.6250
0.8643 0.3267 -0.2471 -0.2918 7.5300 10.0900 7.3600 2.4375 -174.6250 302.8750
0.8713 0.2288 -0.4120 -0.1366 6.6500 7.8900 7.4600 -45.5625 -7.9375 284.0625
0.8851 0.1216 -0.4493 0.0029 5.4000 -0.9100 2.1800 -29.0625 49.0000 150.6875
0.8959 0.0567 -0.4312 0.0908 5.6100 0.1600 5.4500 -18.0625 62.1875 104.7500
0.9041 0.0165 -0.3995 0.1506 4.2000 -1.2100 2.7400 14.3125 70.8750 36.3125
0.0000 0.0000 0.0000 0.0000 5.4100 -0.6500 -0.0100 0.0000 0.0000 0.0000
0.0000 0.0000 0.0000 0.0000 3.8300 -2.1200 3.5000 -64.2500 110.0000 -121.6875
0.0000 0.0000 0.0000 0.0000 0.0000 0.0000 0.0000 0.0000 0.0000 0.0000
0.0000 0.0000 0.0000 0.0000 0.0000 0.0000 0.0000 0.0000 0.0000 0.0000
0.0000 0.0000 0.0000 0.0000 0.0000 0.0000 0.0000 0.0000 0.0000 0.0000
0.0000 0.0000 0.0000 0.0000 0.0000 0.0000 0.0000 0.0000 0.0000 0.0000
;
