0.8871 0.4329 -0.1585 0.0237 3.4300 10.1800 5.8200 -79.6875 -85.1250 105.0625
0.9033 0.3428 -0.2523 0.0536 3.7600 8.7500 6.3700 -198.1250 -62.3125 101.4375
0.9210 0.1759 -0.3405 0.0692 6.2200 4.8300 6.6600 -184.5625 17.1875 80.1250
0.9339 0.0385 -0.3466 0.0786 5.2700 0.9900 5.1400 -190.6875 16.1250 84.1250
0.9303 -0.1025 -0.3420 0.0839 5.4500 -2.0800 4.2000 -162.5000 45.2500 60.6250
0.9213 -0.2166 -0.3132 0.0794 4.5500 -4.4100 3.4800 -94.3750 70.0000 40.4375
0.9149 -0.2898 -0.2712 0.0740 4.2900 -5.2400 5.1600 -89.5000 36.6250 35.6250
0.8984 -0.3558 -0.2469 0.0726 3.8100 -7.1800 4.5000 -77.8125 46.9375 42.5000
0.8858 -0.4045 -0.2148 0.0748 1.5600 -8.0100 4.8800 -5.7500 -8.1250 28.1250
0.8837 -0.4100 -0.2064 0.0911 1.9800 -9.0500 0.7500 83.0625 15.5000 12.4375
0.9030 -0.3697 -0.1913 0.1061 1.2800 -8.4400 -1.3200 225.2500 15.6875 7.8125
0.9490 -0.2338 -0.1660 0.1310 7.3100 -0.0800 -8.7500 435.8750 83.0625 19.9375
0.9769 0.0746 -0.0710 0.1873 -0.9500 16.5100 6.8400 450.5000 51.4375 24.8125
0.9213 0.3212 0.0307 0.2170 -0.8900 15.7300 17.2300 87.5625 13.3750 56.7500
0.8914 0.3802 0.0402 0.2434 0.0200 11.3100 13.1200 -34.3125 -27.8125 9.6875
0.8989 0.3652 0.0136 0.2415 1.2600 7.9000 9.0900 -92.6250 -47.5000 0.0625
0.9185 0.3192 -0.0261 0.2321 1.2300 8.2900 13.9800 -303.6250 -221.6875 56.9375
0.9291 0.1335 -0.2775 0.2047 -6.0900 8.7700 7.0000 -422.5625 -691.0000 203.3125
0.6885 -0.0909 -0.6944 0.1885 6.2700 -3.2700 -16.7600 -90.1875 -177.0625 165.2500
0.5272 -0.2187 -0.7889 0.2278 2.3600 -5.4300 -5.6500 48.1875 -23.3125 89.6875
0.5111 -0.2439 -0.7715 0.2901 6.5500 -6.4200 -4.4000 96.0625 45.4375 17.6875
0.5356 -0.2295 -0.7387 0.3387 7.0000 -6.6200 0.1300 67.6250 35.0000 21.7500
0.5664 -0.2194 -0.6998 0.3760 7.4900 -5.8600 0.4000 77.0000 80.9375 63.5625
0.5957 -0.2316 -0.6417 0.4241 3.2600 -6.9400 2.4700 29.6875 -8.9375 25.7500
0.5881 -0.2295 -0.6306 0.4515 4.7200 -7.3700 3.9600 -14.8750 -80.3750 -10.4375
0.6866 -0.4463 -0.5366 0.2034 5.4400 -8.2900 -1.0300 -38.8125 -122.5625 -47.3125
0.6429 -0.4359 -0.5908 0.2181 8.6600 -8.8200 -11.2200 458.5625 140.9375 75.1250
0.7231 -0.3950 -0.5106 0.2458 7.6000 -5.7000 1.6700 81.0625 -45.9375 12.7500
0.7051 -0.3464 -0.5348 0.3111 6.8500 -7.9900 -0.3900 -170.4375 -36.8750 -8.4375
0.6476 -0.4150 -0.5822 0.2634 6.4500 -11.7600 -25.4300 504.5000 236.1250 -27.8125
0.7090 -0.3504 -0.5313 0.3038 4.4000 -7.4100 2.2800 88.2500 -3.9375 9.7500
0.7465 -0.3378 -0.4866 0.3029 1.0000 -4.4600 10.2400 -38.8125 37.3750 -58.3125
0.7650 -0.3427 -0.4837 0.2517 1.5300 -6.0300 -2.9000 67.7500 55.4375 -192.6875
0.8336 -0.2446 -0.4700 0.1563 -0.4400 -1.6900 1.6600 247.8125 191.0000 -357.6875
0.9319 0.0092 -0.3615 -0.0282 2.7500 5.6500 5.4000 212.0625 92.1250 -368.5625
0.9053 0.2259 -0.3100 -0.1822 7.2800 11.3100 11.2300 82.5625 -50.8125 -172.2500
0.8509 0.3185 -0.3029 -0.2879 11.0000 12.6600 10.3900 35.0625 -23.4375 -21.5000
0.8317 0.3273 -0.3123 -0.3219 2.2300 6.7600 5.1800 -30.3750 -59.2500 49.9375
0.8384 0.2903 -0.3419 -0.3096 3.4300 6.7000 6.0700 8.8125 0.1875 10.6250
;
0.8530 0.4636 -0.2400 -0.0009 3.4800 7.8200 4.5900 -8.6875 6.6250 -21.6875
0.8575 0.4603 -0.2294 -0.0104 3.4200 8.4400 5.9800 -61.5000 -8.9375 -18.0000
0.8765 0.4191 -0.2345 -0.0328 4.7500 9.3500 7.7000 -159.8125 -64.7500 42.0000
0.9080 0.3162 -0.2716 -0.0417 6.3700 9.8400 10.7100 -208.5625 -89.6250 117.0000
0.9308 0.1473 -0.3340 -0.0202 5.7800 5.9900 9.8500 -296.5000 -6.6875 98.2500
0.9360 -0.0715 -0.3433 -0.0302 6.4500 1.8800 4.3600 -312.3125 -27.1250 108.8750
0.8890 -0.2930 -0.3502 -0.0346 5.8600 -3.2000 1.2300 -192.6875 -16.4375 94.8750
0.8298 -0.4462 -0.3343 -0.0245 6.2900 -5.5000 0.0400 -113.3125 25.5000 95.4375
0.8001 -0.5259 -0.2886 -0.0052 4.1100 -6.3500 1.5300 -67.5000 63.2500 96.0000
0.7869 -0.5761 -0.2205 0.0122 1.3200 -7.7200 2.3800 -44.5625 38.0625 57.0625
0.7747 -0.6069 -0.1759 0.0240 2.1600 -9.0500 -0.3500 10.0625 49.2500 52.2500
0.7809 -0.6093 -0.1332 0.0350 -0.2200 -9.5300 -1.5100 97.3750 -17.5000 29.9375
0.8186 -0.5554 -0.1288 0.0692 0.2900 -8.7800 -12.0900 374.1875 -95.7500 1.5000
0.9361 -0.3021 -0.1326 0.1220 5.1700 11.1900 6.4400 371.5000 118.6250 31.4375
0.9878 -0.0286 -0.0275 0.1505 1.7700 11.5200 12.7700 281.4375 -44.9375 68.8750
0.9648 0.1744 -0.0195 0.1957 -1.4400 8.4000 18.6400 102.8125 -75.1250 2.6250
0.9496 0.2390 -0.0607 0.1937 2.2500 6.6100 15.7000 -53.0000 -114.5625 5.4375
0.9526 0.2131 -0.1299 0.1736 3.4800 5.4500 14.3700 -154.7500 -80.4375 -28.2500
0.9623 0.1254 -0.2021 0.1321 4.2900 3.5400 13.1800 -221.1250 -189.3750 10.8750
0.9317 -0.0169 -0.3505 0.0937 6.5600 0.6300 8.5500 -195.3750 -190.9375 80.9375
0.8602 -0.1470 -0.4768 0.1055 7.4800 -0.9700 0.2400 -152.3750 -215.9375 158.5625
0.7487 -0.2648 -0.5842 0.1676 4.2700 -4.2500 -2.8100 -88.9375 -172.5625 140.2500
0.6379 -0.3481 -0.6446 0.2376 2.3800 -7.8500 -3.3700 13.0000 -53.7500 49.3750
0.6042 -0.3584 -0.6555 0.2772 5.1800 -7.5300 0.1700 -13.6875 -38.3750 15.5000
0.5767 -0.3613 -0.6730 0.2898 4.3100 -7.6400 -2.8000 -6.3750 -44.1250 -38.8750
0.5614 -0.3372 -0.6998 0.2855 6.9700 -6.3200 -3.6700 24.4375 -14.8125 -14.6875
0.5620 -0.3193 -0.7040 0.2943 7.9700 -6.2200 -5.3100 182.3750 -19.8750 24.8125
0.5933 -0.2546 -0.6536 0.3949 5.1000 1.3300 -8.3200 109.3750 -406.5000 20.4375
0.5845 -0.1720 -0.6454 0.4608 10.2400 -4.8600 10.0600 -30.8750 134.3750 95.3125
0.5887 -0.2342 -0.6093 0.4769 7.4000 -8.4200 -2.7400 -4.7500 -28.8125 35.8125
0.5750 -0.2432 -0.6015 0.4984 -1.2600 -6.9800 -26.9700 228.8125 -265.6250 113.0625
0.6412 -0.2026 -0.5052 0.5409 5.7400 -6.3000 4.7700 35.1875 102.5625 -39.5000
0.6816 -0.1959 -0.4758 0.5202 2.8100 -4.7900 8.9000 -152.9375 -79.0625 -58.2500
0.6651 -0.2143 -0.5619 0.4427 1.9700 -5.9500 -3.2000 35.5000 153.4375 -177.1250
0.7907 -0.1575 -0.4809 0.3445 -3.7400 -0.4400 -2.6300 338.6875 170.5000 -353.8125
0.9282 0.1060 -0.2999 0.1929 4.8300 8.7300 4.8000 258.5625 137.8750 -287.3125
0.9419 0.2915 -0.1479 0.0776 8.6100 15.3200 14.1500 171.8125 23.1250 -78.6250
0.9136 0.3843 -0.1159 0.0647 1.7600 6.9600 8.0700 50.0000 -100.8750 93.5625
;
