0.8455 0.4162 -0.3346 0.0033 5.5200 6.8400 4.2000 -0.3750 -1.1250 0.1250
0.8454 0.4158 -0.3352 0.0026 5.5100 7.1100 4.5300 -22.1875 5.0625 -8.4375
0.8545 0.4027 -0.3279 -0.0096 7.1100 16.0900 10.9200 -276.6875 25.8125 -17.3750
0.9241 0.2004 -0.3146 -0.0831 8.9100 17.1000 10.6400 -590.1250 -20.3125 11.7500
0.9344 -0.1652 -0.2540 -0.1871 9.6100 7.3900 1.2600 -430.8125 107.8125 99.6250
0.8627 -0.4543 -0.0903 -0.2032 2.4100 -3.7400 -6.8200 -207.1250 106.0625 75.0625
0.8079 -0.5528 0.0323 -0.2016 1.7200 -6.3900 -4.0800 -79.6250 137.1250 87.5000
0.7799 -0.5714 0.1506 -0.2062 -4.4800 -10.7300 -4.6900 27.4375 64.1250 26.8125
0.7908 -0.5366 0.1980 -0.2177 -4.3000 -11.7000 -5.3000 164.9375 -59.6250 14.5000
0.8663 -0.4308 0.1378 -0.2117 4.8000 -8.2300 -10.5000 463.1875 -56.4375 37.6250
0.9761 -0.0839 0.0277 -0.1982 6.4800 19.7300 0.5200 536.6875 -30.3125 108.7500
0.9641 0.2316 -0.0485 -0.1210 -0.9000 21.9500 12.8700 170.1250 -119.7500 54.8125
0.9235 0.3431 -0.1533 -0.0773 4.0300 18.6800 17.8300 -95.3125 -63.3750 58.6250
0.9379 0.2676 -0.2070 -0.0768 4.7400 15.1700 15.8700 -264.5000 -35.0625 -35.9375
0.9659 0.0983 -0.1957 -0.1381 4.3300 10.1400 7.8600 -322.6250 7.1250 -40.0625
0.9583 -0.1275 -0.1430 -0.2120 10.3500 0.7500 -0.1400 -277.8125 151.3750 -68.8125
0.9319 -0.2173 -0.0299 -0.2888 3.5700 -4.1100 -1.7500 359.6875 293.8125 -139.7500
0.9158 0.1248 0.0181 -0.3812 -3.9600 -6.8700 7.8600 275.1875 30.3125 -162.9375
0.8398 0.2669 -0.0098 -0.4727 -3.9800 0.1600 9.7700 51.9375 -38.3750 -57.3750
0.8085 0.2856 -0.0288 -0.5137 -1.4200 3.3300 8.4800 9.0625 -5.4375 -42.0625
0.7904 0.2889 -0.0278 -0.5395 -3.1500 0.9700 8.9400 2.2500 15.3750 -24.5625
0.7817 0.2958 -0.0168 -0.5487 -5.8800 -13.0200 12.7400 -186.3125 9.3125 -42.1250
0.7914 0.1578 0.0945 -0.5829 3.0200 21.9600 -4.9300 -720.8125 -86.5000 -272.5000
0.7460 -0.1348 0.2385 -0.6070 0.2800 3.2900 30.5100 -62.4375 -163.6875 2.0000
0.7698 -0.2255 0.1552 -0.5765 1.8000 -2.5900 13.2600 -68.8125 -247.6875 98.9375
0.8081 -0.3324 0.0657 -0.4818 1.8400 -3.7800 4.1600 192.5000 -166.7500 67.5625
0.9009 -0.2097 -0.0663 -0.3742 1.4700 -2.8900 13.5300 135.2500 147.0000 152.0000
0.9663 -0.0461 -0.0770 -0.2412 -0.0800 0.6800 16.4400 -72.8125 -60.1875 129.4375
0.9736 -0.1064 -0.0984 -0.1762 -1.3300 -6.9300 7.5200 -242.7500 128.4375 -159.2500
0.9354 -0.1968 0.0150 -0.2935 -2.8700 3.8500 12.0300 421.3125 88.7500 -135.2500
0.9074 0.1096 -0.0356 -0.4041 2.2300 -6.0600 -2.1000 365.4375 110.4375 -66.0625
0.8540 0.3243 -0.0668 -0.4013 -2.6500 3.4800 0.0200 305.7500 94.7500 170.0625
0.8332 0.4796 -0.0994 -0.2567 1.0900 8.5600 2.1800 70.6875 154.9375 197.9375
0.8428 0.5190 -0.1050 -0.0960 3.0000 23.2100 7.9400 -50.6875 77.0625 59.6875
0.8637 0.4948 -0.0856 -0.0435 4.3800 19.6600 10.2000 -118.0000 112.7500 -104.5625
0.9008 0.4275 0.0200 -0.0744 -1.3300 6.6900 5.7900 -94.8750 66.3750 -121.2500
0.9178 0.3648 0.0952 -0.1243 -0.7300 2.2800 2.6300 -109.8750 11.3125 -58.8750
0.9465 0.2703 0.1760 0.0073 -0.8500 -3.2900 0.9200 2.1875 -23.8125 -16.4375
0.9493 0.2688 0.1624 -0.0103 -3.0000 -0.8700 1.6700 53.4375 -45.1250 39.4375
0.9440 0.3024 0.1319 0.0005 -0.9000 -2.1000 0.5400 109.0625 -103.4375 161.0000
0.9147 0.3958 0.0309 0.0755 2.2900 -0.4800 -0.3100 214.3125 -105.4375 223.5625
0.8239 0.5314 -0.0900 0.1750 11.3500 20.4900 2.4500 67.1250 -188.7500 283.5625
0.7241 0.5897 -0.2545 0.2515 14.5400 15.5500 2.9000 6.7500 -96.8125 106.5000
0.6763 0.5878 -0.3530 0.2693 14.3500 15.8700 4.4300 -26.2500 -15.8125 -12.8750
0.6858 0.5880 -0.3463 0.2531 13.3200 18.9000 6.4800 -202.1250 54.2500 -73.8750
0.7805 0.5066 -0.3085 0.1976 15.5700 11.4600 2.5300 -194.6250 193.0625 -146.9375
0.9000 0.3759 -0.1774 0.1315 9.3500 4.9100 0.1500 -235.0625 199.3750 -54.5625
0.9663 0.2198 -0.0577 0.1210 -0.6900 -3.5100 -0.9800 -107.0000 188.0000 -40.3750
0.9833 0.1314 0.0591 0.1110 -3.2000 -1.6600 1.9600 -32.1875 66.0625 -14.0000
0.9832 0.1027 0.1126 0.1003 -3.8800 -0.7800 2.7700 33.7500 0.3125 -20.7500
0.9819 0.1231 0.1147 0.0863 -3.9000 0.0300 3.0700 77.6250 -87.2500 25.3750
;
