0.7807 0.3373 -0.5195 -0.0826 7.1800 5.5100 1.9000 -5.6875 3.1250 5.0625
0.7823 0.3334 -0.5199 -0.0808 7.1000 5.7700 2.1300 -5.1250 0.8750 7.9375
0.7836 0.3279 -0.5220 -0.0776 8.5100 10.0200 4.9800 -38.1875 -46.3750 91.7500
0.7776 0.2655 -0.5671 -0.0564 9.7900 10.8600 2.8300 -126.1250 -44.5000 168.8125
0.7792 0.1173 -0.6149 -0.0300 11.5400 7.1800 3.3000 -227.5000 33.3750 134.7500
0.7989 -0.0614 -0.5965 -0.0468 6.3900 -2.4400 0.0600 -366.2500 52.0625 68.3125
0.7794 -0.2794 -0.5430 -0.1403 13.6700 -7.7000 -9.6800 -267.0625 61.6250 89.8750
0.7469 -0.4460 -0.4424 -0.2179 13.5800 -8.0300 -10.7500 35.8750 261.8125 130.7500
0.8336 -0.4204 -0.2838 -0.2187 -1.9600 -2.3700 -4.2400 260.9375 314.2500 78.5625
0.9547 -0.2090 -0.0811 -0.1956 -6.6200 4.2000 -2.7400 323.9375 344.5625 77.2500
0.9795 0.0445 0.1008 -0.1686 -5.5100 5.5800 1.2100 223.9375 92.1250 104.8125
0.9517 0.2438 0.1420 -0.1213 -3.2400 15.4100 1.5100 291.8125 108.2500 38.4375
0.9000 0.3967 0.1558 -0.0919 -8.1400 13.9700 11.4500 146.6250 -56.8750 73.6250
0.8621 0.4921 0.0952 -0.0750 -9.5800 14.5900 17.1100 -82.0625 -149.4375 32.0625
0.8785 0.4689 0.0133 -0.0908 -1.3700 7.7700 5.4200 -68.5625 -126.1875 9.7500
0.8977 0.4165 -0.0707 -0.1249 2.9900 8.3500 5.6600 -42.8750 -125.7500 93.7500
0.9106 0.3681 -0.1583 -0.1013 0.9200 5.5200 1.1500 73.3125 -55.6250 6.5000
0.8976 0.3911 -0.1884 -0.0765 -6.1300 7.2700 14.0500 -153.4375 -101.0625 -45.4375
0.9183 0.3171 -0.1831 -0.1508 3.1100 8.7700 8.4000 -213.1875 12.4375 -174.9375
0.9280 0.1873 -0.1122 -0.3019 2.0700 0.9100 9.1300 -184.6250 24.9375 -148.2500
0.9099 0.0919 -0.0468 -0.4018 -0.5300 -5.7500 10.0300 -145.6250 121.4375 -195.8750
0.8562 -0.0244 0.0726 -0.5109 -0.1600 -7.9400 4.4800 -515.3125 -14.0625 -200.6250
0.7719 -0.2363 0.1793 -0.5624 -2.6500 0.5000 7.3600 146.1250 28.4375 2.1875
0.6202 -0.0827 0.1779 -0.7595 -5.4300 8.3200 18.2400 125.1250 19.5625 43.4375
0.6364 0.0325 0.1086 -0.7630 0.4600 1.2500 4.5800 188.4375 59.1250 88.0000
0.6570 0.1195 0.0504 -0.7427 -1.3500 3.9900 9.5300 89.0625 27.0000 53.8125
0.6841 0.1681 0.0051 -0.7097 -4.1300 2.4100 4.0500 190.0000 -97.5000 172.5625
0.7457 0.2187 -0.1426 -0.6130 1.4300 5.5800 4.0300 148.4375 10.1875 232.2500
0.8032 0.2693 -0.2393 -0.4744 -3.2800 5.6600 7.2200 174.5000 -83.7500 138.6250
0.7897 0.3206 -0.3516 -0.3873 2.3500 9.1200 9.2300 81.3750 -56.1250 18.5625
0.7521 0.3549 -0.4117 -0.3727 6.1500 12.2000 9.2400 16.8125 -24.8125 35.8125
;
0.7423 0.3496 -0.4454 -0.3582 3.9300 9.3100 6.6300 -40.8750 -25.6250 59.6250
0.7542 0.3083 -0.4646 -0.3468 4.0500 6.4800 3.8900 -18.9375 -10.0000 12.2500
0.7593 0.2903 -0.4686 -0.3458 4.7000 7.4200 4.0600 -16.5625 -18.0000 39.9375
0.7666 0.2671 -0.4782 -0.3351 4.6800 9.9800 5.5400 -64.9375 -60.9375 128.0625
0.7894 0.1627 -0.5126 -0.2960 2.7500 10.5800 6.5800 -272.0625 -125.0000 193.5625
0.7910 -0.0796 -0.5270 -0.3005 8.7700 10.1000 3.7400 -452.0625 -62.3750 185.5000
0.7241 -0.4062 -0.4278 -0.3574 13.8100 -7.5500 -8.2200 -315.7500 72.9375 90.6875
0.6739 -0.5397 -0.2898 -0.4131 10.7100 -7.1100 -5.2000 -68.4375 138.2500 154.9375
0.7202 -0.5452 -0.1356 -0.4070 6.8200 -6.4100 -7.1800 142.5625 223.5000 143.5625
0.8119 -0.4224 -0.0148 -0.4028 -1.0400 -2.1500 -4.6900 300.4375 224.6875 85.0625
0.8935 -0.1868 0.0728 -0.4019 -1.8700 0.8900 -3.1000 230.1250 167.5625 86.0000
0.9193 0.0222 0.1181 -0.3749 -6.1700 7.6500 4.9000 213.3125 82.4375 66.1250
0.9133 0.2031 0.1178 -0.3328 -8.9200 13.4700 16.1000 67.5000 -96.0625 119.0625
0.9130 0.2875 0.0408 -0.2865 -4.6300 10.1600 13.3600 206.3750 19.8750 -23.4375
0.8813 0.3610 0.0023 -0.3048 -8.1000 7.1800 9.6200 40.9375 -125.1250 -58.0625
0.8484 0.3756 -0.0688 -0.3665 -2.7400 11.0800 11.1700 6.3125 -68.3125 -149.6250
0.7829 0.3751 -0.1162 -0.4827 1.4400 8.0800 2.4100 -41.1250 -65.9375 -66.8750
0.7640 0.2770 -0.1298 -0.5681 0.7300 0.3900 5.9500 -162.3125 -65.6875 -87.8125
0.7518 0.1722 -0.0844 -0.6308 1.5400 1.4400 8.4100 -142.5000 -49.5625 -30.0000
0.7448 0.0866 -0.0419 -0.6603 1.3500 -5.6500 10.7900 -145.3125 61.2500 -41.5000
0.7145 -0.0319 0.1055 -0.6909 3.4500 0.9400 -4.0500 -723.0000 -49.7500 -163.3125
0.6250 -0.2882 0.3192 -0.6515 1.1700 -2.2600 9.7400 91.9375 39.3750 16.1250
0.6318 -0.2322 0.2970 -0.6773 -2.1600 -3.4900 7.4700 172.8125 58.1250 2.1875
0.6484 -0.1432 0.2390 -0.7085 -3.1700 -1.3000 14.2600 16.5625 -54.5625 29.8125
;
0.6703 -0.1043 0.2001 -0.7069 0.6400 -4.2500 -0.2000 271.6250 53.6250 56.3125
0.7012 0.0519 0.0914 -0.7052 -3.0000 5.3700 10.5200 295.7500 -25.5000 108.8750
0.7327 0.1902 -0.0620 -0.6505 -1.0600 5.7300 6.9600 210.2500 -34.8125 206.8750
0.7785 0.2717 -0.2044 -0.5276 2.8500 5.8000 5.9200 66.8750 54.9375 136.8750
0.8069 0.3126 -0.2388 -0.4406 -0.7400 7.2500 6.5700 145.8750 9.5625 61.6875
0.7976 0.3784 -0.2825 -0.3753 -3.1800 10.9600 9.9700 72.7500 -55.1250 22.2500
0.7744 0.3970 -0.3329 -0.3631 4.5900 11.5200 7.2400 -2.8750 -24.0625 10.0000
0.7690 0.3797 -0.3588 -0.3683 2.5800 11.5500 6.7300 -71.3750 -67.6875 97.1875
0.7940 0.2968 -0.3986 -0.3501 -1.4400 16.1100 11.9600 -310.3125 -196.5625 201.6875
0.8269 0.0027 -0.4438 -0.3453 1.8600 10.3700 6.5600 -554.2500 -206.2500 159.7500
0.7512 -0.3587 -0.4031 -0.3802 12.9600 -3.8200 -2.7600 -357.1875 8.6875 170.8125
0.6743 -0.5810 -0.2545 -0.3782 10.2400 -9.5100 -9.7400 -47.2500 72.2500 111.9375
0.6852 -0.6118 -0.1473 -0.3667 4.0800 -9.7700 -15.2500 163.8750 242.5000 154.7500
0.8013 -0.4696 -0.0009 -0.3706 0.3400 -2.1500 -1.6400 249.0625 207.5625 99.9375
0.8948 -0.2446 0.0879 -0.3630 -5.2900 2.9400 -0.1400 292.0625 179.9375 96.6250
0.9283 -0.0206 0.1429 -0.3427 -5.7700 6.1100 1.7700 245.6250 94.3750 94.4375
0.9279 0.1676 0.1385 -0.3030 -5.2300 11.9200 9.2500 212.1875 8.5625 96.8750
0.9103 0.3083 0.0823 -0.2637 -5.0700 12.4700 7.2300 246.5625 93.1875 7.7500
0.8723 0.4119 0.0637 -0.2558 -9.1400 9.6600 10.6300 -9.4375 -58.3750 7.6875
0.8791 0.3837 0.0146 -0.2825 -2.9900 8.6300 4.9000 115.1250 -55.0625 -91.3125
0.8384 0.4214 -0.0094 -0.3455 -8.1100 9.5700 4.0300 146.8125 -192.0625 -165.9375
0.0000 0.0000 0.0000 0.0000 0.0000 0.0000 0.0000 0.0000 0.0000 0.0000
0.7311 0.3613 -0.1067 -0.5689 1.3400 2.4800 6.0300 -164.3750 -120.0000 -51.6875
0.7295 0.2449 -0.0873 -0.6326 -3.7300 -0.9000 10.3000 -146.7500 7.0625 -47.3750
0.7294 0.1470 0.0178 -0.6678 -6.3900 -3.3100 10.1800 -597.2500 -100.4375 -254.5000
0.6469 -0.1599 0.2698 -0.6951 -8.4200 -8.8800 -6.4100 8.1875 -65.0000 -48.5000
0.6475 -0.1777 0.2744 -0.6884 -2.5000 -0.3300 11.9900 106.1250 33.3750 -11.5625
0.6505 -0.1196 0.2353 -0.7122 -2.3300 -1.3800 10.9900 34.8125 -3.6875 -4.8750
0.6575 -0.0906 0.2112 -0.7176 -2.5000 -3.3100 8.9000 62.7500 1.6875 2.3750
;
