0.7991 -0.1073 -0.5907 -0.0296 9.3200 -1.2900 2.2000 3.8750 -2.5625 1.7500
0.7988 -0.1051 -0.5917 -0.0273 9.1400 -1.5700 2.1400 6.6875 7.8125 -3.1250
0.8019 -0.1008 -0.5883 -0.0262 9.4500 -1.5500 2.6900 11.3125 14.8125 -5.7500
0.8091 -0.0885 -0.5804 -0.0252 9.9700 -5.8900 0.6600 101.6875 70.1875 -85.9375
0.8348 0.0131 -0.5486 -0.0454 22.9200 8.9600 13.4600 -40.5000 206.8750 57.0000
0.9006 0.0001 -0.4336 -0.0288 6.9500 8.8500 14.7200 -388.6875 57.8125 177.5000
0.8854 -0.2966 -0.3570 -0.0250 6.2200 5.5700 0.5600 -414.5000 49.0625 225.8125
0.7797 -0.5669 -0.2656 -0.0117 0.0000 0.0000 0.0000 0.0000 0.0000 0.0000
0.6884 -0.6993 -0.1924 -0.0058 -0.6000 -7.8400 -4.9900 -118.6875 1.0625 4.1250
0.6357 -0.7507 -0.1781 -0.0243 1.1900 -11.9000 -9.2300 17.3125 -14.8750 -15.3750
0.6432 -0.7407 -0.1931 -0.0162 -0.1100 -10.9900 -11.4100 165.2500 -104.7500 -40.0000
0.7389 -0.6202 -0.2590 0.0483 5.3100 2.7800 -15.1900 551.8125 -30.4375 -54.8750
0.9104 -0.2869 -0.2711 0.1240 13.7900 25.5400 -12.4300 631.3125 199.7500 -15.1250
0.9681 0.1221 -0.0537 0.2122 -7.7900 16.3700 29.8700 137.5625 -213.4375 174.6875
0.9344 0.2217 -0.0408 0.2759 0.2100 6.6100 21.2200 -29.3750 -43.7500 -15.0625
0.9396 0.2167 -0.0687 0.2560 5.1800 3.6300 9.4800 -59.3750 -3.3125 -8.1875
0.9488 0.1816 -0.0953 0.2402 2.0700 2.5800 5.1400 -33.5625 -3.5000 -5.0625
0.9513 0.1652 -0.1119 0.2350 3.8800 2.3700 5.8600 -5.1250 -25.8750 4.4375
0.9494 0.1669 -0.1283 0.2332 3.2100 3.8000 9.3800 26.6250 -59.5625 2.0000
0.9341 0.2055 -0.1645 0.2409 5.3100 11.7500 25.8300 -32.6875 -358.0625 180.3750
0.8270 0.2125 -0.4279 0.2964 5.8700 4.8500 7.5000 -293.1250 -202.8750 306.0625
0.6924 0.0410 -0.6088 0.3850 2.5600 -17.4700 -21.2000 251.0000 81.5625 -10.1875
0.6946 0.1429 -0.5154 0.4811 7.8700 0.4500 4.1800 119.1250 -46.0000 31.8125
0.6538 0.2021 -0.4875 0.5422 4.9700 2.7200 2.1300 88.3750 2.3125 11.4375
0.6339 0.2197 -0.4660 0.5768 4.0200 -0.4700 5.3800 10.1875 -22.8750 -25.8125
0.6357 0.2298 -0.4666 0.5704 10.9300 -1.5600 1.1400 31.1250 14.1250 -0.9375
0.6362 0.2358 -0.4598 0.5730 8.8700 -0.4400 2.8600 18.7500 -210.1875 -23.8750
0.6052 0.3052 -0.5276 0.5121 19.4100 4.8300 -5.8700 -176.2500 234.2500 63.2500
0.6381 0.1951 -0.5660 0.4841 -5.4100 -2.4700 -4.1500 10.5625 120.3125 211.5625
0.6208 -0.0075 -0.4589 0.6355 -2.7900 -8.6400 5.3000 -18.1875 204.1875 70.6875
0.6435 -0.1193 -0.3990 0.6422 -2.0000 -8.4400 9.4300 -136.6250 27.5625 -41.8125
0.6465 -0.1920 -0.4422 0.5913 1.1100 -10.7300 2.8900 -86.0625 -46.6875 8.6875
0.6135 -0.2174 -0.5085 0.5637 1.9500 -5.8100 2.2400 -58.5000 -65.0625 -21.6250
0.5825 -0.2087 -0.5762 0.5340 -1.0800 -5.5800 -6.0900 -137.6250 -135.8750 -77.2500
0.5221 -0.1461 -0.6742 0.5016 6.7300 -6.8200 -4.1400 308.0625 -283.8750 -41.3750
0.4583 -0.0175 -0.6253 0.6314 4.8800 -11.1600 5.9400 -17.5625 77.5625 81.3750
0.4176 -0.0711 -0.6027 0.6763 9.0100 -13.8900 1.1700 -9.7500 142.7500 -32.5000
0.4479 -0.1038 -0.5957 0.6586 3.0500 -7.6800 6.1900 -28.6250 -59.0625 -8.7500
0.4430 -0.0746 -0.6147 0.6483 8.2500 -7.6600 9.0000 38.1875 72.0000 -106.9375
0.4956 -0.0610 -0.6018 0.6234 3.4500 -12.5700 6.0600 -296.6250 -173.5000 -33.4375
0.4601 -0.1011 -0.7857 0.4009 -4.0300 10.1900 -6.0000 -919.5000 -446.4375 -193.3125
0.1809 -0.1900 -0.9639 -0.0447 5.2200 7.9700 -14.7300 23.8750 148.8750 96.6250
0.2151 -0.2443 -0.9435 -0.0615 1.3500 2.9100 -12.1700 44.6875 38.1250 13.1875
0.2253 -0.2498 -0.9413 -0.0273 3.8100 -0.1000 -4.9600 27.1875 25.9375 3.0625
0.2382 -0.2498 -0.9385 -0.0041 2.8900 -1.6600 -6.4900 46.9375 38.3125 -11.8125
0.2693 -0.2368 -0.9333 0.0193 3.3300 3.3600 -9.1100 101.0625 123.5625 -33.8125
;
0.3765 -0.1914 -0.9024 0.0850 2.0800 2.9400 -3.9900 179.0000 164.6250 -82.5625
0.5139 -0.1113 -0.8366 0.1536 8.1800 -1.9100 -0.0900 35.1875 112.3125 -80.8125
0.5920 -0.0530 -0.7913 0.1436 13.5000 -3.4400 8.3200 59.2500 136.8125 -85.0625
0.6508 0.0101 -0.7473 0.1337 20.0300 -6.8500 -4.4900 4.4375 -18.9375 85.1875
0.6000 -0.0430 -0.7829 0.1588 12.0600 -5.6900 -7.0900 43.3750 -42.1250 71.5625
0.5738 -0.0779 -0.7886 0.2069 10.5000 -4.9000 -4.4600 -20.0000 97.4375 91.3125
0.6201 -0.1682 -0.7345 0.2184 19.5100 2.9100 -2.3200 -474.3750 390.9375 268.8125
0.6044 -0.5519 -0.5715 0.0601 4.3100 0.2600 -20.7500 -10.0000 468.2500 385.2500
0.6551 -0.7031 -0.2732 0.0432 -4.2600 -5.1100 -5.4500 -91.5625 7.9375 74.2500
0.6149 -0.7621 -0.1987 0.0404 -2.3300 -7.1400 -2.4700 -29.2500 -0.2500 -7.7500
0.5970 -0.7756 -0.1999 0.0438 -1.4400 -9.5000 -8.1000 29.1875 -32.2500 -26.9375
0.5950 -0.7663 -0.2319 0.0703 -1.1100 -9.6700 -38.0000 322.0625 6.5625 -141.9375
0.7375 -0.5848 -0.3117 0.1298 12.0000 18.8400 -8.4600 0.0000 0.0000 0.0000
0.0000 0.0000 0.0000 0.0000 0.0000 0.0000 0.0000 479.1250 80.8125 33.8125
0.9274 0.1202 -0.1643 0.3138 0.5700 8.8700 27.2700 177.6250 -32.0000 2.0625
0.9059 0.2187 -0.1494 0.3304 5.4800 3.2700 8.7800 -14.1875 2.3125 -7.6875
0.9085 0.2102 -0.1607 0.3234 3.7700 2.9300 9.0600 -47.6250 -45.0625 -8.6250
0.9136 0.1890 -0.1875 0.3072 4.7300 1.8900 9.5600 -53.1250 -37.8125 -3.6875
0.9176 0.1666 -0.2021 0.2988 5.1200 1.3200 7.2800 -7.1875 13.7500 -3.3750
0.9204 0.1600 -0.1988 0.2962 3.9900 1.2800 7.5800 -8.3125 -1.3125 5.6250
0.9213 0.1539 -0.1971 0.2977 3.3900 2.0300 10.5300 -12.3125 12.5000 -21.0625
0.9417 0.0228 -0.2398 -0.2349 4.2900 2.7400 10.0600 -55.5625 -54.3750 -11.3125
0.9280 -0.0171 -0.2718 -0.2545 7.3400 2.3700 7.2200 -18.8125 -99.6875 23.8750
0.9080 -0.0440 -0.3361 -0.2465 8.2300 3.5400 11.3000 8.8750 -87.1250 116.8125
0.8887 -0.0904 -0.4233 -0.1514 13.3200 4.6800 10.7500 -325.5000 -93.0000 144.0000
0.8153 -0.3568 -0.4329 -0.1434 5.3000 -1.8400 -1.3600 -351.9375 -61.8750 239.8125
0.6613 -0.6298 -0.3886 -0.1229 -1.1900 -15.6000 -26.3100 171.9375 -55.6250 -117.2500
0.6913 -0.5229 -0.4927 -0.0771 8.8500 1.4300 -7.7800 543.7500 26.6875 -175.0000
0.8080 -0.2252 -0.5444 0.0077 2.7000 5.0500 0.3100 271.2500 50.3125 -102.1875
0.8354 -0.0513 -0.5436 0.0627 0.0000 0.0000 0.0000 172.0625 -229.8125 13.0000
0.8026 -0.0023 -0.5925 0.0693 11.5600 2.8600 -0.1900 -93.1875 19.8750 26.3125
0.8223 -0.0745 -0.5615 0.0536 10.5300 -3.4400 3.1200 -110.3125 -39.8125 35.4375
0.7925 -0.1354 -0.5926 0.0497 0.5800 1.0300 13.8800 60.7500 136.3750 230.9375
0.0000 0.0000 0.0000 0.0000 -2.2600 -4.7200 11.8300 -202.0000 56.6875 -10.0000
0.8597 -0.2769 -0.3911 0.1767 3.7300 -5.5800 8.9300 -307.3750 21.9375 97.1875
0.7715 -0.5004 -0.3696 0.1336 -15.9500 -14.2000 -27.9000 59.1875 -78.8125 -94.8750
0.7184 -0.5348 -0.4188 0.1498 6.9100 -7.1100 -8.5600 149.6875 -198.5625 -130.5000
0.7320 -0.3764 -0.5211 0.2257 -2.8300 -2.1600 20.8600 -99.2500 -88.0625 98.6250
0.7054 -0.3569 -0.5051 0.3463 6.0700 -15.7200 -0.2100 -22.3750 22.3125 30.3750
0.6859 -0.3851 -0.5029 0.3583 6.5500 -6.6800 7.0700 -51.7500 50.8750 21.4375
0.6798 -0.4141 -0.4955 0.3475 3.7300 -7.4200 7.8800 -28.1875 29.1875 -66.5625
0.6970 -0.4102 -0.5030 0.3047 7.7600 -4.8400 8.9100 -75.6250 46.2500 -90.4375
0.6913 -0.4354 -0.5319 0.2228 2.9100 4.0200 14.3700 -935.1250 -179.6875 -311.5625
0.2917 -0.6813 -0.6652 -0.0904 4.7200 7.5100 -39.1900 -29.1250 98.2500 -52.0000
0.1849 -0.7206 -0.6534 -0.1400 2.2300 1.3700 5.0100 -8.7500 -46.5000 0.6875
;
0.1702 -0.7390 -0.6440 -0.1014 -2.0100 -0.1700 -11.1600 8.8125 0.9375 -9.6250
0.1688 -0.7493 -0.6327 -0.0991 5.2500 -0.9300 -9.2300 18.7500 43.0000 5.0000
0.1848 -0.7495 -0.6277 -0.1004 1.1600 -0.9300 -9.1900 54.5000 22.2500 -19.0625
0.2205 -0.7383 -0.6306 -0.0929 5.7800 0.8300 -12.6500 203.0625 130.1250 -34.0000
0.3410 -0.6746 -0.6490 -0.0865 10.4100 0.4900 -7.6700 84.1875 152.5625 -120.0000
0.4685 -0.5753 -0.6556 -0.1401 7.4400 -3.1000 -0.0600 82.4375 287.6875 -63.1250
0.6410 -0.4797 -0.5516 -0.2341 24.7400 -1.5400 4.9800 -443.3750 457.8125 139.8125
0.6370 -0.6162 -0.1935 -0.4207 0.7100 -10.4400 -11.2900 -133.3125 186.6250 273.8125
0.6261 -0.6514 0.1222 -0.4108 -2.0100 -7.3200 -0.6700 -125.1875 29.9375 105.6875
0.5958 -0.6619 0.2527 -0.3784 -3.1700 -7.0800 -3.0700 -80.4375 -1.2500 64.1250
0.5814 -0.6716 0.2999 -0.3479 0.3300 -8.6700 -4.7600 -8.9375 30.1250 -21.6875
0.5679 -0.6788 0.3016 -0.3545 1.0400 -10.3400 -3.6800 -1.4375 -27.8750 -24.0000
0.5664 -0.6960 0.2799 -0.3410 0.1200 -10.6600 -0.0900 -45.6250 -63.4375 -44.0000
0.5530 -0.7325 0.2422 -0.3146 -1.5000 -10.3600 -4.7800 3.6875 -144.8125 -45.1875
0.5714 -0.7621 0.1574 -0.2605 3.1300 -3.6400 -25.0100 406.5000 -39.5625 -118.4375
0.7458 -0.5994 0.0108 -0.2904 7.0500 19.5600 -13.5900 689.1250 -64.6250 -102.7500
0.9257 -0.1701 -0.1769 -0.2881 6.0800 34.0800 17.4600 491.5000 213.8750 60.4375
0.9536 0.1666 -0.1584 -0.1947 -4.7400 10.9900 22.5300 119.6250 38.3750 -8.6250
0.9363 0.2331 -0.2039 -0.1658 3.6700 4.6500 6.7200 -103.5000 -109.8125 10.2500
0.9370 0.1685 -0.2390 -0.1912 5.6400 4.4200 10.1800 -105.6875 -82.3125 27.6875
0.9371 0.0997 -0.2643 -0.2052 4.4800 6.0900 14.7000 -42.1250 -227.8125 -9.8125
0.8899 0.0142 -0.3984 -0.2217 8.1500 5.1700 8.0500 -68.4375 -271.6250 105.3750
0.8258 -0.0946 -0.5385 -0.1381 0.8100 -6.8600 -4.2500 -52.7500 -116.5000 266.5625
0.7766 -0.1816 -0.6002 0.0611 7.2200 -5.3000 -3.4900 127.3125 -0.1875 42.7500
0.7872 -0.1342 -0.5876 0.1307 2.1500 -2.7500 2.7200 105.7500 17.6875 -4.2500
0.8047 -0.0737 -0.5635 0.1715 7.7000 0.4000 5.5600 38.3750 12.1875 -28.6875
0.8076 -0.0388 -0.5637 0.1693 9.5700 -1.5600 1.8400 47.3750 -19.1250 -4.1875
0.7928 -0.0088 -0.5826 0.1787 11.8200 1.5500 0.6800 -114.5625 -68.5000 -60.1875
0.7561 -0.0052 -0.6411 0.1311 10.6200 1.2000 -0.9800 -115.0625 40.4375 1.2500
0.7734 -0.0688 -0.6238 0.0889 13.5400 -0.9300 -0.5600 -71.5625 -38.6875 67.5625
0.7722 -0.1205 -0.6101 0.1302 12.1700 -4.0000 1.1600 50.3125 228.5000 201.8125
0.8439 -0.1853 -0.4402 0.2444 -1.6100 -7.0000 9.5900 -195.5000 81.6250 -11.2500
0.8270 -0.3341 -0.4155 0.1782 5.4500 -5.0800 7.2500 -272.1875 28.3125 101.7500
0.7506 -0.4880 -0.4248 0.1337 1.0800 -7.1100 -7.3900 87.6875 -9.5000 -22.6875
0.7433 -0.4684 -0.4506 0.1583 1.1300 -4.8300 -2.9500 52.1250 -291.1250 -24.0625
0.6912 -0.3959 -0.5491 0.2531 9.2100 -10.3600 -1.5200 104.7500 -121.3125 48.6250
0.6834 -0.3691 -0.5574 0.2934 9.2000 -7.6000 5.4600 -61.8125 -13.0625 10.4375
0.6803 -0.3952 -0.5564 0.2672 5.8500 -10.5300 3.5700 19.6250 18.6875 -4.1250
0.6990 -0.3865 -0.5420 0.2613 5.2900 -8.6700 5.8300 37.3125 50.9375 -37.5000
0.7279 -0.3644 -0.5256 0.2472 4.2500 -9.5800 9.0800 -20.3125 -58.6250 -79.0625
0.6796 -0.4042 -0.5789 0.1994 -2.2100 2.7200 13.4800 -1053.5625 -178.5000 -178.8750
0.2126 -0.6355 -0.7215 -0.1744 11.0500 12.8100 -21.1600 -101.3125 176.1875 101.2500
0.1191 -0.6985 -0.6685 -0.2259 5.2900 7.1800 -7.9900 -3.0625 -23.8750 20.0000
0.1168 -0.7054 -0.6670 -0.2095 3.2100 3.1000 -6.1100 38.7500 22.7500 -8.3750
0.1423 -0.6996 -0.6705 -0.2018 4.6000 0.8700 -5.8000 26.5000 -8.0000 0.6875
0.1505 -0.6997 -0.6719 -0.1907 4.2300 0.6300 -8.8800 33.5000 31.8750 -2.8750
;
0.1830 -0.6914 -0.6738 -0.1855 5.5900 2.0500 -11.9000 158.9375 37.8750 11.2500
0.2895 -0.6578 -0.6838 -0.1262 7.8000 2.9600 -8.4600 193.9375 116.7500 4.1250
0.4126 -0.6196 -0.6625 -0.0839 16.7800 -1.7500 -11.5300 34.1875 246.3750 143.9375
0.5201 -0.6537 -0.5392 -0.1068 6.8800 -5.2800 -5.4500 -129.8125 271.2500 178.8750
0.6115 -0.7139 -0.2780 -0.1977 3.7100 -2.5100 -7.5900 -42.5000 467.6250 340.1875
0.6683 -0.6879 0.0922 -0.2678 -4.8800 -8.2500 -3.7300 -83.8750 230.2500 133.2500
0.6401 -0.6618 0.2560 -0.2946 -6.9000 -10.1400 -0.1400 -71.8750 -34.5000 5.8125
0.6181 -0.6872 0.2731 -0.2667 1.5100 -9.8100 -2.8600 -55.1250 83.2500 -4.4375
0.5828 -0.6904 0.3062 -0.2999 -1.5800 -9.8300 1.0300 -32.5000 -16.7500 -31.4375
0.5728 -0.7041 0.2932 -0.3002 0.3600 -10.9200 -5.1000 7.8750 -15.6250 -58.9375
0.5784 -0.7114 0.2573 -0.3051 -1.2900 -9.7100 -8.7300 158.1875 -11.9375 -22.6250
0.6632 -0.6469 0.1912 -0.3243 -1.3500 -6.8900 -3.6400 296.1875 -352.1250 -63.7500
0.8060 -0.5189 -0.0192 -0.2841 7.2900 11.9800 -4.6800 549.6250 -56.5625 -57.7500
0.9242 -0.2120 -0.1747 -0.2654 5.6400 20.3900 11.5700 447.8750 220.1875 -35.8125
0.9518 0.1024 -0.2022 -0.2064 2.8100 8.8600 18.0100 134.0000 31.8750 6.2500
0.9396 0.1693 -0.2379 -0.1788 3.6900 4.1100 13.0400 -37.0625 -31.6250 2.5625
0.9383 0.1362 -0.2560 -0.1883 5.4500 4.1400 12.0100 -110.1875 -40.1250 -3.3750
0.9386 0.0699 -0.2626 -0.2125 4.4400 4.5900 16.2500 -82.0000 -101.5000 -0.3750
0.9178 0.0051 -0.3320 -0.2178 9.2000 4.0900 3.8200 -37.3125 -272.1875 163.5000
0.8400 -0.1180 -0.5122 -0.1348 12.9900 -2.6000 -5.0000 59.7500 -136.4375 181.5000
0.7794 -0.1540 -0.6073 -0.0082 2.5400 -6.3200 -2.9500 115.4375 -41.2500 80.6250
0.7714 -0.1307 -0.6151 0.0980 7.6100 -2.5200 -2.1400 95.0625 41.8125 9.6250
0.7914 -0.0852 -0.5920 0.1257 6.4000 0.7900 6.1200 24.3750 -35.0625 -57.0625
0.7916 -0.0403 -0.5989 0.1148 10.0800 0.3800 1.9600 -10.5625 -12.8750 -20.1875
0.7735 -0.0344 -0.6237 0.1071 6.6400 1.7300 9.3800 -141.1250 -68.0625 -21.5000
0.7479 -0.0850 -0.6553 0.0628 9.8600 1.0100 -2.9300 -55.1250 28.0625 -2.7500
0.7397 -0.1234 -0.6594 0.0522 25.3100 -6.0300 -13.4000 19.4375 250.8125 143.1875
0.7856 -0.1939 -0.5769 0.1115 5.9000 -6.2500 3.6200 -116.5625 79.6875 58.8750
0.7940 -0.2792 -0.5333 0.0847 4.9700 -9.1000 4.6000 -122.3750 32.3750 40.1875
0.7745 -0.3666 -0.5131 0.0500 7.0700 -4.2600 5.9900 -374.1250 -6.1875 168.7500
0.6232 -0.6442 -0.4433 -0.0099 -12.5500 -9.9100 -21.4200 49.5000 145.6875 -149.4375
0.6378 -0.6194 -0.4557 -0.0441 5.8400 -3.3800 -10.2300 321.4375 -224.5625 -180.3750
0.6544 -0.4617 -0.5950 0.0677 17.0900 -8.0000 -5.9100 317.6875 159.7500 -29.6875
0.7493 -0.3117 -0.5458 0.2084 6.7800 -2.4800 14.9500 -10.3125 44.3125 -3.3125
0.7888 -0.3035 -0.4847 0.2256 6.5700 -8.9900 5.9300 -18.0000 14.6875 15.2500
0.7941 -0.3146 -0.4706 0.2214 3.0900 -4.8400 8.8000 -61.1250 -3.8125 -27.4375
0.7833 -0.3447 -0.4878 0.1724 5.7400 -10.0000 7.4100 -179.4375 -129.4375 -24.9375
0.6838 -0.4268 -0.5782 0.1262 -1.3200 13.5000 12.9600 -1231.6875 -147.5000 -324.7500
0.1568 -0.6589 -0.6866 -0.2641 27.9300 13.7900 -12.4800 -103.5625 112.6875 138.3750
0.0617 -0.7156 -0.6301 -0.2953 3.9400 7.3900 -8.4300 -0.8750 -0.5000 -20.1250
0.0550 -0.7144 -0.6334 -0.2925 4.2300 3.1100 -6.6600 20.6875 24.9375 -23.5000
0.0726 -0.7045 -0.6409 -0.2960 6.9700 1.9300 -9.5900 25.8750 52.5000 20.6250
0.0945 -0.7057 -0.6378 -0.2937 5.7300 3.4400 -8.8800 23.8750 15.3125 -1.1875
0.1171 -0.6998 -0.6447 -0.2845 4.2000 4.2200 -7.9300 66.0625 33.3750 -14.6875
;
