0.7127 0.6589 -0.2405 -0.0057 3.9100 8.9300 0.1300 -19.5000 -41.8750 74.6250
0.7141 0.6367 -0.2908 0.0074 4.1200 8.6500 0.1000 -30.8125 -61.0000 99.6875
0.7131 0.6005 -0.3610 0.0242 6.1600 7.4500 -0.4100 -34.0000 -72.7500 133.7500
0.6999 0.5404 -0.4639 0.0539 9.0800 7.5400 -0.6900 -50.5000 -95.0000 227.4375
0.6754 0.4318 -0.5884 0.1054 12.0700 8.0400 0.7100 -145.0000 -72.2500 272.4375
0.6568 0.2640 -0.6902 0.1503 12.6800 4.8800 -0.8500 -279.5625 32.8750 194.4375
0.6884 0.0460 -0.7086 0.1479 8.0900 -3.9000 -7.0100 0.0000 0.0000 0.0000
0.7383 -0.0581 -0.6434 0.1940 7.4400 -5.8600 -5.3100 39.4375 178.8750 114.7500
0.8044 -0.1152 -0.5183 0.2663 3.7000 -8.4200 -7.8200 228.3750 331.3750 4.8125
0.9102 -0.0425 -0.2787 0.3033 -5.5800 -1.0800 -2.8900 286.8750 323.5000 -101.1250
0.9550 0.0934 -0.0214 0.2808 -6.3300 3.5500 -4.2000 316.6250 117.0625 -1.7500
0.9112 0.2787 0.1298 0.2743 -2.3100 10.7700 -2.3000 0.0000 0.0000 0.0000
0.8530 0.4145 0.1662 0.2701 -2.4300 16.6700 11.5300 90.5625 -105.6875 55.6250
0.8148 0.5078 0.1091 0.2574 1.2300 13.8600 10.0900 -0.6875 -63.0000 6.1875
0.8126 0.5262 0.0793 0.2378 1.0700 9.0300 5.6000 -23.2500 -48.0000 -5.0000
0.8233 0.5209 0.0491 0.2202 1.0300 6.4800 2.9700 -28.6250 -66.8125 12.7500
0.8322 0.5153 -0.0008 0.2049 3.4900 5.8100 2.4200 -6.3750 -110.1250 47.8125
0.8220 0.5276 -0.0854 0.1966 7.4900 9.3100 6.6200 18.1250 -205.0000 203.3750
0.7655 0.5352 -0.2565 0.2487 14.9100 10.7100 4.9800 39.5625 -102.6875 315.0625
0.6620 0.4775 -0.4240 0.3924 12.8200 7.2300 2.0600 -0.7500 78.5625 340.2500
0.5778 0.3456 -0.4813 0.5613 5.9000 0.6500 -3.8400 118.1250 189.3125 269.4375
0.4964 0.2153 -0.4190 0.7291 0.7600 1.3100 0.0000 73.7500 268.9375 248.3125
0.4233 0.0486 -0.3271 0.8434 -6.9500 -3.4200 4.1400 -22.5625 134.1875 8.3750
0.0000 0.0000 0.0000 0.0000 0.0000 0.0000 0.0000 -114.9375 -14.6875 28.0625
0.4398 -0.0749 -0.3585 0.8201 2.2400 -10.2400 6.3300 -68.8750 -20.8750 -33.8125
0.4540 -0.0778 -0.4021 0.7913 4.3900 -13.6800 8.1600 18.4375 -3.7500 -24.1250
0.4704 -0.0632 -0.3980 0.7850 2.7200 -7.6700 7.2400 54.4375 1.3125 -28.6875
0.4908 -0.0353 -0.3708 0.7877 0.1000 -5.6800 5.3800 44.6250 -76.0000 -74.5625
0.5123 0.0400 -0.3787 0.7698 -3.1500 -3.5100 3.3800 -21.8750 -147.0000 -234.6875
-0.4374 0.4683 0.0254 0.7673 0.1800 0.8900 0.4500 -91.5000 -140.3125 -512.1875
-0.0955 0.5273 0.1992 0.8204 4.9300 9.7400 -0.2200 -45.7500 -25.3125 -541.9375
;
-0.2081 0.5464 0.0405 0.8102 5.9100 0.9600 1.6500 31.7500 23.6875 -340.6875
-0.0168 0.5122 0.1724 0.8412 5.0400 4.8600 2.9900 -17.8750 67.6250 -360.1250
0.1788 0.4200 0.2885 0.8417 2.4200 8.1600 0.9300 135.6250 112.4375 -353.0625
0.3057 0.3071 0.4600 0.7750 3.3600 12.7300 4.7000 109.5625 15.0625 -126.4375
0.3437 0.2952 0.5338 0.7141 0.5600 10.9500 4.8200 15.6875 -82.5625 11.6250
0.3690 0.3345 0.5247 0.6904 1.3100 12.8600 5.9600 -22.5625 -59.9375 -34.6250
0.4126 0.3440 0.5103 0.6716 3.2100 10.8000 4.2300 -48.3750 -64.1875 16.8750
0.4395 0.3700 0.4655 0.6732 6.9200 15.0900 7.6900 -72.5000 -213.2500 295.2500
0.3759 0.5310 0.2689 0.7102 12.4700 9.2700 2.2400 -67.6250 -121.3750 435.4375
0.1981 0.6247 -0.0087 0.7552 8.8000 2.7000 -0.0400 -154.3125 23.3125 267.5000
0.1142 0.5673 -0.1947 0.7919 8.0500 -3.0900 -5.6800 -55.8750 115.8125 276.1875
0.0145 0.4514 -0.3027 0.8393 2.1100 -9.1400 -9.7900 135.3125 237.4375 106.5000
-0.0410 0.2749 -0.2432 0.9293 -3.3900 -3.5800 -5.6000 351.0000 180.2500 -37.8750
-0.0472 0.1505 -0.0336 0.9869 -3.1800 1.6400 -6.3600 369.8125 138.3750 -78.5000
-0.0284 0.0352 0.2325 0.9716 -2.8000 10.8400 -4.1200 324.0000 23.3125 15.4375
-0.0436 0.0220 0.4330 0.9000 1.3400 18.7700 2.7500 275.5000 -54.7500 15.5000
-0.0436 0.0601 0.5718 0.8171 1.6200 21.7500 15.4400 13.4375 -81.1875 28.1250
-0.0283 0.1041 0.5861 0.8030 1.3000 17.4500 11.8300 -119.1250 -55.0000 -9.5000
0.0049 0.1307 0.5309 0.8373 1.1900 7.7000 2.3600 -107.6250 -69.3750 5.5000
0.0364 0.1747 0.4595 0.8701 1.3400 3.4700 0.3500 -115.1250 -124.3125 41.4375
0.0683 0.2542 0.3828 0.8856 4.4800 0.9800 -1.4700 -59.6875 -164.2500 8.7500
0.1154 0.3455 0.3363 0.8685 2.9000 2.8400 0.5300 24.6250 -158.3750 -38.0000
0.1705 0.4293 0.3380 0.8200 12.8200 7.4800 2.9200 59.1875 -157.9375 24.1875
0.1915 0.5303 0.3284 0.7578 17.5500 9.1300 4.9400 -2.5000 -190.9375 254.4375
0.1154 0.6602 0.2165 0.7100 16.0000 4.2700 1.3800 7.8125 -81.4375 308.4375
-0.0134 0.7245 0.0762 0.6849 15.3700 -2.1000 -2.8500 72.0000 64.1250 312.7500
-0.2010 0.6952 -0.0657 0.6870 11.6500 -6.4700 -3.4700 169.6875 130.0625 246.5625
-0.3807 0.5831 -0.1140 0.7085 6.0900 -3.7700 2.2200 179.8125 187.3750 85.3750
-0.4922 0.3995 -0.1384 0.7609 0.5100 -3.1300 4.2600 30.6875 118.1250 100.9375
-0.5350 0.2830 -0.1888 0.7733 -1.7200 -2.8800 3.9000 16.8125 36.6250 1.8750
-0.5368 0.2575 -0.1964 0.7791 -0.7600 -5.0400 5.5100 -23.3125 -14.6875 -17.6875
-0.5270 0.2773 -0.2015 0.7776 1.2700 -8.4300 7.2300 -29.1250 -24.6250 -7.5000
-0.5163 0.3003 -0.2034 0.7758 0.0000 0.0000 0.0000 13.2500 -21.0625 0.1875
-0.5153 0.3106 -0.1875 0.7764 2.1000 -6.6200 6.9000 13.7500 -43.9375 -31.2500
-0.5055 0.3276 -0.1592 0.7822 1.1800 -5.2200 6.7400 -20.3125 -72.1250 -62.1250
-0.4630 0.3759 -0.1288 0.7923 3.7900 -2.8000 7.9900 -117.0625 -95.0000 -136.2500
-0.3591 0.4694 -0.1149 0.7985 2.5900 -4.4300 -0.3400 -66.5000 -31.2500 -328.8750
;
0.7175 0.6411 -0.2725 0.0023 3.6800 8.4200 0.2800 -0.5625 -1.3750 1.3750
0.7174 0.6406 -0.2737 0.0023 3.8600 8.6800 0.3500 0.0000 -2.9375 6.3750
0.7170 0.6391 -0.2782 0.0045 5.7200 10.8700 1.4500 -22.3750 -33.0000 104.0625
0.7165 0.6025 -0.3497 0.0372 13.6300 15.0600 1.9600 -69.3125 -73.5000 281.9375
0.7083 0.4827 -0.4954 0.1414 5.2900 9.9000 1.7500 -145.8750 -38.3750 388.3750
0.6807 0.2721 -0.6251 0.2682 8.0200 4.1100 0.1500 -127.8750 63.0625 297.5625
0.0000 0.0000 0.0000 0.0000 4.4200 -0.4800 0.8400 -137.6250 45.1875 224.2500
0.6354 -0.0897 -0.6620 0.3873 3.2700 -7.9000 -4.3500 -64.1875 87.5625 139.8125
0.6264 -0.2292 -0.6235 0.4078 4.4000 -10.8100 -3.0100 -29.5625 110.1875 81.6875
0.6482 -0.2964 -0.5682 0.4114 4.2500 -12.9500 -5.2000 112.1250 233.0000 -44.5625
0.7644 -0.2805 -0.4279 0.3923 0.6000 -6.7200 0.0000 227.0000 188.1875 -76.4375
0.8679 -0.1868 -0.2631 0.3776 -3.0000 -3.6800 -5.1500 385.5625 221.9375 -59.1875
0.9345 -0.0048 -0.0103 0.3558 -4.7000 7.0300 -2.8200 386.6875 143.6250 -1.0000
0.9073 0.1941 0.1381 0.3465 -3.6000 7.3500 -0.2200 218.8125 -73.6875 38.6875
0.8608 0.3481 0.1416 0.3431 -1.2400 12.1000 7.5100 164.5625 -73.1250 1.1875
0.8204 0.4639 0.1293 0.3085 2.8600 18.4900 16.4800 18.3750 -106.2500 17.4375
0.8255 0.4801 0.0249 0.2958 -0.0300 8.4600 6.3100 26.6875 -80.5000 -33.6250
0.8317 0.4873 -0.0188 0.2654 2.1300 8.8100 6.7700 -54.1250 -43.0000 2.1875
0.8474 0.4650 -0.0580 0.2498 2.3000 6.1900 3.5300 -52.5000 -81.0000 10.3125
0.8588 0.4421 -0.1176 0.2309 2.7700 4.3300 2.9400 -34.1250 -106.9375 34.5000
0.8515 0.4348 -0.2018 0.2126 3.6300 3.8700 3.3700 -42.8750 -217.6250 55.1250
0.8105 0.4387 -0.3430 0.1815 9.0500 6.0000 4.5700 80.7500 -341.5625 202.1875
0.6631 0.4652 -0.5460 0.2139 20.8800 4.2700 2.7500 87.2500 42.7500 288.4375
0.5742 0.3968 -0.5985 0.3932 12.9000 5.5400 1.6000 62.8125 115.3750 336.0000
0.4983 0.2456 -0.5819 0.5939 5.4900 -3.3000 -0.0800 115.0625 220.8125 155.1250
0.4872 0.1243 -0.0001 -0.0001 0.0000 0.0000 0.0000 51.5000 196.3125 115.0000
0.4846 0.0146 -0.4000 0.7778 -3.6300 -2.9800 2.9500 26.6875 90.4375 7.2500
0.4982 -0.0230 -0.3649 0.7862 -0.7600 -3.1100 3.6200 -35.2500 -15.3750 -24.5625
0.5042 -0.0200 -0.3922 0.7691 4.6900 -6.7300 6.6000 -59.4375 -35.8125 18.7500
0.4880 -0.0210 -0.4362 0.7557 6.3600 -11.2100 7.1100 17.3750 -2.3125 -32.1875
0.5037 -0.0053 -0.4276 0.7506 3.1700 -7.4300 6.3000 53.3125 13.7500 -103.3750
0.5585 0.0403 -0.3961 0.7277 2.0800 -2.7000 5.4800 44.8750 -51.7500 -131.1250
-0.4259 0.4108 -0.0200 0.8058 -0.6900 -1.5400 4.5600 -53.2500 -159.3125 -268.0000
;
-0.2275 0.5051 0.0769 0.8290 7.6000 1.8300 -1.3300 -75.3750 -36.3750 -412.5625
0.0324 0.5008 0.1889 0.8441 4.3900 5.7400 0.4000 73.5625 37.8125 -386.9375
0.2207 0.4364 0.3532 0.7975 9.3600 13.6800 3.1800 145.2500 31.1250 -209.9375
0.2852 0.4041 0.4805 0.7242 6.9800 15.2600 4.0100 112.6875 -27.4375 -39.6250
0.2885 0.4243 0.5397 0.6675 8.7000 19.2400 5.9100 16.5000 -28.5000 31.1250
0.2756 0.4539 0.5258 0.6645 6.8700 13.0700 4.3700 -63.8750 -41.1875 164.5625
0.2365 0.5203 0.4362 0.6951 12.9100 13.9700 2.4100 -95.0000 -52.6250 434.3125
0.1068 0.6246 0.2355 0.7369 8.4200 9.2200 0.5100 -149.0625 40.1250 350.9375
0.0000 0.0000 0.0000 0.0000 7.7600 4.4100 1.7800 -171.6875 52.8125 345.6875
-0.1246 0.5765 -0.2666 0.7623 4.0900 -6.1300 -3.8300 -72.2500 123.6250 214.8125
-0.1796 0.4699 -0.4009 0.7656 1.0600 -12.5600 -8.7400 101.9375 183.8125 52.8125
-0.1897 0.3484 -0.4030 0.8247 -2.6700 -11.3200 -4.2300 221.9375 152.3750 -73.9375
-0.1584 0.2340 -0.2575 0.9240 -3.4400 -3.3900 -3.4200 332.6875 79.8750 -127.5625
-0.1044 0.1459 -0.0146 0.9836 -2.7800 5.1100 -4.2600 396.8750 99.1875 -145.8125
-0.0518 0.0549 0.2379 0.9683 -5.4000 12.5100 0.5600 294.5625 46.5625 -76.8125
-0.0243 0.0297 0.4214 0.9061 -0.2000 13.2500 4.1400 177.8125 -57.8750 -61.1250
0.0129 0.0683 0.5232 0.8494 4.4300 19.9500 15.2500 -33.6250 -139.2500 79.9375
0.0273 0.1721 0.5113 0.8416 0.8400 10.5900 6.3600 -72.3750 -110.7500 18.9375
0.0596 0.2375 0.4590 0.8540 3.0700 5.5200 2.5200 -58.5000 -83.3750 34.3125
0.0771 0.2921 0.4150 0.8582 3.8200 5.1500 2.7000 -40.6250 -80.4375 29.5625
0.0914 0.3491 0.3820 0.8508 7.1900 6.4300 3.5600 20.3750 -156.5000 65.7500
0.0840 0.4659 0.3345 0.8149 5.9200 5.3200 3.6700 -69.1875 -293.5625 304.2500
-0.0235 0.6563 0.1768 0.7332 10.8200 0.4700 2.9900 -72.6250 -88.5625 349.4375
-0.1643 0.7097 0.0208 0.6848 15.1600 2.3700 4.7700 2.4375 116.3125 189.6250
-0.2673 0.6582 -0.0768 0.6995 10.3000 -8.6100 -3.9700 68.0625 172.0625 129.9375
-0.3672 0.5513 -0.1350 0.7369 2.5100 -2.8300 -1.8300 187.9375 146.4375 97.4375
-0.4720 0.4006 -0.1406 0.7726 -1.1800 -2.6200 1.5300 27.8750 115.0000 -4.9375
-0.4730 0.3383 -0.1580 0.7980 1.1500 -3.0500 4.6100 -15.5625 19.5000 -19.1875
-0.4612 0.3370 -0.1722 0.8025 3.2000 -8.7100 6.3600 -28.0000 -26.1875 1.6875
-0.4562 0.3582 -0.1804 0.7944 5.8300 -8.3700 8.4500 6.8125 -5.0625 -0.2500
-0.4542 0.3589 -0.1757 0.7962 4.0900 -6.4300 6.7800 29.5625 14.0000 -23.5000
;
