0.7613 0.3750 -0.5234 0.0765 7.5100 4.4700 1.3500 -14.0000 -15.0000 62.3125
0.7575 0.3438 -0.5468 0.0952 12.3800 6.1800 2.0300 -40.6875 -9.0000 85.7500
0.7551 0.2831 -0.5772 0.1287 13.8600 6.6300 4.8300 -134.1875 30.2500 251.6875
0.7556 0.1129 -0.6104 0.2094 8.8000 1.7200 -0.0600 -106.6250 136.7500 223.2500
0.7758 -0.0786 -0.5529 0.2937 4.4300 -2.9900 1.3600 -102.0625 135.2500 159.7500
0.7801 -0.2057 -0.4883 0.3327 3.1000 -5.0000 0.2800 21.0000 109.0625 81.0000
0.7958 -0.2469 -0.4157 0.3644 1.0000 -7.1700 1.3700 57.3750 82.9375 2.0625
0.8280 -0.2343 -0.3492 0.3709 0.2600 -8.3600 0.6500 194.1250 135.3750 -99.1250
0.9073 -0.1190 -0.2242 0.3352 -0.6600 -1.5700 0.5700 278.2500 162.7500 -134.5000
0.9604 0.0453 -0.0460 0.2710 -8.3500 12.1000 0.4200 408.3125 106.6250 -77.5000
0.9334 0.2682 0.0718 0.2271 0.8700 9.0500 -0.3000 252.5000 18.0625 -23.5625
0.8789 0.4172 0.0999 0.2084 -1.8300 16.8000 14.5300 98.3750 -125.0625 21.5000
0.8451 0.5006 0.0395 0.1835 2.1200 14.3200 12.1900 -12.3750 -87.1875 22.3750
0.8477 0.5034 -0.0211 0.1660 1.3300 9.1400 5.5700 -65.0625 -97.6875 36.6875
0.8611 0.4750 -0.0956 0.1538 2.5500 6.6600 3.0600 -19.4375 -36.8125 2.8125
0.8625 0.4672 -0.1301 0.1446 5.0300 13.0000 9.2900 -56.3750 -86.5000 79.3125
0.8568 0.4420 -0.2077 0.1658 8.2200 11.6000 10.2200 -40.3750 -35.4375 112.5000
0.8502 0.4050 -0.2642 0.2083 11.8200 7.1400 5.1000 -37.9375 93.3125 84.0000
0.1174 0.3670 0.2340 0.8926 3.0300 1.8500 1.0100 156.2500 81.8750 -62.3125
0.0963 0.3191 0.3270 0.8843 3.8400 11.1000 12.9000 -105.6875 104.4375 17.9375
0.0869 0.2599 0.2986 0.9142 3.3900 3.1500 4.2600 -54.1875 86.3125 -65.3125
0.1125 0.1956 0.2793 0.9333 -0.4200 2.4200 5.2000 -21.6875 28.6875 -17.3750
0.1191 0.1750 0.2731 0.9384 1.7400 2.4200 3.5700 14.3750 -9.9375 28.5000
0.1077 0.1872 0.2830 0.9345 1.9900 1.1700 1.7900 62.5000 -52.6250 11.3125
0.1017 0.2310 0.3206 0.9130 2.3900 2.7700 2.1400 105.8125 -98.7500 8.2500
0.0974 0.2913 0.3683 0.8775 8.0900 7.7600 3.6700 96.8125 -92.4375 114.1250
0.0000 0.0000 0.0000 0.0000 8.3500 11.3000 5.5500 60.2500 -84.1250 42.8125
0.0303 0.4333 0.4149 0.7994 10.7100 14.7400 6.2700 -3.0625 -11.1250 2.3750
0.0330 0.4402 0.4118 0.7972 9.7000 12.9600 5.3100 -55.3750 54.5000 -35.0000
0.0581 0.3958 0.3956 0.8267 7.4300 10.0600 4.9000 -86.0625 82.0625 -75.4375
0.0998 0.3259 0.3707 0.8640 3.5700 5.5200 4.8100 -71.5625 76.3750 -98.0625
0.1453 0.2562 0.3488 0.8897 2.9000 4.6500 4.3700 -69.0000 52.8750 -35.8750
0.1661 0.2115 0.3193 0.9087 2.0600 3.2500 3.6200 -36.1875 13.3750 6.1875
0.1713 0.1963 0.3010 0.9174 3.4800 3.4300 4.2600 -4.5625 6.2500 0.1875
0.1714 0.1926 0.2977 0.9192 2.0100 2.8900 3.9200 7.1250 -6.2500 4.6875
0.1671 0.1992 0.3019 0.9172 2.8700 4.0000 4.4200 28.0625 -23.3125 19.5000
0.1594 0.2177 0.3141 0.9102 2.6900 4.8500 4.0400 44.1875 -41.8750 27.6875
0.1434 0.2569 0.3325 0.8961 2.1300 4.4300 3.5500 69.2500 -75.7500 7.6875
0.1381 0.3123 0.3602 0.8682 3.7200 6.3800 3.9600 65.1250 -113.8125 49.1250
0.1223 0.3922 0.3738 0.8316 6.3200 11.2100 5.6500 -8.8750 -95.3125 55.2500
0.1215 0.4579 0.3458 0.8099 8.9200 9.1000 5.3500 -140.1875 -79.5625 33.9375
0.1680 0.4943 0.2601 0.8123 6.0000 5.1700 3.0700 -95.4375 -47.1250 -48.3125
0.2400 0.5023 0.2189 0.8013 6.0700 4.1200 3.0000 -74.9375 -20.1250 -174.6875
0.3470 0.4627 0.2361 0.7809 1.6400 6.9600 2.4300 50.5000 52.1250 -187.4375
;
0.4052 0.4217 0.3206 0.7451 4.4600 11.0500 7.4000 37.6250 -3.0000 -41.3125
0.4134 0.4263 0.3641 0.7175 5.2000 10.7700 2.6800 156.8750 -0.7500 -28.2500
0.3929 0.4507 0.4203 0.6826 4.2400 9.6500 1.4800 22.0625 4.3125 3.1875
0.3854 0.4563 0.4248 0.6803 1.5300 9.0200 2.5600 -5.3125 -14.8125 10.9375
0.3823 0.4642 0.4237 0.6774 3.5800 10.6300 3.0600 -7.8750 -12.9375 20.3125
0.3770 0.4809 0.3998 0.6832 9.1300 19.8200 10.0400 -145.4375 -140.0625 316.8750
0.3213 0.5775 0.1899 0.7261 16.2100 13.4500 5.0000 -234.1875 -72.1875 400.3750
0.2290 0.5921 -0.1269 0.7621 10.1100 1.7100 -0.8500 -186.5625 23.3125 289.8125
0.1647 0.5109 -0.3177 0.7816 8.0700 -2.9900 0.0100 -76.1250 84.6250 194.4375
0.1080 0.4091 -0.4036 0.8112 4.6700 -6.3500 -2.9500 30.5625 109.0000 130.3750
0.0606 0.3146 -0.4090 0.8544 3.4800 -9.9800 -6.9700 207.0625 199.0000 -8.1250
0.0677 0.2118 -0.2913 0.9304 -1.8600 -4.6500 -3.1500 320.3125 187.9375 -77.3125
0.0000 0.0000 0.0000 0.0000 -3.3300 3.9900 -1.9700 325.2500 105.6875 -46.1875
0.1183 0.0732 0.1818 0.9734 -2.9900 9.4800 -1.7900 277.9375 -4.0625 -28.6875
0.1138 0.0986 0.3621 0.9199 1.9400 18.2900 6.6700 202.1250 -68.0625 16.6250
0.1110 0.1653 0.4695 0.8602 3.5400 18.6800 13.2900 44.5625 -114.8125 18.3125
0.1245 0.2404 0.4860 0.8310 3.0900 12.3900 8.6400 -44.6875 -54.7500 11.2500
0.1429 0.2720 0.4553 0.8356 2.6300 9.5100 5.4100 -59.0625 -37.0000 -3.0000
0.1700 0.2881 0.4210 0.8431 2.8500 6.6800 2.5900 -32.5625 -57.5000 -5.8750
0.1938 0.3186 0.4042 0.8352 4.4300 5.7100 -0.0200 140.5625 -77.2500 6.4375
0.1768 0.3838 0.4739 0.7725 6.8800 9.5200 2.1300 209.2500 -36.3750 32.8125
0.1152 0.4357 0.5603 0.6949 7.6100 12.1000 2.5200 -16.5000 -2.4375 53.8750
0.0881 0.4581 0.5529 0.6904 7.8200 14.9700 0.3100 -58.5625 46.3750 11.9375
0.0809 0.4448 0.5127 0.7299 7.3400 12.3000 0.2100 -136.1250 92.7500 -39.1875
0.1044 0.3822 0.4551 0.7974 5.0300 6.5000 2.1700 -135.3125 116.2500 -48.6250
0.1307 0.3013 0.4063 0.8527 1.9600 4.6400 3.2700 -81.5000 48.0000 -32.5625
0.1528 0.2540 0.3671 0.8817 2.5600 1.9500 1.6100 -91.0625 34.5625 -30.3125
0.1717 0.2254 0.3226 0.9031 1.9000 -0.4600 1.4000 -12.7500 -20.3125 56.8750
0.1495 0.2461 0.3105 0.9059 1.2100 1.2600 1.8100 69.5000 -52.3125 6.6250
0.1390 0.2910 0.3418 0.8827 4.0600 2.5000 2.0900 83.3750 -93.0000 37.5000
0.1225 0.3571 0.3691 0.8492 5.8800 7.1700 2.3600 80.8750 -167.5625 97.5625
0.0000 0.0000 0.0000 0.0000 10.3900 9.5500 0.2800 102.2500 -142.0625 67.2500
0.0543 0.5573 0.4150 0.7171 14.2700 15.5800 1.8100 31.5625 -29.8125 14.1250
0.0421 0.5778 0.4249 0.6956 11.8400 15.1900 2.6900 -51.3125 67.6875 -61.4375
0.0670 0.5322 0.4247 0.7293 9.1900 10.4700 1.9500 -88.0625 90.0625 -84.2500
0.1098 0.4613 0.4121 0.7780 7.6600 7.8800 2.1700 -84.3125 93.5000 -60.4375
0.1460 0.3857 0.3909 0.8228 5.1900 6.1600 2.9900 -103.6875 73.8125 -51.0625
0.1812 0.3198 0.3533 0.8602 3.2000 3.8500 2.4300 -83.0625 43.6250 -53.6875
0.2073 0.2759 0.3207 0.8821 2.3000 2.0500 2.5000 -31.5625 30.5625 10.0625
0.2033 0.2578 0.3060 0.8936 3.6500 3.8300 3.5400 -25.8750 20.2500 15.0625
0.1990 0.2427 0.2815 0.9068 2.8800 2.0000 4.4300 -57.5000 5.6875 16.3125
0.2018 0.2381 0.2562 0.9149 3.0900 6.2100 10.0400 -82.3125 -13.5000 12.3750
0.2078 0.2395 0.2124 0.9243 2.4300 2.4500 2.2200 9.1250 -79.1250 29.8750
0.2024 0.2781 0.1949 0.9185 2.6000 0.3000 0.4200 39.0000 -107.0625 5.2500
0.2050 0.3480 0.2015 0.8923 4.5800 5.4900 1.9000 55.6875 -151.6875 -31.2500
0.2408 0.4320 0.2255 0.8394 8.2700 7.2000 3.5300 60.9375 -116.1250 -95.4375
0.2878 0.4908 0.2630 0.7791 8.4300 10.7800 6.7300 55.0625 -88.7500 -52.1250
0.3068 0.5292 0.3047 0.7300 7.5100 14.9300 7.9000 83.5625 1.2500 -94.0625
;
0.3124 0.5322 0.3574 0.7010 6.7500 7.8400 1.7600 2.6250 -26.3750 19.1250
0.3098 0.5436 0.3488 0.6978 6.4300 7.6400 0.9700 -1.0625 2.8750 32.0000
0.2972 0.5493 0.3399 0.7032 5.0100 7.8200 1.0500 4.7500 -31.6250 47.1875
0.2818 0.5742 0.3156 0.7009 6.7000 8.5600 1.7100 0.1250 -27.0625 60.5625
0.2604 0.5999 0.2833 0.7015 6.5300 8.8600 3.2700 -38.3125 -30.9375 59.1250
0.2539 0.6207 0.2361 0.7032 9.4800 8.1900 1.8400 -42.5000 -50.3750 108.8125
0.2177 0.6575 0.1478 0.7061 13.2600 10.6600 4.7300 -100.5000 -79.6250 314.3750
0.1226 0.6837 -0.0529 0.7175 11.6000 5.1400 1.8800 -170.6875 73.8750 281.1875
0.0756 0.6130 -0.2556 0.7438 11.6600 -4.7100 -0.6700 -162.2500 92.0625 173.3750
0.0654 0.5158 -0.3900 0.7599 8.7500 -8.9000 -3.6800 -45.3750 149.3750 140.1875
0.0430 0.3808 -0.4526 0.8051 5.6400 -9.0600 -5.3200 82.1250 179.0000 79.8125
0.0366 0.2574 -0.4150 0.8718 0.4700 -10.5200 -8.4600 263.8750 217.1875 -21.7500
0.0686 0.1476 -0.2206 0.9617 -4.9600 4.5800 1.3300 299.1250 204.7500 -143.0000
0.1514 0.0355 0.0609 0.9860 -5.6900 7.7900 -0.7900 301.3125 64.0625 -24.8125
0.1539 0.0316 0.2540 0.9543 0.2800 12.1100 2.1700 233.2500 -108.0625 75.3125
0.1198 0.1371 -0.0029 -0.0001 5.8000 20.4000 15.7300 67.9375 -52.0625 13.0625
0.1158 0.1868 0.4346 0.8734 2.0800 13.0800 9.6700 46.8750 -81.7500 23.3125
0.1249 0.2326 0.4216 0.8675 0.0000 0.0000 0.0000 -56.5625 -50.7500 -6.5000
0.1555 0.2554 0.3828 0.8741 1.9500 5.9700 1.9600 45.9375 -94.1250 -40.5000
0.1848 0.3110 0.3955 0.8442 5.2400 3.0700 0.3500 183.4375 -79.3750 35.6250
0.1471 0.3851 0.4808 0.7739 8.2400 12.8800 5.9400 6.0000 -53.0000 42.7500
0.1259 0.4126 0.4971 0.7529 7.3300 14.0500 2.2000 -46.3750 17.1875 23.0625
0.1210 0.4074 0.4721 0.7723 6.9800 12.4500 3.5000 -85.7500 99.9375 -43.1250
0.1307 0.3447 0.4427 0.8173 3.5900 8.4400 4.2100 -79.2500 76.7500 -52.8750
0.1580 0.2806 0.4174 0.8498 2.6100 4.5300 2.6600 -70.2500 48.0625 -40.0000
0.1756 0.2374 0.3895 0.8724 0.4000 1.9500 2.2300 -47.6875 -3.4375 -4.0625
0.1824 0.2355 0.3630 0.8829 0.9800 -0.1800 1.1100 1.1250 -76.0000 29.3750
0.1906 0.2814 0.3583 0.8696 4.9700 2.8300 0.6600 84.0000 -43.3750 6.7500
0.1779 0.3297 0.3953 0.8387 3.0300 5.3800 1.9100 102.3125 -98.1875 47.3125
0.1549 0.3976 0.4232 0.7993 7.2800 9.0000 1.9900 92.3750 -105.4375 72.1875
0.0000 0.0000 0.0000 0.0000 9.3600 12.0300 2.4300 71.7500 -79.5000 70.1250
0.0971 0.5399 0.4501 0.7047 12.0600 15.5000 1.9200 13.8125 -7.7500 11.6875
0.0906 0.5512 0.4537 0.6943 10.0700 13.9600 1.9100 -51.6250 44.4375 -39.3750
0.1128 0.5139 0.4461 0.7241 8.2300 11.8600 1.7700 -93.6875 86.3125 -84.4375
0.1598 0.4378 0.4323 0.7719 5.8600 7.4400 2.0200 -95.0000 88.8125 -114.0625
0.2162 0.3517 0.4193 0.8085 3.7600 7.1400 3.2600 -91.6250 63.6875 -60.8125
0.2517 0.2863 0.3920 0.8373 2.3900 4.9700 2.8900 -73.0000 40.2500 -8.0000
0.2661 0.2453 0.3609 0.8596 1.6300 3.4900 2.7900 -50.3750 17.7500 -8.5000
0.2686 0.2305 0.3371 0.8724 1.4400 2.3900 3.0700 -8.3125 -12.1875 16.8125
0.2570 0.2362 0.3218 0.8801 2.2300 6.7600 8.6100 -233.0625 14.6875 59.3125
0.2545 0.2171 0.2127 0.9181 2.1600 -0.9500 -1.1500 -0.4375 -66.5000 31.3750
0.2556 0.2589 0.1719 0.9155 1.4400 0.4700 1.6900 56.5000 -116.8750 -40.6875
;
0.2755 0.3391 0.1832 0.8807 4.9500 6.6700 4.8100 47.3750 -122.6875 -92.5625
0.3106 0.4241 0.2192 0.8220 7.3600 11.9500 7.0000 138.1875 -250.1250 23.6875
0.3116 0.5566 0.2318 0.7344 15.2000 7.6700 4.1200 70.1250 -9.5000 -87.5625
0.3329 0.5613 0.3040 0.6941 7.3000 11.3100 3.1800 89.1250 38.3125 -55.1875
0.3267 0.5565 0.3559 0.6760 4.2600 6.9400 -0.5000 8.0625 -73.3750 -3.0000
0.3346 0.5897 0.3436 0.6498 8.0200 11.4100 2.5900 7.4375 1.6875 41.0000
0.3177 0.6038 0.3244 0.6552 10.2500 15.4400 6.8900 -163.1875 -74.6875 202.1250
0.3074 0.6360 0.1501 0.6917 10.3200 11.2100 3.9400 -96.3125 -147.6250 298.5625
0.2278 0.6705 -0.0693 0.7026 9.3900 2.4300 0.1300 -185.3750 12.9375 268.2500
0.1663 0.5962 -0.2933 0.7286 10.0200 -3.4700 -3.0400 -77.1250 66.2500 240.4375
0.0984 0.4941 -0.4192 0.7553 3.3100 -7.6300 -4.7700 27.5000 77.6250 161.2500
0.0280 0.4009 -0.4593 0.7922 2.4700 -6.9600 -3.7400 44.5000 73.6875 126.5625
-0.0154 0.3158 -0.4527 0.8337 0.9200 -8.5600 -4.9700 223.3750 137.2500 -24.5000
0.0052 0.2211 -0.3060 0.9260 -0.2000 -3.3800 -2.0300 285.0625 175.1250 -79.6875
0.0468 0.1312 -0.1066 0.9845 -2.8000 3.2900 -0.8600 302.2500 119.0000 -88.5000
0.0819 0.0849 0.1027 0.9877 0.0000 0.0000 0.0000 0.0000 0.0000 0.0000
0.0748 0.1483 0.2697 0.9485 6.0000 16.3800 9.5700 175.8125 -121.3750 3.2500
0.0763 0.2344 0.3672 0.8969 8.0000 14.7900 14.6400 67.6875 -77.3125 -0.9375
0.0853 0.2889 0.4050 0.8633 5.4400 11.9600 9.9800 17.5000 -23.3125 -23.1250
0.1046 0.2991 0.4201 0.8503 3.3200 8.3600 3.5400 107.8125 -25.5000 -69.8750
0.1200 0.3093 0.5114 0.7928 5.5100 9.8700 5.3100 100.4375 -74.0625 54.5625
0.0787 0.3682 0.5780 0.7239 7.1300 -1.0200 -1.1500 23.3125 -3.3125 24.4375
0.0588 0.3964 0.5892 0.7016 5.5100 11.9700 0.1600 44.6875 -16.6250 6.3750
0.0571 0.4052 0.6077 0.6807 5.5100 23.9600 0.3700 -32.5000 8.1875 -67.0625
0.0994 0.3780 0.5974 0.7003 6.2100 16.2300 0.4500 -173.4375 18.2500 -34.2500
0.1557 0.3397 0.5217 0.7669 5.5900 7.0000 0.6200 -150.9375 66.8125 -58.0000
0.1955 0.2710 0.4604 0.8224 2.3300 3.8700 1.6400 -101.8750 51.0625 -14.4375
0.2062 0.2275 0.4126 0.8576 1.1500 1.2500 1.8900 -57.4375 7.4375 14.3125
0.2003 0.2239 0.3791 0.8752 1.9500 -0.2700 1.5000 4.6250 -12.0000 38.7500
0.1832 0.2421 0.3757 0.8756 1.4400 2.0100 1.8300 54.9375 -45.1250 27.5625
0.1728 0.2838 0.4033 0.8526 4.7600 6.4500 0.8100 87.0625 -42.5625 -9.0000
0.1641 0.3204 0.4377 0.8239 3.3200 2.2100 1.7900 115.1250 -99.1250 101.0625
0.1100 0.4092 0.4573 0.7819 0.0000 0.0000 0.0000 95.5625 -96.7500 89.1875
0.0660 0.4890 0.4725 0.7302 11.4300 16.2500 2.0400 56.3125 -40.5625 -0.2500
0.0570 0.5139 0.4971 0.6968 10.9800 19.3900 2.4800 -28.5625 38.0625 -51.3125
0.0781 0.4803 0.5064 0.7119 8.4800 12.3300 1.1300 -90.8125 73.6875 -92.3750
0.1249 0.4093 0.4950 0.7562 5.7300 8.8500 1.7500 -103.9375 78.5000 -81.8125
0.1655 0.3339 0.4678 0.8015 5.5500 7.4200 1.9200 -102.4375 71.9375 -30.0000
0.1857 0.2720 0.4274 0.8419 1.2100 3.6400 2.1000 -92.3750 39.8750 -14.2500
0.1977 0.2341 0.3840 0.8710 2.5500 1.0300 2.0200 -34.2500 16.4375 -22.2500
0.2084 0.2135 0.3646 0.8820 2.0900 7.5300 10.1900 -334.5000 22.5625 54.0625
0.2203 0.1788 0.1923 0.9395 1.2500 -0.9800 -0.4300 -15.9375 -80.3750 27.8125
0.2162 0.2225 0.1406 0.9402 0.6400 -0.0600 3.5000 21.5625 -107.6875 -50.6875
0.2363 0.2914 0.1537 0.9141 2.7600 3.8900 1.5400 96.9375 -173.5625 -91.6250
;
