0.8813 0.3385 -0.3290 -0.0239 5.4700 6.1300 5.4400 -0.1875 0.0625 0.6250
0.8813 0.3384 -0.3290 -0.0237 5.4300 6.0400 5.4000 -0.3750 0.3125 -0.8750
0.8815 0.3374 -0.3294 -0.0243 5.5000 7.7200 8.3300 -110.2500 -42.3750 17.0000
0.8971 0.2635 -0.3514 -0.0481 8.1800 11.9500 13.0600 -270.3750 -14.5000 33.3750
0.9271 0.0889 -0.3524 -0.0924 11.3800 9.6100 12.7100 -347.1250 73.7500 53.5625
0.9395 -0.1328 -0.2861 -0.1337 9.9100 3.2400 6.4100 -340.1875 90.8125 97.6875
0.9006 -0.3750 -0.1667 -0.1429 8.6000 1.4600 1.5500 -305.3750 102.9375 153.8125
0.8264 -0.5541 -0.0276 -0.0970 -0.1100 -1.1600 -6.0200 -218.6250 143.6250 203.0000
0.7268 -0.6657 0.1629 -0.0450 -6.3500 -6.6600 -7.5100 -67.6875 192.6250 85.9375
0.6749 -0.6786 0.2791 -0.0781 -7.5500 -9.4100 -8.3300 46.1250 -73.3750 -14.1250
0.7070 -0.6627 0.2369 -0.0688 -3.7500 -8.8200 -10.8500 211.0625 -70.6250 -79.3750
0.8088 -0.5580 0.1512 -0.1072 -0.4100 -1.5300 -6.7800 397.6875 -157.1250 -117.9375
0.9416 -0.2986 -0.0350 -0.1516 9.6700 10.4400 -8.8300 570.9375 -194.3125 -74.5625
0.9601 0.0670 -0.2423 -0.1223 12.0600 25.0700 -4.5300 458.2500 80.3125 -133.1875
0.8843 0.3933 -0.2314 -0.0988 18.3100 22.6500 25.6000 -99.2500 -28.6875 179.6250
0.8865 0.3482 -0.2930 -0.0834 4.0200 10.7800 7.7600 -65.5000 -50.2500 9.8750
0.8934 0.2936 -0.3259 -0.0971 3.6500 7.4200 6.6900 -111.3750 -48.3125 47.9375
0.9055 0.2178 -0.3500 -0.1005 8.5500 8.3800 8.2800 -137.1250 65.5000 51.0625
0.9375 0.1346 -0.3079 -0.0901 5.7200 4.4600 6.9500 -57.2500 93.8125 50.1875
0.9601 0.0988 -0.2535 -0.0640 5.2600 0.8200 4.0100 163.1250 79.8750 36.0000
0.9559 0.2024 -0.2123 -0.0175 1.6900 2.8200 9.3100 121.4375 39.5000 -9.0000
0.9483 0.2582 -0.1841 -0.0114 0.2600 -2.0100 5.3400 17.1250 13.2500 -34.6250
0.9459 0.2711 -0.1770 -0.0231 3.4300 2.4700 6.4700 46.2500 -67.6250 43.0000
0.9084 0.3360 -0.1559 0.1941 5.0100 6.3100 8.2000 54.2500 -30.6875 19.0000
0.8896 0.3718 -0.1710 0.2024 6.9600 15.0400 12.1900 27.3750 22.3750 -60.0625
0.8945 0.3897 -0.1309 0.1754 6.5400 15.0800 12.0700 -50.6250 89.6250 -124.9375
0.9231 0.3611 -0.0516 0.1218 4.3700 8.5100 7.4800 -118.2500 74.3750 -90.6250
0.9582 0.2758 0.0164 0.0742 2.5500 -1.1700 1.9900 -72.5000 46.8125 -31.1250
0.9708 0.2263 0.0464 0.0655 0.0200 -1.4100 0.9300 -24.1875 24.3750 0.8125
0.9727 0.2142 0.0588 0.0683 -1.8000 -3.3600 0.6600 69.2500 -21.5000 17.3125
0.9630 0.2554 0.0465 0.0728 0.3900 -1.8700 1.4400 129.9375 -88.4375 107.6250
0.9316 0.3418 -0.0222 0.1220 4.6000 -0.3100 1.4800 220.6875 -128.8125 176.0625
0.8331 0.4901 -0.1368 0.2172 11.7100 13.1800 -1.0500 263.1250 -115.5000 107.2500
0.7188 0.6044 -0.2158 0.2673 11.0400 17.9800 2.7700 24.0000 -57.4375 94.6250
0.6747 0.6137 -0.2823 0.2973 10.4600 13.6200 1.6700 -3.3125 13.0000 25.3750
0.6758 0.6008 -0.2907 0.3127 11.3700 15.5300 2.5100 -70.2500 39.5000 -67.5625
0.7315 0.5729 -0.2482 0.2740 12.0200 16.3600 3.7200 -162.4375 77.9375 -190.8750
0.8334 0.4948 -0.1614 0.1857 10.2700 10.8800 3.4400 -295.2500 143.5625 -111.9375
0.9415 0.3002 -0.0607 0.1404 2.3600 -2.5200 -0.0800 -198.2500 158.0000 -39.9375
0.9771 0.1606 0.0245 0.1373 -2.0700 -3.5200 1.2200 -66.3125 62.6250 6.3750
0.9812 0.1103 0.0583 0.1475 -1.1500 -2.7600 2.6900 1.0000 11.1875 15.8125
0.9791 0.1140 0.0634 0.1559 -1.6600 -1.3600 3.3800 59.9375 -44.1250 34.4375
0.9700 0.1619 0.0322 0.1782 0.0900 -2.6200 2.3000 124.3750 -129.8125 92.1875
0.9379 0.2623 -0.0472 0.2223 5.8300 0.2800 1.9300 205.9375 -166.2500 157.9375
0.8514 0.4002 -0.1539 0.3021 9.4100 8.6900 0.8600 217.0000 -232.2500 124.5000
0.7388 0.5192 -0.2739 0.3309 9.9300 12.6800 4.4700 -27.5625 -88.2500 87.1250
0.7078 0.5144 -0.3490 0.3356 17.9600 11.2700 4.3700 -54.8125 30.1875 36.8750
0.7194 0.4708 -0.3779 0.3434 15.2300 8.9900 6.6000 -297.0625 48.5000 144.3750
0.7658 0.2649 -0.4581 0.3654 14.2400 -0.7300 -0.5500 -114.5000 46.8750 284.5000
0.7148 0.1061 -0.4933 0.4842 3.3000 -3.9500 2.5800 84.1875 18.6875 313.0000
0.6171 0.0482 -0.4492 0.6442 6.0100 0.3900 8.4000 157.0000 124.8750 68.5625
0.6053 0.0532 -0.3577 0.7090 3.5500 1.6200 7.3200 13.1250 49.6875 -7.1875
0.6256 0.0356 -0.3311 0.7055 4.3000 4.6600 9.4500 -75.4375 59.8125 -60.3125
0.6689 -0.0111 -0.3369 0.6625 6.3000 -1.6000 10.0600 -87.3125 108.3125 -132.5000
0.7417 -0.0821 -0.3435 0.5702 2.8100 -3.0700 12.9400 -350.3750 -134.8125 -114.0000
0.7210 -0.2867 -0.5307 0.3410 11.2600 4.0200 -14.3400 -625.8750 20.6875 -22.2500
0.5460 -0.5648 -0.6174 0.0420 4.6700 0.2400 -6.4200 -274.5000 -42.3750 21.3125
0.4560 -0.6552 -0.6010 -0.0408 6.9800 -0.6200 -9.4200 -16.3125 41.6875 13.8125
0.4637 -0.6685 -0.5778 -0.0656 6.2100 -1.1400 -8.6700 71.0000 19.0625 10.7500
0.4996 -0.6527 -0.5676 -0.0461 6.6400 0.2200 -11.3900 229.2500 55.5625 -2.5000
0.6339 -0.5460 -0.5471 0.0270 2.2400 1.9300 -10.2800 504.0625 158.9375 -37.0000
0.8264 -0.2844 -0.4691 0.1276 4.7300 4.5700 10.2200 341.3125 43.4375 -94.7500
0.8934 -0.0389 -0.4101 0.1793 3.0700 1.3700 12.6900 179.8125 44.0000 -105.7500
;
0.9048 0.1324 -0.3571 0.1902 7.3500 6.7300 14.8000 183.0000 27.6875 -81.2500
0.8938 0.2491 -0.3246 0.1836 8.1400 7.9300 12.6400 28.2500 -9.6875 -5.0625
0.8917 0.2781 -0.3098 0.1774 7.6400 7.6800 9.1200 76.6250 7.6875 -21.5625
0.8834 0.3192 -0.2889 0.1856 5.4200 3.3400 5.8500 21.3125 -21.7500 4.1875
0.8754 0.3315 -0.2953 0.1910 6.3000 8.0700 10.8700 -118.1875 -14.2500 4.9375
0.8918 0.2697 -0.3212 0.1695 8.8400 12.4400 13.4300 -269.0000 13.2500 15.0625
0.9291 0.0729 -0.3453 0.1108 13.9700 9.9000 12.6300 -390.6250 72.1250 47.6250
0.9291 -0.1904 -0.3112 0.0603 12.9900 4.2600 -1.7600 -393.0625 156.6875 171.0000
0.8635 -0.4639 -0.1905 0.0541 4.7800 -2.9500 -9.1800 -223.6875 279.1875 164.4375
0.7757 -0.6295 0.0372 0.0243 -5.7200 -6.3000 -6.5800 -128.8125 204.1875 86.4375
0.7108 -0.6821 0.1715 -0.0114 -5.7600 -10.3600 -7.7600 -6.2500 2.4375 31.0625
0.7103 -0.6769 0.1927 -0.0037 -4.2800 -10.7100 -10.9100 128.6250 -58.6875 -21.0000
0.7841 -0.6016 0.1522 -0.0088 0.5100 -3.4500 -12.2500 420.1875 -108.8750 -21.9375
0.9407 -0.3332 0.0613 -0.0140 8.2000 11.4300 -11.4600 579.5625 -202.5000 41.3750
0.9966 0.0468 -0.0599 0.0330 16.4400 25.8300 13.3800 299.3125 42.3125 129.6250
0.9499 0.2686 -0.1108 0.1151 2.1100 11.6500 12.7600 150.1875 -95.4375 104.1250
0.9122 0.3407 -0.1697 0.1518 6.3100 13.5700 14.8100 -77.2500 -92.1875 33.0625
0.9167 0.3011 -0.2246 0.1359 4.6000 6.4300 5.5600 -55.6250 -11.6250 28.0000
0.9230 0.2542 -0.2501 0.1444 2.9000 4.6300 7.9500 -17.6250 -15.0000 53.5000
0.9144 0.2465 -0.2635 0.1834 3.8500 -0.4900 2.1300 207.9375 -31.2500 69.4375
0.8579 0.3602 -0.2635 0.2546 3.7100 0.9600 5.7500 73.6250 -26.5000 -37.2500
0.8173 0.4468 -0.2531 0.2615 9.2300 7.1900 6.5300 31.7500 1.6875 -5.4375
0.8055 0.4705 -0.2466 0.2627 7.8700 11.8300 7.6100 28.6875 13.1250 -19.9375
0.8099 0.4861 -0.2152 0.2479 8.6600 19.7500 9.6700 -61.8125 40.8750 -131.8750
0.8560 0.4585 -0.1558 0.1809 10.8500 11.2000 5.6800 -126.3125 88.0625 -97.6875
0.9158 0.3740 -0.0765 0.1252 3.1300 3.8000 4.7300 -119.1875 123.6250 -133.5000
0.9528 0.2940 0.0140 0.0748 1.0200 -2.7100 0.6200 -73.4375 73.1250 -37.8125
0.9661 0.2424 0.0610 0.0654 -2.6700 -5.1900 -0.5900 0.1250 15.7500 -14.0625
0.9645 0.2470 0.0690 0.0637 -1.8900 -4.3100 0.6000 100.3750 -56.5625 56.5625
0.9428 0.3201 0.0271 0.0889 2.9600 -3.6600 -0.7100 210.2500 -95.1250 120.5625
0.8773 0.4538 -0.0506 0.1478 6.6100 7.8800 1.6200 191.8750 -116.4375 238.5625
0.7632 0.5607 -0.1876 0.2606 13.2600 16.6900 1.2100 100.9375 -131.1250 171.1250
0.6820 0.5845 -0.3039 0.3176 15.1900 14.5700 2.3900 -10.7500 -36.0625 66.1250
0.6721 0.5682 -0.3423 0.3291 14.1300 15.8400 2.4600 -82.1250 58.3750 -104.6250
0.7312 0.5424 -0.2971 0.2879 13.9900 14.9300 3.2200 -144.4375 98.4375 -203.8125
0.8453 0.4638 -0.1908 0.1842 12.5000 6.9300 2.3200 -275.8125 181.6875 -96.3125
0.9374 0.3080 -0.0815 0.1408 2.3100 -1.3500 2.6900 -94.5625 155.5000 -94.1875
0.9670 0.2294 0.0259 0.1078 -2.4600 -0.1100 2.8200 -53.2500 58.1875 -55.2500
0.9752 0.1912 0.0742 0.0837 -1.0600 -1.4300 2.8200 -6.4375 10.2500 -0.9375
0.9756 0.1866 0.0811 0.0828 -2.0000 -1.7500 3.1300 44.1250 -17.8125 47.9375
0.9673 0.2198 0.0669 0.1076 -0.4700 -4.6300 0.1200 171.6250 -97.8125 118.0625
0.9254 0.3372 -0.0045 0.1732 4.2800 -1.7800 0.9600 178.1250 -133.1250 265.1250
0.8350 0.4455 -0.1287 0.2963 10.1700 10.5300 3.5600 117.8750 -178.5625 156.6250
0.7497 0.4916 -0.2604 0.3583 14.5200 10.5600 5.5100 -62.0000 -82.5625 134.7500
0.7144 0.4436 -0.3602 0.4039 17.7700 12.0000 8.3000 -137.5000 56.7500 86.8125
0.7494 0.3188 -0.4186 0.4019 15.8500 5.4300 13.2300 -577.2500 -7.1875 134.4375
0.7664 0.0580 -0.5426 0.3389 9.2400 -5.8700 -5.6000 179.5625 -52.3125 349.8750
0.6602 0.0621 -0.4970 0.5598 6.3700 4.5200 7.8200 107.0000 256.8125 104.1875
0.6531 0.0397 -0.3591 0.6655 1.7400 0.7500 7.2300 16.5000 142.8750 7.2500
0.6701 -0.0123 -0.2980 0.6797 0.0800 0.8300 7.7200 -37.9375 46.2500 -42.8125
0.6978 -0.0470 -0.3011 0.6482 0.5900 2.1800 9.0100 -110.1250 -30.8750 -108.3125
0.7338 -0.0644 -0.3647 0.5695 5.4000 -4.6100 9.4600 -104.1250 -2.6875 -156.6875
0.7821 -0.0819 -0.4324 0.4412 14.1300 -10.0000 8.4700 -381.3125 -149.7500 -95.5625
0.7321 -0.2198 -0.6047 0.2238 16.8100 -0.0600 1.8300 -575.3750 -8.4375 29.8750
0.6124 -0.4540 -0.6472 -0.0004 8.7700 0.2100 -4.7700 -154.0625 61.6875 115.6875
0.5731 -0.5737 -0.5826 -0.0547 5.9200 -1.0700 -5.5500 -66.1250 -3.8750 56.3750
0.5439 -0.6182 -0.5642 -0.0602 5.5600 -2.8500 -4.2400 13.2500 -6.0625 10.5000
0.5474 -0.6168 -0.5635 -0.0490 7.3500 -3.2400 -6.7200 98.3125 -15.1250 -18.5625
0.5888 -0.5646 -0.5784 -0.0024 7.9300 -2.1600 -6.9100 298.1250 -38.1875 -32.2500
0.6789 -0.4265 -0.5871 0.1118 13.9900 0.3000 9.2700 138.6875 36.8125 72.5000
0.7303 -0.3787 -0.5339 0.1951 7.8300 -8.0300 -1.6300 -63.2500 254.8750 134.7500
0.7538 -0.5148 -0.3708 0.1707 -5.0900 -11.9300 -2.9900 23.0625 150.1875 114.1875
;
0.7834 -0.5532 -0.2274 0.1686 -6.9400 -7.2400 -8.3800 432.8125 321.9375 -0.6875
0.9480 -0.3026 -0.0020 0.0986 -11.8600 -11.5800 10.4100 391.0000 -340.0625 140.1875
0.9910 0.0201 0.0063 0.1321 -3.6800 -3.7300 1.7000 409.1250 -107.1250 34.6875
0.9471 0.2827 -0.0191 0.1505 4.0300 6.9000 0.5400 298.0000 -51.7500 53.3125
0.8640 0.4598 -0.0499 0.1992 3.2900 9.1000 1.1700 146.1875 -24.0625 47.0000
0.8049 0.5433 -0.0674 0.2289 5.8500 19.3400 6.2900 -94.6250 43.0000 41.5000
0.8453 0.4703 -0.0865 0.2383 5.1500 21.1500 6.5700 -472.3125 -15.6875 -49.2500
0.9619 0.1616 -0.1683 0.1425 8.9900 16.3000 7.9700 -669.3125 -21.0000 -48.1875
0.9488 -0.2428 -0.1966 0.0471 4.9600 -1.6200 -2.1100 -357.3125 105.7500 81.4375
0.8539 -0.5103 -0.0964 0.0348 3.7400 -5.1500 -3.2800 -243.6250 219.0000 153.6250
0.7602 -0.6456 0.0667 0.0273 -4.6900 -7.4500 -4.2100 -133.8750 81.6875 86.8125
0.6776 -0.7167 0.1605 0.0380 -5.2100 -8.5900 -5.6400 -70.2500 20.6875 54.5000
0.6449 -0.7377 0.1918 0.0557 -6.0200 -9.7600 -8.4900 49.5625 -23.0000 -2.7500
0.6752 -0.7133 0.1802 0.0525 -4.5700 -7.8000 -9.4600 220.8125 -15.3750 -86.6250
0.7906 -0.5991 0.1266 -0.0002 0.0400 -2.0300 -9.2400 430.8750 -109.4375 -76.8125
0.9387 -0.3430 0.0255 -0.0243 6.4500 7.6600 -13.5600 665.7500 -252.8125 5.4375
0.9880 0.0756 -0.1329 0.0214 14.5400 19.5800 -0.3800 293.9375 -89.3125 -14.6250
0.9147 0.3486 -0.1912 0.0725 10.5900 23.5700 21.6900 166.0625 -67.5000 124.3125
0.8673 0.4058 -0.2618 0.1207 3.6700 12.3200 8.9900 -35.6875 -66.5000 16.8750
0.8713 0.3741 -0.2982 0.1093 6.7600 3.9700 3.2700 -4.3125 28.7500 -18.3125
0.8782 0.3672 -0.2905 0.0979 7.3100 11.0500 12.6200 -101.6250 -34.3750 53.0625
0.8890 0.3153 -0.3135 0.1097 4.7900 5.5900 5.0700 -53.3750 25.5000 63.1250
0.8903 0.2949 -0.3113 0.1537 3.9800 -1.3000 -2.5500 304.6250 57.2500 15.1250
0.8082 0.4711 -0.2557 0.2440 2.8600 12.3900 15.4600 25.8750 4.0625 -59.6875
0.8021 0.5035 -0.2200 0.2338 5.8200 8.2600 5.3000 -25.3125 24.0000 -17.0625
0.8146 0.4904 -0.2026 0.2343 5.8900 12.0400 6.3700 -47.2500 8.8125 -39.0000
0.8380 0.4690 -0.1852 0.2085 8.1300 15.3400 8.7600 -100.6250 33.1875 -98.0625
0.8862 0.4129 -0.1413 0.1553 7.8000 7.9800 6.7400 -142.9375 83.6875 -88.8125
0.9374 0.3212 -0.0746 0.1122 3.3700 1.6100 5.1100 -112.8125 124.0625 -77.1250
0.9668 0.2407 0.0074 0.0856 0.1500 0.9500 3.0900 -93.6250 76.4375 -46.3125
0.9791 0.1818 0.0552 0.0722 -1.3700 -2.2600 1.9600 -3.8125 7.9375 18.7500
0.9783 0.1810 0.0588 0.0817 -1.2100 -4.5700 0.4400 79.8125 -27.0625 24.2500
0.9650 0.2415 0.0371 0.0953 1.6000 -2.7600 0.1000 187.1250 -74.0625 85.1875
0.9158 0.3759 -0.0182 0.1402 4.9500 2.6600 0.5000 280.7500 -100.6875 178.7500
0.7985 0.5491 -0.1040 0.2239 10.5500 16.6000 -1.8600 167.5000 -110.8750 191.2500
0.6644 0.6498 -0.2187 0.2975 16.4900 16.9100 0.1300 37.0000 -64.8750 124.1250
0.6140 0.6592 -0.2813 0.3307 10.6700 16.7000 0.1300 7.3750 28.0000 -14.0000
0.6238 0.6555 -0.2623 0.3353 9.6300 12.6200 -0.0100 -71.2500 27.1875 -82.2500
0.6801 0.6318 -0.2252 0.2960 9.7000 15.2400 0.8700 -149.6250 39.4375 -181.3750
0.7820 0.5638 -0.1626 0.2099 11.7100 11.1300 1.1000 -301.5625 107.1875 -91.7500
0.9094 0.3754 -0.0961 0.1509 4.9200 1.5300 2.6200 -233.3125 160.0000 -83.2500
0.9669 0.2217 -0.0055 0.1265 -1.7200 -3.5800 1.9500 -109.0625 65.0625 -10.9375
0.9809 0.1484 0.0320 0.1219 0.5100 -1.1700 3.1800 -13.4375 46.6875 -46.8750
0.9832 0.1374 0.0616 0.1034 -2.1400 -1.5300 3.8900 50.8125 -11.1875 31.6875
0.9763 0.1700 0.0568 0.1210 0.0000 -3.1000 3.4700 139.8125 -52.7500 46.0625
0.9513 0.2711 0.0255 0.1446 2.5800 1.9400 4.7200 201.3125 -68.5625 122.7500
0.8894 0.4083 -0.0187 0.2048 3.0200 5.5800 2.5000 230.0625 -87.1250 183.5000
0.7841 0.5480 -0.0716 0.2823 6.8700 15.2400 4.2200 149.3750 -73.8125 148.5625
0.6752 0.6439 -0.1373 0.3328 10.6600 16.0300 1.8200 5.3125 -95.4375 100.1875
0.6390 0.6561 -0.2203 0.3356 11.9800 15.5500 1.8800 -154.4375 -52.2500 77.8750
0.6880 0.5762 -0.3129 0.3109 13.2000 16.8000 9.0200 -519.6250 -42.6875 43.8125
0.8186 0.3117 -0.4259 0.2267 10.2900 2.9100 -6.2200 -75.8125 -56.3750 366.6250
0.7490 0.1360 -0.4958 0.4180 0.2000 -0.6800 4.8500 189.1875 199.0625 346.8750
0.6524 0.0756 -0.4040 0.6367 -2.3500 -1.9500 6.0600 102.8750 150.3750 99.3125
0.6341 0.0281 -0.2914 0.7157 2.0200 0.5500 7.9600 -19.3125 34.4375 64.1875
0.6124 -0.0058 -0.2855 0.7372 2.8100 -0.3200 9.3300 -55.1250 7.8750 7.0625
0.6125 -0.0322 -0.3082 0.7272 1.8800 0.0700 9.9300 -30.2500 18.0625 -97.1250
0.6539 -0.0356 -0.3279 0.6810 5.6300 -2.8000 10.3700 -99.9375 -12.2500 -139.6250
0.7106 -0.0518 -0.3884 0.5844 8.4200 2.7100 16.4700 -544.6875 -38.5625 -161.3750
0.6672 -0.2557 -0.6138 0.3358 11.5400 -5.8200 -8.0000 -430.1250 168.7500 115.0000
0.5596 -0.5403 -0.6189 0.1089 5.2100 -2.2300 -12.7700 -220.2500 37.1250 81.5625
0.4897 -0.6395 -0.5911 0.0421 7.1700 -1.6400 -13.9700 21.0625 42.5625 4.8750
0.5018 -0.6420 -0.5787 0.0320 4.8400 -2.4500 -5.3200 92.1250 20.5625 -17.8750
0.5490 -0.6047 -0.5748 0.0508 5.7500 -3.1900 -7.9800 219.3125 17.8125 -50.4375
0.6523 -0.4818 -0.5728 0.1194 2.4700 -0.7200 -5.3300 415.2500 64.2500 -104.6250
0.7953 -0.2529 -0.5136 0.1992 2.8500 -0.6100 2.2200 397.5000 119.4375 -145.7500
0.8929 0.0281 -0.3823 0.2361 5.9900 5.0300 16.0800 202.2500 -20.5625 -67.7500
;
