0.8846 0.3713 -0.2819 -0.0087 4.4900 6.1300 5.0100 0.0000 -1.0000 2.3125
0.8845 0.3710 -0.2829 -0.0080 4.5600 6.1600 5.0000 -0.9375 -1.1250 1.0000
0.8843 0.3705 -0.2841 -0.0077 4.5900 6.0300 4.9400 -0.5625 -1.0000 2.4375
0.8839 0.3702 -0.2857 -0.0067 4.6900 6.0600 4.9800 -0.3125 -1.5000 1.6250
0.8835 0.3700 -0.2872 -0.0062 4.6300 6.0600 4.9900 -0.7500 -0.3750 0.7500
0.8834 0.3698 -0.2878 -0.0060 4.6700 5.9800 4.9400 0.2500 0.0000 0.2500
0.8832 0.3700 -0.2881 -0.0060 4.7900 6.2700 5.1700 -2.1250 -2.5625 5.7500
0.8842 0.3643 -0.2924 -0.0044 5.5600 9.2900 8.4400 -70.6250 -34.5000 58.5625
0.8959 0.3036 -0.3242 0.0057 5.5000 9.7400 8.6900 -163.5000 -14.2500 1.3750
0.9229 0.1956 -0.3303 -0.0298 7.2900 10.8400 11.4700 -284.8125 33.7500 4.3750
0.9517 0.0146 -0.2956 -0.0819 8.2700 5.4200 2.4100 -280.4375 93.5625 -14.6250
0.9522 -0.1573 -0.2174 -0.1458 8.4800 1.3400 4.1600 -286.1875 113.2500 19.6875
0.9214 -0.3235 -0.1099 -0.1851 3.7300 -4.2400 -1.1500 -236.9375 135.5000 31.5000
0.8566 -0.4691 0.0291 -0.2130 1.6300 -7.7800 0.0300 -185.0000 145.3750 34.8125
0.7909 -0.5450 0.1487 -0.2354 0.0200 -8.9100 -0.2300 -115.1250 147.3750 3.1250
0.7191 -0.5882 0.2532 -0.2699 -2.2400 -10.2800 -1.3700 -98.3750 43.1875 14.8750
0.6767 -0.6219 0.2955 -0.2609 -3.3900 -11.7500 -4.7500 -25.8125 -34.6875 19.5000
0.6735 -0.6371 0.2940 -0.2327 -2.6400 -11.9700 -5.2900 48.5000 -34.5000 -5.2500
0.7042 -0.6193 0.2631 -0.2266 -3.1100 -12.7100 -6.9100 188.9375 -115.9375 -29.3750
0.8040 -0.5291 0.1575 -0.2211 1.0600 -7.2000 -9.8400 434.6250 -89.8125 -40.1250
0.9247 -0.2905 0.0261 -0.2445 3.4800 3.9400 -6.7400 491.0000 -68.0000 -31.2500
0.9637 0.0186 -0.1016 -0.2462 7.3700 23.5300 -7.7300 595.6250 21.0625 2.0000
0.8857 0.3679 -0.2059 -0.1947 6.6400 19.8400 8.7100 44.6250 -3.3125 139.9375
0.8780 0.3792 -0.2594 -0.1346 4.6200 12.3100 8.7500 9.8750 -22.8125 43.8750
0.8737 0.3744 -0.2890 -0.1141 2.8300 6.0400 3.5800 8.4375 -12.6875 33.4375
0.8699 0.3774 -0.3029 -0.0951 3.6600 6.3500 3.8700 77.9375 19.0000 1.5000
0.8558 0.4151 -0.2990 -0.0778 4.2200 7.3300 4.6800 52.3750 -1.3750 3.1250
0.8406 0.4473 -0.2986 -0.0641 5.6200 10.7200 5.3500 50.0625 93.1250 9.0625
0.8381 0.4767 -0.2635 -0.0308 4.6800 17.5300 12.0700 -181.2500 16.8125 79.1875
0.8834 0.3941 -0.2534 -0.0069 2.3500 2.5300 -1.8500 2.8125 40.8125 48.1875
0.8864 0.3860 -0.2531 0.0351 2.6700 -1.5000 1.6000 91.8750 -22.2500 8.4375
0.8632 0.4222 -0.2728 0.0483 3.9600 3.0700 4.5000 47.1875 -43.4375 15.5000
0.8414 0.4421 -0.3059 0.0546 7.0600 12.2200 6.4700 8.1250 -9.3125 -8.9375
0.8392 0.4449 -0.3088 0.0505 8.1200 17.1000 7.8700 -55.2500 41.1875 -69.7500
0.8680 0.4221 -0.2613 0.0092 9.6600 15.8500 7.5600 -158.1250 84.0625 -106.2500
0.9200 0.3422 -0.1843 -0.0496 5.4500 2.7000 3.2200 -193.7500 102.1250 -54.6250
0.9633 0.2326 -0.1007 -0.0884 1.3300 -2.8300 0.6200 -61.2500 81.3125 -67.8750
0.9705 0.2053 -0.0375 -0.1204 -2.2100 -1.2900 1.6600 5.0625 26.6250 -14.8750
0.9684 0.2136 -0.0193 -0.1267 -2.3700 -2.0400 1.7100 59.1875 -40.5625 29.6875
0.9603 0.2495 -0.0587 -0.1098 0.0800 -2.4100 1.4600 139.0000 -106.3125 95.7500
0.9337 0.3205 -0.1469 -0.0620 4.8000 3.7800 1.6600 207.3125 -133.6250 106.5625
0.8633 0.4229 -0.2752 0.0128 8.8500 9.6900 2.6800 154.7500 -139.0625 151.8750
0.7852 0.4745 -0.3903 0.0774 12.8500 10.7300 0.7300 130.4375 -54.3125 15.8750
0.7278 0.5262 -0.4258 0.1105 9.4100 13.7000 2.3300 6.6250 -23.8125 56.5000
0.7079 0.5247 -0.4529 0.1357 10.9200 11.8900 0.2900 1.0000 15.7500 -24.9375
0.7138 0.5311 -0.4377 0.1295 10.4100 15.1500 0.8200 -90.1250 52.8750 -108.1250
0.7662 0.5097 -0.3837 0.0763 11.9900 14.9200 1.5300 -201.3125 92.8750 -99.6250
0.8608 0.4172 -0.2911 -0.0112 9.5200 4.9500 1.5800 -211.0625 135.4375 -61.6875
0.9318 0.3080 -0.1861 -0.0485 1.2200 -1.2200 1.2900 -119.6250 123.1250 -50.6250
0.9634 0.2399 -0.0973 -0.0704 0.1100 -1.0600 2.6400 -63.6250 77.6250 -56.3750
0.9745 0.2001 -0.0338 -0.0958 -1.2100 -0.2200 3.3800 -18.3750 25.8125 5.8750
0.9774 0.1903 -0.0167 -0.0909 -2.2200 -1.3500 3.0200 39.1875 -12.3750 9.3750
0.9726 0.2156 -0.0323 -0.0811 -1.3500 -0.8800 3.4700 80.1875 -74.7500 70.5625
0.9569 0.2689 -0.0992 -0.0463 2.1000 -2.0000 0.1200 214.0625 -108.6875 64.3125
0.9014 0.3888 -0.1907 -0.0020 7.2000 7.5400 -2.9900 321.0625 -116.8125 48.0625
0.7769 0.5585 -0.2837 0.0635 10.0100 15.5500 0.3200 134.3750 -61.8750 50.0000
0.7152 0.6082 -0.3309 0.0952 7.9300 17.0100 4.6700 -81.7500 -19.2500 8.1250
0.7357 0.5701 -0.3553 0.0867 4.8600 10.6600 0.5700 -82.0000 -21.8125 19.8125
0.7568 0.5328 -0.3737 0.0608 7.4400 12.9900 6.1000 -175.6250 -21.6250 -115.4375
0.8267 0.4521 -0.3206 -0.0976 5.1100 19.3600 8.3900 -461.5000 103.7500 -287.3125
0.8955 0.2721 -0.1733 -0.3066 7.8600 3.9200 2.1900 -109.9375 115.1875 -176.0000
0.8702 0.2617 -0.0535 -0.4139 -2.3300 -4.5000 0.0700 179.8750 84.0625 -172.2500
0.7939 0.3519 0.0154 -0.4955 -4.1400 -0.3400 6.6700 -6.1250 16.2500 -75.3125
0.7664 0.3545 0.0453 -0.5338 -7.5000 -2.0600 6.5000 -4.2500 -21.6250 -57.4375
0.7631 0.3207 0.0551 -0.5583 -20.5500 -1.3300 20.0200 -1135.6875 23.5625 -347.2500
0.7398 -0.1724 0.3779 -0.5293 4.6500 3.1100 31.9700 72.1875 -104.9375 -151.5625
0.7153 -0.1984 0.3217 -0.5878 0.5300 -4.2000 17.0000 -5.6875 -29.8750 23.3125
0.7275 -0.2053 0.3083 -0.5776 -0.4700 -5.0100 7.4000 56.3750 -31.5625 11.1250
0.7462 -0.1876 0.2729 -0.5775 -1.3800 -5.0900 6.3400 135.3750 -5.7500 17.8125
0.7734 -0.1066 0.2051 -0.5903 2.3200 -0.3300 5.1200 357.3750 -67.7500 124.1875
0.8345 0.0783 0.0428 -0.5436 0.8000 2.4000 4.4400 383.2500 -51.3125 245.6875
0.8656 0.3062 -0.1081 -0.3811 -10.6200 9.1900 11.9500 209.6250 47.1875 95.6875
0.8370 0.4592 -0.1472 -0.2584 -1.5800 8.7700 6.5900 14.8125 -15.3125 70.0000
;
0.8639 0.5020 -0.0311 0.0266 1.0100 10.6400 6.2400 20.5625 18.0625 -2.9375
0.8550 0.5167 -0.0267 0.0349 -0.3800 9.4700 4.3000 -1.8750 -4.3125 37.3750
0.8553 0.5140 -0.0368 0.0536 -1.3600 13.3600 8.8200 -152.3125 2.6875 -9.5000
0.9113 0.4058 -0.0500 0.0494 -0.3300 13.8200 10.6300 -373.6250 -38.2500 14.1875
0.9810 0.1714 -0.0875 0.0250 2.4800 7.2600 9.0200 -348.8750 -7.4375 -36.9375
0.9930 -0.0684 -0.0938 -0.0232 4.3400 3.3900 8.2500 -375.4375 37.9375 -3.3750
0.9465 -0.3123 -0.0621 -0.0524 1.9600 -0.8200 3.4500 -337.2500 41.4375 29.1250
0.8378 -0.5433 -0.0117 -0.0523 2.0900 -4.5600 -2.4800 -272.6250 -0.6875 56.5000
0.7275 -0.6854 0.0197 -0.0235 -1.0000 -6.8900 -5.2800 -173.7500 20.1875 56.3125
0.6302 -0.7740 0.0613 0.0030 -2.3300 -9.9600 -9.9900 -73.5000 -8.4375 33.3750
0.5947 -0.7999 0.0774 0.0240 -2.9000 -10.2500 -10.3600 67.6250 7.4375 17.5000
0.6260 -0.7739 0.0927 0.0244 -2.1800 -9.8400 -9.9500 213.8750 -18.8125 11.9375
0.7328 -0.6737 0.0933 0.0225 1.1700 -3.8800 -8.1900 398.3750 -95.5000 19.6875
0.9147 -0.3983 0.0534 0.0417 6.3700 9.7400 -14.5300 656.4375 -117.5625 38.3125
0.9971 -0.0092 0.0079 0.0759 6.9000 21.0700 6.9200 282.0625 -58.5000 90.6875
0.9701 0.2017 -0.0248 0.1327 2.4200 15.6900 18.6800 142.0625 -9.1250 141.3750
0.9333 0.2940 -0.0601 0.1973 1.4400 11.4200 15.6700 18.8125 -27.6250 29.6875
0.9198 0.3204 -0.0809 0.2115 1.0800 6.5500 8.8000 -19.6875 -26.2500 1.3750
0.9213 0.3130 -0.1002 0.2079 2.7500 4.8700 7.1800 -10.6875 -13.3750 -0.8125
0.9235 0.3065 -0.1155 0.1998 3.2800 5.5900 7.7300 -36.5625 -40.2500 -25.0000
0.9307 0.2924 -0.1340 0.1744 4.4600 7.0700 7.2000 22.7500 29.5625 -49.1875
0.9340 0.2997 -0.1161 0.1561 2.6300 7.2900 9.2800 -80.1875 -14.2500 107.6250
0.9368 0.2365 -0.1602 0.2021 0.9600 0.3400 2.0300 37.4375 -57.0625 119.8125
0.9100 0.2392 -0.2138 0.2624 1.8600 -4.2100 -1.4000 355.3125 -59.9375 5.0000
0.8269 0.4322 -0.1934 0.3033 9.3200 9.8900 5.6700 229.2500 -32.1875 9.9375
0.7516 0.5533 -0.1761 0.3130 7.8300 9.9500 5.4000 27.2500 29.0625 -14.1250
0.7469 0.5641 -0.1489 0.3190 6.6000 14.0700 5.2200 -35.0625 10.1250 -36.6875
0.7729 0.5469 -0.1298 0.2943 7.6400 17.2200 5.7000 -120.1875 58.8125 -155.6250
0.8511 0.4735 -0.0607 0.2184 7.6300 10.7500 5.4000 -183.1250 90.3750 -133.1875
0.9209 0.3539 0.0071 0.1634 0.7300 1.5600 2.0200 -175.8125 38.5625 -43.5625
0.9587 0.2438 0.0317 0.1431 -0.1400 -4.0400 1.5300 -58.2500 30.0000 -30.1250
0.9691 0.2041 0.0511 0.1288 -1.8200 -1.8200 2.0100 8.6875 7.7500 -30.3125
0.9691 0.2105 0.0584 0.1141 -2.1300 -3.3800 2.2500 81.0625 -50.7500 41.0000
0.9521 0.2750 0.0224 0.1320 2.1400 -4.7500 -1.2500 228.0000 -111.1250 108.0625
0.8852 0.4294 -0.0463 0.1728 7.5600 3.4900 -2.1800 327.0625 -99.1875 165.0625
0.7448 0.6174 -0.1028 0.2315 10.9900 22.5400 1.9100 157.6250 -35.8750 166.1250
0.6182 0.7107 -0.1531 0.2988 10.9700 18.8000 -3.5000 100.0625 11.0000 38.1875
0.5657 0.7358 -0.1613 0.3354 6.4400 13.9900 -3.0100 -24.8125 3.9375 12.7500
0.5773 0.7230 -0.1682 0.3401 9.1800 14.5900 -1.9200 -103.8750 13.1250 -27.0625
0.6382 0.6820 -0.1634 0.3175 11.1800 15.2100 -1.8400 -179.3750 54.8125 -148.8125
0.7642 0.5840 -0.1074 0.2519 10.4200 8.5300 -1.0000 -301.4375 101.0000 -81.9375
0.8843 0.4036 -0.0660 0.2253 4.4300 -0.0800 -0.4500 -248.5000 154.0625 -35.0000
0.9516 0.2100 0.0092 0.2242 -2.8800 -3.8200 1.5100 -101.6875 111.3750 -53.3125
0.9673 0.1324 0.0726 0.2037 -3.1200 -1.8900 3.7500 0.7500 41.1250 -35.3125
0.9692 0.1285 0.0964 0.1865 -3.2500 -1.8800 3.7800 52.6875 -53.6250 28.1250
0.9628 0.1755 0.0662 0.1943 -1.1000 -2.1400 2.5600 129.3125 -100.0625 43.1250
0.9376 0.2811 0.0138 0.2043 2.5100 -0.9700 -0.7400 241.0625 -150.2500 105.1250
0.8604 0.4479 -0.0630 0.2350 9.9000 9.5400 -1.9700 264.7500 -121.0000 65.7500
0.7359 0.6122 -0.1383 0.2538 11.3000 18.5300 3.1600 106.6250 -30.1250 25.8125
0.6851 0.6566 -0.1535 0.2755 6.2700 13.0600 1.4600 1.3750 31.3125 59.0000
0.6776 0.6470 -0.1628 0.3095 5.4500 8.7700 0.2500 3.3125 11.8750 3.6250
0.6776 0.6447 -0.1593 0.3161 5.7800 7.0300 -0.5000 10.2500 -2.5625 -29.4375
0.6810 0.6529 -0.1452 0.2981 4.2000 14.8000 3.6000 -165.4375 -104.4375 -120.5625
0.8073 0.5490 -0.1606 0.1456 6.7500 14.1500 -2.2200 -346.8125 46.4375 -258.5625
0.9271 0.3621 -0.0936 -0.0250 5.5400 6.0500 0.9500 -125.5625 39.5000 -158.5625
0.9529 0.2818 0.0082 -0.1116 -0.5600 0.3700 4.6900 -79.2500 55.5000 -147.6875
0.9487 0.2296 0.0876 -0.1988 -4.0700 -1.2100 10.5300 -81.1250 18.0625 -108.8125
0.9398 0.1898 0.1324 -0.2516 -4.6500 -3.8000 6.5700 -43.9375 -7.6875 -33.0625
0.9389 0.1599 0.1425 -0.2695 -5.9300 -8.8200 5.9900 120.0625 -0.3750 0.8750
0.9292 0.2077 0.1267 -0.2781 -17.7100 -0.8900 25.9200 -865.5625 -61.8750 -255.3125
0.8876 -0.2751 0.2177 -0.2983 -16.1300 -4.9000 18.7900 -37.5000 -124.3125 -134.0625
0.8721 -0.3306 0.1990 -0.3009 3.4700 -5.1800 14.0500 -2.1875 -49.8750 -14.2500
0.8755 -0.3399 0.1667 -0.3002 1.1000 -4.7100 7.8600 42.3750 -7.8125 36.8125
0.8910 -0.3162 0.1609 -0.2832 -1.5300 -5.6500 5.0900 91.6875 16.9375 41.1250
0.9142 -0.2549 0.1588 -0.2722 0.0000 -2.7500 1.8100 375.8125 -58.5000 29.8125
0.9600 -0.0410 0.0642 -0.2695 3.8500 5.2100 8.2900 406.6250 -46.4375 209.2500
;
