0.6252 0.0398 -0.0536 -0.7775 0.0200 1.1700 9.3600 0.3750 0.0000 0.1250
0.6252 0.0398 -0.0537 -0.7775 0.0100 1.1800 9.3000 0.0625 0.3125 -0.1250
0.6252 0.0398 -0.0537 -0.7775 0.0200 1.1400 9.3300 0.0625 0.6875 -0.1875
0.6251 0.0399 -0.0535 -0.7776 0.1600 1.3200 9.4500 -15.5625 1.8125 -8.8750
0.6202 0.0427 -0.0358 -0.7825 3.9800 3.3600 8.1700 146.0000 -13.7500 51.5625
0.6665 0.0977 -0.1197 -0.7293 -3.3100 12.1800 23.1900 123.1875 -133.3750 268.3125
0.7728 0.0489 -0.1883 -0.6041 -1.4900 7.3900 11.6100 -265.0625 54.1250 138.4375
0.8384 -0.1261 -0.0386 -0.5288 -1.0100 4.3900 8.6200 -410.5000 20.8750 83.0000
0.8057 -0.3285 0.1268 -0.4763 -2.8100 -0.6700 1.0900 -344.8750 44.2500 31.7500
0.7130 -0.4931 0.2603 -0.4252 2.2800 -4.9700 -3.4600 -226.5000 60.5625 -18.9375
0.5963 -0.5945 0.3555 -0.4056 2.7200 -9.3000 -6.3600 -129.5625 27.6875 -2.7500
0.5422 -0.6290 0.4008 -0.3870 2.4800 -12.3800 -9.6500 90.5625 9.3750 36.1875
0.5737 -0.5949 0.4003 -0.3958 1.7200 -11.3300 -7.5000 173.1875 -11.1250 42.0625
0.6611 -0.5129 0.3605 -0.4123 2.1000 -7.6300 -2.4100 226.3750 -16.1250 55.0000
0.7516 -0.3933 0.3116 -0.4282 2.0500 -2.9600 3.3000 255.5000 23.0625 111.0000
0.8323 -0.2307 0.2780 -0.4206 -0.3200 -0.3200 4.9700 224.8750 -11.9375 156.5625
0.9003 -0.0396 0.2365 -0.3631 -2.1900 6.3800 8.8300 234.4375 16.1875 172.0625
0.9226 0.1484 0.2026 -0.2928 -2.2300 10.1900 7.2100 201.6875 48.8125 176.8750
0.9153 0.3070 0.1644 -0.2023 -5.8300 12.7000 11.3100 99.3125 -0.3125 145.2500
0.3774 0.0029 0.4099 0.8304 -14.9800 12.2900 18.3000 -42.6250 -124.0000 -21.5625
0.4141 0.0490 0.3621 0.8337 0.0400 6.4700 6.2700 -19.4375 -42.3125 -46.5625
0.4548 0.0569 0.3378 0.8220 -2.8500 8.0200 9.7600 -49.0000 -50.3125 -75.8750
0.5112 0.0435 0.3107 0.8001 -9.0700 8.8800 9.5200 1.3750 -16.6250 -198.5625
0.6233 0.0157 0.2667 0.7349 -3.2200 6.7300 -0.1100 -107.2500 -92.5625 -245.0000
0.7628 0.0051 0.1722 0.6233 3.8600 3.2700 -3.5700 106.7500 -201.5625 -192.7500
0.8584 0.1563 0.1249 0.4723 7.8400 5.4800 7.6000 294.9375 -121.2500 2.5000
0.8237 0.3343 0.1719 0.4246 5.7400 10.3300 4.2600 334.6250 -68.2500 127.1875
0.7321 0.5166 0.1595 0.4145 7.9000 9.8000 4.4600 69.5000 -10.2500 41.2500
0.7085 0.5632 0.1350 0.4033 4.4600 12.0300 5.6900 7.3125 -42.8750 57.2500
0.6973 0.5742 0.0978 0.4177 7.0700 17.5600 7.5000 -79.1875 -12.4375 100.4375
0.6972 0.5455 0.0394 0.4634 6.5700 12.3500 4.2200 -125.5625 81.4375 75.4375
0.7074 0.4687 0.0038 0.5291 7.1500 4.6600 2.3800 -56.9375 72.0625 96.5625
0.6931 0.4147 -0.0151 0.5894 2.7400 2.5700 3.9700 -52.3750 107.6875 13.2500
0.6951 0.3522 0.0038 0.6267 0.9100 2.1500 2.8300 -67.0000 49.5625 60.0000
0.6873 0.3056 -0.0052 0.6590 0.6900 0.0800 3.5200 -30.0625 89.9375 8.2500
0.6920 0.2599 0.0231 0.6730 -2.4700 -0.4100 2.8100 35.9375 -11.6250 -18.4375
0.6918 0.2802 0.0399 0.6642 0.4900 1.0100 2.3900 59.1875 -69.8750 5.2500
0.6804 0.3448 0.0351 0.6458 2.8200 4.2900 2.6900 76.6875 -96.8125 -18.5000
0.6729 0.4136 0.0306 0.6125 3.3200 5.4300 1.6700 95.5625 -131.0625 -0.9375
0.6431 0.5101 0.0005 0.5712 12.8900 10.3200 1.8100 82.1250 -140.1250 19.3125
0.6031 0.5996 -0.0502 0.5237 16.4100 12.5400 4.4600 41.3750 -53.4375 36.6250
0.5677 0.6363 -0.0811 0.5160 13.9300 14.1600 5.6500 1.6250 74.2500 17.1875
0.5654 0.6089 -0.0675 0.5522 12.9100 10.8100 4.2200 -68.0625 100.8750 26.4375
0.5886 0.5402 -0.0628 0.5981 8.0600 5.9500 2.3300 -81.9375 122.3125 -30.8125
0.6307 0.4548 -0.0399 0.6275 5.8600 4.7500 2.4500 -68.6250 90.6250 2.8125
0.6459 0.3832 -0.0355 0.6593 4.8600 2.3600 2.7300 -69.2500 100.3750 81.3750
0.6295 0.3094 -0.0428 0.7115 0.1300 0.4800 2.8000 -72.5625 46.0000 55.6875
0.6229 0.2582 -0.0574 0.7363 2.7300 1.5300 5.8300 -16.2500 19.9375 -3.1250
0.6285 0.2433 -0.0545 0.7368 2.7300 0.3800 6.5000 6.4375 15.6250 0.3125
0.6276 0.2313 -0.0499 0.7417 5.9100 3.1600 9.3800 -89.3125 148.6250 13.6250
0.6403 0.1189 -0.0513 0.7571 2.0500 1.9700 7.2100 -279.8750 95.1875 29.8125
0.6445 -0.0428 -0.1606 0.7463 -0.8800 -6.4300 1.1700 -126.0625 31.5000 -57.3125
0.6662 -0.1183 -0.2260 0.7008 -2.4800 -6.6900 2.1200 12.5000 34.4375 -174.3125
0.7528 -0.1064 -0.2174 0.6121 -3.3300 -3.7300 2.6700 62.3125 14.1250 -242.0625
0.8384 -0.0397 -0.2097 0.5015 2.8000 -0.2600 6.3700 88.0625 -24.9375 -184.0625
0.8878 0.0448 -0.2009 0.4117 3.9300 3.2800 9.4900 61.5000 -23.3125 -145.3750
0.9207 0.1219 -0.1871 0.3199 12.3200 7.5300 12.4600 94.5625 -95.6875 -68.4375
0.9169 0.1872 -0.1968 0.2924 3.6400 2.4000 8.8600 59.0000 1.5625 -27.8125
0.9135 0.2228 -0.1846 0.2862 4.1200 4.9100 16.4300 -1.0000 -128.9375 -7.2500
0.9046 0.2364 -0.2406 0.2607 6.5900 2.3600 4.8400 24.0625 19.6250 17.6250
0.9015 0.2446 -0.2320 0.2715 4.9700 2.6900 4.7800 146.0000 -35.3750 22.1250
0.8743 0.3143 -0.2197 0.2976 5.0300 3.0000 2.6400 95.6250 19.1875 -29.9375
0.8627 0.3687 -0.1837 0.2935 14.0300 17.3100 28.3000 -139.3750 44.6250 131.5625
0.8577 0.3121 -0.1761 0.3688 5.2700 9.9100 9.1900 -178.0000 85.2500 223.3750
0.8257 0.1617 -0.2203 0.4936 -0.8000 7.3500 6.5600 -356.0625 50.8125 240.1875
0.7554 -0.1016 -0.3326 0.5554 -2.9500 3.7400 -7.8900 -579.5625 10.3750 127.8750
0.6136 -0.4290 -0.4980 0.4375 7.7000 -10.9300 -7.3600 -152.5625 -80.0000 52.8750
0.5389 -0.4848 -0.5511 0.4133 6.6900 -12.1900 -8.3500 100.0625 45.5000 88.0000
0.5576 -0.4933 -0.4896 0.4539 5.1600 -7.8500 -5.0700 177.6875 4.6875 118.6875
0.5952 -0.4483 -0.3666 0.5572 3.0800 -2.6500 1.3200 220.1875 22.5625 139.5625
0.6207 -0.3810 -0.2108 0.6520 -0.6100 1.8000 6.5800 195.5625 -53.6875 116.8750
0.6245 -0.2849 -0.0772 0.7231 1.9700 5.1000 3.5200 296.6250 17.5000 112.8125
0.6201 -0.1708 0.0903 0.7604 -1.6700 8.4300 7.6200 301.8125 81.1250 102.6875
0.5817 -0.0684 0.2629 0.7667 -7.4300 9.2500 10.7500 194.8750 92.5000 77.4375
0.5286 -0.0193 0.3915 0.7529 -10.2200 8.6300 12.1900 112.2500 146.2500 -21.8750
0.5154 -0.0179 0.4567 0.7249 -3.0600 4.1700 0.3500 50.4375 -19.1250 -17.8750
;
0.5328 0.0173 0.4841 0.6939 -4.6900 8.9500 6.4500 248.6250 -41.0000 -13.3125
0.5416 0.1097 0.5632 0.6144 -7.6700 11.2700 8.0600 -17.2500 -153.6250 27.6875
0.5874 0.1710 0.5079 0.6064 -4.7700 9.6300 2.9100 -60.3125 -174.3125 -23.4375
0.6741 0.2158 0.3904 0.5886 -4.9000 7.6700 2.6000 -132.5625 -187.9375 -84.3125
0.7607 0.2117 0.2559 0.5577 -4.0800 3.4800 2.5900 -49.3125 -204.5625 -64.1250
0.8265 0.2444 0.1259 0.4913 2.8700 2.5000 3.0200 -110.6875 -205.1250 -127.8750
0.8882 0.2488 0.0026 0.3862 9.9500 2.5800 5.1000 -58.8125 -76.6250 -78.6250
0.9088 0.2526 -0.0556 0.3274 7.2500 5.0000 6.9300 75.6250 -110.0625 17.5000
0.8891 0.3000 -0.1539 0.3094 2.8000 1.7300 1.9400 33.2500 -79.1250 15.6875
0.8851 0.3048 -0.1657 0.3102 15.3000 14.2500 23.9800 -124.6875 36.7500 161.0625
0.8773 0.2275 -0.1968 0.3741 9.2300 6.3600 11.1000 -199.6875 2.0625 146.3750
0.8627 0.0819 -0.2598 0.4260 4.7700 1.4700 4.7500 -225.0625 70.3125 137.8125
0.8301 -0.0911 -0.2960 0.4637 0.6900 -2.1500 3.5800 -253.6875 62.8125 122.6875
0.7756 -0.2717 -0.3214 0.4704 -1.6600 -4.7900 1.7300 -273.1250 69.0000 52.7500
0.6965 -0.4500 -0.3579 0.4294 -1.8200 -8.7900 -5.3100 -79.1875 25.5625 -13.8125
0.6729 -0.4979 -0.3796 0.3940 5.2300 -8.9100 -0.5000 -11.2500 8.0000 11.3750
0.6677 -0.5033 -0.3857 0.3901 3.8300 -10.1900 3.6100 8.8750 -24.0625 27.6250
0.6696 -0.4946 -0.3724 0.4102 6.0900 -11.3100 -4.0700 149.1875 45.5000 92.3125
0.6920 -0.4606 -0.2808 0.4797 1.8500 -6.2900 2.1400 193.2500 53.5625 136.4375
0.7057 -0.4077 -0.1586 0.5574 1.1700 -3.6800 1.9800 168.5000 26.5000 155.5625
0.6938 -0.3447 -0.0284 0.6317 -1.1400 0.4700 6.7600 149.8750 -8.6250 163.8125
0.6553 -0.2697 0.0907 0.6998 -3.7800 4.0200 4.0200 202.9375 23.8750 159.7500
0.6038 -0.1772 0.2228 0.7445 -4.2000 7.7500 5.3500 201.6875 14.0000 150.9375
0.5438 -0.0790 0.3323 0.7665 -5.0000 8.4900 6.2700 149.3750 32.0625 101.7500
0.4860 -0.0144 0.4155 0.7687 -9.4900 10.1800 10.3400 86.0000 28.1875 44.0000
0.4469 0.0027 0.4814 0.7540 -12.2800 13.3800 17.6300 128.5000 97.0625 -58.3750
0.4565 -0.0343 0.5337 0.7111 -6.8600 6.5100 3.0700 25.5000 -43.9375 -64.7500
0.5203 -0.0042 0.4998 0.6924 -12.1000 10.8700 7.6500 -97.9375 -230.5000 -133.1250
0.6609 0.0258 0.3594 0.6583 -1.8400 10.3700 1.3700 -97.6875 -206.8125 -212.4375
0.7919 0.0190 0.2155 0.5710 0.1600 2.0000 -5.9600 -67.3750 -229.6250 -227.0000
0.8943 0.0576 0.0817 0.4362 14.3600 1.3600 5.1400 123.4375 -180.4375 -72.6875
0.9161 0.2146 0.0377 0.3367 2.6500 9.7000 17.0900 99.0000 -1.6875 -55.3750
0.8999 0.3006 0.0789 0.3060 2.5200 1.9200 7.4000 237.5625 133.5625 65.1875
0.8382 0.4066 0.1317 0.3387 4.1300 11.1200 8.2900 147.3750 -124.0000 126.4375
0.7740 0.5234 0.0541 0.3522 6.9700 16.7100 10.3300 -62.4375 10.1875 79.8125
0.0000 0.0000 0.0000 0.0000 4.6600 16.0200 8.1100 -190.1875 134.8750 5.0000
0.8244 0.3446 0.0467 0.4465 1.4400 6.6500 4.1400 -212.9375 130.2500 -43.3750
0.8667 0.1857 0.0625 0.4587 0.6800 -1.4600 2.3300 -124.5625 50.6250 62.7500
0.8639 0.0995 0.0563 0.4905 0.2600 -1.3500 2.1200 -9.8750 28.3750 -1.1875
0.8636 0.0792 0.0684 0.4932 0.0500 -0.5200 2.0700 39.6250 -6.7500 28.9375
0.8553 0.0911 0.0728 0.5048 -1.1300 -1.3700 2.1100 22.0000 -14.3750 -18.3125
0.8588 0.1110 0.0709 0.4952 -1.5000 -1.1500 3.9200 38.7500 -120.5000 37.8750
0.8492 0.1763 0.0219 0.4972 -0.2200 1.5000 3.5100 85.1250 -179.6875 22.1250
0.8246 0.2903 -0.0508 0.4830 7.3500 10.0700 5.4200 108.3750 -221.5625 30.0000
0.7741 0.4207 -0.1324 0.4542 13.7400 10.9700 5.3600 159.1875 -56.0000 -79.8125
0.7383 0.5200 -0.1093 0.4155 12.1300 15.2300 9.8500 33.0000 -35.0625 26.0625
0.7181 0.5471 -0.1187 0.4135 12.3400 12.7800 8.5400 -75.4375 57.9375 33.8750
0.7382 0.4939 -0.1238 0.4424 9.6900 10.1800 7.2700 -138.3750 118.4375 41.5625
0.7794 0.3723 -0.1185 0.4899 7.3700 5.9500 5.3200 -142.8750 133.5000 42.6250
0.8046 0.2514 -0.1042 0.5277 4.1100 2.6700 5.6400 -109.5625 130.0000 36.2500
0.8106 0.1412 -0.0821 0.5623 0.0500 -1.6800 2.2900 -107.1250 130.3125 28.8125
0.8091 0.0353 -0.0599 0.5836 -0.4900 -4.5600 0.5800 -40.4375 25.7500 0.1875
0.8109 0.0017 -0.0585 0.5823 -0.8000 -1.5700 7.5400 -1.1250 -12.3125 -7.5000
0.8129 0.0029 -0.0654 0.5787 1.9200 -0.1400 10.0500 -47.7500 8.1875 -5.9375
0.8144 -0.0281 -0.0754 0.5747 0.8900 0.5600 12.2100 -210.4375 109.0000 -25.3125
0.8174 -0.2052 -0.1099 0.5269 4.8000 -3.1700 3.8900 -514.6250 -108.5000 -75.1250
0.7295 -0.4185 -0.2800 0.4630 -1.3700 -9.0300 2.9800 -238.6250 -135.6875 2.3125
0.6177 -0.5180 -0.3913 0.4438 1.2700 -12.1200 -4.6000 -75.3125 -57.1250 37.0000
0.5762 -0.5381 -0.4087 0.4598 1.8000 -11.0800 -3.8500 68.6250 -34.8125 75.6250
0.5779 -0.5174 -0.3600 0.5183 -1.1200 -4.5000 6.4000 171.3750 22.4375 94.4375
0.6183 -0.4639 -0.2394 0.5875 -4.2200 -0.7200 3.8700 207.9375 76.8125 24.6250
0.7070 -0.3565 -0.0895 0.6041 -4.3300 6.8900 8.1500 -3.8750 -130.3125 -249.1250
0.8389 -0.2377 -0.1298 0.4722 9.0500 13.2600 13.7700 252.3125 -13.6875 -226.1250
0.9471 0.0157 -0.0303 0.3189 3.2800 8.7300 23.2600 256.4375 76.7500 -87.8125
0.9504 0.1331 0.0487 0.2769 1.4600 6.9400 23.5600 58.5625 39.1875 0.1250
0.9448 0.1603 0.0637 0.2786 -1.8400 6.4000 15.9300 -86.5000 -49.4375 -4.3750
0.9492 0.1136 -0.0190 0.2929 6.2600 3.5500 17.1000 -100.2500 -363.4375 235.7500
0.8668 0.0810 -0.2755 0.4078 4.2900 0.5800 7.6900 -307.8750 -89.6250 365.1250
0.7228 -0.1555 -0.4564 0.4950 2.2700 0.2100 -12.1900 -412.5625 -63.0625 327.8125
0.5303 -0.4209 -0.5826 0.4498 2.3000 -7.7200 -11.9200 21.6250 80.5000 83.6875
0.5411 -0.4585 -0.5176 0.4786 3.7700 -6.7700 -9.2700 249.3750 45.2500 124.0625
0.6124 -0.3938 -0.3459 0.5918 -1.4400 4.9800 4.5800 335.3750 -5.2500 148.4375
0.6461 -0.2815 -0.1270 0.6980 4.0100 10.0200 7.1300 340.0625 89.2500 179.3750
0.6133 -0.1614 0.1434 0.7597 -5.4900 12.0600 6.3100 321.6875 151.6875 153.7500
0.5433 -0.0757 0.3528 0.7580 -10.1000 12.0300 11.7800 167.0000 56.7500 66.6875
0.4948 -0.0187 0.4576 0.7385 -12.4500 9.1300 7.0300 139.1875 55.4375 -28.4375
0.4862 -0.0012 0.5370 0.6894 -6.6700 8.1600 6.3900 74.0000 -121.7500 -3.9375
0.5267 0.0740 0.5143 0.6728 -8.4500 10.8700 5.3700 -59.0000 -238.1875 15.0000
0.5970 0.1616 0.4103 0.6702 -3.5200 10.8200 6.1900 -92.8125 -135.3750 -92.4375
0.6874 0.1592 0.2950 0.6442 -6.6000 8.1700 -0.6300 -348.8125 -255.5000 -106.6875
;
0.6973 0.2892 0.4791 0.4479 -4.0200 8.1500 3.7800 2.8125 2.6875 -3.5625
0.6971 0.2884 0.4813 0.4464 -4.0300 8.2500 3.6400 -0.5625 -1.7500 0.8125
0.6973 0.2889 0.4806 0.4465 -4.1300 8.7200 3.9900 0.0625 -11.8125 11.2500
0.6991 0.2982 0.4681 0.4507 -0.8200 14.4200 6.2800 -104.2500 -52.8750 119.2500
0.6825 0.3209 0.3828 0.5336 -11.0800 16.1000 9.8100 -195.2500 -249.0000 141.0000
0.7115 0.3298 0.1906 0.5905 0.8600 12.8700 6.2700 -174.0625 73.0625 -42.3750
0.7510 0.2231 0.1388 0.6057 -0.9400 7.2300 3.9100 -178.6250 -55.0000 -51.3125
0.7935 0.1293 0.0616 0.5914 1.2500 3.2000 5.7800 -252.0625 54.0625 -44.0000
0.8171 -0.0385 -0.0124 0.5751 0.5500 -2.8700 5.3200 -316.9375 93.3125 13.5000
0.7889 -0.2588 -0.0854 0.5507 -4.7700 -3.9900 5.9800 -529.5625 -0.2500 -107.5000
0.6682 -0.5328 -0.2772 0.4391 0.8400 -10.3800 -9.0100 -206.3125 -14.0000 -34.5625
0.5818 -0.6206 -0.3610 0.3820 0.6600 -9.1600 -0.7500 -58.5625 -6.1250 -2.1875
0.5598 -0.6431 -0.3748 0.3640 0.7100 -9.2900 0.4300 -14.3125 -9.5625 -11.0000
0.5514 -0.6423 -0.3859 0.3666 -0.0600 -9.8300 -0.7600 5.3750 -4.1250 10.5000
0.5500 -0.6428 -0.3818 0.3721 -0.1700 -9.8400 -1.9700 20.5625 -1.7500 12.3750
0.5552 -0.6368 -0.3723 0.3843 -0.1100 -10.1800 -2.9600 57.0625 -14.6250 30.1875
0.5690 -0.6190 -0.3492 0.4137 0.4800 -9.2600 -3.7900 129.5625 -9.0625 55.6250
0.5994 -0.5707 -0.2950 0.4775 1.2700 -7.1600 -3.3900 182.2500 -43.4375 77.6875
0.6320 -0.4956 -0.2167 0.5551 0.4000 -2.8700 0.5600 239.0625 -4.2500 109.9375
0.6616 -0.4025 -0.0856 0.6269 -1.3300 1.5000 5.1600 248.2500 -59.3750 132.9375
0.6615 -0.2748 0.0392 0.6967 -1.4000 6.9400 8.1200 267.8750 -20.0000 154.9375
0.6214 -0.1207 0.1959 0.7490 -7.6300 8.8800 12.7900 220.5000 -40.4375 112.8125
0.5787 0.0017 0.3021 0.7576 -6.3200 11.4600 11.8600 188.8750 108.1250 50.7500
0.5403 0.0599 0.3980 0.7390 -9.2600 9.8600 7.8100 186.2500 -529.7500 172.3750
0.5567 0.2003 0.3229 0.7387 -0.5100 6.0300 6.3400 -0.6875 -1.0000 -21.3750
0.5660 0.1924 0.3304 0.7303 -4.7700 7.8000 7.5400 90.0000 80.3750 -158.6250
0.5995 0.1487 0.3927 0.6814 -7.3900 13.4800 10.4500 -77.1875 -139.9375 -117.1875
0.6981 0.1078 0.3525 0.6138 -2.7300 11.0400 2.6200 -74.8125 -241.5625 -212.6250
0.8151 0.1255 0.2516 0.5065 -1.3300 3.7600 4.3500 33.8125 -263.8125 -81.0625
0.8655 0.2300 0.1279 0.4263 7.2900 1.9300 2.1100 170.4375 3.3125 -36.3750
0.8504 0.3437 0.1157 0.3812 6.0400 5.3200 4.4600 153.9375 -30.9375 -2.6875
0.8109 0.4393 0.1152 0.3691 5.3000 12.1100 9.3900 75.5000 33.3125 54.6250
0.7733 0.4724 0.1297 0.4026 4.3000 17.4600 12.6400 -56.6875 12.6250 86.5000
0.7661 0.4393 0.1039 0.4575 1.3100 14.6900 9.2200 -151.1875 73.3750 46.4375
0.7816 0.3397 0.0885 0.5156 2.3400 6.1500 4.6000 -138.8750 79.3125 27.5000
0.7956 0.2347 0.0825 0.5524 0.1400 0.3400 3.2700 -67.5625 26.8125 60.8750
0.7820 0.1851 0.0653 0.5916 -1.0100 -2.8000 0.6400 -37.1250 29.8750 -0.5000
0.7781 0.1639 0.0621 0.6032 -1.3800 -0.0700 1.1300 10.1875 -17.0000 15.8750
0.7718 0.1772 0.0618 0.6075 -0.7500 0.0100 2.7100 55.0000 -47.5000 10.6875
0.7650 0.2262 0.0605 0.6000 1.9800 1.9700 3.9200 86.3750 -62.7500 -21.8125
0.7629 0.2914 0.0704 0.5728 2.0200 3.4200 3.6800 116.6250 -106.5000 39.0625
0.7295 0.3914 0.0461 0.5590 5.1100 9.5800 5.1400 0.0000 0.0000 0.0000
0.0000 0.0000 0.0000 0.0000 0.0000 0.0000 0.0000 0.0000 0.0000 0.0000
0.0000 0.0000 0.0000 0.0000 0.0000 0.0000 0.0000 0.0000 0.0000 0.0000
0.0000 0.0000 0.0000 0.0000 7.7200 15.0000 9.7800 -70.0000 57.9375 16.7500
0.6851 0.4673 0.0660 0.5549 6.2900 10.8700 6.8900 -107.3125 101.2500 -22.0625
0.7200 0.3777 0.0798 0.5767 4.8500 8.0300 6.4600 -120.1250 76.3750 8.3125
0.7449 0.2890 0.0787 0.5961 1.4900 2.8300 4.6100 -60.3125 18.1875 40.4375
0.7437 0.2473 0.0609 0.6181 -0.6000 1.1900 3.1000 -57.7500 20.3125 35.2500
0.7352 0.2065 0.0377 0.6445 0.0000 0.0000 0.0000 -32.4375 3.9375 0.6875
0.0000 0.0000 0.0000 0.0000 1.7400 2.3900 6.4900 0.0000 0.0000 0.0000
0.0000 0.0000 0.0000 0.0000 0.2100 2.1300 8.1700 -76.5625 44.1250 -34.3750
0.7611 0.1166 0.0201 0.6377 -2.0100 1.1200 6.0500 -172.4375 -2.7500 -184.1250
0.8375 0.0406 -0.0235 0.5444 2.2500 0.4800 6.0000 -89.9375 117.8750 -170.0625
0.8972 -0.0413 0.0182 0.4395 -2.6700 -0.7200 7.8300 -54.7500 97.0625 -131.9375
0.9247 -0.1026 0.0656 0.3606 -2.6900 -1.4900 7.2600 19.8125 44.6250 -61.2500
0.9421 -0.1082 0.0829 0.3062 0.0000 0.0000 0.0000 0.0000 0.0000 0.0000
0.0000 0.0000 0.0000 0.0000 2.7500 2.8100 11.0200 145.5625 1.2500 -45.0625
0.9727 0.0501 0.0676 0.2165 -1.1500 4.2600 16.5700 103.0000 -25.2500 45.0625
0.9659 0.1309 0.0221 0.2223 17.2000 3.1900 29.6000 7.0000 -135.5625 64.4375
0.9586 0.1387 -0.0947 0.2298 0.9100 2.7100 8.3800 0.6250 -22.3750 10.1250
0.9566 0.1424 -0.1050 0.2314 2.5000 2.5000 9.4700 21.4375 -36.1875 7.3125
0.9500 0.1627 -0.1273 0.2341 3.5000 4.5400 10.3100 98.3750 45.7500 -34.0625
0.9321 0.2758 -0.0329 0.2324 4.9400 13.9700 13.5800 302.0000 174.8125 93.8750
0.8426 0.4408 0.0742 0.3004 3.3800 13.4600 16.4200 -244.7500 4.9375 197.9375
0.8473 0.3411 -0.0114 0.4070 1.7800 9.5200 2.6700 -327.1250 63.0625 191.8750
0.8345 0.0836 -0.1331 0.5282 -2.7200 7.9800 -0.9200 -538.6875 -38.1875 213.3125
0.7347 -0.2328 -0.3278 0.5464 -5.6900 -3.1500 -4.5300 -432.3750 58.3750 4.4375
0.6201 -0.4511 -0.4582 0.4495 1.6000 -8.8400 0.1800 -214.3125 -54.8750 -20.3750
0.5258 -0.5112 -0.5510 0.3984 7.3000 -11.0900 -7.0800 -29.1875 23.1250 32.8750
0.4955 -0.5300 -0.5581 0.4026 1.8200 -10.7300 -9.3800 74.6250 -2.6875 43.5000
0.5003 -0.5222 -0.5281 0.4451 0.0000 -8.0000 -4.9100 167.6250 -2.1875 61.3125
0.5391 -0.4869 -0.4507 0.5189 1.2500 -4.5700 -2.3600 236.9375 6.5000 71.6875
0.6002 -0.4111 -0.3094 0.6124 0.0300 1.3900 1.8400 308.3125 99.8750 113.5000
0.6426 -0.3257 -0.1265 0.6819 -0.0200 4.8200 0.7500 331.6250 15.1875 111.8125
0.6476 -0.1959 0.0534 0.7344 -3.1100 7.7100 6.9500 286.6875 26.7500 117.1875
0.6164 -0.0771 0.2094 0.7552 -5.4800 8.7300 7.7000 237.7500 38.6250 83.1875
0.5684 0.0143 0.3467 0.7460 -9.3200 11.1900 11.6800 198.3125 48.4375 51.3750
0.5288 0.0968 0.4556 0.7095 -9.2500 18.5500 23.4900 -2.5625 91.2500 -215.0625
0.5493 0.2083 0.5334 0.6086 3.0300 8.9700 -0.9300 98.3125 23.5625 3.8750
0.5519 0.2794 0.5560 0.5552 -4.9500 15.5300 7.1000 105.0000 4.0625 19.7500
0.5394 0.3059 0.5847 0.5231 -6.9600 11.0800 2.3100 -160.4375 -206.5625 -23.7500
0.6468 0.2964 0.4647 0.5272 -2.7700 6.6300 -1.0900 -145.8125 -228.3125 -16.3125
0.7689 0.2745 0.2909 0.4988 1.4900 4.1600 0.5800 -171.1250 -266.3125 -67.1875
0.8529 0.2207 0.1671 0.4426 0.3000 4.2500 5.3800 -114.5625 -201.0625 -144.1250
0.9101 0.1969 0.0339 0.3630 4.3100 1.3500 10.0600 -403.8125 -115.5625 134.9375
0.9209 0.1376 -0.0446 0.3620 1.2400 2.0000 8.2500 22.6250 48.1875 -55.5000
0.0000 0.0000 0.0000 0.0000 0.8100 3.7000 8.4800 0.0000 0.0000 0.0000
0.9288 0.1338 -0.0190 0.3452 1.1500 2.7700 9.1800 0.0000 0.0000 0.0000
0.9292 0.1343 -0.0161 0.3440 1.2200 2.6700 9.1100 -2.9375 3.0000 -0.8750
0.9291 0.1346 -0.0151 0.3441 0.8400 2.5900 9.2100 0.6875 -0.1250 1.4375
;
0.9290 0.1354 -0.0131 0.3442 1.0000 2.7200 9.3400 -0.1250 0.5000 -0.5625
0.9291 0.1366 -0.0119 0.3433 1.0600 2.7100 9.2000 0.1875 -0.1250 0.0000
0.9296 0.1381 -0.0117 0.3414 1.0600 2.6700 9.3100 -0.3125 1.6875 -1.3750
0.9311 0.1386 -0.0109 0.3372 1.0500 2.6400 9.2800 -0.3750 1.3125 -0.4375
0.9319 0.1389 -0.0102 0.3348 0.9800 2.6700 9.2600 0.3125 1.1875 0.1250
0.9329 0.1393 -0.0093 0.3320 0.9100 2.6900 9.2800 0.0000 0.0000 0.3750
0.9329 0.1398 -0.0085 0.3319 0.7800 2.7700 9.3400 0.6250 -9.6875 10.5625
0.9288 0.1495 -0.0046 0.3389 -1.8200 8.4100 21.3500 -243.8750 -324.3125 160.5000
0.9160 0.0600 -0.1405 0.3710 6.6100 5.2800 20.8300 -294.1250 -80.6875 135.8125
0.8685 -0.1093 -0.2556 0.4103 6.8900 0.3000 9.2700 -261.6250 -54.7500 152.1875
0.7863 -0.2809 -0.3253 0.4438 0.0600 -4.4600 -1.3400 -158.5000 90.4375 122.0625
0.7154 -0.4337 -0.3092 0.4523 -3.1800 -3.1400 -2.5100 -170.7500 -8.5000 71.6875
0.6501 -0.5202 -0.3353 0.4408 1.6300 -6.3100 -2.7000 -52.0625 -62.6875 21.2500
0.6099 -0.5340 -0.3661 0.4570 2.0800 -12.5800 -6.7200 67.0000 -12.3750 53.5000
0.5977 -0.5206 -0.3394 0.5066 0.3600 -9.4900 -7.5100 188.7500 -31.1875 73.2500
0.6306 -0.4438 -0.2493 0.5858 -1.4000 -1.2400 0.5200 284.3750 -28.6875 81.5625
0.6694 -0.3315 -0.1102 0.6556 -3.1300 3.9900 2.4600 307.8750 60.9375 72.3125
0.6888 -0.2166 0.0519 0.6899 -1.7000 4.9400 1.1700 259.6250 30.9375 107.0000
0.6558 -0.0937 0.2029 0.7211 1.5600 9.4900 6.2700 247.7500 33.7500 118.9375
0.6059 0.0157 0.3257 0.7256 -4.9300 11.2500 10.3700 169.5625 36.5625 88.5000
0.5532 0.0923 0.4093 0.7197 -7.4700 10.7500 9.6400 116.8125 55.8750 45.3125
0.5154 0.1318 0.4707 0.7038 -7.1300 10.7600 4.9900 -45.1250 -526.6875 162.2500
0.5621 0.2343 0.3815 0.6955 -4.7800 11.3400 1.2500 125.0625 21.6250 -127.1875
0.5941 0.2084 0.4451 0.6368 -11.0500 13.7200 6.1100 -107.9375 -167.3750 -127.7500
0.6950 0.1331 0.3722 0.6006 -8.3200 7.8000 0.7100 -81.5000 -185.6875 -221.5625
0.8218 0.1072 0.2592 0.4960 1.9400 0.0900 0.8500 -12.3125 -182.5000 -113.5000
0.8906 0.1504 0.1462 0.4034 11.4000 1.0600 -0.2700 265.6250 67.3750 -28.6250
0.8613 0.2802 0.2242 0.3597 -0.8200 7.0300 5.7600 291.4375 -41.6250 60.8125
0.7623 0.4763 0.2775 0.3391 1.8900 17.9100 13.9000 206.3125 -84.8125 163.2500
0.6453 0.6323 0.2715 0.3317 3.6400 17.6300 2.7800 53.5625 -9.6875 95.3750
0.5965 0.6768 0.2187 0.3719 8.0000 23.2900 1.7600 -97.1250 73.2500 278.7500
0.5674 0.6351 0.1180 0.5107 5.0000 11.4300 -0.4300 -187.5625 194.8125 -102.2500
0.6438 0.4883 0.1479 0.5703 2.5500 5.4400 1.0600 -179.4375 146.3125 60.9375
0.6502 0.3668 0.1224 0.6540 -3.0000 -3.1800 1.0900 -68.2500 90.5625 11.9375
0.6505 0.3042 0.1279 0.6841 0.0000 0.0000 0.0000 21.9375 35.1875 0.0625
0.6473 0.2992 0.1500 0.6849 0.0000 0.0000 0.0000 26.2500 -11.7500 -58.5000
0.6638 0.3112 0.1669 0.6592 -2.4000 1.5500 2.6100 84.1250 -37.9375 -6.3125
0.6565 0.3513 0.1890 0.6403 -1.8800 1.1700 2.9500 109.0625 -81.9375 39.5000
0.6163 0.4368 0.1804 0.6300 6.0100 7.7100 1.8700 135.8125 -183.6875 3.0000
0.5696 0.5825 0.1494 0.5604 0.0000 0.0000 0.0000 113.6250 -196.1250 89.5625
0.4955 0.7025 0.0964 0.5018 13.5800 15.0400 -1.4200 129.1250 -38.3125 -15.4375
0.4419 0.7518 0.1331 0.4710 10.3300 18.9400 0.1300 -16.8125 43.4375 -30.2500
0.4599 0.7233 0.1534 0.4918 8.4800 11.5600 -1.2200 -117.8750 80.9375 -21.3750
0.5169 0.6511 0.1528 0.5344 5.7900 7.5500 0.1900 -109.1250 119.6875 -70.5000
0.5764 0.5618 0.1852 0.5638 4.5600 11.1700 2.4400 -144.1875 80.2500 -18.2500
0.6238 0.4686 0.1753 0.6005 3.8200 6.5900 1.8500 -170.5000 90.7500 19.6875
0.6522 0.3629 0.1403 0.6506 0.4100 2.0300 2.0100 -126.1875 65.8750 58.1250
0.0000 0.0000 0.0000 0.0000 -2.1100 -0.7900 3.2100 -63.1875 39.8750 -16.2500
0.6603 0.2275 0.0856 0.7106 -1.3000 0.5000 5.5900 -52.6250 -8.1875 -10.4375
0.6816 0.2047 0.0646 0.6995 -0.4300 2.7400 6.0400 -20.6250 -20.1250 -124.4375
0.7455 0.1971 0.0537 0.6344 -1.0200 2.4800 5.5700 -95.7500 -77.8125 -288.3750
0.8591 0.1647 0.0108 0.4844 1.7400 0.2800 5.3600 -119.6875 -127.3750 -162.0000
0.9258 0.1136 -0.1014 0.3459 3.4400 -0.0300 4.2400 -97.0000 -203.8125 -164.5625
0.9362 0.1277 -0.2416 0.2212 13.9000 7.7300 4.5200 60.1250 5.1250 -109.1875
0.9459 0.1641 -0.2482 0.1293 9.5300 6.6300 12.2500 9.6250 1.5000 102.3125
0.9536 0.1607 -0.2026 0.1546 3.6100 4.2800 17.4200 165.6875 22.3125 2.5000
0.9407 0.2264 -0.1749 0.1825 2.6700 2.7100 1.4400 180.5000 75.1875 56.7500
0.9212 0.2812 -0.1357 0.2322 5.6300 5.0600 7.7000 5.0000 8.6250 5.2500
0.9150 0.2906 -0.1524 0.2346 2.4300 8.0000 6.8600 289.3750 92.5000 -51.0000
0.8607 0.4373 -0.0558 0.2547 4.0000 16.2700 14.0500 -214.8750 -82.2500 200.3125
0.8398 0.3668 -0.2275 0.3293 7.3300 7.9800 5.3900 -303.7500 104.6250 201.2500
0.8591 0.1178 -0.2894 0.4053 3.7300 2.8500 1.9700 -436.3125 138.0625 256.3125
0.7966 -0.2179 -0.3429 0.4477 -5.2500 -1.4500 -3.6500 -380.1250 -91.9375 85.0000
0.6573 -0.4421 -0.4652 0.3950 1.1700 -10.0000 -4.7500 -106.1875 81.0000 46.8750
0.6230 -0.5144 -0.4603 0.3679 6.1500 -10.2700 -5.3400 -17.2500 -59.6250 64.3125
0.5895 -0.5264 -0.4581 0.4068 1.9700 -7.4700 -1.6500 103.6250 -9.6250 69.8750
0.6066 -0.4976 -0.3997 0.4741 0.6800 -4.4800 -0.8000 222.6250 27.4375 69.0625
0.6477 -0.4449 -0.2984 0.5417 3.5600 -3.8400 -3.2200 247.9375 139.4375 133.3125
0.6738 -0.4057 -0.1437 0.6006 -3.0900 -0.2900 0.0400 262.4375 79.0625 136.5625
0.6804 -0.2960 0.0179 0.6702 -1.0700 3.1100 1.4100 330.7500 -53.8750 93.6250
0.6793 -0.1231 0.1452 0.7087 -1.3300 7.9200 9.7200 220.1875 53.1875 148.0000
0.6156 -0.0228 0.3096 0.7243 -7.2800 13.5700 19.4700 81.6875 -13.1875 132.8125
0.5529 0.0525 0.4021 0.7279 -9.3300 9.6000 8.5600 283.3125 -361.0000 246.9375
0.5160 0.2320 0.4290 0.7042 1.2300 6.8900 1.0000 10.8750 37.3750 -29.4375
0.5320 0.2213 0.4049 0.7099 -2.7700 8.5600 7.4200 -3.1250 -16.6875 7.3750
0.5295 0.2225 0.4047 0.7115 -2.6000 9.8900 7.4600 19.2500 94.0000 -79.2500
;
