0.8397 0.2196 -0.4964 -0.0179 7.4000 3.8300 3.9500 -14.8125 -3.0000 -9.1250
0.8411 0.2146 -0.4957 -0.0287 9.1400 5.1200 4.5700 -30.7500 5.1875 -13.4375
0.8496 0.1912 -0.4886 -0.0531 10.6300 7.1500 5.8500 -143.6875 35.1875 -25.6250
0.8758 0.0955 -0.4576 -0.1207 13.3500 8.0300 9.5100 -421.5625 95.1250 11.6875
0.8949 -0.1420 -0.3554 -0.2297 11.6400 1.7300 3.7300 -336.6250 136.9375 59.5000
0.8665 -0.3585 -0.1865 -0.2931 7.7400 -1.4500 4.7600 -241.0000 160.1875 99.8750
0.8321 -0.4670 -0.0170 -0.2988 4.4800 -3.3600 1.8000 -201.7500 154.6250 127.0625
0.7701 -0.5501 0.1707 -0.2743 0.0700 -6.3200 -0.9200 -156.3750 180.6875 115.3750
0.7040 -0.5781 0.3233 -0.2564 -2.6100 -7.6100 -3.7700 -87.7500 93.0625 80.0625
0.6574 -0.5807 0.4175 -0.2372 -4.5400 -9.9300 -7.5500 14.4375 56.6875 53.4375
0.6544 -0.5456 0.4633 -0.2437 -6.2000 -10.6800 -7.9000 126.0000 -5.1250 5.6875
0.6998 -0.4904 0.4406 -0.2750 -5.4100 -8.2200 -5.4900 237.6875 -81.2500 -14.1875
0.7890 -0.3904 0.3486 -0.3218 0.1500 -1.9300 -8.5600 461.9375 -215.4375 -27.1875
0.9110 -0.1284 0.0977 -0.3796 11.6300 12.0300 -19.2100 770.1250 -36.1875 78.5000
0.8793 0.3179 -0.1611 -0.3158 3.5100 33.6800 13.5100 256.7500 -86.3125 144.4375
0.8347 0.4204 -0.2877 -0.2092 -0.2300 20.6700 10.0500 18.3750 -49.2500 88.3750
0.8320 0.4055 -0.3403 -0.1660 6.9200 12.2600 6.8600 -88.7500 -33.3750 42.0000
0.8506 0.3460 -0.3561 -0.1727 5.0900 6.2800 5.3000 -158.1250 -10.6250 -0.5625
0.8804 0.2496 -0.3442 -0.2100 7.5900 7.4400 7.5000 -123.0000 38.5625 29.7500
0.9095 0.1750 -0.3120 -0.2116 3.9600 3.7100 5.3500 -87.3750 -6.8125 86.3750
0.9306 0.1217 -0.3008 -0.1694 1.5000 0.8700 6.2300 33.3125 22.4375 46.1875
0.9363 0.1323 -0.2981 -0.1301 4.3200 3.8700 9.5900 -81.0625 -63.1250 103.0000
0.9314 0.0675 -0.3517 -0.0656 9.3500 -0.8000 3.3600 149.2500 -79.1875 321.3750
0.9005 0.0490 -0.3952 0.1749 4.6800 -4.8200 9.1700 -112.8125 -3.3125 354.6875
0.8344 -0.0970 -0.4045 0.3617 5.6600 -5.6800 6.1200 -33.0625 59.6875 58.8125
0.8104 -0.1577 -0.3860 0.4115 4.3600 -5.7600 5.2100 42.5000 48.3125 10.2500
0.8246 -0.1493 -0.3460 0.4218 2.5400 -2.1900 6.6600 51.8125 24.3750 6.4375
0.8325 -0.1341 -0.3198 0.4321 1.7700 -0.4300 7.6700 -5.9375 11.0625 -19.3125
0.8383 -0.1346 -0.3197 0.4206 3.3800 1.8500 10.3100 -47.1875 -29.6250 -72.8750
0.8414 -0.1327 -0.3669 0.3738 9.3700 15.9400 36.7700 -1059.5625 188.5625 -223.3125
0.7074 -0.5020 -0.4973 0.0182 11.1200 -8.0400 -6.1500 -228.5625 95.8750 -59.3750
0.6435 -0.6135 -0.4439 -0.1117 15.0400 -2.5400 -6.8000 -294.8125 58.3750 99.2500
0.5193 -0.7587 -0.3511 -0.1772 8.3800 -1.3100 -14.1600 -168.8125 -40.1250 39.6250
0.4523 -0.8127 -0.3195 -0.1812 6.5400 -2.5000 -7.1100 32.4375 5.1250 21.5625
0.4751 -0.8060 -0.3082 -0.1721 4.7300 -4.0700 -2.8700 75.1875 27.5625 1.0625
0.5187 -0.7794 -0.3074 -0.1702 3.3300 -4.6400 -6.4200 127.3125 71.8125 -55.8125
0.6031 -0.7009 -0.3275 -0.1942 6.6500 -1.4700 -7.4700 429.0000 139.7500 -120.6250
0.8113 -0.4221 -0.3472 -0.2075 6.7000 2.2500 0.0600 577.3125 399.0000 -27.5000
0.9638 0.0052 -0.2076 -0.1671 -9.2100 17.3600 19.2000 433.3125 33.0625 -37.3750
0.9268 0.2877 -0.2087 -0.1213 -2.2600 8.7800 9.9300 151.1250 -36.5625 38.4375
0.8827 0.3834 -0.2571 -0.0878 1.3100 6.7400 8.0600 -38.1250 -57.8750 62.8125
0.8773 0.3632 -0.3054 -0.0718 6.4900 9.5200 7.8800 4.2500 -27.6875 35.1875
0.8721 0.3583 -0.3276 -0.0602 8.9000 13.5800 9.2300 -17.6250 17.5625 -42.8750
0.8790 0.3588 -0.3002 -0.0918 6.0000 16.7300 10.0100 -81.3125 73.0625 -193.8125
0.8951 0.3436 -0.2078 -0.1941 7.8900 6.3400 6.1500 -146.1250 101.0000 -106.3125
0.9212 0.2774 -0.0744 -0.2625 1.1600 -0.7200 2.0300 -107.3125 116.3125 -69.2500
0.9280 0.2383 0.0233 -0.2856 -1.6200 -3.9200 -0.0700 -13.3750 39.1875 -17.3125
0.9247 0.2443 0.0440 -0.2886 -2.0000 -6.8300 -1.2300 130.2500 -66.6875 98.6250
0.9408 0.3231 0.0607 0.0822 1.6200 -4.0300 -2.0700 253.8125 -131.1250 166.8750
0.8608 0.4852 -0.0405 0.1484 10.1700 13.4700 0.2500 231.1250 -125.4375 193.3750
0.7516 0.6013 -0.1593 0.2194 12.8300 19.0300 2.6800 63.0000 -84.3125 168.1250
0.6719 0.6359 -0.2610 0.2759 11.9500 23.4200 1.7800 52.4375 1.9375 1.1250
0.6549 0.6515 -0.2567 0.2843 10.1200 20.6200 1.9300 -137.5625 24.3750 -85.0000
0.7421 0.5898 -0.2231 0.2269 11.8600 13.1700 1.4800 -257.3125 95.2500 -171.5000
0.8638 0.4591 -0.1478 0.1460 6.1100 4.7800 0.7300 -247.7500 116.8750 -64.1250
0.9445 0.3021 -0.0543 0.1169 1.9100 -1.5900 1.3400 -123.6250 135.1250 -31.3750
0.9734 0.1956 0.0419 0.1112 -0.3800 -2.8800 2.1100 -70.1875 70.8750 -14.8125
0.9789 0.1479 0.0840 0.1130 -3.0000 -2.3700 2.5000 0.8125 29.8750 5.3125
0.9764 0.1493 0.0981 0.1209 -3.3900 -3.2800 2.1900 101.8125 -37.8125 31.8125
0.9605 0.2356 0.0785 0.1254 -1.7400 -0.0400 0.2100 226.0000 -53.9375 -52.6875
0.9230 0.3694 0.0558 0.0920 4.3900 3.3400 2.9300 161.2500 -112.6875 243.8125
;
0.8550 0.4819 -0.0474 0.1857 6.9900 13.9300 9.2100 83.0000 -96.1250 199.1250
0.7808 0.5509 -0.1361 0.2614 12.1800 19.4700 9.2600 26.0625 -42.4375 176.8125
0.7270 0.5601 -0.2111 0.3365 8.1500 10.9000 2.6000 23.5625 -11.2500 38.1250
0.7083 0.5640 -0.2275 0.3585 7.1300 10.6500 2.7600 -33.9375 -9.2500 42.3125
0.7068 0.5529 -0.2493 0.3640 8.6600 8.0900 2.2700 -10.5000 -25.8750 -21.4375
0.7158 0.5494 -0.2604 0.3435 9.4000 9.9500 4.6600 -169.4375 7.4375 -14.7500
0.7781 0.4680 -0.2846 0.3073 9.0800 11.1600 8.6500 -449.0625 40.3750 -87.4375
0.8983 0.2444 -0.3087 0.1951 12.4600 13.7600 13.3000 -688.6250 94.3125 -8.2500
0.9384 -0.1941 -0.2791 0.0626 11.8600 2.5100 3.1800 -417.8125 95.5625 134.5000
0.8627 -0.4617 -0.1990 0.0549 5.5100 -2.3300 -2.4800 -226.8750 147.7500 202.6250
0.7758 -0.6238 -0.0366 0.0880 -0.8000 -5.9900 -5.5500 -106.7500 192.8125 158.3750
0.7137 -0.6848 0.1206 0.0850 -5.6700 -6.6600 -3.9600 -83.3125 152.3750 106.0625
0.6397 -0.7222 0.2521 0.0747 -8.3300 -6.3700 -5.0100 -74.8125 23.0000 78.8125
0.6016 -0.7354 0.2932 0.1068 -10.3300 -9.2700 -12.4000 66.3125 -54.0000 -22.9375
0.6459 -0.7040 0.2736 0.1111 -7.5600 -7.1700 -13.8800 373.7500 -80.6875 -57.8125
0.8326 -0.5053 0.2226 0.0430 1.2200 0.9400 -13.1900 529.1875 -175.8125 -44.7500
0.9793 -0.1754 0.1008 0.0049 12.0000 13.5100 -4.6300 483.6250 -272.5000 79.2500
0.9804 0.1703 -0.0876 0.0454 8.7800 20.1900 8.2100 352.3750 -76.8750 45.8125
0.9146 0.3687 -0.1395 0.0904 5.7900 21.7100 21.5300 85.9375 -109.6250 38.5000
0.8829 0.4084 -0.2066 0.1043 3.2800 12.9800 10.1200 -81.7500 -39.7500 38.5000
0.8996 0.3431 -0.2506 0.1011 5.2400 7.3300 6.0700 -133.2500 -37.8125 38.4375
0.9154 0.2599 -0.2941 0.0892 8.4100 4.0800 3.7000 22.0000 33.5625 11.4375
0.9190 0.2552 -0.2830 0.1015 10.6100 5.6500 8.3300 -88.2500 35.8750 96.8125
0.9287 0.1889 -0.2719 0.1670 -0.8200 2.1100 7.9000 -31.8750 -18.2500 135.5625
0.9069 0.1381 -0.2867 0.2763 -2.9500 -0.1400 2.6600 27.0625 78.7500 489.0625
0.7877 0.0334 -0.2989 0.5377 -1.1200 -12.4400 0.7600 -43.1250 1.3125 135.8750
0.7044 -0.0334 -0.3182 0.6336 4.4000 -3.8900 8.6900 16.5625 -48.5625 118.3750
0.6462 -0.0352 -0.3214 0.6913 4.5900 -3.4000 8.4000 18.1875 -0.6875 62.1875
0.6191 -0.0400 -0.3102 0.7203 3.2900 1.4600 9.6000 5.1875 8.8125 -20.5625
0.6356 -0.0393 -0.3025 0.7092 1.4200 6.7300 12.0500 -50.8750 21.7500 -136.1250
0.7013 -0.0474 -0.3210 0.6348 6.8700 -0.4700 10.2900 -81.6250 19.6250 -72.3750
0.7458 -0.0927 -0.3604 0.5526 18.8800 -0.9400 15.5300 -1022.2500 61.0625 -54.8750
0.6212 -0.4492 -0.5991 0.2310 10.9600 -2.6800 -18.3400 -404.6250 8.0000 91.5625
0.4651 -0.6456 -0.6002 0.0811 3.2300 -1.4300 -15.2100 -109.1250 20.7500 33.4375
0.4062 -0.7000 -0.5864 0.0357 1.9900 -1.8000 -3.4000 -46.3750 -2.0000 13.3750
0.3983 -0.7106 -0.5795 0.0251 0.3800 -2.8600 -5.4300 49.5625 29.7500 -31.0000
0.4331 -0.6866 -0.5834 0.0233 1.4800 -3.5800 -10.0600 154.1250 57.6250 -97.8125
0.5327 -0.5917 -0.6040 0.0347 4.7200 -3.3000 -7.1100 301.7500 62.5625 -129.7500
0.6680 -0.4156 -0.6106 0.0904 7.5000 -0.0800 -7.2200 729.3125 108.5625 -175.9375
0.8316 0.0237 -0.4875 0.2648 0.8300 7.1000 13.5200 383.8125 196.1875 -346.3750
0.8845 0.3195 -0.2545 0.2255 2.7900 14.2400 11.8000 240.3750 136.7500 -214.0000
0.8414 0.4915 -0.1165 0.1921 1.9000 5.1200 4.9600 44.8125 49.0000 13.3750
0.8141 0.5277 -0.0931 0.2236 1.2000 11.7700 6.2600 -44.6250 29.5625 9.6875
0.8261 0.5061 -0.0831 0.2336 2.6800 10.8200 6.3300 -64.5625 -3.1875 8.8750
0.8479 0.4698 -0.0894 0.2288 2.8000 12.8000 7.3400 -73.8125 14.2500 -93.0000
0.8849 0.4259 -0.0665 0.1766 5.1300 16.1300 10.4800 -161.1250 51.9375 -128.0000
0.9428 0.3166 -0.0150 0.1030 4.6400 2.2700 5.7600 -137.0625 71.6250 -68.0625
0.9711 0.2249 0.0318 0.0729 0.8200 -4.1400 0.2700 -48.3125 61.7500 -43.5000
0.9771 0.1919 0.0692 0.0617 -3.8600 -6.6300 -0.6100 50.5625 -36.8750 27.8125
0.9680 0.2352 0.0495 0.0726 -2.0300 -5.5400 -2.0100 177.6250 -88.8750 77.6875
0.9257 0.3646 -0.0157 0.1003 3.5600 2.1300 -2.1300 254.1250 -141.7500 140.3125
0.8311 0.5206 -0.1223 0.1528 11.5000 11.0700 -0.1500 165.9375 -165.1875 217.1875
0.6998 0.6219 -0.2773 0.2158 19.3400 19.4500 1.2800 71.0000 -53.3125 130.2500
0.6414 0.6403 -0.3353 0.2573 13.4800 23.5700 0.8100 -34.6250 61.5625 -45.6875
0.6766 0.6221 -0.3033 0.2513 9.0900 15.4800 0.9400 -165.3125 20.7500 -93.5625
0.7598 0.5573 -0.2772 0.1880 12.8900 11.9000 1.6900 -231.1875 96.0625 -92.0000
0.8741 0.4225 -0.2045 0.1251 9.6700 3.1600 1.0900 -201.3125 180.3125 -22.1875
0.9432 0.2871 -0.1054 0.1301 1.8700 -1.0000 1.4000 -141.1250 164.5625 -5.6250
0.9709 0.1931 -0.0101 0.1412 -2.0200 -3.0800 1.4300 -13.1875 62.5000 -37.3750
0.9757 0.1757 0.0405 0.1245 -2.4100 -2.5000 0.6900 65.5625 -6.4375 14.1250
0.9680 0.2118 0.0436 0.1275 -1.6900 -3.4900 0.4800 132.1250 -114.5625 82.0625
0.9303 0.3237 -0.0379 0.1682 3.3100 -3.0000 0.0200 209.5625 -239.3750 160.1875
0.8302 0.4855 -0.1752 0.2106 12.5100 18.7400 2.8900 154.1875 -106.0625 153.7500
0.7341 0.5778 -0.2635 0.2405 13.5900 22.0700 4.2200 -31.1875 -124.4375 8.9375
0.7111 0.5856 -0.3386 0.1917 9.9600 14.4200 3.0400 -63.5625 -22.7500 44.7500
0.7282 0.5498 -0.3644 0.1858 9.7300 4.1500 -1.3900 -13.7500 9.6875 21.4375
;
