0.7496 0.6529 -0.0723 -0.0811 0.2000 9.0100 1.2700 -0.8125 -0.1250 2.7500
0.7501 0.6524 -0.0737 -0.0800 0.2500 9.1900 1.3000 -1.8750 -3.8750 14.5625
0.7518 0.6499 -0.0833 -0.0738 0.8000 11.2200 1.8100 -17.4375 -11.0625 49.1250
0.7621 0.6340 -0.1214 -0.0505 1.5600 13.7000 2.7400 -67.1250 -80.5625 194.5625
0.7850 0.5667 -0.2500 0.0080 4.6400 15.1400 5.1100 -185.5625 -110.8125 268.8125
0.8124 0.4128 -0.4046 0.0764 3.2800 7.9300 0.6100 -224.0000 -39.9375 193.6250
0.8340 0.2275 -0.4909 0.1078 6.3400 4.0500 2.0800 -285.3750 -17.9375 126.8750
0.8452 0.0276 -0.5276 0.0810 8.7900 -0.5300 1.6100 -307.5625 34.2500 59.1875
0.8402 -0.1598 -0.5182 0.0055 9.2200 -6.4500 -0.4200 -144.8125 76.6875 59.6250
0.8508 -0.2692 -0.4504 -0.0261 8.2200 -8.3400 -1.2200 -37.3750 120.2500 44.1875
0.8843 -0.2913 -0.3638 -0.0276 5.8800 -9.2600 -8.0900 225.5000 236.4375 79.3125
0.9681 -0.1615 -0.1905 0.0228 -0.2500 2.7100 -2.4300 285.4375 233.1875 78.4375
0.9958 0.0310 -0.0258 0.0824 -5.4000 9.0400 1.5700 287.2500 117.2500 67.3750
0.9633 0.2220 0.0697 0.1337 -4.1400 11.6500 6.2400 297.0000 -26.2500 75.3125
0.9022 0.3952 0.0768 0.1550 0.4800 11.4700 8.0100 113.9375 31.6875 -36.3125
0.8690 0.4643 0.0994 0.1395 -3.6200 14.3200 15.1800 -20.5000 -154.0000 29.3750
0.8715 0.4780 0.0131 0.1088 0.8400 10.3600 6.1500 18.1250 -126.4375 43.5625
0.8641 0.4883 -0.0696 0.1003 2.1400 10.1700 6.9300 -100.8750 -118.8125 105.0000
0.8668 0.4357 -0.2130 0.1158 4.0300 6.2400 2.7200 -69.8750 -130.5625 130.0625
0.8553 0.3830 -0.3202 0.1385 7.8300 0.6000 -1.0600 -18.1875 -25.5000 66.6875
0.8461 0.2048 -0.4637 -0.1644 7.3500 3.1500 3.1600 50.9375 -1.6250 55.5625
0.8414 0.2177 -0.4807 -0.1168 7.7100 3.4300 1.6600 104.3750 -21.6250 60.3125
0.8288 0.2482 -0.4990 -0.0505 8.5700 6.7500 4.7300 71.8125 -23.4375 144.2500
0.8151 0.2440 -0.5230 0.0514 7.3500 5.4500 6.9600 -40.3125 17.5000 146.5625
0.8257 0.1711 -0.5221 0.1280 8.5100 5.5200 7.5600 -166.3750 46.4375 167.4375
0.8417 0.0271 -0.5116 0.1703 5.2400 -1.7700 5.7300 -140.3750 86.0000 104.6250
0.8466 -0.1157 -0.4819 0.1941 7.9400 -1.1800 9.7400 -256.7500 29.5625 215.6250
0.7753 -0.3368 -0.5074 0.1672 6.1700 -6.5200 -9.1100 -195.3125 -39.5000 46.1875
0.6729 -0.4871 -0.5482 0.0971 3.7900 -9.3800 -15.1500 -110.6875 18.1250 -17.5000
0.6011 -0.5561 -0.5682 0.0815 4.7500 -5.3800 -4.5400 -10.6875 8.4375 -9.9375
0.6007 -0.5486 -0.5735 0.0962 5.3200 -7.2200 -6.8600 65.6875 10.5625 -10.6875
0.6275 -0.5208 -0.5680 0.1115 6.0000 -7.4400 -4.8100 85.0000 38.0625 -33.9375
0.6802 -0.4633 -0.5567 0.1124 9.7000 -6.7700 -0.6900 63.1875 39.3125 -25.8750
0.7171 -0.4255 -0.5418 0.1056 4.7900 -6.3600 -3.5200 119.2500 79.5000 -66.4375
0.7759 -0.3508 -0.5166 0.0897 2.8700 -5.5600 0.5800 124.5625 56.5000 -122.2500
0.8250 -0.2507 -0.5037 0.0544 1.9300 -6.6000 3.1400 124.6250 -5.4375 -215.0000
0.8436 -0.0917 -0.5281 -0.0307 13.4600 5.6100 10.9200 27.0000 26.3750 -192.0000
0.8444 -0.0052 -0.5216 -0.1222 10.1800 3.4600 7.8200 -22.5625 13.2500 -60.8125
0.8428 0.0120 -0.5093 -0.1738 6.7900 -0.3100 4.0100 -5.5000 20.3750 -73.5625
0.8387 0.0337 -0.5004 -0.2120 8.8200 1.0200 4.5100 26.9375 -16.5625 -18.6250
;
0.8293 0.0547 -0.5112 -0.2187 7.8400 1.3100 3.7900 34.6875 -15.2500 -35.9375
0.8186 0.0815 -0.5220 -0.2253 9.1600 4.3800 5.1500 11.1250 -9.1875 12.1875
0.8173 0.0854 -0.5271 -0.2167 10.1100 9.6700 7.5600 -61.1875 -6.3750 52.5625
0.8222 0.0156 -0.5316 -0.2029 8.1000 8.5300 8.9700 -264.7500 -81.0625 173.8750
0.8062 -0.1932 -0.5249 -0.1926 13.1000 -3.3300 0.7900 -263.1250 97.5625 130.5000
0.7982 -0.3757 -0.4153 -0.2221 13.1100 -12.8900 -7.7700 -3.3125 212.5625 92.1250
0.8511 -0.3745 -0.2836 -0.2346 1.0100 -12.9700 -9.5600 319.1250 271.8125 -35.8750
0.9445 -0.1263 -0.1542 -0.2611 -0.7300 1.0100 -1.5300 261.0625 246.5000 -26.1875
0.9587 0.1024 -0.0510 -0.2604 -4.1000 6.5000 1.3900 205.3125 117.2500 21.1250
0.9257 0.3039 -0.0134 -0.2247 -3.4800 13.3800 5.9600 221.3750 7.7500 54.7500
0.8788 0.4336 -0.0519 -0.1921 -1.4400 12.9900 3.6500 147.9375 -40.8750 -13.6250
0.8373 0.4993 -0.0988 -0.1995 -2.2700 12.6700 10.0600 -38.7500 -161.1250 63.8125
0.8404 0.4471 -0.2119 -0.2213 3.8500 13.7500 8.8200 -117.3750 -133.1875 44.4375
0.8544 0.3526 -0.2917 -0.2462 3.7100 9.5000 4.6800 -111.6875 -134.7500 137.9375
0.8694 0.2164 -0.3925 -0.2079 6.3500 3.2200 1.2400 -8.8750 -127.3125 208.8125
0.8665 0.1377 -0.4705 -0.0945 6.3500 0.9000 5.8000 -8.1250 -14.4375 194.5000
0.8725 0.0551 -0.4852 0.0186 4.9200 -1.6300 6.5800 -125.5625 -5.1875 208.8750
0.8631 -0.0837 -0.4870 0.1042 6.7000 -2.0500 8.5400 -108.6250 0.6250 182.0000
0.8348 -0.2067 -0.4775 0.1800 0.7300 -0.6300 14.7800 -351.6875 -130.6250 167.3750
0.6969 -0.4211 -0.5447 0.2007 6.6800 -11.1200 -7.9700 -111.0000 44.0000 0.7500
0.6358 -0.5001 -0.5683 0.1508 2.5500 -3.2100 -5.6100 -126.2500 -157.8125 15.1875
0.5412 -0.5468 -0.6265 0.1251 4.0000 -5.2100 -8.5800 18.2500 29.9375 -10.5625
0.5539 -0.5421 -0.6219 0.1122 5.4000 -7.8800 -10.0400 84.6875 46.0000 -21.3125
0.5932 -0.5102 -0.6103 0.1238 4.6500 -6.0200 -2.5300 77.8125 20.0000 -31.0625
0.6435 -0.4509 -0.6030 0.1378 6.8100 -6.2400 -4.3000 125.7500 56.7500 -43.1875
0.7070 -0.3720 -0.5841 0.1437 5.1500 -5.7700 -0.1100 137.1250 33.5000 -135.6250
0.7680 -0.2557 -0.5732 0.1273 5.4700 -3.2800 2.4800 124.3125 6.6250 -122.6250
0.8042 -0.1406 -0.5665 0.1121 6.7300 -0.3000 5.4900 60.3750 22.8125 -142.8750
0.8275 -0.0429 -0.5572 0.0538 5.7200 -1.2500 4.2800 27.8750 -23.9375 -177.7500
0.8254 0.0425 -0.5623 -0.0284 9.4500 3.4000 6.5200 67.3125 -32.4375 -101.8125
;
