0.5862 0.7899 -0.1802 0.0039 1.9800 9.0000 -3.1500 0.0625 0.1875 0.2500
0.5862 0.7899 -0.1802 0.0039 1.9900 9.0800 -3.1700 0.2500 -0.9375 1.2500
0.5872 0.7881 -0.1843 0.0068 4.0600 11.7000 -3.4300 -10.1875 -4.7500 58.3125
0.5985 0.7634 -0.2393 0.0420 9.4300 18.1200 0.3300 -135.5625 -28.1250 408.7500
0.6179 0.6203 -0.4532 0.1677 9.0600 11.6200 -2.0500 -83.0625 -26.8125 494.9375
0.5609 0.4069 -0.6447 0.3229 9.8600 1.4400 -6.1100 -29.2500 84.9375 357.5625
0.4982 0.1963 -0.7017 0.4700 10.6500 -5.0500 -6.0200 104.2500 150.6250 173.6875
0.4897 0.0970 -0.6445 0.5790 2.2500 -4.9600 -2.7200 124.4375 155.4375 86.5625
0.5143 0.0459 -0.5458 0.6599 1.6400 -3.7900 0.4500 0.0000 0.0000 0.0000
0.5096 0.0464 -0.5454 0.6638 4.3400 -3.5700 1.3700 6.3125 -12.0625 11.6875
0.5270 0.0402 -0.5340 0.6599 7.8700 -0.8200 11.9300 -167.0625 -29.6875 2.3125
0.5255 -0.0005 -0.5981 0.6051 6.2700 -6.6400 1.6900 -135.8125 -17.3125 20.7500
0.5043 -0.0461 -0.6601 0.5549 5.0600 -8.9200 -3.2400 -13.0625 -72.1250 -46.3125
0.4827 -0.0150 -0.6895 0.5397 5.9100 -11.2600 -4.4700 110.0000 10.3125 -21.2500
0.4959 0.0288 -0.6432 0.5826 7.3200 -7.1000 1.0700 85.6875 36.2500 -12.0625
0.5200 0.0569 -0.5880 0.6169 4.4100 -8.4900 -1.6200 215.4375 56.6250 -80.5625
0.5604 0.1359 -0.4733 0.6660 31.4300 1.5700 25.7600 -141.6250 -11.4375 34.7500
0.5383 0.0870 -0.5567 0.6266 -7.7000 -2.4600 2.1100 162.0000 -21.5000 -164.5000
0.5690 0.1371 -0.5224 0.6202 5.4300 -5.5500 0.0300 10.3750 -16.6250 -112.2500
0.6131 0.2041 -0.5115 0.5663 3.0400 -1.1100 3.7900 39.0625 -106.5625 -270.1875
0.6664 0.3676 -0.4750 0.4418 8.3900 2.0300 1.6900 59.8750 -41.6250 -204.1250
0.6847 0.4769 -0.4301 0.3446 4.9200 4.0000 -3.3100 57.6875 -51.1250 -265.0000
0.6863 0.6001 -0.3522 0.2117 -1.3500 -0.0100 -0.0100 0.0000 0.0000 0.0000
0.6516 0.6921 -0.2925 0.1042 15.5600 16.6600 -1.4200 44.6875 -1.5000 73.5000
0.6281 0.6837 -0.3401 0.1498 15.2700 15.4400 -0.5000 1.2500 18.9375 384.5000
0.5607 0.5819 -0.4946 0.3200 9.0700 10.2800 -2.3500 82.5000 82.4375 448.0000
0.4423 0.4318 -0.5885 0.5211 9.6100 -0.1000 -8.6000 303.5000 229.1250 238.5625
0.3335 0.3013 -0.5198 0.7264 1.6600 -1.0800 4.9500 30.5000 282.1875 147.8125
0.3100 0.0950 -0.4641 0.8243 0.2400 -4.9100 2.5100 7.7500 124.8125 120.3125
-0.6370 0.3959 -0.1984 0.6310 2.4400 -2.7100 3.2300 -54.0000 68.0000 95.3750
-0.6412 0.3818 -0.2675 0.6095 -1.4300 -7.1200 3.5400 -86.8125 16.6250 23.7500
-0.6253 0.4029 -0.3158 0.5891 -0.3000 -12.2000 3.5600 -25.1875 -7.0000 -16.5000
-0.6152 0.4206 -0.3242 0.5827 1.0600 -10.2100 4.6800 5.3125 -4.1250 -17.3125
-0.6117 0.4254 -0.3163 0.5872 1.8500 -8.4600 4.5400 13.4375 -9.0000 -10.1250
-0.6122 0.4263 -0.3018 0.5936 1.7900 -8.1000 4.1900 9.0000 -3.5000 -10.8750
-0.6107 0.4283 -0.2905 0.5994 0.4200 -7.8200 3.7700 9.8125 -49.2500 -33.1875
-0.6031 0.4536 -0.2558 0.6042 -0.9100 -6.3500 4.0800 -54.8125 -70.0625 -157.3125
;
-0.5291 0.5337 -0.1990 0.6290 2.8000 -4.9900 2.0000 -129.3750 -61.7500 -302.7500
-0.3415 0.6368 -0.0959 0.6845 2.8400 -3.8600 0.2300 -37.4375 -10.1875 -524.6875
-0.0786 0.6567 0.1103 0.7419 8.9500 4.0000 -1.8700 -25.4375 8.7500 -405.9375
0.1386 0.5983 0.2955 0.7318 8.8000 16.3400 2.6200 120.0000 32.1250 -372.0000
0.2706 0.5022 0.4780 0.6678 5.3700 9.3900 -2.9000 115.6875 6.6250 -97.1250
0.2952 0.4788 0.5580 0.6101 5.5600 17.9700 1.6900 29.6250 -22.6250 21.0000
0.2824 0.5046 0.5628 0.5906 5.9100 14.6600 -1.9700 -26.1250 -0.9375 127.2500
0.2448 0.5400 0.4995 0.6316 7.9200 15.0200 0.6600 -155.4375 -1.1875 312.3125
0.1586 0.6090 0.3221 0.7073 10.7600 11.0800 -0.7700 -105.7500 19.0000 407.9375
-0.0231 0.6478 0.0714 0.7581 5.7200 1.8500 -5.8900 -46.2500 105.3750 344.3125
-0.1745 0.5914 -0.1133 0.7791 1.4800 -3.9000 -4.6300 57.2500 98.1250 233.1875
-0.2952 0.5072 -0.1865 0.7879 -1.3000 -6.0100 -1.5000 237.3125 87.5625 -17.0625
-0.3726 0.5380 -0.1644 0.7380 7.6500 -2.3500 2.0900 -6.0625 48.6875 33.1875
-0.3663 0.4885 -0.1635 0.7748 10.1500 -0.6300 12.0900 -157.8750 -10.5625 26.6875
-0.3383 0.5179 -0.2366 0.7493 7.1600 -7.6000 1.1400 -131.3125 -7.7500 94.3125
-0.3393 0.5343 -0.3217 0.7042 2.7800 -11.1000 -2.9900 -17.0000 8.7500 29.1250
-0.3477 0.5232 -0.3431 0.6984 2.4300 -10.0200 -1.3400 103.5625 22.0625 -35.1875
-0.3583 0.4872 -0.2734 0.7480 0.1400 -10.3800 -6.3600 -221.0625 -566.0000 209.0000
-0.3600 0.5165 -0.2606 0.7319 5.6100 -3.9300 1.3200 51.0625 17.4375 -23.5625
-0.3455 0.4831 -0.2154 0.7752 11.8400 -0.3000 14.0900 -67.5000 4.8125 -94.6875
-0.2718 0.4927 -0.1520 0.8126 -0.9100 -3.6900 2.0400 66.0000 -37.9375 -305.1875
-0.1205 0.5175 0.0062 0.8472 -1.0500 3.0100 1.1400 130.8125 -33.4375 -456.8125
0.0000 0.0000 0.0000 0.0000 12.3700 12.1000 0.1100 0.0000 0.0000 0.0000
0.0000 0.0000 0.0000 0.0000 20.6800 14.5500 -0.0100 56.9375 -222.3750 61.8125
0.2252 0.5999 0.3380 0.6893 0.0000 0.0000 0.0000 0.0000 0.0000 0.0000
0.1592 0.6538 0.3024 0.6750 16.5200 12.8300 1.4700 106.1250 -57.3125 358.8750
-0.0341 0.7339 0.1780 0.6546 11.9700 7.1400 -2.4900 116.2500 84.2500 390.2500
-0.2947 0.7158 0.0144 0.6329 6.6700 0.7600 -4.9400 284.2500 115.5625 285.6875
-0.5245 0.5790 -0.0690 0.6204 -2.0000 -1.9500 -0.5200 135.8750 194.4375 231.6875
-0.6262 0.4420 -0.1859 0.6148 -3.3500 -2.9400 1.9500 -51.0625 98.5625 49.3125
-0.6133 0.4210 -0.2711 0.6108 2.9300 -11.6800 1.5200 -69.3125 -6.5625 48.5000
-0.5991 0.4446 -0.3096 0.5895 1.1000 -12.7400 2.9700 -17.4375 -4.0625 -5.8125
-0.5928 0.4562 -0.3113 0.5862 1.4000 -8.7200 4.6500 4.9375 -16.6250 -35.1875
-0.5878 0.4661 -0.2945 0.5920 2.5000 -8.8600 4.1300 10.6875 -21.1250 -30.1875
;
-0.5800 0.4797 -0.2665 0.6020 -0.6500 -7.9200 3.4400 -7.0000 -122.2500 -197.6875
-0.4976 0.5637 -0.1510 0.6417 -1.3600 -2.0000 1.4700 -141.3125 -107.0625 -494.6875
-0.1880 0.6708 0.0499 0.7156 6.1500 4.3800 -2.2600 -94.1250 -33.8750 -521.3750
0.1019 0.6288 0.2538 0.7278 3.0400 10.9400 -4.9500 124.7500 31.8125 -492.6250
0.2706 0.5130 0.4816 0.6570 7.7100 13.2200 -0.3200 81.3750 -6.6875 -76.1875
0.2784 0.5094 0.5410 0.6085 7.3500 16.6600 1.9500 47.0625 -30.4375 73.9375
0.2480 0.5570 0.5209 0.5974 7.8800 13.8900 -0.8500 -29.8125 -4.5000 148.3750
0.2043 0.6053 0.4419 0.6297 8.9900 12.5200 -1.3500 -49.4375 -52.3125 262.5625
0.1149 0.6931 0.2881 0.6507 17.3400 11.6900 -2.3100 -84.1875 71.8750 479.5625
-0.0790 0.7208 0.0090 0.6885 6.8500 3.1700 -2.5500 -16.8750 123.0625 431.8750
-0.2517 0.6356 -0.2079 0.6996 0.2200 -5.7300 -6.3100 132.0000 137.8750 197.5000
-0.3447 0.5087 -0.2645 0.7432 -5.5300 -6.3500 -3.8200 296.0625 142.3750 -104.3750
-0.4138 0.5471 -0.1894 0.7026 2.2600 -1.2100 3.6300 -42.1250 0.9375 50.4375
-0.3901 0.5004 -0.2224 0.7402 6.0700 0.1100 13.1200 -167.6250 -42.0000 29.5000
-0.3593 0.5450 -0.2876 0.7009 8.7300 -5.9100 2.8500 -149.3125 -21.2500 55.0625
-0.3267 0.5880 -0.3718 0.6398 4.7400 -12.0600 -4.7500 -82.8750 21.6250 12.4375
-0.3025 0.5862 -0.4036 0.6340 3.7600 -8.7700 -0.4200 113.7500 -17.4375 -26.8125
-0.3298 0.5728 -0.3538 0.6618 7.4900 -9.6200 -2.8000 215.8750 78.9375 -92.6250
-0.3441 0.5050 -0.2349 0.7559 -32.0200 32.6900 31.6600 -435.5000 -271.1875 136.1250
-0.3266 0.5831 -0.2685 0.6937 6.0200 -5.0400 4.1700 185.0625 216.5000 -85.6250
-0.2988 0.5212 -0.1611 0.7830 -0.0300 -3.1000 2.0800 2.4375 -6.5625 -215.3125
-0.1807 0.5415 -0.0754 0.8176 0.6400 2.0200 -1.2800 126.8750 -77.9375 -397.3750
-0.0078 0.5719 0.1245 0.8108 6.4500 7.1000 -4.5000 139.1250 -52.5000 -394.6250
0.1464 0.5687 0.3503 0.7297 7.0900 13.7500 -1.7400 120.0000 -109.0000 -126.5000
0.1722 0.5901 0.4401 0.6546 9.4200 12.9000 0.2100 23.3750 -28.6250 -9.9375
0.1619 0.6110 0.4459 0.6337 12.1800 14.9400 4.0100 -20.1875 -53.2500 257.3750
0.0721 0.6949 0.3350 0.6322 14.9800 10.7100 -0.3700 36.7500 -33.7500 437.4375
-0.1384 0.7818 0.1404 0.5916 7.1900 6.3100 -6.0800 0.0000 0.0000 0.0000
-0.4431 0.7021 0.0190 0.5572 3.8300 2.0700 8.4700 19.5000 225.9375 323.7500
-0.5892 0.5829 -0.1573 0.5370 -1.3800 -5.0000 3.2500 -0.5625 49.2500 95.7500
-0.6157 0.5361 -0.2364 0.5270 0.3100 -8.4700 2.1800 -27.4375 14.8125 95.0625
-0.6296 0.5233 -0.2912 0.4949 3.5100 -8.0800 3.1600 -31.7500 20.6250 34.1250
-0.6235 0.5261 -0.3151 0.4851 1.5500 -8.9300 3.5200 -9.1875 -15.6250 -26.3125
-0.6185 0.5388 -0.3098 0.4808 1.6500 -8.9100 4.0400 -16.9375 -50.2500 -41.5000
;
