0.6882 0.7250 0.0296 -0.0004 -0.4600 8.9800 -0.3700 0.0000 0.7500 -0.3750
0.6884 0.7248 0.0299 -0.0005 -0.4800 8.9700 -0.4000 0.5000 -0.8750 0.9375
0.6884 0.7247 0.0292 -0.0007 -0.4100 9.0900 -0.3800 0.3125 -2.0000 3.6250
0.6884 0.7249 0.0273 0.0002 -0.3200 10.4000 -0.4700 9.5000 -21.0000 25.6250
0.6903 0.7235 0.0020 -0.0020 3.4000 18.0300 -0.0500 24.0625 -178.5625 226.0000
0.6798 0.7033 -0.2057 0.0304 5.4100 28.1500 9.6400 -415.0000 -151.0625 623.2500
0.7589 0.3503 -0.5287 0.1477 -2.6600 5.7500 -16.5400 -270.3750 -185.1250 544.8750
0.6224 -0.0718 -0.7517 0.2059 1.9700 -2.9200 1.9100 -144.6250 -289.5000 171.4375
0.4536 -0.1233 -0.8534 0.2255 14.5000 -4.1900 2.0300 -22.1875 -88.5625 77.3125
0.3591 -0.1272 -0.8958 0.2293 8.3800 -6.3300 -9.4700 -1.5000 -116.9375 -25.6875
0.3157 -0.0881 -0.9097 0.2549 8.2800 2.5300 -39.2200 1181.7500 518.9375 -8.4375
0.4712 0.0165 -0.6451 0.6013 16.6700 -16.4700 -6.2100 99.3750 -193.9375 4.4375
0.4310 0.0936 -0.6753 0.5912 4.1100 -1.4400 -2.7900 -559.1250 -194.4375 -32.5625
0.3708 0.0098 -0.8762 0.3079 12.7200 -7.9600 -33.1000 337.0000 265.6875 109.6250
0.5199 0.0569 -0.6514 0.5496 12.5400 -37.7200 -39.2200 85.9375 115.2500 -65.0625
0.4727 0.2040 -0.6306 0.5808 19.4100 7.6300 32.9100 -331.7500 123.2500 -4.0625
0.5892 0.1285 -0.6509 0.4611 10.4500 -8.7100 -18.8100 87.0625 -70.5000 -144.2500
0.5868 0.2187 -0.6646 0.4077 14.7800 -3.4100 -13.7900 317.0625 32.8125 -28.1250
0.5429 0.3588 -0.5378 0.5360 4.2500 2.3700 4.0500 159.5000 82.4375 -132.9375
0.5608 0.4527 -0.3852 0.5764 8.9600 10.8200 5.7800 211.2500 57.1875 -16.2500
0.5437 0.4979 -0.2686 0.6199 5.2400 7.8900 8.7400 -118.5625 -20.1875 -65.7500
0.6052 0.4775 -0.3007 0.5615 12.0900 2.1200 -0.2100 -98.4375 -7.2500 -66.1875
0.6530 0.4418 -0.3400 0.5127 12.0200 0.7300 5.5600 -263.3125 53.1875 63.3750
0.6945 0.3278 -0.4208 0.4828 10.1600 -0.5000 -3.6500 829.8125 479.9375 123.8125
0.5766 0.3979 -0.1637 0.6945 7.2600 8.2900 13.3200 243.6250 153.8125 155.5000
0.4659 0.4260 -0.0615 0.7730 -5.7700 2.9000 11.0600 -147.1250 -177.5000 -87.8750
0.5306 0.4647 -0.1569 0.6912 -7.4400 0.8900 5.1000 -352.1875 -241.6875 -260.6250
0.7012 0.4749 -0.2998 0.4393 5.2000 7.0000 -16.7000 -25.2500 -70.1875 -484.5625
0.7751 0.5781 -0.1831 0.1776 3.5200 21.1500 -4.9200 214.3125 57.3750 -158.6875
0.7349 0.6703 -0.0012 0.1030 3.0400 14.8000 -4.7300 121.5000 10.8750 -99.0625
0.7050 0.6840 0.1403 0.1244 -1.5600 12.3300 2.3700 -57.8125 -235.0625 70.0625
;
0.7258 0.6805 0.0484 0.0886 -0.3500 5.6400 -0.8100 60.6875 11.4375 1.1875
0.7052 0.7007 0.0642 0.0875 1.2700 12.8500 1.5200 -14.4375 -18.4375 0.5000
0.7080 0.6978 0.0694 0.0838 -0.3200 8.4300 0.3700 0.6875 0.5625 2.8750
0.7072 0.6986 0.0685 0.0851 0.0200 9.3500 -0.0800 3.1875 -8.9375 7.0625
0.7056 0.7006 0.0634 0.0855 0.3900 9.1200 -0.1300 3.3125 -1.3750 1.5625
0.2954 0.3162 0.6309 0.6440 0.3400 10.6300 0.5500 -45.8125 -106.0000 57.0000
0.3289 0.3812 0.5677 0.6514 14.8600 30.2500 16.3200 -370.4375 -227.0000 406.1250
0.3146 0.5016 0.2197 0.7753 4.8300 24.1000 0.6200 -710.2500 -272.8750 628.9375
0.1790 0.5175 -0.3576 0.7565 -3.4400 -2.1500 -10.7400 -92.1250 -220.0625 264.8750
-0.0032 0.5082 -0.5507 0.6622 2.0800 -5.8800 -1.4500 -47.2500 -192.7500 77.8750
-0.0912 0.5734 -0.5834 0.5679 3.0700 -8.4300 -12.2300 172.0000 -82.3125 -33.3750
-0.2251 0.5194 -0.4041 0.7186 -29.9000 39.2200 21.9600 118.0000 -110.1250 -94.3125
-0.3307 0.4692 -0.2609 0.7762 13.9400 2.8200 20.9900 -489.0625 61.1250 196.8750
-0.2536 0.5145 -0.4777 0.6655 4.8000 -6.3900 -17.0100 -190.8125 -126.8750 -1.3750
-0.2159 0.5333 -0.5637 0.5926 -10.1300 -8.4900 -39.2200 1478.5625 424.3125 -185.9375
-0.3324 0.3806 -0.2698 0.8196 5.5900 1.2600 18.3900 -58.3750 45.5625 -154.9375
-0.2468 0.4426 -0.3280 0.7972 6.0000 -8.0500 -4.9100 -205.6250 31.5625 -118.6250
-0.1132 0.4912 -0.4007 0.7651 18.6700 -7.9500 -6.5600 4.0625 -40.8750 -178.3125
-0.0294 0.5829 -0.3123 0.7496 23.9600 -3.4400 -20.5600 254.3750 110.0625 -84.1250
-0.0485 0.5381 -0.1378 0.8301 6.0600 5.8600 -3.9500 389.7500 137.6875 -53.6250
-0.1551 0.4274 0.0869 0.8864 3.5200 8.1500 4.4300 119.3750 141.0625 25.4375
-0.1998 0.3107 0.1719 0.9132 0.0000 0.0000 0.0000 -400.1875 -509.8125 64.9375
-0.1227 0.3564 0.1143 0.9192 9.2300 0.2200 -0.5900 -223.3125 -142.1875 10.2500
-0.0524 0.4424 0.0033 0.8953 12.0300 1.5500 3.4200 -93.8750 52.2500 0.8750
-0.0309 0.4262 -0.0478 0.9028 10.8800 -2.0700 -0.3200 133.6875 162.1875 176.8125
-0.1343 0.3495 -0.0505 0.9259 5.7700 -0.4500 5.2900 187.3125 86.2500 -32.3125
-0.1660 0.2587 0.0598 0.9497 4.2700 4.6900 13.8700 0.0000 0.0000 0.0000
-0.2183 0.2367 0.0471 0.9456 -3.0400 -2.0300 6.3600 -130.8750 1.0000 187.5625
-0.2908 0.2734 -0.0510 0.9155 -5.7300 -4.6300 2.6400 -162.1250 -156.6250 -166.5625
0.0000 0.0000 0.0000 0.0000 8.5900 11.3800 -8.0300 -190.9375 29.5625 -578.3125
0.2350 0.3989 0.0682 0.8838 15.5600 24.7400 9.1400 80.3750 127.3125 -271.4375
0.3801 0.2850 0.2252 0.8506 3.9800 9.5900 1.2200 2.0625 52.5625 -51.5000
0.4026 0.2445 0.2623 0.8422 -5.6600 32.6400 32.3400 -104.6250 -1076.8125 425.7500
0.4208 0.4166 0.2175 0.7759 3.5700 9.5000 4.3000 54.1875 102.9375 -40.8750
;
