0.9551 0.2551 0.1503 -0.0025 -2.6600 4.7200 8.0300 0.9375 5.2500 -0.5000
0.9547 0.2555 0.1530 -0.0018 -2.8100 4.7800 8.0500 0.0000 4.3750 -0.2500
0.9542 0.2555 0.1555 -0.0012 -2.8900 4.7500 8.0600 0.0000 2.5625 -0.5000
0.9539 0.2555 0.1576 -0.0007 -2.8800 4.7100 8.0500 0.4375 2.3125 -0.6875
0.9536 0.2557 0.1588 -0.0008 -3.6500 5.9600 8.4100 83.6250 -183.5000 74.5625
0.9331 0.3569 0.0420 0.0101 -3.4000 18.2500 27.0900 -274.3125 -434.8125 306.7500
0.9265 0.2350 -0.2767 0.0994 6.9400 10.1900 10.2000 -225.3125 -464.1875 420.0000
0.7559 0.0085 -0.5986 0.2650 4.4100 0.3900 -1.9400 15.1875 -168.8125 324.7500
0.6052 -0.1010 -0.6724 0.4140 2.6400 -2.2900 -2.3800 80.6875 -82.8125 227.1875
0.5092 -0.1437 -0.6540 0.5406 2.2400 -4.4200 -1.2200 236.1250 32.4375 126.1250
0.5049 -0.1168 -0.4920 0.6996 -10.2700 6.2500 39.6600 106.9375 -129.8125 -17.1250
0.4659 -0.0732 -0.5294 0.7053 -1.0500 -3.7800 14.5500 -303.6250 -128.8750 -6.8750
0.4196 -0.1017 -0.6483 0.6271 12.9800 -10.8900 -14.2800 164.5625 65.3125 107.1875
0.4211 -0.1080 -0.5848 0.6848 2.2800 4.5800 30.0400 137.8750 -437.5625 47.0000
0.4479 -0.1093 -0.5462 0.6993 -2.6900 -3.7900 16.8700 -100.5000 89.1875 -114.0625
0.5666 -0.1764 -0.5043 0.6273 -3.2300 -6.7200 -3.0900 10.0000 549.5625 -300.0000
0.8432 -0.2592 -0.2867 0.3737 -6.7600 1.8100 0.8200 247.4375 539.8125 -412.8125
0.9856 -0.1532 0.0060 0.0714 -0.2900 7.6500 11.2200 229.6875 180.0625 -101.6250
0.9893 0.0168 0.1378 -0.0462 -3.6300 7.0700 16.7700 0.0000 0.0000 0.0000
0.9789 0.1146 0.1589 -0.0573 -2.6200 3.8200 10.4200 121.3750 -4.8125 34.4375
0.9472 0.1735 0.1815 0.1993 -12.5200 0.5300 3.0500 94.5000 -423.6250 29.7500
0.9708 0.1620 0.0641 0.1648 -0.5800 6.8700 19.9100 -44.3125 -374.8125 70.7500
0.9542 0.1627 -0.1634 0.1905 7.7400 7.4300 13.9100 -125.1875 -412.1875 302.3125
0.8291 0.0986 -0.4506 0.3159 9.8200 3.1400 1.3400 75.3750 -358.8750 377.1250
0.5936 0.0708 -0.6306 0.4951 2.5200 1.5700 1.2700 42.0625 -50.4375 305.5000
0.4549 -0.0256 -0.6288 0.6301 -4.1600 -3.9500 0.2700 113.3125 -61.1250 149.7500
0.3671 -0.0438 -0.5447 0.7528 -0.2400 -1.8700 0.1800 -305.0625 -789.0625 16.1250
0.2662 0.0740 -0.5573 0.7830 3.6600 -7.5900 7.4300 128.0625 284.2500 13.0625
0.3087 0.0151 -0.5769 0.7560 2.7000 -8.2100 -5.9200 -200.8750 -202.6875 -91.5625
0.2657 0.0575 -0.6761 0.6848 0.1300 -9.8100 -12.1400 368.6875 187.9375 41.4375
0.2977 0.0073 -0.5333 0.7918 1.3700 -11.4400 -18.6400 37.0000 52.4375 -37.6875
0.3401 -0.0236 -0.4899 0.8024 -2.1600 -6.6600 7.9300 -88.1875 97.5000 -110.8125
0.4608 -0.0926 -0.4812 0.7399 -2.8000 -5.7500 0.4500 40.0000 420.1250 -313.4375
0.7300 -0.1714 -0.3204 0.5789 -1.0400 -0.1900 2.7100 153.4375 274.3750 -290.7500
0.8843 -0.1215 -0.1575 0.4224 1.9500 3.3600 2.0600 317.8125 256.7500 -159.2500
0.9440 0.0235 0.0496 0.3255 0.0400 8.5200 13.1400 185.7500 168.1250 -34.8750
0.9241 0.1304 0.1784 0.3116 -5.7400 6.0600 12.1000 126.0625 39.0625 12.3125
0.8719 0.2073 0.3126 0.3148 -20.2600 14.6400 23.4600 186.3750 -532.8125 133.8750
0.8760 0.2114 0.3020 0.3112 -6.9700 14.6800 22.1000 -149.6250 -341.3750 167.5000
0.8971 0.1771 0.0764 0.3975 0.6500 10.8100 14.9700 -343.0625 -40.2500 84.6250
0.8932 -0.0162 -0.0534 0.4463 -0.7700 6.9100 7.6000 -381.6875 42.3125 48.4375
0.8451 -0.2573 -0.1385 0.4478 -0.9200 2.3700 0.8100 -359.3125 114.4375 47.3125
0.7539 -0.4808 -0.1812 0.4094 -6.6500 -2.8200 -3.3100 -284.8125 -21.3125 -64.8125
0.6511 -0.6202 -0.2788 0.3371 4.6800 -8.3200 -4.2400 -116.6875 65.0000 -34.1250
0.6163 -0.6711 -0.2993 0.2831 3.8400 -10.8700 -5.2800 -34.2500 -93.6875 13.3125
0.5938 -0.6638 -0.3203 0.3228 4.5700 -9.4200 -5.1300 137.6875 -34.6875 96.5625
0.6312 -0.6085 -0.2527 0.4091 2.3600 -4.2100 1.2700 196.3125 -56.4375 158.7500
0.6603 -0.5225 -0.1443 0.5198 1.3200 0.4400 1.8000 245.6875 -70.3750 188.3750
0.6578 -0.3759 -0.0063 0.6526 0.2600 6.2400 2.7400 300.2500 -51.7500 193.7500
0.6262 -0.2103 0.1273 0.7399 -0.5200 9.2700 5.8000 282.6250 -7.8750 183.9375
0.5533 -0.0771 0.2708 0.7840 -7.1000 11.6500 8.3800 268.4375 111.3125 188.6250
0.4565 -0.0154 0.4137 0.7875 -5.2400 12.0700 16.7800 -8.1875 -36.0000 13.8750
0.4709 0.0291 0.3933 0.7891 -5.6100 10.0500 13.7500 -32.6250 -40.4375 -23.6875
0.4987 0.0348 0.3641 0.7859 -10.3700 8.0300 9.7200 -25.7500 -117.6250 -113.1875
;
