0.7433 -0.1288 -0.4482 -0.4796 7.4300 2.3900 5.5300 6.3750 4.5000 0.8125
0.7453 -0.1249 -0.4470 -0.4786 7.2500 2.5000 5.7000 6.3125 -1.1250 5.3750
0.7476 -0.1229 -0.4482 -0.4744 7.4300 2.4400 5.6700 0.9375 -6.2500 11.5000
0.7482 -0.1288 -0.4512 -0.4691 8.2600 3.4800 6.7000 -14.5000 -73.6250 32.0625
0.7329 -0.1791 -0.4835 -0.4439 15.4600 0.6700 5.7100 -19.5000 -127.1875 135.0000
0.7266 -0.2721 -0.5173 -0.3612 11.0000 2.3900 9.2200 -273.4375 -79.9375 182.5000
0.6201 -0.5212 -0.4805 -0.3362 -2.3000 1.7800 -8.1700 -187.3750 -429.4375 -6.8750
0.3602 -0.7100 -0.5474 -0.2579 2.4400 -3.3800 -4.6300 59.1875 -95.0625 9.8125
0.3742 -0.7070 -0.5701 -0.1872 8.1300 -1.5600 -5.9300 267.7500 25.4375 74.3125
0.5322 -0.6449 -0.5474 -0.0357 2.0700 6.8600 -16.8000 -90.1875 -139.2500 -114.1875
0.6556 -0.5499 -0.5098 0.0891 3.1900 -4.5200 13.9400 -219.5000 -235.2500 -218.4375
0.5498 -0.6116 -0.5669 -0.0487 2.3900 -1.6900 -10.7100 -280.6875 -204.8750 -146.6875
0.3967 -0.6558 -0.6357 -0.0914 15.2500 6.3400 -38.7700 960.8125 276.3125 344.3125
0.6908 -0.5776 -0.4349 0.0019 13.8200 -5.5200 0.7600 173.9375 312.1875 -36.8125
0.7619 -0.5003 -0.4113 0.0073 12.4600 -3.4100 4.8400 -247.2500 390.7500 -210.8125
0.7784 -0.5126 -0.2529 -0.2595 9.8100 -7.6200 -1.8900 78.1875 616.4375 -56.5625
0.8172 -0.3200 0.0673 -0.4745 7.7000 -2.2700 8.8400 207.6250 406.2500 -72.5000
0.7854 -0.0822 0.1931 -0.5823 -7.9000 -7.5200 5.8100 270.2500 335.8125 -78.2500
0.7308 0.1066 0.2495 -0.6264 -7.5400 -4.7300 6.9500 -17.3750 46.5000 -20.8750
0.7233 0.1138 0.2790 -0.6213 -7.7100 -3.3100 7.0500 3.5000 -12.6875 -0.7500
0.7317 0.1089 0.2700 -0.6163 -4.8600 -4.5000 8.2900 -11.6875 -46.0625 31.2500
0.7508 0.0912 0.2505 -0.6044 -5.5800 -10.2800 6.7500 7.6875 -15.8125 17.5625
0.7742 0.0290 0.2641 -0.5745 -36.4800 12.3400 8.6800 -1271.1875 -544.4375 -927.9375
0.5327 -0.5218 0.2547 -0.6157 14.5900 -2.9700 7.1400 79.0625 182.6875 169.4375
0.5787 -0.4446 0.2943 -0.6171 -0.3700 -7.0900 7.1200 11.8750 -51.9375 -47.7500
0.5829 -0.4486 0.2648 -0.6235 0.7700 -9.5800 4.8900 51.4375 8.2500 -6.0000
0.5917 -0.4279 0.2490 -0.6362 3.9800 -6.8400 6.7000 277.8125 -156.3125 58.5000
0.7397 -0.3490 0.0689 -0.5712 0.3000 3.1100 7.7500 403.1875 -278.0625 466.5625
0.9179 -0.2608 -0.1431 -0.2625 -3.6100 -6.3900 5.3300 12.1875 -380.6875 302.0625
0.9007 -0.3191 -0.2948 -0.0029 5.0700 -5.6700 8.5500 -2.0625 -92.8125 185.1875
0.8558 -0.3793 -0.3164 0.1538 2.1900 -9.2900 9.0700 -198.8750 -69.5000 138.9375
0.7687 -0.4941 -0.3398 0.2225 3.1900 -16.4300 2.9200 7.3125 43.1250 -19.9375
0.7617 -0.5076 -0.3355 0.2228 0.2700 -6.6600 8.4000 -29.6875 28.6250 -69.1250
0.7651 -0.5054 -0.3488 0.1937 6.2200 -12.5100 9.2700 -224.3125 44.5000 -156.6250
0.6273 -0.6030 -0.4817 0.1041 -6.9300 16.5000 -12.0600 -555.6875 -614.1250 -317.1250
0.2101 -0.6938 -0.6849 -0.0734 -0.5200 3.7000 -7.9700 111.6875 -22.2500 136.6875
0.2646 -0.7300 -0.6293 -0.0300 2.2200 -0.6900 -7.1100 74.4375 35.9375 9.6875
0.3103 -0.7191 -0.6217 -0.0109 1.4500 -3.7700 -0.4100 25.1250 2.3750 -10.0000
0.3347 -0.7064 -0.6237 -0.0093 3.3400 -4.4000 -5.4500 18.8750 9.1250 -29.0000
0.3464 -0.6935 -0.6317 -0.0113 3.8800 -1.2900 -9.4200 190.9375 169.9375 5.6250
0.4877 -0.6417 -0.5917 -0.0178 4.2400 4.8100 -2.2200 229.6875 135.6250 -139.4375
0.6731 -0.4935 -0.5491 -0.0428 6.7900 -6.8300 -1.4600 243.2500 172.3750 79.0000
0.7902 -0.4111 -0.4542 0.0129 -2.0500 -10.3200 10.9900 14.3125 -149.6250 -45.2500
0.7589 -0.3887 -0.5222 0.0208 11.4500 -11.6600 -0.0800 -56.9375 -80.5625 -58.5625
0.7002 -0.4034 -0.5885 -0.0258 21.0000 -7.0300 3.1200 -128.1250 -84.2500 61.6250
;
0.6791 -0.4291 -0.5950 -0.0268 4.6300 -3.5800 2.6000 2.1250 -7.8750 -9.9375
0.6902 -0.4132 -0.5938 -0.0198 9.1100 -5.1500 -0.3900 2.6250 -18.3125 10.1250
0.6840 -0.4173 -0.5982 -0.0077 7.4800 -5.4300 -0.0400 -14.1875 -18.3125 6.0625
0.6774 -0.4249 -0.6005 0.0010 8.7900 -6.8100 0.6200 -49.6250 -17.5000 -19.6250
0.6072 -0.4796 -0.6305 -0.0612 24.5700 -3.1400 -16.9600 -439.7500 42.3125 155.0625
0.3841 -0.7033 -0.5614 -0.2065 7.9900 -3.3800 -11.9500 -80.2500 -200.6250 1.1875
0.2518 -0.7473 -0.5898 -0.1741 0.7500 -0.8200 -5.7700 27.1250 -91.5000 -100.1875
0.2360 -0.7195 -0.6388 -0.1363 7.9800 0.0800 -11.9200 266.2500 36.8750 127.6875
0.4616 -0.6922 -0.5534 0.0381 -13.6000 17.7400 -18.4900 -673.6250 268.6250 -364.3750
0.6590 -0.5603 -0.4830 0.1359 -1.0600 -3.6400 20.2700 -391.1875 -238.4375 -29.7500
0.5057 -0.6721 -0.5408 -0.0046 -0.7400 0.0500 -18.7800 -232.8125 -147.3750 -273.5625
0.3434 -0.6676 -0.6558 -0.0785 6.2000 4.4200 -38.7600 907.7500 348.0625 353.0625
0.7091 -0.5861 -0.3918 0.0090 -3.2600 -7.6000 6.3300 67.5625 -63.3750 17.8125
0.7191 -0.5604 -0.4022 0.0838 2.8000 -8.7300 -0.1500 108.8125 82.2500 -2.1875
0.7892 -0.5052 -0.3445 0.0561 4.5400 -4.9900 7.7100 6.7500 309.6250 -213.3750
0.8481 -0.4584 -0.2067 -0.1671 10.9000 -7.7500 -4.8300 158.5000 716.9375 -156.5625
0.8491 -0.1744 0.1425 -0.4778 2.1300 -8.3100 3.7000 390.4375 721.1875 -213.6250
0.7363 0.1467 0.2972 -0.5899 -8.1800 -2.4000 8.6400 9.7500 27.7500 12.2500
0.7306 0.1770 0.3130 -0.5804 -8.4800 -3.1600 7.1400 7.2500 7.0000 26.0625
0.7401 0.1833 0.3105 -0.5677 -7.6400 -3.5300 8.3000 -16.2500 -33.2500 12.2500
0.7483 0.1665 0.3007 -0.5674 -8.4300 -8.0500 7.6200 -27.3125 -60.5000 29.3125
0.7728 0.0840 0.3015 -0.5522 -36.1300 1.1100 19.0600 -1282.1875 -531.2500 -845.7500
0.5840 -0.5057 0.2972 -0.5610 20.2400 -5.2500 21.3000 -102.9375 92.6250 132.6250
0.5698 -0.4745 0.3540 -0.5700 0.2100 -8.1500 14.6200 82.3750 11.1875 -36.4375
0.5811 -0.4520 0.3243 -0.5940 4.5100 -6.5500 0.8400 68.0625 70.7500 32.4375
0.5947 -0.4269 0.3201 -0.6013 1.1500 -7.0300 1.9600 69.5000 -58.7500 -6.3125
0.6331 -0.4290 0.2514 -0.5933 -4.1700 -4.7600 15.9000 120.4375 -348.1875 76.5000
0.7731 -0.4407 0.0688 -0.4510 1.6700 -2.6000 2.5400 436.1250 -341.7500 318.2500
0.9037 -0.3594 -0.1494 -0.1783 -7.3400 -5.3600 0.2900 -155.6875 -420.0625 163.4375
0.8226 -0.4628 -0.3283 0.0363 18.8900 -5.5500 0.8000 551.6875 111.7500 288.6875
0.8572 -0.3776 -0.2675 0.2260 1.9100 -11.9000 6.1300 -79.6875 11.8750 54.5625
0.8021 -0.4463 -0.2970 0.2632 0.9200 -9.3600 8.4400 -67.0000 -11.9375 -34.6875
0.7740 -0.4766 -0.3206 0.2664 -2.1400 -14.2800 7.5100 94.1250 73.0000 -28.0625
0.8106 -0.4429 -0.2896 0.2509 1.6500 -13.3200 7.8800 -26.6250 -38.5000 -76.1875
0.8231 -0.4221 -0.3234 0.1991 -0.6500 -7.1600 8.7400 -364.9375 -262.8125 -57.0000
0.6320 -0.5786 -0.5109 0.0687 0.8700 11.6200 -14.2700 -773.3125 -314.3750 -188.4375
0.2161 -0.6946 -0.6746 -0.1257 2.0000 4.8600 -9.2500 -44.7500 80.1250 90.6875
0.2162 -0.7353 -0.6310 -0.1199 4.1500 0.2500 -8.2300 59.0000 54.6875 26.4375
0.2546 -0.7354 -0.6203 -0.0986 2.5800 -1.8400 -3.6500 12.4375 -16.7500 -6.7500
0.2657 -0.7315 -0.6218 -0.0877 1.9200 -3.4500 -7.4100 24.3125 6.3750 -17.3125
;
