0.5485 -0.0422 -0.8303 0.0892 5.9500 -2.1400 -1.4900 17.3750 -20.5000 147.5000
0.5229 -0.1191 -0.8314 0.1457 9.2700 -3.6000 -3.5100 -38.6250 -20.1250 141.6250
0.4868 -0.2110 -0.8303 0.1709 5.7300 -5.9700 -4.6500 -66.3125 -37.7500 86.4375
0.4409 -0.2775 -0.8370 0.1675 9.3100 -5.7800 -5.2800 -149.4375 -19.3750 122.8750
0.3889 -0.3795 -0.8294 0.1298 5.4500 -9.7300 -11.6700 22.6250 31.0625 53.2500
0.4109 -0.4224 -0.7939 0.1499 6.9400 -8.7100 -11.3700 102.3125 84.2500 52.9375
0.4763 -0.4286 -0.7428 0.1939 4.3300 -5.6000 -4.4500 149.1250 87.4375 47.3750
0.5565 -0.4180 -0.6705 0.2569 5.0000 -4.0000 0.6200 63.3125 93.1875 131.7500
0.5968 -0.4504 -0.5864 0.3115 5.5000 -6.2100 -1.1000 54.2500 44.8750 122.9375
0.5979 -0.4817 -0.5261 0.3657 -0.2100 -7.3800 0.8500 -6.7500 -30.3125 84.1875
0.5683 -0.5096 -0.4976 0.4120 -0.1000 -9.1500 -1.5000 100.8750 -7.5000 21.7500
0.6207 -0.4459 -0.4510 0.4611 23.0300 -10.3800 21.1100 -26.8125 -47.5000 14.2500
0.6270 -0.3959 -0.4594 0.4890 4.4300 -8.5200 5.7400 -47.4375 77.1250 9.3750
0.6238 -0.4391 -0.4512 0.4631 0.8000 -12.0100 -4.1200 -47.4375 -2.2500 12.1875
0.6462 -0.4185 -0.4344 0.4675 5.4800 -11.1200 -2.3400 8.7500 -41.0625 -0.6250
0.6448 -0.3974 -0.4441 0.4785 1.5900 -4.8500 10.8200 -165.1250 -1.9375 2.5000
0.6052 -0.4550 -0.4877 0.4347 1.5000 -3.8100 4.2400 -245.0000 -71.2500 1.5625
0.5027 -0.5231 -0.5774 0.3744 0.7200 -2.6500 2.1400 -276.0625 -26.0625 0.2500
0.3780 -0.6043 -0.6484 0.2673 -0.6200 -5.0700 -10.6700 -231.8750 -21.3125 -21.9375
0.2712 -0.6470 -0.6923 0.1691 0.3300 -4.9600 -13.3500 -133.3125 8.1875 -28.1875
0.2058 -0.6620 -0.7148 0.0920 1.3800 -5.4600 -14.1500 -82.4375 29.4375 -9.3125
0.1866 -0.6678 -0.7191 0.0469 2.0400 -5.3600 -13.0800 2.9375 11.7500 -19.9375
0.1911 -0.6589 -0.7264 0.0402 3.2000 -4.3000 -8.8200 5.3125 -5.5625 -1.6875
;
0.1926 -0.6555 -0.7289 0.0446 2.1800 -4.5100 -9.9100 14.3750 -11.1250 0.6250
0.1962 -0.6523 -0.7300 0.0555 2.7700 -5.5900 -12.7000 60.1875 -5.5625 -5.2500
0.2261 -0.6374 -0.7310 0.0911 2.2100 -6.4400 -15.0900 160.5625 6.5000 -21.8750
0.2998 -0.5982 -0.7243 0.1662 2.6200 -4.7400 -10.1900 233.5625 24.3750 -14.5625
0.3987 -0.5380 -0.6933 0.2662 2.7800 -4.1200 -3.1200 214.6250 58.9375 -21.3750
0.5067 -0.4693 -0.6317 0.3522 2.9700 -5.5000 0.9800 135.5000 58.7500 5.1250
0.5653 -0.4369 -0.5773 0.3953 1.3500 -8.3500 -0.8600 120.7500 -5.6875 -0.5625
0.6031 -0.3874 -0.5394 0.4418 2.9600 -8.6600 -3.6600 251.2500 51.3750 -19.4375
0.6470 -0.3412 -0.4911 0.4731 2.2300 -7.9400 2.7900 94.8125 -35.7500 -5.8125
0.6371 -0.3313 -0.4970 0.4871 1.2400 -8.9700 1.3300 -162.6875 36.6875 49.0000
-0.3258 0.4065 -0.5087 0.6855 -2.7700 -15.8100 -14.8500 422.0000 68.1875 -125.5000
-0.3361 0.3666 -0.4335 0.7515 1.2300 -6.7500 6.5000 43.6875 1.3125 -26.8750
-0.3267 0.3666 -0.4250 0.7604 2.9700 -3.7900 8.5600 -249.1250 -76.5625 83.0000
-0.3064 0.4258 -0.5494 0.6504 0.8900 -6.7700 -0.1700 -217.9375 -63.4375 -13.6250
-0.2663 0.4883 -0.6245 0.5483 1.1800 -7.3000 -3.9500 -171.3750 -7.8125 3.5625
-0.2182 0.5183 -0.6830 0.4661 -0.4800 -6.9500 -4.9000 -155.8125 -15.1875 -11.1250
-0.1541 0.5437 -0.7285 0.3873 2.2600 -6.2300 -7.2900 -117.3125 89.7500 -52.5000
-0.0646 0.5591 -0.7492 0.3491 3.5800 -5.9300 -11.1000 -90.9375 -5.1250 -38.1250
-0.0187 0.5784 -0.7616 0.2918 3.6100 -5.3800 -10.2000 -87.3125 -34.2500 -4.5625
;
0.0014 0.5878 -0.7711 0.2449 4.0200 -5.7400 -12.5700 1.9375 5.8750 -12.3125
0.0095 0.5936 -0.7672 0.2429 3.8800 -5.5400 -10.6800 23.8125 3.5000 -2.6875
0.0029 0.5945 -0.7631 0.2537 3.4100 -4.8400 -8.6000 24.3125 -5.0000 4.5625
-0.0084 0.5933 -0.7595 0.2668 3.2100 -5.1900 -9.7000 45.6250 13.0625 -3.9375
-0.0189 0.5933 -0.7490 0.2946 3.6100 -6.9700 -12.5300 107.2500 18.7500 -14.6250
-0.0528 0.5848 -0.7236 0.3626 4.5700 -7.3100 -12.2000 195.9375 38.6875 -2.8125
-0.1063 0.5624 -0.6658 0.4786 4.6200 -4.4700 -4.7000 247.1250 102.6250 21.3125
-0.1597 0.5012 -0.5905 0.6121 3.9700 -5.7500 -1.1800 168.5625 51.8750 68.0625
-0.2314 0.4310 -0.5373 0.6870 5.0100 -7.1900 -0.9600 125.1875 17.8125 111.5000
-0.3124 0.3661 -0.4899 0.7269 -4.2600 14.9700 18.7400 -337.3750 110.1875 -30.1875
-0.3140 0.3479 -0.4721 0.7466 2.3100 -6.5200 8.2600 17.8750 2.8750 8.2500
-0.3156 0.3342 -0.4634 0.7576 1.9800 -10.9100 0.6400 -5.3125 -24.1250 1.5625
-0.3156 0.3367 -0.4620 0.7574 5.3900 -9.9500 -0.1500 -55.0625 -45.1250 15.3750
-0.3262 0.3536 -0.4396 0.7585 4.6300 -6.8700 7.0100 -21.5625 62.4375 -8.9375
-0.3069 0.3406 -0.4611 0.7597 2.3500 -6.4600 6.0200 -186.5625 -19.3750 27.4375
-0.2791 0.3796 -0.5501 0.6895 0.6700 -6.0200 3.3100 -192.6875 -56.6875 -15.6875
-0.2343 0.4448 -0.6341 0.5875 2.8900 -6.8500 -3.8600 -191.0000 -4.1875 -12.9375
-0.1740 0.4794 -0.6989 0.5015 2.5200 -5.6700 -4.1800 -175.3750 1.5000 -24.0000
-0.1103 0.5043 -0.7485 0.4164 1.2400 -5.9300 -8.7800 -148.0625 -28.1250 -26.7500
-0.0602 0.5262 -0.7816 0.3295 2.4300 -6.0900 -10.0300 -93.5000 4.3750 -14.1875
;
-0.0255 0.5387 -0.7949 0.2778 2.6900 -5.7300 -12.0400 -57.8750 3.5625 -21.2500
0.0005 0.5499 -0.7985 0.2449 2.7400 -5.4400 -11.6900 -21.2500 -3.7500 -22.0000
0.0174 0.5613 -0.7954 0.2278 3.2800 -4.8000 -10.0300 -20.0625 -4.6875 -8.6250
0.0252 0.5670 -0.7936 0.2190 3.5900 -4.5300 -10.1800 1.8750 -0.5625 -7.5625
0.0237 0.5704 -0.7899 0.2242 3.6300 -4.3400 -9.0900 14.2500 4.8125 -1.8125
0.0187 0.5710 -0.7870 0.2331 3.4400 -4.6400 -9.9100 28.2500 4.6875 0.0000
0.0074 0.5703 -0.7830 0.2482 3.2200 -5.7900 -12.1500 62.6250 -1.4375 1.3750
-0.0195 0.5667 -0.7741 0.2816 3.5600 -6.2600 -13.3400 148.5000 2.2500 1.7500
-0.0742 0.5599 -0.7412 0.3628 3.8400 -5.6900 -9.0000 195.6875 22.7500 -8.5000
-0.1340 0.5425 -0.6866 0.4651 3.4800 -6.3500 -5.8700 196.2500 42.3125 9.8125
-0.1889 0.5034 -0.6258 0.5651 1.8400 -5.5100 -0.8700 178.7500 9.6250 18.1250
-0.2467 0.4597 -0.5617 0.6421 3.1000 -7.2500 -0.4100 145.4375 10.7500 41.5000
-0.3011 0.4125 -0.5048 0.6960 -2.6600 -6.7800 -4.0300 -82.1875 -24.8750 -23.8750
-0.3104 0.4174 -0.4839 0.7039 4.3400 -7.8100 2.9200 106.8750 35.3750 -2.1250
-0.3212 0.3990 -0.4810 0.7115 1.5200 -10.3700 0.0400 -95.8125 -5.2500 37.6250
-0.3199 0.3781 -0.4867 0.7196 16.1600 -1.0600 21.4200 -74.5625 -35.1250 7.3750
-0.3212 0.3773 -0.4390 0.7495 3.7600 -7.0700 7.3900 21.4375 29.3750 -11.8125
-0.3068 0.3663 -0.4575 0.7499 0.4800 -8.3200 2.4100 -168.1250 -57.6875 45.9375
-0.2991 0.4111 -0.5370 0.6732 1.2900 -7.6400 1.6700 -134.9375 -60.5000 -8.5000
-0.2768 0.4651 -0.5878 0.6013 1.0400 -7.3800 -0.4900 -172.3750 -36.3125 -9.9375
-0.2297 0.5128 -0.6506 0.5109 1.6300 -6.3600 -2.7100 -161.8125 8.1875 -31.3750
-0.1642 0.5402 -0.6970 0.4420 1.6300 -6.3800 -6.4800 -148.1875 2.8750 -9.1875
-0.1082 0.5538 -0.7385 0.3692 2.3000 -5.1100 -8.8300 -153.7500 -40.5625 12.1250
-0.0641 0.5660 -0.7749 0.2740 0.8700 -3.7000 -7.6900 -128.4375 -28.2500 1.1250
-0.0293 0.5700 -0.7960 0.2015 1.9300 -4.0600 -12.8900 -63.3750 -3.6250 -6.1250
;
-0.0047 0.5756 -0.8005 0.1668 2.5000 -4.1000 -10.5100 -5.5000 10.8125 -12.5000
0.0043 0.5817 -0.7962 0.1666 2.9100 -3.7300 -10.5200 7.2500 13.0625 -8.0625
0.0071 0.5855 -0.7913 0.1760 2.4100 -3.9600 -10.6900 20.8125 6.3750 -7.5625
0.0025 0.5898 -0.7845 0.1918 2.4900 -3.5700 -8.7500 25.6250 0.4375 -8.6875
-0.0056 0.5929 -0.7783 0.2067 2.3600 -4.3900 -9.9100 32.9375 -0.3125 -0.9375
-0.0185 0.5905 -0.7747 0.2256 2.6800 -5.2500 -11.0300 59.3750 7.3125 -3.2500
-0.0388 0.5880 -0.7651 0.2596 2.3800 -6.3300 -11.6200 112.9375 10.7500 -16.2500
-0.0751 0.5887 -0.7390 0.3190 1.9200 -6.0500 -7.6200 121.6875 -49.5000 1.0000
-0.1407 0.5898 -0.7060 0.3658 2.6100 -6.8800 -8.3000 151.1875 -9.7500 -0.3750
-0.2156 0.5767 -0.6583 0.4330 4.2700 -7.8800 -8.9800 180.0625 39.5625 8.8750
-0.2678 0.5369 -0.6112 0.5162 2.7300 -6.4400 -2.5800 159.1250 88.8750 -4.3750
-0.2912 0.4743 -0.5726 0.6019 1.0400 -6.9000 1.9500 109.7500 37.3750 51.1250
-0.3302 0.4125 -0.5387 0.6562 -1.3100 -10.5000 -7.3800 417.5625 108.8750 -129.7500
-0.3318 0.3607 -0.4332 0.7565 3.0400 -7.8600 3.9400 3.3125 -12.3750 5.4375
-0.3366 0.3671 -0.4443 0.7446 2.3500 -5.0000 12.9600 -177.1250 5.0625 38.4375
-0.3222 0.4002 -0.5144 0.6866 5.8700 -20.3700 -28.3400 433.0625 122.8750 -109.6250
-0.3069 0.3953 -0.4839 0.7180 1.0400 -9.0300 3.1300 67.5625 -17.5000 -10.1875
-0.3172 0.3878 -0.4551 0.7361 4.4700 -7.2700 7.0800 -53.0625 19.7500 31.3750
-0.3185 0.3932 -0.4865 0.7122 0.2900 -7.5400 3.4500 -183.9375 -64.2500 9.6250
-0.2968 0.4409 -0.5571 0.6381 1.5100 -8.0500 1.2600 -109.0625 -4.8750 31.5625
-0.2784 0.4575 -0.6077 0.5864 1.8800 -7.5900 -0.6800 -117.0000 7.5625 0.2500
-0.2417 0.4778 -0.6526 0.5361 2.2900 -7.2300 -3.6100 -121.1875 21.1250 -15.5625
-0.1884 0.5023 -0.6925 0.4823 1.5200 -6.8800 -4.7700 -135.3750 5.5000 -20.1250
-0.1364 0.5253 -0.7275 0.4197 2.5800 -7.1100 -8.0100 -122.7500 3.1875 -9.4375
-0.0906 0.5432 -0.7579 0.3497 1.6500 -5.9400 -9.0900 -113.5625 -33.5000 -15.5000
;
-0.0562 0.5629 -0.7792 0.2698 2.6300 -5.0800 -9.5100 -86.5000 -4.9375 0.4375
-0.0279 0.5675 -0.7919 0.2236 2.1600 -5.4400 -12.4600 -32.3125 -29.3125 -0.8750
-0.0250 0.5715 -0.7968 0.1949 1.5900 -4.7100 -11.5200 4.2500 7.7500 -14.6250
-0.0206 0.5781 -0.7906 0.2004 2.6300 -4.0800 -9.0100 14.6875 3.0000 -13.1875
-0.0229 0.5840 -0.7831 0.2126 2.4300 -4.3300 -9.2100 25.8750 0.8125 -8.9375
-0.0341 0.5874 -0.7772 0.2231 2.8300 -4.9200 -9.9100 33.1250 -19.2500 7.3750
-0.0576 0.5856 -0.7736 0.2350 1.9300 -5.7600 -9.7400 52.5000 -4.5625 -0.1875
-0.0786 0.5803 -0.7675 0.2606 1.7300 -6.3300 -9.6800 73.9375 0.1250 -4.9375
-0.1042 0.5755 -0.7532 0.3011 1.9600 -6.6700 -9.2000 103.7500 -3.0625 -14.8750
-0.1437 0.5740 -0.7247 0.3530 2.6900 -7.5400 -9.1400 132.0625 -14.3750 0.0000
-0.1985 0.5652 -0.6885 0.4087 2.4100 -7.4700 -5.8100 143.0000 14.6250 -7.2500
-0.2518 0.5389 -0.6382 0.4886 1.5400 -7.5600 -2.8500 149.1875 20.1250 -11.0625
-0.2885 0.5084 -0.5872 0.5599 1.8000 -7.8200 -0.8300 124.4375 32.7500 -16.7500
-0.3158 0.4771 -0.5259 0.6293 2.8900 -7.5000 1.1800 117.6875 11.8750 -18.5625
-0.3457 0.4492 -0.4676 0.6783 1.3400 -9.3000 -1.2300 196.4375 35.6875 -9.8125
-0.3743 0.3849 -0.3887 0.7487 3.3300 -4.4000 0.7400 -57.9375 -32.8125 12.9375
-0.3615 0.4063 -0.4214 0.7257 3.4100 -6.6600 10.0600 -124.9375 51.8125 11.3125
-0.3340 0.4261 -0.4896 0.6835 3.7200 -11.0100 -6.9600 -48.3750 13.5000 21.8750
-0.3245 0.4328 -0.5106 0.6683 -8.0000 -8.2600 -18.5700 -434.4375 -95.9375 16.7500
-0.3415 0.4051 -0.4337 0.7289 2.4600 -7.7600 5.4000 117.3125 52.1875 -10.1875
-0.3449 0.3716 -0.4213 0.7520 3.0000 -2.4900 10.8100 -298.9375 -84.8125 94.1875
-0.3190 0.4456 -0.5685 0.6136 1.5300 -4.3700 1.8400 -234.2500 -6.0625 -0.8750
-0.2509 0.4890 -0.6656 0.5048 0.8900 -3.5500 -4.0200 -266.0000 3.1875 16.0000
-0.1691 0.5150 -0.7476 0.3839 1.1600 -5.6600 -10.4700 -154.1875 46.0000 -27.7500
-0.0826 0.5298 -0.7840 0.3127 2.4500 -5.6800 -10.3000 -96.5625 43.2500 -25.3125
;
-0.0309 0.5409 -0.7957 0.2709 1.7900 -6.2600 -12.6200 -55.8125 13.7500 -26.8750
-0.0006 0.5532 -0.7972 0.2419 2.5500 -5.2000 -10.6600 -31.8125 -2.5000 -21.2500
0.0181 0.5645 -0.7953 0.2202 3.3300 -4.9400 -11.1900 -9.3125 2.7500 -12.9375
0.0242 0.5707 -0.7916 0.2172 3.7100 -4.8600 -10.3100 19.1250 2.1875 -3.7500
0.0194 0.5737 -0.7870 0.2258 3.6200 -4.2700 -8.6000 8.8750 -0.6875 1.6875
0.0144 0.5732 -0.7856 0.2325 2.9100 -4.9200 -10.2100 27.3125 -0.3750 1.9375
0.0027 0.5714 -0.7823 0.2478 3.1200 -5.9900 -12.0000 71.0625 4.8750 0.6875
-0.0202 0.5624 -0.7734 0.2918 3.1200 -6.2800 -12.2200 158.3750 34.0000 -17.2500
-0.0580 0.5569 -0.7327 0.3867 4.2900 -6.3800 -11.5900 207.5000 82.5625 1.1250
-0.0967 0.5250 -0.6754 0.5089 2.1900 -5.0400 -3.5600 159.2500 -0.3750 22.0000
-0.1657 0.4966 -0.6171 0.5875 3.7900 -6.1800 -0.9400 111.4375 -19.8750 38.3125
-0.2291 0.4769 -0.5789 0.6205 3.4600 -7.3700 -0.7400 112.6875 -41.7500 39.1875
-0.2932 0.4476 -0.5294 0.6584 2.5300 -7.5500 -4.4400 -179.9375 80.6250 3.8125
-0.3069 0.4191 -0.5114 0.6846 2.5200 -7.6300 2.4200 151.3125 50.0000 5.3750
-0.3228 0.3762 -0.4763 0.7263 2.1900 -10.0600 2.1300 -110.4375 -2.0625 -12.1875
-0.2913 0.3783 -0.5118 0.7142 -3.0900 -16.4500 -19.6800 -311.6875 -84.8125 -11.3750
-0.2975 0.3777 -0.4670 0.7422 3.5200 -7.7800 5.5200 89.2500 98.2500 -21.7500
-0.2784 0.3341 -0.4619 0.7730 0.9600 -6.0200 7.9000 -168.5625 -62.3125 47.2500
-0.2670 0.3721 -0.5428 0.7040 3.2000 -5.9600 3.2900 -191.3750 -42.1250 -10.3125
-0.2332 0.4265 -0.6202 0.6158 1.7800 -3.5400 1.0200 -245.3750 -9.5000 0.8125
-0.1655 0.4713 -0.7169 0.4865 0.4000 -2.7800 -4.4700 -273.4375 -36.4375 -44.3750
-0.0823 0.5146 -0.7782 0.3504 3.1900 -4.5300 -14.2400 -162.6250 59.0625 -9.1875
0.0024 0.5182 -0.8110 0.2716 2.8600 -5.2500 -14.6700 -103.1250 -3.0625 -40.5625
;
0.0534 0.5370 -0.8159 0.2075 4.3300 -5.3200 -14.3700 -25.6250 -5.1875 -19.1250
0.0681 0.5458 -0.8125 0.1932 3.9700 -3.8400 -9.9500 1.8125 -6.3125 -2.6875
0.0682 0.5493 -0.8098 0.1949 3.6500 -3.6900 -9.6800 22.8125 5.7500 -4.8750
0.0632 0.5522 -0.8040 0.2112 3.4700 -3.7500 -9.2000 20.4375 -0.4375 -0.8750
0.0551 0.5533 -0.8007 0.2231 3.6200 -4.1200 -9.7300 26.6250 -10.3750 3.3750
0.0391 0.5544 -0.7975 0.2346 3.4700 -4.9700 -11.0700 55.7500 -15.8750 2.8125
0.0122 0.5530 -0.7922 0.2578 4.0800 -5.2000 -10.6500 103.0625 12.0625 9.1250
-0.0221 0.5460 -0.7764 0.3141 4.1400 -6.2200 -11.5100 164.4375 40.2500 5.5000
-0.0641 0.5289 -0.7413 0.4083 3.4600 -6.1600 -7.1600 174.0000 33.5625 16.0625
-0.1190 0.4990 -0.6858 0.5162 3.0000 -6.5100 -5.0000 187.0625 30.0000 15.6250
-0.1708 0.4665 -0.6249 0.6023 3.0900 -7.1400 -2.9600 167.8125 20.5625 14.5000
-0.2186 0.4326 -0.5609 0.6711 2.7200 -7.1000 0.3800 163.3125 5.7500 9.5625
-0.2663 0.3972 -0.4862 0.7314 1.6500 -7.7700 -2.7700 -292.9375 -4.8125 43.6250
-0.2743 0.4032 -0.5131 0.7064 4.2100 -8.3700 2.4400 123.0625 -8.8750 7.1250
-0.3038 0.3978 -0.4778 0.7219 2.5300 -9.5500 1.1400 -115.2500 -39.8125 -25.8750
-0.2744 0.4321 -0.5154 0.6873 7.1100 -17.7100 -20.5500 399.6875 223.9375 -57.6875
-0.2568 0.3792 -0.4834 0.7460 2.3900 -8.0200 2.2100 35.7500 -16.1875 8.5625
-0.2700 0.3836 -0.4787 0.7422 2.5500 -6.7800 7.9100 -51.1250 7.6250 -3.5625
-0.2634 0.3806 -0.4893 0.7392 4.3200 -5.9300 4.2700 -183.6875 -38.1250 14.3750
-0.2399 0.4363 -0.5768 0.6476 2.3700 -6.7100 -0.2900 -215.8750 -86.1875 38.8750
-0.2263 0.4819 -0.6622 0.5272 0.6700 -8.9000 -7.1700 -134.9375 -39.1875 35.9375
-0.2136 0.5014 -0.7134 0.4406 -0.9000 -5.9300 -2.0800 -147.5000 -10.0625 -1.0000
-0.1667 0.5202 -0.7592 0.3540 -0.1700 -6.1400 -7.4800 -174.6875 12.9375 -11.7500
-0.0993 0.5410 -0.7990 0.2429 -0.4300 -6.0300 -16.7600 -140.8750 -27.3750 -14.7500
-0.0590 0.5570 -0.8094 0.1764 0.6400 -4.0900 -9.4300 -29.2500 15.0625 -20.6250
;
