0.6771 0.5522 -0.3520 -0.3358 0.7900 8.8600 1.0200 -6.0000 1.7500 1.1250
0.6803 0.5489 -0.3508 -0.3359 0.8400 8.9200 1.4600 -14.8750 -5.7500 9.0625
0.6873 0.5374 -0.3528 -0.3381 1.1800 10.8400 3.9400 -87.4375 -18.4375 28.5625
0.7147 0.4907 -0.3535 -0.3515 1.6500 11.3300 4.2900 -91.1250 -27.1875 55.5000
0.7531 0.4143 -0.3678 -0.3549 4.2200 13.3500 7.4500 -211.8750 -85.2500 159.2500
0.8148 0.2343 -0.4043 -0.3431 9.9700 10.1800 3.5800 -297.6875 -158.5000 359.6875
0.8516 -0.0712 -0.4764 -0.2070 7.0000 0.1600 2.9400 -75.3750 -226.0000 348.7500
0.7939 -0.2376 -0.5594 -0.0145 1.4300 -4.7000 0.3300 -5.5000 -189.3750 134.7500
0.7138 -0.2957 -0.6262 0.1043 11.1300 -3.2200 2.0700 50.9375 -80.1875 134.1875
0.6666 -0.3270 -0.6340 0.2158 6.0000 -6.3000 1.2600 23.0625 -87.5625 123.3750
0.6161 -0.3557 -0.6377 0.2952 4.1900 -7.9000 -2.7900 39.8750 -53.5625 85.9375
0.5986 -0.3469 -0.6224 0.3660 3.7800 -8.4500 -21.6700 639.0000 138.4375 -51.4375
0.6642 -0.2780 -0.5480 0.4257 6.8800 -8.7600 4.2100 122.8125 4.5000 -8.9375
0.6763 -0.2477 -0.5269 0.4514 2.1200 -8.1600 0.8300 -174.0000 -57.1250 -50.0000
0.6461 -0.2878 -0.5770 0.4085 4.0200 -13.1700 -20.7000 103.8125 -27.5000 -33.9375
0.6824 -0.2187 -0.5252 0.4590 7.0200 -6.2600 2.6500 115.5625 51.8750 -53.8750
0.7286 -0.1542 -0.4734 0.4703 5.5800 -3.3100 9.3500 -25.5000 64.0000 -43.3125
0.7635 -0.1528 -0.4583 0.4286 0.8100 -2.6000 3.8500 -33.8125 49.9375 -259.5625
0.8483 -0.0843 -0.4586 0.2509 -1.3900 2.2600 4.4600 12.1250 89.7500 -576.0625
0.9060 0.0917 -0.4073 -0.0695 4.0000 10.1700 -0.8200 199.9375 -9.0000 -530.1875
0.7975 0.3445 -0.3813 -0.3161 20.6900 17.8900 8.3600 88.1250 -20.0000 -34.6250
0.7198 0.4353 -0.4152 -0.3464 5.4400 9.8100 0.1000 100.1250 32.6875 -22.0000
0.7006 0.4941 -0.4103 -0.3109 0.6700 14.5800 5.3600 49.3750 44.7500 -2.9375
0.7011 0.5114 -0.3998 -0.2950 2.7000 9.4400 0.1100 -6.0625 -19.8750 12.8125
0.7081 0.4834 -0.4129 -0.3074 4.0300 14.9000 3.7300 -171.4375 -53.0625 23.7500
0.7482 0.3868 -0.4032 -0.3577 6.4200 11.5600 5.1200 -274.1875 -38.5625 87.1250
0.8228 0.1874 -0.3792 -0.3795 8.6500 3.9600 -3.1600 -171.9375 -181.6250 447.5625
0.8615 -0.0953 -0.4717 -0.1620 7.0800 -0.4400 -1.3900 112.8125 -320.2500 382.3125
0.7657 -0.1982 -0.6018 0.1103 3.4000 -4.3200 -3.1100 2.0000 -195.2500 226.0000
0.6494 -0.2775 -0.6430 0.2964 2.7100 -6.0000 -10.4900 441.0625 50.3750 106.5625
0.6267 -0.2888 -0.6170 0.3782 8.5800 -10.0900 3.1900 268.2500 150.8750 12.4375
0.6479 -0.2958 -0.5619 0.4205 5.3000 -9.7400 -3.5400 -107.4375 -27.4375 -28.0625
0.6686 -0.2720 -0.5590 0.4081 -25.2800 33.9400 39.2200 -75.5000 16.6875 29.1250
0.6594 -0.2278 -0.5767 0.4251 3.3000 -6.1900 4.6400 212.0000 173.5000 -83.8750
0.7595 -0.1782 -0.4623 0.4216 0.5900 -4.5800 6.4600 -76.2500 71.4375 -147.6250
0.8181 -0.1833 -0.4531 0.3030 2.8200 -4.5500 2.3200 66.0000 134.0625 -299.1250
0.9033 -0.0576 -0.4011 0.1411 0.6000 4.3300 4.4100 213.6250 -36.1875 -445.5000
0.8992 0.2131 -0.3696 -0.0966 4.5300 5.3800 2.2300 96.8125 -18.2500 -412.1250
0.8170 0.3738 -0.3171 -0.3036 6.1900 14.6100 -0.2400 262.8125 2.6250 -199.4375
0.7081 0.5245 -0.3192 -0.3488 2.5700 16.2600 1.2900 109.4375 59.0000 -20.5625
;
0.5922 0.4932 -0.4382 -0.4626 -2.8700 9.0300 0.0800 3.0625 -10.1250 21.6875
0.6000 0.4911 -0.4411 -0.4518 0.4300 9.9900 1.1400 1.9375 3.8125 -10.8750
0.5991 0.4943 -0.4362 -0.4545 0.1100 8.8000 1.0900 -6.3125 -14.8750 16.9375
0.6021 0.4788 -0.4461 -0.4573 0.8700 13.2500 4.8500 -150.6250 -75.3125 76.0000
0.6579 0.3276 -0.4495 -0.5077 8.2500 17.3100 5.5400 -414.5625 -176.7500 291.3750
0.7490 -0.0242 -0.4232 -0.5093 3.6600 9.3000 3.6400 -370.2500 -442.8125 428.5625
0.6673 -0.4879 -0.4781 -0.2967 0.3700 -6.2600 -6.9700 -56.3750 -600.9375 163.0000
0.4642 -0.6333 -0.6179 -0.0390 3.7700 -4.2300 -10.2600 113.3750 -21.4375 35.5625
0.4911 -0.6032 -0.6254 0.0618 4.6700 -2.6300 -3.3800 200.3125 49.5000 -30.8125
0.5857 -0.5265 -0.6041 0.1218 5.9500 -7.3700 -4.9000 221.5625 85.6250 2.9375
0.6928 -0.4354 -0.5445 0.1844 6.8000 -1.1100 -5.9600 -232.7500 -79.7500 -14.4375
0.7399 -0.3279 -0.5341 0.2447 9.6500 -3.8600 10.4900 -31.8125 -60.0625 98.9375
0.7286 -0.3585 -0.5350 0.2332 11.7500 -11.9000 -15.2000 140.3125 -44.6875 34.4375
0.7498 -0.2998 -0.5248 0.2692 3.4500 -6.0700 1.5500 -48.6875 -49.0625 11.7500
0.7474 -0.3181 -0.5265 0.2512 6.9000 -5.6000 7.8700 -34.5000 61.3125 -10.3125
0.7648 -0.3316 -0.5124 0.2062 3.4600 -4.3500 3.1100 -111.5625 -1.8750 -155.8750
0.7568 -0.3370 -0.5545 0.0787 3.0700 -2.8900 4.5600 -78.7500 57.6250 -169.8750
0.7612 -0.3104 -0.5670 -0.0526 4.8600 -0.9200 -0.7300 -65.5625 59.0625 -319.0625
0.7299 -0.2018 -0.5970 -0.2646 11.5300 3.6700 -5.1700 104.9375 -10.0625 -351.5000
0.6617 -0.0260 -0.6414 -0.3876 15.6100 7.0700 -0.2800 13.3750 48.1875 -118.8125
0.6382 0.0718 -0.6254 -0.4431 9.8300 9.1500 1.2900 62.2500 91.1875 -92.8125
0.6527 0.1536 -0.5870 -0.4537 4.5800 8.2500 4.2900 -7.6875 15.0000 -5.3750
0.6616 0.1631 -0.5731 -0.4551 4.8100 8.2800 3.5700 59.5625 -18.3125 21.0625
0.6595 0.1637 -0.5927 -0.4324 11.3200 10.0200 0.8200 -75.3125 -17.6250 70.1875
0.6885 0.0794 -0.5771 -0.4320 11.1400 7.5600 -1.4900 -40.6250 101.5000 164.6250
0.7773 0.0125 -0.5124 -0.3649 9.1100 2.5200 -0.1500 -36.0625 -49.6250 353.8750
0.8359 -0.1460 -0.4959 -0.1847 10.0600 -0.7900 1.0600 -185.6875 -119.8125 353.7500
0.7665 -0.3750 -0.5195 -0.0438 2.2600 -3.4600 1.4000 -115.5625 -286.2500 232.1250
0.6289 -0.5103 -0.5740 0.1210 3.0500 -8.6100 -15.4300 430.7500 -39.4375 -42.9375
0.7207 -0.3246 -0.5552 0.2588 -2.4800 -10.4800 0.3200 81.3125 -84.0000 38.6875
0.7037 -0.3480 -0.5450 0.2943 -0.7200 -6.8800 2.8300 -217.3125 22.9375 -64.1875
0.6766 -0.4138 -0.5634 0.2316 4.4100 -11.8800 -31.3900 -525.0000 -452.9375 54.0625
0.6809 -0.3484 -0.5836 0.2729 10.3000 -7.4800 4.8000 170.0625 247.6875 -20.6875
0.7572 -0.3455 -0.4899 0.2594 4.9600 -6.0700 3.8500 -84.2500 122.5000 -47.7500
0.7932 -0.3885 -0.4401 0.1622 2.5100 -6.0400 2.7400 30.6250 190.1875 -194.6250
0.8635 -0.3249 -0.3858 0.0090 -0.5500 -2.9000 3.1700 146.5000 134.5625 -430.5625
0.8837 -0.1045 -0.3793 -0.2534 6.9200 5.1400 2.2700 156.4375 101.8750 -436.6250
0.8150 0.1318 -0.3706 -0.4255 4.4100 10.0200 9.7900 212.8750 -62.1875 -112.2500
0.7395 0.2491 -0.4301 -0.4540 3.7100 8.7600 1.4000 82.5000 19.1250 -199.0000
;
0.6557 0.3558 -0.4254 -0.5123 6.6700 13.6100 5.6500 62.6250 -0.4375 21.3125
0.6392 0.3915 -0.4493 -0.4861 -1.8800 13.7700 9.4900 -0.5625 -11.3125 -7.6250
0.6368 0.3954 -0.4548 -0.4810 1.9200 8.8700 2.2100 7.3125 -26.7500 30.6875
0.6354 0.3816 -0.4719 -0.4775 2.2500 10.6900 3.6200 -42.1250 -34.3125 -1.5000
0.6370 0.3504 -0.4606 -0.5092 4.8700 15.4100 6.2200 -262.3125 14.5000 -60.1875
0.6862 0.2311 -0.3412 -0.5994 10.1900 12.8900 2.9100 -392.3750 -240.3125 425.0625
0.8163 -0.1761 -0.3246 -0.4440 -2.3900 3.2500 5.1800 -31.3125 -633.0000 527.0000
0.7282 -0.4349 -0.5273 -0.0512 -3.2000 -6.0200 -2.1800 20.4375 -293.9375 62.6875
0.6078 -0.4611 -0.6342 0.1252 8.3900 -5.9800 -3.6300 170.7500 8.1875 27.3125
0.6551 -0.3970 -0.6046 0.2182 4.5300 -6.0500 -18.1100 -655.3750 -31.5000 73.5625
0.6561 -0.3950 -0.5866 0.2635 6.9200 -9.5100 3.6800 304.6875 -13.3750 -27.8750
0.6935 -0.3212 -0.5819 0.2780 8.7700 -6.2700 -6.1500 -72.4375 -1.8125 -14.5000
0.7181 -0.2900 -0.5737 0.2669 -14.2600 4.9300 35.2900 -161.5625 -2.0625 67.8125
0.6734 -0.2980 -0.6131 0.2860 9.3900 -6.1200 4.2100 101.2500 350.8125 -6.2500
0.7708 -0.3238 -0.4742 0.2759 -2.5100 -7.0500 2.8600 -114.1250 67.3125 -21.8125
0.7679 -0.3918 -0.4623 0.2073 4.0100 -5.7500 2.7700 -85.0000 178.2500 -187.0000
0.8201 -0.3807 -0.4270 0.0093 -2.4600 -2.9300 1.3300 97.8125 230.3750 -430.4375
0.8593 -0.1825 -0.4032 -0.2563 4.0600 5.5300 1.0700 296.9375 -53.0000 -423.1875
0.7391 0.1032 -0.5037 -0.4351 13.8100 10.0500 1.7700 96.9375 -70.3750 -159.8750
0.6543 0.1935 -0.5561 -0.4745 8.8300 12.9200 0.0600 167.3750 -17.5625 -84.6875
0.6181 0.2821 -0.5848 -0.4432 0.5100 14.1800 6.6400 -34.3750 -24.4375 14.6250
0.6287 0.2655 -0.5835 -0.4402 3.6600 9.9100 4.9800 -76.2500 -51.7500 37.1875
0.6335 0.2073 -0.5896 -0.4561 9.9900 11.7200 4.7200 -209.0625 -39.0625 120.8750
0.6879 0.0012 -0.5402 -0.4847 10.4900 10.1300 -9.1800 -221.4375 -163.7500 561.5000
0.7445 -0.3936 -0.4664 -0.2707 2.4300 -4.5100 -2.7100 -84.4375 -245.2500 251.7500
0.6843 -0.5312 -0.4888 -0.1031 4.5300 -5.4900 -5.4300 108.8125 -145.6250 73.2500
0.6634 -0.5254 -0.5315 0.0376 6.4200 -5.6600 -1.9900 92.0000 -142.3750 55.6250
0.6346 -0.5109 -0.5630 0.1386 7.4900 -7.2700 -2.8800 136.7500 -50.8125 113.4375
0.6746 -0.4701 -0.5020 0.2684 -14.7000 -13.8100 9.1900 -22.0625 -14.1250 -45.1250
0.6993 -0.4512 -0.4861 0.2664 -0.2300 -7.0100 8.0000 -157.3125 66.3750 -99.5625
0.6853 -0.4590 -0.5200 0.2221 10.4300 -13.4500 -25.8200 477.1250 149.6875 -11.8750
0.7000 -0.3730 -0.5389 0.2836 8.8500 -7.8000 3.1400 125.5625 155.0625 5.7500
0.7719 -0.3685 -0.4333 0.2841 -2.6100 -6.3300 7.8000 -116.6875 116.6875 -26.7500
0.7726 -0.4404 -0.4020 0.2179 3.4400 -7.5100 -0.7500 -73.0000 102.6875 -164.4375
0.7974 -0.4414 -0.4069 0.0613 2.0000 -5.5700 2.8600 60.1250 212.8125 -302.5000
0.8611 -0.2913 -0.3884 -0.1508 -0.7500 3.7100 1.2700 373.8125 50.6875 -522.3125
0.8176 0.0652 -0.4586 -0.3422 5.4900 11.9000 3.4800 154.6250 -233.9375 -387.0625
0.6194 0.2612 -0.5422 -0.5042 9.3900 9.1100 -5.3100 105.0625 12.8750 -183.7500
;
0.5432 0.3708 -0.5533 -0.5112 7.7100 16.3600 3.6200 34.0625 79.0000 35.5625
0.5562 0.3770 -0.5735 -0.4685 2.1400 8.8100 1.2300 -26.0000 10.4375 -17.5000
0.5588 0.3891 -0.5493 -0.4843 1.8600 11.3200 0.9100 5.8750 -22.6875 17.9375
0.5556 0.3755 -0.5632 -0.4827 5.6500 15.3300 3.0500 -142.9375 -63.3125 94.9375
0.6016 0.2432 -0.5543 -0.5212 8.0300 14.3100 4.4100 -404.3750 -75.5000 279.6875
0.6987 -0.0444 -0.4821 -0.5267 6.2800 3.5300 0.2800 -158.7500 -229.3125 363.0000
0.7164 -0.3445 -0.4899 -0.3580 7.6900 -2.0700 -5.7400 26.5000 -238.7500 301.3125
0.6877 -0.4663 -0.5353 -0.1522 9.8300 -3.0000 -2.8700 163.5625 -137.5625 120.0000
0.6790 -0.4437 -0.5845 0.0214 7.8600 -4.0500 3.6300 70.8125 -86.3125 92.3750
0.6570 -0.4464 -0.5963 0.1156 7.3800 -6.8200 -0.4100 -12.6875 -85.5625 130.5625
0.6262 -0.4870 -0.5745 0.2015 -3.1700 -8.9500 -26.4400 197.8125 135.0000 -15.7500
0.6848 -0.4473 -0.5156 0.2554 3.6100 -9.1200 2.0600 121.5000 -76.6875 -12.1875
0.6683 -0.4281 -0.5505 0.2590 12.6300 -9.1000 -8.5900 -19.5625 -16.4375 48.0000
0.6964 -0.3981 -0.5257 0.2831 7.9800 -12.1200 -7.0300 -90.2500 -95.5625 6.6250
0.6770 -0.4062 -0.5480 0.2764 7.4000 -8.3100 3.9100 0.6875 74.7500 42.8125
0.7149 -0.4168 -0.4958 0.2633 0.3500 -6.5300 4.3700 -162.3750 10.0625 -67.6250
0.6992 -0.4636 -0.5172 0.1694 3.7900 -6.8900 0.7500 -25.7500 238.8750 -197.9375
0.7877 -0.4087 -0.4595 -0.0364 0.9000 -3.3900 -2.1500 179.0000 255.3750 -390.1250
0.8486 -0.1620 -0.4358 -0.2523 4.5400 9.5900 0.7500 281.3750 -12.3750 -470.7500
0.7285 0.1631 -0.5149 -0.4214 11.9600 13.5300 5.0600 131.0625 -60.5625 -191.3750
0.6334 0.2759 -0.5609 -0.4562 20.0200 22.3000 12.8100 -18.5625 -10.3125 46.0000
0.6366 0.3040 -0.5623 -0.4315 3.2500 7.9300 2.6300 -0.6875 -28.2500 35.3750
0.6301 0.2828 -0.5840 -0.4266 4.7100 8.9500 2.1500 -26.8125 -38.0000 -24.6250
0.6105 0.2692 -0.5862 -0.4596 6.8600 15.7500 9.8300 -315.1875 -97.5000 34.0000
0.6313 0.0964 -0.5267 -0.5610 10.3400 12.3100 2.4700 -307.6250 -227.3750 367.3750
0.6772 -0.2615 -0.4828 -0.4897 9.0100 0.3400 -6.3800 -22.6250 -242.8125 402.6250
0.6932 -0.4603 -0.4931 -0.2537 4.4900 -4.4100 -4.2000 85.5000 -266.1875 196.6250
0.6522 -0.5184 -0.5527 -0.0191 8.5400 -3.6100 -0.2800 136.2500 -111.5625 130.0000
0.6652 -0.4872 -0.5463 0.1470 9.8700 -4.6400 -10.3200 539.2500 137.1250 78.8125
0.7474 -0.3933 -0.4826 0.2320 7.7300 -5.9700 3.1300 117.0000 114.3125 25.3750
0.7690 -0.3828 -0.4397 0.2625 1.9500 -5.2000 4.5600 -337.7500 -176.1875 -96.1250
0.6806 -0.4670 -0.5319 0.1891 6.9900 -7.8100 -26.8100 -46.5000 2.6875 56.9375
0.6885 -0.4315 -0.5307 0.2411 6.4800 -8.6200 1.5600 169.5000 221.3125 -11.7500
0.7869 -0.4027 -0.4122 0.2206 1.2500 -6.8100 7.6900 -50.3125 136.3750 -69.5625
0.8278 -0.4258 -0.3477 0.1123 -0.1900 -5.5700 3.1100 -9.8125 131.3750 -268.3750
0.8614 -0.3627 -0.3474 -0.0762 2.4900 -3.0700 1.2900 181.9375 136.1250 -367.9375
0.8703 -0.1337 -0.3596 -0.3089 9.5000 5.9600 3.4400 197.0625 194.7500 -402.8125
0.8010 0.1019 -0.3151 -0.4988 6.0800 7.8600 6.6000 15.1875 44.9375 -256.8750
0.7096 0.1910 -0.2875 -0.6143 9.3900 12.7100 5.4000 219.3750 -28.8750 11.0000
;
