0.9427 0.3054 -0.0995 0.0898 2.3200 5.6900 8.0100 -6.3750 -5.8125 -0.3125
0.9437 0.3012 -0.1044 0.0882 8.9200 9.7600 8.0400 5.8125 -8.5000 56.0625
0.9420 0.2960 -0.1111 0.1127 3.1400 6.9800 10.3700 -39.5000 46.8125 -2.6250
0.0000 0.0000 0.0000 0.0000 0.3500 5.8800 -0.8200 -81.6875 3.0000 14.3125
0.9623 0.2047 -0.1059 0.1441 1.3200 4.2200 10.3200 -239.1250 -166.3750 107.6250
0.9450 0.0084 -0.2870 0.1567 -4.3700 1.9400 -6.0100 -385.8750 -420.6875 16.2500
0.7465 -0.2310 -0.6123 0.1204 10.0600 -5.6700 -3.8500 -55.3125 -195.6250 88.4375
0.6334 -0.2704 -0.7050 0.1694 6.9400 -5.8200 -0.8100 30.9375 -120.9375 78.6875
0.5664 -0.2849 -0.7318 0.2499 3.2000 -6.0300 -1.9000 54.8750 -81.8750 56.0625
0.5257 -0.2766 -0.7409 0.3132 5.2700 -7.1200 -3.6800 67.8125 -24.0000 30.8125
0.5154 -0.2632 -0.7317 0.3601 4.5100 -8.3200 0.0200 38.5625 -40.3125 3.3750
0.5037 -0.2442 -0.7328 0.3867 4.8300 -6.8200 -0.0100 20.5625 -25.1875 -11.8750
0.5018 -0.2219 -0.7342 0.4000 5.8900 -7.0500 -2.0600 37.8750 -34.0000 -4.3125
0.4926 -0.1882 -0.7236 0.4453 7.3000 -10.8400 -20.2700 624.5000 78.2500 32.5000
0.5706 -0.1346 -0.5670 0.5787 10.9400 -7.8200 3.3600 37.9375 -16.6250 23.2500
0.5412 -0.1274 -0.5768 0.5984 -1.5400 -6.9700 7.1900 -203.2500 -81.8750 -63.4375
0.4855 -0.1267 -0.6913 0.5200 13.0500 -16.8000 -28.2000 489.8125 163.0625 19.9375
0.5672 -0.1049 -0.5397 0.6132 7.6400 -6.5300 3.2400 0.0000 0.0000 0.0000
0.5304 -0.0721 -0.5402 0.6494 4.9600 -6.5500 5.9300 3.5625 85.8750 -67.4375
0.5665 -0.0740 -0.5209 0.6343 1.8700 -4.7500 7.0700 -172.5625 -172.5625 -30.8125
0.4921 -0.0602 -0.6605 0.5640 4.6200 -8.6700 -4.7700 115.6875 -102.3750 47.6250
0.4406 -0.0067 -0.6225 0.6468 5.4200 -4.2300 11.5500 -2.5000 -2.8750 15.0000
0.4373 0.0097 -0.5864 0.6818 8.4600 -7.2400 5.3800 100.0625 -5.0625 38.1250
0.4350 0.0299 -0.5281 0.7287 6.1700 -11.2700 5.5100 116.5000 205.7500 -99.7500
0.5408 0.0023 -0.4012 0.7393 1.0500 -1.7000 5.4500 73.6250 185.0625 -100.2500
0.6176 -0.0258 -0.3221 0.7171 0.0000 0.0000 0.0000 -99.0000 -59.8750 -111.5000
0.6489 -0.0244 -0.3983 0.6478 12.4500 -14.2600 1.7100 -91.2500 -86.3125 -67.9375
0.6514 -0.0165 -0.4789 0.5883 11.3800 -10.8200 9.0400 9.1250 34.3125 5.6875
0.6599 -0.0254 -0.4608 0.5929 6.0100 -5.5700 6.9800 -3.8125 -1.0625 18.5000
0.6310 -0.0234 -0.4948 0.5971 8.5700 -9.5200 3.0100 -114.8125 -249.6250 67.0625
0.5312 -0.0191 -0.6205 0.5765 6.3500 -11.1900 -2.7900 13.2500 48.6250 -17.3125
0.5412 -0.0291 -0.6216 0.5655 6.0000 -4.7000 5.1600 -32.0625 31.1250 -42.5000
0.5847 -0.0355 -0.6180 0.5244 6.1200 -4.1200 4.2100 -187.1250 121.0625 -103.8125
0.6501 -0.1058 -0.6218 0.4236 3.3100 -2.1400 4.9300 -15.5625 8.0625 81.2500
0.6215 -0.1484 -0.6237 0.4504 2.3100 -0.3800 7.4700 7.2500 -99.6250 160.6875
0.5511 -0.1696 -0.6485 0.4970 -5.3100 3.6200 9.6100 -215.1250 -105.1250 -118.4375
0.5224 -0.1401 -0.7313 0.4155 27.4500 -22.2600 -6.2400 241.4375 182.5625 -45.5000
0.6000 -0.0685 -0.6182 0.5031 11.4300 -14.5500 0.7800 56.2500 30.1250 27.5625
0.6003 -0.0660 -0.5910 0.5348 5.3300 -4.1500 5.0300 8.3750 15.1250 -7.8125
0.6069 -0.0649 -0.5821 0.5374 7.1000 -7.2900 3.0900 -15.0000 1.3125 -1.3750
0.6074 -0.0703 -0.5861 0.5317 6.2100 -8.7000 3.0100 -112.5000 -113.5625 -27.6250
0.0000 0.0000 0.0000 0.0000 5.8400 -10.4600 -11.8000 -58.3125 54.7500 -210.7500
0.6164 -0.0229 -0.7197 0.3187 4.0800 -2.7300 -4.9000 273.5000 415.5000 -362.3750
0.8402 0.2064 -0.4223 0.2704 -7.1300 4.7800 -0.3800 418.1875 385.1250 -331.0000
0.8628 0.4431 -0.0824 0.2291 -8.8100 15.2600 13.3200 54.4375 -49.8125 -306.8125
0.8501 0.5225 0.0426 0.0495 3.1900 15.7700 5.5600 67.9375 32.1875 -142.1250
;
0.7985 0.3181 -0.4897 -0.1464 6.2300 5.8200 2.1600 -3.7500 -1.3750 -8.3125
0.7983 0.3124 -0.4911 -0.1545 6.4300 7.3900 4.8200 -129.2500 -51.3125 2.4375
0.8052 0.2343 -0.5039 -0.2067 7.7900 11.4000 9.3400 -454.1875 -185.3125 79.4375
0.7771 -0.0992 -0.5365 -0.3138 9.0400 6.5100 1.4500 -305.6250 -345.1875 289.5000
0.6685 -0.3951 -0.5833 -0.2384 13.0700 -1.8100 -7.0300 -85.6875 -39.9375 218.3750
0.6403 -0.5366 -0.5293 -0.1477 3.5600 -3.8400 -2.2000 -45.3750 -113.2500 178.8125
0.5980 -0.6199 -0.5050 -0.0555 8.7000 -5.8200 -4.4600 -101.6875 -161.6250 92.6875
0.4903 -0.7009 -0.5177 0.0209 -0.4900 -6.6300 -4.6700 -3.1875 -61.0000 85.8750
0.5519 -0.6779 -0.4609 0.1534 4.4200 1.6800 -23.1600 -303.1875 338.6875 -285.1250
0.7281 -0.5452 -0.3756 0.1772 3.1000 -8.7000 3.0000 81.8750 24.3125 -18.5625
0.7205 -0.5582 -0.3792 0.1598 6.8700 -14.1000 -19.6100 288.7500 69.1250 72.6250
0.8052 -0.5168 -0.2722 0.1017 2.1500 -7.1600 5.5400 -191.0625 14.8125 -100.0000
0.7742 -0.5582 -0.2980 0.0173 3.2900 -8.6100 -2.5300 373.6250 -69.1250 -49.3125
0.8953 -0.3084 -0.3083 0.0912 16.6900 7.0100 32.5700 205.5000 219.2500 82.0000
0.9426 -0.1215 -0.2552 0.1778 -5.8000 -0.9700 5.3300 -50.3750 20.5000 -64.2500
0.9347 -0.1621 -0.2775 0.1520 7.1800 -3.3600 2.1000 -316.1875 -199.5000 46.1875
0.8215 -0.3456 -0.4323 0.1374 13.7700 -16.6100 1.9700 -215.9375 -77.8125 -34.2500
0.7393 -0.4413 -0.5023 0.0802 8.3200 -9.1700 -0.9400 11.6875 -0.2500 10.7500
0.7297 -0.4543 -0.5052 0.0761 8.5800 -10.8100 -0.5000 77.8125 -8.3750 57.6250
0.7546 -0.4201 -0.4872 0.1294 7.8000 -12.0400 -2.0500 112.2500 69.1250 -35.0000
0.8120 -0.3587 -0.4471 0.1104 2.3000 -8.5300 -11.0000 179.4375 266.7500 -165.0625
0.9022 -0.2610 -0.3430 -0.0151 -1.8000 2.7300 -0.6600 0.0000 0.0000 0.0000
0.9169 -0.1459 -0.3663 -0.0615 3.0500 10.5200 8.8600 529.4375 -21.2500 -82.5000
0.9103 0.1271 -0.3939 -0.0104 10.3600 7.9400 12.2200 -75.7500 -3.1250 -5.5625
0.9131 0.1058 -0.3924 -0.0309 8.0600 6.4800 10.5700 -75.0000 -39.7500 14.0625
0.9112 0.0645 -0.4053 -0.0358 6.1100 3.0800 5.8800 -135.0625 -62.8125 150.1250
0.8973 -0.0746 -0.4330 0.0419 1.5000 16.4800 8.4100 -245.3125 25.1875 464.0000
0.8309 -0.3361 -0.4081 0.1737 12.5700 -10.3800 -15.6200 -355.4375 106.0625 -172.3125
-0.0005 -0.0001 -0.0001 -0.0001 15.8900 -14.0900 -6.0000 -12.2500 1.7500 -5.3750
0.7170 -0.4894 -0.4937 -0.0516 10.5700 -6.7100 2.1400 -24.6250 -11.6250 6.3750
0.6988 -0.5058 -0.5038 -0.0443 9.2600 -8.9600 -2.0200 0.0000 0.0000 0.0000
0.6726 -0.5143 -0.5316 -0.0194 10.2400 -9.1300 -7.8600 93.2500 42.8125 -22.6250
0.7158 -0.4598 -0.5255 -0.0006 7.9200 -8.7900 -6.6600 258.0625 140.6875 -55.2500
;
0.8421 -0.2835 -0.4578 0.0311 -3.0600 0.4800 -1.3200 414.2500 145.3750 -107.5625
0.8889 0.2203 -0.4013 0.0204 9.0900 10.7200 8.9800 70.0000 -76.3750 -139.7500
0.8570 0.2911 -0.4230 -0.0427 10.0300 9.7000 12.3300 -200.6250 -96.8125 62.2500
0.8614 0.1647 -0.4730 -0.0845 11.7400 5.4200 5.7000 -312.1875 -96.2500 88.1875
0.8328 -0.1101 -0.5175 -0.1628 13.4600 1.4700 -6.7000 -266.2500 -165.5000 226.7500
0.7428 -0.3701 -0.5477 -0.1061 2.2500 -5.0700 -5.9300 -151.8750 -191.0625 201.3125
0.6290 -0.5363 -0.5629 0.0053 5.9100 -4.8500 -2.4100 14.3750 59.5000 107.8750
0.6548 -0.5649 -0.5006 0.0369 3.6800 -6.1200 0.1300 17.5625 28.5000 50.9375
0.6718 -0.5689 -0.4700 0.0653 6.2800 -7.3500 -4.4200 57.4375 12.8125 79.8750
0.7126 -0.5490 -0.4166 0.1316 7.4300 -7.9300 -17.0600 -724.1250 -96.5625 -233.5625
0.6886 -0.5624 -0.4317 0.1523 0.0000 0.0000 0.0000 88.1875 210.8125 101.0625
0.7122 -0.5726 -0.3716 0.1635 10.1800 -13.6400 -15.2700 209.5625 -48.0000 46.0625
0.7980 -0.4730 -0.3253 0.1832 -0.0100 -8.1400 -0.3400 26.0625 -36.5000 -106.0000
0.8122 -0.4233 -0.3761 0.1405 8.1100 -7.2200 5.6500 -34.6250 28.0000 -159.9375
0.8213 -0.3877 -0.4180 0.0204 12.2300 -3.7900 7.2900 -72.8750 44.3750 38.6875
0.7920 -0.4390 -0.4242 0.0062 2.2200 -2.3900 0.1700 -92.6875 -140.5625 92.8750
0.7309 -0.4974 -0.4637 0.0576 1.2000 -1.2300 -7.9000 196.5625 18.3750 -38.4375
0.7607 -0.4412 -0.4716 0.0651 11.7100 -13.9400 -7.0500 -94.1875 -53.1875 -71.8125
0.7065 -0.4773 -0.5225 -0.0024 12.2000 -9.2400 0.0600 -33.5000 -3.2500 -4.3125
0.6957 -0.4890 -0.5258 -0.0214 9.1300 -7.4400 0.1100 -1.2500 43.3125 9.0000
0.7099 -0.4902 -0.5049 -0.0306 9.1500 -8.9500 -2.7100 76.3125 33.3125 20.8750
0.7270 -0.4680 -0.5024 -0.0037 0.0000 0.0000 0.0000 -355.3750 13.5000 -28.3125
0.6650 -0.5530 -0.4864 -0.1241 5.6700 -7.2900 -19.7800 412.1250 321.6875 -6.5625
0.8546 -0.3306 -0.3754 -0.1392 -2.0100 11.5500 1.0500 603.3125 91.6875 -70.8750
0.9323 0.0919 -0.3475 -0.0417 0.6900 14.9400 21.9100 68.5625 -55.0625 -89.8125
0.9155 0.1389 -0.3679 -0.0858 5.5700 11.0800 21.3900 -652.8750 -145.3750 -67.0625
0.8629 -0.2267 -0.3737 -0.2537 14.1500 -0.5000 7.1400 -328.3750 -59.7500 119.0625
0.7961 -0.4390 -0.3221 -0.2639 4.8600 -4.5500 6.8800 -143.3750 -139.7500 82.3125
0.7204 -0.5687 -0.3408 -0.2036 -3.9900 -0.7400 1.6900 -95.5625 -271.3750 60.0000
0.6493 -0.6348 -0.4091 -0.0900 3.5700 2.5200 -15.4200 534.6250 79.6875 94.3750
0.0000 0.0000 0.0000 0.0000 9.0300 -15.7200 -0.1500 -22.6250 113.7500 -112.6250
0.7739 -0.5037 -0.3780 -0.0665 0.0000 0.0000 0.0000 10.7500 -4.7500 37.0000
0.7814 -0.5011 -0.3679 -0.0541 6.2300 -7.8200 1.6600 43.8750 5.3750 29.9375
0.8015 -0.4813 -0.3537 -0.0304 5.8300 -9.1700 0.6800 90.1875 -57.3125 3.7500
0.8122 -0.4383 -0.3850 0.0086 6.7600 -7.9400 -1.6500 -52.5000 24.4375 -134.6875
;
