0.8740 0.1899 -0.4473 0.0027 7.8800 3.1800 4.8400 -2.7500 1.5000 -1.5000
0.8743 0.1894 -0.4470 0.0018 7.8800 3.2600 5.2200 -2.5625 -2.8125 0.7500
0.8727 0.1843 -0.4520 0.0032 16.5200 5.3600 9.4300 -164.5000 -107.0000 154.7500
0.8644 0.0552 -0.4992 0.0225 10.1700 1.0100 1.9400 -287.4375 -135.9375 -0.3125
0.8174 -0.1167 -0.5612 -0.0569 8.6800 2.2300 6.9900 -508.0000 -266.5000 117.3750
0.6152 -0.4142 -0.6564 -0.1382 10.2400 -2.7400 -8.7400 -130.0625 -202.3750 75.2500
0.4392 -0.5316 -0.7166 -0.1056 3.4700 -3.7300 -2.4600 -17.6250 -208.8750 -19.2500
0.3643 -0.5329 -0.7621 -0.0502 6.4100 -3.5900 -10.1000 183.9375 -19.3750 10.7500
0.4464 -0.4855 -0.7465 0.0886 6.9300 2.8800 -16.0400 769.5000 250.0000 210.0000
0.6454 -0.4007 -0.5931 0.2664 6.9200 -5.9600 5.3600 -173.0625 -19.2500 -159.8750
0.5570 -0.3882 -0.7113 0.1819 22.9600 -6.9700 -29.7300 253.3125 129.1250 138.5625
0.6701 -0.3283 -0.6060 0.2755 16.8900 -6.0200 -2.7300 64.8125 303.8125 -33.5000
0.7063 -0.2786 -0.5831 0.2892 6.9100 -3.7900 6.3100 -184.3125 -11.5625 -19.3750
0.6691 -0.3397 -0.6299 0.2003 3.1400 -2.8500 1.1700 -241.0000 -49.8125 -157.1250
0.5911 -0.3696 -0.7166 0.0242 10.0500 -2.9600 -9.4500 -183.2500 -18.3125 -179.8125
0.5005 -0.3502 -0.7794 -0.1393 19.6700 1.8200 -9.9800 -11.6875 0.5000 31.6875
0.4373 -0.3607 -0.8094 -0.1536 6.8200 -2.0900 -7.4200 55.1250 42.4375 34.6250
0.4624 -0.3593 -0.7991 -0.1361 12.1100 -1.2100 -6.1300 13.5000 -12.8125 36.4375
0.4541 -0.3738 -0.7998 -0.1198 13.2400 0.1600 -9.9400 -95.1875 -120.8125 85.4375
0.3777 -0.4519 -0.7988 -0.1222 10.0400 1.5700 -16.2300 21.8750 -4.2500 153.3750
0.3479 -0.5373 -0.7656 -0.0638 -0.0600 -5.7900 -6.1100 203.4375 -1.7500 -12.1875
0.4271 -0.4961 -0.7523 0.0752 7.7000 5.4400 -23.3100 1010.6250 408.9375 220.5625
0.6894 -0.3965 -0.5548 0.2444 7.7300 -5.2700 3.1500 -116.8125 94.0000 -160.0000
0.5703 -0.3906 -0.7028 0.1683 6.5400 -3.4800 -19.9800 -203.8125 -164.9375 20.8750
0.5052 -0.4404 -0.7214 0.1743 -33.0500 34.0500 36.3600 -211.6250 285.1250 -163.5625
0.6290 -0.3631 -0.6277 0.2800 3.2700 -8.3500 -0.4600 32.7500 57.2500 -0.0625
0.6559 -0.3591 -0.5996 0.2850 6.1300 -7.6400 1.1200 86.0625 68.3125 -34.1875
0.6984 -0.3267 -0.5693 0.2853 7.5400 -5.3600 5.0200 -51.3750 62.3750 -31.3125
0.7167 -0.3499 -0.5549 0.2368 -2.7700 -4.7400 6.8900 -157.5625 -97.3750 -36.5625
0.6374 -0.3956 -0.6391 0.1696 3.4900 -4.8200 -8.1100 -136.4375 -133.3750 -168.6250
0.5270 -0.3796 -0.7581 0.0585 10.0300 -2.5000 -8.8700 -54.3750 -284.3125 27.0625
0.4008 -0.3988 -0.8178 0.1072 20.6800 -17.5400 -31.1300 265.5000 114.9375 39.3125
0.4999 -0.3575 -0.7368 0.2818 -0.5700 -4.9800 7.7000 -104.2500 116.2500 -49.9375
0.6243 -0.3310 -0.6051 0.3668 3.0700 -7.3600 1.8500 26.9375 42.1250 -30.1250
0.6541 -0.3335 -0.5786 0.3553 5.7800 -7.4500 1.3900 -8.3750 17.3125 -11.5000
0.6536 -0.3389 -0.5762 0.3550 5.9000 -8.2400 1.3000 0.0000 17.3125 0.3125
0.6589 -0.3403 -0.5686 0.3558 4.5300 -7.7600 1.9300 -0.4375 9.5000 -5.3750
0.6636 -0.3397 -0.5645 0.3545 5.5300 -7.9900 1.9700 -2.6875 -0.8125 2.3750
0.6641 -0.3384 -0.5643 0.3550 5.8000 -8.9800 1.3300 11.0000 4.5000 2.7500
0.6666 -0.3352 -0.5612 0.3583 5.4200 -8.2400 1.9200 -0.7500 4.2500 -0.8125
0.6743 -0.3281 -0.5574 0.3565 5.6700 -8.3000 1.7200 -10.1875 8.3750 -0.2500
0.6748 -0.3317 -0.5568 0.3530 4.8600 -9.0300 1.3200 9.5000 0.9375 -2.6250
0.6766 -0.3301 -0.5550 0.3539 5.3600 -8.2400 1.8900 1.6875 -2.3750 5.1875
0.6774 -0.3299 -0.5533 0.3552 5.2900 -8.5000 1.7800 -2.0000 0.1875 -2.7500
0.6791 -0.3301 -0.5529 0.3525 5.3700 -8.8600 1.6400 2.1875 3.8750 1.6250
;
