0.7004 0.7039 -0.1183 -0.0027 1.6400 8.8200 -0.1000 -12.0000 -6.3750 2.4375
0.7042 0.6993 -0.1221 -0.0050 1.8900 9.0800 0.1900 -15.6250 -3.4375 4.8750
0.7100 0.6929 -0.1258 -0.0052 1.4800 9.4000 0.4300 -30.4375 -4.8750 13.0000
0.7226 0.6781 -0.1342 -0.0043 1.1800 11.8000 1.3600 -51.1875 -30.8125 36.7500
0.7421 0.6453 -0.1813 -0.0095 1.0900 16.2000 -1.9000 -377.3125 -225.3750 245.0625
0.8355 0.3821 -0.3931 -0.0375 4.9900 0.4500 -5.8700 -186.5000 -167.9375 259.8750
0.8179 0.1651 -0.5504 0.0295 9.4800 -2.1600 -2.8700 -17.5625 -162.5000 260.0000
0.7360 0.0427 -0.6628 0.1309 10.4800 -2.4600 -4.4400 -108.3125 -189.3750 227.9375
0.6033 -0.0959 -0.7634 0.2098 7.8900 -5.0500 -6.5500 118.5625 -168.1875 116.6250
0.5109 -0.0829 -0.7906 0.3270 8.0900 -4.2600 0.4000 164.5000 -95.2500 37.6875
0.4559 -0.0208 -0.7760 0.4354 7.9600 -5.4100 1.7200 111.2500 -38.2500 59.5625
0.4071 -0.0018 -0.7561 0.5124 2.6800 -6.4800 2.8200 -34.4375 -58.3125 34.8750
0.3665 -0.0027 -0.7839 0.5012 6.6100 -7.2800 -1.4800 -14.1875 -18.5000 -0.3750
0.3606 0.0038 -0.7814 0.5092 5.7100 -10.7900 -15.9400 612.5625 112.1250 -87.5000
0.4095 0.0394 -0.6761 0.6112 5.7100 -9.0500 1.6700 58.7500 -37.2500 5.4375
0.3721 0.0542 -0.6942 0.6137 1.7600 -7.6800 -3.8900 -215.5625 -54.1875 -18.3125
0.3670 0.0253 -0.7432 0.5588 -2.5400 -1.7200 -28.6400 -3.3750 -22.6875 3.5625
0.4196 0.0313 -0.6580 0.6246 7.3100 -7.6900 3.7400 87.8125 167.3125 -63.2500
0.4974 0.0080 -0.5927 0.6335 3.9600 -5.7400 6.2800 -69.3125 182.1875 -149.9375
0.6504 -0.0405 -0.5378 0.5349 4.7800 -5.3900 -1.7300 142.0625 346.6875 -329.1250
0.8530 0.0400 -0.3443 0.3903 7.2300 6.4700 9.4200 103.8750 34.1875 -403.7500
0.9407 0.1441 -0.2048 0.2289 -7.2700 -3.2900 10.7000 122.0625 202.1875 -287.1875
0.9583 0.2670 0.0250 0.0986 2.6300 7.5900 10.6500 63.2500 43.3125 -71.4375
0.9542 0.2892 0.0607 0.0472 0.4100 6.0900 11.5000 -20.3125 -16.6250 -18.1875
0.9590 0.2767 0.0515 0.0342 -0.9700 -3.3100 10.1900 41.0000 -69.1875 60.8125
0.9727 0.2271 -0.0251 0.0402 6.1900 10.8300 5.5800 -1250.4375 123.3750 1.3750
0.9371 -0.3435 -0.0205 0.0577 -1.7200 1.3700 26.9200 -27.1875 38.6250 -11.5625
0.9380 -0.3458 -0.0236 -0.0020 3.9100 -1.9200 15.0000 26.8750 -38.3750 -20.8750
0.9453 -0.3227 -0.0467 -0.0121 2.2100 -3.3600 7.4600 100.7500 -5.3750 -2.3125
0.9661 -0.2515 -0.0579 -0.0117 0.3900 -2.9200 5.0800 320.6875 -32.6250 -56.1250
0.9940 0.0066 -0.1085 -0.0164 2.0700 4.3700 4.0400 581.1875 -114.1875 31.8750
0.9169 0.3731 -0.1366 0.0391 2.9300 5.4400 11.6500 220.9375 -101.7500 24.3750
0.0000 0.0000 0.0000 0.0000 0.0000 0.0000 0.0000 0.0000 0.0000 0.0000
0.7985 0.5767 -0.1588 0.0686 4.1400 11.2200 5.6300 15.1875 -54.8750 30.5625
;
0.7008 0.3997 -0.4772 -0.3484 5.5300 12.4800 6.2000 -87.9375 -1.5000 -7.7500
0.7174 0.3633 -0.4713 -0.3624 2.8200 5.1100 0.9100 20.4375 0.5000 11.2500
0.7183 0.3654 -0.4739 -0.3549 5.2700 9.4500 3.3700 2.8125 2.2500 1.1875
0.7162 0.3691 -0.4725 -0.3572 3.5700 8.0400 2.6600 -13.0000 -8.9375 -0.3125
0.7159 0.3618 -0.4731 -0.3645 2.2600 10.5200 4.3700 -23.1875 -4.3750 -40.3750
0.7088 0.3571 -0.4630 -0.3945 4.1100 12.3000 4.6000 -66.2500 -84.5000 -4.3750
0.6976 0.2932 -0.4842 -0.4393 10.5700 8.8300 2.8800 -171.8125 -54.1875 259.0625
0.0000 0.0000 0.0000 0.0000 0.0000 0.0000 0.0000 -254.5625 -38.9375 693.4375
0.8257 -0.3180 -0.4548 -0.1014 -3.7900 -4.0000 -4.6000 -106.0625 -320.7500 180.6250
0.6771 -0.4678 -0.5637 0.0707 8.5600 -6.6700 -1.2600 60.4375 -206.2500 22.4375
0.6050 -0.4373 -0.6412 0.1776 13.1200 -5.2800 -2.1800 297.0625 -63.1250 100.8125
0.6898 -0.3409 -0.5457 0.3318 -1.8100 -5.7100 3.3100 58.3125 11.3125 -11.7500
0.7167 -0.3062 -0.5236 0.3441 3.1600 -6.3100 11.6900 -198.5000 -18.8125 -169.8125
0.6711 -0.3361 -0.5977 0.2818 1.0100 -16.4200 -37.8400 -355.2500 458.5000 -51.8750
0.7422 -0.3824 -0.4851 0.2599 2.3300 -7.5400 3.4900 150.2500 24.6875 -12.1875
0.7841 -0.3329 -0.4470 0.2733 1.1000 -4.9400 9.2800 -50.6250 13.4375 -127.3125
0.8109 -0.3214 -0.4551 0.1790 3.0700 -5.1200 0.5100 70.0625 108.1875 -228.8125
0.8783 -0.1987 -0.4318 0.0524 0.0600 1.9100 1.5900 361.3750 14.9375 -485.6250
0.8804 0.1165 -0.4373 -0.1414 18.8900 8.3300 4.2200 22.5000 154.4375 -478.8125
0.8157 0.2950 -0.3204 -0.3806 1.6700 2.9700 4.8600 130.2500 175.1250 -141.3125
0.7476 0.4572 -0.1877 -0.4437 -2.6300 11.5000 7.6100 22.3125 5.3125 -36.4375
0.7289 0.4726 -0.1816 -0.4608 -2.6100 15.2400 10.5100 -146.6250 -54.5625 -6.0625
0.7577 0.3968 -0.1592 -0.4930 -1.7000 9.0100 8.3800 -146.9375 1.5000 -22.4375
0.7892 0.3118 -0.0944 -0.5206 -1.1100 1.8000 5.6100 -133.1250 -5.6875 -10.5625
0.8097 0.2292 -0.0626 -0.5366 -11.4800 -6.3300 37.2900 -1726.1250 -34.6250 -104.2500
0.7739 -0.3877 0.3192 -0.3859 9.8300 2.0600 39.2200 156.3750 -85.7500 -113.9375
0.7930 -0.3397 0.2256 -0.4526 4.2000 -2.4900 16.8000 16.1250 56.9375 21.4375
0.7927 -0.3113 0.2429 -0.4644 -0.3300 -5.5700 7.1100 87.5000 -26.1875 -15.1250
0.8128 -0.2684 0.1879 -0.4817 -1.3500 -3.8800 4.1200 311.2500 -78.8750 -69.3125
0.8420 -0.1179 0.0154 -0.5261 6.0100 2.9700 4.5600 530.5625 -149.4375 75.3750
0.8476 0.1342 -0.2324 -0.4578 0.0400 8.0400 14.0200 141.5625 6.5000 132.6250
0.8517 0.2718 -0.2987 -0.3339 1.4800 4.6300 5.8700 198.9375 103.5625 110.3750
0.8433 0.3681 -0.3231 -0.2214 1.5300 6.7300 6.2700 148.8125 -77.7500 22.8125
0.7969 0.4222 -0.3871 -0.1917 8.0800 12.6700 6.5900 20.8125 1.3125 125.5000
0.7999 0.4091 -0.4216 -0.1231 3.9700 7.2400 4.8700 2.3125 14.5625 68.3125
;
