0.9470 0.1761 0.0950 -0.2515 -3.8600 1.6100 8.5600 -16.2500 28.2500 -22.5000
0.9421 0.1708 0.1173 -0.2635 -2.9300 2.4000 8.7800 5.6875 22.2500 -25.6875
0.9357 0.1734 0.1270 -0.2798 -3.1600 1.6800 9.3600 21.4375 -6.8125 -6.8125
0.9304 0.1900 0.1212 -0.2891 -3.2400 2.3900 10.3700 54.3750 -11.6875 -17.7500
0.9198 0.2195 0.1125 -0.3051 -2.9600 3.8400 8.8500 -10.5000 -4.8750 -28.4375
0.9158 0.2130 0.1133 -0.3213 -4.5700 0.7100 8.8800 -13.2500 -12.6250 -26.5000
0.9138 0.2012 0.1130 -0.3342 -5.9600 -3.0000 9.7400 -19.6250 -64.5000 -31.1250
0.9122 0.1740 0.0933 -0.3592 -5.7300 -9.1300 9.6700 -216.5625 -136.6250 -39.3750
0.8987 -0.1252 0.1522 -0.3917 28.9600 34.6000 -28.4700 -95.6875 249.3750 45.8125
0.8008 -0.4139 0.2177 -0.3743 -4.2000 -5.5900 19.8900 68.0000 -79.6250 -76.7500
0.8163 -0.4061 0.1758 -0.3712 -3.2600 -7.6100 13.6900 5.6875 -78.6250 26.6250
0.8326 -0.4214 0.1438 -0.3293 1.6700 -13.0200 7.8400 -65.0625 -156.3125 -22.5625
0.8192 -0.5080 0.0601 -0.2595 4.2000 -0.7800 4.6400 -142.0625 -42.6250 143.3125
0.7905 -0.5820 0.1069 -0.1578 -1.7000 -4.4900 -2.8500 -119.0000 60.4375 138.9375
0.7433 -0.6272 0.2142 -0.0909 -5.8900 -8.6000 -1.7800 -100.5000 51.1250 55.1250
0.6942 -0.6662 0.2643 -0.0662 -6.1400 -9.1700 -4.7600 -79.1875 -32.5625 1.9375
0.6653 -0.6995 0.2581 -0.0381 -4.2600 -9.2600 -7.9500 41.0000 -26.8125 -20.8750
0.6903 -0.6855 0.2281 -0.0389 -1.7200 -9.1200 -9.3000 126.1250 -73.4375 -39.4375
0.7675 -0.6196 0.1600 -0.0396 3.5000 -4.0300 -13.9500 299.3750 -232.3750 -85.9375
0.9105 -0.4131 -0.0112 -0.0088 9.0500 13.5600 -10.4500 548.5625 104.6875 37.8750
0.9972 -0.0687 0.0185 0.0225 -9.9100 16.3400 39.5600 67.5625 -49.0000 35.3750
0.9982 0.0063 0.0188 0.0577 -5.5100 11.4800 29.8200 -199.0625 -105.8125 -19.7500
0.9901 -0.1219 -0.0528 0.0456 5.3500 8.9500 5.4500 -325.5000 8.5625 -3.1250
0.9432 -0.3263 -0.0594 0.0194 7.4600 -2.1700 -0.5100 -252.8750 42.9375 52.9375
0.8674 -0.4969 -0.0193 0.0209 -0.8000 -6.6400 -9.4900 -159.3750 141.0625 73.5625
0.7903 -0.6055 0.0924 0.0131 -5.3700 -11.3700 -6.4700 -11.9375 49.3125 -5.6250
0.7764 -0.6174 0.1263 -0.0092 -3.4600 -11.0700 -6.5100 95.7500 -9.3750 5.5625
0.8132 -0.5694 0.1203 -0.0084 -1.8100 -8.6600 -6.8500 236.0625 -138.6250 -13.1250
0.9164 -0.3987 0.0330 0.0152 10.6100 1.8500 -9.7400 528.5625 -92.3125 68.6250
0.9954 -0.0561 -0.0133 0.0770 -0.7700 18.8400 13.9700 219.3125 -26.3125 12.6250
0.9820 0.1406 -0.0208 0.1243 4.3200 16.5900 29.5400 -41.4375 39.6875 71.0000
0.9807 0.1031 -0.0215 0.1646 -2.6000 10.8200 20.1600 -299.7500 7.2500 -47.3750
0.9846 -0.1149 -0.0529 0.1203 4.5300 9.5700 9.0300 -455.5000 -6.6875 -47.6250
0.9127 -0.3934 -0.0894 0.0652 3.4500 -0.7400 2.2400 -245.1250 88.6875 0.1875
0.8273 -0.5602 -0.0358 0.0206 0.4500 -5.8300 -6.9800 -102.6875 53.2500 0.9375
;
0.7901 -0.6129 -0.0087 -0.0046 -0.5400 -14.6200 -5.6100 25.0000 148.0000 -94.8125
0.7959 -0.5967 0.0350 -0.0963 0.4600 -8.5700 1.1400 59.5625 144.3750 -4.5000
0.8131 -0.5480 0.1055 -0.1656 -1.2500 -7.5600 6.5700 84.2500 39.6250 -36.8125
0.8421 -0.4841 0.1074 -0.2119 1.1100 -9.7800 -3.1100 443.2500 33.8125 12.8750
0.9433 -0.2214 0.0748 -0.2357 1.2100 -2.7900 9.8100 456.6250 36.8750 61.5000
0.9667 0.0933 0.0392 -0.2353 -2.2600 -3.5300 4.8700 460.4375 -40.3125 -221.3125
0.8647 0.3630 -0.0350 -0.3455 -7.7900 9.0400 9.3900 93.6875 69.0625 -89.8125
0.8077 0.4567 -0.0256 -0.3719 -6.0400 9.0600 7.2000 30.0625 -50.3125 5.0625
0.8069 0.4487 -0.0504 -0.3807 -4.1700 2.1300 6.8200 -87.4375 45.2500 56.2500
0.8397 0.4069 -0.0255 -0.3588 -9.8900 -8.9000 19.7800 -703.5625 -11.6250 -92.0000
0.8674 -0.1445 0.1504 -0.4518 -20.0100 -20.7500 -38.8800 196.0000 153.3125 -385.8125
0.8376 -0.2439 0.1631 -0.4608 11.3000 -4.8600 25.4200 -77.3125 -7.5625 100.3750
0.8503 -0.2855 0.1611 -0.4117 -1.9500 -5.3800 12.0900 12.0000 -98.0000 -26.3125
0.8564 -0.3184 0.1068 -0.3921 -0.1700 -5.9300 15.8300 -107.7500 -51.6250 76.0625
0.8514 -0.4016 0.0926 -0.3244 1.6600 -1.4100 6.0600 -164.0000 -265.9375 28.0625
0.8110 -0.5428 0.0103 -0.2180 2.4300 -2.6300 -2.2700 -173.8750 -6.7500 176.3750
0.7623 -0.6291 0.0881 -0.1239 -1.8200 -8.1700 -5.4600 -82.3125 98.2500 91.7500
0.7201 -0.6602 0.1878 -0.1021 -5.4100 -9.7700 -5.9500 -26.6875 -28.1875 53.8750
0.7206 -0.6626 0.1934 -0.0656 -3.9800 -9.2100 -8.6400 103.6250 -97.6875 -5.1250
0.7831 -0.6085 0.1251 -0.0295 0.2200 -7.3100 -19.0300 363.0000 -197.4375 -47.3125
0.9319 -0.3623 0.0098 -0.0082 9.4400 20.6200 -12.2100 611.8750 -69.5625 38.9375
0.9966 0.0681 -0.0128 0.0436 -7.0900 27.0600 39.5400 148.6875 -84.8750 82.4375
0.9835 0.1536 -0.0309 0.0908 -5.4500 17.9600 35.1900 -308.2500 -28.6250 -72.6250
0.9960 -0.0544 -0.0620 0.0336 8.8300 12.5300 8.0100 -452.3750 -8.3125 -52.4375
0.9172 -0.3865 -0.0940 -0.0246 6.0300 3.8600 -8.1000 -314.3125 10.1875 81.1250
0.8151 -0.5767 -0.0549 -0.0037 0.9600 -8.0400 -12.1600 -134.1875 153.3125 71.6875
0.7477 -0.6613 0.0554 -0.0231 -4.6900 -11.7200 -10.1200 -15.5625 71.6250 28.8750
0.7385 -0.6659 0.0986 -0.0377 -3.8300 -11.8400 -8.7100 108.1875 -53.3125 4.7500
0.7921 -0.6068 0.0646 -0.0132 -1.2400 -9.6500 -13.7600 299.7500 -172.6250 -9.0625
0.9064 -0.4187 -0.0355 0.0437 3.9000 9.7300 -21.3100 777.3750 -160.6250 -79.1875
0.9857 0.1053 -0.1136 0.0665 3.3200 35.6000 10.8500 327.0625 271.6250 -125.0625
0.9368 0.3414 -0.0181 0.0749 5.7700 25.1400 24.8500 198.8125 -205.6875 253.5000
0.8606 0.4575 -0.1593 0.1571 5.2800 5.4300 4.6600 24.3750 -12.6875 35.6250
0.8490 0.4724 -0.1707 0.1642 4.5400 8.5800 4.9300 17.1250 -57.8750 -31.0625
0.8394 0.4886 -0.1931 0.1392 4.3600 7.6300 4.8200 -0.2500 14.4375 -4.0000
;
0.8403 0.4894 -0.1877 0.1387 4.4600 6.9700 3.8300 13.3125 -17.8125 -13.0000
0.8367 0.4966 -0.1898 0.1318 3.9300 7.6100 4.3300 3.4375 -0.9375 -0.8125
0.8354 0.4991 -0.1888 0.1314 4.2600 8.0600 4.4400 -15.2500 -0.8750 -4.5625
0.8445 0.4858 -0.1895 0.1223 3.4200 14.4400 9.7800 -75.7500 8.7500 -42.8750
0.8772 0.4333 -0.1913 0.0790 7.7100 18.9000 8.0700 -296.4375 -88.3750 -57.0625
0.9347 0.2841 -0.2136 0.0079 10.0600 11.7400 1.5100 7.3750 108.5000 -39.8125
0.9451 0.2900 -0.1504 0.0039 6.0100 3.6300 -0.2500 4.6875 83.6250 -204.7500
0.9490 0.2901 -0.0441 -0.1149 4.6400 -4.5300 2.1300 -40.7500 103.5625 -255.5625
0.9327 0.2318 0.0514 -0.2715 -2.8000 -9.5300 8.9800 -16.9375 -15.5000 -106.2500
0.9174 0.2174 0.0503 -0.3296 -4.4000 -10.0200 8.6700 142.6875 -47.6875 -14.8125
0.8906 0.2833 -0.0065 -0.3558 -13.1600 3.9900 22.8900 -887.8125 -94.6875 -285.8750
0.7990 -0.2442 0.1276 -0.5345 -30.7800 -8.0600 3.0600 76.7500 3.3125 -60.0000
0.8132 -0.3060 0.1962 -0.4546 1.3300 -5.5100 21.5700 -70.3750 -79.2500 -16.1250
0.8099 -0.3726 0.1683 -0.4206 -2.3800 -6.1100 10.0700 -25.8125 -186.8750 -58.6875
0.8040 -0.4637 0.0359 -0.3707 4.3600 -5.7600 8.4600 91.6250 -196.8750 -34.5625
0.8207 -0.4747 -0.0983 -0.3026 8.2200 4.2100 9.0000 -78.8750 -31.7500 274.7500
0.8245 -0.5428 -0.0275 -0.1575 -1.5800 -8.3600 -8.2300 -274.5000 129.6250 191.4375
0.7162 -0.6752 0.1468 -0.0972 -10.2200 -10.9200 -8.3600 -31.9375 -0.8125 4.6250
0.6922 -0.6965 0.1672 -0.0880 -4.9600 -11.7800 -12.2500 132.5000 -128.6250 -41.7500
0.7713 -0.6288 0.0773 -0.0608 0.5900 -3.9200 -15.3900 454.0000 -102.0000 -49.7500
0.9409 -0.3315 -0.0302 -0.0626 8.7600 18.0500 -13.6600 777.6875 -226.3750 2.8750
0.9806 0.1063 -0.1639 -0.0173 1.5700 25.8700 32.4300 180.0625 2.8750 33.4375
0.9711 0.2104 -0.1119 0.0144 -0.9700 18.3400 31.3000 -147.2500 -41.1875 5.4375
0.9885 0.0779 -0.1292 0.0098 3.8600 17.6100 17.9300 -488.6250 -48.5625 -53.3125
0.9575 -0.2369 -0.1584 -0.0459 7.1800 13.7000 -1.9200 -466.2500 -4.8125 116.7500
0.8235 -0.5558 -0.1094 -0.0295 1.5700 -3.0000 -13.1700 -254.8125 159.9375 67.7500
0.7314 -0.6786 0.0073 -0.0668 -1.2100 -10.5500 -10.9100 -50.5625 82.6875 26.0000
0.7035 -0.7009 0.0684 -0.0959 -1.9300 -11.9100 -9.7400 76.5000 -95.9375 19.3750
0.7398 -0.6699 0.0326 -0.0538 0.6700 -9.4400 -9.5100 216.4375 -81.4375 -17.6250
0.8481 -0.5284 -0.0329 -0.0195 3.3400 1.7900 -15.2400 627.2500 -135.7500 -31.0000
0.9797 -0.1614 -0.1177 0.0195 10.1200 18.9300 -8.5000 676.9375 41.3125 14.4375
0.9460 0.3096 -0.0620 0.0739 -7.8400 34.4200 36.0300 245.1875 -170.5625 131.5625
0.8260 0.5071 -0.1760 0.1722 -4.0700 9.7100 -1.5300 46.6250 -32.8750 -37.0000
;
0.8115 0.5144 -0.1938 0.1982 1.0000 7.5000 6.7800 -6.6250 -32.3750 24.5625
0.8018 0.5204 -0.2037 0.2118 6.9300 8.1300 3.4700 -2.3750 -10.9375 15.2500
0.7961 0.5233 -0.2178 0.2123 5.1700 7.3900 3.6600 5.8125 -18.3125 0.7500
0.7914 0.5282 -0.2252 0.2096 5.0400 7.7900 3.1100 1.6250 -0.6250 -9.1875
0.7972 0.5253 -0.2200 0.2003 4.4400 12.5800 7.9500 -160.5625 -18.5000 -72.0000
0.8543 0.4529 -0.2287 0.1130 9.9100 21.2900 8.1500 -176.9375 -56.3750 -63.9375
0.9023 0.3640 -0.2253 0.0496 9.6300 12.1700 -5.3700 25.2500 130.8125 -103.7500
0.9255 0.3538 -0.1346 0.0120 3.6300 1.6800 -2.1700 -58.5625 16.9375 -240.7500
0.9224 0.3510 -0.0440 -0.1552 -0.8700 -5.8700 9.9000 2.2500 -67.8750 -220.5000
0.8926 0.3420 -0.0359 -0.2917 -0.6000 -3.1300 10.5500 33.6250 -79.1875 -67.3125
0.8702 0.3401 -0.0740 -0.3486 -1.3000 -0.8800 9.7200 40.0000 -18.5000 -17.7500
0.8604 0.3364 -0.0931 -0.3715 -10.6600 3.3900 28.5900 -1176.4375 -309.0625 -177.5625
0.7917 -0.3567 0.1210 -0.4809 -35.0900 -6.3300 3.8600 246.8125 -20.7500 -211.5000
0.8065 -0.3129 0.0776 -0.4957 3.5100 0.1400 18.7500 -5.0625 75.7500 30.6250
0.8115 -0.3001 0.1086 -0.4894 -4.1100 -4.7400 14.7300 -7.0625 -180.0625 -21.4375
0.8155 -0.3744 -0.0019 -0.4415 7.0500 -4.2500 10.5600 -44.8125 -340.0000 16.1250
0.7877 -0.5035 -0.1135 -0.3364 2.7000 0.1700 2.5200 -226.6250 -154.0000 208.8750
0.7202 -0.6721 -0.0580 -0.1622 -0.3100 -3.4000 -5.9100 -114.3750 39.0000 219.0625
0.6757 -0.7311 0.0731 -0.0602 -8.5000 -8.2900 -7.3000 -16.8750 18.1875 88.5625
0.6732 -0.7285 0.1238 -0.0301 -7.5600 -11.3500 -10.5400 86.8750 -40.0000 -3.0000
0.7200 -0.6860 0.1026 -0.0185 -3.8800 -9.2400 -13.0000 285.3750 -121.6875 -71.1250
0.8638 -0.5034 -0.0087 -0.0175 5.0400 4.3900 -26.8700 775.6250 -186.1875 -106.5625
0.9889 0.0032 -0.1475 -0.0182 10.4000 36.4500 12.3500 422.3125 9.0000 -52.5625
0.9597 0.2468 -0.1292 -0.0360 4.2200 23.8200 34.0500 -137.3125 77.4375 88.9375
0.9786 0.1663 -0.1208 0.0053 0.8400 18.3400 29.7900 -492.2500 -42.3125 12.3125
0.9722 -0.1755 -0.1505 -0.0384 8.4300 17.5100 4.8600 -472.8750 -66.4375 124.0000
0.8675 -0.4771 -0.1408 0.0057 0.6600 1.0600 -12.4800 -223.6250 126.9375 130.1875
0.7708 -0.6358 -0.0302 0.0272 -3.9000 -10.8700 -10.9700 -77.9375 79.9375 21.0625
0.7353 -0.6772 0.0260 0.0029 -4.3300 -11.4900 -8.0400 82.6250 9.4375 -18.1875
0.7754 -0.6310 0.0246 -0.0080 -2.5800 -11.5000 -9.8300 226.1875 -66.8750 -25.8125
0.8699 -0.4925 -0.0237 0.0101 1.9600 -4.4200 -17.7400 644.0000 -161.6250 0.0625
0.9927 -0.0335 -0.0959 0.0649 3.6100 33.6900 -17.2800 613.0625 108.5000 -123.8125
0.9247 0.3701 0.0626 0.0633 14.8200 25.4600 28.3900 -38.8750 46.7500 251.1875
0.9213 0.3618 -0.0234 0.1404 -2.2500 10.1500 7.2500 53.3125 -27.1875 -40.8125
;
0.9080 0.4008 -0.0484 0.1118 6.2200 4.2400 2.8200 19.1250 -79.9375 72.6875
0.8909 0.4156 -0.1138 0.1434 1.1900 7.0900 6.9500 45.6250 -89.3125 86.5625
0.8627 0.4413 -0.1773 0.1718 4.2700 9.0800 5.5800 11.4375 -12.2500 37.1250
0.8607 0.4363 -0.1864 0.1845 4.3000 5.7300 5.0100 27.8125 -20.8125 3.3750
0.8500 0.4525 -0.1959 0.1853 4.6000 9.1800 7.4300 -49.3750 21.3750 -24.5000
0.8715 0.4268 -0.1780 0.1633 0.2700 16.4700 13.5800 21.0000 -126.1875 -74.6250
0.8749 0.4408 -0.1759 0.0966 5.6600 17.1000 4.0900 -105.4375 -21.1250 -170.5625
0.9088 0.4012 -0.1129 -0.0205 2.9200 9.2800 1.5000 -177.2500 -34.1250 -186.7500
0.9365 0.3021 -0.0928 -0.1516 1.5600 0.2500 1.4400 -130.5000 -112.6875 -115.5625
0.9364 0.1938 -0.1184 -0.2675 1.1800 -7.6700 7.6400 -3.2500 -55.5000 -120.7500
0.9071 0.1935 -0.1357 -0.3483 -0.2600 -3.3500 9.2600 84.3750 -31.6250 -83.1875
0.8696 0.2393 -0.1576 -0.4022 -11.0200 8.8500 32.1600 -1192.4375 47.1250 -308.1250
0.7866 -0.3242 0.1379 -0.5071 -23.4000 -13.6600 -23.9100 122.5625 -111.3125 -148.2500
0.8104 -0.3157 0.1391 -0.4736 6.2100 -6.2400 23.7900 -30.8125 -37.6875 48.3125
0.8159 -0.3430 0.1157 -0.4508 -3.0000 -7.7900 14.1900 -28.2500 -171.7500 -81.9375
0.7944 -0.4254 0.0018 -0.4336 5.9600 -0.9900 11.3200 -49.1250 -306.5625 84.1250
0.7708 -0.5667 -0.1102 -0.2695 2.8500 0.2100 -1.5900 -135.0000 -55.3125 296.3750
0.7435 -0.6592 -0.0068 -0.1123 -6.2800 -7.8100 -7.1000 -82.6250 68.5000 110.1250
0.7052 -0.6998 0.0917 -0.0679 -7.2400 -10.0400 -8.0100 -52.3750 19.5000 21.8125
0.6895 -0.7133 0.1086 -0.0635 -5.4200 -11.5700 -13.6700 159.0625 -66.3125 -53.1250
0.7763 -0.6256 0.0406 -0.0655 1.5700 -3.0700 -21.2500 535.6875 -128.1875 -70.0625
0.9434 -0.3178 -0.0788 -0.0535 9.1000 24.0700 -2.1700 506.4375 -17.6875 3.8750
0.9916 0.0337 -0.1247 -0.0114 -9.1600 37.7300 39.5600 376.2500 120.6875 -84.1875
0.9775 0.1918 -0.0869 0.0080 -12.9800 14.8900 28.6100 -277.2500 -33.5625 -72.1250
0.9942 -0.0264 -0.1028 -0.0184 6.0800 15.8700 14.6200 -503.7500 -25.3750 -4.3125
0.9315 -0.3458 -0.0995 -0.0539 5.0100 10.1300 -2.6900 -411.1250 -16.5000 99.4375
0.7903 -0.6105 -0.0455 -0.0250 -1.9500 -4.1700 -12.5000 -222.7500 56.1875 29.3750
0.6839 -0.7286 0.0137 -0.0339 -2.1900 -10.8500 -14.1400 -45.1875 64.5000 16.5625
0.6707 -0.7380 0.0473 -0.0561 -4.1300 -11.7500 -13.1000 147.9375 -79.0000 -17.2500
0.7559 -0.6539 -0.0027 -0.0322 1.3600 -5.3600 -14.1900 385.5625 -94.0000 -17.1250
0.9059 -0.4175 -0.0711 0.0078 6.7100 15.4700 -12.8800 700.8750 -203.8125 17.2500
0.9753 0.0860 -0.1705 0.1109 4.7900 19.7500 8.4500 289.5625 -76.0625 15.1250
;
0.9389 0.2730 -0.1572 0.1385 7.6900 24.9400 28.3800 177.4375 -84.8750 104.1875
0.8997 0.3528 -0.1653 0.1970 3.0400 8.2000 7.6300 5.3750 -49.8750 -13.2500
0.8919 0.3685 -0.1838 0.1871 2.7900 4.6900 4.8400 46.1250 -7.8125 -51.2500
0.8878 0.4023 -0.1589 0.1570 5.1800 7.4100 4.1600 132.6250 70.8125 -90.1250
0.8681 0.4695 -0.0804 0.1395 1.3200 10.1500 9.4300 -23.1250 40.5000 -20.2500
0.8783 0.4547 -0.0551 0.1373 0.6700 9.0600 6.2900 -122.1250 4.3125 -27.6875
0.9143 0.3875 -0.0477 0.1076 -0.6700 10.9300 8.1100 -81.7500 -9.8750 -145.1250
0.9297 0.3680 -0.0110 0.0081 1.1100 14.3200 8.6900 134.1250 -75.1250 -130.4375
0.8804 0.4685 -0.0231 -0.0700 -0.4300 9.7000 8.3300 -131.5000 -167.3125 -101.0625
0.8983 0.3907 -0.0497 -0.1947 2.9500 3.5100 3.9200 -183.6875 -68.8125 -52.0000
0.9256 0.2699 -0.0479 -0.2609 -0.9600 -3.6800 8.8000 -100.8750 -67.1250 -96.6250
0.9238 0.2014 -0.0552 -0.3207 0.3400 -4.2000 10.0500 32.4375 -30.3750 -19.1875
0.9149 0.2120 -0.0802 -0.3341 -0.9900 -1.2600 9.5700 77.1250 3.2500 15.2500
0.9033 0.2593 -0.0994 -0.3270 -3.3400 -6.0600 8.0600 167.5625 26.6250 8.6250
0.8846 0.3264 -0.1168 -0.3118 -11.3700 8.8200 14.2900 -999.8750 -46.3125 -335.3750
0.8560 -0.1592 0.0485 -0.4894 -7.1200 3.5900 36.1900 -17.6250 -174.7500 22.3125
0.8795 -0.1773 0.0106 -0.4415 0.6400 -2.3500 16.8300 17.0000 6.6250 52.4375
0.8972 -0.1783 0.0091 -0.4041 -1.8100 -1.6600 17.9100 7.5000 -46.8750 -40.9375
0.8936 -0.1910 -0.0235 -0.4055 2.3900 5.1900 19.1200 -162.6875 -238.0625 155.3750
0.8762 -0.3770 -0.0915 -0.2861 1.8200 2.9700 -0.0300 -342.5000 -102.5625 215.0625
0.7904 -0.5919 -0.0217 -0.1565 -6.6500 -9.3000 -9.7300 -176.4375 68.0000 81.5000
0.7112 -0.6893 0.0671 -0.1202 -1.7100 -9.0700 -7.1100 -34.2500 -37.1875 14.1875
0.6979 -0.7064 0.0637 -0.0995 -1.2200 -12.6900 -12.5800 134.0000 -35.0000 22.8750
0.7728 -0.6283 0.0412 -0.0800 0.7200 -7.0100 -10.4700 383.8750 -105.1250 0.6250
0.9079 -0.4152 -0.0359 -0.0454 6.9900 10.3700 -13.7900 630.4375 -142.9375 -30.6250
0.9902 0.0353 -0.1345 0.0154 4.1400 32.1500 14.8900 103.3750 35.3750 -52.3125
0.9715 0.2161 -0.0934 0.0269 5.1400 24.1700 38.4000 -121.3750 41.3125 116.3750
0.9813 0.1399 -0.1204 0.0557 5.2900 18.0400 17.1900 -384.5625 -43.8125 -98.3125
0.9821 -0.1090 -0.1485 -0.0385 8.7000 12.2800 0.2900 -449.8125 -11.5000 36.0000
0.8943 -0.4238 -0.1276 -0.0661 6.1000 0.2400 -6.8800 -305.1875 82.9375 97.1250
0.8012 -0.5948 -0.0352 -0.0549 -1.4900 -9.2200 -13.0100 -115.6875 110.4375 64.3125
0.7451 -0.6606 0.0594 -0.0703 -3.7200 -12.0700 -7.7000 25.4375 -0.1875 9.1875
0.7620 -0.6414 0.0594 -0.0660 -1.8600 -10.9600 -8.9400 180.5625 -107.2500 3.8750
0.8366 -0.5473 0.0013 -0.0245 1.2300 -7.0300 -13.0700 473.0625 -171.0625 -9.2500
0.9681 -0.2185 -0.1134 0.0454 9.1600 18.6700 -13.8800 718.1875 -166.5000 11.3750
0.9543 0.2316 -0.1506 0.1136 -7.6100 35.9100 30.3700 214.5000 -119.1250 47.3125
0.8933 0.3854 -0.1406 0.1835 -1.6900 17.5700 13.7200 150.0625 -123.5625 14.3125
0.8332 0.4718 -0.1996 0.2082 3.6000 6.4400 4.7400 43.0000 -22.5625 63.5000
0.8136 0.4897 -0.2078 0.2346 4.8900 9.6700 6.3100 -20.5625 -26.2500 -6.7500
0.8128 0.4890 -0.2253 0.2225 5.6300 7.0400 4.3500 3.5625 -25.1875 12.7500
;
