0.7231 0.6311 -0.2773 -0.0449 1.8300 13.8400 5.6500 -151.9375 -137.2500 162.6250
0.7714 0.5085 -0.3782 -0.0575 12.3900 14.6900 -1.3500 -15.2500 65.2500 15.3125
0.7972 0.4782 -0.3682 -0.0122 12.4100 17.0100 1.8000 -54.6875 194.8125 40.6250
0.8852 0.3624 -0.2902 0.0291 8.1800 6.3800 -8.9600 -290.5625 471.7500 -220.2500
0.9614 0.2719 -0.0212 -0.0352 -12.8700 13.1700 18.5500 -283.7500 -86.0000 -117.0625
0.9736 0.1888 0.0365 -0.1233 -1.7900 -5.2800 6.7000 -158.4375 26.6875 -113.0000
0.9749 0.0713 0.0780 -0.1962 -3.9400 -4.6300 11.6000 -86.1875 8.4375 12.2500
0.9753 0.0206 0.0909 -0.2003 -3.6500 -7.9900 11.7800 -17.8125 -8.5000 -34.3125
0.9708 0.0085 0.0978 -0.2189 0.0000 0.0000 0.0000 0.0000 0.0000 0.0000
0.9011 -0.4255 0.0831 -0.0063 -2.7600 -18.6900 -35.4300 269.0000 -369.0000 -314.6875
0.8549 -0.4970 -0.1483 0.0160 12.9300 0.7800 20.4000 77.3125 -40.3125 26.3125
0.8643 -0.4589 -0.1931 0.0708 0.8100 -3.4900 3.3200 -60.1875 -152.0000 74.5000
0.7980 -0.5083 -0.2729 0.1742 6.5900 -3.4800 3.1200 -163.7500 -62.6250 182.0625
0.6840 -0.6296 -0.2719 0.2488 -5.0500 -7.6100 -4.8100 -168.0625 120.8750 97.2500
0.6172 -0.7289 -0.1946 0.2233 -16.9600 -13.6000 -6.2200 -73.3125 -14.4375 -116.3125
0.6063 -0.7363 -0.2337 0.1892 -3.9400 -12.6900 -3.6000 104.5000 -34.7500 -42.5000
0.6440 -0.6862 -0.2652 0.2100 3.6600 -10.6500 -14.6000 195.4375 -177.5000 -36.6250
0.7347 -0.5184 -0.3071 0.3118 -1.4900 6.5200 -16.7700 514.9375 -135.8750 -120.5625
0.8713 -0.1218 -0.2234 0.4195 -4.6200 22.8500 -2.9600 526.3750 89.8750 -39.7500
0.8482 0.2380 -0.0466 0.4709 -8.2200 24.7700 -10.1100 -497.3750 457.8125 -248.8750
0.8073 0.3127 0.0100 0.5004 19.6100 1.3600 -2.0900 32.7500 15.0000 -123.2500
0.8281 0.3353 -0.0230 0.4485 4.1400 2.2400 4.2700 -14.9375 45.5625 -28.4375
0.8332 0.3221 0.0145 0.4493 4.2100 5.5700 7.1600 -52.6875 -9.0625 19.0625
0.8326 0.3168 0.0275 0.4534 -2.7100 10.5900 13.5400 6.3125 -102.8750 -49.1250
0.8416 0.3478 0.0128 0.4130 -7.9600 13.9300 7.5800 -16.1875 -139.0625 -135.9375
;
0.8873 0.3490 -0.1130 0.2794 8.0300 16.5500 -0.1000 -218.0625 -293.9375 -42.4375
0.9074 0.2772 -0.2579 0.1823 12.2300 -0.9500 -3.1300 -286.3125 -38.2500 -67.1875
0.9405 0.1092 -0.3143 0.0690 8.5100 -7.2500 3.6000 17.8125 59.2500 -64.0000
0.9562 0.1091 -0.2683 0.0415 4.1800 -0.2500 6.7800 34.3125 80.1875 -40.3750
0.9666 0.1247 -0.2227 0.0253 5.8500 3.0400 8.6900 89.0000 93.0000 -71.8750
0.9673 0.2160 -0.1329 -0.0034 3.3000 22.3200 11.1100 178.3750 -1.6875 -159.3125
0.9434 0.3231 -0.0229 -0.0724 -2.7700 1.4000 6.4000 -135.3125 21.6875 -188.5625
0.9536 0.2404 0.0355 -0.1777 -4.8400 -6.6900 12.4600 -69.4375 -38.8125 -63.6250
0.9573 0.1710 0.0324 -0.2307 -4.2200 -7.5800 17.5400 -85.8750 -48.1875 -48.8750
0.9579 0.1053 0.0579 -0.2606 -20.5400 3.0300 30.6600 -1407.0625 -197.4375 384.8750
0.8214 -0.5695 0.0268 -0.0157 32.7900 12.3200 33.1400 137.3750 55.2500 -17.2500
0.8859 -0.4565 -0.0541 -0.0620 6.5500 -0.2800 15.5400 -11.8125 -127.1875 -6.3750
0.8830 -0.4535 -0.1184 -0.0259 1.4400 -0.1200 12.2900 -180.1250 -196.6875 68.0000
0.8156 -0.5339 -0.2079 0.0806 1.9700 -1.0900 5.1600 -240.1875 -151.8750 128.6875
0.7016 -0.6501 -0.2393 0.1668 0.1400 -7.6500 -3.8600 -92.6250 68.6250 112.6875
0.6536 -0.7141 -0.1796 0.1754 -9.7700 -13.9600 -7.4300 -17.9375 27.5625 -60.3750
0.6540 -0.7225 -0.1829 0.1298 -2.1500 -15.7600 -9.5200 120.2500 -80.2500 -28.8750
0.7100 -0.6376 -0.2383 0.1802 8.0200 -11.4100 -19.2300 310.2500 -140.0625 -18.3125
0.8170 -0.4148 -0.2680 0.2976 9.0500 7.7300 -7.0600 584.3125 -66.5625 13.8750
0.8948 -0.0258 -0.1776 0.4089 0.6600 22.3300 -10.8900 778.4375 -29.0000 -33.0625
0.8309 0.3019 0.0313 0.4664 -13.3800 17.6100 19.2400 173.0000 -177.4375 111.8125
0.7980 0.3170 -0.0020 0.5125 3.5300 5.7800 7.2200 7.5625 0.3750 -45.6875
0.8035 0.3356 -0.0012 0.4917 -0.7300 10.7400 11.9400 -101.0625 -39.0625 -54.6250
0.8406 0.3161 -0.0311 0.4387 -0.7600 15.6300 8.3400 -190.8750 -150.6250 -102.8125
0.8947 0.2726 -0.1277 0.3301 3.2300 12.4100 1.8700 -259.7500 -214.1250 -109.0625
;
0.9214 0.1676 -0.2972 0.1858 8.2900 -6.1800 -1.1900 -167.7500 -50.8750 -186.1875
0.9342 0.1075 -0.3351 0.0582 12.4600 -6.1900 3.0500 -62.1875 -2.5625 -29.7500
0.9404 0.0806 -0.3301 0.0167 8.7900 0.8300 6.0400 87.4375 127.8125 -88.3750
0.9542 0.1627 -0.2509 -0.0017 15.6000 15.8400 8.2000 319.9375 248.8750 -142.3125
0.9260 0.3622 -0.1046 -0.0167 4.6100 5.1300 6.4700 -145.9375 55.1250 -209.0000
0.9498 0.2798 -0.0130 -0.1393 -6.4000 -4.2200 7.2500 -201.0625 85.0625 -127.1875
0.9632 0.1451 0.1046 -0.2007 -9.9600 -11.1800 14.0800 -88.3750 -11.6875 -0.6875
0.9703 0.0765 0.1187 -0.1966 -5.7500 -11.4000 15.1600 0.0000 0.0000 0.0000
0.9645 0.0557 0.1489 -0.2106 -22.1400 12.5100 25.2000 -1979.6250 -141.0625 194.7500
0.7787 -0.6257 0.0345 -0.0315 28.1600 3.8900 8.2700 215.5000 207.0000 -59.3750
0.8533 -0.5178 -0.0400 -0.0464 4.9300 -0.9900 19.8800 -12.6875 -71.4375 28.9375
0.8596 -0.5049 -0.0768 -0.0148 1.0100 -5.4800 5.2600 -47.0000 -245.1875 19.5625
0.8205 -0.5339 -0.1896 0.0762 3.6700 -3.9300 3.2400 -21.5000 -80.6250 113.3750
0.7653 -0.5763 -0.2136 0.1912 0.1400 -2.8000 -0.1100 -209.7500 -36.9375 138.8125
0.6821 -0.6743 -0.1748 0.2225 -18.4800 -14.8200 -9.5000 -23.4375 101.0000 -139.3125
0.6754 -0.6957 -0.2050 0.1334 3.8500 -20.4300 -14.1100 85.8125 -49.1875 -110.5000
0.7089 -0.6299 -0.2863 0.1370 0.5300 -13.3700 -8.9200 198.8750 -112.4375 6.7500
0.7723 -0.4932 -0.3198 0.2408 6.5100 0.5500 -8.7300 453.1250 -60.5625 -7.1875
0.0000 0.0000 0.0000 0.0000 -0.1600 10.7400 -10.0400 509.0000 39.8750 -114.1250
0.8953 0.1099 -0.0915 0.4219 -12.4300 22.8300 9.7900 418.6875 -78.1875 -0.9375
0.8372 0.3071 0.0198 0.4521 -6.8900 14.2300 16.2700 -73.7500 -135.8125 72.1250
0.8238 0.3170 -0.0449 0.4679 4.7000 2.9500 8.3600 20.1250 -2.8750 -32.7500
0.8264 0.3248 -0.0140 0.4597 -0.1400 6.7300 9.5400 0.1250 -3.5625 -0.9375
0.8269 0.3237 -0.0059 0.4597 3.2700 4.1600 5.8400 0.3125 -1.6875 5.0625
0.8274 0.3235 -0.0150 0.4589 2.9000 4.9900 8.2600 -18.0000 -15.8125 -2.1250
;
0.8319 0.3168 -0.0309 0.4545 2.0700 5.6900 8.4600 -6.3125 9.7500 -17.9375
0.8399 0.3104 -0.0270 0.4443 0.2300 12.5900 14.0800 -68.5000 -1.1875 -98.8750
0.8818 0.2802 -0.0107 0.3793 1.4000 16.0300 12.7500 -111.8125 -1.7500 -218.5625
0.9391 0.2399 -0.0073 0.2457 10.8800 9.1200 -2.9500 -80.8750 -58.9375 -176.9375
0.9656 0.2290 -0.0120 0.1229 10.1000 1.6800 -1.3300 -234.6250 -164.8750 -121.8750
0.9930 0.0984 -0.0634 -0.0160 9.5300 -9.4200 4.8700 -157.0000 70.0625 -114.7500
0.9932 0.0060 -0.0039 -0.1164 -1.8000 -6.5000 10.2000 -7.3125 43.6250 -69.1875
0.9866 -0.0042 0.0391 -0.1584 -1.7200 -5.2300 10.3900 -11.6250 32.0000 19.5000
0.9876 -0.0111 0.0578 -0.1455 -2.6000 -5.2700 14.1500 -37.2500 52.5000 -24.1875
0.9828 -0.0352 0.0956 -0.1538 -4.1400 -12.7900 20.8500 -315.1875 -138.8125 196.0000
0.9224 -0.3817 0.0578 -0.0126 -11.3400 -9.3100 -36.6800 42.0625 -192.6875 -222.9375
0.8235 -0.5659 -0.0350 0.0192 1.8400 2.1400 11.7300 165.4375 152.8750 -109.6875
0.8937 -0.4472 -0.0257 -0.0237 2.2100 -3.5900 10.4300 -22.8125 -60.6250 -3.0625
0.8909 -0.4475 -0.0774 -0.0063 12.6900 3.9200 15.0300 206.1875 -146.5625 183.3750
0.8953 -0.4008 -0.1426 0.1318 2.3800 1.7700 4.6700 -347.5625 -144.8750 166.1250
0.7625 -0.5841 -0.1772 0.2144 -7.9100 -11.9000 -12.3600 -157.3750 101.9375 20.8125
0.6813 -0.6942 -0.1582 0.1699 -10.6400 -17.2200 -8.1600 -102.3125 -137.6875 -102.8750
0.6667 -0.6960 -0.2299 0.1351 -3.8000 -10.9800 -0.2400 112.4375 -153.1250 -16.1875
0.7368 -0.5896 -0.2706 0.1906 7.7500 -8.3500 -15.5800 445.6875 -76.6875 -3.0625
0.8452 -0.3442 -0.2712 0.3059 5.5100 2.3400 -12.5200 517.1875 -64.3125 -39.1875
0.8983 -0.0217 -0.1949 0.3932 8.3400 12.7700 -13.0400 693.6250 30.5000 -19.1875
0.8339 0.3030 0.0165 0.4610 1.5100 21.9100 10.8800 211.5625 -135.6875 158.8125
0.8328 0.2600 -0.0411 0.4870 -0.3800 4.8200 7.7600 58.2500 -17.4375 9.9375
0.8192 0.2967 -0.0330 0.4897 3.8500 3.7000 7.0500 -29.5625 5.4375 -16.1250
0.8242 0.2898 -0.0349 0.4853 2.6500 4.3300 7.6100 -2.5000 -9.6250 12.0625
0.8218 0.2914 -0.0388 0.4882 3.2900 4.2200 7.8100 1.1875 2.5625 -3.3750
0.8225 0.2911 -0.0376 0.4871 3.3100 4.4900 7.6900 0.2500 3.6875 -1.0625
0.8222 0.2918 -0.0364 0.4873 3.0800 4.3400 7.8600 -2.0625 -1.0625 -1.2500
;
0.8227 0.2929 -0.0357 0.4859 2.9800 4.2600 7.5600 3.0000 -2.2500 -0.6250
-0.2674 0.1066 0.2777 0.9165 3.0700 4.5800 7.8100 22.0000 -9.6250 0.3750
-0.2660 0.1088 0.2999 0.9097 5.1600 17.5300 16.9900 170.6875 257.3125 -200.6875
-0.1973 -0.0376 0.3491 0.9153 6.3500 18.9600 -1.0900 -80.3750 -106.6875 -210.3750
-0.0114 0.0132 0.2956 0.9551 10.8400 -2.1300 -7.1600 -121.7500 -318.0000 -167.2500
0.1648 0.0806 0.1612 0.9697 5.9700 -10.6100 3.1700 -209.8750 0.6875 -190.0000
0.2907 0.0357 0.0367 0.9554 1.9700 -9.0900 8.4000 -92.8750 61.8125 -114.6250
0.3497 -0.0151 0.0015 0.9367 -3.5500 -6.4600 11.7500 -15.8125 16.8750 7.5000
0.3470 -0.0345 -0.0048 0.9372 -4.6500 -10.9700 15.6600 -74.3750 68.5625 -36.7500
0.3235 -0.0872 -0.0560 0.9406 -12.3100 5.8100 13.0400 -1389.5625 19.3750 166.2500
0.1635 -0.1698 -0.5747 0.7837 29.2500 -0.8100 7.8600 145.4375 21.3125 -83.1250
0.1842 -0.0579 -0.5355 0.8221 1.9500 -0.3000 12.0800 33.9375 -112.3125 -41.0000
0.1514 -0.0001 -0.5303 0.8342 1.9400 -4.0000 5.2800 -44.8750 -193.4375 56.8125
0.0573 0.0703 -0.5620 0.8222 5.7900 -1.0800 7.7700 -176.4375 -153.0625 156.5625
-0.0831 0.0969 -0.6709 0.7305 -1.0600 -5.5500 -3.5200 -114.4375 16.7500 139.3125
-0.1160 0.0109 -0.7340 0.6691 -20.1900 -13.2500 -8.9100 -36.3125 111.3750 -101.4375
-0.0284 -0.0039 -0.7559 0.6541 -0.0900 -15.9500 -4.5900 12.8750 17.4375 -70.0000
0.0081 0.0576 -0.7455 0.6640 0.7000 -12.6200 -11.7800 127.9375 -133.3125 -47.8125
-0.0440 0.1293 -0.6707 0.7291 -3.5500 -7.2200 -16.2900 453.6250 -256.4375 -93.8750
-0.1327 0.2271 -0.3647 0.8932 7.2400 9.8300 -11.2900 585.7500 -96.0625 -62.3750
-0.1893 0.1964 0.0403 0.9612 15.5200 20.6100 8.9600 399.2500 -50.3125 130.1250
-0.2769 0.1761 0.2439 0.9126 10.4900 37.4500 39.0700 85.3125 -265.3750 24.4375
-0.2928 0.1734 0.2433 0.9083 7.9500 2.9000 8.5400 22.0000 38.5625 -38.1250
-0.2794 0.1346 0.2518 0.9167 4.1100 3.4700 6.9600 -0.3750 -21.0000 12.8750
-0.2811 0.1461 0.2545 0.9137 3.5100 3.5200 7.4800 -3.2500 6.6875 -1.7500
;
