0.8995 0.4081 0.1558 -0.0060 -2.8500 7.1500 6.1200 -0.8125 -3.3750 0.1250
0.9009 0.4068 0.1511 -0.0073 -2.6700 7.2600 6.9000 -37.7500 -35.7500 6.6250
0.9172 0.3754 0.1329 -0.0135 -1.3700 10.5600 12.1100 -153.2500 -13.0000 8.2500
0.9501 0.2868 0.1224 -0.0035 -2.3400 10.1400 8.6100 -13.1250 -3.1875 -29.6875
0.9521 0.2778 0.1215 -0.0381 -0.6100 7.5600 9.3200 12.5625 -79.8750 -62.0625
0.9503 0.2844 0.0853 -0.0939 -0.5300 4.3600 5.5700 66.1250 -24.5000 -22.6250
0.9343 0.3312 0.0651 -0.1152 -4.7900 3.3300 9.2200 -33.4375 -28.8750 -20.8750
0.9374 0.3133 0.0590 -0.1402 -1.1900 2.8900 6.9400 -62.5625 -11.6875 -3.7500
0.9492 0.2718 0.0621 -0.1462 -1.4600 2.3100 7.5200 -80.9375 36.3750 -35.7500
0.9589 0.2191 0.0977 -0.1518 -2.5200 -1.4400 11.3000 -172.1250 21.6250 28.9375
0.9818 0.0834 0.1182 -0.1228 -13.8600 -4.1600 36.4900 -1181.4375 -80.3125 -308.8125
0.8531 -0.5154 0.0706 -0.0386 -6.4500 -2.8900 39.6100 -41.1875 -239.3750 -22.1875
0.8448 -0.5322 0.0075 -0.0553 2.7200 -5.8800 20.8600 -152.8125 -204.6875 -64.8125
0.7810 -0.6121 -0.1213 -0.0245 0.7700 -6.4100 4.0900 -162.3125 -122.8125 -41.6875
0.6926 -0.6899 -0.2101 -0.0084 1.2600 -7.1600 -1.6200 -89.6875 -27.1875 -76.1250
0.6403 -0.7214 -0.2603 -0.0422 6.8600 -7.4600 -7.7000 -42.6250 -16.3750 -34.3125
0.6167 -0.7349 -0.2775 -0.0518 7.0900 -7.3800 -5.9500 -1.3750 -5.2500 57.6875
0.6152 -0.7454 -0.2554 -0.0256 3.6300 -7.5200 -7.5600 84.1250 2.3125 64.1875
0.6556 -0.7211 -0.2234 0.0170 1.4000 -6.6900 -7.5700 248.2500 -5.4375 93.8750
0.7930 -0.5759 -0.1707 0.1019 1.5800 4.2200 -10.5900 671.7500 101.6250 26.0625
0.9683 -0.1929 -0.0419 0.1533 -2.3300 15.0600 2.8500 577.0625 69.5625 86.5625
0.9605 0.1845 0.0998 0.1827 -5.8800 24.3100 7.1400 467.9375 162.8750 -1.4375
0.8763 0.4104 0.1840 0.1725 -5.5600 17.1300 12.9700 -29.7500 -89.2500 65.8750
0.8901 0.4006 0.1010 0.1927 0.0500 14.5400 14.3400 -142.2500 -107.5625 34.8125
0.9219 0.3314 0.0195 0.1998 3.7900 11.6500 8.7900 -132.9375 -126.1875 173.6250
0.9129 0.2672 -0.1165 0.2858 3.1100 5.0000 4.5400 -89.8125 -73.9375 381.6250
0.8212 0.1855 -0.2528 0.4768 1.9300 -2.0800 2.4400 6.1875 97.0625 288.9375
0.7230 0.0999 -0.2595 0.6325 0.8800 -1.6400 6.9100 -25.1875 60.9375 101.6875
0.9160 -0.0755 -0.2543 0.3009 -0.4600 -1.5200 8.3600 -50.3125 22.8750 7.6250
0.9092 -0.1146 -0.2585 0.3054 -1.2300 0.0000 9.3300 -88.2500 -12.8750 -45.8125
0.9120 -0.1588 -0.2769 0.2574 -1.4500 1.8000 17.3100 -246.8125 -201.8125 -96.3125
0.8441 -0.2972 -0.4183 0.1555 1.5200 -0.9700 6.8900 -491.9375 -68.1875 -198.5000
0.6595 -0.5294 -0.5286 -0.0733 0.0000 0.0000 0.0000 -224.8750 150.7500 2033.5000
0.0000 0.0000 0.0000 0.0000 0.0000 0.0000 0.0000 -219.0000 -22.6875 58.1875
0.4939 -0.7368 -0.4086 -0.2150 7.6800 -2.5300 -6.1300 6.1875 18.4375 7.0625
0.4960 -0.7397 -0.3953 -0.2248 7.0200 -3.9000 -3.7100 57.0000 49.0625 -1.3750
0.5397 -0.7069 -0.3923 -0.2346 8.2700 -3.6500 -6.7600 188.5625 52.0000 -62.1875
0.6397 -0.5989 -0.4261 -0.2247 7.5400 0.6200 -4.6100 422.3125 57.9375 -70.5000
0.7842 -0.3735 -0.4706 -0.1552 4.9000 -0.0500 1.2500 363.3750 179.1875 -126.2500
0.8945 -0.0798 -0.4192 -0.1334 2.7200 1.7100 4.7700 281.0000 255.2500 -171.9375
0.9270 0.1620 -0.2958 -0.1642 -3.9500 4.6700 8.1100 234.4375 152.6875 -245.7500
0.8690 0.3889 -0.1820 -0.2460 -2.0800 9.8700 9.6700 137.4375 64.7500 -140.8125
;
0.8098 0.5773 -0.1038 -0.0132 1.3400 9.0800 3.0400 0.5000 -0.7500 -0.4375
0.8098 0.5773 -0.1040 -0.0135 1.8800 11.5500 11.1300 -151.2500 -63.7500 23.4375
0.8499 0.5083 -0.1340 -0.0372 0.4100 9.1100 3.1400 -73.2500 -1.6250 -43.1875
0.8719 0.4703 -0.1145 -0.0741 1.9700 15.7800 8.5100 64.7500 42.7500 -78.8750
0.8619 0.4879 -0.0721 -0.1182 -0.5900 9.8600 0.0200 -105.7500 -88.9375 -61.2500
0.8833 0.4262 -0.0667 -0.1836 2.8800 7.0600 4.1600 -124.3125 -19.0000 -74.5625
0.9014 0.3488 -0.0413 -0.2534 0.4000 3.1900 5.9000 -79.0625 -9.3750 -52.4375
0.9109 0.2966 -0.0215 -0.2861 -1.4600 1.5400 6.9300 -78.0625 6.5625 -41.6875
0.9164 0.2521 0.0014 -0.3109 -1.6900 2.1400 8.4000 -45.5625 -19.5000 -22.8750
0.9178 0.2227 0.0073 -0.3286 -2.3200 -1.0600 8.6100 -8.5625 8.0625 -42.9375
0.9099 0.2175 0.0190 -0.3528 -4.9700 -4.9900 8.7600 41.3750 29.1250 -93.7500
0.8828 0.2278 0.0514 -0.4075 -10.1300 9.4800 33.5100 -1058.1875 -218.5000 -126.1250
0.8346 -0.3742 0.1859 -0.3589 -39.0900 -21.7200 -29.3400 -5.3125 6.8750 -271.8125
0.7905 -0.4828 0.1690 -0.3368 9.6500 -5.5500 17.2600 -77.0625 -113.5625 -85.3750
0.7598 -0.5543 0.1003 -0.3246 0.0000 -6.9900 8.9400 -86.6875 -177.4375 17.1875
0.7356 -0.6354 0.0211 -0.2340 3.2900 -8.3500 4.3800 -67.3750 -217.1250 -10.4375
0.7078 -0.6846 -0.0566 -0.1646 3.0000 -8.3700 3.1600 -3.7500 3.2500 33.4375
0.6980 -0.7010 -0.0421 -0.1400 0.7300 -7.1500 -2.4800 -131.0000 -71.3125 75.8125
0.6386 -0.7653 -0.0276 -0.0762 -0.7300 -7.1000 -9.2300 -70.6875 -56.2500 50.6250
0.5989 -0.8003 -0.0160 -0.0228 -1.6700 -8.0300 -9.4200 70.0625 -7.5625 33.0625
0.6292 -0.7773 -0.0026 -0.0029 -1.5100 -9.1600 -9.4700 201.3125 -6.1250 -9.4375
0.7614 -0.6482 -0.0139 -0.0024 3.5700 -1.4700 -1.2100 487.6875 15.7500 -20.0000
0.9317 -0.3629 0.0013 -0.0140 -0.9400 1.7500 0.9000 428.0625 -16.4375 65.0625
0.9966 -0.0794 0.0107 0.0210 -0.1900 7.0400 2.4700 271.8750 2.1250 -11.3125
0.9938 0.1071 0.0185 0.0212 1.3400 14.0900 12.4100 227.1875 53.6875 50.3750
0.9687 0.2410 0.0424 0.0406 -1.2600 10.9900 15.7600 79.3750 -33.3750 46.5000
0.9520 0.2992 0.0129 0.0643 -1.8700 10.2100 16.3300 -35.6250 -59.5625 8.5000
0.9557 0.2859 -0.0292 0.0623 -0.6200 9.7700 11.2700 -29.3750 -137.5000 -3.8750
0.9513 0.2733 -0.1327 0.0523 13.6500 11.3200 6.7600 -34.8125 -187.6875 352.0625
0.9091 0.2078 -0.2856 0.2208 0.2800 1.6900 8.8200 -43.0625 102.3125 216.3750
0.8659 0.1235 -0.2709 0.4020 -0.5500 -1.9400 7.7600 -109.8750 45.9375 139.1875
0.9155 -0.0397 -0.2722 0.2938 -0.5800 -4.7200 6.9600 -76.8750 53.4375 73.3750
0.9055 -0.1129 -0.2501 0.3239 0.5900 -1.8900 8.6400 -76.3125 -23.8125 70.5625
0.8816 -0.1594 -0.2725 0.3508 0.2300 -2.0200 9.0500 -36.5000 -55.1250 2.8750
0.8619 -0.1730 -0.3151 0.3575 3.6600 -6.6200 6.9100 -31.1875 -75.2500 -6.1875
0.8430 -0.1785 -0.3773 0.3394 3.9000 -2.6200 15.4000 -377.5625 -192.2500 -37.8750
0.7526 -0.3502 -0.5235 0.1923 9.7500 2.6600 4.1900 -551.5000 -143.6875 24.0625
0.5292 -0.6356 -0.5621 -0.0025 1.7900 -4.5300 -9.6000 -207.5625 8.5000 39.5000
0.4197 -0.7400 -0.5223 -0.0587 5.3200 0.1800 -11.3300 -49.5000 24.5000 27.5000
0.3961 -0.7662 -0.4995 -0.0809 4.8800 -1.0500 -9.4200 58.5625 43.1250 1.8750
0.4363 -0.7491 -0.4910 -0.0859 4.4900 -3.1600 -6.8100 124.6250 34.3750 -46.0000
0.5289 -0.6707 -0.5154 -0.0693 5.5300 -0.4700 -8.9000 360.7500 40.8750 -83.3750
0.6843 -0.4896 -0.5404 0.0053 3.9700 -0.1800 -5.2700 439.6875 133.8125 -144.8750
0.8402 -0.1895 -0.5048 0.0573 5.7100 2.4300 5.9700 285.1875 10.1875 -193.6875
0.8665 0.0436 -0.4946 0.0517 5.2900 5.5700 10.4800 242.1250 47.1875 -150.8125
;
