0.8996 0.3589 -0.2472 -0.0279 3.8500 4.9500 5.3800 -114.5625 46.8750 -58.8125
0.9294 0.3039 -0.1989 -0.0664 3.2200 4.9300 5.1900 -43.9375 81.3125 -45.5000
0.9442 0.2875 -0.1361 -0.0854 4.3600 4.1500 6.7200 -34.5000 48.5625 -48.3125
0.9502 0.2745 -0.0984 -0.1102 2.0700 6.7100 7.6700 -61.0625 37.6250 -39.0000
0.9593 0.2442 -0.0605 -0.1282 -0.1100 3.8100 7.4800 -72.3750 76.6875 -32.8125
0.9685 0.2076 -0.0120 -0.1368 -1.1000 1.1400 7.6800 -47.6250 3.3125 4.6875
0.9749 0.1757 -0.0008 -0.1368 -1.4100 -0.2300 8.5100 -35.0000 14.7500 -10.8125
0.9785 0.1504 0.0298 -0.1382 -23.2800 -3.4500 39.5000 -1029.8750 -259.4375 -267.7500
0.9025 -0.3877 0.0464 -0.1818 -2.0100 1.4100 33.1900 90.5625 -24.8125 -48.3125
0.9080 -0.3444 0.0508 -0.2330 8.1800 0.1400 17.0800 36.0625 -57.2500 -0.8750
0.9166 -0.3311 0.0074 -0.2238 0.5000 -4.2000 7.3400 26.5000 -58.3750 -2.3750
0.9244 -0.3173 -0.0358 -0.2087 1.4900 -3.9000 8.8800 149.8750 -198.3125 9.0000
0.9399 -0.2488 -0.1783 -0.1511 8.7900 -1.7200 7.7500 180.2500 -511.0625 190.8750
0.8458 -0.1882 -0.4908 0.0913 6.6100 -4.6500 2.5000 132.1875 -339.1250 197.3125
0.7084 -0.1560 -0.6317 0.2736 10.1500 -6.9000 -0.0900 9.1875 -147.2500 123.3750
0.6031 -0.1794 -0.6922 0.3535 8.1800 -7.4100 -3.1000 -36.6250 -91.4375 102.3125
0.5240 -0.2148 -0.7283 0.3859 6.2900 -8.1800 1.8800 -32.3750 -85.7500 38.8750
0.4667 -0.2226 -0.7572 0.3992 8.3700 -7.7500 -0.7500 9.7500 7.4375 36.0000
0.4550 -0.2344 -0.7538 0.4119 2.8500 -8.3400 -3.6200 114.1875 8.7500 12.0000
0.4845 -0.2017 -0.6989 0.4860 -10.5100 1.2300 30.4600 124.2500 -293.8125 36.6875
0.5423 -0.1450 -0.6402 0.5245 3.7500 -5.9700 12.7100 -217.8125 -48.4375 -30.5625
0.5085 -0.1803 -0.7089 0.4543 9.8400 -9.9200 -25.4000 423.7500 175.1875 26.5625
0.5743 -0.1462 -0.6250 0.5081 8.2500 -6.4000 3.3600 81.9375 92.4375 16.8125
0.5979 -0.1543 -0.5815 0.5296 1.2200 -6.9200 4.4500 -66.0000 90.3750 -75.5000
0.6404 -0.1850 -0.5808 0.4672 4.2500 -6.1900 -1.2000 23.6875 137.2500 -145.8750
0.7471 -0.1542 -0.5225 0.3807 -0.4500 -4.7400 -0.5400 248.5000 245.1250 -254.1875
0.8878 0.0122 -0.3538 0.2942 3.1000 4.1500 6.4800 307.8125 40.8125 -287.3125
0.9220 0.2327 -0.2535 0.1773 6.8600 7.6400 4.2600 173.6875 17.0000 -228.1875
0.9046 0.3755 -0.1923 0.0603 5.4000 10.8200 7.8000 65.2500 -4.5625 -103.4375
0.8772 0.4492 -0.1696 -0.0072 11.1300 18.8600 9.3800 15.5000 -54.8125 130.5625
0.8659 0.4321 -0.2510 0.0239 4.7200 3.6900 1.9700 -38.6875 -23.5000 24.9375
;
0.8678 0.4130 -0.2743 0.0332 4.9600 8.3100 5.7800 35.0000 16.5000 -4.0000
0.8569 0.4331 -0.2763 0.0427 4.9800 6.6500 4.3100 6.5625 -24.8750 16.8125
0.8513 0.4346 -0.2902 0.0464 5.2300 7.1100 4.4200 5.6875 -4.0625 -2.1875
0.8137 0.3118 -0.4235 -0.2474 5.1500 7.0800 4.3700 0.7500 -4.9375 -2.8750
0.8128 0.3144 -0.4235 -0.2472 4.8000 7.5600 5.1300 -12.4375 -12.0625 -33.1250
0.8058 0.3075 -0.4219 -0.2795 8.4200 10.4700 8.1700 -118.3750 -35.7500 25.2500
0.8121 0.2216 -0.4344 -0.3206 8.9800 8.3700 5.1300 -91.9375 -55.2500 42.0625
0.8248 0.1441 -0.4369 -0.3288 7.1800 5.8300 5.3000 -100.0000 24.1875 51.9375
0.8512 0.0793 -0.4047 -0.3247 6.8500 4.0800 5.7200 -83.0000 71.1875 28.6250
0.8776 0.0468 -0.3440 -0.3307 5.6400 2.9900 5.9900 -67.1875 166.1250 -55.5000
0.8960 0.0594 -0.2316 -0.3742 2.7700 2.3700 4.3600 52.2500 216.1250 -123.7500
0.8832 0.1523 -0.1179 -0.4277 0.6000 5.1800 9.9300 62.6875 108.7500 -124.7500
0.8442 0.2317 -0.0422 -0.4814 -1.7900 2.5300 7.7400 -29.8750 -6.6875 -43.8125
0.8315 0.2141 -0.0225 -0.5121 -2.8200 0.8200 8.6900 -96.3750 -25.7500 -21.3750
0.8347 0.1548 -0.0028 -0.5285 -1.0300 -11.2000 9.8900 -327.8750 147.0625 41.3125
0.8373 -0.0922 0.1695 -0.5115 11.7600 5.1600 -26.0400 -260.6250 86.6250 27.1250
0.7803 -0.2243 0.2672 -0.5189 3.9400 2.8500 20.8800 90.7500 -128.0625 -62.6250
0.7917 -0.2308 0.1658 -0.5407 3.2700 -2.1500 15.3300 -20.6250 -136.8750 51.2500
0.8250 -0.2874 0.0908 -0.4781 -0.7500 -4.4300 8.9100 65.8125 -333.2500 118.0625
0.8717 -0.3352 -0.1190 -0.3372 2.1600 -4.7900 5.2500 166.0000 -668.5625 158.6875
0.7913 -0.3555 -0.4950 -0.0495 10.2200 -5.2100 0.9200 68.9375 -300.4375 183.5000
0.6818 -0.3759 -0.6142 0.1288 6.7600 -8.2200 -3.7900 -1.5000 -143.6875 49.2500
0.6097 -0.3842 -0.6658 0.1935 10.5600 -9.4400 -5.2400 16.3125 -8.1875 37.3125
0.6013 -0.3896 -0.6637 0.2147 7.1200 -8.7700 -3.2800 6.6875 28.5625 28.7500
0.6010 -0.4044 -0.6536 0.2192 5.0000 -7.0100 -2.0800 4.4375 -71.6875 21.0000
0.5862 -0.4030 -0.6548 0.2554 8.0500 -6.5500 -13.6600 473.4375 175.9375 -0.1875
0.7173 -0.3223 -0.5399 0.3003 8.3500 -5.4800 3.0700 119.8125 -39.5625 37.1250
0.6980 -0.3266 -0.5466 0.3275 9.2500 -7.8400 -7.6500 -85.5000 24.1875 0.5000
0.7335 -0.2979 -0.5143 0.3298 12.5100 -17.0400 -3.0800 -8.8125 -160.5625 -14.8125
0.7502 -0.3066 -0.5044 0.2981 1.7700 -4.7700 14.4100 -158.4375 34.0625 -49.2500
0.7548 -0.3499 -0.5017 0.2372 9.3300 -5.9400 -1.4700 -50.5000 156.4375 -92.7500
0.8074 -0.3541 -0.4551 0.1250 1.5800 -5.2500 3.2900 69.8750 152.9375 -190.3750
0.8824 -0.2703 -0.3851 -0.0060 3.2800 -2.3700 2.1400 235.8125 280.8125 -264.5625
0.9496 -0.0385 -0.2604 -0.1701 3.4300 3.5700 8.0600 210.0625 141.0000 -262.5000
;
