0.9838 0.1738 -0.0228 0.0386 1.2200 -0.6200 4.9700 158.1250 -40.3750 85.8125
0.9528 0.2841 -0.0475 0.0955 2.3100 8.4200 4.7400 258.2500 -3.2500 96.7500
0.8866 0.4315 -0.0519 0.1583 1.6100 15.1800 9.1100 85.9375 1.5000 25.2500
0.8611 0.4739 -0.0490 0.1777 -0.1100 11.3200 6.7900 -55.3125 -41.8125 3.1250
0.8782 0.4442 -0.0719 0.1620 1.1100 7.4800 4.9400 -66.3125 -41.0000 -78.6875
0.9037 0.4100 -0.0751 0.0978 2.3000 7.5600 5.2700 -48.3125 -37.5000 -143.8125
0.9202 0.3845 -0.0731 -0.0023 3.8900 4.9400 4.2500 42.4375 -106.2500 -54.1875
0.9075 0.3962 -0.1212 -0.0688 3.6800 5.7200 6.4100 -40.6250 -9.3125 -7.7500
0.9182 0.3690 -0.1195 -0.0814 -1.3400 5.9700 10.8700 -185.3750 85.3125 -30.1250
0.9680 0.2213 -0.0665 -0.0975 -14.1300 0.4800 11.1600 -834.8125 7.5000 -234.5000
0.9384 -0.2300 0.0599 -0.2509 -6.6200 6.4400 27.3000 239.9375 -31.2500 -106.8750
0.9417 -0.1198 0.0222 -0.3137 4.5600 3.3800 15.9700 101.4375 -60.3750 62.4375
0.9568 -0.0682 -0.0417 -0.2795 -2.0900 -1.4100 7.7900 199.5625 -234.1250 69.1875
0.9508 0.0103 -0.2414 -0.1939 9.7700 3.0600 10.1500 287.1875 -369.1875 276.5625
0.8646 0.1005 -0.4903 0.0436 17.5000 4.7000 9.2500 232.8750 -145.0625 420.8750
0.7178 0.1014 -0.5912 0.3534 7.9900 -6.2700 -1.8500 150.1875 34.5000 161.5625
0.6686 0.1001 -0.5482 0.4924 5.8000 -3.1200 1.2800 175.3125 -20.3125 98.4375
0.6186 0.1396 -0.4938 0.5950 5.6300 0.0000 4.4500 113.3750 22.0625 68.7500
0.5850 0.1506 -0.4490 0.6584 4.6700 -1.2600 4.5900 40.7500 25.4375 37.0000
0.5552 0.1597 -0.4419 0.6863 8.3300 -1.8100 2.0900 -74.8125 -41.6875 -59.1875
0.5768 0.1586 -0.4872 0.6362 8.0800 -2.8400 3.8900 -120.1875 32.6875 -35.6250
0.6205 0.0949 -0.5229 0.5766 9.7700 -3.3600 2.3800 -226.5625 123.3750 -25.6250
0.6891 -0.0354 -0.5339 0.4888 8.2900 -4.9900 5.8600 -213.0000 212.0000 -25.4375
0.7484 -0.1800 -0.5005 0.3964 2.7300 -10.7000 -2.0600 -54.6875 88.1250 12.1875
0.8024 -0.2566 -0.3928 0.3688 -0.3700 -6.1900 8.5300 68.1875 185.0625 17.5625
0.8458 -0.2745 -0.2868 0.3563 -3.5000 -5.8400 6.7500 -16.7500 -28.3125 -76.1875
0.8608 -0.2599 -0.3094 0.3094 0.3100 -5.7800 2.8000 127.5000 5.7500 -213.4375
0.9099 -0.1516 -0.3202 0.2158 10.9400 -2.6200 2.5400 143.6875 49.7500 -162.0000
0.9445 -0.0275 -0.2971 0.1375 11.8300 4.4900 9.3800 214.6875 -73.3125 67.6250
0.9148 0.1127 -0.3318 0.2007 6.3300 -2.9000 5.5700 142.8750 -15.5000 14.6250
0.8995 0.2012 -0.3080 0.2355 8.3600 3.4600 6.5100 329.7500 196.6875 -29.6250
0.8654 0.3718 -0.1652 0.2925 7.6700 12.9700 8.5700 171.1875 83.3750 -32.5000
0.8457 0.4303 -0.0679 0.3083 3.8900 17.8600 12.3500 -78.6875 132.6875 -103.7500
0.8895 0.3550 0.0268 0.2864 1.0700 8.9300 7.6200 -155.3125 137.0000 -144.0000
0.9409 0.2244 0.1111 0.2283 0.3200 0.1600 2.7200 -60.8125 48.1250 -83.3125
0.9419 0.2192 0.0526 -0.2491 -0.0400 -2.2200 2.6200 6.3125 -6.1875 13.1250
0.9420 0.2236 0.0464 -0.2462 0.0000 0.0000 0.0000 93.0000 -88.0625 68.5625
0.9382 0.2667 -0.0320 -0.2182 3.1900 -0.0300 1.7900 162.3750 -111.6875 127.4375
0.9125 0.3451 -0.1735 -0.1347 8.0000 5.0800 2.8900 180.7500 -154.7500 231.8125
0.8564 0.4061 -0.3190 -0.0055 11.0800 15.2000 4.4600 155.6875 38.7500 41.3750
0.8115 0.4788 -0.3273 0.0708 5.7800 19.4700 7.3700 -6.1250 35.6875 -10.3125
0.8184 0.4784 -0.3079 0.0814 6.1400 14.6400 5.5400 -112.3750 50.8750 -112.6875
0.8711 0.4274 -0.2419 0.0036 7.3400 12.4200 5.9300 -223.2500 80.8750 -0.0625
0.9282 0.3191 -0.1632 -0.0995 8.7300 3.6300 3.5200 -256.5000 144.9375 -80.1250
0.9719 0.1849 -0.0331 -0.1418 1.1900 -2.0000 1.5000 -128.3750 137.0625 -58.5000
0.9778 0.1143 0.0658 -0.1630 -3.1900 -4.7000 1.8400 3.0625 -10.7500 25.7500
0.9802 0.1113 0.0652 -0.1499 0.0000 0.0000 0.0000 123.5625 -133.3125 58.3750
0.0000 0.0000 0.0000 0.0000 4.5700 -0.7300 -0.7200 267.1250 -139.5000 53.1250
0.9177 0.3500 -0.1716 -0.0768 10.3600 10.9500 1.0600 288.2500 -94.5000 103.7500
0.8361 0.4812 -0.2634 -0.0073 6.0600 17.5900 7.5500 -32.2500 -44.8125 98.3125
0.8272 0.4577 -0.3247 0.0289 5.0900 9.6000 3.6400 -64.2500 -67.6875 29.1250
0.8311 0.4100 -0.3755 0.0125 7.1100 9.3500 6.2600 -75.5625 -70.3750 3.9375
;
