0.5500 0.8344 -0.0123 0.0341 0.7600 8.6000 -3.9600 5.5000 4.1875 8.0000
0.5457 0.8370 -0.0188 0.0373 1.5900 13.3100 -1.6600 -49.7500 -11.5625 68.1250
0.5751 0.8139 -0.0533 0.0634 0.7000 15.9400 -2.3700 -249.0000 34.7500 86.7500
0.7027 0.6915 -0.1144 0.1221 2.1700 22.1500 -3.1700 -444.5000 50.7500 137.2500
0.8481 0.4764 -0.1583 0.1695 2.9000 -0.8700 -13.0300 70.6250 219.6250 -61.8750
0.8690 0.4614 -0.0137 0.1782 0.1000 -6.3000 8.2100 -63.5625 -45.2500 -67.6875
0.8618 0.4873 -0.0634 0.1262 2.7200 2.7400 11.8200 -19.7500 43.4375 -39.5625
0.8778 0.4685 -0.0353 0.0936 0.0100 6.6000 7.4200 -102.0000 40.8750 -46.6875
0.9061 0.4149 -0.0057 0.0824 -3.1700 4.3400 11.0900 -47.8750 37.3750 26.5000
0.9255 0.3596 0.0418 0.1116 -9.5200 10.2300 20.3600 -2042.9375 17.3750 -45.5000
0.9266 -0.3046 -0.1383 0.1714 15.2800 2.6800 2.1900 305.0625 122.2500 -109.0000
0.9696 -0.1790 -0.1032 0.1310 3.6600 -0.8100 6.0500 30.0000 1.0000 41.8125
0.9717 -0.1602 -0.1039 0.1390 3.9800 -1.7000 7.9600 105.8750 8.8125 -65.0625
0.9913 -0.0617 -0.0775 0.0863 4.2000 2.0100 2.7900 427.8125 37.2500 -53.8750
0.9751 0.2109 -0.0117 0.0674 -0.2000 2.9300 -1.1400 575.5625 22.7500 53.3125
0.8276 0.5535 0.0190 0.0909 -2.7900 7.6800 8.1400 337.7500 -64.1250 61.1250
0.7181 0.6927 -0.0157 0.0640 7.5900 12.9000 -1.2800 128.9375 -129.5625 101.3125
0.6652 0.7429 -0.0672 0.0332 1.5700 16.4600 1.1100 98.6250 54.8750 -42.5000
0.6362 0.7698 -0.0029 0.0516 5.9200 38.9200 10.9500 -325.0000 25.6875 79.3750
0.7289 0.6716 0.0582 0.1189 -5.4200 -5.8000 -9.6800 -437.6875 -199.2500 13.2500
0.8392 0.5256 0.0896 0.1068 -3.4000 -4.5100 9.0400 -174.5000 38.9375 -14.6250
0.9099 0.3849 0.1209 0.0964 -4.9700 -7.0500 15.1100 -264.3125 9.0625 -21.5625
0.9838 -0.0112 0.0431 0.1737 -15.3100 6.2700 -39.0300 358.6875 -185.0625 -470.5625
0.9340 -0.2830 -0.1442 0.1639 21.7400 -0.9900 23.5300 124.4375 140.2500 9.3125
0.9673 -0.2128 -0.0559 0.1266 5.4700 -0.4700 16.9600 2.0000 -96.1875 -21.5625
0.9686 -0.2040 -0.0855 0.1140 0.6100 -3.9800 6.6700 66.6875 32.4375 -39.1875
0.9825 -0.1537 -0.0555 0.0886 3.9800 0.2600 4.5400 404.6250 46.7500 -63.9375
0.9915 0.1180 -0.0096 0.0545 3.9200 3.1200 1.2400 571.6875 69.4375 78.8750
0.8732 0.4700 0.0602 0.1140 -11.4500 5.0500 1.9200 489.5000 -14.1250 52.0625
0.6824 0.7130 0.0920 0.1325 -6.4300 11.7600 1.5100 187.5625 -84.0000 -18.2500
;
0.5926 0.7938 0.0825 0.1094 10.2300 27.1300 -2.3700 -69.1250 52.7500 -46.9375
0.6550 0.7448 0.0607 0.1120 0.8000 5.1200 5.5400 -91.5625 45.1875 -64.0000
0.6769 0.7263 0.0804 0.0891 3.0700 10.0500 -4.4000 99.8750 99.9375 -20.3125
0.6523 0.7460 0.0923 0.0974 -0.9600 9.0900 0.7700 1.5625 -22.3750 17.8750
0.6529 0.7476 0.0752 0.0960 0.5300 8.6400 0.7500 -2.1250 0.4375 0.3125
0.6534 0.7471 0.0734 0.0974 0.5000 8.8900 0.8500 1.3750 2.8750 -1.6250
0.6781 0.7240 0.0774 0.1002 -0.3100 11.7600 1.8100 66.3750 -47.3750 -42.1875
0.3965 0.4540 0.5840 0.5436 -1.9700 29.3300 2.5300 -276.0000 68.5000 31.0625
0.4440 0.3412 0.4504 0.6954 4.3900 11.9400 -29.2900 -11.9375 286.0625 -99.8750
0.4921 0.1805 0.4715 0.7092 -7.1200 -15.3600 10.9100 257.3125 68.5625 -190.3750
0.5490 0.1633 0.5325 0.6232 -4.9400 -0.3800 11.0100 19.6875 -50.8750 34.5625
0.5479 0.2030 0.5280 0.6163 -34.3400 34.4800 39.2200 2029.6250 -303.2500 -154.3125
0.6327 -0.1965 -0.1672 0.7302 29.8900 5.5200 6.7100 277.5000 125.6250 -39.6875
0.6773 -0.0280 -0.1095 0.7270 0.0000 0.0000 0.0000 6.4375 25.5000 4.4375
0.6816 -0.0304 -0.0810 0.7266 3.2800 -0.6200 6.3200 335.5000 227.8750 -128.0625
0.7175 0.0410 0.0922 0.6891 4.0200 2.5400 1.4700 323.1250 28.1250 120.5625
0.6432 0.1404 0.2391 0.7137 -3.1500 2.5800 4.6100 382.7500 90.4375 50.7500
0.5529 0.2548 0.4484 0.6545 -2.3600 5.5100 6.2400 374.3125 159.3125 69.0000
0.3863 0.3723 0.6528 0.5348 -2.3100 12.6000 5.2600 370.7500 -8.3125 77.7500
0.2432 0.4874 0.7526 0.3699 28.0500 22.4900 8.7400 197.0625 -6.8125 177.8125
0.2657 0.6137 0.6736 0.3148 4.5200 19.8600 -0.6200 -1.7500 65.2500 16.2500
0.2531 0.5927 0.6774 0.3547 -9.1600 30.8600 3.8400 -348.8750 -80.3750 -132.6250
0.4310 0.4262 0.6102 0.5100 2.3400 -2.0400 -1.5400 -465.8125 10.6875 -102.0000
0.5659 0.2323 0.4677 0.6380 -3.4800 -5.8100 5.4300 -189.9375 41.1875 -75.0625
0.6122 0.1154 0.3920 0.6769 -3.5900 -10.7700 9.3400 -84.8125 -11.0000 18.9375
0.6088 0.0761 0.3160 0.7238 -27.8700 34.0300 37.1100 -2036.5000 -65.9375 -12.0625
0.5688 -0.1173 -0.2062 0.7875 22.1300 -3.0800 -7.4900 163.0625 57.3750 -116.1250
0.6251 -0.0651 -0.1288 0.7672 -6.5100 -1.7400 6.4100 179.2500 -27.4375 -120.5000
0.6627 -0.0119 -0.0738 0.7452 4.4300 -2.2300 9.9100 32.5625 70.0000 10.6250
0.6585 -0.0245 -0.0435 0.7509 -0.9100 -2.3300 9.4200 49.8750 15.0000 -23.1875
0.6676 0.0026 -0.0011 0.7445 4.4900 -0.6700 3.0000 336.3750 63.3750 -30.4375
0.6575 0.1439 0.1976 0.7126 1.3000 3.3200 2.7100 559.0625 77.4375 111.4375
0.4926 0.3682 0.4973 0.6119 -2.3700 4.8500 3.4000 514.7500 105.5625 62.7500
0.3174 0.4952 0.6812 0.4359 -4.4200 20.0700 2.0800 314.3125 4.1250 1.5000
0.2295 0.5468 0.7438 0.3082 -9.4900 17.2700 -7.2800 -81.8750 -93.6250 -113.9375
;
0.2645 0.5507 0.7404 0.2805 4.6700 11.2200 2.8500 -163.5625 16.6250 45.8125
0.3225 0.5414 0.6932 0.3497 -1.6800 3.5000 -8.0700 54.6875 1.7500 -12.0625
0.3123 0.5457 0.6964 0.3461 -1.8600 8.0200 -1.8100 21.1250 -5.6250 21.1250
0.3009 0.5580 0.6958 0.3375 0.4300 10.3000 -0.5400 13.1875 5.8125 -1.0625
0.2942 0.5597 0.7000 0.3319 -1.2700 11.2800 -0.0300 -31.5000 -18.8750 -9.6875
0.3102 0.5593 0.6904 0.3380 -3.9300 26.6500 2.3600 -319.8750 -33.8750 8.9375
0.4017 0.4965 0.6204 0.4554 -3.3200 29.8700 -13.4400 -196.2500 104.0000 -7.3125
0.3890 0.3862 0.6440 0.5336 4.8800 -6.8500 8.2700 -249.6250 -115.6875 -226.6250
0.5306 0.2758 0.5775 0.5558 -5.2800 -2.7600 11.5300 -80.0000 -21.3125 -18.0000
0.5657 0.2357 0.5487 0.5686 -4.9300 -2.0600 13.6500 0.0000 0.0000 0.0000
0.0000 0.0000 0.0000 0.0000 -6.0900 5.3400 26.1900 -862.2500 -167.0000 262.2500
0.5736 -0.0941 -0.0955 0.8081 16.7400 10.7700 39.2200 -4.6875 -106.0625 -85.5625
0.6130 -0.0053 -0.1431 0.7770 5.7000 -1.2900 13.1200 126.5000 50.4375 -82.2500
0.6558 0.0376 -0.0458 0.7526 3.3900 -0.5300 10.4000 160.0625 92.3125 -55.1250
0.6744 0.0705 0.0849 0.7300 -0.7000 -0.3900 5.3400 250.0625 69.4375 -32.9375
0.6597 0.1558 0.2396 0.6951 1.4300 4.8500 4.3700 396.0000 -17.3750 -20.8750
0.5850 0.3309 0.4355 0.5989 -0.4700 2.5500 3.6100 495.1875 56.3750 18.0000
0.4005 0.4993 0.6522 0.4062 -7.2600 12.4500 6.1600 491.8125 -3.5000 -31.3125
0.2408 0.5707 0.7612 0.1921 -4.2800 25.4600 4.1000 76.3750 -31.2500 110.1250
0.1944 0.6202 0.7478 0.1353 2.6900 16.8800 -14.0700 183.0625 58.3125 -45.4375
0.1909 0.6277 0.7481 0.0994 -1.7600 23.3000 -7.1200 -171.0625 -6.2500 1.3750
0.3057 0.5972 0.7142 0.1995 -2.9800 10.8300 -15.4700 -628.1250 22.5000 -14.5000
0.4868 0.4566 0.6221 0.4093 1.5000 -6.7400 7.3700 -371.8750 0.5000 -47.6875
0.5818 0.3389 0.5429 0.5019 -2.7100 -5.9800 12.6200 -31.5000 0.4375 -9.3125
0.5889 0.3273 0.5356 0.5090 -2.9500 -7.9400 20.1800 -203.5625 138.4375 105.6875
0.5961 0.0395 0.2408 0.7649 -30.5900 -18.0900 -39.1400 7.5000 -478.8125 -436.1875
0.6942 0.0013 -0.0099 0.7197 7.9700 1.0100 17.1500 122.6250 69.0625 75.5000
0.6821 0.0236 0.0845 0.7260 6.1000 1.8000 22.9500 3.7500 -60.2500 -12.1875
0.6899 0.0463 0.1050 0.7148 -1.9700 -2.0800 9.5700 25.7500 -14.2500 -1.6250
0.6912 0.0705 0.1445 0.7046 3.4400 -0.7100 5.0300 378.8750 97.1250 -46.3125
0.6598 0.2046 0.3651 0.6241 -0.6600 3.7200 -1.0600 702.5000 69.6875 62.1875
0.4730 0.4594 0.5994 0.4538 -5.3300 5.9100 4.0900 517.9375 137.5000 44.8750
0.2496 0.5725 0.7309 0.2752 -4.8500 12.5800 6.4200 89.2500 10.9375 -3.3750
0.2822 0.5640 0.7266 0.2727 0.6000 23.7600 -6.9200 -33.5625 224.0000 -37.3125
;
0.3085 0.5650 0.7041 0.2997 2.0000 6.4500 1.7100 25.0000 71.2500 -43.5000
0.3071 0.5413 0.7231 0.2998 0.5400 7.4000 -6.3600 -58.8750 -208.8125 72.0000
0.3556 0.5524 0.6947 0.2930 -0.8400 9.0700 1.9400 -14.7500 -4.6250 4.5000
0.3616 0.5521 0.6914 0.2938 -0.6000 8.6300 1.3200 3.1875 -9.5625 -3.4375
0.3626 0.5527 0.6923 0.2894 -0.6100 9.3800 1.7700 15.2500 7.2500 0.0000
0.3571 0.5533 0.6956 0.2871 -0.2200 10.2800 0.8200 8.7500 7.6875 -35.8125
0.3235 0.5533 0.7231 0.2574 -7.3700 33.8400 10.8600 -266.3125 -36.2500 -55.0625
0.3510 0.4890 0.7166 0.3524 0.7500 17.2100 -5.7800 -407.9375 -83.0625 70.1875
0.4766 0.3740 0.5869 0.5371 -0.3000 -3.5400 3.2200 5.8750 73.2500 -116.9375
0.4694 0.2607 0.6518 0.5356 -5.4900 -8.0300 10.8100 31.5625 65.2500 -22.0625
0.4475 0.2476 0.6815 0.5235 -4.4500 -5.7200 12.1400 36.4375 -86.8125 -18.3750
0.0000 0.0000 0.0000 0.0000 -21.2700 9.3700 15.8300 -1787.0625 -64.2500 -333.6250
0.7007 -0.1479 0.0587 0.6954 14.8200 10.4700 39.2200 169.2500 221.6250 17.3125
0.6916 -0.1165 0.1351 0.6999 -9.9100 -3.1000 4.2400 42.2500 -5.0625 -27.5000
0.6864 -0.1080 0.1265 0.7079 -0.9100 -4.1900 7.6200 27.3125 -13.0000 45.7500
0.6767 -0.0632 0.1547 0.7170 2.2300 1.0400 0.6700 566.5000 22.5000 -36.8125
0.6517 0.1661 0.3879 0.6302 3.3400 6.2100 4.4300 523.8125 87.0625 115.5000
0.4822 0.3958 0.5947 0.5071 -5.1500 2.9000 1.4600 606.6250 18.5000 62.8125
0.2438 0.5504 0.7498 0.2747 -11.8800 16.7100 3.4500 443.6250 6.0625 17.0625
0.0873 0.5853 0.8011 0.0899 10.0300 -7.9500 11.1700 -246.1875 -422.8125 -159.8750
0.1683 0.6582 0.7317 0.0557 -1.6300 11.6200 -7.2300 -166.8750 -86.9375 -227.0000
0.2279 0.6099 0.7525 0.0993 -10.7900 21.1000 -13.8300 -67.3125 155.8125 -58.6250
0.3052 0.5349 0.7256 0.3069 0.9500 -10.9200 -10.8600 -236.0000 -40.1250 -205.7500
0.4669 0.3584 0.6685 0.4547 -4.0400 -6.2200 5.8800 -255.1875 -32.2500 -88.7500
0.5457 0.2264 0.5956 0.5441 -5.0000 -5.4600 11.3000 -77.3125 50.0625 -89.9375
0.5688 0.1647 0.5872 0.5519 -3.4200 -11.7900 14.9400 -170.5625 25.1875 182.4375
0.5433 0.0955 0.1845 0.8134 -4.9300 -33.2600 -33.3600 182.1250 58.8750 -374.3750
0.6366 -0.0067 0.1542 0.7556 1.9000 0.7700 24.4400 58.3750 43.0000 4.9375
0.6434 0.0406 0.1783 0.7433 3.6800 -2.0800 12.6700 -23.8125 37.6250 23.5625
0.6381 0.0395 0.1695 0.7500 -0.7000 -3.3600 4.3400 46.8750 -11.1875 -13.0625
0.6433 0.0657 0.1846 0.7401 1.7700 -0.7900 6.7200 149.1875 12.0625 -1.5000
0.6340 0.1359 0.2743 0.7102 2.8200 0.2100 2.9100 478.5000 -45.3750 63.3750
0.5550 0.3121 0.4434 0.6309 0.7800 2.8100 4.8700 519.1875 79.6250 73.5625
0.3769 0.4797 0.6395 0.4678 -4.2500 18.0100 12.0900 300.6250 -75.0625 -24.6250
0.2512 0.5569 0.7484 0.2581 -2.4100 11.9100 -3.9000 285.2500 55.5000 7.0000
0.1600 0.5950 0.7695 0.1682 -1.9200 19.5800 8.2300 -141.4375 -60.6875 -9.6250
;
0.2138 0.5929 0.7540 0.1850 -1.0400 4.9600 -2.9500 40.1875 -51.5625 -0.1250
0.2302 0.6088 0.7448 0.1476 1.2500 10.3300 -2.2100 20.3125 0.5000 -0.2500
0.2346 0.6110 0.7430 0.1400 -1.0000 9.1000 -1.6600 1.8125 -6.5000 5.1250
0.2349 0.6119 0.7424 0.1385 -0.2900 8.8000 -1.4800 1.9375 -3.5625 3.6250
0.2344 0.6122 0.7426 0.1373 -1.0600 12.2700 0.2900 1.1875 2.5625 14.6875
0.2623 0.6085 0.7250 0.1879 -2.6400 31.1900 -0.1200 -374.0625 14.9375 13.3125
0.3417 0.5518 0.6731 0.3546 -2.8700 12.8900 -11.8300 -228.1250 78.6875 -1.5625
0.3251 0.4808 0.6710 0.4614 -2.5100 -14.2300 6.9700 -307.1250 56.6250 -198.9375
0.4459 0.3091 0.6229 0.5636 -7.3100 -6.6700 10.0900 -98.8125 50.0625 -124.9375
0.4875 0.2199 0.6119 0.5828 -7.2500 -3.9800 10.9800 -10.4375 17.6875 81.0625
0.4715 0.2311 0.6097 0.5937 -8.1300 -7.9800 11.3000 134.6875 -35.2500 -11.8750
0.5071 0.2132 0.5391 0.6378 -23.4100 39.2200 -11.8800 -770.8125 -925.5000 -3.0625
0.6783 -0.0159 0.1993 0.7070 -11.5200 10.1900 32.7300 100.3750 -92.9375 21.6875
0.6672 0.0388 0.3100 0.6762 -1.8500 -0.4100 7.5600 60.3750 16.7500 48.3125
0.6451 0.0791 0.3359 0.6818 0.2600 3.2700 8.3400 390.8750 -50.6250 -48.7500
0.6362 0.2232 0.4647 0.5740 3.9800 2.7900 -1.7600 502.3125 87.6250 81.5625
0.4914 0.4069 0.6205 0.4560 -3.4000 3.0000 5.2900 405.1875 87.8750 92.1875
0.2335 0.5430 0.7711 0.2365 -9.5600 17.2100 4.1100 455.6875 16.8750 -41.2500
0.0978 0.5804 0.8078 0.0322 -1.7200 8.3400 -7.2100 123.8125 50.4375 34.0000
0.0645 0.6217 0.7803 -0.0228 -0.1700 25.2500 -1.1300 6.4375 63.1875 -47.5000
0.0813 0.6515 0.7531 -0.0427 2.9600 23.2100 3.6200 -396.1250 -90.6875 108.5625
0.2519 0.6182 0.7349 0.1198 1.9100 21.4200 -13.5200 -190.9375 184.4375 -29.1250
0.2559 0.5264 0.7557 0.2937 10.9100 2.2400 5.8800 -460.1250 -108.1875 -109.5000
0.4458 0.4313 0.6760 0.3979 -4.1900 -4.5300 10.3600 -126.0000 43.5000 35.1875
0.4584 0.3608 0.6451 0.4934 -20.2300 23.4400 39.2200 -1569.0000 -61.1250 478.1250
0.5133 0.0000 -0.0374 0.8574 4.6000 -3.0200 -7.4600 348.7500 261.7500 -307.8125
0.6477 0.0867 0.1069 0.7493 -11.8200 -0.3100 4.3600 175.0625 50.2500 -135.6875
0.6822 0.1176 0.1696 0.7015 8.4000 -3.4200 11.4800 39.6875 31.7500 28.9375
0.6691 0.1218 0.1927 0.7073 -1.2800 -3.9200 8.6000 -20.5625 18.1250 42.3125
0.6509 0.1195 0.1985 0.7229 4.9800 -2.5200 7.7300 139.3750 45.4375 31.8750
0.6127 0.1742 0.3062 0.7075 -0.6700 0.9500 -3.9700 745.2500 56.5000 -69.5625
0.4640 0.3853 0.6112 0.5126 -4.4800 -0.3400 -2.6000 836.3125 102.0000 56.0625
0.1680 0.5530 0.7899 0.2047 -7.6900 19.9900 5.3100 467.6875 -191.5625 190.1250
0.0093 0.6253 0.7766 -0.0768 -8.0500 19.3200 -0.9400 -599.2500 -187.7500 34.1875
0.2516 0.6254 0.7380 0.0314 4.3300 12.9800 5.1000 -42.9375 74.3750 68.7500
;
