0.9846 0.1014 0.1426 0.0020 -2.7700 1.9700 9.1800 -0.1875 -0.3750 -0.1250
0.9846 0.1014 0.1424 0.0020 -2.5700 2.0400 9.1200 23.5000 4.7500 -4.0000
0.9808 0.1355 0.1400 0.0003 -6.4400 7.3600 8.9200 342.1250 16.0625 -61.8125
0.9666 0.2407 0.0844 -0.0230 4.7400 11.2000 11.6300 -74.6875 78.0625 152.8750
0.9716 0.2151 0.0809 0.0559 -4.9900 6.3900 5.2400 -65.8750 147.0000 -55.8125
0.9655 0.2192 0.1251 0.0638 -6.2900 -5.6900 8.2000 40.1250 59.6250 -43.9375
0.9523 0.2379 0.1813 0.0607 -5.0100 1.8900 10.8400 -48.5000 16.6250 -38.1250
0.9526 0.2227 0.2011 0.0500 -7.5900 1.1700 12.7100 -168.1875 0.4375 -109.2500
0.9695 0.1302 0.2063 0.0234 -6.5200 1.4700 10.0400 -258.3750 -18.5625 -131.6250
0.9854 -0.1121 0.1255 -0.0262 5.4600 -1.7800 -2.4900 -35.3125 63.6875 67.0625
0.9728 -0.1981 0.1179 0.0247 -3.8900 -1.8000 7.8300 44.3750 26.0000 15.0625
0.9739 -0.1880 0.1224 0.0345 -2.1500 -0.6200 9.2400 80.8125 29.8750 -10.6875
0.9808 -0.1339 0.1395 0.0250 -2.5800 1.3800 5.4200 204.6875 29.3750 61.3125
0.9774 0.0229 0.2059 0.0422 -4.7700 -0.2800 10.8300 148.1250 50.3750 -12.5625
0.9687 0.1376 0.2026 0.0396 -3.7200 -1.1800 11.0600 -12.2500 -13.1875 43.4375
0.9692 0.1438 0.1882 0.0668 -3.5700 -2.5200 10.0300 29.0000 27.5000 -19.3750
0.9633 0.1524 0.2174 0.0403 -9.0700 1.0400 15.4200 -319.6250 92.5625 -238.4375
0.9598 -0.0774 0.2679 -0.0334 -13.9600 9.3700 5.1100 -282.2500 -262.6875 -65.3125
0.9423 -0.2700 0.1966 -0.0243 -5.3100 -2.9500 9.8100 66.6250 -49.3125 9.8125
0.9595 -0.2181 0.1770 -0.0189 -2.2500 -1.0700 11.6300 68.8125 -6.6250 24.3750
0.9717 -0.1672 0.1669 -0.0104 -1.3900 -2.4700 3.9600 190.7500 -27.5625 47.1875
0.9874 -0.0212 0.1562 0.0123 -3.8200 3.5700 8.2400 247.4375 -29.6250 120.1250
0.9704 0.1736 0.1517 0.0715 -0.8600 3.8500 9.2800 55.1875 -63.8125 99.1250
0.9601 0.2245 0.1155 0.1202 -4.3600 7.1900 13.0700 60.5625 -64.8125 104.5000
0.9280 0.3089 0.0899 0.1879 -0.5400 7.5400 8.5700 283.0625 -155.0000 225.3750
0.8112 0.5029 0.0225 0.2974 1.5900 14.9300 11.7500 112.3125 -73.4375 95.5625
0.7585 0.5618 -0.0203 0.3295 7.6000 17.0300 8.9200 -86.4375 45.6250 45.3125
0.7800 0.5023 -0.0323 0.3719 7.9600 9.6400 4.3900 -99.9375 103.6875 126.3750
0.7886 0.4090 -0.0297 0.4581 4.3300 3.7800 4.1100 -100.0625 149.9375 -20.2500
0.8146 0.3226 0.0198 0.4817 1.9700 2.9200 4.6800 -66.1250 88.0625 -22.8750
0.8334 0.2632 0.0615 0.4820 -1.5300 1.5200 3.6000 -15.3125 86.6875 -81.7500
0.8506 0.2285 0.0987 0.4631 0.2400 0.4600 2.9600 13.2500 17.5625 -11.0625
0.8505 0.2335 0.1065 0.4592 -1.2900 0.5300 2.8400 39.6250 -71.4375 -4.0625
0.8484 0.2762 0.0818 0.4442 1.1500 1.3700 3.5600 72.6875 -82.5000 3.5625
0.8330 0.3351 0.0523 0.4371 4.5700 7.2600 7.8500 7.4375 -100.1875 101.6875
0.7940 0.3950 -0.0179 0.4617 8.7900 10.0400 8.3800 33.6875 -115.2500 74.8125
0.8650 0.2720 -0.3732 -0.1963 9.8100 10.2600 9.1300 47.3125 -38.8125 47.1250
0.8476 0.2874 -0.4143 -0.1654 9.7000 11.5000 9.1700 23.9375 26.5625 -7.0625
0.8531 0.3056 -0.3931 -0.1557 8.8800 10.0500 8.6600 -29.5625 85.3125 -53.1250
0.8759 0.3081 -0.3286 -0.1729 6.8300 7.0000 6.5700 -47.6875 112.2500 -54.4375
0.9019 0.2994 -0.2471 -0.1897 5.0700 5.9600 5.6100 -70.5625 100.8125 -31.1875
0.9267 0.2725 -0.1656 -0.1990 3.5700 3.0200 3.2100 -89.5625 112.0625 -5.1250
0.9482 0.2344 -0.0878 -0.1953 -2.2800 -0.2300 3.4200 -13.8125 25.0000 -20.4375
0.9496 0.2297 -0.0601 -0.2045 -1.0800 2.6400 5.8100 13.3750 -4.8750 -1.0000
0.9462 0.2389 -0.0683 -0.2072 -0.1400 2.8400 5.2700 25.0625 -40.4375 7.9375
0.9418 0.2452 -0.1000 -0.2069 0.1700 1.5600 3.2700 31.1250 -68.5625 -2.0000
0.9329 0.2523 -0.1495 -0.2089 1.3200 1.5400 3.3600 69.3750 -106.2500 -3.8750
0.9097 0.2762 -0.2245 -0.2140 2.5300 1.6300 4.3800 64.5625 -129.0000 33.0000
0.8749 0.3026 -0.3237 -0.1956 5.1900 12.1600 7.4300 114.3750 -166.5625 -0.5625
0.8242 0.3310 -0.4211 -0.1838 10.2300 12.1200 6.4500 35.7500 -57.0000 -0.1875
;
0.8044 0.3361 -0.4543 -0.1830 6.5000 9.3300 5.2400 -46.5625 30.8125 -79.1250
0.8149 0.3300 -0.4044 -0.2520 7.2300 9.7000 5.3500 -306.8125 4.8125 -302.8750
0.8124 0.2661 -0.2838 -0.4344 -0.1800 5.7600 8.4700 -134.2500 2.4375 -151.0000
0.7972 0.2189 -0.2131 -0.5207 2.9800 4.6700 5.9900 -57.3750 119.1250 -17.5625
0.8019 0.2120 -0.1375 -0.5413 1.5900 8.5900 10.0300 -52.1875 213.0625 -100.4375
0.7787 0.2639 -0.0707 -0.5648 -3.3900 8.9100 16.6500 12.7500 23.9375 -112.4375
0.7428 0.3195 -0.0577 -0.5855 -4.5900 4.7400 11.6100 -40.4375 17.6875 -63.6875
0.7175 0.3348 -0.0370 -0.6096 -4.2600 0.2900 9.1400 41.3125 25.6250 -42.5625
0.6786 0.3792 -0.0266 -0.6284 -6.8000 4.3400 11.4000 -239.2500 -7.1875 -124.0625
0.6879 0.2919 0.0374 -0.6634 -17.4000 15.3500 18.5700 -602.3750 -378.6250 -220.7500
0.7148 0.0774 0.0908 -0.6891 -2.8400 6.4300 14.4500 63.0000 -6.3750 49.8750
0.7238 0.1071 0.0847 -0.6764 -3.2400 0.7400 6.0100 -10.7500 28.6875 19.4375
0.7360 0.1132 0.1057 -0.6591 -3.8700 4.2400 4.9400 307.3125 76.1875 43.8750
0.7270 0.2791 0.0367 -0.6263 -9.1900 0.2600 8.0700 142.6875 -67.3125 36.2500
0.7308 0.3443 -0.0417 -0.5879 -3.9300 1.5500 7.1900 -78.0000 -27.3125 -75.8750
0.7250 0.3311 -0.0300 -0.6032 -4.9600 1.5400 8.5400 -46.3125 -26.5000 -10.9375
0.7359 0.3055 -0.0233 -0.6038 -3.3900 0.5900 9.0600 -9.3750 64.3750 -43.2500
0.7216 0.3028 0.0670 -0.6190 -3.3800 1.1200 3.6600 -179.7500 -141.1250 -102.3750
0.7131 0.0982 0.1475 -0.6783 3.7800 2.6100 -1.4700 89.0625 12.9375 72.0625
0.7415 0.0771 0.1552 -0.6483 -5.6500 2.7400 12.4400 37.1250 -25.3750 51.3125
0.7623 0.1098 0.1183 -0.6268 0.8000 -1.1600 -1.2700 375.3125 41.6250 140.6875
0.7794 0.2971 -0.0370 -0.5504 -2.2500 8.2900 7.6900 251.8750 54.6250 110.8125
0.7677 0.4018 -0.1392 -0.4794 0.0500 9.0900 6.8800 104.1250 -28.9375 124.8750
0.7664 0.4335 -0.2238 -0.4180 -0.1100 9.2100 6.3200 81.2500 -24.6250 44.3125
0.7474 0.4714 -0.2859 -0.3707 -0.1100 11.8000 7.3700 88.5625 -62.3125 86.1875
0.7245 0.5023 -0.3572 -0.3085 -2.2800 12.7000 6.8800 -21.9375 -36.3750 16.8750
0.7347 0.4852 -0.3722 -0.2935 4.4700 18.4900 7.0700 -96.5625 -10.0000 51.7500
0.7739 0.4229 -0.3690 -0.2936 7.3600 15.4900 5.2400 -149.5000 93.1250 15.2500
0.8395 0.3554 -0.2851 -0.2960 5.7200 8.9200 3.5900 -191.9375 135.3125 -35.4375
0.8952 0.2761 -0.1666 -0.3076 -0.1800 -0.8100 0.6100 -147.0000 95.1250 15.9375
0.9307 0.1995 -0.0714 -0.2981 -1.4200 1.9000 3.0900 -58.4375 30.0000 8.6250
0.9376 0.1765 -0.0465 -0.2958 -0.3800 1.1000 3.1300 9.3750 -14.4375 3.9375
0.9360 0.1794 -0.0587 -0.2971 -1.0000 -1.6700 2.2400 74.7500 -40.4375 -21.5625
0.9218 0.2142 -0.1052 -0.3057 0.2800 -0.0400 1.9500 101.0625 -97.6250 12.5625
0.9001 0.2559 -0.1861 -0.2993 1.9200 5.6800 4.5000 100.1875 -140.5625 51.3125
0.8657 0.2878 -0.3029 -0.2756 10.7100 11.9500 6.8800 101.6250 -155.3125 50.1875
0.8048 0.3138 -0.4404 -0.2448 11.8700 14.6500 8.1700 55.4375 -61.1875 25.6875
0.7784 0.3290 -0.4846 -0.2260 10.2500 12.3000 7.0400 13.3125 28.5625 8.1875
0.7823 0.3410 -0.4760 -0.2122 9.5600 12.6900 7.3800 -55.5000 61.1250 -37.2500
0.8103 0.3287 -0.4280 -0.2283 10.6600 10.1300 5.2000 -119.4375 115.3750 -33.2500
0.8629 0.2836 -0.3267 -0.2611 5.9700 6.3700 3.9700 -127.5625 111.3750 4.5625
0.9062 0.2297 -0.2413 -0.2605 1.9000 2.3200 3.5400 -73.5625 93.0000 4.9375
0.9306 0.2019 -0.1699 -0.2538 -2.0800 -0.0100 2.9200 -24.2500 48.5000 -63.6875
0.9285 0.2036 -0.1247 -0.2845 0.6100 2.3000 4.0400 -2.5000 4.4375 2.0000
0.9260 0.2094 -0.1182 -0.2910 -0.5600 -0.7600 2.8100 51.8125 -37.2500 13.5625
0.9177 0.2285 -0.1597 -0.2828 0.2800 1.7000 4.1200 56.6250 -102.3750 34.1875
;
0.9834 0.0972 0.1533 0.0034 -2.9200 1.8800 9.0600 0.1250 0.0000 -0.5625
0.9832 0.0981 0.1537 0.0031 -3.8900 5.3800 9.1500 349.1875 129.8750 17.8750
0.9675 0.2005 0.1536 -0.0073 0.3500 10.9700 9.0300 50.6250 29.1875 -0.8125
0.9645 0.2285 0.1307 -0.0236 6.1300 7.4000 5.8900 -53.3750 151.4375 33.1250
0.9603 0.2276 0.1592 -0.0264 -4.7400 1.4200 4.3600 79.5000 -35.0625 -59.1250
0.9521 0.2334 0.1935 -0.0386 -4.7900 -0.2600 6.4300 -18.3125 -43.6875 43.8125
0.9636 0.2070 0.1654 -0.0354 -3.0400 -1.2700 9.2200 -17.0000 -34.6250 1.4375
0.9677 0.2001 0.1484 -0.0389 -3.9600 -4.4000 11.3100 81.0625 42.6250 -108.1250
0.9518 0.1925 0.2193 -0.0940 -3.7300 1.5900 21.6900 -734.1250 -115.0625 -90.4375
0.9561 -0.1707 0.2353 -0.0388 2.1900 -6.8200 0.0800 59.5625 -91.7500 97.9375
0.9528 -0.2123 0.2154 -0.0247 -3.3600 0.0000 11.5700 57.6250 5.2500 35.0000
0.9603 -0.1753 0.2170 -0.0106 -2.9000 0.0300 11.7200 3.8125 -26.1250 26.8750
0.9639 -0.1628 0.2105 0.0036 -7.2900 3.7000 10.8600 88.3750 -7.3750 -13.1875
0.9672 -0.0959 0.2346 -0.0133 -7.2900 4.6100 2.2500 237.7500 -6.0000 100.6250
0.9735 0.0019 0.2272 -0.0247 -6.6700 -6.7100 9.9300 1.8750 -74.0000 28.2500
0.9812 -0.0053 0.1888 -0.0403 -2.4200 -3.5200 10.1300 -59.2500 4.6250 -5.1875
0.9810 -0.0368 0.1877 -0.0335 -3.2600 -5.0600 8.3700 26.7500 23.0625 -0.9375
0.9777 -0.0219 0.2057 -0.0367 -5.0800 -6.2300 9.2400 95.1250 60.3125 -39.1250
0.9648 -0.0002 0.2514 -0.0774 -3.1200 6.9300 11.7500 -531.5625 -52.5000 21.3750
0.9114 -0.3350 0.2303 -0.0649 -16.7100 -2.4700 9.5900 66.5625 -84.0000 -0.3750
0.9291 -0.2941 0.2184 -0.0506 -5.3800 -3.4800 10.7500 -11.2500 9.3750 14.3125
0.9276 -0.2971 0.2242 -0.0341 -3.6800 -5.8000 4.9400 44.7500 -8.8125 22.1250
0.9388 -0.2653 0.2184 -0.0235 -1.5600 -4.2600 5.4700 120.7500 -16.8125 60.9375
0.9617 -0.1647 0.2189 0.0020 -3.1100 -0.7700 2.6000 341.5000 -72.0000 152.3125
0.9749 0.0842 0.2001 0.0504 -3.2300 7.2800 14.0500 150.6875 -29.6875 135.4375
0.9412 0.2654 0.1790 0.1084 1.8800 5.8600 5.2500 212.8750 -25.9375 139.6875
0.8790 0.4276 0.1353 0.1616 -6.2800 13.4600 11.1400 114.4375 -139.3125 68.6250
0.8000 0.5658 0.0620 0.1896 0.5300 9.6200 3.2100 187.1250 -96.8125 109.8750
0.7200 0.6649 -0.0028 0.1990 4.4200 12.7800 4.2900 78.2500 -28.5625 25.5000
0.6784 0.7049 -0.0240 0.2056 2.1500 8.6200 0.4700 32.3125 -9.8125 24.4375
0.6572 0.7208 -0.0356 0.2177 4.0200 11.6300 0.1000 26.6875 14.8125 33.9375
0.6384 0.7279 -0.0435 0.2463 6.0300 18.9200 2.0800 -45.1875 46.1250 46.1250
0.6522 0.6974 -0.0532 0.2922 11.0100 17.6300 -0.4100 -117.2500 137.7500 73.3125
0.6954 0.6098 -0.0418 0.3779 8.5200 10.7100 -0.9100 -140.6250 179.6875 20.1250
0.7406 0.5013 -0.0007 0.4474 5.8800 9.3700 2.9000 -158.3125 134.6875 -13.4375
0.7828 0.4078 0.0356 0.4688 1.9100 3.6800 1.7500 -44.0000 29.2500 15.5000
0.7919 0.3851 0.0486 0.4714 1.1700 0.1700 1.5600 12.4375 12.0625 -13.2500
0.7951 0.3905 0.0634 0.4597 -0.1400 0.9300 2.0000 43.4375 -18.8750 5.7500
0.7802 0.4217 0.0645 0.4576 -2.0700 0.8700 2.0700 69.1875 -73.1875 7.7500
0.7579 0.4760 0.0511 0.4431 0.3400 2.5300 0.7600 88.0000 -101.2500 21.5625
0.7248 0.5419 0.0352 0.4240 5.3100 9.9000 1.2000 73.6250 -95.1250 66.3750
0.7833 0.4626 -0.3900 -0.1431 8.3800 12.2100 -0.8400 78.7500 -135.8125 58.3125
0.7256 0.4890 -0.4633 -0.1404 8.9600 14.7300 1.3900 47.8125 -80.6875 50.1875
0.6941 0.4950 -0.5091 -0.1183 5.7100 13.7300 0.6600 8.1875 -50.0000 -26.9375
0.6949 0.4816 -0.5208 -0.1183 2.5300 5.1100 -0.7100 5.1250 -11.1250 -15.5625
0.6926 0.4796 -0.5254 -0.1198 6.7400 7.1200 -0.4200 23.1875 5.9375 13.3125
0.6877 0.4845 -0.5309 -0.1028 9.8000 12.5500 0.5100 3.6250 34.1875 46.0625
0.6982 0.4753 -0.5306 -0.0708 13.4800 15.6100 0.4500 -41.2500 83.8750 25.3750
0.7396 0.4567 -0.4918 -0.0493 11.7300 9.9700 -0.2300 -87.4375 115.7500 -71.8750
0.7999 0.4431 -0.3980 -0.0736 5.2300 4.4000 1.1600 -96.1250 95.5000 -39.6250
0.8416 0.4195 -0.3288 -0.0872 0.6200 4.5800 1.3200 -95.0625 79.6250 -10.5000
0.8696 0.3920 -0.2828 -0.1006 1.4000 0.8200 1.5200 -42.1250 11.4375 -1.9375
0.8789 0.3770 -0.2736 -0.1030 3.3500 3.8300 3.3400 19.6250 4.8125 5.7500
0.8732 0.3901 -0.2759 -0.0961 1.4300 4.4100 2.2800 25.3750 -23.7500 26.3750
0.8633 0.4008 -0.2952 -0.0836 2.7800 -0.2900 0.2600 68.8750 9.6875 90.4375
0.8506 0.4180 -0.3182 -0.0231 1.0400 2.3900 3.0100 27.6250 -29.5000 -29.8750
0.8367 0.4451 -0.3147 -0.0520 2.5600 7.8100 5.9200 -133.3750 -41.5625 -206.1875
0.8455 0.4072 -0.2671 -0.2192 -1.3400 15.5200 2.0900 -166.6875 -219.5625 -262.7500
0.7783 0.3248 -0.2714 -0.4637 5.7000 10.3000 4.2700 99.8750 184.0625 -172.8125
0.7170 0.4482 -0.2033 -0.4936 -7.5400 9.3800 6.0900 94.5000 -15.0625 -59.3750
0.6615 0.4965 -0.2228 -0.5161 -1.4100 7.0900 1.7400 -27.7500 134.0625 -243.0000
;
