0.9882 0.1418 -0.0462 0.0350 0.9900 2.4300 9.0300 -3.8125 1.3750 -0.3750
0.9885 0.1395 -0.0458 0.0350 1.0300 2.5100 9.0800 -1.6875 1.2500 -1.0625
0.9888 0.1382 -0.0453 0.0344 0.8900 2.6800 9.4200 2.3125 -11.6875 14.4375
0.9877 0.1364 -0.0630 0.0435 -1.9400 12.1500 25.2900 -129.4375 -202.5000 69.1875
0.9855 0.1080 -0.1076 0.0741 15.9700 5.0600 1.6300 138.4375 123.0000 56.8125
0.9806 0.1650 0.0312 0.1014 -3.1900 -2.4400 5.8700 97.5625 208.8125 -26.8750
0.9538 0.2121 0.1874 0.1008 -5.9500 0.2100 2.6400 100.0625 115.0625 -116.2500
0.9331 0.2473 0.2560 0.0515 -7.2200 -0.6700 6.3400 -38.4375 8.3750 -10.4375
0.9374 0.2252 0.2601 0.0536 -7.5500 -4.0000 7.1100 31.5000 -19.0000 18.3125
0.9351 0.2428 0.2515 0.0581 -9.0400 -5.0000 13.9300 -392.3750 -23.1250 65.0000
0.9728 -0.1749 0.1258 0.0850 10.8900 -6.3100 -16.4500 -105.0000 32.1875 -226.2500
0.9269 -0.3699 -0.0051 0.0626 0.8200 -3.3600 17.9900 53.3125 -106.3125 -46.0625
0.9413 -0.3297 -0.0570 0.0455 -1.2500 -5.1000 14.5400 3.0625 -157.5000 -62.1875
0.9283 -0.3137 -0.1915 0.0562 -0.7600 -5.3400 5.9500 -26.5625 -687.5000 84.7500
0.7089 -0.2871 -0.5989 0.2372 4.6200 -9.0600 -10.7900 57.3750 -500.7500 2.8125
0.4902 -0.2170 -0.7639 0.3592 -6.2700 -8.2000 1.0700 5.7500 -208.6250 80.3750
0.3828 -0.1912 -0.7896 0.4398 3.9600 -8.2000 -13.0400 619.3750 -2.8750 41.6875
0.3661 -0.0380 -0.5414 0.7559 1.7900 -15.5400 -2.5600 30.5625 -182.0625 48.6875
0.4141 -0.0601 -0.5328 0.7355 6.5100 -9.5400 4.0400 21.4375 18.0000 -85.2500
0.4505 -0.0286 -0.5284 0.7191 6.2700 -10.0200 4.1100 4.0000 33.8750 -43.6250
0.4756 -0.0248 -0.5218 0.7078 9.0700 -8.1300 6.3300 47.9375 41.8750 -84.8750
0.5413 0.0097 -0.4810 0.6896 15.7900 -9.9100 8.4200 -176.5000 368.3125 -331.4375
0.7503 -0.1744 -0.4625 0.4390 15.9800 5.1600 -7.4200 -636.8125 323.9375 128.5625
0.6585 -0.5676 -0.4517 0.2006 5.9000 -6.9800 -23.2500 -86.6250 280.0625 160.6250
0.5780 -0.7334 -0.3307 0.1367 -1.1200 -7.5700 -6.6400 -46.6250 -14.2500 21.6250
0.5517 -0.7629 -0.3179 0.1122 1.1300 -8.5300 -5.2900 0.8125 -11.7500 -13.8125
0.5509 -0.7592 -0.3276 0.1130 2.5400 -8.7700 -9.9100 83.8750 -75.5625 -15.3750
0.5919 -0.7033 -0.3544 0.1718 3.3400 -5.0600 -12.6700 295.2500 -199.8750 -33.3125
0.6916 -0.5206 -0.3883 0.3162 8.5400 10.4800 -11.1600 616.8750 -131.8125 -15.3125
0.8092 -0.1353 -0.2770 0.5001 7.3700 24.8800 7.8700 576.7500 3.3750 -52.0625
0.8048 0.1506 -0.0610 0.5709 -2.7700 8.5000 26.6800 121.1875 -79.8750 24.5625
0.7806 0.2465 -0.0244 0.5739 7.6000 5.6700 19.1400 -10.9375 -23.8750 37.0625
0.7761 0.2583 -0.0389 0.5740 4.1900 3.0700 9.2100 -29.0625 11.4375 -16.6875
0.7855 0.2416 -0.0485 0.5677 3.9900 2.0800 5.9500 -27.2500 28.8125 -27.2500
0.7957 0.2269 -0.0510 0.5592 4.0500 2.0100 6.6600 -7.5625 12.7500 -6.0625
;
