0.7694 0.4954 0.4032 -0.0005 -6.0400 7.4100 1.7800 -2.0625 -5.9375 5.1250
0.7714 0.4957 0.3990 0.0006 -5.9700 7.4300 1.8400 -0.5000 -0.4375 0.4375
0.7723 0.4955 0.3976 0.0010 -5.9200 7.5200 1.8500 -2.4375 -17.6250 20.8125
0.7764 0.4987 0.3853 0.0055 -5.1300 8.5100 1.7600 32.4375 -44.5000 75.9375
0.7819 0.5309 0.3262 0.0207 -8.0400 12.4000 2.8500 -17.5625 -199.6875 117.6250
0.8234 0.5238 0.2094 0.0609 -3.9400 32.6000 3.0200 -163.3125 99.5000 26.5000
0.7881 0.5302 0.2881 0.1216 5.1400 5.5900 6.7000 -179.4375 -99.2500 -31.2500
0.8542 0.4772 0.1840 0.0939 2.7300 2.5400 8.5700 -185.2500 -47.0625 6.1875
0.9197 0.3568 0.1399 0.0851 -4.8300 1.7400 8.0100 -223.6250 -2.4375 20.0000
0.9614 0.2200 0.1313 0.0999 -6.0800 -1.8400 11.4900 -182.5000 -5.2500 -78.1875
0.9834 0.0981 0.1333 0.0743 -7.5200 -17.6900 28.6200 -1212.5000 -37.5000 384.4375
0.7873 -0.5474 0.0299 0.2822 26.6300 3.0000 -0.3600 65.5625 -119.4375 -156.6875
0.8685 -0.4366 -0.0501 0.2296 0.5400 -0.4900 8.9600 68.7500 30.5000 15.8750
0.8756 -0.4123 -0.0300 0.2499 2.5700 -3.2400 2.0000 190.0000 -97.6875 40.2500
0.9177 -0.2709 -0.0248 0.2896 -3.6300 4.6100 12.2500 371.3750 117.3750 187.1875
0.9043 0.0128 0.1867 0.3836 -4.1900 2.8000 7.0700 202.8750 102.6875 187.4375
0.8321 0.1344 0.2765 0.4616 -6.8300 -0.2200 8.6700 5.0000 -57.1875 133.0000
0.8065 0.1661 0.2440 0.5123 -5.1000 4.3400 11.4200 27.6875 -26.4375 89.3125
0.7786 0.2443 0.1789 0.5497 -5.7500 6.9800 14.7000 17.5000 -100.2500 49.0625
0.7659 0.2938 0.1348 0.5558 -3.0800 11.7000 14.6200 -39.9375 20.3750 -31.8750
0.7842 0.2657 0.1461 0.5413 -2.6100 8.7000 15.1700 -79.6250 67.2500 -87.3750
0.8217 0.1956 0.1599 0.5109 0.2000 1.7300 9.4700 -74.9375 53.9375 -34.4375
0.8447 0.1217 0.1639 0.4948 2.1700 -4.8500 1.0400 -26.8125 41.6875 -33.3125
0.8543 0.0979 0.1783 0.4784 1.8200 2.4700 2.2100 25.4375 0.6875 -19.5000
0.8573 0.1078 0.1885 0.4667 0.3600 2.6100 4.5500 -8.6875 -23.1250 22.1250
0.0426 -0.0876 0.1896 0.9770 -0.3600 -0.6900 4.8200 26.7500 -54.5000 41.5625
0.0231 -0.0484 0.2120 0.9758 -4.8000 1.8200 7.3500 78.8125 -97.8125 14.4375
0.0148 0.0208 0.2536 0.9670 -0.4200 2.5100 9.6900 66.5625 -105.5000 46.5000
-0.0112 0.1105 0.2864 0.9517 1.3400 2.7900 10.1500 76.1875 -154.6250 73.4375
-0.0164 0.1937 0.2971 0.9349 -5.9600 0.7500 0.7200 -199.1250 -204.3750 -86.9375
0.1077 0.3170 0.2741 0.9016 7.2600 11.7500 1.8900 239.6875 128.6875 -375.0625
0.2368 0.2881 0.4825 0.7925 7.3400 14.0800 7.9200 -46.2500 -240.5000 65.8750
0.2770 0.3867 0.4515 0.7549 4.1200 12.9000 11.4000 66.0000 133.6250 -51.5000
0.2565 0.3674 0.5153 0.7305 3.1700 9.2000 3.4100 11.1250 -14.1250 27.4375
0.2474 0.3881 0.5135 0.7242 3.0100 8.2900 2.2400 8.2500 -3.4375 -2.7500
0.2473 0.3931 0.5155 0.7202 3.4500 8.5600 2.4700 8.4375 -17.5625 -0.1875
;
0.2492 0.4095 0.5119 0.7128 3.0600 7.7000 1.2400 -14.0625 -32.1875 24.7500
0.2523 0.4312 0.4952 0.7108 7.0100 19.0900 8.6600 -159.0000 34.2500 45.1250
0.2705 0.3777 0.3890 0.7955 14.9400 22.6600 -4.7700 -331.2500 347.5625 -34.8125
0.3131 0.1461 0.2466 0.9054 -0.5800 -7.8600 -8.8600 -25.0000 239.0625 -252.0625
0.3956 -0.0419 0.2388 0.8859 -2.5900 -7.3700 3.7900 -178.5625 58.3750 -77.6250
0.4410 -0.1438 0.1461 0.8738 -6.8200 -13.5400 10.8000 -88.8750 35.7500 -51.5000
0.4582 -0.1995 0.0902 0.8615 -9.4900 -17.4300 15.4700 -199.6250 130.1875 143.6875
0.2896 -0.2617 -0.2118 0.8960 -5.0300 3.5600 -38.8000 136.0625 -149.7500 -394.5000
0.2496 -0.1601 -0.4476 0.8436 4.9900 1.6000 14.3100 188.1875 17.1250 -1.0000
0.2714 -0.1350 -0.3513 0.8858 4.3600 -1.1500 8.8800 90.1875 32.1250 -30.7500
0.3004 -0.1206 -0.2723 0.9061 4.7800 -2.6500 1.2200 366.0625 -31.5000 130.0625
0.2336 -0.0892 -0.0171 0.9681 -1.2800 -3.0400 -6.4800 582.3750 -29.0000 305.3750
0.0745 0.0021 0.2723 0.9594 -6.5100 -0.2600 9.4900 48.2500 -52.1875 155.1875
-0.0288 0.0716 0.2898 0.9540 -0.4300 -0.0400 7.3100 0.0000 0.0000 0.0000
-0.0765 0.1494 0.3430 0.9242 -0.4400 7.9300 14.7500 68.2500 -45.0000 -26.5625
-0.0803 0.1799 0.3854 0.9015 4.7600 13.2700 14.8800 -76.1250 32.3125 -20.3125
-0.0660 0.1628 0.3491 0.9205 2.4800 9.1300 13.1800 -103.6250 99.2500 -104.8125
-0.0228 0.0950 0.2896 0.9521 3.5100 6.5900 9.1400 -153.1875 93.5000 -84.8750
0.0226 0.0275 0.2011 0.9789 1.5600 -0.9600 3.2100 -27.8125 22.7500 -13.1250
0.0455 0.0042 0.1931 0.9801 2.9200 4.1000 0.8800 34.3750 -4.7500 -3.0625
0.0563 0.0043 0.2106 0.9760 1.8300 1.2900 2.1800 17.8125 -26.9375 20.3750
0.0486 0.0221 0.2185 0.9744 1.8600 -1.8100 3.2300 51.3750 -32.3125 57.8750
0.0257 0.0529 0.2515 0.9661 -1.3500 3.1900 8.4700 71.5000 -93.3125 55.8750
0.0101 0.1198 0.3068 0.9442 -0.3800 11.2600 12.8100 90.9375 -152.5625 41.8125
0.0092 0.2180 0.3591 0.9074 3.9900 12.0900 12.4100 29.1875 -137.9375 26.4375
0.0168 0.2955 0.3621 0.8839 1.8200 -2.3400 7.2000 -70.2500 -60.0625 -82.6875
0.0835 0.3774 0.3450 0.8553 -0.5300 7.1500 1.7500 48.1250 -58.6250 -268.3750
0.2269 0.3559 0.4298 0.7982 4.2800 13.6200 4.4300 170.0625 -60.7500 -121.5000
0.2687 0.4432 0.4924 0.6992 -1.2500 8.6100 -7.2700 12.3125 -113.6875 0.0625
0.2572 0.4303 0.4790 0.7206 1.8000 9.5900 3.0400 4.9375 -4.3125 6.2500
0.2535 0.4382 0.4813 0.7156 5.0600 7.3700 2.1300 13.1250 3.5625 -3.2500
;
0.2530 0.4430 0.4840 0.7110 4.1700 8.2000 2.0800 -3.1250 -11.0625 9.1250
0.2534 0.4470 0.4804 0.7108 4.0800 7.8900 2.2900 0.0625 -4.0000 2.2500
0.2521 0.4428 0.4706 0.7203 2.8900 16.3800 5.8900 7.8125 -39.0625 -69.0000
0.2681 0.3984 0.4379 0.7600 14.5300 24.0900 -2.2400 -257.4375 275.4375 -29.9375
0.2536 0.1957 0.3897 0.8634 -9.4900 6.6200 10.5600 -232.4375 -103.3125 -165.0625
0.3766 0.0908 0.2744 0.8801 -2.5200 -9.1200 5.1200 -269.1250 67.4375 -77.1875
0.4288 -0.0283 0.1440 0.8914 -6.1500 -12.6500 15.1100 -107.0000 8.1250 -95.3125
0.4792 -0.0836 0.0706 0.8708 -0.2900 -14.6700 14.3100 -488.1875 152.7500 565.5000
0.2254 -0.2088 -0.4467 0.8403 37.2100 -23.3700 -29.8700 75.1875 -80.5625 -147.6875
0.2881 -0.1157 -0.4443 0.8403 4.2900 3.5900 24.9400 9.5625 -85.2500 20.4375
0.2845 -0.1038 -0.4056 0.8624 -1.6800 -3.2300 4.4600 146.6875 -28.5000 -19.7500
0.2955 -0.0383 -0.3293 0.8960 9.3100 -0.4200 -1.6300 482.8750 36.0000 243.9375
0.1396 0.0255 -0.0158 0.9897 -7.6600 2.2900 0.1800 674.7500 -219.9375 305.2500
-0.0392 0.1625 0.2905 0.9421 -2.0200 5.6000 11.4300 96.0000 -192.1250 127.8125
-0.0719 0.2977 0.3400 0.8892 10.3200 5.8700 7.0700 60.8125 -154.5000 69.1875
-0.0872 0.3855 0.3840 0.8345 15.9600 17.1400 13.6300 5.7500 12.2500 -8.6875
-0.0930 0.3862 0.4033 0.8243 7.9300 8.6700 10.0300 -73.0000 79.4375 -62.8750
-0.0698 0.3401 0.3673 0.8629 6.7100 11.8800 13.4600 -181.3125 127.3750 -56.4375
-0.0300 0.2557 0.2630 0.9298 1.7000 2.7700 6.0900 -152.9375 118.6250 -52.1250
0.0083 0.1759 0.1818 0.9675 0.9200 -0.0700 2.8700 -50.6250 36.5000 -51.3125
0.0378 0.1434 0.1663 0.9749 6.5500 2.9700 0.5700 19.8750 23.3750 -42.7500
0.0535 0.1306 0.1842 0.9727 2.3900 0.7200 0.6300 21.9375 20.1250 -23.5000
0.0500 0.1252 0.2010 0.9703 1.4600 -1.1800 1.3600 33.6875 -36.0625 41.7500
0.0234 0.1571 0.2255 0.9612 -2.0400 -0.0400 4.8300 99.0625 -114.3125 31.9375
0.0124 0.2403 0.2847 0.9279 1.3200 5.5900 7.5600 149.1250 -163.4375 -32.2500
0.0327 0.3354 0.3672 0.8670 10.1300 9.6500 6.2900 115.5625 -124.4375 19.8750
0.0594 0.4151 0.4063 0.8118 12.0500 10.2300 11.7100 -241.3125 -119.1250 -13.3750
0.1613 0.4855 0.3111 0.8010 2.8300 5.8600 2.5500 22.0625 96.6250 -293.4375
0.2728 0.3943 0.3983 0.7819 5.2300 13.2200 5.2200 -8.3125 -40.6250 -2.6250
0.2952 0.4015 0.4244 0.7560 13.3400 14.7200 18.3900 -10.5000 38.0000 25.6250
0.2861 0.4086 0.4675 0.7299 4.0200 8.1600 2.8300 25.0000 15.3125 -10.9375
;
0.2789 0.4119 0.4753 0.7256 2.5200 8.8200 4.0500 -0.5625 -10.3125 10.4375
0.2737 0.4181 0.4761 0.7236 3.6500 8.6900 2.6300 5.7500 1.5000 1.7500
0.2704 0.4190 0.4730 0.7263 3.9800 8.0400 2.5700 3.5625 -4.8750 3.8125
0.2703 0.4274 0.4725 0.7217 9.3200 21.4900 9.6100 -129.3750 80.8125 118.1875
0.2695 0.4070 0.3644 0.7930 6.4800 21.8500 -0.1700 -114.5000 211.9375 62.0000
0.2612 0.2175 0.3252 0.8824 2.5200 -4.7000 -6.4500 -284.8750 131.8125 -143.4375
0.3553 0.0452 0.1888 0.9143 -6.5700 -9.6500 4.9200 -160.0625 125.5000 -144.5000
0.4061 -0.0745 0.1316 0.9012 -6.4400 -7.7500 12.9000 -49.1875 14.4375 -40.3125
0.4059 -0.1063 0.1004 0.9022 -33.2400 -8.7900 30.3900 -1783.3125 -153.1250 -183.9375
0.2529 -0.1552 -0.4816 0.8246 20.8300 -1.2800 -8.1900 287.0000 97.8125 -50.7500
0.2866 -0.1199 -0.3560 0.8813 0.4900 0.7100 12.6900 69.3125 41.4375 -38.1875
0.3337 -0.0970 -0.2757 0.8962 7.5100 4.7400 8.8300 460.5625 -98.0000 77.0625
0.2670 0.0284 0.0123 0.9632 -4.6600 -1.0900 3.5200 348.3125 249.0625 278.1875
0.0674 -0.0635 0.2697 0.9585 -7.5000 0.8600 7.6700 33.1250 -33.6250 248.3125
-0.0313 -0.0068 0.3151 0.9485 2.6200 11.1800 12.4800 6.0625 -109.1250 156.4375
-0.0746 0.0905 0.3421 0.9323 0.9900 10.6600 15.6400 100.1250 -47.2500 99.1875
-0.0909 0.1124 0.4060 0.9023 0.2500 10.7100 11.7800 -39.6250 21.6250 -28.5625
-0.0630 0.1583 0.3975 0.9017 0.5700 12.4500 13.3300 -126.6250 44.8750 -72.1250
-0.0018 0.1435 0.3345 0.9314 -0.3800 8.4900 12.3700 -214.7500 76.6250 -130.1875
0.0713 0.0715 0.2117 0.9721 -1.8000 -0.0300 4.5800 -86.8750 26.4375 -40.8750
0.1000 0.0502 0.1678 0.9794 4.1900 -0.4800 -0.6300 55.6875 -12.6875 -35.5000
0.1218 0.0524 0.1961 0.9716 4.7900 1.7900 2.0000 33.0000 5.2500 -0.1875
0.1219 0.0496 0.2144 0.9678 2.6100 1.7300 2.2400 17.5000 -3.3750 43.9375
0.1039 0.0550 0.2261 0.9670 0.1800 -0.3500 4.0900 51.6250 -36.3750 59.8750
0.0679 0.0964 0.2574 0.9590 -5.5800 -0.6700 4.6000 150.0625 -102.0000 -3.1250
0.0601 0.1790 0.3456 0.9192 -0.0400 13.3300 10.9000 75.8125 -254.0625 2.1250
0.0901 0.3375 0.3770 0.8578 4.9200 8.7300 15.3500 -68.0000 -144.2500 -135.8125
0.2225 0.3534 0.3527 0.8374 8.5500 6.1400 -3.3600 160.1875 21.3125 -178.5625
0.2892 0.3204 0.4688 0.7707 6.3100 14.7100 3.5400 237.5625 -200.8750 39.2500
0.2925 0.4141 0.5277 0.6815 -0.2400 5.3700 3.3700 -53.0625 55.8750 34.8125
0.2689 0.3950 0.5331 0.6982 3.9100 10.0900 3.4200 34.3750 -19.8125 12.8750
;
0.2624 0.4063 0.5406 0.6884 2.9900 9.1200 2.6500 9.9375 -2.0625 -1.5000
0.2627 0.4086 0.5424 0.6854 3.5800 10.2600 3.1500 -30.1250 -43.9375 25.3750
0.2874 0.4475 0.4918 0.6895 15.4400 28.4300 0.3800 -277.1250 283.1250 -62.3750
0.2930 0.2850 0.4315 0.8042 -8.1500 -4.2600 -2.6200 -178.9375 -510.8750 54.0000
0.3578 0.1700 0.3979 0.8275 -8.0600 -2.5200 8.7400 -237.5625 -34.4375 -79.8125
0.4210 0.0974 0.2645 0.8622 -2.8400 -1.4600 11.8000 -159.6875 -44.6250 -58.1250
0.4821 0.0602 0.1413 0.8625 1.0400 -4.2500 9.4900 -84.0000 -98.5625 81.8125
0.4637 0.0742 0.0729 0.8798 -1.5000 -18.0500 12.6900 -52.0625 410.1250 184.8750
0.3568 -0.1934 -0.2043 0.8908 10.9000 -14.6700 -37.2400 -9.3125 53.7500 -63.3125
0.3482 -0.1609 -0.3165 0.8676 4.3700 0.0400 16.8500 -3.4375 -34.4375 -3.3750
0.3407 -0.1524 -0.3191 0.8712 1.2100 -1.9400 6.2500 30.6250 -75.1875 -54.6250
0.3572 -0.0868 -0.2861 0.8849 12.4000 -1.7800 0.9600 499.8125 31.3750 312.7500
0.1955 -0.0123 0.0412 0.9797 -11.4800 8.3800 1.0900 285.3125 -331.0625 265.6250
0.0430 0.1483 0.3029 0.9404 2.1600 3.6800 9.3900 17.5625 -92.6875 97.5000
0.0086 0.2369 0.3054 0.9222 0.7900 5.6200 17.1900 25.1875 -177.6250 20.8125
-0.0015 0.3055 0.3497 0.8856 8.9000 15.8400 13.9400 -10.4375 12.3750 9.5625
-0.0071 0.2949 0.3448 0.8911 5.4700 7.3000 14.4200 -73.3125 68.4375 -27.1250
0.0127 0.2473 0.3022 0.9205 3.3100 5.8000 14.8000 -132.5000 103.0625 -39.4375
0.0446 0.1758 0.2246 0.9574 3.1800 -1.6300 5.5400 -118.3750 91.0000 -37.9375
0.0745 0.1099 0.1804 0.9746 2.2500 1.9500 1.0200 -13.0000 36.8750 -70.0000
0.0989 0.0901 0.1954 0.9716 4.6800 5.6700 1.1300 23.4375 22.7500 -46.8750
0.1085 0.0779 0.2177 0.9669 2.4000 1.8900 2.9300 14.2500 22.6250 7.7500
0.0984 0.0701 0.2271 0.9664 1.6800 1.8200 3.3900 41.1250 -2.5000 32.6250
0.0818 0.0837 0.2498 0.9612 0.5900 1.3800 5.0300 38.5625 -80.8125 48.1250
0.0791 0.1351 0.2683 0.9506 -0.7600 6.2300 11.9600 80.7500 -144.3125 -22.3750
0.1085 0.2134 0.2955 0.9249 0.6400 2.7000 11.0000 91.6875 -64.3125 -15.4375
0.1071 0.2563 0.3289 0.9026 3.5000 1.3600 8.6700 22.7500 -46.0625 20.5000
0.1126 0.2941 0.3291 0.8903 -2.0400 -2.7100 1.1500 59.1250 -108.8750 -49.0000
0.1650 0.3578 0.3905 0.8320 4.2200 13.1800 2.9900 54.5625 -160.9375 -242.7500
0.3112 0.3682 0.4606 0.7453 5.6700 12.5200 2.4600 -25.8750 -65.5000 -74.4375
0.3519 0.3409 0.4751 0.7309 -5.5900 3.3200 1.2000 -23.6875 -23.8750 -36.3750
0.3512 0.3463 0.4733 0.7299 4.5000 17.0300 20.1500 -28.3750 -80.8750 58.3750
;
0.7875 0.4872 -0.3773 -0.0070 5.7800 7.5100 2.3800 -0.1875 -0.8750 1.1250
0.7877 0.4863 -0.3783 -0.0068 6.5600 8.8000 3.0200 -28.7500 -7.5000 16.3750
0.7946 0.4703 -0.3837 -0.0092 12.7200 14.7500 3.4400 -147.7500 102.8750 -26.8125
0.8633 0.3920 -0.3110 -0.0659 11.5100 17.1700 7.6200 -266.8750 332.0625 -240.0000
0.9271 0.3370 -0.0150 -0.1633 0.2500 3.0000 2.0700 66.0625 212.4375 -241.6875
0.8881 0.3610 0.1347 -0.2506 -1.7900 -0.2400 6.8900 -129.8750 17.1875 -157.7500
0.8804 0.2890 0.2047 -0.3155 -4.9100 -3.6400 5.6300 -76.1250 -22.5625 -60.0000
0.8781 0.2186 0.2339 -0.3557 -9.2200 -8.9600 10.1400 -36.7500 -14.6250 -76.2500
0.8698 0.1802 0.2442 -0.3890 -20.1900 -9.5500 26.8100 -1060.7500 66.2500 27.8125
0.8508 -0.4033 0.2590 -0.2155 7.4100 4.0500 15.5200 -70.8125 -153.3750 -146.6875
0.7846 -0.5090 0.2210 -0.2764 0.9000 0.2700 12.9900 163.7500 -29.0625 36.3125
0.8471 -0.4207 0.1906 -0.2628 0.6500 -2.4200 4.5800 250.1250 -155.1875 8.3125
0.9164 -0.3096 0.1169 -0.2252 1.1800 -1.0600 -0.6300 544.7500 -170.0000 298.2500
0.9991 0.0412 0.0045 -0.0084 -1.1800 1.4700 -2.8500 609.8750 8.6250 192.7500
0.9537 0.2760 -0.0083 0.1193 -7.1800 5.1000 9.8100 52.5625 -67.3125 22.0625
0.9339 0.3053 -0.0497 0.1792 -2.6200 3.2200 6.7000 75.7500 -51.8125 12.0625
0.9127 0.3409 -0.0859 0.2086 2.5800 7.5500 12.4600 -7.8750 -39.0000 26.5000
0.9053 0.3432 -0.1146 0.2227 0.0800 10.7400 14.0900 -19.9375 16.6250 -41.7500
0.9153 0.3308 -0.0965 0.2082 2.9200 13.0900 16.8200 -120.1875 87.5625 -87.0625
0.9541 0.2491 -0.0406 0.1611 1.5000 4.7500 8.8400 -115.3750 84.6250 -79.0000
0.9772 0.1763 0.0133 0.1177 4.9100 -3.2200 -0.0200 16.0625 54.5625 -54.3750
0.0145 -0.0288 0.1841 0.9824 3.6700 2.5800 0.2400 28.5000 -1.9375 -7.3125
0.0267 -0.0319 0.2009 0.9788 2.3600 3.3000 3.2300 2.4375 -7.1250 25.0000
0.0146 -0.0240 0.2037 0.9786 1.9500 -0.4400 4.5000 24.5625 -38.8125 61.6250
-0.0216 0.0087 0.2192 0.9754 -1.6300 3.3400 8.5200 72.5625 -80.9375 47.7500
-0.0476 0.0640 0.2650 0.9609 -2.2000 11.5400 12.4900 11.6250 -93.3750 -4.4375
-0.0443 0.1231 0.2777 0.9517 5.6100 2.0200 9.9700 9.2500 -70.2500 46.8750
-0.0554 0.1711 0.2683 0.9464 0.0000 -1.3300 4.2300 -75.2500 -329.5625 53.7500
-0.0521 0.3914 0.2555 0.8825 -1.3000 6.3900 0.6000 189.0625 -222.2500 -195.2500
0.0867 0.3869 0.3804 0.8355 4.0500 11.9000 0.8900 -109.3125 -69.3750 -252.5625
0.2535 0.3973 0.3593 0.8054 1.0400 17.9200 17.0700 -145.0625 172.8125 95.5000
0.2263 0.3673 0.3805 0.8180 7.9800 2.6400 -5.6800 302.5625 50.8750 -45.5000
0.1991 0.3778 0.5096 0.7469 5.6700 12.5300 8.5300 -63.7500 -11.0625 19.9375
0.1969 0.3870 0.5086 0.7435 3.4900 9.1800 2.7100 27.5625 6.1875 2.9375
;
