0.5649 0.5070 -0.6284 0.1701 8.6700 3.5700 -2.9300 -0.6250 -0.4375 2.6875
0.5649 0.5064 -0.6288 0.1706 8.5900 3.3500 -3.0500 0.6250 -0.1875 -0.0625
0.5648 0.5062 -0.6290 0.1707 8.6100 3.4300 -2.9500 0.5625 0.5000 0.3125
0.5647 0.5058 -0.6293 0.1711 8.6000 3.2800 -2.8600 -0.3750 0.1875 -1.0000
0.5648 0.5061 -0.6290 0.1708 8.6500 3.5100 -2.9300 -0.1875 0.0000 1.9375
0.5646 0.5055 -0.6296 0.1710 11.5000 5.4300 -3.0500 -86.5625 13.1250 -59.0625
0.6011 0.5006 -0.6122 0.1154 30.8200 21.6500 -9.7700 -203.6250 484.1250 -287.1875
0.8195 0.4573 -0.3455 -0.0009 8.5600 2.8700 -1.2700 -34.0625 383.8750 -339.2500
0.8644 0.4924 -0.0376 -0.0944 -2.0300 -3.9400 0.5100 -178.6875 -104.6250 -87.0625
0.8994 0.3891 -0.0018 -0.1992 -2.5600 -2.5900 6.2500 -146.0000 1.0625 -121.1875
0.9157 0.2884 0.0486 -0.2755 -4.1200 -2.0700 11.4400 -130.7500 -15.2500 -55.1250
0.9301 0.1839 0.0784 -0.3082 -6.7800 -7.4100 16.8400 -165.3125 330.5000 -77.1875
0.9252 -0.1154 0.2688 -0.2419 -17.5500 -4.2700 -39.1800 39.5000 -116.5000 -424.4375
0.8558 -0.5053 -0.0189 -0.1086 27.0600 8.0100 22.0200 93.5000 14.8750 38.1875
0.9073 -0.3970 -0.0807 -0.1122 -1.9500 -0.0800 7.7100 109.9375 -515.9375 -8.3750
0.8579 -0.3187 -0.3976 0.0656 -0.2900 -9.1200 -9.7200 405.0000 -831.4375 293.0000
0.5180 -0.0177 -0.6570 0.5475 13.9400 0.8200 -8.9100 1007.1875 161.2500 16.1250
0.4237 0.2122 -0.2396 0.8474 8.5800 -0.8100 4.5200 512.9375 61.6250 141.7500
0.2923 0.2847 -0.0499 0.9116 6.9700 4.0700 9.8400 -90.1875 14.0625 7.4375
0.3137 0.2370 -0.0978 0.9142 5.5500 5.2400 12.0500 -155.1250 146.8125 -20.8750
0.3535 0.1086 -0.1792 0.9117 5.3200 -0.6700 17.3400 -882.0625 170.5000 -12.8125
0.3248 -0.2047 -0.7715 0.5074 -11.8000 5.1800 -30.8900 -744.4375 -550.1875 19.9375
0.1444 -0.3531 -0.9133 0.1425 -4.4500 5.3900 -10.0300 79.5625 -54.1250 34.6875
0.1683 -0.3804 -0.8879 0.1968 0.1800 -1.5300 -4.0300 74.3125 47.6875 8.5625
0.2071 -0.3826 -0.8702 0.2313 1.3500 -4.4100 -3.7800 28.8125 51.6250 -20.8750
0.2371 -0.3744 -0.8622 0.2454 1.9500 -5.6800 -7.3700 143.9375 86.9375 -32.3125
0.3146 -0.3395 -0.8345 0.2989 0.4000 -4.0000 -9.2500 416.1875 197.8125 -221.6250
0.5499 -0.1292 -0.7101 0.4203 8.6900 -4.1100 -5.7600 414.8750 357.0625 -469.3750
;
0.8163 0.1570 -0.4366 0.3439 -7.9800 2.8100 4.4800 383.9375 156.4375 -632.4375
0.8473 0.5103 -0.1265 0.0757 -8.4300 17.0100 1.4400 318.6250 -130.0000 -3.5000
0.7483 0.6522 -0.1212 0.0040 5.8000 19.8500 3.4900 102.6875 -141.9375 51.5000
0.6910 0.6874 -0.2178 -0.0509 11.5500 14.6400 -5.0000 163.6250 72.0000 -73.1250
0.6530 0.7232 -0.2171 -0.0596 1.0300 7.3100 -2.8900 -56.6250 -33.2500 40.7500
0.6682 0.7017 -0.2380 -0.0667 2.4000 10.1000 0.0100 -2.6250 -9.6875 7.5000
0.6652 0.7023 -0.2435 -0.0705 4.8000 10.2600 -2.9600 -7.9375 -5.4375 3.0625
0.6641 0.7045 -0.2426 -0.0621 0.2400 17.7400 2.0700 -180.3750 -13.1875 77.9375
0.7455 0.6227 -0.2276 -0.0688 6.0300 25.1900 0.4300 -514.1250 45.8750 -82.2500
0.8821 0.4438 -0.0741 -0.1391 4.9700 3.9900 -7.3300 -42.3125 102.3750 -128.0625
0.9076 0.3641 -0.0202 -0.2081 -2.8400 -9.2200 8.7100 -189.3750 -9.8125 -98.9375
0.9313 0.2483 0.0177 -0.2660 -4.9200 -4.8500 12.2900 -64.8125 -13.3125 -55.2500
0.9346 0.1924 0.0279 -0.2978 -3.2300 -7.6800 15.4500 2.6875 74.0000 -0.0625
0.9647 0.0521 0.1290 -0.2238 -11.0100 39.2400 -39.2900 -1523.0000 -178.0000 -271.8750
0.8450 -0.4976 -0.0320 -0.1934 16.4100 3.1200 25.3700 155.6250 71.8750 87.3750
0.9078 -0.3741 -0.0045 -0.1893 1.0200 -0.8000 6.9400 230.7500 -252.2500 -138.0625
0.9319 -0.2437 -0.2161 -0.1595 7.1500 -2.3200 -4.8200 399.7500 -625.7500 181.9375
0.8142 -0.0732 -0.5533 0.1597 15.7400 -1.3900 2.4600 498.7500 -362.6875 465.6875
0.5156 0.0829 -0.5767 0.6283 0.9000 -3.4100 5.9100 439.3750 77.1875 39.9375
0.4705 0.1867 -0.3015 0.8080 6.5200 5.2900 8.4400 251.7500 43.0000 17.0625
0.4479 0.2539 -0.1927 0.8353 8.4200 7.7900 13.7100 -68.8125 49.6875 31.6875
0.4565 0.2141 -0.1976 0.8407 6.0900 0.0700 12.1200 -30.2500 55.1875 -14.6250
0.4738 0.1655 -0.1918 0.8434 3.7000 -0.3400 13.9900 10.5000 53.3125 -57.3750
0.5071 0.1376 -0.1828 0.8310 3.0700 17.4400 22.6100 -555.8750 -105.4375 41.7500
0.4290 -0.1154 -0.6780 0.5856 -9.2400 -6.9700 -39.2300 -359.1250 -191.1875 -127.4375
0.2479 -0.3181 -0.9056 0.1313 2.4400 5.9100 -8.4900 -4.1250 66.5000 15.8125
0.2908 -0.3442 -0.8858 0.1107 5.4300 -0.7800 -10.9900 69.1875 32.2500 16.7500
0.3068 -0.3447 -0.8775 0.1304 4.0800 -2.6600 -7.2100 46.3125 35.6250 -5.6875
0.3516 -0.3270 -0.8621 0.1622 1.7700 -2.1800 -12.8800 398.1250 218.2500 -144.7500
0.5765 -0.1537 -0.7453 0.2975 -2.4700 -1.1900 -6.2700 542.5625 335.8750 -375.4375
0.8145 0.2003 -0.4377 0.3238 -6.1800 6.2600 3.0000 498.6875 40.9375 -295.0625
;
0.7717 0.5070 -0.2822 0.2603 -2.7200 15.0600 4.1800 166.0625 -245.5000 -304.6250
0.7020 0.6566 -0.2733 0.0370 11.1800 17.9800 -3.1100 -11.2500 -93.1250 -151.9375
0.6642 0.6896 -0.2634 -0.1178 14.5400 18.9200 3.3100 -37.2500 35.1875 94.4375
0.6691 0.6749 -0.2938 -0.1031 3.4800 6.9500 -2.9700 16.6875 4.8750 -11.6250
0.6708 0.6710 -0.2975 -0.1060 7.1600 18.0600 -0.9300 -89.1875 92.5625 23.1250
0.7153 0.6342 -0.2777 -0.0952 5.5900 25.7300 -4.7200 -547.0000 174.7500 41.1875
0.8912 0.4285 -0.1182 -0.0900 4.4300 2.5200 -2.4100 -155.3750 152.8125 -150.1875
0.9193 0.3681 0.0332 -0.1357 0.1200 -8.4700 7.5600 -129.5000 -42.0000 -137.5000
0.9363 0.2697 0.0295 -0.2233 -5.2600 -2.2900 9.2400 -107.4375 -7.0625 -127.5625
0.9343 0.2044 0.0619 -0.2853 -5.6200 -5.1600 13.2600 -48.3750 -43.0625 -3.4375
0.9342 0.1577 0.0578 -0.3147 -9.8900 -18.3800 23.9100 -284.9375 -32.5625 350.9375
0.8469 -0.3979 0.2327 -0.2651 20.9300 7.9300 39.1500 -54.3750 -252.1875 -139.2500
0.8688 -0.4502 0.0606 -0.1973 3.0400 -1.3700 18.9200 110.1250 87.4375 22.8125
0.8965 -0.3872 0.0721 -0.2028 2.0200 -3.7800 6.0900 117.3750 -178.1250 -30.2500
0.9310 -0.3177 -0.0564 -0.1707 2.0200 -0.0600 1.3500 476.5625 -497.8750 175.8750
0.9233 -0.0336 -0.3654 0.1138 12.9300 -0.7300 0.1300 589.7500 -183.1875 435.4375
0.7568 0.2042 -0.3816 0.4898 10.6400 1.5300 4.7200 360.0625 -224.3125 497.1250
0.4561 0.2933 -0.3349 0.7706 -0.2700 4.3600 10.1100 360.9375 173.6875 187.6875
0.3384 0.2737 -0.2057 0.8765 9.2700 -3.4700 9.1600 -77.8125 90.2500 77.1875
0.3558 0.2059 -0.2402 0.8794 4.2100 -1.7300 13.0900 -28.0000 23.5625 -48.7500
0.4017 0.1882 -0.2492 0.8609 8.0900 -1.8700 13.6600 -117.3125 54.9375 -105.8125
0.4606 0.0978 -0.3630 0.8040 -9.4700 20.4600 25.9300 -2006.8125 3.8750 245.4375
0.2487 -0.2565 -0.9186 0.1687 20.6600 -2.7700 -15.1500 -72.7500 154.1875 240.4375
0.2394 -0.3649 -0.8949 0.0930 3.3600 7.8900 -12.4900 -71.0625 10.6250 45.0000
0.2210 -0.3972 -0.8879 0.0711 -1.2800 0.8000 -6.7000 41.3125 20.0000 -17.5625
0.2328 -0.3886 -0.8871 0.0891 2.5700 -3.5500 -7.0100 24.8750 29.6250 -20.3125
0.2513 -0.3770 -0.8860 0.0978 2.2800 -2.6800 -11.2100 124.4375 0.6250 -32.0625
0.3158 -0.3243 -0.8734 0.1799 1.9000 -0.3100 -9.2700 311.1875 145.3750 -91.1875
0.4753 -0.2182 -0.7943 0.3092 5.1000 -0.9200 -5.6900 378.2500 313.6250 -157.5625
;
0.7203 -0.0674 -0.5717 0.3870 7.7100 -1.4300 7.9900 198.3125 153.0625 0.5000
0.8066 0.0059 -0.4327 0.4025 0.6600 -8.6100 4.1600 262.6250 259.4375 -411.5625
0.9265 0.1506 -0.2506 0.2371 3.0100 0.1400 6.2900 136.1875 147.6250 -329.3750
0.9595 0.2516 -0.1115 0.0605 0.3600 4.1900 10.2100 47.0000 17.4375 -218.2500
0.9460 0.3110 -0.0388 -0.0820 -1.2300 0.9500 3.5400 147.5000 1.0000 -62.4375
0.9153 0.3775 -0.0444 -0.1329 8.1500 11.4900 3.5700 183.0625 60.8125 -24.1250
0.8827 0.4416 -0.0758 -0.1418 5.8800 10.7800 6.9300 -26.0000 -56.2500 22.5625
0.8839 0.4302 -0.1086 -0.1477 3.3500 9.9600 7.6200 -28.2500 -12.1875 16.3125
0.8914 0.4133 -0.1169 -0.1445 3.0000 6.7300 5.0500 -19.6875 7.6250 -10.2500
0.9000 0.3931 -0.1032 -0.1577 4.8800 12.4200 -0.9600 180.6250 157.1875 -51.3750
0.8593 0.4802 -0.0414 -0.1716 6.4900 9.2800 -4.9800 -48.3750 230.1250 -160.0000
0.8641 0.4338 0.1077 -0.2315 0.4000 -1.6800 5.3900 -350.0625 -99.8750 -109.1875
0.9168 0.2297 0.1177 -0.3046 -2.6100 -9.6700 10.5300 -91.1875 -7.4375 -93.5000
0.9139 0.1500 0.1509 -0.3457 -2.7500 -10.0200 11.8000 -136.1875 103.3750 60.9375
0.9396 -0.2009 0.2258 -0.1608 14.7500 0.6600 -39.1800 186.5625 -136.0000 -321.3125
0.8103 -0.5543 0.0530 -0.1829 11.0000 -0.0600 22.1800 124.1875 69.5625 98.9375
0.8635 -0.4552 0.1108 -0.1866 -0.5600 -4.9600 9.0400 76.6875 -60.3750 -22.5625
0.8822 -0.4284 0.0708 -0.1820 2.2900 -3.6800 8.0900 100.1250 -330.5000 -25.9375
0.8984 -0.3928 -0.1650 -0.1067 6.0600 -5.3200 -4.6200 517.1250 -849.3125 115.5000
0.7379 -0.1323 -0.6173 0.2385 15.0600 -5.1700 -8.3300 628.0625 -299.5625 198.5000
0.5668 0.1252 -0.5624 0.5889 6.3400 1.3200 5.9100 572.3125 9.5000 8.1250
0.4825 0.3092 -0.2683 0.7743 2.9700 19.8800 21.0300 -85.3125 -54.0000 61.3750
0.4729 0.3147 -0.2475 0.7849 10.9200 -3.3600 10.1300 -50.3750 52.3750 22.5000
0.4685 0.2799 -0.2630 0.7956 7.4900 -0.4500 10.8000 -85.3125 71.6250 -6.8750
0.4908 0.2187 -0.2800 0.7955 7.0200 -0.0800 15.2400 -157.0625 104.1250 -21.6875
0.5247 0.0985 -0.3561 0.7670 -7.4300 23.0100 33.4700 -1552.5625 -102.3750 308.3125
0.2195 -0.2910 -0.9117 0.1896 34.2000 3.0800 -1.5900 -63.7500 195.0000 275.3125
0.2087 -0.3859 -0.8892 0.1296 -1.0200 6.3800 -14.2200 16.0000 45.3750 2.2500
0.2377 -0.3910 -0.8797 0.1293 0.0000 0.0000 0.0000 136.2500 46.3125 -43.1250
0.3159 -0.3507 -0.8616 0.1866 1.9500 -2.0900 -6.0900 223.6250 135.0625 -66.0625
0.4929 -0.2543 -0.7802 0.2893 -4.6600 -1.2100 -11.3900 590.3750 399.3125 -306.5625
;
