0.0414 0.6984 0.4603 0.5464 19.6600 13.6500 -3.2000 -47.2500 75.0000 112.5625
-0.0030 0.6973 0.3905 0.6011 11.8100 5.5500 -5.6200 -50.2500 134.9375 133.5625
-0.0849 0.6633 0.2894 0.6849 7.8500 2.4900 -4.8000 52.2500 211.1875 202.0000
-0.2315 0.5862 0.2014 0.7498 6.9100 0.1300 -1.5900 77.6875 235.7500 192.9375
-0.3757 0.4772 0.1194 0.7854 1.8000 -1.6900 0.1400 44.8125 121.1875 88.1250
-0.4489 0.3997 0.0726 0.7959 2.5900 0.0200 1.7700 71.5000 101.5000 -10.8125
-0.4639 0.3278 0.0767 0.8194 3.8200 1.6300 -3.7400 -233.0000 -26.0625 -172.0000
-0.2953 0.3862 -0.0009 0.8738 7.1600 -2.3500 4.8800 -71.7500 -33.1875 -74.6250
-0.2285 0.3749 -0.0308 0.8979 8.1200 -4.1700 5.1200 -154.6875 129.6875 -137.7500
-0.1235 0.3297 -0.0929 0.9313 6.1600 -3.4000 6.1400 47.3750 105.2500 8.1250
-0.1486 0.2395 -0.0546 0.9579 -1.1300 1.5000 12.5200 106.3125 -53.1875 85.4375
-0.2023 0.2578 -0.0220 0.9445 0.9000 -1.9900 6.3500 -51.5000 -30.1875 -91.3125
-0.1443 0.2960 -0.0322 0.9437 4.3100 -2.5300 3.9800 104.8125 -181.6250 32.7500
-0.1837 0.4192 0.0484 0.8878 2.0000 -0.6900 5.1600 41.5625 -195.8750 -3.0000
-0.1881 0.5359 0.1075 0.8160 0.3900 -1.1000 -2.3800 -33.9375 -246.9375 -148.1875
-0.0875 0.6417 0.1605 0.7449 11.9600 5.1400 -10.6900 172.6250 -266.8125 -84.5625
-0.0870 0.7532 0.2626 0.5967 20.0800 3.5700 -6.0800 128.8125 -198.3750 -3.5625
-0.1379 0.7856 0.3074 0.5189 17.4800 4.6200 -6.0500 80.8125 101.3125 30.5000
-0.2177 0.7409 0.2912 0.5647 11.8500 1.6200 -3.9300 66.1250 196.2500 58.2500
-0.2974 0.6638 0.2444 0.6412 12.8200 2.3500 0.6900 3.6250 183.4375 110.8125
-0.3755 0.5963 0.1635 0.6905 10.3800 8.5100 8.6800 -297.3125 271.1250 283.5000
-0.4143 0.5916 -0.1580 0.6734 4.9500 -1.4800 0.4600 -537.3750 42.8750 275.0000
-0.2861 0.6286 -0.4892 0.5327 -1.6600 -2.3500 -4.0700 -104.8125 -71.5000 107.3750
-0.2719 0.6284 -0.5778 0.4443 0.3100 0.1000 -6.4700 -74.6875 7.1250 39.5000
;
-0.2406 0.6293 -0.6238 0.3962 1.0000 -10.8800 -16.0600 39.0000 19.3750 -44.2500
-0.2331 0.6371 -0.6014 0.4219 1.3900 -8.3900 -8.7400 153.2500 32.9375 -114.4375
-0.2479 0.6461 -0.5105 0.5104 4.2200 -4.4700 -3.3700 178.6250 -11.7500 -283.1250
-0.2244 0.6822 -0.3035 0.6262 0.0000 0.0000 0.0000 156.0625 -23.7500 -230.1250
-0.2028 0.6964 -0.1341 0.6752 5.5800 -2.3600 1.0500 72.8750 -12.6875 -196.5625
-0.1446 0.6960 0.0226 0.7029 7.3200 2.5600 1.4300 68.7500 -37.8750 -262.3125
-0.0409 0.6917 0.1745 0.6995 13.9800 4.5800 -1.9100 112.1875 -51.0000 -175.6875
0.0048 0.6873 0.2954 0.6636 19.9200 8.3200 -0.4800 39.4375 38.2500 -50.2500
0.0016 0.6561 0.3390 0.6742 0.0000 0.0000 0.0000 10.5625 133.1250 -4.3750
-0.0449 0.5952 0.3255 0.7333 9.3700 3.6900 -1.7200 -21.5625 156.9375 125.3750
-0.1429 0.5434 0.2383 0.7922 5.8900 2.7800 -0.3100 33.8750 154.2500 215.9375
-0.2866 0.4810 0.1474 0.8153 1.5000 1.3000 4.2200 -21.9375 105.2500 133.8125
-0.3702 0.4296 0.0854 0.8192 5.2700 -1.0200 -0.9000 144.6875 88.5625 9.6250
-0.3649 0.3628 0.0945 0.8522 6.0100 2.3500 5.8100 -157.1875 93.5000 -187.6250
-0.2151 0.3526 0.0292 0.9103 7.1100 -1.1800 5.0800 -66.6250 -24.4375 -39.0000
-0.1616 0.3675 -0.0038 0.9158 4.2600 -1.7300 5.0300 -176.0000 0.6250 -85.6875
-0.0850 0.3690 -0.0797 0.9221 5.9500 -2.4000 6.6800 -33.5000 82.3125 -22.9375
-0.0753 0.3304 -0.0894 0.9366 12.6800 -4.9600 3.6800 263.6250 154.9375 162.1250
-0.1417 0.2413 -0.0577 0.9583 -0.8800 -3.6000 2.2600 -95.8125 23.0625 -146.3125
-0.0433 0.2554 -0.0988 0.9608 2.6900 -4.0000 2.5900 32.0625 -121.4375 -41.1250
-0.0175 0.3312 -0.0704 0.9407 2.8000 -0.1000 -0.5300 24.1875 -221.8125 -102.0625
0.0325 0.4796 -0.0405 0.8760 14.1600 -1.4600 -0.2400 133.9375 -213.0000 -37.4375
0.0068 0.6053 0.0309 0.7954 18.6800 4.2300 1.6800 385.8125 -133.1875 124.8125
-0.2119 0.6745 0.1757 0.6851 18.4200 4.7400 8.9800 -22.2500 77.3125 75.3125
-0.2942 0.6580 0.1667 0.6729 20.6400 0.7500 2.4300 41.8125 49.3750 83.6875
-0.3458 0.6386 0.1081 0.6790 13.3300 -7.6500 0.0800 -26.5000 124.7500 149.8125
-0.3975 0.5950 -0.0614 0.6959 -0.5000 2.5000 1.7300 -598.7500 50.8750 189.1875
-0.2940 0.6475 -0.3909 0.5845 -4.0600 -1.7400 2.8300 -193.8750 66.0000 92.5000
;
-0.2628 0.6224 -0.5255 0.5172 0.0700 0.5000 -3.0900 -106.4375 -43.4375 71.3125
-0.2579 0.6286 -0.5723 0.4592 0.9200 -6.8700 -12.8700 -127.6875 -2.5625 64.2500
-0.2185 0.6331 -0.6146 0.4169 3.6900 -8.9700 -9.9200 43.8750 2.9375 -27.5000
-0.2221 0.6412 -0.5858 0.4431 4.8800 -8.1800 -5.5400 77.6875 9.4375 -26.9375
-0.2468 0.6385 -0.5497 0.4786 1.6700 -8.6200 -6.0300 131.5625 9.0625 -99.0000
-0.2598 0.6498 -0.4468 0.5574 7.6800 -7.6700 -8.3000 184.5625 128.8125 -219.3750
-0.2263 0.6327 -0.2816 0.6850 0.1900 -0.7600 -1.0300 0.0000 0.0000 0.0000
-0.1962 0.6316 -0.0774 0.7460 6.0600 0.0800 2.8800 142.6250 -43.5625 -192.3125
-0.1536 0.6330 0.0890 0.7535 3.4900 3.3500 2.5000 91.0000 -94.0000 -256.3750
-0.0608 0.6369 0.2480 0.7274 9.7400 7.2800 1.1500 62.1875 -105.8125 -160.2500
0.0148 0.6549 0.3653 0.6614 25.6600 12.1500 -1.8000 74.3125 29.3750 63.7500
-0.0537 0.6625 0.3727 0.6475 17.5400 9.1100 0.8200 20.2500 165.8125 131.6875
-0.1511 0.6155 0.3069 0.7100 13.0300 2.2800 -2.5400 4.7500 241.9375 116.5000
-0.2592 0.5248 0.2318 0.7769 7.9500 2.8800 2.7400 -16.0625 159.4375 138.2500
-0.3632 0.4528 0.1389 0.8024 2.0400 2.0700 1.1800 71.6875 98.9375 123.5625
-0.4524 0.3884 0.1069 0.7957 6.3200 -6.3900 -14.8800 -100.5625 -14.3750 -296.4375
-0.2911 0.3365 0.0834 0.8917 9.0500 2.6600 6.3800 -103.1875 45.3750 -94.9375
-0.1974 0.3367 0.0342 0.9200 4.8800 -1.1400 7.5700 -81.3750 11.6875 -68.5000
-0.1215 0.3409 -0.0152 0.9321 7.7500 -2.2100 5.1000 -45.4375 -47.1875 -33.9375
-0.0895 0.3632 -0.0341 0.9268 4.1900 -1.5600 5.8000 112.6250 131.6250 50.0625
-0.1635 0.2425 0.0449 0.9552 -0.2000 3.4800 13.3200 -63.4375 -34.7500 29.0625
-0.1809 0.2617 0.0394 0.9472 -1.1900 0.0600 7.2100 -38.1875 -153.6250 31.7500
-0.1839 0.3789 0.0345 0.9063 5.4400 -3.8300 -2.3200 0.4375 -267.0625 3.6875
-0.1702 0.5319 0.0358 0.8287 16.1900 -2.1500 -3.3300 7.1875 -181.3750 -19.5625
-0.1815 0.6334 0.0536 0.7503 13.1800 -2.2500 -2.1100 296.8125 -190.1875 86.8125
-0.3329 0.6857 0.1534 0.6288 9.6000 1.4300 13.9400 -75.0000 33.9375 95.3750
-0.3774 0.6827 0.1032 0.6171 13.6000 -5.0000 1.8400 2.8125 65.1250 41.3750
-0.3950 0.6564 0.0604 0.6400 21.6600 -0.2100 5.5900 -24.8750 121.9375 113.5625
-0.4309 0.6223 -0.0635 0.6505 0.3000 -8.7500 6.3300 -388.1875 52.3750 221.3750
-0.3436 0.6641 -0.3284 0.5772 7.9700 -4.0500 -3.8000 -200.9375 67.1250 171.0000
-0.2827 0.6469 -0.4997 0.5020 5.2800 -1.5600 -7.3300 28.4375 31.0625 5.3125
-0.2539 0.6436 -0.5363 0.4835 5.4800 -6.5500 -16.2300 -74.1250 51.3750 -51.5000
-0.1887 0.6567 -0.5554 0.4741 1.3300 -5.2800 -7.2800 -27.8750 8.5000 -46.8125
-0.1702 0.6681 -0.5366 0.4866 3.9500 -7.3400 -6.9000 104.1250 8.3125 -73.0625
;
-0.1843 0.6783 -0.4731 0.5311 5.4800 -9.2300 -5.3200 130.3125 12.3125 -128.6875
-0.1885 0.7018 -0.3427 0.5953 16.3200 -8.3300 -4.4900 93.0625 37.0625 -199.3125
-0.1419 0.7118 -0.1978 0.6588 12.8200 -6.4400 -5.4100 156.1875 123.3125 -189.1250
-0.1223 0.6555 -0.0247 0.7448 6.9100 -0.8800 0.1600 188.6250 93.8750 -119.0000
-0.1425 0.5706 0.1026 0.8022 7.3100 1.1800 0.0400 161.6875 181.2500 -53.1875
-0.1879 0.4533 0.1852 0.8514 7.1500 8.2600 6.2600 78.2500 106.8750 100.8125
-0.2803 0.3899 0.1856 0.8573 1.8400 5.4500 6.8200 23.7500 61.8125 89.3125
-0.3473 0.3569 0.1722 0.8499 -31.8000 33.9600 33.3800 -205.3125 -19.6250 -159.9375
-0.2379 0.3915 0.0815 0.8851 10.2800 0.6400 4.2300 -162.5000 61.6250 -52.4375
-0.1647 0.3839 -0.0002 0.9086 8.6400 -1.0600 7.6900 -101.3125 82.8125 -54.6250
-0.0966 0.3696 -0.0596 0.9222 4.7300 -3.9900 6.6800 -12.8125 19.3750 21.0000
-0.0991 0.3501 -0.0753 0.9284 -4.4900 -0.6600 8.8900 185.6875 196.6250 24.0625
-0.1570 0.2365 0.0229 0.9586 -2.0800 1.0400 10.5600 -145.4375 -17.4375 -14.2500
-0.1300 0.2615 -0.0330 0.9559 0.0500 -1.3700 7.8700 -37.7500 -138.7500 -26.1250
-0.1108 0.3727 -0.0281 0.9209 3.5600 -3.9100 0.2300 89.1875 -203.5000 -48.5000
-0.1030 0.4963 0.0380 0.8611 5.8400 -2.4600 -3.2000 55.1875 -193.5000 -55.3750
-0.0811 0.6085 0.1104 0.7817 10.8400 2.7000 -1.5800 -21.4375 -224.2500 -51.6875
-0.0420 0.7314 0.1606 0.6614 19.3000 5.8800 -4.1600 143.0000 -252.5000 -22.5625
-0.0812 0.8033 0.1906 0.5583 12.4100 -1.1000 -6.4700 62.0000 -3.5000 58.1875
-0.1397 0.8071 0.1621 0.5502 14.1400 1.5200 -6.1600 259.0000 95.8125 84.0000
-0.3127 0.7608 0.1710 0.5424 7.7500 -5.9600 -5.9600 39.0000 197.8750 138.4375
-0.4020 0.6952 0.0560 0.5933 6.2600 -6.3300 0.2100 29.6250 88.0625 109.6875
-0.4554 0.6434 -0.0150 0.6152 10.3000 -2.9800 4.5800 -31.9375 84.3750 165.1875
-0.4769 0.6030 -0.1495 0.6217 0.0000 0.0000 0.0000 -916.6875 232.0625 187.5000
-0.2731 0.6240 -0.5589 0.4730 -5.6300 -4.6000 -6.5700 61.0625 50.3750 39.1250
-0.2858 0.5809 -0.6025 0.4668 -2.1300 -1.0600 -10.7600 -86.7500 88.0625 -66.5000
-0.2245 0.5936 -0.5932 0.4954 4.7700 -3.6800 -6.5100 78.0625 9.4375 -100.9375
-0.2216 0.6158 -0.5215 0.5475 0.0000 -7.7400 -5.1500 170.2500 16.8750 -216.3750
;
-0.2109 0.6467 -0.3759 0.6293 10.5800 -4.7800 -2.4700 188.2500 15.1250 -137.6250
-0.2147 0.6592 -0.2064 0.6904 5.5000 -7.5500 -2.4800 130.6250 43.2500 -218.7500
-0.1729 0.6431 -0.0568 0.7438 7.1400 -1.2400 0.6700 166.5000 8.3750 -160.4375
-0.1554 0.6167 0.1034 0.7648 13.1600 1.2000 1.7200 81.0000 34.2500 -65.4375
-0.1562 0.5861 0.1792 0.7745 14.8500 4.7600 5.5100 71.6250 64.8750 -7.3125
-0.1965 0.5384 0.2136 0.7911 8.7200 5.0200 7.1400 38.0000 79.5625 64.2500
-0.2490 0.5057 0.1915 0.8035 5.8500 1.8400 0.8300 42.1250 81.2500 144.4375
-0.3342 0.4710 0.1342 0.8052 3.3400 0.0400 3.5000 -15.1875 37.0625 30.0625
-0.3126 0.4643 0.0965 0.8231 7.8600 0.2700 3.3700 -180.3750 81.8750 -173.7500
-0.1805 0.4523 0.0407 0.8724 9.3200 1.8800 8.0700 -100.6250 70.0000 21.6250
-0.1388 0.4193 -0.0302 0.8967 5.6900 -2.7000 3.7300 -117.9375 33.4375 -138.3750
-0.0117 0.3871 -0.0871 0.9178 10.2700 -1.6200 4.8200 -145.1875 169.2500 -74.5625
0.0773 0.3216 -0.1442 0.9326 -2.3800 -2.0800 3.0400 214.6250 354.4375 114.1250
0.0021 0.1479 -0.0268 0.9886 -6.8900 1.6100 15.4400 -85.7500 -77.4375 -65.7500
0.0326 0.1858 -0.0474 0.9809 1.4800 -3.1900 5.4600 30.8750 -181.8750 -28.3125
0.0355 0.3043 -0.0325 0.9514 5.0800 -2.3400 1.4700 45.2500 -203.9375 30.6875
-0.0006 0.4349 -0.0118 0.9004 6.3900 -6.8200 0.1400 229.6875 -265.5000 -28.1875
-0.0651 0.5974 0.1233 0.7898 12.3100 1.7300 -1.3300 264.5000 -164.0000 156.1875
-0.2526 0.6613 0.2084 0.6749 6.7400 -1.0900 -0.1300 -52.5625 -96.8750 128.2500
-0.2966 0.7067 0.1465 0.6254 22.0800 -0.9500 0.0000 -39.3750 24.8750 113.8750
-0.3275 0.7070 0.0678 0.6231 16.2000 -5.9900 0.5900 5.6875 120.5625 62.5625
0.0000 0.0000 0.0000 0.0000 9.1800 -1.0600 5.5300 57.1250 114.1250 218.2500
-0.4777 0.5823 -0.1159 0.6475 -1.8100 7.0900 4.3700 -733.5000 208.3125 340.3125
-0.3395 0.6421 -0.4669 0.5045 7.7700 -2.5200 -12.2200 -38.7500 74.8750 127.4375
-0.3033 0.6270 -0.5482 0.4630 4.4100 -5.9400 -10.9300 3.6875 47.0625 -24.2500
-0.2821 0.6317 -0.5371 0.4827 2.4300 -8.0900 -6.9200 48.2500 2.2500 -65.3750
-0.2794 0.6430 -0.4921 0.5161 1.1800 -6.9300 -5.3400 140.1250 33.0000 -129.8750
-0.2746 0.6547 -0.3824 0.5913 4.5400 -6.9300 -6.2000 108.6875 67.5625 -161.8125
-0.2319 0.6557 -0.2449 0.6755 3.8400 -3.2300 -2.2000 112.0000 -37.6875 -294.2500
;
-0.1577 0.6844 -0.0549 0.7097 7.7200 1.5200 0.3800 72.1875 -70.9375 -272.8750
-0.0629 0.7065 0.1191 0.6948 19.8900 7.8200 -0.0500 129.8125 -144.4375 -71.8125
-0.0480 0.7419 0.2134 0.6339 15.3200 3.0000 -3.4700 44.5625 50.7500 -77.9375
-0.0419 0.7042 0.2587 0.6600 20.2800 6.6400 -1.8100 45.1250 158.4375 17.3750
-0.0916 0.6282 0.2623 0.7267 7.5900 2.2100 -0.5300 38.7500 207.8750 31.0000
-0.1669 0.5262 0.2491 0.7957 8.0500 3.9200 2.0200 51.3125 199.1875 162.1875
-0.2822 0.4406 0.1840 0.8322 6.4300 0.2700 0.6100 -54.0000 148.1250 112.5000
-0.3430 0.3829 0.0889 0.8531 0.1300 -0.3800 1.5900 -3.0000 94.0000 18.0625
-0.3055 0.3320 0.0415 0.8914 8.8500 0.9400 7.1900 -169.4375 39.8125 -155.8750
-0.1825 0.3527 -0.0197 0.9175 8.0300 -0.6200 5.9300 -119.3750 46.1250 -93.6250
-0.1039 0.3327 -0.0776 0.9341 9.1900 -5.0400 3.8900 -124.2500 6.5625 -11.4375
-0.0568 0.3261 -0.1469 0.9321 0.2300 -4.7900 4.4700 -5.8125 34.0000 7.6250
-0.0753 0.2742 -0.1328 0.9495 -1.4200 1.0900 13.9000 163.9375 -42.7500 149.8750
-0.1367 0.2509 -0.0941 0.9537 2.1600 -3.0800 6.5400 -38.0000 -24.7500 -43.9375
-0.0981 0.2838 -0.1145 0.9470 0.8500 -3.9800 5.1600 -7.5000 -99.9375 -71.3750
-0.0604 0.3526 -0.0914 0.9293 1.5900 -3.4800 2.1500 78.8750 -198.4375 -89.1875
-0.0364 0.4739 -0.0065 0.8798 8.6100 1.1100 0.8900 45.5625 -222.0625 -79.0000
-0.0031 0.5942 0.0812 0.8002 13.5600 7.2300 1.9500 133.1250 -243.0625 -33.1250
-0.0475 0.6980 0.2177 0.6805 20.7300 14.6300 9.2800 226.0625 -80.6250 152.0625
-0.1550 0.7302 0.2589 0.6130 20.5900 3.7800 -1.8800 64.6250 69.1250 78.5000
-0.2264 0.7115 0.2288 0.6246 20.8100 5.1700 1.8100 13.0625 151.4375 74.8750
-0.2942 0.6632 0.1604 0.6692 16.1400 5.4100 8.3400 -188.7500 291.5625 353.6875
-0.3601 0.6248 -0.1131 0.6835 4.9300 -2.0300 -2.5400 -397.1875 -2.9375 317.6250
-0.3289 0.6301 -0.4116 0.5704 -1.1200 2.4400 3.2000 -51.8750 -30.9375 113.7500
-0.3300 0.6255 -0.4851 0.5142 0.9400 -3.4800 -12.8200 -188.5625 47.6250 47.3125
-0.2543 0.6332 -0.5580 0.4722 4.5100 -8.8700 -10.1100 96.8750 13.3750 -78.8750
-0.2569 0.6445 -0.4941 0.5239 2.4500 -8.0600 -4.1100 90.1875 16.6875 -70.1250
;
-0.2619 0.6498 -0.4193 0.5774 -0.6600 -4.7700 -2.4700 123.7500 -26.5000 -328.3125
-0.1912 0.6957 -0.2186 0.6570 4.1400 -3.3000 -2.9500 64.0625 59.3125 -211.7500
-0.1345 0.6920 -0.0932 0.7032 5.6300 -1.1400 -0.8700 93.8750 -14.1875 -108.3125
-0.1249 0.7035 0.0209 0.6993 10.8100 2.9200 1.7100 39.9375 -86.9375 -185.8750
-0.0566 0.7302 0.1573 0.6625 13.1000 3.1300 -2.0000 -18.4375 -52.3125 -181.3125
0.0272 0.7292 0.2422 0.6393 15.7400 8.1600 0.5300 12.9375 -0.3750 -74.0000
0.0571 0.7126 0.2906 0.6359 21.0000 9.3000 -1.9200 -5.0000 67.6250 -28.8750
0.0402 0.6727 0.2903 0.6794 13.1500 3.9100 -4.0500 30.1875 196.9375 92.0625
-0.0807 0.5964 0.2487 0.7589 7.7700 3.7600 -1.4900 26.0625 251.3750 221.3125
-0.2385 0.4996 0.1424 0.8205 3.5200 1.9400 -1.2800 -18.0000 141.2500 206.9375
-0.3539 0.4276 0.0541 0.8301 -0.5500 2.8000 2.1200 -80.6875 -69.8750 -228.1875
-0.2311 0.3473 0.0330 0.9083 8.7100 1.3200 3.6200 -127.7500 57.3125 -53.4375
-0.1643 0.3439 -0.0234 0.9243 8.5200 -4.3100 0.9300 -66.1875 35.1875 -39.5625
-0.1271 0.2916 -0.0750 0.9451 3.1300 -5.3900 5.3800 64.7500 218.6875 46.6875
-0.1333 0.1795 -0.0574 0.9730 -0.1300 0.4700 8.2100 91.0000 -36.2500 -6.5000
-0.1391 0.2100 -0.0383 0.9670 -4.0900 -0.3400 7.8000 -81.1250 -139.1875 -34.1250
-0.1082 0.3192 -0.0770 0.9384 5.9000 -4.6400 3.0900 -58.6250 -163.3125 -52.3125
-0.0747 0.4277 -0.0961 0.8957 5.2000 -4.6000 1.8600 7.0000 -191.6875 -7.3125
-0.0837 0.5457 -0.0886 0.8291 11.1700 -3.2900 -0.7600 158.1875 -158.5000 -1.3750
-0.1636 0.6462 0.0386 0.7444 20.3000 3.2900 1.3500 151.7500 -80.5625 57.1875
-0.2670 0.6912 0.1134 0.6619 15.4800 0.8400 5.7800 -8.3125 -43.6875 133.1250
-0.3159 0.7001 0.0776 0.6356 21.4000 -3.8800 1.6600 54.0000 124.0000 75.2500
-0.3801 0.6384 0.0330 0.6685 12.5800 1.0800 6.3800 -29.6875 155.5000 215.5625
-0.4323 0.5875 -0.1726 0.6619 0.0100 0.9900 4.9800 -524.0000 32.6250 209.6250
-0.3172 0.6285 -0.4883 0.5157 -9.0700 -0.5600 -1.4100 102.0625 -7.1875 -29.6875
-0.3226 0.6094 -0.4755 0.5464 3.1500 -0.0100 -5.9900 -240.4375 50.8750 -4.0000
-0.2271 0.6362 -0.5240 0.5188 5.8000 -4.9300 -7.8000 84.5625 -9.9375 -38.5000
-0.2365 0.6414 -0.4668 0.5610 4.8400 -7.2500 -5.6900 100.1875 13.2500 -51.4375
-0.2462 0.6420 -0.4004 0.6058 3.1800 -7.7900 -3.8400 63.5625 2.6875 -109.2500
-0.2308 0.6548 -0.3202 0.6445 3.7800 -6.8300 -1.9900 138.6250 -20.1250 -172.8125
-0.2090 0.6774 -0.1672 0.6851 13.8000 -3.5000 0.1700 113.0000 30.7500 -174.6250
-0.1730 0.6804 -0.0003 0.7122 10.8000 -1.5900 1.6700 106.0625 -146.7500 -88.0000
-0.1578 0.7233 0.1059 0.6639 11.9100 0.7400 -1.1000 -4.2500 10.1875 -191.0000
-0.0662 0.7112 0.2109 0.6673 20.2600 6.4400 0.0000 0.0000 0.0000 0.0000
;
