0.9401 0.2569 -0.2211 -0.0349 3.7600 4.8300 7.5300 20.5000 17.1250 -33.0625
0.9419 0.2651 -0.1993 -0.0529 12.6700 11.8700 13.7400 66.1250 -34.2500 137.4375
0.9243 0.2878 -0.2505 0.0094 7.8000 6.6600 3.6300 213.3125 -142.5625 156.9375
0.8400 0.3740 -0.3707 0.1308 10.0600 10.3600 7.5300 162.6250 -12.5625 214.4375
0.7766 0.3715 -0.4318 0.2691 4.4500 6.2100 5.7500 -168.8750 -80.3125 219.9375
0.7446 0.2328 -0.5374 0.3204 4.0200 0.0400 3.0900 -61.3125 -26.7500 111.6875
0.7203 0.1608 -0.5826 0.3405 7.9900 -1.4100 2.1700 -109.3750 -20.1875 46.8125
0.7360 0.0216 -0.6309 0.2444 9.9700 -5.7300 -2.9500 -32.8125 14.0000 92.5625
0.7296 -0.0304 -0.6260 0.2736 5.2000 -6.0500 -0.4900 55.4375 50.1875 16.8125
0.7460 -0.0256 -0.5925 0.3030 8.1200 -3.7800 1.7100 47.0000 19.1875 47.4375
0.7455 -0.0223 -0.5733 0.3391 7.4300 -2.9200 2.6200 52.5000 -6.1875 39.6875
0.7345 -0.0121 -0.5615 0.3809 7.4000 -2.4600 3.1600 66.8125 6.2500 43.1875
0.7300 0.0013 -0.5320 0.4290 8.4500 -2.9700 -3.1800 -183.6875 56.6875 -81.1250
0.7574 -0.0599 -0.5528 0.3423 9.9000 -3.5900 1.9200 -86.0000 48.1875 21.7500
0.7634 -0.1163 -0.5580 0.3039 7.2300 -5.3200 2.3200 -142.5625 50.6875 -35.5000
0.7720 -0.1848 -0.5630 0.2300 8.0700 -5.5900 1.4800 -149.7500 87.6875 -10.1875
0.7875 -0.2791 -0.5302 0.1445 9.1300 -5.6600 3.1400 -110.0625 145.3125 5.6250
0.8131 -0.3445 -0.4622 0.0807 4.7900 -7.9700 2.2000 -68.6875 115.6875 -42.0000
0.8293 -0.3698 -0.4180 0.0292 6.7000 -6.1400 4.6200 61.7500 78.9375 92.3125
0.8534 -0.3691 -0.3641 0.0530 2.6600 -6.1200 4.2000 -49.2500 -3.4375 -28.1875
0.8339 -0.3961 -0.3835 0.0242 0.0600 -7.3200 -0.4600 28.1250 -138.0000 -129.2500
0.8188 -0.3319 -0.4683 0.0016 4.0600 -4.6700 -4.6400 341.6250 39.6250 -155.9375
0.8767 -0.1062 -0.4690 0.0107 9.1800 1.2000 0.9200 279.8750 69.4375 -181.1875
0.8994 0.1484 -0.4108 -0.0157 4.2700 6.4900 11.3800 52.1875 137.2500 -239.4375
0.9167 0.2553 -0.2896 -0.1030 2.3300 8.6300 8.7000 67.3750 152.5625 -86.1875
0.9211 0.3201 -0.1871 -0.1189 0.9600 9.6200 10.4700 19.0000 65.7500 -39.1250
0.9223 0.3416 -0.1305 -0.1254 -0.4000 6.8400 7.6600 8.8125 38.6875 -34.6875
0.9232 0.3464 -0.0910 -0.1393 1.7400 7.0500 7.7400 -7.8750 3.0000 -18.7500
0.9263 0.3376 -0.0704 -0.1517 -3.3200 7.0300 6.8400 -88.0000 -25.0000 38.0000
0.9520 0.2765 -0.0487 -0.1223 0.6100 5.2400 8.7400 -2.3750 -0.6250 -1.5625
0.9528 0.2715 -0.0612 -0.1212 0.7700 5.5000 8.2400 6.6250 -1.0000 1.8750
0.9517 0.2745 -0.0665 -0.1202 0.7400 5.2300 8.2200 -0.5000 -2.6250 -2.7500
0.9516 0.2748 -0.0670 -0.1203 0.7700 5.2600 8.4800 7.8125 -5.7500 -3.1250
0.9486 0.2795 -0.0779 -0.1261 1.7500 6.2900 8.6100 30.3125 -124.3125 -26.1250
0.9357 0.2820 -0.1616 -0.1367 -0.6000 10.3100 15.4800 -9.5000 -306.0625 148.6250
0.9010 0.2359 -0.3555 -0.0791 7.0300 7.6300 2.1800 250.6875 -153.5000 183.6250
0.8151 0.3013 -0.4881 0.0809 7.5800 9.7400 13.1600 -114.0000 -70.3125 221.3125
0.7959 0.1925 -0.5517 0.1585 7.0100 2.8000 3.8600 -187.6875 -77.1875 240.1875
0.7476 0.0179 -0.6293 0.2115 5.4400 -6.7000 -1.8600 -84.7500 -56.5000 170.2500
0.6899 -0.0996 -0.6664 0.2645 2.8700 -8.1200 -5.3000 92.9375 7.1875 11.3750
0.6896 -0.0769 -0.6508 0.3082 4.7000 -3.9400 -0.1600 117.1875 -29.0000 -6.6875
0.6882 -0.0206 -0.6299 0.3593 8.2400 -1.1000 3.1500 93.3125 32.1875 21.0625
0.6993 0.0024 -0.5884 0.4058 -2.0000 0.7500 17.6900 -169.2500 51.0625 -69.0625
0.7286 -0.0496 -0.5895 0.3452 7.7000 -4.4300 2.3800 -133.5625 37.4375 -12.6250
0.7453 -0.1379 -0.5978 0.2611 10.2500 -3.9900 2.0100 -194.6250 7.3125 -19.3125
0.7322 -0.2328 -0.6131 0.1840 9.3000 -5.5000 -1.6200 -220.0000 146.3750 7.1250
0.7571 -0.3533 -0.5441 0.0765 7.7400 -7.6700 -2.8100 -38.5625 130.1250 59.3125
0.8024 -0.4057 -0.4361 0.0366 3.6700 -7.0000 2.9600 -2.7500 162.4375 17.6875
0.8406 -0.4072 -0.3557 0.0317 -1.1300 -4.8000 11.7700 -59.7500 4.0625 9.6875
0.8361 -0.4218 -0.3500 0.0219 1.8900 -9.1000 -1.2300 59.7500 14.6250 -124.0000
0.8609 -0.3453 -0.3719 -0.0355 7.2400 -1.4700 0.2500 332.8750 68.5000 -179.8125
0.9158 -0.1006 -0.3812 -0.0768 7.8000 0.1200 4.3500 112.0000 139.6250 -136.0625
0.9384 0.0236 -0.3166 -0.1363 7.4800 5.6000 11.6500 113.7500 90.2500 -58.6875
0.9454 0.1199 -0.2608 -0.1544 4.7400 5.1100 8.4100 108.0625 123.4375 -47.1250
0.9437 0.2082 -0.2026 -0.1580 3.5900 8.4100 12.6000 75.0625 25.5000 7.1250
0.9331 0.2686 -0.1923 -0.1420 3.2100 6.2000 6.8500 62.6875 44.0000 -9.1250
0.9246 0.3072 -0.1806 -0.1342 1.5800 6.2300 6.9600 44.3750 14.9375 -23.8750
0.9161 0.3350 -0.1716 -0.1387 0.9800 7.1500 8.1100 24.8750 -14.6875 -15.3125
0.9076 0.3538 -0.1754 -0.1425 2.3200 8.1700 8.1500 28.6875 9.0000 -15.4375
;
0.8997 0.3732 -0.1747 -0.1439 1.1600 6.1700 5.3200 27.0625 -2.6875 -31.9375
0.8917 0.3907 -0.1707 -0.1522 1.5100 7.2500 6.6400 16.3750 30.1250 -13.8125
0.8914 0.4025 -0.1447 -0.1498 1.0200 7.9900 8.1300 -50.2500 -4.2500 -12.0000
0.9035 0.3780 -0.1217 -0.1611 1.3600 6.9600 7.7300 -27.8750 -6.6250 5.5625
0.9102 0.3600 -0.1243 -0.1629 0.9700 6.4900 7.1100 5.5625 -8.1250 5.8125
0.9101 0.3588 -0.1310 -0.1608 0.7400 6.4900 6.7100 -8.4375 -3.7500 -2.7500
0.9130 0.3517 -0.1297 -0.1611 1.2100 6.5700 7.1300 0.3125 -0.9375 1.8750
0.9133 0.3506 -0.1313 -0.1605 1.0600 7.2500 7.7100 20.6250 -33.0625 18.1250
0.9012 0.3712 -0.1666 -0.1496 0.1900 9.9600 13.1100 -31.6250 -126.6250 81.5000
0.8903 0.3419 -0.2714 -0.1299 7.1100 9.7300 7.9500 27.6250 -275.8125 176.1875
0.8281 0.3035 -0.4664 -0.0671 0.0000 0.0000 0.0000 11.6875 -37.6250 262.3125
0.7978 0.2340 -0.5522 0.0612 7.3500 2.9200 2.6400 -68.8125 -5.8750 182.3750
0.7914 0.1285 -0.5839 0.1277 7.9600 -1.2500 1.1400 -26.5625 -5.9375 138.3750
0.7768 0.0549 -0.5983 0.1887 8.7500 -3.6100 -1.7500 29.0000 16.0625 136.8125
0.7629 0.0052 -0.5860 0.2729 4.9900 -3.3000 1.5400 60.4375 14.1250 76.3125
0.7521 0.0049 -0.5728 0.3260 4.5000 -3.2900 1.1500 82.0625 -37.8750 23.7500
0.7308 0.0377 -0.5726 0.3697 5.9300 -0.6800 3.6000 4.1250 -46.8125 -17.8125
0.7204 0.0643 -0.5752 0.3821 7.8900 -1.8500 3.3200 -95.8750 28.5625 -22.0000
0.7480 0.0108 -0.5754 0.3304 10.6900 -3.0400 2.0200 -107.8125 37.9375 17.9375
0.7676 -0.0585 -0.5729 0.2813 9.7700 -3.5500 2.8300 -125.0000 100.9375 -34.0000
0.8033 -0.1330 -0.5432 0.2045 5.9500 -6.2400 2.2500 -176.5000 80.3750 -55.8750
0.8260 -0.2315 -0.5038 0.1019 7.8500 -5.6500 2.6700 -143.3125 91.4375 -3.7500
0.8284 -0.3051 -0.4684 0.0350 8.2600 -5.0500 6.2700 43.6875 126.2500 48.4375
0.8715 -0.3044 -0.3806 0.0536 -0.3500 -6.2300 7.1600 -32.1875 21.9375 9.5625
0.8743 -0.3197 -0.3619 0.0486 1.8200 -7.1100 1.0800 8.8750 -60.0625 -56.2500
0.8679 -0.2913 -0.4018 0.0214 3.7400 -5.6700 -4.4100 252.3125 -5.0000 -138.0625
0.9047 -0.0842 -0.4177 0.0048 6.2100 2.8100 0.8500 376.6250 113.6875 -169.3125
0.9142 0.2000 -0.3526 0.0008 5.5700 10.2200 9.5400 204.8125 134.7500 -183.3125
0.9003 0.3771 -0.2123 -0.0468 0.4100 13.4500 10.8400 84.8125 58.3125 -99.5625
0.8768 0.4536 -0.1237 -0.1013 0.5500 11.8700 7.1400 -141.5000 62.3125 -117.9375
0.9055 0.3895 -0.0559 -0.1591 -0.3700 6.4000 2.6200 -10.4375 -6.4375 -30.2500
0.9331 0.3130 -0.0634 -0.1651 -1.8800 6.5700 8.2900 -4.7500 -61.8125 45.6250
0.9388 0.2968 -0.0891 -0.1504 1.1500 5.6300 7.8200 -1.9375 -0.3750 -1.6250
0.9387 0.2950 -0.0967 -0.1497 1.0500 5.4700 8.0700 1.8125 -6.8125 3.0625
0.9385 0.2950 -0.0995 -0.1496 0.8900 6.0300 8.1000 -4.5000 -6.3750 -5.5625
0.9357 0.2986 -0.1122 -0.1510 4.0200 10.7500 7.4800 254.2500 -243.2500 99.4375
0.8888 0.3610 -0.2596 -0.1110 6.4900 9.6100 4.1600 64.8750 -125.3125 125.0625
0.8565 0.3613 -0.3668 -0.0369 6.4800 6.7000 2.5000 131.0000 -43.6250 183.3125
0.8168 0.3779 -0.4278 0.0833 8.8600 8.2400 4.8300 -41.2500 22.0000 197.1250
0.8118 0.3007 -0.4697 0.1729 6.0400 1.6700 3.7400 -134.3750 -14.0000 177.3750
0.7979 0.1563 -0.5334 0.2332 6.5200 -4.0900 1.3300 -76.4375 -51.7500 144.1875
0.7639 0.0736 -0.5763 0.2810 7.3000 -4.2100 0.3400 27.1875 -11.8750 97.1250
0.7371 0.0557 -0.5823 0.3384 5.5900 -2.6800 1.1200 40.8750 -37.2500 21.4375
0.7214 0.0723 -0.5800 0.3714 6.1000 -1.4800 3.1300 32.2500 0.5625 16.0000
0.7120 0.0785 -0.5773 0.3918 8.6600 -0.8200 3.9000 -136.9375 8.8750 -48.4375
0.7252 0.0339 -0.6072 0.3228 9.1300 -1.8600 2.4900 -133.6250 24.2500 -3.6875
0.7344 -0.0383 -0.6256 0.2603 11.1600 -3.1300 1.5900 -226.8125 128.6875 -46.8750
0.7841 -0.1628 -0.5831 0.1365 9.3100 -4.6900 0.9300 -217.3750 161.6875 -27.4375
0.8141 -0.2703 -0.5126 0.0367 7.7800 -5.0900 1.8400 -134.1875 75.3750 14.0000
0.8162 -0.3431 -0.4648 0.0002 4.6200 -6.3000 4.0900 17.5625 116.0625 80.1875
0.8536 -0.3569 -0.3786 0.0273 -0.2400 -5.3400 8.8700 -32.6875 89.3750 -7.0000
0.8804 -0.3553 -0.3139 0.0086 1.2600 -7.5100 -1.0600 55.7500 65.4375 -139.7500
0.9064 -0.2794 -0.3036 -0.0903 7.2600 -1.2700 5.9900 179.0625 2.1875 -140.8750
0.9189 -0.1436 -0.3411 -0.1365 9.3900 1.6400 7.6200 138.8125 46.0625 -120.4375
0.9234 -0.0127 -0.3448 -0.1680 4.9500 4.9100 12.9900 124.6250 16.5625 -46.8125
0.9223 0.0985 -0.3296 -0.1760 7.2700 5.1400 8.6400 130.7500 4.6875 -27.8750
0.9063 0.1760 -0.3441 -0.1713 7.1000 5.2600 7.9800 -15.0625 16.6250 -59.1250
0.9091 0.1949 -0.3112 -0.1969 3.3000 5.3900 6.7200 52.9375 103.6250 -60.0000
;
