0.9031 0.4044 0.1396 -0.0377 -2.6300 6.5600 5.8500 0.5625 -0.8750 -0.4375
0.9029 0.4048 0.1397 -0.0380 -2.4600 6.4700 5.8500 0.5625 -1.3750 -0.4375
0.9034 0.4042 0.1379 -0.0384 -2.1800 6.9400 5.4600 6.8125 -1.3750 11.8750
0.9041 0.4048 0.1328 -0.0331 -1.1100 9.0400 5.4600 5.7500 -9.0000 39.6875
0.8919 0.4297 0.1409 -0.0035 -6.1600 13.4900 8.1900 189.1250 80.0625 24.2500
0.8274 0.5389 0.1567 0.0223 1.3000 12.4500 1.6100 167.6250 -123.5625 194.6875
0.7616 0.6411 0.0314 0.0891 2.1900 17.4400 4.3700 87.1875 95.0625 318.5000
0.6967 0.6610 -0.0720 0.2693 2.4800 10.6100 2.4800 -174.9375 65.8750 261.9375
0.7214 0.5328 -0.1954 0.3970 4.6200 6.7900 2.4200 -366.5000 -38.1875 224.5625
0.7463 0.3290 -0.3733 0.4421 8.2500 -0.6800 -2.1500 -17.7500 20.3125 336.8125
0.6454 0.2194 -0.4451 0.5806 0.0300 -3.4800 5.2100 97.1250 -155.0625 232.1875
0.4879 0.2251 -0.4767 0.6957 2.6900 -7.8900 1.1900 25.3750 -32.5000 15.6250
0.4652 0.2382 -0.4655 0.7142 6.4800 -5.6900 1.4400 96.5000 0.0000 8.5000
0.4488 0.2593 -0.4260 0.7416 6.5800 -3.1100 3.5700 54.8750 12.6250 14.8750
0.4365 0.2648 -0.3946 0.7639 7.0500 -2.2900 3.5400 47.6875 32.1875 13.0000
0.4327 0.2578 -0.3671 0.7820 7.4700 -0.9200 5.3300 -149.5625 16.1250 -92.1250
0.5040 0.2177 -0.3985 0.7347 8.3100 -2.9800 4.7300 -116.2500 39.0625 -16.6875
0.5630 0.1400 -0.4418 0.6843 8.5500 -4.6400 1.8400 -100.6250 81.1875 -44.5625
0.8709 -0.2111 -0.4169 0.1520 6.2300 -6.0500 0.0000 -292.0000 179.6250 -151.6875
0.8829 -0.3290 -0.3350 0.0057 -5.1800 -8.9700 1.4900 -37.1875 269.6250 41.7500
0.9309 -0.3440 -0.1097 -0.0558 -2.9800 -5.3300 7.6700 83.1875 93.5625 41.8125
0.9424 -0.3229 -0.0605 -0.0614 -3.0900 -6.1400 5.4500 -71.8125 11.1250 -63.6250
0.9212 -0.3661 -0.0748 -0.1085 0.0700 -5.2800 6.4700 -158.6250 48.0000 -183.1250
0.8573 -0.4490 -0.0745 -0.2406 8.5900 -5.6700 8.5600 -209.8750 127.8125 -66.4375
0.7838 -0.5268 0.0133 -0.3286 2.2700 -8.9300 8.1800 -129.0625 3.5625 -36.8750
0.7254 -0.5805 0.0459 -0.3671 6.1400 -9.9100 0.4100 15.6875 29.0000 -4.3750
0.7307 -0.5640 0.0543 -0.3809 4.6100 -9.5000 2.7000 65.3750 -12.6875 15.8750
0.7612 -0.5313 0.0392 -0.3699 5.7500 -8.1700 1.4100 94.0000 50.7500 65.5000
0.8121 -0.4597 0.0572 -0.3548 1.7900 -5.7600 -5.5500 263.9375 -28.5625 54.0000
0.8929 -0.3134 -0.0007 -0.3232 5.3500 2.4000 -14.4700 579.3750 53.8125 79.1875
0.9641 0.0161 -0.0604 -0.2583 -1.4900 26.2500 22.2700 242.1250 214.6875 138.5000
0.9589 0.2289 -0.0336 -0.1643 -4.2100 7.3200 15.2600 17.3125 0.1875 -43.3125
0.9545 0.2268 -0.0461 -0.1882 1.1500 4.3000 9.0600 -33.3125 -40.4375 -50.6250
0.9499 0.2087 -0.0538 -0.2264 -1.5800 1.8300 5.6800 71.8750 -46.1875 -78.1250
0.9254 0.2514 -0.0753 -0.2736 1.5100 2.0100 -0.7700 244.1250 35.3750 -82.5000
0.8439 0.4199 -0.0914 -0.3214 1.1800 10.9100 10.7700 142.1875 -42.0625 -78.8125
0.7795 0.4871 -0.1348 -0.3701 -3.6700 9.6600 9.5500 -96.0000 -2.9375 -14.7500
0.7821 0.4507 -0.1382 -0.4075 -0.1600 11.4800 10.1500 -84.9375 -107.8125 -78.9375
;
0.7675 0.3966 -0.1356 -0.4850 -0.6700 2.8700 -2.7700 46.1875 -10.8750 -95.9375
0.7250 0.4406 -0.1165 -0.5164 -9.5500 6.3100 4.4400 -2.6875 -12.4375 -30.1250
0.7280 0.4369 -0.1393 -0.5096 -2.6000 6.7300 4.5200 9.3750 25.5000 2.5625
0.7299 0.4473 -0.1354 -0.4988 -2.1900 7.2800 5.4200 4.6250 13.6250 -9.5000
0.7267 0.4547 -0.1270 -0.4990 -1.4900 6.7400 4.2900 -4.3750 31.2500 -10.6875
0.7293 0.4609 -0.1149 -0.4924 -2.3900 7.4400 5.4500 7.1250 4.4375 -7.0625
0.7262 0.4697 -0.1213 -0.4871 -1.3500 11.7000 4.3300 142.3750 -22.5625 101.1250
0.7104 0.5215 -0.2104 -0.4232 3.7500 17.1200 2.8300 190.1875 -2.9375 336.6875
0.7179 0.5336 -0.3890 -0.2202 5.2200 16.8700 3.4000 -27.7500 132.1875 291.4375
0.7900 0.4352 -0.4300 -0.0409 3.3000 12.8600 8.4500 -385.8125 74.3125 280.0000
0.8798 0.1470 -0.4514 0.0240 5.0600 2.5800 -2.6100 -199.5625 16.7500 232.1875
0.8791 -0.0715 -0.4609 0.0981 4.4900 -3.4400 1.1900 -73.6875 -103.1250 202.0625
0.8334 -0.1526 -0.4911 0.2026 2.2900 -6.5000 0.8000 92.3750 -60.4375 90.1875
0.8145 -0.1179 -0.4909 0.2861 2.7700 -6.1400 3.1700 87.7500 -15.9375 -29.8750
0.8220 -0.0532 -0.4787 0.3040 6.5800 -2.6300 2.7900 86.3750 41.0625 -17.6250
0.8361 0.0001 -0.4420 0.3250 6.9700 -0.2200 5.8900 118.3750 -36.2500 38.9375
0.8317 0.0286 -0.4240 0.3573 6.4300 -1.6800 5.0700 10.1250 22.0000 34.8125
0.8290 0.0258 -0.4073 0.3823 6.4700 -3.5200 4.7800 -80.9375 18.8125 -78.8750
0.8431 0.0192 -0.3967 0.3625 6.3300 -2.4600 5.4700 -115.1250 3.5625 -100.2500
0.8649 -0.0267 -0.4205 0.2729 8.4700 -1.4000 6.6100 -206.2500 117.2500 -61.5000
0.8915 -0.1287 -0.3914 0.1883 16.0300 -4.0900 4.3200 -243.1875 160.9375 -111.1875
0.8904 -0.2576 -0.3739 0.0330 -2.2800 -9.0700 5.4000 -251.8750 72.2500 -120.1875
0.8821 -0.3704 -0.2783 -0.0843 2.6400 -7.3600 5.1800 49.1250 235.1875 180.7500
0.9062 -0.4005 -0.1136 -0.0734 -0.7000 -5.6400 5.4800 -141.8750 13.6875 -57.6875
0.8593 -0.4854 -0.1140 -0.1140 1.1700 -5.5400 3.0000 -134.2500 41.1250 -68.9375
0.8008 -0.5659 -0.0884 -0.1749 9.2800 -9.3800 -0.4800 -125.1875 174.7500 -16.3125
0.7542 -0.6094 0.0107 -0.2444 3.5400 -12.0100 -4.2600 -5.9375 124.9375 36.6875
0.7567 -0.5822 0.0980 -0.2810 2.8800 -9.5700 -5.7000 170.3125 25.1250 34.6875
0.8379 -0.4566 0.0841 -0.2870 2.1800 0.2300 -5.0600 463.9375 2.7500 63.0625
0.9530 -0.1304 0.0070 -0.2733 -3.0300 25.2600 -3.4100 634.1875 207.3750 75.5625
0.9379 0.2617 0.0170 -0.2271 -2.9600 17.5200 26.6800 24.0625 -66.1250 67.0625
0.9354 0.2888 -0.0375 -0.2003 -0.3100 7.8600 12.7100 -17.3125 -32.4375 7.3750
0.9384 0.2700 -0.0623 -0.2062 -0.3300 5.4800 9.9900 -67.1250 5.5625 -43.4375
0.9439 0.2237 -0.0519 -0.2371 0.0600 2.8300 4.9200 -53.0000 -71.5625 -57.5625
0.9362 0.1879 -0.0790 -0.2863 -0.3200 1.3600 1.4800 83.0000 -90.1250 -91.5000
0.8972 0.2355 -0.1306 -0.3502 3.0100 3.8100 -2.9100 268.6250 111.5625 -110.4375
0.8251 0.3855 -0.1247 -0.3937 -2.6600 7.9700 7.0600 -50.6250 -27.6250 -114.0000
;
0.8062 0.3668 -0.1024 -0.4528 -3.3600 7.6400 3.0100 79.5625 -33.8750 -130.5000
0.7883 0.4290 -0.0019 -0.4411 -8.7800 5.3400 7.7500 48.3125 -58.2500 25.3750
0.7808 0.4361 -0.0778 -0.4406 -2.8500 6.9300 6.2100 -4.2500 -3.1250 4.6250
0.7847 0.4368 -0.0690 -0.4344 -2.5400 6.8500 5.8700 6.2500 7.1875 -6.0625
0.7832 0.4420 -0.0648 -0.4324 -2.5900 6.7100 6.0000 3.8125 -19.4375 4.6875
0.7836 0.4392 -0.0731 -0.4332 -3.2300 8.7000 6.2200 41.3750 -43.7500 -10.9375
0.7772 0.4365 -0.1168 -0.4381 -0.8100 10.1500 6.2500 59.0625 -105.1250 109.8750
0.7759 0.4227 -0.2449 -0.3992 5.2300 13.1600 6.9500 143.3750 -155.0625 281.1250
0.7653 0.3846 -0.4390 -0.2714 10.0700 14.4500 8.0200 -71.0000 -62.0000 388.1875
0.7972 0.1931 -0.5651 -0.0885 7.4000 3.8000 0.3300 -92.1250 -11.5000 340.0000
0.7941 0.0066 -0.6032 0.0742 2.2300 0.5800 1.3500 8.8125 -190.8125 367.0000
0.6953 -0.1013 -0.6674 0.2468 5.0200 -7.0500 -3.3300 43.3750 91.8125 26.1875
0.7143 -0.1042 -0.6353 0.2746 4.3700 -7.0300 -3.8600 95.5000 11.6875 -21.5000
0.7255 -0.0581 -0.6171 0.2991 6.3400 -2.6500 0.0100 116.4375 0.0000 -2.8750
0.7321 -0.0043 -0.5898 0.3409 7.6300 0.0000 3.9300 58.8750 28.1250 -11.1875
0.7462 0.0176 -0.5607 0.3586 9.3400 -1.5100 1.6500 -48.3750 108.4375 -38.0000
0.7827 -0.0337 -0.5515 0.2864 8.5700 -2.7700 1.1700 -153.1875 46.6875 -65.4375
0.8160 -0.1274 -0.5407 0.1600 10.1600 -4.6400 1.0800 -263.0625 210.5625 -64.2500
0.8659 -0.2677 -0.4226 0.0015 3.7600 -7.0100 0.2500 -229.3750 205.1250 -35.6250
0.8667 -0.3881 -0.2845 -0.1312 2.9700 -9.8500 4.1800 -48.0625 18.9375 26.5000
0.8663 -0.4118 -0.2537 -0.1249 5.5200 -5.6100 6.3100 48.4375 205.5625 117.5625
0.8841 -0.4206 -0.1644 -0.1204 7.2600 -3.1500 8.6300 -171.8125 100.7500 29.5000
0.8401 -0.5163 -0.0699 -0.1506 4.0600 -6.6900 5.9800 -165.3125 67.0000 65.0625
0.7891 -0.5942 0.0161 -0.1547 0.5900 -11.3200 -3.7600 -88.6875 159.3750 -11.8125
0.7457 -0.6227 0.1067 -0.2113 -0.4400 -13.9000 -7.3600 78.4375 43.9375 7.7500
0.7707 -0.5757 0.1271 -0.2418 1.3400 -9.6900 -4.3500 169.8750 -22.8125 31.5625
0.8552 -0.4543 0.0897 -0.2330 3.3600 -0.5200 -8.9500 432.8750 -62.6875 47.5000
0.9626 -0.1653 0.0103 -0.2142 1.1500 19.3100 -0.5700 470.8125 234.1875 55.2500
0.9659 0.1921 0.0227 -0.1722 -4.9700 13.4200 25.3400 109.2500 -18.0625 21.4375
0.9515 0.2623 0.0014 -0.1608 -1.0300 7.6000 15.7200 -65.3750 -42.3750 -33.6875
0.9568 0.2216 -0.0144 -0.1874 0.3200 2.9800 7.6500 -64.5625 -52.0625 -42.3125
0.9583 0.1714 -0.0401 -0.2255 2.0400 0.5600 2.1600 31.8750 -67.1250 -24.0625
0.9448 0.1915 -0.0840 -0.2524 -0.0100 1.7600 2.4000 169.0000 -6.4375 -72.3750
0.9084 0.2834 -0.1152 -0.2850 -3.6800 3.8500 1.5200 174.3125 -38.5625 -124.6875
;
0.9750 0.2221 0.0029 -0.0028 -0.0800 4.2700 8.7400 0.6875 -2.0625 0.8750
0.9750 0.2224 0.0019 -0.0024 0.0500 4.3100 8.7700 0.6250 1.2500 0.3125
0.9748 0.2230 0.0024 -0.0020 0.0200 4.3500 8.7900 26.2500 5.9375 0.3750
0.9708 0.2397 0.0015 -0.0005 1.1600 6.9800 6.3200 195.9375 -56.0625 43.1875
0.9257 0.3760 -0.0368 0.0192 6.1200 15.5000 1.7000 429.4375 0.1250 127.2500
0.7913 0.5922 -0.0996 0.1155 7.9400 16.2500 6.7400 162.8125 -76.6875 365.0000
0.6760 0.6282 -0.2518 0.2914 9.1900 12.7100 4.2700 -78.6875 199.6250 347.8750
0.6354 0.4897 -0.3288 0.4984 1.8900 6.1400 7.9400 -233.6250 -39.5000 268.1875
0.5791 0.3135 -0.5009 0.5616 4.4700 -3.3800 -1.0700 -62.1250 -22.9375 192.6875
0.5088 0.2281 -0.5767 0.5971 7.2200 -6.8300 -1.8900 -64.6250 -35.1250 151.1250
0.4496 0.1841 -0.6248 0.6112 5.7900 -7.1000 -7.4900 188.1250 24.9375 -19.9375
0.4299 0.2587 -0.5527 0.6655 8.6700 0.0300 5.7400 99.3125 -97.0625 11.5000
0.3810 0.3199 -0.5231 0.6920 8.5300 -1.6000 2.4300 109.5625 55.5625 -0.6875
0.3795 0.3232 -0.4703 0.7282 7.9700 -1.4400 1.6600 -102.6875 53.8125 -51.0000
0.4380 0.2845 -0.5069 0.6857 11.6600 -3.3400 -1.1200 -58.5625 155.6875 30.8750
0.8192 -0.1835 -0.5031 0.2057 13.4700 -4.0800 4.8500 -104.5625 183.0000 -25.0000
0.8792 -0.2473 -0.3876 0.1249 13.6600 -8.6900 -0.0400 1.3750 569.0000 -19.8750
0.9540 -0.2763 -0.1115 -0.0343 -0.7000 -3.1500 11.7400 -53.7500 91.7500 33.0000
0.9500 -0.3060 -0.0291 -0.0548 -2.6800 -5.1100 2.6500 -117.9375 -7.5000 -41.4375
0.9119 -0.4003 -0.0560 -0.0707 2.4200 -5.6500 5.5200 -148.3125 -4.8125 -124.0000
0.8606 -0.4819 -0.0655 -0.1513 9.7000 -5.5000 8.9100 -103.2500 155.5000 -52.1250
0.8137 -0.5267 0.0224 -0.2449 2.8400 -11.1100 5.6400 -82.0000 85.4375 1.9375
0.7769 -0.5588 0.0874 -0.2767 1.1500 -13.6800 0.4500 -134.5000 28.3125 -32.5000
0.7240 -0.6132 0.1193 -0.2926 3.2500 -10.7300 -4.6500 36.0625 37.9375 66.6875
0.7468 -0.5818 0.1498 -0.2852 3.5700 -7.0800 -3.6900 135.7500 11.1250 90.9375
0.8227 -0.4771 0.1545 -0.2679 0.4300 0.7100 -9.9600 466.1875 15.8750 87.5625
0.9413 -0.1959 0.1015 -0.2554 3.6100 14.8600 1.7400 468.0625 -1.8750 119.3750
0.9760 0.0965 0.0552 -0.1874 -9.2100 14.9000 36.5700 79.8125 -61.5625 31.3125
0.9703 0.1743 0.0107 -0.1671 -2.0000 6.6000 17.9500 -71.5625 -15.3125 -58.4375
0.9702 0.1218 0.0086 -0.2093 1.4100 2.9500 8.6700 -147.0625 -39.7500 -47.3125
0.9691 0.0269 0.0035 -0.2450 2.8100 1.5000 5.9000 -62.1875 -42.3125 -41.2500
0.9606 -0.0112 -0.0162 -0.2773 2.3700 -1.9200 -1.9300 230.1250 42.6250 -46.3750
0.9445 0.1260 -0.0354 -0.3013 -2.4500 7.7300 12.8700 202.6250 16.4375 -32.1875
0.9135 0.2700 -0.0551 -0.2993 -4.6500 3.3700 9.2800 18.6250 -102.3125 -66.3125
0.8919 0.2790 -0.0914 -0.3439 -1.7700 6.4500 9.6500 63.9375 0.6875 -112.8125
;
