0.8668 0.4299 0.2527 -0.0004 -4.2900 7.2100 4.8600 -1.0000 4.3125 -3.1250
0.8665 0.4291 0.2552 -0.0007 -4.2800 7.1600 4.9200 1.5000 1.1875 -0.7500
0.8656 0.4299 0.2567 -0.0010 -4.3800 7.2600 4.8900 0.0000 0.8125 -0.8125
0.8656 0.4299 0.2569 -0.0010 -4.0100 7.8300 5.4400 24.9375 41.1875 -6.0000
0.8397 0.4823 0.2496 0.0099 -13.6300 17.3300 7.8800 183.3125 -159.4375 147.0000
0.7865 0.6146 0.0587 0.0159 3.9400 24.3600 10.7900 -37.9375 -253.2500 461.4375
0.7723 0.5620 -0.2386 0.1751 8.3100 8.4500 -9.5500 -67.5625 -27.8750 481.1250
0.6911 0.4019 -0.4402 0.4088 0.8600 -2.0900 -4.4900 0.0000 0.0000 0.0000
0.5893 0.4023 -0.4399 0.5453 1.9300 2.4600 3.8500 160.1875 27.4375 121.3750
0.4986 0.4288 -0.3885 0.6454 6.9500 2.0700 4.0300 71.2500 42.3750 34.5000
0.4648 0.4313 -0.3573 0.6858 8.0300 2.7500 3.1700 73.0000 53.3750 25.6250
0.4484 0.4172 -0.3062 0.7288 6.8500 2.2400 1.4200 -235.9375 -120.5000 -73.8125
0.5041 0.3883 -0.3187 0.7025 11.8900 0.9200 0.9000 -247.9375 83.5625 -48.6250
0.5873 0.3022 -0.3724 0.6519 11.4800 -1.2700 2.2200 -88.8750 112.6875 18.9375
0.5988 0.2236 -0.3688 0.6749 14.5300 -1.2600 -12.5600 862.0000 231.5625 350.0000
0.4385 0.2787 -0.0424 0.8534 -6.7500 15.1000 37.3200 -568.3125 82.1875 -365.8750
0.7134 0.0305 -0.1562 0.6824 7.2300 -8.2600 -9.9900 -25.0625 456.6875 -710.8750
0.9553 -0.1317 0.0085 0.2645 8.9500 -6.9500 -0.2100 308.9375 349.8750 -129.1875
0.9661 -0.0148 0.2523 0.0533 -5.4200 3.0900 9.5300 -33.5625 111.2500 -151.8125
0.9443 -0.0522 0.3245 -0.0117 -9.3200 -0.3800 9.4400 -36.5000 -17.8750 118.0625
0.9423 -0.0559 0.3259 0.0523 -12.7600 -3.9500 8.8500 0.0625 -16.8125 62.0625
0.9417 -0.0482 0.3214 0.0873 -10.1500 -10.6500 8.6700 73.9375 8.0000 -66.1250
0.9446 -0.0074 0.3256 0.0410 -16.3600 2.1900 23.0000 -728.6875 -169.0625 116.5625
0.8115 -0.5212 0.0965 0.2459 -4.7800 12.4900 27.4400 165.5000 -252.4375 -216.5625
0.8886 -0.4330 -0.0177 0.1503 2.9300 -0.1400 9.5700 84.6250 -65.6875 -16.7500
0.9189 -0.3694 -0.0158 0.1375 2.2500 -2.8200 3.7000 168.3750 -60.3750 15.7500
0.9554 -0.2515 -0.0226 0.1533 5.7700 0.1000 -4.6100 695.7500 143.3750 24.0625
0.9433 0.2697 0.1055 0.1622 -3.5900 13.0800 -2.3900 603.3125 143.3125 65.3125
0.7946 0.5560 0.1857 0.1581 -3.6800 14.5200 3.4300 -13.1250 -3.6875 -105.1875
0.8381 0.4462 0.2722 0.1562 -7.1500 7.6200 0.3100 -13.8750 -79.9375 -61.0000
0.8654 0.3967 0.2794 0.1252 -3.8400 6.9700 6.4100 97.3750 25.0000 33.6250
0.8402 0.4600 0.2585 0.1248 -2.3600 9.7500 4.6100 9.6875 -17.3125 15.1875
0.8397 0.4703 0.2411 0.1250 -2.8100 7.6500 3.9600 -0.1875 8.8750 -17.9375
;
0.8385 0.4694 0.2496 0.1196 -2.9900 8.2700 4.6900 2.1250 -18.9375 19.1250
0.8390 0.4741 0.2370 0.1231 -2.4100 8.1100 4.5800 11.0000 19.3750 -6.3125
0.8232 0.5015 0.2378 0.1198 7.5400 29.4200 24.2100 348.5625 -1387.1250 571.5000
0.7849 0.5864 -0.1382 0.1448 3.0800 17.4100 0.8700 -239.0000 3.6875 511.6875
0.7375 0.4123 -0.3672 0.3887 2.0800 1.2000 -9.9100 162.3125 60.3125 403.4375
0.5819 0.3439 -0.3937 0.6230 -4.4400 1.8900 2.9200 141.2500 61.0625 146.6250
0.4952 0.3381 -0.3207 0.7332 2.1700 3.2700 8.7800 95.3750 44.0000 12.1250
0.4721 0.3539 -0.2654 0.7625 -13.6200 7.5800 6.0000 -121.4375 -293.1875 -57.4375
0.4928 0.3900 -0.3317 0.7037 5.8200 -1.0000 -0.5400 -55.1875 23.3750 -86.0000
0.5460 0.3768 -0.3479 0.6625 10.0200 -0.0700 3.1900 -110.1250 21.8750 -13.0000
0.6006 0.3145 -0.3864 0.6254 9.7000 -1.8200 4.6400 -63.1875 51.0625 37.6250
0.5931 0.2688 -0.3777 0.6583 7.1100 -8.2200 -4.9700 374.1250 408.5000 142.8750
0.5577 0.2234 -0.2120 0.7708 -2.2500 -1.2500 8.0300 -69.3750 456.1250 -498.0625
0.8365 0.0139 -0.0747 0.5427 14.2400 0.0700 -0.8700 -88.8750 259.0000 -350.5625
0.9601 -0.0564 0.0099 0.2737 -3.9600 -3.7200 5.9800 536.9375 133.8750 -287.8125
0.9637 0.2136 0.1496 0.0579 -3.6300 11.9900 18.8100 -33.1250 64.3750 -54.7500
0.9623 0.2047 0.1780 0.0183 -7.9100 3.2000 13.7600 -21.6875 1.4375 12.4375
0.9639 0.1915 0.1828 0.0280 -3.7800 -3.4800 11.7200 16.8750 -12.1875 -29.9375
0.9617 0.2120 0.1735 0.0118 -2.4200 -0.7900 19.4200 -536.8750 -33.0625 260.9375
0.9172 -0.2118 0.2221 0.2542 -31.3900 -5.0800 -38.9000 130.0000 -449.3125 -242.7500
0.9137 -0.2800 0.0242 0.2936 7.8100 1.4400 10.9000 89.9375 15.5000 -50.0625
0.9396 -0.2223 0.0156 0.2596 5.1300 0.8500 13.1500 -7.1875 -45.6875 -10.4375
0.9485 -0.1946 -0.0077 0.2498 1.6000 -3.2700 -1.0600 250.5625 -30.3750 -7.3750
0.9699 -0.0385 0.0190 0.2396 -0.7400 0.6900 -0.0100 452.2500 -54.0000 36.5625
0.9159 0.3043 0.0823 0.2484 -3.7400 13.4700 5.1900 478.5625 5.6875 15.9375
;
0.8006 0.5400 0.1475 0.2136 -0.9100 13.9400 1.6700 186.2500 -10.6250 -92.3750
0.8173 0.5109 0.1822 0.1946 2.6200 8.1700 4.1200 127.4375 -6.5625 -89.8125
0.8012 0.5518 0.1843 0.1402 -0.8300 7.4400 3.1400 50.0000 2.5000 -5.8750
0.7770 0.5839 0.1990 0.1256 -1.8300 23.6900 14.9200 -159.9375 -247.3750 253.0625
0.8038 0.5632 -0.0455 0.1863 10.2700 18.7100 0.6300 -164.3750 -177.1875 496.5000
0.7477 0.4533 -0.3286 0.3571 7.0800 1.2500 -7.7900 115.2500 -29.9375 394.3750
0.5913 0.3682 -0.4393 0.5673 -3.6200 -2.5500 -3.2700 103.8750 -13.0000 167.0625
0.5003 0.3572 -0.4236 0.6653 2.4000 2.4300 7.8100 114.6250 34.6250 31.3125
0.4655 0.3724 -0.3517 0.7217 6.9500 1.2800 2.6100 175.3125 28.9375 2.8125
0.4365 0.3986 -0.2692 0.7604 8.9300 0.6200 7.1200 -161.0000 20.5000 -72.5625
0.5071 0.3820 -0.3254 0.7007 8.9700 -0.3600 4.3600 -85.0625 -19.0625 -82.6875
0.5643 0.3814 -0.3555 0.6401 9.7300 0.3700 2.8200 -120.2500 7.5000 -52.1250
0.6169 0.3397 -0.3863 0.5956 14.1400 -0.0600 6.9600 -108.3125 75.6250 35.6875
0.6387 0.2626 -0.4089 0.5966 33.8400 0.4800 -11.9300 559.1875 316.6875 463.9375
0.5352 0.2038 -0.1946 0.7963 -4.4500 -2.5500 13.8300 -286.4375 457.2500 -657.5625
0.8625 -0.0387 -0.0432 0.5027 17.4900 -4.6400 -4.0800 83.0000 515.5625 -450.5625
0.9523 -0.0898 0.2682 0.1142 -22.5800 5.1100 29.0700 2.7500 88.6875 -192.3750
0.9242 -0.0506 0.3776 0.0264 -11.0100 -5.2800 9.7300 32.6875 -24.6875 50.1250
0.9290 -0.0156 0.3640 0.0657 -8.6000 -4.9500 7.7300 54.6875 -18.1250 -1.9375
0.9324 0.0172 0.3564 0.0576 -10.7000 -7.7000 8.6300 126.4375 -53.4375 -32.5625
0.9489 -0.0059 0.3112 0.0535 -13.1100 28.2800 2.7100 -1741.0625 40.6875 -37.5625
0.8660 -0.4592 0.1141 0.1620 16.8700 -1.9900 12.6300 61.3125 98.6875 -3.5625
0.8939 -0.4215 0.0817 0.1287 8.2800 -1.3700 12.9100 61.1250 17.3125 9.4375
0.9167 -0.3742 0.0706 0.1212 -2.7800 -3.4000 4.1000 159.0625 -89.3750 -24.1875
0.9630 -0.2351 0.0399 0.1252 2.0600 0.5400 0.0300 473.6875 37.5000 95.8125
;
0.9829 0.0292 0.0931 0.1562 -3.4900 4.3500 2.3800 507.1875 21.7500 86.0000
0.9075 0.3588 0.1505 0.1579 -2.3600 15.2200 11.0000 228.8750 60.7500 31.2500
0.8188 0.5345 0.1633 0.1309 -3.0400 9.4800 0.8700 120.8750 -5.7500 -48.7500
0.7959 0.5444 0.2277 0.1352 -17.2200 11.1200 4.1900 69.8750 23.6250 -57.5625
0.8094 0.5182 0.2488 0.1198 -1.4800 7.2700 2.4700 68.6875 0.3125 11.6875
0.7894 0.5582 0.2318 0.1073 -2.7400 18.6300 11.1100 62.8125 -460.1875 284.5625
0.7806 0.6157 -0.0625 0.0870 15.1000 20.7900 2.5200 -145.3750 -72.2500 414.8125
0.7800 0.4825 -0.3015 0.2604 -2.3400 3.9300 -7.5000 -40.6875 -115.3750 419.0000
0.6641 0.3871 -0.4506 0.4539 2.3100 -1.1300 -3.2700 224.5625 44.0000 228.0000
0.5209 0.3976 -0.4077 0.6360 3.4900 2.1000 3.0100 74.5000 9.4375 85.4375
0.4676 0.4006 -0.3879 0.6859 1.2900 3.3700 2.0900 156.7500 28.9375 -9.6250
0.4302 0.4276 -0.3140 0.7304 15.1600 2.8500 7.1400 -159.1875 17.0625 -39.6250
0.4931 0.4038 -0.3831 0.6686 7.4900 -1.3200 2.6400 -62.1250 -33.5000 -57.1250
0.5333 0.4037 -0.4104 0.6199 11.8900 -0.2800 4.3600 -48.4375 13.8750 -37.2500
0.5652 0.3900 -0.4175 0.5952 9.8700 -1.2000 2.4000 -60.4375 12.7500 -7.6250
0.5807 0.3704 -0.4386 0.5773 15.3700 -0.0800 -8.7200 69.0625 -80.5000 140.9375
0.5156 0.3202 -0.3556 0.7108 -0.7700 -5.3400 3.4700 119.3750 344.8125 -203.6250
0.6845 0.2090 -0.1075 0.6901 4.6200 8.0300 12.7200 -134.0625 266.6875 -740.1875
0.9286 0.0923 0.0423 0.3567 5.3200 -7.1500 1.3100 324.8125 71.6875 -415.6875
0.9743 0.1880 0.1078 0.0613 -6.6500 9.3300 15.8900 0.0000 0.0000 0.0000
0.9713 0.2256 0.0737 0.0156 -3.8500 5.8400 15.4800 -23.0625 19.1250 -14.1250
0.9715 0.2264 0.0690 0.0147 -1.8000 -2.0200 13.1800 41.3750 -41.8750 5.0000
0.9671 0.2507 0.0421 0.0099 -2.2800 -3.4800 13.8700 57.2500 54.8125 -56.3125
0.9839 0.0354 0.0684 0.1613 -1.1700 24.2500 -38.9000 441.0625 200.4375 -49.6250
0.9095 -0.3096 0.0888 0.2628 1.9400 7.5900 24.9600 85.0000 -44.6875 -23.1875
0.9429 -0.2407 0.0686 0.2197 -0.9300 2.3200 16.3100 25.6875 -15.5000 -18.6250
;
