0.8885 0.1850 -0.4198 0.0013 7.3200 3.3100 5.8500 8.3125 0.3750 -0.6875
0.8878 0.1902 -0.4192 0.0028 7.3700 3.4600 5.7100 4.6250 1.9375 0.1875
0.8875 0.1935 -0.4182 0.0046 7.5600 3.8200 5.6900 12.6250 2.0000 11.6250
0.8862 0.1975 -0.4189 0.0149 6.6300 4.0400 6.8700 40.0000 -30.4375 34.1875
0.8734 0.2081 -0.4381 0.0427 6.2800 4.7000 7.4600 26.6250 -115.1875 48.4375
0.0000 0.0000 0.0000 0.0000 0.0000 0.0000 0.0000 -1.6875 -9.6875 89.8750
0.8284 0.1815 -0.5166 0.1182 11.6600 0.4200 1.6100 28.3125 20.7500 109.1875
0.8221 0.1588 -0.5120 0.1916 14.1700 0.6500 2.6500 58.8125 41.3750 156.3125
0.7983 0.1359 -0.4974 0.3113 10.5600 -2.2700 -1.0600 225.1875 10.1875 219.0625
0.7238 0.1832 -0.4465 0.4931 8.5100 1.3000 4.6900 248.0000 75.8750 126.5625
0.6583 0.2447 -0.3367 0.6273 2.4400 1.7000 5.0500 190.5625 37.6875 40.7500
0.6166 0.2991 -0.2470 0.6850 5.8400 3.3900 3.0600 142.1875 54.0000 -3.3750
0.5973 0.3301 -0.1671 0.7115 10.1800 5.7100 6.9400 -65.6250 -6.0000 -66.8125
0.6379 0.3159 -0.1932 0.6752 8.0900 2.3600 6.0200 -100.5625 -0.1250 -39.5000
0.6752 0.2823 -0.2335 0.6402 3.2100 0.7100 7.3600 -198.5000 -139.6250 -54.3125
0.7122 0.2600 -0.3646 0.5407 6.4400 0.4300 1.9300 -264.6875 -161.8750 -19.5000
0.7164 0.1956 -0.4968 0.4490 6.2000 -0.9900 0.9800 -16.5000 -156.4375 -37.6250
0.7188 0.2154 -0.4872 0.4468 9.1500 -1.6400 7.2000 43.6250 322.0000 -57.9375
0.7943 0.1613 -0.3485 0.4708 2.3300 -0.5800 7.4800 62.0625 53.6875 -28.2500
0.8180 0.1600 -0.2966 0.4662 -1.5300 -5.9300 3.4100 170.3125 75.1875 -142.3125
0.8483 0.2716 -0.1985 0.4089 9.1200 13.1100 6.0000 158.6875 -70.0625 -296.6250
0.8420 0.4554 -0.1258 0.2605 12.3200 7.9000 -3.0500 455.6875 71.1875 -150.7500
0.7198 0.6547 -0.0001 0.2308 4.9300 5.7800 0.1600 196.5000 45.7500 -27.0000
0.6417 0.7273 0.0569 0.2366 2.9000 18.7700 -1.2100 11.0625 42.8750 34.1875
0.6129 0.7418 0.0668 0.2639 3.8300 10.9500 -2.7500 7.3125 34.6250 25.0000
0.6054 0.7388 0.0687 0.2880 1.5800 18.6300 0.1000 -93.8125 -32.0000 -20.7500
0.6667 0.6912 0.0503 0.2744 9.4700 20.9400 -1.2200 -336.4375 -47.4375 41.7500
0.8037 0.5168 -0.0135 0.2945 2.8200 2.6500 -3.9600 -277.4375 106.8750 16.1250
0.8904 0.3182 -0.0217 0.3246 -1.7900 -1.5900 3.2400 -80.6250 39.6250 -71.5625
0.9191 0.2661 -0.0022 0.2906 -1.3800 -3.2100 2.0300 59.1875 -38.5625 5.7500
0.9039 0.3157 -0.0223 0.2879 -0.5100 -4.4100 0.2300 212.1250 -136.1875 72.6875
0.8244 0.4730 -0.0734 0.3021 4.7000 5.2400 -4.8800 313.7500 -202.0000 65.3750
0.6898 0.6534 -0.1202 0.2876 11.9500 17.0500 -2.8400 0.0000 0.0000 0.0000
0.5845 0.7382 -0.1344 0.3087 7.8200 11.3100 -2.3400 139.3750 -11.8750 -6.0625
0.5190 -0.0156 -0.0001 -0.0001 8.0300 14.6600 -1.6600 8.5625 10.5000 -43.0000
0.5185 0.7966 -0.0729 0.3019 7.4200 11.8400 -3.9400 -59.3125 21.8125 -53.8750
0.5732 0.7633 -0.0537 0.2930 9.4600 20.6500 -0.8900 -395.3125 47.5625 35.4375
0.7430 0.5726 -0.1160 0.3265 4.9900 6.2300 -10.3800 -286.2500 227.3125 78.6875
0.8240 0.3628 -0.1132 0.4201 -0.7600 -5.0500 1.5000 -113.9375 83.8750 73.5000
0.9581 0.1644 -0.2346 -0.0001 -2.8200 -7.0700 3.1900 -67.8750 -103.8750 -50.3750
0.9438 0.1494 -0.2905 -0.0496 3.4100 -2.7700 -3.9400 272.1250 -125.0000 -69.0625
0.8784 0.3365 -0.3323 -0.0687 5.1300 10.5900 0.4500 148.3125 -94.6875 -24.7500
0.8250 0.4039 -0.3892 -0.0690 7.6400 11.8500 2.8800 69.2500 -140.1875 54.9375
;
0.0000 0.0000 0.0000 0.0000 20.7000 19.6500 15.5700 0.0000 0.0000 0.0000
0.0000 0.0000 0.0000 0.0000 0.0000 0.0000 0.0000 0.0000 0.0000 0.0000
0.0000 0.0000 0.0000 0.0000 0.0000 0.0000 0.0000 9.7500 0.9375 -7.1250
0.7895 0.2340 -0.5662 -0.0383 0.0000 0.0000 0.0000 0.0000 0.0000 0.0000
0.0000 0.0000 0.0000 0.0000 0.0000 0.0000 0.0000 0.0000 0.0000 0.0000
0.0000 0.0000 0.0000 0.0000 0.0000 0.0000 0.0000 0.0000 0.0000 0.0000
0.7604 0.2612 -0.5937 -0.0339 13.7400 6.2700 1.9300 -92.3125 65.5625 219.1250
0.8010 0.1441 -0.5794 0.0435 11.2700 -2.4100 -4.3900 32.7500 159.3750 98.5000
0.8421 0.1036 -0.5148 0.1227 5.3700 -2.2100 3.8700 76.8750 48.6250 101.2500
0.8356 0.1197 -0.4899 0.2176 2.9300 -0.7400 2.0100 93.2500 -21.3750 27.8750
0.8159 0.1713 -0.4822 0.2692 6.7500 2.4300 -0.2700 151.9375 19.5000 -10.8125
0.8022 0.2469 -0.4421 0.3163 7.9900 4.4600 2.8400 62.8750 33.5625 -15.2500
0.8207 0.2173 -0.4523 0.2731 7.3800 1.2800 2.6900 -208.8125 -121.8125 -39.0625
0.8145 0.1307 -0.5386 0.1716 10.8900 1.5600 1.7600 -230.6250 -53.0625 1.1875
0.8071 0.0106 -0.5844 0.0841 11.3300 -2.0200 -1.4300 -114.0625 79.6875 23.6875
0.8149 -0.0893 -0.5723 0.0222 9.7200 -6.1000 0.5400 -46.3750 159.1250 -31.9375
0.8685 -0.1361 -0.4754 -0.0346 6.8200 -2.8700 7.7500 -34.6875 146.5000 40.1250
0.9045 -0.1504 -0.3971 -0.0403 6.3300 1.6500 11.9200 -77.3125 10.8125 92.9375
0.9019 -0.2146 -0.3742 -0.0214 -3.0500 -8.9300 -1.3500 92.3125 113.0625 -134.2500
0.9261 -0.1005 -0.3530 -0.0873 7.4900 5.0700 -5.7100 537.0625 -177.1250 -192.4375
0.8466 0.2703 -0.4541 -0.0642 0.0000 0.0000 0.0000 0.0000 0.0000 0.0000
0.0000 0.0000 0.0000 0.0000 0.0000 0.0000 0.0000 138.5000 -10.6875 4.1875
0.6451 0.6038 -0.4629 0.0710 0.0000 0.0000 0.0000 0.0000 0.0000 0.0000
0.0000 0.0000 0.0000 0.0000 0.0000 0.0000 0.0000 0.0000 0.0000 0.0000
0.7593 0.5060 -0.4087 -0.0211 8.3700 10.0900 -3.0000 -329.6875 68.0000 23.6250
0.8657 0.3336 -0.3670 -0.0673 4.3000 -0.3400 -1.1500 -203.0625 88.2500 -67.5000
0.9177 0.2248 -0.3009 -0.1292 1.7600 -2.2700 2.2900 -95.6250 73.6875 -42.3125
0.9402 0.1782 -0.2330 -0.1734 0.5500 -1.1300 3.6900 32.7500 16.0000 -29.8750
0.9344 0.2064 -0.2264 -0.1815 1.1700 -0.2500 3.5900 105.0625 -8.6250 -12.0625
0.9139 0.2770 -0.2440 -0.1686 3.4500 -0.6100 -0.3200 278.0000 -84.5625 83.0000
0.8448 0.4167 -0.3205 -0.0994 8.2500 9.1500 -0.0500 301.2500 -129.4375 29.9375
0.7192 0.5860 -0.3722 -0.0276 11.0700 16.8300 0.1300 0.0000 0.0000 0.0000
0.6465 0.6422 -0.4108 0.0295 0.0000 0.0000 0.0000 0.0000 0.0000 0.0000
0.0000 0.0000 0.0000 0.0000 0.0000 0.0000 0.0000 0.0000 0.0000 0.0000
0.6841 0.6233 -0.3777 0.0275 7.1900 14.4600 -0.3700 -291.9375 -24.0000 -48.1875
0.7954 0.4830 -0.3570 -0.0816 9.6500 10.6900 0.2600 -330.1875 74.0000 29.8750
0.8990 0.2971 -0.2993 -0.1176 4.2800 1.5300 -1.5700 -262.5625 106.6250 0.2500
0.9534 0.1552 -0.2082 -0.1535 0.9600 -2.8900 0.6200 -58.2500 58.9375 -57.5000
0.9625 0.1183 -0.1437 -0.1976 -1.6400 -0.2300 5.5300 18.6250 -34.2500 -7.0625
0.9561 0.1235 -0.1705 -0.2039 0.5800 -1.5900 3.8400 77.4375 -153.1250 65.5000
0.9351 0.1577 -0.2674 -0.1708 1.5200 -0.3700 -4.0900 270.0000 -152.8750 -10.1875
0.8584 0.3025 -0.3905 -0.1384 11.8300 9.2500 -0.0900 237.1250 -133.0000 -57.1250
0.7464 0.4567 -0.4697 -0.1169 11.6100 20.3200 6.5200 58.3125 -0.0625 -0.0625
;
0.7462 0.4556 -0.4794 -0.0765 7.8100 11.1400 2.9000 -116.5000 -79.0625 108.7500
0.7693 0.3888 -0.5008 -0.0785 6.3200 6.5400 -2.3700 0.0000 0.0000 0.0000
0.7767 0.3857 -0.4898 -0.0892 6.8500 6.9600 1.8300 29.5625 6.0625 -10.5625
0.7694 0.4055 -0.4861 -0.0858 8.4400 14.8600 9.9700 -103.6250 -1.0625 4.0000
0.0000 0.0000 0.0000 0.0000 17.0800 13.5100 3.0500 -172.6875 27.0625 246.3750
0.8512 0.1703 -0.4962 -0.0174 11.8800 -1.1400 -7.0700 31.9375 141.2500 214.2500
0.8834 0.0897 -0.4365 0.1453 1.2000 -4.9400 -1.4200 163.1250 75.7500 101.1875
0.8812 0.1424 -0.3801 0.2423 -0.5400 -1.3600 5.2800 91.0625 -5.9375 -37.8125
0.8728 0.2090 -0.3648 0.2480 7.0400 6.1000 3.8300 85.2500 11.9375 -7.6250
0.8638 0.2566 -0.3398 0.2693 5.6500 7.7900 5.6300 -175.5625 -17.0625 -138.0000
0.8958 0.2242 -0.3223 0.2085 9.7300 4.8200 5.5700 -205.0000 -21.4375 -20.5000
0.9173 0.1048 -0.3604 0.1328 5.3100 -0.0700 2.4500 -269.5625 -19.9375 -86.7500
0.9211 -0.0444 -0.3864 0.0170 5.5600 -2.5400 4.5900 -250.6250 1.3125 -71.6250
0.9060 -0.1799 -0.3706 -0.0974 7.3800 -3.4600 4.5800 -244.0625 57.6250 -146.6875
0.8909 -0.2604 -0.2999 -0.2202 8.7700 -3.6600 11.0700 56.1250 245.7500 212.0625
0.9376 -0.2495 -0.1653 -0.1769 -2.4100 -8.1600 2.8400 22.0625 73.9375 -171.9375
0.9294 -0.1772 -0.1682 -0.2765 1.4800 -2.3700 -9.0800 693.1250 -28.8750 -107.6250
0.8574 0.3251 -0.3231 -0.2342 6.9400 16.4300 -3.0700 550.9375 39.5625 -74.3750
0.6819 0.6114 -0.3907 -0.0931 4.0400 12.5100 -4.2700 118.7500 23.9375 32.0625
0.6450 0.6495 -0.4028 0.0003 13.1500 24.1700 -2.5500 -157.0000 25.6875 19.1250
0.7344 0.5604 -0.3823 -0.0198 11.5200 17.6100 -3.1800 -356.5625 157.6250 -3.2500
0.8784 0.3785 -0.2870 -0.0529 4.8400 2.3500 -0.6500 -198.8125 121.6875 -50.4375
0.9498 0.2424 -0.1711 -0.0998 1.0900 -1.1900 1.9700 -134.8750 71.3125 -79.8125
0.9681 0.1758 -0.1006 -0.1478 0.6000 -1.1000 3.5500 -13.0000 35.3125 -31.0625
0.9677 0.1749 -0.0793 -0.1631 -0.8500 -0.4500 4.1300 62.5000 -39.6250 -0.5625
0.9547 0.2198 -0.1179 -0.1627 0.8500 -1.1900 1.7100 184.4375 -107.5625 68.5000
0.9062 0.3278 -0.2426 -0.1113 1.7900 0.7000 -5.2100 383.2500 -83.8125 -10.1875
0.7827 0.5288 -0.3218 -0.0640 10.2300 17.7700 -0.5800 165.3125 -167.5625 99.9375
0.6752 0.5989 -0.4294 -0.0333 10.0100 14.9300 -3.3300 83.5000 -24.3125 61.0000
0.0000 0.0000 0.0000 0.0000 0.0000 0.0000 0.0000 0.0000 0.0000 0.0000
0.0000 0.0000 0.0000 0.0000 0.0000 0.0000 0.0000 0.0000 0.0000 0.0000
0.7108 0.5800 -0.3951 -0.0475 11.2600 15.8800 -0.5200 -272.5000 48.6875 -41.7500
0.8243 0.4337 -0.3468 -0.1099 7.3500 7.9100 -3.9800 -303.2500 118.3750 67.0000
0.9346 0.2144 -0.2617 -0.1099 -0.6400 -7.6700 -2.6100 -108.6875 101.5000 15.3125
0.9642 0.1479 -0.1907 -0.1096 -1.7300 -1.8700 4.1700 18.8125 -26.0625 -27.0625
0.9603 0.1541 -0.1944 -0.1274 1.1800 -1.3900 4.7800 25.5000 -87.1875 1.4375
0.9462 0.1622 -0.2447 -0.1360 5.8300 -2.7700 -3.1700 181.1875 0.5625 -18.2500
0.8986 0.2997 -0.2997 -0.1131 5.7900 9.9100 -1.0300 254.2500 -137.6250 -8.6250
0.8127 0.4218 -0.3915 -0.0909 10.3600 20.8300 8.6500 106.9375 -165.1250 109.3125
0.0000 0.0000 0.0000 0.0000 11.9900 -0.7300 -0.0100 0.0000 0.0000 0.0000
;
0.7744 0.3465 -0.5248 -0.0696 0.0000 0.0000 0.0000 -29.6875 -26.5625 35.8750
0.0000 0.0000 0.0000 0.0000 0.0000 0.0000 0.0000 45.5000 14.6250 -34.8750
0.0000 0.0000 0.0000 0.0000 0.0000 0.0000 0.0000 0.0000 0.0000 0.0000
0.0000 0.0000 0.0000 0.0000 0.0000 0.0000 0.0000 0.0000 0.0000 0.0000
0.8119 0.2493 -0.5239 -0.0652 15.3700 5.5800 -0.6200 -88.6250 59.8125 199.2500
0.8541 0.1414 -0.4995 0.0322 7.1400 -2.8000 -1.1700 96.2500 183.3750 196.8125
0.8858 0.1208 -0.4072 0.1871 0.8700 -2.2100 1.4300 148.9375 90.7500 30.5000
0.8896 0.1798 -0.3283 0.2615 5.3700 5.2500 2.1500 119.7500 72.8750 55.1250
0.8788 0.2270 -0.2679 0.3229 3.2000 4.7300 3.5300 -136.0000 -158.5000 -135.7500
0.8973 0.1921 -0.3182 0.2379 6.8800 2.8000 4.1000 -58.0625 -96.0625 -20.6875
0.8881 0.1627 -0.3848 0.1918 11.7900 0.1100 3.1900 -210.6250 -88.5000 -14.3750
0.8752 0.0555 -0.4678 0.1098 7.7500 -2.8900 -1.3700 -225.8750 -84.1875 -7.5625
0.8145 -0.0757 -0.5743 0.0328 13.9300 -3.7000 3.8300 62.3750 321.9375 -19.4375
0.8996 -0.0739 -0.4297 0.0252 1.8800 -0.8300 9.3300 -130.0000 67.7500 42.5625
0.9148 -0.1383 -0.3793 -0.0082 -3.3700 -10.2600 -1.7800 258.5625 40.1875 -270.2500
0.9095 0.1218 -0.3831 -0.1055 5.6700 6.9500 -1.4700 507.2500 -86.3750 -197.4375
0.7781 0.4453 -0.4271 -0.1172 9.6700 15.4800 -0.7600 249.1875 45.5000 -105.9375
0.6698 0.6175 -0.3990 -0.1044 9.7500 18.9200 -3.2000 131.6875 -24.9375 34.2500
0.6172 0.6627 -0.4191 -0.0648 5.8400 17.0500 -3.3000 -32.8750 7.3125 -22.5000
0.6425 0.6519 -0.3969 -0.0688 4.7100 21.0600 -1.2500 -258.8750 38.0625 -57.2500
0.7621 0.5367 -0.3302 -0.1484 6.8900 10.4100 -1.9600 -313.1250 55.6250 -74.3750
0.8566 0.3944 -0.2331 -0.2372 5.1400 3.9700 1.7100 -258.1875 91.5625 -122.5625
0.9011 0.2803 -0.1052 -0.3138 0.0500 -0.4900 1.6500 -108.5625 46.3125 -53.1250
0.9121 0.2166 -0.0342 -0.3464 -0.7200 -1.4900 1.8900 7.5000 -0.1250 7.5625
0.9132 0.2183 -0.0371 -0.3420 -1.1900 -1.7600 2.6200 108.6250 -45.7500 45.3750
0.9048 0.2746 -0.1068 -0.3074 2.6700 -4.0800 0.2100 270.6875 -52.0000 83.7500
0.8464 0.4260 -0.2047 -0.2456 5.1100 16.0900 1.8600 265.9375 -5.6250 44.5000
0.7632 0.5578 -0.2758 -0.1742 3.9900 14.0000 -3.7700 225.4375 28.1875 59.1875
0.6864 0.6495 -0.3151 -0.0875 3.5600 20.4400 1.2300 50.3750 27.4375 30.1250
0.6640 0.6724 -0.3235 -0.0485 2.7300 16.2700 0.6900 -87.5000 0.1250 -40.0000
0.7023 0.6384 -0.3033 -0.0847 4.6800 12.5200 0.8000 -141.0625 -1.6250 -44.8125
0.7584 0.5769 -0.2722 -0.1342 4.5700 11.2500 1.5200 -193.1250 31.5625 -39.7500
0.8288 0.4827 -0.2211 -0.1764 4.3100 8.3500 2.0100 -249.3125 14.1250 29.7500
0.9030 0.3321 -0.1968 -0.1890 2.9800 0.0000 -0.6100 -249.5625 -15.9375 95.5000
0.9590 0.1375 -0.1750 -0.1753 -1.3700 -1.2400 0.7600 -113.8125 4.5625 -19.8125
0.9659 0.0712 -0.1556 -0.1942 2.3500 0.6900 6.2100 44.9375 -16.3125 -2.5625
0.9590 0.1069 -0.1733 -0.1974 2.6300 0.7700 2.6100 192.8125 -15.5000 -59.3125
0.9241 0.2556 -0.2072 -0.1943 3.9400 1.0500 0.7600 381.4375 44.9375 117.2500
0.8475 0.4568 -0.2619 -0.0676 1.7800 6.7600 -3.1600 244.0625 -30.2500 25.1250
0.7594 0.5739 -0.3063 -0.0137 8.2100 21.5100 3.9100 -166.1250 -332.3125 299.9375
0.7631 0.4996 -0.4095 -0.0173 5.8000 2.2700 -2.2600 -93.5000 -24.8750 46.1875
0.7819 0.4350 -0.4458 -0.0261 6.3700 6.0000 2.4500 14.2500 0.1875 -23.2500
0.7782 0.4467 -0.4402 -0.0325 6.4800 6.9300 2.0000 10.1875 3.2500 -2.9375
;
