0.8721 0.4425 -0.2079 0.0184 3.6900 7.4200 5.0600 -1.2500 -1.1875 0.2500
0.8723 0.4419 -0.2086 0.0179 3.7300 7.4000 5.0800 -1.2500 -2.2500 1.3125
0.8724 0.4409 -0.2103 0.0178 3.8000 7.5400 5.0700 -2.1250 -7.0625 9.4375
0.8715 0.4370 -0.2217 0.0229 3.4100 11.4000 9.9300 -108.0000 -120.0000 95.2500
0.8857 0.3343 -0.3215 0.0207 6.7200 11.7600 9.8200 -347.3125 -245.5000 192.1250
0.8705 0.1039 -0.4810 0.0138 12.7500 1.5000 3.0500 -206.1250 -133.5000 131.3125
0.8162 -0.0724 -0.5731 0.0150 12.4500 -3.7900 -2.4600 -21.5000 -15.7500 128.3125
0.7993 -0.1419 -0.5796 0.0709 7.1000 -4.7700 0.4300 82.2500 35.5000 46.2500
0.8133 -0.1235 -0.5529 0.1329 7.3300 -3.8700 0.1700 157.2500 6.5625 32.2500
0.8223 -0.0485 -0.5291 0.2039 2.6400 -0.6600 5.6200 124.6875 -26.3750 -24.6250
0.8181 0.0500 -0.5147 0.2518 7.8400 2.1500 2.4200 183.1875 15.5000 34.0625
0.8080 0.1290 -0.4761 0.3221 8.3900 4.3100 6.1300 87.3750 70.7500 18.8750
0.8145 0.1556 -0.4232 0.3650 -0.6400 4.5300 12.6200 16.8750 -169.4375 0.5000
0.7997 0.1573 -0.4557 0.3580 34.7300 3.0000 1.0900 -325.4375 337.7500 -91.5625
0.8726 0.0232 -0.4162 0.2547 6.6000 -3.3800 3.2200 -137.6250 22.8750 2.1875
0.8865 -0.0804 -0.4073 0.2045 8.7900 -3.1600 3.0700 -53.2500 199.6875 87.1875
0.9283 -0.1619 -0.2817 0.1804 -0.2400 -8.8300 1.6200 129.5625 355.0625 -70.6875
0.9825 -0.1285 -0.0579 0.1220 -4.3700 -0.5100 12.4800 -19.0000 5.6250 12.3125
0.9799 -0.1437 -0.0591 0.1251 -2.4600 -0.2400 10.1400 -60.8125 -75.3750 22.5000
0.9674 -0.1710 -0.1166 0.1461 -1.2500 -5.1900 2.1800 78.8750 -163.1875 69.8125
0.9409 -0.0771 -0.2401 0.2260 1.8200 -3.6900 9.7800 196.2500 -368.9375 86.1250
0.8472 0.0699 -0.4161 0.3227 7.7800 -5.8500 5.1000 -166.6250 -190.0000 21.8750
0.7800 0.0292 -0.5554 0.2866 14.6300 -2.0500 0.8200 -14.9375 -202.5625 39.3750
0.6962 0.0414 -0.6554 0.2899 17.6800 -1.5700 4.8000 -83.7500 -111.3750 41.6875
0.5753 0.1113 -0.7188 0.3742 16.8900 -2.7900 -7.9600 159.6875 14.6875 175.7500
0.5212 0.0556 -0.6759 0.5181 8.8300 -13.7200 -7.0300 227.0000 252.1250 48.1250
0.5862 -0.0005 -0.5152 0.6252 0.2800 0.2500 8.0900 104.0000 105.7500 69.0000
0.6016 -0.0376 -0.3878 0.6973 1.5200 -0.6200 6.5900 33.8125 93.4375 14.5625
0.6166 -0.0721 -0.3385 0.7071 1.1200 0.1500 8.5200 -14.1250 47.0000 -42.7500
0.6516 -0.0934 -0.3300 0.6767 0.8000 -0.1700 9.4100 -67.7500 64.5625 -161.3750
0.7247 -0.1064 -0.3411 0.5892 5.9400 -2.8600 10.6900 -57.5000 -6.5000 -88.0000
0.7411 -0.1039 -0.3964 0.5317 4.2100 3.0100 20.2300 -752.6875 -39.3125 -91.7500
0.6702 -0.4043 -0.5820 0.2207 19.7600 -1.3900 -23.4500 -456.2500 65.5000 90.5000
0.5181 -0.6214 -0.5844 0.0623 -0.8500 -2.8800 -2.5100 -179.5000 -49.5000 56.0000
0.4283 -0.7030 -0.5671 0.0247 3.9600 -1.3500 -11.6100 -20.1250 36.5000 -16.0625
0.4318 -0.7042 -0.5635 -0.0018 5.5900 -3.2300 -7.6800 43.1875 31.8125 -20.6875
0.4641 -0.6838 -0.5629 -0.0101 7.0200 -2.5700 -7.3800 69.2500 -4.7500 -58.1250
0.5291 -0.6119 -0.5878 0.0114 -0.3600 -0.4300 -6.8400 419.3125 -24.9375 -93.7500
0.6398 -0.4201 -0.6304 0.1298 9.4900 -3.4100 -0.2100 71.2500 -144.7500 -61.5625
0.5900 -0.3126 -0.7220 0.1810 13.2300 -6.6500 -3.8400 -61.5000 -124.8125 -25.2500
0.5205 -0.2972 -0.7839 0.1620 16.8900 -7.5000 -4.3300 -7.9375 -55.3750 20.1250
0.4866 -0.3087 -0.7980 0.1763 6.2000 -8.6700 -5.8300 35.5625 26.3750 74.6875
0.5021 -0.3362 -0.7673 0.2150 5.3200 -6.1100 0.3700 -11.7500 18.5625 44.7500
0.4969 -0.3699 -0.7588 0.2011 4.6800 -7.2300 -1.1900 -68.5000 -25.1250 -39.3750
0.4857 -0.3802 -0.7679 0.1727 4.3200 -4.4200 -16.6800 563.4375 187.3125 64.2500
0.6741 -0.2798 -0.6044 0.3193 8.4300 -7.5600 3.0900 58.5625 -35.1875 21.5625
0.6633 -0.2563 -0.6006 0.3655 10.3100 -5.0800 5.4600 -281.3750 -102.3750 20.6875
0.5881 -0.3355 -0.6714 0.3015 8.3800 -9.6300 -38.2100 -25.3750 366.1875 -146.2500
0.6588 -0.2755 -0.5830 0.3876 7.5000 -6.1500 5.0700 120.0000 91.9375 12.6250
0.6898 -0.2784 -0.5365 0.3985 -2.7900 -5.4300 8.6800 -253.5000 -132.8125 -75.0000
0.6312 -0.3152 -0.6441 0.2955 4.0600 -5.9400 -6.7900 195.5000 178.3125 -188.6250
0.7584 -0.1794 -0.5789 0.2400 8.3700 -1.8600 3.3100 101.0625 269.0000 -268.2500
;
0.8898 -0.0124 -0.4413 0.1150 8.5500 4.9100 8.9400 334.5000 95.6250 -146.3750
0.9105 0.1856 -0.3546 0.1046 10.8900 5.1900 7.7600 74.9375 3.2500 -12.8125
0.9030 0.2382 -0.3422 0.1038 8.4000 4.7300 5.7000 94.5625 76.3125 -41.3750
0.9016 0.2977 -0.2922 0.1151 5.4400 6.3000 9.7200 38.1875 22.0000 -0.4375
0.8991 0.3177 -0.2754 0.1220 6.3100 5.8900 7.0300 -14.2500 -2.1250 -3.3750
0.9029 0.3090 -0.2759 0.1147 5.1500 4.7200 7.2300 -31.8125 -15.3750 2.5000
0.9047 0.2947 -0.2856 0.1141 6.1000 3.8600 4.9600 18.8750 4.4375 -4.9375
0.9018 0.3085 -0.2778 0.1203 5.4400 5.3300 7.1000 25.1875 29.4375 -19.0000
0.9028 0.3226 -0.2569 0.1221 5.8800 6.7300 7.9100 -12.6875 29.6250 -29.7500
0.9131 0.3170 -0.2306 0.1121 5.3300 6.7700 6.7800 -0.6250 22.6875 -46.7500
0.9205 0.3138 -0.2106 0.0994 7.2000 5.6600 5.0900 -5.1875 53.3750 19.0625
0.9286 0.3089 -0.1716 0.1129 2.7600 6.0100 6.0900 74.5625 156.3125 -98.8125
0.9410 0.3176 -0.0732 0.0912 -1.9900 9.3500 10.9900 -168.6875 -71.2500 14.1250
0.9634 0.2127 -0.1345 0.0928 1.0400 1.1800 10.7200 -169.2500 -208.8750 248.9375
0.9297 0.0933 -0.3101 0.1753 16.1100 -4.9100 -2.7100 40.1250 -178.5000 191.6875
0.8513 0.0659 -0.4319 0.2905 6.7500 -2.2100 2.0300 119.3125 -75.0000 176.3125
0.7835 0.1098 -0.4428 0.4219 6.1900 1.9100 3.0200 186.9375 40.5000 61.5000
0.7575 0.1763 -0.3767 0.5032 5.8000 4.8900 5.2700 102.5000 82.3750 -7.0000
0.7692 0.1982 -0.2964 0.5303 -0.2200 11.0600 26.1700 -267.0625 -87.9375 -131.4375
0.7853 0.1618 -0.3908 0.4520 11.0100 0.2500 6.0100 -189.0625 102.9375 -60.6250
0.8634 0.0303 -0.3741 0.3372 7.7200 -3.4600 4.8200 -238.3750 112.4375 -68.5625
0.9046 -0.1160 -0.3394 0.2303 6.3500 -5.2300 1.8400 -170.8125 170.8750 -24.8750
0.9402 -0.2278 -0.1830 0.1747 -5.6700 -7.4800 10.2200 -64.1250 204.5000 0.1875
0.9447 -0.2817 -0.0392 0.1633 -8.3500 -3.7300 12.1200 4.2500 -40.3750 74.0000
0.9357 -0.2796 -0.0490 0.2095 -3.1000 -3.6600 8.2100 -45.0625 -55.1250 29.6250
0.9182 -0.2983 -0.1092 0.2366 -4.7700 -5.9100 3.4600 -61.3125 -239.0625 -50.0000
0.8767 -0.2878 -0.2910 0.2528 3.4900 -5.8300 -1.8000 2.3750 -324.1875 -69.5000
0.8074 -0.2109 -0.4774 0.2750 10.7300 -6.9400 -0.7700 26.5000 -242.4375 -43.5625
0.7159 -0.1179 -0.6187 0.3013 14.4600 -9.3700 -7.1200 193.0625 -189.2500 21.2500
0.6411 -0.0102 -0.6609 0.3902 12.7700 -5.4000 1.6000 149.1875 -103.2500 81.5625
0.5790 0.0493 -0.6381 0.5051 11.8000 -2.2700 4.0100 151.5625 41.6875 42.1875
0.5735 0.0656 -0.5730 0.5817 5.8000 -3.0800 3.4900 65.5000 92.2500 24.3125
0.5927 0.0318 -0.5120 0.6210 3.9200 -5.0900 5.1200 21.3750 87.4375 29.9375
0.6121 -0.0106 -0.4604 0.6429 3.7200 -5.4600 5.5400 18.3125 118.5625 12.1875
0.6396 -0.0579 -0.4086 0.6486 2.4000 -5.5400 7.1500 -17.6875 155.5000 -22.2500
0.6865 -0.1190 -0.3577 0.6218 2.3800 -4.1700 7.9800 -35.1250 49.1875 -36.5000
0.7138 -0.1450 -0.3497 0.5892 0.3200 -1.4900 10.2900 -32.1875 28.3750 -99.5000
0.7526 -0.1507 -0.3555 0.5333 -0.3600 -3.8900 15.1100 -28.8750 -162.6250 -83.3125
0.7280 -0.1630 -0.5063 0.4326 6.1400 -4.0800 5.8600 -500.3125 25.6875 -136.8125
0.6187 -0.3888 -0.6672 0.1442 22.2400 -5.0100 -14.2500 -285.3750 109.5000 80.8750
0.5545 -0.5517 -0.6230 0.0062 4.8100 -0.9800 -9.5600 -194.9375 -15.5625 53.9375
0.4589 -0.6599 -0.5919 -0.0599 5.9100 -0.9300 -10.4000 -59.3750 22.3750 13.1250
0.4454 -0.6803 -0.5754 -0.0878 6.8500 -2.6400 -6.5900 32.2500 25.6875 3.3125
0.4660 -0.6736 -0.5670 -0.0877 5.2300 -3.1600 -5.7300 46.1875 -6.5625 -21.8750
0.4825 -0.6512 -0.5813 -0.0717 8.4600 -1.3300 -8.2400 181.7500 -0.1875 -92.1875
0.5602 -0.5472 -0.6216 -0.0179 10.1600 -3.8600 -4.8400 227.3125 29.6875 43.4375
0.6530 -0.4640 -0.5912 0.0942 3.9400 -3.3300 -2.3800 403.0625 74.0625 56.6875
0.7646 -0.3257 -0.5002 0.2430 -5.1900 -8.6600 5.5900 -61.1250 -72.8125 57.7500
0.7427 -0.3171 -0.5145 0.2884 1.1500 -9.6600 2.0000 -29.3750 -55.8750 -58.5000
0.7206 -0.3117 -0.5658 0.2519 5.4200 -4.3500 2.6700 -211.3750 -338.3750 -114.6875
0.5688 -0.3210 -0.7366 0.1755 13.0800 -7.5000 -0.6400 -2.1250 -38.1250 69.8125
0.5320 -0.3440 -0.7463 0.2038 7.0200 -6.8200 -3.1000 69.5625 -23.6250 33.6875
0.5334 -0.3298 -0.7344 0.2595 7.5700 -4.1400 -26.0900 514.2500 298.7500 -43.4375
0.6292 -0.2361 -0.6516 0.3517 6.7400 -6.8600 3.5700 196.6250 113.2500 63.6875
0.6563 -0.2383 -0.6039 0.3844 1.2800 -5.9500 -3.0700 -249.0625 -139.3750 0.8125
0.5786 -0.3194 -0.6809 0.3154 8.8500 -2.3500 -37.4800 -379.0625 284.6875 -253.0625
0.6587 -0.2326 -0.5845 0.4128 5.6000 -4.9600 9.9200 -27.8125 74.2500 16.3125
0.6775 -0.2573 -0.5558 0.4072 -3.2500 -5.1900 3.2500 -162.0000 -68.6250 -120.6250
0.6761 -0.2557 -0.6210 0.3030 0.7900 -3.2200 -5.1200 278.8750 204.9375 -270.5000
0.8264 -0.0596 -0.5121 0.2261 7.8600 2.5300 8.3500 172.9375 141.2500 -289.1250
0.9011 0.1242 -0.4036 0.0983 13.3300 3.6800 8.1500 96.0625 -5.8125 -17.0000
0.8973 0.1940 -0.3846 0.0959 9.4700 4.6600 8.3300 56.5625 100.3750 -33.0625
;
