0.6616 0.6030 -0.4458 -0.0016 5.8400 7.9100 -1.1600 -0.8750 -0.1875 -2.0625
0.6620 0.6032 -0.4448 -0.0031 5.8300 7.8400 -1.1200 0.2500 0.2500 -0.4375
0.6620 0.6036 -0.4443 -0.0032 5.8200 8.0000 -1.2400 0.7500 4.2500 -0.8125
0.6624 0.6047 -0.4423 -0.0013 6.9100 10.9400 -1.8400 52.4375 13.8125 24.0625
0.6506 0.6149 -0.4450 0.0240 6.5500 11.7000 -0.6900 -76.1875 -3.0625 53.8750
0.6755 0.5580 -0.4815 0.0223 15.9800 11.2400 -2.2300 -135.8750 36.3125 159.6875
0.7226 0.4411 -0.5266 0.0772 9.8000 3.5800 -3.5300 -8.1875 66.8750 280.8750
0.7246 0.3323 -0.5582 0.2300 5.3800 -0.8500 -0.1200 66.0625 90.8125 174.0000
0.7077 0.2897 -0.5348 0.3594 4.1800 -1.0500 0.0100 150.5000 57.1250 80.6875
0.6849 0.3082 -0.4788 0.4545 6.4900 1.6400 2.0300 87.0625 87.5625 17.8125
0.6833 0.3179 -0.4148 0.5098 6.7500 3.6500 3.4000 76.3750 71.3125 60.6250
0.6672 0.3088 -0.3662 0.5704 -13.7500 8.6000 21.3000 -208.7500 -26.3750 -92.8125
0.7275 0.2473 -0.3943 0.5040 8.7000 1.8500 2.4300 -162.1875 -84.5000 -81.5000
0.7651 0.2050 -0.4581 0.4033 11.8000 -0.9800 -0.3900 -342.3750 19.0000 -134.7500
0.8293 0.0403 -0.5160 0.2105 8.7700 -5.8900 8.2400 -375.5000 124.8125 -8.3750
0.8412 -0.1597 -0.5100 0.0815 7.5100 -5.9600 7.7300 -20.3750 87.0000 58.5625
0.8620 -0.2092 -0.4534 0.0876 7.4600 -3.2100 5.1000 163.4375 78.8750 129.8125
0.8788 -0.1605 -0.4099 0.1841 -5.4200 -11.5800 -9.3200 382.8750 17.2500 -209.5000
0.9039 0.1190 -0.3821 0.1506 1.8100 9.9900 -7.9000 430.1250 -157.6250 -334.5625
0.8023 0.4951 -0.3325 0.0261 26.0600 35.6600 24.7400 -146.3750 117.1875 -165.8750
0.8237 0.5012 -0.2631 -0.0355 28.8200 12.3500 -9.9400 -101.3125 -180.6875 180.6875
;
0.8403 0.3623 -0.4004 -0.0483 2.4300 4.3200 4.1800 22.6250 -21.6250 -3.4375
0.8370 0.3732 -0.3971 -0.0491 6.4000 6.3100 3.7100 63.6250 -11.8750 14.2500
0.8145 0.4043 -0.4149 -0.0306 4.6400 8.7300 4.6600 68.2500 -7.3125 -66.9375
0.7814 0.4450 -0.4365 -0.0289 10.3500 11.1100 2.7400 150.5625 -61.0625 81.8125
0.7360 0.4612 -0.4937 0.0421 13.5200 10.6100 0.5400 50.1875 69.0625 233.5625
0.7332 0.4050 -0.5107 0.1942 7.6800 3.8900 1.1300 71.6250 165.3125 219.8125
0.7446 0.3521 -0.4241 0.3765 6.2900 -1.2200 2.7900 21.5625 106.5000 144.3750
0.7263 0.2943 -0.3773 0.4935 1.8900 -3.2800 -3.4200 167.0000 80.8125 39.5625
0.7018 0.3273 -0.2889 0.5629 3.8500 6.2800 5.0900 87.3125 90.0000 4.1875
0.7051 0.3464 -0.2419 0.5695 7.4600 7.9400 3.6200 -80.9375 -24.0000 -58.0000
0.7407 0.3350 -0.2658 0.5181 6.7700 4.6700 5.8000 -252.5000 -35.8750 -101.9375
0.8242 0.2101 -0.3597 0.3837 10.6500 1.5700 3.8800 -378.3125 -65.0000 -90.3750
0.8655 0.0139 -0.4551 0.2087 8.1600 -6.2000 2.3400 -216.1875 31.8125 -42.0000
0.8789 -0.1023 -0.4559 0.0958 0.4400 -10.8200 -0.6100 -69.1875 35.3750 25.0625
0.9247 -0.1614 -0.3422 0.0421 5.3000 -4.0300 7.5400 27.3750 145.6875 62.5000
0.9480 -0.1779 -0.2531 0.0747 -5.0200 -4.9200 0.2500 -16.5000 -143.5625 -56.0625
0.9288 -0.1641 -0.3239 0.0743 -7.3500 -7.6000 -3.7600 287.1875 -153.9375 -201.8125
;
0.9034 0.1005 -0.4157 0.0292 4.2800 8.3200 -9.7600 406.9375 -115.3750 -354.5000
0.8038 0.4399 -0.3945 -0.0694 9.9500 31.1900 10.1500 149.0000 64.9375 -116.8750
0.7515 0.5615 -0.3362 -0.0826 -0.4600 17.3600 -2.9200 -9.1875 -39.0625 206.5000
0.7864 0.4839 -0.3826 -0.0305 6.8800 6.7000 1.6600 18.9375 -32.1250 15.9375
0.7746 0.4841 -0.4055 -0.0339 4.9200 9.0400 2.5500 114.0000 -55.3750 -8.1250
0.7451 0.5067 -0.4328 -0.0278 11.4800 15.4400 4.5700 13.0000 -39.5625 162.1875
0.7332 0.4541 -0.5027 0.0583 13.1300 8.6500 -1.3300 32.5000 91.2500 224.5625
0.7330 0.3890 -0.5167 0.2108 8.5200 0.3600 -1.9700 79.3125 136.8125 214.5625
0.7155 0.3269 -0.4853 0.3818 4.4600 -1.7800 -0.8200 132.3125 109.6250 234.0000
0.6492 0.2850 -0.4501 0.5430 1.6000 -2.3400 0.4400 87.6875 9.2500 100.1250
0.6008 0.2918 -0.4245 0.6113 11.3900 4.8700 1.7900 0.5000 39.8125 -82.6875
0.6255 0.3111 -0.4141 0.5836 8.2900 2.7100 3.0200 -98.0625 -12.0625 -65.4375
0.6599 0.2843 -0.4666 0.5157 11.2200 2.0400 0.7200 -306.6250 -44.0625 -45.6875
0.7092 0.1584 -0.5666 0.3885 8.8500 -4.2400 -2.8800 -259.6250 -9.5000 37.3125
0.7557 -0.0247 -0.5924 0.2781 5.3800 -6.4400 4.8100 -117.1875 97.8125 8.3125
0.7905 -0.1075 -0.5542 0.2373 8.9900 -5.2700 6.6700 -104.4375 195.7500 6.1875
0.4799 0.1859 -0.4871 0.7056 4.7900 -5.7100 6.1500 70.2500 -66.3750 79.5625
0.4342 0.1994 -0.4835 0.7334 2.5200 -4.0500 4.6400 8.8750 -10.3750 20.5000
0.4280 0.2111 -0.4775 0.7377 -9.6400 -10.5600 -12.0200 392.5000 -28.8750 -342.5625
0.5089 0.4429 -0.2242 0.7032 10.6800 13.0100 -8.0200 452.2500 -46.1875 -438.6250
;
0.5577 0.6155 0.0954 0.5486 16.1700 28.8300 8.8800 -25.0000 166.5000 -227.3125
0.6105 0.5696 0.2187 0.5050 17.1300 36.1800 33.9700 -165.4375 -49.7500 11.7500
0.6139 0.5479 0.2349 0.5175 0.2700 7.4200 3.2500 21.3750 -9.0000 -5.7500
0.6071 0.5624 0.2328 0.5108 3.3400 8.6500 2.3500 22.6875 -21.6875 37.3125
0.5898 0.5880 0.2091 0.5125 3.8000 14.7500 4.9400 24.8125 -107.8125 124.0000
0.5545 0.6334 0.1058 0.5293 11.1400 17.0200 5.7000 -24.9375 -59.2500 241.8125
0.4614 0.6519 -0.0473 0.5999 11.2700 5.9100 -3.0900 26.6875 61.0625 305.5000
0.3198 0.6143 -0.1491 0.7058 4.0800 -7.7200 -5.9000 128.1250 95.8750 176.6250
0.1934 0.5717 -0.1487 0.7834 1.7200 -3.1000 -0.3100 145.8750 72.6875 66.0000
0.1187 0.5413 -0.0836 0.8282 4.0900 2.1200 0.5100 106.0000 10.3125 -16.8750
0.0819 0.5364 -0.0159 0.8398 7.1400 5.7000 2.7400 53.8125 77.1875 -41.0000
0.1063 0.5192 0.0071 0.8480 7.1600 4.5100 3.4000 -183.8125 -76.8125 -78.6250
0.2047 0.5412 -0.0851 0.8111 12.1300 4.7600 0.7800 -365.2500 -14.9375 -40.8125
0.3558 0.4803 -0.2603 0.7582 9.5300 -0.7200 0.0700 -487.1250 206.3125 -43.5000
0.5698 0.2043 -0.4182 0.6772 5.4700 -8.4400 -3.1700 -279.5000 179.2500 21.5000
0.6249 0.0240 -0.4542 0.6346 1.8800 -9.7000 9.5600 44.5000 47.9375 105.5625
0.5980 -0.0024 -0.4075 0.6901 -2.8900 -3.7000 8.3400 -7.4375 -81.3750 -35.8750
0.5945 0.0399 -0.4189 0.6852 -3.4600 -10.6500 -9.9800 337.4375 -5.3125 -205.4375
0.6512 0.2671 -0.2500 0.6649 2.2300 9.0700 -9.0700 561.1875 -188.6250 -282.0625
0.6030 0.5829 0.0057 0.5446 9.4200 27.4500 -0.2300 303.8750 40.3125 -233.1250
;
0.5591 0.6431 0.1765 0.4926 6.7000 14.1900 -3.2500 -139.9375 -231.6250 105.4375
0.5903 0.6296 0.0887 0.4972 1.8700 7.4800 1.6600 37.3125 -49.4375 42.0000
0.5740 0.6476 0.0721 0.4958 4.7800 10.1700 1.7000 46.2500 -31.5625 5.6875
0.5543 0.6747 0.0754 0.4814 9.3900 16.7700 7.7300 -97.3750 -18.9375 107.3125
0.5494 0.6591 -0.0046 0.5135 16.1200 13.2000 1.7000 21.5000 94.5000 237.0000
0.4507 0.6273 -0.0815 0.6299 11.3900 2.2900 -1.8900 73.8750 122.6250 300.0000
0.3010 0.5623 -0.1376 0.7578 1.9100 -5.4700 -1.9800 165.0625 107.8750 146.1250
0.1695 0.5175 -0.0993 0.8329 -2.3800 -2.7300 -2.0700 213.0625 42.6875 -41.0625
0.1115 0.5037 0.0260 0.8563 11.2200 6.1500 2.3500 40.3125 74.7500 10.0625
0.1359 0.4773 0.0353 0.8674 6.4900 3.4400 3.2500 -202.1250 -37.6250 -50.8125
0.2254 0.4700 -0.0649 0.8510 6.1900 2.3100 1.8500 -123.8125 -42.2500 -11.0000
0.2875 0.4631 -0.1577 0.8234 11.3500 -0.7500 5.3200 -353.0625 89.2500 -97.7500
0.4564 0.3621 -0.3052 0.7533 9.1300 -5.9800 5.6900 -326.5625 199.3125 -90.3750
0.5818 0.2261 -0.3962 0.6733 6.5800 -5.3600 7.5800 -84.1250 45.1250 41.2500
0.5918 0.1625 -0.4278 0.6636 6.3000 -4.3100 6.9400 89.1250 101.3750 57.1875
0.5867 0.1313 -0.3601 0.7134 -3.0600 -4.1000 3.6500 129.8750 -48.1250 -61.3125
0.5921 0.2311 -0.2755 0.7212 -4.7800 -3.7000 -4.6300 330.1875 -181.3125 -242.3125
;
0.5948 0.4789 -0.1270 0.6331 3.5900 8.0300 -11.0100 285.9375 -76.0000 -367.4375
0.5748 0.6766 0.1102 0.4470 11.5800 26.0400 12.6400 -29.0625 -19.0625 11.5625
0.6110 0.6553 0.0621 0.4397 5.8900 18.4200 3.8600 24.1875 11.8750 113.1875
0.5977 0.6508 0.0134 0.4681 6.5300 7.4000 1.6900 30.1875 -12.4375 -30.6250
0.5900 0.6686 0.0287 0.4518 7.2900 10.7200 2.1700 115.5625 -18.8125 -4.4375
0.5485 0.7037 0.0294 0.4507 11.5600 15.3200 3.5300 -18.3750 -26.0000 207.5000
0.4858 0.6960 -0.0677 0.5244 13.8200 9.9500 -0.9600 17.4375 130.7500 254.1250
0.3782 0.6346 -0.1242 0.6625 5.8900 -4.3000 -7.3500 149.6250 139.4375 159.1250
0.2622 0.5640 -0.0942 0.7774 2.6700 -2.0800 -3.2500 133.9375 104.3125 80.3125
0.1595 0.5093 -0.0236 0.8453 0.9400 3.6000 4.2900 107.6250 72.6250 45.1875
0.1023 0.4814 0.0325 0.8699 5.2300 5.4600 3.5300 -4.3750 55.6875 -119.1250
0.1434 0.4632 0.0636 0.8723 5.6800 5.0400 2.7000 -155.5000 -87.3125 -105.6875
0.2651 0.4846 -0.0165 0.8334 9.4600 3.4700 0.2900 -226.8750 -114.8750 -61.5000
0.3839 0.4759 -0.1406 0.7787 12.0100 0.4300 7.0800 -388.2500 60.7500 -34.8125
0.4883 0.3857 -0.2994 0.7233 7.3100 -2.8200 6.4300 -209.1250 103.8125 -24.6875
0.5800 0.2623 -0.3453 0.6896 5.9600 -5.0300 8.4200 -65.4375 121.1875 -18.1875
0.6180 0.1875 -0.3303 0.6884 4.8200 -2.5400 9.0200 79.1875 91.3750 80.5000
0.5964 0.1593 -0.2704 0.7388 -1.1300 -2.6200 5.6400 32.1250 -82.2500 -89.7500
0.6154 0.2405 -0.2590 0.7045 1.6300 -5.1100 -2.4400 252.8750 -148.8125 -108.8125
0.5861 0.4351 -0.1753 0.6606 2.1300 -0.6100 -6.5000 269.4375 -158.6875 -276.0625
;
