0.8852 0.3546 -0.3012 -0.0005 5.2200 6.0900 5.4900 -0.3750 0.0625 0.0000
0.8852 0.3545 -0.3012 -0.0005 5.2200 6.1100 5.5100 -0.5625 -0.3125 0.0625
0.8853 0.3544 -0.3012 -0.0005 5.2100 6.1100 5.5200 -1.0625 -0.7500 0.8125
0.8851 0.3530 -0.3032 0.0002 5.6600 7.0100 6.1800 -21.5000 -77.0625 78.9375
0.8763 0.3245 -0.3553 0.0205 3.1900 9.4700 10.3100 -213.3125 -242.2500 113.8125
0.8454 0.1613 -0.5092 0.0057 11.9800 3.5800 3.0900 -150.1250 -108.6875 188.9375
0.8103 0.0147 -0.5839 0.0475 10.2600 -0.1300 2.6100 -89.0000 -69.7500 135.3750
0.7651 -0.0916 -0.6310 0.0898 9.3200 -4.5100 -1.3700 -29.2500 -119.7500 189.9375
0.6917 -0.1850 -0.6758 0.1750 4.7000 -6.7000 -1.1800 62.1250 -6.0625 28.1875
0.6971 -0.1693 -0.6624 0.2160 9.7200 -5.5900 -0.1500 129.4375 81.1875 -3.8125
0.7412 -0.1068 -0.6080 0.2638 7.1700 -3.5200 0.2600 206.2500 75.1250 39.3750
0.7731 -0.0353 -0.5311 0.3450 6.4900 0.0500 3.4700 163.6250 44.6875 19.8750
0.7845 0.0288 -0.4652 0.4091 8.2000 2.6400 7.5300 -73.8750 50.0000 -46.3125
0.7901 0.0322 -0.4522 0.4125 6.0400 -1.8700 4.9600 -85.2500 -0.4375 -31.7500
0.8050 -0.0132 -0.4681 0.3643 8.7000 -2.6600 5.2200 -146.3125 45.8125 -36.3125
0.8315 -0.0953 -0.4562 0.3024 11.3000 -3.8800 2.8800 -116.3125 187.6250 -19.9375
0.8725 -0.1865 -0.3821 0.2407 9.4800 -9.4300 -1.6700 -70.6250 191.3125 -23.1250
0.9092 -0.2396 -0.2614 0.2183 -4.7300 -5.2500 8.4700 85.6250 151.6875 49.6250
0.9315 -0.2257 -0.1582 0.2374 -1.6000 -0.6500 14.7000 -164.5000 -33.5000 27.8125
0.8950 -0.3167 -0.2006 0.2418 -0.2100 -4.9500 5.7200 -98.1250 -79.3125 -14.2500
0.8665 -0.3574 -0.2619 0.2303 1.0100 -5.6900 3.6400 -70.3750 -95.3750 -76.6250
0.8355 -0.3627 -0.3553 0.2098 2.0300 -9.2200 -4.0100 211.0625 -316.0000 -9.1250
0.7929 -0.1593 -0.4750 0.3469 30.8000 4.1500 28.0400 -30.0000 126.1875 117.6875
0.7475 -0.1064 -0.4791 0.4476 10.0600 -7.8100 4.6900 -36.8125 -3.3750 91.8750
0.7095 -0.1469 -0.4850 0.4897 8.7700 -9.4000 6.1000 66.2500 109.3750 16.3750
0.7291 -0.1590 -0.4175 0.5186 3.7900 -4.5500 6.4400 45.7500 45.5000 -16.0000
0.7482 -0.1484 -0.3746 0.5272 3.2600 -1.3600 8.6100 -21.7500 45.5625 -46.1250
0.7728 -0.1599 -0.3681 0.4917 5.0700 -1.4600 10.4500 -68.7500 38.2500 -81.8125
0.8060 -0.1816 -0.3777 0.4180 8.2000 -3.6600 11.5800 -46.2500 93.3125 -122.2500
0.7883 -0.1287 -0.3794 0.4670 4.5100 -4.8200 9.2200 -16.4375 -78.1250 -39.5000
0.7827 -0.1669 -0.4666 0.3766 3.2500 13.5100 13.0500 -1160.6250 -186.3750 -143.1250
0.5128 -0.5608 -0.6488 -0.0395 6.9100 1.4200 -4.5400 -187.7500 -33.1875 97.3125
0.4471 -0.6451 -0.6132 -0.0887 5.7000 0.0700 -7.4600 -24.8125 -33.0000 9.5625
0.4208 -0.6596 -0.6173 -0.0822 4.4400 -0.3700 -7.4300 70.2500 21.6250 -42.3750
0.4573 -0.6129 -0.6412 -0.0649 6.9200 -0.8300 -8.8200 217.1875 -32.7500 -65.5625
0.5424 -0.5112 -0.6662 0.0246 0.8500 -3.5400 -9.8800 469.7500 -60.5625 -109.2500
0.6867 -0.2581 -0.6464 0.2097 8.4000 -4.6900 2.3400 393.3750 22.0625 -120.5000
0.7684 -0.0319 -0.5583 0.3113 10.7700 -0.5000 12.7200 161.3125 49.1875 -129.6875
0.8228 0.0955 -0.4506 0.3331 5.0900 2.6500 8.5600 91.5000 134.5000 47.7500
0.8421 0.0935 -0.3689 0.3821 6.7200 2.3600 8.0700 -45.8125 65.8125 110.4375
0.8346 0.0377 -0.3417 0.4304 3.7300 -0.4000 2.8400 108.5000 37.6250 100.6875
0.8019 0.0578 -0.3035 0.5113 3.5100 0.0300 6.9300 22.1250 -46.7500 49.9375
0.7797 0.0818 -0.3212 0.5312 2.6700 2.7800 11.6100 -31.3125 -83.6250 -10.9375
0.7553 0.1087 -0.3702 0.5298 7.0400 -0.4800 7.3200 -11.8125 10.1875 -23.5625
0.7713 0.0911 -0.3669 0.5120 7.0600 -1.7600 6.5700 -114.3750 -40.7500 -61.1250
0.8015 0.0200 -0.3840 0.4581 11.4800 -2.0500 3.6500 -146.0000 45.5625 -18.5625
0.8096 -0.0718 -0.4019 0.4218 5.9800 -5.8600 3.7200 -51.8750 24.3125 61.5000
0.8008 -0.1352 -0.3908 0.4332 9.3600 -8.4300 0.1500 8.0625 225.5625 12.6250
0.8182 -0.1642 -0.2997 0.4623 -6.7300 -0.7700 16.0600 89.5625 17.3750 -14.1250
0.8278 -0.1395 -0.2375 0.4888 -1.2700 -2.2100 7.4800 -113.0625 -18.8750 -16.3125
0.8179 -0.1849 -0.2903 0.4610 -2.5600 -4.2500 2.4900 42.5625 -73.1250 -123.5625
0.8456 -0.1122 -0.3370 0.3985 -2.2200 -5.7700 -3.0300 174.5625 -165.8750 -236.6875
0.8643 0.0770 -0.3967 0.2996 10.9300 5.4700 9.0200 -106.8125 -89.2500 -309.5000
;
0.8833 0.1554 -0.4302 0.1028 15.7700 6.2700 8.5100 56.0625 9.8125 -48.8125
0.8920 0.2047 -0.3965 0.0722 14.7800 6.9300 6.9800 127.4375 74.5625 -14.6250
0.8885 0.2879 -0.3416 0.1046 1.9800 10.7500 15.8600 -25.1875 19.3125 -55.2500
0.8965 0.2865 -0.3242 0.0959 3.8000 4.0300 4.0900 16.5000 -26.4375 -0.7500
0.8871 0.2987 -0.3373 0.1003 8.8800 7.2000 5.6900 140.5625 1.0625 14.5625
0.8563 0.3735 -0.3259 0.1450 12.2400 10.1800 10.6600 52.1875 22.3125 199.6250
0.8251 0.3522 -0.3578 0.2590 4.1400 2.0600 5.0400 -41.8125 37.3750 139.7500
0.8196 0.2693 -0.3835 0.3295 4.6800 2.8100 12.5200 -349.0000 -52.2500 74.3125
0.8270 0.0962 -0.4792 0.2777 13.0700 -1.3200 -0.2200 3.7500 9.1250 97.0000
0.8127 0.0432 -0.4947 0.3049 9.5300 -5.0900 3.9900 85.6875 -25.8125 107.3125
0.7773 0.0555 -0.4882 0.3928 5.5900 -4.8100 4.5100 1.3750 -3.1250 60.6875
0.7538 0.0549 -0.4810 0.4443 4.8000 0.0900 0.9700 165.4375 -3.1875 18.0000
0.7407 0.1347 -0.4250 0.5025 5.6000 4.9500 7.0700 148.3125 12.1875 1.8750
0.7355 0.1909 -0.3932 0.5177 2.4100 2.0200 6.3800 -133.8750 -128.0625 -58.9375
0.7778 0.1195 -0.4221 0.4502 -3.5500 -3.9000 2.9100 -193.0625 31.8125 -55.5625
0.8430 -0.0209 -0.3849 0.3753 8.0200 -4.2900 6.2500 -194.8125 210.1250 -56.9375
0.8819 -0.1734 -0.3381 0.2791 11.6500 -6.4600 1.3700 -81.0000 215.5625 28.0000
0.8960 -0.2529 -0.2488 0.2672 -2.3700 -5.6900 6.7900 98.2500 118.5000 92.6250
0.9032 -0.2499 -0.1547 0.3128 -2.6900 -4.4500 6.2500 -62.3125 -61.1875 11.3125
0.8760 -0.2809 -0.2151 0.3277 -3.7600 -6.2700 3.4800 15.3125 -191.4375 -31.3750
0.8397 -0.2314 -0.3450 0.3497 1.8800 -10.8800 -2.2900 69.3125 -379.5625 67.1250
0.7210 -0.1365 -0.5140 0.4442 14.1100 -7.8700 0.2600 142.9375 -243.1250 181.4375
0.5685 -0.0527 -0.5554 0.6047 8.9600 -4.7500 5.7500 134.8125 77.1875 62.6250
0.5707 -0.0433 -0.4463 0.6880 2.5000 -2.1800 13.1000 45.0000 18.6250 26.9375
0.5826 -0.0551 -0.3715 0.7208 4.9100 -4.7200 7.5300 18.8750 59.7500 -37.7500
0.6051 -0.0613 -0.3441 0.7153 2.6700 -2.4700 9.1900 -12.0625 51.8750 -45.1250
0.6448 -0.0870 -0.3295 0.6842 -1.3200 4.0600 11.8800 -77.1250 83.4375 -152.9375
0.7184 -0.1246 -0.3443 0.5915 3.3200 0.2900 9.4100 -195.5000 21.5625 -165.1250
0.7360 -0.1965 -0.4340 0.4810 10.4700 -5.4400 18.7600 -837.3750 -45.2500 -136.8750
0.5398 -0.5009 -0.6588 0.1542 9.3100 0.6600 -25.3300 -285.6250 48.8125 105.5625
0.4045 -0.6791 -0.6125 -0.0060 5.4700 -0.2600 -15.4500 -52.5625 45.4375 19.8750
0.3897 -0.7145 -0.5789 -0.0499 3.1300 -2.7000 -5.2400 38.3125 27.5000 2.8750
0.4200 -0.7052 -0.5692 -0.0483 4.4400 -4.0400 -5.2500 33.1875 14.5000 -9.4375
0.4424 -0.6894 -0.5718 -0.0445 4.1300 -2.3000 -8.0200 89.6250 2.9375 -62.1875
0.4834 -0.6383 -0.5984 -0.0278 3.7200 -1.8100 -9.7400 318.6875 -13.2500 -123.4375
0.6099 -0.4457 -0.6510 0.0753 9.9500 -0.7000 -4.1500 433.4375 -108.4375 -108.5625
0.6900 -0.1935 -0.6532 0.2445 9.0100 -7.9200 1.0200 235.3125 -62.8125 -52.6875
0.6965 -0.0627 -0.6310 0.3358 16.5000 -4.8600 3.3500 175.8750 46.6250 8.5625
0.7144 -0.0046 -0.5682 0.4084 8.8300 -2.1200 1.4900 150.1875 67.2500 17.0625
0.7299 0.0312 -0.4956 0.4698 6.1900 0.5200 6.8900 63.3750 44.0625 63.7500
0.7217 0.0480 -0.4544 0.5199 4.0700 2.3000 6.9900 128.6250 51.1250 8.9375
0.7256 0.0955 -0.3897 0.5590 4.5300 0.0000 6.9500 64.2500 -72.5625 -1.4375
0.7078 0.1309 -0.4165 0.5554 8.7800 -0.2300 7.0400 -123.3750 -11.3750 -51.3750
0.7357 0.0898 -0.4513 0.4970 9.8300 -0.3300 5.5800 -139.1875 121.1250 -26.1875
0.7894 -0.0104 -0.4274 0.4405 7.8900 -4.1700 4.8400 -168.9375 124.5625 -31.5000
0.8372 -0.1435 -0.3925 0.3527 9.4300 -7.4300 0.2200 -77.3125 235.7500 22.5625
0.8757 -0.2325 -0.2661 0.3290 -17.7200 -5.2400 7.7800 92.5000 178.4375 -83.3125
0.9184 -0.2133 -0.0926 0.3201 -6.8300 -1.4300 12.1000 -92.9375 -138.6250 10.2500
0.8922 -0.2424 -0.1985 0.3255 -0.1900 -6.4900 -0.2900 1.8750 -96.8125 -87.0000
0.8956 -0.1858 -0.2767 0.2946 2.0900 -6.4200 -2.7000 251.4375 -180.4375 -127.1250
0.8965 0.0602 -0.3441 0.2725 9.9000 3.6300 2.3500 278.9375 -103.3125 -240.3125
0.8859 0.2843 -0.3250 0.1699 17.0000 13.6000 12.1300 63.7500 47.2500 -58.8750
0.8890 0.3475 -0.2670 0.1327 6.5000 9.4900 7.1600 45.3750 -39.5000 30.9375
0.8699 0.3743 -0.2828 0.1520 5.6500 8.4800 5.1400 57.4375 2.3125 -6.8125
0.8589 0.3953 -0.2838 0.1595 6.1000 6.1600 5.4100 -1.8125 -27.3750 26.3125
0.8533 0.3912 -0.3014 0.1672 6.4800 4.6200 4.5400 3.8125 14.5000 -12.8125
0.8561 0.3928 -0.2930 0.1642 6.2300 6.1100 5.2100 -3.3125 -1.0000 3.7500
;
