0.7068 0.6763 -0.2067 -0.0195 2.4900 8.3700 -0.2900 3.3750 2.3125 -6.8125
0.7057 0.6783 -0.2031 -0.0217 2.4800 9.1000 0.2100 0.3125 2.2500 -5.4375
0.7054 0.6793 -0.2007 -0.0237 6.9000 11.6600 0.6500 6.2500 -32.3125 101.2500
0.6924 0.6641 -0.2813 0.0242 10.4400 15.2600 1.4600 47.0625 -80.3125 451.0000
0.6224 0.5781 -0.4879 0.2008 12.7600 11.3200 -6.3800 161.9375 138.2500 466.5625
0.4938 0.4214 -0.5768 0.4958 11.6800 9.9300 -4.9000 129.8750 295.1875 438.6875
0.3784 0.1779 -0.5445 0.7271 -3.3900 -1.8500 -1.1300 22.6250 261.6250 156.1250
0.0000 0.0000 0.0000 0.0000 0.0000 0.0000 0.0000 0.0000 0.0000 0.0000
0.0000 0.0000 0.0000 0.0000 0.0000 0.0000 0.0000 0.0000 0.0000 0.0000
0.0000 0.0000 0.0000 0.0000 0.0000 0.0000 0.0000 0.0000 0.0000 0.0000
0.0000 0.0000 0.0000 0.0000 0.0000 0.0000 0.0000 0.0000 0.0000 0.0000
0.0000 0.0000 0.0000 0.0000 0.0000 0.0000 0.0000 0.0000 0.0000 0.0000
0.4227 -0.0875 -0.4722 0.7686 2.7900 -6.2000 5.1300 -6.3125 -72.6250 -58.6250
0.4432 -0.0107 -0.5082 0.7384 -2.0500 -6.5200 3.5600 -83.5000 -85.8750 -396.7500
0.6024 0.1478 -0.5509 0.5584 2.6000 1.5100 0.2600 -31.5625 58.7500 -674.5000
0.7971 0.3570 -0.4126 0.2587 0.7800 5.9900 -2.4300 222.9375 60.1250 -486.5625
0.7793 0.5982 -0.1845 0.0283 5.0900 17.7400 8.7000 11.9375 -23.3125 -87.1250
0.7493 0.6436 -0.1556 -0.0145 0.5500 15.8100 3.4500 96.1875 -32.3750 14.6875
0.7095 0.6819 -0.1772 -0.0135 4.0000 11.5700 -0.5700 52.0000 -23.6250 -19.4375
0.6822 0.7064 -0.1872 -0.0230 3.6800 13.2900 0.7900 -44.0625 -27.3750 81.5000
0.7005 0.6730 -0.2373 -0.0046 7.8800 11.5300 -0.4700 0.0000 -49.0000 266.3125
0.6755 0.6144 -0.3921 0.1118 13.0200 11.0000 -3.4700 131.0000 -59.2500 569.6875
0.5381 0.4783 -0.5982 0.3518 8.4800 3.7800 -3.4400 103.3750 107.5625 412.0000
0.4341 0.2953 -0.6448 0.5556 9.9100 -0.7600 -2.1000 121.2500 179.3125 387.7500
0.3260 0.0787 -0.5850 0.7384 -0.1600 -5.3100 -1.0400 153.0000 216.0625 104.6250
0.3278 -0.0444 -0.4769 0.8143 -1.0600 -1.6100 -0.0100 0.0000 0.0000 0.0000
0.0000 0.0000 0.0000 0.0000 0.0000 0.0000 0.0000 0.0000 0.0000 0.0000
0.0000 0.0000 0.0000 0.0000 0.4400 -8.5100 4.5600 -31.3750 39.0000 12.0625
0.3683 -0.1781 -0.4178 0.8112 -1.0200 -9.3300 6.1100 2.1875 -34.0000 -33.4375
0.3807 -0.1553 -0.4248 0.8065 0.2500 -9.4300 5.9200 23.8125 -86.3125 -40.6250
0.3979 -0.0860 -0.4488 0.7955 -4.1100 -6.3800 3.8900 -87.4375 -66.0000 -373.1250
0.5710 0.0623 -0.5000 0.6481 -3.3800 3.9800 1.8200 85.6250 -111.5000 -632.7500
;
0.7698 0.3179 -0.4200 0.3606 6.4400 8.2900 -1.0800 98.6250 107.3125 -551.0625
0.8336 0.5144 -0.1900 0.0667 3.8400 14.8500 6.3300 104.6250 14.3125 -163.6250
0.7919 0.5975 -0.1255 -0.0048 0.2400 10.6000 2.0900 127.8125 -13.2500 -85.8750
0.7336 0.6700 -0.1081 -0.0352 2.6800 15.0500 3.2400 64.6875 -11.6250 2.5625
0.6970 0.7067 -0.1155 -0.0389 0.6100 10.1800 -1.0500 65.6875 -10.0625 1.5625
0.6764 0.7255 -0.1219 -0.0355 0.6000 8.4300 -0.7600 -17.1250 -24.1250 28.4375
0.6852 0.7139 -0.1412 -0.0316 1.9700 10.2400 0.3300 -6.0625 -12.0625 19.8750
0.6868 0.7082 -0.1616 -0.0255 3.6000 10.6700 -0.3700 27.1875 -44.9375 127.3750
0.2903 0.5362 0.5024 0.6130 10.0100 13.2600 0.2500 -28.6250 -53.0625 333.4375
0.1661 0.6469 0.3491 0.6573 11.3900 10.7000 -2.2600 52.8125 32.2500 479.6250
-0.0741 0.7114 0.1487 0.6829 10.6100 5.7700 -4.7000 113.0625 153.0000 444.4375
-0.3671 0.6273 -0.0518 0.6849 1.6400 -0.1900 -1.5900 131.1875 319.8125 241.2500
-0.5083 0.4595 -0.1790 0.7061 4.1500 -5.4800 2.0300 95.4375 114.1250 85.2500
-0.5508 0.3627 -0.2292 0.7158 -0.7900 -6.3500 4.2800 -24.3750 41.2500 9.4375
-0.5543 0.3486 -0.2595 0.7098 0.5900 -8.1700 5.2000 -20.6250 -18.0000 -4.8750
-0.5429 0.3704 -0.2581 0.7082 3.2800 -8.3700 5.3000 -1.1250 -40.3125 -54.4375
-0.5140 0.4077 -0.2232 0.7209 -4.5800 -6.6700 5.3000 -48.5625 -187.7500 -324.3125
-0.3304 0.5497 -0.0873 0.7622 2.4200 1.5500 -1.6400 -12.7500 -135.6250 -589.1875
0.0474 0.6218 0.1550 0.7662 5.1400 6.1900 -5.8900 49.3125 -26.8125 -553.5625
0.2939 0.5553 0.3885 0.6740 8.3900 17.3000 2.0200 55.6875 6.6250 -306.9375
0.3894 0.4804 0.5198 0.5894 6.2500 14.0600 -0.5100 126.5000 -2.1250 -13.8125
0.3606 0.4956 0.5667 0.5506 -1.3000 14.2700 1.2800 13.0000 7.9375 -64.8750
0.3632 0.4818 0.5815 0.5457 1.2500 10.6200 -0.6200 0.8125 -4.3750 55.5000
0.3395 0.5088 0.5539 0.5648 4.3000 12.4600 -0.1800 -34.2500 -1.3125 182.6250
0.2717 0.5740 0.4669 0.6154 8.3900 12.9800 -0.0900 -48.8750 24.9375 325.3125
0.1393 0.6364 0.3207 0.6875 8.4900 9.0800 -1.3300 12.7500 75.3750 345.8750
-0.0539 0.6509 0.1736 0.7371 10.3500 3.8800 -5.2600 64.1250 195.7500 371.9375
-0.2763 0.5775 0.0361 0.7674 3.6000 1.4100 1.2400 69.1875 226.5000 287.5000
-0.4421 0.4468 -0.0751 0.7741 0.3400 -2.5200 3.4300 -28.8750 170.5625 183.3125
-0.5208 0.3482 -0.1810 0.7581 -1.2700 -6.1700 4.3900 -45.8125 31.1875 66.8750
-0.5383 0.3376 -0.2418 0.7333 0.9000 -9.1300 5.9900 -48.6250 -18.6250 -26.5625
-0.5252 0.3652 -0.2548 0.7252 2.7600 -9.9900 6.8100 -7.0625 -16.0625 -26.1875
-0.5099 0.3801 -0.2403 0.7333 2.1500 -7.9900 6.9700 -39.5000 -39.9375 -128.8125
-0.4289 0.4528 -0.1916 0.7579 0.1900 -5.4800 1.6100 -86.5000 -64.1250 -380.3750
-0.2031 0.5430 -0.0897 0.8098 6.0600 0.3600 2.0700 -54.6875 2.2500 -417.7500
0.0582 0.5566 0.0413 0.8277 5.6000 3.4100 0.2900 -4.6250 63.2500 -467.6250
;
0.3002 0.4713 0.2020 0.8044 1.4000 5.6400 -0.2600 131.0625 145.9375 -326.5000
0.4010 0.3812 0.3953 0.7332 3.7800 15.5500 8.5100 102.4375 -9.0625 -93.3125
0.4199 0.3892 0.4693 0.6724 2.0300 10.8100 2.0800 99.3125 -4.1250 -44.7500
0.4166 0.4066 0.5127 0.6311 2.8100 11.7500 3.2800 29.0625 -8.1250 26.5000
0.4022 0.4227 0.5201 0.6237 0.8000 9.4900 1.0400 29.0625 17.5625 -2.7500
0.3922 0.4241 0.5350 0.6165 0.7000 9.9100 1.6300 7.8750 -9.1875 12.2500
0.3877 0.4332 0.5347 0.6133 3.1700 11.7700 2.6200 -10.3750 -34.4375 95.2500
0.3649 0.4750 0.4955 0.6290 8.3100 13.6300 2.9400 -23.9375 -86.3750 302.1250
0.2794 0.5837 0.3647 0.6696 9.3900 10.2400 1.1000 -50.0000 -18.0000 361.0625
0.1166 0.6595 0.1580 0.7256 13.5000 8.9200 0.4600 -23.0000 9.3125 500.1250
-0.0910 0.6718 -0.0507 0.7333 6.0700 1.8900 -4.6000 131.4375 41.1250 484.9375
-0.3941 0.5674 -0.2243 0.6873 -0.4100 -2.0300 1.8500 163.7500 108.8125 329.5625
-0.5563 0.4174 -0.2809 0.6614 1.0900 -5.0800 4.9400 25.4375 173.8125 32.1875
-0.5762 0.3114 -0.3159 0.6865 0.0000 0.0000 0.0000 0.0000 0.0000 0.0000
0.0000 0.0000 0.0000 0.0000 0.0000 0.0000 0.0000 0.0000 0.0000 0.0000
-0.5471 0.2941 -0.3380 0.7070 1.1400 -8.3500 6.6700 -15.8125 -8.8125 -20.3750
-0.0021 -0.0001 -0.0001 -0.0001 -2.4100 -9.7500 6.0200 5.3750 -104.9375 -157.3125
-0.4486 0.4031 -0.2589 0.7545 -2.7100 -2.8000 1.5400 -52.7500 -119.3750 -509.3125
-0.1550 0.5508 -0.0768 0.8165 0.0000 0.0000 0.0000 -99.0625 -148.7500 -490.1875
0.1392 0.5985 0.0824 0.7847 5.8300 5.0900 -2.4400 47.6875 127.7500 -496.4375
0.3574 0.4867 0.3016 0.7379 7.7000 12.6600 4.2300 96.1875 105.5625 -294.5625
0.4321 0.4042 0.4558 0.6650 2.3300 14.6800 7.0000 75.8750 -36.3125 -2.8125
0.4218 0.4286 0.4935 0.6284 1.9600 11.8400 3.2900 57.4375 17.6875 -17.0625
0.4000 0.4358 0.5236 0.6132 1.1000 13.2600 3.8200 10.0000 -2.0000 41.8125
0.3731 0.4623 0.5096 0.6224 5.7400 14.1400 4.5900 -50.9375 -21.6250 162.6250
0.3171 0.5175 0.4241 0.6722 7.8100 13.5700 1.9600 -71.6250 -42.5000 345.1250
0.1800 0.5991 0.2495 0.7392 8.6800 11.3500 0.4400 -25.5625 30.0625 458.7500
-0.0429 0.6271 0.0428 0.7766 6.9100 7.4600 -1.4700 65.9375 67.0000 476.7500
-0.3027 0.5709 -0.1365 0.7509 -0.5000 0.3100 0.6700 102.4375 77.5000 408.2500
-0.5120 0.4435 -0.2473 0.6929 -5.1300 -6.0300 0.6700 176.1250 199.1875 128.8750
-0.5989 0.2930 -0.2893 0.6868 -3.2400 -5.8700 6.1600 -58.1250 27.7500 -25.6875
-0.5834 0.2991 -0.3256 0.6813 -1.9300 -10.1800 6.1500 -44.1250 -0.0625 -53.1250
-0.5605 0.3285 -0.3411 0.6794 -1.9300 -0.0100 -0.0100 0.0000 0.0000 0.0000
;
