0.8107 0.1904 -0.5518 0.0454 8.8300 2.6400 3.0600 -9.6250 -2.6875 -3.0000
0.8115 0.1862 -0.5526 0.0398 9.0300 2.6800 3.0800 -10.0000 -0.3750 -2.9375
0.8127 0.1813 -0.5526 0.0342 9.0300 2.5600 3.6100 -27.3125 0.5625 6.2500
0.8150 0.1674 -0.5540 0.0295 8.7600 1.7000 1.7500 20.6250 -8.9375 24.3125
0.8103 0.1638 -0.5598 0.0565 9.9000 3.0100 4.7300 21.8125 -39.0000 109.8125
0.7927 0.1370 -0.5825 0.1166 11.3000 0.8400 5.2800 -68.8750 7.7500 63.5625
0.7996 0.0649 -0.5845 0.1210 11.0900 -0.7400 1.7700 -103.1875 42.3125 62.6250
0.8068 -0.0234 -0.5785 0.1183 11.2200 -0.6100 5.5700 -9.0000 -55.3750 160.5000
0.7722 -0.0857 -0.5991 0.1936 8.2000 -1.0000 3.8600 77.4375 -76.3125 202.1875
0.7048 -0.1286 -0.6041 0.3491 3.9300 -5.4000 -1.7000 290.8750 -20.2500 169.2500
0.6887 -0.1070 -0.5022 0.5119 2.1900 -7.1200 -1.4100 1.0625 203.8750 70.6250
0.7134 -0.2015 -0.4052 0.5352 -7.8000 6.7500 3.3900 0.0000 0.0000 0.0000
0.0000 0.0000 0.0000 0.0000 8.2200 -25.0400 -4.1700 -49.1875 -85.2500 -17.6250
0.6111 -0.2548 -0.5283 0.5316 10.5200 -13.7900 5.2400 33.1250 29.3125 7.8750
0.6196 -0.2527 -0.5098 0.5406 4.6100 -8.4500 4.6700 22.2500 22.7500 -0.5000
0.6365 -0.2505 -0.4898 0.5405 3.3800 -7.6300 4.0700 -9.5000 39.1250 -39.0000
0.6600 -0.2531 -0.4823 0.5174 2.1300 -8.1700 3.1800 21.3750 -152.5625 -24.6875
0.6293 -0.2121 -0.5760 0.4766 5.0400 -5.1200 -3.1100 -330.6250 -51.9375 -268.1250
0.6513 -0.1959 -0.6869 0.2562 5.1200 -4.3400 -4.1600 219.7500 112.9375 -269.0000
0.7672 0.0146 -0.6101 0.1975 12.0200 -0.7900 -2.9800 414.8125 40.4375 -168.0000
0.7818 0.2388 -0.5326 0.2192 16.7000 3.6500 2.2600 153.3750 58.6875 -89.8750
0.8094 0.3323 -0.4451 0.1906 13.3600 4.5400 5.9000 -49.3750 105.4375 -69.1875
0.8665 0.3117 -0.3546 0.1623 8.4000 5.2900 6.4100 -52.1875 211.1875 -151.1875
0.9281 0.2895 -0.2078 0.1081 3.6200 3.8100 3.6800 -49.7500 166.2500 -95.0000
0.9594 0.2580 -0.0880 0.0722 -2.9100 -0.9800 1.6000 -36.5000 83.8125 -89.0000
0.9711 0.2360 -0.0231 0.0281 -2.2500 0.1900 1.7300 5.7500 -35.7500 4.3750
0.9700 0.2394 -0.0376 0.0202 -1.5900 -2.5500 1.6400 80.4375 -103.1875 72.1250
0.9470 0.2961 -0.1142 0.0489 -0.1500 -0.7300 1.2000 203.1875 -192.9375 40.3750
0.8699 0.4227 -0.2456 0.0655 9.4900 9.7400 1.1100 146.3750 -158.9375 105.0000
0.7922 0.4820 -0.3577 0.1102 13.0000 13.7500 3.5400 51.0000 -93.2500 85.1875
0.7485 0.4910 -0.4244 0.1362 15.3600 18.8500 5.6900 -36.9375 21.3125 -39.7500
0.7726 0.4764 -0.4048 0.1105 16.2500 16.8600 5.4500 -152.0625 134.5000 -111.5625
0.8643 0.4023 -0.2980 0.0477 11.6800 4.9700 0.5400 -199.6875 197.3125 -115.8750
0.9424 0.2989 -0.1498 -0.0131 1.7200 -3.7700 -2.1600 -101.0000 176.8750 -109.1875
0.9688 0.2393 0.0028 -0.0640 -6.1700 -1.3800 1.1800 0.3750 67.8125 -75.2500
0.9147 0.2473 -0.0029 -0.3195 -2.3600 1.1300 3.1400 -7.0625 -59.5000 67.5000
0.9259 0.2384 -0.0517 -0.2885 -2.2000 -2.3700 0.1100 73.3750 -130.3125 100.4375
0.9223 0.2559 -0.1673 -0.2365 1.2300 -2.6500 -2.2400 210.8750 -180.3125 84.3125
0.8593 0.3478 -0.3376 -0.1634 11.5800 21.2100 10.8300 10.6875 -163.0000 180.5625
0.8262 0.2917 -0.4727 -0.0939 14.1800 6.3500 4.8200 -19.6875 -135.9375 157.0625
0.7816 0.2071 -0.5878 -0.0268 18.5700 4.4400 2.9400 24.0625 -54.5000 100.8750
0.7652 0.1703 -0.6208 0.0039 19.4300 6.7900 5.7100 -198.6250 28.5625 114.2500
0.7947 0.0341 -0.6058 -0.0117 14.1800 -2.1600 -0.1500 -43.2500 89.0625 128.6250
0.8308 -0.0604 -0.5514 0.0461 7.9300 -1.4300 1.0400 30.9375 17.1875 193.5000
0.8199 -0.0910 -0.5355 0.1807 7.4800 -0.1500 0.0700 283.5625 -202.7500 222.4375
0.7413 0.0046 -0.5610 0.3683 5.4300 0.4200 1.8400 104.0625 13.6875 -45.6250
0.7336 0.0706 -0.5387 0.4082 9.3500 1.6400 -4.3700 -162.0000 -20.4375 -26.4375
0.7340 -0.0005 -0.5845 0.3458 8.7700 -2.2600 0.5600 -98.0000 70.5625 41.1250
0.7517 -0.0967 -0.5834 0.2918 10.9500 -4.9600 0.6300 -273.8125 188.7500 -100.2500
0.8181 -0.2301 -0.5123 0.1243 5.5600 -6.7300 -0.0600 -227.0625 317.5000 -57.8750
0.8533 -0.3767 -0.3502 -0.0861 6.0500 -9.2600 3.6500 -72.8750 116.0625 28.1875
0.8621 -0.4117 -0.2662 -0.1285 5.0800 -6.1500 6.6800 137.7500 62.5000 116.6250
0.8997 -0.3732 -0.2110 -0.0829 3.7900 -4.9800 6.2000 -53.0000 -29.5625 47.4375
0.8834 -0.4119 -0.2144 -0.0635 -6.7000 -8.2600 -1.8300 100.0625 50.6250 -125.6875
0.9052 -0.3109 -0.2660 -0.1155 -2.7700 -0.1100 -7.9900 474.5000 -231.8125 -310.5000
0.8626 0.0688 -0.4738 -0.1634 14.6700 14.3600 -2.2100 0.0000 0.0000 0.0000
0.7305 0.3428 -0.5708 -0.1518 8.6300 12.2700 -1.5800 151.8750 -67.0000 -150.9375
;
0.7853 0.4067 -0.4612 0.0721 7.9300 5.7500 2.8000 -5.4375 -0.6875 3.8750
0.7866 0.4025 -0.4626 0.0721 8.3200 5.4400 2.2400 -18.1875 3.9375 20.1875
0.7903 0.3826 -0.4714 0.0825 8.5500 5.9000 4.1200 -28.1875 -52.9375 135.6875
0.7634 0.3339 -0.5355 0.1382 0.0000 0.0000 0.0000 0.0000 0.0000 0.0000
0.0000 0.0000 0.0000 0.0000 9.7900 -0.1900 -0.7500 158.2500 -14.4375 72.8125
0.6357 0.3433 -0.0147 -0.0001 11.2700 1.7200 1.3300 0.0000 0.0000 0.0000
0.6548 0.4112 -0.5305 0.3474 14.4400 5.4700 4.0600 -14.1250 137.5625 -61.9375
0.7123 0.3995 -0.4445 0.3678 11.1600 6.9300 3.5900 -99.6250 127.5625 241.4375
0.6996 0.2427 -0.4673 0.4830 2.0300 4.4500 -1.1000 -44.5625 128.8750 388.3125
0.5966 0.0388 -0.4908 0.6339 0.0000 0.0000 0.0000 -175.4375 21.3125 372.5000
0.4609 -0.1367 -0.5457 0.6864 4.4600 -3.7500 5.5300 -239.8125 162.6250 99.5625
0.4536 -0.2350 -0.5764 0.6378 5.3200 -26.0200 0.7300 77.8125 -24.0625 40.6875
0.4488 -0.2246 -0.5439 0.6725 1.8100 -12.9600 4.7300 104.6875 10.6250 12.1250
0.4551 -0.2084 -0.4966 0.7090 3.0400 -6.5300 5.3200 29.5625 1.6250 11.5625
0.4590 -0.2009 -0.4769 0.7222 3.0100 -6.5100 4.6500 18.5000 27.5625 5.2500
0.4688 -0.2026 -0.4594 0.7268 1.4100 -7.6200 4.5900 19.5000 2.5000 -12.9375
0.4777 -0.1942 -0.4517 0.7281 0.6100 -7.5800 4.8600 -0.4375 -36.4375 -25.5625
0.7988 -0.3972 -0.3015 0.3366 1.1600 -10.1100 3.0100 27.8125 -182.1875 -82.1250
0.7877 -0.3276 -0.4139 0.3175 3.8400 -5.1400 3.1300 -158.6250 -58.1250 -380.8750
0.8022 -0.2271 -0.5430 0.1003 17.1500 1.9400 3.8800 -48.8125 -26.5625 -158.6250
0.8050 -0.1288 -0.5782 0.0325 9.0200 1.9200 4.7800 296.3125 3.3125 -101.0625
0.8129 0.0616 -0.5743 0.0743 11.9700 3.3300 5.0700 160.0625 21.7500 -90.4375
0.8204 0.1619 -0.5443 0.0674 17.7900 5.7400 7.8400 -15.3125 143.5625 -126.2500
0.8718 0.1969 -0.4485 -0.0026 15.5400 8.1300 7.3700 -72.4375 234.8750 -172.7500
0.9330 0.2016 -0.2824 -0.0953 6.9000 1.6300 1.3700 -88.7500 188.2500 -146.9375
0.9609 0.1791 -0.1326 -0.1642 -4.5900 -2.9800 -0.1700 -25.8125 83.5000 -72.9375
0.9641 0.1696 -0.0522 -0.1974 -1.8800 0.0100 0.9200 4.7500 -35.0000 29.3750
0.9641 0.1689 -0.0874 -0.1854 -2.4400 -2.4200 0.0000 65.1250 -169.6875 68.8125
0.9474 0.1839 -0.2156 -0.1489 3.6900 -1.1000 -0.1400 134.8750 -252.4375 106.2500
0.8783 0.2169 -0.4179 -0.0829 -0.0100 -0.0100 -0.0100 58.9375 -199.4375 94.0625
0.8134 0.2105 -0.5414 -0.0322 16.7300 9.3000 7.1200 13.1875 -48.8125 29.5625
0.7891 0.2056 -0.5787 -0.0121 17.2900 12.5700 5.9900 -34.5625 35.8125 -72.5625
0.8094 0.2137 -0.5443 -0.0544 16.9100 7.5900 4.0600 -91.4375 120.4375 -38.1875
0.8656 0.1871 -0.4547 -0.0945 11.0200 2.2000 1.2600 -93.6250 229.6875 -82.6875
0.9286 0.1693 -0.3007 -0.1364 2.7100 -0.7200 -0.1100 -55.3125 206.8125 -21.5000
0.9661 0.1569 -0.1458 -0.1445 -4.4300 -0.5200 1.3700 7.3750 78.0625 -53.7500
0.9678 0.1671 -0.0946 -0.1629 -3.3100 -1.1900 2.2000 4.5000 -58.3125 29.3125
0.9647 0.1644 -0.1426 -0.1481 0.3000 -1.7500 1.2600 44.0000 -132.3750 82.8125
0.9485 0.1693 -0.2490 -0.0980 2.6500 -4.9700 -1.3600 156.6875 -246.0000 136.0000
0.8701 0.2249 -0.4385 -0.0063 22.5000 15.7800 8.8700 42.3125 -176.3125 76.2500
0.8071 0.2194 -0.5475 0.0251 17.1400 9.2700 5.3100 -64.5625 -73.1250 133.8125
0.7867 0.1422 -0.5976 0.0604 12.4000 2.6000 4.2100 -99.1875 -39.7500 70.1875
0.7763 0.0583 -0.6255 0.0514 17.4400 0.5800 6.1200 -252.5625 56.1250 112.0000
0.7793 -0.1085 -0.6169 0.0162 13.8500 -6.5400 -5.4300 -78.3125 39.6250 145.8750
0.7860 -0.2230 -0.5740 0.0550 7.7900 -3.9300 -0.8500 102.4375 12.9375 156.3750
0.7928 -0.2289 -0.5359 0.1783 1.9200 -4.2700 -1.1500 148.2500 -91.4375 88.8125
0.7651 -0.1812 -0.5457 0.2899 4.4400 -0.8500 0.7200 143.7500 -18.1250 -5.8750
0.7708 -0.0977 -0.5227 0.3509 7.1000 0.8900 5.7800 78.9375 -18.6875 28.4375
0.7734 -0.0925 -0.5143 0.3589 9.5100 -4.2300 2.6800 -83.4375 40.9375 0.5000
0.7823 -0.1512 -0.5128 0.3197 6.3200 -6.0000 1.8100 -109.5625 25.9375 -39.3125
0.7908 -0.2078 -0.5156 0.2560 11.7300 -6.7300 2.3700 -241.8125 207.3125 -43.2500
0.8318 -0.3434 -0.4208 0.1141 7.4700 -8.6100 -3.4200 86.8125 223.3750 42.8750
0.9255 -0.2878 -0.2342 0.0756 1.5000 -2.1200 14.1700 -13.6875 83.6875 -37.4375
0.9421 -0.2798 -0.1786 0.0481 -0.9600 0.0400 10.4200 -162.6875 -109.8750 44.3750
0.8867 -0.3831 -0.2479 0.0739 0.0000 -7.6000 0.1100 -89.3750 -84.5000 -94.1875
0.8513 -0.4095 -0.3273 0.0230 8.0700 -4.9700 1.6900 -8.3125 -65.1250 -146.4375
0.8271 -0.3851 -0.4078 -0.0361 12.2700 -5.4600 1.8800 -85.5000 -62.7500 -49.1875
0.7819 -0.4122 -0.4620 -0.0729 10.2300 -7.5800 0.1900 -40.4375 -20.5000 -33.6250
0.7629 -0.4250 -0.4775 -0.0969 10.5000 -5.4800 1.9700 -22.8125 15.2500 -16.5000
0.7590 -0.4308 -0.4738 -0.1179 8.5100 -5.7800 1.8800 -15.2500 22.6875 -5.5625
;
