0.9858 0.0295 0.0862 0.1407 8.7900 2.1400 2.4900 0.3125 1.5625 1.9375
0.9857 0.0294 0.0870 0.1412 8.7000 1.3900 2.5300 -0.5625 -2.5000 4.0000
0.9858 0.0294 0.0851 0.1420 8.9000 1.6100 2.6500 3.3750 -2.9375 -11.0625
0.7869 0.2151 -0.5605 0.1426 9.1800 3.4500 3.5400 -22.1875 -11.7500 -59.0625
0.8029 0.2172 -0.5450 0.1055 17.3100 4.5800 1.0500 -39.8750 179.8125 91.2500
0.8654 0.1579 -0.4554 0.1369 7.4000 7.2500 3.8000 -126.2500 192.0000 13.5625
0.9272 0.0406 -0.3456 0.1381 2.7200 5.7700 5.3700 -258.0000 176.4375 102.5000
0.9408 -0.1657 -0.2571 0.1459 -2.5100 -5.4900 2.9800 -306.8125 73.1875 -0.0625
0.9014 -0.3529 -0.2339 0.0911 1.8300 -14.6500 0.5500 -82.0000 -9.3750 -25.5625
0.8768 -0.4108 -0.2434 0.0574 3.1600 -10.2900 3.4900 -15.8750 8.6250 -0.8125
0.8738 -0.4189 -0.2416 0.0508 3.0000 -7.8500 5.0300 11.8750 -2.6875 -2.7500
0.8774 -0.4094 -0.2447 0.0511 3.0400 -8.1200 5.1200 30.0000 -5.0000 -20.8750
0.8864 -0.3857 -0.2518 0.0466 3.1600 -10.8900 3.6100 110.4375 -29.9375 -24.6875
0.9065 -0.3087 -0.2816 0.0608 1.6600 -15.1600 2.7000 223.3125 -49.4375 -159.5625
0.9293 -0.0983 -0.3541 0.0370 2.3100 1.7200 -1.6500 394.1875 -124.9375 -188.6875
0.8895 0.1793 -0.4200 0.0134 4.9400 9.5900 3.0000 197.6875 -107.4375 -128.3750
;
0.8217 0.3331 -0.4620 -0.0214 7.1800 10.1900 1.0800 96.3125 -57.5625 -28.0625
0.7676 0.4087 -0.4933 -0.0226 11.6100 14.3400 2.2500 16.6875 15.8750 48.6250
0.7673 0.4020 -0.4996 0.0002 6.9800 4.1300 -1.3200 -8.8125 16.6250 8.3125
0.7751 0.3901 -0.4971 0.0033 6.7500 5.7000 1.5600 8.8750 -5.5625 0.0000
0.7713 0.3948 -0.4992 0.0040 7.0200 6.6400 1.6800 2.3750 1.8750 -9.1875
0.7709 0.3982 -0.4971 0.0010 9.8400 12.2500 1.8500 -36.4375 2.9375 8.3750
0.7872 0.3699 -0.4935 0.0015 8.5200 12.1900 1.6100 -265.4375 129.7500 107.0000
0.8856 0.1611 -0.4357 0.0027 8.2300 5.2800 -2.3500 -327.0625 102.2500 278.5625
0.9153 -0.1140 -0.3734 0.0988 -3.8400 -0.3300 2.1100 -238.0000 117.8750 158.6875
0.8859 -0.3334 -0.2905 0.1406 0.7300 -11.5800 1.3600 -138.3750 32.2500 8.9375
0.8575 -0.4152 -0.2814 0.1141 2.4300 -12.7800 1.7900 -25.3750 0.9375 10.8125
0.8505 -0.4304 -0.2797 0.1152 2.6700 -9.5900 3.6700 21.4375 -0.6250 10.0000
0.8563 -0.4184 -0.2772 0.1221 2.3200 -7.4900 4.8600 27.1250 -26.6250 -2.5625
0.8615 -0.3981 -0.2886 0.1271 2.6600 -10.7700 2.7900 106.5000 -14.8125 -46.8125
0.8855 -0.3179 -0.3132 0.1291 1.3600 -9.9500 1.7700 197.3125 -111.0625 -108.1875
0.9011 -0.1635 -0.3798 0.1307 4.1800 -2.3600 3.9700 208.0000 -92.6875 -174.7500
0.9009 0.0172 -0.4266 0.0781 4.5200 3.3500 1.9900 184.1250 -88.7500 -235.9375
;
0.8608 0.2092 -0.4636 -0.0201 5.9800 6.1700 0.3400 146.0625 -97.1875 -139.5000
0.7953 0.3447 -0.4955 -0.0560 21.4400 33.4000 23.3700 -18.0000 49.2500 43.0625
0.7913 0.3661 -0.4889 -0.0276 5.2000 2.9800 -0.5600 -33.3125 18.0000 10.0000
0.8091 0.3325 -0.4840 -0.0209 7.1500 5.9100 2.6900 6.0000 -4.6875 0.5000
0.8063 0.3350 -0.4871 -0.0195 6.9500 5.3800 2.6100 0.5000 -7.0625 3.3750
0.8018 0.3286 -0.4985 -0.0277 5.5600 13.2000 12.0900 -336.1250 -78.3750 -98.5625
0.8282 0.1996 -0.4949 -0.1714 13.4800 11.4100 2.9500 -198.3125 62.6250 147.5625
0.8857 0.0196 -0.4416 -0.1420 1.4300 7.5900 2.7400 -217.5000 35.9375 292.2500
0.8977 -0.1881 -0.3965 -0.0383 2.4400 0.1800 -0.8700 -145.9375 57.6875 302.2500
0.8716 -0.3660 -0.3167 0.0779 -0.6800 -17.4100 -6.2900 -55.6250 220.1875 -44.9375
0.8890 -0.4180 -0.1873 0.0042 4.4400 -12.3600 1.8600 -26.8750 40.7500 4.1250
0.8859 -0.4347 -0.1617 -0.0119 2.4600 -7.8000 5.8400 -0.8750 7.8125 6.5625
0.8876 -0.4339 -0.1539 -0.0138 2.0700 -8.4800 5.5600 18.8750 -14.3750 -0.1875
0.8913 -0.4239 -0.1609 -0.0061 2.4000 -10.0900 5.2900 64.3750 -49.8750 24.1250
0.9034 -0.3834 -0.1887 0.0349 4.5300 -8.3000 5.3100 75.3125 -43.1250 24.3750
0.9141 -0.3361 -0.2142 0.0751 0.5500 -11.3500 1.0300 176.0625 -44.8125 -47.3750
0.9429 -0.2143 -0.2413 0.0821 -1.1600 -3.9200 1.2800 254.1875 -111.0000 -87.4375
0.9506 -0.0018 -0.3023 0.0709 -0.5300 3.8100 -1.3900 379.8750 -183.5000 -159.1875
0.8810 0.2631 -0.3909 0.0433 9.7100 14.4700 1.7800 235.1875 -169.7500 -56.1250
;
0.7924 0.3869 -0.4688 0.0521 8.9200 6.8600 -0.9500 -39.4375 47.0000 70.8750
0.8088 0.3591 -0.4569 0.0901 4.2900 4.0300 5.8400 17.0625 -21.3750 9.6250
0.8014 0.3657 -0.4633 0.0969 7.6000 6.2800 2.4300 -4.8125 -9.1250 5.7500
0.7985 0.3641 -0.4695 0.0966 7.2800 6.1200 2.9400 -22.5000 -8.9375 -22.0000
0.8057 0.3495 -0.4716 0.0798 9.7800 12.0100 6.1700 -190.0000 71.1875 64.8125
0.8654 0.1891 -0.4597 0.0639 8.1000 8.9900 -0.0600 -483.0625 86.1875 175.0625
0.8957 -0.1293 -0.4241 0.0341 5.7800 1.3500 2.4000 -287.7500 60.0625 240.3125
0.8488 -0.3925 -0.3409 0.0961 -3.5800 -8.4600 -5.5300 -59.3125 125.1250 44.1875
0.8391 -0.4645 -0.2708 0.0829 1.4500 -10.9900 -4.9100 191.6250 72.1250 -68.2500
0.8873 -0.3931 -0.2372 0.0454 3.9900 -11.3200 4.4300 -44.6250 -39.2500 29.8750
0.8719 -0.4185 -0.2480 0.0550 3.7000 -9.8400 4.5200 -14.8125 19.3750 11.2500
0.8711 -0.4268 -0.2368 0.0538 2.8900 -8.3300 5.3100 6.2500 0.3750 9.7500
0.8737 -0.4225 -0.2340 0.0588 3.3400 -9.4900 4.2500 42.6875 8.8750 -3.5000
0.3462 -0.3485 0.3027 -0.8168 1.6400 -10.5500 4.2600 122.5625 -68.3750 -10.8125
0.3843 -0.3579 0.2057 -0.8258 1.9300 -8.2000 4.7500 130.9375 -102.9375 -47.7500
0.3891 -0.3635 0.0959 -0.8410 1.6200 -7.1900 -3.2900 303.5000 -103.8750 -166.5625
0.3400 -0.3660 -0.1347 -0.8557 1.3500 4.9800 -0.0100 239.8125 -134.0000 -284.5000
;
0.1959 -0.3486 -0.4100 -0.8197 12.6700 13.6100 1.1200 219.6250 -70.5625 -109.7500
0.1677 -0.3367 -0.5465 -0.7482 4.6100 17.1700 5.1900 -50.1250 57.7500 50.0625
0.2051 -0.3490 -0.5019 -0.7643 6.8700 4.9200 2.9400 -18.3750 5.1875 -23.0000
0.1913 -0.3486 -0.4893 -0.7762 6.8100 6.5000 2.4400 13.7500 -1.2500 -3.3125
0.1909 -0.3486 -0.4977 -0.7709 8.0100 8.7000 2.8500 0.6875 -13.1250 -22.8125
0.1736 -0.3559 -0.4875 -0.7781 8.9000 11.6600 3.5900 -193.6875 25.3750 56.0000
0.1666 -0.3799 -0.3719 -0.8304 7.0800 8.8500 4.4900 -206.8125 55.0625 122.7500
0.1976 -0.4020 -0.2125 -0.8685 4.3900 3.9000 1.7200 -195.6250 46.5000 211.8125
0.2731 -0.4316 -0.0058 -0.8597 2.2800 1.6800 2.9400 -218.9375 -27.1875 239.8750
0.3357 -0.4667 0.1996 -0.7935 -1.6300 -12.6500 -5.0500 -164.2500 12.5000 82.0625
0.3412 -0.4703 0.3401 -0.7394 -1.0400 -12.8900 1.2800 -3.9375 106.1875 10.0000
0.3254 -0.4037 0.3745 -0.7687 2.8900 -9.8200 2.7100 42.1250 15.8125 41.5625
0.3438 -0.3688 0.3701 -0.7803 1.2800 -8.4600 4.3800 33.8750 30.5000 3.1875
0.3452 -0.3477 0.3585 -0.7946 1.3800 -7.6700 4.8800 18.3125 -38.8125 -21.5000
0.3519 -0.3788 0.3297 -0.7899 1.8200 -10.3000 3.4200 33.6250 -152.8750 -87.8750
0.3449 -0.4639 0.2463 -0.7779 8.3400 -10.2900 1.7300 87.3750 12.2500 -118.7500
0.2947 -0.4607 0.1445 -0.8246 1.8800 -5.3000 2.3800 140.2500 30.7500 -200.7500
0.2125 -0.4335 0.0032 -0.8757 5.1600 -0.4000 -0.0700 197.3750 42.6875 -220.0625
0.1405 -0.3845 -0.1783 -0.8948 4.3900 5.9900 1.5900 341.0000 -41.5000 -98.6250
;
0.1625 -0.3511 -0.4311 -0.8152 7.1100 17.4100 7.9600 244.2500 -65.0625 36.3125
0.2097 -0.3433 -0.5097 -0.7605 12.6300 4.9100 -4.7200 -3.2500 26.2500 -13.4375
0.2002 -0.3543 -0.4883 -0.7720 5.6800 6.3900 3.0100 7.7500 -29.2500 -9.9375
0.1932 -0.3621 -0.4966 -0.7648 6.5100 6.9500 2.5900 -25.4375 -11.8125 -9.3750
0.1832 -0.3733 -0.4747 -0.7757 8.5200 11.1500 3.8600 -126.9375 5.6250 86.0000
0.2014 -0.4063 -0.3788 -0.8068 5.9900 8.1400 2.9400 -226.3750 33.3125 129.4375
0.2186 -0.4470 -0.2104 -0.8415 6.0900 2.8200 2.5000 -225.1250 7.1250 159.8125
0.2444 -0.4817 -0.0315 -0.8409 6.7100 1.8100 2.5600 -192.8125 62.5625 284.0000
0.3450 -0.4656 0.2102 -0.7874 -4.7100 -5.5500 -0.2300 -168.6250 172.6875 118.8125
0.3264 -0.4086 0.3709 -0.7675 -0.3800 -14.0100 0.1100 -5.3750 70.1250 -57.8125
0.2750 -0.3837 0.3873 -0.7919 3.4300 -10.0100 3.3700 -1.8125 13.3125 0.0625
0.2724 -0.3772 0.3885 -0.7953 2.5400 -9.1600 3.4200 7.8125 -17.8750 8.4375
0.2836 -0.3833 0.3836 -0.7909 3.4300 -10.0800 3.1700 32.4375 -21.0000 -19.5625
0.2863 -0.3905 0.3539 -0.8002 4.1300 -10.0700 3.4400 50.5000 -9.6875 -15.4375
0.2935 -0.3879 0.3136 -0.8155 3.5300 -11.5400 1.6800 157.1875 -1.5000 -75.5000
0.2896 -0.3711 0.1974 -0.8599 -1.3200 -7.5100 0.2300 291.6875 -31.9375 -256.1250
0.2052 -0.3517 -0.0579 -0.9115 2.3000 5.0600 1.7700 245.1875 -65.8750 -191.3125
0.1368 -0.3486 -0.2581 -0.8906 4.9400 12.0400 8.2100 114.9375 -89.0000 -55.6250
0.1133 -0.3661 -0.3873 -0.8385 9.3500 8.7800 3.3600 166.0625 -34.8125 37.8750
;
0.1564 -0.3867 -0.4601 -0.7838 9.1900 16.3200 8.4100 -25.0000 66.3750 5.4375
0.1682 -0.3776 -0.4365 -0.7991 6.1600 4.3000 3.4300 -19.6875 4.6250 16.2500
0.1702 -0.3783 -0.4227 -0.8058 7.1600 5.5900 3.4600 12.1875 0.6875 -4.2500
0.1710 -0.3766 -0.4312 -0.8019 7.0700 8.6500 5.3400 -19.2500 -28.1250 -10.4375
0.1526 -0.3926 -0.4037 -0.8121 10.9200 11.4300 4.7500 -185.5000 76.3750 96.9375
0.1668 -0.3969 -0.2447 -0.8688 7.8900 6.5700 3.3700 -251.6875 60.3125 152.5000
0.2034 -0.4080 -0.0524 -0.8885 3.6500 -1.4000 1.4300 -184.5625 62.0625 183.9375
0.2679 -0.3923 0.1211 -0.8716 1.3200 -2.2500 1.5500 -207.3750 89.1875 241.8125
0.3356 -0.3539 0.3203 -0.8121 3.3300 -9.3400 3.3300 15.8125 61.0625 29.3125
0.3235 -0.3177 0.3469 -0.8210 3.1300 -12.9200 1.8400 1.5000 29.8125 1.1875
0.3057 -0.3010 0.3517 -0.8320 3.3400 -9.1900 5.4400 -7.3125 0.1250 -3.3125
0.3028 -0.3013 0.3505 -0.8335 2.6000 -7.9600 6.1600 22.1875 -6.8750 -0.4375
0.3078 -0.3017 0.3368 -0.8372 2.5900 -9.9700 4.8300 40.8750 -43.6875 -17.6250
0.3220 -0.3297 0.2981 -0.8359 3.5800 -8.7900 6.4300 7.3125 -63.1875 14.2500
0.3461 -0.3583 0.2658 -0.8253 2.3600 -9.8500 1.6400 144.7500 -34.6250 -62.3125
0.3541 -0.3553 0.1568 -0.8507 1.2200 -5.5400 3.5700 231.5625 -32.2500 -149.8125
0.3298 -0.3219 -0.0282 -0.8870 -0.1700 4.9200 5.1500 270.0000 -88.8125 -202.6875
0.2390 -0.3014 -0.2686 -0.8831 2.6500 9.3500 6.3400 -43.8125 -197.0000 -195.3750
;
0.0804 -0.3744 -0.3120 -0.8695 13.1300 5.5500 -5.2600 229.3125 -82.2500 -33.1250
0.0568 -0.3785 -0.3953 -0.8350 2.6900 5.3700 -0.6300 -23.6250 16.3125 28.0000
0.0709 -0.3859 -0.3743 -0.8402 5.1700 5.1500 4.7700 24.5000 -11.3750 5.7500
0.0808 -0.3901 -0.3883 -0.8309 7.2600 8.4400 6.1100 -22.9375 -16.8750 22.6250
0.0828 -0.4099 -0.3651 -0.8318 11.5500 9.7300 6.0500 -113.4375 39.5625 163.2500
0.1412 -0.4433 -0.2374 -0.8527 4.9100 4.6500 3.5600 -167.0625 -21.6875 123.5625
0.1705 -0.4750 -0.1013 -0.8573 7.6100 1.2200 2.7900 -131.0625 -47.8125 230.6875
0.2886 -0.5036 0.0836 -0.8100 2.4700 -1.0900 2.2600 -105.8750 103.6875 347.0625
0.3841 -0.4477 0.2552 -0.7661 -0.2200 -9.6000 1.8200 -42.5000 80.5000 -13.0000
0.3391 -0.4056 0.3127 -0.7891 2.1400 -15.9500 -0.0200 -26.0000 117.6875 -37.5000
0.2781 -0.3482 0.3515 -0.8233 1.7300 -8.9800 3.2600 -3.1250 0.1250 -4.3125
0.2755 -0.3457 0.3484 -0.8266 2.8500 -7.9800 5.0100 6.6250 -13.2500 -18.5625
0.2725 -0.3521 0.3383 -0.8290 3.6600 -10.4100 4.4600 40.0000 -3.8750 -4.7500
0.2807 -0.3513 0.3139 -0.8362 3.9700 -11.5100 3.0200 84.6875 -20.3750 -31.0625
0.2974 -0.3621 0.2595 -0.8445 3.3900 -10.1400 2.6600 157.5000 -49.1875 -39.0000
0.3114 -0.3626 0.1279 -0.8690 -0.4700 -5.9800 -1.0200 280.0625 -26.1250 -250.2500
0.2415 -0.3328 -0.1014 -0.9059 -0.8100 10.7100 5.1500 241.1250 -94.7500 -181.6875
0.1543 -0.3217 -0.3071 -0.8823 6.5900 9.4200 2.1200 128.7500 -41.7500 -110.6250
;
