0.7644 0.6390 -0.0172 0.0840 1.3000 9.5000 1.7800 -0.1875 0.4375 -0.7500
0.7644 0.6390 -0.0167 0.0839 1.3300 9.4900 1.8000 -0.1875 0.5000 -0.1875
0.7644 0.6390 -0.0167 0.0839 1.2800 9.5200 1.8000 0.1875 0.4375 -0.5625
0.7645 0.6390 -0.0164 0.0837 1.3900 9.7700 1.7500 0.5000 7.4375 -2.7500
0.7645 0.6386 -0.0130 0.0867 3.6500 15.2900 5.2800 -76.0625 -4.0625 54.0625
0.7900 0.5989 -0.0492 0.1215 7.0700 15.0800 4.6900 -148.6875 24.8125 262.3750
0.8110 0.4963 -0.1331 0.2796 4.5900 8.0600 1.2200 -38.8750 161.8750 278.4375
0.7762 0.4072 -0.1476 0.4581 4.3300 5.5600 5.1600 -42.0000 170.9375 107.5000
0.7619 0.3208 -0.1026 0.5532 1.2400 7.0600 7.4600 -143.0625 139.4375 87.5625
0.7441 0.1628 -0.1176 0.6371 -2.9700 11.4700 6.0200 -376.7500 54.1250 202.0000
0.6771 -0.0598 -0.2684 0.6826 -4.4400 -2.3800 -3.2000 -272.1250 46.5000 -120.5000
0.7037 -0.1815 -0.4048 0.5549 8.2500 -11.1600 0.4900 -121.3125 -53.8750 -146.6875
0.7228 -0.1906 -0.4804 0.4588 9.6400 -12.9100 1.7700 -26.1250 -3.9375 -20.7500
0.7287 -0.1928 -0.4937 0.4337 8.2300 -9.6700 4.3700 49.1875 10.3125 25.0000
0.7289 -0.1814 -0.4753 0.4582 5.0500 -6.1700 4.9800 37.3750 23.3750 34.0625
0.7303 -0.1782 -0.4476 0.4843 6.1400 -10.0000 2.7200 88.9375 -10.6250 34.3125
0.7157 -0.1210 -0.4158 0.5479 1.4900 -12.3500 0.1600 289.8125 -24.8125 -67.5000
0.7253 0.0374 -0.3530 0.5898 2.6400 0.2100 -1.3700 141.2500 32.8125 -221.4375
0.7878 0.1820 -0.2673 0.5241 3.7800 9.7400 2.8800 448.5625 22.2500 -116.4375
0.7469 0.4105 -0.0768 0.5174 1.0700 16.2600 7.2200 307.6250 -0.9375 36.9375
0.6453 0.4919 0.0588 0.5815 -1.4300 14.7300 8.3300 -236.8750 152.0000 -61.4375
0.6986 0.3084 0.0210 0.6453 2.3600 11.7000 7.3400 -526.4375 91.4375 297.1875
0.6031 0.0334 -0.2058 0.7699 -5.2300 -7.2900 -0.4300 -226.3125 -39.0000 188.3750
0.5087 -0.0646 -0.3233 0.7953 2.2000 -3.2500 6.4800 -38.6875 28.9375 -36.0000
0.5323 -0.0875 -0.3429 0.7690 1.5000 0.2800 10.9400 -50.3750 56.0625 -71.6250
0.5837 -0.1129 -0.3519 0.7230 2.8500 0.5700 12.1200 -74.8125 49.0625 -105.0000
0.6364 -0.1324 -0.3657 0.6661 -3.5400 1.6000 25.2100 -748.8125 -71.9375 -197.6875
0.5821 -0.3456 -0.6475 0.3500 22.6800 6.6500 -29.1100 -610.0000 155.0625 158.0000
0.4235 -0.5884 -0.6794 0.1127 6.7900 0.3800 -13.0200 -30.7500 23.0625 75.5625
0.3920 -0.6423 -0.6502 0.1051 3.7100 -2.2000 -9.2700 24.8125 -4.0000 14.6250
0.4031 -0.6412 -0.6416 0.1212 2.6600 -3.1500 -4.3300 59.1875 21.9375 -11.0000
0.4415 -0.6173 -0.6367 0.1365 2.5800 -2.8000 -9.0100 253.5625 45.9375 -92.7500
0.5951 -0.4659 -0.6181 0.2161 11.6500 -0.7400 -5.9800 460.3750 -57.5625 7.8125
0.7013 -0.1849 -0.5362 0.4318 5.5400 -2.2100 8.8600 300.0625 -95.0625 55.2500
0.6816 -0.0193 -0.4762 0.5553 5.8000 -1.8000 11.8700 54.4375 -142.5625 103.2500
0.6053 0.0274 -0.5009 0.6180 10.3200 -4.2700 9.7600 48.7500 -20.8750 107.3125
0.5505 0.0146 -0.4924 0.6740 9.7600 -6.1300 6.9000 74.5000 14.5625 68.7500
0.5109 -0.0022 -0.4598 0.7264 5.7100 -2.9400 9.7000 32.0625 94.5000 53.4375
0.5180 -0.0527 -0.3953 0.7567 4.2000 -3.4800 9.2100 7.5000 92.5000 30.3750
0.5378 -0.1079 -0.3453 0.7615 -0.0200 -2.2000 8.4400 14.7500 79.5625 -31.2500
0.5674 -0.1367 -0.3142 0.7488 -3.4300 3.3100 13.5600 -37.5625 -101.5625 -108.0000
0.7559 -0.1862 -0.3705 0.5067 -2.7000 8.4000 24.9900 -811.7500 -151.5000 -280.4375
0.6163 -0.4644 -0.6265 0.1094 14.5800 0.5300 -19.4000 -480.3750 15.5000 75.1875
0.4528 -0.6614 -0.5935 -0.0721 -1.7700 1.1700 -9.2300 -86.5625 -4.8750 -12.6250
0.4217 -0.7007 -0.5643 -0.1125 2.9400 0.3800 -9.9000 67.5000 57.8125 -4.0000
0.4648 -0.6799 -0.5555 -0.1145 7.1800 -2.2000 -6.4000 72.5625 13.8750 -6.8125
0.4984 -0.6542 -0.5610 -0.0948 5.7800 -2.7600 -7.9300 136.3125 -3.4375 -15.9375
0.5546 -0.5997 -0.5752 -0.0441 5.6300 -1.9700 -10.0700 441.0625 4.1875 -51.5625
0.7112 -0.3743 -0.5840 0.1144 4.3900 -0.6700 0.3400 449.3125 7.4375 -126.5000
0.7935 -0.1088 -0.5723 0.1759 11.3300 1.0800 3.6900 98.6250 186.8750 -342.1875
0.8864 0.0819 -0.4541 0.0380 0.5100 6.5600 3.6800 367.0000 290.2500 -268.5625
0.9025 0.3718 -0.2170 -0.0153 -0.8200 15.3200 10.7400 219.3125 11.0625 -54.8125
;
