0.6505 0.7209 -0.2378 -0.0247 2.6100 9.3000 -1.3600 -0.4375 0.3125 -1.1250
0.6503 0.7212 -0.2374 -0.0249 2.6500 9.2900 -1.3800 -0.1250 -0.0625 -0.8750
0.6503 0.7213 -0.2372 -0.0251 2.8000 9.3900 -1.4200 0.4375 -0.3750 3.3750
0.6495 0.7211 -0.2398 -0.0236 4.1600 9.9500 -2.1600 12.0625 -6.5625 32.0625
0.6443 0.7184 -0.2621 -0.0070 5.1900 10.6200 -1.9000 23.3125 -12.6250 124.8750
0.6290 0.7035 -0.3273 0.0493 13.7800 15.8500 -2.1800 57.6250 35.0625 453.0625
0.5490 0.5972 -0.5126 0.2812 9.1300 9.2900 -4.2400 130.7500 147.5000 435.5000
0.4352 0.4323 -0.5912 0.5237 6.6700 2.0300 -4.3500 136.1250 182.2500 442.0625
0.3031 0.2138 -0.5869 0.7197 -0.4000 -2.2900 -0.1300 34.1875 220.8125 252.0625
0.2557 0.0310 -0.5596 0.7877 -0.7200 -7.2300 2.8700 -2.6250 67.6250 43.6250
0.2650 -0.0284 -0.5474 0.7933 1.2100 -6.1200 4.0800 -38.1875 12.6250 2.8125
0.2747 -0.0448 -0.5623 0.7787 1.5700 -8.3100 3.8100 -45.3750 -8.2500 -17.0000
0.2831 -0.0398 -0.5880 0.7567 3.3800 -10.0200 2.9500 -5.7500 -14.5625 -39.5000
0.2939 -0.0233 -0.5965 0.7465 3.1200 -9.3800 2.8500 -7.0000 -9.6250 -33.0625
0.3052 -0.0051 -0.6027 0.7373 3.1100 -7.4000 2.9200 -17.7500 -33.1875 -51.8125
0.3170 0.0274 -0.6156 0.7210 0.3200 -8.0100 2.4300 -43.5000 -110.6875 -133.5000
0.3289 0.1135 -0.6627 0.6631 8.5400 -6.8100 1.4000 -122.1875 -55.1875 -10.4375
0.3384 0.1083 -0.7243 0.5908 11.8000 -7.5300 -2.5400 -171.8125 79.5625 -23.1250
0.3996 0.0466 -0.7687 0.4972 10.7000 -8.6700 -5.0600 -101.8125 156.5000 24.7500
0.4846 -0.0594 -0.7578 0.4329 7.1400 -11.2200 -4.1700 -20.4375 168.5625 12.0000
0.5671 -0.1297 -0.7084 0.3997 5.0100 -11.9800 -5.6200 89.7500 179.6250 -26.1250
-0.0581 0.4794 -0.3833 0.7873 3.5600 -6.6300 -0.8300 140.9375 177.2500 -83.5000
-0.0153 0.4010 -0.2694 0.8754 1.4800 -4.5100 0.6500 189.8125 129.4375 -140.2500
0.0453 0.3308 -0.0958 0.9377 2.5900 -1.1900 0.8000 227.0000 116.6250 -146.3125
0.0932 0.2653 0.0870 0.9557 -0.4400 6.9300 4.1900 194.4375 126.8750 -167.5000
0.1481 0.1755 0.2543 0.9395 -0.3400 5.8800 0.8500 0.0000 0.0000 0.0000
0.1630 0.1098 0.4084 0.8914 -1.2600 9.4900 2.0000 176.6875 78.0625 -61.3750
0.1681 0.0693 0.5278 0.8297 0.1000 16.4800 4.5300 146.3125 37.3125 -23.1875
0.1672 0.0595 0.6123 0.7704 -2.1500 18.1400 6.1200 0.0000 0.0000 0.0000
;
0.1614 0.1105 0.6332 0.7489 -0.9700 13.9400 3.7800 0.0000 0.0000 0.0000
0.1693 0.1548 0.6135 0.7556 -0.8200 10.0300 2.4200 -36.1250 -37.6875 13.3750
0.1805 0.1776 0.5897 0.7669 0.8200 9.0200 2.2200 -30.7500 -51.4375 32.8750
0.1850 0.2238 0.5568 0.7782 1.8900 8.7300 1.9800 -50.3125 -105.5625 136.6250
0.1564 0.3261 0.4917 0.7921 0.0000 0.0000 0.0000 -8.3125 -175.8125 240.3750
0.0770 0.4873 0.4027 0.7710 7.5600 5.6800 1.1400 -7.2500 -117.7500 312.8750
-0.0512 0.6204 0.2770 0.7320 8.3600 2.8100 1.1500 -31.9375 -96.4375 309.8125
-0.1841 0.7134 0.1206 0.6653 6.0300 1.7000 0.8500 -11.2500 -72.8750 367.6875
-0.3014 0.7521 -0.0372 0.5848 1.4300 -3.6100 -0.0700 -182.0625 2.3125 -210.7500
-0.1522 0.7898 -0.0087 0.5942 0.2700 1.1700 -4.2700 -88.8750 -82.1875 -653.2500
0.0000 0.0000 0.0000 0.0000 0.0000 0.0000 0.0000 80.1250 98.9375 -325.0625
0.1928 0.6268 0.4547 0.6027 5.8400 11.2900 -1.3400 76.4375 -27.0625 -41.6875
0.1973 0.6501 0.4702 0.5633 5.2900 9.0700 -2.7100 1.9375 20.0000 -41.1250
0.1935 0.6374 0.4807 0.5703 6.3200 10.6000 -3.1300 8.0000 -32.3125 123.8125
0.1488 0.6904 0.4122 0.5755 10.2600 10.8800 -3.2600 -33.9375 -32.4375 425.8750
-0.0032 0.7839 0.1839 0.5930 10.8800 5.4300 -4.4600 52.3125 91.1875 509.0625
-0.2322 0.7668 -0.0748 0.5937 2.9300 -2.9800 -4.8700 164.9375 108.8750 447.4375
-0.5096 0.6091 -0.2499 0.5540 -5.4600 0.1700 9.3800 122.0000 164.1875 133.3125
-0.5941 0.4783 -0.3005 0.5728 -1.6300 -6.8600 3.1100 10.3750 49.0625 18.1250
-0.5972 0.4443 -0.3264 0.5826 1.0100 -7.2800 3.5600 -21.6875 34.1875 -7.0000
-0.5827 0.4438 -0.3427 0.5882 1.6900 -9.0000 3.5100 -28.8750 -5.4375 -18.1875
-0.5637 0.4684 -0.3446 0.5865 4.9500 -8.8600 4.1700 -65.8125 -28.2500 -89.6875
-0.5100 0.5334 -0.3393 0.5833 0.0000 0.0000 0.0000 -358.0000 17.8750 -100.4375
-0.3441 0.6522 -0.4241 0.5258 15.1000 -10.4900 -6.0900 -268.8750 178.1250 -25.6250
-0.1539 0.6459 -0.5275 0.5300 5.4800 -10.9100 -7.3300 -19.1875 175.6250 8.9375
-0.0843 0.5748 -0.5555 0.5948 1.5100 -9.8400 -6.0100 60.2500 174.1875 -33.4375
-0.0227 0.4933 -0.5162 0.6998 -1.7900 -9.7800 -7.1500 245.8125 172.7500 -121.2500
0.0259 0.4370 -0.3682 0.8203 1.7000 -5.6200 -2.9900 227.6875 173.1250 -161.8125
0.1012 0.3702 -0.1661 0.9084 2.8100 0.2900 0.9400 188.3750 162.6250 -150.1250
0.1600 0.2921 0.0184 0.9427 0.3500 7.3200 3.9900 220.0625 227.1875 -172.0000
0.2070 0.1658 0.2181 0.9392 -7.0000 8.2800 -1.8100 313.8750 200.6875 -121.1875
0.2177 0.0688 0.4156 0.8804 -2.7000 10.3600 3.4000 142.7500 -34.8750 33.6250
0.2083 0.0995 0.4960 0.8371 -2.3400 13.3200 8.1100 29.0625 -46.6250 24.3125
;
0.2020 0.1436 0.5199 0.8175 -0.2300 16.6900 11.6500 -27.8125 -52.2500 33.1250
0.0000 0.0000 0.0000 0.0000 -0.9000 11.1000 6.2800 -47.0000 -62.0000 20.4375
0.2225 0.2194 0.4716 0.8246 -1.0300 8.7900 4.8200 -48.1875 -67.0000 -4.5000
0.2513 0.2504 0.4302 0.8301 2.5200 7.4000 3.3400 -52.6875 -107.0000 33.8750
0.2698 0.3179 0.3730 0.8289 2.9600 5.5100 1.8100 -2.1875 -244.5625 139.0625
0.0000 0.0000 0.0000 0.0000 4.8600 4.1900 0.5000 45.6875 -236.1875 255.5625
0.1216 0.6503 0.1920 0.7249 4.1800 5.1000 2.4100 32.0000 -256.1250 244.6250
0.0302 0.7759 0.0786 0.6252 8.0500 0.8900 -3.2200 -61.8750 -128.7500 113.6250
0.0167 0.8281 -0.0060 0.5604 8.7000 -1.7600 -5.0100 11.6250 -85.4375 1.0000
0.0085 0.8602 -0.0172 0.5096 14.3900 0.9800 -4.0200 -26.8750 -34.6875 -15.4375
0.0154 0.8746 -0.0215 0.4841 9.2100 -0.2000 -5.8900 36.9375 0.6250 87.5625
-0.0306 0.8699 -0.0623 0.4883 12.4000 0.4400 -5.3700 71.7500 -18.9375 208.8750
-0.1448 0.8531 -0.1653 0.4733 9.5100 -4.9300 -5.6800 76.1250 26.1250 211.0625
-0.2456 0.8046 -0.2590 0.4745 8.8300 -7.5600 -5.7100 127.2500 53.1250 160.6875
-0.3528 0.7305 -0.3137 0.4934 4.0700 -5.7700 -4.6000 215.2500 72.9375 147.5625
-0.4974 0.6006 -0.3337 0.5295 0.6700 -5.7600 0.6000 186.1250 86.8750 67.6875
-0.5550 0.4946 -0.3323 0.5805 1.1800 -6.4600 1.5000 40.9375 82.1875 -2.3750
-0.5493 0.4521 -0.3486 0.6102 0.5500 -6.3500 3.5600 -22.3750 22.3125 -15.4375
-0.5338 0.4513 -0.3623 0.6166 1.2700 -8.9100 3.2400 -28.1250 9.8125 -1.0625
-0.5215 0.4593 -0.3743 0.6140 2.1300 -8.6600 3.6200 -28.9375 1.8125 0.7500
-0.5120 0.4719 -0.3835 0.6067 4.4800 -9.0900 3.0700 -31.3750 -21.6250 -4.2500
-0.4945 0.4982 -0.3920 0.5946 5.6400 -6.1400 6.6000 -240.5625 3.3125 -69.3125
-0.3824 0.5849 -0.4680 0.5409 8.8800 -11.7600 -5.8500 -271.1250 137.3125 -46.3750
-0.2104 0.6091 -0.5738 0.5054 4.4800 -11.5400 -6.0100 18.1250 159.6875 8.6875
-0.1536 0.5502 -0.5896 0.5710 1.8600 -12.1500 -5.9500 83.1875 125.1250 -22.8750
-0.0994 0.4964 -0.5450 0.6683 2.5300 -10.2800 -5.9600 177.3750 216.5625 -150.8750
-0.0151 0.4331 -0.4114 0.8018 -1.5200 -5.3700 -3.9500 344.6875 191.4375 -219.8125
0.0687 0.3538 -0.1459 0.9213 -0.0200 -0.3200 -0.4100 252.6250 162.4375 -188.0625
0.1364 0.2779 0.0701 0.9483 -0.2300 7.1300 3.6300 212.0000 108.5625 -137.8750
0.1806 0.2030 0.2809 0.9205 0.8200 9.0300 0.6400 256.6875 83.2500 -31.5000
0.1593 0.1825 0.4210 0.8741 -0.2300 8.6300 1.2200 175.1250 -25.3750 -10.8750
0.1443 0.2114 0.5342 0.8057 0.8300 15.0500 4.9900 100.1250 -17.5000 -8.5625
0.1425 0.2399 0.5870 0.7599 3.0000 22.0400 7.9000 -10.3750 -115.7500 104.6875
0.1422 0.3226 0.5611 0.7489 3.0200 12.8200 3.9200 -63.8750 -24.3750 9.7500
0.1599 0.3366 0.5248 0.7653 2.1500 8.7100 2.0300 -49.6250 -21.8750 6.1875
0.1760 0.3445 0.4939 0.7787 3.7200 7.7100 1.8200 -47.6250 -28.6250 24.0625
;
0.1831 0.3586 0.4653 0.7883 3.7500 5.8700 1.4200 -25.1250 -21.1250 17.4375
0.1857 0.3732 0.4431 0.7937 3.9300 6.9100 2.1000 -4.8750 -25.3750 21.7500
0.1841 0.4057 0.4225 0.7892 5.0000 8.8000 2.8800 -5.3125 -126.3750 175.5625
0.1161 0.5294 0.3438 0.7669 5.9600 7.9100 2.1900 -2.5625 -231.4375 482.6875
-0.0670 0.7264 0.1182 0.6737 6.9100 3.3700 -0.9300 -98.7500 -147.8125 507.0625
-0.2165 0.7941 -0.1615 0.5446 5.4300 -9.0000 -7.1400 -138.6875 11.0000 226.7500
-0.2661 0.7664 -0.3633 0.4579 7.6500 -11.6700 -3.8900 0.0000 0.0000 0.0000
0.0000 0.0000 0.0000 0.0000 0.0000 0.0000 0.0000 0.0000 0.0000 0.0000
-0.4245 0.6319 -0.4616 0.4554 -0.2100 -11.9000 -3.4500 208.5000 44.6250 -3.9375
-0.4824 0.5506 -0.4122 0.5424 0.7100 -6.8800 0.9900 56.5000 32.3750 -28.0625
-0.4966 0.5089 -0.3878 0.5866 0.0300 -6.8400 1.6300 23.0000 0.3750 -29.3750
-0.4907 0.4982 -0.3806 0.6052 1.1500 -9.2700 1.2800 -16.6250 19.8125 -15.8125
-0.4760 0.4970 -0.3900 0.6118 0.2900 -9.2100 2.4400 -16.6875 -6.4375 -5.6875
-0.4692 0.5026 -0.3943 0.6097 2.5200 -9.5700 2.1900 -4.8750 -6.0625 -6.8125
-0.4662 0.5070 -0.3937 0.6088 4.1400 -10.2600 2.5900 0.0000 0.0000 0.0000
0.0000 0.0000 0.0000 0.0000 0.0000 0.0000 0.0000 0.0000 0.0000 0.0000
0.0000 0.0000 0.0000 0.0000 0.0000 0.0000 0.0000 0.0000 0.0000 0.0000
0.0000 0.0000 0.0000 0.0000 2.2400 -7.5700 2.4300 -11.0625 -20.8125 -6.3750
-0.4511 0.5023 -0.3883 0.6272 5.5000 -6.7800 6.1900 -213.7500 -35.6250 -38.3125
0.0000 0.0000 0.0000 0.0000 15.8000 -7.8200 -9.0300 -461.1875 123.5625 -37.9375
-0.0509 0.6420 -0.6200 0.4481 7.5400 -15.7800 -17.9000 -124.6250 206.3750 47.4375
0.0550 0.5607 -0.6606 0.4962 4.0900 -10.3700 -12.4200 123.6250 241.1875 5.5000
0.1039 0.4729 -0.6078 0.6294 1.8100 -9.1500 -11.8100 246.3125 335.0000 -109.1250
0.1987 0.3611 -0.4048 0.8163 0.4700 -0.2000 -1.8700 267.8125 288.0000 -90.7500
0.2580 0.2550 -0.1802 0.9143 0.1800 3.0300 1.9200 210.0625 260.5625 -65.9375
0.2859 0.1392 0.0150 0.9480 -2.6600 0.7600 -2.0200 290.7500 191.3750 -44.4375
0.2812 0.0465 0.2333 0.9297 -4.1000 5.2200 0.0400 197.7500 107.9375 0.5625
0.2621 0.0195 0.3792 0.8872 -2.6900 8.7600 3.1800 137.1875 31.6875 3.1875
0.2496 0.0300 0.4696 0.8463 -3.8500 17.6900 8.0600 122.0000 -33.6250 37.8750
0.2365 0.0829 0.5437 0.8010 -5.5300 -0.9700 -0.0100 59.9375 -91.3125 13.3750
0.2529 0.1500 0.5541 0.7787 0.0000 0.0000 0.0000 -50.0000 -87.6875 13.6250
0.0000 0.0000 0.0000 0.0000 0.0000 0.0000 0.0000 0.0000 0.0000 0.0000
0.3107 0.2175 0.4792 0.7916 0.2100 7.9900 4.0700 -39.3125 -75.6250 9.2500
;
0.3345 0.2531 0.4418 0.7930 1.8700 6.7700 2.8600 -19.5000 -75.5000 31.5625
0.3441 0.2975 0.4063 0.7925 2.4600 6.9800 3.4000 -13.3125 -55.3125 23.1875
0.3512 0.3302 0.3784 0.7902 2.8400 7.2000 3.3900 13.7500 -40.5000 25.1875
0.3510 0.3568 0.3679 0.7837 2.8100 8.2200 4.9700 0.5625 -60.6250 22.9375
0.3547 0.4000 0.3435 0.7722 4.6300 7.4700 3.8000 13.3750 -120.4375 96.5625
0.3264 0.4907 0.2913 0.7535 6.3000 5.9100 2.2000 63.8750 -220.1875 212.8125
0.2275 0.6509 0.1887 0.6992 7.0800 3.6300 0.3700 33.5000 -212.3125 273.7500
0.1057 0.7751 0.0527 0.6206 6.6300 2.0800 -1.6600 54.1875 -222.8125 217.1875
0.0181 0.8542 -0.0364 0.5183 8.7100 -3.3700 -6.2200 -17.3125 -36.3125 -129.6875
0.0620 0.8787 0.0372 0.4718 22.0900 4.1100 -7.4700 29.9375 56.6250 7.3125
0.0529 0.8721 0.0568 0.4832 6.2800 2.2800 -4.1200 0.0000 -3.9375 -9.3125
0.0562 0.8719 0.0634 0.4822 9.9700 1.7600 -6.0000 -6.0000 -5.7500 -8.1875
0.0594 0.8723 0.0637 0.4811 10.3000 2.4000 -5.2700 19.9375 -12.5625 97.0000
0.0080 0.8793 0.0095 0.4762 9.3800 1.0400 -6.1000 99.8750 -41.0000 184.8125
-0.1161 0.8807 -0.0852 0.4512 10.6400 -1.6700 -8.1500 208.6875 -2.0000 372.8750
-0.3376 0.7994 -0.2408 0.4348 2.5000 -8.7800 -0.6900 70.8125 238.1875 183.6875
-0.4104 0.6415 -0.3766 0.5275 3.8000 -13.4500 -1.3500 157.8750 136.6875 47.3750
-0.4500 0.5328 -0.3762 0.6100 0.8800 -7.4800 -0.0300 135.7500 95.7500 7.1875
-0.4720 0.4464 -0.3483 0.6758 0.0000 0.0000 0.0000 86.6875 43.0625 -12.5625
-0.4822 0.4019 -0.3185 0.7103 0.7400 -3.3200 2.9900 3.0625 0.9375 -10.1875
-0.4819 0.3991 -0.3143 0.7139 2.0400 -6.3800 3.8600 -35.2500 4.3750 21.1875
-0.4765 0.4084 -0.3334 0.7036 3.9700 -8.3100 4.1500 -33.4375 1.2500 -6.0625
-0.4647 0.4227 -0.3483 0.6957 2.4500 -8.3100 4.2100 -29.6875 -7.5625 -32.3125
-0.4444 0.4438 -0.3506 0.6947 2.7100 -6.1900 3.5000 -85.0625 -40.9375 -71.2500
-0.3687 0.5206 -0.3718 0.6744 6.8800 -4.3800 1.6900 -367.3125 -55.3750 -85.5625
-0.1946 0.6330 -0.4875 0.5690 13.0500 -11.9500 -13.0100 -252.0625 97.3125 25.1250
-0.0276 0.6274 -0.6171 0.4740 8.6900 -9.1500 -10.3500 -277.7500 44.0625 128.0000
0.0676 0.5688 -0.7208 0.3903 9.6500 -8.6000 -14.1400 33.1875 152.5000 86.1875
0.1172 0.4978 -0.7333 0.4479 3.1500 -10.5200 -16.5900 265.3750 285.3125 -2.0000
0.1899 0.4113 -0.6004 0.6590 3.2700 -6.3900 -9.7900 297.7500 374.0000 -56.5625
0.2611 0.3047 -0.3810 0.8329 1.4600 0.9800 1.8100 214.9375 238.2500 -60.8750
0.2977 0.2169 -0.1783 0.9124 -1.4700 0.8600 -3.8100 311.7500 241.5625 -91.4375
0.3231 0.1068 0.0937 0.9357 -4.0000 3.7600 -2.5400 289.8125 230.4375 -33.0000
0.3050 0.0256 0.3157 0.8981 -5.7400 10.2200 2.5400 199.5000 50.8750 -4.8125
0.2819 0.0456 0.4547 0.8436 -5.7500 16.9700 11.2300 138.0625 -43.9375 36.8125
0.2658 0.1080 0.5254 0.8010 -2.6100 15.9400 9.3300 0.0000 0.0000 0.0000
;
0.0000 0.0000 0.0000 0.0000 -1.8800 10.2900 5.7100 0.0000 0.0000 0.0000
0.0000 0.0000 0.0000 0.0000 -0.7400 8.0900 4.0800 -35.7500 -39.7500 5.9375
0.2959 0.2003 0.4668 0.8090 0.0000 8.1400 4.8200 -32.4375 -72.3750 43.3125
0.3006 0.2495 0.4258 0.8162 2.2000 5.7500 2.8400 -2.9375 -126.5625 99.8125
0.2809 0.3524 0.3785 0.8085 3.9800 8.3600 4.7500 7.9375 -161.8750 191.5625
0.2014 0.5079 0.2798 0.7894 6.4400 7.1400 1.8600 -110.8125 -247.5625 497.6875
0.0193 0.6812 0.0252 0.7314 7.3400 0.3200 -2.2200 -8.5625 -158.3750 332.0000
-0.1479 0.7434 -0.1566 0.6332 2.0800 -5.6200 -1.7500 -18.5625 -176.1875 461.6875
-0.3452 0.7169 -0.3777 0.4735 3.1000 -16.1000 -2.7500 26.8125 61.8125 120.6250
0.0000 0.0000 0.0000 0.0000 2.6700 -10.8400 3.0300 67.0625 80.5000 12.8125
0.0000 0.0000 0.0000 0.0000 0.0000 0.0000 0.0000 66.6875 59.1875 16.8750
-0.4333 0.5546 -0.4410 0.5569 -0.4700 -9.0400 0.5100 21.2500 -3.8125 -11.7500
-0.4388 0.5469 -0.4346 0.5651 2.6200 -8.6200 0.5000 3.0625 -12.6875 1.1875
-0.4437 0.5482 -0.4324 0.5618 1.8700 -8.9500 0.5000 0.6875 -4.1250 -15.2500
-0.4416 0.5526 -0.4308 0.5604 1.7500 -9.7000 0.3100 -11.1875 -9.9375 -25.8750
-0.4328 0.5640 -0.4247 0.5606 3.5300 -8.7800 0.6400 -18.3750 7.0000 17.6875
-0.4217 0.5621 -0.4362 0.5621 4.2500 -9.0800 0.3900 -1.5000 6.0625 -6.8750
-0.4140 0.5626 -0.4380 0.5659 5.7900 -12.1300 1.1500 8.9375 22.3125 -4.6875
-0.4066 0.5477 -0.4484 0.5775 2.7800 -17.5200 0.0500 95.6250 50.1250 -3.5625
-0.4160 0.5002 -0.4306 0.6255 2.1800 -7.0200 1.6000 72.1875 47.0000 -2.4375
-0.4262 0.4607 -0.4055 0.6646 1.8600 -5.0300 2.1900 51.3125 20.4375 -1.0000
-0.4351 0.4352 -0.3824 0.6892 1.3500 -5.8800 2.2300 26.9375 0.6250 -13.3750
-0.4325 0.4322 -0.3647 0.7023 3.3400 -5.3400 4.2600 -71.1250 -23.0625 -69.2500
-0.3800 0.4808 -0.3751 0.6956 0.0000 0.0000 0.0000 -381.4375 9.5000 -102.0000
-0.1658 0.5827 -0.5300 0.5934 11.8000 -10.8100 -9.7100 -216.6875 124.3750 61.5000
-0.0377 0.5341 -0.6481 0.5416 3.9600 -14.9500 -10.5300 -20.0625 105.0625 54.8750
0.0272 0.4597 -0.6914 0.5567 6.8600 -17.4500 -16.6300 83.6250 220.0625 68.5000
0.0820 0.3690 -0.6457 0.6635 3.6500 -7.4100 -4.0200 189.1250 162.5625 1.1875
0.1113 0.3017 -0.5303 0.7844 -1.5700 -5.4500 -5.0700 309.6250 184.1875 -83.6875
0.1537 0.2283 -0.3087 0.9105 -2.5400 -3.1300 -5.8300 368.6875 197.8125 -112.9375
0.1976 0.1666 -0.0509 0.9647 -1.2700 6.1500 0.2800 284.8750 149.5625 -92.5625
0.2233 0.1102 0.1736 0.9528 -4.5100 10.2900 1.2200 284.9375 2.5000 17.2500
0.2014 0.1330 0.3578 0.9020 0.4300 8.6500 0.1700 227.3750 -16.4375 -15.1875
0.1898 0.1768 0.4831 0.8362 0.0000 0.0000 0.0000 104.8125 -68.2500 14.8125
0.1906 0.2315 0.5286 0.7942 2.8300 19.5400 11.7300 -71.6250 -52.3125 40.3125
;
