0.9306 0.1375 -0.3392 -0.0045 5.6800 2.3600 6.8100 -0.8750 7.0000 -4.3125
0.9318 0.1381 -0.3356 -0.0061 6.0700 2.4900 7.1000 -0.1250 -0.3750 0.5625
0.9319 0.1381 -0.3354 -0.0061 5.9900 2.4200 6.9900 0.7500 5.6875 -1.6875
0.9328 0.1385 -0.3327 -0.0068 6.0300 2.4600 7.2000 -0.8750 -0.1250 0.3750
0.9327 0.1378 -0.3334 -0.0068 6.1600 2.4800 7.1900 3.2500 -5.8125 4.0000
0.9316 0.1387 -0.3361 -0.0047 6.0200 2.8000 7.6500 -8.3125 -43.5625 13.5000
0.9215 0.1294 -0.3662 -0.0002 6.8400 5.7000 13.8400 -249.8125 -348.0000 136.5000
0.8012 -0.0792 -0.5930 0.0107 4.2900 -0.4400 0.0000 -375.8125 -605.6875 218.5625
0.5028 -0.2956 -0.8107 0.0510 6.0600 -3.3700 -7.2300 6.0000 -167.4375 53.1250
0.3689 -0.3181 -0.8642 0.1261 0.0000 0.0000 0.0000 61.9375 -125.5000 -28.6250
0.3254 -0.2628 -0.8810 0.2208 8.3200 -1.1200 -11.0600 684.3750 -40.4375 122.8750
0.3238 -0.1660 -0.7131 0.5993 -2.5200 -1.9900 15.0800 156.1875 600.3125 -11.9375
0.3965 -0.2483 -0.5300 0.7073 1.0700 -13.8000 3.5500 -30.6250 57.5000 -48.0000
0.4368 -0.2685 -0.5348 0.6717 2.4600 -9.0400 2.9200 -18.3125 -13.6250 -27.5625
0.4387 -0.2584 -0.5535 0.6591 3.8200 -9.8100 3.3900 -17.5625 16.1875 -29.9375
0.4546 -0.2558 -0.5577 0.6456 2.1500 -10.6900 2.5400 32.1250 12.6875 -60.5625
0.4918 -0.2265 -0.5517 0.6344 3.0800 -11.3800 3.8600 28.6875 -7.5625 -342.4375
0.6372 -0.1077 -0.5685 0.5091 19.1100 -1.4700 3.8300 -188.4375 541.0625 -614.5625
0.9406 -0.0641 -0.3271 0.0649 8.3600 -1.0800 4.8800 -161.8125 535.0625 -303.1250
0.9805 -0.0923 0.0367 -0.1699 -3.7900 -4.1800 5.4800 64.1250 236.9375 -56.6875
0.9521 -0.0183 0.2016 -0.2292 -3.0900 -3.0200 6.6400 102.4375 103.5000 30.3125
0.9471 0.0325 0.2302 -0.2211 -5.1000 -3.7300 7.6200 0.3750 14.0625 17.0625
0.9481 0.0402 0.2348 -0.2107 -5.2500 -5.5500 6.9800 12.9375 -46.3750 61.1875
0.9693 0.0277 0.1752 -0.1702 -20.3700 6.1600 19.1700 -1029.3750 -491.0625 -216.6875
0.8822 -0.4048 0.0105 -0.2403 -2.8000 -6.6200 8.0900 50.9375 -25.6875 -40.0625
0.8820 -0.3954 -0.0003 -0.2563 -0.5000 -6.1400 3.7800 22.8750 8.3750 33.0000
0.8948 -0.3812 0.0125 -0.2322 0.9200 -6.1800 6.6100 16.9375 19.5625 5.6875
0.9027 -0.3652 0.0143 -0.2269 1.2200 -6.8000 7.8500 79.7500 -31.7500 8.7500
0.9198 -0.3236 -0.0121 -0.2214 -0.3800 -6.0000 14.5700 218.2500 -238.6875 104.3750
0.9547 -0.2336 -0.1604 -0.0916 5.7400 -4.2400 7.0000 108.1250 -239.3750 274.9375
0.9158 -0.2384 -0.2853 0.1518 4.0100 -9.0800 0.2600 -23.0000 -101.0000 205.6875
0.8764 -0.2670 -0.2847 0.2819 -2.7200 -5.2900 2.2700 328.3125 7.0625 20.2500
0.9075 -0.0861 -0.2009 0.3587 -1.7500 5.9700 21.5800 123.8125 -99.6250 35.1250
0.8889 0.0307 -0.2193 0.4010 10.5500 -7.8100 -1.8600 316.6875 6.1250 3.3750
0.8499 0.2128 -0.1714 0.4506 8.4500 4.8100 -0.0600 334.2500 -90.9375 36.1250
0.7549 0.4384 -0.1198 0.4728 9.1300 15.2600 10.1600 104.7500 -48.5000 24.8125
0.7144 0.5033 -0.1187 0.4716 6.9600 10.6000 8.2700 -28.5625 9.0625 0.4375
0.7241 0.4866 -0.1199 0.4738 5.5000 6.7400 6.3400 -37.5625 59.6875 -28.1875
0.7522 0.4537 -0.0953 0.4683 6.1100 13.8400 7.9300 -128.8125 54.1875 -81.6250
0.8210 0.3589 -0.1080 0.4307 5.5800 7.3800 1.2200 -389.6875 4.4375 -3.0625
0.8826 0.1459 -0.2054 0.3970 5.3900 -7.1400 -2.3400 -156.9375 -3.0625 15.7500
0.8875 0.0491 -0.2485 0.3850 4.5900 -4.1600 4.5900 -29.0625 -15.0000 0.8750
0.8871 0.0300 -0.2585 0.3812 4.8400 -3.8900 6.5700 35.2500 -28.8750 18.6250
0.8781 0.0539 -0.2654 0.3943 5.7900 -4.5800 2.7500 105.8750 -25.5625 17.3125
0.8625 0.1321 -0.2448 0.4227 4.1300 -3.2400 -2.1200 345.7500 -23.6875 -49.6250
0.8234 0.3335 -0.1620 0.4296 9.4200 17.8400 11.6200 95.3125 -65.3125 36.1250
0.7799 0.4284 -0.1613 0.4268 8.3000 11.6800 10.5200 -13.3750 -11.1875 29.8125
0.7751 0.4303 -0.1767 0.4276 7.3200 4.2400 6.0400 -9.6875 6.0625 -1.8125
0.7787 0.4227 -0.1788 0.4277 6.9100 4.9000 5.1400 -21.3750 10.2500 0.5625
0.7884 0.4052 -0.1813 0.4260 4.8900 7.7600 8.1100 -175.1250 11.5625 3.5000
0.8412 0.2836 -0.2455 0.3894 1.5700 8.6900 5.7000 -511.6875 -86.6250 -64.7500
0.8879 0.0487 -0.3857 0.2460 3.3000 -1.0500 2.6000 -260.5625 -127.3750 -179.6875
0.8772 -0.0430 -0.4722 0.0755 25.0900 -1.8700 3.8600 17.0625 90.3750 85.8125
0.8837 -0.0541 -0.4538 0.1005 6.8700 -1.8800 4.8700 43.1875 16.3125 -20.6875
0.8893 -0.0258 -0.4440 0.1063 7.2200 -0.7100 6.7300 47.3750 20.3125 24.8125
;
