0.6707 0.6802 -0.2958 -0.0005 3.5700 8.3300 -0.8400 -0.1250 0.0000 -0.3125
0.6708 0.6802 -0.2957 -0.0005 3.6500 8.3800 -0.9000 -0.1875 -0.1875 0.3125
0.6708 0.6802 -0.2957 -0.0005 3.8100 8.9200 -1.0300 0.2500 -1.2500 2.1875
0.6706 0.6797 -0.2971 0.0001 3.8600 8.8200 -1.0300 -0.0625 -0.5625 1.1875
0.6705 0.6794 -0.2980 0.0005 3.8300 8.7800 -0.9000 0.0000 0.8750 -1.2500
0.6706 0.6796 -0.2973 0.0003 3.9200 8.9500 -0.9300 -0.5625 -0.2500 -0.5000
0.6706 0.6797 -0.2971 0.0000 3.9400 8.9400 -1.0900 -0.3125 -1.5625 0.3125
0.6706 0.6796 -0.2974 -0.0003 4.1700 9.3000 -0.9300 -1.4375 -2.3125 8.7500
0.6724 0.6748 -0.3041 0.0025 4.4400 8.9700 -1.9000 3.8750 -23.7500 57.8750
0.6696 0.6597 -0.3408 0.0206 3.2000 7.5700 -1.7400 71.4375 -62.1875 101.5625
0.6121 0.6622 -0.4240 0.0835 13.0900 12.1600 -3.2000 256.2500 9.6250 569.5625
0.4002 0.5184 -0.6397 0.4023 8.3500 2.1800 -6.5200 197.2500 180.5000 629.5625
0.1979 0.1681 -0.6680 0.6974 -20.6300 -6.6800 5.8500 114.5000 192.3750 163.8750
0.1653 0.0152 -0.6032 0.7802 -1.4400 -3.7600 3.5500 14.3750 35.1875 22.5000
0.1752 -0.0099 -0.5894 0.7885 3.8000 -8.1100 1.8900 -24.1250 -9.6250 14.7500
0.1804 -0.0042 -0.6057 0.7750 4.2000 -10.7200 2.7400 -43.6875 4.8125 14.5625
0.1788 -0.0031 -0.6234 0.7612 3.1300 -8.7400 2.6600 11.3125 -7.1875 -1.6875
0.1800 0.0046 -0.6197 0.7639 2.1700 -8.6500 1.5400 -10.6875 -13.8750 -57.6250
0.2007 0.0380 -0.6302 0.7490 -1.2600 -6.8100 3.5000 -94.9375 -105.6875 -212.7500
0.2869 0.1655 -0.6750 0.6594 5.2500 -8.6100 -0.1300 -184.0625 -1.0000 -661.5000
0.5828 0.4204 -0.5938 0.3620 18.1200 9.3900 2.7500 -182.1875 109.7500 -366.5625
0.7381 0.4666 -0.4499 0.1875 8.8100 9.0600 3.5900 -157.4375 137.3750 -291.5000
0.8420 0.4423 -0.3052 0.0488 2.6200 3.8700 5.5000 -150.2500 117.6875 -148.8125
0.9584 0.2424 -0.1439 -0.0441 0.0000 0.0000 0.0000 0.0000 0.0000 0.0000
0.0000 0.0000 0.0000 0.0000 -6.0900 -2.8400 14.7700 8.2500 27.3125 -45.0625
0.9817 -0.1707 0.0812 0.0237 -0.7500 0.4700 6.3800 22.9375 -21.5000 -37.0625
0.9903 -0.1273 0.0553 -0.0057 -2.8900 5.3600 14.1000 126.4375 -89.8125 -37.1875
0.9991 -0.0285 0.0063 -0.0284 0.4700 2.0100 6.1700 158.1250 -58.3125 -5.9375
0.9970 0.0588 -0.0422 -0.0275 1.0500 2.1500 6.5600 96.6875 -163.4375 35.6875
0.9772 0.1286 -0.1686 -0.0048 9.6400 3.0800 3.1500 209.1875 -378.7500 174.0000
0.8698 0.2354 -0.4179 0.1158 6.5300 3.8700 1.2800 274.6875 -386.8750 246.5625
0.6301 0.3491 -0.6337 0.2822 12.2800 3.2700 1.3100 192.4375 -157.0000 146.0625
;
0.4679 0.3902 -0.7034 0.3660 0.0000 0.0000 0.0000 -10.6250 -142.9375 309.6875
0.3091 0.2739 -0.8118 0.4128 11.9900 -10.6500 -8.6600 0.0000 0.0000 0.0000
0.1353 0.1513 -0.8152 0.5424 -1.4000 0.6900 11.4600 136.4375 149.7500 134.1250
0.1381 0.0507 -0.7110 0.6876 1.8800 -7.7200 -1.5100 43.2500 47.0625 3.3125
0.1595 0.0298 -0.6849 0.7103 2.9400 -9.1100 -0.2800 0.0000 0.0000 0.0000
0.1656 0.0275 -0.6814 0.7124 2.2600 -9.4700 0.4600 -7.1875 0.5625 -5.7500
0.1678 0.0287 -0.6846 0.7087 3.5000 -9.3800 1.2700 -7.5625 -1.3750 5.1250
0.1677 0.0315 -0.6870 0.7063 3.9500 -9.1900 0.5300 -4.3750 10.0000 -51.6875
0.2009 0.0534 -0.6898 0.6935 6.0300 -10.2100 -0.3200 -3.5000 14.5000 -86.1875
0.0000 0.0000 0.0000 0.0000 7.6700 -12.0600 -0.2300 -53.1250 73.1875 -302.6875
0.4198 0.1840 -0.6612 0.5939 8.5300 -1.1700 3.2500 -137.6250 120.0625 -522.0000
0.6956 0.3318 -0.5385 0.3406 19.4300 3.5100 3.8100 -178.8750 324.3125 -464.1875
0.8811 0.3409 -0.3060 0.1177 4.5400 1.1900 6.6400 -161.6875 218.5625 -320.0000
0.9467 0.2944 -0.1261 -0.0341 15.2600 39.7200 4.5200 -1375.5625 521.0000 284.2500
0.0000 0.0000 0.0000 0.0000 0.0000 0.0000 0.0000 443.9375 -2.6250 -72.2500
0.9976 -0.0138 0.0591 -0.0331 0.0000 0.0000 0.0000 -3.6875 -12.5000 -1.7500
0.9977 0.0333 0.0381 -0.0460 -0.4500 2.2600 7.0600 123.4375 -112.9375 -8.0625
0.9940 0.0931 -0.0344 -0.0457 4.0200 2.9900 5.0900 165.9375 -309.3125 185.1250
0.9538 0.1788 -0.2362 0.0504 7.6000 2.7400 4.0700 187.7500 -417.8750 341.6875
0.7536 0.2674 -0.5493 0.2426 14.7300 2.9600 -0.5800 313.8125 -423.0000 304.3125
0.4499 0.3311 -0.7139 0.4224 5.5600 0.4700 4.2800 38.6875 -177.5625 309.8750
;
0.2766 0.2589 -0.7993 0.4666 8.0900 -7.1900 -5.9700 0.0000 0.0000 0.0000
0.2262 0.1886 -0.8504 0.4360 8.5800 -14.0200 -7.4400 -107.5000 30.3125 47.2500
0.2201 0.1341 -0.8790 0.4012 8.6600 -5.2200 -5.4400 142.1875 -21.3750 102.3125
0.1788 0.1088 -0.8401 0.5004 1.9500 -12.0400 -14.9900 411.3750 1.8125 14.7500
0.1743 0.0873 -0.7140 0.6725 1.9200 -6.8600 1.6600 24.7500 59.9375 -1.1875
0.0000 0.0000 0.0000 0.0000 0.0000 0.0000 0.0000 0.0000 0.0000 0.0000
0.5146 -0.1266 -0.1771 0.8293 0.0000 0.0000 0.0000 -354.8125 155.6875 58.7500
0.5117 -0.1494 -0.1697 0.8289 -0.8800 7.2200 21.0900 176.5000 39.5625 -0.2500
0.5381 -0.0958 -0.0483 0.8360 -0.8900 -0.1900 5.3500 122.4375 -59.5000 -12.9375
0.5449 -0.0300 -0.0202 0.8378 -1.4500 0.1100 6.5300 31.4375 -89.6250 -8.3125
0.5446 0.0419 -0.0364 0.8369 3.1100 1.7000 8.2000 75.2500 -220.9375 57.4375
0.4982 0.1945 -0.0732 0.8418 3.2900 0.8800 5.3900 112.1875 -294.2500 59.9375
0.4133 0.3986 -0.1213 0.8097 7.5900 1.3500 3.6700 104.0625 -406.0000 128.1875
0.2580 0.6168 -0.1971 0.7170 17.4200 1.0900 -2.4300 0.0000 0.0000 0.0000
-0.0507 0.7692 -0.2196 0.5979 10.7100 1.2800 2.6200 124.1250 -157.8750 501.7500
-0.3317 0.7259 -0.3994 0.4512 1.9900 -9.5500 -2.1400 -129.2500 28.3750 19.3125
-0.2742 0.7336 -0.4617 0.4165 3.7800 -15.5900 -8.6800 -43.3750 -3.1875 -29.1875
;
