0.8222 0.5690 0.0129 0.0086 -0.0600 9.1100 3.3700 1.3125 -0.5000 -4.6875
0.8219 0.5695 0.0137 0.0062 0.1800 9.5900 3.7800 -3.6250 -7.6250 13.5000
0.8230 0.5679 0.0060 0.0100 -0.0100 8.8300 3.6600 -3.3125 -12.3750 18.0000
0.8243 0.5658 -0.0105 0.0151 2.0300 10.6400 4.5400 -19.0625 -32.6875 65.1875
0.8309 0.5518 -0.0582 0.0414 3.5300 10.8000 3.9500 -8.3750 -53.4375 182.1250
0.8243 0.5300 -0.1544 0.1258 5.6400 12.7000 6.1600 -55.2500 -44.3750 368.5000
0.7718 0.4428 -0.3107 0.3342 7.4100 11.0000 5.2500 -3.3750 65.3125 406.1875
0.6632 0.3270 -0.3917 0.5475 4.7700 3.5900 5.3100 -54.3125 164.5000 299.5000
0.5714 0.1661 -0.4187 0.6860 4.0700 -1.7600 2.7400 -85.1875 94.3125 292.6250
0.4716 0.0177 -0.4431 0.7622 1.2100 -3.1500 4.3700 -71.5000 77.0625 115.6250
0.4315 -0.0690 -0.4525 0.7773 -0.4400 -5.9900 3.8000 -35.9375 22.1875 31.6250
0.4309 -0.0965 -0.4665 0.7664 3.4200 -7.0400 4.8800 -59.8750 -25.1875 13.3750
0.4227 -0.1010 -0.5012 0.7484 1.9400 -11.5000 3.2000 6.5000 -46.8750 -19.5625
0.4137 -0.0757 -0.5137 0.7479 4.1700 -7.7400 5.3000 8.6250 -12.9375 -12.1250
0.4163 -0.0585 -0.5143 0.7475 3.2900 -7.3100 3.8400 8.5625 -26.1875 -38.0625
0.4285 -0.0319 -0.5171 0.7403 2.6700 -6.1200 4.6100 -15.8125 -25.7500 -52.3125
0.4475 -0.0049 -0.5311 0.7195 4.7500 -7.0400 3.9000 -20.1250 -53.3125 -24.3750
0.4439 0.0245 -0.5546 0.7034 6.5300 -9.8500 2.8900 5.6250 -15.3125 18.0625
0.4310 0.0248 -0.5619 0.7056 5.8500 -9.7800 5.0800 19.0000 7.3750 0.2500
0.4382 0.0135 -0.5425 0.7166 3.5500 -8.6600 3.9300 72.9375 -5.6250 11.8750
0.4572 0.0095 -0.4912 0.7413 1.6700 -5.7700 -0.0300 72.1875 -52.3750 31.9375
0.4478 0.0166 -0.4564 0.7687 5.4200 -3.3900 9.1900 14.8750 98.7500 4.0000
0.4619 -0.0211 -0.4178 0.7821 1.3700 -2.7700 9.2000 22.7500 61.9375 -27.0000
0.4994 -0.0532 -0.4034 0.7649 -4.8500 -0.9700 17.5400 -478.9375 -263.0625 -37.1250
0.4543 -0.1074 -0.6466 0.6033 5.8200 -0.7100 0.7100 -234.9375 -31.2500 1.5625
0.4221 -0.1577 -0.7387 0.5013 5.2900 -6.0500 -8.6000 -10.1875 -23.4375 36.5000
0.4050 -0.1763 -0.7573 0.4811 4.5200 -6.9600 -7.2600 -23.0625 -3.6250 18.6875
0.4047 -0.1889 -0.7649 0.4642 4.8500 -7.5700 -3.5000 9.6875 10.8750 -2.9375
0.4118 -0.1885 -0.7602 0.4658 4.2900 -9.1300 -2.6700 12.8125 10.5000 -12.6250
0.4237 -0.1816 -0.7520 0.4711 4.6400 -8.4500 -2.4400 40.0000 2.4375 -16.0625
0.4389 -0.1631 -0.7388 0.4847 4.3000 -7.0200 -4.0100 82.0625 28.2500 -2.1875
0.4607 -0.1381 -0.7050 0.5213 6.5600 -7.1300 -4.2700 132.8125 16.6250 -20.0000
0.4907 -0.0876 -0.6461 0.5781 1.6300 -7.1400 -0.6600 200.0000 18.0000 -73.8125
;
0.5471 0.0059 -0.5453 0.6350 2.6100 -4.0600 4.1200 151.9375 -0.9375 -122.5625
0.5988 0.1038 -0.4796 0.6329 4.9800 -1.7300 7.2800 83.4375 -42.1875 -167.1250
0.6576 0.2086 -0.4393 0.5754 4.4800 0.6800 4.9300 102.9375 -28.9375 -271.1250
0.7269 0.3358 -0.3798 0.4633 5.4300 5.3800 3.9000 80.6875 -40.5000 -303.5625
0.7614 0.4509 -0.3255 0.3332 9.4300 7.1600 4.8600 25.1250 -114.3750 -63.7500
0.7379 0.5016 -0.3600 0.2729 8.5200 6.8300 4.1200 2.5000 -19.3125 -68.0000
0.7357 0.5217 -0.3570 0.2430 11.9400 8.2200 3.3400 -15.6250 -16.7500 40.8750
0.7305 0.5118 -0.3774 0.2493 11.6200 6.8000 2.4000 -6.3125 -7.1875 110.6875
0.7151 0.4825 -0.4116 0.2939 13.9100 5.5900 0.7300 59.8125 1.9375 312.3125
0.6321 0.4157 -0.4824 0.4415 18.3500 10.8400 0.1200 -60.1875 352.3125 648.2500
0.4479 0.1137 -0.5259 0.7141 0.5300 -7.3000 1.5500 -34.2500 150.6250 256.8125
0.3735 -0.0481 -0.5157 0.7695 -0.0200 -8.1100 2.1600 18.8125 41.0000 68.5000
0.3546 -0.0939 -0.4926 0.7892 -1.1900 -5.2100 2.8900 39.5000 29.3125 -40.1875
0.3765 -0.0878 -0.4722 0.7922 1.2300 -2.7000 5.0800 -64.1250 -23.8750 -15.5000
0.3731 -0.0821 -0.5106 0.7703 2.7600 -10.3800 2.8400 -42.8750 -21.1250 -12.5625
0.3693 -0.0780 -0.5391 0.7529 3.1100 -11.1200 3.1000 1.0000 -23.4375 -17.3125
0.0000 0.0000 0.0000 0.0000 0.0000 0.0000 0.0000 0.0000 0.0000 0.0000
0.0000 0.0000 0.0000 0.0000 0.0000 0.0000 0.0000 -11.1250 -30.6875 -38.6250
0.7359 -0.3351 -0.4460 0.3837 2.6400 -8.3300 3.4300 -30.5000 -21.1875 -17.8750
0.7263 -0.3417 -0.4661 0.3721 3.9100 -10.0800 3.1100 -19.1250 -12.5000 4.0000
0.7165 -0.3470 -0.2439 -0.0001 0.0000 0.0000 0.0000 0.0000 0.0000 0.0000
0.0000 0.0000 0.0000 0.0000 0.0000 0.0000 0.0000 0.0000 0.0000 0.0000
0.0000 0.0000 0.0000 0.0000 0.0000 0.0000 0.0000 0.0000 0.0000 0.0000
0.0000 0.0000 0.0000 0.0000 0.0000 0.0000 0.0000 0.0000 0.0000 0.0000
0.0000 0.0000 0.0000 0.0000 5.2500 -10.6500 5.7300 0.0000 0.0000 0.0000
0.7440 -0.2760 -0.4609 0.3973 4.0200 -6.2900 6.7000 86.7500 18.3125 -33.8750
0.7816 -0.2245 -0.4219 0.4011 5.8500 -3.5800 8.3800 37.5625 51.4375 13.6875
0.7925 -0.2241 -0.3865 0.4150 2.9300 -3.6500 13.1800 -130.3125 107.5000 -65.8125
0.7674 -0.3519 -0.4329 0.3160 1.3700 -4.7000 -5.9500 -215.1875 -89.3750 -43.8750
0.6807 -0.4863 -0.5070 0.2076 -0.3600 -4.9600 -0.1800 -184.9375 35.9375 -47.6875
0.6319 -0.5572 -0.5201 0.1405 3.2800 -6.7700 -8.2800 -46.1250 40.5625 -23.5000
0.6011 -0.5865 -0.5293 0.1203 4.8800 -6.8700 -7.1200 -57.6875 6.6875 -10.1875
0.5841 -0.5996 -0.5370 0.1043 5.5600 -8.9800 -6.2900 30.3750 0.8750 -19.3125
0.5983 -0.5825 -0.5398 0.1065 6.3100 -8.8700 -2.3700 38.0000 0.8125 5.7500
0.6123 -0.5691 -0.5349 0.1227 4.5900 -9.6400 -4.2200 49.9375 0.9375 -8.8750
0.6356 -0.5446 -0.5295 0.1381 5.3500 -8.4500 -6.5300 150.1875 40.1875 -8.8125
0.7056 -0.4704 -0.5017 0.1707 4.8000 -5.0900 -3.0600 244.3750 66.7500 -37.0000
0.7960 -0.3406 -0.4546 0.2089 1.4200 -4.0300 2.1800 217.3750 53.6875 -113.0000
;
0.8682 -0.1852 -0.4164 0.1966 3.2200 -1.3900 6.2200 98.9375 2.6250 -122.8750
0.8923 -0.0969 -0.4180 0.1405 3.3200 -0.8100 5.7700 53.2500 0.6875 -179.9375
0.8972 -0.0212 -0.4387 0.0479 4.7200 1.2700 4.1100 44.9375 -83.0625 -177.6250
0.8691 0.0660 -0.4866 -0.0594 7.5100 5.9400 3.1100 101.7500 -30.3125 -337.5000
0.8124 0.2028 -0.5114 -0.1935 12.7600 7.7900 4.4500 18.3125 -11.5625 -137.8125
0.7706 0.2551 -0.5275 -0.2509 6.3200 9.2500 6.5200 -11.8125 -24.5000 -17.3750
0.7642 0.2540 -0.5331 -0.2596 7.5500 6.4200 3.7000 -11.0625 -25.4375 57.2500
0.7686 0.1982 -0.5703 -0.2117 12.6100 12.9200 4.8800 -31.6250 -85.6250 493.6250
0.7699 -0.0183 -0.6378 0.0132 9.8100 1.2000 -5.4500 237.3750 -3.4375 513.6250
0.7595 -0.1984 -0.5338 0.3145 0.3600 -5.5400 2.3900 -65.8750 157.5625 202.8750
0.7323 -0.3062 -0.4705 0.3857 2.3500 -8.1500 1.9000 21.0000 13.0000 8.3750
0.7369 -0.3073 -0.4593 0.3893 3.0400 -7.1400 3.0600 -14.1875 -9.3750 -5.8125
0.7368 -0.3043 -0.4694 0.3796 3.2500 -8.1100 3.1800 7.6250 -28.8125 -83.2500
0.7523 -0.2630 -0.4999 0.3391 7.9500 -6.6800 3.1100 23.6250 -13.0625 -90.5625
0.7733 -0.2109 -0.5203 0.2947 8.5300 -4.8200 5.0800 -7.3125 11.1875 -13.2500
0.7828 -0.2010 -0.5188 0.2784 8.7500 -9.1400 4.2100 50.5000 25.1250 11.7500
0.7898 -0.1895 -0.5002 0.3001 7.6400 -6.5100 5.5800 77.9375 58.8750 35.1250
0.8009 -0.1776 -0.4544 0.3472 6.5200 -3.9500 7.5400 44.1250 74.1250 114.6875
0.8036 -0.2050 -0.3854 0.4046 4.9600 -3.9700 5.0400 37.3125 85.1250 51.0625
0.8127 -0.2185 -0.3334 0.4249 0.7900 -5.8100 1.9200 13.3750 40.8750 9.6250
0.8224 -0.2261 -0.3068 0.4224 1.8600 -4.3200 7.6200 -31.2500 7.5625 -22.3750
0.8239 -0.2454 -0.3130 0.4037 0.2900 -2.3100 16.9100 -253.5625 -40.8750 -77.1250
0.7727 -0.3751 -0.4104 0.3063 5.3100 -2.6400 3.0000 -372.1875 30.7500 -64.5000
0.6676 -0.5378 -0.4900 0.1578 3.5900 -3.4500 -2.6900 -47.2500 -68.3125 -11.0625
0.6107 -0.5703 -0.5314 0.1394 5.4900 -7.0700 -11.9100 -58.5000 44.5625 -19.3750
0.5873 -0.5945 -0.5403 0.0981 4.7000 -7.6400 -8.5700 9.7500 29.1875 -32.0000
0.5950 -0.5870 -0.5437 0.0764 6.7000 -7.2000 -4.9500 20.8125 8.5625 -12.4375
0.6019 -0.5770 -0.5462 0.0801 5.8800 -8.1300 -5.9800 83.2500 11.0000 13.2500
0.6356 -0.5464 -0.5344 0.1094 5.9200 -7.7900 -5.6400 137.6250 28.1250 -21.5625
0.6959 -0.4798 -0.5153 0.1414 2.8700 -7.0900 -3.5700 199.6875 30.1875 -56.3750
0.7729 -0.3651 -0.4902 0.1703 2.7300 -3.7100 1.1100 212.8125 99.8750 -167.0000
0.8672 -0.1851 -0.4423 0.1340 1.5100 0.1700 7.3700 140.9375 16.9375 -175.0625
;
0.8959 -0.0450 -0.4363 0.0710 3.5800 3.1200 7.6700 75.0000 -24.8125 -235.0625
0.8898 0.0726 -0.4481 -0.0453 6.8800 6.2400 6.7100 84.2500 -48.2500 -197.1250
0.8536 0.1882 -0.4608 -0.1539 8.4500 11.4700 6.3900 44.1250 -81.6875 -136.6250
0.7951 0.2635 -0.4862 -0.2488 13.8300 10.4900 3.6500 11.3750 -161.6250 58.3750
0.7538 0.2272 -0.5656 -0.2454 10.2700 7.2500 4.1900 -24.0000 -37.3750 40.0000
0.7482 0.1946 -0.5866 -0.2411 8.2600 5.2000 2.4000 -6.0625 -6.3125 8.7500
0.7507 0.1861 -0.5861 -0.2414 8.8600 4.9600 1.5400 13.6250 15.8750 19.6250
0.7542 0.2011 -0.5926 -0.1990 11.8600 6.7100 3.3400 118.3750 65.5625 208.8125
0.7732 0.1545 -0.6139 -0.0382 9.2500 0.3400 3.1100 -22.8750 98.3125 210.3125
0.7998 0.0309 -0.5894 0.1092 8.1200 -2.6700 2.6900 -18.6875 120.2500 243.9375
0.8043 -0.0995 -0.5268 0.2563 8.9400 -2.7700 2.1400 -22.5625 164.1875 215.9375
0.7894 -0.2178 -0.4277 0.3828 1.5100 -2.2100 4.4500 -24.8125 63.0000 131.6875
0.7633 -0.2780 -0.3804 0.4420 0.2700 -6.2200 1.9900 24.9375 9.6875 53.0625
0.7640 -0.2829 -0.3566 0.4573 1.2500 -2.6600 4.8600 -0.4375 -1.3750 -36.5000
0.7701 -0.2818 -0.3662 0.4398 2.4100 -7.8800 5.0400 -65.4375 -28.3125 -6.1250
0.7526 -0.3057 -0.3949 0.4291 4.0200 -10.3400 4.7300 -10.1875 -2.1875 0.8750
0.7485 -0.3120 -0.4004 0.4267 2.9900 -7.9600 4.8900 10.8125 9.5625 -19.4375
0.7598 -0.3060 -0.3961 0.4149 2.6900 -6.8400 5.4700 -6.0625 -7.4375 -6.2500
0.7645 -0.3077 -0.3974 0.4036 3.3300 -8.3200 5.5300 7.6250 2.4375 -9.6875
0.7716 -0.3036 -0.3943 0.3963 4.9900 -8.8200 7.2400 27.4375 16.6875 -9.5000
0.7875 -0.2947 -0.3751 0.3903 4.1000 -9.3100 6.5300 62.5625 47.3750 -17.1875
0.8146 -0.2749 -0.3375 0.3835 0.8300 -4.1000 13.2200 -189.1875 16.8125 -46.9375
0.7858 -0.3532 -0.3856 0.3303 2.2700 -3.6400 6.4900 -305.3125 13.7500 -37.6250
0.7238 -0.4707 -0.4430 0.2416 2.9400 -5.9000 2.6600 -88.7500 53.3125 -44.4375
0.7053 -0.5118 -0.4521 0.1903 2.3600 -6.2800 -1.1500 -145.5625 30.6875 -47.1875
0.6475 -0.5753 -0.4791 0.1421 5.5300 -7.7200 -9.5500 -117.8125 -14.0625 4.8125
0.6089 -0.6119 -0.4918 0.1136 5.5500 -10.2000 -9.2900 38.2500 25.1875 -26.6875
0.6357 -0.5904 -0.4858 0.1061 4.1800 -7.6700 -0.5900 35.8750 -3.0000 -3.6875
0.6535 -0.5719 -0.4815 0.1184 4.7200 -8.5100 -0.5400 36.3750 10.1250 8.8125
;
0.6666 -0.5607 -0.4739 0.1292 4.8800 -8.4400 -1.4500 25.8125 -12.2500 6.3125
0.6732 -0.5485 -0.4755 0.1408 4.9400 -8.7800 -4.2700 86.9375 24.0000 -17.6250
0.7175 -0.4976 -0.4620 0.1553 4.4700 -7.2500 -3.0600 149.8125 22.0000 -17.1250
0.7781 -0.4107 -0.4393 0.1814 4.0300 -4.6800 0.6000 224.0625 47.3750 -85.2500
0.8534 -0.2717 -0.4083 0.1765 -2.4900 -3.2000 2.8700 181.6250 34.1875 -276.9375
0.9106 -0.0770 -0.4037 0.0430 2.8800 5.3700 4.2400 181.2500 -42.3125 -324.4375
0.8851 0.1104 -0.4362 -0.1194 8.7700 9.1100 2.6500 134.2500 -113.6875 -277.2500
0.8035 0.2424 -0.4863 -0.2430 10.0700 11.8500 3.5400 92.6250 -104.1250 -150.1875
0.7191 0.3080 -0.5445 -0.3025 13.9300 13.9200 5.7000 -0.5625 -123.3125 114.3125
0.7223 0.2093 -0.6180 -0.2292 10.5700 7.4300 2.0700 51.6250 -37.1250 516.5000
0.7460 -0.0109 -0.6648 0.0383 7.1900 1.8500 -1.8100 142.5625 186.7500 466.0000
0.7613 -0.2227 -0.5292 0.3013 -1.8700 -7.3700 1.5000 -25.7500 78.5625 188.9375
0.7443 -0.3089 -0.4646 0.3672 2.6600 -7.1800 0.8900 36.2500 15.0000 -24.1250
0.7612 -0.2923 -0.4506 0.3635 3.3300 -6.4200 2.6400 -18.4375 -13.3750 -0.1250
0.7560 -0.2960 -0.4597 0.3598 4.4300 -7.9400 3.7300 -12.2500 -14.2500 -11.6875
0.7530 -0.2950 -0.4736 0.3488 6.2700 -8.8600 3.1100 6.5625 7.2500 -17.3125
0.7559 -0.2901 -0.4761 0.3431 5.0200 -9.6800 5.1200 -7.5000 11.1875 -17.3750
0.7621 -0.2913 -0.4720 0.3337 9.2000 -12.8900 5.6100 76.6250 28.5625 18.6250
0.7845 -0.2659 -0.4316 0.3570 4.3000 -5.7100 3.7500 100.4375 97.0000 8.5625
0.8198 -0.2378 -0.3600 0.3765 -0.1200 -2.2300 6.8100 25.1875 60.0625 -15.6250
0.8373 -0.2366 -0.3181 0.3765 -0.4700 -3.0300 8.8600 -16.8125 31.0000 -31.1250
0.8416 -0.2576 -0.3028 0.3655 1.8100 -6.2300 12.0800 -127.9375 35.6875 -8.5000
0.8029 -0.3707 -0.3582 0.2994 4.5000 -2.2600 -2.7700 -395.3125 -20.3125 -75.0000
0.6794 -0.5380 -0.4671 0.1753 2.7000 -6.1600 -7.8700 -150.8750 -32.9375 1.1250
0.6162 -0.6003 -0.4951 0.1219 2.9200 -2.1800 -3.8600 -59.1250 -12.5625 3.9375
0.6093 -0.6106 -0.4965 0.0971 2.1700 -6.1700 -5.8400 29.7500 10.1875 -29.8750
0.6252 -0.5933 -0.4991 0.0892 5.4800 -6.3500 -3.3700 35.1250 2.8125 -1.3750
0.6416 -0.5773 -0.4951 0.0992 3.6100 -8.3200 -4.9200 111.4375 -0.6875 6.6875
0.6813 -0.5340 -0.4817 0.1362 6.0600 -8.1300 -2.0600 77.9375 32.1875 -3.1875
0.7260 -0.4908 -0.4572 0.1514 2.7400 -7.5900 -1.7500 208.1250 29.5625 -31.1875
;
0.8075 -0.3697 -0.4272 0.1696 1.7000 -5.4300 0.4400 243.4375 90.5000 -154.1875
0.8895 -0.2053 -0.3869 0.1299 -1.6600 -0.5000 7.1900 167.0000 -16.8125 -214.2500
0.9174 -0.0416 -0.3938 0.0385 5.2300 4.8500 8.4100 134.0000 -91.6250 -189.8750
0.8853 0.1075 -0.4470 -0.0700 11.1300 7.8700 6.6000 62.8750 -104.2500 -130.5000
0.8362 0.1698 -0.5045 -0.1320 16.8800 10.9000 7.9600 15.2500 -40.1250 36.3125
0.8174 0.1686 -0.5359 -0.1273 5.8000 4.2000 5.2600 -48.2500 17.7500 -43.3125
0.8242 0.1522 -0.5233 -0.1539 17.2000 10.4800 5.0000 14.7500 -30.1875 359.1250
0.8282 0.0153 -0.5591 0.0346 6.8900 -11.8700 -1.6500 -39.0000 145.0000 207.3125
0.8497 -0.1060 -0.4905 0.1618 3.7300 -3.5900 7.3600 -56.3750 37.6875 248.1875
0.8296 -0.2224 -0.4230 0.2888 2.5300 -2.2000 4.9700 5.3125 97.1250 121.8750
0.8212 -0.2667 -0.3539 0.3596 1.3500 -4.7600 3.3200 33.2500 10.0625 43.5000
0.8231 -0.2662 -0.3267 0.3806 -0.4700 -0.6600 7.3200 -44.7500 -11.8750 10.7500
0.8104 -0.2928 -0.3434 0.3737 5.5000 -10.6000 3.8300 -70.8125 -3.1250 10.0625
0.7953 -0.3260 -0.3610 0.3617 4.1700 -9.5600 4.2900 0.0000 0.0000 0.0000
0.0000 0.0000 0.0000 0.0000 0.0000 0.0000 0.0000 17.8125 15.0000 -40.3750
0.8179 -0.3162 -0.3453 0.3344 1.9400 -6.7500 4.6700 -8.0000 -19.2500 -9.3750
0.0000 0.0000 0.0000 0.0000 0.0000 0.0000 0.0000 0.0000 0.0000 0.0000
0.8109 -0.3113 -0.3724 0.3270 5.1700 -8.1700 6.4100 -4.8750 -18.3125 5.7500
0.8066 -0.3113 -0.3788 0.3301 0.0000 0.0000 0.0000 53.3750 27.3125 14.8750
0.8226 -0.2936 -0.3432 0.3453 3.8400 -6.0600 9.4500 54.0000 52.8125 72.7500
0.8355 -0.2861 -0.2836 0.3737 1.6400 -3.9700 4.8100 65.5625 86.8125 12.2500
0.8611 -0.2723 -0.2249 0.3658 0.5300 -1.2700 6.3600 -22.6250 14.7500 -23.3750
0.8674 -0.2845 -0.2224 0.3423 0.1100 -3.1800 7.4300 -57.0000 8.6875 -61.2500
0.8687 -0.3133 -0.2389 0.3001 2.7900 -5.4400 10.1200 -117.5625 -22.7500 20.3125
0.8381 -0.3798 -0.2748 0.2787 -1.6800 1.1900 12.5700 -427.4375 -113.0625 -52.4375
0.7049 -0.5673 -0.3937 0.1624 4.3900 -5.3400 -14.2800 -203.3125 28.3750 -92.5625
0.5957 -0.6619 -0.4530 0.0434 3.4700 -8.5800 -12.5000 -28.0000 29.6875 -70.4375
0.6004 -0.6530 -0.4614 0.0141 4.5800 -4.9700 -2.6700 55.6250 -1.0000 22.1875
0.6306 -0.6302 -0.4510 0.0429 5.7500 -6.1500 -4.6900 102.6250 -2.6250 22.1250
0.6762 -0.5878 -0.4359 0.0848 2.1400 -8.7200 -5.5300 126.7500 39.9375 -36.4375
0.7455 -0.5141 -0.4128 0.0979 3.8900 -5.3800 -2.2200 247.9375 104.4375 -56.4375
0.8499 -0.3736 -0.3574 0.1016 -1.1700 -2.9400 4.9500 211.8125 29.1875 -129.4375
0.9179 -0.1928 -0.3393 0.0717 0.2000 1.5700 7.4200 203.8125 -49.0000 -209.4375
0.9266 -0.0273 -0.3749 0.0078 3.9200 3.1600 10.5900 31.7500 -143.5000 -106.6875
0.8895 0.0385 -0.4525 -0.0502 10.0800 8.7200 13.1300 52.0625 -152.5625 -18.9375
;
