0.8933 0.3034 -0.3316 -0.0053 5.7600 5.3400 5.8500 -1.2500 -0.0625 0.5625
0.8935 0.3027 -0.3316 -0.0056 5.7800 5.3300 5.8400 -0.7500 -1.0625 0.5000
0.8936 0.3020 -0.3320 -0.0058 5.7700 5.2600 5.7800 -0.9375 -0.1875 -0.0625
0.8937 0.3015 -0.3320 -0.0060 5.9100 5.2900 5.7500 -0.1875 -0.6250 1.6250
0.8932 0.2993 -0.3356 -0.0032 7.0900 8.4700 8.5700 -54.0000 -75.7500 84.1875
0.8830 0.2455 -0.3994 0.0228 11.6100 7.5800 7.3100 -77.7500 -95.5000 200.3125
0.8541 0.1475 -0.4850 0.1165 11.4200 1.4300 2.1300 84.1875 -52.5625 362.1875
0.7850 0.0716 -0.5226 0.3251 5.9000 -2.7200 4.0500 100.8750 58.5625 275.1250
0.7294 0.0103 -0.4769 0.4902 2.1900 -5.7700 4.8300 44.5000 149.9375 43.4375
0.7432 -0.0412 -0.3954 0.5381 2.5000 -3.3400 6.8300 6.6250 51.0000 15.7500
0.7513 -0.0644 -0.3632 0.5473 2.5800 -1.6200 7.6400 -3.1875 46.6250 -26.9375
0.7685 -0.0782 -0.3491 0.5305 3.5400 -0.5500 8.9100 -38.0000 -16.8750 -18.9375
0.7720 -0.0829 -0.3739 0.5073 2.4100 2.8400 12.6200 -163.0625 -155.3750 -149.5625
0.7646 -0.1064 -0.5176 0.3688 10.8700 5.6100 8.5000 -623.5000 -10.5000 -178.0000
0.6812 -0.3455 -0.6431 0.0556 18.2800 -1.3200 -7.9400 -456.5625 164.6875 157.5625
0.5668 -0.6310 -0.5146 -0.1255 7.4900 -1.0200 -18.7500 -152.8125 -9.1875 134.5000
0.4738 -0.7595 -0.4262 -0.1308 5.7000 -2.3000 -10.2200 -32.1875 -16.5625 46.4375
0.4572 -0.7815 -0.4077 -0.1188 4.1400 -3.8200 -4.2300 36.8125 11.4375 -4.0000
0.4798 -0.7685 -0.4071 -0.1160 4.8100 -4.5200 -4.2800 58.2500 24.8750 -40.6875
0.5157 -0.7283 -0.4341 -0.1234 5.6200 -3.7900 -10.0100 268.0000 1.6250 -186.0000
0.6100 -0.5820 -0.5281 -0.1008 23.5500 -1.8900 -3.1800 419.2500 30.1875 -58.1250
0.7664 -0.3590 -0.5320 0.0247 12.0500 -1.0200 15.2000 -105.8750 206.6250 103.6875
0.8119 -0.4417 -0.3817 0.0092 4.5000 -1.7500 2.7000 -177.5625 273.8125 186.4375
0.8091 -0.5728 -0.1306 -0.0159 -5.3300 -6.3200 -1.3700 -71.2500 282.0625 120.3750
0.7872 -0.6047 0.1030 -0.0640 -7.7200 -8.8200 -0.6100 -20.3125 139.6250 58.7500
0.7667 -0.6048 0.1979 -0.0856 -2.6900 -9.2600 -1.0600 -9.3750 105.0625 33.6250
0.7463 -0.6039 0.2589 -0.1064 -3.6800 -9.0900 0.1300 -6.1250 115.0625 20.1250
0.7256 -0.5924 0.3206 -0.1405 -6.7800 -9.5400 -1.4100 48.6250 -42.4375 1.0000
0.7547 -0.5687 0.2976 -0.1360 -2.9700 -11.2200 -10.3200 173.5000 -63.5625 -25.5625
0.8430 -0.5173 0.1474 -0.0050 1.1200 -3.1500 -7.0900 346.8750 -126.4375 -27.6875
0.9569 -0.2861 0.0488 -0.0104 10.3500 5.5200 -3.7500 400.7500 -179.1875 29.0000
0.9980 -0.0197 -0.0541 0.0271 4.3000 18.0600 17.8400 291.2500 -88.5625 6.1250
0.9719 0.1957 -0.1182 0.0566 5.6700 12.9000 17.7000 120.4375 -92.2500 97.0625
0.9337 0.2744 -0.2040 0.1063 2.7400 8.1900 12.7700 -59.6250 21.8750 -26.3750
0.9415 0.2405 -0.2150 0.0975 5.0200 4.2200 7.6100 -44.5000 -3.1250 -9.3125
0.9485 0.2130 -0.2175 0.0881 5.9700 7.9200 14.3400 -84.6250 38.8750 -3.6250
0.9669 0.1502 -0.1926 0.0746 5.5200 10.9100 16.3200 -216.4375 89.3125 -58.4375
0.9894 -0.0004 -0.1439 0.0167 9.5800 10.9600 7.0700 -405.6250 30.4375 32.8750
0.9563 -0.2681 -0.1161 -0.0110 6.8600 1.5900 -2.9900 -357.5000 155.9375 27.5625
0.8608 -0.5057 0.0005 -0.0579 3.5400 -5.7400 -4.3400 -213.5000 195.6250 19.5625
0.7761 -0.6087 0.1234 -0.1093 0.0000 -9.0400 -4.9400 -142.2500 119.2500 29.3125
0.6978 -0.6678 0.2204 -0.1362 -2.7500 -10.9500 -6.4500 -52.6250 75.6250 12.3125
0.6645 -0.6778 0.2715 -0.1591 -2.7400 -11.5000 -7.4500 84.3125 82.5625 28.1250
0.6824 -0.6315 0.3106 -0.1979 -2.7000 -9.7000 -1.2000 108.8750 -12.8125 20.6250
0.7493 -0.5601 0.2875 -0.2052 0.2600 -8.8800 -2.7800 181.1875 -174.1250 37.8125
0.8441 -0.4771 0.1901 -0.1546 6.4200 -7.5700 -15.8600 518.3125 -150.6875 65.6250
0.9767 -0.1776 0.0614 -0.1042 6.3500 10.0200 4.2900 359.4375 -171.3125 131.6250
0.9968 0.0652 -0.0435 -0.0193 6.2600 17.0500 18.7900 225.6875 -116.5625 93.0625
0.9587 0.2488 -0.1229 0.0615 3.0200 14.3000 13.3100 189.0625 -85.3125 108.2500
0.9077 0.3565 -0.1807 0.1281 3.5200 17.0000 9.5900 146.6875 34.5625 23.1250
0.8771 0.4152 -0.1840 0.1567 3.9600 6.0400 5.2700 55.5000 -15.8750 11.3750
0.8610 0.4425 -0.1898 0.1640 5.2400 7.3100 5.5600 4.1875 -4.4375 -0.8750
0.8589 0.4462 -0.1907 0.1636 4.3600 6.8700 5.4000 1.8125 4.1875 1.8125
;
0.8581 0.4476 -0.1891 0.1661 4.9000 6.7400 5.2500 0.8750 -3.4375 4.8125
0.8569 0.4480 -0.1924 0.1675 4.5500 6.7100 5.3000 1.4375 -1.3750 2.9375
0.8544 0.4501 -0.1902 0.1766 4.7600 6.9100 5.2400 1.3750 -2.6250 1.7500
0.8500 0.4543 -0.1843 0.1928 4.0000 8.3200 6.2400 -22.5000 6.1250 -14.1250
0.8584 0.4424 -0.1761 0.1910 7.3200 13.7400 9.3100 -12.6875 -109.8125 87.5625
0.8376 0.4247 -0.2589 0.2259 12.5500 12.1200 6.3100 -60.1875 -36.3125 386.7500
0.7546 0.3163 -0.3924 0.4202 -1.8000 0.3900 0.1800 -45.1250 78.1250 464.3750
0.6283 0.1483 -0.4430 0.6221 0.3300 -4.4700 2.6500 53.5625 140.1250 108.3750
0.5963 0.0639 -0.3928 0.6972 1.4300 -4.1500 6.0600 6.8125 157.5625 -17.0000
0.6279 0.0029 -0.3328 0.7036 1.8400 -0.3300 9.5800 -20.0625 45.3750 -29.1875
0.6540 -0.0244 -0.3192 0.6855 1.6300 1.5200 10.2700 -38.1875 -3.3125 -95.9375
0.7009 -0.0250 -0.3443 0.6241 0.9600 3.2800 15.3500 -191.3750 -92.3750 -139.6250
0.7130 -0.0720 -0.4955 0.4909 9.0700 0.1800 1.6900 -621.8750 -77.3750 -81.6250
0.6249 -0.3292 -0.6862 0.1740 10.7200 2.7700 -1.8800 -499.6875 -24.8125 152.5000
0.4476 -0.6005 -0.6608 -0.0483 5.2000 -1.4500 -10.5800 -122.1875 -4.1875 62.5625
0.3763 -0.6824 -0.6202 -0.0903 5.7300 -0.6100 -11.0000 -14.1250 26.0000 29.6250
0.3724 -0.6967 -0.6050 -0.0994 6.0300 -2.3200 -6.8900 44.7500 13.3750 4.2500
0.3969 -0.6879 -0.6013 -0.0876 5.6300 -2.9600 -6.6000 76.4375 14.5000 -13.6875
0.4387 -0.6581 -0.6085 -0.0653 8.3000 -2.8800 -6.9400 210.1250 -40.5000 -97.1250
0.5016 -0.5398 -0.6758 0.0151 23.8500 -4.6300 -10.8700 204.7500 -59.6875 97.0625
0.5361 -0.4984 -0.6653 0.1471 8.5800 -2.1300 -5.9600 193.1875 303.2500 287.8750
0.6794 -0.5696 -0.3975 0.2362 -5.0400 -2.6100 0.6200 87.0000 388.2500 222.4375
0.7394 -0.6281 -0.1223 0.2090 -5.8000 -4.7900 0.6600 -100.7500 194.3750 146.6250
0.6823 -0.7060 0.0549 0.1816 -7.2400 -6.6200 -3.0700 -64.8750 185.0000 149.4375
0.6281 -0.7386 0.1901 0.1544 -10.3800 -6.9300 -4.9700 7.5625 84.0000 11.3125
0.6168 -0.7411 0.2385 0.1156 -8.2800 -7.7600 -6.9800 57.6250 -26.3125 -36.5000
0.6547 -0.7174 0.2158 0.1002 -4.0500 -8.0500 -8.3900 133.7500 -90.2500 -59.6875
0.7391 -0.6483 0.1525 0.1009 -0.8500 -4.6900 -8.7400 358.8125 -154.0000 -86.8750
0.8787 -0.4637 0.0516 0.1011 3.3400 2.3100 -7.1800 342.9375 -412.5625 -101.4375
0.9626 -0.1633 -0.1800 0.1198 18.4600 18.6600 12.0800 402.2500 -85.8125 -101.6250
0.9539 0.1395 -0.2372 0.1200 10.3800 10.7400 22.1900 142.1875 -83.7500 39.0625
0.9213 0.2272 -0.2701 0.1634 4.0300 7.3100 15.9600 -26.9375 20.6875 5.5625
0.9282 0.2057 -0.2595 0.1697 6.4700 6.0700 14.9700 -136.8125 38.0625 23.7500
0.9474 0.1074 -0.2529 0.1642 8.0000 6.9100 14.9900 -238.9375 70.7500 30.2500
0.9590 -0.0645 -0.2339 0.1464 7.6600 5.7600 10.7400 -308.0625 76.3750 43.1250
0.9308 -0.2742 -0.2082 0.1230 7.0700 1.1700 0.4300 -241.6875 105.1250 69.7500
0.8763 -0.4463 -0.1447 0.1098 3.4700 -4.5600 -3.0000 -186.8125 160.3750 69.1875
0.8089 -0.5825 -0.0284 0.0748 0.6600 -7.7900 -2.7700 -136.4375 193.6250 38.6875
0.7495 -0.6561 0.0858 0.0204 -2.6900 -8.5200 -3.8800 -99.3125 130.4375 19.5000
0.6895 -0.7015 0.1772 -0.0328 -3.8500 -11.7400 -9.9900 10.3125 121.6875 15.6250
0.6846 -0.6859 0.2335 -0.0800 -3.8000 -10.4400 -8.0000 146.5000 -56.3125 6.2500
0.7565 -0.6152 0.2067 -0.0801 0.2400 -6.4000 -7.1900 309.8750 -155.4375 9.0000
0.9014 -0.4202 0.0933 -0.0472 8.5300 2.5300 -4.8900 451.1875 -237.1250 -23.2500
0.9886 -0.1399 -0.0547 -0.0029 9.7800 17.1400 9.2100 410.5000 -14.1875 132.5625
0.9792 0.1559 -0.0682 0.1099 2.9900 10.9800 12.9400 202.1250 -119.3750 97.0625
0.9294 0.3009 -0.1271 0.1719 2.8500 12.8300 9.5500 198.5000 1.9375 1.3750
0.8792 0.4119 -0.1436 0.1920 1.2700 15.5600 15.3500 89.3125 24.0000 32.9375
0.8606 0.4397 -0.1475 0.2106 4.5100 6.1200 5.4600 -7.4375 -3.8125 12.0625
0.8603 0.4377 -0.1500 0.2141 4.2000 5.1000 3.3500 41.8125 -14.3750 -3.4375
0.8494 0.4579 -0.1514 0.2142 3.8700 7.4300 5.6600 14.3750 0.3125 3.0000
0.8441 0.4661 -0.1495 0.2191 4.2100 7.1200 6.0600 -3.9375 2.5000 4.5625
0.8414 0.4678 -0.1468 0.2274 4.4500 6.8800 5.2100 7.3125 -0.2500 0.1250
;
0.8372 0.4730 -0.1428 0.2343 4.5300 7.2300 5.0800 4.1250 -0.5625 0.0625
0.8323 0.4775 -0.1359 0.2463 4.3400 6.9900 4.8700 4.9375 -1.8125 0.0625
0.8292 0.4810 -0.1325 0.2521 4.3600 7.1200 4.9900 2.8125 -2.4375 -0.2500
0.8255 0.4839 -0.1298 0.2599 4.1400 9.3600 6.4200 -34.5625 37.5000 -29.8125
0.8420 0.4600 -0.1199 0.2551 8.0500 14.3800 10.0600 -141.3125 -100.1875 111.5000
0.8397 0.3844 -0.2260 0.3099 15.0000 11.8600 5.6400 -54.1250 -28.1875 441.2500
0.7212 0.2684 -0.3443 0.5378 -3.3100 -1.0600 2.1400 -116.2500 60.3125 400.6875
0.5811 0.1113 -0.4127 0.6926 -2.6400 -5.6900 2.3000 25.4375 117.3750 47.9375
0.5839 0.0369 -0.3686 0.7224 -0.4900 -1.9100 7.0600 12.1875 142.0625 -32.8125
0.6208 -0.0169 -0.3198 0.7156 0.0800 0.9600 9.1900 -16.3750 1.9375 -78.1250
0.6558 -0.0148 -0.3298 0.6789 2.7000 4.8100 10.5400 -130.8750 -58.9375 -127.5625
0.6934 -0.0234 -0.4496 0.5626 9.5100 10.8200 20.5300 -850.8750 -151.5625 -173.1250
0.5918 -0.2719 -0.7465 0.1363 19.6800 -1.8400 -11.6400 -352.1250 41.5625 122.5000
0.5002 -0.4869 -0.7154 -0.0292 3.8200 -1.7900 -11.3300 -149.8750 -15.5625 95.3125
0.4188 -0.6147 -0.6641 -0.0749 5.4100 0.1700 -11.9100 -17.5625 14.6250 32.8125
0.4099 -0.6405 -0.6443 -0.0822 4.9200 -1.9300 -8.2100 42.1875 29.8750 -0.2500
0.4365 -0.6279 -0.6398 -0.0763 5.7200 -3.2000 -4.0900 50.3750 6.8125 -17.6875
0.4703 -0.5922 -0.6517 -0.0587 4.5800 -2.0600 -8.0300 191.1250 9.5625 -152.3125
0.5278 -0.4490 -0.7203 -0.0294 11.6500 1.9100 -13.4000 410.9375 -208.1875 -136.8125
0.5571 -0.2198 -0.7803 0.1804 12.0600 0.0700 -8.1700 534.1250 206.0000 37.6875
0.7016 -0.0897 -0.5806 0.4033 9.9400 3.3400 7.5400 101.6875 341.6875 2.7500
0.8152 -0.1199 -0.3723 0.4271 4.2200 -0.9900 6.6700 -267.3125 429.5625 -65.3750
0.8690 -0.3801 -0.1632 0.2714 0.9000 -5.5600 -0.5200 -346.6250 447.8750 43.8125
0.7799 -0.6078 0.0536 0.1395 -7.1700 -6.8300 -1.8900 -163.6875 191.5625 54.0625
0.6743 -0.7119 0.1783 0.0828 -7.5500 -9.1900 -9.8100 -59.1875 96.5625 -0.9375
0.6327 -0.7413 0.2195 0.0432 -8.8400 -10.2000 -12.1700 89.2500 24.0000 -47.3125
0.6722 -0.7098 0.2104 -0.0006 -3.5900 -7.9000 -7.5500 186.8125 -86.7500 -55.6250
0.7885 -0.6000 0.1343 -0.0176 6.1900 -1.1700 -6.6400 423.8125 -144.8125 -23.3750
0.9307 -0.3641 0.0347 0.0012 7.2100 7.2400 -2.9800 421.9375 -228.6875 30.2500
0.9905 -0.0930 -0.0798 0.0621 10.5600 16.6500 12.4100 347.1250 -60.5000 52.7500
0.9702 0.1481 -0.1351 0.1365 6.7000 11.3600 17.9500 157.1875 -29.8750 97.3125
0.9347 0.2367 -0.1622 0.2098 -0.8100 10.4200 21.5000 -7.3125 -0.2500 20.3125
0.9277 0.2391 -0.1708 0.2305 4.1200 9.3600 16.1500 -125.3750 -32.1875 -22.6250
0.9492 0.1614 -0.1924 0.1897 6.9800 11.4400 17.2700 -334.3125 -5.5000 -23.1875
0.9642 -0.0671 -0.2252 0.1233 8.1100 8.1900 5.6100 -351.3125 20.6250 52.4375
0.9209 -0.3050 -0.2233 0.0952 7.0000 1.4900 -2.0500 -313.4375 161.3750 48.4375
0.8551 -0.5018 -0.1254 0.0349 4.7800 -4.9000 -1.7900 -223.0000 235.3125 9.2500
0.7772 -0.6274 0.0043 -0.0494 1.4700 -5.0400 -3.7300 -206.1875 -13.3750 79.8125
0.6785 -0.7328 0.0507 -0.0105 -4.1400 -10.4800 -13.0100 10.3125 -24.5000 26.4375
0.6726 -0.7376 0.0581 0.0132 -1.9800 -12.4800 -7.2500 75.6875 55.1250 -8.0000
0.7064 -0.7023 0.0856 -0.0225 -4.3900 -11.6700 -5.6400 113.8125 29.5000 0.5625
0.7603 -0.6423 0.0892 -0.0384 -0.7100 -10.0200 -7.9500 298.1875 -95.5000 -0.6250
0.8884 -0.4585 0.0226 -0.0107 4.1200 -0.1400 -7.7600 480.8125 -154.6250 23.9375
0.9846 -0.1599 -0.0573 0.0425 9.0000 8.9500 0.7200 331.7500 -173.5000 94.0625
0.9800 0.0716 -0.1412 0.1201 10.3600 18.4200 4.4200 363.9375 -6.1250 79.3750
0.9271 0.2860 -0.1430 0.1955 10.8700 11.9500 6.2800 302.9375 -97.1250 142.1875
0.8182 0.4643 -0.1896 0.2813 8.9000 7.1100 0.4400 56.6250 63.3750 -21.7500
0.8143 0.4730 -0.1961 0.2734 4.8300 4.1800 4.8700 -4.1250 -17.7500 3.0000
0.8112 0.4748 -0.2075 0.2710 6.8900 6.8500 4.3400 11.3750 17.3125 -6.5625
0.8117 0.4779 -0.1982 0.2711 5.1700 6.5900 4.6400 -3.5625 0.8125 1.3750
0.8124 0.4760 -0.1984 0.2722 5.3600 6.2000 4.7400 3.8125 -4.1875 1.0000
;
