0.8868 0.3373 -0.3158 0.0016 5.5100 5.8400 5.5800 0.1250 0.1250 0.2500
0.8868 0.3373 -0.3158 0.0016 5.5300 5.8400 5.6000 0.2500 -0.6250 0.4375
0.8868 0.3373 -0.3159 0.0016 5.5100 5.8200 5.5900 -0.6250 0.6250 -0.4375
0.8868 0.3373 -0.3159 0.0018 5.6300 6.0400 5.7000 0.1875 -9.0000 14.5625
0.8849 0.3326 -0.3260 0.0083 6.2400 11.2000 10.9500 -149.9375 -112.3750 110.6250
0.8768 0.2108 -0.4309 0.0318 7.8000 7.3100 7.6100 -182.4375 -119.3750 271.0625
0.8421 0.0321 -0.5250 0.1192 11.5000 -0.6500 2.0000 -78.2500 -110.6250 301.8750
0.7355 -0.1247 -0.6087 0.2701 5.3300 -9.0000 -3.4100 85.8750 -50.6875 230.6250
0.6862 -0.1489 -0.5742 0.4209 3.6700 -8.4500 1.1300 217.5000 44.8125 25.0000
0.7084 -0.0751 -0.4868 0.5056 3.8800 -3.9400 6.5600 121.4375 22.6250 20.5625
0.7110 -0.0258 -0.4286 0.5568 4.4200 -1.6500 8.0900 41.6250 48.5625 22.2500
0.7116 -0.0220 -0.3892 0.5846 5.0100 -2.6200 7.0600 6.0000 4.2500 45.3750
0.6954 -0.0294 -0.3829 0.6075 4.8200 -2.5000 7.6200 10.3750 -7.5625 18.1250
0.6871 -0.0295 -0.3821 0.6173 4.2700 -1.0000 8.8200 -22.1250 29.0625 -51.3125
0.7144 -0.0401 -0.3793 0.5867 4.3000 -1.6800 9.1200 23.1250 41.4375 -99.2500
0.7618 -0.0271 -0.3746 0.5279 10.6600 10.2600 24.9100 -659.0625 78.0625 -151.8750
0.7773 -0.2949 -0.5029 0.2365 11.9900 8.0100 3.9800 -727.3750 23.5000 -171.0000
0.6446 -0.5615 -0.5156 -0.0579 5.7800 -2.3500 -10.3600 -309.8750 49.6875 57.3125
0.5243 -0.7198 -0.4230 -0.1677 6.5700 1.8900 -5.6400 -128.8750 8.3125 38.2500
0.4764 -0.7675 -0.3829 -0.1935 7.2100 -0.6400 -9.9200 21.2500 -2.7500 11.0000
0.4807 -0.7693 -0.3779 -0.1852 7.2100 -3.2200 -5.1000 31.6250 -53.8750 10.8125
0.4886 -0.7643 -0.3972 -0.1395 6.2900 -2.4700 -7.9600 168.4375 -67.4375 -29.0625
0.5623 -0.6893 -0.4515 -0.0703 11.4600 -3.5000 -5.9200 354.3125 -92.3125 -61.0625
0.6644 -0.5198 -0.5334 0.0621 25.1800 -6.9500 5.0900 86.3750 79.7500 156.3750
0.7116 -0.5377 -0.4318 0.1344 6.4100 -5.2300 -2.8800 31.5625 383.6875 246.8125
0.7731 -0.6042 -0.1511 0.1200 -5.0900 -5.6100 -0.3000 -47.1875 300.6250 172.1250
0.7446 -0.6537 0.1124 0.0748 -5.1200 -3.6300 -1.7200 -58.6250 346.9375 165.8125
0.6666 -0.6705 0.3248 0.0247 -12.2300 -5.3100 -2.4600 -131.3125 -41.8750 77.1875
0.6109 -0.7004 0.3569 0.0936 -7.4000 -6.5900 -9.6000 21.7500 28.6875 8.1875
0.6198 -0.6873 0.3701 0.0801 -7.0400 -4.7300 -4.0100 125.2500 13.2500 -39.0000
0.6738 -0.6406 0.3676 0.0234 -5.1600 -7.0400 -9.3900 302.4375 -60.1250 -58.5625
0.7924 -0.5180 0.3182 -0.0494 -0.8200 -4.3600 -4.1000 309.8125 -170.8125 -27.5625
0.9313 -0.3125 0.1675 -0.0828 8.0800 2.0900 -10.5700 501.5000 -227.4375 -43.1875
0.9929 0.0278 -0.0496 -0.1049 9.4500 29.8000 2.8900 621.7500 107.4375 -115.6875
0.8988 0.4088 -0.0861 -0.1329 0.8400 26.9200 22.3600 101.2500 53.2500 171.5000
0.8563 0.5084 -0.0903 -0.0140 -0.4000 14.2800 7.5700 -66.0000 -25.6875 28.3750
0.8792 0.4603 -0.1223 -0.0162 1.3600 12.0900 8.6800 -210.3125 -27.6875 11.4375
0.9326 0.3272 -0.1490 -0.0316 1.5200 10.5500 10.9500 -309.0625 -83.3750 107.1250
0.9747 0.1026 -0.1987 0.0060 -2.5100 -1.7800 1.0100 -34.5000 -155.1250 154.2500
0.9540 0.0661 -0.2761 0.0968 4.2400 -10.8000 -5.8100 458.1875 -5.5625 -8.2500
0.9082 0.3174 -0.2219 0.1587 -0.5400 11.4100 12.9000 192.3750 43.5000 -146.8125
0.8688 0.4691 -0.1002 0.1227 1.4100 10.7000 5.4100 70.8125 76.6875 21.5625
0.8503 0.4995 -0.0643 0.1525 1.9400 14.4200 6.3200 -49.5625 20.0625 52.2500
0.8597 0.4699 -0.0723 0.1868 5.1800 19.1200 6.7000 -324.1875 14.3750 280.7500
0.8978 0.2101 -0.2023 0.3301 2.0700 15.6600 -4.3400 -609.8125 81.8125 436.1875
0.8239 -0.2081 -0.3050 0.4299 1.3100 -0.2000 -7.9200 -180.6250 334.0625 -94.1875
0.8463 -0.4047 -0.2303 0.2589 13.5600 -23.2500 -6.0300 -135.9375 28.2500 -141.4375
0.8282 -0.4645 -0.2709 0.1579 6.0600 -17.8400 2.7500 -6.2500 34.3750 -34.3125
0.8305 -0.4707 -0.2693 0.1271 3.1400 -8.9100 5.6300 30.5625 3.1250 -12.0625
0.8438 -0.4492 -0.2664 0.1234 2.8500 -7.9600 3.9700 63.8125 -10.7500 -10.8750
0.8651 -0.4029 -0.2695 0.1292 3.4500 -7.0300 5.2300 57.3125 -56.5625 -12.8125
;
0.8731 -0.3550 -0.2997 0.1479 4.0500 -8.4800 3.4100 130.1875 -112.6875 3.5625
0.8710 -0.2528 -0.3657 0.2094 5.4200 -7.5900 0.6100 233.1875 -131.2500 -129.1250
0.8722 -0.0407 -0.4345 0.2211 4.8500 -4.5000 -3.0400 249.5625 -26.6250 -263.5000
0.8796 0.1836 -0.4095 0.1579 5.4800 9.9000 2.6100 285.8125 98.8125 -159.2500
0.8633 0.3710 -0.3126 0.1390 1.8300 13.0300 10.8200 35.8125 17.5625 -130.7500
0.8585 0.4324 -0.2609 0.0889 5.4500 16.4300 8.2600 -76.8125 -25.2500 53.5625
0.8698 0.3930 -0.2891 0.0743 7.7400 4.8600 4.4600 11.3125 -13.1875 3.7500
0.8647 0.3972 -0.2992 0.0709 5.5500 7.1300 5.5100 22.8750 5.6250 -27.1875
0.8613 0.4135 -0.2885 0.0627 5.5600 7.0200 4.6000 18.6250 -10.1875 -24.8750
0.8552 0.4271 -0.2886 0.0535 6.8300 10.2100 5.6700 -44.0625 -55.1250 81.3125
0.8619 0.3712 -0.3337 0.0886 12.0700 10.4900 6.4500 -158.8750 -81.8750 385.2500
0.8317 0.1603 -0.4564 0.2728 5.1700 1.0200 1.0100 -121.4375 147.1250 500.9375
0.7393 -0.0760 -0.4434 0.5010 -2.6400 -9.6800 2.1700 72.8750 190.4375 92.0625
0.7405 -0.1405 -0.3411 0.5618 1.5000 -1.0500 8.2300 14.5625 57.5625 8.1250
0.7623 -0.1563 -0.2853 0.5595 0.9700 -1.1400 9.5600 28.4375 76.1250 -17.5000
0.7910 -0.1682 -0.2328 0.5402 -1.6300 2.7600 10.4800 -8.5000 34.0625 -109.5000
0.8293 -0.1675 -0.2236 0.4838 -1.0900 -1.6900 9.7200 -50.8750 -1.0625 -106.2500
0.8528 -0.1830 -0.2678 0.4094 3.4700 0.2400 14.8700 -446.1875 -149.5625 -230.3750
0.7531 -0.4346 -0.4638 0.1700 12.2300 -0.1300 8.0100 -569.1875 50.1250 -100.0625
0.5714 -0.6635 -0.4784 -0.0672 12.0200 -1.5900 -7.4800 -253.4375 4.5625 56.3750
0.4381 -0.7741 -0.4289 -0.1578 7.0200 0.0900 -15.2400 -46.8125 46.7500 21.5000
0.4126 -0.7982 -0.3951 -0.1910 5.6600 -2.3400 -4.8900 81.4375 34.0000 6.1250
0.4581 -0.7757 -0.3926 -0.1851 5.9900 -2.9400 -3.7600 61.0000 -4.2500 7.5625
0.4895 -0.7548 -0.4047 -0.1636 7.1200 -2.6200 -6.6800 166.8750 -58.5625 -54.6875
0.5441 -0.6977 -0.4536 -0.1066 10.6300 -5.9500 -5.2000 175.1875 -59.3750 23.0000
0.6086 -0.6376 -0.4722 -0.0092 10.6200 -8.3900 -1.2700 83.1875 -15.2500 100.5000
0.6489 -0.6315 -0.4174 0.0767 7.9200 -7.9500 -2.3000 90.8125 139.9375 208.8125
0.7066 -0.6483 -0.2523 0.1296 -3.4100 -4.6900 0.8000 89.5000 198.5625 209.8750
0.7463 -0.6464 -0.0505 0.1505 -5.8500 -3.4400 0.5700 55.8750 280.8125 170.7500
0.7447 -0.6359 0.1624 0.1213 -8.5000 -4.9900 0.0800 10.4375 232.7500 78.2500
0.7011 -0.6265 0.3363 0.0529 -10.9700 -7.3900 -1.2500 20.3125 178.0625 32.8750
0.6632 -0.6151 0.4263 -0.0063 -7.5500 -9.0000 -4.3100 19.5000 46.5000 9.2500
0.6558 -0.6047 0.4510 -0.0296 -7.2400 -8.3600 -4.7700 60.6250 -22.8750 -10.1250
0.6872 -0.5775 0.4385 -0.0449 -1.9100 -8.8400 -9.7700 171.3750 19.1250 -24.5000
0.7612 -0.4760 0.4257 -0.1131 -1.0300 -2.0500 -8.1100 402.0625 -138.3750 31.6250
0.8937 -0.2650 0.3240 -0.1617 4.7900 3.2900 -0.3800 313.5625 -236.5000 100.2500
0.9794 -0.0406 0.1439 -0.1358 2.9300 14.9600 16.6900 316.0625 -265.7500 44.0625
0.9862 0.1159 -0.0250 -0.1155 0.1700 12.8600 24.1400 92.4375 -42.7500 -50.3125
0.9791 0.1991 -0.0271 0.0297 -5.3700 5.8800 11.4600 -86.5625 -93.7500 21.1250
0.9858 0.1409 -0.0742 0.0536 -0.0200 0.9700 6.2100 -47.6875 28.3125 10.5000
0.9868 0.1244 -0.0796 0.0665 3.1500 5.5000 14.1700 -37.5625 -151.7500 126.6250
0.9651 0.0973 -0.1931 0.1475 2.7900 6.6200 11.7200 -66.1250 -364.3750 373.5000
0.8224 0.0305 -0.4248 0.3771 -10.5200 -2.8300 5.5400 -103.1250 -252.6250 281.6250
0.6581 -0.0353 -0.4986 0.5630 1.8100 -4.6100 6.2700 201.6250 113.3750 10.3750
0.7014 -0.0062 -0.3777 0.6044 5.4900 0.1800 11.0800 -12.7500 35.6875 8.0000
0.7109 -0.0190 -0.3587 0.6047 7.2700 1.3400 13.3200 -44.0625 78.9375 -44.4375
0.7438 -0.0515 -0.3437 0.5710 1.4300 0.9500 9.5800 -157.3750 55.1875 -77.4375
0.7800 -0.1430 -0.3701 0.4839 0.8100 -1.7400 3.7900 -185.9375 49.0625 -82.3125
0.7883 -0.2382 -0.4109 0.3910 5.6900 0.3400 -2.0400 -73.7500 24.6250 -19.6875
0.7802 -0.2977 -0.4299 0.3435 4.9200 -7.7100 -9.5900 -111.5625 12.5000 5.1250
0.7427 -0.3632 -0.4542 0.3320 8.0700 -24.4500 -3.9100 -44.0625 14.6250 -46.9375
0.7396 -0.3802 -0.4741 0.2892 7.1600 -11.7100 4.8700 30.1250 1.8125 3.6250
0.7502 -0.3625 -0.4650 0.2993 5.1400 -8.2600 4.2400 45.3750 3.9375 -2.8125
0.7642 -0.3383 -0.4543 0.3083 4.8500 -7.6500 2.7800 47.4375 4.9375 -12.2500
;
