0.8036 0.4647 -0.3719 0.0032 5.8500 7.3100 2.9200 0.1250 -0.5000 0.4375
0.8036 0.4647 -0.3719 0.0032 5.9100 7.2300 2.8800 0.5000 0.3125 0.4375
0.8036 0.4646 -0.3719 0.0032 5.8700 7.3000 2.9300 -0.6250 0.0000 -0.1875
0.8038 0.4644 -0.3718 0.0029 5.8800 7.2500 2.8300 -0.4375 0.7500 -1.6250
0.8044 0.4644 -0.3707 0.0020 6.2100 7.8900 2.7600 -0.5625 4.0000 -4.6250
0.8011 0.4725 -0.3673 0.0061 7.4000 10.7900 7.1000 15.1875 7.8125 -9.3750
0.8002 0.4793 -0.3604 0.0112 11.9100 10.0400 3.8400 -81.8750 54.1875 111.9375
0.8380 0.4002 -0.3622 0.0800 8.8200 6.5000 1.4200 -35.6875 116.3125 233.7500
0.8528 0.3049 -0.3524 0.2357 6.7200 6.4700 4.1200 -72.6250 104.8125 289.8750
0.8276 0.1659 -0.3602 0.3972 -0.8400 2.4200 4.1800 -118.1250 115.8125 299.6250
0.7667 -0.0052 -0.3571 0.5335 -0.5300 -0.6900 5.3900 -105.5625 83.8125 75.6250
0.7460 -0.1238 -0.3537 0.5505 2.1300 -2.3400 6.5600 -73.9375 64.4375 -41.5000
0.7657 -0.1754 -0.3594 0.5037 3.3400 -2.5100 8.5700 -89.3125 28.8750 -89.4375
0.7925 -0.2109 -0.3820 0.4260 5.4300 -5.0200 8.4100 -69.5000 16.7500 -94.2500
0.8092 -0.2194 -0.4008 0.3693 6.8300 4.8900 23.8000 -690.0625 4.9375 -117.3750
0.7298 -0.4300 -0.5110 0.1462 5.7600 -0.5200 6.1100 -501.8750 -11.3750 -122.5625
0.5923 -0.6022 -0.5330 -0.0480 5.3100 -5.0600 -7.7300 -127.0625 56.0625 85.7500
0.5500 -0.6952 -0.4552 -0.0835 3.2700 -1.8100 -13.2400 -132.5625 5.1250 49.0000
0.4792 -0.7620 -0.4218 -0.1085 8.3700 -3.3100 -9.5300 -4.5625 19.3125 18.6250
0.4808 -0.7678 -0.4084 -0.1121 4.3800 -3.7200 -5.5800 37.2500 -7.9375 4.5625
0.4967 -0.7582 -0.4109 -0.0977 2.6300 -3.6000 -5.2100 67.0000 6.3750 -37.9375
0.5262 -0.7244 -0.4355 -0.0929 4.6400 -2.6100 -8.8800 64.5625 16.7500 -128.2500
0.5623 -0.6370 -0.5133 -0.1205 5.8500 1.8500 -5.3400 317.6875 50.1875 -275.5625
0.6763 -0.3799 -0.6170 -0.1328 14.4300 5.8200 -4.0600 552.9375 159.8125 -200.5000
0.8052 0.0393 -0.5915 0.0117 7.8700 14.3700 8.6600 617.0625 49.8125 -46.2500
0.7836 0.2869 -0.5184 0.1868 0.3300 3.3500 1.0100 198.1250 132.0000 -184.5625
0.8267 0.4134 -0.3547 0.1411 -3.6000 10.4900 6.1700 -12.8125 2.8125 -342.3750
0.8524 0.4672 -0.2339 -0.0217 2.1500 15.2300 6.9000 -89.3125 -23.3125 86.6250
0.8741 0.3929 -0.2854 0.0056 5.4300 5.8400 5.6000 -5.0625 22.0000 -1.9375
0.8787 0.3887 -0.2769 0.0090 3.8600 6.7700 5.2900 -1.3125 -8.6250 22.2500
0.8778 0.3846 -0.2850 0.0175 5.0800 6.8800 5.5800 5.8750 -10.8125 20.6250
0.8730 0.3844 -0.2988 0.0274 8.8400 11.7500 6.7000 -6.1250 -78.5000 78.7500
0.8618 0.3413 -0.3718 0.0502 14.4500 11.5500 5.6500 -142.8750 -162.6250 455.6250
0.7939 0.0968 -0.5306 0.2806 -5.1900 -5.3400 1.5300 -165.5000 -70.8125 385.3750
0.6871 -0.0942 -0.5944 0.4071 4.0200 -6.5600 0.5500 46.6250 74.5000 38.5625
0.7054 -0.1143 -0.5442 0.4396 5.6500 -4.1300 5.5600 75.3750 124.0625 22.0000
0.7457 -0.1215 -0.4673 0.4592 2.3500 -0.8600 8.8900 13.6875 81.5625 -28.4375
0.7811 -0.1315 -0.4230 0.4401 5.4200 -2.4200 8.3600 -24.1250 103.5000 -115.8750
0.8333 -0.1463 -0.3878 0.3658 3.1300 -2.7200 9.1200 -95.6250 103.5000 -145.6250
0.8781 -0.1967 -0.3597 0.2469 5.5900 -5.2600 7.8200 -51.8125 81.6250 -62.0000
0.8704 -0.2537 -0.3816 0.1802 6.3200 8.3300 19.3700 -1105.2500 -43.4375 -177.8125
0.4706 -0.7397 -0.4561 -0.1528 12.7200 -0.9200 -13.7100 -185.0000 -21.6875 100.8750
0.3425 -0.8304 -0.3986 -0.1851 6.0800 0.7900 -11.1100 19.7500 37.8750 11.3750
0.3549 -0.8281 -0.3876 -0.1949 5.8500 -1.2000 -6.8000 53.4375 27.5625 3.1875
0.3964 -0.8099 -0.3864 -0.1942 4.6400 -2.3700 -4.8000 91.6250 25.3750 -10.5000
0.4518 -0.7756 -0.3998 -0.1859 3.9100 -2.8200 -11.8200 225.3125 21.0625 -53.6875
0.5842 -0.6578 -0.4521 -0.1470 5.1600 -0.1100 -3.4800 344.6875 44.8750 -74.6875
0.7267 -0.4658 -0.4959 -0.0947 4.5000 0.7400 -4.5100 479.1875 128.0625 -195.8750
0.8584 -0.1343 -0.4875 -0.0866 9.7300 3.8300 4.1700 262.2500 229.8750 -165.0000
0.9150 0.0849 -0.3814 -0.1003 1.2200 7.6200 6.5000 316.1875 227.5000 -89.8125
0.9107 0.3170 -0.2606 -0.0476 0.5100 15.1300 14.3300 50.1250 -65.1875 12.3125
0.8781 0.3896 -0.2764 -0.0287 6.5900 3.7300 1.4300 20.3750 -23.6250 54.5000
0.8502 0.4473 -0.2147 0.1764 5.1000 6.1500 4.8700 9.4375 26.6250 -28.1250
0.8524 0.4537 -0.1942 0.1733 4.1900 7.2000 5.7100 2.5000 -2.9375 -4.6875
0.8508 0.4587 -0.1853 0.1773 4.2600 9.1100 4.5800 43.4375 5.0625 -7.6250
0.8324 0.4877 -0.1785 0.1931 9.2000 15.3700 9.4800 5.1875 23.8125 219.6250
0.8080 0.4376 -0.2626 0.2941 5.6700 5.3700 -1.2800 -45.8750 57.6250 201.3125
0.7877 0.3182 -0.3273 0.4137 2.7600 18.2200 1.6200 -413.5000 59.0625 478.6875
0.7143 -0.0145 -0.4839 0.5053 9.6500 -7.5600 -7.2900 -263.0000 241.1250 -120.2500
0.7904 -0.2075 -0.4637 0.3423 1.9000 -6.2300 0.9200 -144.1875 73.7500 -135.3750
0.8005 -0.2554 -0.4836 0.2450 10.1500 -15.7000 0.2100 16.1875 36.7500 -36.9375
0.8099 -0.2487 -0.4800 0.2274 7.2400 -8.6600 3.2700 50.1250 31.7500 23.6875
0.8220 -0.2391 -0.4542 0.2468 4.9500 -6.1700 3.9700 39.2500 11.6875 23.0000
0.8265 -0.2299 -0.4370 0.2704 5.0800 -9.7800 1.9300 126.2500 -10.1875 3.6250
0.8344 -0.1597 -0.4258 0.3116 1.4100 -8.9600 0.0600 289.2500 -59.2500 -158.9375
0.8651 0.0813 -0.3936 0.3003 4.5300 2.9300 -3.7600 332.8125 86.5000 -281.7500
0.8868 0.3043 -0.2755 0.2122 4.5700 12.9100 11.4700 19.4375 -44.2500 -124.1250
;
