0.8531 0.5211 0.0151 0.0201 -0.0100 9.0900 4.8000 3.1875 8.5625 -11.0000
0.8516 0.5233 0.0258 0.0168 0.0200 9.1000 4.5500 3.4375 6.5625 -11.9375
0.8519 0.5227 0.0303 0.0118 0.3800 12.5600 4.9000 -51.3750 -54.4375 62.3750
0.8707 0.4902 -0.0089 0.0402 1.4100 17.8800 6.8500 -188.1875 13.0625 255.0000
0.8852 0.3962 -0.0952 0.2245 -0.4100 6.9400 8.6800 -145.9375 -83.4375 350.3125
0.8174 0.3079 -0.2351 0.4263 0.5700 3.2700 2.7400 55.8125 -54.3750 544.5000
0.6348 0.2363 -0.3337 0.6556 3.9600 -5.7000 4.4500 5.9375 33.9375 160.9375
0.5609 0.1862 -0.3389 0.7321 5.3200 -1.3100 6.8200 25.4375 64.6875 121.1250
0.5134 0.1385 -0.3195 0.7843 1.9600 1.2700 9.2600 -40.7500 63.0000 12.8125
0.5230 0.0920 -0.3251 0.7825 2.7500 0.8200 9.5900 -97.2500 18.3750 -70.3750
0.5681 0.0685 -0.3677 0.7331 2.0400 -0.6300 10.0900 -184.1250 11.0000 -158.8125
0.6467 0.0145 -0.4732 0.5980 4.1800 8.9600 16.4000 -904.0000 -181.5000 -13.8125
0.5460 -0.2635 -0.7608 0.2316 7.4800 -2.4100 -8.6200 -190.2500 63.8750 -16.6875
0.5261 -0.3416 -0.7707 0.1118 11.7900 -0.8200 -9.5500 7.9375 33.0000 31.8750
0.5330 -0.3578 -0.7588 0.1100 6.4300 -0.8800 -4.8200 74.1250 -2.6250 -8.8750
0.5475 -0.3292 -0.7563 0.1412 5.5400 -0.8700 -7.5800 218.3125 -31.0625 -88.0000
0.5855 -0.1865 -0.7515 0.2401 8.3700 -0.9200 -7.3800 461.4375 -75.7500 -68.1250
0.5858 0.0366 -0.6710 0.4531 10.4000 -0.9200 0.1000 407.3750 108.5000 -5.3750
0.5767 0.1719 -0.4998 0.6230 10.0300 1.0200 7.3500 161.8125 110.9375 86.3750
0.5415 0.1810 -0.3919 0.7214 7.2300 -1.8500 9.0200 7.0625 101.6875 41.3125
0.5451 0.1365 -0.3647 0.7424 3.9900 -2.8400 9.7100 -25.6250 66.5625 18.1875
0.5582 0.0876 -0.3502 0.7471 2.3100 -4.3000 8.4700 5.8750 34.6250 -39.7500
0.5792 0.0743 -0.3361 0.7390 4.2500 -2.3000 9.6100 0.3750 34.6250 3.0625
0.5867 0.0578 -0.3220 0.7408 3.3900 -2.5900 9.6700 -9.3750 48.7500 -5.7500
0.5906 0.0297 -0.3134 0.7430 -0.7700 0.9300 9.5600 -58.8750 -19.5000 64.0625
0.8864 -0.2073 -0.3028 0.2823 0.1800 -2.9700 12.5600 -789.0625 -96.0625 -75.4375
0.6420 -0.5632 -0.5108 0.0979 11.1200 8.0500 -26.6200 -706.3750 134.6875 150.0625
0.3653 -0.8157 -0.4382 -0.0956 4.1200 1.9800 -12.0900 -32.3125 63.8125 20.4375
0.3716 -0.8265 -0.3992 -0.1395 5.3000 0.7600 -9.2200 115.3750 23.9375 -19.5625
0.4472 -0.7867 -0.4036 -0.1347 4.2200 0.2700 -8.2100 233.6250 58.0625 -69.4375
0.5798 -0.6713 -0.4443 -0.1258 11.1100 -0.6000 -6.2200 397.0000 82.0625 -31.2500
0.7586 -0.4503 -0.4677 -0.0552 10.7600 -1.8500 -2.4000 584.4375 367.6875 -151.3125
0.9349 -0.0984 -0.3374 -0.0488 -2.1100 1.9700 13.2400 321.2500 120.1875 -383.4375
0.9219 0.1816 -0.2137 -0.2672 1.1900 7.2500 11.9900 -44.6250 92.8125 -243.3125
0.8709 0.2183 -0.1002 -0.4286 -0.5900 3.1700 9.1500 -91.1250 35.9375 -147.0000
0.8325 0.1811 -0.0315 -0.5227 -14.2600 -8.8400 21.8800 -763.8750 -249.5625 -121.5000
0.7030 -0.4026 0.2077 -0.5482 -39.2000 -16.0700 -25.8400 213.3750 88.2500 -68.6250
0.6976 -0.2790 0.2896 -0.5930 4.0800 0.1100 25.1100 -26.1250 -47.0625 48.6875
0.7252 -0.2841 0.2593 -0.5712 0.4800 -4.9400 1.8500 166.0000 -150.5625 57.9375
0.8107 -0.2313 0.1022 -0.5281 2.9200 -0.8900 4.4500 458.6250 -354.1250 277.4375
0.9205 -0.0943 -0.1927 -0.3267 6.7100 3.8900 9.1800 318.7500 -33.1250 199.8750
0.9321 0.0540 -0.3333 -0.1308 0.8500 -1.3900 2.4900 238.6250 -72.2500 -191.5625
;
0.8652 0.2325 -0.3888 -0.2151 0.1100 10.8900 4.0200 157.8750 16.6250 -502.5625
0.7297 0.4365 -0.2953 -0.4358 3.9700 16.1800 6.0100 9.6250 -16.0000 -132.6875
0.6604 0.4630 -0.2473 -0.5370 -2.0200 8.9500 5.9900 -97.2500 -28.1250 -79.0000
0.6556 0.4319 -0.2096 -0.5828 0.3200 13.7500 9.5300 29.2500 0.8750 12.8750
0.6469 0.4518 -0.2144 -0.5756 -3.7200 7.6600 5.9300 -5.3750 -25.1875 5.3750
0.6465 0.4315 -0.2400 -0.5817 -0.5200 10.7100 6.4900 -47.0000 -55.8125 49.0625
0.6688 0.3919 -0.2587 -0.5764 3.7500 15.0100 7.7100 -7.0625 -27.4375 224.8125
0.7415 0.3370 -0.3246 -0.4810 2.7200 13.4400 8.6400 -37.3125 -105.9375 500.0625
0.8587 0.1499 -0.4486 -0.1971 2.2800 6.5000 1.6500 113.5000 46.6875 592.1250
0.8760 0.0292 -0.4521 0.1652 1.8200 -1.4800 3.6500 87.3125 188.4375 255.5000
0.8675 -0.0347 -0.3585 0.3431 0.9500 0.1600 7.7400 -44.1250 21.7500 153.0000
0.8333 -0.1002 -0.3527 0.4139 2.7600 0.9000 5.8900 -123.4375 89.9375 -44.7500
0.8426 -0.1737 -0.3542 0.3666 4.9400 -4.8400 7.9500 -168.8125 3.8125 7.8125
0.8090 -0.2806 -0.4107 0.3132 1.8600 -5.9100 16.6700 -673.6875 81.2500 -109.7500
0.6820 -0.5409 -0.4876 0.0674 8.1500 6.9500 -3.0900 -654.6250 20.3125 -48.5625
0.4736 -0.7378 -0.4500 -0.1698 10.4500 2.6800 -12.3300 -51.4375 101.5625 58.2500
0.4626 -0.7665 -0.3871 -0.2204 9.9000 1.3600 -8.4100 81.1875 13.3125 32.9375
0.5171 -0.7410 -0.3828 -0.1923 4.2200 -2.0700 -6.1300 315.9375 37.1875 -56.2500
0.6599 -0.6024 -0.4253 -0.1442 11.3600 -2.1900 -2.0300 483.8125 -55.3750 15.5000
0.8198 -0.3270 -0.4693 0.0276 8.3300 0.1800 5.9700 437.9375 131.2500 65.8125
0.8983 -0.0988 -0.3859 0.1856 5.5600 0.2300 10.2300 189.5000 -15.2500 93.1875
0.8915 -0.0256 -0.3548 0.2803 4.0600 0.4500 10.2500 -11.5000 18.8750 45.3125
0.8862 -0.0408 -0.3387 0.3136 4.6800 -0.3700 10.1000 -49.3125 20.1250 33.8125
0.8859 -0.0779 -0.3325 0.3141 3.6800 -1.2000 10.1300 -23.4375 23.1875 -12.5625
0.8912 -0.1012 -0.3298 0.2947 1.5400 -0.1600 11.6100 -129.5625 -48.0625 -13.2500
0.8604 -0.1999 -0.4086 0.2298 4.9800 5.9200 12.9900 -986.0000 31.6875 -234.5000
0.6087 -0.6025 -0.4841 -0.1792 6.5800 2.3300 -7.4700 -348.3125 38.3125 -35.5625
0.4913 -0.7061 -0.4097 -0.3036 11.4800 1.9000 -6.6500 -39.3750 30.0625 26.5000
0.4880 -0.7239 -0.3643 -0.3242 11.3500 0.1400 -3.6400 34.8125 25.7500 60.5625
0.5269 -0.7174 -0.3351 -0.3089 5.9400 -1.2900 -4.8400 204.9375 85.0625 -33.3750
0.6334 -0.6190 -0.3540 -0.3008 8.2300 2.3000 -3.2500 512.6250 83.3750 -15.5000
0.8320 -0.3199 -0.4040 -0.2057 5.7600 -1.5900 4.8200 383.7500 187.5000 -73.3125
0.9160 -0.0789 -0.3336 -0.2083 4.9400 0.1200 9.6900 127.0625 229.7500 -237.1875
0.9169 0.0621 -0.2076 -0.3350 -1.4600 -0.0900 10.2800 -56.1250 292.6250 -210.0625
0.8735 0.1317 0.0095 -0.4686 -6.7700 -0.2700 9.1400 -26.3125 74.3125 -64.3125
0.8354 0.1509 0.0846 -0.5217 -4.6900 0.1900 9.2700 -13.4375 40.0000 -55.6250
0.8002 0.1616 0.1248 -0.5638 -7.7400 -10.2800 8.0400 143.0000 0.8750 -27.5000
0.7689 0.0662 0.1063 -0.6271 30.0500 39.9100 -13.1100 -1150.1875 -80.5625 -124.1250
0.6915 -0.2414 0.3612 -0.5771 -3.1300 2.0800 11.2400 69.8750 67.6250 31.1875
0.7023 -0.1978 0.3624 -0.5800 -2.0200 -3.3100 6.4400 84.1875 -17.6875 1.8750
0.7205 -0.1639 0.3209 -0.5925 -1.1900 -2.5600 6.3000 120.1250 -26.6875 28.5625
0.7590 -0.0974 0.2404 -0.5972 0.3500 0.5100 6.4800 327.8125 -144.3750 148.4375
;
0.8441 0.0421 0.0539 -0.5318 0.1200 5.7300 12.8000 262.9375 -109.0000 407.8125
0.9343 0.1419 -0.1898 -0.2662 -3.3900 2.4900 10.0000 53.3125 -201.3125 345.8125
0.9236 0.1085 -0.3601 -0.0735 -3.7900 -4.1200 3.5500 101.4375 33.6250 -440.5000
0.8560 0.2989 -0.3187 -0.2765 -5.8500 17.0000 4.9200 154.3125 35.5625 -544.8125
0.7131 0.4729 -0.1857 -0.4830 0.3100 11.7900 5.8000 -50.3750 -30.9375 88.5000
0.7170 0.4665 -0.1913 -0.4814 -10.5000 13.2500 4.7500 27.5000 -42.9375 2.0625
0.7059 0.4890 -0.1957 -0.4735 0.8900 11.3000 3.3100 -78.6250 -120.7500 80.6875
0.7574 0.3846 -0.2492 -0.4651 6.9500 17.4600 9.0800 -115.4375 -174.0000 369.3750
0.8506 0.2073 -0.3781 -0.3010 5.0400 11.9100 5.4000 -91.2500 -116.5625 731.2500
0.8726 -0.0967 -0.4627 0.1229 -4.5800 -2.8600 4.2600 56.9375 94.6875 473.2500
0.8192 -0.2122 -0.3595 0.3934 -0.4500 -3.1400 4.8300 103.1250 122.1250 159.1875
0.8079 -0.2310 -0.2516 0.4803 -0.7800 -2.7100 7.4200 -0.5000 -7.4375 39.7500
0.7935 -0.2371 -0.2422 0.5055 0.5500 -1.3100 11.1500 -54.4375 -50.8125 -18.3125
0.7763 -0.2478 -0.3131 0.4877 6.3600 2.1300 21.5600 -847.0625 21.0625 -73.6250
0.6255 -0.5582 -0.4944 0.2299 12.4500 4.3300 -23.6500 -399.8750 -68.1875 150.9375
0.3892 -0.7487 -0.5278 0.0977 4.6200 -1.1800 -13.8000 27.3750 27.5625 -7.0625
0.3984 -0.7502 -0.5195 0.0929 3.5200 -0.8400 -12.6700 110.3125 35.1875 -24.6875
0.4701 -0.7101 -0.5126 0.1093 3.0600 -2.9600 -7.5300 232.6875 13.4375 -84.2500
0.6080 -0.5885 -0.5105 0.1532 6.7700 -3.0600 -5.1800 454.8750 -38.3125 -66.1250
0.7532 -0.3679 -0.4689 0.2783 6.2400 -4.8300 5.3100 382.6250 12.2500 9.8750
0.8176 -0.1818 -0.3761 0.3962 3.8500 -3.6800 9.4800 157.3750 8.0000 45.7500
0.8232 -0.1249 -0.3270 0.4470 5.1300 -1.5400 11.2900 -18.7500 29.1875 35.3750
0.8203 -0.1467 -0.3140 0.4549 4.2100 -4.4900 9.2300 -57.0000 -14.3125 12.3125
0.8079 -0.1758 -0.3344 0.4523 3.5300 -1.6200 12.2700 -90.6250 -9.9375 -19.5000
0.7911 -0.2267 -0.3745 0.4274 1.7300 -5.7700 13.6300 -418.0000 -43.8125 4.3125
0.6857 -0.4165 -0.5073 0.3148 8.0900 2.3000 3.0800 -797.8750 -100.3750 69.1875
0.3669 -0.7174 -0.5891 0.0601 3.9900 3.4500 -10.4400 -208.1250 50.5625 39.5625
0.2988 -0.7715 -0.5605 -0.0339 8.3200 4.0600 -11.8200 7.1250 31.7500 1.3750
0.3132 -0.7719 -0.5508 -0.0526 6.8100 1.1100 -9.3500 110.5000 -1.1875 17.0000
0.3785 -0.7505 -0.5416 -0.0139 3.2900 0.6200 -10.5700 366.7500 109.8125 -105.0000
0.5983 -0.5857 -0.5446 0.0482 6.2700 -4.8800 -7.2700 457.0625 73.3750 -58.8750
0.7750 -0.3643 -0.4891 0.1653 -0.4900 -3.7800 6.0400 440.6250 241.0000 -148.3750
0.9401 -0.0890 -0.2987 0.1380 -2.0800 0.0600 10.2600 189.2500 147.3125 -563.3125
0.9507 0.1025 -0.2079 -0.2058 1.7600 7.0200 11.9800 -52.2500 107.3750 -527.8750
0.8323 0.1705 -0.0690 -0.5229 -4.0100 -0.2400 8.8800 -14.3750 -1.5625 -55.8750
0.8125 0.1668 -0.0500 -0.5563 -2.6500 0.7700 9.4600 -60.6250 3.4375 -53.8125
0.7983 0.1180 -0.0195 -0.5903 -2.6800 -22.8100 6.8900 -182.6250 123.1250 -55.6875
0.7335 -0.0875 0.1462 -0.6580 35.7000 20.0200 -37.1800 196.5625 256.8125 213.8125
;
0.9078 0.4174 0.0418 0.0060 0.1800 8.2300 6.2200 -4.8750 1.0625 21.1250
0.9095 0.4139 0.0339 0.0192 -1.1500 9.7600 7.5300 -15.1250 -41.1875 76.1875
0.9114 0.4075 -0.0088 0.0563 0.0100 10.9100 11.5400 -60.0000 -79.1875 108.9375
0.9183 0.3732 -0.0859 0.0998 4.5300 9.1500 6.9800 -30.6875 -175.0000 221.3750
0.8601 0.3652 -0.2800 0.2202 18.1800 16.5500 11.4300 412.8750 185.3125 622.3750
0.5930 0.4066 -0.3382 0.6072 0.7200 -2.4300 4.8700 -13.5000 79.5625 405.5000
0.4377 0.2573 -0.3906 0.7679 2.4000 -3.9400 6.0400 12.8125 128.8750 115.6875
0.4039 0.1633 -0.3735 0.8190 1.2200 -2.0800 7.2100 -47.0625 76.2500 -2.5000
0.4209 0.1120 -0.3771 0.8174 2.2400 -4.2100 7.0800 11.5625 -32.8125 -17.6250
0.4245 0.1303 -0.3875 0.8079 4.9000 -5.7000 8.6600 -8.0625 -6.5625 -44.2500
0.4412 0.1361 -0.4104 0.7864 9.4900 1.8600 21.2900 -816.5000 -64.0000 -17.1250
0.4594 -0.0356 -0.7285 0.5069 0.0000 0.0000 0.0000 0.0000 0.0000 0.0000
0.4227 -0.1783 -0.8490 0.2623 3.2300 -0.4100 -8.3900 -157.3750 -6.1250 92.1250
0.3883 -0.2848 -0.8544 0.1951 5.4500 -0.0800 -8.6200 52.3750 17.3750 16.0625
0.4077 -0.2787 -0.8393 0.2274 4.0200 -1.1500 -8.9000 212.7500 63.3125 -45.5625
0.4849 -0.1837 -0.7874 0.3334 8.6500 -2.1500 -10.6200 687.8125 -36.2500 -42.7500
0.5356 0.0583 -0.5780 0.6130 5.9600 -2.0900 11.3800 316.4375 31.3125 20.1875
0.5215 0.1405 -0.4178 0.7305 5.3100 -2.1400 6.6700 46.1250 24.8750 56.7500
0.4824 0.1387 -0.4063 0.7635 3.2100 -1.2000 8.4200 -43.3750 -30.5625 117.0625
0.4246 0.1136 -0.4487 0.7781 7.8800 -5.1400 8.9300 -63.9375 -4.2500 41.4375
0.4033 0.0867 -0.4874 0.7696 6.8600 -10.3800 7.5000 -12.0625 25.1250 0.7500
0.4116 0.0682 -0.4849 0.7687 3.1400 -6.3000 9.0300 43.0625 39.0000 -21.1875
0.4241 0.0613 -0.4574 0.7792 2.3300 -5.9500 12.7600 -24.8750 -70.6250 101.0000
0.0000 0.0000 0.0000 0.0000 0.0000 0.0000 0.0000 0.0000 0.0000 0.0000
0.3297 -0.2343 -0.8363 0.3701 4.6700 -2.2600 -10.6500 -140.6250 108.6250 -33.8750
0.3430 -0.2811 -0.8616 0.2470 8.0000 1.4300 -10.1300 -65.3750 -0.5625 -25.0625
0.3406 -0.2791 -0.8761 0.1962 5.0100 0.4500 -10.1000 95.8125 6.1250 -52.8750
0.3734 -0.2247 -0.8669 0.2419 8.0600 -0.8500 -11.4500 274.0625 53.5625 -100.4375
0.4556 -0.1136 -0.8014 0.3705 8.8700 -4.5600 -4.7100 397.9375 38.5625 46.2500
0.4845 0.0028 -0.6475 0.5883 14.7800 3.9700 18.4600 456.5625 186.4375 51.8750
0.4715 0.1467 -0.3480 0.7969 -13.7300 0.1500 27.5700 71.5625 -149.3125 -477.6875
0.7289 0.2818 -0.2051 0.5894 3.8500 14.9000 12.2700 -170.8125 160.9375 -895.6250
0.9725 0.2188 0.0270 0.0756 -4.4500 1.4700 8.8800 -75.6875 -32.5000 -29.2500
0.9857 0.1606 0.0456 0.0225 -3.2400 0.0900 9.4800 -57.1250 21.1250 -30.5625
0.9902 0.1189 0.0733 0.0023 -3.3100 -4.4500 11.1300 -124.0000 21.0000 8.9375
0.9961 -0.0707 0.0477 0.0222 13.0300 39.7300 -22.4200 -835.7500 -341.0000 440.1250
0.8713 -0.4877 0.0537 -0.0099 -12.8400 -5.7100 24.2300 28.0625 74.5625 -40.6250
0.8864 -0.4532 0.0918 -0.0206 -5.0600 -4.7500 17.4800 23.3125 -70.4375 -2.8750
0.8990 -0.4316 0.0747 0.0021 1.0000 -4.8000 4.5100 172.1875 -74.8750 9.1250
0.9518 -0.3044 0.0221 0.0283 -3.4900 -3.1200 6.3400 348.0625 -225.6875 31.1250
0.9866 -0.0757 -0.1019 0.1028 5.8500 0.3100 4.7900 405.8750 -195.1875 190.2500
0.9323 0.1757 -0.1677 0.2682 5.4000 5.3500 13.5500 212.9375 -163.6250 321.0000
;
