0.9031 0.3533 -0.2440 -0.0001 4.2900 6.1900 6.1200 0.1250 0.1250 -0.1875
0.9031 0.3533 -0.2440 -0.0001 4.2400 6.2000 6.1300 0.6250 0.5000 -0.1875
0.9032 0.3533 -0.2438 0.0001 4.1400 6.4400 6.3100 -0.6875 -9.4375 10.5000
0.9020 0.3519 -0.2501 0.0041 4.0300 6.8800 6.4900 9.8750 -41.8125 37.1250
0.8898 0.3582 -0.2820 0.0189 6.6600 7.6000 6.4400 78.5625 -71.8125 81.6875
0.8591 0.3726 -0.3461 0.0580 5.8800 6.6600 5.4700 -47.7500 -76.1875 106.7500
0.8493 0.3185 -0.4114 0.0891 9.4400 6.1800 4.6100 -27.2500 -51.5625 147.1875
0.8247 0.2695 -0.4703 0.1614 15.7400 3.2700 4.5800 27.1250 -21.4375 285.0000
0.7646 0.1990 -0.5227 0.3203 10.6300 0.4200 3.7900 43.9375 39.5625 285.5000
0.6929 0.1113 -0.5194 0.4876 7.2500 1.8200 5.6700 -6.1875 104.3125 355.1875
0.6084 -0.0073 -0.4929 0.6219 5.7500 -4.8100 3.2900 49.2500 175.8750 -2.6250
0.6627 -0.0581 -0.3917 0.6356 2.3700 -6.2700 5.4400 98.1875 116.6875 16.0000
0.6768 -0.0664 -0.3136 0.6628 3.1800 -3.6400 7.2900 45.0000 4.7500 39.1875
0.6589 -0.0564 -0.2927 0.6906 4.4900 -3.0700 8.0700 32.0625 22.3125 19.1875
0.6559 -0.0563 -0.2679 0.7034 1.3400 0.2300 8.6500 -3.5625 19.8125 -18.6250
0.6690 -0.0654 -0.2657 0.6910 2.0900 1.9400 10.1000 -79.8125 9.6875 -95.3125
0.7098 -0.0871 -0.3021 0.6303 4.8900 0.4800 10.9400 -104.6875 3.5625 -145.2500
0.7540 -0.1114 -0.3633 0.5358 6.0400 -7.9900 11.0900 -227.9375 -30.5625 -201.7500
0.7615 -0.2336 -0.5070 0.3294 16.4000 -2.2800 -9.3400 -704.6250 78.3750 -58.5625
0.6208 -0.5313 -0.5758 0.0291 5.9100 -3.1500 -9.8300 -222.5625 -32.5625 52.4375
0.5270 -0.6684 -0.5230 -0.0439 2.4000 -3.3000 -5.1300 -25.9375 43.2500 65.9375
0.5205 -0.7017 -0.4847 -0.0417 7.5900 -4.5400 -8.1500 30.5000 17.3750 24.5000
0.5383 -0.6976 -0.4720 -0.0278 5.1700 -4.6700 -4.7700 69.6875 -17.4375 -12.0625
0.5665 -0.6644 -0.4875 -0.0012 5.9900 -2.5800 -6.3900 166.6875 -92.7500 -89.8125
0.6314 -0.5372 -0.5527 0.0851 13.9300 -5.3700 -8.2100 479.1250 85.8750 -38.7500
0.8010 -0.2928 -0.4761 0.2143 1.0800 -1.1300 4.6600 418.0000 355.1250 -391.8125
0.9771 0.0044 -0.2130 -0.0078 -1.9500 6.3400 20.0300 -77.5625 483.5625 -641.2500
0.9305 0.0668 0.0558 -0.3558 -5.5200 -3.3100 10.3800 40.6250 39.1875 -55.2500
0.9044 0.1154 0.0765 -0.4036 -5.8200 -2.3900 9.0600 51.9375 36.6875 -49.0000
0.8864 0.1586 0.0780 -0.4278 -3.2200 -0.9000 9.6700 29.1875 -18.2500 -14.3125
0.8801 0.1705 0.0626 -0.4387 -4.4900 -3.5700 9.1800 20.6250 -8.3750 -20.0000
0.8740 0.1776 0.0470 -0.4500 -12.8000 -4.5300 27.5400 -730.5000 -251.5000 -133.5625
0.8121 -0.2321 0.1915 -0.5000 -10.5800 -4.7400 -10.0800 35.2500 -86.8125 -97.3750
0.7848 -0.2856 0.1883 -0.5168 7.0200 1.9500 15.7900 76.5000 91.8125 10.8125
0.7875 -0.2383 0.1902 -0.5356 0.7200 -2.0500 14.5800 -5.0000 7.2500 18.3750
0.7934 -0.2302 0.1956 -0.5284 -0.0100 -2.8500 8.9600 149.1875 34.8750 2.7500
0.8153 -0.1129 0.1454 -0.5490 3.4300 5.2600 8.9500 474.3125 -138.5000 179.0000
0.8806 0.1430 -0.0354 -0.4505 -11.7600 3.3500 14.6900 40.0000 36.6875 56.0625
0.8929 0.2198 -0.0108 -0.3929 -9.0400 -0.7500 10.1500 -83.2500 86.3750 -43.4375
0.8939 0.1923 0.0809 -0.3969 -7.1400 -2.8700 7.2700 -45.8750 58.5000 -4.2500
0.8973 0.1771 0.1295 -0.3831 -5.4000 -1.2800 8.3700 -11.8125 23.0000 16.1250
0.9000 0.1753 0.1472 -0.3710 -5.0400 1.3600 9.3500 -18.6250 17.7500 17.0000
0.9016 0.1723 0.1570 -0.3644 -6.7900 -0.4900 9.1000 -4.1875 -11.8125 -24.1875
0.8979 0.1649 0.1514 -0.3790 -8.5400 -6.9100 7.3800 62.6250 -63.0000 -35.2500
0.8644 0.1904 0.0942 -0.4557 -15.1000 -4.9700 15.1900 -298.6875 -147.7500 -144.0000
0.8200 -0.0534 0.1796 -0.5408 9.3100 8.0400 -17.3300 99.8125 55.3750 -90.5000
0.7764 -0.1646 0.2134 -0.5697 4.3500 4.4600 14.7600 72.8750 -39.9375 -38.2500
0.7854 -0.1676 0.1395 -0.5793 4.3300 0.6000 8.3800 117.9375 -65.0625 79.4375
0.8328 -0.1041 0.0674 -0.5395 1.8400 4.0500 6.0900 272.0625 -5.4375 106.4375
;
