0.9423 0.3143 -0.1133 -0.0226 2.2900 5.9900 7.8400 62.3125 -47.6250 -12.5625
0.9287 0.3447 -0.1265 -0.0511 11.1800 11.4700 9.0900 37.3750 -96.3125 50.9375
0.9103 0.3574 -0.2048 -0.0406 5.0700 9.2300 5.9000 96.8125 -121.6250 123.3750
0.8665 0.3914 -0.3090 0.0232 5.5300 10.0600 6.1400 37.5000 -28.0000 154.7500
0.8409 0.3789 -0.3698 0.1121 5.7700 6.5100 4.0500 -34.8750 -28.0625 204.6250
0.8157 0.3007 -0.4414 0.2222 8.4900 2.8600 3.6000 -61.1875 20.8125 251.8750
0.7813 0.1897 -0.4890 0.3384 4.6600 -0.4800 3.7300 -58.6250 14.4375 224.5000
0.7357 0.0763 -0.5217 0.4252 4.3700 -3.8800 2.6600 -71.6250 11.7500 128.5625
0.7017 -0.0154 -0.5408 0.4637 4.8400 -3.1000 5.5100 -94.3125 45.4375 120.3125
0.6687 -0.1175 -0.5455 0.4913 3.6600 -6.6300 3.0100 -48.3125 15.4375 96.8750
0.6446 -0.1823 -0.5354 0.5144 4.0700 -7.7200 3.7400 -22.7500 35.8125 49.8125
0.6432 -0.2213 -0.5121 0.5245 3.7200 -9.5600 3.7600 18.2500 84.4375 -0.4375
0.6693 -0.2443 -0.4720 0.5192 3.6400 -7.7500 4.8400 -10.6875 39.0625 -11.8125
0.6846 -0.2617 -0.4573 0.5038 5.1600 -7.6300 6.7300 -14.4375 33.2500 -25.8750
0.7035 -0.2693 -0.4489 0.4807 2.5800 -6.7800 8.5400 8.0000 33.7500 -60.2500
0.7262 -0.2651 -0.4633 0.4332 2.0700 0.2900 18.0600 -465.6875 -104.3125 -150.6875
0.6238 -0.3905 -0.6388 0.2242 8.4100 -2.5300 -12.5800 -355.3750 68.5625 -52.2500
0.4988 -0.5277 -0.6874 0.0123 8.6500 -0.7200 -10.0800 -212.9375 17.8750 35.3125
0.4369 -0.6008 -0.6655 -0.0728 7.7200 0.1100 -8.6200 -38.7500 18.1875 27.8125
0.4306 -0.6208 -0.6484 -0.0942 7.1100 -2.4000 -8.9800 50.7500 18.9375 2.1250
0.4642 -0.6035 -0.6437 -0.0772 6.4900 -3.4800 -7.0900 159.2500 8.6875 -22.8125
0.5203 -0.5483 -0.6544 -0.0195 8.2600 -4.0700 -5.5900 158.5000 -22.6250 5.1875
0.5688 -0.4899 -0.6576 0.0634 9.7800 -4.5200 -4.1500 225.3125 3.3125 50.3750
0.6312 -0.4149 -0.6297 0.1813 6.4000 -4.1300 1.1700 73.6250 -23.6875 52.5625
0.6688 -0.4668 -0.5550 0.1638 4.7000 -5.6400 -0.1900 69.0625 -9.0625 28.0625
0.6870 -0.4348 -0.5417 0.2137 5.3700 -5.5900 6.9100 -1.4375 16.5625 -10.1250
0.6979 -0.4248 -0.5351 0.2150 5.5900 -8.3200 5.5400 -28.2500 -25.0000 -4.5625
0.6971 -0.4346 -0.5317 0.2061 8.0100 -9.1700 2.6500 137.4375 86.3125 82.8125
0.7494 -0.4284 -0.4442 0.2399 -5.2800 -5.6000 8.0700 -5.8750 325.1250 -46.8125
0.8032 -0.4724 -0.3320 0.1466 10.0500 -13.4200 -5.1400 -52.1875 -16.8750 -60.3125
0.7889 -0.4835 -0.3621 0.1133 4.5100 -7.2300 2.0100 15.5625 46.1875 6.0000
0.7967 -0.4847 -0.3448 0.1071 4.3300 -8.4500 2.3300 -4.3125 -20.6250 -24.0625
0.7927 -0.4816 -0.3602 0.0991 6.9600 -8.6200 3.0500 11.7500 15.1250 -5.4375
0.7993 -0.4736 -0.3571 0.0964 4.2500 -10.4900 1.3200 79.5000 -140.9375 -6.3750
0.7940 -0.4274 -0.4085 0.1414 5.5600 -9.2300 -0.1300 115.6875 -79.0000 -78.3125
0.8226 -0.3210 -0.4477 0.1410 5.4700 -5.6600 2.4500 159.7500 33.0000 -155.6250
0.8764 -0.1824 -0.4352 0.0963 5.9900 -1.6200 3.6400 170.3125 61.1250 -127.3750
0.9165 -0.0228 -0.3951 0.0580 4.0600 0.8400 5.0900 172.1250 75.1875 -129.8750
0.9343 0.1143 -0.3372 0.0179 1.9400 3.5700 5.7100 159.1875 129.0000 -212.9375
0.9353 0.2506 -0.2441 -0.0536 0.7600 5.7400 7.3600 93.3125 77.5625 -127.3750
0.9201 0.3415 -0.1606 -0.1048 -2.0800 8.8100 7.6100 84.8125 105.1250 -139.5000
0.8900 0.4235 -0.0659 -0.1553 -2.6500 10.9000 6.9300 64.4375 91.6875 -100.7500
0.8754 0.4421 0.0179 -0.1946 -5.0700 7.9900 7.3200 -95.0000 -48.7500 -68.7500
0.9151 0.3384 0.0383 -0.2159 0.0000 0.0000 0.0000 0.0000 0.0000 0.0000
0.0000 0.0000 0.0000 0.0000 0.0000 0.0000 0.0000 0.0000 0.0000 0.0000
0.9410 0.2103 -0.0034 -0.2650 -1.6000 4.9600 10.5100 11.1250 -5.4375 4.5625
0.9398 0.2190 0.0005 -0.2622 -0.9600 3.9400 8.8600 0.0000 0.0000 0.0000
0.0000 0.0000 0.0000 0.0000 0.0000 0.0000 0.0000 0.0000 0.0000 0.0000
;
0.0000 0.0000 0.0000 0.0000 -0.9600 4.1800 8.8600 2.3125 0.9375 -0.6250
0.9371 0.2307 -0.0082 -0.2617 -0.9200 4.1900 8.8400 3.0000 -0.4375 0.3750
0.9364 0.2322 -0.0099 -0.2630 -0.9100 4.2100 8.8400 2.8125 2.3750 -0.6250
0.9359 0.2339 -0.0101 -0.2634 -0.9100 4.2900 8.8400 3.5000 3.0000 -1.7500
0.9349 0.2360 -0.0093 -0.2648 -1.0100 4.2300 8.6200 7.6875 2.2500 -8.2500
0.9323 0.2405 -0.0105 -0.2698 0.0000 0.0000 0.0000 0.0000 0.0000 0.0000
0.0000 0.0000 0.0000 0.0000 0.0000 0.0000 0.0000 0.0000 0.0000 0.0000
0.9281 0.2559 -0.0503 -0.2658 -0.3600 6.4700 9.7800 15.8125 -81.4375 100.9375
0.9357 0.2446 -0.1151 -0.2267 1.4000 6.4100 10.3200 -15.6250 -166.6875 102.3750
0.9315 0.2106 -0.2311 -0.1859 5.7400 5.8700 6.6400 0.0000 0.0000 0.0000
0.9177 0.1942 -0.3309 -0.1027 5.7000 5.5800 6.2100 -68.8750 -122.6250 193.3125
0.9059 0.0929 -0.4130 -0.0097 6.5600 1.8300 4.7600 -64.1875 -52.3125 231.3750
0.8854 -0.0082 -0.4537 0.1008 4.5800 -1.3300 3.9000 -45.2500 6.8750 142.5625
0.8714 -0.0874 -0.4469 0.1826 5.0000 -2.3700 5.6100 -9.0625 3.8125 114.7500
0.8610 -0.1329 -0.4272 0.2418 6.5800 -4.8400 4.1300 0.7500 104.3125 65.8750
0.8740 -0.1671 -0.3688 0.2689 2.2200 -2.8100 8.4500 -50.9375 10.6250 34.8750
0.8705 -0.2123 -0.3514 0.2714 1.8900 -0.1400 11.2300 -108.6875 1.3750 36.3125
0.8450 -0.2842 -0.3680 0.2642 1.7900 -3.5900 9.5800 -163.0625 -94.0000 8.7500
0.7670 -0.3820 -0.4619 0.2289 0.2400 -1.9900 7.6300 -622.1875 -185.5000 -81.8750
0.5132 -0.6187 -0.5947 0.0103 10.7600 -1.7800 -16.8300 -184.9375 5.6875 18.1250
0.4549 -0.6758 -0.5753 -0.0732 5.3600 -0.7100 -8.2800 -12.0000 -7.2500 2.6875
0.4608 -0.6769 -0.5684 -0.0800 6.2700 -3.8400 -8.2900 65.2500 39.8125 -8.4375
0.4961 -0.6578 -0.5616 -0.0762 6.2700 -4.3600 -3.6800 20.5625 -1.2500 -8.6875
0.5054 -0.6472 -0.5662 -0.0715 6.5000 -4.5800 -5.7100 52.9375 1.4375 -29.3125
0.5298 -0.6150 -0.5809 -0.0596 9.1100 -4.2300 -7.7400 202.5625 53.6875 -7.3125
0.6234 -0.5381 -0.5672 -0.0079 6.9400 -4.3200 -3.6700 276.4375 13.5625 31.3125
0.7280 -0.4238 -0.5270 0.1129 3.7000 -7.0400 0.6000 205.1250 43.0625 51.1250
0.7926 -0.3495 -0.4622 0.1898 3.6700 -3.5600 8.7400 104.6250 10.1250 63.5625
0.8212 -0.3223 -0.4108 0.2305 4.5300 -4.1400 11.1800 -29.7500 42.3750 67.6250
0.8177 -0.3610 -0.3771 0.2425 1.7600 -6.4600 8.1900 -24.4375 81.3125 7.0625
0.8360 -0.3920 -0.3214 0.2102 -7.0200 -2.1100 6.8500 -100.5625 15.6250 -81.6875
0.8292 -0.4342 -0.3239 0.1379 16.3900 -17.9100 -6.0100 -39.8125 4.0625 -50.6250
0.8091 -0.4564 -0.3537 0.1088 4.0900 -10.3000 4.8400 23.4375 33.3125 23.7500
0.8179 -0.4520 -0.3356 0.1187 4.6500 -7.3800 5.5800 11.3125 -11.5625 -14.3125
0.8212 -0.4438 -0.3401 0.1140 5.8300 -7.8600 3.9800 9.0000 6.3125 12.9375
0.8243 -0.4414 -0.3344 0.1176 3.6700 -8.4400 3.3000 17.9375 -72.1250 -7.9375
0.8124 -0.4186 -0.3834 0.1334 7.5400 -8.5000 0.2600 68.2500 -19.6250 -82.4375
0.8301 -0.3562 -0.4155 0.1063 5.9600 -5.9500 0.1300 151.0625 45.0625 -133.1250
0.8857 -0.2211 -0.4033 0.0637 5.5000 -2.4100 5.0200 180.8125 51.3125 -109.3125
0.9226 -0.0818 -0.3752 0.0359 5.6000 -0.9600 3.6600 195.4375 64.9375 -116.6875
0.9396 0.0663 -0.3356 0.0093 4.4500 2.3000 6.6300 165.5625 50.0625 -108.8125
0.9360 0.1945 -0.2928 -0.0178 3.5700 4.0300 6.4300 144.6250 45.4375 -102.6875
0.9161 0.3176 -0.2397 -0.0479 2.2700 8.0900 7.1600 86.0000 41.0625 -62.3750
0.8999 0.3816 -0.2024 -0.0599 -1.4300 7.3300 5.7100 47.1250 69.6875 -100.5625
0.0000 0.0000 0.0000 0.0000 0.0000 0.0000 0.0000 -33.5000 49.0000 -129.8750
0.0000 0.0000 0.0000 0.0000 0.0000 0.0000 0.0000 20.5000 44.6250 -80.3750
0.8889 0.4204 0.0005 -0.1818 -8.2200 10.1300 11.2400 -120.1250 -101.1875 -4.1250
0.9154 0.3559 0.0179 -0.1873 -1.4000 6.2900 7.4200 5.5000 -2.8750 -0.1875
0.9153 0.3544 0.0177 -0.1903 -1.3900 6.1600 7.2500 -4.3750 -0.2500 6.1875
0.9167 0.3525 0.0159 -0.1872 -1.3300 6.0300 7.5300 -1.1875 -0.3750 1.0000
;
0.9177 0.3506 0.0146 -0.1862 -1.2400 6.0600 7.4400 -0.8125 2.6250 -0.4375
0.9182 0.3497 0.0148 -0.1856 -1.4100 5.9800 7.5000 0.0000 0.0000 0.0000
0.0000 0.0000 0.0000 0.0000 -1.2900 -0.0100 -0.0100 2.7500 0.6875 0.3125
0.0000 0.0000 0.0000 0.0000 -1.4400 6.1700 7.5000 3.2500 -3.1250 -0.4375
0.9190 0.3514 0.0171 -0.1777 -1.3100 6.0200 7.2300 3.3125 -8.4375 0.9375
0.0000 0.0000 0.0000 0.0000 0.0000 0.0000 0.0000 0.0000 0.0000 0.0000
0.0000 0.0000 0.0000 0.0000 0.0000 0.0000 0.0000 0.0000 0.0000 0.0000
0.0000 0.0000 0.0000 0.0000 0.0000 0.0000 0.0000 0.0000 0.0000 0.0000
0.9090 0.3544 -0.1269 -0.1788 1.5800 8.0800 6.1200 -46.1875 -157.4375 94.6250
0.9118 0.2953 -0.2386 -0.1563 2.7600 7.5400 8.8100 0.0000 0.0000 0.0000
0.9206 0.2064 -0.3085 -0.1213 4.8000 4.7900 6.8500 -93.3750 -60.7500 85.3125
0.9249 0.1237 -0.3466 -0.0955 7.4400 2.3800 5.0100 -81.8750 -27.3125 106.5000
0.9260 0.0421 -0.3715 -0.0525 6.8700 -0.3100 5.6600 -58.4375 -6.1875 113.9375
0.9253 -0.0297 -0.3779 0.0095 5.5700 -1.1200 5.0100 -17.6250 -23.5625 110.6250
0.9166 -0.0707 -0.3862 0.0753 6.9000 -1.6200 6.2000 -10.0625 5.3750 140.9375
0.9026 -0.1043 -0.3851 0.1615 5.9200 -3.9300 6.2600 -0.6250 -4.0000 115.5000
0.8878 -0.1324 -0.3764 0.2293 4.4200 -3.0200 8.9800 -42.1250 11.1250 113.3750
0.8718 -0.1846 -0.3581 0.2786 3.0900 -3.7400 8.0400 -80.9375 4.3750 48.3125
0.8538 -0.2466 -0.3571 0.2877 3.7800 -5.9200 6.4100 -75.6250 -19.2500 28.2500
0.8290 -0.3013 -0.3726 0.2883 2.4300 -3.9200 8.4700 -66.8750 10.2500 -3.5625
0.8083 -0.3419 -0.3907 0.2778 -1.3800 -7.5800 13.9400 -341.0625 -135.5000 -85.9375
0.6537 -0.5154 -0.5443 0.1045 7.4200 1.5500 -14.5300 -507.6250 -118.1250 -48.0000
0.4671 -0.6721 -0.5696 -0.0748 3.6500 -2.1300 -17.8700 11.8750 45.6875 -16.3750
0.4881 -0.6767 -0.5411 -0.1052 6.5500 -3.0800 -9.4000 84.5000 24.4375 1.7500
0.5336 -0.6480 -0.5361 -0.0887 6.4400 -4.6500 -2.7500 55.3750 0.9375 0.6250
0.5620 -0.6241 -0.5381 -0.0701 7.2600 -5.5300 -3.2000 82.4375 -6.3125 -14.1250
0.5941 -0.5911 -0.5443 -0.0382 8.4900 -4.9500 -5.7400 196.5625 49.6875 31.0625
0.6792 -0.5245 -0.5131 0.0165 5.0400 -5.9200 -3.8400 305.1250 85.3750 -15.7500
0.8102 -0.3663 -0.4485 0.0906 1.8000 -2.0600 9.0400 138.2500 80.8750 38.9375
0.8504 -0.3088 -0.3990 0.1490 3.4600 -4.1700 6.4800 8.5000 -45.8750 62.6250
0.8391 -0.3143 -0.4014 0.1895 4.7000 -3.2000 9.6900 -41.5625 -3.4375 59.1875
0.8211 -0.3512 -0.3979 0.2100 3.9100 -4.6800 5.9000 -101.3125 -21.4375 75.5000
0.7794 -0.4159 -0.4152 0.2172 4.5200 -4.3800 1.6800 -138.6875 112.8125 -10.4375
0.7595 -0.4978 -0.3970 0.1332 12.1700 -17.6700 -5.4500 -56.4375 61.7500 -55.8750
0.7522 -0.5180 -0.4005 0.0743 4.3900 -10.3700 3.1000 18.1250 65.7500 -13.2500
0.7740 -0.5060 -0.3776 0.0481 0.0000 0.0000 0.0000 -0.1875 2.5625 -19.5000
0.7742 -0.5023 -0.3834 0.0368 7.1600 -8.1400 0.8900 23.8750 13.8750 14.1875
0.7854 -0.4934 -0.3709 0.0466 6.0700 -9.4300 1.5700 56.0625 -28.0000 35.2500
0.7943 -0.4728 -0.3726 0.0823 4.0400 -8.3500 2.4900 36.4375 -76.6875 -38.4375
0.7834 -0.4270 -0.4384 0.1080 5.6000 -7.6600 -0.4000 78.1250 13.6250 -118.6250
0.8127 -0.3511 -0.4597 0.0708 7.3500 -6.1300 0.3700 136.9375 61.5000 -84.6250
0.8609 -0.2516 -0.4391 0.0520 5.2600 -3.4300 3.6000 158.1250 36.9375 -86.6875
0.8970 -0.1345 -0.4188 0.0434 3.9000 -2.0600 3.8600 192.6875 50.8125 -137.5625
0.9234 0.0327 -0.3823 0.0104 4.9100 2.1700 5.4500 195.7500 49.5625 -118.3125
0.9224 0.1797 -0.3416 -0.0128 3.2600 6.0900 7.2400 134.6250 46.5000 -99.7500
0.9088 0.2866 -0.3008 -0.0400 2.4200 7.7000 6.4300 93.1875 64.0625 -151.7500
0.8936 0.3714 -0.2296 -0.1042 2.4400 10.5500 8.4000 -33.1250 44.7500 -99.3750
0.0000 0.0000 0.0000 0.0000 2.4200 6.0200 2.5400 0.5000 50.2500 -130.6875
0.8852 0.4014 -0.0872 -0.2184 3.9600 14.1000 14.3700 -68.4375 37.2500 9.4375
0.8993 0.3772 -0.0429 -0.2172 -0.9400 6.5300 7.3100 -1.3125 -24.0625 -3.6250
0.8981 0.3747 -0.0559 -0.2233 -0.8900 6.7500 6.4000 60.4375 -26.0000 8.3125
0.0000 0.0000 0.0000 0.0000 -0.4600 6.5400 6.6700 -1.3125 -10.4375 5.8125
;
