0.8630 0.3868 -0.3250 -0.0036 5.3900 6.6400 4.8000 -0.7500 0.6875 -1.1250
0.8632 0.3867 -0.3246 -0.0040 5.5300 6.4800 4.7500 0.8125 -0.0625 -0.0625
0.8630 0.3868 -0.3249 -0.0040 5.3700 6.5400 4.7900 -1.1875 -0.1250 -0.3125
0.8632 0.3865 -0.3247 -0.0042 5.4500 6.6400 4.8400 -1.6250 -0.9375 5.5625
0.8648 0.3818 -0.3261 -0.0027 4.7700 6.6300 5.1800 -26.6875 -2.3750 -0.3125
0.8721 0.3555 -0.3360 -0.0164 6.7000 7.4800 5.6700 -93.1875 -56.8125 8.4375
0.8757 0.2891 -0.3837 -0.0475 8.9000 7.4900 6.8400 -152.3125 -132.6875 72.1875
0.8683 0.1814 -0.4573 -0.0627 10.5000 6.1000 6.5000 -80.1875 -138.6250 171.8125
0.8339 0.0562 -0.5486 0.0197 10.7800 2.0300 0.9600 38.0625 -87.5000 401.8750
0.7629 -0.0639 -0.5974 0.2388 4.0700 -3.7400 1.7500 108.1875 -21.6250 285.1250
0.7061 -0.1097 -0.5711 0.4041 5.8000 -3.2000 7.8800 107.1250 80.5625 96.0000
0.7269 -0.1110 -0.4900 0.4681 5.1900 -5.6400 5.2600 51.0000 93.2500 -3.7500
0.7594 -0.1159 -0.4275 0.4766 4.5200 -2.8900 7.0900 18.6250 104.1250 -11.4375
0.7907 -0.1333 -0.3698 0.4694 1.3300 -0.1100 9.7500 -21.7500 35.2500 -50.5000
0.8193 -0.1467 -0.3555 0.4253 1.8900 -0.2400 11.4700 -71.7500 -36.7500 -89.0625
0.8053 -0.1811 -0.4417 0.3516 10.2600 5.6200 19.1400 -1059.3750 165.0625 -194.7500
0.5171 -0.6541 -0.5486 -0.0616 2.7400 -10.3300 -38.9100 -118.4375 119.4375 145.2500
0.4111 -0.7795 -0.4503 -0.1432 6.7700 2.9600 -15.5500 -59.5000 72.0625 14.4375
0.4004 -0.7926 -0.4172 -0.1935 6.3800 1.1300 -7.6200 -28.0625 30.0625 -32.0625
0.4024 -0.7842 -0.4162 -0.2232 7.4300 -0.7700 -5.6100 69.8750 -7.7500 -27.6250
0.4376 -0.7554 -0.4410 -0.2081 8.9000 -2.3500 -7.9900 123.9375 -61.1875 -26.8750
0.4875 -0.7113 -0.4846 -0.1470 6.5900 -3.4800 -6.7000 286.8125 31.4375 -72.2500
0.6045 -0.5917 -0.5261 -0.0876 14.5400 -6.3300 -2.8800 163.1250 127.1875 -10.6875
0.7173 -0.4948 -0.4848 -0.0753 18.0900 -4.8600 5.6400 30.8750 135.1250 165.3125
0.7938 -0.5049 -0.3374 -0.0340 4.1300 -3.6200 0.9600 -4.0625 306.0625 198.2500
0.8363 -0.5348 -0.1139 -0.0402 -1.8000 -5.2400 0.9300 -68.1250 309.5000 114.3750
0.8148 -0.5635 0.0989 -0.0936 -1.1100 -7.0100 0.7900 -107.5000 270.5625 66.9375
0.7308 -0.5939 0.2954 -0.1611 -7.9700 -8.9600 -3.5600 -100.1875 138.0625 36.1875
0.6708 -0.6146 0.3762 -0.1756 -5.9300 -11.2400 -10.1300 54.4375 7.8125 -26.3750
0.6910 -0.5905 0.3622 -0.2068 -2.5300 -10.5200 -14.1600 277.9375 -56.3750 -32.0000
0.7929 -0.4745 0.2791 -0.2611 6.8700 1.0500 -14.5400 587.1250 -110.8125 32.7500
0.9460 -0.1170 0.0883 -0.2892 9.3000 19.0700 2.8900 407.4375 -28.0625 118.0000
0.9668 0.1401 -0.0190 -0.2130 -3.7900 19.8900 23.8200 179.8750 -43.6875 100.6250
0.9477 0.2767 -0.0904 -0.1310 -0.4800 13.3200 14.6600 38.0000 -63.3125 -9.8750
0.9390 0.2866 -0.1307 -0.1383 3.6700 9.0300 11.6500 -114.1875 -42.5625 5.0625
0.9564 0.1947 -0.1573 -0.1508 2.1800 7.1200 12.9900 -245.5000 -221.9375 74.3125
0.9531 -0.0146 -0.2666 -0.1423 4.5200 4.9000 9.5300 -270.6250 -244.7500 212.8750
0.8837 -0.2474 -0.3936 -0.0551 0.9700 -2.3500 -0.5400 -251.1250 -359.1875 132.6875
0.6852 -0.4594 -0.5648 0.0228 3.4100 -7.0300 -9.6800 -156.3750 -174.6875 72.2500
0.5664 -0.5506 -0.6113 0.0488 4.0200 -6.2900 -6.7400 3.8125 -42.9375 25.1250
0.5422 -0.5591 -0.6224 0.0773 4.8900 -6.6100 -4.6200 67.5000 -57.0625 -28.3750
0.5455 -0.5236 -0.6432 0.1205 7.6800 -6.4600 -3.8300 65.1875 -54.6875 24.0625
0.5535 -0.5068 -0.6378 0.1732 5.4600 -7.4100 -12.1600 506.0000 81.1875 9.7500
0.7006 -0.4202 -0.5348 0.2159 18.0600 -9.5100 2.7200 92.8125 24.6250 23.5625
0.6882 -0.4108 -0.5452 0.2461 2.6100 -7.6000 0.1200 -205.2500 -67.0000 -29.6250
0.6447 -0.4561 -0.5764 0.2104 4.0600 -2.1300 -37.4200 -359.0625 354.0625 -293.4375
0.7365 -0.3293 -0.5010 0.3133 4.1200 -5.0300 9.9200 83.0000 96.1250 5.8750
0.7682 -0.3182 -0.4589 0.3129 -0.6500 -6.2200 2.1100 -265.2500 -136.4375 -105.7500
0.6936 -0.3599 -0.5875 0.2106 2.7500 -4.0500 1.3900 37.1875 -22.6875 -189.3125
0.7180 -0.2629 -0.6291 0.1402 5.0000 -2.7800 -4.8300 240.4375 105.3125 -293.5000
;
0.8089 -0.0068 -0.5845 0.0628 8.1200 5.4900 3.0300 249.6250 88.6250 -330.6250
0.8287 0.2395 -0.5052 -0.0243 12.3300 10.6900 6.7700 103.9375 -75.7500 -139.6250
0.7859 0.3505 -0.5045 -0.0709 8.0900 6.6600 1.4500 40.5625 7.0000 1.5000
0.7808 0.3706 -0.5000 -0.0544 9.3000 10.1300 5.6300 27.2500 77.7500 -55.1250
0.8003 0.4061 -0.4384 -0.0496 5.4200 11.4200 7.4900 -84.1875 5.8750 -46.7500
0.8292 0.3596 -0.4136 -0.1102 9.7100 13.5900 4.5800 -268.3750 129.2500 -168.3125
0.8879 0.2660 -0.2881 -0.2407 8.2100 9.4900 3.2000 -152.4375 213.5625 -216.8750
0.8937 0.2401 -0.0820 -0.3700 1.5400 1.3800 3.4500 19.9375 150.7500 -183.0000
0.8438 0.2884 0.0107 -0.4524 -0.7400 -3.0800 4.3000 -16.6875 48.1250 -134.3750
0.8059 0.2851 0.0648 -0.5148 -2.5900 -2.9300 7.0600 -18.1875 25.8750 -47.7500
0.7867 0.2822 0.1013 -0.5397 -5.4500 -4.5500 7.4400 1.5625 19.8750 -33.5625
0.7698 0.2794 0.1370 -0.5574 -9.1300 -6.8100 5.4500 -148.8125 -100.8125 -82.8125
0.8449 0.0940 0.1633 -0.5006 -5.9100 -3.9000 6.9200 -377.4375 -74.4375 -144.6875
0.8116 -0.1714 0.2568 -0.4960 -11.5300 -1.3700 6.7500 -171.1250 4.5000 -35.5000
0.7822 -0.3098 0.2924 -0.4546 3.2100 -4.5900 15.8800 -46.6250 -77.8125 -44.1250
0.7712 -0.3577 0.2759 -0.4485 -1.2800 -5.5100 5.3500 -25.0000 -20.5000 -5.5000
0.7710 -0.3745 0.2722 -0.4373 -1.0400 -6.8300 7.0500 140.7500 -27.3125 -5.3125
0.8051 -0.3247 0.2057 -0.4517 -2.0600 -5.5200 9.0800 135.0625 -192.1250 -30.8750
0.8420 -0.3198 0.0470 -0.4319 5.1400 -3.8600 17.8300 -83.1875 -217.3750 79.9375
0.8423 -0.4276 -0.0546 -0.3235 7.4600 -2.1000 8.3900 -251.6250 -103.4375 243.0000
0.7949 -0.5814 0.0139 -0.1729 -0.5400 -4.0100 -1.8600 -186.0625 95.2500 194.1250
0.7172 -0.6710 0.1639 -0.0931 -3.9500 -7.4500 -5.6100 -144.0000 73.8750 97.8125
0.6414 -0.7177 0.2631 -0.0665 -4.4900 -6.9500 -7.7600 -63.6250 93.6250 70.4375
0.5864 -0.7297 0.3452 -0.0671 -5.9900 -8.7700 -11.0000 21.3125 49.6250 14.7500
0.5889 -0.7159 0.3654 -0.0848 -5.8500 -8.7400 -10.6200 118.3750 -63.5000 -22.4375
0.6609 -0.6766 0.3139 -0.0831 -1.6800 -9.1400 -15.1600 263.2500 -173.3750 -33.6875
0.8104 -0.5439 0.2034 -0.0773 5.7100 1.1500 -8.6500 516.9375 -161.9375 -16.8750
0.9750 -0.1964 0.0560 -0.0872 11.2200 19.3100 -5.4400 648.9375 -21.5000 115.0625
0.9857 0.1667 -0.0027 -0.0225 -1.4000 21.3200 22.1800 302.0625 -41.5000 53.0625
0.9269 0.3716 -0.0322 0.0413 -3.3300 13.8000 13.8300 29.1250 -39.0000 34.1250
0.9139 0.3972 -0.0596 0.0583 1.5400 10.4200 10.6200 -68.4375 -53.8125 11.6875
0.9284 0.3535 -0.1047 0.0465 4.0800 10.9800 11.1500 -140.6250 -64.2500 10.7500
0.9525 0.2510 -0.1699 0.0300 5.4300 11.6800 5.4100 -293.5625 -263.8125 361.5000
0.8910 -0.0628 -0.4199 0.1607 -2.5600 -0.2000 -3.9500 -405.5625 -253.0000 289.2500
0.6986 -0.3577 -0.5844 0.2061 1.7400 -6.8500 -8.5700 -232.3125 -125.1250 93.7500
0.5801 -0.4725 -0.6359 0.1893 4.1500 -8.2100 -7.1700 -15.5625 -51.7500 20.5625
0.5411 -0.4875 -0.6538 0.2051 3.1900 -7.9500 -5.4800 196.3125 -25.9375 22.8125
0.6295 -0.3885 -0.5828 0.3364 -12.4800 0.4400 23.4300 -265.1875 -478.0625 -35.5000
0.6271 -0.3253 -0.5995 0.3760 6.3500 -7.1700 9.4100 -150.8750 144.7500 118.6250
0.6391 -0.4350 -0.5447 0.3251 6.9000 -11.7300 -27.2300 533.4375 55.5000 27.3125
0.7184 -0.3678 -0.4820 0.3409 4.1900 -7.0800 3.4400 116.1875 5.0625 45.3750
0.7272 -0.3534 -0.4490 0.3804 -2.1400 -7.4400 9.1400 -130.3750 -11.4375 -20.8750
0.7031 -0.4033 -0.4821 0.3325 -0.7600 -7.0800 -3.3300 64.4375 -8.5625 -189.8750
;
