0.7582 -0.1125 -0.5845 -0.2660 9.4400 1.7600 3.1100 2.0625 -27.4375 38.1250
0.7564 -0.1270 -0.5928 -0.2455 9.1500 2.7400 3.4700 -43.9375 -192.3750 179.8750
0.6640 -0.2828 -0.6838 -0.1073 4.8000 -2.4300 -5.6600 60.0000 -532.6875 504.4375
0.4291 -0.4702 -0.7443 0.2019 10.4600 -13.0500 -13.8000 257.3750 130.3125 41.1250
0.5129 -0.4476 -0.6489 0.3398 1.4100 -5.9500 1.3300 161.5000 79.9375 25.8750
0.5923 -0.4269 -0.5709 0.3754 2.5600 -8.4600 3.7800 10.6875 28.1250 -7.8750
0.6109 -0.4255 -0.5563 0.3691 2.7900 -11.2100 4.2900 28.9375 35.3125 -50.1875
0.6365 -0.4052 -0.5528 0.3538 3.9500 -11.3600 5.1800 -45.0625 -40.9375 -43.4375
0.5886 -0.4080 -0.6219 0.3168 0.9000 -3.1600 9.4000 -914.1875 -121.5625 -275.7500
0.2563 -0.5153 -0.8149 -0.0685 35.1500 10.8600 -22.4000 -69.1250 23.0000 223.9375
0.1918 -0.5702 -0.7866 -0.1392 -5.3600 6.3800 -6.1500 92.1250 -43.0000 -26.7500
0.2224 -0.5657 -0.7892 -0.0878 2.6200 0.4000 -2.7600 128.8125 81.6250 22.8125
0.3342 -0.5457 -0.7675 -0.0403 11.8800 -4.1800 -12.5400 315.8125 161.5000 104.5625
0.5368 -0.5026 -0.6738 0.0715 4.1700 -6.6400 -9.0800 561.1250 344.4375 38.5000
0.8393 -0.2731 -0.4225 0.2059 1.2300 0.3300 7.9900 262.3750 139.7500 -101.6875
0.9220 -0.0663 -0.3087 0.2240 2.2400 -1.6100 3.5500 159.1250 -21.5625 -60.1250
0.9257 0.0587 -0.3022 0.2196 2.8400 -0.3900 1.2600 224.0000 -78.5625 -133.0625
0.8766 0.2523 -0.3392 0.2300 11.0600 12.7200 8.1500 178.6875 -124.6875 -24.4375
0.8146 0.3776 -0.3668 0.2435 10.3000 12.1300 10.3900 53.7500 -1.3750 -14.5000
0.7965 0.4202 -0.3558 0.2499 7.1700 8.1000 8.1200 20.1875 45.5000 -40.1250
0.8060 0.4254 -0.3250 0.2524 6.8000 9.5100 7.1100 -68.6875 45.1250 -64.0625
0.8495 0.3774 -0.2950 0.2211 6.2700 9.1000 6.1700 -237.5625 49.2500 -37.1250
0.9125 0.2321 -0.2909 0.1697 9.4200 0.9700 -0.4500 -199.0625 60.8125 26.7500
0.9464 0.0874 -0.2751 0.1450 4.5500 -2.3100 2.0600 -67.6250 21.0000 23.6875
0.9533 0.0368 -0.2650 0.1403 5.3200 -3.6500 1.9600 68.1875 -12.8750 8.6250
0.9479 0.0782 -0.2670 0.1553 4.8600 -3.8300 -1.5500 242.0625 -46.3125 45.7500
0.9042 0.2479 -0.2708 0.2183 4.8400 4.6200 2.1500 268.7500 -101.5000 15.5000
0.8394 0.3925 -0.2863 0.2439 9.6700 15.5500 11.9500 0.6875 -65.0625 53.5625
0.8226 0.3902 -0.3260 0.2546 8.1900 3.5800 4.9900 -15.2500 5.9375 12.8750
0.8257 0.3760 -0.3316 0.2587 9.0400 5.0500 5.6200 -74.0625 28.6250 -14.8125
0.8518 0.3330 -0.3300 0.2338 8.8500 6.1600 8.4000 -156.5625 29.5000 -18.0000
0.8879 0.2478 -0.3416 0.1831 7.1600 4.1000 6.6000 51.0625 33.8125 -28.9375
0.8926 0.2604 -0.3234 0.1758 8.2400 8.9500 12.7000 -167.7500 42.1250 -21.3750
0.9290 0.1552 -0.3093 0.1316 6.5100 0.5500 4.1600 -166.2500 66.8750 2.6875
0.9514 0.0450 -0.2864 0.1040 3.2400 -0.8200 2.8200 -118.0000 3.6250 3.0625
0.9529 -0.0184 -0.2887 0.0914 5.9000 -1.5200 7.1800 6.5000 5.8125 18.9375
0.9534 -0.0153 -0.2827 0.1045 5.8500 -2.0000 6.6600 109.3125 2.8750 12.0000
0.9543 0.0168 -0.2748 0.1162 3.3300 -2.2400 4.5000 86.3125 -102.9375 17.8125
0.9412 0.0679 -0.3027 0.1337 5.4200 -5.0400 -1.0000 217.8125 -23.6875 9.1875
0.9115 0.2291 -0.2934 0.1749 8.7700 10.0300 3.2900 236.2500 -62.8125 -14.7500
0.8550 0.3730 -0.3041 0.1932 9.2300 10.0200 7.3600 79.5625 -39.6250 -0.7500
0.8256 0.4152 -0.3220 0.2059 8.1900 5.9000 6.6600 22.7500 0.6875 7.1875
0.8173 0.4221 -0.3268 0.2171 7.2600 7.8300 7.0900 6.5000 19.8750 -13.6875
0.8207 0.4250 -0.3131 0.2186 7.2000 11.4200 8.5800 -59.0625 45.1250 -62.3750
0.8544 0.3904 -0.2880 0.1859 9.4600 13.1700 7.5800 -245.1875 44.3750 -33.8125
0.9174 0.2603 -0.2744 0.1240 4.4000 -1.4400 -0.4800 -210.8750 42.4375 -25.5625
0.9581 0.1008 -0.2567 0.0778 3.1100 -6.2500 -1.3500 -52.6875 17.2500 -13.3750
0.9634 0.0549 -0.2530 0.0690 5.2700 -1.7100 3.7700 -8.4375 -25.6875 34.2500
0.9600 0.0478 -0.2640 0.0796 4.3000 -1.0600 5.0700 50.0625 -33.5000 7.8125
0.9511 0.0878 -0.2820 0.0907 4.2000 1.5600 5.3300 115.6250 -60.9375 -16.5625
0.9290 0.1732 -0.3101 0.1039 5.6000 -4.1500 -1.4400 241.0000 -52.8750 -44.8125
0.8814 0.3111 -0.3309 0.1300 5.7900 10.5000 9.9500 66.8750 -66.1875 -47.5625
0.8496 0.3656 -0.3589 0.1253 9.4700 11.6200 9.8300 -25.6875 -25.2500 29.3750
0.8464 0.3503 -0.3793 0.1302 7.7400 5.3700 5.3600 -42.8750 5.6250 19.3750
0.8568 0.3201 -0.3828 0.1303 3.1200 6.8100 7.9900 -278.6875 -33.3125 -13.0000
;
0.8986 0.1567 -0.4061 0.0553 1.6100 2.4800 1.9200 -251.1250 -116.1875 -16.7500
0.8824 0.0124 -0.4697 -0.0225 8.2800 -1.3200 1.3600 -168.8750 -122.6875 24.5000
0.8453 -0.0723 -0.5253 -0.0656 0.1400 -3.5800 6.9100 -88.5000 -80.0000 13.1250
0.8437 -0.1251 -0.5156 -0.0806 8.9500 -0.9600 2.4700 -14.6250 -14.2500 19.2500
0.8300 -0.1582 -0.5295 -0.0754 11.6000 6.7200 7.5200 -203.5000 -204.8125 131.5000
0.7143 -0.3239 -0.6194 -0.0350 5.1700 -4.1300 -1.5300 -42.9375 -183.2500 143.2500
0.6287 -0.3751 -0.6760 0.0837 9.2000 -5.1200 -1.8500 120.1875 -64.6875 116.7500
0.6102 -0.3562 -0.6661 0.2387 5.7900 -9.3700 2.5600 66.9375 93.5625 30.5625
0.6453 -0.3655 -0.6175 0.2620 5.8900 -12.0700 3.8900 4.4375 3.9375 17.6875
0.6473 -0.3755 -0.6088 0.2634 6.4400 -13.8800 4.7600 -105.6875 -94.0625 19.6250
0.5729 -0.4209 -0.6760 0.1942 2.4000 4.7600 2.6400 -947.7500 -232.6250 -216.5000
0.1579 -0.5347 -0.8073 -0.1935 26.8600 4.0400 -15.8300 45.1875 189.9375 185.6250
0.2150 -0.5690 -0.7653 -0.2105 1.0700 5.6000 -10.3400 30.8750 -69.8125 -16.4375
0.1996 -0.5762 -0.7729 -0.1754 1.2900 3.1900 -5.7500 72.8125 7.5625 31.2500
0.2504 -0.5803 -0.7638 -0.1309 7.3300 0.7100 -6.1800 95.5625 74.1250 20.4375
0.3348 -0.5568 -0.7548 -0.0904 12.6000 -3.0700 -17.7000 418.5000 285.3125 87.0000
0.5729 -0.4922 -0.6553 0.0046 9.3000 -6.1600 -9.2600 420.2500 486.6250 120.3750
0.8642 -0.3345 -0.3712 0.0591 -0.8300 -2.3400 8.8500 188.6250 145.1250 59.7500
0.9409 -0.1796 -0.2586 0.1252 -2.9400 -2.8100 2.6500 0.0000 0.0000 0.0000
0.9603 0.0358 -0.2267 0.1584 0.0000 0.0000 0.0000 0.0000 0.0000 0.0000
0.9219 0.2159 -0.2765 0.1643 8.7300 7.7900 0.0900 296.3750 -43.0625 -71.8750
0.8580 0.3918 -0.2825 0.1746 8.2700 10.9600 8.7400 74.6875 -49.8750 -8.5000
0.8214 0.4380 -0.3175 0.1808 8.5900 11.6000 9.8300 -42.6250 -16.3125 29.3750
0.8224 0.4181 -0.3374 0.1869 7.7800 8.3200 8.6900 -3.6250 42.8750 -2.8750
0.8301 0.4194 -0.3133 0.1920 9.3100 14.8900 10.3800 -146.6875 63.4375 -20.4375
0.8876 0.3217 -0.2789 0.1757 5.5100 6.6500 3.9100 -277.6875 74.9375 -41.8750
0.9476 0.1362 -0.2600 0.1260 7.4300 -5.1400 -3.2600 -193.8125 15.8750 86.3125
0.9518 0.0006 -0.2765 0.1329 4.2300 -3.7100 1.8600 -63.2500 6.3125 16.3750
0.9505 -0.0344 -0.2786 0.1334 5.2700 -4.9300 1.8900 73.6875 -32.3125 10.7500
0.9424 0.0263 -0.2916 0.1616 6.1500 -5.9900 -5.0000 334.9375 42.3750 -46.7500
0.9175 0.2520 -0.2388 0.1939 9.6700 16.0700 4.8400 313.1875 -32.4375 -0.8125
0.8431 0.4268 -0.2474 0.2140 11.5700 16.1000 10.6100 -72.9375 -67.8125 56.9375
0.8370 0.3981 -0.3159 0.2029 8.6100 5.4700 5.8700 -52.8750 -17.1875 29.7500
0.8444 0.3661 -0.3343 0.2034 7.6900 4.6200 5.2900 -26.2500 9.3750 -2.0625
0.8509 0.3521 -0.3335 0.2020 8.4700 3.8400 4.5800 -49.8125 75.8125 -14.7500
0.8723 0.3167 -0.3141 0.2002 2.3600 4.6000 11.1900 -285.7500 -49.6250 -52.6875
0.9197 0.1688 -0.3320 0.1245 6.7400 2.9300 9.2100 -33.4375 33.8750 -42.9375
0.9347 0.1453 -0.3094 0.0978 9.1000 7.6500 13.8800 -149.8750 62.1250 10.0000
0.9555 0.0438 -0.2836 0.0681 6.0600 -2.7300 -0.0100 -113.0000 83.8750 43.9375
0.9695 -0.0229 -0.2365 0.0592 2.9800 -2.4700 4.1400 121.1250 -29.2500 -5.5000
0.9670 0.0456 -0.2369 0.0814 7.2100 -2.2000 1.4800 28.1875 -19.5625 33.9375
0.9638 0.0527 -0.2424 0.0980 4.7100 -0.6300 4.7700 30.5000 -40.3750 16.9375
0.9525 0.0762 -0.2701 0.1183 6.5600 -5.8700 -3.0800 247.6250 -61.2500 -21.1250
0.9113 0.2704 -0.2674 0.1583 6.3600 11.8600 1.2900 380.1250 37.5625 18.8750
0.8257 0.4742 -0.2247 0.2067 7.4000 18.9800 9.0800 50.3125 -44.0625 -22.3750
0.8014 0.5093 -0.2433 0.1978 4.7400 9.1700 5.5600 -24.5625 -18.4375 -0.3125
0.8041 0.4989 -0.2586 0.1940 6.9900 9.2100 5.2100 -22.1250 19.0625 -12.1875
0.8181 0.4847 -0.2458 0.1879 7.4300 13.5700 7.8000 -109.8750 39.3750 -35.8750
0.8649 0.4119 -0.2356 0.1639 5.4100 9.7600 5.6400 -290.9375 21.5625 -19.5625
0.9346 0.2412 -0.2357 0.1130 4.5500 3.5000 1.5600 -282.8750 -37.0000 26.7500
0.9595 0.0580 -0.2606 0.0900 5.5300 -6.2400 -1.3000 -91.8750 27.8750 4.5625
0.9630 -0.0189 -0.2554 0.0837 4.0300 -2.5100 4.9000 -3.9375 -35.0625 44.0625
0.9570 -0.0293 -0.2702 0.1015 4.8100 -3.5100 3.7500 108.0625 -52.0000 -17.5000
0.9496 0.0660 -0.2853 0.1113 4.4400 -4.7600 -6.3100 448.1875 4.8750 -34.1875
0.8961 0.3318 -0.2426 0.1678 2.5200 16.7100 6.6600 282.7500 -63.3750 -93.5625
0.8240 0.4916 -0.2373 0.1522 8.1000 15.4400 9.3400 -44.9375 -51.6875 87.5000
0.8193 0.4700 -0.2853 0.1627 9.3300 9.5500 6.0300 -75.1875 3.0000 25.5000
0.8446 0.4149 -0.2980 0.1604 5.9400 6.1300 4.7500 -157.8750 -1.8750 29.0625
0.8828 0.3038 -0.3297 0.1403 10.6200 5.7500 0.8300 -305.4375 -62.4375 157.2500
0.8874 0.0822 -0.4279 0.1507 4.9500 1.3800 2.6500 -307.2500 -169.3750 297.8125
;
0.7744 -0.1486 -0.5738 0.2215 5.8100 -7.5600 -2.9000 -105.3750 -87.6875 84.8125
0.6843 -0.2552 -0.6396 0.2397 3.9600 -2.4700 2.9300 -172.4375 -168.7500 153.8125
0.5623 -0.3666 -0.6933 0.2623 5.4000 -13.2300 -7.1600 -5.1875 12.1875 56.5625
0.5553 -0.4059 -0.6591 0.3041 -1.1800 -6.8300 15.8500 17.3750 29.9375 10.1875
0.6140 -0.4048 -0.5962 0.3221 4.8500 -9.9200 3.1100 12.3750 43.7500 -2.4375
0.6307 -0.4063 -0.5783 0.3204 6.0900 -12.9000 4.0100 24.6250 26.4375 6.0000
0.6285 -0.4121 -0.5895 0.2960 -2.7700 -4.2500 8.9500 -840.4375 -213.9375 -308.3125
0.2644 -0.5616 -0.7735 -0.1279 1.9900 4.7400 -10.9700 -96.6875 -70.8750 -6.2500
0.2258 -0.5934 -0.7569 -0.1548 6.6200 5.7400 -7.1000 39.5000 -57.1250 74.2500
0.2408 -0.6157 -0.7435 -0.1005 5.4800 2.1000 -4.3400 76.2500 24.5000 61.1250
0.2928 -0.6210 -0.7247 -0.0592 4.8400 -1.7800 -6.0700 100.3750 56.9375 0.1875
0.3578 -0.5991 -0.7157 -0.0284 7.7700 -4.7800 -12.3100 217.5625 136.5000 -21.1250
0.5276 -0.5291 -0.6639 0.0298 8.8600 -7.7800 -5.1000 306.2500 366.5000 38.8750
0.7786 -0.4034 -0.4750 0.0740 -0.5600 -3.6400 5.3600 370.5625 274.3125 7.1250
0.9472 -0.1794 -0.2446 0.1040 -4.2100 -0.2500 4.1700 359.9375 84.6250 14.6250
0.9755 0.0219 -0.1683 0.1404 4.5100 -1.9500 0.9400 136.3750 -97.5000 -6.6875
0.9562 0.1384 -0.2071 0.1540 6.6800 2.4700 -0.3300 265.3125 -20.1250 -36.4375
0.9129 0.3096 -0.1982 0.1774 4.0900 9.4500 10.1700 152.0000 -123.6875 74.8125
0.8464 0.4141 -0.2516 0.2210 8.8000 11.1800 7.6900 83.6875 -37.0625 36.0625
0.8087 0.4618 -0.2751 0.2390 8.8600 10.6300 6.8500 15.7500 4.1875 2.8750
0.8041 0.4722 -0.2719 0.2377 8.9500 10.7900 7.6200 -36.3125 40.0000 -19.1875
0.8280 0.4518 -0.2416 0.2278 6.7500 11.5500 8.2000 -172.6250 51.3750 -39.6250
0.8846 0.3605 -0.2169 0.2008 2.6200 5.6300 3.4900 -263.5000 26.4375 -10.8750
0.9471 0.1572 -0.2227 0.1696 2.7500 -3.5800 -1.3300 -234.5625 -22.5625 17.1250
0.9550 0.0034 -0.2552 0.1509 4.7000 -6.6200 0.9100 -47.0625 6.4375 10.5000
0.9521 -0.0352 -0.2635 0.1506 4.6900 -5.3100 3.4500 58.0625 -42.5625 15.0625
0.9468 0.0084 -0.2764 0.1645 6.8500 -3.3700 1.1600 188.6250 -5.3125 -13.3750
0.9305 0.1333 -0.2784 0.1974 6.2600 1.1300 1.5600 257.4375 -74.9375 10.2500
0.8830 0.2758 -0.2971 0.2367 9.3500 10.0200 11.1100 30.8125 -75.5625 43.8125
0.8586 0.3033 -0.3318 0.2466 8.3900 6.7400 9.0600 -26.2500 -10.4375 32.6250
0.8586 0.2929 -0.3392 0.2491 7.8800 2.9900 6.7300 -12.3750 -4.1250 12.6875
0.8600 0.2842 -0.3422 0.2502 7.3000 7.6900 12.8700 -192.3125 39.0000 -62.8750
0.9025 0.1678 -0.3530 0.1807 8.7800 2.7100 6.5700 -205.7500 80.1250 -21.6250
0.9354 0.0240 -0.3315 0.1202 7.5200 -1.3300 5.1100 -135.8750 57.1250 18.2500
0.9446 -0.0790 -0.3048 0.0925 4.4600 -4.5200 3.4000 -26.5000 65.6250 22.0625
0.9522 -0.1157 -0.2676 0.0912 5.7200 -2.9600 6.7900 -59.1250 10.9375 22.2500
0.9516 -0.1434 -0.2552 0.0937 4.1000 -1.7800 7.7200 -41.0000 -4.7500 12.0000
0.9497 -0.1561 -0.2533 0.0975 4.4600 -3.7700 4.7800 48.5000 7.4375 0.1250
0.9525 -0.1361 -0.2521 0.1035 5.5400 -5.2900 0.8700 264.1250 -14.8125 35.1875
0.9559 0.0162 -0.2448 0.1616 5.9300 -4.5200 1.1700 213.4375 -99.0625 14.5625
0.9247 0.1759 -0.2675 0.2060 5.3800 5.3900 2.7600 327.8125 -20.8750 4.8125
0.8557 0.3719 -0.2466 0.2618 7.1700 11.2700 7.2900 161.8750 -100.8125 28.9375
0.7858 0.4744 -0.2764 0.2847 8.1400 11.3400 6.6100 79.3750 -36.2500 9.3750
0.7522 0.5158 -0.2836 0.2961 8.1200 10.7800 5.6500 22.9375 4.6875 -19.9375
0.7540 0.5247 -0.2687 0.2899 9.2000 10.2800 4.9600 -39.5000 42.2500 -41.0625
0.7861 0.5005 -0.2393 0.2725 6.5300 13.3700 6.1000 -163.9375 23.0625 -35.5625
0.8503 0.4022 -0.2437 0.2361 7.3500 5.8800 1.9200 -280.8750 44.0625 18.8125
0.9182 0.2117 -0.2676 0.2015 6.1600 -1.8000 -3.2200 -255.5625 13.1875 58.1250
0.9388 0.0283 -0.2944 0.1765 5.0000 -6.1200 0.6300 -86.1875 30.0000 -14.3125
0.9424 -0.0385 -0.2923 0.1581 3.9900 -3.6700 5.0900 24.0000 -8.9375 -11.3750
0.9412 -0.0217 -0.2963 0.1609 5.6800 -5.3900 1.2300 125.5000 -13.1875 -16.9375
0.9385 0.0693 -0.2885 0.1765 7.1600 -0.2500 1.5200 285.0625 8.8125 36.7500
0.9058 0.2470 -0.2537 0.2328 5.1900 9.5400 5.1500 278.3750 -132.6875 -57.6875
0.8441 0.4079 -0.2688 0.2213 6.7800 12.9200 9.1900 -10.1250 -56.9375 17.8750
0.8311 0.4122 -0.3051 0.2153 9.6000 8.9100 8.2900 -67.2500 -11.8750 26.3750
0.8420 0.3782 -0.3223 0.2101 7.8500 4.2800 5.1600 -33.6250 2.8750 9.6250
0.8512 0.3486 -0.3325 0.2083 4.3900 6.4700 7.1000 -197.6250 2.4375 20.3125
0.8801 0.2278 -0.3801 0.1705 0.8600 3.3400 2.8100 -298.4375 -53.5000 -45.4375
0.8887 0.0789 -0.4469 0.0648 7.6800 2.8600 5.2700 -327.6250 -184.5000 -44.1875
0.8392 -0.0676 -0.5358 -0.0640 4.6900 -6.7800 -0.6000 -90.5625 -47.6875 57.6250
0.8204 -0.1483 -0.5494 -0.0553 9.5100 -1.9900 2.5300 35.8750 36.8750 5.3750
;
