0.8522 0.5004 -0.1523 0.0040 2.4900 8.3200 4.5400 2.6875 1.0000 -0.2500
0.8515 0.5019 -0.1517 0.0046 2.4800 8.3800 4.4100 3.5000 0.7500 0.5000
0.8503 0.5038 -0.1516 0.0056 2.6700 8.3200 4.3400 2.6875 0.1875 1.8750
0.8493 0.5054 -0.1524 0.0074 2.7400 9.8600 6.2400 -46.0625 -26.0625 24.1875
0.8618 0.4755 -0.1769 0.0104 7.3100 13.5600 8.3500 -131.6875 -26.5625 166.1250
0.8831 0.3889 -0.2439 0.0975 8.5500 12.4200 7.5500 -44.8750 -59.4375 410.4375
0.8308 0.2741 -0.3795 0.3010 4.3200 4.0200 1.4000 -11.1875 84.6250 370.0625
0.7483 0.1375 -0.3904 0.5184 -1.1900 -3.8200 3.4900 -20.5625 135.7500 136.6875
0.7156 0.0284 -0.3345 0.6125 0.4600 -4.2300 6.1900 4.3125 98.5625 -2.1250
0.7308 -0.0155 -0.2901 0.6176 3.1300 -3.4800 7.5400 -18.1875 64.2500 -1.9375
0.7399 -0.0543 -0.2698 0.6139 2.4100 -4.1800 8.0400 -22.7500 46.3125 -0.5625
0.7496 -0.0887 -0.2548 0.6044 0.5300 -1.2600 9.5200 -37.4375 51.6875 -41.5000
0.7703 -0.1194 -0.2502 0.5743 -0.6700 -1.7300 8.7400 -22.4375 -14.7500 -67.7500
0.7896 -0.1159 -0.2716 0.5379 3.1100 -0.4700 11.3500 -13.0625 -42.1875 -45.1250
0.7819 -0.0959 -0.3388 0.5144 2.3200 6.2900 29.4300 -805.3750 -76.2500 -153.9375
0.6503 -0.4373 -0.5703 0.2463 5.7300 -1.8200 -17.6900 -307.8125 72.3750 39.0625
0.4976 -0.6414 -0.5779 0.0842 7.0500 -2.1900 -13.7600 -35.0000 19.0625 17.4375
0.4927 -0.6569 -0.5661 0.0725 4.4900 -3.7100 -5.5100 37.3125 13.5000 -10.3750
0.5172 -0.6402 -0.5629 0.0764 7.0100 -5.2600 -6.6100 118.9375 61.5625 -42.9375
0.6014 -0.5715 -0.5529 0.0775 8.9300 -2.7800 -2.4900 266.4375 84.0000 -112.0625
0.7560 -0.3994 -0.5133 0.0737 14.4400 -5.3900 -3.1600 447.1875 387.8750 -181.5000
0.9482 -0.0871 -0.3052 0.0137 2.0700 -9.5200 13.6100 139.0625 220.7500 -211.0625
0.9818 0.0421 -0.1590 -0.0958 -4.1700 1.9500 11.2600 49.0625 150.6250 -290.6250
0.9507 0.1210 0.0118 -0.2852 -5.9200 -1.1200 7.7500 -34.8125 170.1250 -324.0000
0.8727 0.1144 0.1557 -0.4484 -6.3200 -3.0900 7.9500 -104.3125 28.1875 -25.3125
0.8550 0.0606 0.2207 -0.4654 -4.7300 -4.2000 7.6600 -38.7500 39.0000 -20.2500
0.8346 0.0466 0.2641 -0.4812 -6.9900 -6.6000 7.5500 -14.2500 17.9375 -37.7500
0.8268 0.0599 0.2767 -0.4860 -29.5600 -0.8500 27.6000 -1186.1250 -47.6875 -532.7500
0.7314 -0.3906 0.4137 -0.3760 -4.5700 -4.6600 16.2200 141.5000 77.0625 -19.4375
0.7524 -0.3439 0.3913 -0.4031 -2.2100 -5.9800 7.4400 68.8750 -27.0000 13.5625
0.7811 -0.3123 0.3550 -0.4080 -6.4200 -6.0600 5.0400 117.5625 -226.6250 -25.8125
0.8461 -0.3163 0.1837 -0.3878 -0.3500 -4.1100 8.2600 54.2500 -439.0000 62.1250
0.9083 -0.3308 -0.0707 -0.2460 5.2600 -3.4200 5.2500 405.0625 -238.5000 115.1250
0.9516 -0.1450 -0.2590 -0.0798 9.5300 -2.9000 8.9600 173.0625 4.3750 -9.9375
0.9637 -0.0184 -0.2634 -0.0392 8.4600 2.2300 9.5600 350.0625 118.1250 9.7500
0.9695 0.1724 -0.1743 0.0052 5.2900 6.5400 11.5000 154.8125 209.8750 -86.3750
0.9695 0.2432 -0.0282 -0.0103 -1.2700 4.9600 7.5200 -23.6875 180.0000 -92.0625
0.9666 0.2259 0.1148 -0.0399 -3.0400 0.5000 3.6500 -34.0000 84.5000 -41.1250
0.9597 0.2018 0.1881 -0.0527 -2.9700 -0.9200 2.0700 36.0000 3.6875 15.0625
0.9440 0.2473 0.1628 -0.1454 -1.7000 0.5800 2.4700 77.3125 -47.9375 60.3125
0.9402 0.2999 0.1083 -0.1199 1.2700 -0.6000 2.2600 133.3750 -126.1875 165.4375
0.9171 0.3946 -0.0067 -0.0572 4.3400 8.7200 4.7000 163.8750 -116.5000 178.3750
0.8602 0.4929 -0.1299 0.0164 7.4600 15.3800 7.0300 86.9375 -102.3125 123.4375
0.8081 0.5376 -0.2321 0.0644 6.6700 17.3300 7.2400 7.4375 -42.0625 61.5000
0.7911 0.5391 -0.2761 0.0859 5.7400 15.1000 5.9000 -19.9375 -3.2500 -32.0625
0.8001 0.5322 -0.2680 0.0685 7.3900 14.3600 4.7000 -85.4375 54.5000 -92.0625
0.8465 0.4907 -0.2062 0.0126 6.9100 13.3900 6.2500 -138.9375 76.5000 -153.0625
0.8981 0.4191 -0.1136 -0.0695 6.4100 7.9100 3.1800 -220.9375 91.7500 -113.1875
0.9504 0.2847 -0.0182 -0.1241 1.8600 -1.0200 0.5200 -182.0625 70.8125 3.8750
0.9779 0.1677 0.0461 -0.1161 -1.5400 -2.2400 0.7800 -18.0625 39.1250 -19.8750
0.9771 0.1533 0.0803 -0.1239 -2.4000 -0.0200 2.9200 52.3125 -8.4375 -10.0000
0.9712 0.1857 0.0693 -0.1324 0.2600 1.1200 3.8400 86.3750 -50.6250 35.1875
;
0.9639 0.2396 0.0114 -0.1152 1.3900 -1.8000 0.2300 166.8750 -135.0625 61.5625
0.9290 0.3447 -0.0992 -0.0917 5.5200 5.7300 -1.2800 270.3750 -122.0625 55.2500
0.8584 0.4544 -0.2289 -0.0651 8.9600 17.4400 8.5200 -12.5625 -163.5625 68.0000
0.8401 0.4123 -0.3439 -0.0768 7.6400 21.8200 22.4800 -135.0000 -58.6875 71.8750
0.8461 0.3471 -0.3923 -0.0993 9.1400 4.0500 1.8800 12.0000 38.3750 -10.5625
0.8463 0.3633 -0.3760 -0.1022 3.9900 7.5500 4.5000 37.2500 -32.1875 12.2500
0.8399 0.3737 -0.3811 -0.0983 7.3700 9.4800 5.8000 4.1250 -19.8750 6.8125
0.8405 0.3462 -0.4039 -0.1028 14.7600 11.4900 3.7900 -199.4375 -98.5000 227.0625
0.8546 0.1508 -0.4953 -0.0409 4.3200 2.5600 -4.6500 43.3750 -130.9375 381.2500
0.8096 -0.0253 -0.5561 0.1862 5.3900 -4.1300 -2.2700 151.3125 130.4375 217.0000
0.8127 -0.0370 -0.4616 0.3538 1.1900 -2.9700 6.5500 160.5625 150.1875 103.7500
0.8339 -0.0256 -0.3423 0.4321 3.6800 -3.2900 7.1800 23.4375 87.3125 22.0625
0.8529 -0.0452 -0.2755 0.4411 1.7500 -1.8900 8.3800 -4.5625 117.5625 13.0000
0.8632 -0.0785 -0.2178 0.4487 -2.0300 0.3200 9.1900 -36.0000 -26.0000 -10.5000
0.8619 -0.1046 -0.2335 0.4378 0.9000 2.0300 10.1400 -72.7500 -36.0000 -40.5000
0.8543 -0.1254 -0.2947 0.4094 3.3400 2.9000 18.9500 -634.8125 -59.6875 -145.3125
0.7561 -0.3497 -0.5084 0.2180 17.1900 2.7400 -10.0000 -620.6250 -28.5000 -21.0625
0.5848 -0.6069 -0.5381 -0.0010 7.2800 -2.9800 -5.9400 -156.5625 84.3750 56.5000
0.5159 -0.7078 -0.4750 -0.0848 5.9300 0.8600 -12.5000 -71.5000 25.3125 4.5000
0.4909 -0.7321 -0.4581 -0.1149 8.6500 -1.0500 -6.8700 84.2500 49.2500 -14.2500
0.5481 -0.6915 -0.4551 -0.1200 6.6700 -1.3000 -5.4000 310.4375 236.7500 -158.9375
0.7574 -0.4652 -0.4254 -0.1700 9.8600 -1.0900 -0.7000 491.9375 316.3125 -60.6250
0.9362 -0.1346 -0.2921 -0.1418 3.0200 2.7000 7.6100 128.8750 151.0000 230.5000
0.9871 -0.0595 -0.1472 0.0193 -4.7800 -10.2200 6.9900 78.0000 191.8125 -122.6250
0.9981 -0.0046 -0.0424 -0.0446 -4.2900 -1.7600 10.2500 -24.6250 124.5625 -180.0625
0.9805 0.0021 0.0495 -0.1904 -7.7000 -6.5000 6.3600 35.5000 109.7500 -466.3750
0.8749 0.0283 0.1236 -0.4673 -0.9700 0.5400 10.0900 10.0000 127.2500 -182.4375
0.7905 0.0601 0.1960 -0.5771 -9.4200 -4.3400 7.8800 -4.8750 -18.9375 -18.8750
0.7994 0.0391 0.1818 -0.5713 -4.6700 -6.8000 8.1100 11.4375 -16.7500 6.1875
0.8030 0.0213 0.1890 -0.5649 -14.6600 9.6900 30.8800 -1129.6875 89.6875 -374.2500
0.6848 -0.3734 0.4179 -0.4658 -0.4800 -3.3800 18.8700 131.2500 60.6875 11.6875
0.7054 -0.2930 0.3823 -0.5201 -0.1700 -3.4300 21.0400 25.2500 -62.0625 -12.5625
0.7222 -0.3011 0.3331 -0.5261 -0.9500 -6.5700 8.0300 129.6250 -220.5625 1.1875
0.7964 -0.3209 0.1533 -0.4892 5.1000 -4.7500 -1.6600 438.7500 -405.5625 134.9375
0.9221 -0.1617 -0.1327 -0.3255 1.6800 -0.0700 6.8200 601.5000 -4.9375 253.6875
0.9583 0.1880 -0.1921 -0.0967 -5.5800 6.8900 17.2500 235.5625 -25.9375 106.3125
0.9037 0.3915 -0.1721 0.0208 3.2400 6.6200 4.9700 200.1250 -31.7500 8.2500
0.8158 0.5406 -0.2006 0.0444 8.6900 10.2600 0.0000 103.4375 68.6875 -6.6875
0.7644 0.6172 -0.1754 0.0632 4.9700 19.8800 4.0500 -26.3125 87.5625 4.5000
0.7889 0.5916 -0.1342 0.0982 3.1800 20.4900 6.9600 -212.7500 -3.7500 -96.6250
0.8726 0.4787 -0.0916 0.0322 -0.1400 14.4300 10.1600 -257.2500 66.3125 -200.2500
0.9401 0.3341 -0.0038 -0.0682 1.0400 2.2200 4.8000 -169.6250 82.8750 -38.1250
0.9696 0.2145 0.0749 -0.0906 -1.3200 -3.4100 0.2000 -80.0625 50.8750 -47.5625
0.9717 0.1727 0.1135 -0.1147 1.7600 -1.3500 -0.4100 36.6250 -14.2500 4.8125
0.9687 0.1990 0.0922 -0.1160 0.1300 -1.0700 0.5400 120.7500 -102.8750 67.0625
0.9562 0.2780 0.0029 -0.0916 5.9700 3.0900 1.5900 234.6250 -92.8750 97.6875
0.9081 0.4055 -0.0964 -0.0389 4.7900 8.7900 2.6000 252.7500 -118.9375 111.7500
0.8302 0.5189 -0.2028 0.0195 6.9500 18.1300 6.1200 111.6250 -68.8750 72.7500
0.7785 0.5663 -0.2649 0.0546 6.0800 24.7000 8.4700 -59.1250 26.3750 -18.8125
0.8110 0.5289 -0.2474 0.0377 5.7700 14.3000 4.7500 -200.0000 42.8750 -106.3125
0.8845 0.4240 -0.1898 -0.0433 6.2500 13.1500 7.4900 -379.3750 10.5625 -127.8750
0.9560 0.2201 -0.1241 -0.1489 6.7700 -0.8100 -2.3500 -275.8125 86.9375 30.0000
0.9866 0.0458 -0.0248 -0.1545 -1.6500 -3.2700 -0.1200 -3.2500 104.0000 -52.5625
0.9825 0.0552 0.0325 -0.1750 0.2500 -1.8800 2.2200 32.7500 -10.3125 33.0000
0.9836 0.0835 0.0197 -0.1588 0.1300 -2.0500 0.6200 159.0000 -46.3125 -1.3750
0.9703 0.1816 -0.0283 -0.1572 3.9700 -0.0200 0.2400 290.4375 -53.7500 44.2500
0.9090 0.3821 -0.1155 -0.1198 2.0700 12.2500 1.8700 321.1250 -32.2500 16.5000
0.8157 0.5413 -0.1866 -0.0827 2.9000 18.9900 7.9100 8.5000 -77.3125 73.5625
0.8130 0.5176 -0.2545 -0.0794 6.1500 17.8500 9.8800 -211.6250 -122.0000 69.5625
0.8536 0.3984 -0.3133 -0.1202 5.8900 8.1100 4.6300 -3.5625 1.3125 2.5000
;
