0.7190 0.5046 -0.4777 -0.0145 6.7400 7.5400 0.7600 -9.6875 -4.2500 17.0000
0.7198 0.4952 -0.4864 -0.0095 6.0900 6.1100 0.2200 4.3125 -11.1250 31.1250
0.7151 0.4892 -0.4993 0.0005 8.7200 6.4300 -0.9600 46.0000 15.2500 17.0625
0.6908 0.5066 -0.5152 0.0270 9.4200 6.2800 -1.1700 146.5000 -34.2500 43.3750
0.6308 0.5562 -0.5329 0.0931 13.2600 10.7200 0.7500 96.6250 88.5000 132.1875
0.6271 0.5349 -0.5260 0.2097 10.7000 9.3600 0.7000 -20.4375 169.6875 77.5000
0.6798 0.4570 -0.4880 0.3015 11.4400 5.6500 -1.0100 -79.8750 216.1250 159.5625
0.7302 0.3124 -0.4461 0.4126 11.0100 14.2500 7.8600 -485.4375 305.1875 404.4375
0.7104 -0.1077 -0.4863 0.4973 1.9600 -0.2300 -3.9400 -411.4375 9.0000 279.0000
0.5825 -0.3699 -0.5620 0.4562 -3.0100 -4.1200 -3.2200 -67.5000 -69.1250 56.6250
0.5035 -0.4294 -0.5891 0.4639 -0.6600 -8.9400 -8.3900 -87.3125 -2.5625 -22.0000
0.4767 -0.4447 -0.6221 0.4335 2.8800 -10.2700 -4.3900 7.0625 20.7500 -74.1875
0.5049 -0.4102 -0.6339 0.4183 5.1000 -10.4600 -3.9100 118.1250 17.2500 -118.4375
0.5873 -0.3109 -0.6251 0.4096 3.3100 -8.0100 -0.4700 153.8125 62.3750 -202.4375
0.6967 -0.1781 -0.5852 0.3746 6.8800 -4.6100 3.6400 155.1875 88.1875 -233.5000
0.7896 -0.0458 -0.5262 0.3124 6.5900 -1.5500 7.2700 15.9375 29.5625 -86.3125
-0.1601 0.4960 -0.0585 0.8514 8.9300 -4.6400 5.0800 60.1875 45.8125 -104.4375
-0.1080 0.4664 -0.0015 0.8780 10.5000 -1.7300 6.2800 18.5625 137.8750 -138.0625
-0.0327 0.3877 0.0497 0.9199 9.4100 2.8900 12.7900 -52.4375 165.8750 -109.7500
0.0433 0.2756 0.0597 0.9584 6.4100 2.0400 9.3700 -67.1250 103.8750 10.6875
0.0461 0.2116 0.0280 0.9759 2.4400 -5.1100 2.4100 -2.6250 117.6250 -0.0625
0.0449 0.1336 0.0204 0.9898 -0.2300 -3.5600 3.7000 77.3750 83.8125 -17.9375
0.0509 0.0762 0.0803 0.9926 -3.7200 -7.3400 -2.5100 243.5000 34.1250 -36.1875
0.0000 0.0000 0.0000 0.0000 0.0000 0.0000 0.0000 298.5625 58.0000 -14.3125
0.0366 0.0457 0.4380 0.8970 -0.7000 14.5700 -0.2800 273.3750 -39.9375 40.3750
0.0059 0.0796 0.6003 0.7958 2.1800 21.5900 6.7100 129.9375 0.3125 24.9375
-0.0072 0.0908 0.6603 0.7455 0.4600 16.9200 5.7000 -2.5625 -66.5625 35.8125
0.0067 0.1438 0.6450 0.7505 1.6800 12.1200 1.9500 -77.3750 -69.6875 38.8125
0.0262 0.1942 0.6011 0.7748 0.7000 9.3300 1.7200 -72.9375 -107.3125 45.9375
0.0458 0.2722 0.5502 0.7881 2.0300 7.1200 1.6600 -71.1875 -183.1875 142.6875
0.0458 0.4171 0.4761 0.7729 6.5500 6.1300 1.0000 -44.5625 -180.0625 229.9375
-0.0059 0.5833 0.3704 0.7228 3.4000 3.8000 0.1500 -44.6875 -232.8750 268.0000
;
-0.0552 0.7275 0.2498 0.6367 27.5200 -1.7200 -5.8300 9.3125 147.2500 -103.4375
-0.0278 0.6839 0.2782 0.6739 4.2000 4.0100 0.8100 20.0625 -20.1875 36.9375
-0.0352 0.6988 0.2650 0.6635 6.9100 1.5800 -1.9900 26.0625 -17.5000 -66.0625
-0.0148 0.6968 0.2897 0.6560 9.7700 3.1500 -1.1500 64.8750 17.3125 -32.8750
-0.0341 0.6843 0.3360 0.6463 10.0500 5.4500 -3.4700 251.2500 -21.4375 -44.1250
-0.1334 0.6555 0.4501 0.5916 16.1000 9.7300 -1.5800 -7.8750 174.6875 79.5000
-0.2057 0.6081 0.3904 0.6599 13.0000 9.7300 0.5100 -83.6250 220.6875 160.1250
0.0000 0.0000 0.0000 0.0000 8.5500 2.8500 0.4400 -107.0000 208.0000 197.0000
-0.3864 0.4911 0.0797 0.7767 7.0200 2.7500 7.0100 -282.4375 234.8125 279.9375
-0.4196 0.4977 -0.2661 0.7110 2.9500 -9.9800 -16.5400 -194.8125 41.1875 189.3125
-0.3865 0.5132 -0.5092 0.5728 -5.2700 -4.4200 -3.1400 -137.1875 -18.2500 41.5000
-0.3749 0.5184 -0.5657 0.5203 -3.1300 -6.4000 -5.3200 -24.6875 -4.3750 -38.1875
-0.3630 0.5335 -0.5532 0.5269 2.5700 -10.2900 -6.5800 89.0625 20.3125 -94.8750
-0.3530 0.5400 -0.4911 0.5853 0.9900 -8.5700 -2.2900 120.6250 30.7500 -166.8125
-0.3255 0.5413 -0.3734 0.6794 3.8600 -5.2800 1.1600 156.4375 26.1250 -175.2500
-0.2870 0.5396 -0.2406 0.7541 11.4600 -4.3600 5.5800 50.2500 54.7500 -133.0000
-0.2162 0.5226 -0.1836 0.8040 17.3100 -3.4600 7.1800 -117.5625 178.2500 -34.5000
-0.1268 0.4319 -0.2530 0.8563 8.0800 -7.6200 5.5800 -92.9375 229.6250 33.6250
-0.0838 0.3017 -0.3139 0.8963 -0.8600 -13.7500 -1.1700 95.6250 167.5000 -18.6250
-0.0525 0.1917 -0.2669 0.9430 -3.7400 -9.4200 -0.1500 219.1875 110.5000 -49.3125
-0.0245 0.1108 -0.1042 0.9880 -4.1900 -1.7500 1.4400 283.8125 60.8125 -81.2500
0.0132 0.0714 0.0925 0.9930 -1.8300 5.2700 1.2200 270.8750 -9.0625 -23.0625
0.0189 0.0757 0.2747 0.9584 -0.3300 7.3200 -0.5200 0.0000 0.0000 0.0000
0.0000 0.0000 0.0000 0.0000 0.0000 0.0000 0.0000 0.0000 0.0000 0.0000
0.0000 0.0000 0.0000 0.0000 3.3100 18.1500 6.4800 105.1875 -46.0000 -30.6250
0.0259 0.1734 0.5831 0.7933 0.0000 0.0000 0.0000 0.0000 0.0000 0.0000
;
0.0000 0.0000 0.0000 0.0000 3.1600 11.3900 3.4000 -63.4375 -51.3125 32.0000
0.0374 0.2828 0.5316 0.7975 2.9600 6.2100 1.3800 -71.3125 -80.5000 51.1875
0.0536 0.3428 0.4764 0.8079 4.4300 4.0000 0.3500 -45.0000 -91.7500 93.5625
0.0438 0.4280 0.4226 0.7977 3.6500 3.9800 0.5900 -32.0000 -178.5625 127.4375
0.0370 0.5387 0.3668 0.7576 9.4400 4.8100 -0.4600 16.6875 -85.9375 48.5625
0.0355 0.5943 0.3491 0.7237 8.6700 5.7600 1.0100 4.9375 -48.5000 -16.6250
0.0673 0.6018 0.3627 0.7083 14.4500 8.1100 4.5600 29.8125 -12.4375 34.0625
0.0440 0.5996 0.3793 0.7033 8.8100 4.6600 -2.8500 156.6875 -96.3750 -5.7500
0.0033 0.6340 0.4319 0.6415 13.3800 11.6800 1.6200 -27.5000 111.0625 186.9375
-0.1038 0.6263 0.3542 0.6866 10.6300 6.3700 1.1300 -59.4375 141.9375 134.5625
0.0000 0.0000 0.0000 0.0000 9.4100 4.4300 2.9300 -56.8750 142.9375 158.3750
-0.2646 0.5501 0.1360 0.7803 12.6200 4.7200 5.9900 -126.9375 169.7500 290.2500
-0.3426 0.5183 -0.1039 0.7766 2.4600 -0.3700 1.4100 -418.1250 -3.1875 329.0000
-0.3619 0.5341 -0.4205 0.6379 0.0000 0.0000 0.0000 4.9375 36.8125 81.6875
-0.3920 0.4883 -0.4987 0.5993 -1.9200 7.0100 9.5200 -244.4375 -11.8125 93.0000
-0.3797 0.5050 -0.5786 0.5158 0.0600 -9.6600 -8.2400 -5.8750 9.4375 -38.3125
-0.3579 0.5174 -0.5659 0.5329 0.9200 -10.2800 -5.5200 86.9375 -0.4375 -81.8125
-0.3549 0.5250 -0.5046 0.5864 0.9700 -7.9300 -2.9300 137.6875 36.5000 -172.6875
-0.3232 0.5285 -0.3926 0.6798 3.7500 -3.3700 0.4000 144.0625 44.5000 -292.5625
-0.2114 0.5392 -0.2050 0.7890 2.5100 -4.5500 0.9500 123.0000 2.2500 -308.3125
-0.0945 0.5466 -0.0314 0.8315 6.3000 1.5500 5.6900 109.6250 -35.8125 -185.8750
-0.0256 0.5669 0.1011 0.8171 20.0800 9.5800 10.9000 -9.0625 25.0625 -111.1875
0.0382 0.5594 0.1454 0.8151 16.6800 10.6000 10.7400 -146.0625 114.9375 -30.4375
0.1077 0.4839 0.0612 0.8663 9.3900 3.8900 6.1600 -183.7500 81.7500 22.8750
0.1526 0.4099 -0.0641 0.8970 9.2400 -0.9000 3.0300 -202.4375 108.9375 78.3125
0.1631 0.3094 -0.1979 0.9156 6.9700 -9.7500 -3.1900 -94.2500 136.5000 112.6875
0.1326 0.1969 -0.2584 0.9364 2.3700 -13.6800 -4.7700 149.0000 149.9375 70.4375
0.0964 0.0943 -0.1492 0.9796 -2.3400 -2.7100 0.8200 238.7500 89.8750 18.6875
0.0785 0.0557 0.0236 0.9951 -3.9300 1.5000 -3.0500 307.2500 -8.3750 -10.9375
0.0741 0.0696 0.2233 0.9694 -0.6500 9.6900 -0.2400 281.3125 -41.4375 17.0625
0.0000 0.0000 0.0000 0.0000 0.0000 0.0000 0.0000 0.0000 0.0000 0.0000
0.0511 0.1873 0.4814 0.8548 2.6600 16.1800 7.7000 74.6250 -100.5000 28.1250
;
0.0000 0.0000 0.0000 0.0000 0.0000 0.0000 0.0000 -14.0625 -56.7500 0.1875
0.0720 0.2689 0.5245 0.8046 4.1500 11.7200 5.0600 -43.0000 -28.2500 -2.8750
0.0906 0.2935 0.4955 0.8124 3.3200 5.1200 1.2800 -43.8125 -87.1250 72.1875
0.0906 0.3596 0.4504 0.8122 2.6200 1.8500 -0.3900 -2.5625 -90.5000 35.1875
0.1022 0.4218 0.4346 0.7892 4.5900 2.8700 -1.3600 44.5000 -93.8125 -32.5000
0.1285 0.4594 0.4619 0.7478 5.6900 10.9200 1.9000 84.6250 -82.8125 -9.6875
0.1326 0.5038 0.4902 0.6988 8.7100 15.8600 2.7300 49.3125 150.9375 -109.7500
0.1208 0.4887 0.5222 0.6884 7.7800 16.6100 6.0800 1.0000 -93.3125 183.1250
0.0697 0.5700 0.4586 0.6782 11.2000 10.4500 -1.2600 29.6875 84.3125 196.8750
-0.0763 0.5976 0.3931 0.6946 8.9300 9.8800 3.5300 8.0625 184.6875 211.6875
-0.2202 0.5628 0.2863 0.7435 8.7900 2.8900 0.9000 -48.1250 207.6875 190.1875
-0.3256 0.4927 0.1501 0.7929 6.4400 0.3700 2.5400 -83.8750 219.3125 210.9375
-0.4241 0.4106 -0.0225 0.8069 -1.5200 4.3800 10.7000 -374.3125 71.3750 252.4375
-0.4530 0.4399 -0.3149 0.7086 -0.9000 1.4500 3.1100 0.0000 0.0000 0.0000
-0.3877 0.5037 -0.5154 0.5748 -0.4200 -6.3700 -11.9400 -113.0000 -9.1250 38.1875
-0.3583 0.5215 -0.5919 0.4993 0.8800 -7.8200 -5.4900 -31.0000 18.0000 -46.5000
-0.3354 0.5364 -0.5820 0.5110 1.4400 -10.4800 -4.6400 53.2500 11.2500 -54.8750
-0.3235 0.5403 -0.5512 0.5474 3.3200 -12.2300 -5.1900 68.2500 42.6250 -77.6250
-0.2952 0.5392 -0.5048 0.6061 8.0300 -8.9900 -1.4700 80.3125 158.5625 -136.5000
-0.2051 0.5045 -0.4369 0.7159 3.1500 -5.4300 1.4500 53.4375 279.3750 -266.8125
-0.0062 0.4188 -0.3182 0.8505 5.1800 -1.1800 11.8000 -110.9375 143.8125 -124.1875
0.1083 0.3531 -0.3456 0.8626 9.3000 -7.1300 7.4500 -178.0625 35.6250 60.8125
0.1115 0.3048 -0.4413 0.8366 7.1100 -15.9700 -4.0100 19.7500 104.8125 89.8125
0.0873 0.2050 -0.4312 0.8743 -0.6100 -14.0600 -6.2700 268.8750 135.3125 33.2500
0.0654 0.1305 -0.2635 0.9536 -2.8300 -4.5800 -2.1100 339.1250 73.3750 -5.3750
0.0483 0.0942 -0.0443 0.9934 -3.2500 4.9400 0.0000 319.3125 45.5000 -42.5625
0.0000 0.0000 0.0000 0.0000 -2.9000 9.1500 2.2000 273.0000 2.8125 -12.0625
0.0478 0.0829 0.3437 0.9342 0.1000 11.9200 3.8500 191.4375 -90.1875 45.0000
0.0465 0.1332 0.4593 0.8770 3.5400 15.0300 6.2100 121.1875 -66.1875 7.1875
0.0646 0.1726 0.5234 0.8319 4.9500 16.9900 8.9000 17.2500 -88.3750 41.4375
0.0782 0.2365 0.5217 0.8159 3.0400 12.6000 6.8700 -46.0000 -63.5625 8.5625
;
0.1022 0.2830 0.4868 0.8201 4.2400 6.6900 2.4300 -66.6875 -126.3125 86.3750
0.1019 0.3683 0.4224 0.8219 3.9700 4.1700 1.2700 -34.5625 -133.7500 152.6250
0.0714 0.4813 0.3547 0.7983 3.5700 1.2700 -0.8100 -25.5000 -147.0625 89.5625
0.0670 0.5754 0.3128 0.7527 5.4000 4.5300 1.0600 22.8750 -150.4375 -22.6250
0.1014 0.6335 0.3188 0.6977 12.2800 8.1100 0.8100 20.3125 27.1250 -179.3125
0.1208 0.5944 0.3688 0.7043 5.0300 12.4700 5.3100 71.1250 -67.1875 100.0000
0.0731 0.6479 0.3487 0.6732 11.0800 2.9200 -4.3600 156.5000 41.2500 -3.3750
-0.0078 0.6331 0.3837 0.6722 9.2800 6.3900 -0.3800 -48.1875 118.7500 168.9375
-0.0912 0.6135 0.2856 0.7306 12.2300 6.3700 2.2600 -60.4375 175.2500 173.0625
-0.1921 0.5521 0.1571 0.7960 7.9800 1.4300 3.2800 -58.5625 141.1875 180.5000
-0.2878 0.5057 0.0251 0.8129 5.7700 3.3600 10.9200 -344.8750 101.7500 317.7500
-0.3372 0.5043 -0.2864 0.7416 -1.8800 -5.6900 -5.2800 -188.7500 13.5000 205.5000
-0.3776 0.4841 -0.4897 0.6190 -4.0000 -1.5800 -0.0200 -63.0625 -63.4375 77.2500
-0.3990 0.4904 -0.5220 0.5726 -0.4600 -2.0300 -3.6500 -53.3125 -23.5625 2.9375
-0.3846 0.5063 -0.5355 0.5558 2.1100 -9.9200 -6.8900 85.1250 20.3125 -103.0000
-0.3572 0.5223 -0.4615 0.6218 9.8000 -5.8900 1.5600 -54.0000 118.6875 -156.1250
-0.2499 0.5296 -0.4117 0.6983 0.3100 -4.9700 -0.1200 26.6875 42.1250 -254.8750
-0.1336 0.5424 -0.3225 0.7642 8.0700 -3.2300 6.0500 -72.1875 -39.8750 -39.1875
-0.0803 0.5801 -0.3495 0.7313 19.6200 -10.9600 0.9400 -152.5625 29.4375 95.0000
-0.0456 0.5495 -0.4591 0.6965 9.8400 -17.8800 -3.1200 -86.8750 149.3750 77.8125
-0.0021 0.4464 -0.5297 0.7212 4.6400 -15.4700 -8.4200 176.2500 188.6250 2.8750
0.0229 0.3406 -0.4490 0.8257 0.8400 -10.3500 -6.3400 221.0000 269.9375 -54.0000
0.0739 0.2122 -0.2877 0.9310 -4.4200 -0.7100 2.2200 272.1875 136.1250 -60.4375
0.0989 0.1302 -0.0661 0.9843 -3.0600 -0.8300 -0.0900 265.1250 105.7500 -67.7500
0.0000 0.0000 0.0000 0.0000 0.0000 0.0000 0.0000 0.0000 0.0000 0.0000
0.0000 0.0000 0.0000 0.0000 0.0000 0.0000 0.0000 0.0000 0.0000 0.0000
0.0000 0.0000 0.0000 0.0000 0.0000 0.0000 0.0000 194.1250 -56.6875 -16.8125
0.0000 0.0000 0.0000 0.0000 2.6000 11.9000 2.0700 187.6875 -104.6875 19.9375
;
0.1148 0.2468 0.5700 0.7753 8.1100 21.4300 8.3400 38.1250 -75.1250 53.6875
0.1191 0.3071 0.5734 0.7501 4.2600 14.6900 5.8200 -46.2500 -49.3125 38.5000
0.1282 0.3443 0.5349 0.7608 1.7500 8.2600 2.5400 -75.6250 -79.8750 69.1250
0.1342 0.4120 0.4680 0.7703 2.8000 5.1900 0.0500 -55.3750 -191.0000 224.0625
0.0987 0.5594 0.3496 0.7450 4.1000 1.5700 -1.5500 -51.4375 -180.3125 137.9375
0.0933 0.6656 0.2631 0.6921 9.5400 3.1700 -2.3300 36.4375 -137.3125 76.1250
0.0826 0.7364 0.2383 0.6278 14.1000 4.1500 -5.5400 125.9375 -40.5625 -182.7500
0.0533 0.7206 0.3254 0.6099 5.6600 11.8900 8.0500 -24.8750 -2.3125 43.8750
0.0173 0.7197 0.3162 0.6179 15.2900 5.1900 -2.3100 -4.8750 101.8750 65.8125
-0.0114 0.6815 0.2898 0.6719 12.6300 7.0300 0.4300 -16.4375 162.0000 84.1875
-0.0703 0.6279 0.2390 0.7373 8.1400 3.5700 2.1500 -52.8750 152.7500 96.5000
-0.1486 0.5692 0.1362 0.7972 7.0100 1.3900 4.3100 -45.4375 115.6250 213.5000
-0.2552 0.5185 -0.0182 0.8159 2.9300 5.8300 10.6800 -457.7500 101.0625 364.1875
-0.3054 0.4974 -0.3643 0.7257 -3.8100 -3.5300 -0.4400 -200.8750 -32.0625 151.5625
-0.3362 0.4892 -0.5283 0.6071 -3.1900 -0.7300 0.1000 -144.6875 -38.5000 69.8125
-0.3283 0.5046 -0.5810 0.5478 0.1600 -3.9700 -6.5400 -19.1875 -39.3750 -31.0000
-0.3126 0.5278 -0.5674 0.5494 3.6500 -8.2200 -3.3500 0.0000 0.0000 0.0000
0.0000 0.0000 0.0000 0.0000 6.7600 -11.1000 -1.5500 23.1875 7.4375 -30.2500
-0.2996 0.5442 -0.4970 0.6059 3.2400 -9.7500 -4.8500 112.3750 26.1250 -134.0000
-0.2682 0.5588 -0.4352 0.6530 3.3900 -8.9000 -2.8500 43.1875 6.1875 -124.1250
-0.2161 0.5917 -0.3862 0.6738 10.7200 -4.6400 1.7200 -106.7500 80.8750 -77.2500
-0.1207 0.5917 -0.4091 0.6840 10.1300 -11.2800 -0.8600 -100.3125 63.1250 28.3750
-0.0547 0.5588 -0.4898 0.6669 11.8600 -14.2800 -4.9400 -90.3125 142.5000 44.7500
0.0250 0.4730 -0.5633 0.6771 5.8600 -15.7800 -6.0400 -27.5625 210.4375 31.1875
0.0941 0.3574 -0.5693 0.7344 3.9000 -11.6400 -6.4200 0.0000 0.0000 0.0000
0.1218 0.2466 -0.4722 0.8375 0.5300 -9.6100 -5.6800 243.3125 191.3750 35.0625
0.1307 0.1419 -0.3186 0.9280 0.1900 -1.4300 1.9700 137.2500 233.9375 -53.2500
0.0000 0.0000 0.0000 0.0000 0.0000 0.0000 0.0000 0.0000 0.0000 0.0000
0.0000 0.0000 0.0000 0.0000 0.0000 0.0000 0.0000 282.7500 89.7500 37.4375
0.1630 -0.0387 0.2014 0.9651 -5.1400 7.6900 2.5000 0.0000 0.0000 0.0000
0.1288 0.0173 0.3688 0.9204 -3.2100 9.1200 -0.4100 211.1250 -50.5625 24.2500
0.1257 0.0626 0.4939 0.8581 -1.2300 21.3800 14.9600 127.3750 -78.8125 65.3125
0.1266 0.1296 0.5450 0.8187 4.3800 12.7600 7.6800 -9.0625 7.1250 -0.0625
;
0.1314 0.1404 0.5375 0.8210 0.7800 9.2000 5.1600 -18.0625 -30.3125 21.5000
0.1335 0.1538 0.5213 0.8287 -0.0900 8.7500 4.6200 -35.4375 -3.5000 -3.9375
0.1401 0.1556 0.5005 0.8400 0.0900 8.8800 5.2700 -76.7500 -73.0625 49.1875
0.1434 0.2114 0.4401 0.8608 0.4400 6.9100 2.7900 -116.1875 -162.0625 135.6875
0.1271 0.3411 0.3297 0.8710 -1.7100 0.6800 -0.8400 -90.5625 -255.9375 122.3125
0.1241 0.5146 0.2209 0.8192 5.9300 0.6100 -1.5000 -47.8750 -270.0625 74.7500
0.1511 0.6569 0.1572 0.7218 13.7700 2.7000 -3.8400 106.5625 -169.9375 -100.6250
0.1589 0.7341 0.2535 0.6096 27.5900 17.0900 -4.4800 106.0000 379.3125 -104.3125
0.1237 0.6831 0.3879 0.6063 9.3600 8.8300 0.8900 4.7500 52.0000 44.0625
0.0889 0.6740 0.3865 0.6234 13.1500 10.8900 0.0600 -6.1875 41.8750 211.4375
-0.0078 0.6892 0.3005 0.6593 8.3200 3.3800 -1.1600 10.0000 114.9375 206.8125
-0.1292 0.6758 0.1985 0.6980 9.7600 3.1900 1.9900 -34.2500 105.0625 209.7500
-0.2272 0.6550 0.0783 0.7164 12.5500 -1.1900 2.5500 -17.6875 91.4375 219.7500
-0.3221 0.6033 -0.0594 0.7271 0.0000 0.0000 0.0000 -137.8750 150.6875 233.3125
-0.3740 0.5386 -0.2449 0.7142 -1.9700 -5.9300 1.9000 -206.6875 38.6250 204.2500
-0.3900 0.5080 -0.4331 0.6342 1.4600 -6.3300 2.7300 13.5000 68.5000 20.3125
-0.3898 0.4793 -0.4726 0.6285 -1.4900 -0.4100 -0.4600 -114.8125 -43.3750 72.8750
-0.3854 0.4998 -0.5348 0.5620 0.2500 -5.4700 -7.9700 -85.6250 3.1250 11.1875
-0.3560 0.5162 -0.5756 0.5248 -0.6300 -10.8700 -5.6100 15.1250 16.4375 -51.7500
-0.3352 0.5300 -0.5589 0.5427 2.9700 -10.1700 -2.7900 38.0000 18.1875 -66.8750
-0.3170 0.5356 -0.5277 0.5781 3.8300 -9.6300 -1.8100 71.8750 62.1250 -81.1875
-0.3010 0.5204 -0.4724 0.6446 11.9000 -8.8100 1.0300 0.0000 0.0000 0.0000
-0.3095 0.4538 -0.4001 0.7336 6.6800 -10.7100 4.1000 -7.8125 190.0000 14.0000
-0.2628 0.3555 -0.4343 0.7849 4.0300 -14.1300 -1.1900 26.2500 337.6250 -147.9375
-0.1023 0.1973 -0.4340 0.8730 -3.8400 -11.0300 1.1500 29.1250 198.5000 -20.3125
-0.0380 0.0770 -0.4176 0.9045 -6.0300 -12.1500 -1.1800 221.5000 75.1250 -49.5625
0.0154 0.0231 -0.2777 0.9603 -4.7800 -5.5500 5.8800 0.0000 0.0000 0.0000
0.0530 -0.0027 -0.1418 0.9885 -1.1400 -3.0900 4.8800 216.3750 14.7500 26.1250
0.0530 -0.0035 0.0090 0.9985 -2.2000 0.1900 2.1900 269.3750 25.0000 -61.0000
0.0861 -0.0012 0.1862 0.9787 -0.4100 5.4600 0.3000 287.0625 28.2500 -25.7500
0.0898 0.0027 0.3658 0.9263 -1.8100 7.7800 -1.3800 266.6875 -1.7500 -5.8125
0.0000 0.0000 0.0000 0.0000 0.0000 0.0000 0.0000 0.0000 0.0000 0.0000
0.0458 0.0573 0.6486 0.7576 0.0000 0.0000 0.0000 175.6875 -33.9375 22.8750
0.0377 0.0862 0.7192 0.6884 -0.3500 19.1300 4.3200 23.6875 -87.7500 63.7500
0.0432 0.1453 0.7295 0.6670 -1.1100 13.8800 1.1100 -40.3750 -49.8125 31.1250
0.0547 0.1829 0.7011 0.6870 1.2900 11.3900 0.5000 -67.5000 -21.8125 3.4375
0.0692 0.1967 0.6708 0.7117 1.1300 9.6100 1.0500 -90.2500 -79.1250 104.1250
;
