0.9327 0.3538 -0.0699 0.0001 1.2400 6.4300 7.2100 0.3125 -0.2500 0.1875
0.9327 0.3538 -0.0699 0.0001 1.2700 6.4300 7.1800 -0.4375 -0.5625 0.0625
0.9329 0.3533 -0.0703 -0.0001 1.2400 7.8800 7.6500 -2.1875 -39.4375 7.1875
0.9133 0.3877 -0.1251 -0.0033 6.0100 14.2900 13.9300 0.8750 -266.6250 127.6250
0.8684 0.3726 -0.3272 -0.0052 7.4200 6.8100 2.9200 0.0000 0.0000 0.0000
0.7432 0.3000 -0.5936 0.0728 6.6400 4.3000 4.5600 -69.3125 -467.8125 422.0625
0.5045 0.1071 -0.8426 0.1550 2.5700 -3.1000 -7.2200 102.0625 -165.6250 298.0000
0.3674 -0.0388 -0.8869 0.2772 3.0000 -4.6800 -5.9400 183.1250 -26.8125 111.6875
0.3403 -0.0490 -0.8470 0.4055 5.6700 -7.8200 -12.3700 502.2500 109.5625 54.5625
0.3407 -0.0662 -0.7177 0.6036 1.7100 -11.5300 -0.0300 -23.2500 5.6250 27.4375
0.3015 -0.0887 -0.7327 0.6036 1.8400 -12.1200 0.0000 11.8750 -25.0000 -23.1875
0.2938 -0.0718 -0.7393 0.6016 1.0100 -11.3700 0.7100 23.5625 -4.5000 -29.8750
0.3007 -0.0520 -0.7363 0.6039 1.6700 -10.7000 1.5900 -130.6250 -50.1875 -97.1875
0.3264 -0.0228 -0.8058 0.4935 4.4300 -4.5900 -0.9700 -329.3125 -169.3125 -19.3750
0.2949 -0.0313 -0.8938 0.3364 3.9800 -3.0200 -1.8700 -275.1875 -119.5000 1.6875
0.2715 -0.0647 -0.9368 0.2109 4.8200 -2.3000 -4.3500 -71.2500 28.6875 4.6875
0.2567 0.0226 -0.9459 0.1970 7.3500 -2.3300 -8.6300 -35.0625 -2.8125 41.1250
0.2444 -0.0092 -0.9539 0.1740 4.6000 -1.1400 -8.0800 0.0000 0.0000 0.0000
0.2359 -0.0322 -0.9558 0.1725 4.7200 -0.9600 -7.7500 18.0000 11.1875 20.6250
0.2404 -0.0433 -0.9522 0.1835 3.8500 -1.7400 -6.8900 3.5000 7.9375 -1.2500
0.2468 -0.0455 -0.9503 0.1844 3.8900 -1.8200 -6.3800 8.3125 5.5000 -11.3750
0.2569 -0.0359 -0.9465 0.1917 5.1500 -2.9000 -9.2300 93.1250 17.6875 -20.8125
0.2786 -0.0063 -0.9263 0.2534 5.5800 -2.3500 -4.7200 99.5625 -6.8125 7.9375
0.2778 0.0201 -0.9044 0.3232 4.0300 -4.5400 -6.2900 70.5000 -42.5625 -28.3750
0.2553 0.0482 -0.8956 0.3611 5.4800 -6.9600 -7.9700 102.8750 -16.7500 22.5000
0.2371 0.0491 -0.8729 0.4236 3.4000 -7.9500 -2.9300 100.5000 -44.7500 53.5000
0.2097 0.0419 -0.8226 0.5269 2.9700 -7.8700 -3.7000 329.3125 41.5000 49.6250
0.2150 0.0111 -0.6970 0.6840 0.9000 -6.1700 5.1400 149.8750 69.1250 63.7500
0.2137 -0.0381 -0.6012 0.7690 -3.4700 -3.9700 7.2600 105.0625 101.1250 6.6250
0.2565 -0.0923 -0.5605 0.7820 2.9000 -17.0200 1.8200 -51.5625 78.5000 -8.8750
0.2760 -0.1179 -0.5754 0.7609 1.5800 -9.2700 3.9600 9.1875 -3.2500 8.0000
0.2798 -0.1172 -0.5681 0.7650 1.7600 -9.9700 3.2300 8.7500 5.2500 0.2500
0.2841 -0.1210 -0.5649 0.7652 1.5500 -9.3800 3.2000 -1.3750 0.0000 2.6875
0.2844 -0.1218 -0.5630 0.7664 -0.0300 -10.3000 4.8500 -4.8125 -90.1875 -53.8125
0.2664 -0.0532 -0.6143 0.7408 5.4300 -9.5700 0.8900 -323.0000 50.3125 -176.6250
0.3121 -0.0248 -0.7505 0.5820 4.8800 -8.8100 -4.6700 -129.0625 -0.5000 -77.4375
0.3138 -0.0106 -0.8024 0.5076 3.5300 -7.1000 -2.7100 22.0625 103.8750 -56.6250
0.3621 -0.0256 -0.7693 0.5258 3.7500 -7.4000 -4.2000 90.6875 139.8125 4.4375
0.4265 -0.0594 -0.7028 0.5663 4.9200 -6.9400 -0.0400 60.0625 83.6250 51.8750
0.4452 -0.0930 -0.6575 0.6006 3.9800 -7.0300 2.0500 42.5000 -28.2500 76.3125
0.4120 -0.1035 -0.6461 0.6341 3.6400 -7.9100 1.8100 39.1250 -40.5000 63.5625
0.3765 -0.1065 -0.6102 0.6889 -21.4300 11.9700 31.1000 35.6250 -199.6875 18.3125
0.3358 -0.0645 -0.6296 0.6976 -0.0100 -7.4300 7.6600 -203.8125 -122.1250 -23.5000
0.3066 -0.0576 -0.7141 0.6267 7.2300 -11.0500 -9.1600 112.2500 77.7500 78.6250
0.3242 -0.0861 -0.6348 0.6960 6.1800 -14.3200 -16.5400 33.1250 11.8750 -18.5000
0.3336 -0.0750 -0.6340 0.6936 1.5500 -9.4900 -1.9400 -66.3750 15.7500 -56.8750
0.3452 -0.0748 -0.6806 0.6419 4.0800 -7.6200 0.5900 -43.8750 -3.7500 -30.7500
0.3670 -0.0657 -0.7031 0.6055 1.6100 -4.5300 2.2200 -130.4375 51.5000 -198.1250
0.4595 -0.0309 -0.7346 0.4983 5.1200 -3.7800 -2.0600 -68.1875 143.2500 -278.3750
0.6269 0.0453 -0.7012 0.3365 10.3700 -2.7000 -4.5900 47.3125 361.0625 -316.8750
;
