0.9743 0.2079 -0.0862 -0.0032 1.6600 3.9600 8.7300 -0.4375 0.4375 -0.6875
0.9745 0.2073 -0.0860 -0.0043 1.5400 5.4800 8.1100 10.9375 62.2500 -62.6875
0.9719 0.2288 -0.0479 -0.0276 9.0800 11.3100 11.2200 226.1250 -42.0625 281.8750
0.9356 0.2797 -0.1891 0.1032 -4.1600 8.2200 9.0800 -91.5625 -400.0000 270.8750
0.8226 0.1956 -0.5060 0.1707 5.3800 -4.7100 -6.3300 70.9375 -376.0625 262.9375
0.5630 0.1731 -0.7507 0.2990 13.7600 -4.1500 -2.9800 232.1875 162.3125 198.6250
0.5179 0.1340 -0.7038 0.4674 5.4300 -7.6800 1.9500 -60.1250 -2.5000 38.5625
0.5105 0.1004 -0.7216 0.4567 8.9300 -7.4600 0.7200 -9.0625 -49.5625 55.5000
0.4854 0.0897 -0.7390 0.4584 6.1300 -7.0300 2.5700 -58.6875 -56.5625 -0.5625
0.4731 0.0892 -0.7829 0.3941 6.8100 -3.0400 -1.0900 -355.9375 -222.8750 -80.8750
0.4373 0.0471 -0.8849 0.1530 5.0500 -2.8300 -7.7000 -182.5625 -22.8125 -14.8750
0.4238 -0.0209 -0.9047 0.0389 4.7900 -1.7100 -7.9600 -90.1875 -4.5625 -34.0000
0.4182 -0.0978 -0.9025 -0.0303 5.6400 -1.4800 -7.2600 -71.9375 3.2500 -11.9375
0.4033 -0.1334 -0.9002 -0.0955 5.9600 1.7700 -6.6800 -75.0000 11.7500 -38.6875
0.3762 -0.1431 -0.9016 -0.1588 4.8900 5.1000 -5.8100 -66.1250 -19.1875 -35.4375
0.3555 -0.1409 -0.9002 -0.2085 7.5800 3.9400 -6.3000 -4.5000 12.3750 15.3750
0.3587 -0.1488 -0.8969 -0.2115 6.0600 2.9900 -6.2200 16.4375 11.8750 10.8125
0.3660 -0.1494 -0.8954 -0.2047 7.1100 2.8700 -5.6400 19.5000 15.0000 3.3750
0.4126 0.0931 -0.9014 -0.0920 7.0500 3.0500 -5.4700 65.3750 1.6250 -4.0625
0.4116 0.1210 -0.9027 -0.0323 8.4000 3.6700 -11.0300 420.2500 158.2500 34.4375
0.4527 0.2094 -0.8365 0.2269 4.8600 3.3800 1.2700 163.0000 262.5625 -43.5000
0.5670 0.2565 -0.7078 0.3342 8.6100 -0.1400 -0.9800 61.1250 428.0625 -268.9375
0.0000 0.0000 0.0000 0.0000 4.3000 -0.9700 2.0900 14.3750 540.8750 -306.4375
0.9305 0.2706 -0.0671 0.2377 0.6200 6.3000 10.8000 17.6875 131.9375 -105.3125
0.9413 0.2692 0.0247 0.2022 0.1500 6.5700 11.6600 100.3750 -37.8125 16.9375
0.9456 0.2565 0.0258 0.1986 -3.9300 9.9500 20.6600 -122.3125 48.1875 -28.3125
0.9558 0.2045 0.0092 0.2112 3.6300 8.8200 2.4500 -157.2500 39.6875 -22.8125
0.9803 0.0741 0.0086 0.1829 6.5500 -0.2100 0.1300 -52.4375 64.3750 104.2500
0.9698 0.0122 0.0600 0.2362 -3.5300 -10.0500 4.2200 76.5625 129.9375 14.0625
0.9560 0.0206 0.1603 0.2449 -3.1700 -1.6800 11.8900 -66.0625 55.7500 -28.8125
0.9545 -0.0374 0.1805 0.2346 -2.1000 -8.0600 7.4800 -142.8750 50.5000 -50.1250
0.9446 -0.1945 0.1761 0.1968 -2.6800 -4.6200 9.9500 -421.4375 -53.4375 -118.6875
0.8795 -0.4393 0.0806 0.1641 -0.6700 -5.9800 -3.9300 56.6875 -19.6875 -34.8125
0.8619 -0.4906 0.0319 0.1238 -1.3300 -4.3800 6.9100 37.4375 28.9375 27.0000
0.8702 -0.4702 0.0577 0.1354 -4.4500 -3.9700 9.0100 23.5000 -14.3750 1.5625
0.8811 -0.4478 0.0559 0.1414 -4.3000 -4.1800 7.0800 67.6250 -110.6875 -20.6875
0.9114 -0.3803 -0.0043 0.1572 3.2600 -4.1100 -3.7700 470.9375 -139.1875 21.5625
0.9724 -0.1040 -0.0419 0.2047 7.8100 6.6200 15.7800 224.5625 38.4375 164.1875
0.9554 0.1066 0.0166 0.2750 -1.0800 -0.0300 5.9800 148.3125 -39.5625 -34.8750
0.9530 0.1807 0.0311 0.2412 3.5600 5.9300 10.7300 -22.6250 15.7500 -59.0625
0.9511 0.1974 0.0711 0.2267 -1.8900 5.1800 9.2500 -294.5000 500.9375 -235.2500
0.9323 0.2364 0.1024 0.2538 4.7600 9.0200 15.3500 17.1250 -200.8750 81.2500
0.9252 0.2407 -0.0129 0.2929 5.6200 8.4900 10.8800 10.8125 -124.5625 345.1875
0.8391 0.2488 -0.1446 0.4617 12.6000 9.4400 6.7100 -34.0625 58.3750 402.2500
0.6649 0.1929 -0.2393 0.6808 1.9400 5.9400 7.7600 5.1250 -1.3750 328.0625
0.5224 0.1406 -0.2521 0.8024 0.4400 2.1200 5.5000 23.5625 67.0000 205.6875
0.4211 0.0609 -0.2325 0.8746 -1.1300 0.3400 4.8900 -24.2500 116.0000 94.8750
0.3718 -0.0287 -0.2221 0.9009 0.9600 -1.0200 6.2000 -61.4375 130.7500 40.0000
0.3630 -0.1501 -0.2145 0.8942 -0.7700 -6.1700 4.4000 22.1875 189.5000 19.0000
0.3831 -0.2523 -0.1537 0.8752 -9.9100 -7.3300 5.6700 25.6250 92.6250 -43.8125
0.4317 -0.2904 -0.1216 0.8453 -9.4600 -3.3900 7.5200 87.0000 98.9375 -183.2500
0.5536 -0.2964 -0.0838 0.7736 -2.7200 -2.9500 6.1800 67.1250 4.8125 -209.0625
0.7023 -0.2578 -0.0756 0.6592 -1.2700 -3.8000 2.2000 196.6250 100.1250 -286.6250
0.8496 -0.1774 -0.0057 0.4966 2.9900 -1.6000 1.4000 271.4375 -22.3750 -183.2500
0.9223 -0.0134 0.0537 0.3826 -0.2700 5.6400 5.1200 213.8125 60.2500 -75.7500
;
0.9389 0.1010 0.1227 0.3054 4.0100 9.9200 9.7700 112.3750 152.0000 -34.5000
0.9340 0.1312 0.1729 0.2836 -4.5800 5.4100 7.3200 104.7500 -3.0000 -46.0625
0.9302 0.1855 0.1714 0.2663 -32.0800 33.1200 39.6900 -375.5625 136.1250 -29.8125
0.9256 0.1921 0.1462 0.2915 -2.9900 5.1700 8.5400 37.3125 -12.8125 38.5000
0.9056 0.2440 0.1318 0.3209 -7.8600 14.8100 21.9500 -80.1250 -217.1875 76.3750
0.8996 0.2706 -0.0652 0.3364 5.1400 7.8400 4.8500 -119.0625 -303.6250 233.3125
0.7939 0.2625 -0.3784 0.3969 3.7400 -7.1100 -8.1000 17.1875 -465.3750 187.2500
0.6105 0.2842 -0.6060 0.4234 8.6500 -6.2700 -2.7700 56.0625 -213.7500 139.3125
0.4670 0.2994 -0.6760 0.4850 3.1200 -8.8100 2.0400 -30.2500 -10.8750 0.1250
0.4980 0.2664 -0.6683 0.4841 8.3800 -5.9200 1.1700 -17.1875 -8.8125 9.6250
0.4997 0.2593 -0.6775 0.4734 9.9600 -6.9700 1.6100 -24.8750 -32.9375 25.6875
0.4835 0.2507 -0.7048 0.4546 0.0000 0.0000 0.0000 -342.8125 -197.7500 -35.7500
0.4815 0.1923 -0.8301 0.2053 9.9500 -1.4100 -14.2400 -272.9375 -143.8750 -14.7500
0.4330 0.1185 -0.8922 0.0498 9.9900 2.7700 -5.7900 -88.0625 14.8750 75.1250
0.4218 0.0605 -0.9044 0.0242 3.7200 3.3900 -4.2500 -44.6250 -48.4375 -2.1875
0.3928 0.0453 -0.9185 -0.0084 2.7600 2.2600 -3.6400 -17.8750 -10.9375 -19.1875
0.4045 0.0468 -0.9129 -0.0270 6.3200 1.8000 -5.3400 13.8125 0.1250 -6.7500
0.4069 0.0499 -0.9118 -0.0229 6.4900 1.1100 -7.6500 50.3125 35.5000 -3.8750
0.4217 0.0647 -0.9044 0.0025 8.3400 0.7200 -6.4900 124.9375 46.7500 11.3125
0.4605 0.0997 -0.8743 0.1164 4.0600 2.7100 -7.5600 335.4375 401.6875 -23.9375
0.6357 0.1754 -0.6904 0.2973 2.3600 -0.9700 0.1300 193.8125 367.7500 -295.0625
0.8051 0.2864 -0.4225 0.3022 2.0100 1.1700 5.3000 42.0000 479.5625 -281.5625
0.9315 0.2661 -0.1011 0.2264 5.0100 6.6100 10.2500 -48.6250 140.8125 37.8750
0.9451 0.2284 0.0218 0.2326 -0.0100 5.7000 11.1000 -2.7500 189.4375 -17.8125
0.9471 0.1835 0.0980 0.2443 2.3400 7.1300 17.2400 45.1250 5.6875 29.8125
0.9421 0.2107 0.0751 0.2497 0.3900 4.6300 8.3300 0.8750 23.3125 2.8125
0.9396 0.2151 0.0712 0.2567 0.1400 3.9700 8.6200 18.0625 -32.7500 21.8125
0.9344 0.2353 0.0505 0.2625 -0.5300 5.5400 9.1300 143.3125 -124.9375 49.6250
0.9056 0.3319 -0.0194 0.2633 8.9000 11.0000 15.2800 -88.3125 -184.0000 173.4375
0.8796 0.3154 -0.1760 0.3095 11.3500 5.6300 6.1800 -10.8125 -183.5000 247.3125
0.7889 0.2939 -0.3507 0.4102 5.9200 4.2200 4.6700 -34.5000 -171.9375 296.3125
0.6544 0.2051 -0.5040 0.5250 1.1800 -1.7800 2.6900 -104.2500 476.6875 -20.3750
0.7980 0.0179 -0.3168 0.5124 5.0400 -1.9500 6.1800 -165.1250 550.4375 -151.0625
0.9085 -0.2038 -0.0356 0.3630 -10.4300 -1.6000 5.0500 76.5000 140.3750 -217.5625
0.9479 -0.2244 0.1227 0.1898 -4.3300 -8.8200 3.6400 202.7500 16.3750 -21.1250
0.9629 -0.1284 0.1745 0.1611 -8.8600 -2.7700 12.4400 68.3750 -15.9375 -23.1875
0.9697 -0.0876 0.1902 0.1262 -10.8000 12.7500 19.0000 -595.8125 -227.8750 -239.5625
0.9297 -0.3508 0.0616 0.0934 -4.1000 -2.5700 13.8700 -31.3750 -58.1250 -16.7500
0.9230 -0.3710 0.0595 0.0830 -2.1800 -3.5000 9.6500 7.6875 -19.8750 -9.0625
0.9282 -0.3604 0.0458 0.0799 1.5300 -4.1900 6.5600 104.8125 -64.3125 39.0625
0.9523 -0.2827 0.0190 0.1132 -0.4800 -1.2400 5.2900 263.9375 -129.1875 43.3125
0.9821 -0.1074 -0.0171 0.1542 6.1700 -4.3400 3.9000 201.0625 77.9375 134.6250
0.9745 0.0159 0.0656 0.2137 -3.5700 1.3000 9.7200 5.8125 -67.5000 12.0000
0.9671 0.0754 0.0647 0.2342 -3.2400 4.2300 13.5100 97.0625 -8.6250 34.1875
0.9510 0.1407 0.0775 0.2641 -1.1900 5.4400 25.4100 -200.1875 730.4375 -189.4375
0.9252 0.2195 0.1065 0.2905 2.2900 5.1300 7.7000 94.6250 32.1875 46.8750
0.9003 0.2834 0.1173 0.3087 3.7500 10.4400 15.8800 -18.6250 -168.8125 95.6875
0.8954 0.2994 0.0016 0.3296 9.1600 10.4600 13.9500 -95.0625 -269.6250 291.8750
0.8148 0.2659 -0.2437 0.4539 9.0900 6.1500 3.1000 5.1250 -158.6875 433.5625
0.6335 0.2162 -0.3751 0.6412 0.6300 3.2800 3.4800 63.2500 -3.7500 336.3750
0.4860 0.1442 -0.3662 0.7803 0.7000 0.4300 4.4700 96.0000 86.6875 177.0625
0.4199 0.0714 -0.2964 0.8548 0.6800 0.5200 7.2800 3.0000 110.0000 73.1875
0.3973 0.0024 -0.2618 0.8796 1.7100 -0.9200 8.7500 -48.8125 122.6875 51.0000
0.3909 -0.0916 -0.2461 0.8822 -1.9000 -6.3000 3.6100 5.5000 151.4375 10.3750
0.4056 -0.1888 -0.1994 0.8718 -9.6200 -6.3600 9.7500 13.8750 25.4375 1.3750
0.4156 -0.2030 -0.1779 0.8686 -5.5900 -5.0000 9.9800 5.4375 17.8125 -62.3125
0.4531 -0.2046 -0.1783 0.8492 -3.7000 -2.9900 8.8600 -39.6250 -16.5625 -39.7500
0.4844 -0.1946 -0.2134 0.8257 -5.6500 -4.5300 2.4300 23.1250 20.1250 -273.6875
0.6245 -0.1527 -0.2291 0.7309 -4.9200 -2.4600 0.5000 187.6250 105.1250 -414.2500
0.8397 -0.0430 -0.1273 0.5261 3.8200 5.8800 7.0000 151.5000 17.6875 -268.0000
0.9199 0.0593 -0.0706 0.3812 2.0900 7.4100 5.1300 147.6875 -0.2500 -198.8750
0.9442 0.1628 -0.0105 0.2860 2.4500 9.6100 13.7900 86.3750 18.2500 -21.6875
;
