0.8738 -0.2318 -0.4275 0.0018 7.0000 -4.5200 4.9100 2.6875 -11.9375 -13.1875
0.8708 -0.2285 -0.4354 -0.0008 6.7400 -4.3900 5.1100 -1.7500 -7.0625 -3.3750
0.8690 -0.2280 -0.4392 -0.0013 7.5600 -4.0400 5.1600 -0.3750 -0.8750 7.0625
0.8687 -0.2286 -0.4393 0.0010 8.1600 -3.8700 5.8900 -0.1250 4.0625 20.5625
0.8708 -0.2338 -0.4324 0.0111 11.0800 -2.6300 9.6200 -1.5000 48.5000 29.6250
0.8868 -0.2391 -0.3948 0.0208 10.8900 -3.4500 9.9500 40.1250 124.7500 15.5000
0.9211 -0.2292 -0.3138 0.0208 7.4900 -0.9100 10.0100 -82.4375 169.1250 52.4375
0.9279 -0.3102 -0.2063 0.0132 -1.2600 2.3300 11.8400 -493.6875 54.2500 14.3750
0.7963 -0.5832 -0.1537 -0.0462 3.9900 -3.2400 -2.3900 -195.1875 54.2500 97.9375
0.7107 -0.6948 -0.0925 -0.0595 6.2500 -4.7600 -6.3000 -69.6250 29.6250 43.5625
0.6642 -0.7391 -0.0743 -0.0839 4.1500 -9.4900 -8.9400 13.6250 38.1250 -59.9375
0.6523 -0.7438 -0.0851 -0.1187 1.5000 -11.9600 -7.7000 62.5625 3.0000 -43.1875
0.6777 -0.7165 -0.1055 -0.1273 1.3500 -9.9600 -7.0800 212.3125 23.1875 -121.5625
0.7493 -0.6193 -0.1632 -0.1683 2.9000 -7.0800 -5.3100 283.6875 39.1875 -116.2500
0.8474 -0.4199 -0.2456 -0.2128 4.0000 -0.5500 1.6500 255.7500 -49.3750 -196.3750
0.8587 -0.2057 -0.3953 -0.2530 5.9800 3.5400 2.5000 222.8125 -138.0625 -175.3750
0.8100 -0.0648 -0.5205 -0.2622 11.0800 4.9700 3.0300 210.3750 -162.0000 -23.3125
0.7679 0.0004 -0.6165 -0.1743 2.9200 -1.3500 3.7800 75.2500 -36.9375 -10.9375
0.7441 0.0579 -0.6534 -0.1265 20.0900 5.3600 -1.3400 10.8750 -36.6875 -1.3125
0.7305 0.0610 -0.6689 -0.1238 8.5400 5.8000 3.6000 -31.6875 15.0625 19.4375
0.7433 0.0458 -0.6558 -0.1238 14.1600 5.9400 2.6800 -19.6875 75.0000 30.5000
0.7779 0.0333 -0.6174 -0.1124 10.2600 1.3100 3.2600 46.8750 99.1250 19.4375
0.8206 0.0479 -0.5632 -0.0839 6.1500 1.8500 6.0800 29.3125 109.9375 -30.1250
0.8629 0.0740 -0.4927 -0.0857 10.1900 7.4500 5.8600 -73.5625 189.6250 45.4375
0.9204 0.0338 -0.3824 -0.0740 5.4500 5.8600 6.0900 -151.3125 167.1875 128.9375
0.9632 -0.0978 -0.2498 -0.0188 1.1400 0.6200 5.2500 -288.0000 161.6875 162.6875
0.9285 -0.3402 -0.1486 -0.0056 3.9500 7.2800 -5.1100 -617.0000 -0.0625 142.9375
0.7246 -0.6808 -0.1016 -0.0329 1.6500 -7.1100 -7.1100 -52.3125 33.3125 13.1875
0.6841 -0.7214 -0.0901 -0.0596 6.3700 -14.0800 -10.5600 61.0625 22.0000 -43.5000
0.6922 -0.7076 -0.1136 -0.0853 2.0300 -11.2700 -4.7400 91.0625 5.5000 -79.3125
0.7408 -0.6407 -0.1626 -0.1189 2.2100 -9.4300 -5.9000 265.3125 3.1875 -191.9375
0.8171 -0.4708 -0.2731 -0.1902 5.2200 -4.9900 -2.2000 296.0625 42.5625 -250.5000
0.8476 -0.2210 -0.3924 -0.2806 5.0600 5.7300 2.7100 271.5625 -87.0000 -206.1875
0.8052 -0.0351 -0.5076 -0.3047 6.1100 7.8900 3.6000 97.3750 -118.5000 -98.6875
0.7380 0.0313 -0.5920 -0.3225 10.0000 4.5200 1.5000 81.9375 -146.9375 -44.6250
;
0.6592 0.0547 -0.6839 -0.3077 17.5600 12.4200 2.9800 62.3125 -31.0625 173.0000
0.6633 0.0302 -0.7170 -0.2122 10.1400 6.7900 3.8400 72.7500 20.7500 8.1875
0.6700 0.0760 -0.7238 -0.1465 11.0700 5.6300 1.9300 -18.4375 73.2500 60.2500
0.7044 0.0618 -0.6971 -0.1184 15.0200 4.8400 0.3400 -48.1250 128.3750 63.0000
0.7580 0.0294 -0.6418 -0.1127 10.0900 1.6000 2.8900 -11.0000 110.7500 29.2500
0.8120 0.0086 -0.5758 -0.0948 7.5000 2.1700 5.8200 -58.1875 139.7500 42.6250
0.8802 -0.0483 -0.4684 -0.0593 7.3600 3.6800 5.2200 -66.5000 217.3125 146.1250
0.0000 0.0000 0.0000 0.0000 4.0600 -0.4000 4.5800 -184.1250 196.6875 167.9375
0.9410 -0.2712 -0.1997 0.0335 3.3800 -0.5200 6.6200 -334.0000 140.5000 72.3125
0.8312 -0.5462 -0.1033 -0.0023 -2.4700 -18.1600 -22.6400 -252.4375 2.1875 -60.7500
0.7127 -0.6950 -0.0803 -0.0508 -0.9900 -10.7300 -5.9700 -22.4375 3.8750 -37.6250
0.7036 -0.7005 -0.0948 -0.0728 3.7500 -7.1900 -2.6000 51.1250 -8.7500 -21.8125
0.7266 -0.6722 -0.1182 -0.0786 1.7700 -10.8700 -6.7800 156.1250 -10.0000 -51.6250
0.7922 -0.5763 -0.1694 -0.1075 0.9900 -6.1300 -4.5800 298.9375 -21.7500 -174.5000
0.8653 -0.3899 -0.2706 -0.1614 0.5300 -6.1200 -0.9700 296.1875 -41.7500 -292.1250
0.8622 -0.1469 -0.4148 -0.2509 3.4200 8.7000 6.0700 231.5625 -175.4375 -162.9375
0.7806 0.0331 -0.5742 -0.2447 14.8700 12.1000 -0.8600 362.8750 -239.6875 0.3125
0.6895 0.1447 -0.6982 -0.1272 11.7100 5.8400 -3.9600 186.6250 83.8125 99.3125
0.7075 0.1378 -0.6926 -0.0299 15.5800 10.2400 2.9200 -61.6875 78.1875 9.3125
0.7452 0.1073 -0.6570 -0.0384 12.5100 6.8800 3.2900 -73.3750 136.5625 9.7500
0.8058 0.0741 -0.5850 -0.0543 12.7300 3.4600 3.0500 -63.4375 179.0000 33.5625
0.8770 0.0345 -0.4752 -0.0634 7.9100 5.4800 4.6100 -105.4375 181.3125 60.3750
0.9277 -0.0385 -0.3673 -0.0552 8.3400 2.1700 4.8100 -164.3125 187.7500 183.9375
0.9485 -0.2076 -0.2380 -0.0231 -3.9500 2.5500 -3.8700 -646.5000 30.2500 55.8750
0.7846 -0.5988 -0.1414 -0.0768 -6.7000 -3.0500 0.5700 -304.7500 -6.6875 46.2500
0.6855 -0.7136 -0.1102 -0.0928 0.9000 -3.0900 -0.6200 -56.8125 -27.8125 33.8125
0.6707 -0.7296 -0.0976 -0.0917 1.4600 -7.0900 -1.7200 51.6250 2.6250 -11.1250
0.6888 -0.7076 -0.1119 -0.1107 3.1600 -8.3600 -2.1800 54.6875 -6.3750 -15.0625
0.7115 -0.6811 -0.1296 -0.1141 2.6500 -10.0800 -3.4100 108.6875 -7.3125 -45.5000
0.4955 -0.5768 0.2721 -0.5897 0.6600 -8.6300 -2.3700 202.4375 -43.2500 -135.8750
0.5210 -0.5330 0.1376 -0.6523 -2.8000 -6.5800 0.7900 239.9375 -92.3750 -201.6875
0.5166 -0.4744 -0.0810 -0.7081 2.7800 -0.2900 1.9300 215.6250 -138.5625 -168.8750
0.4869 -0.4489 -0.2766 -0.6964 7.9800 2.5500 1.3900 218.3125 -167.0625 -134.8750
0.4427 -0.4274 -0.4690 -0.6335 13.7400 4.7900 -2.7500 136.6250 -107.6875 -79.1250
0.4195 -0.4099 -0.5747 -0.5707 14.8700 6.9400 0.0700 94.4375 -32.2500 25.6875
;
0.4432 -0.3984 -0.6372 -0.4887 12.6500 8.8200 2.9300 22.7500 1.6875 24.1875
0.4619 -0.3991 -0.6400 -0.4667 10.8500 1.0800 -4.6600 86.6250 101.6875 -27.4375
0.4998 -0.3636 -0.6312 -0.4686 8.6600 1.4000 -1.3600 -13.2500 64.3125 -23.8125
0.5106 -0.3465 -0.6077 -0.5000 13.3200 5.1700 0.7000 -26.6875 80.5000 11.7500
0.5400 -0.3367 -0.5641 -0.5261 12.2400 5.1100 2.8100 -52.2500 110.1875 16.9375
0.5811 -0.3249 -0.4937 -0.5595 13.0100 7.8800 3.5800 -101.8125 214.1250 77.1250
0.6516 -0.3094 -0.3487 -0.5984 8.6600 10.8200 11.5200 -452.1250 255.6250 219.8750
0.6580 -0.4471 0.0239 -0.6054 3.4900 -11.0000 -5.9600 -339.4375 112.8750 74.3750
0.5740 -0.5339 0.2648 -0.5615 -0.2800 -7.1400 -5.6900 -131.8750 30.1250 35.2500
0.5198 -0.5743 0.3742 -0.5099 1.0100 -10.2500 -8.0400 -64.8125 19.0625 25.4375
0.4988 -0.5850 0.4096 -0.4911 -1.1100 -11.8500 -8.6700 80.1875 18.5625 -93.5625
0.4947 -0.5739 0.3466 -0.5530 1.6900 -9.3300 -7.1400 241.1875 29.6250 -168.5625
0.5104 -0.5151 0.1819 -0.6641 0.0200 -3.6600 -2.6700 308.0625 -37.8750 -304.7500
0.4619 -0.4304 -0.1133 -0.7672 5.8500 4.4100 3.1500 231.5000 -62.4375 -269.1875
0.3901 -0.3612 -0.3331 -0.7787 5.5300 9.6100 6.4600 181.2500 -139.2500 -98.1250
0.3549 -0.3517 -0.4747 -0.7245 8.7400 10.8700 5.5400 89.1875 -140.5000 -38.5625
0.3286 -0.3834 -0.5640 -0.6534 11.5300 6.1100 -2.3000 219.0000 -65.8125 79.3750
0.3950 -0.4023 -0.6297 -0.5344 14.1800 7.3200 1.1400 111.6250 75.5625 83.4375
0.4744 -0.3870 -0.6143 -0.4978 12.6500 7.9700 1.2200 -42.5000 99.1875 1.1250
0.5103 -0.3656 -0.5596 -0.5411 12.8700 5.1200 1.1600 -39.3125 143.8125 -7.1250
0.5384 -0.3269 -0.4952 -0.5983 13.3500 4.9700 3.1800 -96.4375 184.3750 42.6250
0.5880 -0.3003 -0.3780 -0.6490 7.3100 2.0600 5.7600 -135.8125 183.9375 134.6250
0.6483 -0.3373 -0.1641 -0.6626 4.9800 0.8700 0.9800 -432.3750 117.5000 218.9375
0.6299 -0.4622 0.0995 -0.6161 0.6900 -0.6000 2.6000 -365.0625 47.2500 53.3750
0.5364 -0.5566 0.2605 -0.5784 5.3800 -7.5700 -4.1400 -60.8750 59.6250 30.8750
0.5034 -0.5698 0.3259 -0.5620 3.4100 -19.2800 -13.8200 -38.1250 83.0625 -74.9375
0.4705 -0.5775 0.3439 -0.5716 0.5800 -11.8000 -4.3100 79.1875 4.2500 -104.7500
0.4631 -0.5716 0.2801 -0.6167 2.2800 -8.4300 -2.5000 168.0000 -16.4375 -114.0000
0.4739 -0.5374 0.1532 -0.6805 3.3500 -6.6100 0.0200 220.4375 -8.5625 -57.3125
0.5043 -0.4813 0.0125 -0.7169 3.5400 -5.1000 1.9900 219.3750 -66.2500 -193.2500
0.4680 -0.4317 -0.1669 -0.7528 8.1400 5.6700 3.9800 245.3125 -119.3125 -154.6875
0.4292 -0.3875 -0.3533 -0.7354 5.4900 1.0300 1.5500 96.0000 -89.7500 -86.1875
0.4010 -0.3716 -0.4547 -0.7031 8.5800 9.7700 6.8400 61.1250 -102.5000 -16.0625
0.3810 -0.3693 -0.5510 -0.6442 9.6700 8.6200 3.4000 100.2500 -58.3125 22.8750
0.3853 -0.3778 -0.5929 -0.5977 11.5000 6.2200 0.8000 -5.7500 -33.3125 10.1250
;
0.3785 -0.3974 -0.5906 -0.5917 10.0100 4.7000 0.8300 -20.1875 -1.3125 -7.5000
0.3769 -0.4059 -0.5783 -0.5990 8.6900 3.7500 -0.0800 -23.7500 20.7500 10.8125
0.3854 -0.4123 -0.5557 -0.6105 8.7600 2.7300 0.2200 -14.3750 28.6250 -3.6875
0.4022 -0.3988 -0.5490 -0.6147 8.0100 2.6900 0.4800 175.0625 5.1250 55.1875
0.4529 -0.3714 -0.5723 -0.5740 12.3300 3.9100 0.7500 24.6875 119.0625 42.3750
0.5251 -0.3492 -0.5212 -0.5751 10.1500 4.7200 4.4900 -51.4375 129.3750 79.7500
0.6014 -0.3496 -0.4206 -0.5823 9.4700 4.0100 5.7100 -102.1875 175.5000 147.8750
0.6818 -0.3561 -0.2587 -0.5843 5.8700 -2.7500 3.4800 -117.7500 190.1250 140.7500
0.7269 -0.3731 -0.0451 -0.5748 -1.2300 -5.0400 7.7200 -387.0000 126.4375 35.0625
0.6389 -0.4870 0.1835 -0.5666 1.9600 -3.4100 3.7400 -209.3125 103.9375 29.6250
0.5649 -0.5395 0.2949 -0.5504 1.2700 -3.7800 -5.8100 -207.1250 24.0000 90.9375
0.4985 -0.5916 0.3799 -0.5071 2.5300 -7.7600 -4.0700 -14.0625 28.3125 -35.3750
0.4692 -0.5986 0.3733 -0.5313 1.9300 -10.1200 -6.8600 130.1875 3.5625 -49.9375
0.4973 -0.5663 0.2979 -0.5859 -0.8100 -8.6300 -4.4800 0.0000 0.0000 0.0000
0.5060 -0.5125 0.1486 -0.6776 2.7900 -6.0300 -2.9300 325.7500 5.0000 -174.3750
0.5117 -0.4317 -0.0676 -0.7398 11.6600 1.4200 4.6100 188.7500 -99.8125 -22.2500
0.5175 -0.4176 -0.2266 -0.7116 5.5900 -1.1000 1.0600 192.6250 -94.8125 -180.8125
0.4501 -0.3774 -0.3997 -0.7037 8.2500 8.1400 3.1100 114.3750 -152.8750 -136.8750
0.3920 -0.3710 -0.5298 -0.6541 14.0900 6.4000 -1.0500 133.5000 -109.1875 -36.5000
0.3833 -0.3511 -0.6447 -0.5605 13.1500 14.2300 2.3000 134.1250 91.6875 27.5000
0.4609 -0.3001 -0.6947 -0.4635 11.0700 6.3600 -0.2500 -59.3750 141.5625 22.3125
0.5394 -0.2778 -0.6135 -0.5055 11.9700 9.7300 1.7600 -130.1250 245.9375 67.2500
0.6288 -0.2585 -0.4656 -0.5665 8.0000 4.1900 5.0700 -126.5625 228.4375 58.3750
0.6987 -0.2288 -0.2897 -0.6128 5.6800 0.6500 6.2500 -65.5000 201.8125 99.3750
0.7516 -0.1977 -0.1512 -0.6109 2.8800 -1.2200 5.7400 -95.9375 151.6250 93.3750
0.7776 -0.1985 -0.0372 -0.5955 2.3400 9.6200 15.2800 -493.5000 103.5000 98.8750
0.7032 -0.3964 0.1932 -0.5577 0.9000 7.5800 2.2900 -749.8750 35.0625 90.3750
0.5056 -0.6146 0.4122 -0.4435 -1.0600 -2.5800 -2.4600 -96.8125 68.3750 6.5000
0.4388 -0.6390 0.4626 -0.4303 6.6200 -12.0200 -14.0300 49.0000 61.8750 -24.3750
0.4172 -0.6415 0.4578 -0.4524 4.7600 -12.1000 -10.1800 86.3125 -21.9375 -12.6250
0.4504 -0.6325 0.4071 -0.4810 3.0200 -8.8200 -6.8100 254.3125 -1.6250 -75.4375
0.5224 -0.5748 0.2807 -0.5638 2.9200 -5.7400 -1.0100 230.5000 13.0625 -122.0625
0.5738 -0.4894 0.1133 -0.6469 8.7400 -3.2400 4.8400 233.1250 -81.8125 25.6250
0.6429 -0.4462 -0.0286 -0.6219 7.5600 -3.1400 7.2200 129.1875 -107.6875 -99.5000
0.6285 -0.4413 -0.1580 -0.6207 8.3400 -3.1200 4.6200 52.1875 -114.6250 -141.3750
0.5651 -0.4445 -0.2916 -0.6309 8.8300 2.9000 5.5400 89.6250 -142.2500 -134.6875
0.5093 -0.4335 -0.4114 -0.6193 11.9500 2.1400 1.3900 153.3750 -96.1250 -16.1875
0.5026 -0.4112 -0.5015 -0.5716 9.8600 3.2600 1.2300 122.7500 -31.7500 -8.7500
0.5123 -0.3886 -0.5481 -0.5350 10.4000 2.4100 1.4600 -0.8750 38.8750 2.1875
;
0.5269 -0.3727 -0.5411 -0.5391 9.6600 3.6400 3.1200 -11.5000 18.8125 12.8125
0.5387 -0.3627 -0.5309 -0.5444 10.1400 1.9300 2.0300 -15.0625 22.3750 37.6250
0.5538 -0.3634 -0.5086 -0.5500 9.0900 0.4800 1.8400 -4.6250 33.3750 13.3750
0.5665 -0.3593 -0.4889 -0.5577 12.1200 3.1100 4.2900 3.2500 79.0000 63.6875
0.6056 -0.3506 -0.4478 -0.5566 12.0100 2.8100 6.5200 -32.1250 91.0625 29.1875
0.6402 -0.3471 -0.3780 -0.5717 5.0600 9.3200 11.7600 -324.7500 179.7500 144.7500
0.6711 -0.4251 -0.1269 -0.5939 1.6300 -4.1900 4.4000 -242.0625 127.5000 77.8125
0.6340 -0.4919 0.0518 -0.5945 1.9800 -8.8500 -1.1800 -143.7500 80.2500 52.1875
0.5775 -0.5389 0.1783 -0.5867 1.3500 -5.3600 -2.7300 -235.1875 34.2500 81.6250
0.5115 -0.5947 0.2927 -0.5468 0.7000 -7.9400 -3.5100 -179.6875 23.1250 -26.5000
0.4457 -0.6331 0.3450 -0.5307 0.5200 -8.7100 -4.9700 28.8125 -3.0000 -26.3750
0.4505 -0.6236 0.3186 -0.5538 2.1800 -9.3200 -5.5000 139.0000 2.3750 -71.6250
0.4775 -0.5865 0.2275 -0.6134 1.5500 -5.6000 -3.8200 229.5625 25.7500 -257.1250
0.4535 -0.5137 0.0510 -0.7265 -0.9800 -3.1500 0.3100 226.0625 33.9375 -328.0625
0.3548 -0.3992 -0.1852 -0.8249 3.7300 7.0300 2.9700 312.2500 11.8125 -216.8750
0.2978 -0.3007 -0.3828 -0.8212 7.2400 6.7200 3.4500 137.7500 -63.0000 -68.1875
0.2623 -0.2964 -0.4842 -0.7803 17.3200 15.4500 3.9600 184.3125 -83.7500 165.6250
0.3396 -0.3623 -0.5773 -0.6482 16.9700 15.0200 6.2400 144.5625 142.1875 173.2500
0.4655 -0.3633 -0.5627 -0.5786 11.9300 7.6400 3.2800 -45.5625 97.4375 58.5625
0.5158 -0.3553 -0.4911 -0.6054 10.1800 4.4900 3.4700 -45.9375 133.3750 85.3125
0.5640 -0.3393 -0.4106 -0.6310 11.9600 2.7300 5.5200 -39.4375 128.2500 78.8750
0.6144 -0.3152 -0.3269 -0.6451 7.8700 -0.8600 6.5500 -26.3750 73.8750 -44.4375
0.6165 -0.2800 -0.2749 -0.6826 6.8200 -0.2200 7.5400 -20.0625 65.6875 -11.5625
0.0000 0.0000 0.0000 0.0000 0.8000 8.3000 14.1800 -448.4375 57.6250 152.6875
0.6094 -0.4326 0.0732 -0.6604 4.0200 -6.3600 -5.7200 -293.6250 38.0000 127.3125
0.5388 -0.5420 0.2802 -0.5809 3.0000 -9.1900 -6.0300 -45.8750 64.9375 -116.2500
0.4955 -0.5642 0.3004 -0.5881 5.9800 -9.6500 -5.7400 -179.5625 -13.5000 -1.8750
0.4656 -0.5989 0.3474 -0.5511 -0.9000 -12.2700 -4.8200 41.1875 -7.4375 -33.3750
0.4678 -0.5951 0.3260 -0.5663 2.8800 -8.8000 -0.5700 57.0625 -1.3125 -30.1875
0.4797 -0.5839 0.2930 -0.5856 2.6800 -9.0300 -1.7400 96.8750 -11.2500 -42.1875
0.4973 -0.5668 0.2349 -0.6133 2.6500 -9.5400 -2.6300 147.2500 -11.5000 -68.8750
0.5244 -0.5236 0.1264 -0.6595 5.2600 -6.9400 1.0300 194.8125 -24.8125 -172.0000
0.5184 -0.4670 -0.0384 -0.7153 5.2700 -1.1800 5.8200 205.1250 -38.6250 -177.7500
0.4752 -0.4002 -0.2223 -0.7514 6.1500 0.1400 3.6200 163.2500 -55.8125 -201.5625
0.4017 -0.3479 -0.3737 -0.7603 9.1100 7.3400 5.2100 119.5625 -81.9375 -108.3125
0.3370 -0.3175 -0.4900 -0.7386 10.6600 11.7600 1.9000 241.1250 -87.5625 -62.6250
0.3058 -0.2803 -0.6404 -0.6464 8.4100 11.9100 1.4700 193.0000 -3.0625 64.9375
;
