0.7009 -0.1533 -0.6963 0.0227 9.9300 -2.4900 -0.7100 64.0625 -13.2500 50.0625
0.6827 -0.1618 -0.7080 0.0807 10.3700 -5.0000 -3.6900 -30.9375 -35.5625 66.8750
0.6229 -0.2181 -0.7430 0.1114 13.0900 -1.0500 -4.0500 110.5000 -67.0625 174.4375
0.6080 -0.2458 -0.7231 0.2168 6.4000 -6.9600 -1.8600 194.9375 29.1875 135.1250
0.6492 -0.2423 -0.6193 0.3691 2.0200 -6.8100 3.3800 154.5000 56.1875 148.7500
0.6578 -0.2648 -0.5504 0.4408 0.9500 -11.5700 6.3000 -78.4375 -7.6250 30.0000
0.6476 -0.3111 -0.5549 0.4194 2.9600 -10.0600 6.1000 35.8750 51.0625 -84.1875
0.6658 -0.2939 -0.5545 0.4034 7.0800 -14.0100 3.9000 10.7500 -41.7500 -71.8125
0.6459 -0.2592 -0.6283 0.3476 -5.2700 -2.7100 11.6800 -981.8750 -413.3125 -348.5625
0.3221 -0.3402 -0.8707 -0.1496 23.3900 10.5300 -16.0200 -146.7500 -61.1875 107.1250
0.2531 -0.3852 -0.8375 -0.2935 7.5100 8.9900 -11.2300 97.3125 -35.3750 32.9375
0.2738 -0.3960 -0.8455 -0.2308 4.5000 3.1800 -3.9800 88.6875 32.5625 41.3750
0.3190 -0.3963 -0.8417 -0.1810 13.8700 0.6500 -8.5800 134.5625 101.6875 21.7500
0.4197 -0.3796 -0.8124 -0.1404 16.0200 -1.7000 -13.0300 387.7500 268.0625 221.6875
0.6531 -0.3475 -0.6725 0.0187 6.4700 -2.0200 -3.4000 175.3125 295.5625 104.1250
0.8128 -0.2964 -0.4968 0.0688 1.3000 -4.3200 0.1600 230.8750 233.5625 15.3125
0.9290 -0.1567 -0.3127 0.1208 0.0200 -8.3400 -4.6400 393.5625 36.8125 87.1875
0.9440 0.0065 -0.2628 0.1994 -0.6500 -0.0100 -0.0100 0.0000 0.0000 0.0000
0.8868 0.2438 -0.2787 0.2765 8.0900 18.7200 5.7200 239.3750 -136.5000 -2.7500
0.8080 0.3932 -0.3190 0.3010 15.1300 10.1400 7.7200 63.4375 -54.1250 16.8750
0.7731 0.4221 -0.3524 0.3163 8.9200 3.9200 5.9800 30.2500 16.1250 -0.3125
0.7678 0.4329 -0.3383 0.3295 9.4300 7.6300 7.0600 14.9375 69.8125 -32.9375
0.7905 0.4237 -0.2902 0.3338 9.9800 13.7000 7.9500 -162.3750 99.1250 1.4375
0.8547 0.2946 -0.2767 0.3256 6.3600 10.1900 0.7800 -425.5625 108.6250 97.1250
0.8956 0.0222 -0.3021 0.3259 2.4600 -13.1800 -7.4500 -144.3125 160.6250 -26.0000
0.9146 -0.0889 -0.2569 0.2994 0.9800 -4.8000 3.9200 -10.5625 -12.5625 4.1875
0.9122 -0.0980 -0.2553 0.3051 1.5800 -6.5200 0.6900 108.5000 -59.2500 -3.5625
0.9106 0.0018 -0.2650 0.3169 2.5500 -0.5700 0.9400 219.9375 -188.7500 15.1250
0.8565 0.1747 -0.3286 0.3575 12.2600 9.5600 9.5000 98.6250 -151.0625 -16.7500
0.8009 0.2663 -0.3937 0.3641 14.9100 5.2800 8.4800 16.2500 -52.1250 -45.7500
0.7903 0.2814 -0.4186 0.3478 9.2500 2.1200 6.3300 -69.2500 7.8125 -25.1250
0.8232 0.2434 -0.4153 0.3011 9.8400 1.1200 0.8600 -69.3125 36.1250 13.6875
0.8594 0.1834 -0.3943 0.2687 6.2000 2.0000 6.2900 -161.5000 31.8750 -79.5625
0.8995 0.0653 -0.3880 0.1897 5.8500 8.5400 12.6400 -568.0625 1.2500 -86.4375
0.8518 -0.2690 -0.4486 -0.0275 25.0100 8.6800 6.4500 -605.5000 156.8750 233.5625
0.6652 -0.6626 -0.3107 -0.1483 13.9900 -0.1400 -11.4300 -302.3125 146.5625 276.3125
0.5436 -0.8210 -0.0888 -0.1501 -1.7800 -4.3800 -10.9400 -81.6250 10.0000 147.7500
0.5162 -0.8474 0.0011 -0.1245 0.1900 -8.4100 -10.9500 83.5625 -5.5625 1.8125
0.5546 -0.8239 -0.0069 -0.1165 -1.8900 -9.3300 -11.8100 177.0000 -76.6875 -55.1875
0.6682 -0.7347 -0.0942 -0.0701 6.4300 0.5000 -20.5400 538.8750 -98.4375 -34.6250
0.8961 -0.4058 -0.1799 0.0059 12.1200 27.7600 -1.2600 630.3125 -118.5000 -25.1875
0.9761 -0.0087 -0.1937 0.0980 5.8800 18.2500 25.1300 346.4375 -134.5625 119.3125
0.9391 0.2367 -0.1434 0.2035 -1.6700 11.6800 32.3600 36.2500 -116.4375 61.3125
0.9196 0.2744 -0.1733 0.2215 6.7800 4.9800 9.8200 -32.1875 23.9375 -8.7500
0.9273 0.2510 -0.1774 0.2135 3.5600 2.4900 3.8000 -30.3750 35.7500 -12.6875
;
0.9342 0.2280 -0.1781 0.2088 3.6500 2.6800 6.8200 -23.2500 6.6875 -1.1250
0.9383 0.2148 -0.1782 0.2041 6.0200 3.5100 9.7500 -21.3125 -19.0000 -2.4375
0.9394 0.2094 -0.1879 0.1962 4.3600 3.0700 8.9400 -20.6250 -9.3750 -3.6250
0.9413 0.1998 -0.1938 0.1908 4.1400 3.2700 8.9000 -28.0000 -29.6250 -7.8125
0.9585 0.1426 -0.2469 0.0074 2.6400 5.1400 11.2700 -47.6250 -177.5625 -24.3750
0.9249 0.1079 -0.3636 -0.0281 7.5400 7.9700 9.5100 -184.2500 -350.2500 140.0000
0.8232 -0.0453 -0.5658 -0.0082 6.4100 3.6300 -6.4900 -50.9375 -54.6250 445.9375
0.7400 -0.2557 -0.5857 0.2098 1.4900 -9.7600 -7.8200 178.3750 58.9375 286.1250
0.7512 -0.2922 -0.4691 0.3610 -6.6900 -3.9600 15.8500 -131.8750 -97.7500 53.4375
0.7217 -0.3561 -0.4744 0.3567 3.8200 -12.5000 4.9600 -57.0000 5.1250 -45.1875
0.7208 -0.3749 -0.4888 0.3180 1.3700 -9.6700 6.6800 -29.0000 34.6250 -57.8750
0.7393 -0.3701 -0.4936 0.2700 3.4600 -9.3000 8.4600 -13.0000 75.9375 -207.3750
0.7647 -0.3495 -0.5126 0.1739 -6.6300 -10.2600 11.7800 -664.1875 -194.7500 -428.3750
0.4124 -0.5052 -0.7210 -0.2343 39.4700 24.3400 -5.9900 -166.9375 -206.3125 188.6250
0.2374 -0.5817 -0.7111 -0.3158 -4.7800 3.2700 0.0600 36.8125 -95.3750 -66.9375
0.2291 -0.5836 -0.7332 -0.2634 2.8900 2.9800 -6.9700 139.7500 60.6875 21.1250
0.3199 -0.5496 -0.7420 -0.2121 12.9200 1.3200 -8.5200 176.8750 120.0625 71.1875
0.4481 -0.5090 -0.7196 -0.1492 19.4100 -3.8500 -8.0000 183.0000 311.2500 87.0625
0.6719 -0.4363 -0.5943 -0.0704 4.1900 -4.7700 1.5100 309.5000 388.8125 107.8750
0.8787 -0.3030 -0.3662 -0.0452 0.3500 -5.8700 -3.3000 428.6250 273.3750 67.1250
0.9732 -0.0925 -0.2097 -0.0189 2.2300 -4.8000 3.2100 58.0625 -9.2500 -32.3750
0.0000 0.0000 0.0000 0.0000 0.0000 0.0000 0.0000 0.0000 0.0000 0.0000
0.9672 0.0857 -0.2389 -0.0099 7.3400 -1.3600 -3.0200 0.0000 0.0000 0.0000
0.0000 0.0000 0.0000 0.0000 5.5900 9.0100 13.0400 133.8125 -180.7500 94.3750
0.8617 0.2945 -0.4039 0.0875 11.2800 7.7900 9.9800 0.0000 0.0000 0.0000
0.8431 0.3049 -0.4279 0.1147 9.7400 9.1100 10.2700 -4.3125 24.3750 33.6250
0.8493 0.3005 -0.4152 0.1264 9.5500 11.4300 9.9200 -83.8125 83.3750 -19.3750
0.8949 0.2429 -0.3582 0.1088 9.8000 7.1400 5.7800 -177.7500 99.0625 21.9375
0.9337 0.1348 -0.3181 0.0945 7.3600 -1.8600 -1.1500 -241.7500 115.2500 18.8750
0.9622 -0.0396 -0.2599 0.0709 3.4800 -6.5700 -1.3700 -82.5625 64.3125 -9.1875
0.0000 0.0000 0.0000 0.0000 1.8400 -6.5300 -1.0000 37.8125 25.1250 -23.3750
0.0000 0.0000 0.0000 0.0000 0.0000 0.0000 0.0000 114.4375 -83.1250 20.3750
0.9594 0.0269 -0.2645 0.0948 5.1100 -1.1200 1.1400 239.6875 -177.6250 37.4375
0.9066 0.1801 -0.3555 0.1387 15.3100 20.0500 19.8200 -72.9375 -106.5000 91.2500
0.8656 0.1741 -0.4454 0.1484 17.8800 8.0400 11.0700 -96.1250 39.8125 2.1250
0.8940 0.0807 -0.4264 0.1109 15.5800 12.4200 17.9600 -675.6875 222.5625 -160.6250
0.8940 -0.3295 -0.2792 -0.1190 -0.0600 -1.1100 -4.5400 -495.3125 -0.8125 33.0000
0.7288 -0.6500 -0.1229 -0.1768 2.4100 -2.9000 -4.3300 -204.6250 151.3125 194.4375
0.6551 -0.7364 0.0414 -0.1639 -1.5900 -6.1700 -7.8300 -100.8750 -1.3750 72.5625
0.5931 -0.7864 0.1017 -0.1393 0.1000 -7.7700 -4.0100 -20.8125 0.9375 21.0625
0.5884 -0.7892 0.1091 -0.1381 -2.3500 -8.0700 -8.6300 109.5000 -69.5625 -55.0000
0.6456 -0.7513 0.0482 -0.1286 -0.0300 -2.2400 -21.3000 404.0625 -125.3750 -129.1875
0.8266 -0.5362 -0.1308 -0.1101 0.0000 0.0000 0.0000 0.0000 0.0000 0.0000
0.9506 -0.1254 -0.2769 -0.0623 7.7300 27.4700 34.5200 403.8750 -85.1250 63.5625
0.9517 0.1625 -0.2603 0.0057 4.9900 9.6600 26.3700 61.1250 -6.8125 11.5000
0.9387 0.2206 -0.2639 0.0236 5.1300 5.2300 13.3700 -65.0000 0.8750 0.3750
0.9435 0.1920 -0.2698 0.0123 5.5700 2.6300 5.7000 -29.2500 43.6250 -15.5625
0.9521 0.1658 -0.2568 0.0036 4.5200 1.9900 5.8200 5.6875 34.8125 -5.3125
;
