0.8425 0.5029 -0.1930 -0.0095 2.9100 7.5800 3.8000 -0.5000 -1.3750 0.0625
0.8425 0.5025 -0.1938 -0.0101 3.2000 8.3800 4.1300 1.8125 -1.5625 -1.5000
0.8420 0.5032 -0.1938 -0.0111 3.3700 8.3400 3.8900 2.3750 1.8125 -1.8750
0.8416 0.5039 -0.1941 -0.0110 3.4000 8.4600 4.2800 1.1250 -1.6250 3.7500
0.8412 0.5040 -0.1959 -0.0092 3.5900 8.7100 4.2900 -1.7500 -3.7500 9.3750
0.8413 0.5024 -0.1993 -0.0052 3.6900 8.7900 4.5100 -3.1250 -10.8125 29.0000
0.8402 0.4971 -0.2164 0.0095 6.4000 10.8000 5.6400 -13.2500 -33.0625 139.7500
0.8342 0.4716 -0.2761 0.0736 8.5200 9.8100 0.3400 163.5625 35.5625 257.7500
0.7811 0.4722 -0.3245 0.2481 3.6100 6.7600 6.0900 -40.9375 50.3750 254.6875
0.7510 0.3828 -0.3680 0.3925 6.6800 2.8100 4.6400 -53.8750 66.0625 185.8125
0.7303 0.2839 -0.3899 0.4837 8.0000 2.8900 7.5800 -91.3750 75.6250 164.6250
0.7030 0.1639 -0.4133 0.5550 4.5600 -1.7400 6.7700 -184.2500 37.5000 199.6250
0.6309 -0.0375 -0.5316 0.5640 3.2600 -2.3400 -6.1900 -337.3125 -66.0625 146.3750
0.5209 -0.1905 -0.6626 0.5034 1.4100 -5.0600 -0.4600 -136.0625 -64.6875 90.2500
0.4395 -0.2567 -0.7083 0.4891 1.4800 -7.8600 -7.5500 -14.6250 -43.5000 35.1250
0.4185 -0.2667 -0.7217 0.4826 4.2600 -8.6600 -5.7500 5.6250 15.8125 -38.3125
0.4373 -0.2503 -0.7203 0.4766 3.3600 -8.4300 -4.1700 82.9375 32.4375 -55.1250
0.4768 -0.2126 -0.6931 0.4971 5.1900 -6.9700 1.2700 55.8125 12.9375 -31.0000
0.5055 -0.1761 -0.6691 0.5156 6.5700 -7.7800 1.8900 30.3750 34.3750 -29.6250
0.5332 -0.1478 -0.6528 0.5174 4.9100 -9.6300 -0.6300 51.0000 61.5000 -102.5625
0.5901 -0.1088 -0.6241 0.5004 7.1200 -9.4100 2.8000 8.1250 16.5000 -25.1875
0.6095 -0.0967 -0.6129 0.4934 7.9100 -5.9800 3.9700 -26.7500 25.3750 -37.6250
0.6379 -0.0904 -0.6021 0.4717 3.6900 -4.6900 1.4500 73.7500 20.4375 -38.4375
0.8057 -0.2671 -0.5004 0.1705 2.2300 -2.8800 4.4300 56.0000 56.1250 -202.1875
0.8490 -0.1774 -0.4891 0.0926 7.3500 -2.0500 8.4200 58.8125 -114.1875 22.6250
0.8345 -0.1323 -0.5226 0.1143 13.4900 -5.2200 4.5800 40.3125 70.0625 -88.9375
0.8632 -0.0911 -0.4899 0.0817 12.9000 -0.7800 7.8700 -11.4375 95.1875 14.9375
0.8938 -0.1005 -0.4287 0.0854 7.7800 -0.6100 10.0700 -45.4375 90.0625 63.1875
0.9081 -0.1456 -0.3777 0.1075 5.4700 -3.1200 4.4400 -3.0625 114.2500 43.2500
0.9278 -0.1716 -0.3066 0.1255 1.2100 -2.0300 6.2000 -17.1250 99.8750 39.3125
0.9435 -0.1943 -0.2375 0.1250 0.0500 -2.7100 6.6500 60.0000 -14.3125 -0.4375
0.9536 -0.1633 -0.2238 0.1176 0.0000 0.0000 0.0000 24.1250 -27.4375 44.4375
0.9449 -0.1644 -0.2427 0.1456 0.0200 -0.3700 14.7400 -202.8750 -83.8750 56.6250
0.9178 -0.2612 -0.2535 0.1587 2.4400 -5.1000 7.3700 -25.8750 -62.1250 27.3125
0.9042 -0.2747 -0.2755 0.1763 5.8700 -7.9000 2.8200 168.5000 64.2500 9.2500
0.9111 -0.2589 -0.2639 0.1823 4.1300 -3.0600 7.3400 10.1250 9.6250 -17.4375
0.9093 -0.2543 -0.2742 0.1826 2.8600 -3.2400 11.3900 -109.3125 -45.3125 -1.3750
0.8865 -0.3032 -0.3093 0.1631 5.7800 -5.5200 4.8400 -77.6250 -37.0625 -8.0625
0.8647 -0.3384 -0.3405 0.1480 6.9600 -7.4600 1.4600 -6.8750 18.3125 -1.6250
0.8755 -0.3267 -0.3251 0.1453 4.9900 -8.4300 -3.3500 323.7500 134.3125 -31.7500
0.9222 -0.2227 -0.2828 0.1417 6.0900 -0.8700 6.2100 -100.4375 7.0625 -28.9375
0.8984 -0.2643 -0.3255 0.1304 4.9000 -4.6300 8.0300 88.0625 82.7500 35.4375
0.9236 -0.2244 -0.2766 0.1420 5.5200 -4.5600 3.9100 -4.8750 -29.2500 -38.3750
0.9194 -0.2130 -0.3082 0.1194 3.9600 -4.4500 2.3200 147.8125 26.0625 -63.5000
0.9431 -0.1201 -0.2936 0.0995 2.6300 -1.4000 6.5100 67.0000 -6.3750 -143.7500
0.9515 -0.0398 -0.3045 0.0194 3.1700 0.3100 4.5600 82.6250 -19.8750 -221.9375
0.9399 0.0657 -0.3177 -0.1063 3.9500 5.3900 7.4800 99.1250 -36.2500 -233.1250
0.8897 0.1884 -0.3371 -0.2434 12.4300 11.2600 7.8700 122.8750 -49.7500 -54.8750
0.8538 0.2523 -0.3710 -0.2642 6.8400 8.1400 6.2300 33.5000 -29.0625 2.7500
;
0.8437 0.2647 -0.3887 -0.2590 6.1900 8.7100 8.2500 -22.2500 -5.1250 19.1250
0.8489 0.2493 -0.3912 -0.2534 4.9700 5.4100 4.9500 -14.1250 -6.5625 21.8750
0.8533 0.2384 -0.3941 -0.2446 5.1800 5.8700 5.6000 -3.5000 -3.1875 -3.6875
0.8531 0.2376 -0.3964 -0.2423 6.6700 5.5800 4.8300 7.5625 -4.2500 16.6875
0.8531 0.2374 -0.4020 -0.2328 6.1100 6.1100 5.5800 4.2500 -4.3750 2.8750
0.8527 0.2383 -0.4053 -0.2275 7.2900 7.5200 6.3700 11.8125 -21.7500 84.7500
0.8572 0.2207 -0.4291 -0.1801 8.1900 6.3200 3.8000 79.0625 37.1250 142.9375
0.8694 0.2322 -0.4308 -0.0670 6.7600 6.3200 6.7300 34.3125 73.1250 168.9375
0.8839 0.2040 -0.4178 0.0508 6.7300 3.1900 5.7000 -57.0625 61.0000 142.6875
0.8975 0.1199 -0.4042 0.1292 6.8400 2.7800 8.6900 -83.1250 43.7500 127.7500
0.9000 0.0264 -0.3916 0.1898 5.2900 1.9900 8.5700 -107.8750 16.0000 181.5000
0.8748 -0.0895 -0.3935 0.2683 5.5200 -2.1700 6.7700 -191.8125 25.0000 191.5625
0.7936 -0.2895 -0.4280 0.3210 1.7600 -6.6500 -5.8500 -264.2500 -99.6875 109.8750
0.6671 -0.4666 -0.5030 0.2905 -2.4400 -6.1600 -8.6500 -142.2500 -69.1250 -1.2500
0.5890 -0.5511 -0.5447 0.2292 3.3000 -6.6400 -4.5200 -22.4375 0.6250 -10.5625
0.5772 -0.5612 -0.5519 0.2175 3.3900 -9.4000 -4.9100 -3.0625 -4.3750 -24.2500
0.5789 -0.5542 -0.5599 0.2107 6.2600 -8.5600 -2.0400 19.3750 9.3125 -0.2500
0.5891 -0.5450 -0.5574 0.2126 4.7400 -8.9600 -2.4100 30.5000 1.6875 -4.0625
0.6008 -0.5339 -0.5533 0.2186 4.0100 -9.4900 -4.0700 48.2500 19.1875 -30.1875
0.6256 -0.5103 -0.5482 0.2184 4.3000 -8.7700 -5.7800 118.7500 51.1250 -22.0000
0.6913 -0.4416 -0.5208 0.2364 3.0100 -5.0000 -2.3700 208.8125 46.0625 -126.3125
0.7780 -0.3078 -0.4910 0.2430 7.5300 -2.8000 7.1000 95.6250 25.0000 -35.6250
0.8147 -0.2339 -0.4667 0.2526 3.3000 -5.1900 4.2600 57.6875 -48.1875 -29.6250
0.8152 -0.1912 -0.4833 0.2556 10.8100 -5.6900 9.0300 -24.3125 -25.8750 -29.3750
0.8149 -0.1847 -0.5008 0.2259 12.7700 -5.4200 7.9300 -63.1250 62.0000 -42.1875
0.8356 -0.2158 -0.4731 0.1772 6.8200 -4.3600 6.6200 -144.3125 75.3750 36.3125
0.8417 -0.2939 -0.4276 0.1493 2.7500 -5.0500 1.4700 42.5625 94.4375 45.6875
0.8710 -0.2950 -0.3592 0.1594 0.7000 -4.6800 -1.2400 -464.7500 -260.9375 -52.2500
0.8415 -0.3128 -0.4063 0.1705 5.5000 -4.1600 10.6100 39.8750 108.1250 -15.8125
0.8539 -0.3163 -0.3765 0.1704 7.4800 -5.9500 2.8400 -96.8125 -51.9375 26.1250
0.8069 -0.3772 -0.4238 0.1639 7.9800 -8.8900 -1.8800 -47.5000 -17.1250 28.6875
0.7924 -0.4022 -0.4269 0.1679 5.0300 -8.1300 -2.2400 146.1250 77.0000 -10.0625
0.8643 -0.3084 -0.3536 0.1811 -8.5400 10.7600 15.8500 -194.4375 -23.8125 -53.5000
0.8514 -0.3233 -0.3900 0.1360 6.8100 -4.3300 7.3100 104.7500 121.8125 -24.0000
0.8982 -0.2701 -0.3188 0.1365 3.5700 -4.5200 9.4900 -14.1250 3.5000 -47.5000
0.9084 -0.2579 -0.3118 0.1046 3.9700 -6.4100 2.6400 89.4375 65.6250 -81.0000
0.9375 -0.1973 -0.2805 0.0594 0.6700 -3.3500 6.3700 117.0625 88.1250 -190.3750
0.9658 -0.0752 -0.2405 -0.0607 3.7900 0.2100 5.4500 104.0000 41.2500 -219.0000
0.9547 0.0363 -0.2313 -0.1835 4.4100 3.8200 8.2900 136.9375 1.1875 -147.2500
;
0.9254 0.1458 -0.2409 -0.2538 4.5100 7.7100 9.2000 129.5625 -17.6250 -84.2500
0.8908 0.2307 -0.2640 -0.2891 5.1700 9.3500 9.1400 55.5625 -17.5000 -32.1250
0.8706 0.2679 -0.2817 -0.3015 4.6700 8.3500 8.4500 17.1875 -24.7500 22.8125
0.8668 0.2696 -0.3028 -0.2905 3.7100 6.7400 7.0000 -3.5625 -10.2500 13.4375
0.8683 0.2619 -0.3105 -0.2847 4.1600 6.3700 6.8100 -6.3125 -9.6875 9.0625
0.8692 0.2539 -0.3176 -0.2814 4.9900 6.0800 6.3600 -1.8125 -17.2500 36.6875
0.8725 0.2421 -0.3321 -0.2643 6.1600 6.6700 7.2100 10.6250 -27.3750 87.4375
0.8780 0.2257 -0.3614 -0.2182 6.6400 7.1100 8.1400 20.4375 -43.0000 152.9375
0.8841 0.1940 -0.4039 -0.1326 8.9800 6.7200 6.5100 49.9375 46.3125 198.6875
0.8984 0.1662 -0.4064 -0.0015 4.6200 4.7200 10.8600 -38.0000 92.4375 165.9375
0.9156 0.0942 -0.3713 0.1219 6.3000 2.4100 7.9600 -106.8750 39.3125 178.6250
0.9084 -0.0211 -0.3627 0.2071 5.5700 0.1000 7.3400 -130.6875 19.1250 184.4375
0.8708 -0.1519 -0.3674 0.2891 1.4400 -2.4200 8.2300 -195.1250 -78.3750 222.9375
0.7646 -0.3350 -0.4417 0.3287 3.8900 -6.3300 -9.6900 -205.3125 -33.1875 39.1875
0.6545 -0.4838 -0.5168 0.2657 3.1100 -5.5300 -3.6700 -85.5000 18.2500 -30.1875
0.6100 -0.5303 -0.5420 0.2299 4.3200 -8.5500 -8.0200 -57.4375 44.5625 -39.1875
0.5818 -0.5576 -0.5602 0.1920 4.2500 -10.0700 -9.1300 -54.5625 -1.2500 -17.8125
0.5522 -0.5745 -0.5793 0.1711 5.8200 -10.8800 -7.0600 41.7500 23.6250 -24.8750
0.5714 -0.5564 -0.5785 0.1713 6.4900 -9.3100 -3.0700 33.6875 10.5625 -1.2500
0.5875 -0.5430 -0.5717 0.1821 5.1200 -8.9900 -4.6800 75.1250 35.2500 -22.5000
0.6348 -0.5026 -0.5533 0.1956 4.0500 -7.2000 -2.5900 127.2500 8.3750 -39.9375
0.6814 -0.4355 -0.5404 0.2325 4.4100 -10.9700 -5.6500 160.3125 22.3125 -38.8750
0.7477 -0.3378 -0.5078 0.2628 9.6900 -3.0900 2.1800 186.8125 195.7500 -90.3125
0.8506 -0.2253 -0.4105 0.2394 3.9300 0.7100 12.2000 25.7500 68.4375 -61.0000
0.8925 -0.1821 -0.3633 0.1956 3.8400 -0.6400 12.8500 -70.7500 27.7500 -18.3750
0.8882 -0.2256 -0.3636 0.1670 4.4700 -3.2600 11.3200 -228.6875 -52.8750 38.5000
0.8414 -0.3254 -0.4025 0.1556 5.6400 -6.7600 3.6900 44.0000 45.9375 33.9375
0.8564 -0.3207 -0.3677 0.1685 2.9800 -4.2000 3.7800 -216.6875 -112.6250 -40.1250
0.8434 -0.3197 -0.3957 0.1727 2.3000 -1.5300 16.5000 -75.5625 -11.3750 20.4375
0.0000 0.0000 0.0000 0.0000 0.0000 0.0000 0.0000 0.0000 0.0000 0.0000
0.7896 -0.3928 -0.4396 0.1707 7.0300 -9.5600 -2.6200 -39.6875 -11.8125 5.4375
0.7770 -0.4157 -0.4443 0.1613 6.3700 -8.9000 -2.7700 43.7500 43.2500 3.5000
0.8057 -0.3919 -0.4117 0.1667 4.2400 -7.9000 -7.1100 367.0000 229.6250 -65.7500
0.8308 -0.3671 -0.3961 0.1345 4.8200 -1.9700 2.5900 -11.3750 -24.1875 17.2500
0.8030 -0.4111 -0.4084 0.1394 3.0200 -5.7100 9.9400 28.1250 57.1875 -80.4375
0.8585 -0.3582 -0.3531 0.1003 4.6000 -6.8800 1.9900 106.3750 45.9375 -52.0000
0.9055 -0.2598 -0.3264 0.0783 1.3100 -2.1600 7.1700 238.3750 45.1875 -179.2500
0.9509 -0.0946 -0.2949 0.0002 1.4400 -1.1300 6.1400 77.6875 24.6250 -244.2500
0.9489 0.0115 -0.2881 -0.1288 8.3700 5.4300 9.1400 122.0625 -32.2500 -66.3125
0.9305 0.1043 -0.3110 -0.1627 5.9400 4.2500 5.7700 62.1250 -71.6875 -71.8750
0.8978 0.1562 -0.3608 -0.1985 5.2700 5.6600 6.4700 45.0625 -119.0625 -79.3125
;
