0.5569 0.2451 -0.7224 -0.3287 6.1700 7.3100 -1.1100 -0.5625 9.2500 -1.7500
0.5591 0.2480 -0.7193 -0.3293 6.2000 6.2700 -3.3000 65.4375 5.1250 17.8750
0.5604 0.2806 -0.7186 -0.3014 9.0200 9.8400 -0.4500 23.7500 43.9375 -60.6875
0.5599 0.3343 -0.6910 -0.3118 5.3500 10.9700 -2.1800 -34.0625 45.7500 -175.3750
0.5562 0.3956 -0.6299 -0.3706 15.4000 18.6000 -1.4500 -110.1250 115.6250 265.8750
0.6974 0.2524 -0.6107 -0.2775 1.5600 10.3100 -4.3000 -209.9375 230.0625 397.6250
0.8447 0.0167 -0.5221 -0.1167 0.2800 -2.7100 -2.3700 -57.4375 114.5625 302.3750
0.8854 -0.1511 -0.4362 0.0533 0.6700 -4.0800 5.5400 -66.4375 87.5000 201.3125
0.8831 -0.2491 -0.3696 0.1465 2.1400 -4.1200 6.1100 -80.8125 48.1250 122.3125
0.8661 -0.3251 -0.3316 0.1848 3.6200 -3.2200 9.1800 -152.5000 -58.7500 43.5000
0.8161 -0.4089 -0.3638 0.1857 8.1000 -3.1100 13.9200 -500.5000 -34.1875 -72.0625
0.6158 -0.6456 -0.4515 0.0083 10.7000 -2.2400 -6.5900 -474.8750 86.7500 -3.3750
0.3707 -0.8099 -0.4147 -0.1862 6.7000 1.5300 -15.4800 -286.5625 -22.8125 101.0000
0.2012 -0.8972 -0.3166 -0.2333 5.5400 4.4700 -12.5400 -8.7500 -0.6250 5.0000
0.1879 -0.9023 -0.3113 -0.2318 4.6000 2.9300 -12.9700 187.2500 31.3750 -66.7500
0.3170 -0.8427 -0.3680 -0.2325 5.2600 1.7700 -11.4200 395.6875 260.7500 -132.2500
0.5773 -0.6323 -0.3951 -0.3330 3.2600 -1.5100 3.0600 113.5625 646.2500 -215.3125
0.7047 -0.2578 -0.2112 -0.6264 -3.8600 -0.3900 10.6100 271.8750 583.0625 -353.5625
0.6375 0.1046 -0.1245 -0.7531 -0.9800 0.7100 10.5600 40.6250 33.6250 -73.8125
0.6051 0.1500 -0.1180 -0.7729 -3.5600 -0.0300 10.5300 -30.8125 35.5625 -43.8125
0.5878 0.1656 -0.0784 -0.7880 -4.1700 -2.4600 8.4700 -9.0625 69.8125 -33.1875
0.5708 0.2020 -0.0396 -0.7949 -6.0800 -6.8900 8.3700 -135.1875 -165.3125 -1.6875
0.5549 0.0796 0.0229 -0.8278 -11.6700 -3.9000 15.4400 -593.2500 -91.1875 -254.1250
0.4596 -0.1952 0.3077 -0.8099 -6.2200 -12.2200 -3.6900 48.1250 119.3750 -91.1875
0.4171 -0.1784 0.3450 -0.8217 1.8800 -2.5200 14.3500 46.6250 -2.1250 -22.0000
0.4092 -0.1672 0.3186 -0.8385 -0.6000 -4.6000 8.8100 108.3125 -42.7500 -2.5000
0.4269 -0.1537 0.2293 -0.8611 1.9700 -0.3600 9.8700 385.5625 -163.3750 34.3750
0.5341 -0.1672 -0.0538 -0.8270 2.5900 4.3500 19.3600 172.7500 -710.0000 527.9375
0.7032 -0.4652 -0.3689 -0.3911 6.3000 -7.5900 5.2500 -81.4375 -328.4375 251.6250
0.6451 -0.6160 -0.4139 -0.1817 6.8900 -7.6300 1.3800 -46.0000 -70.6875 132.6875
0.6190 -0.6749 -0.3864 -0.1097 4.1900 -7.9300 -4.7200 18.9375 -144.1250 61.0625
0.5899 -0.6982 -0.4053 -0.0154 1.8800 -7.7500 -0.6300 -17.8125 -61.4375 -27.0000
0.0000 0.0000 0.0000 0.0000 0.0000 0.0000 0.0000 273.3125 118.7500 63.8125
0.7186 -0.6055 -0.3412 0.0251 4.5300 -5.5400 0.6300 125.3750 39.1875 19.3125
0.7377 -0.5844 -0.3344 0.0488 4.3600 -10.4600 -0.9100 -183.6875 34.2500 36.6250
0.6848 -0.6610 -0.3038 0.0427 4.0800 -13.7400 -20.0800 -105.4375 321.8750 -134.4375
0.7556 -0.5891 -0.2783 0.0688 1.1600 -7.9600 5.1800 98.3125 50.6250 -48.6875
0.7756 -0.5664 -0.2774 0.0262 -0.2700 -6.2100 2.1000 -219.7500 -87.5000 -119.8750
0.6979 -0.6198 -0.3521 -0.0701 3.3700 -7.0000 -7.1500 178.3750 306.4375 -367.9375
0.7755 -0.3849 -0.3677 -0.3395 3.2500 2.0200 6.8100 198.0000 311.5625 -434.0625
0.7587 -0.0822 -0.3226 -0.5599 2.5500 7.6900 9.5200 159.0625 246.7500 -227.2500
0.7043 0.1680 -0.2531 -0.6417 -0.9800 6.2500 9.2700 128.4375 78.3125 -69.5625
;
