0.5338 0.8414 -0.0837 0.0055 0.8500 8.8800 -4.2900 -0.0625 0.5000 0.0625
0.5337 0.8415 -0.0839 0.0054 0.9600 8.8400 -4.2600 1.0625 0.8750 3.3125
0.5340 0.8410 -0.0864 0.0084 1.4900 9.3900 -4.4800 -10.5000 18.2500 43.1250
0.5424 0.8327 -0.1057 0.0350 3.2900 12.0500 -5.5200 -21.3750 54.0625 88.2500
0.5601 0.8116 -0.1362 0.0950 7.6500 18.8400 -4.6800 -147.9375 128.8750 64.5625
0.6467 0.7287 -0.1299 0.1843 3.1100 9.4300 -1.7400 -154.0000 165.5000 -10.6250
0.7254 0.6409 -0.0726 0.2405 1.6900 7.2200 -0.1500 -65.6250 127.0000 -54.6250
0.7715 0.5806 -0.0016 0.2601 -0.2700 5.7500 1.2700 -110.1875 51.6250 -48.5000
0.8191 0.5135 0.0230 0.2547 2.1500 5.5700 1.4100 -99.2500 13.0625 5.8125
0.8504 0.4557 0.0136 0.2627 1.8400 1.9600 1.9200 -66.0625 17.5000 36.8125
0.8613 0.4184 0.0029 0.2884 0.4200 0.4700 2.6000 32.0625 -10.0000 9.4375
0.8481 0.4385 -0.0021 0.2974 1.2800 2.5700 2.1100 72.1250 -48.1250 21.9375
0.8200 0.4857 -0.0247 0.3016 2.8200 4.6500 2.2800 76.8750 -66.6250 32.9375
0.7902 0.5327 -0.0519 0.2987 4.3400 9.9600 2.9100 78.8750 -68.8125 31.7500
0.7504 0.5860 -0.0867 0.2933 5.2600 7.9100 2.2300 79.3125 -57.4375 -23.6875
0.7157 0.6313 -0.1051 0.2797 6.6200 13.4100 2.9500 32.4375 -23.0000 0.0000
0.6982 0.6520 -0.1121 0.2734 6.9600 15.1200 2.5600 -23.9375 22.8125 -22.1250
0.7117 0.6419 -0.0961 0.2686 4.9500 11.9100 2.0100 -50.7500 35.5000 -48.5000
0.7428 0.6140 -0.0679 0.2582 4.1100 8.2000 1.8700 -39.7500 39.6875 -47.4375
0.7719 0.5848 -0.0334 0.2473 3.9000 8.1500 2.8900 -27.6250 47.0625 -32.2500
0.7892 0.5654 0.0027 0.2395 2.3500 7.7300 3.2200 -19.8125 32.8125 -88.3750
0.8052 0.5518 0.0424 0.2131 0.4900 6.8400 2.9200 -20.1875 17.4375 -37.8750
0.8180 0.5353 0.0662 0.1999 0.7400 7.5000 2.4800 -43.1875 8.2500 8.9375
0.8312 0.5106 0.0609 0.2112 0.7700 5.5800 2.4500 -54.6250 -4.0625 47.8125
0.8417 0.4813 0.0358 0.2419 1.1800 1.5400 1.9200 -16.3125 -1.1250 61.2500
0.8377 0.4733 0.0143 0.2722 0.3400 0.9600 2.5100 37.2500 -49.4375 41.0000
0.8208 0.4943 -0.0214 0.2854 0.9700 4.6200 3.2900 -12.3750 -93.6875 46.1250
0.8040 0.5198 -0.0900 0.2742 2.5100 8.5800 3.0000 -14.4375 -140.1875 18.6875
0.7883 0.5461 -0.1623 0.2323 3.7800 6.0600 1.4700 13.8125 -129.0625 -92.1250
0.7752 0.5859 -0.1986 0.1276 11.1300 18.9600 4.9400 5.5625 19.5625 -77.3125
0.7873 0.5896 -0.1629 0.0773 3.6400 17.3600 8.0800 120.4375 1.5625 26.7500
0.7549 0.6290 -0.1640 0.0865 5.2300 5.9600 -0.8400 52.5000 23.5000 -15.6250
0.7314 0.6569 -0.1591 0.0905 3.7900 10.2100 1.2700 16.0000 -0.9375 5.2500
;
0.7156 0.6735 -0.1595 0.0940 4.1400 10.1500 -0.8000 66.0625 6.3750 14.7500
0.6863 0.7004 -0.1615 0.1107 5.7500 15.2200 0.1600 82.0625 30.5000 33.8125
0.6552 0.7247 -0.1545 0.1471 6.2100 12.1800 -3.9700 121.3750 75.2500 -1.8750
0.6281 0.7459 -0.1143 0.1898 4.6900 9.3800 -2.7200 -19.4375 80.5625 -36.6250
0.6624 0.7162 -0.0652 0.2100 3.5500 9.3000 -0.6100 -164.3750 65.2500 -37.5625
0.7435 0.6321 -0.0338 0.2155 2.0000 5.8000 0.0000 -146.0000 63.1250 -34.5625
0.8132 0.5367 -0.0105 0.2250 1.7200 4.7000 1.5000 -109.6875 35.0000 17.5000
0.8475 0.4724 -0.0117 0.2418 1.3800 2.7800 2.2500 -55.3125 9.3750 18.5000
0.8606 0.4424 -0.0195 0.2516 1.9700 0.5300 1.8800 6.1875 -5.3750 22.0625
0.8567 0.4427 -0.0302 0.2631 0.5200 2.5400 2.6900 53.3125 -38.1250 30.0000
0.8350 0.4772 -0.0531 0.2686 2.7400 6.1900 3.5900 47.7500 -73.6875 38.3750
0.8073 0.5167 -0.0953 0.2688 4.8500 7.7900 2.6200 63.6875 -64.0625 35.4375
0.7713 0.5571 -0.1390 0.2745 5.7700 7.3900 1.9600 49.5000 -80.5625 21.6875
0.7355 0.5923 -0.1846 0.2724 7.3900 9.7000 2.2900 57.1875 -41.6250 8.3750
0.7054 0.6251 -0.1981 0.2691 8.0300 13.6800 2.7100 27.2500 -6.8750 -24.1875
0.6985 0.6415 -0.1836 0.2583 7.1600 13.0900 1.9200 -14.5625 27.4375 -64.4375
-0.0580 0.2972 0.5813 0.7552 5.2500 10.5700 1.9800 -36.2500 40.6875 -57.4375
-0.0352 0.2515 0.5739 0.7785 5.0000 9.4800 2.1400 -35.6875 49.5000 -62.6875
-0.0179 0.2019 0.5643 0.8003 2.8600 7.4700 2.4500 -25.5000 43.4375 -74.9375
0.0066 0.1516 0.5569 0.8166 1.8300 7.9800 2.5500 -41.2500 34.5000 -36.9375
0.0176 0.1198 0.5364 0.8353 2.0800 7.3800 2.3000 -56.5000 21.1250 17.8125
0.0049 0.1136 0.5062 0.8549 2.1800 5.9500 2.3500 -98.0625 46.5625 71.4375
-0.0415 0.1155 0.4488 0.8852 -0.5700 0.5900 1.1100 -36.7500 -20.5625 80.3750
-0.0802 0.1451 0.4160 0.8942 1.3200 3.0000 3.8400 -65.6250 -34.6875 9.2500
-0.0791 0.1691 0.3726 0.9090 0.4900 -1.5500 -1.7300 -24.8750 -84.3750 10.8125
-0.0690 0.2236 0.3329 0.9135 4.1200 1.8200 4.1100 -81.3750 -123.5625 -7.9375
-0.0026 0.3040 0.3205 0.8972 10.0100 10.1000 1.9900 148.4375 -46.0000 -154.9375
0.0618 0.3229 0.4141 0.8488 9.5700 12.4300 2.7700 147.2500 -56.3125 -80.3750
0.0814 0.3442 0.5035 0.7883 5.6900 15.4800 5.5500 89.1250 -0.9375 -56.7500
0.0804 0.3295 0.5536 0.7605 2.5300 10.4900 4.1500 2.8750 -11.3125 32.3125
0.0692 0.3372 0.5561 0.7565 3.0700 7.8200 0.0400 41.5625 -13.2500 -4.7500
0.0694 0.3470 0.5677 0.7433 4.8000 7.6100 -0.7200 13.3125 -15.3750 15.0000
;
0.0634 0.3621 0.5719 0.7333 5.9300 10.6500 2.5300 -10.0000 -0.1875 2.5000
0.0606 0.3634 0.5735 0.7317 5.6000 9.4000 0.6000 19.5625 14.1875 7.3125
0.0507 0.3601 0.5797 0.7292 5.8700 11.0300 0.9900 27.5625 15.8125 -7.5000
0.0250 0.3494 0.6119 0.7091 6.1200 19.6300 5.5800 -39.1875 67.5625 -10.3125
0.0001 0.3110 0.6213 0.7192 7.3700 12.9400 -1.5900 25.4375 129.7500 -37.6250
-0.0307 0.2349 0.6226 0.7459 3.7900 7.3900 -0.3100 -99.1875 114.0000 -63.7500
-0.0303 0.1505 0.5875 0.7946 1.2700 6.7200 1.5100 -133.6250 75.2500 -53.5625
-0.0197 0.0943 0.5225 0.8472 0.1100 4.2400 1.3400 -114.2500 40.0000 -36.8750
-0.0052 0.0616 0.4566 0.8875 0.5000 3.3300 1.9800 -83.8125 -2.8750 39.5625
-0.0173 0.0714 0.4082 0.9099 1.2000 0.6700 2.2900 -7.7500 -23.4375 19.4375
-0.0266 0.0911 0.4045 0.9095 0.5600 3.1300 3.6000 46.1250 -37.6250 31.3750
-0.0357 0.1224 0.4324 0.8926 2.5200 7.6300 4.3100 33.2500 -70.3750 14.5000
-0.0266 0.1681 0.4560 0.8735 4.4200 5.7400 3.5600 64.4375 -74.3125 40.5625
-0.0388 0.2223 0.4877 0.8434 5.9000 6.8400 3.1000 76.3125 -58.1250 26.6250
-0.0517 0.2623 0.5309 0.8041 5.7600 10.8400 2.7600 89.8125 -39.3750 59.6250
-0.0786 0.2979 0.5698 0.7619 7.2400 12.7700 2.6300 59.6250 -31.4375 20.5625
-0.0846 0.3129 0.5941 0.7362 7.1300 14.5200 1.6500 -6.6875 20.2500 -11.1875
-0.0817 0.2946 0.5938 0.7442 4.5600 11.9200 1.5800 -19.1875 27.0000 -71.3125
-0.0567 0.2523 0.5945 0.7614 4.8400 11.4200 1.6700 -41.8125 37.7500 -67.9375
-0.0314 0.2069 0.5822 0.7857 4.7900 9.9800 2.1300 -53.3750 44.3125 -43.0000
-0.0185 0.1658 0.5574 0.8133 2.9700 7.6000 2.6700 -60.0000 45.3125 -38.8125
-0.0132 0.1301 0.5241 0.8416 1.4100 5.4300 2.3200 -72.5625 39.0000 10.4375
-0.0214 0.1107 0.4854 0.8670 1.1600 5.1100 2.3700 -43.9375 10.4375 -6.3750
-0.0201 0.1042 0.4598 0.8817 0.8700 3.0800 2.6400 -48.4375 -9.6875 23.5625
-0.0268 0.1143 0.4201 0.8998 1.5100 2.8100 2.4800 -134.5000 -6.3750 65.8750
-0.0474 0.1408 0.3403 0.9285 -0.1800 -2.0100 1.3700 -34.7500 -78.6875 -4.4375
-0.0295 0.1982 0.3171 0.9269 1.9200 0.3900 -0.2700 103.3750 -145.2500 -43.1875
0.0134 0.2787 0.3789 0.8823 8.4300 10.7800 1.4200 133.9375 -126.1875 -7.1875
0.0311 0.3563 0.4518 0.8173 12.7100 14.4800 4.5800 114.1875 -41.5000 -73.8125
0.0529 0.3843 0.5214 0.7600 9.3500 12.6600 2.9300 76.3125 -22.0625 -18.4375
0.0482 0.4011 0.5610 0.7226 7.6100 16.0400 5.3000 -20.2500 -28.3125 74.8750
;
0.0370 0.4242 0.5519 0.7170 5.2400 3.1400 -2.1200 31.6250 18.7500 -29.5625
0.0353 0.4182 0.5580 0.7159 5.0700 8.0700 -0.1100 0.1250 -10.8750 12.1250
0.0301 0.4253 0.5598 0.7106 6.2400 8.6300 -0.3400 32.5625 -2.1875 5.1250
0.0189 0.4246 0.5729 0.7008 8.2700 11.4900 -0.3100 77.2500 34.0625 -33.0000
-0.0085 0.3956 0.6132 0.6837 8.4700 17.1900 2.8200 -35.3750 99.1250 -17.9375
-0.0361 0.3339 0.6142 0.7142 5.4300 12.3700 -0.4400 1.8750 143.8750 -61.0000
-0.0600 0.2429 0.6183 0.7451 3.5300 10.2600 2.7000 -134.1250 98.5000 -80.6875
-0.0415 0.1653 0.5639 0.8080 1.0500 4.9300 1.0000 -116.8750 53.8750 -42.3125
-0.0291 0.1148 0.4991 0.8584 0.5600 1.9500 1.2300 -85.6875 32.0000 -50.8750
-0.0103 0.0844 0.4493 0.8893 2.1400 4.1000 1.4300 -39.3750 -11.5000 26.0625
-0.0087 0.0919 0.4274 0.8994 2.1000 1.4400 1.8300 11.3750 -7.5000 31.6250
-0.0257 0.1064 0.4291 0.8966 1.4700 4.8500 3.3200 24.6875 -30.5625 38.1250
-0.0412 0.1343 0.4455 0.8842 2.3300 6.7300 3.9100 44.0000 -40.9375 34.0000
-0.0550 0.1727 0.4667 0.8657 3.0200 5.1300 4.0600 50.5000 -67.7500 53.1250
-0.0703 0.2269 0.4921 0.8375 6.2500 9.0700 4.5600 29.9375 -68.2500 82.1250
-0.0887 0.2814 0.5137 0.8057 5.6900 12.5900 3.9100 71.6875 -59.4375 18.0000
-0.0918 0.3130 0.5491 0.7694 8.6300 13.2700 3.5300 30.2500 -13.8125 -18.6875
-0.0851 0.3098 0.5663 0.7590 7.2700 14.2600 2.8300 -24.6875 41.6875 -26.9375
-0.0753 0.2754 0.5613 0.7768 6.0800 11.3900 2.8300 -28.8750 53.4375 -70.8125
-0.0543 0.2237 0.5530 0.8008 4.6500 8.1900 2.9000 -44.1875 57.1875 -55.1875
-0.0400 0.1735 0.5353 0.8257 3.5900 8.8000 3.1500 -50.1250 58.1250 -55.8750
-0.0225 0.1232 0.5129 0.8493 1.3000 5.6900 3.2500 -37.5625 37.6875 -55.5625
0.0001 0.0854 0.4937 0.8655 0.6100 5.5400 2.8400 -34.3750 17.3750 3.1250
-0.0024 0.0756 0.4731 0.8777 0.2900 3.8800 2.8100 -20.3125 0.0625 -14.0000
-0.0040 0.0776 0.4599 0.8846 0.6300 0.6100 2.0600 2.1875 -13.0000 47.6250
-0.0216 0.0973 0.4702 0.8769 -0.0100 6.4300 1.0000 60.1875 -59.1875 30.3750
-0.0297 0.1465 0.4987 0.8538 1.5800 1.9500 2.2500 13.5000 -85.0625 21.3750
-0.0206 0.2054 0.4944 0.8444 2.8600 5.5100 0.4800 -85.9375 -190.9375 -12.8125
0.0334 0.3106 0.4706 0.8252 6.0600 11.5100 4.8000 43.6250 -102.7500 -6.8750
0.0793 0.3602 0.4830 0.7941 10.8600 10.8100 -1.1800 130.3125 -5.5625 -38.0625
0.0906 0.3790 0.5388 0.7469 7.6300 14.8100 0.0600 141.1250 13.2500 -101.9375
0.0920 0.3604 0.6122 0.6977 3.7600 12.6400 2.3600 -17.5625 -15.5625 56.5625
;
0.0798 0.3797 0.5942 0.7045 4.4800 7.3900 -0.8900 8.0000 5.4375 16.9375
0.0725 0.3809 0.5942 0.7047 4.9500 10.0400 -0.4200 3.8125 10.0625 -15.1875
0.0701 0.3745 0.6002 0.7033 4.9300 11.8100 0.6300 -20.5000 6.0000 7.5625
0.0665 0.3749 0.5905 0.7116 6.0300 12.1700 0.8000 -53.9375 40.1875 20.1250
0.0577 0.3652 0.5611 0.7405 5.0500 10.2200 1.4200 -53.1875 60.8125 16.6875
0.0411 0.3333 0.5416 0.7706 4.2200 10.0100 2.3500 -10.1875 105.9375 -31.0625
0.0150 0.2731 0.5588 0.7829 3.1100 9.6100 2.9300 4.5000 101.8125 -65.5625
0.0156 0.2024 0.5515 0.8091 2.6700 7.3300 1.8600 -128.2500 71.3125 -53.7500
0.0367 0.1431 0.4889 0.8597 0.9800 5.2000 2.1200 -87.0000 41.7500 5.2500
0.0336 0.1147 0.4396 0.8902 -0.5900 3.3900 2.9000 -37.8750 7.5000 -32.0625
0.0383 0.1049 0.4148 0.9030 0.9300 0.2800 1.9800 -10.6250 4.1875 32.9375
0.0197 0.1134 0.4065 0.9064 0.4800 2.7500 2.7300 36.4375 -30.0000 37.6875
0.0018 0.1448 0.4236 0.8942 2.9400 1.7000 3.2300 79.5000 -39.3750 48.2500
-0.0139 0.1849 0.4634 0.8665 4.7000 8.7000 3.1700 78.6875 -82.0000 24.4375
-0.0112 0.2358 0.5038 0.8309 5.4600 10.3700 3.2600 66.5000 -60.1875 36.1250
-0.0243 0.2812 0.5297 0.7999 4.9000 8.1300 3.1700 66.5625 -55.2500 20.6875
-0.0290 0.3153 0.5593 0.7661 7.3800 13.7200 2.4900 28.8125 -14.8750 8.5000
-0.0291 0.3215 0.5736 0.7528 6.3700 14.1200 2.6600 -16.8750 12.3750 -19.3125
-0.0201 0.3064 0.5687 0.7631 5.9500 10.8700 2.6900 -41.8125 32.2500 -50.9375
0.0012 0.2698 0.5565 0.7858 4.4100 9.1400 2.5900 -38.3125 50.4375 -74.0000
0.0280 0.2181 0.5469 0.8078 2.7700 7.3300 2.5000 -42.7500 36.1250 -79.3125
0.0648 0.1656 0.5364 0.8250 1.5400 6.6900 2.9900 -34.3125 30.1250 -98.6875
0.1053 0.1179 0.5261 0.8356 0.1700 6.2800 2.6900 -45.6250 22.9375 -8.0625
0.1075 0.1011 0.5014 0.8525 -0.5900 6.0200 3.2800 -152.8125 -5.9375 40.1250
0.0892 0.1084 0.4271 0.8932 0.6500 1.2400 2.1800 14.1875 -25.0000 53.0000
0.0645 0.1425 0.4318 0.8883 2.1800 5.2400 2.0600 45.7500 -54.5000 64.2500
0.0356 0.1940 0.4518 0.8701 0.5300 3.8100 0.8700 69.5625 -88.3750 24.8750
0.0288 0.2559 0.4903 0.8326 3.2800 10.0500 5.0300 -34.1250 -94.0000 15.5625
0.0666 0.3151 0.4741 0.8195 7.7900 9.7100 1.4200 25.2500 -82.9375 -9.5625
0.1199 0.3476 0.4812 0.7958 6.9600 9.0300 2.9600 -27.1250 -39.6875 -100.9375
0.1697 0.3453 0.5101 0.7693 3.4200 13.2100 4.9300 43.0000 -44.1875 -24.6250
0.1794 0.3591 0.5403 0.7395 4.9200 13.4700 2.8600 73.3750 27.8125 -28.5000
0.1727 0.3533 0.5720 0.7198 3.8700 8.6400 1.1200 13.5625 4.7500 3.3125
0.1703 0.3560 0.5742 0.7173 3.7000 8.9700 0.4700 18.0625 -18.1250 29.1875
;
0.1631 0.3699 0.5762 0.7103 4.1900 10.0200 0.8700 2.8750 6.5000 18.4375
0.1550 0.3738 0.5742 0.7117 3.7500 8.2200 -0.3300 5.7500 4.1875 1.0625
0.1521 0.3749 0.5748 0.7113 2.8300 9.3200 0.4500 6.3750 0.0000 3.9375
0.1534 0.3807 0.5742 0.7084 4.0600 8.8200 0.3800 5.6875 -0.7500 1.3125
0.1537 0.3835 0.5754 0.7057 4.6000 10.7500 0.8900 4.4375 3.5625 14.6250
0.1457 0.3879 0.5750 0.7055 6.4200 13.6200 0.1200 82.1250 17.5625 34.3125
0.1030 0.3951 0.5955 0.6919 7.0300 17.6400 0.7800 15.8750 107.6875 99.1250
0.0275 0.3794 0.5792 0.7210 6.6500 11.0900 0.4800 -105.6250 156.7500 -33.0000
0.0110 0.2939 0.5372 0.7905 0.7000 4.9500 0.8600 -50.5000 103.2500 -74.5000
0.0253 0.2124 0.5170 0.8289 1.6900 7.5200 3.9500 -99.8125 55.5000 -49.2500
0.0420 0.1641 0.4752 0.8635 1.6200 3.6800 1.6100 -70.2500 12.6875 -21.0625
0.0482 0.1465 0.4371 0.8861 -0.1700 2.7500 1.4900 -39.3750 7.8750 44.8125
0.0313 0.1494 0.4117 0.8984 3.0300 1.2900 1.5400 10.9375 -2.4375 30.8125
0.0156 0.1592 0.4173 0.8946 0.4500 3.8900 2.6700 44.0625 -40.8750 45.5000
0.0010 0.1887 0.4382 0.8788 4.3300 5.8000 3.1700 70.8750 -60.3125 33.5000
-0.0147 0.2324 0.4740 0.8492 3.3200 9.0400 4.4500 56.7500 -71.3125 33.7500
-0.0295 0.2797 0.5023 0.8177 5.8200 10.8400 3.7900 30.6875 -52.4375 84.6250
-0.0538 0.3282 0.5110 0.7927 7.8900 11.2100 3.4600 30.5000 -30.0625 28.0000
-0.0623 0.3486 0.5231 0.7752 6.9400 11.6800 3.3900 12.6250 0.3125 -33.6250
-0.0512 0.3376 0.5334 0.7739 6.3000 10.7100 3.1100 -26.7500 21.7500 -47.5000
-0.0286 0.3067 0.5322 0.7886 6.1700 10.6800 2.8400 -31.9375 48.6250 -41.5000
-0.0106 0.2632 0.5258 0.8088 3.8700 8.5500 3.0500 -27.3125 38.9375 -74.0625
0.0115 0.2177 0.5198 0.8260 2.9800 8.4300 3.1800 -37.0000 52.0000 34.8750
-0.0166 0.1984 0.4941 0.8464 2.4300 5.8300 3.4300 -40.5000 21.0000 -24.1875
-0.0140 0.1813 0.4725 0.8624 1.7100 5.9200 3.5000 -33.5000 26.7500 15.1875
-0.0236 0.1743 0.4501 0.8755 2.7800 4.0900 2.7700 -43.5000 -4.0625 25.0000
-0.0330 0.1838 0.4239 0.8862 2.3700 1.8500 2.5000 12.3750 -9.4375 39.0625
-0.0529 0.1992 0.4127 0.8873 -0.6400 5.9400 4.8400 -248.5625 -62.6875 -24.0625
-0.0118 0.2433 0.3198 0.9156 1.4100 2.3500 4.4900 -8.6250 -83.4375 0.3750
0.0116 0.2864 0.3175 0.9039 4.6300 3.6000 1.2300 58.3125 -135.3750 -13.3750
0.0517 0.3483 0.3477 0.8690 7.4500 13.5500 5.9500 102.0000 -82.3125 -49.0625
0.0800 0.3970 0.4045 0.8200 12.6200 14.1400 4.8600 80.6250 -37.0000 -70.1250
0.0988 0.4203 0.4545 0.7791 7.3700 10.3700 3.5700 56.3750 -37.5625 -2.8750
0.0936 0.4308 0.4843 0.7557 4.8800 10.4800 2.3600 41.6250 -10.5000 -9.6875
;
0.0873 0.4323 0.5020 0.7440 4.7500 6.4900 0.2700 26.3750 0.1250 -5.1250
0.0810 0.4356 0.5112 0.7365 5.9900 9.0200 1.2900 -1.9375 0.6250 -1.0000
0.0775 0.4385 0.5142 0.7330 4.8000 8.2400 0.4500 5.7500 -9.4375 16.5625
0.0748 0.4449 0.5125 0.7307 6.4900 7.2500 0.0200 14.1250 -1.5000 0.0000
0.0727 0.4452 0.5168 0.7276 6.7700 9.0300 0.1100 35.3750 19.0000 -13.0625
0.0547 0.4371 0.5506 0.7090 11.3100 18.4000 2.6300 57.6875 58.8750 12.3750
0.0054 0.4133 0.5807 0.7014 7.4100 12.7700 1.2400 -74.0625 137.8750 10.9375
-0.0342 0.3498 0.5528 0.7556 4.1300 6.5800 -0.1200 27.8750 130.9375 -79.7500
-0.0420 0.2574 0.5625 0.7845 2.0000 6.1900 2.8500 -86.4375 68.1250 -82.4375
-0.0073 0.1926 0.5256 0.8286 2.3500 6.8000 2.4300 -103.5625 51.8125 -26.0625
0.0134 0.1492 0.4724 0.8686 1.8300 5.6000 2.3200 -67.6250 10.3125 -2.1250
0.0114 0.1400 0.4288 0.8924 0.7000 2.6500 2.2100 -46.4375 6.0625 -5.5000
0.0035 0.1423 0.3982 0.9062 1.9600 0.6200 2.0300 -14.1250 0.8750 33.0625
-0.0137 0.1526 0.3894 0.9082 2.4800 4.2100 3.2800 28.3125 -25.9375 36.6875
-0.0265 0.1773 0.4037 0.8972 2.7800 3.8800 3.9600 51.8750 -54.0000 29.1875
-0.0287 0.2114 0.4402 0.8721 4.0300 10.8300 4.5600 57.8125 -67.1250 62.8125
-0.0464 0.2601 0.4738 0.8400 6.0500 8.8200 3.3800 76.5625 -76.1250 65.2500
-0.0714 0.3152 0.5056 0.8000 8.0500 11.4400 3.8200 39.8125 -41.8125 60.8750
-0.0933 0.3529 0.5191 0.7728 9.7600 13.6600 3.9600 13.1875 -4.0625 -15.4375
-0.0891 0.3465 0.5258 0.7717 7.1900 10.2000 3.3900 -31.8125 35.7500 -61.5625
-0.0652 0.3074 0.5211 0.7935 5.4700 9.0500 3.0000 -34.4375 47.6250 -79.8125
-0.0304 0.2530 0.5167 0.8173 4.8100 8.9500 3.2500 -39.6250 48.5000 -84.5625
0.0082 0.1980 0.5072 0.8387 3.0100 6.6700 3.4400 -39.1875 25.8125 -76.8750
0.0453 0.1559 0.4938 0.8542 1.2000 6.0300 3.3100 -35.9375 46.3125 -27.3125
0.0505 0.1244 0.4770 0.8686 0.6700 4.9000 2.6200 -25.5625 3.8125 7.7500
0.0458 0.1243 0.4611 0.8774 0.8800 5.3400 2.9100 -21.1250 -15.7500 32.5000
0.0357 0.1406 0.4473 0.8825 2.3000 2.0000 2.3100 0.6875 -13.2500 26.3750
0.0283 0.1514 0.4183 0.8951 -4.7200 1.8900 1.7300 -364.1250 -74.5000 19.9375
0.0681 0.1909 0.2430 0.9486 4.6600 -1.2900 -2.4400 127.6875 -104.3125 -22.4375
0.0905 0.2613 0.2866 0.9173 5.1300 8.1300 4.4600 107.8125 -146.3750 -19.3750
0.0997 0.3623 0.3605 0.8537 6.8300 14.1700 7.2400 99.0000 -176.4375 36.4375
0.1000 0.4611 0.4013 0.7851 8.6200 12.4400 4.7500 87.7500 -87.8125 11.4375
;
0.0924 0.5016 0.4375 0.7405 9.1800 10.8400 3.0100 71.9375 2.1250 -8.5625
0.0783 0.5033 0.4675 0.7225 6.8000 7.2100 1.2400 -3.0625 3.6250 3.2500
0.0730 0.5037 0.4687 0.7220 6.2000 6.7600 0.0000 10.5625 4.6875 10.9375
0.0638 0.5052 0.4708 0.7204 6.3000 6.6200 -1.0500 30.8125 7.1875 -5.5625
0.0550 0.5035 0.4832 0.7141 6.8900 7.7200 -0.3100 16.0000 -3.2500 2.9375
0.0506 0.5024 0.4923 0.7089 8.7200 11.1800 1.3400 14.0000 28.8125 0.6875
0.0396 0.4900 0.5021 0.7115 10.6700 10.9600 0.4600 28.2500 82.4375 -13.3125
0.0129 0.4505 0.5206 0.7252 8.3800 10.0800 1.7100 -54.4375 103.8750 -48.0625
0.0082 0.3772 0.5087 0.7739 5.7500 7.0100 -0.4400 22.8750 111.8125 -12.9375
-0.0173 0.3074 0.5226 0.7950 3.4500 6.8400 1.9000 46.3750 83.8125 -91.7500
-0.0129 0.2419 0.5543 0.7963 4.8800 5.9900 0.9600 -71.5000 55.3750 -73.1875
0.0176 0.1908 0.5248 0.8293 1.6900 6.9300 2.2500 -72.5000 32.0000 -27.1250
0.0354 0.1558 0.4889 0.8576 0.6100 5.2600 2.5800 -56.5625 11.2500 14.1250
0.0293 0.1525 0.4551 0.8768 1.4900 4.0000 1.8600 -41.1875 -20.1875 51.8750
0.0125 0.1780 0.4280 0.8860 3.0900 1.1000 1.6600 15.3125 -28.6875 24.5625
0.0062 0.2017 0.4365 0.8768 2.7200 6.2900 2.1000 60.3750 -66.1875 18.9375
0.0062 0.2394 0.4648 0.8524 4.3300 6.9300 2.8900 59.1875 -52.0625 37.1250
-0.0089 0.2747 0.4865 0.8293 5.6000 6.5300 2.8700 70.0000 -49.7500 43.2500
-0.0322 0.3182 0.5121 0.7971 6.1800 9.8800 3.0000 55.2500 -52.8125 65.5625
-0.0595 0.3645 0.5286 0.7643 8.9200 11.5700 2.6300 32.0000 -14.6875 26.8125
-0.0739 0.3826 0.5407 0.7455 8.6700 14.1500 3.0100 -7.0000 13.3125 -31.2500
-0.0630 0.3671 0.5468 0.7498 7.6800 11.5500 2.1600 -44.8750 47.3125 -67.2500
-0.0382 0.3224 0.5382 0.7778 4.9900 8.6300 2.5100 -64.5000 45.6875 -76.6250
-0.0069 0.2742 0.5174 0.8106 5.3200 6.9400 2.5000 -56.9375 59.1250 -34.0000
0.0070 0.2308 0.4926 0.8391 1.6700 5.9600 2.6300 -55.0000 27.6250 -24.3750
0.0218 0.2011 0.4658 0.8615 1.5800 3.3600 2.5900 -49.9375 -4.5625 -7.1875
0.0284 0.2051 0.4364 0.8756 3.5100 3.9600 1.5100 -64.3125 -2.9375 19.8750
0.0286 0.2131 0.3869 0.8967 1.0600 4.0000 2.7700 -220.5625 -32.3750 41.8125
0.0366 0.2455 0.2831 0.9265 0.7800 1.6600 1.4500 -12.6875 -91.6250 6.5625
0.0537 0.3010 0.2626 0.9152 3.9500 -0.4400 0.2800 77.8125 -138.0625 14.6250
0.0511 0.3912 0.2926 0.8711 8.2700 2.8300 1.2700 106.4375 -110.6250 -54.0625
0.0729 0.4591 0.3598 0.8090 9.8900 11.9200 1.4300 120.1875 -115.6875 -51.0625
0.0895 0.5212 0.4240 0.7353 16.8000 19.3600 3.1400 96.3750 -48.6250 -141.5000
0.1213 0.5120 0.5007 0.6874 0.9800 8.3400 1.3100 12.9375 -60.4375 88.1250
0.0986 0.5421 0.4758 0.6856 5.3000 4.4700 -1.9200 20.2500 14.3750 -11.3750
;
0.0902 0.5410 0.4853 0.6810 7.3100 7.9600 -2.0600 31.8125 -7.2500 12.8125
0.0787 0.5490 0.4918 0.6713 7.7000 8.4300 -1.1700 3.6875 0.3750 21.3125
0.0707 0.5548 0.4871 0.6708 6.1200 6.4300 -1.1800 -1.3125 -0.5000 10.0000
0.0667 0.5576 0.4820 0.6725 6.5700 6.8900 -0.6500 -4.0000 -0.5625 2.1250
0.0676 0.5577 0.4807 0.6733 8.4000 8.0300 -0.8900 2.5625 10.4375 -7.0000
0.0652 0.5500 0.4876 0.6749 10.1700 8.2900 -1.7600 60.8125 56.9375 -35.0000
0.0396 0.5139 0.5298 0.6736 10.7900 14.0900 0.3600 -1.9375 135.1250 -41.8125
0.0146 0.4427 0.5500 0.7079 7.6700 10.9800 0.8100 14.7500 119.8750 -28.6875
-0.0253 0.3712 0.5656 0.7360 3.6300 4.6300 -2.1200 111.6875 131.6875 -39.3125
-0.0551 0.2939 0.5928 0.7477 2.7100 8.8900 1.2600 -82.1875 54.7500 -52.3125
-0.0333 0.2461 0.5585 0.7914 4.3300 7.4300 1.1100 -86.6875 50.3125 -83.4375
0.0005 0.1910 0.5179 0.8339 1.5900 6.1300 2.4100 -94.8125 60.1250 -41.6875
0.0144 0.1461 0.4694 0.8707 1.0700 3.7200 2.7800 -56.5000 23.9375 -17.2500
0.0189 0.1282 0.4364 0.8904 0.5300 4.0300 3.1000 -47.2500 2.0000 40.6250
0.0038 0.1351 0.4113 0.9014 2.1300 1.7100 2.3100 9.4375 -16.3750 27.3125
-0.0096 0.1547 0.4149 0.8966 2.5000 4.6300 3.3000 44.1250 -30.0000 33.0625
-0.0228 0.1810 0.4370 0.8808 3.4300 5.7500 3.9300 44.1875 -56.0625 34.6875
-0.0323 0.2193 0.4608 0.8594 3.4500 6.9800 4.1600 38.1875 -71.1250 36.9375
-0.0387 0.2672 0.4821 0.8335 5.8600 10.7200 4.8600 38.8750 -67.8125 63.6875
-0.0527 0.3170 0.4977 0.8056 9.5500 14.6600 4.9200 24.7500 -17.0000 -9.3750
-0.0490 0.3211 0.5104 0.7962 7.2600 12.0900 4.2900 -25.6875 38.8125 -40.0000
-0.0358 0.2885 0.5049 0.8127 5.2200 9.5400 4.0800 -27.1875 47.0000 -65.2500
-0.0113 0.2421 0.4991 0.8320 3.6600 8.3600 3.9800 -40.6250 37.0625 -56.5625
0.0180 0.1989 0.4849 0.8514 2.9200 6.6700 4.0300 -30.7500 40.3750 -55.6250
0.0417 0.1619 0.4709 0.8662 0.7100 4.8500 3.5800 -31.9375 22.5000 -32.0625
0.0510 0.1420 0.4550 0.8776 0.8300 5.1500 3.3100 -34.6250 5.3125 15.9375
0.0477 0.1442 0.4376 0.8863 2.0100 5.5200 3.3400 -19.0625 -7.4375 23.2500
0.0425 0.1510 0.4194 0.8942 -0.1100 6.7500 6.1400 -208.7500 23.5000 30.3750
0.0413 0.1542 0.3071 0.9382 2.8900 -0.5600 0.4800 -20.8125 -30.5000 35.9375
0.0289 0.1918 0.2886 0.9376 0.6400 -0.7000 1.0500 74.5625 -121.0000 34.5625
0.0102 0.2804 0.3263 0.9026 5.2500 4.6700 1.0700 108.8750 -184.2500 55.1250
-0.0062 0.3997 0.3759 0.8360 13.1100 13.3600 2.4800 120.1250 -191.4375 55.1250
-0.0222 0.5214 0.4217 0.7415 14.5600 9.5900 3.3100 46.8750 -69.7500 -9.1875
-0.0170 0.5438 0.4594 0.7021 7.5400 10.9000 0.2500 96.3125 25.7500 -62.1250
;
-0.0203 0.5236 0.5099 0.6823 10.1000 5.3600 -3.2700 5.4375 -22.7500 -22.8125
-0.0091 0.5301 0.5214 0.6686 7.0900 7.0200 -1.5900 -5.6250 -9.7500 6.8750
-0.0085 0.5350 0.5173 0.6678 7.2400 5.8500 -2.0700 12.9375 2.6250 0.5000
-0.0126 0.5358 0.5181 0.6666 7.2500 6.4900 -1.2900 10.8750 -0.3125 -6.7500
-0.0137 0.5339 0.5233 0.6640 7.3800 7.4700 -1.2400 9.8125 1.1875 -3.2500
-0.0159 0.5314 0.5270 0.6630 11.5300 9.6000 -2.1000 28.6875 30.4375 -19.6250
-0.0275 0.5092 0.5416 0.6684 10.0600 12.0000 0.4500 -44.5625 75.4375 -45.0000
-0.0296 0.4539 0.5434 0.7055 7.6700 11.4000 1.0600 -49.5000 126.0625 -64.2500
-0.0233 0.3669 0.5328 0.7622 7.1900 4.4900 -3.9100 127.8125 151.0625 -111.6250
-0.0194 0.2456 0.5782 0.7778 2.0200 8.1500 2.6200 -91.2500 74.7500 -64.8750
0.0026 0.1770 0.5383 0.8240 1.4900 5.8700 2.1300 -77.1875 43.1250 -40.0000
0.0198 0.1344 0.4959 0.8577 0.6700 4.9500 2.7100 -66.5625 27.1250 -29.8125
0.0269 0.1138 0.4635 0.8784 0.8300 5.6400 2.8000 -53.8125 10.6250 6.3125
0.0173 0.1131 0.4319 0.8947 2.1100 3.8400 2.8300 -34.6875 -2.8750 47.7500
0.0029 0.1240 0.4130 0.9022 2.2000 2.7500 2.8300 16.7500 -15.3125 13.0625
0.0015 0.1371 0.4246 0.8950 2.6600 4.9400 3.4400 30.6250 -37.6875 10.3125
0.0005 0.1632 0.4469 0.8796 2.0700 7.0300 4.3600 45.1875 -59.1875 48.0000
-0.0113 0.2023 0.4688 0.8597 3.7800 7.2400 4.3400 67.5000 -65.3125 54.8750
-0.0302 0.2505 0.5048 0.8256 5.3900 10.9400 3.6600 86.8125 -71.9375 55.0000
-0.0493 0.3019 0.5412 0.7833 7.8600 11.9900 2.7800 34.3125 -16.9375 20.8125
-0.0634 0.3234 0.5549 0.7639 6.2700 11.9600 2.6000 15.2500 1.9375 -18.6250
-0.0606 0.3159 0.5648 0.7600 6.2700 13.2500 2.5600 -26.2500 21.8125 -41.8125
-0.0393 0.2877 0.5619 0.7746 5.9500 10.4000 2.4900 -37.8125 42.0000 -50.6250
-0.0183 0.2466 0.5514 0.7968 3.8600 8.8100 2.8700 -46.1250 40.6875 -46.6250
-0.0071 0.2108 0.5303 0.8212 2.9800 7.7400 2.9100 -53.9375 36.2500 -13.3750
-0.0068 0.1869 0.5012 0.8448 3.2000 7.1700 2.9000 -58.6250 15.1875 37.4375
-0.0145 0.1834 0.4683 0.8643 2.6000 4.4200 2.9400 -24.0000 11.8125 -8.0625
-0.0126 0.1771 0.4501 0.8751 2.1000 3.3500 2.6300 -28.3125 2.7500 12.0000
-0.0204 0.1804 0.4313 0.8837 1.1200 3.8400 3.2900 -57.1250 -15.0625 18.6250
-0.0233 0.2006 0.3809 0.9023 0.1100 -1.4300 0.5100 -72.8125 -66.1250 35.0000
-0.0184 0.2507 0.3479 0.9032 3.1700 3.2300 2.6400 60.0000 -113.3125 5.1875
-0.0145 0.3271 0.3879 0.8615 5.6300 7.0500 3.0700 44.7500 -168.3750 27.1875
-0.0124 0.4275 0.4168 0.8021 8.5700 8.6900 2.7700 59.6250 -141.6250 18.1875
0.0067 0.4980 0.4445 0.7446 10.8500 10.7700 -1.8200 88.8125 -89.3750 -21.1875
0.0209 0.5403 0.4738 0.6951 10.6000 6.1800 -0.9100 101.6250 -22.2500 -109.1250
;
0.0377 0.5314 0.5402 0.6514 5.9600 12.8600 1.8900 -26.8750 -14.3750 16.7500
0.0406 0.5322 0.5320 0.6573 6.1300 4.8300 -3.0500 26.1250 6.0625 5.6250
0.0332 0.5310 0.5387 0.6533 7.3700 6.6000 -2.3500 12.3125 4.1250 4.9375
0.0262 0.5317 0.5396 0.6522 4.8800 7.6900 -1.2100 -11.1250 -4.5000 14.7500
0.0228 0.5374 0.5325 0.6536 6.9800 7.4700 -1.7100 1.3125 0.8750 0.8750
0.0221 0.5372 0.5333 0.6531 9.1100 9.1300 -1.2500 7.3750 15.9375 4.1875
0.0129 0.5311 0.5368 0.6555 8.6200 7.4800 -2.1800 55.1875 52.0000 7.6875
-0.0190 0.5145 0.5527 0.6553 7.0900 8.3300 0.3300 -13.7500 55.8750 -40.4375
-0.0274 0.4808 0.5612 0.6731 9.4600 9.5900 -3.3400 61.6875 82.6875 -31.5625
-0.0560 0.4293 0.5894 0.6820 7.3800 10.5400 -0.6500 -18.2500 87.3750 -84.0625
-0.0436 0.3390 0.5942 0.7281 4.3300 7.6900 0.5600 -72.1875 86.0625 -77.1250
-0.0212 0.2640 0.5710 0.7770 1.9800 8.9300 1.4700 -94.8750 56.0625 -64.3750
0.0073 0.2074 0.5310 0.8215 2.1500 5.5300 2.0000 -76.5625 32.6875 -50.8750
0.0264 0.1725 0.4919 0.8530 1.6300 6.2900 2.4900 -76.0625 22.3125 19.2500
0.0185 0.1649 0.4540 0.8754 2.2700 4.7300 2.2300 -42.2500 11.5625 25.3125
0.0020 0.1644 0.4211 0.8920 0.5100 0.5900 2.3100 -19.5000 -8.5000 -8.9375
-0.0009 0.1693 0.4075 0.8973 1.6100 0.3300 2.5100 40.0625 -21.1250 12.3125
-0.0059 0.1864 0.4313 0.8828 3.1100 6.8900 3.1800 46.1875 -46.3750 22.8125
-0.0092 0.2187 0.4599 0.8605 3.7100 5.9400 3.3100 69.8750 -59.5625 33.4375
-0.0236 0.2637 0.4937 0.8284 4.7700 7.7500 3.4600 71.2500 -88.3125 86.6250
-0.0502 0.3312 0.5193 0.7862 8.1400 10.3700 1.6700 67.6250 -60.6250 54.8125
-0.0723 0.3830 0.5389 0.7468 8.8400 10.2900 1.7900 44.3125 -45.0000 11.2500
-0.0775 0.4064 0.5551 0.7216 9.5300 14.8400 2.2900 -7.6250 7.0625 -33.0000
-0.0661 0.3934 0.5583 0.7274 8.4900 12.3500 1.5100 -52.7500 47.9375 -50.3750
-0.0389 0.3455 0.5437 0.7639 6.7900 9.1400 1.9600 -56.5000 58.6875 -68.8125
-0.0182 0.2919 0.5259 0.7987 3.3100 5.9500 2.1800 -58.5000 40.1250 -82.3125
0.0143 0.2440 0.5059 0.8272 4.3400 6.9100 2.3900 -57.5625 45.2500 -15.6875
0.0219 0.2156 0.4818 0.8491 1.3600 5.7900 3.1300 -62.5000 12.5000 -14.5000
0.0316 0.1987 0.4470 0.8716 2.1300 5.9700 4.4900 -159.1875 24.5625 28.1250
0.0314 0.1948 0.3582 0.9125 2.1000 2.8600 1.6200 -34.5000 -18.3125 -1.1250
0.0383 0.2068 0.3345 0.9186 0.0300 1.3400 2.3000 -15.6875 -50.1875 -34.3750
0.0610 0.2312 0.3303 0.9131 1.1000 0.6900 1.2800 37.7500 -97.1875 92.8125
0.0327 0.3083 0.3448 0.8860 2.6000 1.7500 0.6300 102.8750 -165.6250 30.7500
0.0322 0.4213 0.3948 0.8159 10.2600 9.8300 -0.0600 128.5625 -193.8125 13.5000
0.0361 0.5256 0.4561 0.7172 15.1800 17.3900 0.8400 81.1875 -129.7500 -34.6875
0.0906 0.5515 0.5374 0.6316 27.2300 24.6300 7.7600 -49.1250 71.9375 85.8750
;
