0.7899 0.4989 -0.3467 -0.0833 4.2000 7.0000 1.9700 22.2500 -0.0625 -10.2500
0.7816 0.5128 -0.3452 -0.0837 4.6300 7.5700 1.8800 24.2500 1.6875 -10.0625
0.7728 0.5277 -0.3431 -0.0812 4.1000 7.3200 1.8500 33.6250 6.1875 5.1875
0.7632 0.5425 -0.3438 -0.0698 4.5200 10.4900 1.7100 32.8750 14.3750 -13.5625
0.7533 0.5598 -0.3406 -0.0560 4.2500 17.9400 5.4200 0.0000 0.0000 0.0000
0.0000 0.0000 0.0000 0.0000 0.0000 0.0000 0.0000 -164.1250 38.4375 -24.8750
0.8386 0.4438 -0.2911 -0.1229 6.8200 11.2400 3.6400 -221.0625 80.6875 -98.4375
0.9033 0.3215 -0.1895 -0.2118 5.1400 8.6100 3.8000 -262.6250 41.5000 -17.3125
0.9470 0.1763 -0.1266 -0.2371 3.0500 -4.4500 -0.3800 -82.1250 36.1875 62.6250
0.9659 0.1250 -0.0966 -0.2052 -2.9600 -3.7400 2.5400 29.8750 20.1250 -32.7500
0.9619 0.1456 -0.0855 -0.2153 -0.8800 -1.9400 2.3000 139.3125 -19.2500 -8.8750
0.9380 0.2429 -0.1190 -0.2170 2.2700 2.8600 1.8100 201.3750 1.6250 -4.8125
0.9019 0.3526 -0.1424 -0.2048 1.9200 6.8000 3.1600 184.0000 -44.8750 23.3750
0.8413 0.4684 -0.1964 -0.1849 1.7300 11.2700 4.8400 122.5625 -61.8750 48.7500
0.7914 0.5298 -0.2572 -0.1641 3.2600 15.0400 5.3500 107.4375 -68.1250 52.1875
0.7469 0.5714 -0.3082 -0.1435 3.7300 17.4500 3.5000 66.0625 -3.2500 -36.6875
0.7284 0.5959 -0.3060 -0.1440 3.1300 13.5500 2.9500 -68.5000 40.0000 3.7500
0.7627 0.5652 -0.2790 -0.1447 0.6300 5.8200 -4.3500 0.4375 17.0000 -93.0000
0.7731 0.5621 -0.2304 -0.1820 4.0400 13.8600 2.1600 -186.3125 37.1250 -48.7500
0.8338 0.4750 -0.1663 -0.2270 1.5200 11.0900 3.3100 -275.2500 34.1250 4.3125
0.9185 0.3007 -0.1029 -0.2355 1.9100 -0.1600 -1.1300 -221.4375 36.9375 83.7500
0.9633 0.1757 -0.0669 -0.1916 0.0000 -2.7200 1.3400 -24.8125 49.6875 5.7500
0.9687 0.1653 -0.0424 -0.1798 -0.2100 -0.2000 4.3900 40.4375 -48.8750 59.5000
0.9692 0.1772 -0.0832 -0.1498 0.5400 -0.5000 3.9900 46.0625 -137.6250 105.4375
0.9614 0.1844 -0.1792 -0.0975 3.0000 0.7500 4.2400 59.1875 -153.6875 99.6875
0.9309 0.1872 -0.3124 -0.0287 9.7600 11.7500 14.5800 -72.0625 -152.3750 149.0625
0.8969 0.1054 -0.4271 0.0450 13.0700 -3.8400 7.2300 -47.1875 -59.9375 185.2500
0.8751 -0.0134 -0.4787 0.0695 6.2200 -1.7600 7.6500 -70.1875 -66.2500 131.3750
0.8240 -0.1332 -0.5357 0.1281 5.7400 1.3200 9.9700 -623.8750 -108.4375 81.1875
0.6632 -0.4354 -0.6083 -0.0239 12.7900 -3.9100 -2.7700 -406.5000 -13.6250 146.0000
0.5032 -0.6511 -0.5528 -0.1315 10.1800 -4.9000 -10.4000 -65.5625 -11.7500 95.8125
0.4662 -0.7153 -0.5063 -0.1213 6.2200 -1.1200 -4.9600 4.9375 -5.2500 44.2500
0.4670 -0.7310 -0.4868 -0.1029 6.7200 -1.8200 -4.4800 20.0625 13.5000 8.9375
0.4807 -0.7264 -0.4805 -0.1019 5.5800 -3.7100 -2.3200 4.2500 8.5000 -11.6250
0.4893 -0.7189 -0.4816 -0.1093 4.5900 -5.1800 -5.9700 68.9375 23.8750 -47.6875
0.5416 -0.6640 -0.5036 -0.1099 9.6200 -5.3800 -14.3400 548.6250 50.2500 -121.6250
;
0.7424 -0.3715 -0.5572 0.0206 7.7200 -3.7400 -1.2300 410.3125 -28.0000 -63.3125
0.8060 -0.1166 -0.5615 0.1470 8.7500 -0.8300 2.0600 282.3125 61.4375 -199.0625
0.8394 0.1186 -0.5090 0.1495 5.3500 2.2900 0.7200 213.5625 96.6250 -377.6250
0.8461 0.3638 -0.3893 0.0109 1.6900 8.3500 3.1200 159.1875 -19.8750 -225.0625
0.7891 0.5151 -0.3278 -0.0667 2.2400 12.3500 8.6400 1008.0000 -0.0625 -0.0625
0.0000 0.0000 0.0000 0.0000 0.0000 0.0000 0.0000 0.0000 0.0000 0.0000
0.0000 0.0000 0.0000 0.0000 0.0000 0.0000 0.0000 0.0000 0.0000 0.0000
0.7052 0.6213 -0.3416 -0.0031 0.0000 0.0000 0.0000 0.0000 0.0000 0.0000
0.0000 0.0000 0.0000 0.0000 7.2200 20.2500 2.7300 -246.2500 6.4375 -98.3750
0.8113 0.5037 -0.2748 -0.1122 7.6800 12.6800 1.3000 -323.7500 20.8125 -44.4375
0.9058 0.3189 -0.1984 -0.1965 6.1700 1.8800 0.8500 -209.1875 142.8750 -94.3750
0.9424 0.2209 -0.0683 -0.2415 -1.3500 -2.2100 2.1400 -70.7500 73.3125 10.5625
0.9546 0.1830 -0.0027 -0.2352 -3.2500 -1.9200 2.6100 22.6250 -0.0625 -66.8750
0.9431 0.1912 0.0016 -0.2720 -0.6100 -0.5100 2.8900 73.2500 -55.5625 -7.2500
0.9275 0.2322 -0.0522 -0.2883 0.5400 -0.5900 1.1900 185.6875 -62.5000 -18.3750
0.8847 0.3394 -0.1195 -0.2963 4.2600 5.3400 2.2600 241.0000 -21.9375 63.9375
0.8279 0.4717 -0.1813 -0.2433 -0.4300 15.4200 6.7100 167.3125 -75.3750 132.2500
0.7778 0.5402 -0.2702 -0.1739 2.8300 14.3700 1.7200 147.3125 -44.8750 59.4375
0.7183 0.5989 -0.3304 -0.1271 3.9100 19.2300 3.0100 19.8125 -18.3125 19.5000
0.7095 0.6041 -0.3403 -0.1259 2.6000 16.0100 2.1400 -77.8750 -17.1875 -45.1250
0.7328 0.5754 -0.3200 -0.1719 3.3800 12.9800 2.2700 -114.9375 -5.2500 -74.0625
0.7717 0.5237 -0.2723 -0.2371 4.9900 14.0700 2.9400 -254.5625 32.5625 -32.1250
0.8601 0.3801 -0.1833 -0.2866 2.6600 5.6400 0.9200 -265.3750 75.0000 51.6250
0.9280 0.2368 -0.1002 -0.2697 -0.3200 0.2000 2.8900 -148.0625 59.3125 -3.1875
0.9497 0.1603 -0.0390 -0.2661 -0.6200 -1.2000 3.5000 -29.1250 24.7500 5.8125
0.9538 0.1447 -0.0199 -0.2626 -0.9900 -1.5800 3.5000 65.6250 -8.0000 -3.6250
0.9465 0.1794 -0.0343 -0.2659 -1.4500 -0.8900 3.6700 177.3750 -31.6250 -20.0625
0.9093 0.3004 -0.0953 -0.2719 0.6600 6.6700 5.7100 201.5625 -71.8125 36.0000
0.8575 0.4122 -0.1777 -0.2512 2.6000 10.7700 5.2800 161.0625 -115.9375 103.1875
0.8127 0.4662 -0.2853 -0.2018 5.9800 9.4200 2.0500 98.8750 -93.6250 128.3750
0.7792 0.4792 -0.3808 -0.1345 11.5300 14.7900 4.1900 32.3750 31.1250 187.5625
0.7816 0.4556 -0.4256 -0.0212 5.8500 12.6600 5.6400 -31.6250 31.2500 101.1875
0.8062 0.3947 -0.4387 0.0420 5.5200 14.2800 7.8400 -255.4375 49.2500 232.0000
0.8564 0.1802 -0.4704 0.1127 4.0300 -0.1700 5.5600 -229.1250 15.4375 282.0000
0.8434 -0.0333 -0.4998 0.1940 3.4700 -0.7600 13.9600 -633.3750 -151.1250 100.5000
0.6897 -0.3810 -0.6156 0.0145 18.1200 -3.3900 -12.8300 -289.3750 17.4375 65.5000
0.5669 -0.5405 -0.6079 -0.1300 9.7100 -3.5600 -10.4300 -82.7500 -10.2500 56.3125
0.5278 -0.6097 -0.5722 -0.1490 7.4400 -0.7200 -3.4500 -82.5625 -4.3750 62.2500
0.5018 -0.6572 -0.5410 -0.1533 7.1400 -1.4700 -7.0600 19.6875 22.1250 23.3750
0.5135 -0.6623 -0.5254 -0.1473 5.2600 -2.7100 -3.0100 34.8125 19.6250 -4.0625
0.5412 -0.6431 -0.5219 -0.1451 6.6100 -4.2100 -3.9100 92.0000 52.6250 -36.5000
;
0.5953 -0.5806 -0.5349 -0.1495 7.4900 -2.4400 -8.8800 384.9375 91.2500 -198.4375
0.7318 -0.3052 -0.5984 -0.1152 15.8100 1.7500 -6.2700 546.6250 130.2500 -140.8125
0.8173 0.0349 -0.5751 -0.0047 6.9800 4.5800 -1.5200 372.5625 213.3125 -277.6875
0.8294 0.3478 -0.4371 -0.0027 1.1100 3.5200 3.2400 154.3125 91.5000 -227.9375
0.8002 0.4901 -0.3409 -0.0565 0.7100 11.2100 7.9400 96.2500 30.8750 -66.1875
0.7632 0.5638 -0.0134 -0.0001 0.0000 0.0000 0.0000 67.0625 -4.2500 56.7500
0.7361 0.5879 -0.3347 -0.0220 0.0000 0.0000 0.0000 0.0000 0.0000 0.0000
0.0000 0.0000 0.0000 0.0000 0.0000 0.0000 0.0000 0.0000 0.0000 0.0000
0.7426 0.5706 -0.3481 -0.0435 0.0000 0.0000 0.0000 -142.9375 51.2500 -49.5625
0.8067 0.5038 -0.2975 -0.0833 6.1700 12.7000 2.9600 -243.5625 65.3125 -49.8125
0.8865 0.3828 -0.2225 -0.1345 4.4300 6.0500 2.8400 -220.5625 93.1250 -57.2500
0.9438 0.2501 -0.1199 -0.1798 -0.1900 -0.8400 2.8600 -127.2500 72.0625 -27.8125
0.9615 0.1808 -0.0571 -0.1985 -1.0900 -2.0000 3.0600 -26.3750 0.5625 -21.5000
0.9604 0.1707 -0.0493 -0.2144 -0.9100 -0.6800 2.9400 73.6875 -42.2500 -3.3750
0.9483 0.2115 -0.0807 -0.2225 0.4300 -1.4400 2.2600 200.4375 -67.8750 34.5000
0.9047 0.3393 -0.1608 -0.2012 1.6100 4.3400 -0.4800 340.9375 -55.1875 4.2500
0.8073 0.5153 -0.2319 -0.1699 2.5500 15.3900 2.2500 211.3125 -38.2500 48.8125
0.7306 0.6010 -0.2992 -0.1248 3.2600 15.4300 0.0800 95.6250 -63.8750 26.1250
0.6909 0.6267 -0.3430 -0.1105 4.9300 17.1100 0.6800 -12.6875 11.5625 38.4375
0.7028 0.6132 -0.3467 -0.0990 3.9700 14.7000 0.8700 -101.5625 10.6250 -41.8125
0.7418 0.5755 -0.3168 -0.1344 5.2500 15.6100 2.3600 -226.5625 48.5625 -52.1250
0.8335 0.4604 -0.2393 -0.1898 4.8700 9.8000 1.7700 -273.3750 78.2500 -4.3125
0.9125 0.3177 -0.1552 -0.2057 1.7300 1.1400 1.8700 -173.2500 83.8125 23.3125
0.9516 0.2235 -0.0838 -0.1937 -0.6100 -1.2400 3.4200 -63.0625 65.0625 -26.6875
0.9583 0.1962 -0.0336 -0.2048 -1.8300 -1.1500 3.9500 38.2500 16.5000 -22.0000
0.9511 0.2193 -0.0249 -0.2161 -2.4900 -0.1800 4.4700 75.9375 -26.5000 -8.5000
0.9363 0.2670 -0.0565 -0.2210 -0.3600 2.4800 3.8500 143.8125 -72.4375 31.1250
0.9031 0.3509 -0.1253 -0.2133 0.9400 5.0700 2.8700 178.8125 -90.0625 52.5625
0.8555 0.4327 -0.2160 -0.1854 2.7900 6.3700 2.1300 155.6875 -92.3750 103.0000
0.8077 0.4796 -0.3174 -0.1301 7.8600 13.0000 3.2200 49.7500 -71.5625 129.3125
0.7863 0.4589 -0.4088 -0.0638 9.8000 16.1600 5.6800 -128.6250 -21.9375 259.1875
0.0000 0.0000 0.0000 0.0000 0.0000 0.0000 0.0000 0.0000 0.0000 0.0000
0.8654 0.1632 -0.4565 0.1268 0.4800 2.4400 12.4500 -215.0625 -18.3125 135.0625
0.8574 0.0135 -0.4869 0.1663 5.7000 -1.0300 6.7700 -55.7500 -46.5625 100.1875
0.8309 -0.0504 -0.5160 0.2020 7.2400 -4.4800 5.6000 -75.2500 -48.8125 64.0000
0.8059 -0.1098 -0.5435 0.2076 9.1900 1.0900 13.3600 -631.5000 -40.3750 1.7500
0.6905 -0.3915 -0.6078 0.0208 11.2800 -5.3700 -15.5500 -97.0000 49.1250 74.6875
0.6552 -0.4926 -0.5722 -0.0250 4.1900 -2.1900 -2.8700 52.0625 19.1875 -46.0000
0.6746 -0.4594 -0.5768 -0.0349 7.1100 -3.2700 -1.4200 8.6875 2.3750 -33.4375
0.6776 -0.4426 -0.5854 -0.0464 8.6200 -4.5200 -1.7000 9.8125 -5.8750 -13.1250
0.6769 -0.4333 -0.5931 -0.0472 9.3000 -5.3500 -3.8100 78.0625 -2.0000 -21.5000
0.7034 -0.3781 -0.6014 -0.0227 6.6700 -5.0800 -4.2600 259.5000 49.3750 -98.8750
;
0.5151 -0.0872 -0.7230 -0.4521 5.6300 6.0300 -0.1400 11.5000 16.8125 12.5625
0.5254 -0.0719 -0.7343 -0.4237 8.6900 5.0700 -1.6500 -13.0625 36.0625 20.7500
0.5442 -0.0768 -0.7192 -0.4250 7.1900 4.9700 0.6700 39.0000 19.8750 4.7500
0.5630 -0.0621 -0.7190 -0.4028 9.5200 5.5100 -0.4800 -28.6875 45.6250 16.1250
0.5900 -0.0593 -0.6987 -0.4003 10.9800 5.0000 -1.5000 -1.4375 83.4375 12.3750
0.6296 -0.0417 -0.6700 -0.3911 7.8500 5.3900 1.4100 22.3750 76.0625 3.0625
0.6637 -0.0247 -0.6429 -0.3815 11.1600 4.0000 2.9400 -9.7500 51.8750 46.1250
0.7013 -0.0195 -0.6046 -0.3771 12.6100 10.7200 5.5600 -17.8750 128.9375 -69.7500
0.7396 0.0275 -0.5272 -0.4175 6.2200 5.6700 2.9100 -105.3750 116.6250 -65.0625
0.7665 0.0228 -0.4264 -0.4797 2.7000 2.3600 1.7100 -162.5000 84.5000 18.8750
0.7904 -0.0363 -0.3304 -0.5145 2.2400 -2.9100 1.8200 -23.3125 58.0625 -38.5000
0.7886 -0.0370 -0.2842 -0.5440 5.3400 0.0300 3.7300 -29.1875 -13.6875 31.4375
0.7870 -0.0558 -0.2787 -0.5475 4.6100 -1.8000 2.5500 65.2500 -25.1875 -13.0625
0.7783 -0.0273 -0.3231 -0.5377 2.8800 0.0400 -0.2500 0.0000 0.0000 0.0000
0.7610 -0.0002 -0.4282 -0.4875 1.6900 5.7200 3.6800 105.3125 -201.3125 24.7500
0.7114 -0.0187 -0.5597 -0.4247 15.9500 9.2800 5.2900 80.5625 -116.1250 3.6875
0.6732 -0.0287 -0.6309 -0.3848 13.6900 9.7100 5.9500 -9.0000 1.0625 16.0625
0.6769 -0.0408 -0.6324 -0.3745 11.6800 4.9500 3.8000 8.6250 77.3125 -31.2500
0.7017 -0.0141 -0.6015 -0.3817 7.9900 7.8000 4.1900 -20.2500 100.5000 -79.0000
0.7258 0.0226 -0.5374 -0.4289 9.9200 8.8300 4.5400 -144.5625 106.6250 -14.5000
0.7552 -0.0065 -0.4380 -0.4875 9.7500 2.6200 1.2700 -136.3750 127.1250 1.5625
0.7841 -0.0357 -0.3246 -0.5278 7.0900 3.9400 2.3700 -167.3125 139.1875 59.7500
0.8208 -0.0773 -0.1987 -0.5300 -1.1100 -3.7600 3.3800 -8.0625 51.0625 36.1875
0.0000 0.0000 0.0000 0.0000 0.0000 0.0000 0.0000 22.6875 -4.5625 8.0625
0.8464 -0.0670 -0.1616 -0.5030 2.1900 1.4200 7.5000 7.5000 -51.3750 14.4375
0.8456 -0.0803 -0.1901 -0.4924 3.7800 -0.2700 4.4100 0.0000 0.0000 0.0000
0.8347 -0.2128 -0.2192 -0.4583 0.9600 2.1600 3.0900 -89.6250 -295.0625 91.9375
0.0000 0.0000 0.0000 0.0000 0.0000 0.0000 0.0000 -32.1875 -264.6250 314.6250
0.8094 -0.4154 -0.3868 -0.1509 12.8500 -7.3700 4.2100 292.3125 -43.0625 189.2500
0.8596 -0.3483 -0.3738 0.0057 6.6800 -8.2100 3.4900 6.3125 -24.6875 130.3750
0.8492 -0.3852 -0.3517 0.0822 6.3800 -5.3500 7.2900 -54.2500 4.4375 47.2500
0.8351 -0.4295 -0.3268 0.1058 6.0800 -7.0700 8.0900 -46.6875 33.6875 27.3125
0.8279 -0.4686 -0.2899 0.1047 5.9100 -8.0500 8.1900 -202.5000 102.7500 2.7500
0.7149 -0.6546 -0.2413 0.0466 -3.5500 -1.3500 -5.4900 -928.8125 -138.4375 7.8125
0.2884 -0.9241 -0.2507 -0.0061 5.6900 -3.1800 -14.2500 -41.3125 19.3125 41.1875
0.2367 -0.9435 -0.2321 -0.0040 -0.7300 -1.4200 -12.4900 59.6250 1.6250 33.5625
0.2987 -0.9343 -0.1939 0.0179 -2.1100 -1.9100 -4.2100 95.1250 17.4375 11.0000
0.3588 -0.9161 -0.1779 0.0198 1.2800 -5.3700 -4.6900 30.6250 -4.8750 0.3750
0.3766 -0.9090 -0.1769 0.0225 1.6200 -5.8000 -4.6600 12.3125 21.6250 -10.3750
0.3860 -0.9049 -0.1788 0.0137 0.7800 -5.3300 -6.2700 17.2500 28.5000 -20.6875
0.4085 -0.8941 -0.1832 -0.0123 -1.6100 -5.6500 -0.0100 0.0000 0.0000 0.0000
0.0000 0.0000 0.0000 0.0000 -3.8700 -2.7900 -7.5300 0.0000 0.0000 0.0000
;
0.6611 -0.5496 -0.3879 -0.3325 3.2400 10.0300 6.2000 98.1250 -178.0625 -450.3125
0.5128 -0.3591 -0.6505 -0.4301 19.2100 9.4900 -7.0100 -36.8750 -239.0000 -264.7500
0.3196 -0.3347 -0.7675 -0.4435 21.8300 8.5800 -7.1200 -73.4375 -34.5625 19.1250
0.2802 -0.3650 -0.7698 -0.4422 11.9800 7.2300 -3.6100 28.6250 48.4375 49.1875
0.3256 -0.3745 -0.7476 -0.4413 8.0000 3.3800 -8.3100 115.2500 175.0625 58.5000
0.4532 -0.3240 -0.7018 -0.4440 16.9000 0.8700 -11.5100 359.6250 104.6250 100.3750
0.6123 -0.1678 -0.6879 -0.3517 6.1500 1.9500 1.1100 159.0625 67.0625 -27.6875
0.6531 -0.0777 -0.6865 -0.3101 13.1700 6.9400 0.9900 58.0000 27.6875 -58.0625
0.6635 -0.0321 -0.6804 -0.3096 13.8900 12.1200 2.9400 -98.4375 176.7500 -70.0625
0.7155 -0.0085 -0.5781 -0.3922 10.2400 5.1500 0.8900 -162.6875 176.8750 -58.2500
0.7542 -0.0154 -0.4453 -0.4824 5.6300 -1.9200 -0.5600 -140.4375 117.5000 1.5625
0.7787 -0.0417 -0.3228 -0.5363 1.7800 -0.3100 1.7500 -62.3125 45.9375 -43.6875
0.7722 -0.0428 -0.2852 -0.5661 2.6600 0.8500 3.4300 5.3125 -28.6250 -6.1250
0.7662 -0.0481 -0.3019 -0.5651 2.1700 -1.9000 2.0000 0.0000 0.0000 0.0000
0.0000 0.0000 0.0000 0.0000 3.8200 0.4400 0.7100 114.8750 -191.5000 89.8750
0.7350 -0.0828 -0.4965 -0.4543 11.9000 5.7200 1.5100 102.2500 -205.6250 63.0625
0.6816 -0.1116 -0.6155 -0.3797 18.8900 9.0600 3.7700 12.8750 -98.6250 38.8750
0.6498 -0.1523 -0.6647 -0.3358 14.6700 7.2400 4.7100 -19.3125 9.0625 11.0625
0.6547 -0.1655 -0.6553 -0.3386 11.4400 1.9100 2.5300 -0.4375 71.2500 -28.1250
0.6793 -0.1404 -0.6258 -0.3566 12.9700 4.9100 3.2500 4.6875 107.3125 -49.0000
0.0000 0.0000 0.0000 0.0000 12.1900 5.4500 2.3200 -61.8125 161.4375 -37.3750
0.0000 0.0000 0.0000 0.0000 8.6100 2.3100 0.5200 -137.9375 164.0625 52.5625
0.8094 -0.1042 -0.3449 -0.4638 2.1100 -1.9600 1.6700 -42.4375 92.5625 20.3750
0.0000 0.0000 0.0000 0.0000 1.6500 -0.8100 3.6300 0.0000 0.0000 0.0000
0.8461 -0.1390 -0.2447 -0.4526 0.7300 2.2600 6.2800 -256.5625 -108.0625 97.1875
0.8294 -0.3113 -0.2321 -0.4016 4.2400 -1.2600 3.9300 0.0000 0.0000 0.0000
0.8392 -0.3618 -0.3453 -0.2134 5.2600 -4.1300 0.4700 198.4375 -226.0000 222.3750
0.8240 -0.3427 -0.4506 0.0245 8.3700 -7.2700 0.9300 -34.7500 -75.3125 236.1875
0.7699 -0.4465 -0.4290 0.1547 1.0300 -8.4600 -8.1500 -96.7500 -77.3750 78.1875
0.6878 -0.5981 -0.3937 0.1191 5.8600 -9.2900 4.4000 -110.1250 -60.8750 40.0625
0.6500 -0.6298 -0.3945 0.1589 6.9700 -14.4100 0.4700 18.2500 -17.0000 14.6875
0.6576 -0.6198 -0.3868 0.1838 7.4700 -11.9300 2.4300 77.3750 34.0625 20.1250
0.6959 -0.5959 -0.3538 0.1882 7.1100 -13.4300 3.2700 76.4375 100.2500 -49.0625
0.7510 -0.5637 -0.3104 0.1481 4.5300 -4.7300 13.9000 -705.6875 305.6250 51.9375
0.0000 0.0000 0.0000 0.0000 10.4400 -5.2800 -25.5200 -53.0000 -62.0000 25.5625
0.2517 -0.9505 -0.1820 -0.0074 -3.1400 -0.0900 -6.2400 39.6875 -38.0625 65.1250
0.2934 -0.9447 -0.1461 0.0121 1.7200 -3.1000 -8.0200 102.1875 45.7500 -5.9375
0.3535 -0.9248 -0.1404 0.0004 -0.1200 -4.5700 -4.1300 17.7500 -3.7500 2.6875
0.3716 -0.9181 -0.1379 0.0038 0.7600 -5.2200 -2.8800 -4.4375 1.3125 -4.1875
0.3773 -0.9156 -0.1393 0.0010 1.3000 -6.3800 -5.0800 1.2500 -4.0000 -6.3125
0.3801 -0.9137 -0.1438 -0.0004 1.1900 -6.0500 -6.9000 24.1875 30.3125 -38.0000
0.3973 -0.9037 -0.1576 -0.0271 2.3500 -6.4600 -7.5400 0.0000 0.0000 0.0000
0.4439 -0.8756 -0.1630 -0.0986 0.0000 0.0000 0.0000 0.0000 0.0000 0.0000
0.5714 -0.7345 -0.2043 -0.3038 2.6900 -0.3400 1.1000 245.4375 45.7500 -312.6875
;
