0.8265 0.4797 -0.2945 -0.0055 4.7000 7.7500 3.5900 0.3750 0.4375 0.3125
0.8264 0.4800 -0.2944 -0.0052 4.7800 7.7700 3.6000 0.9375 -0.0625 0.6875
0.8261 0.4799 -0.2952 -0.0051 4.8400 8.1300 4.1800 -13.5625 -2.5625 1.8750
0.8304 0.4706 -0.2980 -0.0081 6.8000 10.0000 5.8800 -28.0000 -20.7500 73.3125
0.8296 0.4532 -0.3256 0.0220 10.1200 7.5100 0.9200 192.6250 65.9375 157.7500
0.7767 0.5071 -0.3428 0.1487 5.6300 7.3200 2.2500 65.7500 54.1875 35.6875
0.7554 0.5310 -0.3205 0.2115 9.0800 12.7500 4.4300 -58.4375 78.5000 -33.0625
0.7917 0.4992 -0.2772 0.2172 9.8200 12.4000 6.2400 -122.7500 115.3750 -95.9375
0.8673 0.4259 -0.1887 0.1755 8.0200 7.8900 6.1100 -114.9375 153.1250 -156.5000
0.9268 0.3527 -0.0663 0.1107 3.1500 5.7700 5.9800 -142.1875 137.2500 -138.7500
0.9637 0.2598 0.0355 0.0511 -0.3300 -1.5600 1.9000 -96.3125 49.5000 -55.0000
0.9777 0.1931 0.0792 0.0232 -2.1600 -2.5500 1.7700 17.0000 -3.4375 -9.0625
0.9764 0.1990 0.0808 0.0193 -2.7700 -1.9800 1.4800 84.2500 -83.1875 78.8750
0.9648 0.2569 0.0216 0.0518 1.1200 -2.2400 -1.0100 202.2500 -184.3750 143.9375
0.8999 0.4034 -0.1254 0.1083 6.9900 4.4900 -1.5400 261.0000 -176.6875 117.3750
0.7867 0.5510 -0.2309 0.1555 13.2000 17.4600 4.4300 130.6875 -60.2500 174.6250
0.7025 0.5952 -0.3165 0.2280 11.8700 13.8800 2.0400 22.8750 -35.5000 32.2500
0.6744 0.6007 -0.3526 0.2451 12.0300 14.5800 1.8700 -16.0625 35.5000 13.3750
0.6840 0.5888 -0.3448 0.2581 10.2900 11.9200 1.5500 -30.1875 57.6875 -75.5000
0.7278 0.5773 -0.2871 0.2335 11.8100 14.0400 3.3200 -109.3750 90.9375 -137.6875
0.8053 0.5271 -0.2013 0.1821 9.4200 7.6200 2.4300 -175.5625 148.3125 -113.0000
0.8880 0.4244 -0.0975 0.1477 3.4500 2.0200 1.6900 -150.8750 170.3750 -105.5000
0.9432 0.3104 0.0255 0.1155 -2.1000 -1.2600 2.5200 -38.8125 81.3750 -44.3750
0.9401 0.2711 0.1013 0.1804 -3.3900 0.7400 3.2400 16.5000 -0.3125 -22.8125
0.9391 0.2803 0.1023 0.1706 -2.0600 1.0700 3.0200 38.5000 -67.0000 49.5000
0.9294 0.3160 0.0532 0.1832 0.8000 0.3900 1.8100 70.0000 -141.0000 116.4375
0.8958 0.3804 -0.0522 0.2238 4.7500 -0.8600 -2.8600 175.9375 -203.4375 162.1875
0.8041 0.4998 -0.1788 0.2679 14.3300 12.3800 3.0700 126.3750 -177.0625 157.5625
0.7006 0.5725 -0.3005 0.3018 16.1700 14.0200 5.1600 -1.0625 -47.0625 98.0625
0.6719 0.5696 -0.3512 0.3176 13.3900 11.5500 2.7600 -2.1875 -0.0625 -110.8750
0.6943 0.5806 -0.3210 0.2792 9.1400 10.5900 5.9500 -159.6250 -3.7500 -56.1250
0.7670 0.5152 -0.3171 0.2139 7.3000 9.3500 5.2000 -193.6250 75.6250 -61.0000
0.8326 0.4346 -0.2952 0.1754 11.0800 9.9700 3.5300 35.2500 106.6250 104.1875
0.8300 0.4003 -0.2802 0.2689 6.0500 15.5700 2.2400 -344.5000 180.8125 494.6875
0.7913 0.0225 -0.3496 0.5011 -12.1200 -5.7700 -13.3200 -406.3125 147.6250 -40.3125
0.7817 -0.2285 -0.4279 0.3920 4.7100 -5.3300 0.8800 -122.6875 -54.0000 -158.3125
0.7870 -0.2430 -0.5016 0.2645 14.0200 -15.2200 0.2800 -23.0625 -18.6875 -34.2500
0.7816 -0.2394 -0.5215 0.2446 10.0400 -10.1100 2.6200 69.5000 17.7500 35.1875
0.7930 -0.2158 -0.4937 0.2844 7.6500 -5.5400 5.4000 61.1250 15.2500 55.1250
0.7960 -0.2020 -0.4639 0.3323 6.5200 -6.7700 3.5100 72.1875 -4.1250 64.0000
0.7905 -0.1700 -0.4395 0.3913 3.9400 -10.3300 0.8700 237.6875 -195.0625 -19.3750
0.7832 -0.0049 -0.4460 0.4332 -1.5200 -1.6100 -1.8300 183.4375 107.8750 -376.5000
0.8798 0.2053 -0.3187 0.2868 2.0700 10.9800 1.1400 357.9375 30.0625 -259.3125
0.8516 0.4382 -0.1937 0.2130 7.6600 13.9200 7.1900 159.0000 -31.6875 16.9375
0.7953 0.5319 -0.1889 0.2213 6.8700 16.1300 6.4700 65.0000 -5.0000 22.2500
0.7799 0.5483 -0.2065 0.2202 10.8400 10.7200 1.5800 -70.3125 -73.5000 53.7500
0.7993 0.4909 -0.2593 0.2302 11.5000 8.3500 4.7800 -96.0000 125.2500 152.7500
0.8160 0.3717 -0.2754 0.3467 5.6500 6.8900 1.6200 -112.4375 83.8125 375.2500
0.7501 0.1919 -0.3411 0.5331 -7.8900 -2.3600 5.1500 -107.9375 15.1250 336.8125
0.6305 0.0252 -0.3856 0.6732 0.2800 -4.1300 5.0300 23.1250 77.4375 38.1875
0.6354 -0.0080 -0.3417 0.6924 3.3300 -0.5400 8.0100 15.1250 38.9375 7.3750
0.6404 -0.0195 -0.3241 0.6960 2.7300 1.9400 10.5100 -44.9375 12.8125 -41.5625
0.6641 -0.0344 -0.3397 0.6652 2.1100 -2.5500 12.4700 -120.3750 49.7500 -90.6875
0.6796 -0.0850 -0.4433 0.5783 -3.8800 8.5000 14.7300 -864.4375 -103.1875 -216.5000
0.6069 -0.3734 -0.6704 0.2069 11.3300 -7.7300 -4.9700 -239.2500 52.1250 44.4375
0.5694 -0.4893 -0.6538 0.0947 6.4700 -1.7300 -2.6700 -152.0000 -2.1875 38.5625
0.5268 -0.5674 -0.6320 0.0334 7.0600 -1.4600 -9.8500 -31.4375 45.2500 -4.4375
0.5336 -0.5767 -0.6187 0.0041 6.9200 -2.3300 -6.2000 20.0625 28.9375 -3.1875
0.5559 -0.5643 -0.6104 0.0010 6.5900 -2.6300 -5.8300 126.3125 26.9375 -33.7500
0.6147 -0.4987 -0.6104 0.0277 7.2700 -1.7300 -8.3100 353.0000 57.8125 -94.3125
0.7503 -0.2760 -0.5888 0.1194 6.7000 0.5300 -0.6100 421.6250 116.1250 -96.2500
;
0.8441 -0.0248 -0.4932 0.2088 3.1700 2.8600 4.3000 392.3750 86.7500 -156.8125
0.8684 0.2300 -0.3725 0.2328 7.8300 9.3200 9.4800 250.7500 74.1250 -111.3750
0.8542 0.3845 -0.2711 0.2212 5.9400 9.8500 7.2300 107.3125 -1.5625 -66.8125
0.8384 0.4539 -0.2342 0.1902 4.4100 7.7600 6.9000 9.2500 -35.0625 -31.1250
0.8334 0.4678 -0.2427 0.1667 6.6300 8.2300 5.9300 0.3125 -24.3750 26.5625
0.8314 0.4665 -0.2510 0.1680 5.0500 10.7200 7.0800 -44.9375 -21.3125 -22.3750
0.8414 0.4513 -0.2546 0.1537 6.4300 6.4200 4.3000 -14.8125 -17.6875 16.2500
0.8401 0.4456 -0.2672 0.1556 9.0700 6.7400 2.7700 97.5625 53.0625 66.3750
0.8235 0.4698 -0.2421 0.2062 5.5800 8.2200 7.8200 -70.8750 -24.3125 46.2500
0.8289 0.4366 -0.2733 0.2184 7.9800 8.2600 5.8400 50.6875 39.0625 36.1875
0.8103 0.4651 -0.2603 0.2437 10.0000 14.6400 8.1900 86.3750 35.0625 -31.1875
0.7944 0.5157 -0.2059 0.2458 10.5800 17.2400 8.7700 -90.0000 111.2500 -159.6875
0.8610 0.4609 -0.0984 0.1914 8.7300 8.1000 5.1000 -164.9375 132.1250 -153.6250
0.9334 0.3367 0.0187 0.1226 0.3800 1.7300 4.3800 -104.8125 73.4375 -149.9375
0.9609 0.2571 0.0888 0.0513 -1.7500 -0.6500 2.8200 -58.6250 43.3125 -83.0625
0.9684 0.2139 0.1277 0.0090 -1.0800 -0.8600 1.8800 -5.6875 -5.5625 -12.5000
0.9700 0.2097 0.1229 0.0009 -1.3800 -3.3100 0.4200 65.1250 -45.0000 28.1250
0.9619 0.2595 0.0854 0.0129 1.3200 0.2300 0.2500 158.0000 -72.8750 88.6875
0.9285 0.3674 0.0159 0.0522 4.5400 3.6900 1.3900 211.1250 -96.4375 123.9375
0.8565 0.4983 -0.0728 0.1130 7.2600 13.4600 4.3300 179.6875 -110.3125 204.1250
0.7628 0.5935 -0.1705 0.1918 9.8000 19.0700 4.5500 66.6875 -74.3750 140.7500
0.7026 0.6223 -0.2463 0.2417 9.3200 17.1400 3.1300 16.8125 -5.1875 38.1250
0.6808 0.6293 -0.2650 0.2652 9.4800 17.9600 3.4500 -51.4375 21.5000 -22.7500
0.7129 0.6044 -0.2512 0.2518 10.7200 15.4500 3.0000 -131.3750 76.5625 -113.7500
0.8023 0.5312 -0.1849 0.1999 9.4400 9.9500 2.5100 -198.2500 115.1250 -116.4375
0.8913 0.4138 -0.1045 0.1531 4.0000 2.4000 2.7600 -161.8125 128.6875 -106.9375
0.9456 0.3030 -0.0172 0.1175 1.0100 -0.0600 1.9800 -119.1250 73.0000 -16.5000
0.9697 0.2122 0.0323 0.1171 -0.1200 -0.9800 2.4900 -34.6250 26.0000 -12.0625
0.9739 0.1904 0.0520 0.1118 -0.7900 -0.8600 3.3900 19.1250 7.3125 13.6875
0.9703 0.2042 0.0561 0.1169 -1.2600 -1.8600 3.3300 119.4375 -53.8750 28.5625
0.9470 0.2922 0.0234 0.1317 2.5600 0.2500 1.5100 170.4375 -79.1250 131.1875
0.8912 0.4071 -0.0427 0.1956 4.2900 5.3000 -0.0300 224.4375 -124.4375 123.0000
0.8063 0.5207 -0.1198 0.2537 7.7700 9.0300 1.5400 89.9375 -103.0000 123.0625
0.7477 0.5638 -0.2022 0.2865 12.8200 14.5700 5.3600 -9.3125 -11.8125 104.2500
0.7300 0.5543 -0.2414 0.3186 8.4200 8.8500 2.9600 34.6875 -19.0625 -51.3750
0.7297 0.5650 -0.2399 0.3011 6.7000 7.3500 2.2900 -30.2500 -30.2500 1.5000
0.7375 0.5593 -0.2488 0.2855 6.8900 7.5000 5.3200 -42.1875 -12.1250 -101.5000
0.7562 0.5697 -0.2175 0.2375 7.1100 7.9800 1.1900 144.6250 67.6250 -85.5625
0.7311 0.6279 -0.1334 0.2314 8.1300 10.6100 3.2700 20.8750 77.9375 -86.9375
0.7379 0.6346 -0.0530 0.2237 3.4300 8.8100 -0.1100 -110.9375 123.6875 -63.9375
0.8018 0.5466 -0.0088 0.2415 5.3200 14.6000 6.6200 -383.1250 36.3125 203.3750
0.8811 0.3015 -0.1420 0.3356 9.2500 7.1100 -3.4300 -45.1875 -46.0625 321.1250
0.8072 0.2147 -0.2266 0.5010 2.3100 -5.0100 5.9100 -75.9375 164.2500 201.0000
0.7545 0.1349 -0.1993 0.6105 2.7100 -0.1500 7.5700 -25.5000 92.3125 35.0000
0.7484 0.0793 -0.1713 0.6358 1.5100 0.0400 7.7000 -96.1250 19.0000 53.3125
0.7262 0.0137 -0.2075 0.6553 -0.0100 2.5500 9.1800 -113.8750 8.0625 -3.8125
0.7314 -0.0473 -0.2566 0.6301 -3.0400 8.1700 7.6100 -212.1250 -57.8750 -117.3125
0.7551 -0.1180 -0.3901 0.5136 8.7500 -4.2500 -3.4800 -275.5625 -98.1875 -196.3125
0.7579 -0.1589 -0.5248 0.3535 18.1800 -15.0000 -0.7300 -16.8125 -2.3125 -48.5625
0.7656 -0.1520 -0.5435 0.3089 10.8700 -8.8800 3.4000 37.0625 30.8125 31.1875
0.7725 -0.1507 -0.5186 0.3340 6.1400 -4.7700 4.0800 23.5625 18.5000 21.1250
0.7764 -0.1500 -0.5023 0.3499 5.2800 -3.9300 4.2800 5.1875 -5.8750 1.8750
0.7770 -0.1439 -0.5004 0.3537 7.8700 -6.9300 3.4400 60.6875 -6.2500 24.3750
0.7695 -0.1132 -0.4959 0.3862 5.7900 -8.6400 5.2200 50.8750 -267.5000 4.6875
0.7094 -0.0256 -0.5818 0.3970 5.3400 -6.8600 -7.0700 177.6875 -33.9375 -214.0625
0.7425 0.1659 -0.5316 0.3723 2.6200 5.9000 -2.0100 430.6250 47.7500 -274.0625
0.7372 0.4693 -0.3243 0.3622 7.8900 11.6900 3.1100 298.5000 24.5625 -225.1250
0.6943 0.6246 -0.1808 0.3083 4.0900 15.6600 3.5100 -8.6875 2.6875 -134.8750
0.7152 0.6479 -0.1342 0.2252 8.2900 17.5900 3.8600 -192.5000 -48.6250 -320.8125
0.8062 0.5849 -0.0645 0.0611 6.5700 12.9300 1.4200 -228.3750 84.1875 -4.8750
0.8880 0.4514 -0.0401 0.0783 -3.7700 4.5500 -0.0900 -158.7500 168.5000 91.4375
0.9248 0.3245 0.0044 0.1985 1.8500 6.0600 5.7100 -126.8750 50.6875 254.5625
0.9076 0.2291 -0.0005 0.3519 -4.7200 4.3700 6.6100 -179.3125 -16.6250 305.3125
0.8392 0.1303 -0.1050 0.5175 2.4600 1.3800 8.4600 -127.0625 -51.6875 208.8750
0.7697 0.0659 -0.1942 0.6046 -0.1400 4.7100 9.5000 -131.5625 -80.8750 86.3750
0.7219 0.0127 -0.3214 0.6127 -4.0600 10.5200 21.3500 -624.0625 -27.0000 -210.8750
0.6860 -0.2567 -0.6003 0.3211 19.3300 -3.3600 -7.2200 -498.9375 135.3125 98.9375
0.5769 -0.5175 -0.6247 0.0953 10.2300 -2.6700 -11.1700 -209.0625 -18.6875 75.5000
0.5077 -0.6127 -0.6041 0.0453 4.9900 -1.1800 -8.4700 -10.8750 2.8750 12.4375
0.5021 -0.6250 -0.5963 0.0397 5.2600 -2.6600 -5.8000 56.5625 39.1250 -27.0625
0.5455 -0.5922 -0.5920 0.0380 4.7500 -3.1400 -4.8500 120.1250 36.4375 -68.1250
0.6113 -0.5124 -0.6011 0.0491 5.7700 -1.7100 -8.2200 300.3750 73.6875 -157.1250
0.7385 -0.3129 -0.5911 0.0861 6.7300 0.8400 -1.9200 418.7500 128.1875 -134.9375
0.8569 -0.0094 -0.4907 0.1575 6.1100 3.4500 1.3800 440.5625 153.8125 -191.0625
0.8808 0.2827 -0.3300 0.1880 2.0000 11.2700 11.0200 298.9375 145.0625 -157.5625
0.8456 0.4706 -0.1708 0.1849 0.7900 14.2700 13.6800 44.3125 20.3125 -84.0000
;
