0.8753 0.2952 0.2322 0.3046 -2.1700 6.4400 7.0200 0.0625 0.1250 0.3750
0.8754 0.2953 0.2321 0.3045 -2.1500 6.3800 7.0500 0.0000 -0.0625 -0.1875
0.8754 0.2952 0.2319 0.3045 -2.0900 6.4300 7.0600 -0.3125 0.5000 -0.1250
0.8754 0.2952 0.2319 0.3046 -2.1500 6.4300 7.0700 -0.3125 0.1875 -0.1250
0.8754 0.2952 0.2319 0.3046 -2.1500 6.5100 7.0800 -0.6250 -3.5625 2.4375
0.8739 0.3033 0.2227 0.3077 -7.4700 8.4000 7.6300 56.6875 -29.9375 -21.3125
0.8838 0.3388 0.1614 0.2794 -0.0800 6.9200 4.1900 -33.0625 -206.7500 -15.2500
0.9042 0.3493 0.0824 0.2316 1.1200 5.1700 5.6900 42.7500 66.1875 -5.5000
0.8755 0.4023 0.1315 0.2328 7.8700 9.3800 -2.4400 456.7500 -8.6875 258.6875
0.7177 0.6111 0.1129 0.3143 6.1000 10.5100 1.3200 112.6250 -81.2500 39.1875
0.6900 0.6486 0.0762 0.3121 6.9900 22.0600 7.3000 -124.3750 64.0000 60.3750
0.7242 0.5740 0.0530 0.3784 6.4300 17.8200 4.8000 -196.0000 130.3125 105.1875
0.7596 0.4427 0.0335 0.4753 5.2600 7.5200 0.5400 -190.6875 208.6875 72.0625
0.7738 0.2839 0.0604 0.5630 0.2700 2.0100 1.5300 -123.6875 167.7500 32.0000
0.7720 0.1599 0.0950 0.6078 -1.6100 -2.8400 0.0000 -8.8750 100.3750 -10.0625
0.7692 0.1127 0.1313 0.6151 -1.9300 -1.1800 0.9700 12.0625 20.4375 -21.3125
0.7744 0.1038 0.1467 0.6067 -2.4100 -1.0000 2.6200 74.8125 -16.5625 -96.5625
0.8040 0.1414 0.1713 0.5516 -0.2400 0.1700 2.9300 105.7500 -70.3750 -58.7500
0.8251 0.2147 0.1779 0.4913 -1.0900 2.3200 0.6700 156.6250 -163.6875 -66.8750
0.8369 0.3307 0.1678 0.4028 2.5100 12.8900 6.3200 173.3125 -150.9375 12.8750
0.7963 0.4661 0.1403 0.3593 4.2600 19.7200 11.4200 122.0000 -34.1250 39.0625
0.7482 0.5419 0.1376 0.3573 1.8400 19.3600 11.1800 19.8750 24.8125 4.8125
0.7383 0.5390 0.1507 0.3765 2.1400 19.4000 11.2000 -100.2500 47.2500 3.0625
0.7651 0.4741 0.1439 0.4113 3.8700 14.9300 7.0400 -173.9375 107.0625 23.5625
0.7945 0.3525 0.1371 0.4750 2.4800 7.4900 3.6000 -159.9375 95.7500 57.7500
0.7965 0.2368 0.1225 0.5427 1.6900 2.3900 2.1800 -106.3125 62.5625 103.3125
0.7658 0.1722 0.1013 0.6113 -1.8400 0.9300 3.3300 -111.5625 70.4375 54.2500
0.7499 0.1059 0.0862 0.6472 -0.2800 -0.8000 3.0700 -13.6250 -1.2500 20.2500
0.7437 0.0975 0.0806 0.6564 -0.4200 0.2700 4.9400 9.1250 15.0000 -16.7500
0.7512 0.0938 0.0917 0.6469 -1.5000 0.2600 5.9700 24.5625 14.0000 -80.0625
0.7830 0.0904 0.1100 0.6056 -3.5500 0.9900 6.3500 -50.5000 6.4375 -344.8750
0.8889 0.0273 0.1219 0.4408 1.2400 -0.6000 4.7900 -35.9375 66.9375 -202.7500
0.9379 -0.0364 0.1748 0.2975 -2.5000 -0.5000 3.4100 84.6250 78.5625 -62.0625
0.9467 0.0083 0.2175 0.2376 -0.6100 6.7000 8.1800 200.6875 -34.4375 42.6250
0.0000 0.0000 0.0000 0.0000 -6.9400 10.7200 11.8300 203.9375 62.8125 27.0000
0.9028 0.2379 0.2815 0.2215 1.0600 4.7600 7.4000 -62.3125 -20.4375 100.0625
0.9087 0.2591 0.1817 0.2723 -1.2700 2.6600 2.8200 42.6875 166.7500 -27.1250
0.8920 0.2726 0.2429 0.2664 -5.1600 6.7900 8.2600 77.6250 -67.2500 55.6875
0.8521 0.3632 0.2504 0.2815 1.7000 19.6400 28.7500 -211.8125 -223.4375 143.8750
0.8824 0.3036 0.0889 0.3483 2.7700 10.6900 8.0200 -126.7500 -193.2500 282.5000
0.8161 0.2774 -0.1158 0.4936 4.4500 6.9400 2.9800 -8.1250 -74.1875 355.0000
0.6677 0.2571 -0.2227 0.6622 4.1400 1.1900 -3.7200 151.0000 16.3750 252.1875
0.4896 0.2542 -0.2045 0.8086 3.5200 0.5800 0.9200 118.5625 58.4375 174.0625
0.3824 0.2269 -0.1512 0.8828 -0.3200 1.9100 5.5800 109.3125 82.8750 82.2500
0.3288 0.1924 -0.0822 0.9209 -1.1700 3.6800 9.4300 30.8125 38.3125 12.9375
0.3201 0.1719 -0.0590 0.9298 6.6000 1.4800 8.5800 -40.9375 39.0625 -10.5625
0.3326 0.1406 -0.0707 0.9299 5.9100 -1.6200 7.6200 -35.5625 72.1250 16.1875
0.3408 0.0815 -0.0728 0.9338 -0.1700 -2.9000 9.1000 -0.6875 104.0000 -26.6250
0.3603 0.0241 -0.0481 0.9313 -7.1600 -2.7200 11.6400 20.6875 18.2500 -14.8750
0.3734 0.0146 -0.0343 0.9269 0.5000 0.5900 10.2700 -7.3750 16.1875 -54.9375
0.4152 -0.0016 -0.0359 0.9091 -1.7500 0.7800 8.2200 -61.6250 73.8750 -142.0625
0.5100 -0.0634 -0.0504 0.8564 -7.2700 -1.7500 4.3000 -23.2500 40.0000 -337.3750
0.7087 -0.0962 -0.0679 0.6956 -3.0100 0.5500 2.2500 26.1875 4.6875 -422.0000
0.8743 -0.0623 -0.0842 0.4741 3.2300 1.7500 -2.7900 99.5625 -11.4375 -320.6250
0.9529 0.0342 -0.0363 0.2993 -0.6500 12.3400 10.6700 239.8750 -82.0000 -76.3125
0.9445 0.2259 0.0262 0.2372 4.1600 16.0600 16.9000 181.3750 196.8750 23.6875
0.8992 0.3228 0.1445 0.2575 -0.1000 6.1100 -0.1400 -6.4375 -344.6875 227.2500
0.9000 0.2891 0.1904 0.2647 -9.0400 12.7300 13.8900 162.0625 51.3125 -5.7500
0.9125 0.2643 0.1890 0.2485 3.3000 14.0400 0.9200 -359.8125 -112.6250 -24.3750
0.9677 0.0548 0.1124 0.2189 -1.5800 5.9700 5.7400 -151.8125 -175.8750 -132.7500
0.9802 -0.0678 0.0652 0.1746 -4.2500 -11.6300 1.7200 60.3125 197.5000 6.0625
0.9659 -0.0414 0.1855 0.1756 -4.4300 1.9300 10.8600 106.0625 387.8750 65.0625
0.9119 0.0099 0.3519 0.2112 -9.9600 -0.0700 9.1200 26.8750 220.8125 16.1250
0.8766 -0.0245 0.4335 0.2071 -11.0600 -6.5900 7.9900 -7.6875 28.6250 -32.2500
0.8749 -0.0584 0.4436 0.1856 -24.2800 1.0000 20.4100 -503.3750 -235.3750 -720.9375
0.8687 -0.4540 0.1894 0.0583 -3.0200 -0.4200 1.3200 282.0000 445.8750 -105.2500
0.8687 -0.4284 0.2328 0.0872 -2.2700 -0.0800 9.9900 -11.5000 18.6875 38.6875
0.8673 -0.4221 0.2446 0.0987 -5.3400 -2.2900 6.2400 2.1250 -15.0625 15.0000
0.8752 -0.4088 0.2307 0.1169 -2.3100 -3.5800 1.7100 140.6875 -89.9375 35.2500
0.9171 -0.3135 0.2012 0.1420 -0.4100 -1.6000 3.0500 147.3125 -206.6250 88.1250
0.9556 -0.1780 0.1215 0.2010 1.2400 -0.0300 4.7800 194.0625 -82.6250 64.2500
;
