0.8594 0.3788 -0.3433 -0.0068 5.7400 6.3500 4.6300 -0.7500 -3.0625 1.6250
0.8588 0.3780 -0.3458 -0.0071 5.7300 6.3100 4.6000 -1.1250 -1.7500 0.5000
0.8586 0.3772 -0.3470 -0.0075 5.8500 6.3600 4.6800 -3.1250 -0.6875 1.0625
0.8599 0.3717 -0.3498 -0.0101 5.4000 7.9500 8.3700 -192.5625 -11.8750 -33.1875
0.8923 0.2491 -0.3724 -0.0555 6.7900 6.3300 -3.4700 -77.2500 27.8125 101.1250
0.9091 0.1709 -0.3799 -0.0010 5.9400 3.3800 4.3000 88.6875 121.6250 47.3125
0.9179 0.2365 -0.3097 0.0751 3.4000 6.4900 6.5000 313.8125 76.3125 -66.5625
0.8802 0.4082 -0.2172 0.1065 5.2400 7.7500 9.1200 -47.9375 77.1250 -92.1875
0.9058 0.3945 -0.1409 0.0640 0.9100 6.0800 7.6600 -14.3125 91.1875 -134.4375
0.9211 0.3867 -0.0450 0.0015 2.8000 9.0400 8.1100 -68.0625 64.0625 -116.5625
0.9362 0.3469 0.0151 -0.0543 0.4200 4.6100 5.6500 -87.4375 27.4375 -56.8125
0.9512 0.2933 0.0479 -0.0825 0.4700 -0.7500 2.9600 -8.8125 15.9375 -79.1875
0.9497 0.2792 0.0717 -0.1226 0.5200 0.3400 2.8900 22.4375 -17.3750 45.6250
0.9457 0.2993 0.0569 -0.1133 0.9500 -1.8900 0.9400 166.0000 -55.2500 101.5000
0.9110 0.4081 -0.0206 -0.0554 2.1200 5.2100 2.3200 178.5000 -74.9375 160.4375
0.8560 0.5013 -0.1235 0.0266 5.3900 12.4600 2.5200 143.3750 -84.1875 116.4375
0.8008 0.5518 -0.2175 0.0831 7.3700 13.7200 4.5400 31.8750 -39.0625 107.2500
0.7704 0.5674 -0.2427 0.1599 7.3700 16.5700 4.1900 3.8125 10.8125 -18.1250
0.7757 0.5690 -0.2282 0.1496 5.7100 15.5500 4.0700 -69.3750 11.3750 -88.9375
0.8125 0.5421 -0.1915 0.0963 7.5900 12.7500 3.6600 -119.8750 59.0625 -156.7500
0.8671 0.4850 -0.1127 0.0159 5.4300 7.9300 4.1400 -175.5625 80.8750 -132.8125
0.9262 0.3727 -0.0116 -0.0561 2.4000 2.0700 3.0900 -173.1250 104.9375 -116.1250
0.9528 0.2715 0.0845 -0.1063 -0.9300 0.4500 3.6400 -89.0000 61.2500 -93.3125
0.9543 0.2178 0.1447 -0.1448 -2.0500 -1.6300 2.4000 -0.0625 13.1875 6.3125
0.9542 0.2129 0.1567 -0.1403 -1.4800 -1.4600 2.7700 60.4375 -37.0625 81.0625
0.9536 0.2577 0.1180 -0.1019 0.7000 1.4100 3.0700 152.5000 -67.1875 123.5000
0.9296 0.3633 0.0430 -0.0459 2.0300 4.5000 2.8300 233.2500 -94.1250 172.6250
0.8672 0.4934 -0.0580 0.0344 5.7300 17.1100 8.5100 91.3125 -77.5625 134.5625
0.8141 0.5472 -0.1671 0.2084 5.6900 16.6200 9.0000 -59.2500 -69.8125 127.4375
0.8094 0.5124 -0.2512 0.1385 5.8200 13.9400 5.9800 -9.3750 -24.0000 -11.1875
0.8288 0.4760 -0.2687 0.1192 6.3700 15.1600 10.7800 -423.5000 -40.5625 62.6250
0.9225 0.1816 -0.3359 0.0573 0.9000 12.2200 17.3800 -806.1250 -460.1250 156.4375
0.7615 -0.3239 -0.5613 -0.0073 5.0300 -1.6600 -1.9500 -220.8125 -276.1875 234.6250
0.5891 -0.4951 -0.6316 0.0947 3.7900 -5.6900 -4.5800 14.5000 -112.0000 64.6875
0.5409 -0.5054 -0.6522 0.1631 3.6800 -5.6600 -5.5800 99.0000 -78.6875 -19.5000
0.5462 -0.4504 -0.6661 0.2347 1.4500 -5.5900 -12.9300 549.6250 13.0625 -67.8750
0.7178 -0.1834 -0.5122 0.4346 -4.2100 -0.2800 0.0400 -19.6875 -343.8125 21.5000
0.6985 -0.2209 -0.5643 0.3805 2.1600 -6.5100 9.4600 -210.0625 -43.1250 -70.3750
0.6241 -0.2927 -0.6550 0.3094 3.4900 -7.2800 -11.4200 -169.6250 -27.6250 57.0625
0.5772 -0.3768 -0.6699 0.2757 1.3700 0.0900 -24.9700 -629.9375 352.1875 -316.6250
0.6793 -0.3138 -0.5837 0.3152 5.4100 -7.9600 2.0600 83.8750 53.5000 19.0000
0.7134 -0.3055 -0.5328 0.3373 5.6000 -7.2500 4.4200 29.7500 76.3125 22.8750
0.7388 -0.3137 -0.4930 0.3358 3.6900 -7.0400 1.2100 104.6875 41.2500 -95.8750
0.7994 -0.2181 -0.4561 0.3245 5.9600 -2.5600 10.8000 117.0000 68.0000 -152.8125
0.8755 -0.0988 -0.3922 0.2643 9.6600 -4.5500 5.7600 138.6250 207.3125 -161.5625
0.9439 -0.0122 -0.2685 0.1918 4.9300 -1.5300 9.2400 8.3125 -11.6875 18.8125
0.9360 -0.0021 -0.2861 0.2048 1.6800 -3.9600 13.0000 -59.0000 -157.0000 -11.1250
0.9044 -0.0042 -0.3763 0.2012 8.5700 -7.8100 5.8700 11.2500 -162.6875 31.3125
0.8547 0.0081 -0.4656 0.2292 8.5700 -6.3000 -4.3500 77.5000 -44.0000 56.8750
0.8270 0.0257 -0.4772 0.2963 7.4800 0.4600 3.7100 128.3750 18.8125 91.5000
0.8083 0.0642 -0.4432 0.3821 4.2100 -1.1300 3.7500 56.3125 -21.7500 -0.6875
0.8030 0.0919 -0.4340 0.3979 6.7600 0.0600 4.6500 81.0000 -4.5625 29.4375
0.7940 0.1177 -0.4182 0.4252 5.1200 0.5900 6.2500 -136.2500 -67.4375 -34.3750
0.7968 0.0802 -0.4708 0.3703 10.2300 -0.7100 5.2700 -150.1250 -3.5625 1.0625
0.8165 -0.0146 -0.4899 0.3051 15.0400 -2.6000 -2.7000 -188.9375 242.5625 -20.4375
0.8698 -0.1644 -0.4140 0.2123 9.2200 -6.1200 -0.4500 -291.3750 321.8125 -71.3125
0.8901 -0.3813 -0.2487 0.0222 4.5000 -9.5000 2.0700 -158.5000 282.8125 -3.2500
0.8763 -0.4653 -0.0992 -0.0750 0.0000 -9.1100 7.2900 96.9375 51.5625 202.7500
0.8965 -0.4423 -0.0263 -0.0103 -1.8900 -7.3100 1.4500 51.1250 -69.5000 -71.6250
0.9067 -0.4094 -0.0981 -0.0254 0.5500 -8.1300 -4.2800 268.6250 61.0000 -108.1250
0.9747 -0.1818 -0.1046 -0.0777 4.6500 4.6300 3.4600 531.4375 22.0625 -19.1250
0.9681 0.2088 -0.1302 -0.0468 2.6000 9.7100 9.9500 281.3750 28.2500 -45.6875
0.9097 0.3926 -0.1260 -0.0489 5.4200 11.2600 11.0400 50.9375 -63.0625 -8.6250
;
0.8912 0.4172 -0.1635 -0.0706 5.3000 9.2600 4.3400 0.0000 0.0000 0.0000
0.8897 0.4067 -0.1922 -0.0777 2.2300 7.9600 5.2900 -49.1250 -81.6875 120.0625
0.8976 0.3528 -0.2613 -0.0392 4.9100 5.8200 5.7900 -14.7500 24.0625 -11.6875
0.9039 0.3435 -0.2519 -0.0397 3.9600 5.9500 6.4100 -7.3125 -11.0625 8.5625
0.9033 0.3398 -0.2591 -0.0388 4.6600 6.0400 6.2100 7.5000 -10.5625 7.4375
0.9001 0.3424 -0.2672 -0.0336 4.7500 5.8400 5.9700 -0.3750 -9.5625 2.6875
0.8988 0.3390 -0.2762 -0.0309 4.5700 6.4800 6.8000 -15.2500 -27.0625 11.1875
0.8977 0.3294 -0.2914 -0.0267 5.0300 6.3200 6.3100 -21.6875 -50.4375 43.0625
0.8929 0.3030 -0.3328 -0.0146 4.8900 5.0600 5.6000 -67.6250 -59.8125 28.9375
0.8927 0.2664 -0.3630 -0.0190 4.6800 3.9900 4.7300 48.6250 37.0625 -37.0625
0.8798 0.3173 -0.3533 -0.0206 9.2300 4.7300 0.9600 269.6250 11.6875 5.9375
0.8141 0.4598 -0.3519 0.0436 5.5200 11.0700 3.9100 304.0000 47.0000 10.3125
0.7430 0.5854 -0.3033 0.1145 8.7500 15.7300 4.2800 -81.0625 141.1875 -75.4375
0.7951 0.5556 -0.2169 0.1096 5.6900 11.9400 4.0300 -117.4375 94.4375 -105.2500
0.8566 0.4969 -0.1245 0.0622 2.2600 9.5100 5.3400 -133.6250 67.8750 -170.3125
0.9037 0.4263 -0.0350 -0.0176 1.2300 5.9500 4.0700 -124.8750 60.3750 -124.3750
0.9359 0.3389 0.0492 -0.0820 0.8500 1.5700 3.2200 -92.4375 36.7500 0.9375
0.9503 0.2931 0.0739 -0.0748 -1.7000 -2.2500 2.1800 10.6875 -7.3125 -1.3750
0.9508 0.2940 0.0687 -0.0691 -0.6900 -2.0800 1.5800 110.6250 -65.3750 79.8750
0.9265 0.3753 -0.0021 -0.0281 2.6400 -0.9600 -0.2300 253.5625 -106.5625 138.5000
0.8445 0.5267 -0.0931 0.0276 3.5900 13.2300 1.9300 0.0000 0.0000 0.0000
0.7447 0.6491 -0.1391 0.0689 6.6300 14.6400 0.3400 92.3125 -30.5625 132.0000
0.6921 0.6825 -0.2006 0.1222 4.7700 22.0100 1.5700 -44.4375 42.2500 40.0000
0.7116 0.6540 -0.2111 0.1462 4.4500 16.0700 1.0900 -113.0625 -3.4375 -52.8125
0.7659 0.6022 -0.2023 0.0992 7.1700 15.4700 2.5800 -178.8750 -4.3125 -92.1875
0.8381 0.5137 -0.1817 0.0275 7.3900 7.9800 2.8900 -219.6250 56.3750 -28.7500
0.9102 0.3868 -0.1478 -0.0058 4.3600 4.3500 4.1600 -183.3125 54.5625 15.5000
0.9628 0.2485 -0.1059 -0.0018 1.6000 -0.7100 0.9000 -116.5000 81.6250 18.1875
0.9833 0.1731 -0.0557 0.0112 0.7400 -1.5200 1.5500 -30.1250 65.7500 -39.5625
0.9879 0.1547 -0.0151 -0.0034 -1.0600 -2.5000 3.0000 27.3750 -21.4375 1.3125
0.9831 0.1799 -0.0335 -0.0016 1.6600 -1.9200 1.4200 174.3750 -94.6875 70.7500
0.9492 0.2913 -0.1115 0.0424 4.3900 2.7500 1.2300 255.5625 -141.2500 151.9375
0.8657 0.4413 -0.2084 0.1118 9.7000 17.1300 5.7200 162.5625 -123.7500 58.4375
0.7820 0.5417 -0.2811 0.1260 9.2200 12.8100 6.0100 22.1250 -98.7500 -25.0625
0.7589 0.5590 -0.3160 0.1086 5.4600 12.0200 1.5700 -67.4375 -36.1250 59.6875
0.7673 0.5280 -0.3480 0.1058 6.0600 8.7900 2.8900 -64.7500 13.3750 -123.0625
0.7979 0.5162 -0.3102 0.0256 16.3200 14.9300 6.8400 -225.1875 1.9375 1.5625
0.8903 0.3367 -0.3066 -0.0004 5.4400 8.1100 -1.4400 -412.3125 -118.4375 413.5625
0.8770 -0.0520 -0.4428 0.1791 -2.1600 -3.0000 7.1000 -470.8750 -277.8750 222.3750
0.6675 -0.3339 -0.6434 0.1702 4.8800 -4.2700 -13.4500 -167.3750 -191.0000 105.8750
0.5135 -0.4545 -0.7114 0.1539 6.0800 -5.8900 -2.4800 32.5625 -42.8750 14.8125
0.4926 -0.4529 -0.7177 0.1926 6.7000 -6.7400 -4.0900 77.8750 -12.6875 34.2500
0.4995 -0.4390 -0.7039 0.2496 0.5400 -6.3700 -24.6900 666.3750 160.1875 -44.4375
0.6890 -0.3142 -0.5522 0.3487 4.3800 -8.3300 3.4400 26.3750 13.3750 0.2500
0.6731 -0.2892 -0.5626 0.3831 6.0300 -6.3400 4.4600 -292.9375 -40.3125 31.3125
0.5954 -0.3890 -0.6386 0.2938 11.7200 -8.8700 -20.3100 181.7500 46.8750 6.0625
0.6452 -0.3155 -0.5984 0.3550 3.6200 -2.8900 1.5800 -51.6875 -149.8125 28.1250
0.6596 -0.3029 -0.5981 0.3397 5.0600 -7.1900 3.6700 104.8125 99.4375 2.0000
0.7063 -0.2819 -0.5471 0.3498 4.0000 -6.3200 5.9400 -114.0625 -105.6875 -32.5625
0.6652 -0.2877 -0.6161 0.3084 7.1100 -7.6700 -2.7300 48.1250 -23.5625 -71.7500
0.6668 -0.2343 -0.6471 0.2858 9.3100 -8.4700 -1.6000 82.0000 -6.5625 -11.6250
0.6783 -0.1649 -0.6408 0.3195 10.0600 -7.5900 -1.0900 158.1250 -10.6250 -85.2500
0.7012 -0.0446 -0.6208 0.3476 10.5500 -3.1900 -0.9400 287.1250 -45.2500 -134.4375
0.6925 0.1437 -0.5862 0.3952 15.5100 -5.3300 1.1800 3.9375 -23.3750 20.5625
0.6741 0.1724 -0.5882 0.4122 11.4800 -2.8100 1.0800 64.4375 47.5000 7.5000
0.6803 0.1920 -0.5478 0.4475 9.3800 -2.6600 1.3800 80.0000 38.3750 11.1250
0.6785 0.2062 -0.5070 0.4899 9.1100 -0.7500 3.1100 44.0625 46.7500 44.1250
0.6758 0.1932 -0.4736 0.5308 9.3200 -0.6900 3.7100 11.3125 87.4375 51.8750
0.6824 0.1514 -0.4401 0.5637 7.9000 -1.1200 4.5500 -30.7500 94.2500 29.1875
0.7067 0.0954 -0.4086 0.5696 -14.9800 5.9900 28.2900 -381.2500 59.0625 -249.8125
0.7706 0.0073 -0.4765 0.4232 22.7100 -0.6400 -0.5900 -323.5625 236.6250 -111.8125
0.8340 -0.2144 -0.4412 0.2524 8.3400 -6.2400 -3.0800 -330.3750 279.5625 -43.0625
0.8551 -0.4092 -0.2989 0.1097 -14.6100 -10.8900 8.7600 -81.5625 218.3125 -3.6250
0.8699 -0.4734 -0.1299 0.0480 -4.5600 -9.0300 7.9300 75.8125 -73.6250 111.4375
0.8737 -0.4578 -0.1415 0.0845 0.4700 -6.6700 3.1500 -13.3750 -50.5000 -61.0625
0.8728 -0.4434 -0.1973 0.0511 -3.7600 -7.1300 -3.3400 278.8125 13.3125 -180.1875
0.9446 -0.2227 -0.2405 -0.0148 5.7200 6.7300 -1.1200 534.0000 -142.2500 -213.2500
0.9330 0.1950 -0.2997 -0.0393 5.9900 10.1100 10.9000 308.0625 78.3750 -84.8750
0.8879 0.3829 -0.2521 -0.0361 8.7500 10.4300 7.8400 -1.0625 -49.8125 -70.3750
0.8748 0.3984 -0.2616 -0.0868 8.2400 9.2100 6.3600 -27.6875 22.0000 11.5625
0.8900 0.3845 -0.2258 -0.0950 0.0000 0.0000 0.0000 -27.2500 -12.7500 -0.7500
0.8980 0.3646 -0.2235 -0.1031 3.0800 5.4800 5.9700 -4.4375 -19.6875 19.1875
0.8981 0.3588 -0.2354 -0.0967 3.7200 6.4700 6.1400 0.6250 9.2500 -8.8125
0.8985 0.3604 -0.2305 -0.0984 3.2400 6.7200 6.0300 5.7500 -3.0000 2.7500
0.8970 0.3635 -0.2321 -0.0966 3.6200 6.5300 6.0500 -0.8750 -1.5000 0.5000
;
