0.8777 0.4474 -0.1688 -0.0286 2.6400 7.7900 5.4100 -1.8750 -1.6250 0.1875
0.8781 0.4467 -0.1693 -0.0289 2.6900 7.7300 5.4700 -16.8750 -7.8750 2.5625
0.8824 0.4355 -0.1752 -0.0318 2.2900 8.5100 8.1400 -107.6250 -49.1875 8.1250
0.9045 0.3718 -0.2018 -0.0524 2.5400 9.1700 8.1100 -16.0625 -78.5000 49.7500
0.8846 0.3846 -0.2631 -0.0181 13.4500 8.3800 2.1000 223.0625 102.2500 240.7500
0.8237 0.4618 -0.2902 0.1549 6.5400 3.8700 0.9100 0.0000 0.0000 0.0000
0.0000 0.0000 0.0000 0.0000 0.0000 0.0000 0.0000 0.0000 0.0000 0.0000
0.8127 0.4874 -0.2107 0.2398 3.3700 4.2800 4.5800 -39.0000 23.1875 -18.8125
0.0000 0.0000 0.0000 0.0000 0.0000 0.0000 0.0000 0.0000 0.0000 0.0000
0.8287 0.4660 -0.2054 0.2322 5.7600 7.2700 5.0600 12.6875 -8.3125 5.7500
0.8234 0.4709 -0.2111 0.2357 7.2000 9.3400 6.4000 -8.4375 -5.1875 1.0000
0.8260 0.4681 -0.2122 0.2313 8.1000 10.5800 6.9000 -20.5000 27.4375 -54.5000
0.8481 0.4575 -0.1755 0.2014 7.6100 11.0900 6.7300 -32.8125 50.1250 -103.8750
0.8773 0.4390 -0.1155 0.1556 4.3900 7.2600 4.1100 -50.9375 83.5625 -86.0625
0.9059 0.4023 -0.0462 0.1241 0.5500 0.7500 2.2300 -72.4375 78.7500 -100.3750
0.9310 0.3549 0.0175 0.0844 -1.2100 1.3500 2.4700 -39.3750 23.7500 -24.0000
0.9395 0.3321 0.0304 0.0778 -1.7400 -2.0900 1.4000 38.2500 -61.4375 73.8750
0.0000 0.0000 0.0000 0.0000 0.3700 -2.5100 0.6500 173.4375 -124.5625 113.0000
0.8561 0.4773 -0.1191 0.1583 9.2600 11.8500 0.2800 186.9375 -131.3750 139.1875
0.7603 0.5692 -0.2326 0.2094 14.2100 15.7100 3.8200 46.3750 -69.5625 112.3750
0.7083 0.5886 -0.3040 0.2436 12.2900 17.9200 3.6900 0.2500 22.4375 -56.3750
0.7275 0.5894 -0.2708 0.2237 9.4100 16.3000 3.3200 -101.3125 52.8125 -115.8750
0.7933 0.5460 -0.2107 0.1678 10.2100 10.1800 3.1200 -166.5625 93.7500 -129.3750
0.8707 0.4612 -0.1294 0.1114 5.6100 1.8200 2.1700 -74.0000 131.9375 -106.5000
-0.0036 -0.0001 -0.0001 -0.0001 -0.3400 0.4800 1.2800 -63.6250 67.1875 -56.7500
0.9324 0.3556 0.0274 0.0583 -1.4000 0.8100 1.4100 -20.2500 27.8125 -53.0000
0.9373 0.3424 0.0494 0.0413 -1.9100 -0.5600 2.5400 15.3125 -37.8750 63.9375
0.0000 0.0000 0.0000 0.0000 0.2200 -2.3600 1.4700 65.9375 -129.0000 171.8125
0.8929 0.4150 -0.1057 0.1389 6.0900 1.6100 0.9400 173.6875 -147.1250 149.0000
0.8089 0.5135 -0.2170 0.1867 17.6500 22.5700 7.2200 37.3125 -57.0625 128.1875
0.7585 0.5303 -0.2937 0.2391 8.7700 10.3700 2.8300 -67.4375 -47.2500 67.0000
0.7690 0.4968 -0.3281 0.2326 7.3700 8.1400 3.7800 -11.1250 22.3750 -82.0625
0.7807 0.5056 -0.3052 0.2043 6.2200 5.1100 1.7900 13.8750 -6.0000 16.3750
0.7733 0.5132 -0.3096 0.2070 6.2700 7.2200 3.3400 7.6875 5.0000 -58.4375
0.7753 0.5259 -0.2961 0.1863 7.4800 9.0500 3.2200 -28.7500 -16.9375 -9.8125
0.7838 0.5172 -0.3016 0.1649 6.1800 6.5400 2.4500 -42.8750 10.3125 -60.1250
0.8312 0.4631 -0.2870 0.1111 8.0200 15.6200 7.5500 -412.5625 32.1250 -41.8750
0.9407 0.1989 -0.2745 -0.0110 7.2300 8.0300 5.6000 -386.8125 8.6250 23.9375
0.9633 -0.0503 -0.2532 -0.0745 8.9200 1.5900 4.3400 -140.0625 160.3750 78.8750
0.9730 -0.1660 -0.1455 -0.0678 0.9700 -3.3200 4.1200 -34.0625 45.0000 37.2500
0.9705 -0.2045 -0.1193 -0.0448 0.8400 -9.1800 0.1400 -58.5625 -28.0000 26.4375
0.9677 -0.2237 -0.1135 -0.0256 -0.1700 -3.3000 4.8900 221.1875 132.1875 26.1875
0.9918 -0.0854 -0.0934 0.0161 2.3700 -2.9600 3.4800 285.1875 -158.4375 189.6250
0.9628 0.0082 -0.2138 0.1649 -6.0600 3.8700 18.9700 -26.5625 -320.5000 408.3750
0.8173 -0.0133 -0.3962 0.4182 10.3500 -12.7000 4.0300 32.5625 -154.7500 171.0625
0.7149 0.0072 -0.4666 0.5208 11.6200 -7.7200 2.9700 51.4375 26.0625 47.3125
0.6795 0.0192 -0.4623 0.5694 7.4600 -1.0500 6.8400 5.8125 -5.1250 61.6875
0.6680 0.0055 -0.4500 0.5927 1.8300 0.0500 10.5100 -46.3750 83.0000 -31.5625
0.7111 -0.0679 -0.4180 0.5612 3.8000 0.3100 12.1500 -218.4375 -0.7500 8.1250
0.6836 -0.2377 -0.5162 0.4580 -1.0700 6.1300 10.4400 -848.3125 -28.0000 -77.6875
0.4622 -0.5599 -0.6805 0.0996 7.2300 -0.4400 -11.8400 -266.1875 72.4375 171.4375
0.3628 -0.6864 -0.6302 0.0010 8.4400 0.8600 -14.7100 -45.5625 32.8125 56.6875
0.3403 -0.7188 -0.6057 -0.0255 5.0300 -0.7900 -8.5600 26.7500 38.0000 -9.3125
0.3744 -0.7089 -0.5969 -0.0333 5.5200 -2.0000 -6.8500 88.6250 33.6875 -8.6875
0.4460 -0.6651 -0.5988 -0.0166 6.2700 1.1200 -11.5200 414.2500 106.4375 -185.2500
0.6026 -0.4911 -0.6271 0.0505 13.2100 -4.7900 3.9300 -53.8750 175.0000 127.6875
0.6613 -0.5505 -0.5068 0.0535 7.2100 -6.8600 0.2300 -111.2500 111.8125 211.5000
0.6475 -0.6641 -0.3679 0.0660 0.0800 -6.4700 -4.1200 -53.8125 118.5000 240.8750
0.6296 -0.7484 -0.1827 0.1006 -4.9900 -7.5000 -2.8200 -1.0000 90.4375 151.7500
0.6275 -0.7660 -0.0701 0.1209 -3.0500 -8.1300 -2.6200 51.5000 85.9375 98.1250
0.6467 -0.7527 0.0189 0.1219 -5.8400 -7.9200 -0.8700 50.1250 48.7500 43.3750
0.6727 -0.7275 0.0720 0.1140 -6.3700 -9.2500 -7.0400 213.0625 -23.0000 -15.5625
0.7865 -0.6053 0.0674 0.1022 -2.2200 -3.4400 -8.6800 417.1875 -103.3125 -58.1250
0.9305 -0.3544 0.0099 0.0913 2.1300 5.8400 -8.4900 496.4375 -183.7500 -61.5625
0.9922 0.0098 -0.0940 0.0804 11.9000 19.9900 16.4500 227.8125 -24.0625 -38.8750
0.9747 0.1747 -0.1270 0.0585 17.0400 1.6600 27.1300 -8.8750 -135.2500 35.6250
0.9566 0.1500 -0.2426 0.0594 4.6600 5.2900 17.3000 -93.8750 44.9375 -8.3750
0.9699 0.1151 -0.2081 0.0529 2.8100 2.3600 6.2800 -83.5625 -7.0000 -8.3125
0.9753 0.0708 -0.2065 0.0322 4.2400 1.5400 5.5500 38.5625 26.8125 -43.8125
0.9768 0.1046 -0.1863 0.0144 3.8000 3.1600 5.4300 171.3125 43.5625 -38.7500
0.9646 0.2109 -0.1578 0.0117 6.7600 5.3900 7.4700 142.3750 -34.5000 53.8750
;
0.8490 0.4197 -0.2612 -0.1867 3.5000 9.2400 7.4900 -64.2500 -37.3750 13.3125
0.8593 0.3874 -0.2737 -0.1911 2.9900 7.0500 4.8400 -23.6875 -3.8750 34.5000
0.0000 0.0000 0.0000 0.0000 0.0000 0.0000 0.0000 0.0000 0.0000 0.0000
0.8758 0.3596 -0.2806 -0.1580 2.5800 9.5200 9.1700 -27.0625 -7.7500 42.6250
0.8845 0.3426 -0.2861 -0.1357 5.7200 10.8700 9.4700 -11.0625 23.7500 66.9375
0.8934 0.3387 -0.2800 -0.0938 6.3400 8.7500 5.9600 108.0000 73.1875 26.5625
0.8934 0.3776 -0.2384 -0.0479 4.0600 9.2800 7.9300 -83.2500 86.5625 -21.8750
0.9242 0.3398 -0.1691 -0.0422 2.3600 3.7600 5.7800 -112.1250 64.3125 7.5000
0.0000 0.0000 0.0000 0.0000 0.0000 0.0000 0.0000 0.0000 0.0000 0.0000
0.9734 0.2078 -0.0923 -0.0268 -0.0700 0.6000 5.9400 -61.5000 21.5625 -8.6250
0.9832 0.1642 -0.0729 -0.0338 2.1600 1.5700 6.3200 -36.6250 30.1250 -14.6250
0.9877 0.1412 -0.0537 -0.0411 -0.4200 2.0500 7.6300 -25.5625 17.7500 -37.3125
0.9894 0.1270 -0.0380 -0.0596 -0.0200 0.1800 6.1200 37.9375 -7.3125 -13.8125
0.9854 0.1495 -0.0433 -0.0692 -0.2900 -1.0000 2.6600 108.7500 -51.8750 23.5625
0.9680 0.2262 -0.0957 -0.0517 0.0000 0.0000 0.0000 217.9375 -111.1875 41.3750
0.9151 0.3600 -0.1802 -0.0231 5.7400 12.5800 2.8900 258.8750 -53.0625 -14.4375
0.8353 0.5019 -0.2244 -0.0078 8.1300 20.7600 8.9600 18.3750 -83.1875 15.5000
0.8016 0.5303 -0.2753 -0.0171 7.6800 15.8600 5.1500 -37.9375 -7.6875 32.6250
0.8117 0.5040 -0.2947 -0.0159 5.8700 14.3800 7.3800 -107.8750 36.0625 -47.3750
0.8573 0.4433 -0.2557 -0.0561 5.9800 12.8700 8.0900 -195.3125 87.6875 -80.5625
0.9172 0.3416 -0.1735 -0.1094 5.1600 10.1900 7.8100 -257.1250 44.4375 3.5000
0.9683 0.1862 -0.1187 -0.1172 0.6400 0.0100 0.0900 -193.0000 55.0625 24.8125
0.9893 0.0633 -0.0687 -0.1116 0.8400 -0.7200 3.3800 -78.7500 51.5000 1.2500
0.9932 0.0143 -0.0265 -0.1129 -0.7900 -3.6100 2.1000 42.7500 -7.6250 10.0000
0.9933 0.0355 -0.0329 -0.1049 -1.3400 -2.6300 1.8500 132.7500 -34.0625 -23.5000
0.9820 0.1304 -0.0786 -0.1117 0.9500 -2.4700 -1.7000 236.8125 -157.1875 52.9375
0.9355 0.2791 -0.1979 -0.0877 6.2700 9.8300 -2.1600 291.6875 -33.8125 -79.0625
0.8530 0.4511 -0.2444 -0.0960 7.8800 19.4400 11.4400 -9.4375 -145.0625 144.0000
0.8438 0.4166 -0.3322 -0.0640 4.9400 13.9700 7.4500 -116.5625 -13.3750 29.8125
0.8723 0.3503 -0.3340 -0.0700 5.1600 4.8600 4.9900 -2.3750 24.6875 -15.6875
0.8778 0.3511 -0.3179 -0.0715 4.3400 10.3500 9.0400 9.6250 -19.9375 32.9375
0.8743 0.3508 1.8391 -0.0001 11.6500 12.6300 10.0600 -50.9375 -18.3125 276.5000
0.8740 0.2476 -0.4058 0.1010 5.8700 0.6700 0.5100 35.7500 45.9375 301.0000
0.8608 0.1593 -0.4013 0.2692 5.2300 -1.1100 4.9200 26.5625 133.1875 196.4375
0.8412 0.1022 -0.3489 0.4003 0.4700 -1.3900 6.6900 10.5000 78.3750 96.4375
0.8322 0.0627 -0.3036 0.4597 1.7800 0.6200 6.9300 -33.6875 -4.5625 23.0625
0.8289 0.0420 -0.3135 0.4614 3.7400 2.5800 8.7500 -101.8750 -33.2500 -37.7500
0.8328 -0.0090 -0.3756 0.4064 1.6300 1.8300 16.9400 -398.3750 -81.3125 -105.8125
0.7993 -0.2043 -0.5157 0.2313 5.4800 -6.1400 -2.0600 -550.5000 -41.1875 -139.0000
0.6070 -0.5021 -0.6086 -0.0951 12.7700 6.4800 -9.1000 -461.0000 -19.6875 22.6250
0.4378 -0.6675 -0.5392 -0.2681 5.3100 4.8500 -5.5100 -92.1875 4.2500 119.3125
0.4108 -0.7307 -0.4672 -0.2813 9.6000 3.1100 -5.6900 46.8750 -6.3125 25.1875
0.4377 -0.7242 -0.4677 -0.2551 7.0300 0.4100 -3.6400 75.1250 -56.6250 0.0625
0.4565 -0.7089 -0.4974 -0.2039 13.1900 2.2100 1.8800 -110.5000 -177.5625 60.6875
0.3995 -0.7623 -0.4873 -0.1477 7.5900 -3.4500 -10.2100 56.1875 151.0625 294.0000
0.4913 -0.8112 -0.2948 -0.1174 0.9000 -7.2400 -3.3100 42.6250 44.6250 188.1875
0.5375 -0.8221 -0.1743 -0.0694 -0.3700 -6.1300 -3.5700 58.6250 99.5625 202.4375
0.5834 -0.8110 -0.0142 -0.0408 -3.1300 -5.7400 -4.2900 -19.9375 133.6250 171.9375
0.5792 -0.8037 0.1297 -0.0419 -4.6700 -7.2300 -5.8100 33.8125 98.8125 161.4375
0.5854 -0.7659 0.2635 -0.0356 -6.3500 -7.9300 -3.2700 25.8125 -5.2500 36.4375
0.6079 -0.7410 0.2838 -0.0297 -5.5400 -5.7700 -13.2000 234.7500 -31.4375 -11.8750
0.7321 -0.6309 0.2482 -0.0668 -3.6400 0.1000 -14.8600 540.6250 -210.3125 -112.8750
0.9381 -0.3141 0.0558 -0.1351 8.9600 19.1300 -0.8400 394.1875 31.1250 -49.9375
0.9832 -0.0534 -0.0306 -0.1721 2.9200 8.1400 32.9200 218.3750 -66.1250 24.9375
0.9820 0.0912 -0.0776 -0.1461 0.2100 4.5500 18.1800 57.2500 -7.5000 0.5625
0.9790 0.1246 -0.0823 -0.1387 1.0900 3.6500 11.1500 -22.8125 7.0000 5.5000
0.9816 0.1070 -0.0772 -0.1376 0.4100 2.7300 9.9100 -40.8125 -3.3125 -12.8125
;
