0.9496 0.2625 0.1620 -0.0554 -3.1100 4.4300 7.4900 -0.5625 -0.6875 0.6250
0.9497 0.2625 0.1616 -0.0552 -3.0900 4.4200 7.4300 -0.3750 -0.5000 -0.1875
0.9497 0.2623 0.1618 -0.0552 -3.0800 4.4600 7.5200 -0.2500 -0.7500 -0.0625
0.9497 0.2623 0.1619 -0.0554 -3.1100 4.4300 7.5300 0.1875 -1.9375 1.0000
0.9499 0.2623 0.1609 -0.0551 -3.1100 4.4200 7.4900 3.5625 -1.6875 3.4375
0.9498 0.2660 0.1567 -0.0504 -2.3800 5.6000 7.1600 20.4375 -96.6250 118.3125
0.9437 0.3212 0.0768 0.0187 -3.2800 6.2100 6.9600 99.4375 -7.3750 205.6250
0.9043 0.3999 0.0074 0.1491 -4.6500 8.1000 9.5000 443.5625 -365.1875 -5.6875
0.7963 0.5807 -0.1085 0.1302 3.5900 13.4100 2.0300 -21.1875 16.6250 62.7500
0.8277 0.5181 -0.1121 0.1840 7.1600 14.8900 5.5200 -142.8125 131.2500 79.5625
0.8665 0.4162 -0.0875 0.2617 5.8300 8.1100 2.0800 -129.0000 188.2500 21.6875
0.8987 0.2999 -0.0099 0.3198 2.6000 1.3600 1.7200 -91.9375 162.8750 9.1875
0.9122 0.1960 0.0671 0.3535 -3.0600 -2.7600 0.5500 -52.5000 106.0625 -47.7500
0.9203 0.1248 0.1270 0.3482 -1.1000 -1.0100 2.3900 4.3750 44.5625 -25.2500
0.9211 0.1173 0.1572 0.3362 -2.3800 0.5400 2.4100 18.2500 19.6875 -22.0625
0.9229 0.1244 0.1738 0.3202 -3.3700 -0.7300 2.2100 75.1250 -49.0000 -82.3750
0.9373 0.1753 0.1661 0.2515 2.2700 -1.2000 0.3000 99.0000 -13.8750 -38.1250
0.8299 0.1929 0.2240 0.4732 2.5600 6.8400 3.6200 142.6875 -126.5625 12.5625
0.8197 0.3250 0.1911 0.4313 3.6800 13.5600 7.3900 171.1250 -67.5000 21.7500
0.7791 0.4408 0.1877 0.4045 3.1300 16.9200 10.7300 116.2500 -50.2500 48.7500
0.7335 0.5165 0.1821 0.4025 0.7800 18.6000 10.9200 -1.5625 8.6250 24.6875
0.7244 0.5157 0.1791 0.4208 2.0400 15.9200 9.6300 -84.3125 9.7500 39.5625
0.7385 0.4797 0.1520 0.4487 4.7900 12.9400 6.4600 -116.1250 52.0625 30.3750
0.7602 0.4063 0.1329 0.4893 4.5600 8.1000 4.7400 -90.2500 136.4375 -13.0000
0.7726 0.3151 0.1690 0.5245 0.4200 6.3200 4.2400 -153.1875 120.1250 -5.1250
0.7784 0.2068 0.1813 0.5644 -1.6600 4.0600 3.7500 -148.3750 61.6250 17.1250
0.7766 0.1188 0.1623 0.5970 0.8000 -3.6800 0.1700 -6.8750 63.3750 -7.4375
0.7767 0.0765 0.1826 0.5980 -3.1200 0.2500 3.8800 -21.2500 32.8125 -25.7500
0.7877 0.0320 0.1890 0.5854 -4.0800 0.7800 5.4700 -171.8750 -10.0625 -175.7500
0.8557 -0.0878 0.1406 0.4901 -0.6400 -1.9400 2.3100 -38.5625 122.6250 -159.9375
0.8912 -0.1505 0.1801 0.3881 -1.2900 -1.5900 3.8500 30.8125 103.3750 -75.8750
0.9089 -0.1445 0.2414 0.3079 -1.6200 0.6100 6.8700 42.0000 2.1875 -128.8125
0.9323 -0.1034 0.2615 0.2272 -4.2100 2.2900 3.4200 211.3750 60.9375 64.5000
0.9235 0.0420 0.3189 0.2092 -7.5900 9.4200 18.4200 77.4375 13.8750 92.7500
0.8947 0.1229 0.3571 0.2388 -13.6100 6.7000 12.1300 107.5625 -26.2500 55.7500
0.8614 0.2056 0.3753 0.2736 -1.5400 3.0200 2.5000 -6.0000 -150.3750 5.6875
0.8679 0.2471 0.3348 0.2714 -7.5100 6.7300 6.9500 94.3750 -134.0000 81.9375
0.8560 0.2822 0.3242 0.2875 -5.2900 12.4700 17.4600 -161.1250 -344.5000 92.7500
0.9105 0.2741 0.0115 0.3096 5.8600 10.9600 8.0100 -231.3125 -405.0000 334.6875
0.8204 0.2005 -0.3150 0.4330 7.2900 5.3200 -0.6000 -15.0000 -218.7500 433.3750
0.6298 0.1422 -0.4681 0.6034 2.7900 1.0600 -2.1000 92.6250 52.1875 267.1875
0.4938 0.0718 -0.4478 0.7419 1.2300 -2.4800 -3.6500 305.0625 78.3125 207.5625
0.3790 0.0548 -0.2868 0.8781 10.8000 -1.0500 23.6500 60.5000 -146.8125 32.4375
0.3395 0.1938 -0.4130 0.8226 0.0300 -2.3800 17.7600 -214.3750 97.2500 -2.1875
0.3765 0.1599 -0.4750 0.7791 14.5600 -7.7900 -8.7600 -9.6875 -108.8125 -8.6250
0.3469 0.2208 -0.5208 0.7481 5.7000 -6.1000 -7.5400 325.6250 165.6875 60.9375
0.3277 0.2189 -0.4551 0.7985 7.2300 -4.6500 7.1600 83.8750 318.2500 -27.3125
0.3754 0.1381 -0.3765 0.8356 -1.7800 -3.9300 7.6400 -114.9375 191.0625 -199.8750
0.5356 0.0571 -0.3587 0.7623 2.3700 -2.7100 3.3300 -49.0625 332.9375 -247.5625
0.7519 -0.0482 -0.2228 0.6186 -0.3400 0.0100 -1.4800 212.8750 294.5625 -305.8125
0.8923 0.0044 -0.0002 0.4514 4.3500 7.7400 9.1700 198.3750 160.1250 -164.8750
0.9157 0.1111 0.1737 0.3449 -3.7900 10.0600 14.1900 162.4375 141.7500 -5.6875
0.8753 0.2047 0.3081 0.3115 -3.6300 10.5600 13.7800 70.3750 60.8125 18.2500
0.8342 0.2120 0.4077 0.3050 -14.7700 4.6100 -8.3200 63.5625 -353.6250 39.9375
0.8625 0.2421 0.3050 0.3232 -12.2100 15.0600 22.5200 -20.3125 -31.1875 38.0625
0.8561 0.2659 0.2447 0.3694 -5.6500 16.2800 12.2100 -315.0625 -96.2500 15.9375
0.8932 0.1065 0.1122 0.4222 -1.8500 11.1500 9.5300 -425.7500 0.3750 45.7500
0.8738 -0.1330 -0.0009 0.4677 -4.3300 4.5500 0.0900 -416.8125 92.8125 -70.3125
0.8096 -0.4132 -0.1078 0.4027 -3.1200 -0.1000 -3.2500 -365.2500 -7.8125 -125.2500
0.7219 -0.5821 -0.2318 0.2938 2.4300 -6.7900 -3.1000 -220.4375 -55.0625 -128.9375
0.6193 -0.6620 -0.3595 0.2213 11.2300 -11.2400 -13.0400 -31.8750 -44.1250 61.0000
0.5768 -0.6785 -0.3671 0.2686 5.5200 -8.3100 -11.3000 221.8125 -31.8750 128.7500
0.6448 -0.6074 -0.2659 0.3802 4.3300 -2.3300 -3.5800 293.3750 -61.1875 201.5000
0.6924 -0.4697 -0.1025 0.5380 3.0600 3.0600 -0.2000 270.3750 -61.0625 234.0000
0.6661 -0.3290 0.0386 0.6683 0.5100 8.4400 4.2200 330.5625 -1.9375 214.2500
0.6135 -0.1647 0.1866 0.7495 2.4200 10.8400 7.2300 272.9375 -16.3750 197.1250
0.5325 -0.0018 0.3096 0.7878 -5.4700 16.1900 16.0400 -1204.3750 -1602.4375 117.3750
0.5445 0.3098 -0.0999 0.7730 1.7600 3.9600 9.6400 90.9375 -52.3125 -137.8125
0.5928 0.3274 -0.0272 0.7354 6.4400 9.8300 19.6100 -54.0625 329.5625 -34.0625
0.6252 0.2250 0.0873 0.7422 -0.9300 7.4600 5.8800 -88.3750 42.8125 -205.2500
0.7288 0.1636 0.0742 0.6608 -1.7100 5.4900 4.0700 -111.0625 -89.5000 -261.2500
0.8477 0.1212 0.0219 0.5159 -0.3700 3.5800 -1.6700 -15.8125 -41.3750 -327.1250
;
0.9328 0.1307 -0.0198 0.3353 6.3000 4.2100 3.5200 161.1875 251.6875 -231.9375
0.9592 0.1794 0.0550 0.2115 4.2800 3.8900 7.5200 97.1250 70.7500 -73.5625
0.9520 0.2405 0.0829 0.1700 -5.0700 16.3600 20.2600 -369.8750 408.3125 -30.2500
0.9495 0.2285 0.0599 0.2067 0.1800 3.6700 6.8700 46.8750 0.8125 14.0000
0.9390 0.2623 0.0780 0.2081 0.7800 8.8800 16.0100 -89.2500 -112.5000 11.0625
0.9493 0.2404 0.0414 0.1984 1.1400 4.2400 7.7800 -35.1250 2.4375 12.5625
0.9506 0.2219 0.0406 0.2130 0.2200 3.8100 6.1400 30.1875 53.2500 23.3750
0.9414 0.2423 0.0488 0.2295 6.5900 1.1400 -4.4700 405.0625 80.6875 155.8750
0.8173 0.4707 0.1084 0.3141 -6.7200 12.4000 15.7200 137.5625 -93.8750 1.8125
0.7434 0.5802 0.0901 0.3204 7.5000 20.5900 8.9500 -51.6250 -39.8750 101.0625
0.7524 0.5476 0.0367 0.3641 7.7400 16.1400 4.3400 -155.4375 91.7500 108.1875
0.7748 0.4453 0.0128 0.4485 6.0000 6.7800 1.0000 -128.3125 152.0000 73.7500
0.7823 0.3343 0.0305 0.5247 -0.0400 0.9700 0.9300 -101.6250 156.1250 -37.2500
0.7997 0.2243 0.0739 0.5521 -1.7500 -1.5500 0.4100 -59.1250 66.6875 5.8125
0.8082 0.1594 0.0978 0.5584 -1.1200 -3.0000 -0.6600 1.8125 68.2500 -79.5000
0.8325 0.1312 0.1412 0.5195 -0.7300 -3.5200 0.1400 87.3125 -17.1875 -10.5000
0.8338 0.1854 0.1613 0.4943 -2.5600 0.4800 0.8600 97.6250 -159.9375 -15.3125
0.8413 0.2878 0.1138 0.4432 0.9700 5.3900 0.1600 180.3750 -173.3750 -96.5000
0.8291 0.4213 0.0804 0.3586 7.3500 16.4900 5.0700 0.0000 0.0000 0.0000
0.0000 0.0000 0.0000 0.0000 7.2900 20.9900 11.6500 61.1250 -23.3125 52.6250
0.7408 0.5762 0.0547 0.3408 5.1900 20.4400 11.4900 -73.6250 41.6875 42.5625
0.7559 0.5313 0.0421 0.3803 6.4900 14.4500 4.9800 -144.1875 76.2500 37.0000
0.7885 0.4406 0.0341 0.4279 4.6600 7.4500 2.4600 -103.8125 75.0625 74.1875
0.7932 0.3586 0.0262 0.4916 2.0000 2.9900 2.3900 -84.3125 129.0000 55.3750
0.7864 0.2726 0.0421 0.5527 1.0900 0.7500 2.0500 -98.8125 42.5625 77.0625
0.7678 0.2152 0.0193 0.6032 1.7600 -0.4300 3.5100 -43.3125 35.4375 81.0625
0.7405 0.1857 0.0106 0.6459 -1.0400 0.3900 5.8700 -171.0625 118.1250 -42.7500
0.7728 0.0571 -0.0323 0.6313 0.7300 -1.7900 2.6900 -216.3125 56.1250 -181.2500
0.8430 -0.0586 -0.0726 0.5297 -0.4600 -2.5600 3.8000 25.1250 62.3750 -215.8125
0.9147 -0.0641 -0.0240 0.3983 -0.7100 0.3300 4.5000 85.7500 165.1250 -197.6875
0.9599 -0.0233 0.1050 0.2588 -1.0300 5.6600 10.9100 144.1875 44.0000 -67.5000
0.9589 0.0754 0.1488 0.2297 -3.3200 7.8200 13.8200 176.2500 92.4375 -33.6250
0.9410 0.1652 0.2052 0.2122 -4.3200 7.4000 14.3600 70.5000 45.5000 31.3125
0.9236 0.2084 0.2291 0.2258 -5.0900 6.8800 12.5300 46.1250 -7.3125 20.8750
0.9139 0.2422 0.2255 0.2350 -30.4600 18.5800 36.9600 -76.6875 203.3125 43.6875
0.9092 0.2405 0.2284 0.2518 -3.1400 6.2700 7.4900 139.0000 11.0625 46.6875
0.8738 0.3245 0.2342 0.2764 0.6000 16.1200 15.1100 65.4375 -117.0000 229.3125
0.8123 0.4075 0.1415 0.3926 -5.1600 19.5700 16.1700 -402.8750 -47.3125 166.1250
0.8329 0.2050 -0.0192 0.5136 0.7300 6.4100 -1.5800 -330.3125 123.0625 46.5000
0.8430 -0.0256 -0.1012 0.5276 1.4300 4.6300 3.4800 -458.8750 -3.1875 44.6875
0.7823 -0.2717 -0.2518 0.5008 -2.9600 -8.6800 -6.1500 -199.3125 -32.7500 -69.4375
0.7312 -0.3582 -0.3615 0.4543 5.0600 -9.1200 -4.8100 100.1250 -14.8125 -4.4375
0.7433 -0.3183 -0.3480 0.4745 4.9400 -9.1100 -3.4800 157.1250 -419.8125 -24.8125
0.6833 -0.0912 -0.4454 0.5713 8.7300 -5.1100 1.3200 250.0000 -358.1875 156.5000
0.5326 0.1234 -0.4424 0.7109 10.4900 4.4900 9.9500 282.4375 -21.1875 91.3125
0.4455 0.1951 -0.3485 0.8013 -6.6500 -0.4200 12.6400 -9.2500 -320.6250 -3.5000
0.4452 0.2211 -0.3965 0.7718 0.7700 0.4700 21.8800 -274.0625 -137.0000 35.9375
0.4129 0.2374 -0.4973 0.7252 16.7600 -7.5900 -14.1400 194.5625 69.6875 92.6250
0.3793 0.2234 -0.3933 0.8071 6.5900 -5.8900 -14.7300 155.6250 -342.1875 -9.8125
0.4160 0.2031 -0.3959 0.7931 8.4100 -0.8400 14.9000 -168.6250 144.6250 -33.8125
0.4799 0.0989 -0.4323 0.7570 12.8300 -2.5400 3.9200 -283.9375 364.8750 4.7500
0.5713 -0.1689 -0.4474 0.6671 -0.4300 -6.4600 0.7700 -147.0000 363.5000 -48.0625
0.6365 -0.3989 -0.4005 0.5247 2.1400 -7.0200 -0.9900 -196.8125 18.0625 -99.0625
0.6235 -0.4652 -0.4614 0.4266 4.1400 -10.0600 -2.6500 -42.1875 21.1250 -45.5625
0.6304 -0.4899 -0.4664 0.3807 7.2700 -12.0800 -5.4100 25.4375 -42.2500 29.8750
0.6210 -0.4702 -0.4633 0.4227 5.8200 -10.0700 -7.6600 227.0625 18.6250 84.8750
0.6578 -0.4015 -0.3656 0.5220 5.2800 -3.5700 -6.0100 336.1250 26.0000 145.5625
0.6841 -0.2885 -0.1928 0.6415 0.0100 6.5000 -1.3800 329.0625 43.8750 128.9375
0.6729 -0.1281 0.0316 0.7280 2.1800 12.5500 0.1500 359.8125 28.1250 178.1875
0.6033 0.0265 0.2278 0.7638 6.6000 18.5200 13.4600 245.5000 -103.2500 202.8750
0.3671 0.4993 0.2861 0.7308 3.8900 8.6600 6.1500 -802.3750 430.8125 -186.1250
0.5076 0.3255 0.0371 0.7969 5.2000 4.8500 5.8900 163.6250 114.3125 -125.0625
0.0000 0.0000 0.0000 0.0000 -2.8600 11.5500 12.6900 -158.9375 -70.6875 -97.4375
0.6158 0.1963 0.1108 0.7549 -1.5500 8.4100 5.8600 -210.8125 -77.8750 -160.0625
0.7195 0.1332 -0.0093 0.6815 0.8700 3.9600 -2.8900 -152.8750 -10.0625 -250.0000
0.8517 0.0801 -0.0851 0.5108 10.5800 2.7500 -3.8600 -25.1250 -15.9375 -238.0000
0.9309 0.0980 -0.0693 0.3450 7.4300 7.1400 5.2500 123.2500 6.7500 -235.0625
;
0.8376 0.5425 0.0448 -0.0466 -1.3600 8.8100 3.9700 0.0000 -0.5625 -1.0625
0.8375 0.5425 0.0453 -0.0473 -1.3500 8.7900 3.9500 0.8125 0.0625 -1.1875
0.8373 0.5427 0.0457 -0.0483 -1.3600 8.8000 3.9200 0.3750 -1.3125 -1.0000
0.8372 0.5427 0.0457 -0.0494 -1.3600 8.8000 3.9300 0.0625 -1.0000 -0.6250
0.8372 0.5427 0.0456 -0.0500 -1.3800 8.7800 3.9500 1.2500 1.8750 -1.5000
0.8367 0.5432 0.0473 -0.0502 -1.3900 8.8200 3.9100 2.2500 3.0000 -1.3750
0.8360 0.5442 0.0497 -0.0496 -1.3900 8.7800 3.9100 -0.8750 3.3750 -0.4375
0.8358 0.5444 0.0515 -0.0489 -0.5800 9.2900 3.9100 15.9375 13.5625 11.1875
0.8321 0.5513 0.0486 -0.0369 -2.4700 8.9200 3.7100 11.7500 11.6250 2.4375
0.8357 0.5460 0.0507 -0.0317 -0.8700 8.2600 2.2000 -33.8125 -20.2500 2.7500
0.8447 0.5320 0.0477 -0.0337 -4.0900 11.3000 6.6800 40.9375 -9.8750 3.2500
0.8162 0.5746 0.0438 -0.0408 2.2600 9.7900 -1.4300 215.3125 12.1875 118.1875
0.7520 0.6589 -0.0007 0.0189 -6.0100 10.3100 5.5100 -0.4375 -66.0625 113.9375
0.7386 0.6644 -0.0682 0.0917 5.8300 12.0900 -1.4200 150.8125 -127.7500 107.1875
0.7059 0.6819 -0.1568 0.1105 10.2800 22.5100 4.2800 -63.0000 23.9375 70.3750
0.7345 0.6364 -0.1815 0.1503 7.0000 16.6000 1.2000 -175.5625 128.0000 61.3750
0.8069 0.5314 -0.1557 0.2056 5.0800 5.4900 -0.5100 -171.9375 167.3750 34.6875
0.8770 0.3914 -0.0826 0.2661 1.2900 1.3800 2.1500 -125.5000 187.0625 3.1250
0.9035 0.2946 -0.0106 0.3111 -2.6200 -1.1000 0.8900 -36.7500 104.5000 37.5000
0.9037 0.2468 0.0333 0.3483 -3.5100 -2.3600 -0.2900 16.4375 24.3125 -52.6250
0.9132 0.2452 0.0624 0.3195 -1.7100 -1.2400 1.4200 59.2500 -30.0000 -49.8750
0.8030 0.2662 0.1376 0.5151 -3.2500 2.6800 3.2100 72.0000 -111.6875 -65.1875
0.8152 0.3466 0.1166 0.4492 3.0400 6.3800 2.8100 79.6250 -174.7500 -45.6250
0.8085 0.4525 0.0654 0.3707 8.4500 13.8100 4.2000 149.5625 -90.5000 -30.1250
0.7625 0.5562 0.0536 0.3264 6.3800 20.4000 8.0600 -0.0625 -0.0625 -0.0625
0.7083 0.6216 0.0499 0.3309 3.7100 23.0900 8.4400 -20.3125 9.8125 39.6875
0.7045 0.6129 0.0400 0.3557 6.9600 18.2000 5.5100 -112.1250 41.1875 19.5625
0.7396 0.5475 0.0226 0.3908 8.2200 11.4000 3.2700 -126.9375 105.1250 41.2500
0.7704 0.4484 0.0240 0.4526 6.6800 7.1200 3.1600 -140.0625 128.6875 174.3750
0.7413 0.3322 -0.0069 0.5831 -3.2900 -1.7100 -0.7300 -92.3750 141.4375 121.4375
0.6997 0.2147 -0.0158 0.6812 -1.4800 0.8700 3.0800 -42.2500 66.3125 30.6250
0.6887 0.1605 -0.0048 0.7071 -2.1500 -0.2400 3.5000 -21.1875 24.6250 -26.0625
0.7051 0.1453 0.0004 0.6940 -2.0100 -0.5600 3.7300 52.8125 -38.0000 -106.1250
0.7486 0.1870 0.0133 0.6360 -0.8600 2.1100 4.9000 46.0000 -62.0000 -185.1250
0.8193 0.2358 0.0272 0.5220 -1.6700 3.3400 4.5200 14.0000 -49.2500 -382.6250
0.9203 0.2488 0.0632 0.2950 3.2100 3.3800 5.9900 15.0000 156.3125 -311.9375
0.9609 0.2084 0.1524 0.1005 1.8700 8.8300 2.6200 57.3125 79.9375 -23.8750
0.9341 0.2856 0.2083 0.0497 -7.8700 15.3300 12.8400 187.8750 115.6250 19.3750
0.8705 0.4058 0.2744 0.0463 -17.9800 17.5100 21.3600 124.9375 -172.7500 201.1250
0.8767 0.4008 0.2604 0.0544 -6.2000 15.7000 18.0300 -50.0625 -124.3750 106.5625
0.9121 0.3698 0.1465 0.0995 1.1700 13.6900 11.8200 -231.5000 -276.3750 178.9375
0.9493 0.2160 -0.1000 0.2054 4.5800 10.3600 4.6100 -259.1875 -168.0625 374.7500
0.8735 0.0359 -0.2784 0.3978 0.7100 3.9800 -0.9100 -150.6875 -171.0000 435.0625
0.6953 -0.0730 -0.3953 0.5958 -2.2200 -0.6600 0.9800 40.6250 -42.3125 255.2500
0.5625 -0.1080 -0.3715 0.7307 -0.4600 -4.2400 -0.5700 203.8125 4.3750 163.1875
0.4467 0.0157 -0.5205 0.7275 4.5900 -6.3100 -0.2800 11.3750 89.8125 -9.3750
0.4652 0.0052 -0.4509 0.7618 -7.4400 -5.5800 10.1800 -259.3125 -264.2500 -106.8125
0.4288 0.0222 -0.5915 0.6825 6.6100 -10.5000 -8.5900 15.7500 115.1250 87.1250
0.4225 -0.0175 -0.5529 0.7180 2.9600 -4.7000 -4.2900 -699.0000 -262.6250 -74.9375
0.3947 0.0237 -0.5721 0.7186 2.8200 -5.5100 10.0100 233.0000 325.5625 1.8125
0.4781 -0.0604 -0.4581 0.7470 -1.8200 -3.3900 4.3900 -148.2500 122.6250 -174.2500
0.6071 -0.1177 -0.4757 0.6255 -4.8300 -0.1100 -0.3600 -12.5000 342.1875 -389.8125
0.8627 -0.1298 -0.3300 0.3607 6.0800 5.5000 -1.5000 191.0000 444.5625 -345.2500
0.9917 -0.0195 -0.0315 0.1230 7.8600 11.1400 10.2100 348.0000 268.3125 -89.3750
0.9612 0.2258 0.1575 0.0200 -1.9200 13.7000 12.6900 305.8750 124.6875 56.6250
0.9146 0.3543 0.1848 0.0627 -3.1400 12.1500 16.1400 -30.8125 218.4375 -7.6250
0.9174 0.3443 0.1796 0.0878 -1.5400 16.7000 12.1900 -321.1250 -100.8750 108.8125
0.9786 0.1243 0.0550 0.1546 0.6900 11.7200 6.4400 -446.8125 -80.5625 85.6250
0.9675 -0.1411 -0.0126 0.2095 -3.3400 1.9400 0.2500 -288.8750 183.6250 -45.3750
0.9195 -0.3541 0.0433 0.1650 -4.2700 -0.9300 0.3300 -278.2500 -19.2500 -49.8125
0.8327 -0.5364 -0.0105 0.1373 -1.4400 -4.8000 -4.2900 -178.9375 -34.3125 -104.6250
0.7677 -0.6279 -0.0965 0.0842 5.5400 -7.3100 -0.9700 -70.3125 -107.3125 -78.1250
0.7199 -0.6586 -0.1989 0.0923 9.1800 -12.8300 -8.2400 34.1250 -6.4375 19.3750
0.7073 -0.6566 -0.2255 0.1333 7.7800 -10.9700 -6.8100 144.7500 -29.7500 117.5000
0.7493 -0.5931 -0.1728 0.2383 3.7500 -4.3500 -0.9600 208.5625 -48.6875 168.8750
0.7859 -0.4871 -0.0929 0.3694 2.9700 2.5700 -3.5700 303.2500 11.8750 214.7500
0.8030 -0.3350 0.0494 0.4905 -1.0300 9.8400 2.4900 310.0625 -83.6250 217.2500
0.7722 -0.0992 0.1803 0.6011 -0.3800 16.4700 4.2000 366.1250 62.1875 217.1250
0.6849 0.0808 0.3207 0.6492 -4.6500 16.4300 16.0600 150.1875 -9.4375 124.8750
0.5701 0.4420 0.3176 0.6154 -0.9100 7.4000 -2.5100 37.7500 -16.0000 29.0000
0.6325 0.3461 0.2546 0.6445 -5.6300 13.9300 10.9100 -90.3125 -194.4375 -11.5000
0.7000 0.2794 0.2216 0.6187 -4.5300 7.5300 1.4100 -37.0625 -83.0625 -138.4375
0.7823 0.2590 0.1755 0.5386 -0.6400 4.8300 -1.6200 -38.1250 -86.7500 -211.6250
;
