0.7714 0.1161 -0.0324 -0.6248 -0.8100 2.1500 9.4400 0.3750 -1.4375 0.3125
0.7714 0.1147 -0.0344 -0.6249 -1.0500 2.1500 9.4100 2.6250 -13.4375 0.5625
0.7713 0.1115 -0.0399 -0.6254 -0.0700 2.6200 10.2600 -18.6875 -55.1875 16.6875
0.7752 0.0900 -0.0606 -0.6223 -0.4600 3.0200 10.4100 76.2500 -86.8125 54.0000
0.7872 0.0842 -0.1329 -0.5963 3.3600 4.0900 8.7900 -4.6875 -87.6875 101.7500
0.8156 0.0525 -0.1866 -0.5452 8.0800 5.9800 5.5700 253.6875 -67.3750 194.6875
0.8559 0.1092 -0.2954 -0.4102 4.0200 4.1800 2.9000 259.5625 38.7500 216.4375
0.8842 0.2107 -0.3488 -0.2283 3.2400 8.6100 9.2600 131.1250 59.5625 81.1250
0.8879 0.2780 -0.3394 -0.1387 9.7100 11.4300 10.7000 19.2500 145.6875 8.0625
0.9165 0.2950 -0.2498 -0.1032 6.6500 7.0600 8.0300 -94.1250 164.5000 -46.8750
0.9507 0.2576 -0.1284 -0.1154 0.8800 3.0000 5.8800 -60.8125 151.7500 -86.9375
0.9608 0.2349 -0.0182 -0.1464 -0.7400 0.7800 3.2600 -50.6250 65.1250 -50.1250
0.9608 0.2133 0.0410 -0.1724 -3.6600 -2.1300 1.9400 29.1250 8.3750 -32.9375
0.9530 0.2264 0.0560 -0.1934 -2.7800 -0.4200 2.6600 53.2500 -64.5000 39.7500
0.9492 0.2556 0.0087 -0.1832 -0.6100 -1.3700 1.2800 106.7500 -109.5625 76.2500
0.9307 0.3162 -0.1028 -0.1523 1.7800 6.0300 2.7900 143.5000 -183.6250 70.6250
0.8853 0.3727 -0.2455 -0.1312 9.5800 10.9500 5.5200 72.0000 -174.1875 128.0625
0.8394 0.3840 -0.3702 -0.1044 13.5400 13.1900 7.0700 24.2500 -55.3125 36.0625
0.8150 0.3873 -0.4199 -0.0976 9.7700 13.3700 7.1600 -14.1875 14.1250 -32.1875
0.8187 0.3817 -0.4172 -0.0997 8.7800 10.6400 6.2900 -63.5000 59.3750 -25.3125
0.8528 0.3518 -0.3677 -0.1176 10.7200 11.1200 6.3000 -116.2500 120.0000 -37.0625
0.9006 0.3049 -0.2742 -0.1436 6.9200 5.9100 4.1000 -122.6875 174.6875 -102.4375
0.9400 0.2526 -0.1206 -0.1951 1.1400 1.7100 3.2700 -118.7500 125.2500 -72.6875
0.9518 0.2032 -0.0146 -0.2292 -1.4300 -0.9900 2.9900 -44.0625 59.1875 -28.0000
0.9521 0.1829 0.0375 -0.2422 -3.1000 -0.5000 4.0500 0.4375 -5.0625 -3.3125
0.9521 0.1796 0.0364 -0.2447 -2.5200 -0.8300 4.0700 43.2500 -51.2500 17.6875
0.9506 0.1949 -0.0032 -0.2417 -0.9900 -0.6000 4.0800 78.6250 -103.3125 42.6250
0.9393 0.2381 -0.0970 -0.2272 0.7000 2.9400 2.9500 134.9375 -157.8750 30.2500
0.9008 0.2928 -0.2194 -0.2339 4.7100 9.2200 6.1400 51.8125 -184.1250 -100.1250
0.8414 0.3035 -0.3019 -0.3300 6.9200 13.9100 7.1200 35.8750 -95.3750 -105.7500
0.7895 0.3157 -0.3257 -0.4135 1.5700 13.7900 8.2700 -28.9375 8.0000 -162.7500
0.7758 0.3299 -0.2469 -0.4779 0.9500 7.1700 6.1400 -66.1250 7.3750 -1.1875
0.7871 0.2924 -0.2379 -0.4883 2.5300 12.5300 15.0900 -178.4375 -129.0625 123.4375
0.8231 0.1307 -0.2725 -0.4807 11.6400 8.6300 9.1200 -372.5625 -212.8125 206.8125
0.8155 -0.2506 -0.2964 -0.4293 1.8900 -2.1100 -1.2100 -189.8750 -479.3750 236.4375
0.7141 -0.5176 -0.4231 -0.2081 8.0400 -4.9400 -2.9200 18.5625 -216.2500 174.2500
0.6627 -0.5837 -0.4666 -0.0493 3.2400 -4.8500 -0.7100 -24.3125 -167.8125 55.4375
0.6080 -0.6008 -0.5164 0.0535 7.1200 -5.8300 -1.6500 55.5625 -108.5000 18.0625
0.5875 -0.5793 -0.5513 0.1237 5.1000 -8.1100 -11.3000 388.9375 -15.9375 56.6250
0.6956 -0.4472 -0.4969 0.2632 -2.0600 -9.1000 -4.2100 9.6875 -54.8750 -61.1250
0.6467 -0.4156 -0.5782 0.2732 1.0400 -7.4300 -7.6200 -209.4375 -51.5000 -94.0000
0.5828 -0.4452 -0.6482 0.2051 8.7000 -6.9800 -33.0600 642.3750 260.6250 95.6875
0.6672 -0.4069 -0.5522 0.2904 1.7000 -10.7000 1.2400 91.6875 -5.4375 -9.6875
0.6879 -0.3870 -0.5363 0.2991 3.0200 -7.2600 2.6300 -125.0000 54.3750 -33.0625
0.6826 -0.4343 -0.5410 0.2300 1.4100 -5.4300 4.0600 -80.9375 163.9375 -109.8750
0.7509 -0.4458 -0.4807 0.0795 -5.9100 -4.9300 -1.2400 68.8750 582.0625 -276.8125
0.8749 -0.3182 -0.2408 -0.2742 15.2900 2.9700 7.8600 -34.2500 381.6875 -287.9375
0.8395 -0.1539 -0.0605 -0.5175 3.5100 1.5400 18.6400 103.5000 -4.6250 -83.0000
0.8110 -0.0831 -0.0908 -0.5718 21.8400 6.1200 25.4000 -37.7500 -4.5000 14.6875
0.8176 -0.1443 -0.1005 -0.5483 9.8700 -0.8200 9.6700 -27.6250 -294.4375 102.6250
0.8150 -0.3051 -0.2543 -0.4219 13.1300 1.0700 6.2600 19.1875 -313.3125 280.5625
0.8061 -0.4225 -0.3671 -0.1923 0.5300 -3.2700 0.2600 54.3750 -327.8125 179.5625
0.7231 -0.4775 -0.4977 0.0389 5.7000 -6.3000 -3.2100 14.8750 -270.5625 83.0000
0.6426 -0.4774 -0.5688 0.1886 1.9900 2.6500 -20.1100 -82.1250 240.3125 -55.3750
0.6696 -0.4454 -0.5396 0.2495 6.2000 -9.7200 5.4000 62.6875 72.9375 28.8125
0.6834 -0.4391 -0.5213 0.2615 5.2800 -8.2300 -8.3400 -123.0000 -93.8125 -53.0625
0.6885 -0.4238 -0.5250 0.2656 16.2300 -25.5600 -4.7300 41.5000 -166.5000 39.5000
0.7331 -0.4105 -0.4695 0.2714 1.9400 -7.1200 9.0500 1.6250 168.2500 24.1875
0.7885 -0.4257 -0.3793 0.2307 -8.3400 -4.2800 6.5400 -36.6250 240.1875 -338.8125
0.8721 -0.3719 -0.3124 -0.0583 1.9100 1.3200 9.1800 -21.9375 408.1250 -410.0000
0.8671 -0.2509 -0.1641 -0.3979 8.2600 3.6300 3.6100 208.3750 363.5000 -323.4375
0.7728 0.0283 -0.0574 -0.6314 8.7100 10.4200 22.7700 37.6250 66.5000 -102.5000
0.7283 0.1020 -0.0409 -0.6763 0.6100 3.6000 8.6400 78.7500 34.5625 -20.6875
;
0.7179 0.1403 -0.0161 -0.6817 -3.5300 0.7500 9.3200 -30.0000 -78.3125 14.5000
0.7283 0.1048 -0.0211 -0.6769 -0.7000 1.7900 9.4500 -23.6875 -1.5625 12.2500
0.7363 0.0902 -0.0152 -0.6704 -0.9400 1.3700 9.6000 -9.6875 -8.8750 5.9375
0.7396 0.0818 -0.0147 -0.6678 -0.7600 1.4200 9.5000 11.2500 -59.8750 24.8125
0.7482 0.0601 -0.0480 -0.6590 3.4700 4.7600 12.2600 102.2500 -217.1875 175.1875
0.8000 0.0059 -0.1870 -0.5701 11.7900 2.2400 5.1600 310.6250 -141.6250 320.1875
0.8760 0.0546 -0.3182 -0.3582 8.7900 5.8400 8.8900 189.7500 169.7500 206.3125
0.9368 0.1450 -0.2653 -0.1762 1.9100 4.1600 5.7400 68.1250 263.7500 25.9375
0.9664 0.2035 -0.1141 -0.1078 -1.1800 0.7300 2.8200 -27.1875 175.5625 -62.8750
0.9733 0.1962 0.0214 -0.1172 -2.8800 0.1100 3.0300 -28.0000 58.3125 -28.8750
0.9724 0.1849 0.0596 -0.1296 -2.0300 0.1200 3.0600 5.5625 -38.5625 -1.1875
0.9722 0.1902 0.0281 -0.1339 -1.4800 -2.3200 2.6800 86.0000 -107.6250 46.1875
0.9627 0.2368 -0.0565 -0.1179 1.0200 1.7000 3.9500 90.3125 -150.5625 90.8125
0.9395 0.2817 -0.1767 -0.0828 5.3900 6.1700 4.5800 85.0625 -171.3125 81.8750
0.8966 0.3146 -0.3054 -0.0626 10.8400 10.2600 6.4200 20.1875 -150.6250 12.5625
0.8486 0.3135 -0.4196 -0.0740 11.1400 9.3500 8.2000 -30.4375 -114.8750 93.8750
0.8235 0.2754 -0.4922 -0.0612 14.7000 9.2000 7.6400 -18.7500 44.7500 -18.4375
0.8378 0.2704 -0.4692 -0.0698 11.9500 6.9500 6.3800 -34.3750 75.9375 -11.1875
0.8678 0.2612 -0.4160 -0.0750 11.2800 6.6500 6.1300 -54.7500 156.1250 -53.3750
0.9171 0.2453 -0.2990 -0.0973 7.5600 4.7600 4.7200 -90.0000 173.8125 -72.8750
0.9534 0.2128 -0.1702 -0.1292 2.3400 2.3300 3.4700 -101.2500 161.1875 -62.2500
0.9722 0.1694 -0.0577 -0.1509 -2.0200 -1.0100 2.9600 -39.3125 68.3125 -24.8125
0.9762 0.1449 0.0018 -0.1613 -3.4100 -0.7400 4.4100 -8.4375 10.2500 -14.1875
0.9753 0.1406 0.0122 -0.1697 -2.5800 -1.3900 4.2700 26.7500 -58.6250 6.1250
0.9730 0.1526 -0.0342 -0.1700 -1.3000 -1.5200 3.2800 76.0625 -126.0625 37.0625
0.9611 0.1852 -0.1324 -0.1568 1.8900 1.9000 1.5000 94.4375 -188.1250 27.3125
0.9248 0.2215 -0.2656 -0.1587 6.9000 7.2200 5.4100 30.9375 -217.0625 -97.9375
0.8607 0.2386 -0.3732 -0.2507 11.0700 11.1100 8.8800 -42.0000 -61.3750 -164.5625
0.8074 0.2502 -0.3641 -0.3911 11.7300 12.5700 8.2200 -92.1875 121.3125 -131.0625
0.8229 0.2318 -0.2391 -0.4603 1.0200 5.3400 7.7200 -44.0625 13.4375 -6.5000
0.8306 0.2020 -0.2153 -0.4722 0.9900 4.8800 8.1200 28.0000 -1.8750 0.9375
0.8263 0.2175 -0.2215 -0.4699 1.7900 9.6200 13.4400 -116.4375 -155.5625 59.4375
0.8389 0.0941 -0.2794 -0.4574 7.8500 7.6000 13.0700 -244.2500 -283.8750 194.6250
0.8307 -0.1626 -0.3625 -0.3899 16.4800 2.8300 2.5100 -135.0000 -301.5625 361.0000
0.7748 -0.4268 -0.4391 -0.1571 0.0000 -2.0400 0.0400 -109.6250 -246.1250 262.6250
0.6824 -0.5513 -0.4798 0.0137 0.0400 -5.5000 -0.4100 96.0625 -163.8125 30.6250
0.6448 -0.5273 -0.5374 0.1320 3.6400 -5.7900 -2.0200 111.1875 -124.5625 -30.8750
0.6455 -0.4484 -0.5760 0.2244 2.5500 -1.2100 -18.2500 -396.0625 376.3750 -209.2500
0.6960 -0.3897 -0.5450 0.2581 7.4300 -9.2200 4.7000 69.8125 -28.1250 8.7500
0.6757 -0.3872 -0.5715 0.2588 11.6700 -7.0200 -12.0700 -31.7500 23.7500 73.6250
0.7135 -0.3686 -0.5123 0.3043 -9.8500 -9.2500 0.8100 -10.3125 8.6875 -5.7500
0.7397 -0.3060 -0.4817 0.3566 4.3400 -3.0300 16.5600 -139.6875 165.8125 -30.3750
0.7764 -0.3438 -0.4398 0.2925 -1.7600 -3.9700 3.5500 -96.3750 233.1250 -285.4375
0.8624 -0.3440 -0.3687 0.0449 -0.3800 2.4000 7.4000 -80.2500 497.3750 -492.0625
0.8787 -0.2302 -0.1263 -0.3986 10.2800 5.5700 11.3700 38.5625 312.1875 -301.8125
0.8038 -0.0733 -0.0169 -0.5902 5.5400 7.0800 18.8800 79.5625 10.0625 -72.9375
0.7762 -0.0110 -0.0334 -0.6295 4.3900 1.8100 10.6000 -29.6875 27.7500 6.3750
0.7822 -0.0184 -0.0112 -0.6227 0.3100 1.0400 12.9100 6.1250 -115.8750 23.0000
0.7938 -0.0640 -0.0817 -0.5992 15.7500 5.3600 12.4200 96.5625 -275.6875 280.0000
0.8497 -0.1562 -0.2499 -0.4371 9.3400 4.2700 6.2300 45.8750 -286.0000 381.0625
0.8646 -0.2919 -0.3876 -0.1305 0.7200 -0.2100 5.7600 -42.6875 -295.1250 244.2500
0.7687 -0.4028 -0.4944 0.0484 2.7600 -5.2900 -2.1900 -22.6250 -187.8750 116.6250
0.6750 -0.4412 -0.5640 0.1778 15.9600 -3.2300 -18.8200 -498.1875 209.9375 -172.1250
0.6709 -0.4142 -0.5568 0.2615 3.9400 -10.6100 3.1100 129.5625 109.5000 86.2500
0.6808 -0.4329 -0.5212 0.2782 8.4500 -8.1300 -9.5900 -84.3750 22.1250 -4.0000
0.7185 -0.4283 -0.4672 0.2863 -37.6000 21.4000 39.5400 99.8750 -125.0000 45.4375
0.7671 -0.3756 -0.4143 0.3144 0.6800 -7.2100 4.4700 127.5000 223.1875 20.2500
0.8429 -0.3704 -0.2928 0.2582 -5.8500 -4.1000 7.6600 -23.3750 255.6875 -321.9375
0.9258 -0.3221 -0.1888 -0.0579 -0.8000 1.9000 6.4000 144.5000 346.5000 -484.1875
0.9033 -0.1573 -0.0723 -0.3926 8.6000 5.2700 9.7600 63.8750 229.7500 -302.7500
;
