0.8240 0.4609 -0.3294 -0.0043 6.6200 7.7200 2.5600 -68.3125 25.4375 33.5000
0.8455 0.4211 -0.3283 0.0101 4.6300 6.2900 4.2700 35.6875 2.0000 41.3750
0.8347 0.4332 -0.3377 0.0411 6.1800 5.2500 1.6500 132.3750 -19.3750 59.6250
0.7845 0.4963 -0.3577 0.1010 6.9400 7.4900 1.9100 181.4375 -23.5000 73.1875
0.7272 0.5513 -0.3737 0.1663 8.3700 9.1400 2.1500 16.8750 38.0625 36.8125
0.7235 0.5411 -0.3752 0.2075 11.2100 12.8600 2.9400 -42.6250 64.4375 12.6875
0.7578 0.5090 -0.3458 0.2169 10.9300 14.0000 3.9600 -121.1250 114.6875 -139.4375
0.8493 0.4451 -0.2401 0.1514 9.5100 7.5500 3.5700 -187.5000 138.6250 -137.7500
0.9279 0.3370 -0.1326 0.0882 2.0400 -1.9600 1.7900 -140.4375 136.1875 -113.3125
0.9658 0.2554 -0.0334 0.0313 -0.0500 -0.9000 2.0500 -34.3125 51.8125 -75.3125
0.9724 0.2327 0.0149 -0.0131 -2.1300 -2.0600 1.9900 23.6250 -25.6875 24.3750
0.9659 0.2585 -0.0139 0.0025 -0.9000 -3.6300 0.5200 156.4375 -124.0000 119.1250
0.9236 0.3597 -0.1194 0.0583 4.7300 2.7100 -1.4100 232.5000 -171.4375 137.5000
0.8242 0.4969 -0.2471 0.1129 9.8800 15.4200 0.6400 200.4375 -144.3750 89.2500
0.6986 0.6073 -0.3489 0.1462 15.6600 15.3600 0.8500 51.3125 -55.6875 159.0625
0.6448 0.6080 -0.4201 0.1953 13.3000 19.0900 3.8100 -25.5000 15.0000 31.6875
0.6454 0.5919 -0.4359 0.2076 11.6500 11.2200 -0.0600 -44.5000 30.6875 -7.3750
0.6683 0.5764 -0.4247 0.2017 11.6900 10.9000 -0.6000 -74.9375 75.1875 -118.6875
0.7416 0.5571 -0.3431 0.1476 11.9100 16.4800 1.9700 -192.3750 110.1875 -168.6875
0.8458 0.4733 -0.2375 0.0659 11.6300 6.9500 -0.8100 -289.6875 177.1875 -34.2500
0.9506 0.2864 -0.1104 0.0457 -0.7700 -3.6600 -0.4400 -151.5625 164.4375 -57.8125
0.9808 0.1931 -0.0054 0.0275 -2.6800 -3.3600 1.4000 6.8750 45.4375 -12.7500
0.9810 0.1906 0.0324 0.0177 -3.6700 -0.9600 3.3700 53.6250 -8.5625 -12.9375
0.9739 0.2255 0.0227 0.0137 -2.4600 -1.8100 3.3100 90.0000 -92.4375 66.4375
0.9529 0.2968 -0.0488 0.0390 3.1800 1.0500 -0.2400 217.5625 -129.5000 108.3125
0.8866 0.4323 -0.1434 0.0803 8.5100 11.5700 -0.7900 170.3125 -147.4375 151.5625
0.7879 0.5474 -0.2527 0.1254 15.1000 19.5000 5.3300 70.3750 -101.2500 57.3125
0.7441 0.5734 -0.3137 0.1385 9.6800 12.3200 3.2900 -37.5625 16.6875 62.2500
0.7522 0.5376 -0.3405 0.1713 5.9100 7.0200 1.5100 -14.3125 -3.2500 51.3125
0.7513 0.5186 -0.3607 0.1912 7.6600 7.1600 1.7000 2.6250 1.2500 16.3750
0.7472 0.5169 -0.3671 0.1994 7.6900 9.1800 3.2800 -3.7500 -18.8125 -2.6875
0.7478 0.5118 -0.3776 0.1905 12.1900 14.8000 7.3400 -288.3750 30.3750 40.5625
0.8248 0.3262 -0.4415 0.1354 10.1600 6.5100 6.0700 -402.0000 -50.8125 155.3750
0.8489 0.0841 -0.5118 0.1019 13.5600 -3.1800 -0.3200 -51.8125 -45.2500 231.3125
0.8060 -0.0281 -0.5605 0.1885 6.3500 -5.2900 -1.9700 66.8750 -119.7500 99.9375
0.7319 -0.0186 -0.6229 0.2756 6.3100 -1.9400 -3.8900 216.1875 12.1250 -14.0625
0.7311 0.0836 -0.5829 0.3447 7.8900 2.9400 1.5400 146.7500 5.8750 -22.3125
0.7266 0.1606 -0.5380 0.3961 9.8100 4.1500 2.8200 157.1875 91.3125 8.5625
0.7344 0.2014 -0.4573 0.4594 10.8700 2.8900 7.7700 -65.8125 110.7500 20.1875
0.7603 0.1291 -0.4520 0.4485 8.7300 -2.4100 0.4800 -161.0000 182.1250 -39.9375
0.8502 -0.0172 -0.3782 0.3660 2.8300 -5.8200 7.8600 -295.1250 213.0000 -158.2500
0.9240 -0.1943 -0.2645 0.1964 5.5000 -9.1900 -2.3900 134.8750 464.9375 -3.2500
0.9655 -0.2125 -0.0793 0.1276 -2.8000 -4.4900 10.7100 -8.3125 32.1875 -9.2500
0.9670 -0.2257 -0.0517 0.1064 -1.4500 -2.8200 11.7700 -51.5000 -42.9375 11.3750
0.9581 -0.2401 -0.0776 0.1353 -3.8100 -3.9800 6.6900 -54.6250 -79.8750 17.4375
0.9423 -0.2672 -0.1332 0.1514 -4.1500 -6.0400 0.0800 64.3125 -156.9375 -74.6250
0.9412 -0.1840 -0.2442 0.1439 6.2400 -2.7200 -2.9600 305.1250 -241.5000 -137.1875
0.9106 0.0781 -0.3805 0.1409 11.5900 3.7100 5.7900 260.6250 -109.4375 -88.1875
0.8601 0.2617 -0.4094 0.1553 13.5900 6.4100 8.5400 45.1250 -115.3750 40.8125
0.8083 0.3043 -0.4731 0.1737 11.5600 5.8800 5.0200 12.8125 -118.2500 27.4375
0.7545 0.3267 -0.5405 0.1785 16.6700 5.4600 0.7400 79.6250 27.6875 -8.1875
0.7418 0.3495 -0.5353 0.2023 12.7100 6.3800 2.8100 -39.3750 71.4375 152.5000
0.7550 0.2656 -0.5372 0.2661 10.2300 6.2700 6.2800 -151.3750 80.0625 90.0625
0.7825 0.1069 -0.5410 0.2891 9.0200 8.1200 3.0000 -179.8125 91.6875 339.8750
0.7520 -0.1170 -0.5297 0.3745 -8.0700 -4.1900 -0.7000 -99.0625 263.6875 -116.5000
0.8267 -0.2225 -0.4364 0.2767 8.0800 -18.9100 -11.4900 -145.4375 -48.3750 -143.3750
0.7855 -0.2713 -0.5284 0.1737 16.0900 -13.1500 -1.1900 18.8125 24.3125 -36.8750
0.8027 -0.2505 -0.5211 0.1464 8.4800 -5.4700 4.4500 44.7500 30.6250 5.8125
0.8206 -0.2308 -0.4990 0.1562 7.0600 -4.8900 3.9500 43.1250 2.7500 8.9375
0.8282 -0.2097 -0.4889 0.1759 8.2100 -8.4200 0.4100 158.0625 -31.8125 20.8750
;
0.8124 0.3872 -0.4360 0.0007 6.9400 6.1000 3.1200 0.5000 0.0000 0.0625
0.8124 0.3872 -0.4360 0.0007 6.9600 6.1500 3.1400 -0.5625 0.0625 0.1875
0.8124 0.3870 -0.4360 0.0007 6.9400 6.1000 3.1500 -0.3750 0.0000 1.0000
0.8128 0.3863 -0.4360 0.0012 7.2700 6.7800 3.8200 -20.6875 -9.1250 21.2500
0.8179 0.3677 -0.4426 0.0002 9.4500 10.6400 8.7500 -168.5625 16.8750 31.9375
0.8484 0.2891 -0.4431 -0.0151 7.6900 4.5600 1.8200 56.9375 72.6875 55.3125
0.8536 0.3057 -0.4195 0.0427 4.9000 3.1000 2.4900 125.3750 12.5625 -18.5000
0.8315 0.3770 -0.4022 0.0687 5.6900 9.5200 11.4600 -4.2500 12.0000 -38.3125
0.8317 0.4000 -0.3798 0.0626 6.6300 9.9900 5.8200 -8.1875 5.8125 -37.1875
0.8398 0.4025 -0.3625 0.0351 8.7900 12.7200 7.8300 -60.4375 39.0000 -113.3750
0.8649 0.3961 -0.3058 -0.0378 9.5500 12.7100 8.6800 -113.5625 79.6875 -150.3125
0.9025 0.3552 -0.2125 -0.1193 4.3800 2.9500 4.8000 -159.4375 85.7500 -54.2500
0.9421 0.2698 -0.1243 -0.1558 1.0300 -1.4900 1.4100 -67.8750 50.9375 -22.6250
0.9532 0.2379 -0.0821 -0.1671 -0.4300 0.1800 2.2700 7.7500 29.5625 -52.8125
0.9495 0.2453 -0.0588 -0.1868 -1.8800 -0.7600 2.8500 37.8750 -33.6875 41.0000
0.9444 0.2672 -0.0970 -0.1653 0.0900 -2.1700 -0.0200 160.9375 -120.8125 71.3125
0.9085 0.3430 -0.2044 -0.1230 4.8800 2.1700 -0.9200 261.2500 -173.6875 127.1875
0.8000 0.4738 -0.3649 -0.0493 10.5000 15.6500 0.6100 184.2500 -154.6250 21.3125
0.7020 0.5456 -0.4573 -0.0206 12.2100 14.6600 -1.1100 94.9375 -40.5000 115.0000
0.6528 0.5512 -0.5175 0.0480 10.8700 17.4400 -1.0600 -5.8750 24.1875 -5.5000
0.6669 0.5474 -0.5032 0.0491 9.9000 14.0700 -0.3300 -106.4375 54.3750 -81.1875
0.7272 0.5222 -0.4455 -0.0073 11.6100 15.0300 0.4800 -215.7500 120.5000 -123.5625
0.8365 0.4371 -0.3171 -0.0930 6.9600 5.6600 1.3200 -239.5000 166.3125 -46.0000
0.9195 0.3212 -0.1903 -0.1230 1.2700 -0.6000 2.4300 -140.0625 127.5625 -72.3125
0.9501 0.2554 -0.0880 -0.1561 0.9600 0.0900 3.3900 -18.9375 62.5000 -33.8750
0.9541 0.2439 -0.0355 -0.1700 -0.9900 1.1200 3.8500 6.2500 16.4375 -9.9375
0.9529 0.2488 -0.0263 -0.1717 -1.7200 -0.9000 2.8800 63.2500 -43.7500 25.1875
0.9408 0.2902 -0.0710 -0.1601 1.3700 0.6600 1.2900 154.1250 -105.9375 81.5625
0.9036 0.3734 -0.1755 -0.1156 3.5300 3.4800 -1.2400 261.0000 -151.6875 101.8125
0.8188 0.4843 -0.3004 -0.0692 8.3000 12.5500 4.7100 97.7500 -156.3125 211.1875
0.7382 0.5051 -0.4471 0.0007 15.9800 13.9400 2.6400 52.3125 -92.5625 111.1875
0.6888 0.5045 -0.5190 0.0421 10.8200 13.9600 1.3700 25.5625 10.0000 7.2500
0.6837 0.5123 -0.5167 0.0558 8.4200 11.9100 3.4000 -133.9375 -14.1250 -28.8125
0.7366 0.4410 -0.5124 -0.0219 12.7700 12.1600 5.1900 -404.3125 27.7500 36.1875
0.8360 0.2285 -0.4803 -0.1349 15.1300 7.0900 4.5400 -194.8125 -41.8750 250.8750
0.8711 0.0089 -0.4885 -0.0496 5.5100 -1.4300 0.3500 -45.9375 -32.5625 298.0000
0.8564 -0.0981 -0.4954 0.1075 3.5900 -2.5600 -1.7700 150.8125 -3.0625 123.1250
0.8453 -0.0654 -0.4779 0.2297 4.5900 0.7900 3.1200 114.2500 -59.0000 44.3750
0.8252 0.0033 -0.4755 0.3049 7.2200 1.3300 3.6200 111.4375 -11.0625 25.7500
0.8132 0.0560 -0.4633 0.3478 10.8700 3.2700 8.5100 -188.5000 -42.2500 -85.4375
0.8188 0.0051 -0.5156 0.2525 11.2800 -0.9300 0.6800 -187.1875 234.3750 -99.9375
0.8832 -0.1022 -0.4353 0.1417 10.8900 -6.1300 -0.1600 -280.2500 196.0625 -106.5000
0.9285 -0.2480 -0.2758 -0.0204 13.1800 -9.8500 -5.2200 129.6250 594.6875 41.5625
0.9677 -0.2233 0.0117 -0.1166 -5.6400 -5.2100 10.5700 29.8125 68.7500 37.9375
0.9728 -0.1938 0.0595 -0.1115 -3.8000 -2.5000 9.9500 -14.8125 -73.6875 6.6250
0.9737 -0.2068 0.0138 -0.0947 -3.1500 -2.6600 7.4100 -40.3750 -174.3750 14.2500
0.9601 -0.2529 -0.0986 -0.0665 -7.8800 -5.1700 0.1300 -78.5000 -226.9375 -151.2500
0.9071 -0.2833 -0.2846 -0.1260 0.9600 -3.2000 -13.8700 327.2500 -312.2500 -355.5000
0.8016 -0.0579 -0.5439 -0.2413 16.1500 12.2000 -9.7100 291.5000 -20.8125 -426.0625
0.6754 0.2349 -0.6100 -0.3416 21.4900 20.4100 9.8300 47.2500 158.1250 5.8125
0.7084 0.2770 -0.5717 -0.3077 11.5800 19.2000 13.4000 -108.4375 -54.9375 223.2500
0.7548 0.1121 -0.5991 -0.2428 5.2700 13.4300 -4.6400 46.8750 15.1875 628.6250
0.8069 -0.1328 -0.5674 0.0965 -14.3900 2.9000 2.3300 -158.0000 254.7500 175.1875
0.8812 -0.2753 -0.3740 0.0885 -1.7200 -1.5700 0.0800 -228.8750 -79.8750 -120.2500
0.8360 -0.3564 -0.4143 -0.0487 15.0100 -9.0700 3.1900 -49.2500 -2.1250 -37.3125
0.8257 -0.3666 -0.4200 -0.0856 8.7100 -8.1600 3.2700 23.3125 17.3750 13.5625
0.8361 -0.3577 -0.4084 -0.0784 7.4200 -6.4200 4.0500 52.3125 8.1250 42.4375
0.8533 -0.3353 -0.3966 -0.0462 8.1900 -9.3600 0.9100 147.8125 -21.6250 49.6875
0.8763 -0.2491 -0.4108 0.0350 2.5700 -7.9100 -0.1400 213.6250 -196.9375 -121.6250
0.8589 -0.0762 -0.5059 0.0230 7.1700 -0.1300 -5.0900 237.6875 129.2500 -268.6250
0.8810 0.1662 -0.4323 -0.0966 4.3200 10.7500 6.2800 149.6250 182.5000 -187.8125
;
