0.7842 0.6201 0.0214 -0.0117 -0.3500 9.5000 2.3100 2.0625 -1.8750 5.2500
0.7835 0.6211 0.0175 -0.0101 -0.4100 9.6000 2.3600 -2.2500 1.0000 -3.6250
0.7836 0.6210 0.0156 -0.0137 -0.2500 9.4500 1.9700 31.3750 -12.8125 5.9375
0.7716 0.6359 0.0035 -0.0171 0.4400 17.4300 8.7700 -45.4375 -112.0625 60.7500
0.7770 0.6245 -0.0776 -0.0162 15.4400 25.3700 4.7300 194.0625 172.2500 294.4375
0.7357 0.6479 -0.0964 0.1724 -8.5700 17.7400 13.1700 -310.6875 139.3750 115.7500
0.8343 0.4642 -0.1287 0.2683 15.0800 -17.0200 -8.0400 -61.7500 275.0000 73.2500
0.8386 0.4062 -0.0140 0.3626 3.3100 2.8200 -4.2300 242.8750 54.5000 87.2500
0.7443 0.5082 0.0763 0.4265 0.2200 23.5500 7.5800 99.3750 -21.1250 63.7500
0.6801 0.5839 0.0439 0.4412 0.6000 11.8100 4.5100 16.9375 -10.3750 -41.5000
0.6750 0.5938 0.0408 0.4359 3.2600 8.5600 3.2800 -0.6250 -9.3750 -16.3750
0.6785 0.5954 0.0350 0.4288 0.4600 12.3400 4.6600 1.7500 -18.6875 -84.1250
0.7139 0.5798 0.0504 0.3893 0.0000 0.0000 0.0000 -365.6875 35.6250 -108.8125
0.8508 0.3875 -0.0128 0.3546 4.1500 2.1000 -6.6400 -418.3750 32.5625 -54.5625
0.9390 0.1572 -0.0653 0.2988 7.0600 -2.0800 -1.4200 -138.0625 -28.9375 38.9375
0.9506 0.0637 -0.0914 0.2898 3.7800 -2.1300 3.1000 6.5000 31.6250 -7.8125
0.9526 0.0658 -0.0753 0.2872 0.1900 -3.6500 3.5300 100.8125 -17.6250 -4.3125
0.9438 0.1310 -0.0685 0.2953 3.3900 -7.1900 -4.0600 306.0625 -24.6875 53.8125
0.8755 0.3384 -0.0299 0.3437 5.4800 22.3000 5.9900 335.5625 -126.3750 81.3125
0.7719 0.5074 -0.0612 0.3782 6.4900 15.6300 9.2900 32.8125 -28.7500 51.3125
0.7577 0.5005 -0.1135 0.4031 7.4200 14.6000 15.8100 -465.1875 -157.3125 104.5000
0.8264 0.2885 -0.2969 0.3817 9.2100 8.7300 3.7900 -639.4375 -148.6875 181.5625
0.7555 -0.1064 -0.5716 0.3019 -0.7400 -3.6800 -2.5400 -321.2500 -179.7500 154.8750
0.6034 -0.2803 -0.6963 0.2693 4.2500 -4.5300 -4.0900 -93.8750 -135.6875 76.8750
0.5005 -0.3212 -0.7453 0.3015 -5.7600 -2.1200 -37.3300 1156.4375 64.8750 -39.8750
0.5664 -0.0389 -0.5527 0.6101 4.9100 -1.5900 9.7900 16.3750 -55.6250 -41.3750
0.5952 -0.1495 -0.5957 0.5182 4.5500 -4.9500 -19.0600 -234.6875 -144.5625 -44.6250
0.5635 -0.2344 -0.6227 0.4897 -20.3000 6.6200 -28.5900 -222.1875 -64.3125 -84.3125
0.5793 -0.1197 -0.5286 0.6088 2.8800 -4.0400 12.4200 -75.0000 126.3750 -97.3125
0.6868 -0.1375 -0.4817 0.5267 -4.7400 -5.1700 -4.6900 323.4375 132.4375 -317.3750
0.8376 0.0823 -0.3217 0.4338 -16.7800 14.8400 10.1100 38.1875 -285.6250 -607.6875
0.8693 0.3886 -0.3022 0.0434 37.3700 34.6600 15.2100 471.0000 251.0625 -136.3125
0.7679 0.6223 -0.1521 -0.0046 37.4000 25.0400 7.6700 -5.6875 160.3750 117.6875
0.7685 0.6269 -0.1276 -0.0093 4.6000 7.4100 -2.2500 -12.6875 6.8125 0.0000
;
0.7765 0.6181 -0.1219 -0.0088 1.4200 11.0100 4.2200 -37.1875 12.5000 -17.5000
0.7842 0.6102 -0.1118 -0.0120 1.5400 10.0600 1.4300 -0.9375 -5.0625 -0.5625
0.7849 0.6092 -0.1122 -0.0138 1.7600 9.4000 1.2600 -0.2500 -1.5000 1.0000
0.7844 0.6097 -0.1135 -0.0130 1.7200 9.3100 1.1400 4.3750 1.4375 3.2500
0.7833 0.6110 -0.1143 -0.0114 1.5500 10.6600 1.6600 9.8125 -21.1250 7.6250
0.1983 0.2808 0.5627 0.7518 4.6300 23.8300 8.0200 -140.5000 -122.1875 165.8125
0.1389 0.3345 0.4348 0.8245 5.8400 20.7000 -5.5100 -16.0625 137.3125 309.0000
-0.0789 0.2027 0.3064 0.9267 3.0800 -11.5900 -5.6800 -182.9375 85.3750 48.7500
-0.1320 0.1610 0.2153 0.9541 -5.5400 -8.7000 -1.8000 116.5000 -17.1875 -20.0000
-0.1379 0.1514 0.3160 0.9264 5.6300 0.2000 -6.6000 355.0625 -80.6250 79.4375
-0.1703 0.1744 0.5302 0.8121 12.8500 29.8700 0.9600 150.6875 -32.6250 34.0000
-0.1961 0.1883 0.6368 0.7215 5.6100 13.5700 1.2200 49.2500 4.0625 8.8750
-0.2072 0.1849 0.6544 0.7033 5.5000 8.4700 0.1600 20.5000 4.6250 5.3750
-0.2098 0.1806 0.6636 0.6950 4.8400 9.4900 -0.3600 22.0625 -3.4375 -17.3750
-0.1995 0.1683 0.6713 0.6937 5.5700 25.2900 3.0000 -103.1250 5.6250 -105.6250
-0.1452 0.1354 0.6061 0.7702 10.4700 22.3500 -3.1300 -474.6875 91.5625 28.6250
-0.1376 0.1251 0.3383 0.9225 3.0000 -8.8900 -10.5000 -276.2500 116.0000 -24.8125
-0.1241 0.0650 0.1149 0.9835 1.2400 -5.2600 1.2100 -48.2500 26.5625 12.7500
-0.1185 0.0490 0.0836 0.9882 0.4200 -1.2600 5.4200 12.6875 3.8125 1.1250
-0.1137 0.0455 0.0972 0.9877 -0.0900 0.3900 5.2900 68.8125 -33.2500 4.7500
-0.1204 0.0677 0.1520 0.9787 3.3100 -3.0800 0.6600 169.3125 -87.1250 47.9375
-0.1509 0.1171 0.2746 0.9424 5.7000 4.3200 -0.8100 279.5000 -151.8750 68.7500
-0.1879 0.1983 0.4333 0.8588 15.1100 20.3900 7.4700 130.7500 -78.5000 -4.3125
-0.2023 0.2475 0.4993 0.8053 8.5500 8.9500 4.1400 29.8750 -25.5000 39.9375
-0.2205 0.2681 0.5043 0.7907 9.8200 12.1600 5.3000 -119.8750 -4.7500 41.7500
-0.2093 0.3103 0.3922 0.8403 12.1900 14.2700 9.7800 -572.1875 -116.7500 204.1875
-0.1420 0.4450 -0.1063 0.8778 6.9100 -0.7700 -0.4600 -437.1250 -169.4375 237.0000
-0.1360 0.5474 -0.3924 0.7265 8.2500 -5.0100 -6.7400 -91.8125 -191.3125 35.8125
-0.1913 0.6068 -0.4308 0.6401 1.3200 -1.6600 -28.8900 955.2500 196.7500 50.6250
-0.3999 0.5289 -0.1523 0.7329 3.5300 -10.2400 -7.7700 -121.0625 45.3750 10.3125
-0.3621 0.5212 -0.2405 0.7344 15.1500 -10.0700 -26.1000 -124.4375 -6.4375 37.8125
-0.4061 0.4055 -0.1945 0.7955 39.1600 -31.9900 -39.0400 100.4375 -28.5000 28.4375
-0.3738 0.2979 -0.1124 0.8712 1.2000 0.2100 9.8000 105.1250 131.1875 -190.8125
-0.2368 0.1965 -0.0289 0.9510 -8.1200 -3.1300 -4.1200 425.1250 21.0000 -465.8750
0.0959 0.1347 0.2622 0.9507 8.2800 25.3400 -13.7800 347.5625 53.1250 -620.0000
0.3188 0.1342 0.4091 0.8444 -4.6100 19.9400 10.4100 41.3125 -17.5625 -1.9375
;
0.2875 0.0894 0.4354 0.8484 1.1300 6.8300 1.7600 -4.0000 -15.2500 -4.9375
0.2935 0.0932 0.4305 0.8484 1.5900 10.2000 3.9100 -26.8750 1.4375 -11.0000
0.2987 0.0883 0.4186 0.8531 1.4100 8.9200 3.3600 5.3750 -5.3125 5.7500
0.2977 0.0912 0.4197 0.8526 1.5100 9.0400 3.3800 -3.3125 -1.4375 -3.5000
0.2909 0.1093 0.4307 0.8473 1.4600 9.5100 3.6100 26.1250 -21.9375 5.6250
0.2927 0.1428 0.4410 0.8363 3.9200 16.0100 9.0300 -42.6875 -13.7500 62.0625
0.2434 0.1714 0.4300 0.8524 -0.3000 15.8500 2.5300 46.4375 220.3750 82.3125
0.1245 0.1381 0.4867 0.8536 -0.6200 16.6100 26.4100 -205.9375 121.1250 35.3125
0.0928 0.1479 0.3828 0.9072 4.4200 5.2000 2.6000 -134.7500 23.0625 74.1875
0.0613 0.1402 0.3046 0.9401 5.5400 0.2100 1.1900 -24.1875 79.1250 49.7500
0.0322 0.0837 0.3306 0.9395 4.6400 -12.7900 -11.8700 433.0000 37.5625 71.3125
-0.0231 0.0818 0.5580 0.8254 0.7500 25.6500 4.7300 93.1250 7.9375 -18.1875
-0.0355 0.0826 0.6133 0.7847 2.0600 15.5800 3.6700 -32.0625 6.6875 -1.0625
-0.0383 0.0826 0.6085 0.7883 5.2100 9.3900 1.2900 6.6250 -9.1875 1.4375
-0.0341 0.0858 0.6136 0.7842 5.6800 13.6600 2.3500 -21.0000 -6.8125 -1.5000
-0.0222 0.0840 0.6025 0.7933 6.1000 23.6100 3.4800 -169.1875 2.5000 -68.0000
0.0100 0.0593 0.4937 0.8676 9.5300 21.0000 -0.7100 -523.1250 87.1875 64.1250
-0.0233 0.0280 0.1938 0.9803 -0.2000 -12.9800 -8.9000 -196.8125 82.7500 -33.2500
-0.0222 -0.0297 0.0195 0.9991 0.8400 -5.8400 1.9800 7.1875 0.3125 0.5625
-0.0210 -0.0312 0.0123 0.9992 1.1400 -3.4700 4.2800 63.7500 -19.3125 1.3750
-0.0208 -0.0164 0.0523 0.9983 1.6700 -3.7300 2.8900 157.7500 -60.4375 1.8125
-0.0228 0.0224 0.1624 0.9862 3.3000 -3.9400 -4.5700 356.2500 -73.9375 14.0625
-0.0286 0.0790 0.3823 0.9202 14.0400 27.2800 11.6900 94.8125 -80.9375 141.0000
-0.0667 0.1532 0.4665 0.8686 11.2500 21.9900 8.3700 12.6875 -15.4375 53.6250
-0.0786 0.1713 0.4940 0.8488 8.7100 13.1200 4.9300 -17.7500 3.6250 25.7500
-0.0852 0.1763 0.4879 0.8507 8.5800 10.9900 3.9100 -253.7500 -16.0000 35.5625
-0.0643 0.2215 0.3055 0.9238 15.6500 28.8000 24.5400 -1016.1250 -39.1250 193.7500
-0.0556 0.3139 -0.3093 0.8959 8.7400 -2.8300 -10.0800 -333.8125 -146.3125 139.0000
-0.1298 0.3857 -0.5492 0.7299 6.8000 -3.5700 -11.2200 52.3125 -165.6250 227.0625
-0.3316 0.2782 -0.4868 0.7588 -20.7600 13.9300 2.5200 -337.5625 332.6250 -515.6250
-0.4092 0.2036 -0.3446 0.8200 4.0500 -4.2700 20.9900 -409.7500 18.0000 -24.8750
-0.3350 0.2354 -0.5055 0.7595 -5.7300 -10.3800 -36.9600 712.8125 320.2500 73.9375
-0.4166 0.1407 -0.4209 0.7934 4.4100 -8.3700 4.8700 244.7500 339.8750 -221.2500
-0.3214 0.0684 -0.3615 0.8726 -4.5200 -6.8500 -0.8100 96.5625 61.5000 -203.4375
-0.1666 0.0443 -0.2710 0.9470 -7.8300 -1.1400 -4.1100 543.1875 -58.1875 -377.1250
0.1336 0.0937 0.0850 0.9829 7.6400 17.9600 -7.6200 342.4375 -87.8750 -457.5000
0.3818 0.1278 0.3308 0.8535 3.5600 40.0600 36.8700 -123.0000 248.8750 224.5625
0.0000 0.0000 0.0000 0.0000 1.6300 7.1100 1.5900 6.8750 25.0625 -31.5000
;
0.0000 0.0000 0.0000 0.0000 2.9200 9.6400 3.9300 -13.3750 -13.0000 -5.8750
0.3486 0.1427 0.2980 0.8771 2.0400 8.3000 3.2300 0.7500 -11.1250 12.0625
0.3464 0.1471 0.2976 0.8773 2.5400 8.8800 3.4300 -0.1875 -3.0625 1.8125
0.3141 0.2364 0.3759 0.8391 2.7200 9.0500 3.4600 5.1250 -4.6250 5.5625
0.2856 0.3042 0.4359 0.7974 2.8000 8.9500 3.5000 43.1875 -45.5625 -4.6250
0.2847 0.3277 0.4612 0.7739 3.0000 10.3700 3.1100 60.8750 -16.5000 -23.9375
0.2610 0.3339 0.4940 0.7592 1.5100 12.0700 -0.1000 31.1250 263.1250 23.0625
0.1638 0.2692 0.5273 0.7891 5.1300 17.1100 5.2800 -99.5000 110.3750 43.8125
0.1021 0.2331 0.4691 0.8457 -4.1100 12.0000 11.4400 -257.8125 73.1875 0.1250
0.0925 0.2071 0.3246 0.9182 6.3100 -1.6800 -0.4300 -101.5000 82.6875 25.8750
0.0814 0.1539 0.2559 0.9509 4.1200 -9.9600 -3.2800 168.0000 88.3125 -5.5625
0.0436 0.1129 0.3809 0.9166 2.1000 11.5000 -0.1700 229.5625 -4.6250 110.8750
-0.0317 0.1469 0.5044 0.8503 2.9500 23.5300 8.8600 46.1875 7.7500 50.6250
-0.0611 0.1569 0.5289 0.8318 3.2600 12.2700 4.5000 13.6250 4.2500 14.3750
-0.0717 0.1576 0.5335 0.8279 3.8400 7.2800 2.9400 21.1250 2.7500 -11.6250
-0.0709 0.1570 0.5410 0.8232 3.8400 12.7700 5.0100 -21.3125 -1.9375 -28.9375
-0.0513 0.1494 0.5258 0.8358 3.8000 22.0300 8.8800 -170.3125 19.0000 -89.9375
0.0018 0.1150 0.4234 0.8986 5.5000 15.3200 2.9500 -388.1875 62.8750 -13.6250
0.0246 0.0684 0.1934 0.9784 2.0700 -3.2500 -3.3000 -236.3125 64.3750 -33.2500
0.0488 0.0165 0.0329 0.9981 1.0400 -4.0800 2.0800 -3.0000 18.6250 -12.9375
0.0528 0.0052 0.0323 0.9980 -0.2800 1.1000 7.3300 31.2500 -22.3750 6.6875
0.0494 0.0172 0.0532 0.9972 0.7700 -0.9300 6.5600 85.5625 -20.8750 -10.8750
0.0506 0.0341 0.1090 0.9922 2.4200 -5.3800 0.5700 266.1250 -20.3750 23.3750
0.0355 0.0581 0.2795 0.9577 1.8800 12.0000 -3.7200 361.9375 -122.0625 129.7500
-0.0092 0.1562 0.5210 0.8391 4.0400 27.6900 11.0700 19.2500 -90.5625 126.5000
-0.0306 0.2308 0.5375 0.8105 6.7500 13.4800 5.2800 -37.1250 -5.5625 31.8125
-0.0374 0.2399 0.5170 0.8208 4.7700 9.5100 3.1600 -41.8125 11.8125 6.3750
-0.0400 0.2426 0.4788 0.8428 2.7400 21.8800 16.6900 -679.5000 -172.1250 92.8125
0.0472 0.4310 0.0734 0.8981 9.4900 2.9300 -11.7100 -613.9375 -175.8750 354.4375
0.0019 0.4406 -0.3824 0.8123 5.3600 -5.0700 -6.5300 -92.1250 -209.6875 132.1250
-0.1353 0.4896 -0.4492 0.7350 5.2900 -5.4300 -16.1200 883.7500 220.7500 73.0625
-0.2888 0.4916 -0.2997 0.7650 3.7600 -5.0800 3.9500 42.1875 283.2500 -172.3125
-0.2188 0.4575 -0.3574 0.7843 9.7000 -10.0700 -25.0200 -67.9375 -61.0000 69.2500
-0.2596 0.3953 -0.3406 0.8126 39.1600 -17.4100 -24.1900 22.7500 -119.8750 59.1250
-0.3195 0.4119 -0.3040 0.7974 2.8800 -2.5700 11.1400 96.1875 119.6875 -170.3750
-0.2294 0.3394 -0.2429 0.8793 -2.2900 -5.8400 -0.8600 228.0625 159.8125 -284.5000
-0.0742 0.2407 -0.0341 0.9672 -14.9200 4.5600 -1.3500 408.7500 -154.1250 -497.6875
;
0.2391 0.2612 0.3008 0.8855 8.7400 18.2300 -0.5800 231.8750 58.5625 -270.1250
0.3516 0.2574 0.4737 0.7653 2.7700 28.5900 1.6300 6.2500 75.8750 71.3125
0.3236 0.2980 0.4435 0.7809 2.1300 7.2700 1.9200 3.0625 16.9375 -41.2500
0.3376 0.2826 0.4506 0.7766 2.2400 11.1500 3.1000 2.0000 -0.0625 5.3750
0.3342 0.2891 0.4510 0.7755 1.9700 9.4900 2.6300 20.6250 -1.5625 -17.6875
0.3430 0.2836 0.4622 0.7671 -1.8100 15.9700 6.6300 -90.7500 -107.9375 73.1875
0.3696 0.3389 0.3690 0.7825 6.6800 6.9100 -0.3600 30.0000 30.3750 89.0625
0.3173 0.3668 0.3992 0.7781 4.1500 7.3900 3.3600 201.1875 67.5000 4.8125
0.2635 0.3815 0.4877 0.7397 9.9200 8.9200 -3.8000 164.0625 220.5000 -43.0000
0.1833 0.3053 0.5865 0.7274 0.2400 14.1300 1.3200 -29.3125 55.8125 30.0000
0.1271 0.2547 0.5931 0.7531 9.6100 9.2100 -5.7000 237.6250 -302.0000 273.3125
0.0609 0.2778 0.5801 0.7633 5.6000 10.9700 1.7000 6.6875 52.5000 14.1250
0.0441 0.2665 0.5811 0.7677 4.6100 30.3200 7.3000 0.0000 0.0000 0.0000
0.1003 0.2142 0.4872 0.8406 6.9700 15.8300 -4.3400 -466.8125 108.2500 32.0000
0.0952 0.1201 0.2224 0.9628 -2.2600 -10.6800 -6.0600 -204.5625 109.8125 -85.5625
0.1202 0.0466 0.1016 0.9865 0.1900 -4.5000 0.9600 25.9375 -14.2500 5.9375
0.1139 0.0561 0.1057 0.9863 0.4000 0.7300 5.2800 47.6250 -23.1250 3.0625
0.1118 0.0807 0.1388 0.9807 3.5700 -0.6600 1.9500 121.9375 -66.1875 42.7500
0.0923 0.1273 0.2338 0.9595 2.6600 -6.5400 -8.5800 456.1250 -69.1875 -31.8750
0.0681 0.2063 0.4767 0.8518 7.4300 27.0700 2.3300 200.6250 -72.6875 48.2500
0.0228 0.2725 0.5682 0.7761 6.6400 20.1400 4.1500 -2.5625 -13.6875 24.7500
0.0178 0.2880 0.5644 0.7734 5.9500 7.3100 -0.1200 -16.8750 2.0000 -5.6250
0.0237 0.2838 0.5538 0.7825 5.8700 8.2000 0.3200 -23.4375 16.8125 -12.5000
0.0282 0.2723 0.5439 0.7933 4.3100 9.8300 1.4600 0.6250 6.1250 -51.1875
0.0505 0.2506 0.5453 0.7983 8.1600 28.4500 7.6400 0.0000 0.0000 0.0000
0.0981 0.1966 0.4256 0.8778 7.8400 10.8500 -4.9800 -461.6875 94.7500 66.6250
0.1030 0.1201 0.1660 0.9733 -0.2200 -7.3800 -4.4200 -180.5625 35.8750 15.8125
0.0940 0.0897 0.0336 0.9910 -0.3300 -3.4300 3.3400 -93.5000 -106.0000 112.8125
0.0522 0.1258 -0.0192 0.9905 7.7600 4.7000 12.6300 0.0000 0.0000 0.0000
0.0151 0.1623 -0.1196 0.9794 -2.3400 4.3300 11.3900 -549.5625 -214.6875 170.0625
-0.0344 0.3182 -0.4963 0.8070 31.9000 -13.7500 -23.8300 -119.0000 -302.8750 -54.0625
-0.0380 0.5290 -0.5593 0.6371 20.0900 -7.3500 -16.1100 495.7500 32.1875 101.9375
-0.2590 0.4006 -0.2435 0.8445 -5.6900 24.6200 26.0100 114.1875 -142.3125 9.8125
-0.2581 0.4446 -0.2905 0.8070 -4.9700 -3.6600 -4.7100 -319.8125 -85.5625 -184.4375
-0.1893 0.4539 -0.3816 0.7826 -23.6800 22.3100 0.4600 -320.1250 -83.0000 -218.1875
-0.3065 0.4360 -0.2387 0.8118 1.4000 -2.2600 11.7200 60.5000 220.5000 -211.4375
-0.1905 0.3607 -0.1891 0.8932 4.7000 -4.8900 -2.0000 218.2500 321.9375 -284.0625
-0.0004 0.2088 0.0224 0.9777 -10.3900 11.9300 -1.6400 398.0625 -164.0625 -521.0000
0.3401 0.2540 0.3043 0.8528 23.6100 27.7500 1.4000 275.5000 399.5000 -243.6875
0.3593 0.2726 0.3972 0.7993 3.3400 12.7600 1.6400 62.0625 -6.0625 -4.0625
;
-0.0396 0.1581 0.7972 0.5812 2.4200 8.9700 -3.3100 -12.8750 -7.6875 -2.6875
-0.0313 0.1572 0.7933 0.5873 1.9300 8.9300 -2.8900 -6.8750 -6.2500 -0.6250
-0.0161 0.1605 0.7860 0.5967 4.0900 15.1500 1.6800 -317.7500 -160.1250 70.2500
0.0458 0.2283 0.6821 0.6932 11.2100 21.6200 3.1100 -163.2500 71.8750 154.5625
-0.0080 0.2700 0.5759 0.7716 8.3500 16.0900 -0.6400 -274.9375 203.7500 222.9375
-0.1809 0.2075 0.3845 0.8811 -2.2400 4.4500 -1.4600 -70.7500 339.5625 55.0000
-0.2630 0.0721 0.2797 0.9205 -7.2300 0.3500 7.8000 18.1250 27.3125 -67.7500
-0.2483 0.0128 0.2841 0.9260 2.0700 -19.5700 -7.1800 302.2500 -64.9375 38.1250
-0.2734 0.0031 0.4360 0.8574 6.5400 12.4700 -0.9900 282.2500 -192.8125 140.6875
-0.3167 0.0773 0.5850 0.7427 5.7800 10.9200 3.4300 48.5625 12.1250 1.6875
-0.3209 0.0874 0.6091 0.7200 3.2100 10.5300 3.0600 22.4375 -64.2500 11.5000
-0.3035 0.1019 0.6286 0.7087 4.8600 16.3700 3.6000 -30.8750 -37.8750 -31.0625
-0.2679 0.1046 0.6187 0.7311 7.7000 23.7500 5.1800 -205.5000 5.6875 -81.7500
-0.2286 0.1129 0.4976 0.8291 6.6100 12.6700 -1.7100 -437.0000 56.2500 33.3125
-0.2294 0.1448 0.2312 0.9343 2.1300 -7.7000 -5.7400 -172.6875 56.0000 -43.9375
-0.2003 0.1277 0.0879 0.9674 0.3600 -9.7900 -0.6200 31.4375 -21.9375 21.5625
-0.2033 0.1303 0.0981 0.9655 1.6500 -2.3400 2.8600 124.0000 -45.3125 -2.8750
-0.2114 0.1431 0.1927 0.9474 2.3100 -2.2200 0.1200 230.1875 -92.0625 24.0000
-0.2354 0.1765 0.3567 0.8867 9.3000 20.3800 7.4300 136.1875 -92.9375 60.7500
-0.2631 0.2256 0.4663 0.8139 10.6300 18.5900 10.3500 22.7500 -51.5000 95.1875
-0.2921 0.2828 0.4810 0.7768 17.7300 18.7800 12.7100 -402.1250 -12.0000 143.9375
-0.2640 0.4943 0.2191 0.7988 12.7300 6.9400 -10.9500 -696.0625 -28.9375 412.8750
-0.2290 0.6268 -0.2365 0.7062 3.9600 -4.7700 -5.8200 -199.4375 -144.0625 158.5000
-0.2229 0.7142 -0.3927 0.5349 1.9300 -6.0100 -5.8700 -24.9375 -88.6875 30.7500
-0.2737 0.7252 -0.3649 0.5157 -3.2000 4.9800 -36.3300 1306.6250 165.5000 -135.1250
-0.4931 0.5642 -0.1232 0.6506 16.0200 -2.6800 13.2700 -102.0625 4.0000 50.6250
-0.3970 0.6149 -0.2248 0.6432 30.8300 -13.4600 -28.5600 92.0000 110.0625 263.1250
-0.4495 0.5429 -0.2285 0.6716 -18.9700 29.1500 18.5200 -110.3125 265.1875 -201.0000
-0.5088 0.5331 -0.1395 0.6614 3.2400 -2.7000 10.7400 -57.1250 100.9375 -77.7500
-0.4479 0.4846 -0.1415 0.7379 -4.9400 -4.7500 -3.8100 425.3750 199.7500 -386.1250
-0.3162 0.2930 0.1627 0.8875 -8.0400 13.0700 3.2200 255.1875 -225.7500 -524.4375
0.0157 0.2464 0.4313 0.8677 20.7700 26.1700 -11.8600 183.3750 196.9375 -98.5000
0.1315 0.2076 0.5007 0.8300 5.4300 16.0500 4.7800 -4.6250 20.2500 -56.1875
;
0.1449 0.2081 0.4932 0.8321 0.6700 6.8500 1.2600 -2.7500 -19.8125 14.5625
0.1482 0.2071 0.5001 0.8277 2.2500 9.8800 3.2800 -7.1875 -1.0625 15.3750
0.1425 0.2141 0.4933 0.8310 2.1000 8.6500 2.7900 0.8750 -3.6875 -1.6875
0.1430 0.2151 0.4939 0.8303 2.1400 9.6500 3.0800 24.3125 8.6250 -0.9375
0.1402 0.2131 0.5132 0.8195 8.1300 20.7100 7.7400 -53.1875 113.7500 34.0000
0.0925 0.1794 0.4765 0.8557 8.1600 18.0800 0.5500 -217.1250 289.6875 108.1875
-0.0098 0.0760 0.3514 0.9331 0.8400 3.3600 3.0800 -185.8125 47.6250 72.0000
-0.0579 0.0567 0.2307 0.9697 -0.5700 -1.7400 2.5900 -82.4375 70.0000 -40.6875
-0.0511 0.0143 0.1596 0.9857 0.1700 1.3300 5.1600 -68.7500 35.8750 37.9375
-0.0729 0.0039 0.1137 0.9908 3.5800 -10.2900 -2.1300 146.6250 57.8750 4.8125
-0.0953 -0.0207 0.1971 0.9755 4.2900 2.1400 -4.2000 348.7500 -45.6875 105.4375
-0.1487 -0.0045 0.4325 0.8893 -0.4400 26.4200 12.8500 73.1875 -38.1250 76.1250
-0.1771 0.0229 0.5009 0.8469 2.2500 19.3900 10.0000 -8.5625 -18.8125 30.7500
-0.1810 0.0234 0.5152 0.8374 2.7400 14.9400 7.2500 -18.1250 14.6875 -28.7500
-0.1686 0.0080 0.5018 0.8483 1.2000 20.9900 9.2000 -179.4375 12.0000 -80.4375
-0.1255 -0.0097 0.3817 0.9156 2.9800 10.7500 1.9600 -344.4375 -2.8750 -36.8125
-0.1025 -0.0022 0.1714 0.9799 2.8600 -5.3700 -2.8100 -177.5625 27.8125 -54.6875
-0.0817 -0.0032 0.0505 0.9954 1.9600 -5.9500 1.1600 -15.5000 11.9375 -15.5625
-0.0767 -0.0031 0.0291 0.9966 0.8200 -1.2500 4.8900 76.1875 -14.8750 11.0000
-0.0826 0.0031 0.0803 0.9933 0.0000 0.0000 0.0000 164.6875 -39.2500 54.8750
-0.1153 0.0229 0.2119 0.9702 3.9500 5.1200 1.1200 273.6875 -67.6875 70.0625
-0.1594 0.0706 0.3697 0.9127 4.8000 17.8200 11.8300 64.6250 -47.2500 49.5625
-0.1844 0.1094 0.4123 0.8854 4.3100 14.9900 10.4000 -32.7500 -4.0000 16.1875
-0.1937 0.1249 0.3929 0.8903 6.4600 9.1200 7.5800 -83.6250 16.3125 11.1250
-0.2054 0.1762 0.3199 0.9080 3.0000 14.1400 14.8900 -684.3750 -235.1250 166.2500
-0.1493 0.4221 -0.0960 0.8890 -1.2100 1.6200 -2.0900 -443.0625 -185.5625 175.0000
-0.1478 0.5502 -0.4080 0.7134 7.2900 -7.5200 -3.0600 -120.3125 -136.0625 25.7500
-0.1515 0.6169 -0.4588 0.6213 10.6200 -11.1300 -13.4700 359.5000 -57.2500 250.3750
-0.4158 0.4590 -0.3020 0.7247 -34.8000 34.8200 38.4400 86.6875 751.8125 -75.9375
-0.5165 0.4432 -0.1813 0.7098 2.2300 2.2500 29.4100 -343.6875 88.8750 -118.1875
-0.3671 0.5190 -0.3113 0.7064 16.6800 -10.6700 -28.3500 104.9375 57.8750 189.1250
-0.4435 0.4149 -0.2892 0.7400 39.2500 -20.8900 -2.8700 69.3125 418.0625 -40.9375
-0.4922 0.4291 -0.2369 0.7194 -2.8100 -4.5800 7.0500 9.5625 47.0000 -131.3750
-0.4355 0.3994 -0.2339 0.7721 0.6600 -5.7100 0.9700 46.5000 21.5000 -152.7500
-0.3616 0.3917 -0.1771 0.8273 -9.1000 0.9700 -2.4500 476.5625 226.8750 -433.4375
-0.1629 0.2168 0.1805 0.9454 4.4300 20.5600 0.4600 233.8750 -42.0000 -680.0625
;
0.1600 0.1316 0.4486 0.8694 12.1800 20.7500 9.5200 60.1875 -209.3125 228.9375
0.0865 0.3018 0.4182 0.8524 6.4000 12.8300 4.8800 36.8750 31.6875 -130.8750
0.1195 0.2662 0.4412 0.8487 1.9600 6.5500 1.2800 -13.3125 -8.9375 8.6875
0.1182 0.2703 0.4341 0.8511 3.7200 9.2300 3.2900 42.1250 12.9375 2.4375
0.1088 0.2506 0.4608 0.8444 5.7500 16.2200 11.1000 -94.8125 35.1875 14.7500
0.1139 0.2716 0.4007 0.8676 7.6500 19.0000 5.8500 -216.0000 172.7500 118.1250
0.0516 0.1871 0.3241 0.9259 0.4400 -2.7700 -2.2500 -207.1875 155.1250 14.4375
0.0007 0.0637 0.2412 0.9684 2.4800 4.9200 5.4900 -103.6875 22.9375 44.1250
-0.0251 0.0451 0.1818 0.9820 3.1300 4.9000 5.7800 -38.8750 42.4375 14.0000
-0.0375 0.0190 0.1618 0.9859 1.9600 -10.2100 -2.3300 185.1875 30.3750 9.8125
-0.0527 -0.0032 0.2695 0.9615 2.2700 9.6500 0.0900 314.1250 17.0625 74.6250
-0.0970 -0.0060 0.4565 0.8844 0.8600 19.3600 6.5400 76.5000 9.1250 21.0625
-0.1156 -0.0068 0.5150 0.8493 2.2700 17.1100 6.2500 4.5000 22.2500 -2.0000
-0.1266 -0.0075 0.5197 0.8448 2.9100 8.7700 2.4100 10.1250 5.3750 0.6875
-0.1307 -0.0073 0.5196 0.8443 1.3800 14.0900 3.6500 -11.1250 0.4375 -30.3750
-0.1163 -0.0070 0.5023 0.8568 1.0800 23.9600 7.7300 -179.1250 -14.6875 -104.1875
-0.0672 -0.0084 0.3752 0.9244 6.6600 10.2800 -1.1700 -388.9375 36.7500 -61.3750
-0.0203 -0.0295 0.1064 0.9937 4.8800 -7.9500 -3.4000 -143.2500 21.6875 -30.3750
-0.0012 -0.0445 0.0132 0.9989 1.0700 -1.3200 4.0600 -40.3125 17.7500 1.6875
-0.0011 -0.0539 -0.0060 0.9985 -0.2300 -0.2200 6.0300 12.8750 -16.6250 13.5625
-0.0069 -0.0452 0.0067 0.9990 1.0900 -4.4800 1.1500 115.6250 -46.3750 32.6875
-0.0278 -0.0128 0.1077 0.9937 2.0200 1.2700 -1.1900 266.5625 -63.5000 74.2500
-0.0660 0.0328 0.2961 0.9523 6.2100 22.8500 9.6100 168.6250 -85.9375 106.8750
-0.1052 0.0859 0.4007 0.9061 5.4100 15.3800 8.2000 30.8750 -43.2500 61.3125
-0.1254 0.1163 0.4125 0.8948 4.8200 11.1400 6.1300 -16.6250 -12.3750 17.8125
-0.1317 0.1291 0.3942 0.9003 7.5600 12.4800 7.7900 -150.1250 -67.2500 79.0625
-0.1637 0.2552 0.2637 0.9157 6.4700 13.5000 11.5400 -639.8125 -130.5625 231.8750
-0.2318 0.3979 -0.1687 0.8715 3.9100 -2.2000 -1.4300 -366.3125 -133.8750 215.4375
-0.2564 0.5085 -0.3826 0.7275 -2.4800 -6.5800 -2.6000 -13.1875 -85.4375 130.5625
-0.3576 0.5067 -0.3834 0.6844 -2.1600 0.5100 -14.7000 552.8750 -580.1250 187.7500
-0.4875 0.4534 -0.2184 0.7135 -2.1600 4.4100 27.7800 -212.0000 216.1250 -150.8750
-0.3956 0.4965 -0.3382 0.6947 17.3400 -15.6100 -32.9600 383.7500 88.6875 92.2500
-0.5168 0.4476 -0.1852 0.7059 -15.0300 1.2100 11.6400 29.0625 -64.0625 54.3125
-0.4589 0.3689 -0.2357 0.7732 2.5900 -3.8800 5.5700 -91.9375 51.6250 -124.6250
-0.3555 0.3720 -0.2523 0.8195 -3.3800 -5.3800 -3.4400 418.2500 335.5625 -366.5000
-0.1526 0.2109 0.0394 0.9647 6.5600 10.1200 1.0500 489.5625 -124.1875 -393.4375
0.0590 0.2373 0.3911 0.8873 28.2200 21.6700 -3.3500 209.1250 63.9375 -68.9375
0.1326 0.2263 0.5283 0.8075 13.5400 26.9600 3.6400 25.7500 75.6250 -100.6875
;
