0.8406 -0.0479 -0.4445 -0.3059 7.7200 1.8800 6.0500 2.1875 6.2500 -0.2500
0.8415 -0.0450 -0.4433 -0.3056 7.3000 1.3500 5.4800 2.7500 -0.5625 7.6875
0.8427 -0.0458 -0.4434 -0.3019 7.7300 1.6700 5.6300 4.0625 2.0000 3.0000
0.8435 -0.0443 -0.4432 -0.3002 7.3300 1.5200 5.5800 8.4375 0.0625 12.8125
0.8464 -0.0436 -0.4434 -0.2915 9.8600 2.7100 5.3000 68.6250 -55.1875 125.1875
0.8561 -0.0503 -0.4701 -0.2087 21.4500 5.2300 13.5100 28.6875 64.8750 130.3125
0.9045 -0.0980 -0.4028 -0.0998 1.5700 -3.4300 2.4400 -108.1875 203.3125 204.8125
0.9512 -0.1829 -0.2477 -0.0201 -2.0400 -4.1800 -1.9600 247.5625 158.5000 83.8750
0.9845 -0.0966 -0.1431 0.0304 -0.0300 -7.7600 -2.1900 152.8125 -34.2500 72.3750
0.9847 0.0204 -0.1439 0.0956 8.4800 -2.3700 -6.2900 451.5000 -117.0625 176.6875
0.8991 0.3246 -0.1792 0.2327 7.5600 18.8200 3.5400 267.6250 -97.5625 23.0000
0.8079 0.4791 -0.2106 0.2710 5.6200 16.3200 6.8000 30.2500 -7.1875 23.8750
0.7949 0.4846 -0.2191 0.2920 4.7400 5.4000 4.1200 -0.5625 13.1875 10.7500
0.7950 0.4828 -0.2169 0.2964 6.0700 9.0300 6.4600 26.5625 30.0000 -12.8125
0.7909 0.4983 -0.1912 0.2994 6.3800 13.4300 5.1800 -47.7500 43.1875 -60.8750
0.8201 0.4753 -0.1598 0.2758 5.0100 17.7200 7.4100 -381.0625 53.8750 -144.3125
0.9484 0.2227 -0.1454 0.1725 7.7100 8.9600 -5.8500 -581.6250 -15.6250 -37.8750
0.9719 -0.1340 -0.1749 0.0825 5.0400 -16.3400 -7.4800 -97.1250 141.1875 -52.1250
0.9662 -0.2413 -0.0890 0.0164 -0.9800 -8.8300 3.5800 24.7500 -21.3125 17.8125
0.9715 -0.2184 -0.0898 0.0201 1.4300 -7.8400 3.3200 154.5625 -42.1250 -6.3750
0.9863 -0.1043 -0.1171 0.0500 3.3000 -6.3300 -2.2700 373.0625 -98.1250 63.2500
0.9665 0.1578 -0.1569 0.1280 8.1800 13.5800 -0.9400 497.2500 18.0625 -70.6250
0.8575 0.4688 -0.1448 0.1550 3.8800 19.3200 10.5300 -14.6250 11.4375 111.0625
0.8418 0.4651 -0.1793 0.2070 2.8400 9.8800 5.7900 -20.1875 2.8125 -11.7500
0.8498 0.4501 -0.1829 0.2046 4.2900 8.6200 6.1200 -67.9375 -11.5625 -1.6875
0.8724 0.3937 -0.2111 0.1983 -1.9400 21.2500 21.9100 -784.7500 -188.8750 -10.8125
0.9194 -0.0677 -0.3835 0.0560 2.5600 6.0300 -14.6300 -544.0000 -326.3750 95.1875
0.6418 -0.4857 -0.5867 -0.0890 11.6600 -1.7500 -14.2200 -177.1250 -203.9375 -5.6875
0.4225 -0.5759 -0.6888 -0.1241 9.9300 -2.3300 -12.0300 -36.2500 -122.2500 9.9375
0.3760 -0.5922 -0.7075 -0.0864 9.2800 -5.1300 -19.7300 573.8125 83.6250 157.8125
0.6487 -0.4625 -0.5674 0.2083 30.4100 -11.8200 -21.6800 78.3125 -221.2500 -7.3125
0.6833 -0.4328 -0.5551 0.1939 6.6000 1.2500 14.2700 -590.3750 -211.0625 -51.6250
0.4327 -0.5715 -0.6971 0.0129 19.2500 -4.1400 -23.2800 107.9375 22.1250 79.8750
0.5501 -0.5380 -0.6238 0.1374 -20.4400 28.0000 13.1900 435.7500 -493.3125 164.8125
0.6735 -0.4280 -0.5692 0.1981 6.3400 -7.3200 5.0200 197.4375 205.2500 -67.5625
0.7834 -0.3734 -0.4697 0.1619 14.1200 -7.1400 3.5200 -120.7500 329.7500 -19.1875
0.8534 -0.4119 -0.3139 0.0590 4.8600 -7.8600 4.9700 96.8750 254.4375 -15.7500
0.9266 -0.3327 -0.1738 0.0222 4.4000 -6.6800 5.0300 310.9375 -6.5625 148.8750
0.9662 -0.1853 -0.1498 0.0986 2.1500 -5.7900 2.5600 145.2500 -25.5000 20.0625
0.9777 -0.0458 -0.1417 0.1481 3.4100 -9.7900 -6.8200 516.9375 -77.4375 63.3125
0.9194 0.2899 -0.1207 0.2368 5.8200 28.2700 4.9700 337.0625 -40.0625 51.9375
0.8075 0.4880 -0.1387 0.3011 -1.6200 8.1900 4.5000 100.5625 -39.7500 111.1875
0.7482 0.5309 -0.1611 0.3639 7.4400 10.8500 4.3700 27.7500 -10.4375 29.1875
0.7275 0.5497 -0.1686 0.3743 7.0600 9.5000 3.7300 17.5625 -4.6875 -17.3750
0.7250 0.5594 -0.1614 0.3679 5.1900 11.4600 3.1600 -19.1250 -13.1875 -46.4375
0.7479 0.5523 -0.1531 0.3348 11.4100 23.6400 8.7800 -422.3125 100.6250 -78.0000
0.8975 0.2993 -0.1664 0.2780 14.5800 6.0400 -6.7700 -582.0000 157.9375 15.9375
0.9614 -0.0800 -0.1534 0.2141 0.7900 -11.8800 -4.7100 -215.1250 95.7500 -88.6250
0.9508 -0.2663 -0.1072 0.1163 -1.2800 -10.3000 3.3100 18.0000 42.1250 -73.6875
0.9576 -0.2562 -0.0989 0.0873 -1.5500 -8.5200 3.3900 100.1250 -70.5625 -2.1250
0.9715 -0.1719 -0.1317 0.0964 1.4300 -7.3300 -3.4000 471.5625 -131.5000 21.4375
0.9584 0.1816 -0.1722 0.1372 11.1800 18.8700 -4.8300 537.4375 -94.5625 -31.0000
0.8520 0.4515 -0.2028 0.1708 6.7500 11.1500 5.1900 3.7500 -0.8750 107.8750
0.8229 0.4513 -0.2585 0.2286 4.8600 8.9900 6.7200 -26.8750 -30.5000 5.7500
0.8239 0.4387 -0.2771 0.2279 5.2800 9.6100 7.0300 -91.6250 8.1250 -25.2500
0.8698 0.3605 -0.2863 0.1778 -0.0700 9.9400 6.7800 -498.1875 -34.0000 -274.8125
;
0.9440 0.1378 -0.2842 -0.0958 4.3500 6.1300 3.2500 -266.5625 -88.8125 -379.7500
0.8737 0.0383 -0.2919 -0.3872 14.4200 2.9400 4.6700 137.0000 181.1875 -5.7500
0.8850 0.1456 -0.2479 -0.3662 -0.3900 7.1100 12.2500 34.8750 11.6250 -11.7500
0.8825 0.1542 -0.2531 -0.3651 6.0800 4.0600 7.6000 22.1875 -5.0625 85.0625
0.8937 0.1395 -0.2868 -0.3156 7.7800 9.9700 12.3300 95.3750 -67.1875 308.0625
0.9211 0.0950 -0.3448 -0.1534 6.7700 6.5700 7.5200 -129.6875 219.9375 200.9375
0.9656 -0.0150 -0.2527 -0.0588 1.6800 -2.3700 4.2100 -168.3125 34.5625 49.8750
0.9688 -0.1354 -0.2008 -0.0529 3.7800 -5.9200 0.1700 -37.8125 -18.5625 70.0000
0.9648 -0.1758 -0.1944 -0.0202 4.5000 -15.8200 -5.9700 267.3125 75.6250 42.2500
0.9857 0.0420 -0.1512 0.0607 7.1300 4.2400 -21.3400 842.6250 -130.2500 119.8750
0.8431 0.4861 -0.1607 0.1647 8.9100 25.2300 5.1300 71.8750 76.3125 151.1250
0.7819 0.5338 -0.1987 0.2535 3.1700 12.1200 5.0000 37.3750 -39.7500 1.0625
0.7631 0.5496 -0.2144 0.2639 3.3500 6.8800 3.3900 9.1250 -13.3125 -11.7500
0.7599 0.5522 -0.2149 0.2672 5.5200 6.8300 3.1300 26.9375 19.0000 4.7500
0.7510 0.5615 -0.2071 0.2790 4.5200 11.7400 3.2500 16.5000 1.3750 -46.1875
0.7488 0.5674 -0.1978 0.2795 -3.7300 27.4300 10.7900 -407.6250 -20.2500 -141.4375
0.8955 0.3255 -0.2396 0.1862 16.1400 -0.4900 -12.1800 -359.8750 318.7500 -6.8750
0.9803 -0.0081 -0.1605 0.1151 4.1000 -8.5700 -2.6000 -209.5000 131.3750 -57.0000
0.9833 -0.1358 -0.1121 0.0458 3.4600 -8.2500 3.0100 -6.7500 -7.3125 -50.5625
0.9813 -0.1418 -0.1283 0.0196 0.6500 -5.8400 5.4000 56.6875 -40.5625 6.8125
0.9816 -0.1144 -0.1494 0.0340 3.5000 -6.6300 2.8200 161.2500 -45.2500 47.9375
0.9827 -0.0037 -0.1636 0.0867 0.3600 -0.9000 -14.5200 776.1250 -186.5000 57.6875
0.8529 0.4674 -0.1552 0.1733 0.0000 0.0000 0.0000 140.7500 -120.2500 175.8750
0.7873 0.5279 -0.2178 0.2325 3.6400 8.0100 3.6800 -21.8750 -7.4375 18.4375
0.7862 0.5155 -0.2413 0.2405 6.0800 9.4900 4.7600 -55.8125 -4.1250 9.3750
0.8078 0.4747 -0.2627 0.2303 9.1800 17.4100 18.8900 -558.0625 64.8750 -36.9375
0.9246 0.1318 -0.3470 0.0856 5.4900 15.3400 -9.5200 -854.8125 -401.4375 231.4375
0.7195 -0.4484 -0.5272 -0.0575 2.7700 -4.4800 -9.4100 -299.7500 -290.5000 -94.2500
0.4954 -0.5486 -0.6659 -0.1008 15.3700 -1.8800 -14.0700 31.5625 -156.1875 25.8750
0.4662 -0.5585 -0.6861 0.0060 5.6000 1.4700 -34.4300 1036.7500 407.0000 222.1875
0.6846 -0.4725 -0.5275 0.1726 7.5300 -7.0400 1.3400 178.1875 340.8750 -123.5625
0.6874 -0.4451 -0.5623 0.1143 6.7700 -7.3000 -15.2400 91.7500 -222.0625 85.5000
0.6932 -0.4140 -0.5539 0.2034 -1.6100 0.1100 20.6200 192.8750 -50.3750 20.8125
0.7867 -0.3303 -0.4885 0.1824 15.7500 -0.9900 18.5900 -126.3125 134.6250 -26.6875
0.8134 -0.3957 -0.4201 0.0726 9.4300 -8.6000 -6.9800 143.7500 457.0000 95.3750
0.9244 -0.3422 -0.1685 -0.0088 9.0400 -9.6900 -6.0000 170.8750 82.2500 -55.6875
0.9755 -0.1718 -0.1364 -0.0140 9.1700 -15.2600 -7.8600 305.1875 -46.3125 38.5625
0.9793 0.0531 -0.1836 0.0665 7.6900 5.0200 -8.2600 682.9375 -140.6250 172.3125
0.8687 0.4272 -0.1636 0.1899 13.2500 30.5100 15.1400 200.5625 -138.1250 165.5625
0.7883 0.5184 -0.1990 0.2653 2.0900 11.6900 2.9200 94.6250 -82.8125 30.9375
0.7302 0.5673 -0.2463 0.2904 2.9300 7.4000 1.1300 35.8125 -46.1250 -4.4375
0.7198 0.5781 -0.2499 0.2919 6.7500 9.2300 3.0700 -8.0000 0.2500 -34.1875
0.7288 0.5775 -0.2407 0.2784 7.4900 13.2900 2.0300 -102.5000 -7.9375 -57.0625
0.7958 0.5096 -0.2308 0.2319 7.7700 19.4600 4.7900 -558.7500 58.2500 -93.1250
0.9538 0.1484 -0.2364 0.1113 2.1000 -5.4700 -12.3300 -493.7500 114.2500 -24.2500
0.9692 -0.1485 -0.1960 0.0148 5.2400 -7.6400 0.7800 -107.6250 43.9375 7.0625
0.9634 -0.2076 -0.1688 -0.0121 3.0100 -7.3500 2.7200 77.2500 -37.0625 53.7500
0.9698 -0.1647 -0.1788 0.0189 4.9100 -12.1000 -5.6300 408.0625 -22.5625 47.1250
0.9668 0.1415 -0.1671 0.1317 5.8800 15.1400 -7.3600 690.6875 -22.2500 -115.8125
0.8196 0.5225 -0.1464 0.1838 12.2900 24.1700 6.4800 83.2500 -24.9375 103.8750
0.7532 0.5899 -0.1948 0.2161 4.6800 12.5000 4.2500 -9.8750 -8.1250 42.5000
0.7549 0.5776 -0.2083 0.2301 6.2300 5.7900 1.2300 -27.3750 15.1250 23.5625
0.7676 0.5558 -0.2164 0.2347 6.2500 12.4900 6.5300 -177.9375 17.8750 0.5625
0.8226 0.4747 -0.2354 0.2062 1.4100 9.9900 7.0500 -339.9375 -32.6250 -107.5625
0.9163 0.2944 -0.2564 0.0889 -0.7300 -0.3300 -1.3600 -149.5000 1.2500 -235.0000
0.9415 0.2422 -0.2277 -0.0565 2.4100 2.8000 7.9200 -141.6250 -110.1875 -205.3125
;
