0.6713 -0.1149 -0.3104 -0.6632 89.25 34.63 -18.19 5.66 2.48 7.53 0.0500 -0.0400 -0.1000 0.0022 0.0011 0.0044 5.58 2.52 7.65 165 363 340 359 205 
0.6713 -0.1149 -0.3104 -0.6632 89.25 34.63 -18.19 5.60 2.41 7.50 0.0600 -0.0700 -0.0600 0.0122 -0.0056 0.0022 5.57 2.52 7.65 162 363 340 357 206 
0.6714 -0.1143 -0.3107 -0.6631 89.25 34.63 -18.37 5.64 2.52 7.41 0.0900 -0.0400 -0.2400 0.0378 0.0456 0.0133 5.56 2.56 7.65 166 365 345 359 206 
0.6729 -0.1109 -0.3109 -0.6620 89.06 34.38 -18.50 5.84 2.60 7.60 0.2200 0.0900 -0.0100 -0.0200 0.0422 -0.0278 5.52 2.57 7.68 164 367 343 360 205 
0.6726 -0.1100 -0.3101 -0.6628 89.06 34.25 -18.56 5.69 2.18 8.31 1.8700 -0.6300 2.5200 0.3456 0.1078 0.5689 5.41 2.51 7.78 168 361 319 271 200 
0.7280 -0.0737 -0.1667 -0.6609 83.31 11.69 3.75 3.13 1.53 18.71 3.4200 4.2900 7.4200 -9.7611 0.6944 0.4989 1.21 -6.72 7.03 183 398 189 214 163 
0.6319 -0.4198 0.3124 -0.5717 84.25 2.94 71.62 0.47 -2.13 -2.37 0.3900 6.3600 -5.7000 -1.8178 1.3933 0.0711 0.11 -9.74 1.12 193 412 184 200 147 
0.5364 -0.4879 0.4523 -0.5192 88.00 1.56 82.87 1.55 -7.45 0.73 0.5600 1.5300 -0.9000 0.5811 -0.0478 -0.6489 0.68 -9.65 1.59 193 406 191 205 152 
0.5479 -0.4749 0.4130 -0.5511 89.37 3.62 75.37 4.54 -3.86 0.43 5.2600 6.3600 -1.1900 3.0767 -0.7889 0.7556 0.27 -8.74 4.43 192 418 194 209 153 
0.7079 -0.3433 0.2762 -0.5520 68.00 -2.37 46.19 5.42 -14.60 15.60 3.7700 -5.7700 12.5000 -0.0500 -1.2911 6.6389 -2.13 -5.94 7.50 193 413 197 212 156 
0.9034 -0.2932 0.2534 -0.1836 16.87 -24.44 47.06 -16.28 -4.64 6.80 -9.4000 5.0600 2.4900 -2.5667 1.3589 -1.5578 -3.95 -8.14 3.77 193 411 197 212 160 
0.7598 -0.5029 0.3430 -0.2283 39.06 -13.06 76.62 -0.05 6.04 7.20 1.8800 13.9900 3.8800 -1.6644 2.8700 -3.0489 0.07 -9.78 0.71 192 413 195 216 160 
0.5607 -0.5613 0.3771 -0.4780 87.31 9.69 81.94 13.18 -4.46 1.17 9.8900 2.6500 -0.3700 0.9322 1.7422 0.2356 1.67 -9.33 2.50 191 412 202 219 161 
;
0.5699 -0.4662 0.3290 -0.5913 89.62 9.13 65.19 0.12 -16.52 5.20 -1.3200 -5.7100 1.9800 1.0244 -0.8911 -0.1878 1.83 -8.46 4.59 189 415 203 221 162 
0.6280 -0.4447 0.2628 -0.5821 85.19 10.63 61.69 0.84 -8.56 4.62 -0.8200 0.0100 0.1400 -0.1011 0.0300 0.0833 1.76 -8.51 4.53 191 413 202 223 164 
0.6293 -0.4471 0.2687 -0.5761 85.19 10.06 62.44 1.81 -7.40 4.28 -0.2100 0.7400 -0.2400 0.3144 0.8744 -0.0611 1.50 -8.49 4.65 182 352 227 251 184 
0.6154 -0.4175 0.2870 -0.6039 88.94 8.19 60.44 1.41 -7.07 2.87 -0.3300 1.5200 -2.0200 0.6678 0.8600 0.1833 0.94 -8.26 5.18 172 299 228 262 179 
0.6294 -0.3597 0.2847 -0.6273 88.69 4.37 49.88 2.86 -5.74 3.73 2.0700 0.1600 -1.0100 3.1756 -0.1856 0.7644 0.46 -5.78 7.90 175 326 199 229 175 
0.7302 -0.2272 0.1449 -0.6279 78.25 4.87 28.75 4.12 -6.53 15.88 5.2300 -3.6100 8.7500 -1.1167 -1.8756 4.0933 0.24 -5.26 8.26 186 386 183 196 160 
0.8869 -0.2579 0.1577 -0.3493 33.19 -11.75 35.81 -8.60 -5.03 10.94 -7.3100 1.1700 4.0800 -2.9811 0.3944 2.8278 -3.78 -6.36 6.43 190 404 183 198 166 
0.8679 -0.3819 0.2994 -0.1060 15.63 -26.06 59.44 -11.07 1.23 7.28 -6.1800 9.2900 3.7600 -1.8933 1.6011 -3.3500 -2.96 -8.96 2.63 192 412 192 205 169 
0.7124 -0.5558 0.3223 -0.2823 51.06 -3.25 82.44 2.07 1.42 -0.30 1.6700 10.4900 -1.7600 -0.0444 2.7344 -2.7722 1.28 -9.66 1.08 191 412 192 206 170 
0.5647 -0.5588 0.3057 -0.5248 91.62 17.37 74.25 11.95 -3.17 2.93 9.2000 2.7600 0.0900 2.2089 1.7100 -0.1833 2.92 -8.09 4.69 191 411 190 209 171 
;
0.5942 -0.3988 0.2299 -0.6595 95.06 14.25 51.50 4.10 -11.62 12.22 -1.9100 -4.6500 3.3800 -0.1267 -0.0911 0.5044 1.92 -7.38 6.15 188 411 195 213 174 
0.6332 -0.3721 0.2192 -0.6422 90.50 11.44 50.63 1.03 -7.56 5.65 -0.8700 0.1800 -0.3200 -0.1533 -0.3000 -0.0789 1.99 -7.52 5.95 187 411 198 213 174 
0.6292 -0.3878 0.2257 -0.6346 90.69 12.06 52.81 1.20 -8.13 6.32 -0.8600 -0.5100 0.4500 -0.5778 0.3033 -0.1733 2.01 -7.85 5.51 188 410 196 214 175 
0.6069 -0.4011 0.2523 -0.6380 93.06 11.31 55.94 4.23 -5.91 2.41 3.1600 2.8400 -2.9100 0.8522 -0.0022 0.8400 1.50 -7.79 5.75 192 407 195 213 173 
0.6586 -0.3571 0.2576 -0.6102 81.44 3.81 49.50 4.20 -7.77 7.43 3.8300 -0.9600 1.3300 1.5733 -1.7022 3.3733 -0.33 -6.64 7.20 191 404 195 213 174 
0.8422 -0.2821 0.2029 -0.4123 44.81 -8.38 39.13 -5.07 -7.24 14.51 -6.5800 -2.2000 5.2000 -2.3489 -0.4411 3.1289 -2.90 -6.68 6.56 190 405 199 209 176 
0.8749 -0.3725 0.2552 -0.1748 21.81 -19.12 55.88 -8.74 -4.07 7.37 -5.2600 4.4600 2.2000 -2.5656 1.5444 -1.1522 -3.06 -8.72 3.26 192 406 202 214 177 
0.7466 -0.5272 0.3315 -0.2340 40.75 -11.06 79.37 -3.42 -1.99 2.94 -0.6300 8.6600 1.2500 -0.5700 2.2011 -2.4556 -0.37 -9.74 1.02 190 409 201 214 175 
0.5939 -0.5637 0.3618 -0.4456 78.75 6.44 83.50 6.24 -3.02 2.40 5.9000 6.6300 1.2500 1.0089 1.8489 -2.8867 2.94 -9.12 2.07 190 409 200 212 175 
0.5040 -0.5074 0.3012 -0.6308 103.00 18.31 67.00 7.74 -10.38 2.31 6.1100 -1.1400 0.5000 2.5578 0.4278 1.2689 2.20 -7.95 5.29 190 407 203 214 176 
;
0.6166 -0.3768 0.2496 -0.6446 90.69 11.31 52.00 1.07 -10.88 8.18 -2.9400 -2.0900 1.8900 -0.1967 -0.2544 0.4178 2.00 -7.61 5.84 191 408 204 215 177 
0.6436 -0.3948 0.2144 -0.6196 87.75 12.31 52.50 1.17 -7.28 6.36 -1.3000 -0.4700 0.3200 -0.3400 0.1711 -0.1122 2.09 -7.76 5.60 189 408 205 216 178 
0.6219 -0.4085 0.2407 -0.6232 91.00 11.75 56.81 2.12 -6.54 3.97 0.3600 2.0500 -1.2500 -0.3789 0.5689 -0.3267 1.92 -8.16 5.08 188 405 207 216 176 
0.6040 -0.3883 0.2686 -0.6420 91.31 8.44 52.00 8.23 -4.19 5.82 5.4600 1.4400 1.6600 2.5744 -0.7989 2.5511 0.46 -6.48 7.34 189 405 205 218 177 
0.7852 -0.2737 0.1842 -0.5241 62.63 -1.19 38.06 2.96 -6.88 10.24 2.6000 1.7500 2.5200 -0.4044 -1.2033 4.7856 -1.60 -5.91 7.65 189 407 206 218 178 
0.9113 -0.2927 0.1948 -0.2141 20.87 -15.69 41.69 -9.63 -6.24 12.09 -6.1000 0.6800 4.7600 -2.2444 -0.3467 0.7222 -3.09 -7.16 5.93 189 408 208 217 177 
0.8628 -0.4335 0.2423 -0.0944 14.00 -19.87 62.44 -7.03 -1.77 5.89 -3.5700 8.1000 2.1100 -2.1644 2.1322 -2.0544 -2.45 -9.24 2.18 190 406 207 218 178 
0.7099 -0.5839 0.3057 -0.2482 46.19 -4.06 84.50 0.99 -1.52 3.03 2.3500 7.9600 1.9400 -0.5178 2.7889 -2.2611 0.92 -9.74 0.56 191 407 208 218 177 
0.5685 -0.5901 0.3236 -0.4731 84.19 13.25 82.75 7.84 -3.91 1.08 5.3800 4.5500 -0.7300 1.8667 1.4411 -1.7011 3.38 -8.72 2.92 189 409 209 219 177 
;
0.5436 -0.4786 0.2521 -0.6418 99.06 19.94 60.44 10.00 -9.21 7.21 4.0700 -3.5500 3.3600 1.8722 0.2244 1.0111 2.94 -7.16 6.01 191 407 209 218 178 
0.6446 -0.3838 0.1796 -0.6364 87.31 13.81 48.13 0.37 -8.86 7.73 -2.5200 -0.5500 2.3300 0.2056 -0.2700 0.1500 2.35 -6.94 6.50 190 407 209 221 179 
0.6696 -0.3771 0.1677 -0.6176 85.69 14.06 47.75 1.97 -7.05 7.19 -0.4900 0.3600 0.6300 -0.4900 0.1744 -0.1589 2.41 -7.27 6.11 189 409 210 218 179 
0.6455 -0.3975 0.1934 -0.6228 88.56 14.25 51.56 2.65 -5.57 4.41 0.3900 2.1800 -1.9200 0.0244 0.3067 -0.0689 2.34 -7.43 5.95 186 407 207 219 179 
0.6484 -0.3734 0.1961 -0.6338 87.31 11.81 46.88 8.52 -4.73 5.26 7.5600 1.2500 -0.6000 2.8256 -0.7822 2.7478 1.02 -5.74 7.87 189 408 206 219 179 
0.8369 -0.2443 0.1102 -0.4774 53.75 2.44 29.62 0.17 -3.83 12.09 1.8800 -2.9500 4.6000 -0.2078 -0.9622 4.5256 -0.61 -4.93 8.45 191 409 206 218 178 
0.9396 -0.2631 0.1095 -0.1894 18.12 -7.81 34.44 -6.02 -2.95 12.47 -4.8600 2.8400 5.4200 -2.0111 0.3811 1.2367 -2.22 -6.36 7.11 191 409 209 220 178 
0.9062 -0.3805 0.1635 -0.0854 12.19 -13.19 51.63 -4.09 -1.63 6.87 -2.0900 6.5300 1.0800 -2.3333 1.6367 -1.6589 -1.87 -8.63 4.25 189 410 209 219 179 
0.7893 -0.5369 0.2169 -0.2043 35.00 -4.37 74.31 -0.35 -2.24 2.90 0.6200 7.9000 0.1400 -1.4789 2.0344 -2.7178 0.82 -9.67 1.38 190 409 208 220 177 
0.6245 -0.6106 0.2534 -0.4158 75.19 14.75 81.31 10.68 -4.55 0.04 8.9900 4.8100 -0.9900 1.1344 2.7844 -1.9956 4.00 -8.49 2.83 187 408 209 219 179 
;
