-0.2529 -0.0236 0.4031 0.8792 147.87 9.31 -46.88 1.57 7.11 6.54 -0.0400 0.0600 -0.0300 0.0000 0.0067 -0.0078 1.59 7.06 6.60 166 349 355 389 209 
-0.2530 -0.0238 0.4030 0.8792 147.87 9.31 -46.88 1.54 7.14 6.59 -0.0400 0.0500 0.0000 -0.0022 -0.0033 -0.0067 1.59 7.06 6.60 164 350 351 389 209 
-0.2526 -0.0229 0.4025 0.8796 148.06 9.69 -46.44 1.26 7.35 7.05 -0.2500 0.0500 0.0300 -0.8411 -0.4778 -0.1456 1.94 6.69 6.89 156 328 316 342 210 
-0.2379 0.0566 0.3741 0.8945 152.06 21.87 -38.69 3.17 11.50 17.09 0.8900 7.2000 10.5100 -5.4889 -1.2878 0.1833 4.91 2.36 8.15 162 305 263 264 206 
-0.1467 0.2275 0.0479 0.9615 164.19 21.44 9.88 5.88 3.82 7.78 -1.5700 3.5300 -4.7500 -8.2156 4.8444 -0.4344 0.44 -6.76 7.08 168 315 170 175 168 
0.0073 -0.0378 -0.4780 0.8776 185.56 -5.44 61.44 3.41 -2.93 1.22 4.3800 5.3100 -2.6200 -0.8600 1.3667 -0.2211 -1.08 -8.99 3.75 175 353 168 172 163 
0.0907 -0.1252 -0.5511 0.8199 193.25 -5.81 68.50 1.52 -4.85 -1.34 2.3700 4.3900 -5.3300 2.1022 -0.6244 0.1422 -0.92 -8.58 4.63 173 353 169 174 168 
0.0726 -0.0921 -0.4310 0.8947 187.19 -6.94 44.38 4.02 0.89 9.16 6.3100 6.4600 2.8100 4.2633 -0.8589 2.9089 -1.57 -3.81 8.89 175 359 173 177 172 
-0.1129 -0.0615 -0.1146 0.9850 159.87 -7.69 8.63 -3.83 -2.32 20.00 -4.6400 -1.5300 10.0700 0.0578 -1.5811 3.8644 -0.40 -0.86 9.75 175 356 175 180 172 
-0.3981 0.0455 -0.0659 0.9138 131.12 2.81 10.88 -4.76 -1.04 13.21 -5.2800 3.4700 3.1600 -2.8644 -0.8456 0.7756 0.75 -3.86 8.98 174 361 187 181 169 
-0.4203 0.1519 -0.2320 0.8640 129.06 2.87 37.44 -4.94 -2.47 5.77 -5.8800 5.5500 0.2900 -2.7378 2.1044 -1.6967 0.27 -7.49 6.32 177 375 195 191 175 
-0.2466 0.1571 -0.4335 0.8524 154.50 4.25 57.44 -0.55 -2.51 4.58 -1.1600 6.3800 0.2700 -1.3111 2.9789 -3.0533 1.47 -8.57 4.52 176 383 194 193 175 
0.0624 0.0855 -0.5112 0.8530 194.37 13.50 60.81 8.10 -1.60 2.80 6.2000 6.1300 -1.7800 1.4544 2.0533 -0.9222 2.25 -7.64 5.71 176 380 196 195 177 
0.1958 0.0212 -0.4041 0.8932 202.94 10.19 41.69 8.18 -6.33 10.20 3.3700 -2.1800 3.2500 2.3500 -0.2567 1.7744 1.10 -5.10 8.30 177 379 198 197 175 
0.1046 0.0309 -0.2567 0.9603 192.31 7.56 29.00 -1.37 -8.84 11.82 -1.9400 -3.2100 2.6900 -0.8522 0.0756 -0.6989 1.57 -4.99 8.29 175 377 203 196 175 
0.1414 0.0424 -0.3022 0.9417 197.44 9.38 35.44 2.14 -2.48 5.27 1.1800 3.9900 -3.2600 -0.0989 0.5522 -0.0411 1.27 -5.78 7.81 176 372 197 194 175 
0.1502 0.0059 -0.2936 0.9440 196.87 3.75 31.62 4.10 -0.99 6.67 5.1100 4.1300 0.5200 2.3533 0.2033 1.6078 0.02 -3.75 9.05 177 372 193 194 176 
0.0348 -0.0195 -0.1440 0.9888 179.62 -2.00 12.81 -0.05 -1.32 13.55 -0.2700 0.6600 4.0700 1.5378 -1.3644 2.8378 0.20 -0.85 9.76 177 370 189 196 176 
-0.1804 0.0371 -0.0311 0.9824 156.37 5.75 4.75 -1.21 -2.01 14.26 -3.2300 -0.6600 4.0700 -1.3578 -1.4256 0.8144 2.22 -1.81 9.37 175 370 195 196 177 
-0.2510 0.1755 -0.0981 0.9468 149.37 17.56 20.75 -0.80 -3.36 8.90 -3.2900 0.7600 0.5800 -1.9144 -1.1089 0.2500 3.45 -4.67 7.89 176 364 194 195 176 
-0.2368 0.2596 -0.2365 0.9059 153.44 21.62 38.81 1.23 -4.27 7.85 -2.0500 2.2600 0.7000 -2.5744 1.9856 -0.8478 3.25 -6.65 6.42 176 373 201 196 177 
-0.0583 0.2006 -0.3873 0.8980 178.50 19.37 50.50 3.20 -1.41 3.65 -0.2300 5.3000 -2.8300 -0.7511 2.5311 -2.2967 3.43 -7.02 5.91 176 375 201 198 177 
0.1820 0.1166 -0.4061 0.8879 207.56 20.75 43.63 7.06 -0.87 4.84 3.5600 5.1900 -2.7200 1.6122 1.7956 -1.3489 3.12 -5.14 7.74 176 379 201 197 176 
0.3039 0.0746 -0.2426 0.9183 215.62 15.44 20.19 7.78 -1.55 10.68 5.0500 1.2900 2.9100 2.6500 -0.5778 1.3078 2.70 -1.58 9.29 176 381 202 199 176 
0.2085 0.1377 -0.0806 0.9649 201.75 20.37 4.12 -0.13 -5.19 12.89 -6.1600 -5.1200 4.3700 0.2567 -1.0011 0.6767 4.44 -0.45 8.73 174 380 203 201 175 
0.1359 0.2882 -0.0523 0.9464 195.44 39.31 -0.88 11.01 -1.67 9.73 6.4700 -1.6400 0.3300 4.7733 -5.7367 1.1556 9.05 1.27 3.55 119 372 201 197 174 
-0.0768 0.6053 0.1275 0.7819 158.50 79.06 -19.12 9.26 -1.86 -6.52 -1.4300 -2.3500 -6.9500 4.2011 -0.1911 1.7011 9.72 -0.52 1.18 116 377 199 197 172 
-0.4130 0.5490 0.3112 0.6567 108.62 76.56 3.87 6.14 2.06 0.19 -2.9100 3.6000 -1.9700 5.0167 1.2933 0.2167 9.28 0.72 3.05 117 380 197 195 170 
-0.5881 0.3518 0.4617 0.5632 83.87 69.50 -21.19 6.91 5.96 4.04 -1.7500 3.2600 0.2300 0.7478 -0.2978 0.6022 9.19 1.19 3.18 108 373 200 198 170 
-0.6321 0.2972 0.4924 0.5193 80.00 68.00 -22.81 10.63 4.81 2.47 0.4500 3.5300 -1.5600 -1.0433 0.3144 -0.7344 8.96 1.64 3.61 115 384 202 198 172 
-0.5931 0.3018 0.4583 0.5892 92.31 62.50 -24.44 9.89 3.54 1.85 2.5200 0.9300 -2.9300 -1.1800 0.2444 0.4156 8.65 1.48 4.37 114 374 202 197 171 
-0.5734 0.3566 0.3937 0.6238 97.12 62.50 -7.12 5.22 -3.48 7.08 -3.9300 -4.6900 2.5200 -1.3844 -0.3233 -0.4889 8.59 0.36 4.70 8 375 201 198 171 
-0.5027 0.4000 0.3218 0.6955 110.25 61.06 -7.62 6.50 0.05 7.22 -2.5700 -0.7900 2.3800 -0.7922 0.5400 -1.3644 8.38 1.22 4.93 128 369 201 200 170 
-0.4078 0.3774 0.3101 0.7714 130.56 53.25 -21.19 3.62 0.35 5.79 -3.6600 -2.6300 0.0900 -1.7922 2.8444 -4.6856 5.73 3.65 7.06 1 332 225 219 180 
;
