0.0963 -0.0447 -0.3432 -0.9332 168.19 8.56 -39.69 1.48 6.24 7.41 0.0500 0.0600 -0.0200 -0.0144 0.0089 -0.0089 1.46 6.19 7.46 168 352 358 385 215 
0.0963 -0.0447 -0.3430 -0.9333 168.19 8.56 -39.69 1.49 6.26 7.33 0.0400 0.0600 -0.1000 -0.0067 0.0478 -0.0144 1.44 6.19 7.45 169 349 358 384 214 
0.0952 -0.0430 -0.3423 -0.9338 168.62 8.75 -38.88 0.29 7.87 11.36 -2.0800 4.1300 6.7600 -1.8478 -1.7211 0.1689 2.29 5.15 8.02 182 322 244 275 212 
0.0232 -0.1482 -0.1832 -0.9716 179.56 13.50 -9.94 -2.70 2.14 12.98 -3.5200 1.6600 1.8900 -5.8222 0.4056 -1.3333 1.23 -3.36 9.12 195 310 164 176 189 
-0.1073 -0.0007 0.2893 -0.9512 196.56 2.87 40.38 2.14 -2.43 4.43 1.9700 5.1700 -2.5000 -2.9656 1.1833 -2.5022 0.98 -7.83 5.82 194 383 168 178 180 
-0.2668 0.0789 0.4825 -0.8306 217.69 7.87 59.25 5.73 -1.45 -1.21 4.6300 6.3300 -7.0200 1.7867 0.3256 0.0900 1.23 -7.80 5.80 193 386 171 185 180 
-0.2852 0.0563 0.3853 -0.8758 213.19 6.69 40.13 5.67 -0.48 5.97 4.0300 6.1100 -1.2100 4.3722 -2.1867 1.8144 1.42 -3.65 8.98 192 383 172 185 181 
-0.1180 -0.0635 0.0916 -0.9868 185.81 11.13 3.94 3.36 0.24 28.13 -0.3000 0.1400 19.8900 0.4578 -1.1967 4.2022 2.53 -0.31 9.46 193 383 182 190 183 
0.1868 -0.1592 0.0329 -0.9688 153.25 17.87 9.63 -2.25 1.09 13.52 -5.8900 5.6700 4.2400 -1.3189 -1.3233 2.4367 3.14 -3.00 8.78 192 384 193 196 187 
0.3354 -0.2123 0.1604 -0.9037 139.81 13.38 32.69 -2.18 -0.34 6.09 -3.9400 8.0900 0.6900 -3.6956 2.0289 -1.2733 1.75 -7.18 6.43 189 384 194 208 193 
0.1620 -0.1951 0.4305 -0.8663 166.69 13.25 58.50 1.15 -0.17 4.26 -0.6100 7.9800 -1.1000 -1.9711 3.2067 -4.2622 3.76 -7.88 4.44 189 388 196 213 194 
-0.2319 -0.1355 0.4714 -0.8400 218.06 26.75 48.56 12.10 -1.44 1.55 7.7500 4.7800 -3.3900 4.6289 0.7200 -0.8089 4.20 -4.06 7.87 188 388 195 212 195 
-0.3052 -0.1683 0.1938 -0.9171 213.37 23.94 11.38 1.33 -6.40 17.40 -4.6200 -4.9900 9.9400 1.3767 -0.5633 0.0589 4.12 -0.66 8.87 188 387 204 217 196 
-0.2617 -0.2375 0.0936 -0.9308 211.75 33.81 2.31 5.06 -1.98 8.86 0.2500 -0.8400 0.7700 1.0589 -3.8833 -0.1744 7.73 0.32 6.02 185 361 208 220 197 
-0.2033 -0.5027 0.0863 -0.8358 204.31 68.37 -13.00 15.59 0.16 -3.42 7.0300 -2.0500 -6.3300 4.4267 -4.6578 1.0211 9.79 0.48 -0.27 135 338 176 187 182 
0.1130 -0.7598 -0.0700 -0.6364 143.62 75.87 134.37 6.29 -0.62 -5.48 -2.9900 2.1300 -3.8600 5.6622 1.4989 0.1278 9.48 -2.47 0.12 107 372 189 195 183 
0.4722 -0.5916 -0.2858 -0.5876 94.81 73.44 47.25 5.17 5.17 2.55 -3.1200 6.1300 0.3200 2.7244 -0.0344 0.3011 9.36 -1.54 2.48 119 384 189 195 183 
0.6141 -0.4487 -0.4084 -0.5049 78.25 72.31 26.50 8.00 2.68 3.38 -0.4800 2.5900 -0.9500 -0.0467 0.2000 -0.7556 9.38 -0.95 2.67 119 382 190 199 182 
0.5997 -0.4351 -0.4213 -0.5231 85.44 72.19 -10.13 9.69 3.77 2.51 1.2000 4.5800 -0.6500 -1.3344 0.1944 -0.4289 9.33 -0.53 2.97 120 390 190 199 182 
0.5476 -0.4727 -0.3642 -0.5865 93.25 72.69 26.25 10.93 0.21 0.86 0.5400 1.9800 1.0900 -1.6778 0.3789 1.7344 9.08 -2.75 2.44 121 368 190 199 183 
0.5295 -0.5665 -0.2164 -0.5933 100.50 63.50 55.13 6.25 -8.24 3.21 -1.7800 -4.3200 0.7300 -2.3956 -0.0067 -0.3422 8.85 -3.91 1.58 120 367 188 202 184 
0.4165 -0.6369 -0.1215 -0.6373 114.69 66.19 66.56 9.13 -4.88 -0.05 -0.9100 -0.5000 -0.8200 0.2611 0.1022 0.1067 8.94 -3.69 1.61 129 371 193 206 185 
0.4142 -0.6300 -0.1202 -0.6459 116.06 66.37 62.69 7.03 -2.21 2.60 -1.2600 0.6500 1.0500 -0.8456 0.8589 -1.6122 9.21 -2.56 2.16 139 316 217 222 197 
0.2919 -0.5740 -0.1184 -0.7559 145.12 65.69 13.13 9.72 0.50 3.94 2.5700 1.4500 -0.2500 -2.4833 3.0089 -1.6556 7.82 -0.62 5.87 156 281 260 253 200 
0.1075 -0.3756 0.0377 -0.9197 170.06 36.88 16.69 3.02 -6.52 4.57 -2.8800 -5.2200 -3.8700 -1.3356 0.0978 0.7178 4.78 -3.80 7.66 136 182 188 195 188 
0.1265 -0.3267 0.1785 -0.9194 162.44 35.94 30.00 7.14 -4.15 2.65 1.3500 1.4400 -3.1500 3.8222 -0.7100 -0.1767 6.02 -2.32 7.37 101 216 213 218 181 
0.2212 -0.3407 0.0240 -0.9135 148.12 36.19 16.62 9.68 2.02 5.33 2.4000 4.7700 -1.9100 1.9156 -1.8089 2.6633 5.95 -2.17 7.48 98 178 181 196 173 
0.4472 -0.3599 -0.0876 -0.8141 116.37 43.00 11.25 5.93 2.20 3.88 -1.1600 3.6100 -5.4400 4.1222 -2.4122 2.0367 7.43 -0.37 6.38 100 166 170 183 147 
0.6205 -0.3205 -0.3227 -0.6389 85.94 57.44 -4.37 11.56 11.39 5.52 6.0600 8.9200 1.5200 2.9344 -0.8767 0.4000 8.79 1.03 4.21 97 160 171 176 137 
0.6345 -0.3218 -0.4950 -0.4989 77.75 74.94 -14.00 12.50 7.22 6.62 1.3000 5.9800 5.1800 -2.9422 0.5967 -0.4533 9.49 0.35 2.43 102 174 179 186 142 
0.5219 -0.4463 -0.4228 -0.5914 103.87 75.00 -9.81 9.78 7.00 -1.93 0.5400 4.6900 -6.6100 -3.3267 -0.9322 -1.5500 9.50 0.92 2.24 102 175 181 184 142 
0.3239 -0.5280 -0.3372 -0.7090 133.06 74.06 -35.56 10.01 -4.95 -7.24 -3.3600 -8.7100 -10.2900 2.0444 -2.2133 -0.3244 9.48 2.23 1.13 101 176 183 187 144 
0.3398 -0.5250 -0.4769 -0.6176 114.37 76.56 -113.50 20.28 1.66 0.50 7.6900 1.9400 3.2100 0.2656 2.4878 -0.6100 9.49 2.46 0.13 103 171 179 185 143 
0.3904 -0.4781 -0.4647 -0.6349 115.12 75.94 -54.75 7.92 1.90 5.80 -2.5300 -0.4100 3.6800 -2.1289 2.3678 0.3278 9.19 1.44 3.07 111 215 196 217 166 
0.3893 -0.4061 -0.3101 -0.7664 131.62 52.75 -17.62 5.74 0.73 5.28 -1.5600 -1.3200 -2.7300 -2.8433 2.1100 -4.3022 6.02 2.16 7.42 135 303 259 288 197 
;
