0.8615 -0.0490 -0.4058 -0.3012 38.50 46.75 -13.50 7.11 1.55 6.56 -0.0300 -0.0100 0.0000 0.0022 0.0022 -0.0056 7.14 1.56 6.53 170 327 332 353 218 
0.8615 -0.0490 -0.4058 -0.3012 38.50 46.75 -13.50 7.10 1.52 6.55 -0.0400 -0.0500 0.0200 -0.0067 0.0078 -0.0033 7.14 1.56 6.53 173 325 334 353 218 
0.8616 -0.0490 -0.4056 -0.3012 38.38 46.69 -13.38 11.33 3.82 8.69 2.7400 2.6800 2.4400 -1.6856 -0.8100 1.2156 7.43 0.35 6.38 179 338 293 291 212 
0.8524 -0.1896 -0.3940 -0.2867 38.06 48.63 17.44 9.46 1.52 10.12 1.7600 3.8700 2.5000 -5.7044 2.7744 1.9589 5.44 -5.55 5.97 194 360 234 238 206 
0.7876 -0.4964 -0.0181 -0.3646 59.00 14.63 72.19 1.62 -5.99 -2.82 2.0900 3.9700 -5.7800 -4.5133 9.1411 -0.4067 1.61 -9.66 0.43 196 413 193 212 180 
0.4271 -0.5482 0.4526 -0.5589 109.00 14.56 89.87 4.69 -6.02 -1.85 1.8900 3.1700 -1.4400 0.7089 0.2189 0.1356 2.46 -9.47 0.51 197 414 194 215 180 
0.4186 -0.5082 0.4387 -0.6116 110.81 14.56 82.62 4.54 -6.67 0.01 2.2800 2.8700 -1.6800 1.5278 -0.1389 0.7122 2.09 -9.31 2.24 200 420 191 202 175 
0.5188 -0.4371 0.3770 -0.6307 96.87 6.81 64.62 5.66 -3.50 6.04 4.8200 4.4700 1.6900 3.8144 -1.0056 2.7378 -0.04 -7.34 6.49 201 418 191 205 176 
0.7638 -0.2590 0.2256 -0.5464 63.75 -4.94 36.88 -3.14 -10.15 16.63 -3.5300 -3.9600 8.5900 -1.1067 -1.4367 3.7233 -1.36 -5.88 7.72 201 419 190 206 173 
0.8818 -0.3113 0.2034 -0.2903 33.44 -10.63 46.38 -6.23 -5.17 9.12 -4.6000 2.9600 2.0900 -3.0356 0.7733 0.1600 -2.09 -8.34 4.70 199 417 193 207 173 
0.7893 -0.4885 0.2784 -0.2468 38.56 -10.06 72.31 -5.50 -2.87 3.44 -3.1100 6.9200 0.9400 -1.2900 1.7233 -2.6044 -0.28 -9.65 1.71 200 422 194 207 173 
0.6329 -0.5764 0.3131 -0.4113 73.00 7.81 82.00 3.64 -4.27 0.16 2.0700 5.4300 -1.2600 0.7633 2.0167 -2.3256 2.76 -9.18 2.04 198 422 194 209 172 
0.5275 -0.5220 0.2840 -0.6071 100.81 19.87 67.44 8.20 -6.38 3.14 4.8200 1.7700 -0.6900 2.6300 0.8489 0.4744 2.91 -7.70 5.31 200 422 195 212 176 
0.6002 -0.3716 0.1981 -0.6801 94.87 15.06 44.00 1.87 -11.76 10.32 0.9500 -5.5600 2.3700 1.1722 -0.6856 0.3222 2.65 -6.00 7.28 198 420 195 213 175 
0.6623 -0.3321 0.1228 -0.6603 88.81 16.81 38.75 2.52 -6.31 8.17 -0.5800 -1.1400 0.1700 0.6744 -3.7778 0.0522 4.35 -5.64 6.73 177 419 194 214 170 
0.6948 -0.4702 -0.1239 -0.5300 65.81 51.94 53.63 14.92 -5.35 -1.81 5.2700 0.5200 -3.8100 3.8478 -7.7200 2.2689 7.88 -5.80 -0.49 123 402 197 212 157 
0.6649 -0.5170 -0.5386 0.0228 348.31 41.56 98.81 5.53 -3.62 1.37 0.3300 3.9400 2.4700 2.3200 -3.2233 0.6878 5.77 -7.84 -1.14 118 401 198 209 156 
0.6174 -0.3930 -0.6310 0.2571 312.94 35.19 97.25 7.51 -6.69 -2.25 2.0600 1.2200 -1.6300 1.4656 -0.5822 -0.2700 5.79 -7.90 -0.42 120 402 198 207 155 
0.6547 -0.2891 -0.6122 0.3362 303.75 38.38 78.00 -1.02 -2.10 13.91 3.6600 3.1700 10.3700 -0.4544 -0.7344 0.0589 6.36 -7.19 2.00 123 403 199 209 159 
0.6827 -0.2645 -0.5922 0.3364 308.00 38.69 85.25 5.70 -7.05 -1.57 -1.5000 0.3400 -3.2800 -2.0689 -0.3489 0.2022 5.93 -7.74 -0.99 114 407 195 210 157 
0.6111 -0.3506 -0.6548 0.2734 310.94 37.94 93.44 7.33 -6.76 -3.53 2.0400 1.3900 -0.9700 3.3189 1.7167 -0.1322 6.05 -7.45 2.01 119 406 197 210 161 
0.6923 -0.2238 -0.5828 0.3620 306.75 39.63 72.81 4.21 -6.10 2.58 -2.5400 0.8400 -0.4100 -0.9144 -0.1900 -0.4800 6.34 -7.12 2.26 125 405 200 215 167 
0.7308 -0.2715 -0.5606 0.2790 326.50 42.56 67.56 2.17 -3.74 0.99 -2.5100 3.0100 -1.6000 -0.6500 4.3556 -4.0067 6.78 -4.68 5.31 159 323 272 285 189 
;
0.9412 -0.1716 -0.2815 -0.0737 11.94 29.00 8.50 6.87 1.31 11.88 0.7800 1.6800 2.0100 2.7833 -0.3278 -1.0589 4.53 0.97 8.64 175 329 348 376 206 
0.9608 0.0411 -0.2403 -0.1323 15.63 23.31 -8.94 2.30 1.93 14.93 -1.3400 0.0100 1.5700 -0.3100 0.0056 -0.0711 3.64 1.11 9.03 173 331 349 358 205 
0.9700 0.0295 -0.1986 -0.1373 16.19 21.87 -6.75 3.73 1.63 9.55 0.0800 0.6900 1.0900 -0.3956 -0.0300 0.1511 3.70 0.86 9.04 175 347 317 308 201 
0.9718 -0.0311 -0.1788 -0.1506 20.44 17.19 8.19 3.30 1.55 15.79 -0.0900 4.5500 4.7900 -8.1433 3.8256 -1.8544 1.20 -6.02 7.64 182 369 207 238 181 
0.8151 -0.4714 0.1231 -0.3135 49.44 3.06 67.75 0.86 -4.49 -1.36 -0.3900 3.9000 -3.7000 -3.5522 5.7344 -1.6089 0.44 -9.75 0.91 193 413 197 218 161 
0.4977 -0.5411 0.4284 -0.5253 100.12 11.00 87.75 7.44 -7.53 -0.46 5.1400 1.8800 -0.5500 0.0411 0.7311 -0.7200 2.59 -9.44 0.53 197 416 195 219 159 
0.4245 -0.5293 0.4335 -0.5930 108.25 14.75 85.62 4.46 -6.89 -1.61 1.5200 3.4900 -2.3300 1.5544 -0.2033 0.9444 1.95 -9.44 1.75 195 415 199 222 162 
0.5297 -0.4551 0.3833 -0.6045 93.44 5.94 68.25 4.23 -6.09 5.59 4.1100 1.9000 2.1800 3.0911 -1.4144 2.3889 -0.12 -8.12 5.49 197 413 205 226 166 
0.7475 -0.3271 0.2702 -0.5110 62.56 -4.75 47.13 -0.55 -9.29 11.16 -2.0500 -3.2300 6.4800 -0.3144 -1.9822 2.9233 -1.24 -6.82 6.92 194 412 208 227 165 
0.8633 -0.3453 0.2126 -0.3004 35.50 -9.19 49.44 -5.27 -6.79 9.71 -2.7300 2.0100 3.9100 -2.2867 0.0156 0.3967 -1.62 -8.20 5.12 195 415 209 228 165 
0.8128 -0.4765 0.2367 -0.2372 33.81 -8.31 67.25 -4.72 -5.09 4.51 -3.1500 4.1300 1.7200 -1.5789 1.4033 -1.4544 -0.83 -9.46 2.43 197 417 209 227 164 
0.6981 -0.5735 0.2792 -0.3252 55.00 1.50 81.12 0.58 -4.50 1.64 0.5400 4.6800 0.1100 -0.4133 1.7244 -1.7456 1.44 -9.62 1.20 195 416 210 229 163 
0.5878 -0.5892 0.2897 -0.4727 82.31 14.63 80.37 5.33 -5.27 1.17 2.3200 3.4200 -0.1400 1.0167 1.4689 -1.1233 3.14 -8.92 2.55 196 416 208 229 163 
0.5511 -0.5139 0.2566 -0.6052 96.25 19.81 65.25 6.45 -7.57 4.17 3.6600 0.3500 0.5500 2.0822 0.5978 0.2656 3.05 -7.69 5.25 195 417 207 229 164 
0.6146 -0.3986 0.1943 -0.6525 92.69 15.13 49.00 5.37 -10.51 3.59 3.7900 -2.6500 -0.0300 1.0467 -0.3467 0.7200 2.59 -6.64 6.72 195 418 207 230 164 
0.6572 -0.3645 0.1558 -0.6411 88.00 17.81 45.06 4.01 -7.13 6.93 0.5200 -1.3100 -0.4200 1.3256 -6.0222 -0.3944 5.45 -6.06 5.44 177 414 206 233 165 
0.6759 -0.5463 -0.1572 -0.4691 59.00 52.75 73.19 11.72 -4.58 -2.43 3.7400 0.2300 -2.5800 3.5789 -7.5033 1.6056 6.96 -6.66 -1.81 96 402 191 213 151 
0.6415 -0.5643 -0.5173 0.0482 340.19 34.69 102.94 6.76 -4.92 -2.18 2.6000 2.8700 0.0700 2.3011 -2.8333 0.3044 4.95 -8.27 -1.76 101 402 194 217 151 
0.6056 -0.4319 -0.6110 0.2710 309.56 30.62 94.19 6.45 -5.52 0.16 0.4100 2.2700 0.5800 2.7889 0.3900 -0.4856 5.15 -8.24 1.23 105 412 203 219 156 
0.6984 -0.3083 -0.5438 0.3484 306.75 32.63 76.37 4.21 -6.64 6.58 -2.4500 1.1500 4.0000 -2.6933 -0.9444 0.2578 4.91 -8.45 0.76 105 414 201 219 155 
0.6266 -0.4319 -0.5845 0.2814 311.69 29.25 97.81 5.66 -7.87 -9.36 0.4100 0.2900 -8.2700 0.9633 -0.4956 -0.4344 4.94 -8.36 -1.28 106 407 203 217 153 
0.6367 -0.3825 -0.5935 0.3099 306.31 31.62 83.62 3.96 -4.64 2.72 -1.9300 5.4500 13.5100 -0.4056 -3.5122 -0.0267 5.44 -8.05 1.26 104 407 206 222 156 
0.6795 -0.3243 -0.5600 0.3456 306.81 32.75 80.31 5.26 -6.08 3.18 -0.3800 2.4200 2.3600 -1.2978 0.9133 -0.8278 5.67 -7.95 0.82 123 396 211 234 166 
;
