0.6659 -0.0553 -0.2289 -0.7079 93.44 22.00 -15.63 2.92 2.23 9.22 0.3300 0.2300 0.8200 0.0622 -0.2767 0.0667 3.81 2.46 8.69 164 368 349 342 202 
0.6683 -0.0551 -0.2299 -0.7054 93.00 22.56 -15.69 3.98 2.68 8.76 0.8400 0.6700 0.2800 -0.3889 -0.0111 0.1178 3.76 2.26 8.76 163 360 333 336 202 
0.6773 -0.0638 -0.1572 -0.7159 92.00 9.75 1.50 -5.40 10.14 18.90 -8.0700 2.1400 7.2500 -8.6467 -2.0111 -0.5811 0.85 -6.21 7.53 182 395 212 213 155 
0.5955 -0.3851 0.3292 -0.6235 94.69 5.75 72.12 1.19 -1.79 -4.69 1.3500 8.1500 -7.3400 -4.0400 0.5189 -0.2656 1.19 -9.71 -0.61 186 411 172 188 130 
0.4153 -0.5342 0.5173 -0.5240 104.31 7.69 96.25 2.72 -8.25 -3.97 0.9300 1.7500 -1.8900 0.8189 0.5356 -0.2167 1.49 -9.68 -0.48 189 415 174 184 130 
0.4326 -0.5007 0.4841 -0.5726 103.25 7.62 84.69 8.39 -2.41 1.35 7.9700 6.2400 0.0300 2.9000 -1.6678 2.1289 0.12 -9.35 2.95 190 415 173 191 133 
0.6813 -0.3859 0.3409 -0.5203 66.12 -5.50 56.31 2.20 -12.48 16.15 2.0500 -5.0300 10.9800 -0.3400 -2.9878 4.9367 -2.06 -7.42 6.05 189 410 178 193 135 
0.8522 -0.3950 0.2640 -0.2191 25.44 -16.19 58.38 -9.27 -5.02 9.00 -5.4600 4.1800 3.3500 -2.5822 0.5989 -0.3656 -2.73 -8.86 3.17 194 410 183 197 136 
0.7310 -0.5638 0.3289 -0.1990 34.19 -12.88 84.12 -4.02 0.35 3.95 -1.7900 10.4900 3.0400 -1.1433 2.5833 -2.6722 -0.04 -9.80 -0.23 193 414 184 197 136 
0.5735 -0.6140 0.3496 -0.4147 79.50 9.56 87.12 7.25 -3.46 2.45 5.8200 5.2600 1.1500 2.3678 1.3167 -1.9822 2.85 -9.07 2.39 195 414 183 197 137 
0.5773 -0.5035 0.2597 -0.5880 87.25 15.00 64.19 4.34 -10.24 6.33 1.7400 -2.6600 2.7800 1.7856 -1.5022 2.8422 1.32 -8.18 5.22 190 407 189 203 142 
0.7293 -0.4295 0.2141 -0.4876 66.25 6.94 57.75 -1.23 -8.62 8.34 -1.8700 -0.0800 1.5300 -0.6467 -0.7900 -0.7133 1.83 -8.41 4.69 184 275 197 217 150 
0.7119 -0.5045 0.1433 -0.4671 66.06 19.00 62.31 5.83 -7.61 1.68 3.2300 0.3500 -2.8300 0.7178 -2.4333 -0.8911 4.56 -7.66 4.07 181 317 334 345 188 
0.7458 -0.5153 -0.0458 -0.4196 52.63 30.56 55.44 8.88 -4.47 1.52 3.6500 3.1200 -4.0000 5.4222 -0.8689 2.4467 4.46 -5.70 6.60 106 251 275 281 177 
0.9451 -0.2488 -0.1179 -0.1760 15.31 6.94 19.94 2.99 3.22 7.02 4.1700 8.2600 0.7000 4.1411 4.6867 5.4122 -2.77 -0.12 9.40 85 175 182 187 124 
0.9698 0.0288 0.2121 0.1169 341.56 -18.19 -10.50 -38.86 6.05 15.34 -3.9300 3.1800 1.1800 -0.6889 -1.4778 -0.3589 -3.19 1.32 9.17 87 173 184 190 124 
0.9765 0.0265 0.1610 0.1410 344.50 -18.00 -4.06 -4.63 2.75 10.44 -3.2000 1.8400 1.9200 -0.6367 0.4656 -0.8567 -3.46 -0.06 9.17 91 179 188 195 127 
0.9774 -0.0513 0.1954 0.0618 357.50 -22.94 8.56 -0.83 3.16 10.21 3.1800 4.5000 0.5900 -1.0811 1.6778 -3.5122 -4.21 -3.32 8.20 92 184 190 199 128 
0.9349 -0.1750 0.2617 -0.1640 23.50 -25.87 30.06 2.00 -5.19 6.40 6.1900 -0.9200 -0.8600 -0.3233 0.7100 -1.4678 -4.01 -5.23 7.25 92 189 190 199 129 
0.8928 -0.2255 0.2772 -0.2745 32.56 -21.37 34.19 -1.84 -6.27 8.57 0.6600 -0.7500 0.9600 0.9333 -1.8267 2.3489 -3.58 -4.07 8.16 91 190 190 202 131 
0.9348 -0.1820 0.2154 -0.2160 24.94 -20.06 27.12 -4.87 -4.18 7.72 1.5700 0.5400 -0.7700 -0.1822 0.1733 0.4544 -3.49 -4.21 8.13 93 191 194 203 132 
0.9387 -0.1833 0.2280 -0.1824 21.00 -21.37 27.56 -4.88 -4.57 8.28 -2.5200 -1.0600 -0.2800 -0.0422 0.0456 -0.6144 -3.42 -4.42 8.04 107 216 222 228 162 
;
0.9278 -0.1983 0.2147 -0.2319 32.63 -16.06 29.56 -3.50 -4.27 4.11 -0.7800 1.2100 -3.3000 1.6122 -0.3211 -3.4267 -1.53 -4.34 8.65 144 306 293 308 193 
0.8707 -0.1442 0.1067 -0.4579 58.75 -0.50 16.37 2.79 2.17 7.59 2.0400 4.2500 -1.9200 2.3533 0.5178 -0.5678 -0.27 -1.13 9.73 160 357 337 373 202 
0.8486 -0.0063 0.0258 -0.5284 63.63 -2.75 2.50 -0.85 2.04 15.67 -1.4000 2.2900 5.8400 -2.2700 1.6233 -1.3756 -1.42 -1.77 9.53 179 397 235 236 170 
0.7906 -0.1030 0.1672 -0.5799 77.62 -7.87 31.31 -3.71 -0.94 10.11 -2.8800 5.9200 1.5300 -6.1100 0.9200 -3.5578 0.24 -8.64 4.63 192 415 183 195 154 
0.4957 -0.4023 0.4188 -0.6459 111.56 8.94 75.31 7.34 -5.71 -1.52 5.1000 3.2000 -2.6400 -1.0467 0.8900 -0.1600 1.81 -9.49 1.63 195 417 185 197 154 
0.3925 -0.4194 0.4821 -0.6616 117.87 9.38 78.75 1.42 -8.80 1.54 -0.1400 0.9100 -0.5000 0.8811 -0.5389 0.1700 1.45 -9.39 2.39 196 419 182 195 157 
0.4521 -0.3859 0.4455 -0.6696 108.06 4.19 68.81 5.47 -3.99 3.47 5.4600 4.2400 0.8000 2.8900 -0.4433 2.8044 -0.78 -8.21 5.30 196 420 181 191 163 
0.6703 -0.2557 0.3390 -0.6086 78.00 -9.63 44.94 0.96 -8.45 12.97 2.4600 -1.7600 6.5100 0.4867 -1.7122 4.0400 -2.37 -5.72 7.59 197 420 181 190 164 
0.8708 -0.2061 0.2512 -0.3690 39.81 -19.00 36.13 -9.87 -5.04 11.61 -5.3600 1.8500 4.4200 -2.0767 -0.1978 1.0400 -3.50 -6.19 6.74 196 421 189 193 164 
0.8679 -0.3254 0.2983 -0.2277 30.25 -21.37 53.06 -7.72 -3.90 6.13 -3.6800 4.4600 1.2000 -1.7133 1.1067 -1.7756 -2.99 -8.51 3.84 199 421 189 193 165 
0.7411 -0.4637 0.3624 -0.3231 52.94 -10.81 74.25 -1.29 -2.40 1.61 0.2800 7.0500 -0.8300 -0.2456 1.9956 -2.1556 -0.53 -9.55 2.15 198 420 193 195 165 
0.6075 -0.4746 0.3862 -0.5065 85.12 2.44 73.00 4.57 -5.55 3.32 3.9400 3.4000 0.6900 2.2622 1.5322 -1.3856 0.92 -8.73 4.36 197 423 190 195 164 
0.5756 -0.3489 0.3265 -0.6636 98.00 4.12 53.44 6.58 -5.80 7.07 5.6000 1.8700 1.3800 2.3511 0.0600 1.4111 0.17 -6.89 6.97 198 422 194 196 165 
0.6699 -0.2355 0.2390 -0.6623 87.06 -1.44 37.69 -2.72 -9.99 10.62 -1.0300 -2.1100 2.7700 0.0100 -0.4467 0.5100 -0.21 -5.91 7.81 197 421 195 198 165 
0.7102 -0.2352 0.2278 -0.6232 82.25 -1.69 38.63 -1.73 -6.17 8.04 -1.5400 -0.3100 0.6400 -0.4511 0.0111 -0.1867 -0.25 -6.37 7.45 144 379 219 233 176 
0.6966 -0.2586 0.2465 -0.6222 82.81 -0.88 42.50 4.81 -7.15 7.78 4.3700 -1.0900 0.4800 -1.2478 0.0800 1.1367 -0.52 -7.02 6.82 96 216 245 256 177 
0.7816 -0.2971 0.2403 -0.4930 56.69 -7.37 44.38 5.27 -1.88 5.68 6.7700 5.9800 -2.6100 1.5644 -1.4567 5.0800 -2.90 -5.54 7.54 95 188 203 213 144 
0.9426 -0.1707 0.2380 -0.1606 10.81 -25.00 18.75 -4.67 6.21 11.81 -2.6900 7.1300 3.4600 -0.0656 -0.7700 4.1833 -4.29 -1.04 8.75 94 182 189 194 125 
0.9644 -0.0570 0.2184 0.1375 341.75 -25.94 3.62 -0.73 2.42 9.13 3.1400 1.2800 -0.3800 -0.1211 1.0589 -0.7189 -4.02 -0.78 8.90 93 187 188 189 123 
0.9679 -0.0763 0.2164 0.1026 350.12 -25.75 7.75 -5.14 2.29 9.49 -0.9000 3.5200 0.6300 0.2278 1.0633 -2.8778 -4.55 -2.09 8.42 94 190 191 194 127 
0.9536 -0.1121 0.2596 -0.1039 15.69 -28.00 19.19 0.24 -0.49 9.40 5.1100 2.1000 0.9800 0.1111 0.6656 -2.4056 -4.29 -3.66 8.01 95 195 194 194 129 
0.9139 -0.1334 0.2703 -0.2719 35.88 -24.25 25.44 5.10 -4.81 7.47 9.3800 -0.3400 1.9000 0.8456 -0.2433 0.8656 -3.65 -3.10 8.55 97 196 196 198 131 
0.9371 -0.0929 0.2036 -0.2678 28.00 -17.87 15.50 -3.26 -1.57 10.91 -8.9200 0.8300 5.4400 0.3278 -2.6767 -0.5811 -3.29 -2.38 8.92 95 198 195 200 131 
0.9509 -0.0895 0.2100 -0.2093 24.31 -21.37 16.25 -5.50 -3.69 9.45 -1.2400 -1.2000 0.1700 -0.6100 0.4511 -0.2956 -3.69 -2.92 8.60 98 199 197 201 135 
0.9426 -0.1191 0.2233 -0.2180 28.06 -19.94 20.44 -3.63 -4.23 7.24 -0.1500 -1.1800 -1.7000 0.2444 -1.1833 -1.6233 -2.08 -3.23 9.01 118 264 243 246 178 
;
