0.2997 0.1638 0.1080 0.9337 215.56 13.75 -18.00 1.85 2.94 9.63 -0.3500 0.0500 0.5300 0.0911 -0.1967 -0.0300 2.44 3.02 9.00 159 282 271 298 197 
0.3015 0.1724 0.1103 0.9313 215.94 14.94 -18.69 2.37 2.79 9.03 -0.0900 -0.3100 0.3300 -0.0600 -0.1778 -0.0644 2.62 2.98 8.96 157 284 270 298 197 
0.3047 0.1787 0.1035 0.9298 216.19 15.56 -18.12 2.42 2.51 9.09 -0.2900 -0.3500 0.0900 0.0667 0.0522 0.0689 2.59 2.92 8.99 158 283 269 295 196 
0.2997 0.1757 0.1049 0.9318 215.56 15.19 -18.25 2.05 3.06 9.13 -0.3700 0.0500 0.2400 -0.0111 -0.0522 0.0067 2.55 2.97 8.98 159 287 270 298 196 
0.2957 0.1798 0.1085 0.9319 214.94 16.87 -19.44 2.29 4.66 12.70 6.4000 4.5300 9.2400 -0.7344 -2.6722 1.6133 4.39 2.52 8.39 172 345 227 210 181 
0.2467 0.1935 -0.0663 0.9473 207.31 18.81 16.50 1.00 2.97 7.17 -1.1100 6.7300 -2.4000 -7.3300 1.5600 2.1744 1.06 -7.76 5.89 193 390 184 188 158 
0.1484 -0.0709 -0.5502 0.8187 198.62 -0.56 73.19 -4.24 -2.81 -6.60 -3.6500 5.0200 -7.0900 -0.4600 -0.1756 0.8456 -0.92 -9.54 2.06 196 390 193 193 160 
0.0948 -0.1308 -0.5818 0.7971 194.12 -4.94 70.50 2.28 -2.29 2.34 4.2600 7.1800 -1.7300 3.2800 -0.5656 -0.1400 -0.48 -8.03 5.59 197 391 190 193 160 
0.0951 -0.0414 -0.3670 0.9244 188.69 1.69 36.44 9.58 -4.50 14.36 8.7700 0.3400 7.0600 3.4178 -2.9156 2.4767 1.62 -3.62 8.96 197 392 190 195 161 
-0.1296 0.1542 -0.1459 0.9686 157.87 16.62 22.00 -3.47 -5.92 20.34 -7.8800 -0.6900 9.1500 -2.3289 -1.1567 3.2389 2.57 -5.42 7.74 197 392 193 198 162 
-0.3331 0.2405 -0.2925 0.8635 136.44 10.31 47.44 -4.56 -3.66 8.76 -4.9100 4.2700 3.7100 -2.4144 1.3489 0.1489 0.96 -8.24 5.21 195 392 196 200 163 
-0.2654 0.2137 -0.4714 0.8134 147.81 6.44 63.81 -0.05 -0.41 5.94 -2.8800 7.4400 1.2300 -1.1989 2.8022 -2.7011 2.00 -8.85 3.70 196 397 196 205 166 
0.0115 0.1603 -0.5411 0.8254 187.19 17.31 67.31 6.74 -0.80 3.38 4.5800 7.6600 -0.3300 0.7922 2.5978 -2.3333 3.66 -7.71 4.81 196 397 197 205 165 
0.2304 0.1034 -0.4398 0.8618 210.31 22.25 46.94 11.08 -5.73 5.10 7.2500 -0.1000 -0.0600 3.2167 -0.9544 0.3600 4.00 -4.81 7.54 196 393 200 203 166 
0.1586 0.1812 -0.2626 0.9344 196.31 25.62 27.62 -0.15 -9.09 14.16 -4.6800 -4.5900 6.4300 -0.2056 -0.7678 0.2044 4.72 -4.14 7.52 192 393 202 211 169 
0.1118 0.2311 -0.2723 0.9273 194.62 29.19 32.88 2.04 -6.46 9.97 -2.0900 -1.5700 2.5400 -1.6633 1.0311 0.1456 4.36 -5.46 6.87 180 312 232 253 185 
0.1544 0.1708 -0.3668 0.9014 201.06 24.12 44.31 4.99 -7.11 7.99 3.1700 1.4500 3.4500 -2.1167 0.8278 -0.1289 3.62 -7.22 5.54 172 289 283 303 199 
0.1925 0.0853 -0.5172 0.8296 206.62 17.25 68.75 5.27 -2.49 3.86 1.3000 6.2300 -0.1000 -4.1856 0.1989 1.6611 1.65 -9.66 0.32 163 307 294 318 202 
0.1434 -0.0960 -0.7475 0.6415 203.75 3.12 102.12 -1.45 -5.69 -6.40 -1.9600 3.3700 -3.6600 -0.8200 -0.3533 0.3833 0.09 -9.34 -2.96 163 297 294 309 202 
0.1055 -0.1433 -0.7950 0.5800 200.50 0.19 106.94 -0.85 -9.16 -5.89 -1.1800 -0.0800 -3.6200 0.5433 0.3922 -0.5978 0.44 -9.46 -2.51 166 307 294 315 204 
0.1505 -0.0986 -0.7304 0.6589 204.50 7.25 83.50 -1.38 -3.89 0.68 1.0900 3.3900 4.4800 9.1244 -0.3344 -1.2622 1.89 -7.25 6.32 169 308 285 294 200 
0.1790 0.0530 -0.3437 0.9203 201.56 12.94 40.50 3.07 -5.21 11.63 0.4200 0.7600 2.8000 -1.6300 -0.4211 0.4911 2.20 -7.30 6.15 169 304 282 294 200 
0.1341 0.0316 -0.4842 0.8641 197.19 9.00 61.13 0.39 -4.04 5.75 -0.1200 4.1900 0.2500 -4.6022 0.6689 1.3633 0.42 -9.67 1.54 166 305 282 297 201 
0.1072 -0.1187 -0.7289 0.6656 200.19 -0.88 103.12 -3.03 -7.65 -10.60 -2.2700 0.7000 -8.6200 -1.7978 0.0311 -0.2467 0.02 -8.85 -4.21 167 289 269 290 196 
0.1165 -0.1492 -0.8280 0.5278 206.75 3.44 111.69 -0.83 -7.87 -12.73 -1.3400 1.4200 -10.4500 5.2600 -0.5844 -0.8044 1.11 -9.74 0.02 169 295 276 285 197 
0.1778 -0.0298 -0.5546 0.8124 203.94 10.50 53.44 5.03 8.60 25.87 4.0800 14.5100 19.2100 -0.5189 -0.0522 -0.0022 2.04 -6.76 6.80 169 302 280 286 198 
0.1860 0.0478 -0.4241 0.8850 203.81 14.44 53.31 2.13 -5.43 6.53 -0.4500 2.7300 1.2600 -3.6611 0.3389 0.5333 2.10 -8.89 3.54 169 315 280 297 199 
;
