0.9153 0.0172 -0.1951 -0.3520 42.06 20.12 -10.31 3.42 1.63 9.06 0.0200 -0.0300 0.0100 0.0067 0.0044 0.0022 3.38 1.65 9.05 158 334 348 378 216 
0.9153 0.0172 -0.1951 -0.3520 42.06 20.19 -10.31 3.30 1.58 9.14 -0.0900 -0.0400 0.1100 0.0967 -0.1556 0.0600 3.51 1.67 9.00 158 329 335 368 214 
0.9136 -0.0005 -0.2133 -0.3463 41.63 20.56 -4.69 2.40 3.59 23.75 1.7400 0.4200 10.2000 -8.0800 7.9956 1.3700 -1.42 -4.45 8.62 182 367 176 186 161 
0.8246 -0.2906 0.2958 -0.3849 56.69 -9.94 55.00 4.32 -0.72 2.56 4.6800 7.9900 -4.2000 -3.3644 3.7933 -1.5722 -0.91 -9.33 2.86 195 392 166 183 165 
0.5965 -0.4357 0.4232 -0.5247 85.12 -1.87 72.81 7.52 -3.42 -0.39 7.6900 5.3400 -2.8500 2.8744 -0.2056 1.0489 -0.84 -8.61 4.61 193 398 174 189 169 
0.7114 -0.2946 0.3190 -0.5525 69.37 -9.19 43.81 4.74 -6.61 13.15 5.7900 -1.3100 6.3700 2.7511 -2.4911 4.6444 -2.00 -4.36 8.55 196 397 180 194 172 
0.9200 -0.1721 0.1893 -0.2968 30.00 -14.94 28.94 -10.27 -3.60 15.60 -6.7800 2.9100 6.5200 -3.2044 -0.4100 0.5067 -2.50 -6.51 6.89 197 404 184 198 175 
0.8635 -0.4012 0.2372 -0.1926 28.37 -13.44 60.38 -7.91 0.76 5.54 -4.4100 9.2600 -0.0400 -2.2144 1.6133 -3.1489 -0.81 -9.35 2.82 197 402 185 198 176 
0.6940 -0.5534 0.2714 -0.3721 63.69 4.94 76.00 1.38 -2.60 2.47 1.8400 6.6400 -1.2800 1.6767 1.4511 -2.9900 2.28 -8.91 3.39 198 401 186 198 176 
0.6208 -0.4595 0.2385 -0.5886 87.81 13.06 56.06 9.04 -4.90 5.66 8.1200 2.1700 -1.7100 3.3478 0.2244 1.4789 1.50 -6.54 7.14 196 405 189 200 176 
0.7609 -0.2737 0.1066 -0.5786 68.87 9.75 27.87 1.65 -5.63 15.93 -1.4500 -0.7400 7.4400 1.9078 -1.5478 2.5878 1.89 -3.29 9.04 197 404 192 206 179 
0.8835 -0.2056 -0.0278 -0.4199 49.63 16.00 21.00 -0.17 -3.52 10.80 -4.1700 -0.5900 0.7800 1.0133 -6.1289 -0.4433 5.96 -2.82 7.25 197 329 275 300 187 
0.7755 -0.2960 -0.5137 -0.2170 17.37 72.12 100.81 3.90 -2.10 -0.79 -5.1900 2.5400 1.4400 -0.4911 -6.8256 0.6656 6.82 -3.60 -6.04 198 274 274 317 207 
0.3098 -0.4012 -0.8620 -0.0074 51.88 25.44 172.75 3.88 -1.16 -10.24 -0.6000 0.3600 -0.2000 -1.9744 0.3411 -0.6800 4.01 0.74 -8.91 190 261 259 315 211 
0.1488 -0.4208 -0.8752 -0.1863 50.63 25.69 -164.94 5.63 3.51 -11.19 3.1700 -0.1300 -3.8600 0.0433 -0.6300 0.1844 3.96 2.58 -8.58 187 264 262 312 209 
0.1360 -0.4163 -0.8765 -0.1999 51.56 24.06 -165.87 10.85 1.99 -17.07 10.0600 0.6100 -9.6100 0.7144 1.6411 1.9311 5.02 1.13 -8.34 188 277 274 326 207 
0.2639 -0.5322 -0.7944 -0.1268 74.56 31.87 159.56 2.64 3.93 -15.61 -7.6400 15.2700 -4.6900 8.5978 4.1222 1.9244 4.49 -8.52 -1.83 203 410 374 435 213 
0.6434 -0.4792 -0.5147 0.3024 306.56 19.75 85.31 -0.47 -1.66 4.06 -4.4600 6.9600 2.5300 0.7278 0.0400 0.2989 2.99 -9.21 1.49 203 414 378 443 214 
0.6860 -0.4647 -0.4511 0.3315 308.50 18.56 80.50 2.29 -8.66 2.63 -0.5900 0.2100 0.9300 -0.0122 -0.2089 -0.2211 3.30 -9.12 1.40 204 414 379 442 215 
;
