0.8776 -0.0831 -0.4136 -0.2276 29.06 49.81 -3.75 7.54 0.56 6.39 0.0800 0.1000 0.0700 -0.0322 0.0100 0.0067 7.49 0.40 6.31 157 341 348 358 198 
0.8772 -0.0848 -0.4135 -0.2289 29.19 49.81 -3.62 7.40 0.67 6.46 -0.0500 0.2300 0.1300 -0.0567 -0.0611 0.0022 7.50 0.37 6.29 157 339 345 344 197 
0.8827 -0.1027 -0.3985 -0.2269 30.81 45.44 7.31 13.06 2.32 13.91 7.6800 2.2700 6.1300 -6.1989 3.8467 0.3667 5.02 -4.26 7.26 178 350 254 246 180 
0.8224 -0.4279 -0.0192 -0.3743 54.06 14.75 59.19 3.19 -0.66 3.69 -2.3300 8.5100 -5.8200 -9.6956 11.2300 0.2711 1.19 -9.66 -1.18 196 398 169 176 140 
0.3918 -0.6083 0.4612 -0.5136 110.00 17.56 98.37 6.44 -5.76 -2.59 2.4400 4.1700 -0.7700 1.7744 0.2589 -0.0189 3.01 -9.33 -0.03 197 408 171 182 144 
0.4128 -0.5425 0.4353 -0.5880 108.44 16.00 87.25 3.26 -10.00 0.71 0.3200 -0.3200 -0.4900 0.3344 0.0422 0.1411 2.56 -9.44 0.63 196 409 176 185 145 
0.4480 -0.5261 0.4194 -0.5887 103.81 13.06 82.56 3.52 -3.83 -1.00 1.1700 6.2100 -2.1900 1.2156 -0.4011 1.4044 1.38 -9.41 2.34 200 406 174 186 146 
0.5917 -0.4285 0.3587 -0.5810 83.12 1.94 62.44 4.21 -9.76 11.42 4.4600 -1.8200 6.7000 2.3567 -2.7767 3.1000 -0.48 -7.59 6.17 199 405 179 186 146 
0.8344 -0.3286 0.2153 -0.3866 40.81 -7.31 43.38 -9.91 -9.34 15.36 -11.7500 -4.1200 7.5600 -1.8822 -0.9356 2.6444 -2.18 -7.09 6.40 198 407 183 187 146 
0.8616 -0.4273 0.2115 -0.1740 23.81 -11.88 61.81 -5.23 -3.62 9.75 -3.7400 6.1600 5.1200 -3.8244 2.1344 -1.3244 -1.53 -9.51 1.81 199 408 184 188 147 
0.6736 -0.6259 0.2955 -0.2592 49.38 -0.56 91.31 0.71 0.00 0.15 0.8500 9.0300 0.3100 -0.8667 2.7989 -1.9156 1.57 -9.63 -0.88 200 409 184 189 147 
0.5139 -0.6478 0.3226 -0.4605 90.00 18.19 89.56 6.91 -5.21 -1.47 4.1600 3.5300 -2.2500 2.6244 1.9478 -1.2711 3.79 -8.77 2.16 198 409 185 190 148 
0.5231 -0.5015 0.2446 -0.6443 100.62 23.06 59.44 13.23 -4.32 5.28 12.0000 3.2000 -0.6100 4.3867 -0.8167 2.3000 3.01 -6.45 6.74 201 407 186 192 150 
0.7624 -0.3304 0.0944 -0.5483 67.94 12.44 37.38 -8.28 -11.20 15.88 -10.5900 -4.7700 5.9400 -0.3244 -0.9111 -0.7567 2.58 -5.83 7.44 198 409 189 195 152 
0.7712 -0.3573 0.0432 -0.5251 69.56 19.69 38.88 6.40 -3.95 5.40 1.7700 0.2900 -3.4900 1.8578 -1.1056 -0.6167 4.21 -4.87 7.39 166 390 199 206 161 
0.7914 -0.3121 -0.1189 -0.5120 64.25 33.38 19.69 7.88 -0.31 5.02 2.5000 0.6500 -1.7000 3.1311 -0.9222 -0.0122 6.31 -0.65 7.47 133 376 182 197 153 
0.8269 -0.1451 -0.3430 -0.4213 50.81 45.31 -9.94 7.47 2.29 6.81 0.3900 0.5100 -0.5500 3.6400 -1.5011 0.2489 7.62 2.76 5.51 111 376 183 195 152 
0.8145 0.0306 -0.5043 -0.2851 34.19 55.63 -39.38 11.74 4.99 5.51 3.6100 1.5100 2.2700 3.4933 -0.4233 1.7067 8.68 3.42 3.00 117 382 185 196 153 
0.7943 0.1315 -0.5905 -0.0569 2.25 69.81 -40.81 9.46 4.32 5.33 -0.5400 2.2000 2.6400 -0.0167 0.3367 2.3633 9.39 0.65 2.74 122 384 189 196 152 
0.8004 0.0433 -0.5916 0.0863 346.56 71.81 17.87 6.81 1.02 4.14 -2.5400 2.6300 1.9900 -3.2633 0.0678 1.5667 9.10 -2.63 2.50 116 388 192 197 133 
0.7795 -0.1743 -0.5993 0.0534 356.44 66.06 61.00 4.30 -0.64 -0.14 -5.2900 2.8100 -2.2500 -2.7300 0.1056 -1.5678 9.25 -2.97 1.26 117 389 192 200 137 
0.7419 -0.2686 -0.5917 -0.1654 32.50 77.69 37.75 8.77 1.21 -3.26 0.7300 1.5700 -5.2200 -0.0778 -0.7556 -2.7078 9.68 0.89 1.28 116 393 193 201 138 
0.6730 -0.1740 -0.6489 -0.3094 49.75 76.56 -70.37 12.66 2.60 -1.79 5.8000 0.9100 -0.2100 2.0733 0.2400 -0.8056 9.33 2.99 0.21 117 391 191 199 139 
0.6564 -0.0250 -0.7192 -0.2266 33.44 73.12 -101.00 10.15 3.90 3.62 1.5000 1.9200 5.2100 1.3856 0.6144 0.1611 9.45 2.56 -0.41 118 390 191 199 140 
0.6785 0.0251 -0.7198 -0.1443 24.56 76.44 -97.56 8.67 2.90 1.17 -1.1300 0.6200 1.0500 -1.4556 -0.0978 0.3522 9.59 2.04 -0.04 139 391 205 209 157 
;
