0.0868 -0.0535 -0.3077 -0.9460 169.50 8.88 -35.44 1.54 5.61 7.83 0.0100 0.0000 -0.0500 0.0033 0.0022 -0.0022 1.51 5.61 7.89 156 344 346 369 211 
0.0868 -0.0535 -0.3077 -0.9460 169.50 8.88 -35.44 1.54 5.60 7.84 0.0500 -0.0100 -0.0900 -0.0044 -0.0078 -0.0022 1.51 5.61 7.89 156 344 347 368 211 
0.0870 -0.0539 -0.3087 -0.9457 169.31 10.63 -35.94 -0.59 7.65 13.10 0.1800 4.6900 8.7000 0.1478 -4.9844 2.0156 5.07 5.26 6.53 159 315 307 335 212 
0.0818 -0.3901 -0.2517 -0.8819 168.56 56.25 -26.19 14.71 8.89 7.75 7.7000 8.4600 1.4300 -5.8189 1.7200 3.4789 8.27 -1.84 4.92 153 280 267 295 210 
0.0831 -0.4718 0.2233 -0.8489 167.50 46.13 58.81 2.85 -0.39 -3.08 -2.4900 7.0000 -5.8900 -4.1056 0.7278 2.9467 5.44 -8.04 1.37 156 305 290 328 210 
0.0926 -0.3692 0.5896 -0.7124 164.06 19.50 90.44 -0.02 -5.49 -3.43 1.0300 4.0400 -4.0000 -0.9022 0.0833 2.9322 0.93 -9.72 -0.88 161 378 349 365 213 
0.1862 -0.2471 0.6948 -0.6492 146.12 4.31 92.94 -0.82 -7.58 -5.07 -2.0700 2.4800 -5.7500 1.6100 -0.9567 -1.2033 1.59 -9.65 0.70 162 377 330 373 214 
0.2327 -0.3566 0.5003 -0.7539 144.44 21.87 65.25 7.76 -0.29 -1.68 3.6700 9.5600 -5.3300 8.8700 -1.5067 -0.2500 4.69 -4.40 7.39 164 385 351 383 214 
0.4259 -0.2283 -0.0522 -0.8739 122.75 24.44 -6.56 3.89 11.13 15.88 2.0500 8.7700 7.8500 4.3089 2.4044 -0.0878 3.20 3.76 8.46 164 389 372 402 218 
0.5097 -0.0126 -0.2915 -0.8093 115.62 16.69 -28.44 -0.81 4.85 11.60 -1.5100 0.7300 1.9400 -0.0722 -0.4244 -0.1844 2.99 4.34 8.26 164 398 378 411 220 
0.4961 -0.0239 -0.2823 -0.8207 117.69 18.87 -27.44 2.77 5.28 10.19 -1.7400 1.4600 2.6100 -0.2433 -2.1533 0.6789 4.21 3.99 7.90 168 385 365 406 216 
0.4760 -0.1940 -0.2957 -0.8052 120.19 39.88 -14.56 5.09 8.21 13.64 -0.7600 7.4800 5.3500 -4.8989 0.3122 0.2622 6.18 -1.17 7.52 174 367 364 379 215 
0.3771 -0.3184 0.0309 -0.8691 137.25 28.50 28.19 9.88 1.94 3.80 3.8700 5.9500 -6.2000 -5.7400 0.8089 -0.1867 4.17 -6.92 5.54 171 357 346 364 214 
0.2186 -0.3124 0.4297 -0.8185 153.06 13.69 67.94 1.87 -5.02 -4.48 -0.7200 3.1800 -7.6100 -2.8522 0.1944 0.6111 1.40 -9.60 1.39 169 374 361 370 213 
0.1719 -0.2492 0.6420 -0.7044 150.75 7.31 87.94 1.51 -9.38 -3.48 -1.1900 -0.4800 -3.0600 1.0622 0.7589 -0.2178 1.38 -9.66 0.96 170 366 338 379 213 
0.1973 -0.2808 0.5947 -0.7271 147.81 12.19 79.06 0.40 -6.31 -5.08 -1.0300 3.3400 -8.5300 3.6700 -3.2178 -1.3933 3.62 -8.23 3.89 171 359 347 381 214 
0.3140 -0.4056 0.2593 -0.8183 135.87 33.50 40.94 7.32 3.52 3.84 2.5300 7.1500 -0.7200 6.8322 -0.3544 -0.7711 5.79 -1.52 7.76 168 368 351 382 215 
0.4323 -0.2557 -0.1593 -0.8499 124.00 30.25 -12.63 1.56 8.94 12.42 -2.5000 5.0300 3.6400 2.3022 -1.0556 -0.1933 4.41 3.64 7.96 172 395 356 408 219 
0.4741 -0.0309 -0.2670 -0.8385 121.69 19.44 -25.69 3.04 4.35 6.99 -0.2100 0.4600 -1.5800 0.2211 0.2111 -0.0289 3.49 4.09 8.19 173 395 363 411 219 
0.4671 -0.0538 -0.2842 -0.8355 121.37 21.31 -27.06 3.58 4.51 8.14 0.1500 0.2900 -0.7100 -0.4578 -0.5900 0.0122 3.93 3.94 8.07 174 375 360 389 220 
0.4619 -0.1251 -0.3149 -0.8196 121.81 34.75 -27.31 0.58 7.39 12.89 -5.2800 3.5700 4.1600 -3.5011 -3.1156 -1.1422 6.99 2.33 6.47 163 334 227 203 187 
0.2717 -0.3232 -0.2213 -0.8790 153.37 38.19 -20.62 5.15 1.05 -4.70 2.7500 0.0500 -12.2500 6.0633 2.2044 -1.9878 4.17 6.11 6.43 131 343 155 168 156 
0.2454 -0.1196 -0.4939 -0.8256 138.44 31.87 -67.31 10.98 15.24 4.23 5.1500 7.9100 2.5800 4.7156 -0.3100 3.8456 7.39 6.43 0.18 135 350 168 180 163 
0.4817 -0.2117 -0.6992 -0.4840 81.12 68.31 -100.56 3.54 10.16 5.17 -7.3500 6.6500 5.1200 -3.1833 2.2144 3.0700 9.67 1.12 1.15 136 353 171 181 162 
0.6012 -0.4167 -0.4547 -0.5082 84.62 73.25 27.12 -1.41 -0.11 0.55 -9.9700 1.9800 -1.0500 -4.9011 -1.3344 0.4522 9.45 -2.53 0.65 130 358 175 181 163 
0.3491 -0.6525 -0.2664 -0.6176 135.62 86.56 -1.31 13.81 7.03 -8.28 0.3100 2.8300 -10.6100 2.3944 0.5467 -4.4700 8.62 4.26 1.87 127 360 183 185 165 
0.1457 -0.4522 -0.4938 -0.7283 154.94 49.25 -82.87 12.02 11.79 -1.58 5.4900 4.9200 -1.2300 3.3200 -0.3233 0.9900 7.67 5.97 -1.26 129 355 183 187 168 
0.2931 -0.3958 -0.6760 -0.5482 116.62 59.00 -121.12 8.88 8.18 2.72 -0.2700 4.2300 5.4500 0.2744 0.5678 1.4978 8.97 3.05 -2.50 133 349 182 191 168 
0.3751 -0.4753 -0.6256 -0.4920 108.00 70.87 -130.62 6.51 3.98 1.60 -3.0300 1.1000 2.7600 -3.6822 3.1100 -1.5156 9.20 3.35 0.32 149 335 213 212 183 
;
