0.1406 0.1107 -0.2807 -0.9429 163.00 -7.50 -34.38 -1.47 5.48 8.04 -0.0100 0.0300 0.0300 0.0056 -0.0044 0.0211 -1.28 5.49 8.01 157 369 374 410 215 
0.1412 0.1115 -0.2805 -0.9429 162.94 -7.50 -34.38 -1.25 5.50 8.03 -0.0200 0.0100 -0.0100 0.0111 -0.0033 -0.0022 -1.28 5.49 8.01 159 367 371 412 216 
0.1409 0.1116 -0.2806 -0.9429 163.00 -7.50 -34.38 -1.47 5.48 7.92 -1.0800 0.5300 0.6600 -0.2156 -1.4844 0.2500 -0.50 5.40 8.16 161 327 335 370 214 
0.1209 -0.0612 -0.2797 -0.9505 166.00 19.25 -28.12 5.98 11.07 21.45 2.9500 6.4400 11.2600 -5.7989 -3.0211 2.7411 6.07 -0.44 7.68 169 332 325 362 215 
0.1537 -0.3901 0.1032 -0.9020 158.81 43.19 39.06 3.23 2.21 0.06 -2.8500 7.8300 -4.9600 -4.7633 -1.4189 2.9356 5.82 -7.50 2.43 161 345 342 377 214 
0.1883 -0.4642 0.4976 -0.7081 151.37 23.06 96.50 2.60 -2.91 -7.33 -1.2400 3.5700 -6.1100 -3.6500 0.3756 1.3722 2.78 -8.28 -4.45 164 349 347 369 213 
0.1221 -0.4283 0.7419 -0.5012 149.81 13.50 116.81 0.79 -7.06 -5.22 -1.0800 0.9200 -1.2000 1.1989 0.9822 0.2489 2.33 -8.96 -3.21 164 345 337 374 215 
0.1735 -0.4244 0.6634 -0.5914 144.00 18.50 99.94 2.92 -0.99 -10.54 -1.2200 9.7800 -11.1700 6.3889 -1.5733 -1.4256 4.28 -8.59 1.98 165 347 339 375 215 
0.3745 -0.4353 0.2201 -0.7885 124.31 33.88 35.88 11.25 10.35 8.88 3.9200 14.7200 6.1400 10.6322 2.0411 0.7211 4.47 1.68 8.56 169 361 343 382 223 
0.5948 -0.0574 -0.2732 -0.7538 101.37 21.94 -26.94 -9.76 5.76 20.66 -8.5300 0.5700 9.8600 -0.6267 -2.0667 -0.3756 2.66 4.15 8.47 171 396 375 430 233 
0.5859 0.0091 -0.2630 -0.7664 105.62 17.00 -25.25 2.97 4.64 7.32 -0.6500 0.8600 0.2800 0.2822 -0.1500 0.2400 3.05 4.11 8.36 174 376 381 422 230 
0.5808 -0.0790 -0.3422 -0.7344 105.44 41.31 -28.00 8.16 9.12 19.16 2.9100 4.4000 8.4600 -5.5167 -3.9222 -0.2178 8.37 1.28 4.93 168 347 259 250 202 
0.3761 -0.4953 -0.2637 -0.7373 121.62 73.81 12.94 12.24 -1.89 -15.24 -3.6500 -0.0100 -7.9600 4.9878 1.3244 0.7711 9.54 -1.99 1.05 123 366 184 191 194 
0.6144 -0.4437 -0.4258 -0.4943 74.19 71.87 12.38 2.44 1.67 4.14 -6.1700 1.9000 0.7600 2.1567 0.7667 -0.2533 9.04 0.29 3.77 123 379 191 200 196 
0.7011 -0.2710 -0.4725 -0.4601 65.31 65.75 -7.19 8.49 3.10 2.17 0.1300 2.4200 -1.5700 0.1689 0.9033 -0.5311 8.73 0.80 4.37 127 380 194 204 196 
0.7016 -0.2488 -0.4465 -0.4965 72.12 60.25 -11.06 9.89 6.06 3.77 2.7000 6.0500 -1.6500 -1.4489 0.6944 -0.5500 8.24 0.74 5.25 128 384 192 203 195 
0.6973 -0.2983 -0.3749 -0.5330 64.44 60.13 16.56 7.51 -0.76 6.65 -4.9200 1.1200 3.0100 -3.1078 2.5700 0.6233 7.80 -3.23 4.98 135 366 198 210 196 
0.7157 -0.4250 -0.2662 -0.4861 70.81 53.38 36.38 7.05 -6.55 5.32 -0.7800 -2.9100 -0.0300 -0.5422 -0.1822 -0.6033 8.07 -3.20 4.54 134 368 198 210 197 
0.6654 -0.4468 -0.2613 -0.5379 78.31 55.88 33.13 8.25 -1.98 5.20 -0.1500 0.9500 0.3400 -0.2589 0.1422 0.2267 8.05 -3.11 4.64 136 365 200 213 197 
0.6645 -0.4604 -0.2468 -0.5344 79.62 54.56 40.56 7.86 -3.35 1.00 0.5700 0.0000 -4.5100 -6.3478 4.4733 -0.8822 7.05 -5.08 4.52 143 364 213 215 196 
0.4532 -0.4123 0.1971 -0.7653 123.19 14.56 50.75 -8.50 -8.77 3.92 1.3200 0.2000 1.7900 -1.1422 -3.6744 0.6522 3.74 -7.90 4.43 164 199 206 218 175 
0.4907 -0.5007 0.2841 -0.6540 105.62 20.62 72.69 5.16 -6.36 7.66 -2.2600 -0.5300 0.6900 -3.0400 0.9978 2.9244 1.11 -9.70 0.88 162 196 185 192 150 
0.4804 -0.4844 0.5016 -0.5320 94.31 1.12 89.81 -3.21 -10.94 2.57 -3.6600 -0.6600 1.6300 -0.4567 -0.8233 -0.3078 0.20 -9.78 -0.53 160 200 191 193 151 
0.4706 -0.5173 0.5150 -0.4955 93.25 1.44 94.00 -1.00 -9.73 -0.14 -0.7900 0.0400 0.8200 -0.1156 0.2278 0.1489 0.17 -9.77 -0.73 161 208 192 202 154 
0.4626 -0.5342 0.5155 -0.4846 89.50 7.06 98.25 -2.66 -7.94 -6.36 -2.7800 2.5800 -4.5200 -0.0578 -10.2400 -7.2300 4.33 -7.79 -4.08 160 204 193 201 154 
0.4216 -0.8730 -0.1695 -0.1771 32.13 24.62 137.62 8.87 -1.52 -11.87 5.9400 4.0500 -3.0800 0.9367 -0.6678 -1.9356 3.58 -5.69 -7.13 161 206 186 200 157 
0.3940 -0.7788 -0.4879 0.0140 353.37 21.06 136.50 5.99 -5.20 -5.88 2.4300 1.4400 0.5300 0.4989 -0.5400 -0.5133 3.53 -6.52 -6.40 156 209 193 200 159 
0.4310 -0.7366 -0.5189 0.0501 348.62 22.87 131.00 4.43 -6.81 -3.40 1.5300 0.0900 2.5100 -0.1411 0.3078 0.1256 3.91 -6.76 -5.92 162 210 197 202 159 
0.4440 -0.7478 -0.4933 0.0153 2.69 26.44 131.37 14.74 -4.97 1.24 7.9900 2.8300 6.5500 -1.6589 5.2656 0.4622 6.07 -6.19 -4.57 162 200 188 202 163 
0.4877 -0.7462 -0.2925 -0.3462 93.06 64.19 104.44 22.30 1.01 0.48 3.6900 1.3100 -1.7900 -2.2211 13.9111 -4.8756 5.75 -1.91 7.70 165 203 206 210 171 
0.1907 -0.1619 0.0735 -0.9654 163.62 11.69 13.25 14.12 4.09 6.03 11.3100 6.0300 -4.0400 -2.6300 -0.1933 -0.3478 1.52 -3.72 8.94 162 219 215 218 178 
0.0994 -0.0913 0.2150 -0.9672 166.44 4.19 24.12 0.32 -2.42 1.22 0.1700 0.8600 -7.6600 4.1756 -0.5078 1.5711 0.29 -1.52 9.68 165 248 230 232 187 
0.2168 -0.0091 -0.0294 -0.9757 150.75 2.12 -11.81 -2.20 9.27 16.97 -3.1200 5.2000 8.3800 2.0811 0.9033 1.7533 0.35 4.15 8.87 170 296 269 272 207 
;
