0.9620 0.1080 -0.2286 -0.1031 12.19 24.69 -16.25 4.13 2.48 8.51 0.0400 0.0000 -0.0600 -0.0022 0.0156 -0.0044 4.09 2.49 8.55 174 349 349 368 203 
0.9620 0.1078 -0.2285 -0.1036 12.25 24.62 -16.25 3.73 2.48 8.45 -0.0800 0.0500 -0.0200 -0.0811 -0.3533 -0.1044 4.23 2.48 8.49 173 343 348 363 203 
0.9512 0.1027 -0.2679 -0.1132 14.06 33.75 -17.75 10.19 4.52 12.22 4.4300 2.7000 4.7600 -1.3967 -4.1878 0.9233 7.54 1.62 6.04 176 335 339 346 205 
0.8782 -0.0558 -0.4628 -0.1067 12.38 55.00 11.81 7.53 2.80 6.70 -0.3700 4.8400 0.1700 -4.9822 1.3978 3.0733 6.87 -4.86 5.02 171 352 358 390 205 
0.8488 -0.4490 -0.2626 -0.0952 17.00 23.87 63.81 1.97 -0.31 -1.64 -1.1500 7.6200 -6.0900 -5.8178 5.2044 1.2400 1.76 -9.59 1.02 169 380 378 418 204 
0.6431 -0.7231 0.1226 -0.2203 39.50 9.56 99.31 2.08 -9.29 -7.68 0.8000 0.0600 -5.1700 -0.0556 -0.2278 -0.3533 1.72 -9.38 -2.27 168 381 381 424 205 
0.5974 -0.7662 0.1140 -0.2075 38.00 10.50 100.62 1.74 -9.30 -3.15 -0.3600 0.5700 -2.2100 0.2822 -0.6567 0.1267 1.66 -9.56 -1.40 167 378 383 419 206 
0.6496 -0.7347 0.0733 -0.1811 28.87 10.88 90.75 3.00 -5.55 -9.71 1.1600 4.5100 -10.5700 6.4878 -1.1478 -0.6622 2.50 -8.72 3.70 170 373 382 416 207 
0.9047 -0.3840 -0.1097 -0.1486 14.81 20.37 28.06 9.14 13.95 9.71 4.3600 15.1700 5.3300 7.8078 0.0233 1.0589 4.00 1.48 8.82 177 375 383 407 204 
0.9595 0.1950 -0.2025 0.0157 355.37 20.94 -26.62 2.13 6.75 12.58 0.7800 2.3500 3.9800 0.4911 0.1556 -0.0833 3.97 4.46 7.77 178 366 380 402 206 
0.9458 0.2493 -0.2034 0.0436 354.81 24.19 -29.87 3.24 3.97 9.12 -0.4300 -0.6700 1.0500 -0.1578 0.0567 -0.0933 3.97 4.36 7.83 176 366 380 401 207 
0.9473 0.2422 -0.2059 0.0382 355.56 24.81 -28.75 5.93 8.05 16.44 2.7700 4.0200 8.9300 -3.3011 2.3300 0.0922 3.51 2.75 8.73 174 259 271 244 189 
0.9928 0.0751 -0.0924 0.0154 358.44 -0.06 -4.75 4.20 -0.73 5.42 4.6800 -1.4800 -5.5000 -0.8167 6.3689 1.1944 -4.74 0.34 8.57 190 166 154 177 142 
0.9298 -0.0119 0.3521 0.1065 341.94 -45.69 -7.19 -9.98 -0.34 -2.30 -0.9500 0.1000 -6.6200 1.3867 1.7478 1.4100 -7.75 2.28 5.54 201 168 165 172 134 
0.8569 0.0734 0.4806 0.1711 338.75 -53.63 -33.00 -8.46 4.94 7.02 -0.6500 0.9100 4.8600 1.2444 -0.9467 -0.7956 -7.82 3.38 4.84 200 173 172 178 138 
0.8628 0.1363 0.4780 0.0921 348.94 -53.06 -30.00 -5.19 3.12 7.38 1.9900 -0.1400 0.9200 -0.4567 -0.1111 -0.1656 -7.79 2.50 5.39 201 173 174 180 140 
0.8784 0.0989 0.4603 0.0820 349.12 -52.38 -24.19 -7.84 1.90 5.16 0.5800 -0.4200 0.1300 -0.1600 -0.2056 -0.0222 -7.67 2.37 5.61 201 178 175 182 141 
0.8850 0.0943 0.4488 0.0806 349.69 -50.94 -22.06 -7.35 1.86 6.16 0.3700 -0.3000 0.4400 0.0278 0.0600 0.0322 -7.59 2.29 5.76 201 180 168 182 141 
;
0.8890 0.0905 0.4427 0.0746 350.62 -50.56 -20.56 -6.71 2.25 6.04 0.7900 0.3700 0.0700 0.4622 -0.7322 -0.5667 -7.29 2.01 6.24 190 210 192 215 175 
0.9326 0.0800 0.3521 -0.0013 3.12 -34.44 -7.44 -1.44 4.23 8.76 1.7500 3.4300 1.5200 -2.4911 -4.6067 -0.7811 -2.49 -0.66 9.46 178 301 255 299 197 
0.9854 -0.1351 0.0710 -0.0753 10.25 -3.25 23.50 -2.87 -4.79 13.86 -1.8200 -0.1900 4.1100 -4.0011 0.6456 -2.0244 0.07 -6.57 7.27 180 371 359 400 201 
0.8810 -0.4337 0.0654 -0.1774 25.37 2.00 57.75 0.55 -4.13 1.81 -0.2100 5.1700 -3.6100 -4.2400 0.6000 -0.5989 0.43 -9.47 2.47 178 393 374 421 202 
0.7056 -0.6536 0.1627 -0.2202 35.63 3.37 88.25 2.61 -7.86 -4.60 1.5300 1.0100 -4.9300 -0.9156 0.4756 -0.1056 0.59 -9.76 -0.69 176 393 377 423 203 
0.6351 -0.7059 0.2089 -0.2342 40.13 3.50 94.87 0.35 -9.02 -2.30 -0.2700 0.8500 -1.3700 0.0033 -0.1089 -0.1867 0.67 -9.74 -0.85 175 391 378 421 205 
0.6397 -0.7057 0.1973 -0.2321 40.00 4.56 93.56 1.15 -9.35 -3.93 0.3300 0.7000 -4.4900 1.1444 -0.5433 -0.0822 0.86 -9.76 0.22 176 390 375 421 203 
0.7190 -0.6370 0.1440 -0.2380 32.94 6.25 75.25 5.84 -4.17 -10.52 5.3700 6.5300 -11.7400 8.6378 -1.3333 0.4278 1.56 -6.60 7.07 181 395 379 420 204 
0.9696 -0.1718 -0.0794 -0.1550 14.13 10.88 4.81 2.27 11.38 12.01 1.3700 10.3200 2.5000 5.0911 -1.3078 1.2989 3.04 2.77 8.89 185 395 378 420 207 
0.9623 0.2043 -0.1791 -0.0112 359.62 18.94 -27.62 2.79 7.94 20.08 -3.7800 0.3300 6.2100 -0.4444 -0.9956 -0.1933 3.30 4.21 8.21 185 391 380 417 208 
0.9621 0.2159 -0.1664 -0.0048 0.75 18.25 -26.12 3.11 3.78 6.83 0.7000 0.0800 1.3400 0.1800 0.3033 0.0256 3.07 4.21 8.30 184 387 381 411 207 
0.9620 0.2159 -0.1669 -0.0120 1.81 18.00 -25.44 4.75 6.15 14.02 1.5000 2.5100 5.0200 -1.2944 0.8078 -0.3167 2.30 3.29 8.94 185 250 230 243 189 
0.9906 0.1274 -0.0457 -0.0190 1.25 0.06 -12.75 -2.34 0.82 5.96 -0.7700 -1.5300 -5.4800 -1.5456 4.4367 0.6189 -3.48 1.02 9.10 193 163 154 175 142 
0.9630 0.0344 0.2622 0.0514 353.19 -33.56 -6.94 -6.62 -1.07 0.09 0.6300 -0.2800 -6.6200 2.5189 3.4844 0.5144 -7.25 2.37 6.15 202 168 154 174 140 
0.8785 0.1705 0.4458 0.0233 357.00 -52.13 -34.69 -6.75 4.60 11.08 1.2500 0.3300 5.7000 0.0100 -0.2533 -0.2467 -7.73 3.54 4.86 201 175 160 179 143 
0.8717 0.1942 0.4499 0.0016 359.87 -51.56 -32.13 -7.86 2.75 5.10 -0.1100 -0.3900 0.0300 -0.1756 -0.2122 -0.0967 -7.66 3.10 5.27 200 176 163 180 146 
0.8797 0.1776 0.4411 -0.0043 0.75 -50.94 -28.62 -6.97 2.36 5.32 0.2200 -0.5700 0.1200 0.0011 -0.1156 0.0356 -7.59 2.92 5.46 203 179 162 181 146 
;
