0.2503 0.0732 -0.2902 -0.9207 149.56 0.56 -34.81 0.15 5.61 7.99 0.0400 0.0300 -0.0200 0.0067 0.0400 -0.0022 0.08 5.60 8.04 159 356 372 413 224 
0.2521 0.0742 -0.2864 -0.9214 149.25 0.19 -33.88 0.01 5.51 8.46 -0.0600 0.0400 0.0800 0.0800 0.0589 -0.0222 -0.02 5.47 8.13 158 358 369 413 224 
0.2538 0.0829 -0.2819 -0.9215 149.19 -0.69 -34.19 -0.03 5.45 8.35 -1.1900 0.1000 0.7700 0.2989 -0.3189 0.1467 0.00 5.65 8.01 158 354 368 407 226 
0.2604 0.0733 -0.3051 -0.9131 147.69 3.37 -37.44 -1.57 6.42 9.62 -0.8100 1.4700 3.5000 0.7667 -2.6800 1.0989 2.28 6.29 7.16 160 363 350 386 225 
0.2643 -0.0792 -0.3632 -0.8900 145.81 23.31 -38.13 5.42 9.97 11.18 1.7300 5.8600 4.4300 -2.5056 -1.7589 1.9856 5.79 3.47 7.10 160 356 336 367 223 
0.3211 -0.2836 -0.2177 -0.8770 137.87 39.38 -4.94 7.98 5.07 7.80 2.0000 5.7600 -1.9800 -5.3056 4.6422 2.2189 3.41 -3.87 8.33 161 328 331 365 220 
0.3571 -0.2391 0.2590 -0.8650 134.37 8.31 51.44 0.94 -2.49 1.92 5.4500 6.4500 -5.4600 -5.5167 2.4422 0.8267 0.07 -9.62 1.88 182 343 347 374 221 
0.2752 -0.2726 0.6199 -0.6824 135.69 2.87 89.44 0.33 -7.08 -3.39 0.0400 2.0100 -2.7200 -0.8378 0.1444 0.0211 0.61 -9.74 -0.85 181 349 355 380 221 
0.2424 -0.3168 0.6660 -0.6304 138.00 5.00 94.00 1.38 -8.48 -4.72 0.7100 2.1800 -5.2500 0.7911 -1.1000 -0.6011 1.24 -9.72 -0.03 176 355 359 387 223 
0.3057 -0.3594 0.5668 -0.6754 128.00 8.75 79.87 2.99 -7.18 -3.28 2.2900 2.0200 -7.1600 5.8067 0.4900 0.1667 1.87 -8.15 5.10 176 359 360 359 225 
0.4791 -0.3646 0.1940 -0.7745 115.06 26.37 35.19 7.73 4.31 5.05 4.3800 8.7100 -1.5000 6.2556 -0.5244 -0.9767 5.12 -1.08 8.28 177 369 365 381 226 
0.5616 -0.1830 -0.2128 -0.7784 107.00 30.12 -15.81 6.34 9.25 16.06 0.4800 6.0500 7.5800 2.0200 2.3678 -0.6778 3.86 3.91 8.11 179 386 383 421 230 
0.5775 -0.0435 -0.2847 -0.7639 106.94 24.56 -24.25 3.92 3.39 8.78 -0.9100 -0.1000 1.2500 0.2122 0.1378 -0.0500 4.10 3.75 8.07 181 374 385 421 229 
0.5541 -0.0923 -0.3213 -0.7624 108.81 37.88 -29.69 8.54 7.40 7.37 5.1900 3.3600 2.1400 0.4567 -7.1167 2.0833 9.05 3.13 2.11 172 314 352 327 202 
0.4376 -0.4532 -0.5649 -0.5328 93.06 80.31 -146.37 7.70 -1.28 -2.47 -1.0600 0.1500 1.0100 -0.1044 -4.8211 5.1522 8.04 -2.67 -4.92 186 293 281 318 227 
0.3926 -0.7453 -0.4998 -0.2017 49.38 38.94 147.19 0.38 -1.76 -1.75 -5.7200 1.9900 5.2000 -3.2256 -1.7733 2.0044 4.66 -3.62 -7.82 193 294 289 325 231 
0.2193 -0.8777 -0.3923 -0.1662 132.87 32.75 170.12 -1.97 2.29 -10.06 -2.7300 3.4300 -3.3800 -3.3211 -3.3822 -0.8667 3.62 1.68 -8.95 190 295 296 333 232 
-0.0576 -0.8770 -0.4107 -0.2428 129.62 20.56 -157.81 4.92 4.35 -13.12 1.2200 0.5400 -3.7300 0.2300 -1.1822 0.2978 2.79 3.57 -8.69 194 305 301 341 232 
-0.1150 -0.8896 -0.3933 -0.2016 132.44 15.06 -158.06 4.35 3.71 -8.57 1.8000 0.2700 0.4600 0.2933 0.6289 -0.1789 2.76 3.39 -8.77 193 308 306 343 232 
-0.1023 -0.8879 -0.3996 -0.2037 131.56 16.31 -159.00 2.88 3.57 -8.12 -0.4300 -0.0400 0.6800 -0.1011 -0.1322 -0.0700 2.66 3.43 -8.79 192 310 308 346 233 
-0.1152 -0.8903 -0.3956 -0.1937 132.25 14.50 -157.50 5.86 4.66 -11.25 4.7300 1.0000 -3.3400 -0.1478 1.8700 0.3533 3.48 3.81 -8.33 168 252 266 265 190 
-0.0583 -0.8528 -0.3799 -0.3536 175.19 47.94 -153.87 14.47 3.56 -8.60 5.3400 1.2900 -4.3300 0.2122 5.2889 3.2744 9.58 0.87 -1.89 166 237 173 176 144 
0.2448 -0.6899 -0.1713 -0.6594 133.44 75.75 72.37 7.84 2.23 -3.45 0.2200 7.1100 -4.0100 0.3089 2.8256 5.1078 7.78 -5.46 2.40 118 223 158 178 137 
0.4935 -0.5647 0.0817 -0.6564 102.19 33.00 58.06 -0.12 -2.00 0.56 -5.5500 4.2100 -3.3700 2.1722 -0.1633 3.1133 3.23 -7.23 5.77 124 232 162 183 144 
0.6869 -0.3817 0.1465 -0.6008 80.06 13.13 43.50 -0.38 -4.04 7.50 -1.1000 2.3100 0.1400 1.6378 -0.5144 0.7911 2.07 -5.74 7.67 129 249 164 184 150 
0.7625 -0.3011 0.0811 -0.5669 72.62 12.69 33.63 0.43 -2.97 9.56 -0.3200 2.8100 1.4700 -0.3922 -0.6178 0.1400 2.45 -5.38 7.81 134 252 167 187 154 
0.7630 -0.3102 0.0687 -0.5629 74.50 13.50 34.13 1.90 0.70 11.58 1.4000 6.5700 5.0500 -0.6178 0.7856 -1.5900 2.46 -5.35 7.83 131 252 171 187 154 
0.6849 -0.3463 0.1028 -0.6329 88.94 17.50 43.50 2.99 -7.43 0.36 -1.0000 -4.3900 -9.2600 -1.9178 3.0800 -1.9900 3.06 -7.10 6.03 136 247 173 191 161 
0.5331 -0.3834 0.2050 -0.7258 108.06 20.31 47.56 3.73 -7.57 5.47 -0.3900 -0.2600 -0.2200 0.1389 -0.4522 0.1267 3.66 -6.65 6.19 136 251 175 192 163 
0.5416 -0.4016 0.1699 -0.7187 106.25 24.50 47.44 0.38 -4.70 -0.04 -5.8400 2.3600 -6.7400 1.4978 0.3556 -2.2789 4.79 -5.35 6.66 159 277 181 200 177 
0.4583 -0.3610 0.0239 -0.8118 125.94 35.38 15.31 3.54 3.74 3.13 -0.8600 5.4300 -5.1200 5.6778 -0.3667 -3.5489 5.50 2.62 7.67 164 306 235 238 197 
;
