0.3559 0.0605 0.1139 0.9256 222.06 1.87 -14.88 0.08 2.90 9.52 -1.1000 0.2700 0.2200 0.1056 -1.0022 -0.1944 0.82 2.56 9.42 151 316 314 343 198 
0.3601 0.1017 0.1035 0.9216 222.31 7.31 -15.56 -2.47 1.92 11.50 -2.4900 -1.7100 5.3300 0.9700 -6.3311 1.0689 5.47 2.78 7.64 153 337 326 360 199 
0.2891 0.4313 -0.0834 0.8506 217.44 53.94 -0.75 12.40 3.46 8.62 2.4500 4.9500 1.6700 -3.9433 -3.5667 4.4800 8.24 -4.44 2.92 154 362 347 391 202 
0.1085 0.4095 -0.5006 0.7549 192.56 41.38 80.44 2.64 0.79 -1.05 -2.9300 8.4000 -2.0100 -2.8156 1.2078 4.2544 3.31 -9.21 -0.51 161 380 352 388 203 
-0.0355 0.2044 -0.7468 0.6318 168.75 8.88 105.75 -2.91 -6.83 -5.85 -4.0000 1.8100 -3.2900 0.2489 -1.6800 -0.5589 1.23 -9.23 -3.05 162 376 356 402 202 
-0.0901 0.2407 -0.7574 0.6002 163.69 9.19 103.37 0.42 -8.08 -5.28 -2.9300 1.0400 -6.4800 2.1200 -2.2211 -1.2889 2.26 -9.50 -0.77 160 375 353 405 207 
-0.1707 0.3312 -0.5691 0.7330 149.44 20.06 72.19 10.34 5.09 -1.79 5.5600 13.7000 -5.9500 8.3856 -0.9256 -0.5933 4.50 -5.39 6.83 162 384 357 416 210 
-0.3760 0.2542 -0.0179 0.8909 130.56 23.81 2.00 4.61 10.51 18.60 3.6200 9.0100 10.3700 4.3744 0.4544 0.3356 3.68 2.58 8.71 163 389 367 419 211 
-0.4733 0.0836 0.2404 0.8433 120.37 20.87 -22.62 2.24 6.49 10.95 -0.6100 2.0300 1.6600 0.6522 -0.6978 0.0989 3.60 4.02 8.18 164 386 368 422 209 
-0.4780 0.0562 0.2820 0.8300 121.19 22.25 -25.94 3.91 6.56 11.85 0.0300 3.1000 3.7000 -1.0556 -2.3389 0.1356 4.84 3.45 7.79 180 342 349 372 206 
-0.4290 0.2429 0.3187 0.8096 123.19 50.94 -26.56 10.36 2.85 2.37 3.0000 1.9900 -0.8400 1.8078 -2.9033 3.2867 9.21 1.40 3.05 192 217 188 218 153 
-0.5182 0.5137 0.3885 0.5627 82.44 74.62 74.19 -0.59 2.89 6.80 -12.1200 6.0300 9.0900 -1.0300 -0.5867 1.6522 8.83 -4.22 -0.44 198 171 165 181 125 
-0.4460 0.6696 0.3062 0.5089 113.37 78.62 116.00 23.34 0.55 -18.60 11.5900 2.0500 -9.3200 0.5200 -0.9500 0.2122 9.65 -1.15 -1.29 197 178 179 189 128 
-0.3644 0.6710 0.3303 0.5549 113.31 80.44 133.56 8.79 0.02 -0.04 -0.5400 0.9800 0.0200 0.0511 -0.0044 -0.2578 9.70 -0.96 -1.01 198 183 182 191 130 
;
