-0.2112 -0.0748 0.3888 0.8937 153.44 1.69 -46.50 0.36 7.10 6.63 0.1000 0.0100 -0.1300 -0.0933 -0.0644 -0.0367 0.30 7.07 6.78 160 369 362 403 214 
-0.2071 -0.0704 0.3846 0.8968 154.06 1.94 -45.94 0.34 7.11 7.04 -0.1400 0.0300 0.3000 -0.7644 -0.4378 0.0178 0.50 6.76 7.07 160 342 345 392 214 
-0.2001 -0.0342 0.3544 0.9128 155.25 5.69 -41.31 0.53 7.42 8.19 -2.4000 1.2700 1.7100 -0.2244 -2.8211 1.3889 2.51 6.24 7.12 164 322 350 378 214 
-0.2412 0.1478 0.2985 0.9115 147.06 30.56 -20.75 6.59 7.05 14.26 0.1300 5.6400 5.1400 -5.4344 0.4756 2.1867 5.38 -1.22 8.10 163 352 348 380 211 
-0.2789 0.3134 -0.1161 0.9003 145.75 29.44 36.75 4.44 2.63 0.19 -0.2400 8.0300 -6.7700 -6.6067 3.3167 2.4611 2.55 -8.43 4.30 160 343 338 354 211 
-0.1732 0.2305 -0.5668 0.7717 156.06 7.94 77.81 1.64 -6.53 -3.17 1.2100 3.0600 -4.9000 -0.4244 -1.1967 -0.0922 1.46 -9.55 1.63 160 353 353 369 212 
-0.1942 0.2866 -0.5889 0.7303 149.50 12.19 82.12 1.72 -7.68 -4.61 -0.4900 1.9200 -6.2200 0.4578 -0.2167 -0.1178 2.22 -9.42 1.54 161 352 349 368 210 
-0.2324 0.3446 -0.5155 0.7493 142.37 19.19 69.50 9.47 -1.80 -6.96 6.0200 7.8700 -11.5800 9.3467 -3.3522 0.3111 4.71 -4.90 7.06 167 364 355 381 211 
-0.5319 0.2457 0.0881 0.8056 106.31 27.62 -8.56 3.01 17.22 11.67 -0.0900 15.7800 5.6100 4.0422 1.3111 1.4256 4.03 3.87 8.05 180 371 341 381 213 
-0.6603 -0.0423 0.3226 0.6769 91.37 21.19 -34.50 -0.14 7.38 13.29 -2.6900 1.6600 4.1000 0.2544 -0.6656 -0.1789 3.36 5.40 7.45 180 368 356 401 219 
-0.6481 -0.0653 0.3375 0.6795 93.25 21.06 -34.94 3.08 6.20 7.38 -0.7400 1.4200 0.0800 -0.1189 -1.4867 0.2778 4.39 5.02 7.18 180 358 353 386 217 
-0.6110 0.0298 0.3911 0.6876 100.50 34.06 -35.44 0.16 11.79 9.84 -4.1700 6.9200 3.3300 -3.2933 -2.5733 -2.2056 6.24 4.08 6.36 157 324 326 345 215 
-0.3895 0.2146 0.3340 0.8311 136.44 36.13 -26.56 6.44 4.90 11.10 -0.4700 0.7600 -1.3700 -4.3011 -2.6589 -1.2711 6.95 1.82 6.66 90 236 217 218 182 
-0.1662 0.4493 0.1463 0.8655 159.94 62.31 -6.00 9.16 0.86 -8.32 0.2800 1.1200 -12.8000 -1.1656 -5.3733 2.5722 9.68 -1.50 0.39 89 175 152 179 148 
-0.2140 0.7181 0.0711 0.6583 136.50 76.00 100.06 5.08 1.62 -12.38 -5.2200 4.3700 -11.9900 5.1956 1.1656 -0.5511 9.55 -1.94 1.03 93 170 160 171 135 
-0.4685 0.5793 0.3165 0.5872 97.31 78.56 49.56 7.68 7.82 -3.70 4.2400 12.1500 -1.9900 5.5433 1.1167 -1.1244 9.72 -0.19 1.25 96 175 158 176 136 
-0.5956 0.3999 0.5764 0.3913 60.00 84.75 177.06 22.03 8.48 3.10 3.4000 8.7700 5.6000 0.9633 2.1256 -1.1289 9.77 -0.37 -0.75 97 180 168 178 134 
-0.5942 0.3768 0.6312 0.3265 60.44 86.75 178.87 12.01 8.49 3.69 2.2700 8.2700 2.7500 -3.1178 1.5911 -1.0800 9.79 0.43 0.31 95 180 166 179 136 
-0.5332 0.4250 0.5172 0.5173 95.69 79.94 -33.69 8.78 3.33 -3.71 -0.9700 1.4200 -6.7300 -3.8556 0.2967 -1.1144 9.48 1.14 2.21 98 182 173 181 137 
-0.3741 0.4838 0.3616 0.7037 127.50 71.12 -31.44 9.54 -3.84 -6.56 -0.6300 -6.2300 -8.2300 0.9167 -0.7100 -0.7489 9.28 2.33 2.11 97 182 177 182 136 
-0.3388 0.4827 0.4401 0.6771 121.25 72.44 -70.56 8.11 4.83 2.26 -3.3900 2.0100 -0.5500 4.3444 -2.0433 0.5611 9.43 2.57 -0.78 98 166 171 173 132 
-0.4419 0.4017 0.6036 0.5283 100.12 72.75 -100.69 9.16 0.18 -1.00 0.8000 0.0900 3.0700 -0.2689 -0.4011 0.4344 9.42 2.57 -0.87 101 184 177 184 141 
-0.4361 0.4243 0.5689 0.5533 106.25 73.94 -79.31 11.27 9.10 6.14 3.0400 5.8300 4.4800 -4.0633 5.4556 -2.7300 7.54 3.81 4.97 151 291 233 239 178 
-0.3625 0.2067 0.3046 0.8562 138.56 30.75 -18.50 11.52 2.92 7.27 2.8300 0.2700 -2.9000 -6.0767 1.3811 -0.2278 3.17 -2.49 8.93 166 222 161 165 144 
-0.2826 0.2162 -0.2054 0.9117 141.44 13.50 34.25 6.57 0.05 2.51 3.8600 4.5000 -5.1900 -1.9822 -1.8889 4.1611 1.31 -6.57 7.15 117 217 141 166 131 
-0.5544 0.2385 -0.2433 0.7593 101.06 3.75 36.50 -0.63 -0.48 8.74 -0.0900 5.4800 1.5100 1.8033 -1.4756 2.0400 1.08 -4.76 8.50 127 236 156 169 133 
-0.7377 0.2327 -0.0872 0.6277 78.19 10.56 26.94 0.78 -1.54 11.48 -0.1200 3.3500 3.1100 -0.3067 0.2267 0.1944 1.89 -4.47 8.51 130 232 157 170 134 
-0.7504 0.2447 -0.0754 0.6094 80.12 10.69 27.62 1.12 -1.31 9.33 -0.8700 3.2200 1.4400 0.1367 0.8556 -1.4389 1.68 -4.21 8.69 127 235 159 171 135 
-0.6758 0.2314 -0.1071 0.6916 94.00 10.19 30.69 7.80 -0.54 8.38 4.1600 3.1900 -1.3200 -2.4956 0.6589 -0.9178 1.58 -6.22 7.40 129 232 161 171 136 
-0.5473 0.2833 -0.2648 0.7417 110.25 7.25 47.31 -0.24 -12.49 1.32 -1.0500 -4.6600 -4.5500 -0.4711 0.2433 -0.5878 1.43 -7.41 6.25 129 233 163 173 137 
-0.4847 0.2953 -0.3024 0.7657 116.25 8.81 48.81 -0.15 -7.48 5.13 0.3900 0.2100 -0.7300 0.6100 -0.5133 0.0567 1.75 -7.03 6.60 130 233 163 173 138 
-0.5000 0.3051 -0.2638 0.7664 112.69 13.31 46.50 -0.59 -6.31 3.42 -4.7000 0.2800 -4.5000 0.1800 -1.0722 -1.0189 3.13 -6.67 6.46 144 250 169 177 159 
;
