0.7249 0.1214 0.0155 0.6779 273.50 8.94 -11.75 0.86 0.61 9.67 -0.2900 -0.5300 -0.4500 0.5522 -1.4478 0.3133 2.46 2.28 9.21 156 345 327 349 202 
0.7106 0.1895 -0.0248 0.6771 272.87 16.81 -14.25 2.31 1.51 9.42 -0.8300 -1.0200 0.3100 0.4556 -0.0267 0.2278 2.82 2.51 9.04 155 343 324 346 202 
0.6890 0.2518 -0.0453 0.6781 269.19 30.75 -18.94 10.09 3.60 16.91 3.2900 0.6800 8.2600 -1.7178 -2.4144 2.7889 6.82 0.79 6.99 156 356 348 385 202 
0.5643 0.2910 -0.3073 0.7088 253.19 51.31 20.94 12.61 1.93 4.09 3.8400 4.8100 -1.9000 -2.9611 1.7200 3.1278 6.41 -5.09 5.39 159 395 370 408 203 
0.4211 0.0883 -0.5034 0.7493 233.00 29.75 60.75 3.45 -0.39 0.53 -1.0500 7.8500 -2.6900 -1.9733 -0.5011 3.2122 3.00 -8.91 2.78 161 399 376 415 204 
0.2247 -0.0672 -0.6176 0.7507 209.69 6.25 78.31 -1.44 -7.12 2.30 -2.3900 1.7500 -0.0700 -1.1122 -0.2822 1.2522 -0.04 -9.73 1.18 162 392 366 412 205 
0.1143 -0.1319 -0.6689 0.7226 196.37 -2.75 86.31 -3.63 -11.54 -1.23 -2.4500 -1.8400 -2.1400 0.8044 0.1144 -0.1489 -0.49 -9.74 0.98 142 392 368 415 205 
0.1115 -0.1133 -0.6427 0.7495 197.62 -0.25 79.56 -0.90 -9.94 -4.59 0.0500 0.4000 -8.8000 2.1900 -2.1533 -0.7211 0.87 -9.24 3.15 151 389 373 415 206 
0.1027 0.0339 -0.4800 0.8706 190.87 11.06 48.81 5.39 3.11 -2.11 1.1500 9.9900 -8.4500 8.3611 -2.8022 1.5033 2.63 -1.81 9.27 160 388 372 411 206 
-0.0557 0.1491 0.0515 0.9859 171.50 19.44 -11.00 6.28 14.19 15.07 0.8500 8.9800 4.6200 2.3011 -0.8400 0.6222 3.74 4.01 8.12 159 390 377 415 207 
-0.1205 0.1710 0.2697 0.9399 164.87 22.62 -31.12 1.62 9.51 15.22 -1.7100 3.5700 5.6300 -0.7667 -0.6344 -0.2411 4.06 4.47 7.72 160 393 382 419 211 
-0.0927 0.1981 0.2469 0.9440 169.50 24.56 -26.75 3.14 5.84 8.14 -1.1700 2.4500 1.3000 -1.1056 -0.8278 -0.3256 4.41 3.44 8.05 158 363 364 377 207 
-0.0119 0.2309 0.1589 0.9598 184.50 25.81 -14.50 7.36 11.90 14.18 4.1900 10.6700 4.9200 -7.6356 1.4778 -3.1278 3.66 -1.58 8.95 164 297 344 372 204 
0.3284 0.0417 -0.2883 0.8985 230.81 11.06 41.75 5.54 2.65 4.61 4.0800 11.1200 -0.5800 -7.8122 3.2900 -2.9533 2.14 -9.12 2.87 164 295 309 384 200 
0.5051 -0.3423 -0.6273 0.4839 281.00 20.12 101.87 6.97 -3.47 -10.23 2.1500 4.4700 -7.0300 -3.1556 -1.0456 0.7978 2.73 -8.13 -4.74 148 275 281 305 189 
0.3760 -0.4710 -0.7242 0.3350 276.12 13.81 117.25 1.73 -7.98 -9.47 -0.1600 0.7700 -5.7100 3.1622 1.2289 -0.0722 2.72 -9.20 -2.00 159 290 289 328 195 
0.5435 -0.3297 -0.5797 0.5098 273.81 18.75 67.94 -0.36 -2.63 4.85 0.4800 11.0800 7.0900 6.0467 1.1556 -0.8333 3.26 -5.71 7.26 165 300 308 352 202 
0.6656 -0.1108 -0.3500 0.6497 271.44 18.50 44.69 2.71 -2.18 10.73 1.6200 5.3200 2.8700 -5.4222 -1.0056 0.9300 3.01 -8.75 3.22 165 307 315 356 204 
0.5104 -0.3301 -0.5972 0.5233 266.19 13.94 91.62 -0.39 -8.55 -7.38 -2.7800 1.7300 -6.5700 -4.6833 -0.3800 1.1444 1.16 -8.83 -4.09 164 319 316 360 203 
0.3109 -0.4608 -0.7410 0.3766 262.06 7.44 120.50 -1.62 -7.33 -12.76 -2.6500 0.9800 -8.7700 3.7578 1.4978 -0.4611 2.00 -9.40 -1.93 162 304 314 359 203 
0.5587 -0.2969 -0.5345 0.5603 269.00 18.75 57.31 6.38 11.91 23.62 3.9600 17.2200 15.5800 -2.8178 1.5100 0.9467 2.71 -7.66 5.48 166 312 322 364 205 
0.6030 -0.2170 -0.4476 0.6237 266.12 15.69 58.50 1.28 -5.18 0.26 -1.8400 2.3100 -5.0900 1.6644 -0.6544 0.5878 2.54 -7.63 5.59 158 292 305 334 203 
;
