0.1074 0.0396 -0.2847 -0.9517 167.06 -0.75 -33.38 -0.18 5.39 8.08 -0.0500 0.0400 -0.0900 -0.0111 -0.0011 0.0144 -0.13 5.40 8.18 157 345 355 394 219 
0.1076 0.0395 -0.2848 -0.9517 167.06 -0.75 -33.38 -0.21 5.42 8.12 -0.0600 0.0000 -0.0400 0.0067 -0.0100 0.0100 -0.13 5.39 8.18 158 346 357 393 219 
0.1083 0.0387 -0.2859 -0.9513 166.87 -0.44 -33.69 -2.03 5.77 9.05 -2.3200 0.5700 2.1100 0.5100 -2.7689 1.1878 2.14 5.52 7.81 164 308 306 345 217 
0.1383 -0.2615 -0.2974 -0.9078 161.37 43.31 -29.00 10.74 7.35 12.39 2.2500 4.2900 6.0700 -4.2922 -1.2633 2.6978 7.69 -0.12 6.07 166 325 324 352 216 
0.1707 -0.4341 0.0653 -0.8821 157.44 44.44 35.00 -0.13 0.39 -3.32 -7.0400 4.8800 -8.0500 -3.9244 -2.9189 4.2522 5.79 -7.40 2.78 167 332 332 354 216 
0.2650 -0.4800 0.4205 -0.7229 139.00 24.19 82.69 0.75 -7.07 -1.72 -0.5700 2.3500 -1.4600 -2.0044 1.1167 0.6811 3.16 -9.27 -0.45 169 353 339 358 214 
0.2204 -0.4687 0.5858 -0.6234 142.19 20.37 99.75 3.28 -9.25 -4.43 -0.0100 -0.4300 -2.9300 0.2756 -0.5556 -0.8467 4.02 -8.76 -1.75 163 350 338 363 215 
0.2155 -0.5227 0.5249 -0.6362 140.00 27.62 91.75 3.82 -5.89 -8.76 2.3200 4.2400 -8.2000 10.0478 -0.0978 -1.6122 5.55 -6.48 4.81 171 376 348 376 215 
0.4741 -0.3869 -0.0032 -0.7909 115.81 36.56 14.88 6.23 7.60 7.05 1.9200 9.2800 -0.1800 5.5156 1.7622 -0.4944 5.03 1.79 8.21 172 380 356 383 216 
0.5637 -0.0764 -0.2668 -0.7780 108.06 25.37 -24.25 9.15 7.61 12.52 1.7200 2.9500 4.0200 0.7922 1.7233 -0.5678 3.47 4.38 8.05 169 383 354 402 227 
0.5516 -0.0106 -0.2992 -0.7786 109.62 19.62 -28.94 2.68 5.20 7.64 -0.6400 0.8000 -0.4100 -0.1267 -0.1100 0.1611 3.19 4.39 8.16 187 376 359 403 226 
0.5549 -0.0478 -0.3098 -0.7706 108.12 33.63 -28.19 4.59 5.25 8.03 -1.5600 2.0400 1.8600 -2.5133 -8.7589 1.6867 9.13 2.19 2.80 188 308 321 346 222 
0.3441 -0.6022 -0.4401 -0.5704 120.37 70.56 -177.19 3.90 0.54 -6.28 -4.0500 1.3300 -0.3400 -4.0333 -8.1833 3.1122 4.77 0.04 -8.56 184 227 200 236 195 
0.0154 -0.9470 -0.2549 -0.1947 150.94 19.62 -173.25 -0.52 2.78 -8.09 -1.5600 1.3500 0.6200 -2.3767 -2.2100 -0.2900 1.62 2.85 -9.23 193 251 237 262 200 
-0.1821 -0.9448 -0.2427 -0.1239 151.62 7.62 -152.56 2.67 5.50 -11.81 1.0200 0.0500 -3.4500 -0.0122 -0.9844 0.3333 0.85 4.82 -8.49 191 255 243 270 200 
-0.2384 -0.9432 -0.2115 -0.0939 155.00 3.69 -150.87 4.49 3.07 -15.80 3.2400 -0.8100 -8.8400 2.0744 0.3311 0.4644 1.02 3.65 -9.04 189 251 230 254 191 
-0.1011 -0.9674 -0.1979 -0.1215 157.75 14.25 -171.31 4.87 7.47 -17.60 3.8700 8.5100 -8.0200 8.8989 6.4544 4.3844 5.25 -4.32 -7.06 196 387 321 406 213 
0.5690 -0.7242 0.0085 -0.3895 68.12 25.75 76.37 -9.22 1.38 0.96 -10.8600 9.3400 -0.6200 1.5044 -1.1567 1.9367 2.81 -8.65 3.65 198 398 353 419 214 
0.7142 -0.5399 0.1152 -0.4302 61.81 18.44 66.25 2.32 -6.03 5.21 -0.5900 2.0800 2.0300 -1.1689 -0.4878 -0.8033 3.84 -8.55 2.87 197 399 357 413 217 
0.6583 -0.6177 0.0627 -0.4256 67.31 28.87 78.56 2.91 -6.87 3.33 -0.5400 1.9700 1.5400 -2.3100 -1.1267 -3.0244 6.49 -7.34 -0.06 176 348 234 231 190 
0.4374 -0.7446 -0.0566 -0.5010 107.37 59.63 107.94 9.67 -3.15 -4.19 4.4200 -1.8900 -3.4400 1.9389 -1.6556 -2.8478 9.07 -2.62 -2.62 133 347 172 179 159 
0.3714 -0.7493 -0.3088 -0.4530 93.81 64.25 135.31 10.42 -1.66 -1.29 1.7900 1.5700 1.7800 3.0744 -0.3700 0.8033 8.53 -4.08 -2.56 107 359 175 185 159 
0.5377 -0.6815 -0.3825 -0.3165 54.88 55.69 110.19 9.65 -1.96 0.49 1.5100 2.3600 2.2900 1.8678 0.7544 -0.1333 8.08 -5.50 -0.72 105 378 183 197 163 
0.6552 -0.5835 -0.3925 -0.2760 45.13 57.13 86.06 7.58 -3.01 2.83 -1.3400 2.3500 1.5100 0.2778 0.6389 -0.3978 8.40 -4.97 0.89 105 388 187 200 165 
0.6727 -0.5476 -0.3922 -0.3063 50.56 60.13 77.31 9.71 -2.18 1.36 1.6900 2.8600 0.4200 -0.2378 1.1822 -0.8367 8.63 -4.33 1.67 109 394 187 203 167 
0.6722 -0.5137 -0.3514 -0.4010 65.56 61.75 54.75 11.07 0.70 2.16 0.1400 2.8300 -1.3100 -0.6889 0.4956 1.9322 7.99 -4.58 3.34 110 392 177 201 168 
0.7383 -0.5308 -0.2420 -0.3386 42.06 41.88 62.44 1.65 -6.89 7.51 -5.2300 -0.9100 4.7800 -0.6689 1.3322 -0.7722 6.36 -6.40 3.82 114 392 192 210 171 
0.7495 -0.5239 -0.2083 -0.3470 52.13 43.63 61.00 7.05 -5.49 4.38 0.0900 0.7800 0.7600 -0.2856 -0.1922 -0.1678 6.93 -6.17 3.16 116 393 193 211 172 
0.7187 -0.5535 -0.2219 -0.3577 52.94 46.69 68.06 3.18 -3.65 3.57 -4.3700 2.6300 1.3600 -1.7622 -1.1656 -1.8244 7.97 -5.57 1.19 119 368 198 222 177 
;
