0.4452 -0.1300 -0.3557 -0.8115 123.50 31.94 -33.94 3.43 4.33 6.33 -1.3000 -0.5000 -1.0800 0.5700 -0.9067 -0.7033 5.04 5.12 6.66 174 358 308 325 219 
0.3810 -0.1304 -0.4255 -0.8104 130.56 33.44 -47.44 6.04 6.30 5.66 0.1100 0.4600 1.2900 0.7067 -0.9678 0.4656 6.03 6.02 4.83 181 346 318 332 215 
0.3800 -0.2063 -0.4796 -0.7635 127.44 44.63 -47.44 10.40 11.65 12.19 4.2500 7.1300 6.5200 -4.8533 0.9311 0.5156 6.71 2.88 6.54 176 351 319 337 216 
0.3561 -0.3085 -0.1646 -0.8666 137.06 38.00 7.12 4.07 3.27 1.97 -1.1000 5.6200 -5.5100 -6.6100 -0.6556 1.9489 5.59 -5.40 5.97 176 300 315 332 214 
0.2782 -0.4532 0.3386 -0.7762 141.12 28.50 76.12 5.58 -1.13 -3.20 1.4400 6.7400 -2.1100 -4.8411 1.5767 1.7678 3.55 -9.10 -0.77 175 340 353 374 216 
0.1868 -0.4332 0.6507 -0.5950 144.75 15.13 105.19 0.12 -8.59 -8.80 -2.7400 0.2900 -6.2200 2.3667 -0.0978 0.3067 2.37 -9.39 -1.48 175 358 364 400 217 
0.2128 -0.3777 0.6147 -0.6590 142.44 14.38 89.31 4.90 -4.05 -6.70 3.2500 5.3800 -8.3600 4.6611 -1.1533 -1.1733 3.47 -8.78 2.62 171 362 362 402 217 
0.3505 -0.3983 0.3022 -0.7919 127.31 23.87 38.31 7.63 19.38 12.67 -0.8300 20.9600 9.4500 8.6489 1.0844 3.2633 2.94 1.02 9.29 177 378 364 407 220 
0.6201 -0.0052 -0.2175 -0.7537 98.81 14.69 -25.00 1.88 8.43 12.88 -1.0700 1.8700 2.3000 0.7100 1.0644 -0.2033 2.09 4.62 8.38 178 401 379 432 228 
0.6263 0.0607 -0.2554 -0.7341 99.69 15.38 -27.56 0.88 5.88 11.24 -0.6900 3.4500 3.8900 -0.8789 -1.3533 0.4367 3.78 3.87 8.17 182 375 361 367 219 
0.6000 -0.0570 -0.2657 -0.7524 106.50 25.25 -16.56 1.27 6.17 7.83 -2.3700 3.2000 -1.7500 -2.8178 -1.0978 -1.7022 4.64 1.28 8.54 179 341 251 250 208 
0.4377 -0.1853 -0.1502 -0.8669 131.87 24.44 -7.44 7.28 -3.17 -0.62 2.6300 -2.9400 -9.2500 3.2211 0.7522 -1.3011 3.26 3.28 8.64 172 365 169 167 166 
0.3301 -0.0701 -0.3092 -0.8891 135.75 17.56 -38.81 9.95 11.51 7.16 5.8500 5.7800 1.8600 4.6289 0.1944 3.1844 3.97 7.34 5.13 120 371 175 181 172 
0.4985 -0.0189 -0.5789 -0.6450 94.50 45.56 -70.87 5.38 13.02 7.40 -3.3200 6.9000 5.1300 0.6622 0.2889 4.3633 8.87 3.88 1.49 131 369 181 186 176 
0.6604 -0.1818 -0.5963 -0.4186 64.19 68.62 -31.25 -0.52 4.45 4.68 -8.2100 3.1400 -0.0400 -5.7478 0.7000 1.0589 8.93 -0.47 4.00 138 371 183 192 177 
0.6147 -0.4504 -0.3458 -0.5474 91.81 69.25 34.13 5.83 1.59 -1.67 -3.1200 3.2800 -5.3500 -3.6444 3.1444 -5.0578 8.77 0.39 4.36 134 378 182 195 183 
0.2876 -0.3714 -0.2841 -0.8358 146.94 42.88 -31.06 10.11 8.33 2.15 5.8300 4.1700 -3.8900 3.1900 1.7689 -1.3922 5.12 5.99 5.82 142 374 186 200 186 
0.2646 -0.1710 -0.4719 -0.8235 138.62 34.44 -59.38 8.25 11.52 3.63 2.9500 5.1100 0.5500 5.4478 0.9733 1.7700 6.51 7.13 1.69 158 322 191 215 195 
0.4577 -0.0649 -0.6824 -0.5662 91.81 46.31 -88.37 5.12 12.94 5.48 -1.9700 5.7300 4.3300 2.2589 0.2978 3.5878 8.45 4.90 -0.74 170 290 300 330 204 
0.5952 -0.1647 -0.7230 -0.3098 48.88 81.81 -156.37 2.66 1.80 2.23 -6.3600 4.8300 3.8300 -3.0000 -2.1289 8.7500 7.93 -4.53 -3.56 185 265 282 355 222 
0.4798 -0.7119 -0.5046 -0.0917 24.25 32.38 136.44 -0.60 -2.11 -0.97 -7.1700 3.8400 2.4000 -5.5333 -2.2056 1.2056 3.37 -2.97 -8.71 186 283 296 375 228 
0.1213 -0.9182 -0.3599 -0.1125 137.50 16.75 172.81 3.70 0.14 -14.26 1.8600 0.6600 -1.0900 0.3567 0.4456 0.0367 2.96 -1.35 -9.24 186 288 308 374 227 
0.1182 -0.9192 -0.3521 -0.1309 138.19 18.69 172.69 2.92 -1.41 -9.77 -0.5200 -0.1000 -0.6200 0.1567 -0.4089 0.1856 2.99 -1.23 -9.25 185 291 309 373 227 
;
