-0.6539 -0.2365 0.2502 0.6737 91.69 0.44 -40.19 -0.01 6.33 7.39 -0.1000 0.0000 -0.0600 -0.0167 -0.0022 -0.0156 0.06 6.32 7.49 175 349 364 404 225 
-0.6534 -0.2367 0.2489 0.6746 91.75 0.31 -40.19 0.00 6.33 7.31 -0.0800 0.0200 -0.1600 0.0011 0.0178 0.0033 0.05 6.33 7.48 175 348 362 406 226 
-0.6537 -0.2374 0.2488 0.6741 91.75 0.25 -40.19 -0.09 6.31 7.42 -0.1300 -0.0100 -0.0500 0.0033 -0.0233 0.0022 0.05 6.33 7.48 176 349 364 406 226 
-0.6534 -0.2373 0.2490 0.6743 91.69 0.50 -40.31 -2.26 6.94 8.40 -2.4200 0.8900 1.4200 0.3367 -3.2289 0.8933 1.78 6.41 7.20 173 333 339 363 221 
-0.6324 -0.0626 0.4003 0.6602 92.19 34.19 -39.06 10.07 10.62 10.20 3.7700 6.2400 3.6900 -4.9522 -1.0033 3.4211 7.37 1.23 6.33 173 330 331 359 220 
-0.6756 0.3130 0.2325 0.6257 85.31 39.44 21.69 2.54 0.94 1.30 -2.6700 4.1300 -5.3700 -4.5100 -0.3711 2.2111 5.21 -6.18 5.53 175 383 358 396 220 
-0.6417 0.5247 -0.1086 0.5488 81.00 22.31 67.94 2.52 -5.58 -1.71 -1.4900 1.3500 -5.4600 -1.4300 0.9344 0.6700 2.92 -9.07 2.27 174 389 371 404 221 
-0.5734 0.5719 -0.2644 0.5237 85.19 17.37 78.06 2.17 -9.00 -1.49 -1.4600 0.0200 -3.9600 -0.0222 -0.8678 -0.3411 3.23 -9.08 1.80 174 397 369 411 221 
-0.5803 0.5864 -0.2281 0.5171 80.75 21.31 76.31 3.31 -8.29 -7.64 1.1700 1.3300 -9.2600 4.0456 -2.9311 -0.7189 4.57 -7.88 3.60 172 389 365 397 222 
-0.7363 0.5076 0.0779 0.4406 58.94 37.94 45.44 7.32 3.94 3.81 0.4000 8.5600 -2.8300 6.3067 -2.2511 -0.5800 6.97 -2.05 6.58 173 388 368 400 222 
-0.8572 0.1404 0.3412 0.3593 43.13 41.25 -8.75 8.90 7.40 12.79 -1.4500 5.3100 3.3900 2.7756 1.5833 0.3767 5.51 2.79 7.61 174 391 371 404 224 
-0.8945 -0.0992 0.3308 0.2839 34.63 30.69 -27.12 4.16 4.86 14.58 -2.0200 -0.3300 5.4200 -0.2122 0.7322 -0.3044 4.38 3.92 7.84 174 393 376 426 229 
-0.9073 -0.1347 0.2836 0.2797 34.00 25.94 -26.69 3.90 3.97 7.98 0.0200 -0.0700 -0.0300 0.0433 0.0356 0.0456 4.26 3.97 7.88 175 394 379 426 231 
-0.9092 -0.1378 0.2829 0.2725 33.31 28.06 -27.00 2.39 8.04 14.07 -3.3500 4.6600 6.3400 -1.8233 -1.1856 -0.5944 5.50 3.22 7.45 173 352 306 315 220 
-0.8674 -0.0247 0.3422 0.3604 50.69 32.69 -19.25 3.33 -0.35 1.10 -3.2200 -3.6000 -5.8800 1.3711 1.4611 -3.8678 2.94 4.05 8.42 170 337 187 184 160 
-0.7677 -0.1660 0.2807 0.5516 72.62 13.25 -41.63 12.88 11.69 5.61 10.3400 4.3700 -0.2800 3.4511 -0.2900 1.3467 2.88 7.82 5.15 146 355 184 180 158 
-0.7286 -0.3074 0.4470 0.4181 54.06 27.19 -67.19 6.79 12.35 5.78 1.0700 4.2800 2.9400 1.8256 -0.4744 3.3389 6.39 7.13 2.10 148 363 190 184 161 
-0.7436 -0.2856 0.5797 0.1713 20.31 54.63 -74.44 4.96 7.40 5.46 -3.6800 2.4200 3.6600 -0.8533 0.5533 2.6033 8.83 3.72 2.05 153 369 194 189 163 
-0.8000 -0.1271 0.5830 0.0624 9.31 66.94 -33.69 1.95 2.51 3.81 -6.3100 0.6000 0.3900 -3.0478 -0.0856 0.7289 9.12 0.81 3.49 146 368 195 191 163 
-0.8038 0.0790 0.5722 0.1421 25.37 71.50 -4.31 4.51 1.87 0.35 -2.9500 2.7600 -2.9800 -3.1578 0.5267 -2.9467 9.14 1.23 3.32 150 372 193 192 163 
-0.7197 0.1374 0.5693 0.3728 60.44 65.62 -46.56 8.06 5.10 -1.99 -1.7600 1.1900 -5.4600 0.3433 -1.3167 -3.1022 7.97 5.18 2.36 141 375 194 191 164 
-0.5916 0.0139 0.6139 0.5224 84.75 43.50 -71.81 12.38 10.99 1.04 3.3600 2.6800 -0.4100 2.3789 0.8544 -1.1100 5.79 7.83 1.11 129 378 194 192 165 
-0.5576 -0.1697 0.6704 0.4593 75.37 37.31 -90.62 9.15 9.21 -0.01 1.7900 1.4100 1.5200 2.3733 -0.1889 1.2767 6.61 7.03 -1.70 111 370 184 185 150 
-0.5359 -0.1812 0.7600 0.3198 58.44 45.19 -109.56 6.91 8.02 1.12 1.6900 2.3800 3.7700 0.0144 -1.8433 1.5356 7.20 5.67 -3.46 131 376 197 185 151 
-0.4783 -0.0844 0.8358 0.2559 52.56 49.94 -135.81 12.87 5.14 -6.36 3.4100 0.7200 -2.5100 1.3611 -0.4878 2.0778 8.14 2.60 -4.80 124 389 199 186 150 
-0.5112 0.0103 0.8521 0.1117 18.12 64.62 -164.31 8.11 0.13 -5.69 -3.3900 -0.7600 -2.6000 1.5289 1.4889 1.7044 9.43 -0.58 -2.59 122 391 201 187 152 
-0.6525 0.0312 0.7557 -0.0474 347.81 81.94 114.56 4.12 0.38 -0.46 -4.1700 2.7300 0.7000 1.6600 1.4744 0.1922 9.66 -1.55 0.53 117 390 208 193 158 
-0.7277 -0.0319 0.6676 -0.1540 335.50 78.12 51.13 7.79 0.46 1.48 -1.1300 1.8900 0.1600 -0.2489 0.2956 -0.0322 9.56 -1.51 1.57 121 395 209 194 159 
-0.7595 -0.0286 0.6353 -0.1373 341.50 76.44 30.19 10.68 1.13 1.94 0.7200 2.2600 -0.6200 -0.8678 0.6311 -0.7244 9.50 -0.79 2.26 121 398 211 195 160 
-0.7835 -0.0060 0.6187 -0.0582 354.37 75.56 11.50 8.62 3.30 -1.06 0.1200 3.3600 -3.4300 -1.2789 -0.1433 -0.9911 9.51 0.00 2.37 126 395 209 196 161 
-0.8026 0.0515 0.5866 0.0948 16.06 71.31 -4.19 8.66 -2.58 2.72 -0.4600 -3.7300 0.2100 -1.9678 0.1544 0.1600 9.26 -0.32 3.20 124 395 211 196 162 
-0.7979 0.1489 0.5574 0.1750 25.37 69.94 6.69 8.29 -2.43 4.04 -1.2600 -1.4100 0.7600 -0.0700 0.2333 -0.0711 9.12 -0.28 3.57 123 398 209 199 161 
-0.8082 0.1428 0.5423 0.1799 24.56 68.12 6.12 6.45 -0.69 4.21 -3.6600 -0.4700 0.5800 0.0733 -0.3422 0.0311 9.19 -0.45 3.38 128 394 208 200 164 
-0.7901 0.1474 0.5688 0.1746 25.44 75.00 3.69 3.04 -1.97 0.44 -5.3700 -1.7600 -1.3900 -0.4456 0.1733 -2.5744 9.48 1.52 1.97 126 394 207 204 172 
-0.7151 0.0856 0.6227 0.3057 51.69 64.94 -55.19 7.56 5.52 0.06 2.1700 2.6200 -1.3400 0.4744 1.8267 -3.5400 7.12 5.73 3.53 154 344 211 217 188 
-0.6826 -0.0886 0.5353 0.4896 79.00 37.75 -58.31 12.30 11.75 8.77 0.8500 2.5300 1.6100 -0.4811 3.1756 -0.9478 4.54 6.80 5.40 168 339 232 218 156 
-0.6727 -0.1475 0.4349 0.5801 78.56 20.06 -47.06 -2.60 5.49 7.16 -3.9900 -1.2600 -0.2500 -0.0367 -0.2167 0.2344 3.11 6.50 6.64 166 349 224 220 160 
;
