-0.2241 -0.0582 0.3190 0.9190 152.56 2.00 -37.75 0.21 6.03 7.81 -0.1000 -0.0100 -0.0400 0.0178 0.0222 0.0167 0.33 6.01 7.73 155 366 363 402 209 
-0.2251 -0.0609 0.3189 0.9186 152.44 1.69 -37.81 0.25 6.00 7.66 0.0200 0.0100 0.0000 -0.0233 0.0356 -0.0467 0.26 6.01 7.74 155 356 362 391 210 
-0.2213 -0.0285 0.3224 0.9199 155.87 14.25 -36.25 -1.48 13.23 22.86 -1.6400 8.2900 13.3700 -5.5533 -10.2111 0.8867 7.97 2.28 5.23 164 337 318 317 207 
-0.1068 0.5701 0.0565 0.8127 161.87 68.56 32.25 7.52 3.61 2.12 -1.9100 7.2400 -1.5300 -3.8867 1.0322 4.5256 7.58 -5.75 2.36 163 342 306 323 208 
-0.1719 0.5099 -0.3899 0.7473 153.81 31.87 83.06 4.12 -1.17 -4.39 -0.9400 8.0800 -6.5800 -3.2033 1.9311 2.1767 3.28 -9.18 -0.98 166 352 329 337 206 
-0.1412 0.3790 -0.6572 0.6360 153.94 16.12 99.44 2.10 -5.05 -9.03 -1.0800 3.1600 -7.7200 0.8344 -0.9056 -0.1989 2.68 -9.35 -1.16 159 347 319 342 207 
-0.2212 0.4119 -0.5807 0.6665 137.06 18.06 83.56 7.76 -1.61 -10.22 6.2100 7.9000 -12.5400 9.9556 0.6833 0.8978 3.21 -6.88 6.19 158 322 328 360 210 
-0.5295 0.2571 -0.0411 0.8074 109.12 22.12 8.63 6.17 12.55 13.97 2.0100 11.5100 4.5200 5.6644 1.5511 0.0778 3.57 2.72 8.71 161 337 348 367 209 
-0.6295 -0.0143 0.2870 0.7219 97.37 19.50 -30.12 3.33 9.21 17.09 1.9500 3.8900 8.4600 0.3011 0.6867 -0.3411 3.09 4.92 7.89 163 344 359 395 219 
-0.6138 -0.0355 0.3084 0.7259 99.87 20.06 -31.19 0.97 5.95 10.82 -4.2100 2.8600 5.9300 -1.2178 -2.2678 0.5478 4.26 4.19 7.77 166 282 217 226 202 
-0.5651 0.1031 0.2499 0.7795 114.56 28.81 -8.88 9.65 9.20 9.99 5.4100 8.9700 1.3300 -9.6856 -2.0822 -1.4656 6.05 -3.46 6.89 153 198 169 188 168 
-0.3384 0.4583 -0.1816 0.8015 130.94 32.44 60.06 4.43 0.10 -5.00 -0.0100 7.6600 -8.1800 -2.3656 -0.1856 4.1867 2.75 -9.16 2.15 152 210 175 195 162 
-0.4395 0.4583 -0.4905 0.5968 102.19 3.87 87.44 -2.74 -8.43 -0.50 -2.1000 0.4900 -1.0800 -0.3689 -0.2778 0.9322 -0.07 -9.80 0.06 150 224 184 200 165 
-0.4859 0.4730 -0.5223 0.5171 92.44 0.25 90.06 1.63 -10.36 1.32 -0.1700 0.1600 1.1900 -0.1167 0.1567 0.3411 -0.01 -9.80 -0.04 154 226 187 201 167 
-0.5182 0.5203 -0.4794 0.4806 81.87 3.62 91.81 -4.43 -9.17 -4.45 -4.5900 1.7700 -6.2200 -0.3833 -8.8244 -4.9344 3.14 -9.09 -1.90 152 225 182 201 166 
-0.5353 0.8100 0.0369 0.2368 37.13 26.62 114.44 3.23 -4.21 -6.64 -1.1200 2.4500 -4.2100 1.5200 -7.4689 -2.7411 3.90 -7.41 -5.09 153 225 186 199 166 
-0.4547 0.7649 0.4556 -0.0246 348.19 20.94 129.62 5.02 -4.92 -8.38 0.4100 0.9200 -2.2300 0.5600 -2.1689 -0.2922 2.93 -7.12 -6.06 151 225 186 199 167 
-0.4304 0.7100 0.5437 -0.1224 326.62 16.75 127.75 5.49 -6.54 -4.60 0.8100 0.5700 0.1500 0.3456 0.1489 0.2544 2.72 -7.71 -5.40 151 225 188 200 168 
-0.4744 0.6911 0.5231 -0.1539 325.94 17.37 119.69 2.09 -7.63 1.84 -1.9900 -0.4300 5.3800 -0.1956 -0.3811 -0.0467 3.32 -8.01 -4.56 153 227 191 205 164 
-0.5027 0.6931 0.5029 -0.1189 335.12 20.44 119.31 5.50 -6.61 -1.88 2.6800 1.7700 2.9800 -0.5133 2.2456 -0.1556 4.08 -7.85 -4.20 149 223 191 207 172 
-0.5359 0.7151 0.4467 0.0426 27.69 39.69 119.25 13.99 -5.03 -3.01 6.8500 0.3300 -2.1800 -3.1800 10.4378 -2.5267 8.48 -4.74 1.28 158 199 200 211 173 
-0.5360 0.4824 0.0687 0.6893 110.44 38.44 31.56 8.57 -7.02 0.16 2.3900 -1.6200 -7.5700 -0.4544 11.4567 -0.0800 -1.42 -4.02 8.82 166 189 185 191 164 
-0.4319 -0.1197 -0.2658 0.8535 125.81 -36.38 20.81 -0.26 2.90 1.80 3.4000 4.6000 -5.0400 -0.0056 4.7022 3.0433 -8.72 -0.88 4.38 169 160 164 170 156 
-0.4905 -0.4612 -0.2667 0.6896 105.31 -65.69 -23.06 -13.44 4.52 2.72 -3.3400 2.6000 0.3600 0.6978 0.0267 1.8056 -8.60 3.26 3.37 174 166 167 171 158 
-0.5541 -0.5459 -0.1713 0.6046 93.69 -57.75 -49.31 -14.35 3.15 2.06 -2.5900 -0.1400 -0.9100 0.2567 -0.5500 -0.2922 -8.24 3.79 3.71 173 171 168 178 159 
-0.5533 -0.5243 -0.1638 0.6262 97.62 -57.06 -43.06 -8.50 3.17 2.72 0.2100 -0.0800 -0.8900 0.3767 -0.3100 -0.1167 -8.23 3.63 3.88 173 171 172 180 161 
;
