0.1722 -0.0029 -0.3494 -0.9210 158.81 7.19 -40.31 1.20 6.31 7.45 0.0800 -0.0100 0.0500 0.1433 -0.0389 0.0456 1.29 6.36 7.34 160 373 367 403 219 
0.1725 -0.0074 -0.3539 -0.9192 158.69 7.69 -40.63 -0.89 6.19 8.44 -4.7200 0.2700 3.2500 0.6778 -4.2467 1.5300 3.81 6.34 6.43 163 338 326 373 216 
0.1411 -0.3096 -0.3760 -0.8619 165.44 53.25 -38.13 14.98 8.44 8.64 4.3300 6.6200 2.3300 -5.7589 -2.2322 4.1600 9.03 -0.78 3.72 160 332 336 354 213 
0.1260 -0.5735 0.1263 -0.7995 159.25 57.00 61.69 5.07 2.04 -2.68 -1.5300 8.3300 -3.9200 -3.1933 1.5844 3.5000 6.43 -7.24 1.50 163 335 337 353 213 
0.1852 -0.5071 0.4586 -0.7059 149.00 30.12 88.69 1.62 -6.68 -4.08 -3.3900 1.5200 -2.7500 -0.2700 -0.3933 0.8878 4.25 -8.83 -0.27 163 323 308 345 211 
0.2345 -0.4991 0.5174 -0.6544 138.19 23.94 91.44 0.80 -8.08 -5.70 -2.2600 1.3200 -5.9700 1.6789 -1.4289 -1.0567 4.64 -8.61 0.62 154 318 314 347 212 
0.3202 -0.5244 0.3395 -0.7122 128.69 35.06 64.87 8.52 6.05 -4.18 2.1100 12.6700 -8.6300 10.2900 0.0989 -1.7044 6.53 -2.49 6.87 160 344 336 369 215 
0.5349 -0.2301 -0.2440 -0.7755 108.00 36.19 -19.75 8.53 10.68 15.52 0.2100 6.4300 7.3200 2.6811 0.9700 -0.9322 5.27 4.53 6.91 161 353 351 389 225 
0.5607 -0.0764 -0.3616 -0.7409 106.56 31.50 -31.25 4.33 4.53 6.42 -0.7800 -0.3800 -1.6100 -0.0989 -0.0867 -0.1678 5.07 4.30 7.20 161 349 360 391 227 
0.5481 -0.0820 -0.3537 -0.7535 107.75 31.44 -31.25 3.50 6.14 10.10 -2.5000 2.8300 5.3600 -0.3611 -2.7311 0.6922 6.31 3.94 6.38 164 333 339 360 219 
0.4973 -0.2093 -0.3538 -0.7640 120.31 42.88 -23.44 4.87 4.04 5.68 -1.3600 0.1000 -3.7100 -2.1489 1.9556 -3.8189 5.50 3.06 7.51 164 313 198 207 176 
0.2507 -0.1754 -0.2777 -0.9106 152.69 26.62 -32.88 10.13 7.23 2.17 6.0200 4.5800 -4.5600 2.9056 0.5800 0.3867 4.42 6.36 6.01 146 334 166 155 136 
0.2648 -0.1301 -0.4982 -0.8153 137.69 30.06 -67.00 9.18 13.90 3.45 3.6700 6.5200 2.0800 4.4667 0.7256 2.6922 6.51 7.31 0.41 147 337 169 165 146 
0.4611 -0.1011 -0.7116 -0.5203 86.94 56.38 -94.06 5.31 11.25 5.11 -3.6900 6.2000 5.1800 -1.4256 1.2544 3.8156 9.47 2.44 0.69 149 332 175 170 149 
0.6223 -0.3047 -0.5749 -0.4352 70.87 79.31 -6.19 -0.15 1.41 1.89 -9.6400 2.2200 0.0600 -5.8200 -0.9044 1.4567 9.59 -1.85 0.83 146 340 180 173 146 
0.4339 -0.6073 -0.3346 -0.5753 119.50 84.69 2.75 7.80 4.66 -4.85 -0.6100 4.2200 -6.0800 -2.6000 3.5711 -5.3122 8.84 2.97 3.00 139 345 179 175 150 
0.1480 -0.4297 -0.3826 -0.8044 161.56 47.69 -58.94 10.64 9.61 -0.24 5.2500 4.5500 -1.9900 3.6100 1.2678 -1.4700 6.00 7.31 2.56 139 345 178 177 151 
0.1788 -0.2631 -0.5937 -0.7392 147.06 38.44 -83.37 8.81 9.89 2.67 1.1400 1.7700 1.9800 2.9789 0.0233 2.0100 7.09 6.74 -0.55 146 332 176 180 153 
0.3489 -0.2502 -0.6904 -0.5822 113.19 52.44 -94.31 6.24 8.91 6.00 -1.3300 2.8400 5.4600 -1.6611 3.1844 -0.4067 7.57 5.92 1.91 165 242 195 197 170 
0.4778 -0.1093 -0.4939 -0.7182 114.87 28.87 -41.94 2.99 5.23 5.91 -0.2800 -0.3600 -1.3500 -4.2933 7.8400 -3.9589 -2.05 3.42 8.95 170 175 199 198 174 
0.4102 0.3544 0.0916 -0.8353 127.62 -50.50 -5.25 -4.17 1.84 6.25 6.4400 0.6100 0.1800 -0.5244 1.5311 0.0544 -8.19 0.09 5.38 191 167 172 175 148 
0.4089 0.4578 0.2130 -0.7602 120.56 -63.44 -13.81 -4.94 4.25 5.80 4.1400 3.0700 2.4200 -0.3156 1.5411 3.0556 -8.79 2.96 3.15 194 165 181 176 147 
0.5264 0.5804 0.1646 -0.5991 92.31 -57.63 -61.06 -13.94 5.78 3.79 -6.3000 0.6600 1.0700 -1.0333 -0.1333 0.5589 -7.88 5.07 2.85 193 168 185 179 147 
0.5925 0.5651 0.1550 -0.5529 85.75 -53.69 -55.63 -7.65 4.30 1.21 0.3300 0.0000 -1.4600 0.0422 0.2778 0.0811 -7.90 4.83 3.21 193 163 188 180 147 
0.5905 0.5652 0.1585 -0.5539 87.31 -55.44 -58.38 -8.20 3.92 2.94 0.5600 -0.1600 0.7100 0.4944 0.0811 -0.5156 -8.30 4.47 2.68 193 166 190 182 149 
;
