0.8762 0.0706 -0.3607 -0.3119 39.81 38.25 -23.75 6.95 2.63 7.02 0.5400 -0.2400 -0.0500 -0.2744 0.5589 -0.0522 5.96 2.91 7.21 167 333 332 363 205 
0.8731 0.0272 -0.3648 -0.3223 40.63 38.56 -20.69 6.44 2.47 7.44 0.4300 -0.1600 0.2500 -0.2833 -0.3067 0.0611 6.25 2.56 7.10 167 334 325 359 207 
0.8676 0.0072 -0.3732 -0.3287 41.56 40.44 -19.62 5.81 2.44 7.84 -0.9200 -0.3300 1.1600 0.2156 -1.4056 0.2089 6.90 2.48 6.50 170 337 319 323 201 
0.8474 -0.0558 -0.4257 -0.3124 40.56 53.25 -7.37 14.13 -0.19 7.24 4.6200 0.2200 0.8800 -4.1267 -5.5778 3.8633 9.00 -2.77 2.71 163 377 181 196 149 
0.6743 -0.4824 -0.5435 -0.1317 10.38 51.38 108.94 4.26 -3.20 -2.41 -3.3600 3.4000 0.6800 1.0444 -2.3222 2.3967 5.74 -7.31 -3.11 117 387 182 196 147 
0.5767 -0.5480 -0.5886 0.1440 327.06 30.06 107.69 3.65 -6.45 -5.11 -0.6700 1.9700 -2.7800 3.0289 0.0278 -0.1244 4.84 -8.49 -0.74 119 392 187 198 150 
0.6580 -0.3903 -0.5679 0.3038 308.94 30.37 78.75 -9.24 -0.11 16.88 -4.8000 4.3800 15.5000 -1.9678 -0.4922 0.5811 5.01 -8.15 2.11 122 395 192 205 154 
0.6996 -0.4044 -0.5172 0.2821 318.50 30.12 87.00 7.41 -9.52 -7.30 1.1800 -1.1000 -8.0500 0.2689 -0.2556 0.2089 4.93 -8.47 0.04 122 395 196 207 156 
0.7056 -0.3756 -0.5255 0.2914 314.56 31.62 70.25 9.29 -5.56 13.28 6.3800 1.3600 9.0200 -0.4011 2.1800 -0.1389 5.31 -7.80 2.66 136 395 199 214 165 
0.7465 -0.3535 -0.4928 0.2736 322.00 33.94 72.62 6.15 -8.76 6.39 -0.6800 -1.3500 3.9000 -2.5000 1.3156 -1.1167 5.79 -7.70 1.80 143 388 199 214 158 
0.7664 -0.4106 -0.4846 0.0962 353.69 45.38 69.87 3.72 -2.58 -0.45 -3.1300 4.8900 -5.7100 0.8678 3.6944 -5.4800 7.92 -3.28 4.74 143 387 193 209 156 
0.8628 -0.1436 -0.4354 -0.2133 30.50 49.94 -8.31 9.00 3.22 1.90 2.7000 1.6000 -2.3300 3.6922 -0.4889 -1.1100 7.02 4.01 5.54 136 386 194 207 156 
0.8452 0.1747 -0.4602 -0.2079 25.44 45.38 -48.06 11.91 6.91 7.61 4.3200 1.7800 4.1900 2.3989 -0.2489 1.2111 7.35 5.42 3.56 134 392 196 205 155 
0.8052 0.2729 -0.5234 -0.0570 2.56 57.75 -58.44 8.41 6.77 7.49 -1.0400 3.0600 5.0300 -0.1922 0.9733 2.0800 8.78 3.06 3.09 137 387 197 202 153 
0.8104 0.1765 -0.5510 0.0925 345.06 69.62 -15.81 5.47 3.98 4.31 -3.8100 3.6800 0.7800 -3.1633 -0.0544 1.9644 9.20 -1.27 3.12 136 392 190 203 152 
0.7953 -0.0857 -0.5954 0.0746 354.06 69.87 47.81 2.53 0.12 -1.05 -6.3600 2.6000 -3.2900 -3.1889 -0.0222 -2.7433 9.59 -1.42 1.43 135 393 189 204 151 
0.7291 -0.1560 -0.6404 -0.1846 34.50 79.37 -35.50 12.39 2.93 -5.50 3.6700 1.6800 -5.8700 1.8744 0.3778 -2.3278 9.13 3.14 1.66 134 397 190 205 153 
;
0.9229 0.0647 -0.2736 -0.2633 31.94 28.06 -17.31 4.63 2.62 8.45 -0.1600 0.0800 0.1000 -0.0922 -0.3711 0.0300 4.77 2.54 8.17 163 336 345 370 204 
0.9165 0.0515 -0.2927 -0.2678 32.81 30.56 -14.88 4.82 2.73 10.47 3.9000 3.1400 8.2100 -4.4200 -0.3089 0.8967 4.73 -0.10 8.58 169 309 160 174 122 
0.8899 -0.2067 -0.2797 -0.2953 34.88 50.75 26.19 11.26 0.52 -0.18 2.6300 3.7300 -4.6400 -1.3100 -5.5844 1.8256 8.60 -4.63 0.76 121 362 159 177 125 
0.6816 -0.4544 -0.5726 -0.0317 354.31 48.56 99.81 2.61 -2.18 0.40 -4.6000 4.0900 0.7000 1.5667 -1.9978 2.5389 5.75 -7.83 -1.26 118 387 165 181 126 
0.6293 -0.4532 -0.5875 0.2314 315.44 31.12 95.56 5.92 -8.06 -0.51 0.5700 0.0200 -0.0500 1.2311 -0.9889 -0.1856 5.11 -8.36 -0.39 119 397 163 183 128 
0.6426 -0.3621 -0.5956 0.3182 305.81 33.13 83.44 2.24 -3.14 14.96 7.3700 0.9500 10.0900 -0.7100 0.3667 0.4011 5.35 -8.12 1.24 122 405 167 186 131 
0.6432 -0.3906 -0.5826 0.3070 310.06 30.00 94.75 4.78 -7.57 -6.20 -1.9600 -0.0900 -7.0400 -0.2433 0.3756 -0.3556 5.00 -8.39 -0.85 122 396 173 187 134 
0.6725 -0.3655 -0.5656 0.3069 311.44 33.19 75.12 13.08 -7.16 11.23 4.7300 0.3600 5.3300 -0.3311 2.7944 0.1511 5.37 -7.94 2.02 140 400 173 194 147 
0.7192 -0.3591 -0.5243 0.2811 320.87 35.00 76.56 4.39 -6.86 5.70 -1.4500 1.1200 2.3100 -2.0067 1.9500 -2.2656 6.52 -7.09 1.80 162 381 208 220 168 
0.8113 -0.3796 -0.4444 0.0125 8.75 46.50 50.38 6.73 0.24 -2.59 1.0900 4.0300 -7.0700 3.0300 3.1367 -4.0211 6.99 -1.48 6.71 145 375 185 200 150 
0.9047 -0.0310 -0.3541 -0.2348 29.25 40.81 -17.31 12.30 5.04 5.40 6.2600 2.7800 -0.0700 4.4733 -0.6722 -0.0156 6.80 4.47 5.46 134 385 183 198 147 
0.8380 0.2345 -0.4772 -0.1229 11.50 51.25 -53.44 11.72 9.14 9.51 1.9400 3.9800 6.3200 1.4167 -1.3011 3.0133 8.81 3.56 2.40 135 393 184 199 145 
0.7825 0.1985 -0.5854 0.0746 346.31 72.94 -26.44 6.34 4.36 5.02 -3.9800 3.1200 1.2000 -2.6156 0.3656 2.8089 9.29 -1.33 2.82 135 394 182 198 144 
0.7816 -0.0825 -0.6083 0.1111 346.06 67.62 54.63 1.40 -0.22 0.93 -6.9300 3.0400 -1.0600 -3.3956 -0.7156 -1.0444 9.36 -2.80 0.79 134 396 183 199 145 
0.7323 -0.2026 -0.6411 -0.1078 21.25 81.69 42.44 11.54 1.77 -7.01 4.1900 1.7500 -7.6900 1.2522 0.8433 -3.0256 9.58 1.64 1.27 133 393 187 200 146 
0.7111 -0.0028 -0.6712 -0.2094 30.94 70.06 -73.44 11.19 4.03 1.59 2.6900 0.6000 1.1500 2.2811 -1.2822 -0.3600 9.10 3.61 -0.38 137 400 187 200 148 
0.6566 0.1490 -0.7321 -0.1035 13.94 69.56 -110.50 9.06 4.43 2.88 -0.9700 1.3000 3.9600 0.1633 0.2033 0.5644 9.34 2.76 -1.07 138 395 189 202 148 
;
