-0.2208 -0.0432 0.2961 0.9283 153.50 2.81 -34.44 1.65 5.76 8.50 1.3800 0.2000 0.2200 0.0167 0.5567 -0.3900 0.11 5.47 8.13 138 316 319 333 210 
-0.2000 -0.0599 0.2839 0.9359 156.12 -0.56 -33.44 -1.70 5.15 8.25 -1.4500 -0.5900 0.0400 0.1300 -0.1111 0.1600 -0.15 5.45 8.14 143 321 328 341 210 
-0.2019 -0.0640 0.2866 0.9343 155.44 -0.31 -34.56 -2.60 5.87 10.70 -3.3500 0.1400 4.1300 -0.9911 -2.6456 -0.5244 1.22 5.07 8.29 155 320 204 240 206 
-0.1080 0.1667 0.2810 0.9389 171.12 38.94 -37.38 11.79 4.24 2.53 6.7900 4.3100 -1.5200 0.6078 -10.6067 3.7411 9.52 2.03 -1.16 136 360 177 180 168 
-0.1763 0.8030 0.1768 0.5411 130.12 61.50 151.12 3.93 2.40 -5.17 -3.5800 5.5500 -0.5000 4.1311 -3.3044 4.3156 5.21 -6.93 -4.57 119 371 186 184 168 
-0.5159 0.8314 0.0730 0.1932 33.75 20.81 111.37 4.10 -5.93 -6.11 0.4400 1.8800 -3.0500 2.7144 -0.1544 0.7489 2.92 -9.18 -1.79 90 380 187 182 169 
-0.6878 0.7037 0.0860 0.1562 27.81 22.44 82.81 0.04 -0.36 14.29 3.5000 5.6400 11.1100 -1.4444 -1.7356 0.7800 3.89 -8.97 0.74 117 387 201 191 174 
-0.6594 0.7131 0.0729 0.2267 43.75 26.56 98.94 6.21 -9.84 -7.23 1.9100 -0.9300 -5.6500 0.0567 -1.0167 -0.1311 4.41 -8.42 -2.37 117 365 194 192 173 
-0.6727 0.7032 0.1159 0.1985 33.13 27.31 79.44 8.40 -3.40 10.87 2.5200 2.1700 4.5100 -1.5989 1.3422 -0.3100 4.55 -8.67 0.42 125 385 205 202 181 
-0.6727 0.6801 0.1232 0.2644 48.13 36.00 89.31 9.66 -8.42 4.04 3.2300 -2.1900 2.1800 -2.4789 0.5744 -3.8656 7.80 -5.86 -0.94 109 368 183 192 172 
-0.5426 0.6808 0.3314 0.3637 60.63 60.38 109.44 11.92 -5.82 -5.98 -0.4200 -3.7400 -5.8600 0.3744 2.9111 -2.5167 9.38 -2.85 0.08 109 386 181 197 175 
-0.6142 0.4883 0.4654 0.4096 65.00 76.31 60.19 6.47 -0.93 -2.45 2.0800 4.4400 -2.4300 1.9600 0.2633 -0.1433 9.49 -1.83 1.64 3 389 187 198 174 
-0.7117 0.3521 0.5090 0.3322 47.31 73.00 32.63 7.20 2.14 5.16 -3.6400 3.6800 3.2500 0.0433 0.8489 -0.2978 9.25 -1.32 2.95 99 379 195 197 170 
-0.7389 0.3010 0.5192 0.3065 45.13 72.12 21.31 9.46 1.34 2.88 0.2900 2.3200 -0.1200 -0.4644 -0.0522 -0.0244 9.33 -1.02 2.82 98 370 197 197 171 
-0.7299 0.2983 0.5081 0.3465 53.00 71.50 12.19 10.19 2.55 1.49 0.2300 3.6000 -2.2000 -1.0333 0.2711 -0.9844 9.18 -0.22 3.41 104 383 195 200 172 
-0.6976 0.3090 0.4449 0.4689 70.50 63.13 4.56 10.25 0.53 -0.02 0.5700 1.4900 -4.3300 -2.7844 -0.6167 2.4478 8.60 -2.53 3.95 101 365 199 200 171 
-0.6896 0.4692 0.2899 0.4694 70.94 55.19 46.50 3.92 -10.01 5.42 -4.0000 -5.8200 1.5800 -1.3733 0.2811 -0.2778 7.96 -4.36 3.69 107 369 199 203 172 
-0.6290 0.5266 0.2081 0.5328 83.44 56.13 49.63 7.71 -4.20 4.15 0.4500 -0.0200 1.3800 -1.6367 2.2644 -2.3933 8.18 -3.30 4.26 158 369 188 202 174 
-0.4971 0.4459 0.1125 0.7358 118.94 45.56 21.62 -2.85 -5.61 0.86 -5.7400 -0.5900 -5.4500 1.1700 -1.7911 -1.3689 7.47 -1.53 6.16 162 368 189 201 172 
-0.3853 0.3804 0.2069 0.8149 131.19 51.06 -11.44 5.17 6.37 0.96 1.6600 7.0300 -4.2300 3.5844 0.0989 -3.7478 6.80 4.96 5.01 131 371 187 197 170 
-0.2841 0.2394 0.4835 0.7926 139.69 39.13 -64.94 14.83 18.24 -0.84 7.0600 11.0700 -2.2100 5.3122 1.2656 0.7067 6.11 7.64 0.60 135 374 194 199 171 
-0.4169 0.0529 0.7365 0.5300 95.94 44.88 -102.12 7.82 14.16 3.96 -0.3600 7.9600 6.3100 0.9989 1.0678 3.0444 8.52 4.48 -1.82 127 376 194 201 171 
-0.5782 0.1412 0.7194 0.3580 62.75 71.94 -92.56 2.95 6.24 -0.07 -8.4300 3.1200 -0.5400 -4.2533 1.8478 2.2789 9.53 0.67 2.20 2 371 202 205 172 
-0.6458 0.3764 0.4901 0.4484 71.94 76.50 28.37 1.57 0.63 -0.20 -4.9900 2.9500 -2.8200 -3.8856 -1.3856 -1.3511 9.73 -1.03 0.52 126 376 203 204 172 
-0.4359 0.5568 0.4577 0.5389 111.69 82.50 -132.75 9.97 3.44 -9.02 -0.3000 1.2000 -6.8700 0.4411 -1.8100 -3.1189 8.92 3.53 -2.01 118 378 201 205 172 
-0.2474 0.4808 0.6136 0.5753 132.75 56.31 -120.00 15.06 7.84 -7.68 7.9500 3.7500 -3.0400 2.8967 0.7156 -1.0700 7.79 4.46 -3.94 124 378 205 206 171 
-0.2806 0.4470 0.7333 0.4286 107.19 53.00 -146.62 9.78 6.49 -0.38 0.3400 2.4000 4.3100 -0.0444 0.8200 0.6989 8.28 2.71 -4.48 133 380 203 207 174 
;
