0.4257 0.2462 0.1385 0.8596 232.50 17.62 -28.19 2.95 4.88 8.21 0.0100 0.4000 -0.1600 -0.0156 0.1167 0.0278 2.92 4.43 8.24 159 294 292 297 195 
0.4226 0.2416 0.1474 0.8610 231.94 16.69 -28.81 2.98 4.44 8.91 0.5900 0.3000 1.5000 0.5378 -0.4411 0.3444 3.13 4.69 8.01 159 304 288 311 195 
0.4022 0.2825 0.1266 0.8616 229.56 29.06 -27.75 11.16 5.52 4.95 6.2300 2.2900 -2.6000 1.7356 -6.3933 4.1667 8.36 2.60 4.40 166 330 235 247 185 
0.1246 0.6530 -0.0762 0.7431 183.87 82.62 114.00 8.76 2.91 -0.64 -1.3800 5.5600 3.1300 3.5767 -3.4956 4.3156 7.79 -5.09 -3.08 153 390 197 204 171 
-0.2994 0.7928 -0.1614 0.5057 110.12 41.00 115.44 6.27 -3.16 -1.37 0.0000 3.8000 0.3600 0.9722 -1.2233 0.0822 5.84 -7.15 -3.28 136 401 199 207 170 
-0.4297 0.8082 -0.0844 0.3939 79.81 32.94 110.62 5.88 -6.86 -0.71 0.2000 1.1400 2.3300 2.9178 -1.2078 0.0267 5.15 -8.17 -1.69 112 396 204 206 175 
-0.6091 0.7111 0.0255 0.3504 57.50 31.75 93.44 5.92 -7.01 1.65 0.0300 1.3800 1.1600 -2.8067 1.8400 -0.8656 5.57 -7.90 -1.61 110 397 199 202 176 
-0.4575 0.7982 -0.0181 0.3916 82.12 37.19 113.62 7.56 -7.23 -8.75 2.9700 -0.4000 -7.5000 2.9778 -0.3167 0.5544 5.59 -7.69 -2.36 113 396 207 204 179 
-0.5955 0.6919 0.0208 0.4078 68.44 38.81 80.62 11.36 -1.74 13.74 4.4200 1.9200 7.0300 -2.2844 4.3922 -1.6356 6.45 -7.18 1.68 129 397 212 221 183 
-0.4993 0.6303 -0.0675 0.5907 103.69 42.63 75.31 13.96 -9.31 2.44 7.0500 -3.3500 -2.1600 -2.5833 5.6056 0.3978 5.83 -7.38 2.75 156 369 196 202 177 
-0.3629 0.4755 -0.2908 0.7467 129.19 26.56 61.88 6.53 -4.67 -1.87 3.5700 3.5100 -5.9000 1.8011 1.9000 2.1500 1.66 -7.55 6.03 123 208 186 182 151 
-0.4645 0.2108 -0.3242 0.7966 115.12 0.00 41.81 -1.81 -2.64 5.68 -1.8700 3.9000 -1.1900 2.3756 -0.3478 1.7211 -0.57 -5.07 8.37 118 229 189 184 152 
-0.5978 0.1154 -0.2117 0.7646 102.37 -3.19 25.81 -1.02 -0.96 11.78 -1.4000 2.4400 2.7700 -0.2389 -0.7489 0.2478 -0.29 -4.23 8.84 121 236 191 186 153 
-0.6238 0.1443 -0.1816 0.7464 100.50 -0.37 27.25 0.96 -2.76 8.54 1.0800 2.1500 -0.1000 -0.0978 0.5322 -0.4644 -0.13 -4.58 8.66 121 239 190 186 157 
-0.5844 0.1428 -0.2082 0.7712 107.06 -0.44 31.44 4.24 0.73 10.66 4.4400 5.6500 1.9400 -2.7611 -0.2967 -0.8533 0.36 -6.67 7.17 121 244 194 189 156 
-0.4652 0.2418 -0.3633 0.7701 121.12 2.50 55.69 -0.12 -13.89 -1.57 -1.5900 -5.6800 -6.9200 -0.6756 0.4022 -1.0144 0.80 -8.48 4.84 123 244 195 190 158 
-0.3689 0.2635 -0.4214 0.7855 129.81 6.62 58.56 1.53 -7.64 4.95 0.0800 1.5100 -0.1700 0.2556 0.1322 -0.2578 1.42 -8.13 5.28 123 246 195 189 158 
-0.3640 0.2920 -0.3815 0.7979 133.62 13.63 56.00 -4.41 -1.40 -1.57 -6.1300 6.9500 -6.9800 2.5033 0.7700 -4.9200 4.59 -5.74 6.48 155 300 188 197 176 
;
