0.6440 -0.1281 -0.3264 -0.6800 93.06 36.44 -20.25 5.85 2.64 7.32 0.0300 -0.0800 -0.0600 -0.0011 -0.0044 -0.0022 5.83 2.73 7.39 160 345 335 352 206 
0.6439 -0.1282 -0.3266 -0.6799 93.06 36.50 -20.25 5.87 2.66 7.26 0.1000 -0.0200 -0.1300 -0.0011 0.0033 0.0067 5.83 2.73 7.39 161 344 334 352 206 
0.6439 -0.1282 -0.3265 -0.6799 93.06 36.50 -20.25 5.87 2.66 7.29 0.0900 -0.0200 -0.0700 0.0089 0.0078 -0.0033 5.83 2.74 7.39 162 336 330 342 204 
0.6455 -0.1482 -0.3307 -0.6722 91.87 42.81 -11.69 12.96 -0.19 11.80 4.8100 -2.4600 0.8300 -3.1911 -4.4933 2.6789 8.23 -2.31 4.79 160 383 246 254 194 
0.6634 -0.5116 -0.3370 -0.4297 50.00 58.50 75.87 4.46 -1.23 -1.65 -3.4300 4.5700 -1.3800 2.8222 -5.5156 3.1633 6.71 -7.11 -0.66 166 419 191 203 177 
0.6848 -0.5539 -0.4722 0.0357 345.25 34.63 93.81 4.34 -6.73 0.48 -0.4800 2.0700 2.2400 1.3200 -2.3911 0.5033 5.04 -8.39 -0.57 173 415 176 186 175 
0.6252 -0.4983 -0.5609 0.2149 320.87 28.12 99.87 4.92 -6.76 -4.76 0.0500 -0.1700 -3.4900 1.2122 -0.2267 0.2056 4.49 -8.65 -1.05 183 416 182 191 170 
0.6965 -0.4520 -0.5000 0.2460 322.19 29.12 83.37 4.99 -8.75 10.18 1.2000 0.8200 6.0500 -2.0600 1.0600 0.5978 4.50 -8.70 -0.38 187 421 185 197 170 
0.6113 -0.5502 -0.5359 0.1907 324.75 25.62 103.44 2.91 -8.33 -7.85 -0.6400 -0.3200 -5.3900 2.1578 -0.6633 -0.5244 4.35 -8.67 -1.40 190 391 188 199 174 
0.6750 -0.4510 -0.5269 0.2516 320.19 30.06 84.69 4.97 -8.21 5.92 2.0000 0.7000 2.1700 -0.5700 0.7211 0.1178 4.85 -8.51 0.35 194 410 199 208 179 
0.6802 -0.4685 -0.5206 0.2165 328.31 31.81 90.69 3.53 -1.09 5.39 -1.1300 6.1000 5.7200 -5.4189 6.0278 -2.6144 6.93 -6.91 -0.49 165 285 239 241 200 
;
0.6968 -0.5603 -0.3140 -0.3192 64.31 55.88 53.13 12.54 -2.07 0.00 5.3500 2.0000 -1.5800 0.6156 5.4756 -4.3278 6.73 -0.78 7.08 161 316 308 334 202 
0.6523 -0.1747 -0.2451 -0.6956 94.19 35.31 -16.87 11.03 9.42 16.39 10.8600 5.7200 11.6900 -1.3400 0.3811 0.2189 6.34 3.47 6.61 160 344 334 356 205 
0.6172 -0.1360 -0.3631 -0.6846 95.87 38.56 -24.87 5.75 3.07 7.21 0.4500 -0.1200 0.3500 0.0089 -0.1633 -0.0433 6.13 3.22 6.93 159 343 330 353 204 
0.6172 -0.1316 -0.3552 -0.6896 96.31 38.19 -24.62 6.21 3.03 6.95 0.7100 0.0800 -0.0600 -0.0522 0.0133 0.1167 6.12 3.09 7.00 158 327 300 315 203 
0.6309 -0.1825 -0.2943 -0.6943 94.37 39.81 0.75 11.08 -2.25 7.82 5.3600 -1.7500 -4.0400 0.3133 -10.1689 3.8156 8.85 -3.17 2.76 156 366 188 191 165 
0.5953 -0.5970 -0.5063 -0.1815 5.00 43.50 115.56 4.94 -0.56 1.51 -2.3100 5.5100 4.6600 3.0622 -0.8411 1.0989 5.32 -7.95 -2.11 127 395 193 197 166 
0.6284 -0.4946 -0.5675 0.1961 322.62 30.56 97.87 6.45 -6.82 -1.16 1.9400 1.4100 -0.6100 2.0322 0.2111 0.2167 4.78 -8.56 0.11 121 400 196 200 167 
0.6857 -0.3955 -0.5369 0.2917 314.75 30.94 79.19 -2.99 -4.21 7.19 -0.0900 2.8300 8.8100 -1.4256 0.1189 0.3644 5.13 -8.07 2.12 124 404 197 206 172 
0.7201 -0.4453 -0.4848 0.2194 328.00 29.87 85.50 6.27 -9.62 -3.96 0.1400 -1.0800 -4.5000 0.9478 -0.5611 0.1733 4.77 -8.55 0.52 128 384 196 208 172 
0.7314 -0.4063 -0.4869 0.2506 322.75 31.19 71.56 8.08 -5.80 6.83 1.8600 1.7000 2.6100 -1.0078 0.9233 0.0100 5.13 -8.05 2.19 139 398 203 215 176 
0.7357 -0.4192 -0.4850 0.2188 329.75 32.94 80.31 3.42 -2.76 5.38 -0.5800 5.3400 4.5300 -3.2378 3.5700 -2.2500 6.25 -7.49 0.86 154 328 245 263 192 
;
0.7626 -0.5006 -0.3776 -0.1588 43.44 50.00 55.06 3.01 -4.00 0.72 0.1000 1.9500 -1.7000 1.3111 3.4067 -7.5667 6.74 -1.05 7.04 157 333 331 360 203 
0.6358 -0.2076 -0.3005 -0.6800 97.81 43.88 -21.50 10.64 5.53 6.83 2.4400 8.0000 9.6800 3.9344 -2.0944 -0.4656 6.92 4.19 5.52 153 324 333 365 204 
0.5957 -0.1514 -0.4245 -0.6649 96.12 45.44 -33.56 7.13 5.76 5.90 1.2200 1.1900 0.7300 -0.3544 0.2044 -0.0033 6.89 3.74 5.87 154 324 335 362 205 
0.5953 -0.1514 -0.4211 -0.6674 96.00 46.56 -30.87 15.51 9.29 11.00 10.2400 11.0800 6.2400 -6.8600 1.5300 3.6567 7.36 -1.20 6.35 164 316 211 236 182 
0.6608 -0.4800 -0.2780 -0.5056 55.38 61.31 74.81 9.25 -2.68 -6.23 2.2400 5.6700 -1.9800 5.6222 -7.4522 3.2344 5.68 -7.57 -2.53 110 378 183 191 174 
0.6228 -0.5166 -0.5583 0.1830 320.25 28.50 97.12 3.87 -4.54 1.78 -0.5000 3.4400 2.6100 0.6344 0.2200 0.3344 4.30 -8.79 -0.56 117 400 192 198 173 
0.6288 -0.4599 -0.5557 0.2904 309.50 25.81 90.62 5.74 -8.05 -1.58 -0.0200 0.9100 -1.0300 2.3144 0.3189 -0.5067 4.51 -8.58 1.42 117 399 193 201 178 
0.7193 -0.3502 -0.5002 0.3314 313.25 29.56 67.87 5.79 -4.53 9.91 0.9900 1.3700 2.0500 -1.6300 -0.0689 0.3967 4.83 -8.19 2.36 117 407 195 205 178 
0.6966 -0.4196 -0.5110 0.2783 317.44 28.12 84.19 5.28 -8.71 -3.34 0.6300 -0.1600 -4.1200 2.0644 -0.7389 -0.2544 4.79 -8.37 1.73 122 394 197 209 179 
0.7474 -0.3399 -0.4773 0.3132 314.37 31.31 68.94 6.96 -5.99 5.81 1.7800 1.9100 2.0000 -0.9033 1.1967 -0.3500 5.03 -7.93 2.80 132 392 204 215 180 
0.7427 -0.3920 -0.4815 0.2505 326.69 32.00 78.00 3.14 -1.11 4.44 -2.3700 6.9500 3.0400 -5.2744 6.4711 -3.6844 6.50 -7.26 1.05 147 309 242 269 195 
;
0.7403 -0.5130 -0.3013 -0.3131 66.25 49.00 39.75 7.25 0.20 2.55 2.1800 3.1200 -3.3300 3.0578 -0.5656 -5.2200 7.31 0.98 6.45 158 329 323 359 203 
0.6216 -0.2594 -0.3329 -0.6599 91.94 49.94 -17.12 18.15 5.28 14.88 4.3900 1.5200 -0.6900 -0.7833 0.9844 0.3500 7.63 2.75 5.50 156 348 345 384 208 
0.6152 -0.2000 -0.4059 -0.6455 92.81 49.25 -25.37 8.49 3.63 5.64 0.8100 0.7300 -0.6700 -0.0422 -0.1400 0.0000 7.55 2.70 5.63 158 345 348 380 207 
0.6100 -0.2087 -0.4102 -0.6450 93.19 50.56 -25.56 8.05 3.30 5.36 0.6800 0.7800 0.9800 -0.1956 0.0044 0.2867 7.67 2.48 5.57 155 305 313 322 203 
0.5976 -0.2864 -0.3695 -0.6514 95.00 59.00 -2.69 14.31 -3.18 2.16 6.4700 -1.7600 -3.6900 2.2678 -9.1744 4.1911 9.43 -2.61 -0.53 154 363 186 174 156 
0.4938 -0.6260 -0.6032 -0.0195 336.19 28.44 123.62 3.01 -1.56 0.29 -3.1700 6.3600 3.6600 3.1033 3.1622 1.3933 4.23 -8.67 -1.75 121 400 200 189 166 
0.6445 -0.5505 -0.4910 0.2013 322.25 23.37 92.56 3.78 -6.79 -2.32 0.4500 2.5200 0.0900 3.0956 -0.3278 -0.0589 3.86 -8.89 1.46 129 402 212 200 176 
0.7504 -0.4153 -0.4246 0.2901 317.87 23.75 72.19 2.96 -7.22 4.67 -1.6700 0.6700 1.2700 -4.0056 0.9433 -0.6289 3.98 -8.92 0.83 126 406 211 203 178 
0.6699 -0.5375 -0.4715 0.2001 325.62 24.56 89.75 4.56 -8.67 -2.98 -0.7400 0.8100 -1.1900 4.2644 -0.3544 -0.2678 4.10 -8.52 2.57 134 402 208 210 180 
0.7495 -0.4158 -0.4404 0.2673 322.06 26.06 74.94 3.73 -4.79 4.06 -2.4600 4.1100 2.2800 -2.4267 1.0289 -1.0711 4.75 -8.48 1.21 151 376 222 230 187 
0.7308 -0.5362 -0.4185 0.0564 9.19 38.75 83.06 4.58 -2.56 -0.10 -0.5800 3.8200 -3.6300 -1.8344 8.1844 -6.8933 7.82 -3.82 4.50 153 356 325 353 201 
;
0.6776 -0.2767 -0.2923 -0.6155 92.00 40.25 -14.44 8.48 8.14 3.49 1.0000 6.8400 -4.5900 2.5889 -4.0922 -0.4056 7.37 4.26 4.86 160 354 361 389 205 
0.5707 -0.1744 -0.4808 -0.6424 96.56 49.44 -38.81 3.80 3.14 2.47 -3.4800 0.3900 0.4400 0.0811 -0.2444 -0.0667 7.34 3.98 5.13 161 350 360 388 207 
0.5789 -0.1682 -0.4630 -0.6498 96.56 48.88 -38.19 8.20 5.03 6.12 1.4700 2.0000 2.8600 -0.8889 -1.0333 0.8800 7.85 3.12 4.97 165 316 299 309 201 
0.6154 -0.3067 -0.3437 -0.6396 88.00 56.63 10.44 10.80 -0.38 2.55 2.0800 1.5700 -3.1400 1.4478 -7.5567 4.5700 8.89 -4.05 0.76 173 347 190 206 188 
0.6467 -0.5898 -0.4443 -0.1910 14.63 44.81 99.94 2.74 -2.72 -0.48 -2.0500 5.1100 1.6100 3.5544 -2.7322 2.3222 5.09 -8.36 -0.47 137 393 188 199 180 
0.6953 -0.5178 -0.4667 0.1750 329.12 27.12 86.94 3.46 -6.78 -0.31 -0.2400 0.9500 -1.3700 0.8333 -0.1633 -0.0978 4.42 -8.69 1.02 131 405 189 202 181 
0.7495 -0.4266 -0.4443 0.2423 322.75 27.87 70.00 3.07 -1.74 6.54 -4.2400 4.2800 8.6100 -0.9211 -1.1444 0.0411 4.69 -7.86 3.51 138 409 196 207 182 
0.7580 -0.4383 -0.4301 0.2200 332.12 27.75 79.81 7.44 -9.25 -4.36 3.0100 -0.5700 -5.0400 1.4322 -0.2267 0.6444 4.37 -8.65 1.47 135 385 194 210 182 
0.7709 -0.3986 -0.4310 0.2471 323.94 28.62 63.88 6.73 -5.32 8.57 2.8600 1.5500 2.6600 -0.8633 0.7511 -0.0700 4.81 -7.84 3.38 147 409 203 215 182 
0.7831 -0.4021 -0.4211 0.2183 330.62 29.19 70.31 2.85 -2.68 6.03 -2.1400 4.9500 3.2100 -3.9333 3.2833 -1.6944 5.18 -8.13 1.78 159 336 216 241 188 
;
