0.0764 -0.0018 0.3041 0.9496 189.25 -2.69 -35.38 -0.44 5.76 7.78 0.1100 0.1300 -0.0800 -0.0289 0.0167 -0.0544 -0.46 5.67 7.98 161 291 306 342 211 
0.0773 0.0001 0.3051 0.9492 189.31 -2.75 -35.50 -0.35 5.78 7.90 0.1400 0.1100 -0.0700 0.0644 0.1378 -0.0233 -0.52 5.65 7.99 162 291 308 344 210 
0.0743 -0.0051 0.3043 0.9497 188.75 -3.12 -35.25 -0.73 5.75 7.98 -0.8000 -0.0100 0.0200 -0.3022 -0.6600 -0.1144 -0.12 5.20 8.30 161 282 297 306 209 
0.1713 0.1227 0.2474 0.9457 208.75 18.56 -34.00 4.93 7.98 12.61 3.9300 3.1700 2.2400 1.7278 -11.1022 1.6667 8.26 5.01 1.61 167 326 164 191 187 
0.1770 0.7900 0.0218 0.5865 199.37 64.50 -164.00 9.23 5.99 -6.25 -3.4100 6.4700 -2.2800 5.3656 -2.2389 5.3489 7.10 -4.55 -4.99 110 373 164 183 179 
-0.3345 0.8345 -0.1293 0.4182 93.62 34.50 117.94 0.39 -2.86 1.32 -4.9700 4.8200 4.5200 1.6967 -0.7044 0.5033 4.67 -8.19 -2.66 110 385 182 187 158 
-0.4902 0.7917 -0.0866 0.3541 71.00 29.06 107.31 5.08 -7.91 -4.27 1.3500 0.7800 -1.4100 0.7256 -1.8256 0.3500 4.58 -8.30 -2.49 103 389 178 195 146 
-0.5543 0.7856 -0.0023 0.2748 50.88 25.19 102.69 8.66 -8.09 -6.94 -0.4600 2.4400 -4.3500 -0.6544 -2.2656 -0.5744 4.56 -8.65 -0.61 103 395 193 195 153 
-0.5859 0.7339 -0.0179 0.3433 62.56 29.25 100.50 6.62 -8.87 -4.34 1.3200 -0.8500 -3.4400 -1.4411 -0.4378 -0.2989 4.72 -8.10 -2.86 104 401 196 199 155 
-0.5280 0.7852 -0.0212 0.3229 61.63 29.12 96.69 4.90 -7.13 -1.72 -20.6000 9.1500 26.2800 -1.4322 -3.0922 0.6311 5.04 -8.40 -0.31 118 385 189 197 157 
-0.5463 0.7172 -0.0410 0.4307 82.25 38.31 95.37 8.16 -3.40 4.31 1.3000 4.1600 5.0600 -2.0400 2.4900 -4.3300 8.17 -5.37 -0.62 151 273 224 238 188 
-0.2779 0.6857 0.0073 0.6727 147.94 69.25 47.38 13.44 -6.83 -3.87 3.2700 -4.8400 -5.8100 0.2144 3.8011 -1.7789 8.01 -0.77 5.59 93 232 241 262 181 
-0.1481 0.4229 0.0826 0.8902 159.69 49.75 -7.37 13.99 2.56 0.47 7.2100 1.3800 -5.8000 4.6456 -3.4622 2.3233 8.60 1.44 4.47 93 158 167 185 144 
-0.3525 0.5396 0.3262 0.6915 113.81 84.50 -1.50 9.08 3.05 -2.69 -1.8100 3.0300 -2.3100 5.8967 -1.6689 0.3656 9.79 -0.16 -0.40 95 160 167 177 130 
-0.5436 0.4551 0.6075 0.3582 58.25 79.12 156.62 13.77 8.14 -4.99 2.6400 8.1300 -1.9200 3.5689 -1.5033 1.3656 9.40 -1.84 -2.05 94 162 174 180 132 
-0.6024 0.3826 0.6765 0.1823 37.19 73.19 133.75 9.92 4.63 -2.25 2.1200 8.3400 -0.0800 -3.3356 1.4444 -1.0967 9.63 -1.07 -1.51 97 167 178 186 134 
-0.5255 0.4731 0.5995 0.3750 79.50 78.94 175.56 10.40 0.96 -9.40 0.5900 -1.2700 -7.8000 -3.0178 -0.1122 -1.2922 9.56 1.21 -1.80 99 169 180 187 136 
-0.3565 0.5503 0.5505 0.5167 115.06 72.50 -136.50 9.54 -4.02 -4.89 0.3600 -7.6500 -2.0600 0.2556 -2.2500 1.0033 9.01 1.60 -3.50 97 170 183 189 137 
-0.3378 0.5794 0.6001 0.4360 99.31 65.44 -164.81 12.35 5.19 -1.87 6.1200 8.2600 4.6600 0.8878 1.0122 0.3144 9.10 0.16 -3.63 101 169 181 191 142 
-0.4047 0.5537 0.6192 0.3823 86.19 67.87 -175.44 10.04 3.70 2.10 2.2700 5.4300 7.7400 -3.7889 2.4578 -0.0944 9.56 1.09 -1.85 118 197 211 231 175 
-0.3823 0.5652 0.4547 0.5724 120.44 86.62 -2.62 11.72 -1.93 -5.06 -0.6900 -3.0100 -1.6700 -4.4611 0.0944 2.8933 9.65 -1.63 0.60 161 321 205 205 157 
-0.2757 0.7209 0.0731 0.6316 126.12 64.75 112.81 10.33 -0.30 -4.81 0.3100 4.2200 -2.2400 0.7211 -2.9900 2.0944 7.43 -5.48 -3.27 124 378 184 190 146 
-0.3932 0.8356 0.0164 0.3834 79.94 37.13 120.62 6.57 -4.44 -5.37 1.3800 2.9800 -1.4400 1.8767 -1.5856 0.5833 5.10 -7.55 -3.60 115 390 194 191 146 
-0.5609 0.7797 0.0785 0.2673 48.50 30.56 100.06 7.47 -6.17 0.40 -3.9200 8.0200 1.7300 1.6256 -2.3078 -0.5278 5.47 -8.10 0.75 116 407 199 195 152 
-0.6290 0.7048 0.0878 0.3162 56.31 33.25 96.31 3.33 -7.74 -3.96 3.3700 -0.5300 -4.6700 -1.4744 -0.6511 0.5589 4.87 -8.02 -2.84 112 404 200 198 149 
-0.5935 0.7506 0.0745 0.2807 52.75 33.56 86.75 -6.98 -0.64 20.11 -2.4000 6.4400 14.8500 -1.4300 0.2811 0.8011 5.37 -8.19 -0.20 120 389 209 203 154 
-0.6202 0.7050 0.0746 0.3358 56.88 34.50 90.69 6.72 -6.18 1.27 0.9000 2.1000 1.7600 -0.8644 0.3367 -0.2989 5.80 -7.89 -0.37 141 394 204 211 161 
-0.5493 0.7417 0.0744 0.3777 80.00 44.19 103.81 6.63 -3.47 -1.58 -2.3400 1.4100 -0.4800 -3.3178 4.1511 -2.7044 8.54 -4.70 -1.03 143 340 210 209 161 
-0.2456 0.6833 0.0341 0.6868 152.62 75.81 27.81 13.33 2.02 -0.31 5.1400 1.6100 -4.7500 1.5067 10.6844 -3.2522 4.42 2.65 8.34 154 330 311 355 195 
;
