0.0195 -0.0894 0.3288 0.9399 182.69 -10.38 -38.69 -2.01 6.10 7.39 -0.2800 0.0400 -0.1200 -0.0033 -0.0433 -0.0033 -1.75 6.03 7.52 173 369 368 405 217 
0.0259 -0.0846 0.3301 0.9398 183.12 -10.00 -38.69 -1.55 6.02 7.54 0.1100 -0.0100 -0.0100 -0.0044 0.0444 -0.0144 -1.72 6.04 7.52 172 369 366 406 217 
0.0257 -0.0853 0.3301 0.9398 183.12 -9.88 -38.69 -8.62 6.03 9.49 -6.7900 1.7700 4.3400 -2.1911 -5.7911 -0.5233 0.55 5.09 8.35 161 314 250 220 181 
0.1480 0.2017 0.1161 0.9612 197.12 34.56 -11.13 9.49 -1.71 -2.88 10.7100 -0.5700 -9.5700 3.8367 -15.2256 6.1267 9.50 -2.08 -1.17 190 348 149 165 146 
-0.2290 0.7930 -0.0771 0.5593 116.25 51.44 117.94 3.94 0.50 -1.00 -5.6100 5.9600 1.9300 3.9467 -4.0911 1.9222 5.95 -7.29 -2.73 116 375 162 173 147 
-0.5065 0.8088 0.0619 0.2925 53.94 31.00 112.50 6.42 -6.89 -4.75 0.4900 -0.4500 -2.7700 1.3622 -2.4167 0.3089 4.42 -8.12 -3.24 110 380 167 173 148 
-0.5887 0.7748 0.1678 0.1573 24.75 26.56 102.50 -0.89 -1.98 9.75 2.7000 7.4200 16.7800 -0.4156 -2.2944 0.5567 4.36 -8.63 -1.59 117 384 175 178 149 
-0.6063 0.7464 0.1926 0.1952 41.38 32.94 106.81 4.27 -8.25 -9.99 -1.5000 -1.5900 -8.9100 -0.3300 -1.8844 0.1733 4.90 -7.38 -4.19 113 387 181 182 152 
-0.5590 0.7749 0.2076 0.2097 40.50 36.69 100.50 -3.64 -0.69 3.44 -4.9800 8.1100 13.7400 -1.2822 -1.6200 0.3756 6.37 -7.44 -0.16 120 384 186 187 156 
-0.6332 0.6871 0.2123 0.2861 56.88 43.94 93.56 13.30 -4.96 2.02 7.5400 1.7600 2.5800 -2.7544 4.2500 -1.2356 7.60 -6.19 0.16 137 358 186 199 171 
-0.4609 0.6642 0.0183 0.5883 116.00 52.13 70.87 13.54 -7.31 -2.02 3.8700 0.0900 -1.8700 -1.3922 7.6311 -1.6200 6.22 -5.48 5.22 156 377 305 337 202 
-0.2523 0.3427 -0.2609 0.8665 149.81 22.62 46.69 2.84 -2.88 3.32 0.5500 3.5800 -4.5700 -4.5900 0.2522 0.0333 3.31 -8.26 4.10 162 401 357 403 208 
-0.1616 0.3379 -0.5085 0.7753 155.94 21.06 77.69 5.93 -7.54 -16.53 2.8600 1.6600 -16.6400 4.5756 -0.2378 -0.0100 3.57 -8.28 3.83 163 400 350 402 209 
-0.3151 0.3427 -0.2613 0.8455 132.37 27.62 34.31 16.08 11.88 8.24 8.6000 16.4400 8.8400 9.0244 -1.5133 1.7978 5.45 -0.42 8.13 162 407 367 406 212 
-0.5481 0.2557 0.1807 0.7756 112.37 37.19 3.25 6.50 3.41 14.80 4.3700 4.7700 6.1300 -4.1667 2.8456 -1.9700 4.99 -2.16 8.15 164 404 370 414 212 
-0.3669 0.3036 -0.1008 0.8735 138.06 26.44 35.50 7.71 1.11 1.59 1.1200 5.9000 -8.9200 -6.2578 1.7778 -0.1733 3.77 -7.84 4.50 161 404 371 409 212 
-0.1945 0.3690 -0.4697 0.7780 154.00 23.12 76.37 4.71 -5.72 -16.02 0.1600 1.0900 -17.8300 7.0356 -2.8267 1.1589 3.91 -8.01 4.08 168 404 369 406 213 
-0.3856 0.3657 -0.1769 0.8284 124.81 32.38 27.62 9.21 7.37 11.67 1.3400 8.6700 0.8200 5.8833 -3.9678 0.7189 6.45 -0.46 7.36 168 394 364 406 213 
-0.5503 0.2766 0.2119 0.7589 107.94 43.69 0.00 4.96 4.56 17.67 -3.6100 3.1700 6.6000 -3.9189 -0.0722 -0.6433 6.71 -1.59 6.97 169 390 318 295 211 
-0.3987 0.3751 0.0092 0.8368 137.31 33.25 25.37 8.21 -3.80 5.56 3.8700 0.8600 -0.9300 -4.9167 7.9300 -2.4256 1.92 -5.71 7.72 170 395 199 204 201 
-0.0410 0.0406 -0.3986 0.9153 182.31 0.06 52.63 4.05 -5.41 4.87 2.5400 1.9500 -1.5000 -1.8244 2.5689 -1.1000 -0.52 -8.58 4.70 190 404 166 169 171 
0.1479 -0.1243 -0.5051 0.8412 200.31 -3.75 62.19 1.94 -5.88 1.73 2.2700 2.9900 -2.4900 1.3333 0.4078 0.6500 -1.05 -8.27 5.15 194 404 158 156 172 
0.1337 -0.1421 -0.4158 0.8883 195.81 -8.13 45.94 4.99 -1.45 5.80 5.6500 5.9500 -1.2200 3.8722 0.2944 1.5600 -1.72 -4.51 8.53 194 409 165 173 184 
0.0434 -0.1026 -0.1224 0.9862 180.62 -8.63 7.00 3.64 1.20 19.55 3.3600 2.1500 12.1700 2.2167 -1.5311 3.5022 -0.20 1.15 9.73 194 409 162 180 189 
-0.2102 0.0150 0.0673 0.9752 149.56 6.56 -5.81 -1.86 2.06 19.77 -6.1200 -0.5200 7.9300 -2.7978 -0.4956 2.7744 1.67 -1.17 9.59 196 403 169 173 189 
-0.4092 0.1350 -0.1138 0.8952 128.87 5.94 24.87 -3.25 -1.44 8.70 -4.4200 3.2400 -0.1700 -3.3133 1.6367 0.2078 -0.20 -6.51 7.33 195 408 174 178 188 
-0.3460 0.1316 -0.3939 0.8413 140.25 -3.00 52.88 -2.27 -1.64 5.69 -2.0400 6.1500 -0.3900 -1.4978 2.2256 -2.8344 0.12 -8.54 4.80 193 407 173 182 189 
-0.0839 0.0949 -0.5139 0.8485 172.81 6.62 63.31 3.70 -1.70 3.57 2.0300 6.0700 -1.5500 0.4933 2.1956 -2.1056 1.65 -8.46 4.67 196 399 170 181 190 
0.1273 0.0443 -0.4738 0.8702 199.62 11.81 52.06 9.93 -3.26 4.80 7.8800 4.0700 -1.2600 2.9400 0.4356 -0.2989 1.91 -6.07 7.45 195 396 173 184 190 
0.1723 0.0306 -0.2769 0.9448 197.44 8.00 26.81 6.30 -4.46 11.42 4.8600 -1.2000 2.7600 2.7400 -1.2267 2.4056 1.36 -2.86 9.27 195 397 175 185 191 
-0.0348 0.0818 -0.1222 0.9885 170.25 10.19 13.31 -0.53 -1.90 14.18 -5.5900 -0.7000 4.1500 -0.2278 -0.7611 2.2722 2.09 -2.48 9.25 195 399 175 186 190 
;
