0.9599 0.0975 -0.2354 -0.1168 13.88 25.37 -15.50 4.28 2.29 8.47 0.1000 -0.0600 -0.0400 0.0044 0.0244 0.0011 4.19 2.37 8.54 168 344 345 361 207 
0.9601 0.0976 -0.2346 -0.1168 13.81 25.31 -15.50 4.22 2.28 8.47 0.0100 -0.0900 -0.0400 0.0022 -0.0033 -0.0044 4.19 2.37 8.54 169 344 347 363 205 
0.9601 0.0976 -0.2345 -0.1168 13.81 25.25 -15.50 4.27 2.30 8.45 0.0600 -0.0700 -0.0800 0.0000 0.0033 0.0000 4.19 2.37 8.54 169 345 348 362 206 
0.9576 0.0963 -0.2448 -0.1177 14.25 28.44 -15.81 5.47 2.40 7.73 1.0000 -0.1300 -0.1100 -0.1667 -0.6989 -0.1789 5.11 2.33 8.03 168 337 334 356 205 
0.9436 0.0884 -0.2906 -0.1317 15.88 33.13 -17.00 5.76 2.27 9.55 0.4500 -0.2500 2.2400 -0.2500 -2.5689 -0.1867 6.59 2.33 6.86 169 341 292 311 203 
0.8878 0.0319 -0.4324 -0.1547 19.44 53.81 -13.06 12.63 -0.20 6.23 5.4600 -1.4000 1.4000 -2.6767 -7.3544 4.8833 9.48 -1.97 1.54 153 362 166 180 175 
0.6992 -0.2682 -0.6624 0.0192 349.00 58.88 99.37 3.15 -1.48 -1.70 -3.8000 3.5800 -1.0400 1.0744 -1.1011 3.1489 6.68 -7.04 -1.37 120 396 175 188 174 
0.6239 -0.3911 -0.6345 0.2347 313.50 35.75 96.25 6.13 -6.36 -1.92 -0.7400 2.0500 0.1800 3.2922 0.6422 0.0233 5.63 -7.92 1.28 124 405 184 193 177 
0.6887 -0.2543 -0.5711 0.3674 302.94 36.88 76.94 5.60 -6.16 4.95 -2.6200 0.9800 1.9100 -3.7333 0.4044 0.3433 5.46 -8.14 0.02 123 403 185 195 177 
0.6081 -0.4031 -0.6287 0.2694 313.06 33.13 98.31 4.90 -8.25 -8.14 -0.3100 -0.2700 -6.3000 3.9922 0.4667 -0.6822 5.62 -7.97 0.96 124 405 190 197 179 
0.7105 -0.2617 -0.5515 0.3501 306.75 37.69 72.56 5.36 -6.44 6.11 -0.8500 0.4300 2.0500 -0.4389 -0.4767 -0.5600 6.19 -7.22 2.36 149 390 192 216 181 
0.6982 -0.2824 -0.5891 0.2929 320.06 42.88 81.19 9.25 -9.98 -0.24 0.8700 -2.9500 -1.6900 -0.9767 1.8744 -1.6722 7.43 -6.16 1.70 157 320 293 378 207 
0.7705 -0.2735 -0.5638 0.1168 341.87 55.63 65.19 6.95 -7.56 -3.41 -1.5000 -1.5300 -4.7200 3.7267 -1.4922 -0.7511 8.61 -3.81 2.71 173 372 365 425 210 
0.7764 -0.0245 -0.5894 0.2222 325.37 66.44 38.81 7.84 1.33 2.49 -1.3500 3.7500 -1.2100 3.0178 -0.7033 -0.8122 9.27 -1.20 2.93 176 399 375 430 210 
0.7499 0.1690 -0.5649 0.2999 315.31 72.25 12.06 8.02 2.34 3.35 -3.1200 3.9100 3.0800 -0.2789 -0.9789 -0.5578 9.44 -0.29 2.63 179 389 374 427 209 
0.7648 0.1805 -0.5525 0.2780 322.12 70.19 5.12 11.28 3.13 1.74 0.8000 3.4500 -1.2000 -1.6344 0.3122 -0.0011 9.18 -0.65 3.38 187 375 368 423 210 
0.8135 0.0671 -0.5439 0.1946 335.69 64.12 17.62 8.96 0.01 2.40 0.3000 1.4300 -1.4100 -2.0233 -0.2211 1.3789 8.61 -2.65 3.86 184 316 320 386 204 
0.8244 -0.1242 -0.5263 0.1671 338.87 52.00 46.56 3.24 -8.58 2.96 -2.1000 -3.2300 -0.7500 -3.2200 -0.4622 1.6322 7.17 -6.13 2.65 181 276 291 353 200 
0.7767 -0.3718 -0.4995 0.0950 347.62 44.31 72.62 4.83 -9.05 -0.28 0.0500 -1.0100 -1.8700 -0.0633 0.3200 -0.0233 6.82 -6.75 2.00 184 285 301 355 200 
0.7742 -0.3940 -0.4896 0.0749 349.81 44.38 71.94 6.30 -6.50 2.11 -0.3100 0.2100 -0.1200 0.0311 -0.0722 -0.0500 6.91 -6.59 2.20 184 292 304 354 199 
0.7780 -0.3892 -0.4893 0.0629 350.81 46.19 72.50 2.50 -5.68 1.04 -5.2000 1.0200 -2.1200 0.3956 1.8667 -1.3567 7.42 -5.76 2.79 175 300 315 329 196 
0.8530 -0.2982 -0.4243 -0.0585 13.44 49.56 31.69 4.89 -0.77 1.32 0.0500 3.5800 -1.9900 4.1011 2.0956 -3.0300 6.56 0.45 7.26 177 355 353 391 202 
0.9360 0.0467 -0.3004 -0.1774 19.50 28.19 -19.12 7.07 6.92 13.58 -0.0400 3.1600 3.7500 1.5133 1.9289 0.2111 3.11 3.93 8.42 176 353 363 399 204 
0.9588 0.1750 -0.1848 -0.1261 15.50 20.75 -22.12 5.08 3.37 6.90 0.3500 0.1700 -0.9100 -0.9678 -0.0733 -0.1611 3.54 2.96 8.64 169 347 360 386 204 
0.9592 0.1062 -0.2155 -0.1490 17.50 22.25 -16.81 3.28 1.73 7.62 -0.4600 -0.4200 -0.6000 -0.1856 -0.2333 -0.0133 3.79 2.54 8.67 168 344 358 384 203 
;
