0.0348 -0.0285 0.2128 0.9761 183.87 -4.25 -24.37 -1.82 4.02 9.99 -1.8700 -0.3400 1.1700 1.0578 -3.0233 0.2611 0.35 4.44 8.73 161 310 287 296 193 
0.0690 0.1837 0.2637 0.9445 190.12 25.75 -38.00 10.80 9.61 12.45 5.5600 3.6500 4.0400 1.6733 -7.8667 1.9256 8.10 5.22 1.76 156 335 215 224 182 
-0.0027 0.6472 0.2554 0.7183 170.56 74.37 -94.31 7.54 4.00 -11.08 -1.8400 2.7500 -10.7200 5.5067 1.8833 4.0144 9.73 -1.14 0.28 111 384 199 204 161 
-0.4722 0.5864 0.2869 0.5924 95.44 70.31 40.13 0.10 2.07 0.46 -9.5800 3.9500 -2.3200 4.8100 1.5556 0.3044 8.54 -1.10 4.68 114 393 203 205 160 
-0.6819 0.3270 0.3566 0.5485 76.31 57.25 4.12 6.01 3.75 4.93 -1.3800 4.1300 0.1100 0.8633 0.2044 -0.2400 8.21 0.13 5.35 115 397 205 208 161 
-0.7037 0.2684 0.3806 0.5366 75.31 55.19 -2.62 8.35 4.04 4.20 0.5600 4.0300 -1.6000 -1.2033 0.4522 -0.8789 7.79 0.18 5.94 115 401 207 209 162 
-0.6677 0.2913 0.3203 0.6057 85.44 51.06 2.81 10.59 2.65 2.32 2.3500 1.9100 -4.4600 -1.6533 0.4056 1.0978 7.39 -1.60 6.23 118 382 203 211 159 
-0.6578 0.3795 0.1850 0.6237 89.37 43.63 26.56 3.11 -8.50 6.24 -2.8700 -5.3600 0.4800 -1.9633 0.1033 0.4078 6.52 -4.30 5.92 119 385 206 213 159 
-0.6050 0.4464 0.0549 0.6570 95.56 40.56 38.44 6.18 -4.80 6.34 0.0500 0.4900 0.4900 -1.1533 0.3911 -0.0211 6.20 -5.07 5.65 126 387 209 220 164 
-0.5604 0.4598 -0.0163 0.6887 103.37 37.25 43.69 7.27 -4.08 5.92 4.3900 2.7700 1.3300 -4.7356 2.7733 -0.5544 4.99 -6.97 4.75 159 321 290 303 186 
-0.3191 0.3787 -0.3984 0.7720 144.12 12.69 68.81 -4.10 -9.02 2.34 -6.4400 0.1800 -1.0500 -3.8867 0.0256 1.5622 0.43 -9.73 1.10 163 364 356 409 205 
-0.1901 0.2273 -0.6585 0.6918 151.81 5.31 89.06 3.87 -8.50 -11.78 2.3100 1.0700 -13.4800 3.2133 -1.2733 -0.6567 1.60 -9.52 1.69 166 385 361 429 207 
-0.2281 0.2590 -0.4656 0.8149 144.25 13.81 49.94 4.56 6.08 14.99 3.1100 10.0600 16.8300 5.3789 -1.9244 1.1689 2.94 -4.06 8.42 166 392 370 430 209 
-0.3907 0.2484 -0.1203 0.8781 133.19 21.06 29.19 6.26 0.48 15.33 2.3900 5.4600 5.6200 -3.5167 1.8500 -0.8322 2.97 -6.33 6.86 168 393 372 434 210 
-0.2277 0.2310 -0.3804 0.8661 153.31 12.13 56.06 6.82 -3.22 -2.41 3.9700 4.4500 -9.1000 -3.9167 2.0778 -0.2522 1.66 -9.29 2.63 167 394 375 433 211 
-0.1014 0.1890 -0.6153 0.7585 164.44 9.25 80.94 0.96 -8.55 -14.03 -0.7700 1.5500 -15.8800 3.6600 -2.2711 -0.4378 2.12 -9.02 3.19 164 393 374 433 210 
-0.2161 0.2688 -0.3698 0.8627 148.19 19.87 41.06 9.59 3.91 27.12 4.2200 6.6200 19.4700 1.7744 -1.6922 0.3711 4.59 -4.40 7.45 166 387 372 430 212 
-0.3108 0.3456 -0.1492 0.8727 142.12 31.00 35.25 5.40 -2.94 10.80 1.6000 2.3400 5.1400 -2.0089 1.5300 -0.5178 4.66 -5.70 6.46 168 386 374 409 207 
;
