0.8523 0.0580 -0.3224 -0.4077 50.81 30.37 -24.62 3.90 3.67 8.54 -0.1000 -0.0400 -0.2600 -0.2956 -0.7189 0.1011 5.34 3.41 7.48 163 329 344 346 204 
0.8430 0.0349 -0.3468 -0.4099 51.88 33.88 -24.19 5.14 3.16 7.49 -0.1800 -0.0800 0.2100 -0.1133 -0.1444 0.0544 5.55 3.25 7.39 162 316 340 330 203 
0.8405 0.0236 -0.3516 -0.4116 52.25 35.31 -23.56 3.03 2.89 8.07 -3.8200 0.2500 1.5800 -0.2444 -4.0578 -0.0033 7.39 3.03 5.68 160 303 298 309 206 
0.7206 -0.1232 -0.5364 -0.4216 64.19 65.06 -41.25 16.73 4.49 1.73 7.5300 1.0000 -2.2300 1.4489 -5.0756 1.0144 9.49 2.41 -0.38 157 318 212 221 177 
0.5153 -0.2589 -0.7804 -0.2417 40.50 68.44 -176.50 11.57 -0.27 -7.29 -0.6500 1.4200 -1.9600 3.6611 1.4522 1.9456 9.46 -1.77 -1.84 114 358 170 193 151 
0.6968 -0.1790 -0.6943 0.0162 352.81 73.50 83.50 3.42 -1.94 -1.49 -4.7000 0.8500 -1.9100 4.6200 1.5056 -0.6289 9.33 -1.83 2.39 112 389 175 195 156 
0.7933 0.0814 -0.5695 0.1992 329.00 68.12 7.44 5.52 4.15 4.12 -3.3000 4.1800 0.0000 1.4889 0.5000 -0.3111 8.91 0.27 4.07 116 390 178 199 156 
0.8118 0.1908 -0.4909 0.2522 325.75 63.13 -8.00 9.46 1.63 3.47 0.3900 0.9500 -0.4500 0.1267 0.0367 0.0178 8.80 0.56 4.26 110 390 180 199 156 
0.8092 0.1933 -0.4924 0.2555 325.87 63.00 -8.38 8.92 2.99 3.43 0.4000 2.5400 -0.9700 -0.9267 0.3356 -0.3878 8.62 0.63 4.62 114 397 183 201 159 
0.8401 0.1504 -0.4780 0.2075 333.69 59.13 -4.06 9.10 1.03 2.72 0.5800 0.6100 -2.1300 -1.2789 0.8444 -0.0589 8.13 -0.17 5.47 116 408 182 201 159 
0.8677 0.0626 -0.4555 0.1886 332.31 54.31 9.31 7.11 -2.38 6.98 -1.3400 -1.2800 1.4000 0.1267 0.9700 1.2233 7.46 -1.73 6.11 119 392 181 203 159 
0.8650 0.0104 -0.4185 0.2766 324.25 45.88 19.00 4.87 -2.25 8.44 -2.1000 0.1300 1.6800 -0.6011 0.1478 0.5078 6.74 -2.83 6.52 124 389 183 203 158 
0.8606 -0.0598 -0.4167 0.2866 322.62 43.06 31.62 2.33 -1.95 6.80 -3.9700 2.6700 1.1900 -4.4789 -0.3333 1.0789 6.48 -5.84 4.47 164 385 189 200 150 
0.7869 -0.3582 -0.4666 0.1863 340.50 35.38 73.19 2.82 -7.62 -2.51 -2.1100 0.5000 -3.8800 -3.1889 -1.7567 0.1022 5.60 -8.04 -0.12 133 391 191 199 151 
0.6423 -0.5421 -0.5312 0.1064 338.12 33.94 104.31 10.88 -8.15 -4.54 6.1400 -0.1500 -2.4700 1.0000 -1.5500 -0.5000 5.41 -7.78 -2.49 130 400 194 202 152 
0.6082 -0.4641 -0.6094 0.2082 318.75 32.50 96.19 5.68 -8.40 1.40 0.6400 1.2900 2.8300 4.5856 -0.0622 0.2733 5.08 -8.11 2.11 134 398 199 208 158 
0.6942 -0.3336 -0.5502 0.3226 313.44 32.63 79.31 3.08 -8.38 0.68 -1.1300 -0.1200 -0.5500 -3.1333 -1.9022 -0.5867 5.61 -7.99 -0.85 128 400 197 207 158 
0.5962 -0.4191 -0.6447 0.2308 316.37 35.19 103.12 7.46 -7.02 -5.99 1.0600 0.8400 -2.7600 3.9844 0.9400 -0.1178 5.77 -7.89 0.67 135 396 205 211 161 
0.6975 -0.2839 -0.5689 0.3305 308.50 37.88 79.37 7.54 -7.29 2.88 0.1500 0.6700 0.3400 -0.5067 0.8056 -0.0522 5.90 -7.67 1.54 148 393 204 214 165 
0.6976 -0.3163 -0.5713 0.2946 316.94 38.50 78.56 3.23 -4.67 4.28 -3.0300 2.7400 2.8100 -1.3711 2.0378 -2.2133 6.90 -6.72 1.81 156 332 212 233 185 
;
0.8010 -0.3076 -0.5084 0.0732 359.31 52.31 50.38 6.89 -1.58 -2.61 -1.0700 2.2300 -7.5400 3.9878 4.4400 -3.6567 6.74 -1.14 7.02 167 326 336 352 200 
0.9515 0.0314 -0.2805 -0.1226 14.81 28.56 -16.12 2.95 5.83 14.63 5.8100 3.0500 9.9200 0.0433 -1.6167 0.2989 5.63 3.40 7.26 165 348 363 385 201 
0.9230 0.1293 -0.3339 -0.1408 17.56 34.81 -24.62 4.53 4.06 7.84 -1.4600 0.8600 0.8900 -0.1844 -0.2889 -0.0389 5.61 3.39 7.28 165 351 360 370 201 
0.9188 0.1260 -0.3412 -0.1531 19.12 36.25 -24.31 5.61 3.44 7.53 -0.2600 0.1800 0.1700 -0.0222 -0.1356 0.0000 5.84 3.24 7.16 166 342 354 353 201 
0.9088 0.1213 -0.3688 -0.1530 18.87 44.44 -25.12 18.99 4.65 16.21 12.1500 1.6000 7.6800 -2.7389 -3.2600 1.9378 8.73 0.68 4.40 166 344 226 221 170 
0.8320 -0.1074 -0.5364 -0.0917 6.06 65.44 24.81 3.70 -1.14 -2.93 -5.6800 1.9600 -6.0700 3.7767 -2.2911 1.8044 9.01 -2.65 2.80 110 374 174 196 158 
0.7833 0.0145 -0.5845 0.2110 325.37 67.75 29.75 3.83 1.74 4.06 -3.3700 3.8300 2.0700 3.1867 0.8044 -1.0367 9.10 -0.20 3.62 110 392 175 199 153 
0.7771 0.2214 -0.5129 0.2898 320.31 67.37 -12.00 8.56 2.92 2.44 0.7300 2.6100 -1.4800 -0.4156 0.0644 -0.7333 8.95 1.28 3.78 112 396 173 200 153 
0.8029 0.2289 -0.4959 0.2390 329.12 63.69 -16.37 7.03 3.04 3.79 -0.8800 1.4900 -0.9400 -1.5511 0.4922 -0.4011 8.51 0.94 4.76 112 404 180 202 155 
0.8511 0.1345 -0.4780 0.1703 338.19 58.31 -4.62 7.79 -0.08 4.39 -0.4400 -0.6700 -1.2400 -0.6078 0.3111 0.9156 8.13 -0.40 5.46 114 403 182 203 156 
0.8581 0.0534 -0.4651 0.2109 330.44 54.31 13.25 6.48 -1.79 8.24 -1.7700 -0.1400 2.7900 -0.3889 0.6389 1.1733 7.52 -2.33 5.84 115 400 190 204 156 
0.8501 -0.0203 -0.4486 0.2751 324.00 48.19 27.69 6.40 -2.56 7.10 -0.8200 0.4900 1.1100 -1.9911 0.5211 0.2933 7.02 -4.04 5.52 178 388 189 208 154 
0.8331 -0.1744 -0.4631 0.2471 328.94 40.31 51.69 1.53 -5.71 1.41 -4.6300 0.7100 -2.0900 -4.3200 0.5544 0.9056 5.54 -7.59 2.76 149 388 189 206 149 
0.7132 -0.4517 -0.5090 0.1680 332.25 35.69 93.44 9.90 -9.02 -7.18 5.3900 -1.3900 -6.3500 -0.0656 -3.5189 -0.2978 5.44 -7.84 -2.22 128 394 193 206 148 
0.5768 -0.4337 -0.6476 0.2446 311.31 32.00 104.00 8.55 -7.48 -0.91 1.2500 1.0500 0.4400 2.2033 -0.6289 -0.2667 5.22 -8.26 -0.80 130 402 196 206 150 
0.6316 -0.3173 -0.6100 0.3583 300.81 34.13 80.44 9.78 -6.73 9.89 2.4700 0.7600 6.7000 -2.0378 2.7078 0.1467 5.35 -8.17 0.77 127 402 198 211 151 
0.6270 -0.3967 -0.6101 0.2780 314.06 32.81 97.37 5.02 -8.07 -6.77 -0.1300 0.2400 -4.9300 0.5756 -0.5222 -0.2033 5.34 -8.12 -1.23 131 399 208 211 152 
0.6351 -0.3757 -0.6058 0.2976 307.44 32.69 84.81 -3.30 -5.07 8.66 -2.0700 2.4300 8.0100 -0.6000 -1.6289 0.0944 5.27 -8.17 1.22 133 397 205 215 153 
0.6776 -0.3474 -0.5642 0.3193 310.75 33.31 82.44 4.64 -6.75 2.84 -2.3600 1.6700 2.4200 -0.7067 1.2933 -1.3844 6.17 -7.54 1.07 158 380 205 224 161 
0.7608 -0.3384 -0.5356 0.1404 348.44 49.63 63.31 6.32 -0.94 0.54 1.6300 5.4500 -2.3500 3.3589 4.5289 -3.9456 7.13 -2.18 6.36 170 348 336 365 197 
;
