0.2115 0.0347 -0.4263 -0.8788 152.94 6.75 -50.25 1.10 7.49 6.22 -0.0400 0.0100 0.0100 -0.0589 0.0633 -0.0333 1.10 7.46 6.26 178 401 391 438 224 
0.2113 0.0386 -0.4221 -0.8807 153.00 6.25 -49.75 0.59 7.64 6.75 -0.3000 0.1200 0.3500 -0.5833 -0.2833 -0.0411 1.13 7.16 6.59 175 351 369 416 224 
0.1914 0.0073 -0.3854 -0.9026 156.81 8.81 -44.25 -0.06 7.17 8.68 -4.0100 -0.1400 3.2200 0.8889 -5.5578 0.0967 4.00 7.00 5.58 173 337 302 335 228 
0.0696 -0.3014 -0.4475 -0.8391 171.81 40.00 -64.37 12.50 10.73 2.81 5.1300 5.1200 0.8000 0.6922 -1.0978 2.6678 7.93 5.48 1.78 161 284 175 196 182 
0.1859 -0.5222 -0.4562 -0.6962 138.19 69.19 -85.00 8.91 5.69 -5.68 -2.4700 2.8400 -6.6800 3.7344 2.4167 3.9678 9.63 0.90 1.61 120 330 181 198 165 
0.5498 -0.4554 -0.4561 -0.5312 79.75 78.81 12.69 2.21 2.24 2.27 -7.9000 3.0700 0.7800 3.6133 1.0633 0.5078 9.41 -0.22 2.73 128 376 184 208 173 
0.7065 -0.3054 -0.4978 -0.3997 55.31 72.00 10.50 7.70 0.89 2.75 -1.2800 1.5900 0.1400 0.1378 0.1856 0.0500 9.36 -0.73 2.80 127 386 189 209 175 
0.7180 -0.2994 -0.5165 -0.3577 54.44 72.94 9.94 9.66 3.60 3.40 1.2500 3.9100 -0.2700 -1.5033 0.4611 -0.5733 9.30 -0.36 3.07 128 390 193 210 174 
0.6811 -0.3284 -0.4634 -0.4621 72.06 67.44 1.06 8.85 2.49 2.05 0.8600 2.7000 -1.3000 -1.4467 0.1500 -0.1344 9.02 -0.52 3.79 131 325 194 213 175 
0.6669 -0.4461 -0.3950 -0.4474 63.25 64.00 55.06 5.38 -5.21 3.10 -4.7800 -2.2900 0.9200 -1.5444 1.1511 1.4033 8.03 -5.07 2.42 133 351 196 215 175 
0.6695 -0.5555 -0.2537 -0.4229 67.37 54.69 63.44 6.99 -6.12 3.95 -0.8600 -0.7600 1.3800 -0.4856 0.5700 -1.0544 8.28 -4.53 2.64 136 363 197 218 178 
0.6263 -0.5490 -0.2448 -0.4964 79.06 58.44 56.88 3.17 -3.79 3.16 -5.9800 0.3400 -0.0700 -2.3633 -0.9567 -0.1522 8.54 -4.43 1.85 157 365 202 221 179 
0.5053 -0.6466 -0.1940 -0.5375 100.19 64.56 84.44 7.41 -4.89 -4.53 1.5500 -0.7700 -4.5700 -1.4289 -0.3022 -0.5144 9.07 -3.68 -0.56 144 377 194 204 158 
0.3777 -0.7342 -0.1262 -0.5499 103.56 59.31 108.75 10.20 -4.83 -0.50 1.9300 1.3800 1.8000 0.2367 -2.9900 2.0900 6.68 -6.29 -3.44 130 389 196 208 159 
0.4408 -0.8372 -0.1042 -0.3066 65.56 35.56 122.87 8.52 -5.78 -4.75 3.0500 1.1300 0.0800 1.5967 -0.9167 0.2822 5.32 -7.19 -4.00 117 403 202 209 160 
0.5170 -0.8118 -0.1371 -0.2343 45.81 31.50 109.75 5.07 -6.64 -0.37 -8.7000 3.8300 -0.0500 1.3911 -0.0344 -1.2467 5.39 -8.10 -1.13 131 385 208 219 168 
0.5895 -0.7548 -0.1509 -0.2449 47.44 33.19 107.87 6.26 -7.41 -4.71 0.7400 -0.5400 -2.7900 -1.3667 -0.1922 -0.3111 5.43 -7.13 -3.96 129 399 205 215 165 
0.5167 -0.8060 -0.1456 -0.2493 46.19 33.13 105.94 4.24 -1.39 -4.06 -9.8200 8.4600 12.0500 -0.4222 -1.8589 -0.6667 5.77 -7.90 -0.57 129 369 202 217 167 
0.6129 -0.7117 -0.1326 -0.3167 58.13 38.81 94.37 10.42 -5.74 3.53 3.2700 1.8300 4.5600 -3.6644 3.8800 -2.1511 7.16 -6.64 -0.78 154 318 276 264 178 
0.4114 -0.6948 -0.0018 -0.5899 126.06 58.00 76.31 13.49 -4.49 3.66 7.4900 3.0100 1.1300 -6.6100 9.1589 0.0889 6.66 -5.94 4.04 157 300 314 344 199 
0.0327 -0.3007 0.4462 -0.8423 181.56 21.06 66.31 5.40 -1.62 3.07 2.4700 6.2800 -0.5000 -4.9478 3.0644 1.0144 1.86 -9.58 0.94 173 331 315 344 197 
-0.0834 -0.0223 0.7216 -0.6869 194.37 8.38 96.75 2.37 -7.69 -4.99 1.2900 1.6100 -3.4000 0.2567 -1.3100 -0.1167 1.43 -9.55 -1.70 163 329 308 334 200 
-0.0399 -0.0682 0.7630 -0.6416 185.87 8.69 99.06 -1.03 -11.19 -6.81 -1.2500 -1.4500 -5.9500 0.2700 0.8433 -0.3711 1.72 -9.57 -1.23 168 316 303 320 200 
-0.0797 -0.0688 0.6926 -0.7136 194.87 13.13 75.19 0.08 -4.50 1.53 -9.0900 11.2600 6.0500 3.8322 -1.1167 0.0689 2.33 -7.06 6.38 174 323 304 329 202 
-0.1147 -0.0836 0.4316 -0.8908 194.56 14.75 54.94 3.03 -6.06 7.31 0.7000 1.7200 1.4600 -2.7678 -0.8944 0.4344 2.53 -8.75 3.60 175 323 298 327 201 
-0.0798 -0.0918 0.6096 -0.7833 190.44 13.63 79.56 1.71 -9.36 -2.70 -1.2700 -0.0700 -3.6600 -1.6800 -0.9633 0.2311 2.20 -9.55 0.24 172 312 289 311 198 
-0.0367 -0.1246 0.6965 -0.7057 185.75 13.44 90.19 2.57 -9.39 -3.25 0.3900 -0.2900 -3.1700 0.4922 0.2211 -0.4078 2.60 -9.45 0.12 174 310 284 299 196 
-0.0612 -0.1338 0.6884 -0.7103 191.06 16.06 89.25 2.67 -8.78 -6.82 0.1700 1.4300 -7.6700 0.6789 0.9311 -0.2822 2.85 -9.36 0.64 173 309 281 298 194 
-0.1150 -0.0820 0.5911 -0.7941 195.87 16.37 56.94 5.14 5.92 24.87 2.3000 12.1600 16.0300 -0.4978 1.4167 0.2511 2.66 -6.67 6.67 172 318 288 310 197 
-0.1187 -0.0976 0.4073 -0.9003 194.12 15.50 48.88 1.91 -5.30 8.11 -0.3400 1.4400 1.8300 -1.3178 -0.5789 0.0956 2.77 -7.68 5.42 175 317 286 305 197 
-0.0834 -0.1203 0.5006 -0.8532 189.50 17.06 64.44 2.41 -8.37 0.90 -0.9400 0.3100 -2.3900 -2.0689 -1.3044 1.1244 2.59 -9.15 2.38 156 292 265 274 189 
-0.0110 -0.1516 0.6395 -0.7536 179.62 13.50 84.00 1.34 -10.41 -3.34 -1.5900 -0.8600 -4.3800 0.6656 -0.5400 -0.0789 2.40 -9.44 1.12 156 298 268 283 191 
0.0228 -0.1984 0.6084 -0.7681 176.12 16.81 74.75 2.17 -4.09 -3.99 -0.7700 4.8900 -7.2100 5.1822 -0.2100 -0.7622 3.35 -7.53 5.30 156 287 265 282 194 
;
