0.9692 0.1279 -0.1859 -0.0981 11.50 19.50 -17.56 3.25 2.85 8.78 -0.0700 -0.0200 -0.0500 -0.0056 -0.0078 -0.0011 3.28 2.78 8.81 163 339 340 383 205 
0.9695 0.1280 -0.1848 -0.0980 11.50 19.37 -17.50 3.14 2.74 8.91 -0.0800 -0.0300 0.0200 0.0056 -0.0244 0.0067 3.27 2.78 8.81 162 340 342 383 207 
0.9693 0.1279 -0.1857 -0.0983 11.56 19.56 -17.56 3.29 2.79 8.77 0.0000 0.0000 0.0100 -0.0033 0.0089 0.0022 3.28 2.79 8.80 161 341 343 383 206 
0.9683 0.1277 -0.1902 -0.0992 11.88 21.31 -17.94 2.19 3.75 10.37 -1.2800 1.0500 2.0400 -0.0611 -4.7100 0.1467 6.39 2.77 6.90 174 348 269 260 198 
0.8776 0.0557 -0.4542 -0.1428 19.50 56.00 -19.00 15.15 0.15 4.27 5.4900 -1.5300 -4.0000 1.1878 -5.7700 2.3867 9.74 0.01 1.11 130 369 178 193 147 
0.7238 -0.0394 -0.6884 0.0262 345.87 81.37 70.37 4.43 -0.88 -3.49 -6.7300 1.8700 -3.0700 4.4789 0.3767 0.8289 9.48 -1.92 1.55 116 395 180 190 144 
0.7250 0.1359 -0.6028 0.3043 311.69 71.81 27.00 6.13 2.76 2.89 -2.4300 3.9400 -0.0500 1.8633 0.2156 -0.4022 9.26 -0.67 3.13 116 397 180 195 147 
0.7310 0.2255 -0.5336 0.3607 308.00 71.00 9.69 9.31 0.34 2.66 0.2500 0.7900 -0.6500 -0.6067 0.0156 -0.4789 9.26 -0.33 3.19 117 402 185 196 147 
0.7582 0.2057 -0.5325 0.3150 316.31 68.94 3.81 9.38 1.39 2.74 -0.1300 1.2900 -0.9700 -1.0222 0.8233 -0.4733 8.93 -0.23 4.04 118 408 185 198 148 
0.8114 0.1379 -0.5081 0.2539 326.19 62.69 4.87 8.07 -1.05 3.62 -0.3600 -0.4900 -0.8100 -0.6356 0.7200 0.0133 8.43 -0.70 4.95 120 414 187 198 149 
0.8351 0.0862 -0.4814 0.2520 324.69 57.25 11.94 9.33 -1.15 6.42 -1.1700 0.2900 1.6700 -0.0378 1.1122 0.6778 7.71 -1.56 5.84 124 391 189 200 150 
0.8474 0.0510 -0.4333 0.3027 321.25 48.56 16.31 4.84 -1.66 8.86 -2.3800 0.1300 2.2500 -1.3844 0.4567 -0.4867 7.06 -2.20 6.43 165 324 206 215 165 
0.9123 -0.0555 -0.3656 0.1761 346.44 35.13 16.56 4.23 -4.72 6.89 -0.4300 -2.3300 -1.7500 -2.8933 5.8756 -3.5233 2.69 -2.92 8.96 182 214 202 220 164 
0.9703 -0.1830 0.0253 -0.1566 21.56 -7.44 23.69 -0.50 -4.81 6.76 1.3500 0.9700 -1.9600 -0.6833 3.8256 1.4789 -4.28 -4.07 7.82 197 173 173 185 132 
0.9182 -0.1353 0.3427 -0.1454 14.44 -41.44 21.94 -1.80 1.12 6.68 4.3900 4.3500 0.6900 1.1822 2.0378 4.5622 -7.92 0.10 5.77 200 179 175 181 131 
0.8817 0.0682 0.4604 0.0778 344.25 -52.06 -26.12 -14.39 4.52 6.83 -6.8700 1.3400 1.3600 -0.1278 -0.9156 0.5633 -7.20 3.36 5.73 201 184 175 184 133 
0.8795 0.1091 0.4368 0.1547 340.94 -47.44 -27.19 -5.64 3.25 5.37 2.0800 0.0400 -0.7400 -0.1056 0.2067 -0.2611 -7.29 2.71 5.96 198 182 178 184 135 
0.8907 0.0895 0.4273 0.1262 344.12 -47.56 -23.06 -6.94 2.27 6.03 0.0500 -0.2200 0.1000 -0.0744 -0.0844 -0.0756 -7.26 2.50 6.09 201 185 178 185 135 
0.8929 0.0853 0.4253 0.1204 344.69 -47.63 -22.19 -7.18 2.20 6.18 0.0300 -0.2500 0.1000 -0.0433 -0.0256 -0.1456 -7.24 2.39 6.16 200 189 180 187 137 
;
0.8964 0.0765 0.4218 0.1130 346.00 -47.38 -19.31 -6.76 2.29 6.66 -0.0200 0.0700 0.1800 -0.3289 -0.1711 -0.2956 -7.15 1.90 6.43 201 202 188 195 147 
0.9257 0.0449 0.3674 0.0782 355.37 -33.25 -6.12 -7.93 1.55 6.01 1.3000 2.8900 -1.6400 2.0844 -11.0556 -2.4811 1.67 1.45 9.55 171 331 235 242 182 
0.9387 0.0699 -0.3223 -0.0998 9.44 48.63 -15.00 12.37 -1.11 5.42 4.6800 -2.2900 -0.2300 0.4622 -4.0656 2.3489 9.32 0.06 3.04 154 371 221 226 168 
0.7792 0.0069 -0.6227 0.0703 343.62 77.25 36.13 7.75 -1.00 0.39 -2.8000 1.2200 -0.9700 2.7700 -0.2200 0.8233 9.48 -1.78 1.73 120 401 202 215 158 
0.7327 0.0945 -0.6245 0.2534 318.62 74.19 36.94 7.85 1.46 2.57 0.1900 3.3000 0.9000 1.3656 0.4989 -0.3456 9.40 -1.13 2.53 108 400 195 207 152 
0.7373 0.1813 -0.5735 0.3076 315.62 72.81 13.94 9.48 1.07 2.52 0.9400 1.6500 -0.6700 -0.3478 -0.0311 -0.1456 9.35 -0.60 2.87 110 400 195 208 152 
0.7585 0.1642 -0.5655 0.2792 320.81 71.19 12.38 9.48 0.61 2.56 -0.3700 1.0400 -1.0200 -1.1500 0.8044 -0.3544 9.11 -0.69 3.54 109 406 197 209 153 
0.7997 0.1036 -0.5461 0.2267 329.94 66.00 12.75 8.50 -0.54 3.60 -0.7800 -0.0900 -0.8000 -0.5867 0.3467 0.0911 8.78 -1.15 4.20 113 405 199 211 153 
0.8253 0.0460 -0.5239 0.2059 331.94 61.00 17.87 7.18 -2.02 5.23 -0.9900 -0.7400 1.0400 -0.4589 0.5656 0.4556 8.21 -1.92 5.00 114 402 199 210 153 
0.8525 -0.0089 -0.4800 0.2065 332.81 53.75 22.50 5.58 -3.77 7.25 -1.6700 -0.8500 1.3900 -0.3144 0.0489 0.0444 7.85 -2.48 5.31 113 400 201 211 154 
0.8578 -0.0383 -0.4740 0.1949 334.44 53.44 24.81 8.46 -1.75 6.81 1.2700 0.6400 1.8400 -1.1667 2.4178 -1.6456 7.19 -2.04 6.33 167 347 211 226 166 
0.9519 -0.0984 -0.2897 0.0181 7.31 19.56 15.00 2.39 -6.11 4.01 0.0800 -2.7500 -5.7400 -2.3000 9.3111 -0.8922 -3.17 -4.12 8.31 188 186 209 215 153 
0.9112 -0.1755 0.3287 -0.1759 19.06 -36.56 31.75 -2.87 -2.20 7.09 2.5600 1.4300 0.4600 -0.5322 1.5422 2.6533 -7.27 -3.24 5.71 193 184 194 191 138 
0.8875 -0.1256 0.4421 -0.0344 1.06 -52.75 19.44 -0.55 0.46 4.57 7.5700 2.4900 0.1200 1.3844 0.4022 3.7500 -7.97 0.37 5.69 195 185 193 192 139 
0.8856 0.0291 0.4434 0.1351 340.37 -48.69 -17.94 -13.26 3.18 8.04 -4.3000 1.0000 1.3500 -0.0167 -0.8133 -0.1411 -6.91 1.99 6.66 197 189 195 192 140 
0.9059 0.0418 0.3954 0.1454 342.31 -44.88 -14.94 -7.00 1.48 6.61 0.4700 -0.2900 -0.2700 0.0544 -0.3000 -0.4556 -6.89 1.53 6.79 197 192 196 194 140 
;
