0.0766 -0.0612 -0.3400 -0.9353 170.62 9.56 -39.44 1.73 6.19 7.32 0.0700 0.0500 -0.1100 -0.0022 0.0000 -0.0022 1.63 6.14 7.46 160 348 349 381 215 
0.0766 -0.0613 -0.3400 -0.9353 170.62 9.56 -39.44 1.74 6.19 7.29 0.1000 0.0400 -0.1400 -0.0022 0.0144 -0.0033 1.63 6.14 7.46 161 349 348 382 215 
0.0765 -0.0630 -0.3387 -0.9357 171.19 11.38 -38.69 1.78 6.14 8.51 -0.9000 -0.2500 -0.3600 -0.7444 -3.0344 0.0600 3.80 5.54 7.13 160 310 309 320 215 
0.0089 -0.3069 -0.3226 -0.8954 181.25 42.50 -49.31 8.16 5.92 8.58 3.6500 0.7400 4.2700 0.1667 -7.5911 0.8100 8.48 4.91 -0.17 159 290 232 231 205 
-0.0771 -0.7236 -0.2564 -0.6362 189.94 64.87 -122.81 10.75 5.24 -6.87 -0.0700 1.4800 -5.9800 -0.0600 0.3578 1.9600 9.35 2.00 -2.14 159 295 158 171 177 
0.0409 -0.7698 -0.1246 -0.6247 163.44 79.25 -177.25 3.55 0.55 -8.61 -5.7200 2.2200 -5.9300 5.2467 2.0178 2.1867 9.50 -2.38 0.21 106 357 172 169 163 
0.4978 -0.6010 -0.2539 -0.5714 89.06 69.31 48.44 2.98 4.87 8.02 -6.8800 5.8200 5.1300 3.1033 1.3422 -0.5767 8.94 -1.38 3.76 115 381 187 182 169 
0.6417 -0.4044 -0.3904 -0.5218 76.12 68.56 16.75 9.42 -0.03 1.68 1.3300 0.8700 -1.6700 1.0967 -0.6289 0.2567 9.25 -0.85 3.13 114 382 189 185 170 
0.6653 -0.3632 -0.4470 -0.4750 71.75 69.50 9.19 9.12 1.42 3.18 0.2200 1.8900 -0.0100 -0.5933 0.3322 -0.5067 9.13 -0.33 3.54 112 386 190 189 171 
0.6367 -0.3704 -0.4174 -0.5322 82.37 66.50 4.19 9.71 2.47 1.65 0.7100 2.8600 -2.2900 -1.7344 1.1544 -0.5578 8.67 -0.46 4.55 118 388 189 188 171 
0.6010 -0.3955 -0.3151 -0.6189 90.75 59.69 15.44 11.49 -4.28 -1.03 1.8100 -2.1900 -3.3200 0.7433 -1.8211 3.8467 8.31 -3.58 3.76 124 301 189 190 170 
0.6932 -0.4890 -0.2338 -0.4750 69.12 50.06 47.19 2.06 -4.59 10.45 -4.4500 0.6400 5.4500 -1.9167 0.8756 -2.1300 7.76 -4.16 4.30 150 298 201 209 188 
0.5809 -0.5076 -0.1906 -0.6071 100.12 61.00 39.44 4.99 -1.47 2.83 -1.2400 1.0900 -1.2400 -3.4611 2.2844 -4.9589 8.78 -0.52 4.33 158 272 240 234 199 
0.2354 -0.4003 -0.1664 -0.8699 155.19 38.50 -12.69 6.50 4.39 3.45 3.9500 4.6300 -2.0800 5.7544 1.1111 0.4233 4.67 4.43 7.39 166 197 209 224 194 
0.3085 -0.1052 -0.4036 -0.8549 131.31 25.87 -49.75 6.02 15.18 8.49 0.8200 8.2500 4.0200 3.8411 -3.0067 5.0867 7.31 5.88 2.83 199 185 189 205 171 
0.5285 -0.2414 -0.5930 -0.5575 85.62 72.31 -60.13 3.76 6.23 2.56 -6.7900 4.4300 1.9700 -0.8278 0.3378 3.5689 9.63 -0.20 1.79 197 154 166 175 142 
0.6223 -0.4342 -0.4356 -0.4842 78.56 73.50 39.06 0.29 1.53 1.89 -8.4800 3.5100 -1.0900 -4.7656 -0.6400 -1.2689 9.57 -1.90 0.97 200 160 172 175 142 
0.3536 -0.6836 -0.3112 -0.5576 122.87 75.81 162.81 15.73 3.32 -10.57 6.2000 1.5600 -8.8800 -0.6033 0.0511 -1.9711 9.34 1.11 -2.75 201 165 182 180 145 
0.1946 -0.7066 -0.3672 -0.5727 141.69 72.25 -151.81 10.79 1.49 -1.93 1.2800 0.1200 0.7000 0.4167 0.2033 0.2267 9.36 1.16 -2.66 200 167 182 182 147 
0.2167 -0.6958 -0.3607 -0.5820 140.25 77.00 -146.81 14.32 3.42 -1.57 13.4100 4.7800 1.8600 -1.4311 3.0656 1.3233 9.79 0.50 -0.16 174 186 190 195 164 
0.2639 -0.6749 -0.1761 -0.6662 135.12 74.94 85.75 12.08 4.09 -4.18 -3.1600 6.2600 -6.6100 -3.9533 7.2411 5.5733 6.49 -6.87 2.59 147 230 207 233 167 
0.2836 -0.4439 0.4356 -0.7299 131.56 15.13 81.75 -3.53 -6.91 -3.46 -6.4200 1.0600 -5.3500 -1.2222 -1.1944 1.1922 1.05 -9.74 -0.32 149 226 212 230 164 
0.3176 -0.4340 0.6073 -0.5848 120.06 8.06 100.00 2.83 -10.93 -3.11 0.7000 -0.8500 -0.6700 0.1556 -1.4244 -0.0856 1.50 -9.44 -2.14 148 223 210 230 161 
0.3406 -0.5354 0.5749 -0.5165 109.87 10.56 103.56 1.53 -9.23 -1.27 -0.3100 0.5500 1.5300 0.7689 -2.6711 -0.2356 1.88 -9.38 -2.14 153 212 200 218 149 
0.4246 -0.6898 0.4025 -0.4265 81.44 16.94 111.00 0.14 -5.54 -8.26 -2.4600 2.8900 -4.9100 -0.8622 -9.9789 -4.9900 2.11 -7.30 -6.19 156 218 208 224 158 
0.3792 -0.9059 -0.1856 0.0327 149.94 2.81 137.75 -0.63 -3.94 -11.72 0.8200 2.5200 -4.3000 0.6822 -3.0300 -2.1278 -0.08 -6.81 -7.05 152 215 212 226 163 
0.3486 -0.8248 -0.4102 0.1725 307.12 0.56 133.06 1.02 -6.87 -6.79 0.8900 1.4100 0.1100 0.7511 -0.3322 -0.4356 0.21 -7.54 -6.26 155 215 218 229 165 
0.3855 -0.7889 -0.4374 0.1941 307.94 2.37 128.56 1.75 -6.61 -4.75 1.4300 1.0600 1.8300 -0.1211 0.6878 0.2489 0.59 -7.64 -6.11 158 220 211 230 167 
0.4005 -0.8098 -0.4017 0.1503 328.31 6.69 130.75 5.96 -3.19 -1.59 -1.1800 4.9800 4.5900 -1.3267 7.7033 0.1422 4.20 -6.77 -5.71 160 257 237 257 185 
0.4113 -0.8167 -0.1797 -0.3627 110.31 65.12 113.06 7.58 -0.90 -1.53 -2.5900 1.9700 -3.2900 -0.2744 7.4922 -7.4700 7.69 1.48 5.89 158 293 263 358 200 
;
