0.9626 0.0383 -0.2040 -0.1740 20.44 22.25 -8.94 3.68 1.40 8.88 -0.0200 -0.0100 -0.0400 0.0000 0.0089 0.0011 3.72 1.41 8.96 153 346 349 372 215 
0.9626 0.0383 -0.2040 -0.1740 20.44 22.25 -8.94 3.67 1.37 8.86 -0.0400 -0.0200 -0.0700 -0.0011 0.0044 -0.0011 3.72 1.41 8.96 153 345 348 372 214 
0.9626 0.0383 -0.2040 -0.1740 20.44 22.25 -8.94 3.67 1.38 8.87 -0.0600 0.0000 -0.0700 0.0022 -0.0089 -0.0011 3.73 1.42 8.95 154 344 347 371 214 
0.9547 0.0376 -0.2350 -0.1790 21.81 30.37 -11.06 17.29 5.16 19.12 9.1700 2.8900 11.6800 -4.4189 -4.1567 0.3644 7.85 -0.20 5.86 168 339 241 243 196 
0.8104 -0.2257 -0.5089 -0.1830 22.75 67.56 40.56 5.05 -3.83 -1.27 -3.1300 -0.0800 -1.8300 2.2044 -1.0433 1.5500 8.92 -3.53 1.98 106 375 179 206 171 
0.7593 -0.2399 -0.6019 0.0604 344.19 62.31 71.25 5.07 -0.51 -1.74 -3.0300 2.8300 -0.9200 4.4600 0.7644 -0.5456 8.87 -3.23 2.63 110 403 179 208 170 
0.7770 0.0329 -0.5731 0.2582 322.19 65.37 29.56 9.21 1.73 4.38 0.6500 3.5800 0.7500 1.2356 0.1600 -0.4656 8.95 -1.35 3.76 111 406 182 210 170 
0.7878 0.1194 -0.5364 0.2784 321.56 65.87 14.38 9.38 1.12 4.87 0.0000 1.6400 0.0000 -0.5011 0.6489 -0.4744 8.81 -0.83 4.20 110 410 183 212 171 
0.8124 0.1052 -0.5176 0.2468 327.50 62.00 10.31 8.14 1.25 4.35 0.3500 2.4300 -0.3900 -0.9300 0.5344 -0.1511 8.46 -1.01 4.85 112 413 184 213 173 
0.8479 0.0425 -0.4866 0.2061 333.12 56.44 16.06 8.95 0.41 3.48 1.0900 1.4400 -1.7400 -0.6344 1.0833 1.0011 7.63 -2.35 5.68 111 390 183 213 171 
0.8510 -0.0568 -0.4531 0.2594 323.44 44.44 33.13 3.01 -5.14 7.09 -4.0100 -1.2500 2.2100 -0.6178 0.7489 1.5556 5.88 -4.95 6.08 113 387 180 214 169 
0.8422 -0.1703 -0.3991 0.3201 318.69 33.63 41.75 3.58 -5.97 7.27 -0.8200 -0.0600 0.8500 -0.6467 0.3689 -0.4100 5.42 -5.61 5.92 124 382 192 223 177 
0.8511 -0.2148 -0.3951 0.2709 326.69 33.63 44.69 8.00 -4.07 6.51 2.8700 1.8300 0.8200 -2.9178 4.0022 -1.4422 4.37 -6.46 5.94 161 338 255 265 197 
0.8932 -0.4189 -0.1629 0.0113 9.19 9.69 55.88 -3.41 -5.94 1.56 -3.0400 3.4300 -3.3200 -5.6233 6.4567 -1.0956 0.33 -9.52 2.32 170 391 206 235 187 
0.6620 -0.6143 0.2839 -0.3221 62.88 -0.56 89.87 -4.12 -9.72 -3.60 -4.5300 -1.2600 -3.2000 0.0133 1.9567 1.0111 -0.93 -9.71 -0.91 162 403 209 229 183 
0.5432 -0.5190 0.4795 -0.4536 82.56 -1.87 86.25 -0.88 -12.81 2.37 -0.6300 -3.4100 1.7500 1.4844 0.4856 -0.2667 -0.11 -9.62 1.86 190 412 205 231 184 
0.5743 -0.4495 0.4213 -0.5391 86.00 -0.25 75.00 0.69 -8.93 1.95 0.3300 0.1100 -0.4200 0.4078 -0.1222 0.3511 -0.21 -9.36 2.89 193 414 205 231 184 
0.6110 -0.4283 0.3955 -0.5355 82.56 -1.06 70.50 0.69 -9.24 2.71 0.8800 -0.0500 -0.8300 0.6344 -0.1122 -0.0911 0.00 -9.08 3.69 194 416 204 232 186 
0.6332 -0.4118 0.3583 -0.5488 80.87 -0.06 64.06 3.32 -6.22 2.71 2.7200 2.5400 -2.4300 1.7644 -1.4744 0.7878 -0.14 -8.26 5.27 194 415 205 233 186 
0.7337 -0.3470 0.2793 -0.5131 65.37 -4.37 49.50 2.39 -9.65 8.81 3.2000 -3.0200 2.2100 1.3556 -1.8856 2.6178 -1.10 -6.54 7.22 194 416 205 233 187 
0.8783 -0.2900 0.1900 -0.3293 34.38 -10.25 39.88 -4.75 -8.52 9.61 -3.1500 -0.9600 3.5200 -1.1633 -1.3544 2.2944 -2.17 -6.42 7.08 195 415 207 234 187 
0.9005 -0.3723 0.1963 -0.1100 12.19 -17.00 51.50 -6.82 -4.65 7.70 -3.7900 3.1900 1.6200 -2.2744 1.5344 -0.2300 -3.19 -8.30 4.12 194 416 209 236 189 
0.8028 -0.5098 0.2782 -0.1350 23.69 -16.56 73.69 -4.44 -4.55 3.38 -1.2700 4.4400 1.6900 -0.9500 2.1078 -2.1011 -1.61 -9.53 1.63 194 415 207 236 189 
0.6844 -0.5743 0.3182 -0.3170 55.75 -1.37 82.25 1.54 -5.21 0.75 0.8600 4.7500 -0.6000 0.6367 1.3900 -2.3989 1.14 -9.59 1.69 194 417 206 235 188 
0.6011 -0.5475 0.2917 -0.5038 83.69 13.81 73.19 7.37 -7.65 1.94 5.4400 1.8300 -0.0300 2.1556 1.0100 -0.3811 2.59 -8.40 4.32 193 414 205 236 189 
0.6346 -0.4348 0.2187 -0.6003 84.81 12.31 54.38 5.72 -7.67 5.16 3.1800 -1.3100 -0.0700 1.4800 -0.7156 2.1489 1.21 -7.38 6.33 194 413 209 236 188 
;
