0.8299 0.2756 -0.1016 -0.4744 59.44 -5.62 -33.69 -1.11 5.24 8.16 -0.1100 -0.1400 0.0100 -0.1722 0.1033 -0.0911 -1.02 5.31 8.17 176 406 367 431 205 
0.8324 0.2698 -0.0891 -0.4758 59.44 -6.00 -32.25 -0.94 5.11 8.09 0.0300 -0.1200 -0.1900 -0.1078 0.0856 0.0022 -1.05 5.10 8.30 178 403 350 429 204 
0.8365 0.2536 -0.0734 -0.4802 60.19 -7.19 -26.94 -8.33 7.44 17.47 -3.8800 3.2500 11.6800 -2.8633 -4.8044 -0.9056 2.14 2.34 9.27 151 287 161 176 147 
0.7925 -0.1332 -0.3682 -0.4676 49.94 63.38 0.37 13.44 -2.58 -7.89 -5.2300 0.8600 -10.4900 7.0067 -4.8200 3.9956 9.17 -3.23 1.19 114 365 163 185 147 
0.7759 -0.1379 -0.6068 0.1044 339.25 63.69 43.94 2.09 2.59 4.26 -3.9000 6.6600 0.1300 2.9567 0.1500 -0.2433 8.72 -1.81 4.08 118 383 167 187 151 
0.8188 0.0679 -0.5222 0.2287 327.94 62.69 11.88 8.61 3.68 6.15 -0.0900 3.7900 1.3900 -0.2000 -0.0800 -0.3356 8.74 -0.57 4.40 117 378 171 189 151 
0.8262 0.1045 -0.5116 0.2114 332.62 62.13 3.81 8.31 2.32 5.39 -0.7800 2.6400 0.1700 -1.5089 0.9633 -0.9089 8.29 -0.25 5.23 122 394 175 192 153 
0.8759 0.0353 -0.4655 0.1223 345.56 54.63 7.44 7.74 -0.93 3.11 1.1700 -0.7300 -2.5800 -0.4044 -0.1589 1.1389 7.83 -1.57 5.67 123 388 175 195 154 
;
0.8782 -0.0583 -0.4542 0.1379 341.75 49.69 23.75 3.69 -4.47 9.31 -4.5400 -0.8000 2.7400 -1.0744 0.0178 0.6644 7.18 -3.39 5.74 149 300 203 221 184 
0.8724 -0.1789 -0.4397 0.1161 351.12 45.63 39.31 2.67 -4.50 -0.17 -3.2700 -0.6300 -7.7400 -3.1067 9.2111 -4.2367 4.51 -4.06 7.69 153 285 224 232 187 
0.9328 -0.1880 -0.1223 -0.2820 33.25 20.31 8.75 9.63 5.31 12.81 7.3200 6.1800 8.6900 3.3289 5.8889 -0.1011 0.31 1.11 9.73 157 284 242 254 196 
0.9586 0.0908 0.0130 -0.2695 32.31 -3.87 -11.25 -2.06 3.19 17.66 -0.9700 0.1600 3.5000 0.3633 -0.8356 -0.8244 -0.08 1.95 9.60 151 286 205 216 178 
0.9293 0.0946 -0.1065 -0.3409 41.25 18.00 -19.12 13.89 3.85 21.28 14.7400 2.9300 10.0200 -1.5333 -12.9878 4.6756 9.00 0.93 3.76 123 323 175 188 135 
0.7552 -0.1671 -0.6282 -0.0844 356.94 72.69 64.25 -1.22 2.50 -2.06 -9.3600 7.2000 -0.2300 5.5400 1.3822 1.0589 8.82 -3.20 2.83 122 381 176 195 148 
0.7946 0.0332 -0.5439 0.2676 321.75 59.94 19.94 5.37 3.92 6.84 -2.1200 3.0500 -1.0200 0.1089 -1.0722 -0.0156 8.78 -1.22 4.17 119 386 177 197 150 
0.7974 0.1261 -0.5183 0.2821 322.25 62.94 9.38 9.16 3.61 5.55 2.8000 4.4800 1.9300 -1.3544 1.2778 -0.6878 8.57 -0.60 4.71 119 394 180 198 152 
0.8370 0.0930 -0.4932 0.2180 333.31 58.81 6.69 9.06 1.85 3.62 0.5700 2.1100 -1.9700 -1.5333 0.3178 0.1389 8.24 -1.13 5.18 122 394 178 198 153 
;
0.8595 0.0004 -0.4810 0.1729 336.31 54.56 19.44 6.29 -1.86 6.27 -2.4200 -0.2300 1.4400 -0.9622 1.2067 0.5178 7.41 -2.59 5.86 123 391 180 199 153 
0.8746 -0.0767 -0.4395 0.1899 335.62 47.19 28.06 4.01 -4.97 8.83 -2.7900 -1.5000 2.9100 -0.6822 0.5133 -0.6756 7.16 -3.20 5.87 149 382 195 209 164 
0.8789 -0.1255 -0.4415 0.1298 346.87 49.69 31.62 5.34 -3.06 4.39 -4.2300 -1.0400 -1.2600 -1.9311 3.7622 -3.0822 6.78 -2.57 6.59 156 307 226 233 183 
0.9216 -0.1697 -0.3126 -0.1556 24.50 35.19 11.31 5.34 1.84 5.36 1.9100 3.4400 -1.3100 2.5844 3.0944 -1.7422 3.95 0.90 8.92 162 335 222 233 183 
0.9350 0.0611 -0.2286 -0.2640 30.56 22.62 -18.62 6.85 8.00 13.13 2.8500 4.1100 4.6900 0.2244 3.2200 -0.4689 2.00 3.23 9.03 154 325 208 214 173 
0.9407 0.1136 -0.1646 -0.2740 33.81 15.38 -18.37 2.88 3.05 10.57 0.8700 0.8100 3.7400 1.2744 -3.2233 0.6067 4.45 3.41 8.03 161 322 213 226 180 
0.8666 0.0228 -0.4388 -0.2364 25.00 60.50 -15.81 15.83 2.09 2.07 4.2400 2.3200 -1.4000 1.8744 -3.9722 6.1522 9.35 -2.53 1.48 130 352 181 193 168 
0.7419 -0.1132 -0.6384 0.1710 326.12 62.50 58.38 -0.89 1.59 4.36 -8.7900 4.9300 0.7500 3.4822 -0.2989 0.0544 8.54 -2.94 3.80 111 385 186 196 169 
0.7884 0.0705 -0.5159 0.3276 314.94 59.81 23.87 10.69 1.31 2.84 1.2600 1.7000 -2.4600 -0.1978 0.7678 -0.4089 8.33 -1.83 4.82 120 391 179 198 168 
0.8237 0.0517 -0.4874 0.2852 324.06 55.50 19.06 8.99 1.03 4.99 0.5300 2.3600 -0.2200 -0.9300 0.5222 -0.4733 7.87 -1.81 5.55 122 399 189 199 170 
0.8569 -0.0136 -0.4636 0.2247 329.31 51.94 26.00 7.96 -2.53 4.93 -0.3500 1.3000 1.2700 -0.5433 -0.2356 1.1944 7.53 -3.71 5.05 122 388 190 200 166 
;
0.8350 -0.0955 -0.4750 0.2607 325.62 47.56 38.44 5.20 -6.40 6.52 -2.7500 -2.2100 1.3000 -0.6611 -0.3411 0.1711 7.22 -4.51 4.85 123 390 192 199 169 
0.8323 -0.1364 -0.4844 0.2325 329.31 48.44 42.38 7.07 -4.16 5.39 -0.5700 0.2000 0.6800 0.0022 -0.1433 -0.2267 7.46 -4.22 4.75 136 392 195 203 173 
0.8351 -0.1323 -0.4940 0.2026 335.56 51.19 40.81 -1.02 -3.14 5.58 -8.9300 1.1000 -0.1500 -2.7100 0.0567 -2.5178 8.23 -3.44 4.06 155 344 219 225 186 
0.8457 -0.1684 -0.5034 -0.0547 16.56 58.00 12.19 13.93 2.84 4.68 4.6200 3.7600 -1.2600 1.8911 9.6211 -2.6056 3.63 1.63 8.96 160 341 225 230 189 
0.9539 0.1483 -0.0937 -0.2436 28.94 5.44 -22.00 1.32 7.86 12.87 -0.3900 4.7200 9.7400 -0.7122 -0.7922 0.1444 1.68 3.66 8.93 151 324 217 226 172 
0.9402 0.1508 -0.1519 -0.2649 32.13 15.19 -21.94 5.48 5.39 15.41 5.7100 1.6300 7.4100 -0.9011 -3.7956 1.6622 5.36 2.70 7.75 157 335 196 210 177 
0.8819 -0.0182 -0.4377 -0.1740 13.88 63.00 0.75 9.77 0.01 -0.30 -1.0400 2.1500 -3.2000 3.5189 -3.9311 5.0167 9.12 -3.25 1.55 129 368 193 209 172 
0.7432 -0.0645 -0.6185 0.2470 317.50 60.38 55.38 2.95 1.11 3.76 -3.8500 4.6200 0.2600 3.0467 0.0844 -0.1078 8.44 -3.33 3.70 118 386 195 206 172 
0.7621 0.0662 -0.5293 0.3669 308.25 59.38 32.31 10.48 -0.91 3.71 1.1500 0.9700 -1.0300 -0.3856 0.4033 -0.3989 8.48 -2.51 4.21 121 387 197 207 171 
0.7769 0.0735 -0.5192 0.3486 313.56 58.69 27.37 9.18 2.03 4.35 1.1200 4.1500 -0.0200 -0.9444 0.9300 -0.8489 8.22 -2.12 4.90 121 397 195 206 172 
0.8193 0.0211 -0.4995 0.2808 323.31 55.00 27.19 6.88 -3.15 2.61 -0.0200 -0.7700 -2.7400 0.4278 0.1367 1.0844 7.69 -3.02 5.28 123 400 198 207 170 
;
0.8392 -0.0424 -0.4568 0.2922 321.44 46.25 31.31 4.89 -3.30 8.77 -1.8000 -0.1800 3.1900 -0.9167 0.3789 0.1878 6.83 -4.14 5.67 124 397 198 207 171 
0.8345 -0.1189 -0.4596 0.2799 323.87 44.44 40.56 5.24 -5.91 5.17 -0.5100 -0.5500 0.2000 -0.1811 -0.0444 -0.2633 6.98 -4.53 5.18 135 396 201 212 175 
0.8362 -0.1342 -0.4696 0.2496 325.69 48.00 44.75 1.68 -2.22 5.17 -4.9700 2.9800 0.8400 -2.0889 -0.3678 -1.9178 8.11 -4.35 3.36 151 377 221 239 187 
0.8315 -0.1577 -0.5285 0.0670 2.06 59.06 29.81 4.25 0.84 -1.32 3.2900 4.9100 -2.7100 0.0367 -2.6211 -3.5456 9.31 -0.24 3.06 155 358 217 231 185 
0.7775 -0.0444 -0.6058 -0.1630 24.06 69.37 -34.31 13.24 6.70 5.34 3.2600 3.4200 1.8000 1.1533 0.4789 -1.3422 8.70 3.29 3.08 159 353 221 229 181 
0.8002 0.1035 -0.5638 -0.1760 25.25 61.88 -48.19 10.48 3.76 3.70 4.1100 0.7100 1.4600 0.2389 -0.4522 0.5778 8.96 3.13 2.45 154 354 217 225 180 
0.7501 0.0488 -0.6453 -0.1367 16.19 78.56 -59.44 20.13 2.31 0.17 6.7600 1.0400 -1.3900 1.8333 -0.7578 4.5911 9.71 -1.36 0.09 131 378 211 208 167 
0.6968 -0.0678 -0.6954 0.1620 324.37 66.75 79.44 2.31 2.15 -0.49 -8.5100 6.7200 -0.8200 3.8744 2.0722 0.2878 8.50 -3.77 3.08 123 389 206 209 168 
0.7548 0.0425 -0.5455 0.3617 309.06 57.75 32.94 4.92 -0.09 5.20 -1.4800 2.0700 -0.0900 0.6744 -0.8211 -0.2578 8.45 -2.26 4.41 123 390 208 208 168 
0.7692 0.1030 -0.5135 0.3660 308.44 60.13 26.00 9.00 1.00 5.30 -0.6100 3.2400 1.0300 -0.1567 0.0656 -0.3478 8.49 -1.96 4.48 122 394 208 208 167 
0.7839 0.1006 -0.5057 0.3459 314.25 58.81 20.87 8.33 1.75 4.80 -0.1900 3.8400 -1.1300 -1.2967 0.6244 -0.5322 8.24 -1.86 4.97 122 399 206 209 168 
0.8195 0.0376 -0.4976 0.2819 322.94 55.88 25.94 9.28 -1.93 2.11 0.1700 0.0900 -1.4300 -1.0200 0.9756 0.4767 7.69 -3.05 5.26 124 391 206 208 170 
0.8411 -0.0503 -0.4653 0.2712 324.12 48.44 31.75 5.00 -5.72 8.93 -2.2700 -1.9100 3.0400 -0.8300 0.4156 -0.2622 7.24 -3.69 5.47 125 396 209 211 169 
;
0.8469 -0.0872 -0.4656 0.2416 328.56 48.75 34.19 5.60 -2.59 6.15 -2.2500 1.1000 1.0000 -0.4444 -0.3844 -0.1756 7.59 -3.71 4.96 150 387 222 221 177 
0.8228 -0.1173 -0.5219 0.1923 339.62 56.94 44.44 0.70 -1.38 1.03 -6.9100 2.0900 -3.4100 -3.9322 1.9133 -4.6389 8.74 -2.17 3.86 157 331 223 225 180 
0.8676 -0.1086 -0.4486 -0.1852 27.19 47.31 -9.88 11.43 8.43 10.56 6.3500 5.9600 6.1000 1.6867 1.0211 -1.8111 6.75 3.10 6.39 156 333 226 227 162 
0.8801 0.1027 -0.3893 -0.2516 31.87 35.44 -29.44 3.85 5.78 11.86 0.2000 0.2500 0.4700 -0.3933 -0.6056 -0.1511 5.90 3.69 6.89 156 336 227 219 156 
0.8817 0.0969 -0.3759 -0.2681 33.75 38.69 -28.37 7.39 4.30 10.82 3.0000 1.5700 6.7500 0.1978 -2.4167 0.9800 7.24 3.33 5.70 144 346 224 221 169 
0.8221 0.0087 -0.5330 -0.1998 22.06 67.62 -18.75 12.93 -0.05 -0.84 1.7800 0.5800 -4.0400 2.3856 -2.8756 5.0144 9.47 -1.98 1.57 123 379 211 213 162 
0.7453 -0.0929 -0.6409 0.1584 325.94 64.56 62.50 2.87 2.28 2.76 -6.4200 5.1600 0.7100 3.5300 -0.2656 0.7156 8.59 -3.71 2.91 124 391 211 209 164 
0.7318 0.0650 -0.5681 0.3708 306.94 61.63 37.69 7.50 -0.41 2.75 0.0500 2.2600 0.1200 0.7822 -0.7244 -0.3789 8.91 -2.27 3.40 119 395 210 210 165 
0.7317 0.1426 -0.5482 0.3792 305.25 65.62 29.50 9.84 1.06 3.46 0.8600 2.7000 -0.1400 -0.5589 0.5533 -0.4011 8.86 -1.87 3.75 117 403 211 210 164 
0.7654 0.1224 -0.5311 0.3422 314.56 62.88 21.50 9.31 2.26 3.42 1.2100 3.7200 -1.4000 -1.5267 0.4344 -0.3067 8.61 -1.79 4.32 120 400 211 212 164 
0.8062 0.0407 -0.5233 0.2731 323.12 58.50 27.12 7.89 -3.02 3.84 -2.5100 -1.1400 0.1500 -0.6967 1.0556 0.1900 7.92 -2.68 5.11 119 399 214 211 166 
;
