0.2913 -0.2565 -0.4073 -0.8267 141.19 41.19 -44.38 6.32 5.17 5.18 0.0100 0.0300 0.1400 0.0622 -0.3611 -0.0722 6.55 5.22 5.08 175 351 357 397 225 
0.2852 -0.2625 -0.4164 -0.8224 142.00 42.13 -46.31 6.48 5.46 4.91 -0.2500 0.2500 -0.0700 0.0478 -0.2867 -0.1000 6.64 5.31 4.87 172 321 318 383 222 
0.2648 -0.2734 -0.4274 -0.8200 146.75 43.75 -50.44 6.95 9.78 13.65 -0.4600 3.4700 7.6900 -2.5833 -5.4444 -0.2711 7.84 5.03 3.04 165 304 220 236 179 
0.0790 -0.5405 -0.3549 -0.7587 169.12 64.62 -72.06 12.91 3.61 -4.05 2.2600 3.5900 -3.8900 -0.7022 -2.1389 2.1333 9.52 2.31 -0.26 112 350 177 184 133 
0.1651 -0.6685 -0.2608 -0.6766 142.50 86.56 -176.56 3.19 -0.02 -6.99 -6.5500 -1.4600 -6.4800 5.5000 -0.2156 1.5356 9.78 -0.64 0.07 102 396 177 188 135 
0.4731 -0.5522 -0.4102 -0.5504 92.19 83.87 2.94 4.34 1.24 0.51 -5.3700 2.2500 0.0200 4.1922 0.5711 -0.1767 9.65 0.15 1.72 104 404 184 189 139 
0.6274 -0.3497 -0.5209 -0.4612 69.87 76.62 -14.19 8.50 4.98 3.00 -0.3100 4.3400 0.8600 1.1278 0.2833 0.1789 9.49 0.72 2.33 96 403 186 193 139 
0.6753 -0.2829 -0.5474 -0.4053 61.50 75.81 -12.38 8.92 1.69 1.08 0.2200 1.0000 -2.1700 -0.0289 -0.3000 -0.1122 9.53 0.55 2.22 101 397 189 193 139 
0.6569 -0.3002 -0.5342 -0.4394 70.37 74.62 -20.12 9.94 4.82 0.97 1.0200 4.2500 -1.7700 -1.6067 0.3222 -1.0289 9.31 1.31 2.76 107 401 190 196 142 
0.5983 -0.3411 -0.4758 -0.5471 85.50 69.69 -13.44 11.41 -0.75 0.60 1.1700 0.2200 1.3500 -2.0933 1.3600 2.0633 9.12 -0.92 3.48 114 384 191 196 141 
0.6389 -0.4319 -0.3478 -0.5331 80.56 63.38 28.56 3.80 -6.95 6.45 -4.0200 -4.5500 2.0700 -0.8767 -0.3556 -0.2633 8.75 -2.30 3.75 113 385 189 195 143 
0.5947 -0.4626 -0.2957 -0.5873 90.06 63.38 24.75 9.81 -1.59 4.47 -0.4100 0.6200 0.5600 -0.1444 0.3456 -0.0856 8.68 -1.78 4.18 136 375 184 199 145 
0.5734 -0.4553 -0.2788 -0.6215 99.37 61.63 18.75 -0.27 -1.95 3.54 -10.4500 -0.8600 -2.5200 -2.0089 0.0289 -3.1767 8.49 -0.30 4.88 155 357 189 205 149 
0.3642 -0.3890 -0.2354 -0.8128 135.69 50.81 -17.44 9.49 1.73 1.91 6.2200 0.4900 -1.8900 1.8356 -2.6400 -0.7867 8.16 3.51 4.13 136 377 189 202 147 
0.2754 -0.3154 -0.4005 -0.8151 146.06 42.50 -47.81 6.52 10.32 1.32 1.7200 5.4500 -4.8000 3.2156 1.1444 -1.9022 5.28 7.20 4.03 123 380 182 202 145 
0.2421 -0.1444 -0.5780 -0.7658 141.37 29.81 -75.94 8.00 14.48 1.76 5.1100 7.8100 2.4400 3.0189 -0.7533 1.7500 5.76 7.93 -0.09 110 377 194 205 144 
0.3428 -0.1445 -0.7338 -0.5685 110.37 45.88 -104.19 7.99 10.67 1.65 -0.3200 4.3000 4.1400 1.6056 1.1222 2.2511 8.19 4.98 -2.01 118 379 193 207 146 
0.4924 -0.2081 -0.7245 -0.4349 81.81 67.00 -100.69 2.84 5.43 2.35 -6.1000 1.8800 2.1400 -3.4700 1.5767 1.3200 9.35 2.67 1.24 119 371 199 208 147 
0.5436 -0.3787 -0.5332 -0.5261 90.31 81.37 -33.00 4.31 2.37 -0.83 -7.3600 1.1100 -2.7100 -4.2144 -0.6922 0.1544 9.77 0.10 0.79 117 371 202 208 147 
0.3881 -0.5667 -0.4063 -0.6027 126.06 82.37 -87.12 6.97 3.49 -5.72 -2.9300 1.8200 -5.8200 -1.2944 -0.6767 -3.1500 9.15 3.50 0.13 119 374 198 208 147 
0.1431 -0.5214 -0.4625 -0.7026 160.56 55.19 -87.94 13.65 10.62 -2.45 3.5300 3.4000 -2.0200 1.8367 0.4089 -1.5033 7.08 6.75 -0.53 118 378 201 208 147 
0.1279 -0.4197 -0.6158 -0.6545 155.12 45.25 -102.25 10.87 8.83 1.21 3.7700 2.3300 3.7100 1.4878 0.1500 0.8300 7.31 6.06 -2.40 120 376 200 207 147 
0.1937 -0.4636 -0.6545 -0.5649 140.56 52.75 -119.50 7.89 5.48 -0.47 -1.1700 0.1800 1.7300 -0.8967 -1.1122 2.0144 8.27 4.17 -3.20 167 265 258 310 215 
0.1978 -0.6187 -0.5690 -0.5044 135.37 55.38 -152.75 5.48 0.64 -3.58 -2.2300 -0.4400 2.2400 -0.8567 -3.5011 2.5633 6.65 1.17 -7.10 168 239 301 348 222 
0.0870 -0.8387 -0.4470 -0.2986 127.44 32.25 -169.62 3.22 2.24 -9.45 1.4400 0.3100 -0.7600 -1.8922 -3.0500 0.8989 3.52 2.55 -8.78 173 250 289 354 224 
-0.1030 -0.9108 -0.3486 -0.1956 139.06 15.13 -159.06 6.11 3.73 -14.24 4.2800 0.3000 -5.5900 -0.0300 -0.8867 0.7500 2.31 3.48 -8.86 171 257 295 356 223 
-0.1101 -0.9359 -0.2805 -0.1825 148.56 18.25 -163.19 10.00 9.08 -18.05 4.4300 6.0600 -9.1900 4.9122 0.5333 4.6933 4.71 -1.08 -8.52 200 395 361 445 232 
0.3801 -0.8709 -0.1290 -0.2836 63.19 35.00 112.25 -1.76 3.81 -4.82 -9.8700 10.9100 -2.4900 4.1633 0.8400 3.1156 3.96 -8.94 0.70 207 415 361 451 232 
0.6946 -0.6432 0.0438 -0.3191 48.44 19.44 77.12 -1.38 -2.99 3.38 -4.0200 4.4900 1.3400 0.5022 -0.1422 -0.0711 3.30 -8.90 2.44 205 413 371 450 231 
0.7163 -0.6134 0.0350 -0.3307 49.94 21.69 75.75 2.53 -6.65 3.23 -1.9600 2.0000 1.0800 -0.4144 -0.8144 -0.7289 4.23 -8.68 1.71 205 410 365 437 231 
0.6688 -0.6589 -0.0258 -0.3434 55.94 31.50 83.69 3.81 -4.75 0.78 0.1200 2.9900 0.3400 -1.3500 -1.8144 -1.2400 6.03 -7.68 -0.80 204 400 363 433 231 
0.5377 -0.7572 -0.1374 -0.3446 74.31 46.69 110.56 3.42 0.43 -1.92 -3.3400 5.5600 0.4900 -4.2622 1.2022 -5.7456 9.16 -2.09 -2.80 134 281 262 250 164 
;
