0.6570 0.2790 -0.1979 -0.6718 91.25 -6.56 -39.50 -1.21 6.18 7.45 -0.1100 -0.0200 -0.0500 0.0044 0.0022 0.0000 -1.12 6.20 7.51 154 322 350 379 211 
0.6570 0.2790 -0.1979 -0.6718 91.25 -6.56 -39.50 -1.29 6.17 7.44 -0.1600 -0.0300 -0.0600 0.0122 0.0000 0.0000 -1.12 6.20 7.51 156 324 350 379 210 
0.6569 0.2786 -0.1983 -0.6720 91.44 -6.44 -39.31 -2.90 5.90 8.59 -2.9700 -0.3500 0.8500 -1.5322 -1.3578 -0.7544 -0.82 5.49 8.07 157 306 192 211 197 
0.6120 0.1440 -0.2299 -0.7429 104.00 13.00 -32.25 4.47 5.77 13.15 3.5200 1.1600 4.9400 -0.1922 -7.1167 1.3256 6.77 4.52 5.46 163 324 137 149 149 
0.5071 -0.2516 -0.4865 -0.6654 100.25 66.25 -51.75 14.64 5.41 -6.28 4.2900 3.5500 -6.4700 4.1500 -1.1756 4.3389 9.80 -0.12 -0.01 113 343 135 167 149 
0.6635 -0.3561 -0.6096 -0.2478 27.75 76.56 78.25 2.67 0.39 -1.97 -7.2100 2.4600 -2.1800 5.3867 0.4311 0.8656 9.27 -2.59 1.86 117 370 163 171 155 
0.7914 -0.0995 -0.6004 0.0571 348.62 69.37 32.94 5.90 2.65 3.74 -2.8200 3.9400 0.4900 1.5333 0.1978 -0.2733 9.13 -1.16 3.36 118 375 171 174 156 
0.8129 0.0198 -0.5707 0.1144 344.81 68.19 12.50 8.03 1.97 4.35 -0.8800 2.3900 0.5700 -0.7856 0.3711 -0.4956 8.99 -0.48 3.87 119 379 174 175 157 
0.8313 0.0113 -0.5529 0.0560 355.06 66.50 4.00 9.12 3.03 2.50 0.4700 3.5400 -1.1900 -1.0733 0.2122 -0.6389 8.92 -0.12 4.05 123 380 174 182 158 
0.8394 -0.0439 -0.5414 -0.0198 2.00 66.25 14.56 9.41 -0.06 0.57 0.5000 1.6700 -2.1600 -0.8844 -2.5256 3.9578 8.85 -3.57 2.22 128 318 174 184 158 
0.7652 -0.2574 -0.5885 0.0433 359.12 61.94 70.87 6.69 -6.97 1.15 -1.6100 -2.9100 -0.3300 -3.2233 -0.5767 -0.8411 8.95 -3.97 0.41 130 322 174 186 159 
0.6976 -0.3777 -0.5941 -0.1329 24.69 69.50 90.06 10.08 -4.97 -0.18 -0.0200 -1.6700 -0.0100 -0.3922 -0.0467 -0.3700 9.32 -3.04 -0.16 148 306 171 187 165 
0.6744 -0.3849 -0.5952 -0.2068 39.69 76.75 83.00 7.76 -1.90 -0.15 -0.0600 -0.1300 -1.2600 -1.9089 1.3356 -2.2133 9.62 -0.78 1.72 100 248 260 270 190 
0.6861 -0.3378 -0.4515 -0.4598 71.75 61.06 4.81 6.60 -2.25 2.15 -2.8600 -2.1000 -2.6400 1.4133 -1.4333 0.6033 8.39 -0.25 5.06 91 167 178 200 152 
0.6968 -0.3214 -0.4808 -0.4243 57.50 78.69 14.50 12.29 0.42 -8.21 2.4300 0.9700 -8.9300 6.7811 -3.8778 -0.4933 9.73 -0.25 -1.18 90 165 171 187 131 
0.6396 -0.1403 -0.7469 -0.1149 12.13 79.37 178.37 11.14 4.39 -6.34 -0.9900 4.0800 -4.2800 4.8156 -0.5067 -0.3489 9.59 -0.36 -2.00 91 166 176 191 136 
0.6036 0.1366 -0.7692 0.1595 326.00 76.31 157.87 9.90 3.16 -3.69 -0.1200 3.1100 -2.5900 2.8567 -0.4267 0.7289 9.46 -1.62 -1.97 92 169 182 190 136 
0.5306 0.2625 -0.7313 0.3386 293.31 69.25 134.56 12.59 -1.19 -5.87 3.5800 1.1600 -2.6600 -1.0911 1.0789 -0.7056 9.28 -2.13 -2.34 94 174 182 192 138 
0.5503 0.2104 -0.7593 0.2762 311.37 71.75 145.69 9.52 4.80 -4.62 -0.6700 4.9100 -2.8100 -3.1333 -0.1256 -0.1567 9.35 -0.94 -2.77 96 175 183 193 138 
0.5714 0.0968 -0.8077 0.1085 342.94 69.56 173.50 5.33 -5.97 -9.62 -3.5000 -5.7400 -4.8800 0.5300 -2.2544 -0.9400 8.50 0.18 -4.88 96 174 184 192 139 
0.4653 0.1532 -0.8704 0.0502 346.06 53.94 -173.87 9.80 -4.41 -6.24 0.7100 -3.7100 -0.2400 2.9800 -1.1433 0.9633 7.48 -0.76 -6.28 97 175 183 195 140 
0.3844 0.2191 -0.8754 0.1947 300.75 48.94 161.06 9.11 2.97 -3.16 1.6900 -2.3100 -2.1200 -1.1511 1.9344 -1.0356 7.91 -1.75 -5.52 98 179 189 198 140 
0.4180 0.2033 -0.8606 0.2082 308.31 53.38 162.37 9.96 2.55 -4.61 0.9000 3.9800 2.2100 -2.0922 1.1889 -0.7611 8.40 -0.47 -5.03 99 181 188 198 145 
0.5144 0.1436 -0.8421 0.0754 349.69 64.12 -173.44 8.51 2.21 -5.38 0.0500 1.0400 -1.6900 -3.8100 1.6133 0.3433 9.29 1.29 -2.82 110 195 199 216 165 
0.6235 -0.0596 -0.7591 -0.1772 39.75 76.81 -98.50 18.69 6.48 0.33 9.9100 4.3800 -0.0700 -7.1622 7.5044 -1.1444 8.36 1.58 4.86 144 320 283 313 195 
0.7700 -0.2233 -0.2826 -0.5268 70.50 35.25 16.50 6.57 1.00 7.20 2.2900 4.9500 1.3100 -8.1344 1.9789 1.7989 4.32 -7.02 5.30 160 367 323 357 196 
0.5994 -0.6055 0.1779 -0.4923 80.06 21.37 89.50 2.28 -8.94 -5.37 -1.6000 1.6800 -4.6400 0.4556 -0.6400 2.3611 2.10 -9.52 -0.98 156 383 351 376 197 
0.5664 -0.6509 0.3151 -0.3953 70.50 7.69 89.69 -0.13 -7.07 -1.10 -0.3400 1.6800 -1.3600 0.9433 0.9400 0.0033 1.07 -9.70 0.94 166 391 338 388 201 
0.6146 -0.5718 0.3143 -0.4432 68.75 7.62 77.94 5.65 -6.69 -9.16 3.9900 3.0300 -11.4100 5.4967 -2.6489 0.9578 1.45 -8.27 5.05 162 397 339 394 206 
0.8599 -0.3449 0.0470 -0.3735 40.00 12.56 26.75 7.69 12.17 5.99 3.3900 14.3800 -0.0400 8.9133 0.8289 1.8422 2.07 1.27 9.49 162 392 351 398 207 
0.9595 0.1285 -0.1678 -0.1865 20.00 14.13 -24.00 -2.01 10.04 15.44 -1.8600 6.3100 8.3700 0.2411 -0.6089 -0.2456 2.32 4.36 8.46 162 391 363 417 217 
0.9521 0.1949 -0.1627 -0.1707 20.69 14.75 -25.62 1.87 4.06 7.55 -0.4800 0.3600 -0.9400 -0.1300 0.4000 -0.1711 2.28 4.05 8.63 162 388 364 412 215 
;
