0.0725 0.1354 -0.3366 -0.9290 171.06 -11.69 -41.25 -1.96 6.36 7.15 -0.5100 -0.1000 -0.5100 0.1722 -0.1400 -0.0511 -1.99 6.37 7.17 160 362 350 399 217 
0.0687 0.1329 -0.3441 -0.9269 171.75 -10.50 -42.19 -4.19 7.12 9.66 -2.1500 1.0800 3.7500 0.4122 -2.9022 0.3856 -0.19 6.65 7.20 162 320 300 340 217 
0.0148 -0.0980 -0.3764 -0.9211 179.62 20.81 -47.31 9.18 9.50 8.31 7.8900 2.3300 1.4200 1.7867 -6.5367 4.4856 7.71 5.50 2.51 159 294 177 183 175 
0.1355 -0.6010 -0.3694 -0.6957 147.19 75.44 -117.00 9.59 4.14 -4.21 -3.6400 0.8700 -3.5000 3.7711 1.5689 2.9622 9.74 -0.83 -0.65 118 332 181 190 168 
0.4751 -0.5912 -0.3720 -0.5352 92.31 77.50 64.06 3.93 -1.52 -2.17 -6.0500 0.7800 -3.5500 3.7811 1.8689 1.4889 9.02 -2.24 3.10 118 358 190 194 172 
0.6777 -0.4271 -0.3832 -0.4598 65.62 65.31 32.56 6.96 -0.29 4.14 -1.6300 1.6700 0.5200 0.6511 -0.6522 0.6678 8.92 -2.40 3.27 109 359 191 198 172 
0.7070 -0.4130 -0.4164 -0.3953 58.19 66.12 37.88 9.30 -0.63 2.69 0.1800 1.7200 -0.3800 -0.2589 -0.0978 -0.1178 8.98 -2.37 3.12 2 366 194 200 172 
0.7016 -0.4095 -0.4100 -0.4146 62.63 65.50 33.81 10.23 -0.11 2.06 1.2300 2.4100 -1.0200 -0.7511 1.0244 -0.3744 8.75 -2.22 3.81 108 372 194 202 173 
0.6909 -0.4061 -0.3493 -0.4855 71.69 60.44 27.37 8.79 -1.39 2.32 0.7600 1.0700 -2.3700 -0.5622 -0.2233 0.9633 8.33 -3.05 4.16 1 352 179 204 173 
0.7092 -0.4610 -0.2923 -0.4462 60.88 52.88 49.44 4.63 -5.14 4.64 -3.6100 -0.9500 0.9800 -0.9789 0.5211 1.2800 7.02 -5.77 3.67 91 351 197 207 172 
0.7172 -0.5378 -0.1877 -0.4013 59.25 44.44 61.88 6.45 -6.97 3.93 -0.4000 -0.7000 0.4100 -0.8611 0.1767 -0.5078 7.09 -6.10 2.94 76 344 203 214 175 
0.6711 -0.5673 -0.1725 -0.4451 72.69 48.75 63.50 4.69 -4.38 3.06 -0.9400 1.5800 0.7100 -2.3700 0.8467 -1.9622 7.96 -5.15 2.47 101 236 234 251 186 
0.5134 -0.5769 -0.1046 -0.6267 107.56 55.06 49.19 5.94 -5.82 1.82 0.0700 -1.8200 -2.1900 -0.3456 1.2889 -0.9711 7.80 -3.68 4.64 99 170 194 200 151 
0.4499 -0.5074 -0.0709 -0.7314 115.37 54.88 36.00 6.97 -2.88 -0.03 1.6000 0.4700 -4.9500 2.6478 -2.6656 -0.2400 8.78 -2.51 3.56 92 159 164 175 125 
0.5095 -0.5344 -0.2863 -0.6107 94.37 74.56 32.63 8.22 2.47 -0.32 1.3000 4.0600 -2.1600 4.2667 -3.4722 1.2589 9.66 -1.32 1.01 92 163 174 175 128 
0.6224 -0.4351 -0.5364 -0.3682 56.19 81.44 75.56 10.22 3.16 1.11 -0.2500 4.0300 0.3800 1.9144 -0.9100 0.2756 9.71 -1.35 0.20 96 167 180 182 131 
0.6667 -0.3430 -0.6074 -0.2626 42.69 81.62 81.62 10.82 4.68 4.24 0.6800 4.7600 1.9400 -1.0122 0.4889 -0.2789 9.71 -1.26 0.39 96 171 182 185 133 
0.6347 -0.3967 -0.5699 -0.3391 61.88 83.56 6.12 11.91 2.17 -2.73 1.0800 2.2000 -3.6500 -2.7522 0.4022 -0.9133 9.78 -0.47 0.49 98 170 185 187 133 
0.5409 -0.4778 -0.5110 -0.4669 79.94 85.94 176.69 7.82 -3.20 -3.46 -0.0600 -2.1500 -1.7600 -0.4889 -0.3156 -1.6989 9.64 -0.03 -1.74 100 175 180 188 134 
0.4614 -0.4803 -0.5925 -0.4532 88.44 76.87 -152.31 10.96 -1.56 -2.75 1.8600 -2.0000 -0.2300 1.3744 -0.3433 -0.4600 9.38 0.99 -2.67 101 175 180 189 135 
0.4672 -0.4457 -0.6776 -0.3521 70.06 71.06 -172.00 10.92 2.87 -1.71 -0.4300 7.0200 7.0700 0.0711 0.2411 0.4611 9.35 0.16 -2.93 99 175 183 190 135 
0.5082 -0.4117 -0.6795 -0.3325 65.94 75.06 -172.56 9.24 2.09 -1.47 0.0200 1.3900 0.5400 0.0956 -0.1167 -0.1411 9.44 0.32 -2.60 102 178 180 191 138 
0.5090 -0.4066 -0.6817 -0.3330 68.44 75.69 -167.75 9.68 2.76 -0.42 -0.2600 2.1200 1.5200 -1.9833 1.1056 -0.0900 9.67 0.95 -1.31 110 178 194 211 160 
0.4975 -0.4222 -0.5679 -0.5018 96.19 79.69 -64.50 13.42 7.80 3.45 3.5000 5.7200 1.9100 -4.6789 3.0844 -0.8911 9.13 1.44 3.25 126 282 252 260 187 
0.4232 -0.4449 -0.2898 -0.7341 124.62 56.25 4.50 9.32 4.78 1.66 -1.6300 5.7000 -6.2300 -8.0867 4.8689 0.7156 4.59 -4.94 7.11 155 383 339 347 200 
0.2960 -0.4072 0.3205 -0.8024 138.62 24.56 67.87 3.00 -4.55 -6.04 -2.4200 3.4900 -9.0400 -2.2300 -0.4533 1.3344 3.02 -9.21 1.46 160 403 360 391 207 
0.2793 -0.4026 0.4846 -0.7247 136.81 18.25 72.37 4.89 -5.53 -6.09 3.2300 4.0100 -8.8200 6.7111 -0.3278 -0.2289 3.46 -6.46 6.50 163 412 370 406 210 
0.4492 -0.2923 0.1199 -0.8358 119.50 24.19 21.44 6.35 5.06 19.86 0.1800 7.2900 12.2900 2.4100 -0.2611 0.8489 4.36 -1.16 8.70 165 410 373 402 211 
0.5418 -0.2308 -0.0794 -0.8043 113.62 26.69 10.06 4.03 2.60 15.48 -0.2900 4.7100 6.6900 -3.2600 1.1333 -1.1878 4.06 -3.25 8.31 165 408 372 402 211 
0.4045 -0.3111 0.1424 -0.8481 133.00 24.25 40.31 7.94 -2.36 2.99 3.6100 4.0100 -3.8900 -4.3644 2.0711 -0.2367 3.46 -7.74 4.90 165 407 369 398 212 
0.2439 -0.3598 0.4360 -0.7880 145.69 21.81 71.00 4.82 -8.83 -6.32 -0.7700 0.1500 -8.3500 1.9956 -0.2622 -0.2911 3.95 -8.23 3.57 163 403 364 402 212 
0.2874 -0.3931 0.3179 -0.8135 137.19 28.81 45.25 5.51 2.63 7.63 2.1600 9.3300 4.2700 5.3222 -1.7089 0.8233 5.25 -3.03 7.70 160 401 357 399 213 
0.4783 -0.3159 -0.0717 -0.8163 116.62 36.81 9.50 6.51 2.39 14.73 0.4100 3.2100 6.4200 0.7156 -0.3856 0.0978 6.26 -0.81 7.50 161 398 356 394 212 
0.5027 -0.3255 -0.1428 -0.7880 116.37 41.38 9.19 4.93 -1.25 5.69 -1.5000 0.0600 -1.9800 -0.8544 -0.2344 -0.8322 6.60 -1.33 7.12 163 382 357 379 210 
;
