-0.1597 -0.0101 0.3277 0.9312 160.31 4.94 -38.00 0.82 6.01 7.62 -0.0500 0.0200 -0.0300 -0.0144 0.0500 -0.0178 0.82 6.00 7.70 152 312 315 309 197 
-0.1628 -0.0130 0.3265 0.9310 160.06 4.69 -37.88 0.69 6.01 7.65 -0.1200 0.0000 -0.0300 0.0100 0.0322 0.0278 0.79 6.00 7.71 154 312 312 309 196 
-0.1682 -0.0120 0.3311 0.9284 158.94 7.06 -39.50 -0.86 5.83 9.43 -3.0700 -0.3600 2.2300 1.2456 -3.7344 1.9156 3.60 6.48 6.41 154 314 292 288 196 
-0.1603 0.2812 0.4195 0.8481 162.12 42.88 -53.25 11.60 9.31 7.85 4.4500 3.9800 4.3900 -2.4589 -2.8322 2.1178 8.29 4.11 3.22 155 304 207 200 185 
-0.1021 0.5157 0.2632 0.8089 163.56 66.25 -39.31 11.40 3.67 -1.85 2.5500 2.1700 -5.5600 -1.2333 -0.6633 2.4689 9.48 0.51 2.43 164 294 160 169 154 
-0.2163 0.6351 0.1389 0.7284 139.87 78.69 42.13 5.51 -0.70 -6.50 -4.3300 0.6700 -6.8300 5.1322 0.5289 1.2856 9.33 -2.02 2.20 117 348 169 171 152 
-0.5167 0.5175 0.2792 0.6223 91.87 68.00 25.00 6.55 3.95 3.52 -2.5800 5.7900 0.4100 4.9722 0.6767 0.0633 8.96 -0.32 3.95 117 365 175 173 153 
-0.6900 0.2966 0.4478 0.4852 67.62 65.56 -5.37 10.06 4.61 3.82 1.6400 4.8400 0.5200 0.9778 0.2378 0.0022 9.02 0.58 3.80 112 362 180 178 155 
-0.7080 0.2581 0.4780 0.4513 64.94 65.81 -9.69 9.82 1.89 3.59 -0.0300 1.1000 -1.5400 -0.8422 0.6289 -1.0611 8.73 1.04 4.33 113 370 179 180 157 
-0.6786 0.2544 0.4500 0.5218 78.25 59.69 -15.31 8.53 5.57 3.01 2.6800 5.4800 -1.2900 -1.6678 0.3756 -0.9556 8.16 1.31 5.26 115 362 181 181 158 
-0.6232 0.2847 0.3278 0.6504 92.44 53.06 2.31 5.00 -2.37 4.02 -2.6500 -1.6800 -1.0800 -2.8211 0.0567 0.5967 8.06 -2.21 5.12 117 346 183 182 159 
-0.5678 0.4686 0.2013 0.6461 100.12 57.25 31.75 9.53 -6.11 4.01 1.1100 -3.0400 -0.2100 -0.4956 0.6422 -0.8622 8.29 -2.58 4.55 127 349 179 182 160 
-0.5098 0.4962 0.1679 0.6824 108.00 58.31 33.19 10.19 -3.06 4.67 1.5600 -1.4100 -0.8800 -3.6311 5.1811 -1.3056 6.80 -3.50 6.12 163 323 185 184 165 
-0.3864 0.3880 -0.0836 0.8326 129.69 31.81 33.69 6.30 -6.43 5.94 0.8000 -1.4700 -1.4600 -0.9378 1.2844 2.5533 3.04 -6.03 7.10 157 289 178 182 159 
-0.5209 0.3080 -0.2083 0.7684 105.37 17.25 39.88 6.83 -1.42 6.47 2.7500 4.3100 -0.9000 2.7922 -2.0267 1.7122 3.04 -5.06 7.83 120 202 173 180 154 
-0.6780 0.2780 -0.0621 0.6776 87.81 14.50 26.81 3.32 0.82 11.44 1.0900 4.7400 3.2500 0.7933 -0.3122 0.9611 2.40 -3.90 8.66 126 222 176 180 154 
-0.7382 0.2376 -0.0457 0.6298 80.87 12.06 25.44 1.67 -3.65 9.06 -0.0700 0.3400 0.3100 -0.2189 0.0178 -0.0878 1.95 -4.27 8.60 127 228 178 182 156 
-0.7371 0.2325 -0.0709 0.6306 81.87 10.31 25.56 1.02 -2.14 10.19 0.1100 2.2500 1.7300 0.3122 0.5789 -1.1433 1.64 -3.88 8.85 127 232 180 180 155 
-0.6884 0.2218 -0.0571 0.6882 93.62 13.19 23.25 4.24 0.62 8.60 0.4000 2.2200 -1.2800 -0.6811 -2.3400 -1.0444 3.37 -4.03 8.27 130 235 175 182 155 
-0.5882 0.2649 -0.1039 0.7570 109.50 14.81 31.50 2.39 -7.04 3.32 0.1900 -2.0700 -4.4600 -1.2189 1.1389 -2.2811 2.84 -5.38 7.68 128 235 180 183 155 
-0.4139 0.2827 -0.1841 0.8455 130.50 21.25 34.88 3.87 -8.82 5.86 -0.6700 -3.5100 -1.5500 0.0800 -0.1400 -0.6478 3.71 -4.94 7.60 128 238 177 183 154 
-0.3619 0.2885 -0.1750 0.8690 133.69 22.81 34.13 4.83 -5.66 7.38 -0.0300 -0.4400 -0.0200 0.2122 0.8322 0.0867 3.55 -5.06 7.61 134 234 178 185 156 
-0.3711 0.2783 -0.1755 0.8683 134.00 20.50 32.31 3.26 -4.16 7.91 -0.9000 0.0000 -0.4500 0.2767 0.5122 -0.0378 3.54 -4.58 7.91 121 274 207 210 178 
-0.3835 0.3201 -0.1230 0.8575 130.06 28.62 32.63 7.02 -5.01 7.59 1.3000 -0.1100 0.4600 -0.7378 0.1800 0.3389 4.69 -5.16 6.89 159 291 234 220 184 
-0.3980 0.3511 -0.1670 0.8309 124.94 27.75 39.00 6.64 -3.59 8.46 2.5400 1.6200 0.3500 0.7822 -6.3167 3.0222 6.19 -6.11 4.50 150 292 174 182 147 
-0.6082 0.5457 0.0222 0.5760 79.31 39.13 57.38 3.69 -4.60 3.92 -4.6000 2.0800 -0.2600 2.7389 -2.4222 1.6644 5.79 -6.60 4.35 115 299 177 177 142 
-0.7608 0.4840 0.1359 0.4104 54.19 37.88 51.06 2.15 -3.15 4.00 -2.4500 1.8800 -1.6600 0.9244 -1.5567 0.8333 6.27 -6.03 4.51 138 325 187 179 146 
-0.7635 0.5078 0.2062 0.3416 47.94 41.81 60.75 11.54 -11.82 0.10 5.7400 -4.9300 -2.8700 0.2256 0.2389 0.1011 6.39 -6.56 3.48 141 328 186 184 147 
-0.7834 0.4874 0.2037 0.3275 44.75 38.19 48.63 9.68 -10.74 -1.13 4.0000 -6.1100 -8.8600 4.8944 2.6856 0.6289 4.71 -3.74 7.73 140 343 187 186 148 
-0.9314 0.1147 0.1402 0.3157 36.13 14.44 -0.75 -5.64 18.76 12.97 -7.3300 17.1200 3.8300 -0.0167 0.3944 0.0322 1.87 1.18 9.55 141 357 187 187 150 
-0.9464 0.0187 0.1111 0.3029 36.19 14.25 1.87 5.23 -1.41 7.71 2.2400 -0.4300 -1.3000 -0.9178 -0.3344 0.0433 2.77 -1.13 9.33 143 349 191 188 149 
;
