0.2919 -0.0585 0.2431 0.9232 215.19 -14.31 -25.12 -2.03 3.56 8.42 0.1300 -0.2100 0.0900 0.0933 0.0144 0.1122 -2.39 4.06 8.59 150 308 299 304 199 
0.2899 -0.0549 0.2452 0.9235 214.81 -14.00 -25.87 -2.46 4.16 8.60 -0.0800 0.0900 -0.0500 0.0411 -0.0878 0.0433 -2.30 4.17 8.56 152 309 301 305 200 
0.2973 -0.0266 0.2438 0.9228 217.31 -8.25 -26.50 -4.79 2.42 12.89 0.7800 -0.6900 5.4500 1.5322 -8.5711 -1.6589 3.28 5.08 7.71 164 346 276 268 196 
0.4698 0.4539 0.0377 0.7562 246.56 48.38 -44.38 16.64 7.20 0.00 7.7000 2.6900 -1.9400 2.7311 -5.5278 1.1067 9.06 3.70 -0.51 168 344 209 225 191 
0.2447 0.7437 -0.1058 0.6130 214.56 76.87 -130.69 6.95 4.02 -3.67 -3.3700 3.6800 -2.3300 4.7856 2.0056 2.7089 9.73 -1.12 -0.47 139 376 212 220 181 
-0.1636 0.6857 0.0104 0.7092 145.00 75.00 63.69 5.63 2.12 3.29 -3.8600 4.6200 1.4800 3.9500 0.8900 0.4000 9.23 -2.19 2.45 124 394 221 225 184 
-0.3752 0.5747 0.1742 0.7061 122.44 70.37 30.44 8.52 0.75 2.62 -0.3500 2.2800 -0.1000 0.8322 -0.1267 -0.1944 9.27 -1.34 2.89 106 396 220 225 183 
-0.3965 0.5503 0.2197 0.7012 122.25 70.50 22.50 10.61 1.14 2.57 1.4200 2.5500 -1.0600 -0.6133 0.5889 -0.3867 9.12 -1.14 3.40 117 405 222 227 184 
-0.3483 0.5285 0.1652 0.7563 132.69 64.50 16.50 8.71 3.73 2.32 -0.1700 5.1100 -1.8100 -1.2200 -0.1811 0.8356 8.70 -1.93 4.07 119 381 215 227 183 
-0.3179 0.5529 0.0533 0.7684 138.50 61.19 39.69 7.23 -8.61 2.37 -1.4000 -5.9300 -1.6600 -2.8933 0.4278 0.1778 8.36 -3.93 3.26 122 388 219 231 183 
-0.2094 0.5762 -0.1132 0.7819 152.44 58.50 52.63 7.15 -5.77 2.80 -1.5500 -1.1600 -0.2700 -0.4944 0.0522 0.0389 8.33 -4.11 3.12 137 385 218 231 183 
-0.1699 0.5748 -0.1525 0.7858 156.00 59.31 60.81 2.10 -3.72 0.63 -7.8100 -0.0300 -2.3500 -4.5111 0.5967 -1.0722 8.79 -4.18 1.16 174 357 276 291 190 
-0.0247 0.6890 -0.2554 0.6777 170.06 62.63 127.31 6.54 -3.29 -5.72 3.2800 1.5800 0.0900 -2.3067 -4.8867 -0.5389 6.78 -2.61 -6.57 193 287 303 333 202 
-0.0386 0.9362 -0.2440 0.2499 209.31 16.75 172.00 7.88 4.40 -13.16 2.4400 5.1100 -4.9400 -2.6056 -1.7789 -0.6822 0.50 0.85 -9.75 196 285 296 339 204 
0.0753 0.9653 -0.2493 -0.0192 209.00 -0.75 -169.31 3.30 0.73 -12.29 3.5200 -1.7400 -2.9700 -0.8489 0.1722 -0.1456 -0.35 2.41 -9.49 192 292 294 336 202 
0.1205 0.9595 -0.2495 -0.0506 209.94 -1.94 -165.75 3.53 -1.17 -15.45 3.9400 -3.7900 -7.0400 1.0311 1.0678 0.3267 0.32 1.67 -9.65 190 291 292 332 201 
0.0762 0.9544 -0.2847 0.0475 216.56 14.50 -176.50 10.52 9.35 -23.08 -5.4300 8.8100 -12.0900 11.3089 4.7867 4.0467 5.28 -6.36 -5.26 205 402 378 431 208 
-0.3312 0.6624 -0.4024 0.5381 111.87 23.12 94.56 -2.34 2.04 4.01 -4.2400 10.2100 4.7900 0.8378 1.4533 0.4022 3.27 -9.23 0.48 208 406 380 440 209 
-0.4230 0.5610 -0.3892 0.5958 109.87 20.37 85.62 2.80 -6.05 1.51 -1.2400 2.7000 0.5700 -0.3700 -0.0311 -0.5078 3.73 -9.05 0.49 206 405 382 441 210 
-0.3870 0.5828 -0.3801 0.6050 116.56 26.06 89.19 1.68 -3.77 0.35 -2.9200 4.8700 0.6900 -1.4011 -0.6433 -2.0344 5.48 -8.07 -0.93 197 384 345 361 206 
;
