0.0721 -0.0947 -0.3951 -0.9109 171.06 13.56 -46.56 2.12 6.97 6.77 -0.0700 0.0200 -0.0100 0.0278 -0.4533 0.0611 2.57 6.92 6.44 169 327 360 393 219 
0.0670 -0.1134 -0.3975 -0.9081 171.37 14.63 -46.94 2.34 7.01 6.52 -0.1000 0.0700 0.0000 -0.0200 0.1378 -0.0389 2.36 6.93 6.51 170 329 361 393 220 
0.0695 -0.0999 -0.3962 -0.9101 171.25 13.50 -46.69 2.25 7.01 6.53 -0.0100 0.1000 -0.0400 0.0133 -0.0911 -0.0544 2.40 6.96 6.46 169 315 309 375 221 
-0.0200 -0.1982 -0.3893 -0.8993 191.75 26.00 -52.75 3.67 7.34 11.27 -0.6300 -1.1000 2.5500 2.3944 -9.2567 -0.4433 6.10 7.63 0.81 164 316 230 237 214 
-0.2278 -0.7030 -0.3612 -0.5687 223.75 40.00 -118.12 14.16 11.26 -9.60 4.0500 4.9300 -7.4100 0.9556 4.0489 3.4100 8.48 4.13 -2.67 157 324 157 173 169 
0.0674 -0.7286 -0.2608 -0.6297 153.87 80.19 -134.44 3.47 2.44 -6.86 -7.1400 1.6200 -5.5900 4.3200 2.7767 2.6289 9.70 -0.71 1.18 114 361 167 181 174 
0.4535 -0.5389 -0.2887 -0.6485 102.00 71.50 25.31 5.13 3.99 6.10 -4.1000 5.1700 2.6500 1.5567 1.3400 0.5900 8.89 -1.35 3.90 113 363 172 175 176 
0.5981 -0.4384 -0.3316 -0.5833 84.19 66.62 21.37 8.33 -1.92 2.47 -1.5000 -0.1300 -0.4600 -0.0889 -0.1667 -0.2000 9.02 -1.52 3.52 111 373 171 186 180 
0.6164 -0.4381 -0.3737 -0.5371 80.12 70.94 25.06 9.94 -1.28 2.19 0.4400 -0.5000 -0.8100 1.6589 -0.9933 0.6033 9.42 -1.51 2.23 99 386 169 189 180 
0.6446 -0.4294 -0.4488 -0.4458 67.37 73.19 38.19 9.08 0.72 1.22 0.1600 1.6300 -1.0100 -0.4978 0.3122 -0.3333 9.36 -1.80 2.26 103 386 173 192 181 
0.6364 -0.4462 -0.4290 -0.4602 74.69 73.06 32.69 11.44 1.38 0.16 1.7400 3.0500 -2.8300 -0.5111 0.8878 -1.2211 9.32 -0.90 2.89 116 396 179 193 182 
0.5879 -0.4229 -0.3929 -0.5667 91.37 69.94 6.12 10.56 0.88 2.54 1.2100 0.9000 -0.7500 -1.8689 0.5011 -0.6556 9.16 -0.35 3.47 108 397 183 194 182 
0.5228 -0.4566 -0.3230 -0.6434 102.19 66.81 10.88 6.99 -2.00 6.17 -2.3100 -1.3800 2.4300 -1.3722 1.1944 0.0833 8.57 -1.13 4.61 119 398 185 196 182 
0.5211 -0.4443 -0.2316 -0.6910 106.12 58.00 17.37 6.71 -2.93 6.09 -1.7900 -1.2400 0.7100 -0.5333 0.1133 0.1889 8.22 -1.91 4.97 121 397 183 197 183 
0.5147 -0.4633 -0.1868 -0.6968 107.06 57.50 25.69 2.41 -1.18 4.54 -8.3200 1.9000 -0.8800 -1.6100 -0.5989 -0.8533 8.66 -2.26 3.98 160 300 188 216 193 
0.3693 -0.4939 -0.1723 -0.7681 137.06 60.25 -0.94 7.00 1.13 -1.51 1.2900 1.5300 -6.1500 2.5778 0.8800 -4.1144 7.46 3.45 5.33 176 254 276 280 211 
0.2195 -0.3153 -0.3939 -0.8350 147.37 45.81 -54.81 15.09 12.67 7.47 7.3800 7.1100 4.8500 3.0456 -0.8611 2.4622 7.91 5.30 2.33 187 187 223 225 186 
0.3786 -0.3527 -0.5337 -0.6689 113.37 66.25 -66.00 10.42 6.40 2.76 -0.0900 3.6300 0.8300 0.6733 -0.3989 3.9967 9.66 1.00 1.33 194 167 171 176 151 
0.5603 -0.4667 -0.4570 -0.5094 82.12 78.62 33.44 -1.32 1.15 5.02 -10.2600 2.6900 2.9700 -2.8700 -0.9056 0.1389 9.63 -1.58 0.91 198 169 178 178 152 
0.4505 -0.5751 -0.4010 -0.5527 109.81 87.19 178.94 14.31 3.60 -7.07 7.0500 3.1500 -7.3900 -1.6178 0.2689 -2.0522 9.63 1.46 -1.07 201 174 179 179 156 
0.2523 -0.6375 -0.4310 -0.5867 135.19 74.00 -133.62 12.54 2.32 -3.93 2.6900 0.4000 -1.0500 0.2089 -0.1811 0.3522 9.44 1.82 -1.91 200 175 181 182 158 
0.2510 -0.6394 -0.4265 -0.5884 133.62 75.31 -134.00 9.15 2.64 -1.22 -0.2100 0.9800 0.5200 -0.6111 1.3078 -0.5311 9.52 2.16 -0.85 198 181 187 195 167 
0.2343 -0.5862 -0.4068 -0.6603 145.19 71.62 -79.19 8.14 3.22 0.42 0.0300 -1.2200 -2.4400 -1.6956 6.3244 -3.3811 7.25 4.67 4.65 179 234 233 227 188 
0.2115 -0.1411 -0.3011 -0.9191 150.06 16.06 -33.00 6.65 7.27 5.54 5.2700 0.4700 -0.9100 4.1489 5.6933 1.2378 0.50 7.02 6.82 177 276 239 250 198 
0.3851 0.2040 -0.4240 -0.7939 124.37 3.12 -59.50 -1.68 13.40 10.37 -1.5200 3.9500 4.9500 0.4956 -3.2622 3.0300 3.76 8.20 3.83 178 229 240 246 193 
0.4404 -0.0299 -0.5831 -0.6820 109.75 44.00 -70.62 5.01 5.73 3.40 -2.9900 0.9800 1.8500 -1.1544 -3.0067 5.3178 9.38 2.82 0.41 190 177 195 187 156 
0.4986 -0.4356 -0.5477 -0.5116 92.25 85.87 -4.00 2.21 0.89 1.08 -8.5000 0.5200 0.3900 -3.1900 -0.8656 0.1867 9.79 0.39 -0.33 199 174 182 179 146 
0.3477 -0.6036 -0.4491 -0.5596 124.25 77.19 -142.44 13.48 2.58 -8.69 4.5600 1.1700 -6.2600 -0.6100 -0.5667 -1.1267 9.25 2.38 -2.17 200 176 192 183 147 
0.2094 -0.6527 -0.4449 -0.5764 138.75 69.62 -138.75 9.56 2.05 -2.56 0.2600 -0.0800 -0.0500 0.5333 -0.0800 0.1356 9.23 2.06 -2.56 199 179 194 183 149 
0.2313 -0.6517 -0.4465 -0.5679 134.81 71.56 -140.50 8.56 2.12 -2.53 -0.9400 0.1700 0.2800 0.1989 -0.0867 0.0511 9.31 1.85 -2.42 198 178 192 183 150 
0.2440 -0.6469 -0.4485 -0.5664 133.06 72.12 -141.12 9.73 2.27 -1.88 0.5700 0.6200 0.7900 -0.2833 0.2133 0.0089 9.35 1.84 -2.30 199 177 197 185 151 
;
