-0.0095 0.0714 -0.2402 -0.9680 181.06 -8.19 -27.87 -1.29 4.56 8.54 0.1000 0.0400 -0.0700 -0.0089 -0.0022 -0.0067 -1.40 4.54 8.57 166 359 354 401 214 
-0.0090 0.0724 -0.2406 -0.9679 180.87 -8.56 -27.94 -1.33 4.57 8.79 0.0000 -0.0100 0.2300 0.0000 -0.0500 0.0167 -1.47 4.55 8.55 165 356 350 400 215 
-0.0046 0.0654 -0.2466 -0.9669 179.37 -5.37 -31.62 -8.61 6.14 16.11 -3.1200 1.2000 9.5200 1.8844 -7.3744 2.5822 3.36 6.05 6.94 172 374 229 259 210 
0.0287 -0.3518 -0.3316 -0.8749 174.19 50.06 -46.69 14.40 6.57 -0.39 4.6400 2.1500 -7.3100 0.0978 -1.7589 4.1911 9.34 1.23 2.69 149 337 161 178 172 
0.2668 -0.6124 -0.1935 -0.7186 124.81 76.12 25.69 2.81 3.03 -4.25 -8.0300 3.9900 -6.0200 5.8167 1.1411 1.9778 8.96 -1.23 3.78 115 363 177 182 173 
0.6179 -0.4009 -0.3455 -0.5815 84.31 62.00 8.00 4.10 3.07 5.32 -3.4800 2.4300 -0.1000 0.5144 1.0689 -0.6111 8.30 0.00 5.21 123 364 174 187 173 
0.6475 -0.2931 -0.3506 -0.6099 88.44 51.00 -7.06 6.16 0.65 5.38 -1.6300 1.3200 1.0600 0.1933 0.1078 -0.5256 7.33 1.20 6.39 124 376 178 191 175 
0.6309 -0.2516 -0.3381 -0.6514 92.50 50.00 -11.13 8.45 3.27 5.52 0.7600 2.9600 -0.3500 -0.4656 0.0844 -1.0833 7.42 1.56 6.21 123 384 180 192 176 
0.5743 -0.2714 -0.3441 -0.6914 104.00 51.19 -15.56 10.54 2.57 1.35 3.0300 0.3100 -5.2600 -0.4111 -1.3989 1.1400 8.16 1.13 5.30 126 383 183 193 176 
0.5429 -0.3765 -0.3290 -0.6747 103.94 59.50 0.37 3.70 -4.38 8.24 -5.4100 -4.5400 3.1600 -1.6700 -0.5022 -0.0522 8.45 -0.63 4.93 134 376 183 196 177 
0.4700 -0.4449 -0.2231 -0.7289 118.94 58.19 10.75 4.45 -1.59 4.67 -2.5400 -0.8100 -0.2500 -2.4067 0.3611 -1.5044 8.12 -1.06 5.39 138 240 238 244 196 
0.2984 -0.4597 -0.0944 -0.8311 144.25 54.44 12.19 10.51 -2.70 4.33 2.5400 -2.5300 -3.4800 0.2022 1.1033 -1.2333 7.59 -0.63 6.17 99 221 243 255 195 
0.2286 -0.4315 -0.0926 -0.8678 148.81 56.06 2.06 10.12 -2.14 -1.41 1.7900 -1.6300 -7.0900 2.9522 -3.9711 0.6333 9.32 0.17 3.04 96 164 171 187 159 
0.3317 -0.5942 -0.3277 -0.6554 118.00 85.81 -177.44 13.64 5.66 -8.20 5.1000 7.0900 -4.9200 4.6433 -0.6644 -0.7256 9.60 0.41 -1.93 100 166 151 180 144 
0.4761 -0.5179 -0.5916 -0.3940 72.69 78.94 165.75 8.45 6.16 0.87 -2.5000 5.2800 2.5000 1.5144 -0.5000 1.1733 9.60 -1.19 -1.56 90 176 175 187 151 
0.5752 -0.4453 -0.6036 -0.3264 60.06 78.69 143.62 12.51 8.09 0.88 3.0500 8.0900 1.6400 -4.8333 1.9189 -2.2922 9.71 0.43 -1.25 83 178 181 189 152 
0.4258 -0.4993 -0.5438 -0.5231 108.81 78.69 -112.81 11.23 -0.25 -4.58 1.2900 -2.8900 -4.1300 -2.4589 0.6867 -1.0611 9.41 2.72 0.21 103 179 180 190 151 
0.3118 -0.5076 -0.4753 -0.6475 127.50 72.75 -91.12 10.02 -2.89 -5.39 1.3500 -3.9900 -2.7100 3.6711 -0.6033 -1.0811 9.18 3.09 -1.47 105 181 181 191 153 
0.3657 -0.4752 -0.6338 -0.4886 97.87 67.12 -145.06 11.49 14.96 7.83 -1.7700 5.1000 5.9800 -0.8489 0.8367 -0.5656 9.06 2.78 -2.49 114 205 204 226 181 
0.3516 -0.4285 -0.6261 -0.5484 122.69 60.31 -93.12 9.15 0.30 -2.39 2.8300 -5.5600 -3.3400 -0.3200 5.3633 -5.0089 5.59 7.51 2.88 170 241 238 248 191 
0.3322 -0.0502 -0.5803 -0.7419 128.12 30.44 -69.94 10.46 13.09 7.48 2.6700 3.2700 3.9100 -0.7900 -2.4200 4.8378 8.08 5.19 1.94 197 188 198 211 183 
0.4720 -0.3279 -0.5195 -0.6323 103.31 70.25 -37.25 2.50 3.78 4.18 -7.9000 2.0100 3.1800 -3.6567 -1.7767 2.6822 9.67 -1.01 1.24 200 161 175 184 158 
0.4378 -0.6043 -0.3375 -0.5738 110.87 82.62 92.00 12.41 1.32 -5.93 4.4200 3.2000 -5.1700 -1.5856 0.7956 -1.3756 9.80 -0.24 -0.04 201 163 178 185 158 
0.3341 -0.6378 -0.3318 -0.6095 121.31 87.19 178.44 9.51 -0.33 0.16 -0.0500 0.0300 0.6600 0.0911 0.0178 0.0467 9.79 -0.32 -0.38 200 170 179 186 158 
0.3441 -0.6281 -0.3367 -0.6113 121.50 89.12 179.25 10.02 0.38 0.26 0.0500 0.4200 0.4600 -0.2111 -0.0956 0.0022 9.80 -0.06 -0.11 200 171 182 188 159 
0.3441 -0.6227 -0.3439 -0.6127 121.62 89.62 179.81 10.11 0.11 0.18 -0.0800 0.1000 0.0800 -0.0789 -0.2733 0.2167 9.80 -0.04 -0.06 201 171 185 189 159 
;
