0.9691 0.1149 -0.1194 -0.1828 21.37 11.19 -15.81 1.93 2.54 9.52 -0.0400 -0.1000 0.0700 0.0956 -0.3256 0.1344 2.12 2.65 9.19 163 320 343 398 204 
0.9669 0.1136 -0.1465 -0.1752 19.94 15.13 -16.56 3.63 2.63 8.52 1.2000 -0.0700 -0.5800 -0.0467 -0.5156 -0.2011 2.95 2.77 8.93 163 320 341 399 206 
0.9615 0.1157 -0.1749 -0.1773 20.75 18.37 -17.19 1.96 2.74 12.14 -0.1600 0.2500 3.7100 -1.0389 -4.2644 0.3978 5.24 2.11 8.01 168 304 217 221 160 
0.8721 -0.0383 -0.4522 -0.1832 23.94 64.56 -3.62 12.98 -2.84 2.73 1.7800 -2.2200 -1.5800 1.7633 -5.8300 1.0633 9.78 -0.63 0.00 113 358 157 176 126 
0.6481 -0.1087 -0.7536 0.0168 348.94 76.00 124.06 4.35 -3.20 -5.38 -2.9400 0.3000 -2.5100 4.4933 2.8200 -1.4489 9.71 -1.20 0.59 112 387 163 183 136 
0.7167 0.1946 -0.6304 0.2258 322.44 79.44 -24.12 6.27 5.01 4.00 -3.0600 3.7800 1.6800 2.0444 0.5911 -0.9478 9.37 2.03 2.03 108 390 168 186 138 
0.7368 0.3495 -0.5124 0.2689 319.75 70.69 -46.50 8.81 3.67 2.11 -0.7100 1.2600 -0.1600 -0.7233 0.2800 -0.2378 9.20 2.37 2.41 112 392 167 187 140 
0.7587 0.3184 -0.5143 0.2416 326.31 68.56 -38.75 9.30 4.59 1.53 0.2200 2.3100 -1.4600 -1.6967 0.3600 0.2078 9.06 1.81 3.27 114 397 172 192 139 
0.8083 0.2113 -0.5136 0.1951 333.50 65.06 -16.44 7.68 0.76 1.95 0.1100 0.1000 -2.1000 -1.2722 1.0044 1.0256 8.59 -0.05 4.72 114 391 170 193 141 
0.8337 0.0865 -0.4863 0.2469 324.87 56.69 13.94 5.46 -2.93 9.21 -4.1100 -2.0700 3.5600 -0.9000 0.9322 1.8700 7.36 -2.87 5.79 119 381 170 192 142 
0.8293 -0.0289 -0.4515 0.3281 316.37 45.38 32.63 4.80 -4.40 7.13 -1.1900 0.1600 1.4000 -1.0267 0.2289 0.4767 6.72 -4.40 5.60 150 366 190 201 154 
0.8207 -0.1265 -0.4526 0.3248 316.50 40.13 45.19 5.40 -4.59 6.27 -0.7900 0.8000 1.1200 -1.1733 0.0800 0.9878 5.91 -6.28 4.65 144 329 176 196 138 
0.7756 -0.2428 -0.4772 0.3342 311.37 34.69 61.00 5.80 -5.94 3.93 -0.1400 1.1500 0.4800 -1.1789 -1.4533 1.7922 5.06 -7.90 2.82 128 323 175 192 137 
0.6551 -0.3118 -0.5504 0.4132 292.75 25.69 79.94 5.37 -12.59 -5.04 1.2100 -4.0600 -5.1400 0.1511 -0.2400 0.4622 3.90 -8.89 1.35 131 331 177 193 138 
0.6277 -0.3256 -0.5495 0.4449 289.44 23.81 75.00 4.12 -11.50 -3.28 0.3600 -2.2400 -6.9400 3.3889 1.0111 -0.2422 3.86 -7.64 4.76 130 350 185 194 139 
0.7427 -0.1700 -0.3661 0.5343 289.37 19.75 32.38 -2.18 12.88 24.07 -4.1200 16.6900 16.3900 -0.6022 0.8111 -0.3367 2.88 -4.05 8.45 131 357 179 198 140 
0.7977 -0.1416 -0.2756 0.5174 294.19 17.50 35.06 2.78 -6.88 5.17 -0.1300 -1.0200 -1.4800 -0.7511 0.0133 -0.1778 3.09 -5.87 7.21 144 357 190 201 148 
0.7845 -0.1861 -0.3366 0.4864 299.56 22.06 43.63 -3.36 -4.20 6.71 -8.1800 1.7800 -0.3200 -3.0200 -0.0633 -4.0822 5.32 -6.36 5.22 160 322 222 225 173 
0.8391 -0.2281 -0.4642 0.1686 349.62 50.50 40.75 7.58 -0.73 -1.66 1.2100 4.1300 -6.7700 1.5300 0.3089 -4.8700 8.16 -0.23 5.43 163 320 298 297 192 
0.8902 0.0452 -0.4360 -0.1240 15.75 45.31 -23.00 10.60 7.49 8.30 1.6600 3.0800 2.6400 1.6044 2.6544 -0.0211 5.52 3.89 7.10 170 340 313 391 204 
;
0.9647 0.1181 -0.2105 -0.1056 12.44 22.44 -17.12 3.81 2.57 8.66 0.0200 -0.1300 -0.0300 0.0078 -0.0244 0.0011 3.76 2.66 8.65 159 338 332 357 205 
0.9644 0.1176 -0.2122 -0.1057 12.50 22.56 -17.06 3.78 2.53 8.61 0.0300 -0.1300 -0.0100 0.0022 -0.0144 0.0000 3.77 2.65 8.65 158 340 330 358 205 
0.9643 0.1172 -0.2126 -0.1057 12.50 22.62 -17.06 3.78 2.51 8.55 0.0400 -0.1700 -0.0500 0.0022 -0.0189 -0.0078 3.79 2.65 8.64 160 338 331 357 205 
0.9641 0.1167 -0.2138 -0.1057 12.50 22.75 -17.00 3.84 2.48 8.63 0.0300 -0.1000 0.0300 0.0067 0.0067 -0.0033 3.80 2.64 8.64 159 340 330 357 205 
0.9638 0.1166 -0.2153 -0.1057 12.56 23.81 -17.37 2.37 2.85 9.68 -3.1200 0.2000 2.7200 0.3289 -4.9033 0.3478 6.15 2.69 7.13 165 342 268 261 194 
0.8620 0.0630 -0.4849 -0.1336 19.12 62.81 -26.69 16.35 1.54 0.83 4.9500 -1.8000 -3.0900 0.8344 -4.6889 1.9944 9.76 0.65 0.57 120 371 162 186 167 
0.6874 -0.0342 -0.7255 0.0020 351.19 83.56 174.31 4.92 -0.99 -4.64 -6.3300 1.1800 -2.8700 4.8322 1.6489 0.4600 9.66 -1.28 1.03 118 392 170 193 168 
0.7272 0.1547 -0.6182 0.2551 318.12 76.69 13.44 6.51 3.52 3.42 -2.1500 3.6600 0.5200 1.3767 0.5033 -0.7333 9.42 0.33 2.67 118 390 169 196 168 
0.7423 0.2612 -0.5391 0.3001 317.06 72.31 -14.25 9.38 2.63 2.36 0.0600 1.6900 -0.5900 -0.5344 0.1722 -0.1556 9.24 0.81 3.17 117 393 181 197 171 
0.7808 0.2222 -0.5224 0.2607 325.44 67.06 -9.69 8.76 2.04 2.69 -0.1400 1.5000 -1.1500 -1.4756 0.8978 0.0833 8.74 0.19 4.44 119 401 182 197 171 
0.8303 0.1093 -0.4965 0.2283 327.12 59.56 10.94 8.17 -2.53 1.99 0.4400 -0.8800 -0.6700 0.6567 1.0144 2.2267 7.90 -2.15 5.39 120 374 178 200 171 
0.8209 0.0207 -0.4500 0.3510 313.19 46.56 27.19 3.73 -5.08 9.50 -3.0700 -1.8900 2.7200 -1.0356 0.2467 0.3478 6.78 -3.76 5.99 126 374 186 202 172 
0.8269 -0.0698 -0.4431 0.3392 316.87 42.75 35.69 5.44 -3.92 5.90 -0.8900 0.2900 -0.0400 -1.0311 0.1100 0.0367 6.56 -4.61 5.64 162 360 199 206 176 
0.8322 -0.1510 -0.4481 0.2895 323.31 40.13 45.56 3.59 -4.79 7.15 -3.3400 1.0500 1.7000 -2.4900 -0.7511 0.9022 6.07 -6.56 4.00 146 325 185 191 155 
0.7714 -0.2919 -0.5028 0.2589 321.25 38.88 68.81 8.28 -8.91 -1.99 2.2400 -2.4000 -5.7900 -0.8567 -1.3356 1.1711 5.75 -7.77 1.59 136 326 184 191 154 
0.7024 -0.3259 -0.5442 0.3230 308.94 32.69 74.31 6.72 -10.54 -4.90 1.3500 -1.6400 -6.7000 3.4100 0.8489 0.8889 4.52 -7.39 4.58 139 333 186 192 157 
0.7681 -0.1830 -0.3801 0.4816 294.69 21.94 36.31 -0.88 6.10 15.05 -3.8500 11.8500 9.6400 1.5489 0.2422 0.2822 3.24 -3.98 8.35 143 346 189 196 158 
0.8002 -0.1080 -0.2733 0.5228 294.81 19.31 32.06 2.62 -5.31 6.19 -0.1700 -0.2200 -1.4500 -1.3867 -0.4500 -0.1544 3.55 -5.88 6.99 151 347 193 200 163 
0.7822 -0.1868 -0.3687 0.4662 299.94 25.44 45.56 0.16 -5.21 6.21 -4.9500 1.1300 -0.2200 -2.4089 0.9100 -4.5511 6.06 -5.62 5.25 165 328 210 214 181 
0.8597 -0.1650 -0.4620 0.1420 351.87 52.88 27.56 12.05 2.15 -0.82 4.0800 3.4300 -6.3500 1.9411 2.2811 -4.1144 7.33 0.86 6.44 163 324 302 307 193 
;
