0.7886 -0.0460 -0.1782 -0.5867 73.25 19.56 -8.31 3.30 1.43 9.15 -0.0200 0.0900 0.0100 -0.0033 0.0000 -0.0011 3.29 1.33 9.13 166 335 348 412 212 
0.7886 -0.0464 -0.1787 -0.5865 73.25 19.69 -8.31 3.30 1.38 9.11 -0.1200 0.1500 0.0900 -0.1044 -0.1067 0.1089 3.41 1.23 9.10 167 326 315 387 214 
0.7950 -0.1091 -0.1844 -0.5676 67.94 27.87 8.44 16.04 -5.64 13.06 6.7800 -5.3600 1.2100 -2.5122 -6.4044 4.0656 6.55 -5.08 5.23 148 325 204 210 156 
0.7964 -0.4631 -0.3237 -0.2159 17.37 46.31 65.62 2.89 -3.90 0.24 -2.7700 3.5200 -4.3600 5.2922 -5.5656 0.7689 7.33 -6.16 2.10 102 380 168 177 137 
0.7911 -0.2085 -0.5434 0.1882 329.25 52.94 53.94 7.56 -0.44 3.85 -2.1600 2.7600 0.3600 2.8144 -0.2644 -0.8678 8.37 -2.90 4.19 104 397 173 182 143 
0.7919 0.0781 -0.5256 0.3010 318.44 62.19 18.19 8.42 1.90 4.75 -0.1400 3.4100 0.8500 0.9378 -0.9400 0.0489 8.87 -1.03 4.03 98 398 169 185 142 
0.7792 0.1398 -0.5254 0.3117 317.00 64.44 15.25 8.38 -0.72 3.23 0.1000 0.9300 -0.3500 -0.7922 0.3900 -0.4322 8.75 -1.11 4.27 103 399 174 190 145 
0.8143 0.0916 -0.5121 0.2574 326.37 60.63 13.44 8.69 1.32 3.22 0.3300 2.3300 -1.5900 -1.5211 1.3022 -0.3378 8.03 -1.52 5.41 104 402 176 193 145 
0.8651 -0.0099 -0.4591 0.2021 332.87 50.19 23.50 8.34 -4.00 3.29 1.1300 -1.8100 -2.6300 -0.3778 -0.3578 3.3811 6.56 -4.60 5.64 106 384 179 197 149 
0.8372 -0.1783 -0.4043 0.3223 318.50 29.62 44.38 1.45 -7.77 7.80 -2.6000 -1.3900 1.2000 -2.5689 2.0956 0.2033 3.66 -7.22 5.52 123 328 197 219 173 
0.8344 -0.4201 -0.2903 0.2074 341.56 14.38 65.37 4.50 -8.40 -2.83 1.0000 -0.7700 -8.1000 -5.5522 14.4733 -0.7978 0.53 -9.72 1.11 163 285 303 346 201 
0.5338 -0.6679 0.4047 -0.3245 81.19 2.19 113.81 -2.49 -10.54 -3.26 -0.8200 0.3400 1.5500 -2.7889 0.3378 -0.4300 0.50 -7.52 -6.26 162 294 320 359 196 
0.2886 -0.7106 0.5762 -0.2825 89.62 5.00 133.25 1.31 -8.76 -9.47 -0.5400 -1.3900 -2.5000 0.2467 0.3989 -0.4600 1.24 -7.16 -6.58 160 301 323 362 198 
0.2851 -0.7246 0.5520 -0.2982 91.37 5.87 130.81 -0.09 -6.72 -11.91 -1.2100 0.4300 -7.0600 1.9867 0.1278 0.8578 0.58 -8.38 -5.05 159 304 319 331 199 
0.4905 -0.5938 0.4623 -0.4393 86.00 6.19 80.44 3.03 4.89 14.49 3.2500 16.3600 16.8600 2.8811 -0.0511 0.1944 1.31 -8.60 4.51 158 305 317 313 199 
0.6102 -0.4603 0.3123 -0.5641 83.62 7.75 72.56 2.32 -6.05 5.93 -0.3200 3.0900 2.2100 -5.5867 -0.8133 1.1767 0.60 -9.73 -0.97 161 301 314 323 196 
0.4252 -0.6656 0.5175 -0.3290 75.44 -1.19 125.87 -1.52 -7.47 -15.41 -3.1600 1.5000 -8.6600 -0.6578 -0.1789 0.0644 -0.38 -6.77 -7.08 159 304 320 335 198 
0.3021 -0.7075 0.5903 -0.2443 79.75 0.06 131.50 -0.80 -5.82 -8.49 -0.9000 0.9800 -3.6600 2.5489 0.6100 -0.1956 0.51 -8.51 -4.84 154 299 308 312 198 
0.5400 -0.5662 0.3710 -0.5002 94.25 17.25 61.19 4.40 7.30 16.50 1.8200 13.6100 12.2000 0.4356 0.1044 0.1433 2.98 -7.23 5.91 163 300 311 310 199 
0.6099 -0.4228 0.1997 -0.6399 91.50 17.06 59.00 2.92 -6.29 6.42 0.0700 2.2200 1.6100 -4.3922 -1.8611 1.5667 2.32 -9.38 1.65 162 289 298 301 193 
0.5120 -0.6295 0.3986 -0.4276 75.19 3.19 105.25 -0.30 -8.48 -6.42 0.0200 1.0500 -2.1600 -3.8633 -1.5733 2.2144 -1.46 -8.18 -5.20 148 294 295 300 185 
0.4053 -0.7168 0.5398 -0.1747 43.44 -11.63 128.37 -1.92 -6.35 -6.02 0.0000 0.9000 0.4500 -0.1889 0.8211 -0.5300 -1.54 -7.70 -5.87 147 292 285 288 186 
;
0.4255 -0.7241 0.5076 -0.1922 49.94 -8.13 124.06 -1.36 -8.54 -4.91 0.1900 -0.4300 0.3600 0.2244 -0.0311 -0.0144 -1.34 -8.11 -5.33 147 291 287 290 187 
0.4354 -0.7232 0.4949 -0.2061 50.25 -7.62 122.50 -1.01 -8.13 -4.64 0.0000 0.1800 0.4200 -0.0567 0.0900 0.0367 -1.29 -8.20 -5.21 147 291 290 295 187 
0.4404 -0.7227 0.4906 -0.2075 50.44 -7.56 122.00 -1.44 -8.43 -4.66 -0.3100 -0.0800 0.4100 0.1889 -0.1511 -0.1989 -1.24 -8.31 -5.05 148 290 281 281 185 
0.4668 -0.7392 0.4365 -0.2124 43.25 -2.37 114.31 -5.28 -11.73 -13.52 -4.0200 -2.6400 -15.3900 9.6211 -15.1933 -8.0611 4.18 -8.86 0.20 95 371 167 191 158 
0.7312 -0.4503 -0.4966 0.1259 334.69 44.63 81.19 8.94 -1.50 -1.92 -1.4200 4.6700 -5.4900 5.9278 -2.2589 -3.1711 8.59 -4.33 1.88 93 379 174 193 155 
0.7563 -0.0536 -0.6172 0.2103 328.19 67.81 49.31 12.41 2.76 2.18 2.0600 4.9000 0.3100 0.5733 0.7467 -0.7222 9.12 -2.04 2.94 94 381 166 199 154 
0.7804 0.0410 -0.5830 0.2223 329.87 67.50 31.87 9.15 -0.95 2.59 1.2100 1.5700 -0.1600 -0.7044 0.3856 -0.0867 8.96 -2.12 3.35 95 379 176 199 155 
0.8008 -0.0140 -0.5693 0.1857 335.25 63.44 35.00 7.66 -1.70 2.85 -0.7800 1.3400 -0.3400 -1.2233 0.7978 -0.2600 8.59 -2.84 3.76 97 384 177 199 156 
0.8243 -0.1068 -0.5405 0.1307 342.62 58.06 40.13 7.94 -2.24 2.72 0.6400 1.2400 -1.4600 -1.1489 0.6444 1.0511 7.86 -4.25 4.01 97 381 178 201 156 
0.8217 -0.2045 -0.5037 0.1714 333.37 46.25 53.25 3.89 -7.83 5.95 -3.3500 -2.3200 3.0700 -0.9444 0.8211 1.3589 6.18 -6.43 4.06 97 381 181 207 160 
0.8080 -0.3132 -0.4482 0.2194 330.00 34.44 62.25 6.81 -6.46 4.61 1.7400 1.2200 0.8200 -2.6233 1.7767 0.9056 4.65 -8.10 2.96 112 339 203 223 176 
0.7840 -0.5161 -0.3218 0.1243 349.25 16.00 76.94 3.87 -6.21 -5.38 2.0000 2.8900 -7.3200 -7.0589 14.2256 3.0778 -0.04 -9.72 -1.29 166 299 302 330 204 
0.4586 -0.7274 0.4448 -0.2504 68.50 -2.94 125.87 -4.18 -7.06 -9.12 -5.7000 -0.0300 -2.9300 -1.2311 -0.3233 0.2422 -0.87 -6.83 -6.98 163 301 320 353 202 
0.3154 -0.6968 0.6093 -0.2090 66.62 -5.19 135.06 -0.94 -6.92 -11.39 0.6300 0.8500 -4.2800 1.1044 1.2256 0.0222 -0.40 -7.29 -6.54 164 313 336 366 203 
0.3571 -0.6653 0.5914 -0.2831 80.75 -1.44 118.25 -0.97 -7.38 -10.77 -3.5700 5.6800 -1.2800 9.9578 -2.1411 -1.0922 0.80 -9.36 2.80 165 317 330 339 205 
0.6229 -0.4106 0.3007 -0.5941 86.62 6.44 60.75 3.56 -5.01 12.44 1.9200 2.4900 5.6500 -2.1689 -0.5200 0.6778 0.93 -9.15 3.38 164 315 323 324 201 
0.5946 -0.5120 0.3824 -0.4879 76.50 0.13 86.87 -1.75 -7.20 -2.51 -1.1000 2.9300 -2.0200 -4.5544 -0.2578 0.9178 -0.78 -9.33 -2.89 164 308 319 337 201 
0.4330 -0.6478 0.5624 -0.2766 62.50 -8.13 121.62 -3.48 -7.10 -9.45 0.3800 -0.5100 -3.7000 -0.2256 0.8000 -0.0433 -1.03 -7.89 -5.72 165 312 319 344 203 
0.3765 -0.6705 0.5797 -0.2695 73.50 -3.44 124.56 -1.87 -7.73 -12.19 -0.4800 -1.6700 -8.7000 5.8511 -0.3544 -0.4989 -0.15 -9.66 -1.66 165 315 324 330 203 
0.6096 -0.4641 0.3312 -0.5507 85.37 7.31 61.94 0.29 -3.51 12.99 -0.9200 4.7400 7.0300 -0.2533 -1.5544 0.3378 1.39 -8.34 4.95 164 309 316 314 203 
0.6245 -0.4483 0.2964 -0.5667 82.87 8.13 68.62 2.38 -7.38 4.76 0.8600 1.8900 1.2100 -3.7367 -0.7733 1.1322 0.89 -9.71 0.99 165 299 303 299 200 
0.5493 -0.6033 0.4138 -0.4039 68.50 -0.56 100.19 -1.29 -8.91 -4.78 -1.3200 0.4200 -2.2100 -3.4389 -0.9611 1.9678 -1.59 -8.73 -4.17 141 264 286 272 187 
;
