0.9272 0.0043 -0.2696 -0.2599 31.31 29.81 -9.81 4.81 1.46 8.40 -0.0500 0.0300 0.0400 -0.0011 -0.0078 -0.0011 4.87 1.45 8.38 162 330 324 366 208 
0.9272 0.0043 -0.2695 -0.2599 31.31 29.81 -9.81 4.73 1.40 8.58 -0.4000 0.1300 0.2100 0.1678 -0.4856 -0.0300 5.27 1.64 8.10 163 330 321 367 210 
0.8784 0.0321 -0.4073 -0.2481 32.00 50.38 -26.56 13.04 5.49 10.75 8.8200 1.5500 3.1600 -1.4867 -4.6056 1.8267 9.33 1.51 2.58 165 368 217 220 188 
0.7154 -0.1649 -0.6653 -0.1356 11.44 78.94 98.37 3.35 0.14 -10.28 -6.4900 1.8700 -8.9200 6.8489 -0.0222 0.4356 9.28 -3.08 0.66 108 398 169 183 152 
0.7663 0.0146 -0.6140 0.1887 328.00 70.19 19.62 3.44 3.37 3.58 -4.7500 4.4500 0.3800 3.6311 0.6333 -1.3944 9.10 1.01 3.51 111 403 170 190 158 
0.7682 0.2928 -0.4956 0.2800 319.37 68.06 -30.06 9.31 4.99 2.14 0.3700 2.7900 -1.1300 0.3300 -0.1944 -0.0700 9.07 2.12 3.03 110 400 171 193 158 
0.7714 0.3126 -0.4872 0.2643 323.56 65.94 -34.31 8.81 4.09 2.36 -0.2100 1.8200 -1.0500 -1.4667 0.1478 -0.7367 8.76 2.36 3.71 111 404 173 195 158 
0.8231 0.2371 -0.4841 0.1788 336.56 61.44 -24.25 9.26 2.76 2.53 0.6900 0.8500 -2.0000 -1.7356 1.2511 0.3833 8.31 0.93 5.11 117 395 183 196 160 
0.8486 0.1133 -0.4719 0.2104 327.87 58.50 6.06 5.13 -3.43 9.91 -4.4900 -1.0200 6.0900 -0.7122 -0.0611 2.6189 8.13 -2.65 4.79 146 375 214 228 188 
0.7980 0.0114 -0.5104 0.3202 316.31 56.56 36.25 -0.82 -1.36 4.78 -7.0200 2.1900 -1.6400 -2.9378 -1.2133 -1.5556 9.05 -3.07 2.16 166 256 289 320 198 
0.7761 0.0195 -0.6183 0.1227 348.69 72.50 -11.25 18.73 3.36 3.62 6.4600 3.3000 3.1400 4.4122 0.3089 -1.5633 8.76 3.54 2.59 186 308 323 354 204 
0.7485 0.2610 -0.5910 0.1497 330.81 84.44 -2.75 6.13 2.14 3.02 -5.0900 2.8700 2.3400 -3.4756 -4.6844 7.1922 8.41 -4.18 -2.78 195 304 330 371 209 
0.4426 -0.2033 -0.8513 0.1951 321.56 36.25 145.62 4.47 -0.83 -7.79 -1.7000 2.5800 -2.6700 -4.5467 -2.8456 1.7733 3.86 -1.91 -8.80 193 284 289 386 224 
0.1796 -0.4299 -0.8837 -0.0445 52.00 20.50 175.06 3.92 -0.01 -11.84 0.8400 -0.4700 -1.7300 0.3222 -0.3478 0.1500 3.28 -0.99 -9.18 192 295 287 387 224 
;
