0.0193 0.0440 0.2925 0.9550 182.25 4.12 -34.19 0.77 5.36 8.18 0.0400 -0.1100 0.1100 -0.0033 -0.0089 -0.0022 0.70 5.49 8.09 152 355 351 381 211 
0.0189 0.0434 0.2919 0.9553 182.12 4.06 -34.06 0.74 5.40 8.29 0.0100 -0.0900 0.1300 0.0000 -0.0289 0.0067 0.71 5.47 8.10 153 351 350 381 211 
0.0178 0.0444 0.2911 0.9555 182.19 4.69 -33.94 -0.54 5.93 10.73 -1.7300 0.3600 3.0200 -1.3822 -4.1011 0.1022 2.81 4.90 8.00 160 300 230 248 203 
0.0895 0.3915 0.2141 0.8904 197.06 59.69 -50.69 18.49 0.36 -0.03 7.8400 -3.8600 -2.4000 4.2111 -12.9389 5.7256 7.53 -0.47 -6.26 177 244 134 144 140 
-0.2155 0.9274 0.0013 0.3056 86.19 30.37 140.56 -1.58 -0.52 -5.15 -5.7300 7.4400 -0.7200 3.1367 0.3244 1.6100 4.07 -7.65 -4.58 116 272 160 150 141 
-0.4855 0.8279 -0.0294 0.2795 60.19 26.50 111.69 3.11 -8.27 -11.84 -0.0100 -2.1700 -12.5200 5.0289 0.2300 1.4367 3.78 -9.04 0.00 113 284 165 156 146 
-0.7706 0.5715 0.0046 0.2820 39.75 17.75 54.50 -3.04 15.27 17.55 -3.9500 21.8500 14.7400 2.7422 0.9178 -0.0022 2.50 -5.30 7.85 117 299 169 157 152 
-0.8848 0.3397 0.0315 0.3176 40.63 16.81 40.00 4.66 -7.75 3.76 1.3800 -0.3300 -1.4500 -1.3889 0.1667 -0.5344 3.11 -6.72 6.42 143 289 195 183 190 
-0.7863 0.4636 -0.0291 0.4075 70.69 20.25 57.31 5.38 -7.71 1.30 4.1900 -0.3600 -2.3300 -7.6133 8.2289 -6.7778 4.59 -7.93 3.48 153 292 318 347 206 
-0.0400 0.2246 -0.5022 0.8341 183.69 13.31 69.81 7.19 -6.01 6.99 2.4800 3.9900 0.6100 -5.0822 1.8744 0.8433 1.15 -9.73 0.19 151 287 288 306 198 
0.0680 -0.0179 -0.7473 0.6608 191.62 4.25 101.31 -3.54 -8.39 -12.96 -5.9100 1.4600 -13.1900 0.5244 0.8456 -1.1033 1.39 -9.42 -2.33 150 281 304 350 201 
0.1649 0.0410 -0.7115 0.6818 211.94 21.44 77.87 3.21 6.36 17.88 4.4500 17.0500 30.1900 0.8911 1.3189 1.3489 3.23 -8.01 4.64 153 259 319 338 202 
0.2184 0.0405 -0.5497 0.8053 207.37 16.81 70.37 3.70 -6.62 3.75 -0.4100 3.0800 -2.4800 -3.3456 -1.4678 1.5233 2.06 -9.55 0.73 148 266 309 324 199 
0.0925 0.0319 -0.7224 0.6845 193.75 10.00 94.50 -10.25 -15.57 -28.81 -8.9900 -4.6100 -22.4000 5.1078 1.0100 -2.7233 3.18 -8.94 2.46 159 275 318 332 202 
0.2505 0.0892 -0.4875 0.8316 214.87 24.44 53.50 6.96 1.45 17.29 2.3100 7.5200 9.6000 0.5089 -0.2300 0.6467 3.65 -7.15 5.61 155 272 309 336 201 
0.2255 0.0961 -0.4694 0.8483 207.94 21.12 56.81 5.23 -5.01 8.25 1.5600 1.8700 3.8900 -3.0089 -0.3789 1.0400 3.06 -8.78 3.09 154 280 305 332 205 
0.1362 0.0519 -0.6548 0.7416 199.19 12.25 88.06 0.42 -7.68 -4.73 -1.8300 2.1000 -4.4500 -3.1378 -1.0756 1.4167 0.96 -9.52 -2.10 149 270 295 281 200 
0.0167 -0.0021 -0.8199 0.5723 180.75 0.13 112.37 -2.77 -9.23 -6.58 -2.3600 1.1600 -2.0600 0.0633 -0.1067 -0.5978 0.19 -9.06 -3.74 152 278 299 289 201 
0.0035 0.0249 -0.8234 0.5669 181.50 2.62 109.94 0.82 -7.42 -6.44 -0.7300 1.3600 -6.5000 0.3133 1.8478 -0.3222 1.01 -9.24 -3.09 158 284 296 283 203 
0.1053 -0.0056 -0.7761 0.6217 204.69 11.81 87.56 -0.59 6.52 19.62 4.1600 18.6100 35.4800 2.6733 2.3378 0.0811 2.38 -7.93 5.23 161 287 296 282 203 
0.2196 0.0188 -0.4987 0.8383 207.31 14.44 61.69 2.86 -5.41 7.99 -0.4500 2.8000 2.5300 -2.4622 -1.0700 1.5400 1.84 -9.25 2.66 160 276 301 286 202 
0.1063 0.0180 -0.6518 0.7507 193.19 7.62 88.12 -1.75 -5.48 -7.44 -5.9300 1.9800 -10.0000 -2.4667 -3.2711 0.2333 0.39 -9.48 -2.45 161 280 281 285 202 
0.0334 0.0075 -0.8060 0.5909 194.00 7.31 99.50 0.23 -5.94 -4.94 -1.1400 2.4100 -3.4300 5.7722 3.1356 -1.5000 2.50 -9.12 2.57 164 287 306 294 203 
0.2307 0.0273 -0.5256 0.8184 212.44 16.81 61.13 4.92 -4.40 6.94 0.4300 3.4200 0.9400 0.4311 -0.5144 0.4056 2.81 -8.27 4.44 164 283 304 294 203 
0.2053 0.0433 -0.5242 0.8254 206.37 16.56 62.94 3.08 -6.43 0.34 0.4700 2.1400 -4.2700 1.8200 -1.0767 0.6067 2.81 -8.05 4.84 155 281 294 287 202 
0.1198 0.1082 -0.4377 0.8845 193.31 18.69 45.38 4.05 -3.34 0.85 0.9100 2.6500 -5.8900 5.5633 -0.2733 -0.8689 3.79 -3.45 8.35 153 289 300 300 204 
;
