0.5953 0.1201 0.1281 0.7841 254.44 2.00 -20.69 0.32 3.57 8.14 -0.1700 0.1100 -1.0300 0.6244 0.4944 0.0667 0.07 3.90 8.99 169 312 307 320 208 
0.5970 0.1276 0.1699 0.7736 255.69 0.00 -24.56 0.75 4.50 8.84 0.7600 0.2300 -0.1600 -0.1111 -0.1378 0.0911 0.13 4.01 8.94 170 315 311 325 207 
0.6057 0.1297 0.1636 0.7678 257.19 -0.06 -24.12 -0.88 4.00 9.78 -0.5700 0.4000 1.1500 -0.6478 -1.9178 -0.4078 1.10 3.53 9.07 170 297 289 289 207 
0.6734 0.1786 -0.0108 0.7173 270.06 23.87 -10.81 6.33 -3.35 7.94 2.3500 -4.5200 0.0300 2.3011 -10.8000 -0.5578 8.73 2.42 3.73 170 319 207 214 197 
0.3953 0.6542 -0.4531 0.4587 243.62 54.81 173.12 7.24 2.03 -7.30 -0.1300 4.1200 -0.3200 3.5778 -4.8256 1.8756 4.31 -3.79 -7.94 115 300 159 166 143 
-0.0985 0.7478 -0.5731 0.3203 253.06 20.56 140.94 2.19 -1.68 -9.46 -0.4700 4.5700 -2.9200 4.2833 -0.7733 -0.5078 3.25 -7.82 -4.92 108 315 173 176 149 
-0.3582 0.7042 -0.4278 0.4390 94.94 15.31 104.44 4.67 -4.95 -11.99 3.4200 8.4300 -3.7600 7.6444 2.7944 -2.0133 2.75 -8.82 3.26 112 334 183 182 157 
-0.6075 0.4375 -0.2189 0.6258 91.62 16.25 54.81 -0.07 -0.22 14.55 -2.0800 5.0700 6.0500 -2.6244 0.6433 -0.8489 2.92 -8.28 4.35 114 337 184 184 158 
-0.5062 0.4914 -0.3032 0.6406 106.56 19.56 73.62 9.08 -7.43 0.28 6.8900 1.2500 -3.2300 -5.2189 8.3233 -1.3000 3.44 -9.13 0.94 165 365 212 213 177 
0.0248 0.2102 -0.6254 0.7510 200.00 18.50 82.00 -1.77 -7.19 -6.65 -5.8300 1.2100 -6.2000 -1.8211 7.0356 0.4533 1.86 -9.59 0.77 202 392 198 206 176 
0.4415 -0.2491 -0.5865 0.6318 253.62 11.69 73.81 1.28 -3.34 2.98 -0.7400 6.5200 -0.0500 3.6722 0.4356 -1.0389 2.04 -8.00 5.27 206 397 197 203 176 
0.5776 -0.1776 -0.3610 0.7103 255.75 9.19 41.00 9.81 -3.89 11.59 6.4600 1.1800 4.1600 3.2733 -1.7589 2.4011 1.65 -4.50 8.55 203 399 200 203 177 
0.4352 0.0270 -0.2119 0.8746 224.56 18.25 18.12 6.52 -5.67 24.00 0.8700 -3.3200 17.4600 -0.6433 -0.7011 5.0344 3.94 -3.66 8.19 206 399 206 206 178 
0.1232 0.2020 -0.2949 0.9258 191.94 25.31 39.81 -2.21 -1.16 10.07 -6.9200 5.7000 3.1200 -2.9944 0.3289 0.7689 3.27 -7.53 5.36 204 398 203 207 179 
0.1229 0.1098 -0.5192 0.8386 202.44 18.19 66.31 -0.82 0.68 3.65 -2.2600 8.9600 -0.9300 -1.8656 2.6011 -2.4333 3.91 -8.47 2.99 206 401 204 208 179 
0.3995 -0.0159 -0.5679 0.7195 242.31 25.87 64.12 9.25 -0.82 1.39 6.3300 6.2200 -2.2000 2.3889 2.4667 -2.3100 4.63 -6.18 6.03 206 401 205 207 178 
0.5794 0.0311 -0.3744 0.7233 256.62 27.87 31.06 10.83 -4.08 9.27 6.3600 -0.7100 2.8800 3.4867 -0.6878 1.1833 4.67 -2.55 8.23 205 397 206 206 179 
0.4948 0.1511 -0.2308 0.8240 240.37 29.87 14.63 2.77 -3.96 12.63 -2.4800 -1.0200 3.5000 -0.2233 -0.2011 0.4989 5.23 -2.28 7.97 203 400 203 209 179 
;
