0.7645 -0.0623 -0.1168 -0.6309 79.00 14.88 -3.06 2.47 0.47 9.54 -0.0400 -0.0100 0.1000 0.0011 0.0000 -0.0011 2.51 0.51 9.46 163 381 361 410 217 
0.7645 -0.0622 -0.1166 -0.6309 79.00 14.88 -3.06 2.45 0.46 9.49 -0.0200 -0.0400 0.0400 -0.0044 0.0089 -0.0011 2.53 0.50 9.46 161 382 362 408 217 
0.7646 -0.0629 -0.1169 -0.6307 79.00 14.94 -3.00 2.12 0.50 9.60 -0.6900 -0.0400 0.2000 -0.4300 -0.5100 0.1178 2.77 0.22 9.40 160 339 325 362 216 
0.7556 -0.1399 -0.1201 -0.6286 79.62 27.81 11.00 6.83 -5.55 11.72 2.8400 -4.6600 3.3100 -1.8900 -9.8389 2.5800 7.78 -4.44 3.98 157 265 150 152 132 
0.5922 -0.6276 -0.4578 -0.2142 14.75 40.44 123.87 6.60 -6.86 -7.40 0.9600 3.2200 -3.2100 8.0878 -6.5433 1.4233 2.83 -9.15 -2.05 113 287 142 168 136 
0.5624 -0.4315 -0.5385 0.4556 276.75 10.88 80.37 1.43 -1.99 7.36 -1.1600 6.9100 4.6300 0.5189 0.5489 -0.0033 1.67 -9.30 2.61 120 304 151 171 137 
0.5850 -0.3784 -0.4882 0.5256 276.62 10.25 77.94 3.12 -10.01 1.11 1.0400 -2.0600 -2.8100 -1.0100 0.6189 -0.1789 1.87 -9.53 1.32 121 315 155 173 140 
0.6047 -0.4011 -0.4825 0.4905 282.12 10.69 69.12 2.45 -6.43 -10.12 -0.9000 12.2100 -3.8200 8.6133 1.4167 -0.7989 1.47 -4.81 8.41 125 370 155 177 142 
0.7617 -0.1155 -0.1915 0.6082 284.69 7.31 28.94 0.49 -6.25 5.21 -0.5800 -2.9400 -3.4500 -1.6600 -0.3600 0.2556 1.27 -6.02 7.63 127 371 160 180 142 
0.7498 -0.2358 -0.2662 0.5580 287.69 8.13 42.31 2.00 -2.66 10.03 0.6800 4.2400 2.6000 -2.3044 0.3689 -0.6122 1.56 -7.51 6.10 152 360 178 198 165 
0.7341 -0.3685 -0.3405 0.4576 299.12 9.44 65.25 4.97 -8.93 0.83 4.2000 -0.0600 -3.4000 -4.0367 3.6467 -1.0767 1.72 -9.52 1.58 164 318 282 289 198 
0.6860 -0.6539 -0.2658 0.1765 343.19 5.81 94.12 3.15 -8.25 -2.90 0.6300 0.3000 0.2700 -2.2733 7.2944 3.1456 -0.09 -9.49 -2.45 169 388 370 415 208 
0.5432 -0.8157 0.1837 -0.0762 20.37 -4.37 118.62 -1.24 -7.24 -8.15 0.5200 1.4900 -3.1400 -1.3178 0.8078 0.9889 -0.99 -7.73 -5.94 169 399 374 419 209 
0.4265 -0.8489 0.3008 -0.0831 23.31 -6.50 128.75 -2.73 -6.39 -8.32 -0.4300 1.6900 -2.3100 1.3256 -0.5244 -0.7044 -1.04 -8.06 -5.47 167 400 378 419 211 
0.5245 -0.8131 0.2357 -0.0901 15.88 -6.19 104.69 3.69 1.02 -9.32 8.4000 10.6900 0.1300 9.5511 -3.6767 0.6767 -1.12 -8.22 5.22 168 404 382 418 213 
0.9251 -0.3766 0.0479 -0.0048 1.12 -4.06 45.44 -2.00 -4.10 18.60 0.7600 3.3300 9.2800 -4.1500 1.3067 -1.2722 -0.38 -8.72 4.46 168 410 387 423 214 
0.7681 -0.6251 0.0955 -0.1011 19.87 -0.19 88.31 4.36 -4.33 -6.51 4.6500 5.1200 -6.0400 -4.2411 1.7978 -0.4211 0.51 -9.33 -2.96 168 409 382 427 214 
0.5430 -0.8064 0.1740 -0.1569 30.94 3.44 109.00 3.44 -5.23 -15.87 2.9000 5.4200 -13.0100 6.9911 -2.8856 0.3022 0.29 -9.74 1.03 168 407 371 420 215 
0.8711 -0.4872 0.0078 -0.0607 3.81 2.12 47.19 -2.38 1.17 29.69 -5.3600 6.1100 18.2700 -1.4300 -0.6844 0.0256 0.31 -6.63 7.21 166 406 380 417 214 
0.9048 -0.4248 -0.0132 -0.0255 6.06 2.56 55.00 -1.07 -7.26 1.15 -0.8800 0.8200 -4.7600 -2.0467 -0.1456 -0.8411 1.07 -8.94 3.86 166 390 359 372 211 
0.8101 -0.5729 -0.0202 -0.1233 21.19 13.69 67.12 -0.60 -5.15 0.34 -3.8300 2.9000 -4.4500 4.0767 0.2278 -4.7822 4.56 -6.33 5.92 167 365 357 387 211 
;
