0.3705 -0.0175 0.2851 0.8838 225.44 -13.69 -30.56 -2.33 4.68 8.21 -0.1100 -0.2300 0.0200 -0.0622 -0.1333 -0.0556 -2.24 4.82 8.23 154 337 348 382 207 
0.3763 -0.0099 0.2802 0.8831 226.31 -13.06 -29.94 -2.43 4.80 8.38 -0.4700 0.0000 0.1100 -0.0233 -0.4356 -0.0833 -1.98 4.76 8.34 154 321 337 367 206 
0.3933 0.0316 0.2651 0.8798 229.75 -5.00 -29.69 -4.05 3.37 10.96 -1.7600 -1.0200 3.8900 0.8556 -6.2367 -0.6356 2.42 5.33 7.86 155 278 255 249 177 
0.5039 0.4147 0.0995 0.7511 252.50 42.75 -50.63 10.74 6.49 3.15 4.6700 1.5900 -1.6500 1.8789 -8.9811 3.2733 8.81 3.99 -1.59 165 257 166 178 127 
0.2274 0.8321 -0.2707 0.4274 210.19 47.44 174.56 4.97 3.30 -10.98 -4.6700 3.6600 -3.4600 5.6511 -1.5611 1.8167 5.37 -4.93 -6.55 145 260 151 163 120 
-0.2731 0.8172 -0.2864 0.4191 110.44 31.87 121.56 2.56 -4.90 -7.71 -1.5200 2.2200 -5.8800 3.3489 0.5500 1.2622 4.73 -8.41 -1.72 114 277 162 167 123 
-0.5618 0.6354 -0.1725 0.5009 80.69 26.50 68.44 1.91 4.30 8.38 -2.6000 12.7500 5.6700 4.4167 1.1633 -0.7256 4.34 -5.96 6.45 122 298 168 174 126 
-0.7001 0.4086 -0.0286 0.5848 80.37 26.00 44.94 4.72 -5.60 4.94 0.6500 0.2600 -1.2300 -1.2689 -0.2344 -0.2089 4.50 -6.69 5.57 122 298 174 173 127 
-0.6536 0.4794 -0.0703 0.5814 84.31 28.00 55.19 5.60 -5.06 5.47 1.3000 2.6800 0.8700 -2.1867 0.7578 -0.6000 4.70 -7.61 4.00 148 302 188 199 155 
-0.5309 0.5392 -0.1884 0.6260 105.31 28.31 70.50 8.48 -6.26 2.09 3.5200 1.5100 -1.2300 -4.9033 7.0167 -0.5456 4.20 -8.70 1.63 151 297 260 280 184 
-0.1055 0.3502 -0.5587 0.7443 179.25 24.31 84.31 4.83 -8.80 0.90 0.0700 -0.5100 -0.4200 -2.6700 0.8967 0.5900 3.88 -8.97 -0.69 159 349 342 374 194 
0.1094 0.1796 -0.7423 0.6362 202.75 24.06 102.56 5.87 -8.05 -6.83 1.4200 -0.3700 -6.0300 0.3578 0.6256 -0.1100 4.49 -8.55 -1.68 164 364 350 385 195 
0.1697 0.1486 -0.7332 0.6416 206.00 25.31 94.87 4.48 -5.88 -4.71 0.8100 3.6000 -4.3600 3.4333 -0.9244 0.2433 4.05 -8.86 1.02 162 364 347 385 198 
0.0548 0.2152 -0.5568 0.8004 183.00 23.69 62.88 4.64 0.19 1.98 -0.9700 8.5400 -3.1800 6.9044 -1.2867 0.5556 3.96 -5.07 7.39 161 362 354 387 200 
-0.1218 0.2269 -0.0970 0.9614 162.75 23.56 5.44 6.61 7.59 16.26 3.3100 7.2300 8.7300 3.9611 1.9322 0.1978 3.68 1.97 8.87 163 361 354 383 199 
-0.2084 0.1904 0.1847 0.9414 154.69 25.37 -18.44 1.41 4.95 14.33 -2.6500 1.4700 5.7600 -0.3000 -0.3678 -0.0844 3.98 2.85 8.49 164 366 358 401 211 
-0.2032 0.1749 0.1923 0.9440 155.62 24.25 -18.81 3.94 3.48 8.39 -0.7700 0.5900 0.1800 0.3022 -0.4789 0.2622 4.45 3.00 8.20 164 364 357 385 209 
-0.1980 0.2565 0.2137 0.9216 156.56 37.75 -19.94 4.36 3.81 8.05 -2.8200 1.6900 0.9300 -2.5056 -5.1344 -0.0511 8.48 1.37 4.73 169 313 332 335 205 
-0.0683 0.6403 0.1062 0.7577 171.44 83.50 -178.31 7.13 0.43 -5.11 -2.4700 0.7800 -1.7200 -1.5633 -8.2556 2.6767 7.03 -0.77 -6.79 181 267 254 277 199 
0.0111 0.9619 -0.0834 0.2602 193.50 23.94 -177.37 1.09 1.76 -9.64 -1.9000 0.6500 -2.1300 -2.3433 -0.8978 -0.3289 2.79 2.30 -9.11 182 247 233 268 193 
0.1670 0.9698 -0.1358 0.1150 195.37 15.44 -161.31 4.64 2.43 -11.03 2.4200 -0.8100 -2.2200 0.0011 0.1922 -0.3800 2.46 3.31 -8.89 181 264 248 282 194 
0.1804 0.9705 -0.1120 0.1147 193.19 16.19 -161.44 7.35 1.33 -13.16 5.5800 -0.8000 -4.4400 0.8778 0.7267 0.3933 3.36 2.34 -8.91 180 271 251 286 195 
0.1158 0.9621 -0.1494 0.1965 200.62 27.00 -173.44 7.48 6.26 -15.94 2.9300 3.5800 -9.5000 9.2556 3.8467 5.3244 5.71 -4.41 -6.63 203 399 363 427 209 
-0.3221 0.7061 -0.2988 0.5553 116.50 31.56 92.00 -3.83 0.00 0.96 -8.1100 7.6800 1.5600 0.9589 0.3956 1.7656 3.82 -8.98 0.86 201 404 372 429 211 
-0.4404 0.5765 -0.3464 0.5947 106.00 23.00 84.87 1.48 -6.70 2.57 -1.7800 1.2000 1.3600 -0.5656 -0.6700 -0.4956 4.20 -8.85 0.18 202 402 371 429 211 
-0.4147 0.6386 -0.3247 0.5610 107.87 27.25 93.31 3.13 -7.83 0.00 -1.6800 1.0400 0.7500 -0.7533 -0.1333 -0.8333 4.94 -8.39 -1.06 199 402 376 428 210 
;
