0.9456 0.0142 -0.0773 -0.3156 36.94 7.87 -4.37 1.32 0.90 9.71 0.0000 0.1300 -0.0100 -0.0089 0.0022 -0.0044 1.35 0.74 9.68 165 336 333 358 204 
0.9453 0.0142 -0.0786 -0.3163 36.94 8.06 -4.44 1.36 0.88 9.72 -0.0500 0.1200 0.0100 -0.0056 0.0144 -0.0022 1.37 0.76 9.68 163 337 330 357 204 
0.9453 0.0148 -0.0788 -0.3161 36.94 8.00 -4.50 1.26 0.89 9.69 -0.0700 0.1300 -0.0100 -0.0033 0.0022 0.0022 1.36 0.76 9.68 166 336 334 358 204 
0.9454 0.0153 -0.0787 -0.3159 36.94 7.94 -4.50 1.32 0.87 9.69 -0.0200 0.0900 0.0300 0.0022 0.0022 0.0033 1.36 0.77 9.68 166 337 334 358 204 
0.9454 0.0155 -0.0787 -0.3159 36.94 7.94 -4.56 1.27 0.87 9.65 -0.1100 0.0900 -0.0600 -0.0067 0.0000 -0.0033 1.36 0.77 9.68 166 335 331 357 205 
0.9455 0.0158 -0.0786 -0.3156 36.88 7.94 -4.56 1.33 0.87 9.62 -0.0100 0.0900 -0.0100 0.0022 -0.0022 0.0033 1.35 0.78 9.68 164 337 333 357 204 
0.9462 0.0161 -0.0786 -0.3137 36.56 7.94 -4.56 1.28 0.87 9.61 -0.0600 0.0700 0.0000 0.0000 -0.0044 -0.0011 1.35 0.78 9.68 166 336 333 359 204 
0.9461 0.0161 -0.0786 -0.3137 36.63 7.94 -4.56 1.30 0.87 9.63 -0.0100 0.0900 0.0000 0.0022 -0.0022 -0.0011 1.35 0.78 9.68 165 336 334 356 204 
0.9457 0.0146 -0.0840 -0.3138 36.81 13.56 -5.37 2.76 2.53 18.13 -0.3800 -1.9700 6.1900 -4.4011 -12.6378 -2.2456 9.07 -0.36 3.70 169 278 197 203 163 
0.6592 -0.3735 -0.5906 -0.2779 30.62 67.87 121.75 8.88 0.32 0.48 -0.3200 2.0100 2.5800 1.7900 -3.3900 5.2333 5.68 -6.66 -4.41 122 302 161 172 140 
0.4903 -0.5502 -0.6394 0.2194 299.44 16.56 115.62 0.93 -6.59 -9.75 -1.0900 2.1100 -5.9200 2.0289 0.2289 0.6322 1.93 -9.23 -2.66 119 311 161 173 141 
0.5387 -0.4983 -0.5548 0.3921 286.44 12.06 89.44 2.06 -5.45 -10.15 0.5800 5.9400 -9.5100 7.0678 0.7267 -0.7211 2.24 -8.36 4.59 126 331 165 177 144 
0.7359 -0.2208 -0.3117 0.5591 285.25 11.88 40.13 0.43 2.74 19.51 -0.7500 6.1200 8.3100 -2.6511 0.3233 -0.3767 1.87 -7.32 6.24 126 335 168 177 146 
0.7269 -0.3074 -0.3444 0.5084 290.69 10.75 55.31 1.56 -8.39 4.88 -0.0900 -0.0800 0.0000 -0.7011 -0.0100 -0.3578 1.99 -8.22 4.94 135 340 175 185 153 
0.7304 -0.3669 -0.3710 0.4407 300.62 13.56 64.00 3.01 -8.54 4.14 0.1000 0.1900 0.2700 -1.0778 0.7033 -1.1722 2.86 -8.64 3.62 153 329 200 210 180 
0.7455 -0.4237 -0.4006 0.3229 316.19 19.69 71.00 5.41 -9.35 4.66 2.0900 -0.8300 2.0900 -1.9967 4.7800 -2.0822 3.56 -8.64 2.95 183 244 200 207 168 
0.8290 -0.5275 -0.1853 -0.0157 18.50 13.56 64.25 1.11 -7.91 -2.75 0.7600 1.5100 -6.5200 0.9889 7.5967 1.1356 -1.11 -8.45 4.83 198 186 185 192 151 
0.8275 -0.3666 0.2981 -0.3031 38.31 -24.12 52.00 0.91 0.75 1.51 7.9700 7.9600 -3.7500 2.7589 1.6056 5.5100 -7.18 -3.67 5.57 200 180 187 189 150 
0.8749 0.0170 0.4750 -0.0927 6.50 -55.50 -5.62 -19.51 2.14 9.47 -10.7700 0.8500 3.7100 0.1889 -0.8000 -0.1911 -7.50 1.10 6.21 199 186 190 191 152 
0.9085 0.0638 0.4086 -0.0603 9.06 -48.06 -3.12 -5.65 -0.11 6.63 1.8600 -0.2100 -0.1200 -0.2589 0.0200 -0.3178 -7.23 -0.05 6.61 200 190 191 192 154 
0.9114 0.0305 0.4023 -0.0815 9.50 -47.75 0.75 -7.11 0.09 6.35 0.1800 0.3200 -0.1100 -0.0622 -0.0811 0.0967 -7.26 -0.06 6.58 200 192 192 196 155 
0.9122 0.0243 0.4048 -0.0596 7.50 -47.75 0.25 -7.40 0.00 6.57 0.0400 -0.2000 -0.1000 0.1311 -0.0622 -0.0011 -7.23 0.00 6.61 200 191 192 196 155 
0.9128 0.0282 0.4025 -0.0625 7.87 -47.44 0.00 -6.34 0.05 6.85 0.2600 -0.0400 0.0600 -0.0478 0.0878 0.0411 -7.24 -0.02 6.61 201 193 191 195 155 
;
