-0.0982 -0.1414 0.2057 0.9633 168.31 -13.38 -25.81 -2.23 4.14 8.54 -0.0100 -0.0100 -0.0400 0.0067 -0.0044 0.0000 -2.27 4.16 8.58 150 344 355 376 222 
-0.0982 -0.1416 0.2059 0.9633 168.31 -13.38 -25.87 -2.16 4.17 8.55 0.1100 0.0000 -0.0500 0.0022 0.0022 0.0022 -2.27 4.16 8.58 151 345 354 375 223 
-0.0983 -0.1416 0.2063 0.9632 168.31 -13.38 -25.87 -2.19 4.16 8.53 0.0400 0.0000 -0.0400 0.0133 -0.0200 0.0056 -2.26 4.17 8.57 151 344 350 373 224 
-0.0950 -0.1207 0.2123 0.9650 170.44 -7.50 -25.44 -4.84 3.24 12.05 -3.9800 -2.4400 4.3800 -0.3322 -7.9389 -0.9044 3.62 3.88 8.24 170 323 245 235 195 
0.0091 0.4362 0.1955 0.8783 178.44 62.69 -37.69 17.00 3.27 4.05 3.8700 1.5200 -0.1100 1.5433 -8.1589 6.3500 8.91 -2.37 -3.32 175 297 161 172 144 
-0.3180 0.8433 0.0404 0.4314 91.06 42.81 124.50 4.25 -1.68 -6.37 -0.1200 5.9300 -1.7600 4.3211 0.0344 2.5556 4.33 -8.63 -1.66 133 308 172 178 144 
-0.6680 0.7046 0.0251 0.2380 36.81 20.19 84.37 0.87 -4.83 3.30 -2.8200 3.9900 2.0600 1.4333 0.2244 0.4511 3.01 -9.11 1.99 130 318 175 180 144 
-0.7484 0.6235 0.0125 0.2258 33.88 17.44 75.37 8.84 -17.33 -16.12 7.0400 -8.8600 -21.4100 6.5222 2.4144 -0.4678 2.59 -7.24 6.07 135 344 181 183 150 
-0.9052 0.3101 0.0127 0.2904 34.44 10.50 30.69 -1.44 5.89 16.30 -3.0300 7.8300 4.6300 -1.5067 0.5933 -0.7500 1.66 -5.45 7.97 136 346 182 185 152 
-0.8970 0.3193 -0.0076 0.3054 37.75 10.63 36.69 1.23 -5.38 7.50 -1.1300 1.3500 0.4100 -0.5444 -0.3467 -0.0622 1.94 -6.10 7.42 149 338 187 194 164 
-0.8696 0.3965 -0.0047 0.2944 40.31 14.31 51.50 2.42 -6.02 1.75 2.9300 1.4900 -4.9400 -7.6544 4.6433 -2.1611 2.84 -9.11 2.24 163 219 224 226 176 
-0.5216 0.5928 -0.3232 0.5216 107.87 15.94 86.69 4.45 -11.43 1.07 1.1400 -2.4800 0.5500 -1.9200 1.7211 1.9411 1.34 -9.68 -0.75 175 226 215 234 170 
-0.3322 0.4207 -0.6321 0.5596 115.37 -0.50 99.87 -4.11 -9.20 -1.88 -3.0900 0.5700 0.0900 -0.7978 -0.2544 1.4111 -1.31 -9.46 -2.21 175 231 216 220 172 
-0.3677 0.3509 -0.7202 0.4722 102.44 -11.75 108.81 -1.75 -8.25 -2.13 0.2800 0.4500 -0.0700 -0.3311 0.1522 0.2922 -2.06 -9.02 -3.24 175 234 219 226 175 
-0.3761 0.3745 -0.7227 0.4428 98.62 -12.56 109.62 -3.72 -8.64 -3.40 -0.8800 0.7500 -0.3700 -0.1022 -1.0911 -0.7900 -1.92 -9.08 -3.14 175 237 224 228 175 
-0.4105 0.4724 -0.6562 0.4216 87.87 -4.06 107.56 0.50 -7.87 -2.88 0.2800 1.5200 -0.2500 -0.6456 -4.8300 -4.1333 1.06 -9.13 -3.39 173 234 222 229 173 
-0.4481 0.7806 -0.3072 0.3090 62.63 14.50 117.69 3.97 -6.59 -7.24 1.7800 1.3200 -1.8900 0.5289 -6.3778 -4.5033 2.80 -7.51 -5.63 172 229 221 231 173 
-0.4433 0.8685 0.2200 0.0297 0.13 13.19 129.31 4.56 -6.01 -7.27 0.5100 1.4800 -1.6300 1.0744 -2.2622 -1.3100 1.74 -7.66 -5.86 171 229 221 229 175 
-0.4506 0.7941 0.3892 -0.1218 327.75 8.75 124.06 3.28 -7.45 -3.41 0.7800 0.7000 1.5700 -0.0322 -0.6489 -0.0233 1.30 -8.02 -5.48 170 230 219 230 177 
-0.4454 0.7848 0.4057 -0.1454 324.44 7.69 124.50 1.17 -7.83 -6.06 0.0600 0.2800 -0.1500 0.0078 0.1978 0.0500 1.41 -7.99 -5.49 172 230 223 232 177 
-0.4572 0.7975 0.3769 -0.1138 337.31 10.56 124.50 6.61 -2.87 0.31 4.0600 6.0600 5.3900 -2.6422 8.8011 1.5611 4.45 -7.28 -4.81 178 228 220 234 178 
;
0.0687 -0.0576 0.2195 0.9715 188.06 -8.25 -25.00 -1.47 4.14 8.77 -0.0400 0.0200 -0.0400 0.0044 0.0389 -0.0133 -1.44 4.10 8.78 180 382 377 416 230 
0.0692 -0.0611 0.2196 0.9712 188.12 -8.56 -25.00 -1.54 4.10 8.73 -0.0800 0.0000 -0.0900 0.0022 -0.0056 -0.0022 -1.46 4.10 8.78 180 381 379 415 229 
0.0692 -0.0611 0.2196 0.9712 188.12 -8.50 -25.00 -1.53 4.09 8.70 -0.0800 0.0500 -0.1200 -0.0122 -0.0222 -0.0100 -1.44 4.09 8.79 178 379 376 416 229 
0.0702 -0.0596 0.2192 0.9713 188.25 -8.38 -24.94 -2.56 3.89 8.82 -1.6800 -0.2000 0.8200 -0.0400 -1.3589 -0.1389 -0.76 4.02 8.91 179 358 340 368 227 
0.1298 0.1208 0.1602 0.9710 199.00 29.87 -20.62 17.26 -0.12 9.56 9.4300 -1.1900 3.4100 -0.5644 -7.3478 3.1000 9.55 0.75 2.08 184 329 212 222 187 
0.0192 0.6901 -0.0579 0.7212 173.06 78.31 119.37 9.03 2.05 -0.79 -0.2900 2.4200 -2.9900 2.6611 -7.3267 4.9356 6.51 -5.70 -4.59 167 293 171 170 143 
-0.3920 0.8470 -0.1409 0.3303 68.44 21.37 117.37 -1.97 -0.95 -0.73 -4.2100 6.1700 3.8700 2.2022 -1.1700 0.4744 2.73 -9.02 -2.70 124 304 173 175 150 
-0.5745 0.7750 -0.0989 0.2440 43.19 14.75 101.50 4.53 -11.97 -11.80 2.0700 -4.1300 -13.9400 4.0967 -0.0544 0.8189 1.93 -9.60 0.45 127 323 176 177 149 
-0.7952 0.5588 -0.0599 0.2276 34.31 7.12 54.69 -6.92 10.72 -320.45 -6.8100 20.3800 17.3500 2.0256 0.0422 0.1744 0.85 -5.95 7.74 132 349 183 182 156 
-0.8777 0.3418 -0.0745 0.3276 41.69 5.37 44.56 1.70 -9.42 3.18 0.3000 -1.1200 -1.7000 -1.1078 -0.0222 -0.3300 1.14 -7.43 6.28 137 350 188 189 164 
-0.8262 0.4356 -0.1019 0.3424 49.31 7.87 56.06 -1.60 -5.79 5.80 -2.2900 2.4500 1.0600 -3.3867 1.3078 -1.6856 1.80 -9.01 3.40 154 264 224 220 185 
-0.5951 0.5732 -0.2903 0.4827 89.94 12.38 84.37 4.38 -9.68 -1.06 2.7400 -1.2800 -2.5200 -3.0356 6.9733 -0.9956 2.65 -9.42 -0.58 171 212 214 223 172 
-0.2365 0.4429 -0.6223 0.6006 137.44 11.50 102.44 3.36 -9.96 -2.65 -0.0900 -0.8700 -0.8900 -0.3156 -0.6356 1.9411 0.59 -9.45 -2.53 176 240 224 232 179 
-0.3004 0.3694 -0.7111 0.5175 116.37 -3.94 106.50 -3.51 -7.09 -0.89 -2.7200 1.9600 2.2100 -0.2844 -1.9456 -0.8011 -0.80 -9.45 -2.48 177 246 235 236 187 
-0.3718 0.4421 -0.6589 0.4818 103.31 -3.25 105.50 -1.89 -9.37 -1.11 -2.6900 -0.2700 0.6300 -0.2822 -1.7378 -1.4522 -0.01 -9.38 -2.85 177 246 236 240 186 
-0.3943 0.6107 -0.5408 0.4232 87.31 8.94 111.50 0.76 -7.27 -7.67 -0.1000 2.5800 -3.6400 0.3000 -7.9956 -5.2456 2.58 -8.10 -4.88 177 245 232 239 185 
-0.4487 0.8808 -0.0016 0.1510 27.87 15.19 126.44 4.10 -6.00 -7.58 2.1600 1.3100 -1.1900 1.0733 -3.6144 -2.1189 2.21 -7.54 -5.86 175 236 227 237 186 
-0.4532 0.8495 0.2696 -0.0144 350.31 11.75 126.56 4.72 -6.59 -5.72 1.0500 1.1800 -0.6200 0.7078 -1.2889 -0.3011 1.63 -7.98 -5.44 175 238 227 241 188 
-0.4719 0.8036 0.3488 -0.0997 335.94 9.88 122.81 3.42 -8.21 -5.08 1.5600 -0.1100 0.0100 0.4167 0.0867 -0.0756 1.73 -8.21 -5.07 175 239 234 244 194 
-0.4832 0.7961 0.3503 -0.1000 337.62 10.56 121.25 3.89 -6.64 -3.02 3.5400 1.9300 3.2100 -0.7500 1.5211 0.3200 2.15 -8.03 -5.19 176 246 231 249 194 
;
