0.3337 -0.0961 0.1017 0.9323 219.37 -14.25 -7.44 -2.28 1.29 9.38 0.1400 0.0700 -0.0300 0.0000 0.0033 0.0033 -2.41 1.23 9.42 148 350 356 375 202 
0.3336 -0.0958 0.1020 0.9323 219.37 -14.25 -7.44 -2.25 1.32 9.39 0.1100 0.0800 -0.0600 0.0044 0.0133 -0.0044 -2.42 1.24 9.42 148 348 355 377 204 
0.3336 -0.0963 0.1024 0.9322 219.37 -14.38 -7.50 -2.39 1.29 9.33 0.0600 0.0400 -0.0600 0.0033 0.0078 -0.0011 -2.44 1.24 9.41 150 351 353 379 203 
0.3336 -0.0969 0.1027 0.9321 219.37 -14.38 -7.50 -2.34 1.30 9.35 0.0600 0.0500 -0.0500 -0.0067 -0.0033 0.0056 -2.44 1.24 9.41 149 349 352 379 203 
0.3335 -0.0964 0.1027 0.9321 219.31 -14.31 -7.50 -2.37 1.28 9.41 -0.3800 -0.2300 0.1400 0.2256 -0.5211 0.0500 -2.14 1.37 9.46 144 328 344 362 199 
0.3409 0.0022 0.1075 0.9340 220.81 4.87 -15.00 1.60 1.17 13.23 0.3400 -2.2600 4.0900 1.3278 -7.3033 -0.0478 5.50 3.60 7.27 158 293 229 224 182 
0.3297 0.5482 0.0214 0.7684 225.56 66.87 -68.56 10.91 5.33 -1.02 0.5000 1.7400 -2.2900 1.3767 -5.6867 2.8144 9.10 1.63 -3.26 164 264 169 174 163 
0.0662 0.8685 -0.1541 0.4664 178.62 47.50 166.81 1.88 1.49 -5.66 -3.7200 3.8000 1.0100 2.5333 -1.7878 1.6133 5.46 -3.79 -7.20 138 272 154 157 133 
-0.2047 0.8995 -0.1984 0.3312 105.81 28.69 139.94 4.75 -5.89 -9.48 0.5600 -0.5100 -4.0200 3.3678 -0.8489 1.3922 3.41 -7.66 -5.07 119 281 155 160 139 
-0.4722 0.8067 -0.1820 0.3051 64.81 19.50 103.44 4.36 -9.47 -15.29 -4.0000 6.3800 -5.7200 8.4544 4.9933 -2.2089 3.85 -8.08 3.99 120 306 170 165 144 
-0.7343 0.4487 -0.0707 0.5044 65.75 20.25 47.44 2.63 2.84 13.64 -1.1400 6.1900 4.6200 -1.2133 -0.1367 -0.2978 3.59 -6.91 5.95 124 314 173 168 146 
-0.7297 0.4739 -0.0566 0.4897 67.56 22.62 56.25 4.37 -7.29 4.87 0.5500 0.7100 0.1900 -1.7000 -0.0956 -0.0300 3.86 -8.11 3.91 138 312 175 178 159 
-0.6420 0.5758 -0.1227 0.4911 79.50 24.50 73.37 8.64 -9.04 -0.66 5.5700 -0.4700 -3.5300 -6.2067 7.2789 -1.9367 4.55 -8.64 0.85 145 276 247 234 179 
-0.1448 0.4195 -0.5272 0.7246 177.12 24.25 82.62 1.81 -7.81 0.13 -0.4700 1.8200 0.0700 -5.0467 4.0522 1.6367 2.81 -9.36 -0.70 158 289 293 292 188 
0.1669 -0.0338 -0.7836 0.5974 213.56 11.06 106.56 0.72 -7.13 -6.60 -1.8600 1.6100 -3.8400 -0.7022 0.9522 0.2867 1.77 -9.08 -3.25 154 298 288 282 189 
0.2179 -0.1246 -0.7918 0.5568 225.81 13.06 102.87 -0.83 -12.49 -13.61 -3.8100 1.2600 -6.5800 7.2089 2.2889 -1.7978 3.05 -8.82 2.98 159 303 296 286 192 
0.3865 -0.0699 -0.5098 0.7654 233.56 15.88 62.94 2.89 -6.46 9.77 -0.6500 1.7400 3.2800 -1.4011 -1.3100 0.1489 2.79 -8.89 3.05 162 301 292 287 192 
0.3239 -0.0872 -0.6202 0.7092 227.62 15.63 80.75 1.74 -8.67 -0.98 -0.3000 0.2300 -3.7500 -1.3611 -1.0511 0.4156 2.42 -9.49 0.26 163 302 294 287 192 
0.2580 -0.0717 -0.6870 0.6756 223.94 15.13 86.00 -1.82 -12.45 -12.24 -3.9000 -1.8800 -11.5200 3.9256 1.8500 -1.1200 3.08 -8.58 3.61 161 303 299 294 193 
0.4152 -0.0400 -0.4650 0.7809 237.69 19.00 51.00 4.29 2.37 20.78 1.5000 7.0900 8.3800 -0.8256 -0.8656 0.3478 3.33 -7.37 5.53 164 305 300 288 194 
0.3885 0.0026 -0.4777 0.7879 229.31 22.94 54.13 1.07 -7.83 2.94 -3.4400 -0.8300 -2.7600 4.2111 -4.1478 0.8711 5.03 -6.09 5.80 149 290 297 282 194 
0.1688 0.3014 -0.2856 0.8939 194.75 45.75 20.12 10.30 1.26 2.46 2.2900 1.3100 -4.5000 9.1056 -3.8833 0.3611 8.65 1.24 4.44 160 300 321 345 203 
-0.1799 0.5695 0.2357 0.7667 145.81 78.37 -38.25 14.26 2.63 1.98 4.1600 2.3600 1.8000 2.2933 -2.8800 3.3456 9.62 -1.44 -1.15 171 276 308 337 204 
-0.3649 0.7497 0.2625 0.4857 101.87 59.56 134.81 5.52 -0.98 -1.32 -2.2100 3.0200 2.4100 -3.4122 -4.1622 2.9744 6.05 -4.11 -6.51 177 268 273 314 210 
-0.2142 0.9529 0.0789 0.1998 174.19 20.44 160.87 -0.40 0.50 -10.20 -1.4600 3.4100 -2.3000 -2.5911 -1.9689 0.4589 2.14 -0.77 -9.53 181 277 275 313 209 
0.0083 0.9941 0.0076 0.1077 179.31 11.81 -177.94 2.40 1.10 -12.48 0.6700 0.3300 -2.5100 -0.1411 0.0622 -0.0078 1.99 0.68 -9.57 180 285 277 315 211 
0.0392 0.9931 0.0051 0.1106 179.44 12.50 -175.62 2.15 0.89 -10.00 -0.6900 0.2600 0.0100 0.2633 0.1656 0.0744 2.18 0.46 -9.54 179 284 278 316 210 
0.0191 0.9929 0.0032 0.1171 179.50 13.56 -177.50 2.22 1.07 -8.87 0.0500 0.7700 0.7100 0.0989 0.1533 -0.0044 2.33 0.35 -9.51 179 287 280 317 212 
;
