-0.1962 -0.0396 0.3018 0.9321 156.31 2.50 -35.81 0.44 7.06 9.47 -0.0100 0.1900 0.3800 -0.2244 0.1533 -0.1056 0.34 5.67 7.98 165 342 336 361 209 
-0.1906 -0.0375 0.2956 0.9354 157.06 2.75 -34.44 0.47 5.68 8.04 0.1400 0.0200 -0.2300 0.4900 -0.1044 0.1878 0.63 5.78 7.89 168 349 354 370 211 
-0.1939 -0.0274 0.3209 0.9266 156.94 8.31 -38.38 -2.06 8.23 16.92 -3.1000 1.2700 11.1300 -2.6100 -8.1089 0.6600 6.17 5.01 5.72 165 306 192 211 201 
-0.0578 0.5532 0.2833 0.7812 170.50 72.12 -78.31 11.61 2.48 -2.48 0.6900 1.9000 -0.8100 2.8556 -6.1278 5.3367 7.88 -1.94 -5.49 158 329 171 156 133 
-0.3445 0.8914 0.1156 0.2710 54.88 28.75 127.19 -1.74 -1.62 -7.34 -6.2000 5.5400 -3.5200 5.6511 0.5400 0.2967 4.52 -8.54 -1.60 131 326 180 167 143 
-0.6938 0.6691 0.1284 0.2332 36.69 28.75 80.56 1.47 -8.93 0.58 -1.3900 -3.7900 -4.9100 1.3611 0.0689 1.2256 3.96 -8.65 2.34 137 329 186 175 144 
-0.8111 0.5457 0.0988 0.1860 24.37 20.31 55.38 3.91 -1.35 0.64 1.8900 9.3100 -5.0900 5.0022 2.3600 0.5878 2.35 -4.84 8.19 133 333 179 181 146 
-0.9567 0.2413 0.0737 0.1454 18.56 10.69 29.25 0.24 -2.28 8.10 -0.5400 1.6600 -0.6900 -0.7356 -0.8400 -0.6789 2.33 -5.34 7.88 133 325 186 182 149 
-0.9185 0.3409 0.0668 0.1887 25.12 15.19 40.38 5.11 -4.55 7.30 4.6300 2.0100 -0.7300 -5.2144 5.9044 -4.0978 2.07 -7.78 5.58 147 262 298 280 205 
-0.5279 0.3948 -0.4081 0.6316 124.19 2.44 79.19 -3.70 -15.00 3.29 -0.9300 -5.1300 -0.7700 0.7011 4.7378 -0.6311 1.06 -9.69 0.97 161 265 293 286 203 
-0.0452 0.0999 -0.7186 0.6867 175.50 3.06 97.06 4.10 -4.36 -3.98 2.0000 0.4900 -3.0400 -2.4400 0.6700 0.9611 0.09 -9.08 -3.69 154 272 282 260 199 
0.0081 0.0128 -0.8341 0.5515 182.31 2.50 112.37 0.78 -8.98 -9.42 -1.0800 0.4300 -6.3700 0.7856 0.7733 -0.8956 1.22 -9.30 -2.84 159 276 277 265 197 
0.1000 0.0265 -0.7394 0.6653 200.37 13.50 84.44 1.81 -0.49 24.27 -2.2400 8.4900 24.6700 0.9144 -0.6244 -0.3356 2.28 -9.19 2.51 160 284 279 266 200 
0.1332 0.0326 -0.6602 0.7385 198.12 12.63 87.12 2.23 -7.33 -3.09 -2.5500 -0.0900 -5.9200 -1.4644 -1.9811 0.2678 1.76 -9.55 -1.30 161 279 270 269 198 
0.0561 0.0726 -0.7644 0.6382 196.62 11.88 97.12 -7.57 -12.90 -21.44 -5.4400 2.6200 -8.1500 6.6467 3.2278 -1.7467 2.78 -8.69 3.57 169 281 283 270 202 
0.2084 0.0635 -0.4990 0.8387 207.06 18.25 64.25 1.39 -7.47 -2.65 -2.5500 -0.8300 -9.7800 0.9622 -4.8511 0.5733 3.48 -8.68 2.93 164 269 269 271 201 
0.0171 0.2155 -0.5353 0.8165 176.44 21.31 65.06 0.00 -8.59 2.01 -0.4800 1.4500 0.1800 2.6600 -4.0722 -0.6333 5.06 -7.14 4.40 158 275 283 276 200 
-0.1844 0.4400 -0.3199 0.8185 150.44 40.63 60.44 11.75 -8.05 -0.42 7.7800 -2.6800 -4.1600 2.5589 -0.9267 -1.0911 7.67 -5.20 3.19 158 299 314 310 205 
-0.3160 0.5324 -0.1064 0.7780 130.00 48.06 48.81 8.15 -1.83 1.38 2.4200 4.1300 -2.3800 3.9533 -0.6133 2.5933 6.72 -4.67 5.40 161 263 229 227 195 
-0.5867 0.3942 0.0122 0.7073 95.19 31.19 29.75 4.81 0.17 8.49 -0.0800 3.6600 0.5800 1.1867 -0.3744 2.2767 4.52 -4.32 7.54 140 210 153 153 139 
-0.7307 0.3134 -0.0195 0.6063 76.37 18.50 32.25 -1.42 -1.26 10.10 -2.1700 2.4700 1.3300 0.4878 -0.9011 0.3467 3.13 -5.06 7.79 121 198 150 160 132 
-0.7814 0.3186 -0.0124 0.5364 68.44 18.87 33.06 3.87 -4.99 8.35 -0.0500 -0.2000 0.6000 -0.1911 -0.1989 0.0222 3.17 -5.17 7.70 125 216 158 166 132 
-0.7813 0.3294 -0.0125 0.5300 68.44 19.25 33.75 2.60 -3.64 8.12 -0.5900 1.6500 0.3600 -0.1089 0.9344 -0.7422 3.00 -5.10 7.81 121 216 159 168 136 
-0.7465 0.2953 -0.0493 0.5942 81.12 15.06 30.62 5.88 4.64 16.48 12.0500 9.5200 3.8800 -3.3278 1.3511 -1.2567 2.33 -6.05 7.35 134 214 162 170 137 
-0.6340 0.3420 -0.2173 0.6586 94.00 7.69 50.19 -5.60 -14.14 -2.95 -4.9200 -6.6400 -8.4800 -0.5700 1.4089 -1.1411 1.19 -7.82 5.78 134 217 163 171 137 
-0.5373 0.3239 -0.3032 0.7173 107.81 8.25 51.50 1.91 -7.21 6.15 -0.6200 -0.0300 -0.1400 0.0800 -0.2856 -0.0644 1.61 -7.48 6.13 136 216 163 171 140 
;
