0.6599 0.2148 0.1078 0.7119 265.56 9.38 -26.19 1.17 4.28 8.61 -0.3900 0.1400 -0.1700 -0.0633 0.0044 -0.0500 1.56 4.24 8.69 155 293 293 292 192 
0.6616 0.2123 0.1069 0.7112 265.94 9.56 -26.06 0.82 4.55 8.67 -1.1900 0.3300 0.2300 -0.0500 -1.0556 0.4689 2.25 4.20 8.56 153 308 290 285 190 
0.6588 0.2810 0.0463 0.6964 267.75 26.00 -27.75 8.50 3.30 8.05 4.4300 -1.4800 0.3900 0.0711 -4.6322 0.9433 7.08 3.43 5.84 162 322 234 231 178 
0.5474 0.5542 -0.2529 0.5739 261.75 76.06 -83.31 17.39 2.78 -0.59 5.0900 0.8800 -0.0600 2.9733 -4.6911 4.5711 9.10 -1.10 -3.47 140 324 162 157 132 
0.0739 0.7170 -0.4913 0.4889 174.75 42.00 136.12 3.98 1.78 -4.76 -2.9600 7.2200 0.2900 4.2400 -1.4267 1.3344 4.94 -7.47 -3.97 118 320 168 165 137 
-0.2878 0.6681 -0.4205 0.5422 122.25 28.62 102.19 6.81 -6.27 -14.42 2.5200 1.5700 -14.4500 5.8978 -0.1811 1.7111 3.73 -8.83 2.03 119 332 173 167 140 
-0.5510 0.4305 -0.2388 0.6738 100.62 16.12 48.69 -0.90 6.16 21.83 -1.7200 11.6200 14.4100 -0.9456 0.7844 -0.0444 2.34 -7.18 6.24 119 346 178 169 141 
-0.5478 0.3882 -0.2527 0.6967 104.94 15.69 55.88 3.97 -8.95 2.21 1.3900 -0.1700 -1.0700 -0.9578 0.2167 -0.9900 3.14 -8.16 4.43 146 340 193 187 163 
-0.4191 0.4349 -0.3379 0.7219 126.69 21.37 67.31 4.21 -9.52 2.87 -0.0200 -2.0800 -1.8200 -2.9556 4.6656 -2.4022 4.10 -8.47 2.73 167 229 185 190 161 
-0.0743 0.3251 -0.4937 0.8032 174.56 26.44 67.50 7.12 -7.71 2.03 1.4700 -0.8500 -1.8300 0.1578 2.8489 0.0644 3.62 -8.01 4.34 119 292 177 173 138 
-0.0201 0.2250 -0.4365 0.8709 174.44 21.75 52.31 5.95 -4.14 4.02 4.3500 4.4900 -0.3200 2.7511 -0.1478 -0.0011 3.37 -6.26 6.75 119 292 179 175 140 
-0.1891 0.2386 -0.2733 0.9125 151.37 19.00 36.69 3.22 -1.71 10.50 -0.7600 3.3500 2.5700 0.9111 -0.3256 1.6144 2.86 -5.26 7.76 125 295 177 176 143 
-0.3506 0.2348 -0.2054 0.8831 135.69 15.25 32.94 2.13 -3.07 8.44 0.4800 2.3500 0.9100 0.1800 0.3278 0.1922 2.41 -5.07 8.03 125 299 180 177 144 
-0.3672 0.2151 -0.2054 0.8813 135.44 12.44 32.31 -1.82 -3.57 8.29 -4.0900 2.3800 2.2000 -0.3211 -0.2022 -0.9544 1.69 -5.41 7.99 124 307 180 175 144 
-0.2721 0.1667 -0.2845 0.9040 148.62 8.25 40.44 9.54 -3.07 8.02 6.9700 3.3000 0.3600 -2.2944 1.9433 -0.5133 0.76 -7.46 6.31 126 308 180 176 145 
-0.1763 0.0839 -0.4498 0.8715 156.56 -1.37 56.75 -4.95 -15.59 -2.43 -4.4600 -5.6000 -6.2700 0.1333 -0.1311 -0.7444 0.16 -8.30 5.21 125 308 183 179 147 
-0.1455 0.1014 -0.4583 0.8709 161.44 2.94 55.44 1.70 -6.56 6.92 0.2500 1.2300 0.5400 -0.4133 -0.3111 0.0056 0.68 -8.17 5.37 125 306 184 179 148 
;
