0.4832 0.2593 0.1115 0.8288 240.44 18.75 -27.37 2.98 4.43 8.29 -0.0900 0.1700 0.0500 -0.0100 0.0011 -0.0011 3.14 4.27 8.24 159 294 293 294 191 
0.4833 0.2589 0.1120 0.8287 240.50 18.69 -27.37 3.04 4.38 8.23 -0.1300 0.1100 0.0200 0.0989 -0.1544 -0.0467 3.20 4.33 8.19 160 291 293 286 186 
0.4837 0.3099 0.0916 0.8134 242.94 30.87 -31.19 14.12 5.33 11.54 9.0600 1.7100 4.0900 1.8589 -10.0922 4.3733 9.10 2.94 2.13 148 267 200 189 135 
0.1016 0.8000 -0.2021 0.5556 166.62 55.06 146.06 7.02 4.15 -7.68 -0.4500 9.3300 0.0200 7.3200 -2.7211 3.8556 5.33 -7.68 -2.93 124 294 171 168 124 
-0.4776 0.7543 -0.1772 0.4143 78.75 25.69 101.12 1.96 -3.39 0.57 0.5400 2.6300 -3.1500 -0.3556 -0.6300 0.3611 3.96 -8.78 -1.80 112 298 169 170 124 
-0.5648 0.7062 -0.1515 0.3993 65.37 20.75 82.00 6.43 -5.34 -12.49 0.5900 13.8600 -5.2100 9.4711 1.5200 0.3944 2.11 -6.21 7.28 115 331 172 173 128 
-0.8505 0.2910 -0.0353 0.4366 54.69 11.44 33.06 1.44 -3.48 8.49 -0.2800 -0.9900 -2.2000 -1.5322 -0.2133 -0.2433 2.16 -6.18 7.29 117 332 177 174 130 
-0.8106 0.3672 -0.0605 0.4521 59.19 14.25 43.63 -0.86 -2.65 6.63 -3.4600 3.9400 -0.3500 -1.8833 -1.1467 -1.7433 3.68 -7.02 5.76 154 295 198 194 155 
-0.6844 0.5023 -0.0208 0.5281 82.25 37.13 57.75 5.39 -2.54 -3.06 2.4600 2.6000 -8.7700 0.1322 -0.8022 -5.9356 8.44 -3.73 3.29 172 248 220 220 150 
-0.4651 0.5067 0.2432 0.6840 109.62 69.19 8.19 15.41 0.18 7.06 4.5300 2.7500 5.8000 1.9311 -1.6889 2.1222 9.47 -0.81 2.37 196 196 193 199 138 
-0.5504 0.5046 0.3632 0.5573 91.44 75.19 42.81 -0.54 3.63 9.14 -9.5000 4.4600 4.6300 -6.5711 0.8500 -4.0000 9.68 -0.31 1.50 198 172 176 190 125 
-0.2366 0.5873 0.2774 0.7226 148.00 79.06 -61.94 20.35 6.69 -6.03 5.3700 2.5300 -3.2300 0.4456 -1.0322 0.6411 9.70 1.34 -0.33 200 178 182 191 128 
-0.2031 0.6680 0.2919 0.6537 145.25 82.75 -123.75 9.53 1.68 -0.44 -0.2900 0.5900 0.2200 -0.0800 -0.4878 0.3000 9.72 0.83 -0.97 200 180 185 192 129 
-0.1994 0.6880 0.2776 0.6401 145.37 82.50 -141.37 9.36 1.53 -0.59 -0.2700 0.7300 0.3800 0.1122 -0.1633 -0.0500 9.70 0.87 -1.07 199 179 187 193 130 
;
