-0.6786 -0.2430 0.1970 0.6645 88.75 -3.19 -36.31 -0.59 5.74 7.81 -0.0900 -0.0700 -0.0700 0.0067 -0.0056 0.0056 -0.54 5.80 7.88 176 325 351 386 223 
-0.6784 -0.2429 0.1980 0.6645 88.81 -2.94 -36.38 -1.76 5.56 7.84 -0.6700 -0.1200 0.1800 0.0567 -0.9933 0.0689 0.01 5.84 7.87 176 321 345 384 224 
-0.6705 -0.2139 0.2330 0.6711 90.12 1.37 -36.94 0.58 5.86 7.69 0.2600 -0.0700 -0.0600 -0.0356 0.5267 -0.0700 -0.05 5.88 7.84 177 325 351 387 222 
-0.6735 -0.2301 0.2158 0.6685 89.62 -1.00 -36.75 -0.54 5.67 7.99 -0.2500 -0.0500 0.4800 0.0411 -1.1633 0.0211 0.34 5.87 7.84 174 342 329 295 213 
-0.6323 -0.1063 0.2903 0.7104 103.75 21.00 -33.13 4.07 1.21 11.31 1.2300 -3.6900 3.0800 -0.9256 -8.9400 -1.0200 7.60 4.91 3.76 174 297 199 211 182 
-0.3145 0.4263 0.5392 0.6547 126.44 67.19 -120.75 12.41 6.25 -6.57 3.7100 4.6900 -3.2800 2.5467 -6.6811 4.2289 6.95 -0.74 -6.87 148 311 148 159 118 
-0.3177 0.7621 0.5396 0.1648 108.56 33.25 149.25 2.22 0.61 -8.26 -2.1700 4.7700 -2.0900 4.2878 0.1756 0.6122 4.97 -6.59 -5.28 125 305 161 169 125 
-0.5449 0.6669 0.5054 -0.0549 339.44 25.75 108.75 3.20 -6.25 -11.96 -0.5300 4.2100 -6.5500 7.0667 1.0889 0.6078 3.50 -8.95 1.90 125 306 169 173 127 
-0.8167 0.3873 0.3284 -0.2741 323.31 16.44 49.75 -2.30 5.77 14.87 -4.1500 12.9300 9.8000 1.6333 -0.3744 1.0256 2.07 -6.13 7.36 124 323 176 176 130 
-0.8663 0.3135 0.2335 -0.3109 322.50 12.75 48.13 3.47 -8.84 3.31 1.8500 -1.1600 -2.1800 -1.2611 0.2456 -0.5078 2.44 -7.65 5.61 128 322 178 178 133 
-0.8394 0.3970 0.2736 -0.2510 327.44 15.75 57.50 0.84 -4.98 6.41 -1.7900 3.1200 1.5000 -2.8978 0.6633 -1.2878 3.07 -8.57 3.63 158 282 236 221 183 
-0.7519 0.6119 0.2452 0.0095 25.44 27.31 84.87 14.94 -7.32 -3.51 3.6700 -0.2600 -1.3900 -6.8478 11.0267 -1.7067 5.15 -8.27 1.03 168 290 290 304 203 
-0.4519 0.6170 -0.2767 0.5819 113.44 22.44 88.25 -0.16 -8.09 -5.05 -2.7200 1.1700 -3.7800 -2.3567 -0.4656 1.7211 1.76 -9.43 -2.00 164 316 307 309 205 
-0.3374 0.5239 -0.5993 0.5026 109.75 5.94 105.81 -1.21 -8.89 -9.14 -1.7900 0.7900 -5.5500 1.3067 0.8356 -0.0967 1.15 -9.60 -1.57 170 319 312 314 207 
-0.3571 0.4567 -0.5577 0.5940 119.81 8.88 88.75 -0.77 -7.67 -5.59 -3.2200 3.4600 -2.3600 5.0533 1.5167 -0.4944 1.67 -8.84 3.90 175 322 308 316 209 
-0.3944 0.2942 -0.3614 0.7920 127.00 11.13 52.38 3.05 -4.41 13.33 1.1300 2.4200 6.4000 -0.6400 -0.8644 0.3456 2.03 -7.93 5.38 174 315 302 311 207 
-0.4256 0.3411 -0.3718 0.7512 119.00 10.56 63.38 0.42 -7.90 2.57 -1.4200 0.9900 -2.4700 -2.1789 -1.0211 0.8822 1.48 -9.25 2.88 171 313 302 301 205 
-0.4368 0.4268 -0.4717 0.6360 110.06 7.44 81.31 -0.93 -11.35 -9.25 -2.2900 -1.3900 -10.7800 0.5600 1.0811 -0.6700 1.60 -9.53 1.61 173 321 309 308 205 
-0.4177 0.4016 -0.4296 0.6926 119.94 11.88 63.81 -2.46 -2.07 6.35 0.7200 5.3700 6.9500 4.1011 1.7367 -0.8100 2.00 -6.62 6.94 176 320 314 315 208 
-0.4295 0.2478 -0.2244 0.8389 125.69 13.19 36.81 2.85 -2.83 10.08 -0.5200 0.8600 -0.1100 0.3122 -1.9556 0.6322 2.82 -5.70 7.45 178 319 305 309 208 
-0.4968 0.3288 -0.1635 0.7864 113.06 24.62 39.69 2.10 -8.19 4.70 -2.2600 -2.6600 -2.5200 1.6033 -5.4689 0.2233 6.61 -5.03 5.20 175 304 254 245 192 
-0.5650 0.5505 0.1183 0.6030 89.69 56.75 58.38 5.20 -6.00 -0.19 -2.5500 -0.2100 -0.9500 2.2744 -7.6100 0.1544 8.59 -4.35 -1.80 170 291 197 198 166 
-0.5218 0.6491 0.5035 0.2299 33.19 49.81 130.81 9.16 -3.35 -8.40 2.6800 1.1900 -3.5900 1.5300 -2.3522 1.2344 5.95 -6.00 -4.97 131 321 178 183 155 
-0.4897 0.6254 0.6049 -0.0566 338.62 28.62 124.00 6.43 -10.68 -11.97 2.0600 -3.7800 -8.5100 3.7911 -0.2056 0.9511 3.94 -8.61 -2.52 121 313 179 186 157 
-0.6514 0.4815 0.5131 -0.2838 311.00 23.69 77.06 2.42 2.80 3.65 -2.5700 12.2300 1.4100 6.9644 1.7144 -1.6689 4.17 -6.17 6.37 131 325 187 197 163 
-0.8462 0.1693 0.3207 -0.3905 310.25 24.00 33.88 1.06 2.43 11.81 -2.9700 6.8000 4.0100 -1.6644 -0.2767 -0.2156 4.15 -5.50 6.97 134 334 193 199 163 
-0.8350 0.2222 0.3630 -0.3488 315.81 28.19 47.75 3.43 -3.40 5.93 -1.8600 3.4600 -0.1500 -3.4511 -0.5844 -1.1433 5.38 -7.13 4.03 147 333 192 204 166 
-0.7714 0.3496 0.4973 -0.1884 339.25 43.88 78.06 5.25 -2.84 -2.55 -1.8000 3.4800 -3.7600 -4.5567 -0.0200 -3.7356 8.64 -4.52 -1.01 163 313 216 219 180 
-0.6367 0.3857 0.5967 0.2997 71.06 77.37 -20.62 11.20 1.65 0.26 0.3000 0.1100 -3.9700 -0.1689 7.9900 -4.6889 5.29 3.81 7.31 169 334 270 292 200 
-0.6505 -0.0312 0.2933 0.7000 96.06 14.25 -30.50 0.34 4.59 9.83 -2.0800 -0.8100 0.8400 1.2367 2.5344 -0.1278 0.12 5.48 8.12 162 376 351 401 217 
-0.6643 -0.2797 0.1263 0.6815 91.19 -15.94 -33.50 -8.21 3.76 10.58 -2.7600 -0.5500 -0.1900 -0.2667 -3.0422 -0.2567 -1.71 5.06 8.21 168 376 355 409 222 
;
