0.7202 0.2322 -0.1793 -0.6286 82.19 -1.87 -34.00 -0.30 5.60 8.07 -0.1200 0.0600 0.0300 -0.0333 -0.0267 -0.0411 -0.32 5.46 8.13 164 360 347 363 208 
0.7194 0.2302 -0.1786 -0.6306 82.44 -1.94 -33.81 -0.52 5.53 8.01 -0.0700 0.1000 -0.0700 0.0211 -0.0056 0.0500 -0.30 5.47 8.12 165 359 350 364 208 
0.7203 0.2307 -0.1796 -0.6290 82.31 -1.81 -33.88 -0.42 5.49 8.24 -0.2100 0.0300 0.1000 0.0200 0.0233 -0.0144 -0.34 5.46 8.13 164 357 347 362 207 
0.7158 0.2249 -0.1887 -0.6337 84.37 3.62 -34.81 0.12 5.49 8.43 -1.7100 -0.5500 -0.0800 0.8733 -5.3456 0.1900 3.72 5.89 6.89 164 316 303 315 185 
0.5704 -0.0330 -0.5358 -0.6216 99.19 48.31 -67.37 11.02 5.14 3.28 4.0600 2.1600 1.9700 -1.5056 -6.2078 2.1767 8.46 4.89 -0.79 165 277 188 209 170 
0.3261 -0.4477 -0.6620 -0.5049 111.44 60.50 -145.75 12.14 5.19 -6.62 0.8500 3.1400 -2.3600 2.5422 -3.4511 4.3333 7.25 -1.08 -6.50 165 271 143 166 146 
0.3475 -0.6976 -0.6135 -0.1277 98.25 32.94 147.81 2.54 -0.22 -6.66 -2.2500 5.9900 1.2800 3.6678 0.8267 0.8522 4.93 -6.64 -5.25 110 275 148 156 129 
0.5375 -0.6245 -0.5609 0.0804 339.94 30.69 112.50 4.50 -6.42 -4.34 -0.1000 0.7700 -2.2900 1.9222 1.3467 0.0622 5.18 -8.20 -1.41 113 286 153 161 132 
0.6976 -0.4982 -0.4745 0.1998 323.81 25.81 79.37 5.19 -0.94 1.14 0.1200 10.4300 1.2300 6.1956 1.9856 0.4333 3.10 -6.97 6.16 116 300 165 166 136 
0.8397 -0.2687 -0.2858 0.3754 310.44 15.94 42.19 1.01 -0.73 12.13 -1.6600 3.6000 3.6900 -1.5800 -0.3711 -0.5578 3.02 -6.73 6.45 117 303 169 167 137 
0.8312 -0.2846 -0.3158 0.3583 313.44 18.56 48.06 3.23 -6.28 6.45 -0.1600 0.8500 0.3900 -0.4811 -0.0822 -0.0578 3.20 -7.08 5.97 121 303 161 169 141 
0.8191 -0.3202 -0.3360 0.3372 317.12 20.25 55.13 3.25 -4.08 8.82 -0.2300 2.8600 3.5000 -3.5156 1.0778 -1.4678 3.82 -8.28 3.58 135 310 168 176 146 
0.7740 -0.4921 -0.3768 0.1296 354.00 30.81 78.06 9.53 -9.69 -0.84 1.0100 -1.6300 -4.4800 -2.1067 5.9567 -3.1344 5.98 -7.23 2.83 150 239 165 174 147 
0.7767 -0.5302 -0.1880 -0.2833 42.06 34.75 59.38 11.19 -5.63 1.13 5.3900 1.3900 -2.9800 1.9233 0.1344 1.8533 4.55 -6.89 5.28 114 212 165 173 139 
0.8645 -0.4330 -0.1164 -0.2271 25.12 21.44 47.00 2.17 -3.55 7.13 -1.4200 3.0200 0.8200 1.8722 -1.0044 1.5089 3.15 -6.23 6.88 117 219 167 172 139 
0.9274 -0.3414 -0.1324 -0.0771 6.81 17.31 38.63 1.42 -4.19 8.62 -1.1600 1.8800 1.4000 0.4944 -0.0644 0.2600 2.82 -5.56 7.56 119 238 167 173 140 
0.9407 -0.3040 -0.1500 -0.0143 0.56 17.19 36.31 3.16 -4.03 8.52 -0.0300 1.2600 0.3400 0.0089 0.3922 -0.2667 2.84 -5.52 7.58 119 246 167 174 142 
0.9423 -0.3020 -0.1422 -0.0263 4.81 15.88 35.94 3.12 -2.75 8.86 0.4300 2.6600 1.1100 -0.5733 0.4500 -0.6256 2.58 -5.77 7.49 121 252 169 175 142 
0.9330 -0.3334 -0.0831 -0.1066 15.00 12.38 39.75 5.93 0.96 11.67 4.2000 7.1400 4.6300 -3.5133 -2.4300 1.3878 2.34 -7.70 5.60 122 249 170 177 142 
0.8537 -0.5096 -0.0819 -0.0690 11.19 12.06 63.31 -1.59 -12.66 -1.02 -2.9700 -3.6300 -3.8700 0.1300 0.9167 -1.0156 2.46 -8.39 4.42 123 251 172 177 143 
0.8404 -0.5166 -0.0751 -0.1456 20.12 16.31 61.69 2.84 -8.71 4.74 -0.4500 -0.2800 -0.1500 0.0933 -0.4744 0.0422 2.88 -8.28 4.38 123 252 174 177 145 
0.8392 -0.5150 -0.0984 -0.1443 20.12 19.69 61.06 0.65 -7.14 3.84 -2.8600 0.9800 -0.7000 0.5644 -0.8311 -1.6922 4.46 -7.44 4.56 160 283 182 190 162 
0.8395 -0.4492 -0.1891 -0.2404 37.69 34.75 44.75 1.32 -3.96 4.45 -6.5600 1.5400 -2.7200 1.6633 -0.6833 -3.6544 6.70 -3.22 6.38 157 322 180 190 159 
0.7988 -0.2610 -0.3157 -0.4406 60.63 49.81 0.06 10.06 5.24 2.03 1.5900 4.6900 -2.5200 3.7800 -0.9144 -2.7867 7.53 3.52 5.19 122 373 178 183 156 
0.7175 0.0529 -0.5314 -0.4472 61.88 43.63 -58.63 13.09 13.07 2.58 6.2200 7.0700 0.0700 4.8044 1.7844 0.4189 6.43 7.08 2.12 124 378 177 185 157 
0.7144 0.3012 -0.5884 -0.2294 26.50 48.75 -82.56 10.96 15.24 6.65 -0.0700 7.6600 5.2600 0.1256 0.2300 4.5844 8.98 3.82 0.86 129 373 185 186 159 
0.7433 0.1357 -0.6535 0.0447 349.25 82.44 3.75 2.68 3.50 1.30 -7.4200 4.2100 -0.5800 -2.4433 0.1478 3.5800 9.18 -3.20 1.22 121 372 185 186 154 
0.7258 -0.2134 -0.6471 0.0947 350.75 63.69 88.25 1.80 -0.63 -1.04 -6.6600 3.3400 -1.1700 -4.4100 0.0778 -2.8578 9.39 -2.58 -1.07 119 379 184 187 154 
0.6202 -0.2740 -0.6822 -0.2736 57.31 79.75 -97.69 8.11 6.45 -6.46 0.3900 4.0100 -6.2400 0.7578 2.0733 -4.7489 8.36 5.04 0.82 121 371 176 188 157 
0.5756 0.0089 -0.6956 -0.4297 72.12 51.00 -89.12 10.78 9.00 -0.20 2.0900 1.8400 -0.3900 2.5289 -0.3744 0.0378 7.36 6.35 -1.26 123 375 187 188 158 
0.5507 0.1221 -0.7655 -0.3097 56.06 51.06 -110.87 8.32 7.65 1.80 0.8300 1.9900 3.5900 0.1744 0.0311 0.9656 7.98 5.19 -2.33 127 375 187 189 158 
0.5586 0.0779 -0.7823 -0.2643 50.69 57.63 -115.31 7.21 5.55 -1.19 -1.2300 0.8700 0.7900 -1.8700 -0.2600 0.2167 8.44 4.63 -1.82 136 368 189 193 163 
;
