0.0981 0.1416 -0.3790 -0.9092 167.62 -10.50 -46.81 -1.88 7.04 6.59 -0.1100 0.0000 0.0000 -0.0011 0.0011 0.0011 -1.79 7.03 6.59 172 395 379 425 220 
0.0981 0.1416 -0.3790 -0.9092 167.62 -10.50 -46.81 -1.87 7.02 6.58 -0.0800 -0.0200 0.0100 -0.0011 0.0022 0.0000 -1.79 7.03 6.59 170 397 379 425 222 
0.0981 0.1416 -0.3790 -0.9092 167.69 -10.50 -46.75 -1.99 7.15 7.00 -0.5700 0.2600 0.8100 -1.0489 -0.5911 -0.1989 -1.58 6.61 7.06 168 312 317 374 219 
0.0610 0.0610 -0.2862 -0.9543 177.87 3.62 -29.06 0.62 2.11 13.98 -0.5000 -2.8900 5.2000 -1.3478 -11.8211 0.3567 7.78 3.50 4.82 169 277 192 198 157 
-0.0328 -0.6974 -0.0800 -0.7114 178.94 79.12 -166.50 7.91 0.79 -6.87 -0.8200 3.0300 -3.2400 4.8611 -5.8133 3.2822 7.46 -2.98 -5.62 156 263 165 175 130 
0.3228 -0.8923 -0.0557 -0.3109 69.81 31.12 132.00 1.29 -2.47 -6.33 -2.2800 3.4300 -1.8400 1.8356 -0.7667 0.6711 4.09 -7.51 -4.79 109 272 168 175 126 
0.5067 -0.8381 -0.0682 -0.1902 35.06 20.69 111.44 3.28 -12.48 -20.17 0.6100 -1.5100 -15.1800 5.9967 1.2700 0.5133 2.85 -9.36 0.51 111 302 177 182 130 
0.8190 -0.5323 -0.0567 -0.2067 27.44 17.56 53.38 2.72 9.92 17.08 0.2900 15.8900 11.3200 1.0756 -0.1711 -0.1756 3.03 -6.50 6.67 113 313 186 187 132 
0.8740 -0.4263 -0.0818 -0.2184 29.37 19.87 52.50 4.00 -6.94 4.59 0.7300 0.8000 -0.2900 -1.9144 0.0489 -0.4944 3.58 -7.99 4.40 129 316 196 199 151 
0.7608 -0.5653 -0.0156 -0.3184 56.44 23.62 70.37 7.98 -6.80 1.73 4.8800 2.9500 -1.3200 -8.3656 12.7267 -2.5233 4.10 -8.78 1.46 165 338 197 196 153 
0.1640 -0.3432 0.5665 -0.7310 169.19 13.38 85.37 -0.80 -11.36 -10.66 -3.2800 2.0800 -4.7100 5.1433 4.7300 0.2067 0.92 -9.03 3.68 186 382 201 200 155 
-0.0552 -0.0035 0.5083 -0.8594 188.19 4.00 58.88 3.33 -7.95 7.03 3.0500 1.6100 0.4300 1.1544 0.5100 0.2378 0.67 -7.94 5.71 188 383 199 197 155 
-0.0532 -0.0062 0.4301 -0.9012 184.81 2.25 47.13 4.24 -2.01 4.95 4.1800 4.2400 -0.8600 3.2211 -0.9822 1.7856 0.02 -5.24 8.28 189 378 202 200 154 
0.1028 -0.0396 0.2170 -0.9699 164.75 2.75 24.00 2.40 -6.92 17.02 0.2200 -2.9500 7.4500 -0.2011 -2.2400 3.1367 1.25 -4.11 8.81 187 380 206 201 157 
0.3343 -0.1642 0.2057 -0.9050 134.25 10.94 32.06 -3.51 -6.90 11.88 -4.6200 -1.1700 3.9700 -1.4733 -1.8389 1.8689 2.51 -6.22 7.14 185 383 205 202 156 
0.4513 -0.2913 0.2834 -0.7944 120.06 11.06 50.00 -1.00 -2.94 8.92 -3.1600 4.1600 2.3200 -1.9878 1.6833 0.6089 1.08 -8.29 5.12 185 382 207 202 157 
0.3881 -0.2877 0.4238 -0.7662 130.69 8.06 62.44 0.73 -2.66 4.86 -0.3400 5.9400 0.7600 -1.1078 1.7933 -2.3533 2.35 -8.60 4.08 183 382 206 204 156 
0.1656 -0.2842 0.4634 -0.8228 160.94 19.50 63.69 4.87 -2.88 2.19 2.4800 5.2000 -1.4100 0.5344 2.0633 -1.8200 3.80 -7.52 5.00 184 384 206 206 158 
-0.0071 -0.2310 0.3940 -0.8896 183.44 26.12 45.75 9.04 -2.73 5.61 4.6200 2.7200 -0.9200 2.1600 0.8333 -0.8144 4.40 -4.86 7.28 184 382 204 205 158 
-0.0402 -0.2349 0.2162 -0.9468 182.87 26.31 22.94 3.38 -7.65 13.90 -1.4800 -4.6800 5.6500 0.7211 -0.0500 0.2556 4.14 -2.88 8.40 185 381 210 211 161 
-0.0010 -0.2439 0.1414 -0.9594 180.75 29.75 17.69 4.88 -3.12 7.93 0.1900 0.0900 -0.1400 0.1922 -0.5111 -0.2167 5.33 -2.42 7.86 183 376 210 219 173 
-0.0115 -0.3024 0.1261 -0.9447 180.81 39.88 15.81 11.24 -1.37 4.64 4.5400 0.3800 -4.3300 3.7433 -10.1289 0.7256 9.58 -1.41 1.49 116 376 199 207 154 
0.2378 -0.7761 -0.0555 -0.5814 114.19 57.50 126.75 9.31 -1.11 -1.13 -0.4800 3.9200 3.4900 3.5744 -3.0844 2.0956 6.40 -6.56 -3.47 116 387 203 203 146 
0.5183 -0.7997 -0.1639 -0.2548 44.94 33.25 111.19 7.51 -4.72 -2.09 2.3100 3.0100 0.1300 3.6189 1.1911 0.1011 5.47 -8.08 -0.87 114 387 205 200 146 
0.6234 -0.7277 -0.2070 -0.1974 40.25 33.56 101.31 5.55 -7.63 -1.60 2.1200 0.5400 -0.0700 -2.4489 -0.1333 0.2356 5.26 -7.58 -3.29 113 387 205 203 147 
0.4995 -0.8232 -0.1627 -0.2155 46.69 30.75 119.94 4.79 -7.18 -5.73 0.2300 0.6300 -0.8400 0.1589 0.0689 -0.1011 5.00 -7.28 -4.25 114 391 207 206 148 
0.4992 -0.8227 -0.1690 -0.2131 45.31 31.31 117.12 6.97 -7.27 -6.60 2.4600 0.1700 -3.3300 3.6211 1.4278 0.3433 5.20 -8.15 -1.61 116 390 209 207 150 
0.6089 -0.7429 -0.1829 -0.2094 39.75 32.50 102.00 4.26 -6.85 -0.35 -2.8200 1.8800 0.9500 -1.4033 -0.3989 -0.5367 5.64 -7.72 -2.15 120 371 203 206 152 
0.5358 -0.7596 -0.1285 -0.3454 80.62 47.50 97.62 0.41 -3.71 -0.54 -7.6700 2.4400 -1.2400 0.6967 6.5589 -5.3033 8.52 -3.61 3.23 156 309 230 230 181 
0.3337 -0.3991 -0.1570 -0.8395 145.87 37.13 -16.31 2.69 5.47 7.84 0.8000 3.2400 0.6700 1.2567 3.4967 -1.5678 2.32 4.56 8.36 167 329 317 355 199 
0.2361 0.0110 -0.2525 -0.9383 149.94 4.19 -31.37 -1.56 10.53 10.43 0.1600 6.0100 -0.1200 2.8689 0.7867 0.3644 0.78 6.50 7.29 169 377 368 409 204 
;
