-0.1417 0.0995 0.3616 0.9161 162.44 16.50 -41.38 2.62 6.29 7.06 -0.2300 0.0800 0.0300 0.0333 0.1511 -0.0478 2.79 6.20 7.05 158 357 363 392 208 
-0.1426 0.0986 0.3611 0.9163 162.37 16.37 -41.38 2.48 6.47 6.93 0.1500 0.3200 0.1300 -1.4033 -1.1356 -0.3656 3.23 5.65 7.33 167 327 316 334 207 
-0.0849 0.2036 0.2999 0.9281 173.69 34.31 -37.19 5.36 4.27 18.36 -1.2400 -0.8200 12.8800 -1.5267 -11.5389 0.7633 9.05 3.76 -0.14 171 294 198 211 193 
0.0410 0.8484 0.1138 0.5154 175.25 51.56 -178.75 8.33 1.03 -9.58 1.7000 4.6700 -3.4400 5.9656 -3.0500 4.0211 5.11 -4.42 -7.10 150 270 149 156 124 
-0.3986 0.8878 -0.0294 0.2281 42.81 17.12 119.56 0.86 -1.21 -4.43 -3.4000 5.3600 -1.0400 2.0644 1.1956 -0.6011 2.85 -8.97 -2.72 129 300 161 164 128 
-0.5991 0.7676 -0.0212 0.2267 42.31 19.37 97.81 0.51 -10.54 -5.02 -1.0100 -1.3800 -4.0900 2.7444 0.7522 -0.2067 3.28 -9.18 1.00 126 318 167 165 129 
-0.7753 0.5708 0.0141 0.2698 37.69 19.12 56.63 2.51 -1.36 -0.70 0.4400 9.5500 -3.2200 5.1367 2.5189 -0.5744 2.53 -4.73 8.20 131 339 166 168 131 
-0.9241 0.2328 0.0529 0.2985 35.00 13.63 27.44 -0.50 6.53 14.73 -2.1100 4.6600 0.9100 -2.7278 -0.5478 -0.3911 2.71 -5.92 7.32 138 337 172 170 134 
-0.8606 0.4090 0.0308 0.3019 41.00 18.25 51.38 -0.73 -2.75 6.73 -3.1600 5.7400 1.6500 -6.2689 1.2967 -2.2567 3.89 -8.60 2.65 166 356 173 175 133 
-0.5488 0.6994 -0.0953 0.4479 88.37 35.88 101.25 5.38 -6.44 -8.07 2.6500 0.5500 -7.4900 -2.2956 -2.4267 -1.3322 6.10 -6.36 -4.29 120 372 175 176 134 
-0.3522 0.8606 -0.0272 0.3669 85.31 35.56 126.94 13.13 -7.33 -9.64 4.5600 0.0000 -4.1200 2.4567 -2.2044 0.7989 4.57 -7.66 -4.06 117 382 173 177 136 
-0.5339 0.8058 0.0253 0.2548 46.25 24.50 103.87 4.95 -6.18 0.06 0.4500 2.4900 1.5700 3.2889 3.1844 -2.0411 4.26 -8.81 0.54 117 388 187 179 139 
-0.6434 0.6940 -0.0037 0.3230 57.94 28.56 92.69 4.71 -7.45 -3.34 1.3600 0.9600 -2.6200 -2.8767 0.1333 -0.7700 5.07 -7.90 -2.79 117 385 189 182 142 
-0.5681 0.7635 0.0181 0.3066 54.44 29.31 90.06 0.45 -1.73 3.06 -8.5500 10.3900 19.9700 -2.0622 0.2311 0.1578 5.17 -8.32 0.33 122 376 196 185 147 
-0.6061 0.6922 0.0087 0.3917 72.56 35.88 88.06 13.31 -4.34 5.13 7.8100 4.0300 4.4900 -5.1100 9.1956 -3.2456 6.93 -6.76 1.55 158 318 235 250 190 
-0.2057 0.5035 -0.3002 0.7836 164.12 35.88 61.50 11.16 -4.24 0.07 7.1000 4.6900 -1.1600 -5.7956 8.8644 0.3933 2.95 -8.68 3.47 161 296 286 323 197 
0.1660 -0.0027 -0.6400 0.7502 211.12 10.94 86.75 2.93 -5.72 -0.37 4.6400 4.6000 -0.2500 -3.4633 0.4778 0.7244 1.11 -9.51 -2.08 158 291 300 315 196 
0.1382 -0.1346 -0.8021 0.5652 205.31 3.69 110.12 0.88 -8.49 -9.14 0.0300 0.1900 -6.2100 0.3922 0.3322 0.0633 0.87 -9.20 -3.27 158 300 301 310 194 
0.1436 -0.0850 -0.8020 0.5735 210.25 9.00 105.06 -2.07 -10.53 -21.02 -2.7700 2.2000 -17.7400 10.0222 1.4067 -1.7967 2.65 -8.55 3.98 160 303 307 311 198 
0.2540 0.0148 -0.4434 0.8594 212.37 13.69 50.81 1.19 3.18 24.60 0.6300 6.6300 12.7700 -3.2511 -0.7244 0.5967 2.06 -8.78 3.84 158 310 312 314 199 
0.1858 -0.0247 -0.6319 0.7521 207.69 10.94 83.19 0.49 -6.67 -4.50 -0.8700 2.3600 -6.4100 -2.1233 -1.5744 0.1600 1.63 -9.56 -1.43 159 306 310 305 197 
0.1490 -0.0376 -0.7661 0.6241 210.12 12.19 94.19 -5.26 -8.56 -23.49 -7.1500 3.3800 -16.8300 9.8567 1.7433 -2.5411 3.14 -7.07 6.01 161 302 299 309 198 
0.2892 0.0457 -0.3907 0.8727 216.19 16.31 46.50 -0.04 -6.66 10.66 -0.1200 1.0900 1.8300 -1.9833 -0.7500 0.7444 2.64 -7.87 5.20 162 305 307 302 197 
0.2238 0.0090 -0.5356 0.8142 210.25 14.19 67.37 1.07 -7.24 1.58 -2.1400 1.0500 -2.0700 -2.2867 -0.3322 0.5078 2.14 -9.33 2.09 157 317 304 301 198 
;
