0.6467 0.2260 -0.1843 -0.7048 94.75 -4.50 -33.56 -0.86 5.49 8.09 0.0000 0.0800 -0.0300 -0.0667 0.0467 -0.2556 -0.87 5.39 8.14 164 364 361 396 209 
0.6456 0.2251 -0.1811 -0.7068 95.19 -4.62 -32.94 -1.03 5.42 8.74 -0.2800 0.0500 0.2500 -0.1200 -0.2756 0.1878 -0.61 5.23 8.26 161 353 358 393 209 
0.6424 0.2073 -0.1873 -0.7136 96.12 -2.44 -32.38 -2.63 5.73 12.16 -1.6200 1.7100 6.0600 -0.0756 -1.1022 -0.4744 0.98 5.05 8.34 165 307 282 285 206 
0.5536 0.0245 -0.3185 -0.7690 114.12 31.44 -38.31 5.26 4.92 9.75 2.4600 0.6500 2.6400 0.6111 -10.8656 3.9078 9.25 3.09 -0.93 174 295 158 164 165 
0.3322 -0.6120 -0.5951 -0.4013 61.06 44.56 162.50 9.01 4.02 -9.32 -0.5000 6.6600 -0.7000 4.1878 -0.6833 1.8622 5.51 -5.54 -5.92 138 291 132 151 140 
0.4933 -0.6476 -0.5798 0.0315 350.12 32.63 122.69 1.90 -4.30 -5.71 -1.8000 1.6600 -3.2500 1.8089 1.0044 -0.1133 5.49 -7.54 -3.01 117 285 153 159 141 
0.6359 -0.5439 -0.5306 0.1355 327.31 29.62 89.62 6.78 -8.90 -14.85 1.5200 5.4800 -8.5500 7.8544 2.5933 -0.3922 4.05 -6.73 5.86 125 327 155 164 152 
0.8487 -0.1979 -0.3075 0.3821 311.00 21.06 36.06 2.09 4.47 12.73 -1.1000 8.3900 4.3100 -1.3111 -0.1322 -0.5711 3.71 -5.71 7.05 126 331 163 166 155 
0.8420 -0.2214 -0.3278 0.3668 314.00 22.81 42.88 3.14 -6.21 7.19 -1.5100 0.6700 0.9100 -0.7644 -0.2511 -0.0067 3.88 -6.53 6.19 134 331 165 168 155 
0.8266 -0.2889 -0.3612 0.3206 320.25 25.00 55.56 4.31 -3.83 8.47 0.0000 3.4000 3.7600 -6.1678 2.0733 -2.7189 5.10 -8.02 2.38 153 299 185 189 173 
0.7316 -0.5355 -0.4202 -0.0377 18.12 45.75 85.31 9.78 -9.35 -6.64 4.3500 -3.4400 -7.1200 0.2389 -0.5756 -1.5978 8.05 -5.55 0.74 154 364 315 356 203 
0.7557 -0.4415 -0.4655 -0.1317 14.06 52.94 65.50 5.99 -4.36 -3.39 -3.6300 2.0700 -4.3000 5.1056 -1.8656 0.8511 7.80 -4.88 3.36 171 416 359 411 207 
0.8281 -0.1945 -0.5124 0.1179 338.81 54.50 44.88 7.88 2.01 5.19 0.6800 5.9700 1.2800 1.9722 -0.3533 0.0089 8.22 -3.28 4.21 187 413 357 408 209 
0.8130 -0.0449 -0.5353 0.2245 327.87 58.38 36.81 9.67 0.99 5.17 1.4600 4.0900 0.7700 -0.4633 0.4900 -0.1156 8.30 -3.17 4.14 189 390 329 383 211 
0.8216 -0.0759 -0.5318 0.1910 336.37 57.38 37.69 9.07 2.10 4.30 0.8700 6.1700 -0.6100 -3.4211 2.1700 -2.0822 8.16 -3.20 4.38 189 351 301 355 206 
0.8514 -0.2188 -0.4761 -0.0224 11.81 52.06 41.63 6.27 -4.13 -0.96 -1.6100 -0.6900 -4.5600 -6.1100 -1.2100 1.0178 7.47 -5.94 2.21 176 251 276 330 207 
0.7112 -0.5579 -0.3979 -0.1566 25.00 45.75 88.44 3.01 -10.92 -4.67 -3.1700 -3.7800 -3.8600 -0.5422 0.0778 0.4833 -1.77 -0.01 -0.01 182 262 291 337 209 
0.6830 -0.6119 -0.3707 -0.1467 23.94 43.44 91.75 6.73 -8.04 -0.28 0.0900 -0.1900 0.0600 0.0467 -0.1089 -0.0111 6.81 -7.05 -0.21 180 266 293 337 210 
0.6858 -0.5991 -0.3887 -0.1401 23.06 44.75 91.12 9.23 -4.74 0.14 3.2500 2.5800 0.4500 -1.0889 3.8633 -0.0356 6.80 -6.96 1.15 171 268 283 289 197 
0.7192 -0.5743 -0.1312 -0.3682 61.06 32.50 61.44 8.12 -5.68 8.38 2.3300 0.6400 3.6300 -4.2289 6.0244 -0.6700 3.49 -8.27 3.93 172 350 338 359 200 
0.5934 -0.5378 0.2377 -0.5497 86.75 16.75 74.44 2.56 -10.05 -2.28 -1.6100 -0.3000 -3.8000 -2.0067 0.1300 -0.2411 2.77 -9.32 1.23 170 377 348 380 205 
0.5421 -0.6202 0.2852 -0.4901 83.00 17.69 87.44 5.18 -6.84 -5.89 1.6500 2.9200 -7.4200 1.5156 -0.8533 0.4389 2.90 -9.31 0.94 161 372 348 379 208 
0.6533 -0.5836 0.1640 -0.4536 64.94 19.37 61.44 2.85 -2.32 1.76 5.4300 8.0200 6.1300 7.1878 -0.8000 0.4978 3.86 -4.81 7.62 163 376 358 382 209 
0.8820 -0.2496 -0.1104 -0.3841 45.88 21.87 20.62 -0.75 4.06 24.14 -4.9200 5.7000 11.4100 -3.3333 -0.4767 -0.8022 3.62 -4.66 7.82 162 377 362 384 209 
0.8112 -0.3597 -0.0068 -0.4609 66.37 18.87 47.19 6.68 -2.03 5.05 4.5500 5.0100 -1.3900 -5.4800 1.4878 -0.5356 3.08 -8.64 3.44 162 380 362 388 208 
0.5687 -0.6008 0.2451 -0.5056 84.69 19.12 86.37 2.75 -7.49 -9.22 0.6000 2.7100 -9.3800 -1.8922 0.6067 -0.9122 3.46 -9.14 -0.70 164 378 360 389 209 
0.5208 -0.6616 0.2485 -0.4788 81.56 22.62 82.56 5.06 -4.61 -6.65 1.0600 5.4200 -8.0300 8.9978 -3.1167 0.5756 4.05 -6.87 5.69 162 369 353 383 212 
0.8316 -0.3403 -0.0857 -0.4304 49.50 26.44 24.19 9.30 5.12 22.97 -9.2700 5.6800 9.5000 0.9167 -2.7822 1.1044 4.66 -2.78 8.16 164 371 358 382 209 
0.8848 -0.2495 -0.1677 -0.3561 45.13 29.69 24.44 5.11 -1.29 11.40 0.9900 2.4100 3.5500 -1.8767 1.8922 -1.2444 4.48 -4.31 7.58 166 365 352 368 210 
0.8124 -0.3680 -0.0847 -0.4443 60.56 28.50 40.38 6.14 -4.20 3.75 1.9200 1.1900 -2.6400 -2.6122 1.3744 -0.2956 4.47 -6.70 5.58 164 321 328 326 208 
0.7112 -0.4968 0.0270 -0.4967 70.94 27.25 57.25 4.43 -6.93 1.06 -0.6400 0.4700 -3.2400 -0.9900 0.1678 -0.3422 4.70 -7.49 4.22 162 318 317 317 206 
0.6802 -0.5160 0.0270 -0.5200 76.37 30.87 53.94 1.77 -5.36 1.21 -3.7100 1.2600 -4.5600 1.9789 -0.4589 -2.0756 6.07 -5.18 5.69 163 290 285 288 202 
;
