0.9543 0.0745 -0.0873 -0.2761 32.00 7.12 -11.06 0.86 1.32 9.33 -0.0400 -0.3400 -0.2900 -0.0589 -0.2011 0.1567 1.37 1.84 9.53 159 334 322 357 200 
0.9548 0.0666 -0.1040 -0.2705 31.12 10.63 -11.06 1.34 3.10 13.31 0.3300 1.1800 6.0500 -0.3367 -1.3511 0.5822 3.02 1.74 9.16 167 266 243 250 186 
0.9509 0.0099 -0.1913 -0.2430 27.25 17.44 -1.81 10.28 2.11 11.79 7.2000 1.5300 -0.9500 -4.1789 5.4122 2.8344 -1.13 -2.64 9.37 179 162 154 177 128 
0.9503 -0.1942 0.2362 -0.0585 357.00 -36.63 27.62 -8.17 -0.14 -7.15 -1.9500 3.6600 -12.2200 -0.3522 2.0678 4.1156 -8.29 -1.19 5.09 195 157 162 175 125 
0.8499 -0.1178 0.4714 0.2042 334.87 -57.00 -5.81 -8.80 4.20 0.21 0.2500 3.1300 -2.6200 5.9189 -0.4622 -0.5511 -7.91 2.41 5.26 202 162 155 178 126 
0.8820 0.0964 0.4532 0.0862 349.12 -49.94 -18.75 -9.85 2.85 4.55 -1.0900 0.5900 -1.9800 -0.0822 -0.0311 -0.5711 -7.37 1.38 6.31 202 164 159 179 129 
0.9010 0.0409 0.4273 0.0627 352.81 -50.00 -10.06 -6.22 0.79 6.07 0.7800 -0.1300 -0.3100 -0.2589 -0.2356 -0.4667 -7.43 0.67 6.36 203 165 160 184 131 
0.9228 -0.0062 0.3842 0.0277 358.06 -41.63 2.81 -9.03 -0.37 9.90 -2.7100 -0.3300 1.6600 -1.6544 -5.4900 -2.9778 -3.42 -2.32 8.89 201 183 171 196 144 
0.9822 -0.1668 0.0049 -0.0856 10.44 15.06 21.37 8.36 -4.87 7.58 4.7800 0.5700 -1.7800 0.8522 -5.5156 0.4133 6.47 -3.18 6.63 193 254 248 260 183 
0.8768 -0.1562 -0.4544 0.0195 352.06 56.38 27.81 6.72 -1.84 2.28 -1.5400 0.4800 -0.7600 4.7067 -2.5356 1.1756 8.86 -1.76 3.79 197 408 362 426 214 
0.7888 0.0777 -0.5521 0.2587 319.44 66.44 23.00 8.19 2.60 6.10 -0.6200 3.9700 2.2000 0.6567 0.0700 0.1156 8.99 -1.38 3.66 200 423 375 435 214 
0.7668 0.1237 -0.5475 0.3113 316.75 66.25 23.50 11.46 1.32 3.24 1.5200 3.1300 -0.2900 -1.4689 1.1322 -0.1678 8.76 -1.82 4.01 197 419 373 432 216 
0.8101 0.0381 -0.5293 0.2492 328.12 60.25 26.44 10.12 -0.39 2.57 0.4600 1.6100 -2.1200 -2.0067 0.6644 0.4033 8.20 -3.01 4.44 199 387 353 412 212 
0.8254 -0.1129 -0.5208 0.1862 334.06 52.63 46.50 4.21 -7.85 4.19 -4.5800 -3.5800 0.1600 -2.7156 0.6333 1.3522 6.79 -6.00 3.73 185 272 279 319 194 
0.7830 -0.3288 -0.4988 0.1735 337.19 41.44 69.44 5.38 -8.89 1.48 -0.5500 -1.7000 -1.2700 -0.3156 0.2911 -0.5656 6.68 -6.76 2.39 189 285 290 335 200 
0.7791 -0.3649 -0.4973 0.1122 343.94 44.06 70.44 7.87 -6.51 1.80 1.0100 0.0700 -0.4100 0.2233 -0.2311 0.1211 6.83 -6.64 2.30 192 290 302 338 199 
;
