-0.0068 -0.0012 0.3267 0.9451 179.19 -0.19 -38.19 -0.16 6.20 7.45 -0.1500 0.1900 -0.3000 -0.0511 0.1689 -0.1744 -0.16 6.05 7.71 164 366 357 393 216 
-0.0003 -0.0142 0.3226 0.9465 180.06 -1.94 -37.25 -0.57 6.06 7.75 0.1200 0.4400 -0.0900 -0.2078 0.1533 -0.1189 -0.46 5.80 7.89 161 360 356 394 214 
0.0029 -0.0249 0.3088 0.9508 180.31 -2.81 -35.88 -0.97 5.98 8.35 -0.9700 -0.0600 0.6600 -0.1567 -0.1622 0.1867 -0.18 5.74 7.94 163 324 330 361 215 
-0.0225 0.0219 0.3140 0.9489 174.69 7.12 -35.56 3.64 9.45 18.46 3.1800 4.5100 10.9700 -3.0756 2.1700 0.5533 1.47 4.21 8.73 165 261 222 206 177 
-0.0972 0.0522 0.1579 0.9813 169.31 6.19 -14.69 5.41 1.92 8.96 6.6400 2.2400 -1.4500 -3.1800 4.3933 -0.0833 -2.11 -0.10 9.57 167 175 185 171 143 
-0.1060 -0.2249 -0.1030 0.9631 164.31 -37.56 14.69 -0.11 -0.32 3.96 8.3600 2.8600 -1.5500 -2.9056 3.9678 2.8256 -8.32 -1.91 4.81 180 166 173 164 144 
-0.2830 -0.4916 -0.2621 0.7808 133.44 -69.12 11.50 -3.70 3.44 0.98 4.8600 2.3600 -3.8100 -1.1811 0.0856 2.8611 -9.19 1.23 3.17 188 170 176 168 146 
-0.5075 -0.5260 -0.2297 0.6426 96.87 -59.19 -40.50 -16.94 5.43 4.17 -7.6100 1.4200 -0.5100 -0.2878 -1.4133 -0.2311 -7.87 3.29 4.82 189 175 183 173 150 
-0.5686 -0.4636 -0.1583 0.6608 100.06 -51.81 -30.81 -10.02 4.01 5.42 -1.9800 0.9400 0.5300 0.2800 -0.2811 -0.5756 -7.72 2.91 5.28 190 179 189 178 153 
-0.5192 -0.4410 -0.1354 0.7195 112.06 -48.81 -20.62 -12.61 3.45 5.38 -6.9000 2.5500 -0.1500 -0.8356 -5.8111 -3.5444 -4.55 0.10 8.68 168 233 197 191 156 
-0.3221 -0.0420 -0.0735 0.9429 147.50 10.06 8.63 1.47 3.84 4.91 -3.3900 3.7400 -6.0800 -3.2278 -12.2633 -1.0711 8.42 -2.84 4.14 148 309 195 185 147 
-0.2820 0.7308 -0.0109 0.6215 112.62 53.56 115.37 4.19 -4.12 -4.84 -3.3300 2.3300 -1.7700 2.8767 -3.4511 3.0356 5.01 -7.71 -3.37 100 319 186 175 140 
-0.5263 0.8076 0.0236 0.2652 50.88 25.75 109.81 3.88 -11.25 -6.50 0.5700 -3.0700 -4.2200 1.0300 -0.0422 -0.2600 4.24 -8.48 -2.47 105 315 187 179 143 
-0.5944 0.7560 0.0687 0.2654 48.81 30.62 94.50 7.88 -10.70 -4.62 2.8500 -2.1900 -6.2600 4.1122 1.1622 0.0744 5.00 -8.14 2.16 108 319 186 181 144 
-0.7921 0.5120 0.1061 0.3150 42.50 27.37 48.44 1.71 4.93 5.23 -3.2600 13.3500 1.0900 4.5411 0.9400 1.1778 3.52 -4.14 8.15 110 328 188 184 145 
-0.9211 0.2447 0.1075 0.2830 34.94 19.62 26.25 2.18 -3.32 7.81 -0.4500 0.8900 -0.0200 -0.7733 -0.4667 -0.3867 3.59 -4.58 7.88 110 324 191 186 145 
-0.8936 0.3123 0.1011 0.3062 37.63 22.12 32.94 3.80 -2.73 8.82 -0.0200 2.6800 1.4600 -1.1289 -0.0800 -0.0044 3.74 -5.46 7.23 132 303 196 191 153 
-0.8687 0.3867 0.1013 0.2927 35.38 25.12 43.75 2.99 -4.71 6.95 -1.7300 2.2500 1.3100 -1.0233 -1.2522 0.7033 4.57 -6.63 5.58 174 290 270 287 200 
-0.8204 0.5092 0.1565 0.2078 27.62 27.75 71.06 0.74 -0.73 2.62 -3.7600 8.6600 0.4500 -8.0767 -3.0211 0.1200 4.36 -8.21 -3.09 178 262 296 318 214 
-0.3979 0.8885 0.2016 0.1079 154.37 18.00 145.44 -0.89 -0.25 -17.31 0.9400 2.4300 -8.9300 -3.7467 -2.6500 0.0456 1.62 -1.95 -9.46 181 271 297 331 219 
-0.0345 0.9707 0.2328 0.0482 153.12 5.37 179.94 2.32 -1.36 -17.80 2.3900 -1.5200 -6.8200 -0.0111 -0.9056 0.4500 0.37 0.47 -9.78 178 275 296 326 218 
0.0072 0.9758 0.2172 0.0225 154.81 2.44 -178.87 1.19 0.28 -9.65 0.3800 -0.2100 0.4600 0.1767 -0.2456 0.3056 0.45 -0.01 -9.79 180 280 295 324 219 
-0.0104 0.9780 0.2076 0.0195 155.87 2.62 179.00 1.02 -0.13 -9.57 0.9000 0.3100 0.7800 0.2989 0.1911 -0.0167 0.56 -0.26 -9.78 180 283 294 322 218 
-0.0202 0.9786 0.2037 0.0209 156.56 2.50 177.69 0.62 -0.60 -9.45 0.1300 -0.1500 0.3600 0.1244 0.0578 -0.0722 0.55 -0.48 -9.77 180 283 295 318 216 
-0.0315 0.9774 0.2085 0.0192 156.12 2.87 176.75 1.59 -0.56 -9.44 0.6300 0.1000 0.2300 0.1878 -0.0411 0.0722 0.52 -0.70 -9.76 179 282 294 318 217 
-0.0406 0.9777 0.2053 0.0180 156.37 3.12 175.94 0.49 -0.74 -9.38 0.5400 -0.0100 0.3300 0.0100 0.0444 0.0033 0.56 -0.68 -9.76 179 281 295 319 216 
-0.0408 0.9779 0.2040 0.0195 156.62 3.06 175.81 1.03 -0.70 -9.41 0.3400 0.0400 0.2700 -0.0167 0.0889 -0.0378 0.63 -0.69 -9.76 177 283 295 317 218 
;
