0.2021 -0.0399 -0.2308 -0.9509 155.94 9.69 -25.37 1.52 4.07 8.61 -0.1500 -0.0800 -0.1200 -0.0022 0.0044 0.0000 1.65 4.14 8.73 159 341 370 409 222 
0.2021 -0.0399 -0.2308 -0.9509 155.94 9.69 -25.37 1.50 4.07 8.66 -0.1400 -0.0700 -0.0700 0.0056 -0.0022 0.0033 1.65 4.14 8.73 158 343 371 409 222 
0.2021 -0.0399 -0.2308 -0.9509 155.94 9.69 -25.37 1.49 4.09 8.66 -0.1100 -0.0600 -0.1100 0.0000 0.0044 -0.0011 1.65 4.14 8.73 160 340 370 409 221 
0.2021 -0.0398 -0.2308 -0.9509 155.94 9.69 -25.37 1.52 4.09 8.65 -0.1600 -0.0800 -0.1100 0.0056 0.0300 -0.0011 1.64 4.14 8.73 159 339 368 410 222 
0.2026 -0.0380 -0.2307 -0.9509 155.87 9.50 -25.44 1.49 4.23 9.43 -0.3700 0.1100 2.1000 0.7267 -0.8333 0.1178 2.01 4.47 8.49 161 309 343 387 223 
0.2087 -0.1224 -0.2999 -0.9227 155.31 26.19 -32.56 8.94 8.48 15.97 7.1000 3.0400 6.7200 -3.8167 -1.2233 1.4544 5.72 2.18 7.65 171 174 182 192 159 
0.2043 -0.2473 -0.0764 -0.9441 154.44 21.75 5.94 4.41 -0.19 2.89 2.6900 2.2400 -6.1500 -3.0200 5.2533 1.5033 -0.63 -3.83 9.00 190 160 160 172 123 
0.2689 0.0953 0.2932 -0.9125 143.19 -27.00 33.25 2.08 -0.26 2.98 9.1900 5.3600 -4.1500 -0.7411 2.3389 3.6978 -7.05 -3.42 5.89 192 169 171 174 127 
0.4683 0.3536 0.3255 -0.7415 105.19 -59.56 -3.87 -9.86 14.07 6.20 -4.9700 12.2900 2.8800 0.3133 0.3700 6.4778 -7.35 4.90 4.25 198 172 171 174 130 
0.7079 0.4758 0.1213 -0.5078 73.81 -40.13 -44.31 -11.37 4.67 2.41 -2.2600 0.1800 -2.2500 0.8078 -0.9889 -1.8011 -6.59 4.57 5.63 198 175 176 179 132 
0.6411 0.4498 0.1102 -0.6120 89.19 -44.38 -37.19 -6.44 4.18 5.07 0.8300 0.2700 -0.4400 0.3256 -0.8167 -0.6722 -6.76 4.02 5.85 198 189 177 190 143 
0.5886 0.4015 0.0540 -0.6996 105.94 -32.19 -28.50 -7.60 6.19 7.11 -2.6900 2.3200 -0.8600 2.2711 -10.0444 -1.1311 0.39 4.84 8.51 171 238 246 257 193 
0.4033 -0.0579 -0.2685 -0.8729 132.06 25.19 -23.25 9.51 3.22 5.67 6.3400 0.2900 -0.8700 -1.3433 -1.2267 1.7422 5.75 2.08 7.66 103 196 187 192 129 
0.4437 -0.2604 -0.1883 -0.8365 119.25 40.94 -0.56 8.51 0.39 3.35 0.0700 0.7700 -4.9400 1.0833 -0.5556 3.3000 6.99 -1.21 6.76 89 194 169 180 116 
0.6422 -0.3277 -0.1976 -0.6642 86.06 39.19 13.06 3.63 2.62 5.93 -0.6800 5.0500 0.1000 2.0311 1.3267 2.7189 5.13 -1.72 8.17 91 185 163 178 115 
0.7947 -0.2447 -0.1871 -0.5231 64.00 35.88 14.94 -3.00 2.43 12.90 -12.0300 4.2700 5.7400 -0.8967 -0.6967 -0.7289 6.22 -2.41 7.18 92 185 165 179 116 
0.7632 -0.2959 -0.2087 -0.5350 73.19 38.81 14.63 5.12 0.61 10.59 -0.5400 2.5500 2.7000 -0.5656 1.0233 -1.8800 5.81 -1.37 7.77 93 189 170 181 117 
0.6810 -0.2549 -0.1719 -0.6646 92.37 33.75 7.19 5.61 1.22 7.34 0.8800 2.0200 -1.4200 -0.4622 1.0222 -1.9433 4.86 -0.59 8.49 95 190 170 183 119 
0.5807 -0.1986 -0.1324 -0.7783 108.81 26.69 0.13 10.97 1.17 8.09 4.7200 0.4400 -1.1900 0.1844 0.1789 -0.2867 4.22 0.29 8.84 95 191 174 183 120 
0.5634 -0.1928 -0.1647 -0.7863 105.75 30.25 -3.06 7.15 0.77 7.40 1.4000 0.6800 -0.4200 1.5622 -1.9589 2.4311 6.08 0.40 7.68 93 193 176 185 121 
0.6553 -0.2224 -0.2636 -0.6721 92.31 41.75 -6.25 7.33 -0.05 6.19 0.7900 -0.7700 -1.4400 0.1211 -0.1011 0.4989 6.54 0.64 7.27 96 194 180 187 124 
0.6512 -0.2347 -0.2825 -0.6641 92.19 42.06 -5.00 0.28 0.57 11.68 -5.9600 0.2800 4.6300 -1.9222 -0.5756 -1.4511 6.73 0.41 7.11 102 202 193 202 144 
0.5318 -0.3364 -0.2404 -0.7391 113.25 54.00 1.44 8.12 2.63 6.38 -0.4200 1.8100 0.2600 -3.5322 -5.2689 0.8800 9.38 -1.38 2.48 118 253 203 209 149 
0.3616 -0.6770 -0.2103 -0.6055 115.31 72.56 115.25 9.66 -1.33 -1.91 -2.4800 2.4300 -1.4700 2.2367 -3.4789 1.2911 8.17 -4.14 -3.49 146 288 164 171 129 
0.4302 -0.8163 -0.2520 -0.2917 61.13 38.13 130.06 4.02 -4.22 -9.20 -0.1900 1.0000 -4.8500 0.3478 -0.4911 0.9100 5.17 -6.44 -5.27 129 308 170 175 131 
0.4788 -0.8304 -0.1976 -0.2052 42.06 31.81 116.44 6.30 -10.99 -13.71 0.8500 -2.6400 -11.7500 5.3089 0.7489 1.0422 4.60 -8.65 -0.10 135 333 174 180 133 
0.7906 -0.5620 -0.1931 -0.1477 21.37 28.06 61.13 2.62 6.64 13.91 -0.9500 13.6900 9.2100 1.1544 0.4433 0.0189 4.40 -6.94 5.33 135 338 176 182 134 
0.8614 -0.4495 -0.1819 -0.1514 19.87 26.56 55.19 4.81 -6.51 5.61 0.4300 1.1600 0.9400 -0.7122 0.2078 -0.3111 4.43 -7.42 4.62 131 336 178 183 135 
0.8255 -0.5089 -0.1766 -0.1686 24.81 28.37 64.87 1.72 -1.82 5.42 -3.7800 5.9700 2.1700 -3.8300 1.2500 -2.9078 5.86 -7.59 2.02 144 319 186 194 150 
0.6178 -0.6409 -0.1666 -0.4240 86.06 57.63 77.12 6.47 -0.73 -3.54 -0.5100 2.8200 -5.2800 -3.7100 5.3400 -7.0633 9.10 -0.15 3.64 150 325 222 233 179 
0.2253 -0.3546 -0.2179 -0.8809 153.19 31.69 -18.81 4.06 5.67 12.55 -2.7300 1.4900 3.8700 0.9356 2.5056 -1.0322 2.32 3.50 8.85 157 352 312 332 203 
0.1944 -0.0229 -0.2329 -0.9526 158.25 3.44 -27.94 -1.88 5.32 10.43 0.0700 2.0600 2.9400 -1.0722 2.4944 -1.2222 -1.06 4.13 8.83 159 364 353 402 214 
;
