0.6763 0.2432 -0.1246 -0.6841 90.62 -9.44 -30.37 -1.66 4.94 8.27 -0.0400 0.0500 -0.1000 0.0044 -0.0011 -0.0011 -1.61 4.89 8.34 169 371 353 397 212 
0.6763 0.2432 -0.1246 -0.6841 90.62 -9.38 -30.37 -3.88 4.25 7.84 -4.6600 -1.8000 -0.8200 1.2833 -4.2056 0.8133 0.51 5.39 8.17 167 330 339 370 209 
0.6358 0.1098 -0.3190 -0.6942 97.00 23.75 -40.50 5.23 6.68 14.39 0.4500 0.3400 6.5400 -0.7822 -4.0056 0.2289 6.23 5.33 5.37 170 249 193 201 174 
0.5769 -0.1104 -0.3917 -0.7082 99.69 30.56 -22.50 7.50 5.76 7.35 3.8200 3.6000 -1.1800 -4.7489 6.8867 0.0456 0.48 0.09 9.79 181 183 144 176 150 
0.6532 -0.0122 0.1005 -0.7504 97.00 -9.69 13.19 7.83 2.96 5.59 6.9200 5.6700 -3.9200 -4.0311 4.1956 2.8133 -5.02 -4.07 7.36 186 177 154 174 135 
0.7136 0.0591 0.4459 -0.5371 68.69 -48.94 32.88 -1.19 3.01 1.28 5.5500 5.6200 -3.6000 -1.1300 0.7200 4.8300 -8.68 -0.70 4.50 190 178 157 179 138 
0.8287 0.1846 0.4843 -0.2112 23.75 -60.13 -18.31 -13.95 3.90 1.74 -4.6900 2.2600 -1.6200 0.2422 -1.0722 1.8211 -7.54 3.13 5.42 189 182 161 183 140 
0.8848 0.2404 0.3879 -0.0945 12.13 -45.94 -30.69 -9.31 3.35 6.47 -1.7200 0.0100 0.6600 0.2211 -0.1400 -0.3433 -6.95 3.39 6.01 190 186 162 185 141 
0.8924 0.2380 0.3657 -0.1150 14.63 -45.19 -28.75 -6.69 3.16 6.05 0.5600 -0.2500 -0.0500 0.0711 -0.1778 -0.1444 -6.91 3.28 6.12 191 188 164 187 143 
0.8943 0.2336 0.3612 -0.1230 16.81 -44.06 -26.44 -9.01 3.80 6.95 -4.9000 1.1000 1.6200 -0.1789 -1.4044 -2.0489 -6.30 1.93 7.25 186 199 174 206 165 
0.9119 0.0890 0.1984 -0.3480 47.88 -15.94 2.81 -2.50 5.51 2.84 -0.7200 6.0300 -9.1000 -3.2967 -14.2633 -3.2756 7.22 -2.49 6.14 114 338 191 210 157 
0.6778 -0.5044 -0.3980 -0.3574 47.56 59.94 89.87 3.47 -5.64 -7.38 -4.8300 -0.5300 -5.8900 0.7711 -4.5456 2.3522 6.77 -6.65 -2.46 110 387 193 205 153 
0.5891 -0.6418 -0.4907 -0.0176 356.81 35.25 112.19 7.30 -6.91 -3.16 2.2700 0.7500 0.0800 1.9456 -1.4389 -0.5200 5.58 -7.69 -2.41 110 395 191 207 151 
0.6328 -0.5250 -0.5544 0.1284 334.44 34.63 98.25 8.45 -6.30 1.48 -3.5000 3.7200 1.0000 0.2711 -1.0178 -0.9022 5.80 -7.90 0.13 115 396 194 215 157 
0.6953 -0.4842 -0.5175 0.1198 341.75 37.56 96.06 10.04 -7.47 -4.33 1.7000 -0.1800 -4.1800 -1.7044 -0.4922 0.2222 5.72 -7.54 -2.54 112 397 196 209 151 
0.6259 -0.5325 -0.5583 0.1142 335.19 35.19 96.62 -13.26 -2.88 6.63 -13.4600 10.4900 21.6400 -0.2922 -2.6256 0.3567 5.85 -7.86 0.24 115 388 194 208 153 
0.7060 -0.4541 -0.5248 0.1413 338.19 37.81 89.25 6.92 -5.60 2.08 -1.3600 2.5100 2.6000 -0.8856 1.7311 -1.4267 6.77 -7.08 0.12 147 292 206 223 167 
0.7653 -0.4192 -0.4837 -0.0682 17.87 55.25 58.88 4.37 -2.03 0.39 0.8300 2.3400 -3.2400 3.6811 2.9611 -5.4811 7.62 0.43 6.15 162 244 219 235 174 
0.8599 0.0521 -0.3976 -0.3158 38.88 37.56 -33.56 10.58 7.88 5.14 4.5900 3.7900 -0.2100 5.3233 -0.6933 1.8678 6.67 6.14 3.73 177 206 208 227 166 
0.7808 0.3306 -0.5230 -0.0869 4.94 55.69 -74.25 9.45 9.82 6.97 1.7400 5.3300 4.1100 -1.0089 -0.7744 4.3989 9.44 2.47 0.86 192 176 174 190 139 
0.7444 0.1312 -0.6454 0.1100 342.06 80.44 12.94 1.09 1.79 4.42 -9.2500 1.5600 1.2600 -3.8378 0.9378 0.1633 9.51 -1.42 1.90 197 174 172 188 136 
0.7424 -0.1085 -0.6609 -0.0139 9.50 83.06 76.25 12.95 1.97 -5.61 4.5700 1.8100 -7.5800 -1.8689 -0.6356 -1.6900 9.80 0.12 -0.27 198 178 174 189 135 
0.6599 -0.1633 -0.7145 -0.1656 28.00 84.87 -178.94 10.51 0.34 -0.72 0.7900 0.4600 -0.0100 -0.3278 -0.1800 0.3567 9.76 -0.04 -0.95 198 180 176 190 135 
0.6538 -0.1861 -0.7161 -0.1584 27.06 84.44 178.75 9.73 -0.17 -1.78 -0.1300 0.0400 -0.7000 0.1700 0.2300 0.1322 9.77 -0.27 -0.71 198 182 179 192 135 
;
