0.0166 0.0350 0.2202 0.9747 181.94 3.50 -25.50 0.51 4.21 8.85 -0.1200 -0.0200 -0.1000 -0.0167 -0.0122 0.0044 0.61 4.21 8.83 171 315 303 299 202 
0.0166 0.0358 0.2188 0.9750 181.94 3.56 -25.31 0.52 4.25 8.96 -0.1100 0.0800 -0.0500 0.0144 -0.0467 0.0144 0.64 4.18 8.84 171 316 305 300 202 
0.0165 0.0404 0.2188 0.9748 182.00 5.00 -25.75 -0.87 4.50 10.78 -2.4200 0.5400 3.1900 0.9578 -3.2589 0.5533 2.67 4.70 8.17 172 268 251 244 196 
0.0179 0.1952 0.2306 0.9531 180.75 22.06 -22.56 8.80 5.96 14.60 5.7100 3.5400 5.1700 -4.0600 2.2856 2.1367 2.33 0.23 9.52 194 184 174 188 152 
-0.0894 -0.0493 -0.1481 0.9837 164.62 -20.06 29.19 -0.33 -2.78 -2.19 7.0800 2.4400 -9.6900 -3.4089 2.6033 3.1833 -6.01 -5.61 5.34 197 172 169 176 134 
-0.2858 -0.3073 -0.4381 0.7950 136.81 -50.75 49.19 -7.55 -5.22 -18.02 1.7500 -0.2000 -22.2100 4.8933 1.8478 0.2311 -8.14 -2.98 4.56 204 177 171 183 142 
-0.2177 -0.4838 -0.2071 0.8220 151.75 -63.13 12.81 -7.17 2.70 12.00 2.0000 1.8900 3.0600 -1.0822 0.3044 0.6811 -8.89 -0.93 4.02 205 178 173 184 143 
-0.2516 -0.5034 -0.1995 0.8021 145.25 -64.94 8.38 -11.08 -0.43 4.89 -0.9100 0.6600 1.3400 0.2100 -0.5689 -0.4744 -8.68 -0.85 4.47 203 191 182 193 147 
-0.2341 -0.4559 -0.1852 0.8385 148.50 -53.56 6.50 -3.85 2.02 6.66 1.7600 2.0400 -2.3200 1.4300 -3.4467 1.1511 -5.92 0.72 7.78 123 351 198 196 146 
-0.2806 -0.2488 0.0276 0.9266 147.06 -23.44 -15.44 -1.39 1.17 3.11 3.7600 -0.5000 -4.5800 2.4311 -3.4900 0.2422 -1.28 4.28 8.72 122 399 183 183 133 
-0.2405 -0.0535 0.2780 0.9285 150.50 5.69 -35.38 6.67 9.20 10.14 6.5800 3.5300 4.0100 2.6322 -4.2000 2.2011 4.24 6.73 5.73 123 404 181 183 135 
-0.2960 0.1641 0.4824 0.8079 134.94 39.88 -59.06 9.55 11.61 10.31 1.8300 4.9100 6.6300 0.5989 -0.8511 3.3067 8.16 4.66 2.78 124 406 185 183 136 
-0.4470 0.3307 0.4946 0.6680 108.12 66.19 -42.38 6.18 5.48 5.05 -2.9300 3.1900 1.6000 -2.1022 0.8578 2.4222 9.19 0.38 3.38 124 403 188 186 135 
-0.5181 0.4702 0.3155 0.6411 103.37 68.19 23.50 3.43 1.44 3.70 -5.7700 3.1200 -0.3900 -3.6622 0.1667 -0.4867 9.17 -2.33 2.54 124 402 191 186 137 
-0.3547 0.6088 0.1676 0.6895 134.31 75.69 30.69 6.27 3.41 -1.47 -2.3100 3.5200 -5.4400 -1.1833 -0.5411 -3.4156 9.51 1.31 1.98 125 403 191 188 139 
-0.0881 0.5773 0.2541 0.7710 169.62 66.81 -61.25 12.70 7.86 -2.39 1.8700 2.6100 -4.3400 1.8511 -0.4833 -1.9156 8.19 5.25 1.16 126 402 190 190 139 
-0.0388 0.5259 0.4326 0.7313 173.25 53.56 -90.56 13.97 7.67 -0.67 4.9800 1.7200 0.2700 1.6233 0.6311 0.1900 8.00 5.59 -0.94 125 401 193 191 141 
-0.1144 0.5547 0.5052 0.6511 158.00 57.94 -105.06 8.02 4.88 1.12 -0.3000 0.2600 2.7100 0.2189 -0.6989 0.9978 8.60 4.26 -1.98 125 402 190 191 141 
-0.1473 0.5989 0.4856 0.6196 153.37 62.44 -113.62 8.52 5.24 0.14 0.2600 1.2200 1.9400 -0.9733 0.9244 -0.0656 8.76 4.27 -1.01 152 404 200 204 158 
;
