0.3589 0.1974 0.2120 0.8873 224.00 11.44 -31.87 2.06 5.21 8.09 0.0600 0.1500 -0.0400 -0.0067 0.0344 0.0022 1.93 5.08 8.15 149 297 297 297 203 
0.3591 0.1956 0.2130 0.8874 224.06 11.00 -31.87 2.18 5.14 8.37 -0.3500 0.0600 0.0000 0.3067 0.6789 0.1589 1.59 5.23 8.13 152 299 294 296 203 
0.3439 0.1763 0.2352 0.8918 221.94 8.50 -33.25 1.19 5.25 8.17 -0.3300 -0.1600 0.1200 0.1956 -0.0278 0.1844 1.53 5.43 8.02 153 304 293 299 203 
0.3005 0.1852 0.2599 0.8988 214.62 10.88 -35.75 1.80 10.31 17.64 1.8200 4.0400 9.4400 -3.8078 3.2511 1.6444 0.28 3.08 9.30 169 288 260 249 199 
0.1766 -0.0579 0.0732 0.9799 197.75 -13.88 2.25 -0.10 1.52 10.33 4.9300 3.1600 -2.6200 -5.0644 3.0056 1.1589 -4.95 -4.18 7.35 196 200 195 200 165 
0.0490 -0.3787 -0.2538 0.8887 183.37 -45.06 44.19 -1.48 -1.72 0.73 6.3700 2.8400 -3.7900 -1.3344 1.3200 1.9789 -8.13 -4.25 3.43 192 188 182 185 152 
-0.0937 -0.5023 -0.2911 0.8088 162.62 -62.13 44.44 -3.39 -0.15 1.53 4.7800 1.9500 -2.8000 0.2278 -2.9856 2.0267 -8.46 -1.68 4.64 194 193 185 180 145 
-0.2983 -0.4493 -0.1345 0.8313 133.69 -52.06 -17.37 -9.26 13.26 10.84 -9.7400 9.0700 7.1200 0.1600 0.2567 4.5744 -6.40 4.89 5.59 192 194 193 185 148 
-0.5226 -0.4404 0.0561 0.7279 108.87 -34.44 -39.94 -8.92 6.37 5.60 -1.7800 1.2600 -1.1400 -0.4800 -0.4689 -0.8633 -5.48 4.54 6.73 193 196 188 189 151 
-0.4813 -0.3713 0.0430 0.7929 120.00 -32.38 -28.56 -13.22 5.37 8.38 -8.1100 2.2300 0.6600 1.0444 -8.6333 -3.8533 -1.49 3.43 9.06 185 290 281 256 192 
-0.2105 0.1376 0.2245 0.9415 156.81 43.63 -28.94 8.24 -0.51 -4.81 -2.1400 -4.7700 -7.9400 0.5900 -10.5544 5.9411 9.46 -0.61 -2.48 175 299 290 325 198 
-0.2245 0.8596 0.1824 0.4212 121.12 48.19 157.19 -0.02 -2.01 -4.60 -5.4900 0.6400 1.8600 -2.7944 -5.2444 0.8089 3.95 -1.62 -8.82 176 281 262 313 203 
-0.0281 0.9808 0.1192 0.1520 165.25 12.63 -174.44 6.70 5.32 -14.53 2.5200 1.8200 -5.7100 -2.2578 -1.8011 -0.3711 0.64 3.27 -9.22 174 275 264 310 203 
0.1859 0.9695 0.1491 0.0562 161.75 2.81 -157.44 4.25 2.12 -13.11 4.4900 -1.6900 -3.6200 0.5422 0.1489 0.2311 0.56 3.52 -9.13 173 283 260 308 203 
0.1586 0.9742 0.1457 0.0671 163.75 5.19 -162.00 3.84 2.76 -16.63 2.0900 -0.6500 -7.6800 1.3778 0.1278 0.9989 1.65 2.09 -9.43 172 276 263 330 210 
0.0239 0.9836 0.0782 0.1609 173.69 25.62 165.25 -0.76 10.87 -4.11 -3.0200 12.8800 -0.9300 10.2489 6.1667 5.0389 4.25 -8.78 -0.88 199 413 348 435 216 
-0.6777 0.6300 -0.0920 0.3679 55.13 17.50 74.75 -1.97 -2.30 2.33 -4.5300 5.8700 -0.6500 0.9378 0.1522 -0.3411 2.88 -8.76 3.32 198 413 358 438 216 
-0.7172 0.5681 -0.0826 0.3950 58.38 20.31 69.25 2.43 -6.06 3.35 -0.7200 2.1900 0.2300 -1.1767 -0.7167 -0.9233 4.14 -8.57 2.32 197 410 356 397 215 
-0.6439 0.6476 -0.0408 0.4055 68.00 31.56 83.94 4.73 -4.85 1.06 -3.1600 3.8400 -1.4800 -3.4856 -1.0244 -2.3656 6.53 -7.17 -1.44 176 297 263 251 177 
-0.4201 0.7982 0.0513 0.4287 96.06 48.69 123.06 7.03 -2.04 -5.17 0.3400 1.9000 -0.7000 -2.3289 -2.4344 -2.3567 7.20 -3.20 -5.83 173 282 251 271 200 
-0.1526 0.9127 0.1821 0.3325 156.75 36.94 176.19 8.47 1.97 -11.08 3.2100 2.0200 -1.5900 -3.7433 -2.3956 -1.4178 3.68 2.63 -8.69 114 281 259 307 213 
0.1741 0.9478 0.2006 0.1765 155.56 15.94 -152.94 2.15 4.67 -10.16 1.2800 -0.2300 -1.3400 -1.0611 -0.0556 -0.8767 2.32 5.34 -7.88 186 295 271 318 216 
0.2571 0.9211 0.2247 0.1870 152.37 13.44 -144.94 3.45 5.36 -8.43 1.7600 0.1600 -0.2600 0.3422 -0.0622 0.1844 2.30 5.29 -7.92 187 297 274 317 215 
0.2432 0.9255 0.2214 0.1876 153.44 13.88 -147.00 2.91 6.15 -7.84 0.2300 0.4200 -0.0700 0.1856 -0.1089 0.2222 2.39 5.07 -8.04 187 300 273 316 216 
0.2328 0.9319 0.2084 0.1840 155.19 14.06 -148.81 5.01 2.74 -14.58 9.7900 0.3400 -7.0700 2.1544 0.9544 1.6000 2.90 3.28 -8.77 187 302 280 327 217 
0.0766 0.9667 0.1352 0.2032 165.94 25.50 -172.69 6.38 1.99 -23.58 7.4600 9.8600 4.1700 9.4244 5.9833 3.0567 6.44 -5.60 -4.82 203 413 355 441 218 
-0.5486 0.7474 0.0306 0.3735 66.69 33.69 92.69 -1.99 1.90 -1.07 -7.0500 9.8700 -1.3800 2.4411 1.7444 1.1444 4.09 -8.63 2.18 204 414 361 442 217 
-0.6813 0.5995 -0.0778 0.4128 63.50 23.06 71.19 1.21 -5.04 3.50 -2.0800 3.0000 0.5800 -0.2411 -0.1622 -0.4200 4.12 -8.40 2.90 202 412 361 433 217 
-0.6659 0.5897 -0.0717 0.4513 70.19 26.87 71.31 2.36 -7.07 2.84 -1.4000 1.9300 0.1400 -0.6122 -1.0667 -0.5689 5.01 -8.15 2.10 198 413 361 420 215 
;
