0.3208 0.0576 0.2683 0.9065 218.94 -3.81 -31.56 -0.54 5.15 8.43 0.0600 0.0300 0.0300 -0.0111 0.0389 -0.0300 -0.68 5.12 8.33 155 305 295 303 205 
0.3209 0.0565 0.2682 0.9066 218.94 -3.94 -31.56 -0.65 5.22 8.28 -0.0600 0.0000 -0.1000 -0.0211 -0.0500 0.0378 -0.63 5.13 8.33 154 302 296 305 206 
0.3202 0.0598 0.2675 0.9069 218.87 -3.56 -31.56 -0.50 5.27 8.34 0.0500 0.1500 0.0000 -0.0067 0.0022 -0.0122 -0.60 5.13 8.33 152 303 296 305 206 
0.3205 0.0609 0.2670 0.9068 218.87 -3.44 -31.56 -0.53 5.13 8.29 0.1200 -0.1100 0.0500 0.0378 0.0244 0.0889 -0.56 5.15 8.32 153 311 297 306 207 
0.3077 0.0708 0.2745 0.9083 216.12 -1.25 -33.63 -3.62 5.27 16.81 -4.2000 2.0800 8.2900 -0.4778 -1.9533 3.1644 1.68 5.44 7.98 165 314 239 248 204 
0.1873 0.1689 0.1890 0.9490 201.00 12.94 -21.25 5.98 5.98 10.98 5.4500 3.5900 1.1100 -4.5878 4.9678 1.3100 -1.29 -0.26 9.71 165 226 234 218 186 
0.0701 -0.2249 -0.0968 0.9670 185.25 -34.06 20.19 1.22 -0.43 3.60 7.2700 2.1000 -6.2200 -1.8700 2.5500 1.5056 -7.41 -3.36 5.45 178 194 194 188 157 
-0.0596 -0.4689 -0.2208 0.8531 167.56 -58.75 34.56 -1.64 -0.57 -0.06 7.7500 2.4300 -3.6900 -0.2589 -0.4100 2.7178 -8.73 -1.11 4.31 183 185 189 179 150 
-0.2778 -0.5092 -0.1342 0.8035 133.25 -61.63 -23.19 -20.08 8.88 6.00 -13.1800 4.5900 1.6300 -0.7422 -0.5767 2.6200 -7.91 3.67 4.47 185 190 194 185 153 
-0.4711 -0.4995 -0.0536 0.7250 115.06 -49.44 -36.50 -11.16 5.04 3.22 -3.9200 1.2400 -2.4400 0.1789 -0.3767 -1.5200 -7.67 2.90 5.36 184 195 198 185 156 
-0.3777 -0.4726 -0.0778 0.7924 133.19 -55.31 -19.94 -9.53 3.90 5.45 -0.5300 2.0800 1.0800 0.3489 1.2167 -2.0389 -8.61 0.59 4.64 187 198 201 188 157 
-0.2098 -0.5128 -0.1453 0.8196 153.50 -65.62 7.56 -7.58 0.59 6.55 2.6800 1.4900 2.6900 -0.4611 1.1433 -1.5289 -9.11 -1.81 3.11 187 200 204 188 158 
-0.0969 -0.5464 -0.2210 0.8020 167.62 -65.25 42.06 -1.08 -3.02 0.85 8.3800 0.7300 -1.9300 0.1689 -0.8033 0.1300 -8.68 -2.86 3.53 185 202 204 188 157 
-0.1100 -0.5012 -0.2145 0.8311 162.44 -60.88 23.87 3.97 1.13 3.91 12.3200 3.6700 1.8500 0.9822 0.0333 4.2400 -8.54 0.61 4.77 185 199 205 191 158 
-0.3416 -0.4962 -0.0450 0.7969 124.56 -50.69 -35.38 -20.71 8.93 3.80 -13.0000 3.6600 -1.7400 -0.4656 -1.0800 1.2600 -6.39 4.57 5.86 187 201 205 191 159 
-0.4819 -0.4310 0.0262 0.7624 117.69 -39.06 -34.19 -12.23 5.43 2.97 -5.8900 1.5100 -2.8800 0.9122 -3.1300 -2.0667 -5.60 3.71 7.13 193 203 202 192 159 
-0.3477 -0.3484 0.0859 0.8662 139.75 -25.87 -31.00 1.94 8.41 7.55 5.4400 3.0400 0.8100 4.8044 -7.5667 2.6589 0.64 7.11 6.71 195 295 244 258 191 
-0.2972 0.0668 0.4423 0.8436 139.81 29.56 -51.50 5.97 5.08 5.58 -0.9000 -1.0800 0.4100 -0.0056 -3.4544 4.8400 8.48 3.93 2.94 191 317 284 308 203 
-0.4290 0.4600 0.4299 0.6477 106.75 81.87 -4.75 5.68 0.16 3.06 -4.1600 0.8100 3.2900 -2.5744 -3.0300 4.6367 9.13 -3.36 -1.18 200 309 302 334 215 
-0.4145 0.7964 0.2301 0.3755 78.75 42.50 135.19 4.42 -1.87 -3.76 -0.4900 2.8100 2.0100 -3.3267 -2.0533 0.8456 4.79 -3.84 -7.63 196 307 302 335 220 
-0.1698 0.9559 0.1508 0.1864 162.75 20.94 168.62 4.74 2.78 -12.48 2.9000 3.5400 -3.1700 -3.1467 -1.2622 -0.4611 2.30 0.60 -9.51 196 302 304 335 220 
0.0623 0.9826 0.1415 0.1027 163.62 10.19 -170.87 2.46 0.91 -11.56 0.4800 -0.8600 -1.1400 0.4133 0.0967 -0.2433 1.89 1.31 -9.53 197 303 305 335 221 
0.0441 0.9815 0.1521 0.1075 162.31 11.25 -173.37 2.19 1.09 -8.62 0.0600 0.0700 0.8700 0.1644 -0.1089 0.0856 1.92 0.97 -9.56 195 306 303 335 221 
;
