0.2128 0.0444 -0.2717 -0.9375 154.37 1.75 -31.87 0.16 5.20 8.16 -0.0500 0.0500 -0.1700 -0.0300 0.0344 0.0089 0.27 5.16 8.33 165 340 369 414 219 
0.2149 0.0466 -0.2691 -0.9377 153.75 1.94 -32.06 -0.71 7.23 12.02 0.1100 3.8800 6.9400 -0.0933 -1.1289 1.6489 1.34 5.15 8.23 165 278 260 279 209 
0.3062 -0.0220 -0.2419 -0.9205 137.81 10.00 -20.50 4.57 5.51 9.50 2.9700 1.3200 -2.2000 -3.0178 2.8556 3.8456 0.61 0.86 9.74 170 198 179 196 161 
0.5715 0.0413 0.0592 -0.8174 103.37 -13.19 4.56 -4.36 -0.97 -0.22 -2.3200 -0.9000 -9.3900 -0.4144 3.6956 3.3233 -4.81 -0.13 8.53 184 184 175 183 138 
0.7047 0.2378 0.2008 -0.6376 84.37 -39.19 -8.44 -10.58 1.83 1.40 -1.0900 -0.4600 -5.2800 2.1067 3.1689 -0.6011 -7.91 1.84 5.49 188 186 184 191 147 
0.5753 0.4738 0.2550 -0.6161 95.00 -63.88 -36.50 -7.35 6.37 12.66 -1.8400 3.2000 8.4600 0.5956 0.4411 0.0933 -8.89 3.01 2.81 188 186 186 195 149 
0.5352 0.5237 0.2382 -0.6185 99.37 -64.00 -34.56 -9.02 3.21 1.47 1.4900 0.0200 -1.3600 0.0978 -0.1222 -0.0033 -8.78 2.30 3.70 189 190 186 197 149 
0.5314 0.4993 0.2319 -0.6439 101.94 -62.44 -28.37 -9.18 2.99 5.27 -4.5900 1.4700 2.5100 -1.1267 -1.1867 -1.6633 -8.40 0.72 4.99 183 200 191 204 160 
0.4601 0.3517 0.2833 -0.7644 121.56 -49.69 16.31 -6.84 2.32 7.47 0.7100 5.5100 0.8100 -1.5656 -0.9722 -4.1533 -5.63 -4.89 6.35 181 346 211 202 167 
0.2189 0.1415 0.4234 -0.8676 160.50 -19.06 52.75 -2.17 -3.63 3.38 0.5800 4.3000 -2.6200 -1.1078 0.5156 -4.4000 -0.50 -8.45 4.93 188 396 200 200 162 
-0.0695 0.0104 0.4947 -0.8662 192.00 4.44 57.69 7.34 -2.19 0.26 7.1000 5.2600 -4.9900 3.0589 0.1744 0.8433 0.38 -7.18 6.66 193 395 203 199 162 
-0.0458 0.0258 0.3224 -0.9451 181.75 -1.87 32.06 5.38 -4.22 12.50 2.9500 -0.9200 6.2000 2.4956 -1.4733 2.6889 -0.24 -3.21 9.26 193 391 206 200 162 
0.1660 -0.0333 0.1288 -0.9771 156.12 4.00 14.88 -2.16 -6.46 18.68 -4.5300 -3.7400 7.1400 -1.3500 -2.5156 1.6889 2.18 -3.61 8.84 192 389 208 202 161 
0.3195 -0.2109 0.1917 -0.9037 139.19 15.94 34.38 -1.42 -3.36 8.85 -4.5000 2.5300 1.0700 -2.2411 -0.7122 0.7222 2.75 -6.74 6.56 192 390 209 203 160 
0.3360 -0.2923 0.3307 -0.8320 136.81 14.69 53.00 0.22 -4.94 6.19 -3.4600 3.3000 0.5200 -1.3589 1.7233 -0.4433 2.17 -8.03 5.17 193 391 208 204 161 
0.2473 -0.2674 0.4134 -0.8346 150.69 14.00 58.19 1.55 -3.71 4.32 -0.6300 4.4200 -0.7500 -0.1656 1.5444 -1.7333 2.78 -7.84 5.18 193 389 207 207 162 
0.0883 -0.2173 0.4230 -0.8752 172.25 19.06 53.56 4.87 -3.12 5.25 1.9300 4.0000 -0.7400 0.4000 0.9800 -1.6456 3.81 -6.70 6.04 193 386 209 207 161 
-0.0500 -0.2080 0.3558 -0.9097 188.00 24.75 40.50 6.76 -4.15 6.30 2.4800 1.2000 -0.7200 1.4667 0.3989 -0.7411 4.18 -4.78 7.47 191 385 210 208 162 
-0.0906 -0.2068 0.2435 -0.9432 190.87 26.06 25.25 6.87 -3.76 9.11 2.4400 -0.7100 1.0500 1.2222 -0.2933 0.0667 4.49 -2.97 8.19 193 386 212 208 162 
-0.0667 -0.2288 0.1614 -0.9577 187.44 27.56 17.62 3.55 -5.06 9.97 0.4300 -1.7900 1.5800 1.0300 -1.3567 0.1544 5.17 -2.11 8.05 178 277 218 238 177 
-0.0209 -0.2995 0.0975 -0.9489 179.31 37.38 10.75 7.40 0.16 7.58 4.7400 0.1800 -1.6900 1.3400 -1.5678 1.4200 6.60 -1.31 7.12 96 209 215 231 160 
0.1466 -0.3767 0.0428 -0.9136 157.00 41.25 17.75 10.65 -1.72 3.35 3.7300 2.7500 -3.1400 3.2911 -0.9422 4.3811 6.20 -2.83 7.04 97 200 201 209 149 
0.4639 -0.3628 -0.0397 -0.8072 111.69 38.00 18.81 4.87 2.59 3.23 -0.2800 6.2000 -3.7600 3.8222 -2.1356 3.1222 6.56 -1.78 7.05 96 175 186 187 130 
0.7119 -0.3077 -0.2522 -0.5787 72.81 48.63 12.63 6.68 3.36 9.32 -1.9900 3.9700 3.5900 0.8478 -1.7178 1.1400 7.99 -1.55 5.46 95 177 187 186 128 
0.7445 -0.3445 -0.3743 -0.4323 59.13 60.25 23.81 4.36 -1.66 8.81 -0.9600 1.0800 2.0900 -0.9756 -0.3800 -0.5644 8.66 -2.02 4.12 95 177 188 189 131 
0.7032 -0.3840 -0.3473 -0.4872 73.69 58.13 21.75 10.35 1.60 4.34 2.1700 3.6500 -1.7700 -1.7278 1.6044 -1.5011 7.91 -1.72 5.52 98 182 188 192 132 
0.6251 -0.3802 -0.2585 -0.6307 92.69 54.00 11.63 7.69 -1.43 3.24 0.5000 -0.8500 -2.8600 -0.0611 0.0433 -1.6467 8.08 -0.09 5.54 100 185 191 192 132 
0.5356 -0.3738 -0.3231 -0.6848 104.00 60.81 -8.31 11.70 -0.76 0.66 2.9200 -2.1800 -2.5900 2.1111 -2.6000 0.5644 9.25 1.01 3.07 101 181 187 187 131 
0.5461 -0.4094 -0.4750 -0.5554 93.56 74.69 -18.25 13.10 1.93 1.00 -1.5500 -2.1400 -1.3300 0.0556 -0.1933 0.3678 9.42 0.74 2.59 99 183 189 192 134 
0.5560 -0.3953 -0.4271 -0.5934 95.06 69.00 -9.63 4.68 -1.31 4.67 -1.9500 -0.6400 1.0300 -2.0178 1.6778 -0.6122 8.83 0.49 4.23 106 208 207 218 159 
0.5106 -0.3929 -0.3109 -0.6987 111.50 56.94 -4.87 6.74 -1.35 1.93 -3.7100 -2.9400 -4.7100 0.2489 2.6300 -3.0344 6.42 2.14 7.09 156 323 281 291 197 
0.3765 -0.2436 -0.3031 -0.8409 136.75 31.50 -29.50 2.62 7.77 5.08 -0.7100 3.8400 -3.0300 1.9000 5.1567 -1.6922 1.44 5.32 8.10 174 376 350 392 185 
0.3294 0.0975 -0.3046 -0.8884 139.12 -4.12 -33.81 -3.79 4.51 6.10 -2.7700 -1.7300 -1.7700 1.3656 -0.2878 0.0300 -1.07 5.54 8.01 173 414 378 431 213 
;
