0.6710 0.2745 -0.2010 -0.6588 88.94 -5.25 -39.44 -0.99 6.15 7.45 -0.1000 -0.0500 -0.1000 0.0033 0.0011 -0.0056 -0.90 6.21 7.53 163 372 368 407 215 
0.6710 0.2745 -0.2010 -0.6588 88.94 -5.25 -39.44 -1.06 6.12 7.45 -0.1300 -0.0700 -0.1000 0.0133 0.0244 -0.0022 -0.91 6.21 7.53 161 370 368 409 214 
0.6711 0.2747 -0.2004 -0.6588 89.12 -5.06 -39.00 -2.26 6.00 8.90 -2.3900 0.1400 2.0400 -1.1856 -0.9167 -0.2700 -0.26 5.52 8.09 161 251 239 285 207 
0.6573 0.1544 -0.2292 -0.7012 95.44 8.31 -29.62 0.50 5.10 15.00 0.6700 0.9300 7.5400 -2.7989 -0.6389 -0.1878 1.88 3.12 9.10 164 185 181 192 167 
0.6550 -0.0196 -0.1281 -0.7444 96.56 9.00 -2.69 4.62 3.57 8.90 3.9000 4.3900 -1.7600 -4.4311 3.0167 1.0000 -0.41 -2.39 9.50 166 169 146 172 131 
0.6799 -0.0604 0.2316 -0.6931 89.62 -17.19 27.37 3.08 0.35 3.24 6.2900 5.2300 -4.9400 -2.0444 3.6167 2.9800 -6.21 -4.52 6.09 179 160 142 171 126 
0.7266 0.0813 0.4896 -0.4752 61.31 -56.44 30.62 -3.77 4.32 3.15 3.3600 5.0700 -1.1800 -0.5767 0.5756 4.8456 -9.01 0.58 3.81 183 163 145 176 129 
0.8193 0.2358 0.4972 -0.1608 17.50 -59.69 -34.50 -14.26 6.99 3.89 -8.2900 2.7600 -1.8900 -1.2622 -0.9089 1.7722 -7.34 4.04 5.08 184 167 158 177 131 
0.8864 0.2497 0.3878 -0.0399 6.75 -44.50 -34.38 -6.97 4.80 5.62 0.0700 0.9000 -0.2300 0.4778 -0.3833 -0.4644 -6.78 3.87 5.93 185 169 160 180 132 
0.8939 0.2585 0.3519 -0.1010 15.25 -41.63 -30.69 -9.48 4.24 7.43 -7.4000 -0.9100 0.0800 0.6344 -3.2011 -2.5600 -5.69 2.99 7.40 183 198 156 190 147 
0.9085 0.1859 0.1119 -0.3572 50.19 -8.56 -13.50 0.71 4.84 10.44 2.3600 4.2500 -1.1200 -1.7767 -8.9844 -0.7178 4.95 1.00 8.40 162 243 151 179 137 
0.8089 -0.1981 -0.3127 -0.4568 56.00 44.75 14.44 7.01 -0.81 1.88 -1.5000 0.5000 -5.1400 -1.6111 -0.0289 4.8322 5.45 -5.18 6.28 114 272 164 174 125 
0.8868 -0.3760 -0.1586 -0.2168 23.50 21.31 41.06 1.25 -3.76 5.45 -1.6900 2.1400 -1.1400 0.9878 0.9733 1.8511 2.38 -5.87 7.48 117 246 166 179 127 
0.9417 -0.3124 -0.0886 -0.0881 8.94 11.81 35.00 -1.36 -4.31 7.83 -2.6500 1.0700 0.2200 0.4711 -1.0733 0.5511 2.15 -5.28 7.97 119 252 165 178 128 
0.9516 -0.2847 -0.1058 -0.0468 5.75 13.50 32.75 3.46 -3.73 8.97 0.5500 1.4500 0.8300 0.0522 0.2333 -0.2856 2.23 -5.07 8.08 119 255 165 180 128 
0.9537 -0.2754 -0.1031 -0.0637 8.44 13.38 31.56 3.34 -3.00 9.55 0.2500 2.1700 1.2100 -0.2178 1.1800 -0.8444 2.04 -5.02 8.16 120 257 166 181 129 
0.9449 -0.2883 -0.0784 -0.1339 17.62 14.19 34.13 7.46 -3.04 7.63 4.3900 2.3300 -0.3800 -2.0044 1.0611 -0.6511 2.53 -6.28 7.08 121 261 170 182 129 
0.8873 -0.4093 -0.0530 -0.2057 28.75 15.31 48.81 1.14 -10.78 2.18 -1.4500 -3.5400 -3.4900 -0.6267 0.1433 -0.6467 2.81 -7.35 5.84 119 265 171 182 128 
0.8531 -0.4508 -0.0386 -0.2599 34.06 17.50 51.63 1.99 -7.88 4.86 -0.2400 0.0200 -0.3600 0.2233 -0.3189 0.0322 3.10 -7.23 5.84 123 263 172 182 129 
0.8561 -0.4446 -0.0642 -0.2554 33.81 21.12 49.75 2.05 -5.74 2.56 -0.3700 1.1900 -2.8500 2.3656 -1.1489 -1.4356 4.71 -5.51 6.59 163 268 184 195 150 
0.8860 -0.2975 -0.2233 -0.2766 32.69 36.00 24.12 9.17 -2.38 6.24 2.4300 -0.1000 -0.4100 2.7900 -2.8478 1.6156 7.00 -2.26 6.48 181 198 195 203 153 
0.8616 -0.1840 -0.4664 -0.0789 5.94 61.31 32.06 3.10 -0.35 4.72 -6.6500 2.1700 3.3700 -0.5600 -2.9911 -0.5678 9.44 -2.22 1.43 198 167 181 174 126 
0.7233 -0.1350 -0.6701 -0.0978 23.06 86.31 -3.44 18.29 6.50 -7.99 8.8100 4.6200 -7.0800 -0.4156 -2.5133 -1.0889 9.56 1.86 -1.08 199 170 187 177 126 
0.6149 -0.1273 -0.7504 -0.2062 35.75 77.87 -139.62 9.14 1.66 -0.18 -0.7400 0.4200 1.3200 0.1144 0.0656 0.1600 9.63 1.14 -1.45 197 172 189 178 127 
0.6309 -0.1382 -0.7386 -0.1931 33.44 80.56 -140.12 9.26 1.48 -0.28 -0.5100 0.4100 0.8500 -0.0389 0.1756 0.1278 9.70 0.92 -1.10 198 173 190 180 128 
0.6382 -0.1470 -0.7321 -0.1876 32.63 81.75 -141.87 9.35 1.03 -1.22 0.0000 0.3100 -0.0500 0.0767 0.0822 -0.0689 9.70 0.91 -1.02 200 175 191 181 128 
0.6447 -0.1396 -0.7276 -0.1885 32.44 82.25 -136.94 9.47 1.38 -0.78 -0.2900 0.4900 0.1500 -0.0056 0.2278 -0.0711 9.72 0.98 -0.83 200 176 191 180 128 
;
