0.3172 0.1810 -0.1848 -0.9124 141.62 -12.19 -27.50 -1.93 4.50 8.38 0.1100 0.0500 -0.1100 -0.0222 -0.0211 -0.0133 -2.06 4.42 8.50 159 358 361 391 220 
0.3179 0.1790 -0.1842 -0.9127 141.50 -12.06 -27.37 -1.96 4.47 8.58 0.0000 0.0000 0.1900 0.1067 -0.2133 0.1189 -1.83 4.49 8.52 164 345 355 392 220 
0.3099 0.0720 -0.2673 -0.9095 141.00 9.25 -36.50 0.20 10.67 16.81 -4.1300 4.8900 4.9800 -0.7478 -1.8956 0.5078 3.52 5.53 7.28 167 268 257 273 204 
0.3342 -0.0598 -0.3101 -0.8880 137.81 15.75 -27.81 2.78 5.07 7.19 0.3000 0.7500 -1.1900 -2.9111 2.3211 -0.8256 0.67 2.33 9.50 171 231 224 219 170 
0.3242 0.1034 -0.0193 -0.9401 142.75 -18.19 -1.25 2.36 0.63 6.13 7.2000 0.8400 -2.8200 -3.2767 3.4567 -0.6056 -5.41 -2.09 7.90 189 191 180 187 142 
0.3116 0.2842 0.2831 -0.8614 137.12 -45.31 28.37 -0.24 -3.39 0.64 8.3200 0.7800 -5.0600 -0.4478 1.0344 2.7111 -7.98 -2.35 5.18 191 172 172 181 138 
0.4597 0.4027 0.2865 -0.7379 107.00 -60.44 -14.75 -10.37 16.94 6.27 -11.2900 13.0700 5.1400 0.6578 0.1611 4.7456 -7.10 5.59 3.79 189 177 181 183 142 
0.6591 0.5074 0.0967 -0.5465 82.06 -42.69 -47.25 -7.09 5.07 4.31 -0.2600 0.1700 -0.0600 0.5811 -0.7956 -0.9556 -6.75 4.71 5.31 191 180 183 190 146 
0.6086 0.4648 0.0786 -0.6382 93.56 -43.81 -39.00 -6.53 3.87 5.61 0.3100 -0.4200 0.0700 -0.1611 -0.5344 -0.5089 -6.76 4.12 5.77 191 182 187 192 146 
0.5904 0.4318 0.0797 -0.6772 99.94 -40.63 -30.62 -10.05 5.06 8.40 -3.6000 2.0800 1.6400 -0.1933 -5.6911 -1.9811 -3.38 2.91 8.72 189 239 235 225 182 
0.4686 0.0227 -0.1106 -0.8762 128.37 20.00 -10.81 2.47 2.08 -4.48 -2.9700 0.1000 -12.9300 -0.0789 -11.9011 0.3756 9.14 1.48 3.21 182 302 285 302 218 
0.2456 -0.6844 -0.3770 -0.5737 134.56 60.31 -172.56 7.14 -1.33 -8.62 2.8600 -1.1200 -1.8400 -2.1178 -4.5589 -0.1556 5.34 1.53 -8.07 181 280 270 300 214 
-0.0135 -0.8831 -0.3854 -0.2673 133.44 25.81 -162.69 4.14 3.93 -9.91 0.0200 1.5400 -1.2400 -1.2733 -1.5644 -0.1822 3.35 3.59 -8.48 184 278 272 301 207 
-0.1315 -0.8918 -0.3686 -0.2269 135.19 16.87 -153.81 4.72 3.60 -12.92 2.5600 -1.0500 -5.5800 0.2189 -0.4378 0.1844 2.70 4.12 -8.47 180 279 273 303 206 
-0.1202 -0.9095 -0.3360 -0.2132 142.25 20.19 -161.69 7.09 6.13 -19.50 3.4800 4.9800 -9.0700 3.9478 2.1600 2.6178 4.62 -0.78 -8.61 183 312 276 318 211 
0.2609 -0.9164 -0.2039 -0.2249 55.25 32.81 129.50 1.51 3.79 -1.69 -6.4800 12.0600 -0.6700 5.7189 6.6067 2.8833 3.84 -8.89 1.48 202 402 367 444 220 
0.7687 -0.5750 0.0282 -0.2785 39.75 13.81 66.37 -4.38 -4.42 3.21 -5.3100 3.7700 -0.2600 0.5644 0.1756 -0.3667 2.17 -8.51 4.34 201 399 378 442 222 
0.7862 -0.5323 0.0535 -0.3093 43.44 15.38 64.62 2.80 -7.89 2.81 -0.0300 0.9600 -1.1300 -0.2544 0.5844 -0.9089 3.10 -8.45 3.87 200 396 373 417 222 
0.7332 -0.5463 0.0485 -0.4020 62.38 23.12 64.00 8.03 -4.56 4.89 5.2300 3.5100 -0.1500 -3.0189 8.2144 -4.0833 3.82 -7.68 4.73 196 367 231 232 200 
0.3747 -0.3374 0.3607 -0.7847 136.06 11.88 59.75 -4.18 -6.90 3.80 0.7500 1.0400 -0.3300 -0.9811 3.2722 -1.8844 1.67 -8.62 4.34 195 373 190 202 189 
0.1073 -0.1320 0.5090 -0.8438 170.06 5.00 61.06 6.03 -7.75 3.76 3.0800 1.6600 -1.9200 1.9389 2.1611 0.4822 -0.23 -7.78 5.95 197 390 189 204 191 
0.0483 0.0158 0.3772 -0.9247 173.00 -3.81 38.38 6.63 -2.98 11.61 7.4300 2.3400 4.4000 2.8578 -1.4100 1.3822 -0.47 -4.16 8.86 198 392 198 209 194 
0.1738 -0.0224 0.1807 -0.9678 153.94 0.25 19.31 -0.39 -4.41 15.92 -0.0400 -1.2700 5.8600 -0.2600 -2.5967 3.1089 0.84 -3.51 9.11 199 391 201 213 196 
0.4181 -0.1512 0.1722 -0.8790 124.44 5.94 29.56 -8.43 -5.19 11.67 -8.5500 0.9400 2.4000 -1.9144 -1.2911 0.1822 1.20 -6.37 7.35 198 391 206 218 196 
0.4571 -0.2482 0.3169 -0.7931 120.81 5.69 49.31 -0.86 -3.07 7.41 -1.7500 4.9800 1.4200 -2.0800 1.8544 -0.6267 0.82 -8.28 5.17 196 390 208 218 198 
0.3389 -0.2563 0.4393 -0.7915 138.44 6.87 62.31 2.23 -2.88 3.21 1.6300 6.1900 -1.0000 -0.3633 1.6767 -2.1044 1.87 -8.56 4.39 197 393 210 219 197 
0.1360 -0.2161 0.4659 -0.8472 167.37 16.06 59.00 7.53 -3.24 3.45 4.6700 4.3000 -1.6400 1.2533 1.2733 -1.7100 3.38 -7.19 5.74 199 393 208 220 197 
-0.0110 -0.1834 0.3688 -0.9112 182.19 20.00 41.06 7.19 -4.06 8.05 4.1200 1.0200 1.1100 2.0456 0.3167 -0.4156 3.32 -4.76 7.89 195 390 209 221 198 
-0.0126 -0.1752 0.2165 -0.9603 180.12 19.87 23.62 4.88 -4.98 10.80 1.1200 -1.3100 2.3800 0.9644 -0.0500 0.9778 3.14 -3.19 8.72 197 392 206 222 198 
0.0667 -0.1644 0.1549 -0.9719 170.75 16.81 19.69 2.14 -2.37 9.34 0.4300 1.2700 0.0200 0.2922 -0.2211 0.0089 2.93 -3.00 8.86 197 389 210 221 196 
;
