0.0302 -0.0689 -0.3487 -0.9342 176.31 8.63 -40.88 1.51 6.35 7.18 0.0200 0.0000 -0.1400 -0.0056 0.0000 -0.0044 1.47 6.34 7.32 164 369 364 407 209 
0.0300 -0.0693 -0.3486 -0.9342 176.25 8.63 -40.88 1.46 6.38 7.23 0.0000 0.0200 -0.1000 0.0100 -0.0089 0.0133 1.48 6.35 7.32 166 371 362 407 209 
0.0307 -0.0695 -0.3491 -0.9340 176.19 8.69 -40.94 1.53 6.37 7.20 0.0500 0.0000 -0.1400 -0.0122 -0.0244 -0.0033 1.50 6.34 7.32 164 369 364 406 209 
0.0302 -0.0710 -0.3489 -0.9340 176.25 8.81 -40.88 1.57 6.37 7.24 0.0500 0.0000 -0.1400 0.0100 0.0033 0.0067 1.50 6.35 7.31 165 373 363 407 208 
0.0311 -0.0682 -0.3489 -0.9341 176.00 8.50 -40.88 -0.93 8.25 11.08 -2.6000 2.7300 5.2500 -2.4033 -1.8867 0.0478 2.46 5.35 7.83 166 283 265 331 213 
0.0131 -0.1791 -0.2699 -0.9460 177.94 23.44 -31.50 5.10 7.89 12.06 1.4500 3.1500 3.5800 -3.1533 3.0556 0.8667 2.79 2.74 8.99 165 197 189 205 195 
0.0628 -0.0728 -0.0801 -0.9921 172.37 4.19 -3.94 1.55 0.78 8.54 1.6200 0.0500 -2.8800 -2.5267 3.2700 0.2278 -1.81 -1.33 9.54 166 183 178 196 175 
0.0693 0.1786 0.1245 -0.9736 172.56 -27.06 17.31 -2.76 -2.07 7.10 2.6900 1.9300 -1.4200 -1.6089 2.8078 -0.7100 -6.05 -3.94 6.62 180 169 151 182 151 
0.0307 0.3843 0.2684 -0.8828 174.87 -45.94 41.38 0.11 -3.13 1.66 7.7000 1.1300 -4.7700 -0.7656 0.4522 1.6933 -7.76 -3.91 4.52 184 168 164 175 149 
0.1569 0.4335 0.2531 -0.8505 153.75 -55.75 20.75 0.14 3.80 3.34 7.5200 6.5000 -1.0400 1.8900 0.1122 5.2722 -8.12 1.77 5.19 185 169 163 179 150 
0.4164 0.5145 -0.0067 -0.7496 114.00 -45.13 -49.94 -23.08 12.51 9.65 -15.4800 4.7100 3.1200 -2.4467 -1.6478 -0.1200 -5.99 5.22 5.74 182 171 167 183 154 
0.5109 0.4213 -0.0258 -0.7488 114.19 -37.13 -34.25 -4.58 4.62 5.54 1.4500 0.4500 -0.7200 0.0400 -0.1389 -0.7256 -5.99 4.10 6.59 184 176 172 187 154 
0.4511 0.3940 -0.0341 -0.8000 123.50 -35.69 -29.50 -9.09 6.03 7.74 -5.1500 3.4700 1.2400 0.1311 -4.9711 -2.0744 -3.48 3.19 8.58 184 234 228 238 194 
0.2921 0.0672 -0.1118 -0.9474 150.56 8.38 -11.00 6.53 8.38 10.52 3.3200 7.0500 1.2400 -6.7033 -3.2044 -0.9244 4.25 -2.13 8.57 174 305 284 327 198 
0.1454 -0.3213 0.2130 -0.9112 161.12 30.37 45.25 4.15 -3.83 0.10 0.3900 3.2900 -6.1000 -5.2211 3.4144 1.7944 2.92 -8.54 3.82 165 384 348 390 211 
0.1164 -0.2523 0.5692 -0.7739 163.37 15.06 81.81 2.91 -7.33 -10.17 -2.1800 2.5200 -13.5100 1.2556 -0.3900 -1.1278 3.35 -9.06 1.64 153 383 343 397 212 
0.1404 -0.3169 0.4249 -0.8363 156.62 26.37 47.69 10.42 6.14 9.57 5.4000 12.5000 10.2300 7.1122 -1.2722 0.7333 5.05 -2.84 7.90 156 374 351 394 213 
0.3084 -0.2952 0.0616 -0.9022 144.81 30.50 24.62 5.98 -1.77 14.12 1.5900 2.4700 5.0600 -4.1367 1.9878 -0.6644 4.71 -5.44 6.66 160 380 359 397 214 
0.1309 -0.3041 0.3408 -0.8799 166.37 25.31 55.19 5.68 0.18 -1.76 1.1300 7.9800 -8.0800 -5.0400 1.4978 -0.0133 3.63 -8.67 2.77 161 383 357 397 214 
0.0226 -0.2940 0.5931 -0.7492 177.12 26.37 82.19 1.57 -8.46 -16.09 -1.8500 5.0300 -13.3400 9.9033 -2.2944 -1.0222 5.21 -5.84 5.89 163 372 347 393 217 
0.1785 -0.3384 0.1224 -0.9158 155.00 36.25 16.81 2.47 3.98 25.73 -4.0900 3.5700 15.2700 0.1300 -1.3356 -0.5711 6.28 -1.53 7.36 163 357 350 390 217 
0.1743 -0.3739 -0.0012 -0.9109 160.69 45.25 11.19 7.52 -4.51 9.61 0.5200 -3.3700 0.0600 -1.4800 -2.8056 -0.7789 8.11 -1.59 5.26 169 346 256 251 200 
0.0666 -0.5264 0.0494 -0.8462 172.56 64.94 17.81 9.92 -0.97 -7.53 1.2400 -0.1300 -9.3300 4.0500 -2.5144 0.0156 9.51 -0.17 2.37 139 342 175 190 189 
0.2140 -0.6098 -0.1807 -0.7414 138.94 80.75 -3.00 7.46 2.59 -2.45 -1.3200 2.9400 -3.5400 5.7800 0.2544 -0.1744 9.70 0.73 1.18 116 351 160 179 165 
0.4470 -0.4900 -0.4489 -0.5988 101.69 81.19 -39.56 9.58 6.03 3.02 -0.7100 4.1600 1.4000 1.6367 -0.5578 0.6589 9.72 0.74 1.06 5 361 167 183 164 
0.5408 -0.4429 -0.5178 -0.4932 81.56 85.62 -1.06 8.11 5.59 4.57 -2.9100 4.6200 1.8300 -0.3644 1.9189 -1.1922 9.62 0.57 1.76 115 364 169 185 168 
0.5865 -0.4014 -0.5244 -0.4689 78.37 81.87 -12.94 7.59 1.09 0.52 -0.8900 1.1900 -1.6900 -0.1956 -0.1978 -0.4678 9.65 0.75 1.52 115 369 174 188 169 
0.5499 -0.3825 -0.5083 -0.5413 92.31 74.44 -36.56 10.73 4.40 1.22 -0.0700 1.5600 -1.3600 -1.2933 0.8322 -1.6289 9.16 2.43 2.50 118 378 178 191 171 
0.4826 -0.3961 -0.4834 -0.6137 103.56 75.56 -40.44 8.04 1.07 1.72 -2.4000 -0.8000 -0.0200 -2.0378 0.7267 -0.1722 9.44 1.10 2.41 122 376 177 191 172 
0.4240 -0.4723 -0.3793 -0.6733 118.00 72.50 -22.75 8.40 -2.12 3.17 -0.8100 -2.9700 0.4300 -0.6700 -0.4000 0.1500 9.38 1.02 2.64 125 376 180 193 172 
0.3873 -0.4804 -0.3568 -0.7014 122.94 71.37 -25.56 9.39 1.12 3.07 0.2600 -0.0200 0.3700 0.2033 0.1589 0.3511 9.28 1.23 2.88 119 379 181 194 173 
0.4048 -0.4769 -0.3574 -0.6935 118.81 72.37 -20.94 5.66 0.08 3.93 -5.4400 -2.8200 0.1500 -1.1056 1.3844 -1.9633 8.92 1.95 3.56 151 379 205 215 186 
0.3218 -0.4141 -0.3457 -0.7781 139.00 55.69 -33.38 6.50 0.66 2.22 -0.7500 -1.2700 -4.1300 -1.9433 1.2211 -1.6178 7.27 3.29 5.68 155 359 254 246 193 
0.2105 -0.3612 -0.2996 -0.8575 153.12 46.13 -34.75 7.02 9.23 8.10 1.5100 4.8900 2.9400 1.0811 1.8311 -1.7000 5.96 5.03 5.93 159 323 289 308 198 
;
