0.3720 0.1639 0.1665 0.8983 224.50 9.81 -25.81 0.43 3.80 9.53 -2.1300 -0.3700 1.4100 1.6889 -2.0333 0.7756 2.77 4.94 8.00 158 314 305 323 196 
0.3416 0.3505 0.1805 0.8531 223.87 32.94 -41.19 7.24 5.32 4.39 0.3300 -0.9400 -2.4700 0.5644 1.0933 -0.1756 5.31 5.69 5.95 159 316 310 342 202 
0.3115 0.3856 0.2075 0.8433 220.19 32.38 -44.69 5.01 7.28 9.82 1.7400 2.1400 3.9700 0.0778 -4.4956 0.2900 6.78 5.73 4.14 162 314 322 364 206 
0.2913 0.6046 0.1360 0.7288 218.31 60.50 -80.62 16.23 7.21 -5.10 5.8200 1.8900 -4.7500 4.6289 -0.2944 4.1822 9.56 1.66 -1.37 173 373 357 405 209 
-0.1181 0.7319 0.1063 0.6627 144.00 81.19 109.94 2.99 -0.50 -1.73 -5.9200 2.6000 -1.6800 4.8822 -0.7922 1.9844 9.21 -3.33 0.29 179 380 362 402 209 
-0.4957 0.6339 0.2337 0.5458 90.81 66.81 76.56 8.46 2.69 2.15 -0.4900 6.6100 1.9700 2.4811 -1.1467 -0.0267 9.04 -3.70 0.82 189 385 353 395 212 
-0.5857 0.5771 0.3450 0.4527 73.81 68.06 75.94 10.55 0.95 0.04 1.3800 4.7100 -0.1400 0.0367 0.3222 -0.5011 9.17 -3.32 0.95 195 380 350 384 212 
-0.5676 0.5617 0.3612 0.4816 87.56 73.25 65.19 13.30 4.73 -1.39 7.6400 8.6000 -3.6900 -7.9500 1.3100 -0.0767 9.37 -2.74 0.83 169 245 251 263 167 
-0.3368 0.6942 0.0234 0.6358 119.50 55.63 98.56 6.26 -4.65 -8.19 -9.2000 -2.6100 -7.3500 -2.4600 1.5022 2.9633 6.64 -7.07 -1.37 189 265 276 285 179 
-0.3016 0.7128 -0.3058 0.5545 125.44 37.44 106.31 3.41 -10.30 -4.13 -2.0400 -2.3000 -1.8700 -0.2211 1.1467 -1.1278 6.75 -6.85 -1.87 188 270 281 286 179 
-0.2357 0.7092 -0.3005 0.5927 136.94 44.81 104.62 3.19 -5.30 -1.26 -5.0600 1.8700 -0.1300 0.1822 -0.8878 -1.1656 7.38 -6.17 -1.87 184 266 275 279 177 
-0.1935 0.7407 -0.2034 0.6104 148.87 61.25 109.87 1.31 -1.49 -5.09 -5.1800 4.0700 -3.9800 3.4656 -2.5656 -5.4900 9.50 -0.98 -2.20 177 298 264 303 195 
-0.1603 0.7610 0.2739 0.5657 146.19 69.00 -161.19 9.73 1.62 -6.41 0.2600 0.2500 -3.7000 5.6211 -3.8778 0.0256 8.06 0.07 -5.57 186 306 307 339 199 
-0.3378 0.7139 0.5319 0.3054 70.31 48.00 156.69 7.58 0.20 -3.84 1.7100 3.7900 2.6400 -0.5100 -3.3333 4.7878 4.22 -4.43 -7.65 183 273 277 323 202 
-0.2353 0.9004 0.3641 0.0365 140.37 9.38 161.19 0.37 2.43 -8.31 -1.9800 4.7400 0.6700 -2.8167 -0.5211 0.8078 1.16 -1.02 -9.68 184 275 293 343 212 
-0.0123 0.9604 0.2758 0.0387 148.06 4.75 -178.37 0.93 1.54 -14.89 1.3400 1.0200 -3.7300 0.3467 0.2744 0.1900 0.86 0.19 -9.76 183 278 295 345 214 
-0.0225 0.9598 0.2760 0.0463 147.31 6.81 178.56 0.49 0.11 -7.87 1.3000 0.7200 1.4200 -0.0411 0.0567 0.1356 1.15 -0.24 -9.73 185 283 298 347 214 
-0.0262 0.9580 0.2811 0.0500 147.37 6.00 178.56 1.38 0.58 -10.04 0.1100 0.8800 0.0600 0.0733 0.0233 0.0322 1.03 -0.31 -9.74 182 283 294 346 213 
;
-0.0325 0.9575 0.2828 0.0469 147.06 6.25 178.00 1.42 0.37 -9.10 0.0000 0.5400 0.5600 -0.0589 -0.0689 0.0489 1.10 -0.23 -9.74 182 285 299 347 214 
-0.0270 0.9580 0.2811 0.0492 147.00 6.37 178.62 1.34 0.45 -9.56 0.3100 0.6800 0.3300 0.0578 -0.0356 0.0744 1.10 -0.21 -9.74 183 286 299 348 214 
-0.0254 0.9576 0.2816 0.0552 147.12 7.25 179.25 1.19 0.43 -9.71 0.2600 0.3200 -0.4700 0.1344 0.1922 0.0056 1.40 -0.11 -9.70 184 285 298 346 212 
-0.0285 0.9506 0.2925 0.1005 145.00 15.44 -178.62 3.65 1.13 -10.62 1.5200 1.5700 -0.8900 -0.4778 1.9689 0.1222 4.11 0.55 -8.88 172 295 297 324 204 
-0.0416 0.9142 0.2857 0.2844 145.81 39.38 -170.56 14.45 -0.85 -11.45 7.6300 -3.0000 -4.4000 -0.1200 5.4600 -0.0422 8.78 1.47 -4.10 164 352 327 385 205 
-0.1409 0.7435 0.2583 0.6005 144.75 79.12 -163.75 6.94 -1.36 -7.90 -3.2700 0.2400 -5.3600 5.2278 0.6167 1.2089 9.71 -0.91 -0.95 172 387 337 395 206 
-0.4521 0.6143 0.3774 0.5252 90.81 78.81 95.31 4.51 5.20 -0.51 -5.2900 7.4800 0.2600 3.0111 0.0478 0.5289 9.51 -2.34 0.32 181 385 335 377 209 
-0.5860 0.5270 0.4486 0.4215 72.94 76.75 76.81 10.59 5.74 0.65 0.8900 7.6300 -1.1100 -3.5267 1.3789 -1.0533 9.61 -1.60 1.04 189 339 338 375 206 
-0.4741 0.5818 0.3411 0.5661 106.19 77.56 61.81 3.82 -3.24 -6.89 -1.8400 -0.0800 -4.0300 -4.7867 -0.7011 2.6267 8.93 -4.02 0.39 181 254 278 314 204 
-0.2997 0.6920 -0.0355 0.6558 132.25 61.06 88.50 5.80 -9.73 -3.89 -2.9200 -4.9800 -3.2800 -2.2000 -0.0156 1.0089 8.08 -5.47 -0.87 185 268 291 324 205 
-0.2470 0.7231 -0.1746 0.6209 136.75 54.19 100.50 6.33 -7.27 -1.90 -1.2000 -0.6200 -0.2600 0.5011 0.2144 -0.4411 8.14 -5.41 -0.75 185 271 293 325 205 
-0.2533 0.7181 -0.1307 0.6348 136.56 58.88 96.25 2.82 -3.88 -1.71 -5.6900 0.9800 -1.5200 1.6167 -1.4967 -1.6200 8.83 -4.18 -0.73 172 282 274 287 203 
-0.2769 0.6615 0.0782 0.6926 138.00 81.81 27.12 7.70 2.55 -5.28 5.1000 4.5500 -7.2600 6.1978 -4.0933 -2.3811 9.49 1.93 -1.52 190 314 306 329 202 
-0.3399 0.5954 0.5461 0.4814 93.87 66.62 178.44 15.94 3.67 -2.04 4.7500 3.2000 3.3900 2.0511 -0.5856 3.0578 8.06 -3.08 -4.63 191 317 324 342 204 
-0.4338 0.7363 0.4926 0.1647 30.81 33.50 140.94 4.17 -0.08 -3.68 1.2200 4.8700 3.0800 -5.1867 -0.6633 2.0400 3.55 -3.60 -8.39 191 271 285 312 202 
-0.0858 0.9289 0.3477 0.0945 142.19 11.94 -178.25 0.17 4.18 -15.45 -0.9200 3.5600 -5.8500 -1.1389 -1.0278 1.3700 1.30 1.35 -9.62 187 289 295 323 207 
0.0408 0.9608 0.2623 0.0794 149.37 8.25 -173.75 1.32 0.76 -8.95 0.5600 -0.2700 0.7800 0.0633 0.3889 -0.1678 1.50 0.89 -9.64 188 292 294 324 208 
;
