-0.0162 -0.0356 0.2695 0.9622 178.06 -3.37 -31.37 -0.68 5.18 8.28 -0.0900 0.0700 -0.0600 -0.0056 -0.0067 -0.0044 -0.58 5.10 8.35 154 312 246 253 179 
-0.0161 -0.0357 0.2696 0.9622 178.06 -3.44 -31.37 -0.73 5.16 8.29 -0.2900 0.0800 0.0700 0.1344 -0.1733 0.0433 -0.46 5.18 8.31 156 311 258 261 179 
0.0068 0.0471 0.2858 0.9571 186.37 13.69 -33.75 6.02 3.85 14.34 4.3000 -0.3900 7.2100 -0.1978 -5.7611 0.4800 5.88 5.11 5.94 153 314 294 316 192 
0.1107 0.4902 0.2063 0.8395 189.75 60.25 -49.19 13.20 6.74 -2.36 2.0200 3.7900 -6.7200 2.0111 -2.0056 5.1822 9.70 0.43 1.36 156 338 341 381 200 
-0.2463 0.6644 0.1155 0.6961 127.62 73.37 69.31 4.13 0.77 -2.73 -6.6700 3.8900 -3.3600 5.1589 -0.9178 2.9167 8.65 -4.22 1.86 166 367 358 407 203 
-0.6025 0.5787 0.2442 0.4922 71.19 59.31 63.00 6.29 1.45 3.75 -2.5300 5.3600 0.7700 2.7422 -1.2944 -0.2233 8.64 -3.95 2.40 188 393 366 418 204 
-0.6890 0.4827 0.3774 0.3871 58.88 63.94 56.00 10.83 1.25 2.62 1.9200 4.7400 0.3600 -0.5067 0.4989 -0.4111 8.85 -3.38 2.50 194 393 365 415 206 
-0.6605 0.4975 0.3649 0.4278 68.94 65.31 55.81 10.95 0.45 1.30 2.5500 3.8900 -1.8300 -2.2222 1.3511 -0.3522 8.82 -3.56 2.36 187 378 361 410 206 
-0.5847 0.5597 0.2365 0.5375 89.94 58.75 59.94 9.06 -3.84 -0.93 -1.1800 0.5100 -3.0900 -4.8322 -0.7833 2.5467 7.28 -6.52 0.76 169 270 310 367 207 
-0.4734 0.7489 -0.0638 0.4593 86.31 34.56 103.00 0.49 -10.92 -4.51 -4.9600 -3.3700 -2.5700 -0.6633 0.3667 0.9467 4.86 -8.19 -2.31 176 287 314 372 209 
-0.4370 0.7620 -0.1971 0.4355 91.12 29.81 105.37 3.55 -8.43 -1.94 -1.0400 0.0100 0.3900 0.1689 0.3756 -0.6111 5.26 -8.03 -1.98 177 288 317 370 208 
-0.4218 0.7489 -0.1686 0.4825 99.50 37.94 102.12 1.95 -3.47 -0.64 -5.2700 3.9200 0.2900 0.3367 1.6467 -3.3089 7.66 -6.07 -0.69 173 292 315 321 207 
-0.2847 0.6813 0.0010 0.6744 146.25 73.31 47.56 5.93 0.38 -2.57 -2.0700 2.1600 -6.6800 4.3989 2.1356 -5.3778 8.59 2.86 3.74 175 250 270 280 202 
-0.1447 0.4485 0.3936 0.7893 152.87 54.31 -68.94 18.81 13.10 3.68 9.8100 7.7900 2.7600 4.8156 0.0522 3.2889 8.88 4.14 0.24 188 198 194 216 145 
-0.4396 0.4410 0.5637 0.5428 89.69 84.81 -175.06 2.85 6.38 5.21 -7.3800 5.9600 6.2700 -0.1778 -0.1822 3.6844 9.54 -2.19 -0.43 197 170 173 183 119 
-0.5513 0.5864 0.4427 0.3951 76.87 71.81 113.06 1.57 2.33 -1.20 -6.2600 4.3200 -2.0300 -3.3411 -1.3911 -2.5811 9.45 -0.50 -2.54 198 170 180 185 123 
-0.2851 0.6531 0.4538 0.5350 128.44 71.00 -152.12 15.36 3.15 -7.28 5.5200 1.2200 -4.2400 -0.2944 -0.6567 0.7900 9.12 1.23 -3.36 198 172 186 189 125 
-0.2543 0.6866 0.4436 0.5168 127.06 69.69 -162.12 8.71 1.77 -2.26 -0.4100 0.6300 0.4100 -0.0278 0.0711 0.0944 9.23 0.97 -3.16 198 175 185 191 126 
;
