-0.6563 -0.2730 0.2335 0.6635 90.56 -3.12 -42.00 -0.54 6.51 7.19 -0.0100 -0.0300 -0.0800 0.0000 0.0167 0.0044 -0.54 6.55 7.27 176 375 373 420 227 
-0.6567 -0.2733 0.2333 0.6630 90.50 -3.19 -42.00 -0.66 6.50 7.20 -0.1000 -0.0400 -0.0700 -0.0156 -0.0144 0.0078 -0.54 6.54 7.27 175 377 372 417 228 
-0.6567 -0.2729 0.2336 0.6631 90.50 -3.06 -42.06 -0.82 6.51 7.23 -0.7600 -0.1000 0.4600 0.2267 -0.6144 0.1400 -0.25 6.64 7.20 175 360 351 419 227 
-0.6454 -0.2294 0.3029 0.6627 92.37 13.13 -46.88 2.52 8.67 12.21 0.4100 2.2500 6.6500 0.2322 -8.0200 2.2289 6.37 6.55 3.54 173 327 295 354 224 
-0.5067 0.1473 0.6226 0.5779 92.62 60.44 -75.69 14.50 6.94 -5.48 4.1200 3.1100 -5.8100 1.4956 -0.2578 5.0178 9.70 1.34 0.48 170 303 294 355 223 
-0.6644 0.3318 0.5979 0.3016 37.69 78.69 69.06 2.33 -0.91 -4.12 -7.1500 1.9800 -4.7800 4.8344 -0.3333 2.1044 9.16 -3.18 1.43 175 348 319 369 223 
-0.7745 0.2009 0.5994 -0.0225 350.37 66.44 56.56 5.43 1.45 3.33 -2.7100 4.2500 1.4200 2.0100 -1.0989 0.2578 9.08 -3.11 1.95 184 368 328 376 226 
-0.7606 0.0713 0.6281 -0.1480 337.87 69.87 53.38 10.00 0.65 1.64 0.7100 3.2100 -0.3700 0.5544 -0.2889 -0.1467 9.28 -2.45 1.97 191 367 328 379 228 
-0.7626 0.0358 0.6288 -0.1477 338.94 72.06 49.75 9.96 0.13 2.52 0.6500 2.4400 1.4000 -1.8422 0.2889 -0.5867 9.39 -2.15 1.82 195 345 324 370 224 
-0.7628 0.1028 0.6371 -0.0403 359.94 73.87 47.88 10.29 5.02 1.15 -2.1100 5.1000 -1.8100 -3.3856 1.0656 -0.9389 9.18 -2.21 2.61 197 279 277 311 221 
-0.7398 0.3354 0.5538 0.1831 31.62 70.50 70.25 10.42 -3.74 -3.46 -1.2100 -1.8200 -6.8600 -3.0011 0.9467 0.5822 9.10 -3.62 0.21 194 271 269 276 212 
-0.6483 0.5233 0.4719 0.2883 48.81 64.56 89.37 6.18 -7.34 -3.17 -2.7800 -2.8600 -3.1000 -0.3189 -0.2622 0.6922 8.63 -4.65 -0.06 195 275 274 284 213 
-0.6530 0.5563 0.4296 0.2820 46.75 61.13 87.12 6.74 -4.60 0.01 -1.9600 0.4800 -0.1900 0.4678 0.0033 -0.2778 8.68 -4.54 0.43 192 274 279 267 212 
-0.6674 0.5198 0.4357 0.3076 53.63 65.75 67.06 3.66 -2.08 -0.21 -3.7100 0.9700 -3.5200 2.6333 4.0133 -4.1844 8.65 -0.68 4.55 191 306 288 270 209 
-0.7134 0.1552 0.4360 0.5262 74.12 45.44 -33.75 7.07 4.38 1.92 -0.2700 -1.3700 -3.1200 5.3067 -1.8378 -0.3000 7.06 6.31 2.54 189 309 303 307 209 
-0.6190 -0.0760 0.6805 0.3847 58.06 55.75 -99.94 14.91 6.23 -0.17 2.9300 -0.8500 0.4100 2.3189 -3.3456 3.7444 8.53 2.40 -4.19 194 306 306 314 217 
-0.4662 0.1135 0.8740 0.0764 11.81 52.13 174.56 8.87 1.46 -6.55 4.2400 4.0000 1.7300 -1.1433 -3.3756 4.5333 4.64 -2.60 -8.23 194 283 270 309 228 
-0.2243 0.4315 0.8735 -0.0242 56.75 17.00 168.94 3.08 3.94 -7.10 -0.2500 4.7900 1.8500 -2.7867 -0.8122 0.7844 1.91 0.19 -9.61 192 294 290 322 234 
-0.0212 0.5330 0.8414 0.0870 65.06 7.12 -172.06 1.78 1.57 -11.10 0.7800 0.1800 -0.4200 0.1033 0.1456 0.1711 1.32 1.22 -9.63 193 303 293 322 233 
-0.0210 0.5356 0.8385 0.0975 64.62 8.88 -172.00 1.49 0.86 -10.33 -0.4500 -0.2200 0.0300 0.1633 -0.3700 0.3367 1.50 1.20 -9.61 194 305 294 325 233 
-0.0348 0.5407 0.8353 0.0933 65.56 9.25 -173.37 1.18 1.19 -9.05 -0.6200 0.1000 0.5900 0.1000 0.0889 -0.2156 1.69 1.06 -9.59 194 306 296 327 233 
-0.0524 0.5262 0.8430 0.0988 62.81 12.94 -172.81 4.25 2.70 -9.59 2.8500 1.8500 -0.1800 -1.5789 5.7356 -1.0600 4.90 2.15 -8.21 186 301 299 316 227 
-0.3148 0.3802 0.8111 0.3139 84.31 57.94 -144.81 9.07 3.53 -4.89 0.7500 0.1000 -1.4800 1.2644 5.5267 -1.5533 8.97 3.92 -0.42 187 275 261 265 215 
-0.6206 0.1109 0.6602 0.4083 61.50 66.81 -72.75 12.22 3.07 -0.06 -0.1900 -0.5600 -1.6300 2.4678 -1.3400 3.5800 9.65 1.68 0.15 193 206 212 201 152 
-0.6758 0.1439 0.7045 0.1617 21.75 87.50 178.19 3.45 -1.36 3.98 -7.5600 -0.8200 4.4900 -1.1111 1.2244 0.1433 9.75 -0.87 0.41 200 175 179 172 123 
-0.6869 0.2242 0.6685 0.1760 35.00 87.12 177.75 5.56 1.93 0.10 -2.0400 3.1600 -2.9300 -2.5367 -2.2211 -2.0522 9.55 1.44 -1.67 198 170 160 170 123 
-0.5215 0.2762 0.7329 0.3385 67.00 71.81 -135.69 11.59 3.63 -4.52 2.0300 1.1400 -1.4300 0.4756 0.1767 0.2878 9.36 1.94 -2.15 201 172 163 173 126 
-0.5367 0.2695 0.7307 0.3245 61.69 73.87 -139.12 8.90 2.33 -0.92 -0.5100 0.5500 1.1200 -0.0889 0.0011 0.1900 9.45 1.63 -2.04 201 178 161 176 126 
-0.5440 0.2720 0.7292 0.3135 59.81 74.75 -142.25 9.64 1.80 -2.03 0.0100 0.3200 0.1500 0.1044 0.0367 0.1011 9.47 1.48 -2.02 202 177 161 175 128 
-0.5502 0.2733 0.7257 0.3099 58.63 75.37 -144.25 9.53 2.04 -1.54 -0.4200 0.5100 0.2500 -0.0700 0.0278 0.0533 9.49 1.39 -2.03 201 180 171 178 129 
-0.5469 0.2762 0.7279 0.3080 59.06 75.00 -144.37 8.91 1.78 -2.11 -0.7000 0.1900 -0.1600 0.0433 0.0178 -0.0544 9.45 1.59 -2.04 202 180 169 179 130 
-0.5455 0.2616 0.7304 0.3170 61.63 74.12 -134.62 9.21 3.01 -0.15 -0.1800 1.0300 1.8300 -1.9144 1.9911 -1.3189 9.36 2.85 -0.47 196 217 212 211 163 
;
