-0.0052 -0.1014 0.1691 0.9803 179.37 -11.38 -19.81 -1.96 3.18 8.89 0.0200 -0.0100 -0.1200 0.0156 0.0422 0.0022 -1.95 3.27 9.03 200 404 404 437 259 
-0.0029 -0.1038 0.1721 0.9796 180.62 -11.75 -19.87 -3.34 3.12 8.61 -0.4500 -0.1100 -0.2500 0.5500 -0.6789 -1.1167 -1.96 3.33 9.01 204 396 400 434 258 
0.0704 -0.0915 0.1835 0.9762 187.87 -11.81 -20.75 -1.97 3.36 8.74 -0.0600 -0.0400 -0.1200 0.2922 -0.3700 0.0956 -1.77 3.62 8.93 204 392 404 436 257 
0.0690 -0.0349 0.2155 0.9734 187.81 2.00 -28.06 2.36 5.84 17.97 2.5100 2.2000 10.2900 1.7333 -11.5700 1.9567 6.52 5.38 4.95 201 352 362 397 254 
0.0366 0.6448 0.2991 0.7024 170.81 68.25 -118.75 7.42 5.14 -7.64 -4.9400 2.6700 -5.2300 6.6011 0.4178 3.8967 9.54 -0.68 -2.14 213 401 388 427 262 
-0.4342 0.6729 0.3727 0.4689 83.94 71.81 113.00 2.71 -0.05 0.10 -6.8500 2.8400 0.8500 4.0167 0.7989 0.0656 9.29 -3.08 0.45 231 429 396 430 266 
-0.6348 0.5105 0.4529 0.3624 57.44 71.31 75.37 7.60 2.53 0.49 -1.4200 5.4500 -0.5200 0.3311 0.7667 -0.8300 9.39 -2.42 1.44 244 427 383 425 267 
-0.6479 0.4531 0.4636 0.4000 67.12 74.50 51.25 12.49 5.48 -0.46 2.8300 7.4200 -2.2000 -4.0689 0.9411 -0.2067 9.36 -2.35 1.72 239 353 373 396 251 
-0.5421 0.5659 0.2413 0.5724 101.50 63.19 63.81 5.15 -2.59 -3.90 -2.4800 0.0900 -4.4800 -4.4467 -1.0567 2.7411 7.95 -5.70 -0.55 228 296 329 340 247 
-0.3937 0.7375 -0.0753 0.5435 107.50 45.56 100.25 5.31 -11.00 -3.50 -1.0700 -3.1200 -1.8000 -0.3411 1.0022 -0.0789 6.87 -6.87 -1.25 234 308 337 351 256 
-0.3656 0.7274 -0.1368 0.5645 118.62 47.00 93.00 12.40 -4.01 -1.52 5.9800 3.1400 -2.7700 -1.7322 9.8467 1.6433 5.73 -7.38 2.94 194 295 324 333 223 
-0.2278 0.3347 -0.4155 0.8145 148.56 15.25 63.25 0.39 -9.69 5.29 -3.9900 -1.1600 3.2800 -1.3744 4.4144 0.7322 0.35 -9.08 3.68 173 402 379 430 233 
-0.1777 0.1613 -0.5640 0.7901 153.50 3.81 73.25 1.95 -8.79 1.21 0.2800 -0.4400 -1.1700 -0.8467 0.3178 -0.2156 0.76 -9.49 2.30 175 411 389 438 235 
-0.1773 0.1956 -0.5892 0.7636 153.75 5.31 77.00 0.22 -9.90 0.35 -0.3000 -0.3400 -2.2100 0.0044 -0.0911 -0.3044 1.09 -9.49 2.18 180 409 389 436 235 
-0.1840 0.2307 -0.5800 0.7593 150.94 9.63 76.25 3.61 -8.36 -7.55 2.2200 1.0600 -12.2000 3.8067 -3.2889 -0.3133 2.58 -8.57 3.99 179 394 378 421 239 
-0.3704 0.3585 -0.2884 0.8069 125.12 26.75 42.94 8.38 7.39 3.50 4.2100 12.8300 1.6100 6.8656 1.3189 -0.9622 4.97 -1.52 8.30 182 395 372 422 241 
-0.5164 0.1996 0.1842 0.8121 113.56 26.50 -13.31 5.18 7.91 13.59 1.8400 5.0800 5.6200 2.2511 1.2556 -0.0278 3.88 3.60 8.25 186 404 387 437 243 
;
