0.9221 0.0222 -0.3051 -0.2369 28.81 33.50 -12.81 5.46 1.81 7.93 -0.0100 0.0000 0.0500 0.0011 0.0111 -0.0078 5.40 1.81 7.97 159 327 307 325 195 
0.9222 0.0224 -0.3047 -0.2369 28.75 33.44 -12.81 5.42 1.82 7.96 0.0100 0.0200 0.0400 -0.0022 -0.0022 0.0044 5.40 1.82 7.97 159 326 308 323 195 
0.9222 0.0224 -0.3047 -0.2369 28.75 33.44 -12.81 5.41 1.86 7.99 -0.0100 0.0500 0.0000 0.0111 0.0211 -0.0089 5.39 1.82 7.98 160 329 309 324 194 
0.9200 0.0223 -0.3101 -0.2385 28.87 35.50 -14.13 6.56 2.51 10.27 0.1200 0.3500 2.8600 0.6022 -3.1922 -0.2133 7.15 2.28 6.30 164 340 315 331 202 
0.8141 -0.0468 -0.5203 -0.2538 31.69 68.62 -19.37 17.51 0.08 0.56 6.1900 -0.5000 -4.8000 0.6711 -0.8067 4.3256 9.37 -1.64 2.35 163 341 341 382 205 
0.7916 -0.1746 -0.5850 0.0225 348.56 62.94 47.69 2.46 0.40 0.40 -6.3700 3.5600 -2.5600 5.3022 -0.2222 0.7756 8.52 -2.67 4.04 174 399 373 424 211 
0.7944 0.0645 -0.5389 0.2725 320.25 64.37 19.06 6.29 2.96 4.31 -2.3100 3.8800 0.7300 0.5256 -0.0622 -0.3333 8.92 -0.78 3.98 189 408 374 424 213 
0.7791 0.1519 -0.5306 0.2972 317.81 66.87 14.00 10.80 2.16 3.83 1.7900 3.2700 -0.3400 -1.4022 0.7378 -0.1767 8.88 -1.27 3.95 190 390 357 417 216 
0.8041 0.0649 -0.5370 0.2465 329.44 61.38 22.00 8.20 1.18 4.99 -0.3400 3.2100 -0.0500 -3.3044 0.6867 -0.1167 8.25 -2.67 4.57 182 324 304 331 183 
0.8285 -0.1588 -0.5184 0.1402 339.69 51.31 54.38 6.21 -5.23 2.27 -0.3100 1.2000 -1.0100 -2.9933 0.2244 3.1867 6.26 -7.26 2.02 186 258 286 297 172 
0.7367 -0.4425 -0.4758 0.1873 329.00 28.75 82.19 2.34 -10.73 -0.89 -2.2100 -2.2200 -1.7300 -1.0967 0.6222 1.2667 3.57 -9.11 0.53 187 271 289 302 173 
0.6921 -0.5593 -0.4070 0.2064 327.44 19.12 87.62 2.59 -9.54 -0.03 -0.6400 -0.3400 -0.2800 0.0644 0.7311 -0.1389 3.26 -9.23 0.51 187 277 292 302 174 
0.7087 -0.5656 -0.3825 0.1775 333.12 19.81 85.50 4.53 -8.91 1.38 0.4800 0.0000 0.6500 0.0933 0.5511 0.0933 3.24 -9.20 0.89 188 278 290 296 173 
0.7283 -0.5809 -0.3334 0.1448 337.69 18.31 83.19 0.48 -10.37 2.61 -2.2400 -1.6100 1.4500 0.9022 -0.2078 -1.2678 3.72 -8.91 1.67 182 315 240 237 163 
0.7849 -0.5248 -0.3138 0.0999 346.81 23.06 71.81 1.41 -9.09 2.76 1.8500 -0.8500 -0.8200 1.0867 -2.9756 1.3144 3.66 -8.59 2.98 100 319 166 174 119 
0.7746 -0.4454 -0.3652 0.2612 317.44 18.19 67.56 4.77 -11.26 -8.49 1.1400 -2.0200 -13.3100 5.5667 -0.9356 1.2578 2.35 -7.24 6.17 104 321 171 176 122 
0.8287 -0.1995 -0.2349 0.4672 301.69 10.63 25.25 2.61 11.31 25.80 -0.6100 14.1100 17.9800 -1.7500 1.0089 -0.3756 1.22 -4.24 8.75 108 328 177 177 125 
0.8450 -0.2340 -0.2019 0.4363 306.81 8.94 41.38 3.11 -6.15 2.54 1.1100 -0.5300 -5.6100 -3.3578 -0.4289 -0.0733 1.89 -8.12 5.14 115 334 181 184 129 
0.7753 -0.4054 -0.3232 0.3607 311.00 12.56 63.00 2.27 -8.71 2.44 0.2800 -0.0500 -1.2600 -0.3956 0.1733 -0.6556 2.54 -8.51 4.14 143 329 204 210 155 
;
