0.0078 -0.0306 0.3603 0.9323 181.00 -3.25 -42.31 -0.62 6.55 7.16 -0.1300 -0.0200 -0.0500 0.0256 0.0478 0.0256 -0.56 6.62 7.21 155 355 356 381 212 
0.0067 -0.0289 0.3630 0.9313 180.75 -3.44 -42.56 -0.53 6.62 7.15 -0.0900 -0.0100 0.1100 -0.0133 0.0078 -0.0022 -0.58 6.62 7.21 156 314 331 359 212 
0.0316 0.0657 0.3546 0.9322 189.44 14.56 -36.75 8.18 8.21 15.22 6.7300 1.7100 5.7300 0.7222 -8.9567 -0.0822 6.96 5.52 4.14 163 293 318 350 212 
0.1165 0.6517 0.2263 0.7145 187.31 68.94 -107.81 7.14 4.88 -10.14 -5.3800 0.9300 -7.5700 4.0756 1.0078 3.7622 9.70 -0.04 -1.39 164 333 341 374 214 
-0.2947 0.7136 0.2130 0.5989 114.94 75.75 103.44 3.66 0.28 -2.26 -5.6600 3.9500 -1.6500 6.2956 -0.1944 1.2122 9.20 -3.19 1.13 165 369 343 378 217 
-0.6227 0.5220 0.3760 0.4455 67.87 69.31 58.81 7.90 3.59 3.32 -1.3400 6.2400 2.1900 1.2622 0.6556 -0.7967 9.25 -2.22 2.36 178 365 335 378 217 
-0.6653 0.4339 0.4222 0.4368 68.50 69.81 38.81 10.81 2.68 3.15 2.8200 7.1300 0.6900 -2.6133 0.3244 0.0844 9.14 -2.57 2.44 167 310 319 341 201 
-0.5695 0.5345 0.2836 0.5564 93.87 63.13 49.94 14.71 2.82 0.33 1.1000 7.0100 -3.1000 -5.0867 -0.0278 1.7689 7.85 -5.54 1.93 178 238 264 277 207 
-0.4510 0.6577 -0.0641 0.5999 107.19 45.00 83.37 1.62 -13.88 -7.70 -4.0000 -6.0700 -6.8400 -0.5033 0.6511 0.2222 6.66 -7.18 0.33 181 251 276 287 210 
-0.4153 0.6749 -0.1298 0.5961 110.81 44.81 84.25 6.06 -5.74 1.69 -1.5700 1.0700 0.9300 0.3967 0.3100 -0.6911 7.29 -6.44 1.18 176 256 264 282 209 
-0.3807 0.6385 -0.0908 0.6627 124.50 52.44 68.25 1.74 -6.31 0.03 -5.5500 -1.1400 -2.3600 0.7278 3.2656 -2.7778 7.84 -3.87 4.42 167 281 258 234 192 
-0.2495 0.4375 -0.0234 0.8636 150.81 45.00 14.44 4.20 1.13 3.34 -2.6900 2.4100 -4.1100 3.6911 2.2611 -2.6133 5.63 1.18 7.93 162 312 199 188 179 
-0.1705 0.2155 0.2414 0.9307 159.12 27.44 -33.06 9.61 14.20 6.66 4.5900 8.8700 -0.6300 6.1733 -0.3511 0.3889 4.65 7.38 4.46 120 353 168 169 149 
-0.2650 0.1422 0.6152 0.7288 131.81 35.38 -84.62 11.67 19.61 5.11 3.9400 10.0300 5.4600 2.8089 0.6967 3.2389 7.32 6.42 -1.10 131 357 182 178 155 
-0.4576 0.1887 0.7135 0.4958 88.94 62.19 -93.56 2.19 7.35 1.95 -7.0800 3.1000 1.3000 -3.0656 1.9878 2.8022 9.31 2.45 1.84 126 352 186 178 152 
-0.5891 0.3903 0.4973 0.5034 80.25 79.44 24.44 0.49 2.77 2.03 -9.9500 4.0100 0.2500 -5.8711 0.6933 0.3033 9.59 -1.70 1.09 126 359 189 183 155 
-0.4017 0.5995 0.3242 0.6116 128.12 86.06 -2.00 9.18 4.70 -7.61 0.1800 4.9000 -12.5300 -0.7778 1.9756 -5.7678 8.35 4.59 2.26 112 352 182 182 152 
-0.1095 0.4301 0.4569 0.7709 162.06 47.50 -73.06 14.21 13.80 -2.11 8.4100 9.3100 2.1700 6.0900 2.3433 -0.7444 6.79 7.06 -0.42 126 327 190 184 154 
-0.2451 0.2971 0.6866 0.6166 135.81 45.13 -103.44 12.38 8.87 -4.72 6.4800 2.2400 -2.3100 3.5956 2.6567 -0.9244 6.88 6.50 -2.55 161 283 324 355 215 
-0.3776 0.2006 0.7845 0.4492 89.19 56.06 -129.81 8.68 7.00 0.63 -0.4200 4.4700 4.9800 -0.8689 -1.0856 7.9289 8.74 -0.70 -4.38 181 241 284 319 222 
-0.4672 0.6082 0.6039 0.2170 47.19 50.56 141.25 1.58 3.79 0.39 -8.3500 5.8000 5.8500 -4.7411 -1.3356 4.6256 5.53 -4.57 -6.67 186 252 280 318 224 
-0.2432 0.9105 0.3238 0.0844 145.69 11.88 161.31 -1.87 -1.55 -21.17 1.5600 0.3000 -11.7000 -1.2022 -0.3522 0.6267 1.19 -1.68 -9.58 185 258 285 315 224 
-0.0930 0.9655 0.2421 0.0245 152.12 4.75 170.81 1.79 -2.24 -11.04 1.3700 -0.3900 -0.8300 0.1633 -0.0989 -0.0178 0.61 -1.61 -9.65 186 260 285 318 224 
;
