-0.2079 -0.0549 0.3044 0.9280 154.75 1.31 -36.00 0.13 5.70 7.94 -0.1600 -0.0400 -0.0100 -0.0211 -0.0522 -0.0133 0.25 5.74 7.94 146 334 342 372 209 
-0.1945 -0.0441 0.3049 0.9313 156.75 1.94 -35.81 -4.29 5.36 8.65 -4.7500 0.2100 4.0000 1.6411 -4.6289 0.5211 2.37 6.26 7.15 150 332 281 312 206 
-0.0740 0.2255 0.3658 0.8999 175.56 36.50 -51.13 14.81 9.17 5.61 6.9100 6.8900 -2.3300 2.2900 -5.2911 4.6900 8.77 4.25 0.99 151 321 285 311 208 
-0.2192 0.6370 0.3444 0.6539 125.62 86.81 178.69 0.13 1.06 -8.75 -9.6300 2.7900 -5.6000 6.1044 -0.6222 3.6778 9.13 -3.56 0.18 156 371 332 373 212 
-0.6389 0.5542 0.3817 0.3728 52.88 62.44 67.87 3.89 0.96 2.33 -4.1000 5.5100 0.2500 2.9556 -0.9700 1.2244 8.40 -4.35 2.56 159 394 345 379 213 
-0.7673 0.4078 0.4375 0.2313 32.88 59.44 53.63 8.27 1.21 4.71 0.1000 5.2100 1.5100 -0.3789 0.0533 -0.4289 8.53 -3.77 3.02 167 388 338 373 213 
-0.7556 0.4028 0.4345 0.2795 42.81 62.63 50.31 12.46 3.05 2.70 4.5500 7.4300 -0.1200 -2.2200 2.0556 -2.2978 8.84 -2.51 3.41 177 372 340 374 215 
-0.6599 0.4454 0.3611 0.4856 78.50 62.69 32.38 11.26 -1.39 -1.14 -2.3000 -2.3500 -5.0300 -5.5089 -2.3900 0.9522 8.47 -3.96 2.93 180 251 288 333 217 
-0.4941 0.6252 0.1113 0.5939 106.87 56.94 68.44 10.32 -6.84 -0.01 1.7900 -3.1200 -2.8000 -2.1344 2.6356 -1.0956 8.33 -4.77 1.97 181 263 292 347 220 
-0.3812 0.6436 0.0002 0.6638 120.62 58.31 69.94 7.04 -5.40 0.48 -1.3000 -0.6500 -0.9900 -0.0678 -0.1489 0.3556 8.22 -5.03 1.77 182 262 289 337 219 
-0.3954 0.6343 -0.0105 0.6642 118.50 56.25 68.06 6.62 -5.83 1.25 -0.4700 -0.8900 -1.5000 0.2122 2.7567 -0.4722 7.84 -4.77 3.43 164 266 261 245 210 
-0.3887 0.4919 -0.0521 0.7773 129.00 39.88 37.44 8.40 -7.32 3.44 2.9100 -1.9700 -2.5700 -0.5800 3.1778 2.0411 3.87 -5.24 7.32 167 234 151 161 129 
-0.4765 0.3723 -0.1431 0.7835 112.37 24.87 40.50 5.29 -4.73 7.39 0.9900 5.5600 0.9200 1.4633 -0.9333 2.3578 3.46 -5.67 7.20 114 211 143 163 132 
-0.6456 0.3282 -0.0910 0.6835 88.25 19.81 33.69 5.97 -0.52 12.09 -1.2100 2.7000 3.2500 1.4300 0.1822 0.9744 3.18 -4.57 8.07 121 212 143 166 132 
-0.7532 0.3101 0.0023 0.5801 73.56 20.31 29.87 3.22 -3.01 8.61 -0.1900 1.4800 0.5700 0.0011 -0.2089 0.1878 3.38 -4.67 7.92 122 219 150 169 134 
-0.7736 0.3182 0.0005 0.5480 70.25 20.75 31.50 2.93 -3.99 8.00 -0.3200 1.2500 0.6400 -0.0222 -0.1178 -0.0900 3.51 -4.75 7.82 127 223 154 171 135 
-0.7715 0.3105 -0.0009 0.5553 72.62 19.44 29.94 1.49 -1.75 9.73 -1.4100 3.3600 1.9100 0.4956 1.2356 -1.4933 2.79 -3.99 8.51 127 228 158 170 136 
-0.7086 0.2294 -0.0369 0.6662 92.06 13.56 22.56 9.64 3.11 10.21 7.8600 6.4700 0.9100 -2.3578 1.4689 -2.8256 2.23 -4.49 8.42 127 228 158 171 137 
-0.4986 0.2651 -0.1772 0.8061 122.12 14.88 37.19 2.96 -11.41 0.72 0.1400 -5.8300 -6.1600 -1.0556 0.5478 -1.8744 2.98 -6.02 7.14 127 228 158 171 138 
-0.3360 0.2778 -0.2448 0.8660 138.56 18.81 40.19 2.54 -7.89 5.78 -0.6000 -1.3400 -1.1400 -0.1278 -0.6522 0.3111 3.26 -6.09 6.95 129 229 161 174 138 
-0.3409 0.2930 -0.2466 0.8586 135.87 19.62 41.06 1.82 -5.40 4.88 -1.4100 0.6400 -2.8400 1.2544 -1.4144 -0.2733 3.98 -5.52 7.05 152 239 159 185 171 
-0.3773 0.3667 -0.1039 0.8440 130.87 37.13 26.87 5.02 -3.89 -1.65 -1.0700 -0.3200 -8.0500 5.1200 -2.1978 -0.3022 7.18 -0.31 6.67 174 211 215 210 180 
-0.4982 0.3442 0.3167 0.7301 106.25 59.31 -16.25 14.25 3.74 5.21 5.3100 5.4400 1.4200 4.5144 -2.9389 2.3511 9.41 0.99 2.54 185 173 160 172 143 
-0.6219 0.3466 0.5060 0.4869 73.06 79.12 -5.00 3.34 8.56 8.52 -4.9100 6.6200 5.6600 -4.1678 -1.7444 -0.0411 9.79 -0.11 0.36 198 161 159 174 142 
-0.4697 0.4953 0.5139 0.5197 103.37 84.00 -174.37 16.69 3.19 -8.54 6.6000 2.2200 -4.2000 -0.6278 -1.0811 0.5011 9.69 0.70 -1.30 199 166 163 176 143 
-0.3947 0.5837 0.4887 0.5145 104.44 80.69 -169.00 8.48 0.27 -1.84 -1.1500 0.1400 -0.3300 0.0322 0.0167 0.1767 9.69 0.18 -1.44 197 169 173 177 145 
-0.4039 0.5893 0.4807 0.5085 103.62 81.44 -172.56 8.90 0.33 -1.54 0.0900 0.5100 0.5400 0.0756 -0.2000 -0.1067 9.67 0.25 -1.56 198 169 178 177 145 
-0.3989 0.5816 0.4875 0.5147 104.75 80.94 -164.06 9.85 0.49 -1.69 0.8100 0.6200 0.3200 -0.0956 -0.0356 0.1022 9.68 0.39 -1.51 198 173 182 180 146 
;
