0.9387 0.0754 -0.2174 -0.2565 30.56 21.62 -15.75 3.66 2.41 8.86 0.0000 -0.0600 0.0000 -0.0011 -0.0022 -0.0078 3.62 2.48 8.76 165 337 339 370 209 
0.9388 0.0752 -0.2172 -0.2567 30.56 21.62 -15.75 3.00 2.40 10.11 -1.0700 -0.0200 1.4500 0.9622 -1.5644 0.4044 4.65 2.78 8.16 167 325 327 361 208 
0.9033 0.0433 -0.3492 -0.2457 31.31 45.19 -16.50 18.62 1.75 10.97 9.9400 0.7000 4.3000 -1.8167 -2.5200 3.4711 8.71 -1.03 4.37 166 340 343 366 210 
0.8176 -0.2359 -0.5195 -0.0769 3.44 59.81 50.69 3.57 -4.48 -1.25 -3.4800 -0.2000 -3.5900 3.3478 -0.9511 1.3222 8.18 -4.29 3.26 168 385 369 415 213 
0.8021 -0.1334 -0.5551 0.1752 330.44 58.94 45.38 5.33 -0.72 2.14 -2.5900 2.7000 -0.7100 3.4522 -1.2578 -0.2433 8.78 -2.35 3.66 187 405 371 427 215 
0.7623 0.1058 -0.5569 0.3125 313.87 67.00 24.31 9.23 2.76 4.02 -0.2800 3.9300 0.6000 0.7033 -1.0067 -0.0378 9.10 -1.32 3.38 193 406 373 426 215 
0.7585 0.1488 -0.5449 0.3249 315.56 66.19 18.31 9.87 1.93 3.60 0.9200 3.6100 -0.3900 -2.3556 1.2978 -0.3200 8.68 -1.60 4.26 194 380 368 427 220 
0.8331 0.0143 -0.5085 0.2170 335.62 57.19 23.12 8.57 -0.55 1.53 0.6000 1.1200 -2.8800 -2.0400 -0.7089 1.1833 8.05 -3.36 4.45 187 318 320 397 204 
0.8232 -0.2036 -0.5026 0.1683 336.25 43.69 56.00 0.30 -8.85 3.77 -6.0700 -2.2000 0.8400 -3.6078 1.1944 1.6244 5.42 -7.72 2.63 189 281 305 351 199 
0.7810 -0.4597 -0.4041 0.1239 342.75 31.19 74.25 5.05 -9.19 1.46 0.3400 -0.9300 -0.6600 -0.5833 0.5400 -0.0433 5.01 -8.19 1.96 192 283 307 357 199 
0.7654 -0.5040 -0.3889 0.0946 346.19 29.06 77.44 6.68 -7.67 1.99 3.1300 0.6700 -0.1500 -0.6622 2.0622 1.2089 3.76 -8.82 2.03 188 296 289 348 197 
0.7880 -0.5814 -0.1901 0.0706 352.81 5.06 74.75 -3.32 -7.71 1.32 -2.5100 1.6900 -0.5700 -1.4089 4.6500 1.1367 -1.33 -9.58 1.57 177 403 369 432 203 
0.7217 -0.6720 0.1587 -0.0490 11.56 -9.13 91.44 -2.73 -11.64 -1.84 -1.0500 2.0600 -1.7200 -1.4411 0.5156 -0.5889 -1.14 -9.60 -1.60 169 413 372 433 202 
0.6135 -0.7553 0.1981 -0.1179 23.81 -2.62 103.87 0.52 -9.95 -7.27 1.5100 0.2000 -5.0500 0.6167 -0.2000 -0.4544 -0.12 -9.59 -2.03 169 408 368 431 203 
0.6500 -0.7247 0.1735 -0.1492 25.31 -0.13 89.94 1.87 -4.60 -7.15 2.3200 5.9200 -7.5400 7.2267 -0.8589 0.8744 -0.17 -8.66 4.57 176 406 364 429 205 
0.9277 -0.3488 0.0303 -0.1298 12.56 4.19 29.56 2.13 4.74 13.95 5.3400 9.6800 10.7200 4.6678 -1.1978 0.7322 1.96 -1.43 9.49 181 412 370 425 207 
0.9902 -0.0538 -0.1256 -0.0306 4.87 13.63 7.87 1.33 5.62 18.81 1.3000 7.3600 7.2300 -4.7211 1.5900 -1.2678 1.92 -4.06 8.71 182 411 373 425 206 
0.9259 -0.3410 -0.0102 -0.1621 23.00 6.87 48.94 6.85 -3.44 -1.00 3.1000 3.7100 -8.1800 -6.0144 2.1800 -0.2978 0.60 -9.34 2.92 182 415 370 430 207 
0.7130 -0.6402 0.1780 -0.2238 35.81 0.81 87.50 2.57 -11.46 -16.75 3.2100 0.7600 -15.8500 3.7767 -0.6556 0.8033 -0.30 -9.53 2.28 182 413 374 432 208 
0.8786 -0.4431 0.0876 -0.1551 16.44 0.50 45.50 4.86 4.17 10.73 4.7100 9.7200 7.3600 7.8444 -4.3322 0.9500 1.45 -2.63 9.33 186 414 374 422 207 
0.9896 -0.1100 -0.0913 -0.0186 2.19 13.13 14.25 0.02 2.03 16.29 -3.2000 3.7100 4.2700 -3.4656 -0.6733 -0.9744 2.31 -4.13 8.58 184 407 370 409 206 
0.9328 -0.3274 -0.1200 -0.0910 12.94 17.50 44.50 2.78 -6.71 -0.55 0.3200 -0.5600 -8.2700 -2.1356 1.6911 -0.9389 2.84 -7.57 5.53 165 313 284 292 195 
;
0.9348 0.0740 -0.2062 -0.2795 33.31 20.12 -15.63 3.34 2.46 8.82 -0.0200 -0.0400 -0.0200 -0.0167 -0.0100 -0.0111 3.37 2.47 8.86 161 327 326 355 206 
0.9346 0.0732 -0.2062 -0.2803 33.31 20.19 -15.56 3.47 2.38 8.87 0.0600 -0.0700 0.0600 0.0122 0.0067 0.0156 3.39 2.47 8.86 161 325 328 355 206 
0.9332 0.0735 -0.2137 -0.2794 33.44 23.62 -17.56 0.33 3.66 10.88 -1.8300 1.8000 2.3500 2.1956 -8.4111 0.4078 7.60 3.62 5.01 162 343 317 370 208 
0.7518 -0.0129 -0.6073 -0.2563 35.69 74.81 -48.56 15.31 0.36 -2.72 2.3500 -1.5100 -5.3800 0.7322 -0.8278 4.2189 9.72 -1.12 0.56 163 368 360 396 211 
0.7249 -0.1869 -0.6629 -0.0118 353.62 71.62 71.25 3.39 -0.85 -2.46 -6.6100 2.6900 -2.1500 4.3067 1.0256 0.4844 9.00 -2.71 2.78 173 399 371 424 213 
0.7828 0.0132 -0.5857 0.2097 327.00 67.87 28.94 6.41 2.23 4.17 -1.6300 4.1900 1.2000 2.0578 -0.4544 -0.6311 9.21 -0.82 3.25 192 410 373 429 213 
0.7679 0.1596 -0.5596 0.2675 320.87 71.12 8.44 10.91 3.54 3.50 2.2100 4.1400 0.3900 -0.8333 0.4300 -0.0733 9.23 -0.57 3.23 196 400 366 425 218 
0.7912 0.1196 -0.5495 0.2402 329.37 65.25 14.44 8.90 2.75 2.78 1.4600 3.1200 -2.3800 -3.3300 2.7089 -0.1289 8.33 -2.07 4.74 191 338 344 414 216 
0.8497 -0.0856 -0.5018 0.1375 340.37 55.88 37.38 9.93 -3.73 4.08 0.1500 0.8900 -0.9000 -3.8256 2.2511 2.1889 7.04 -5.55 3.96 185 267 263 305 178 
0.7971 -0.3704 -0.4604 0.1244 342.37 36.50 73.94 3.84 -9.17 -1.31 -1.5900 -1.7300 -1.6500 -1.8844 0.7844 1.4078 4.70 -8.56 0.88 191 273 286 329 187 
0.7172 -0.5560 -0.4044 0.1141 341.87 26.37 87.37 4.10 -9.57 -0.64 0.2200 -0.3800 -0.9100 -0.1367 0.7989 0.0767 4.30 -8.79 0.46 193 278 295 327 185 
0.7292 -0.5775 -0.3570 0.0858 350.19 21.75 83.19 5.39 -6.71 3.61 6.2200 3.2800 1.3600 -1.4244 8.0022 3.5378 0.98 -9.65 1.39 179 355 334 399 199 
0.7159 -0.6867 0.1014 -0.0748 16.87 -4.00 93.06 -1.44 -8.61 0.65 0.3200 0.7400 0.3400 -2.1867 2.0722 -0.4011 -0.28 -9.58 -2.04 164 411 382 437 201 
0.5674 -0.7711 0.2336 -0.1702 36.63 1.19 109.50 1.23 -7.77 -8.07 0.9600 0.8800 -7.1800 -0.4633 -0.2856 -0.7411 0.76 -9.08 -3.60 168 412 385 441 204 
0.5652 -0.7623 0.2297 -0.2162 39.38 3.12 101.69 4.78 -3.91 -9.50 2.5000 7.6100 -8.0300 6.8833 -1.4389 1.1211 -0.08 -9.23 3.29 168 408 372 438 207 
0.9026 -0.3943 0.0665 -0.1594 15.56 1.94 36.19 2.91 2.59 33.27 -3.8200 6.7100 21.0300 0.0911 0.9100 0.3344 0.07 -5.14 8.34 166 407 376 430 208 
0.9398 -0.3181 0.0206 -0.1235 18.50 1.19 43.94 -0.11 -3.82 8.39 0.3500 2.7900 0.7800 -3.8633 0.8889 -1.1933 0.30 -8.53 4.82 163 409 378 432 209 
0.7808 -0.5686 0.1402 -0.2175 33.06 1.69 75.87 1.80 -8.83 -3.65 1.7000 0.9800 -6.0000 -2.4444 0.4033 -0.2333 0.48 -9.79 0.13 166 408 378 435 209 
0.6591 -0.6724 0.2237 -0.2520 40.06 2.81 87.50 3.56 -7.05 -11.72 4.5200 4.9800 -9.6000 5.7033 -0.7078 0.6789 0.41 -8.86 4.17 162 406 380 431 211 
0.9075 -0.3804 0.0215 -0.1770 17.62 4.94 34.00 2.95 2.02 23.73 2.8800 7.9100 20.6400 2.6000 1.7689 1.0200 0.55 -3.67 9.07 163 407 380 425 210 
0.9712 -0.2166 -0.0525 -0.0845 10.75 8.69 27.31 -0.72 -3.27 9.31 -1.8900 1.2400 0.5000 -3.0622 0.0522 -0.7944 1.65 -6.25 7.36 163 393 332 358 205 
0.9004 -0.4062 -0.0244 -0.1539 23.69 9.50 53.81 0.88 -7.94 -1.01 -0.6400 0.0100 -7.2900 0.6078 1.1711 -1.1778 1.80 -7.82 5.62 159 282 263 258 187 
;
