0.0735 -0.0747 -0.3183 -0.9422 171.06 10.88 -36.81 1.94 5.84 7.68 0.0400 0.0500 -0.0400 -0.0100 0.0411 -0.0233 1.82 5.77 7.71 164 330 354 380 215 
0.0724 -0.0731 -0.3178 -0.9426 171.19 10.50 -36.75 1.74 5.77 7.68 -0.0200 -0.0100 -0.0300 0.0056 0.0544 -0.0322 1.75 5.77 7.72 161 317 342 360 215 
0.0317 -0.1609 -0.3195 -0.9333 180.56 28.06 -44.19 4.71 6.39 15.31 -0.3400 0.3400 7.5800 1.0833 -9.7367 -0.1100 7.10 6.63 1.30 161 305 291 303 215 
-0.1160 -0.6740 -0.3640 -0.6323 193.87 55.50 -117.87 11.80 9.22 -8.65 -0.4800 1.6800 -8.3900 3.2744 -1.9667 4.7878 9.02 0.81 -3.74 163 324 321 356 215 
0.2327 -0.8090 -0.2091 -0.4977 117.37 65.00 138.31 0.31 -1.56 -5.96 -10.0200 1.2200 -3.2600 4.2589 1.9289 1.6633 8.75 -4.41 -0.21 166 356 346 388 217 
0.5514 -0.6287 -0.2231 -0.5009 79.62 60.00 68.25 4.98 -0.88 2.22 -2.2500 4.1700 -0.0200 2.9367 -1.0400 0.2111 8.51 -4.20 2.46 176 367 351 392 217 
0.6727 -0.5130 -0.3469 -0.4050 59.06 63.13 60.31 9.67 1.07 3.00 1.7200 4.9200 0.7500 0.5700 -0.5789 -0.1456 8.87 -3.60 2.08 186 373 343 391 217 
0.6818 -0.4846 -0.4020 -0.3725 60.19 66.06 58.56 10.94 2.34 2.24 2.9800 5.9600 -1.0000 -2.0644 1.6544 -1.3611 8.99 -2.95 2.57 190 359 345 386 219 
0.6044 -0.5276 -0.3088 -0.5110 85.50 65.69 52.88 12.25 -3.41 -2.25 -0.0300 -1.5900 -4.6500 -3.8267 2.2667 -0.7067 8.57 -3.47 3.24 183 282 309 353 219 
0.4347 -0.6040 -0.0496 -0.6662 118.06 55.81 70.50 1.91 -6.51 -5.46 -3.3300 -1.9400 -0.0100 -2.6100 -0.4367 2.0300 6.93 -6.93 0.13 185 271 281 347 220 
0.3674 -0.6964 0.1956 -0.5847 115.19 41.31 96.37 4.89 -10.12 -2.99 -1.4700 -2.0000 -2.0700 0.3289 -0.0378 -0.2378 6.58 -7.21 -0.87 185 278 291 353 219 
0.3607 -0.7108 0.1899 -0.5732 114.50 43.38 95.75 5.87 -5.85 -0.51 -0.4700 1.5200 0.1300 1.0922 0.3456 -0.8900 7.29 -6.55 0.02 176 271 291 295 216 
0.3746 -0.6797 0.0877 -0.6245 124.81 55.69 76.31 3.12 -5.30 -0.46 -5.9800 -1.6100 -2.8900 1.5089 3.8722 -5.4956 8.57 -1.93 4.35 167 341 226 243 216 
0.1691 -0.4586 -0.1667 -0.8564 161.75 47.88 -28.44 6.36 13.42 -0.45 3.3600 11.6000 -1.3300 5.3333 2.5078 -2.1289 4.74 7.09 4.82 137 342 192 204 184 
0.1638 -0.1722 -0.5461 -0.8033 150.87 28.44 -74.75 10.42 20.77 5.79 4.2400 12.2800 4.5800 4.8311 0.2033 3.8078 6.75 7.07 -0.75 139 344 195 205 185 
0.3907 -0.2151 -0.7221 -0.5288 99.94 57.44 -105.94 5.13 9.51 3.85 -3.5700 4.7600 4.6700 -3.0933 2.1011 1.7233 9.07 3.70 0.31 137 339 198 206 188 
0.5065 -0.3334 -0.5470 -0.5771 98.31 69.87 -41.50 2.61 2.42 1.10 -8.2100 -0.4000 -2.4700 -5.4189 1.0944 1.5689 8.89 -0.35 4.10 143 348 202 212 187 
0.4794 -0.5402 -0.2408 -0.6484 110.56 70.56 48.75 4.26 0.61 -0.75 -4.7100 1.8000 -4.6500 -2.9756 1.0856 -3.7944 9.56 -0.41 2.13 139 351 205 216 187 
0.1949 -0.5762 -0.2346 -0.7582 159.56 67.12 -46.38 11.35 7.15 -2.08 3.8700 5.0000 -3.5400 0.6667 0.2556 -2.7833 8.04 5.02 2.47 123 341 196 209 181 
0.0674 -0.4553 -0.4208 -0.7817 169.00 47.56 -68.25 8.57 6.61 -0.44 3.1500 1.8600 -1.2300 3.1689 0.9389 -0.3178 6.94 6.75 1.53 128 345 206 218 185 
0.1676 -0.3638 -0.5714 -0.7163 148.81 46.81 -86.62 8.31 8.70 2.37 0.1300 1.7700 2.8100 1.6433 0.2300 1.3233 7.77 5.97 -0.36 132 350 204 219 186 
0.2864 -0.3846 -0.6158 -0.6252 128.50 59.13 -97.12 8.44 8.74 4.71 -0.7300 4.1400 4.9400 -2.2489 1.0500 0.7144 8.77 4.36 0.33 154 326 243 229 193 
0.2946 -0.4413 -0.4553 -0.7149 139.06 65.87 -51.88 10.64 5.83 1.50 4.4000 3.6500 -2.7400 -5.4511 3.1789 1.3556 8.61 0.88 4.60 158 256 258 270 199 
0.2158 -0.4315 -0.0283 -0.8755 152.12 49.13 27.37 10.96 0.77 0.94 5.3100 2.0200 -5.6700 -7.1667 1.2244 4.3778 5.52 -7.43 3.22 134 226 213 228 181 
0.2175 -0.3508 0.5182 -0.7491 145.44 11.50 80.75 -3.27 -8.02 -2.08 -2.3100 1.4500 -1.4800 -0.3000 -3.5367 0.0733 1.72 -9.64 0.48 132 222 199 213 160 
0.3454 -0.4067 0.5676 -0.6270 119.12 5.00 89.44 -1.86 -10.04 1.92 -2.4400 -0.7200 0.8900 -0.5178 -0.9267 -0.3744 0.93 -9.74 -0.56 138 221 198 215 159 
0.3521 -0.4409 0.5875 -0.5800 117.62 5.12 95.06 -0.51 -9.81 -0.49 -0.7700 0.3100 0.6700 -0.0600 0.1044 0.3311 0.66 -9.73 -0.95 130 216 198 205 154 
0.3611 -0.4844 0.5778 -0.5488 112.25 11.88 100.94 -1.76 -6.13 -8.89 -3.3700 3.5400 -6.1800 0.3456 -8.3733 -7.0267 4.64 -7.68 -3.94 140 223 199 214 162 
0.3546 -0.8845 0.0574 -0.2978 59.38 24.94 136.44 5.56 -2.54 -13.01 3.0800 3.2900 -3.2700 2.4200 -4.3111 -2.0378 2.26 -6.57 -6.91 124 229 200 218 166 
0.3940 -0.8618 -0.3180 0.0308 342.37 9.75 133.31 6.70 -6.52 -6.94 3.6800 0.3600 -0.5400 1.0611 -1.2011 -0.1678 1.30 -7.39 -6.30 129 229 202 219 165 
0.4172 -0.8149 -0.3842 0.1190 328.44 7.62 127.31 0.98 -7.45 -4.23 -0.3800 0.2300 2.5500 -0.0578 0.1522 -0.4644 1.68 -7.70 -5.82 133 225 201 219 170 
0.4348 -0.8047 -0.3906 0.1042 333.25 9.63 127.81 3.19 -6.95 -5.67 0.7800 0.6100 0.6900 -0.3389 1.0478 0.3556 1.88 -7.53 -5.98 140 229 207 223 171 
0.4397 -0.8333 -0.3339 0.0294 5.12 17.56 130.12 4.43 -2.25 -1.30 1.2700 5.0100 4.8600 -4.7378 6.9744 0.2200 5.70 -5.39 -5.87 144 214 206 215 171 
0.2928 -0.8083 -0.0513 -0.5082 139.94 69.56 90.00 6.35 -3.94 -4.55 -3.4300 -1.9200 -7.2700 4.0156 12.0289 -4.7544 6.03 0.54 7.70 164 293 273 295 201 
;
