0.6785 0.2269 0.0349 0.6979 268.37 15.63 -21.69 2.70 3.48 8.72 0.0500 0.0000 -0.0500 -0.0033 0.0033 0.0089 2.64 3.49 8.77 159 297 294 302 199 
0.6790 0.2271 0.0345 0.6973 268.44 15.63 -21.69 2.67 3.55 8.80 -0.6800 -0.4700 0.2700 0.1211 -0.2533 0.0200 3.11 3.53 8.60 162 304 293 300 199 
0.6523 0.3362 -0.0626 0.6765 268.06 43.63 -25.19 15.30 8.21 16.04 6.3700 3.2800 5.0800 -5.4833 -1.1344 3.8933 7.45 -2.12 6.00 161 362 344 403 203 
0.5048 0.1516 -0.4855 0.6976 248.00 40.13 55.44 0.29 0.57 -0.18 -3.7900 7.9900 -3.1400 -3.0589 -0.5300 3.3000 4.03 -8.75 1.78 169 385 359 419 201 
0.2947 -0.0660 -0.6760 0.6722 225.81 14.94 87.94 0.12 -5.71 -1.07 -1.6700 3.6400 -1.3100 -1.5744 -0.0100 0.9467 1.62 -9.63 -0.80 170 387 359 424 202 
0.2328 -0.1503 -0.7298 0.6250 220.94 8.69 96.69 -1.00 -8.41 -3.79 -3.6100 2.6200 -3.3300 -0.6622 -1.5300 -0.7000 1.91 -9.47 -1.66 161 379 363 418 203 
0.2210 -0.0414 -0.7522 0.6194 216.25 18.56 86.94 4.63 3.61 -8.16 0.8000 13.5400 -6.1800 11.4356 -1.7856 -0.3022 3.80 -5.89 6.84 162 377 361 416 204 
0.1486 0.1678 -0.2384 0.9449 195.87 22.12 23.37 -1.64 -0.36 26.15 -3.7700 2.6200 11.5200 -3.9067 -1.0167 -0.2989 3.94 -5.79 6.85 167 377 368 414 205 
0.1954 0.1179 -0.4639 0.8560 207.75 21.87 58.94 4.87 -1.94 -0.68 -0.1900 5.2600 -6.2900 -4.0600 1.6456 -0.1589 3.09 -9.08 2.01 166 375 365 412 206 
0.2997 -0.0565 -0.6791 0.6677 229.19 21.12 89.00 4.92 -5.77 -18.43 1.5700 4.5800 -19.1900 6.1400 -2.2656 -0.6156 4.10 -8.54 2.49 164 381 367 406 206 
0.2038 0.1438 -0.3875 0.8875 201.37 24.94 35.44 -2.07 -2.23 26.00 -2.9300 0.4500 10.7300 -1.2078 -1.2144 -0.6844 5.34 -5.26 6.31 167 376 362 400 210 
0.1827 0.2658 -0.3597 0.8755 204.81 37.63 44.00 9.04 -8.05 5.41 2.5800 -2.8500 -0.2800 -1.3978 0.4567 0.6189 5.70 -6.14 5.08 159 269 193 203 160 
0.1951 0.2033 -0.4533 0.8456 201.87 30.62 55.88 8.23 -7.35 -1.29 2.3200 -0.4500 -8.3700 1.0800 -0.5311 2.6356 3.99 -7.62 4.69 120 230 153 167 123 
0.0118 0.1848 -0.4218 0.8876 176.94 17.69 46.75 2.37 -1.59 6.86 0.1500 4.4400 0.3400 2.9767 0.0822 1.4944 2.34 -5.36 7.87 113 217 159 173 125 
-0.1353 0.1567 -0.2233 0.9525 161.75 13.88 26.31 2.74 0.50 11.88 -0.3200 3.8100 3.2200 0.6878 -0.8611 0.9511 2.59 -3.80 8.65 119 238 163 176 128 
-0.2200 0.1783 -0.1639 0.9449 152.87 15.38 24.50 1.72 -2.95 9.38 -1.4900 0.7000 0.3900 -0.2544 0.0767 -0.0067 2.58 -4.12 8.50 121 240 163 178 131 
-0.2144 0.1745 -0.1858 0.9429 155.75 14.13 26.19 1.93 2.19 12.55 -0.3800 6.3000 4.3000 -0.7156 0.7822 -1.4178 2.22 -4.36 8.49 123 242 166 178 131 
-0.0964 0.1472 -0.2427 0.9540 172.44 13.44 33.13 4.57 -7.15 3.75 1.7800 -2.7600 -4.5600 -2.0756 1.6289 -1.8778 2.22 -6.22 7.24 123 242 168 179 132 
0.0745 0.0969 -0.3694 0.9212 190.00 13.75 44.00 1.06 -9.66 3.28 -2.0500 -2.3700 -2.6100 -0.1933 -0.5467 0.0267 2.44 -6.78 6.63 123 245 168 180 134 
;
