0.9554 0.0908 -0.1590 -0.2316 27.19 15.19 -14.81 2.68 2.39 9.11 0.0800 -0.0300 -0.0100 0.0056 -0.0056 0.0011 2.57 2.42 9.14 166 325 318 402 214 
0.9546 0.0905 -0.1640 -0.2317 27.12 16.81 -15.19 7.65 5.68 12.52 7.3000 4.6500 4.2100 -2.1856 1.0167 -0.2522 3.21 1.24 9.18 165 339 312 383 208 
0.9508 -0.0883 -0.2147 -0.2051 21.87 26.69 16.37 2.49 3.45 11.94 -2.0300 8.1200 2.6700 -6.1711 -1.0578 2.5322 3.92 -6.79 5.88 171 333 328 396 211 
0.8162 -0.5645 -0.0656 -0.1039 15.69 4.94 78.94 -1.24 -3.75 -6.53 -0.5400 5.3900 -7.4700 -3.0878 3.7700 1.9878 -1.12 -9.65 -1.26 170 343 356 407 213 
0.6061 -0.7411 0.2524 -0.1401 28.50 -4.75 104.62 -0.39 -7.89 -6.06 0.9000 0.4500 -2.7300 -0.0756 -0.0156 -0.1811 -0.65 -9.40 -2.69 164 361 369 423 210 
0.5877 -0.7454 0.2667 -0.1668 31.12 -3.50 103.37 -0.62 -7.43 -7.45 0.7600 2.5600 -8.2000 1.9289 -1.0889 -0.9411 -0.09 -9.74 -1.07 166 371 367 433 214 
0.7666 -0.6075 0.1040 -0.1801 24.19 4.81 64.87 5.86 5.76 23.30 2.2300 8.2500 31.8500 4.3122 -0.6422 1.2311 0.70 -6.12 7.62 167 382 375 438 214 
0.9092 -0.3898 0.0286 -0.1436 21.62 4.19 51.38 2.76 -3.11 7.82 2.5500 4.7700 -0.6000 -4.8156 0.1522 -1.1456 1.20 -9.15 3.31 170 386 379 438 215 
0.7220 -0.6415 0.1254 -0.2269 36.56 6.25 87.56 2.59 -6.75 -10.07 0.6700 2.2100 -11.0600 -1.2644 -0.1267 -0.0078 1.11 -9.69 -0.98 168 383 374 436 216 
0.6650 -0.7029 0.1365 -0.2121 33.44 7.00 85.81 11.86 0.85 -10.51 12.7500 11.2700 -9.9600 7.8867 -1.3811 2.2011 0.53 -8.31 5.17 169 374 374 431 211 
0.9050 -0.4165 0.0309 -0.0806 10.44 -0.31 50.63 -4.42 -6.17 10.18 -0.9500 2.2900 2.4700 -2.4356 0.0089 -2.0433 0.74 -8.50 4.82 166 369 373 424 212 
0.8104 -0.5510 0.0786 -0.1830 28.94 5.00 71.87 2.01 -7.09 -1.96 -0.0200 2.5000 -5.8000 -1.8267 -0.6422 -0.9811 1.71 -9.55 1.40 165 331 322 371 212 
0.7246 -0.6732 -0.1091 -0.0992 359.69 21.25 89.62 -2.30 -4.90 -5.58 -5.3400 5.8600 -3.8800 1.0156 -9.7922 -3.6278 5.05 -8.02 -2.47 188 323 320 348 208 
0.4504 -0.4308 -0.7544 0.2060 306.94 26.94 139.31 5.68 2.88 -10.82 8.0000 7.6400 -5.6100 -4.5167 -1.9922 -3.1822 3.85 -1.47 -8.89 189 285 291 340 211 
0.1899 -0.3095 -0.9313 -0.0283 36.06 22.81 176.31 8.70 0.30 -12.36 0.6400 1.1300 -0.0400 0.7400 0.3389 0.5344 3.88 -1.35 -8.90 190 298 298 345 212 
0.2197 -0.3240 -0.9202 0.0087 39.50 23.37 169.44 3.32 -1.39 -8.29 -0.7700 0.3400 0.1200 0.1211 -0.0678 0.4200 3.80 -1.86 -8.84 190 305 300 346 210 
;
0.2252 -0.3492 -0.9093 0.0234 42.19 23.50 167.19 3.20 -1.64 -8.07 -0.7800 0.5300 0.6700 -0.0044 0.0322 -0.0322 4.03 -1.98 -8.71 190 305 302 348 212 
0.2366 -0.3544 -0.9045 0.0166 42.69 24.75 167.81 4.22 -1.38 -8.61 -0.1200 0.4200 0.0900 -0.0178 0.0544 0.0267 4.16 -1.81 -8.69 190 305 302 348 210 
0.2383 -0.3589 -0.9025 0.0047 43.63 25.31 168.56 4.05 -1.13 -8.47 -0.0500 0.5800 0.2700 -0.0967 0.3533 -0.0244 4.44 -1.64 -8.58 184 297 289 333 207 
0.3017 -0.3734 -0.8765 -0.0358 48.56 39.50 167.06 15.44 -1.63 -14.16 7.6900 0.1700 -3.6300 1.1422 4.2722 2.9944 7.91 -3.45 -4.63 166 331 326 367 205 
0.6259 -0.4922 -0.6005 -0.0731 11.94 49.06 95.62 8.59 0.17 -1.61 -0.7300 8.0300 -3.0300 -2.5933 8.3411 5.1178 3.82 -8.88 1.60 166 356 364 403 204 
0.7297 -0.6642 -0.0084 -0.1622 27.81 8.94 85.87 2.24 -3.97 -1.66 0.5200 4.7900 -2.8000 -2.4778 1.8678 1.7833 0.15 -9.74 -1.04 171 382 373 423 205 
0.6128 -0.7393 0.2251 -0.1653 30.50 -2.62 103.50 -0.89 -8.51 -5.50 -0.4300 0.6800 -3.1200 -0.3967 0.5000 0.1800 -0.49 -9.38 -2.81 169 380 377 423 209 
0.5751 -0.7566 0.2618 -0.1682 32.25 -2.25 104.69 0.01 -6.90 -11.40 0.0600 3.4900 -13.4700 3.6722 -1.7700 -0.7744 -0.04 -9.80 -0.08 165 383 378 430 210 
0.8287 -0.5202 0.0828 -0.1890 24.06 5.00 53.38 6.21 5.55 31.65 -3.3300 9.6300 26.6300 1.8022 -0.8133 0.8844 1.02 -5.40 8.11 167 391 377 428 213 
0.9235 -0.3479 0.0052 -0.1616 21.69 5.94 46.94 3.74 -2.76 7.70 1.9900 4.9300 0.4500 -4.3233 1.4222 -0.6478 0.92 -8.82 4.17 168 395 382 430 212 
0.7538 -0.6088 0.1140 -0.2195 34.38 5.56 83.31 2.68 -8.13 -7.55 1.5600 0.8200 -8.9400 -2.1478 0.7789 0.0300 0.99 -9.71 -0.86 166 389 383 430 213 
0.6313 -0.7269 0.1628 -0.2155 36.44 6.25 94.62 1.61 -5.54 -14.92 6.0200 6.0500 -12.8900 4.9589 -1.0544 0.1022 1.01 -9.41 2.55 166 383 382 433 213 
0.8741 -0.4597 0.0146 -0.1559 16.87 5.31 46.50 -3.89 -3.34 25.92 -4.2500 2.5300 15.7400 -1.6311 -1.0589 0.0389 1.05 -7.35 6.39 170 387 380 420 210 
0.8756 -0.4685 -0.0181 -0.1163 15.63 10.44 59.75 0.78 -7.78 -0.93 -2.1900 1.0200 -6.1500 -0.8100 -4.7989 -1.0756 3.65 -8.52 3.18 170 351 342 372 211 
0.7545 -0.5547 -0.3507 0.0024 350.62 36.69 91.75 3.69 -3.55 -2.72 -2.6700 3.3100 -0.7400 -1.9233 -7.3711 -3.0089 5.95 -5.90 -5.08 186 295 290 324 214 
0.4194 -0.4401 -0.7919 0.0585 54.56 36.50 154.31 11.46 0.31 -12.15 4.5600 1.5000 -5.7000 -1.5444 -0.9833 -1.2511 5.25 -1.50 -8.14 191 289 279 329 212 
0.2690 -0.3959 -0.8760 -0.0596 47.88 30.56 173.94 7.32 -0.25 -10.87 0.8600 0.9700 -2.3600 0.2889 -0.4478 0.3289 4.78 -1.08 -8.49 189 296 281 336 211 
;
