0.3784 0.0320 0.2260 0.8971 225.69 -6.56 -25.56 -1.20 4.30 8.77 -0.0600 0.0500 0.0200 -0.0489 0.0367 0.0044 -1.15 4.18 8.79 162 327 315 368 212 
0.3783 0.0289 0.2244 0.8976 225.69 -6.75 -25.25 -1.29 4.32 8.72 -0.0700 0.1300 -0.1000 0.0000 -0.0589 0.0133 -1.12 4.16 8.80 159 326 315 366 212 
0.3790 0.0328 0.2223 0.8977 226.25 -4.62 -25.06 -11.01 3.03 16.20 -3.3900 1.9000 9.6700 -2.5300 -10.6267 -1.1967 5.43 3.19 7.51 158 319 310 330 207 
0.4442 0.4747 -0.1765 0.7391 237.06 72.31 4.25 12.29 4.67 4.51 0.3500 8.1400 1.5400 -3.6800 0.8567 5.7667 8.31 -4.75 2.12 161 362 344 377 210 
0.2385 0.3076 -0.5643 0.7280 212.69 38.81 78.81 1.29 1.28 -2.33 -4.4000 8.6700 -4.7100 -2.6644 1.1200 2.6778 4.08 -8.90 0.34 159 387 353 401 214 
0.1612 0.0934 -0.7172 0.6715 206.19 20.06 95.12 -0.44 -5.41 -8.88 -2.0700 4.5200 -10.5900 0.6222 -1.0056 -0.9767 3.70 -9.03 -0.92 156 395 364 417 217 
0.1218 0.1747 -0.5853 0.7823 193.62 26.06 61.88 8.91 12.75 14.18 -0.0400 19.0700 19.1200 6.6733 -1.3500 0.8878 4.68 -3.21 7.99 160 391 359 410 215 
-0.0174 0.2514 -0.1831 0.9503 181.50 29.81 30.37 4.87 0.41 13.30 0.0400 5.3700 5.0100 -6.5078 0.5911 -1.1300 5.14 -6.77 4.87 162 394 356 419 218 
0.1812 0.2092 -0.5593 0.7814 210.12 31.69 78.87 4.17 0.65 -8.96 -1.4700 8.1700 -11.0200 -3.4122 -0.7767 -0.3967 5.24 -8.23 -0.94 164 399 359 418 220 
0.2076 0.1862 -0.6864 0.6717 205.06 32.94 78.50 12.96 8.53 -3.08 8.9200 17.5900 6.1900 9.9533 -1.9689 1.2211 5.80 -4.99 6.12 162 382 355 406 219 
-0.0643 0.3323 -0.1799 0.9236 169.87 36.94 27.25 5.20 -0.78 19.16 -1.1700 2.1100 10.4200 -0.9378 0.0889 -0.2533 6.46 -4.04 6.16 166 375 355 391 216 
-0.0425 0.3695 -0.2442 0.8956 179.31 38.31 41.75 7.65 -0.92 8.28 2.8400 4.6700 0.6800 -5.4889 1.7622 -0.6167 5.75 -6.76 4.16 170 374 353 386 213 
0.1696 0.2367 -0.5381 0.7910 208.69 32.69 73.62 6.24 -5.79 -4.03 1.0000 1.8700 -5.5600 -2.4044 0.9833 0.3389 4.93 -8.41 1.01 165 366 348 384 212 
0.2289 0.1371 -0.6723 0.6905 216.62 29.31 86.44 4.10 -7.22 -2.35 -1.1600 1.4100 -3.0000 -0.2811 -0.3333 0.0567 4.69 -8.60 0.31 169 367 351 385 212 
0.2097 0.1432 -0.6853 0.6826 213.31 29.19 89.81 3.73 -4.05 -10.49 2.0300 4.5800 -13.1500 3.0589 0.5811 -0.5767 5.06 -8.19 1.83 172 355 334 381 214 
0.1486 0.2496 -0.4294 0.8551 192.56 36.25 31.31 1.73 16.76 39.80 -2.2000 15.6600 32.1400 -0.1544 -3.3189 -0.0989 6.89 -1.68 6.77 173 356 344 385 218 
0.0739 0.3862 -0.1801 0.9016 192.19 45.94 30.25 11.31 -1.10 8.49 3.1300 4.1600 1.8600 -3.9467 3.1944 1.0722 5.62 -5.63 5.72 176 366 348 391 219 
0.1641 0.2193 -0.4756 0.8359 205.00 30.87 67.94 4.74 -0.07 -1.23 -0.6400 7.4400 -3.8700 -6.0367 0.8711 -0.4900 5.21 -8.29 -0.41 174 372 352 394 218 
0.2688 0.1505 -0.7549 0.5790 232.00 37.13 102.94 3.85 -2.81 -18.06 -1.6400 6.7700 -16.1400 7.7011 -1.6011 -1.0544 6.38 -7.22 1.78 173 363 348 394 219 
0.1011 0.3691 -0.3595 0.8510 185.31 46.88 32.25 11.82 9.87 24.76 2.9500 11.8000 19.9600 2.7178 -1.7278 0.4711 7.83 -1.64 5.65 173 366 352 394 221 
-0.0512 0.4662 -0.0931 0.8782 176.31 52.69 26.81 9.22 -0.18 10.07 2.2000 3.7600 3.4700 -5.8700 2.1256 0.1311 7.00 -4.97 4.72 173 373 354 402 220 
0.1558 0.3077 -0.4637 0.8161 208.37 39.00 69.00 7.11 -3.27 -3.42 0.2300 3.5800 -5.4700 -2.7567 0.9622 0.7833 5.73 -7.87 1.12 174 382 357 402 218 
;
0.2684 0.1647 -0.6620 0.6801 223.00 35.56 85.12 4.06 -5.36 -4.46 -2.6600 1.9400 -4.8800 1.4100 0.3611 -0.8222 6.00 -7.60 1.48 173 378 354 393 217 
0.2989 0.2170 -0.5533 0.7466 224.31 42.94 57.38 4.39 -0.75 1.14 -1.9400 3.9200 -1.4800 6.4567 1.0911 -2.3800 7.05 -2.42 6.36 173 327 327 358 211 
0.3739 0.3344 -0.0832 0.8611 229.56 33.94 -17.31 7.91 8.63 16.06 2.5900 4.0400 7.2700 1.7000 2.9411 -1.5744 3.23 4.15 8.27 170 317 322 321 200 
0.4330 0.2084 0.1553 0.8632 231.94 9.25 -25.19 -1.21 2.32 11.88 -1.1800 -1.3400 1.2300 -0.2900 -0.6300 -0.4800 1.81 3.92 8.80 171 308 315 317 204 
0.4435 0.2205 0.1233 0.8599 234.25 22.25 -25.12 8.85 7.64 21.13 7.1900 5.0200 15.3300 -3.0322 -5.5111 3.6033 7.64 0.61 6.11 172 322 324 355 207 
0.3199 0.3921 -0.2816 0.8152 218.87 51.88 41.75 3.80 1.78 2.77 -6.3800 8.7100 -4.1500 -6.1367 0.5667 3.9111 5.56 -7.84 1.88 175 351 325 369 210 
0.2080 0.1432 -0.7123 0.6549 215.19 26.44 100.75 -0.40 -0.42 -11.15 -2.7900 8.0800 -10.4900 1.7033 0.0511 -0.0589 3.96 -8.78 -1.79 174 347 336 387 217 
0.1489 0.1543 -0.6806 0.7006 199.50 27.44 78.62 7.86 2.40 -1.82 4.3300 10.7500 -3.5100 10.1211 -0.6222 -1.0522 5.40 -5.42 6.12 177 371 351 408 218 
-0.0007 0.3102 -0.2215 0.9245 178.37 35.69 28.00 -0.79 -0.71 22.76 -3.4500 2.4400 11.4100 -2.9322 0.1700 -0.7522 5.69 -4.70 6.45 175 387 365 417 218 
0.0953 0.2524 -0.3483 0.8977 198.00 29.69 50.50 7.31 -1.19 2.54 2.8100 6.2800 -2.5200 -6.3700 0.9056 -0.1289 4.81 -8.30 1.98 179 392 366 422 218 
0.2363 0.1341 -0.7117 0.6478 222.87 31.37 100.19 5.28 -3.10 -18.08 -1.1600 4.5000 -15.9100 4.2411 -0.7900 -0.2322 5.27 -8.26 0.11 178 383 366 419 218 
0.1473 0.2855 -0.5154 0.7944 196.44 40.13 56.44 12.08 9.05 11.70 5.5100 12.1600 11.9500 6.2256 -1.7822 0.1533 7.27 -2.82 5.93 176 378 362 409 219 
-0.0295 0.4299 -0.1171 0.8948 175.44 49.81 21.06 7.85 -1.81 12.31 1.3400 0.6900 6.5900 -0.2744 -0.1056 0.0522 7.67 -2.53 5.55 179 379 364 411 219 
-0.0206 0.4478 -0.1539 0.8806 178.87 51.13 30.12 9.45 -1.20 9.04 2.2100 2.2500 3.8500 -2.5767 1.1056 0.5811 7.16 -4.32 5.11 176 374 364 411 218 
0.0504 0.3595 -0.3453 0.8654 189.00 38.00 53.06 6.02 -3.86 3.78 0.0100 2.4400 -0.9600 -4.1500 1.2911 0.5600 5.12 -7.75 3.13 179 384 366 418 218 
0.1561 0.1839 -0.6057 0.7583 205.75 26.37 82.56 4.72 -3.81 -3.65 0.7900 5.6800 -4.2500 -4.1056 1.8578 0.3378 3.99 -8.90 -0.95 178 387 369 420 218 
0.2162 0.0728 -0.7668 0.5999 223.31 26.37 104.12 1.94 -3.91 -11.55 -2.1200 5.9200 -11.0300 3.2811 -1.1367 -1.5700 5.24 -8.25 -0.67 177 389 367 420 218 
0.1827 0.2596 -0.5623 0.7636 202.81 39.44 61.81 8.84 11.79 11.98 4.4900 16.4600 20.7700 7.7756 -0.1456 -0.6467 6.87 -1.73 6.77 177 380 364 413 215 
0.0816 0.3907 -0.1282 0.9079 192.87 47.31 21.06 11.75 -0.46 10.69 4.0700 3.0000 1.9800 -4.7556 0.9511 0.9189 7.00 -4.81 4.89 180 385 368 419 217 
0.1862 0.2842 -0.4653 0.8174 208.62 36.38 66.12 3.85 1.45 -0.03 -2.3200 9.0900 -3.1000 -6.3989 0.6089 0.1344 5.29 -8.25 -0.08 179 387 366 422 218 
0.2743 0.1142 -0.7561 0.5831 234.75 34.69 105.44 4.92 -1.59 -21.17 -1.0300 6.8600 -18.2300 6.9867 -0.3322 -1.1156 6.40 -7.34 1.09 180 377 364 417 217 
0.2289 0.3259 -0.4412 0.8042 207.37 49.69 38.69 16.99 7.89 18.71 10.3800 8.8900 15.5500 4.4189 -0.5411 0.3400 8.02 -1.68 5.38 179 375 362 416 218 
0.1164 0.4761 -0.1660 0.8557 196.31 58.69 21.81 8.59 -2.05 14.30 0.9000 0.3600 8.8500 -3.0744 1.0444 0.3811 8.03 -3.07 4.71 181 378 365 418 218 
0.1989 0.4028 -0.3487 0.8226 210.87 51.44 51.00 9.41 -0.87 3.63 2.3000 4.2400 -0.8200 -5.0211 1.8322 1.3911 6.79 -6.64 2.40 178 385 367 423 218 
;
