0.8640 -0.1196 -0.3720 -0.3177 40.38 45.94 -2.44 7.07 0.29 6.83 0.0800 0.2200 0.0700 -0.0256 -0.0144 0.0056 7.05 0.28 6.80 159 293 303 309 188 
0.8633 -0.1234 -0.3788 -0.3098 38.19 50.19 -0.25 13.00 1.25 9.85 6.3300 1.2200 4.0400 -2.1922 -3.4144 1.6400 8.81 -1.60 3.98 158 295 294 293 182 
0.7968 -0.3326 -0.4618 -0.2033 24.81 54.31 54.81 5.18 0.95 2.90 -1.6700 6.0400 0.0000 -4.0200 -0.2789 4.6911 5.70 -7.88 1.23 160 339 335 376 196 
0.7199 -0.6604 -0.2050 -0.0604 11.50 14.69 90.37 -3.10 -4.40 -4.88 -4.4000 4.7100 -3.7200 -2.9122 1.4856 2.6333 0.43 -9.58 -2.04 163 397 365 426 209 
0.5971 -0.7941 0.0824 -0.0775 15.56 1.69 105.69 -1.77 -6.33 -8.23 -2.8200 2.9600 -7.4000 1.5500 -0.9544 -1.4156 1.10 -9.59 -1.72 162 397 350 432 212 
0.7099 -0.6950 -0.0077 -0.1140 14.81 11.81 76.50 4.09 1.35 2.35 1.3400 10.3800 -0.5800 8.3111 -3.2300 -0.5467 3.41 -6.22 6.76 163 384 364 413 214 
0.9466 -0.2718 -0.1717 -0.0251 3.19 20.44 36.69 4.69 -0.94 18.02 2.0800 5.5900 4.4000 -6.2289 0.9544 0.2289 3.26 -8.13 4.39 165 394 374 423 213 
0.7859 -0.6018 -0.0895 -0.1104 19.62 14.31 80.87 3.55 -6.65 -4.17 0.8000 2.7400 -5.2100 -2.8644 1.8356 0.1189 2.22 -9.53 -0.49 165 392 367 423 213 
0.6258 -0.7581 0.0306 -0.1808 33.44 14.00 100.25 0.85 -7.91 -12.04 -0.7300 1.3100 -10.0300 2.6100 -1.3300 -0.8356 2.81 -9.37 -0.61 165 388 365 421 210 
0.7448 -0.6436 -0.0943 -0.1487 17.12 20.62 69.69 10.23 0.99 11.76 7.0700 7.5600 13.3400 6.3011 0.9589 0.9256 3.23 -6.18 6.89 168 376 363 384 212 
0.9225 -0.3369 -0.1870 -0.0204 4.31 20.56 45.00 0.44 -5.51 9.17 -2.0800 1.0500 0.4500 -4.2600 -0.2522 -1.0156 3.91 -7.90 4.27 148 325 319 310 193 
0.8148 -0.5405 -0.1572 -0.1390 22.75 22.87 65.25 5.84 -11.37 -8.61 3.2700 -2.6100 -11.2100 3.4444 -0.2278 0.7000 3.39 -7.24 5.66 98 199 173 200 133 
0.9254 -0.3533 -0.1091 -0.0829 3.25 12.56 34.31 4.33 3.92 3.93 3.9500 10.0900 -0.4700 5.7556 0.5000 3.3111 0.70 -2.13 9.54 86 175 166 183 112 
0.9857 -0.0423 -0.0367 0.1594 336.56 1.06 1.25 -7.58 5.51 13.31 -13.8000 6.3500 8.6600 -1.7500 0.4700 -0.5278 -0.08 -0.50 9.79 91 183 173 190 117 
0.9718 -0.0487 0.0067 0.2307 334.87 -2.37 6.12 -4.99 1.01 13.29 -3.8900 2.4200 2.4300 -0.9267 0.3800 -2.8267 -0.49 -1.93 9.60 93 184 175 192 121 
0.9908 -0.1302 0.0146 0.0334 359.25 -1.62 16.50 4.26 -0.77 7.54 4.1100 1.8300 -2.2000 -1.4611 0.5189 -2.4300 0.06 -3.94 8.97 95 190 178 197 122 
0.9606 -0.2384 0.0041 -0.1425 18.69 5.00 28.06 6.92 -5.92 4.11 4.1600 -2.0600 -3.2600 0.6589 -0.0556 0.1344 0.92 -4.17 8.82 96 191 178 200 125 
0.9708 -0.1995 -0.0330 -0.1290 7.44 6.25 16.44 -17.33 3.65 26.74 -35.0200 -0.6700 17.5700 -1.1633 -1.5978 -0.4000 0.41 -2.81 9.38 96 193 180 199 127 
0.9873 -0.1488 0.0246 -0.0499 5.62 -1.44 17.81 -3.23 -3.23 9.70 -2.8000 -0.1000 0.4300 -0.0678 -0.0333 -0.0644 -0.15 -2.98 9.33 97 199 186 204 133 
;
0.9859 -0.1588 -0.0018 -0.0522 7.37 2.44 18.12 -4.90 -4.22 6.30 -5.6300 -2.0100 -3.3600 0.4744 -2.7233 -2.8556 2.67 -2.44 9.11 141 329 303 329 195 
0.9516 -0.1108 -0.1864 -0.2178 29.12 29.50 2.25 7.96 2.26 6.33 5.7200 2.9800 -2.7000 2.7922 -1.0322 -0.9022 5.59 1.63 7.88 168 387 360 409 207 
0.9174 0.0425 -0.3132 -0.2416 30.37 33.00 -18.69 12.04 7.60 13.55 2.8600 1.7000 2.0900 -0.5467 -0.8589 0.2522 6.16 2.54 7.19 168 361 359 420 207 
0.8931 0.0358 -0.3659 -0.2595 32.38 40.00 -18.62 7.72 3.65 12.62 4.3100 3.4100 8.8100 -3.0956 -0.2000 1.2211 6.89 0.16 6.97 171 336 328 398 207 
0.8765 -0.2175 -0.3530 -0.2444 30.50 42.81 33.06 7.17 2.90 5.52 0.1700 7.9300 -0.2500 -6.9267 0.4589 4.0556 4.52 -8.16 3.00 171 359 332 415 208 
0.7160 -0.6772 -0.0317 -0.1664 25.44 10.25 92.94 -2.14 -2.51 -7.05 -3.1400 5.5000 -6.1500 -2.8122 0.8011 0.9989 0.77 -9.26 -3.13 171 377 345 434 210 
0.5477 -0.8173 0.1222 -0.1308 26.31 5.00 110.75 -0.61 -4.14 -13.48 -2.1700 4.8700 -12.0000 3.5600 -1.3489 -0.9311 1.31 -9.58 -1.57 170 375 365 431 213 
0.7756 -0.6185 -0.0299 -0.1230 14.38 14.25 62.81 7.99 1.75 10.41 4.7400 9.3200 13.1700 5.8233 -0.2267 0.3511 2.64 -5.83 7.42 172 377 372 427 217 
0.9237 -0.3634 -0.0998 -0.0687 10.25 12.50 49.25 1.55 -3.19 12.38 1.1600 4.2800 3.2300 -5.1389 2.7333 -0.4933 1.63 -9.07 3.34 173 384 359 436 218 
0.7311 -0.6577 0.0390 -0.1773 30.94 10.56 89.44 4.00 -4.92 -7.77 2.4900 4.1900 -7.3800 -2.9878 0.1033 0.0256 1.92 -9.29 -2.46 173 380 369 439 218 
0.5546 -0.8016 0.1096 -0.1945 36.19 10.69 106.44 2.48 -5.39 -11.96 0.5900 4.2100 -8.3200 5.0511 -1.4878 -0.3911 1.95 -9.60 0.28 173 379 368 432 215 
0.8199 -0.5562 -0.0607 -0.1216 13.00 12.69 51.88 7.94 6.55 21.90 5.2400 12.6400 19.4500 5.0256 -0.3344 0.7811 2.49 -3.66 8.74 178 383 370 407 213 
0.9645 -0.2423 -0.0991 -0.0361 6.87 12.25 35.75 -0.57 -3.10 7.98 -0.7700 2.2500 -1.2400 -4.9156 0.1467 -1.3567 2.69 -7.86 5.19 154 323 318 321 194 
0.8083 -0.5587 -0.0469 -0.1799 30.81 15.75 71.12 8.81 -10.42 -9.82 5.8600 -1.3800 -12.0600 1.3978 1.3778 0.3111 2.28 -8.86 3.52 105 232 203 226 152 
0.8327 -0.5071 0.0273 -0.2208 23.06 7.81 55.56 8.18 -2.74 -0.43 3.8000 6.5000 -2.6800 4.5133 0.3744 3.2900 -0.29 -5.85 7.85 91 184 173 186 119 
0.9821 -0.1754 0.0624 0.0310 349.94 -10.25 13.19 3.14 5.77 14.67 2.5500 7.2000 2.5100 1.8011 0.1389 3.2600 -1.12 -0.58 9.72 91 184 174 187 120 
0.9692 -0.0428 0.0477 0.2379 333.31 -7.62 5.44 -4.16 1.62 11.87 -1.8700 2.7700 2.7400 -0.2944 0.6344 -2.0589 -1.93 -1.58 9.48 95 191 176 190 122 
0.9835 -0.1177 0.0913 0.1024 352.69 -11.50 15.00 -0.37 -0.48 10.85 2.1300 2.4500 0.4600 -2.1011 0.0989 -3.3956 -1.36 -4.17 8.76 96 194 179 193 126 
0.9512 -0.2748 0.0766 -0.1172 17.94 -3.12 36.44 4.31 -5.70 2.34 3.6100 -1.3100 -5.9600 -0.5500 0.8122 -1.1022 -0.41 -6.37 7.44 98 197 180 197 129 
0.9188 -0.3242 0.0964 -0.2034 21.19 -4.06 36.13 1.93 -2.81 6.88 0.2400 2.4000 0.9000 4.2767 -1.9089 4.5578 -1.19 -2.91 9.28 98 199 184 199 132 
0.9924 -0.1049 0.0634 -0.0025 0.37 -0.69 11.81 -0.40 -3.61 6.45 -2.0200 -1.8300 -2.6100 -1.0244 1.3522 -1.7689 0.12 -2.52 9.47 116 210 202 212 146 
0.9869 -0.1249 -0.0413 -0.0939 13.88 6.69 12.44 0.22 -3.62 6.65 -1.5800 -0.9700 -3.1000 1.8978 -1.3278 -2.1044 2.04 -0.49 9.57 152 319 301 324 193 
;
