0.9362 0.0514 -0.2764 -0.2111 25.37 29.69 -14.19 4.78 2.10 8.22 -0.0700 0.0000 -0.0100 0.0022 0.0011 0.0000 4.85 2.08 8.25 167 347 352 378 216 
0.9362 0.0514 -0.2762 -0.2111 25.37 29.69 -14.19 4.84 2.11 8.19 0.0500 0.0600 -0.1000 -0.0167 -0.0478 -0.0044 4.89 2.08 8.23 165 342 348 375 215 
0.9291 0.0497 -0.3015 -0.2082 25.00 36.94 -16.19 10.60 5.76 15.03 7.6000 3.4300 7.9700 -3.2689 -2.3000 1.9122 7.71 0.57 6.03 167 333 332 358 211 
0.8832 -0.1830 -0.3889 -0.1878 24.12 42.31 28.06 6.16 3.10 4.91 -1.0800 8.1900 -3.6600 -6.9511 3.5922 2.6122 3.72 -7.59 4.95 168 339 349 382 211 
0.7708 -0.5997 0.0209 -0.2141 33.38 9.31 83.12 -1.17 -3.56 -4.46 -1.8400 5.4500 -4.8600 -4.8000 -0.8856 -0.0744 1.25 -9.25 -2.99 170 353 362 408 212 
0.5122 -0.8257 0.1518 -0.1812 40.75 9.13 114.75 0.97 -5.83 -15.95 0.8200 3.3800 -11.3200 3.9422 -0.8267 -0.6533 1.92 -9.42 -1.92 171 373 371 422 212 
0.7146 -0.6722 0.0323 -0.1907 23.56 12.50 70.69 8.58 5.00 3.68 7.1900 13.7200 5.9000 8.8078 -1.0078 1.2556 2.07 -5.46 7.87 172 389 373 424 211 
0.9558 -0.2747 -0.0863 -0.0588 9.38 11.38 38.50 -0.08 0.71 14.30 1.0400 6.9400 2.8600 -6.0900 1.5256 -1.6978 2.17 -8.50 4.37 174 392 377 429 213 
0.7548 -0.6157 0.0314 -0.2243 38.88 14.25 82.44 6.04 -4.52 -6.19 3.0100 4.7700 -8.0300 -3.8278 0.4300 -0.3589 2.83 -9.29 -1.29 174 384 373 429 216 
0.5684 -0.7659 0.1122 -0.2787 50.75 17.31 100.87 4.61 -6.05 -12.24 2.4600 3.2900 -10.3700 4.8644 -1.6967 0.0422 2.85 -9.32 0.97 175 382 376 424 214 
0.8207 -0.5377 -0.0248 -0.1917 13.69 12.25 50.44 -3.94 2.32 30.27 -7.9700 9.2300 22.2800 0.9078 -2.0144 1.4556 2.07 -6.07 7.41 171 362 347 376 212 
0.9175 -0.3849 -0.0984 -0.0177 5.19 10.81 50.94 3.44 -6.71 4.83 1.5600 0.2000 -1.6300 -5.0700 0.9700 -0.5189 1.82 -9.09 3.17 172 262 276 271 195 
0.7417 -0.6631 -0.0327 -0.0952 13.88 8.69 88.94 1.92 -8.41 -7.60 0.4600 1.4100 -6.8500 -1.1278 -1.6867 1.0067 0.66 -9.71 -1.14 169 194 199 215 161 
0.6738 -0.7358 -0.0579 0.0361 348.50 0.00 93.25 0.54 -8.63 -0.06 2.8300 1.2000 2.4400 1.2667 -1.9633 0.9489 -0.72 -9.77 0.41 166 206 205 224 161 
0.7047 -0.6737 -0.1006 0.1983 324.87 -8.19 86.06 -2.11 -10.26 2.92 -0.7500 -0.3500 1.7100 -0.1411 -0.4267 0.6800 -1.93 -9.59 0.57 162 212 210 235 166 
0.6710 -0.6808 -0.1248 0.2659 316.00 -11.25 87.75 -2.34 -8.81 0.30 -0.7300 0.2100 -0.3400 -0.3567 -0.6722 -0.2633 -1.67 -9.65 0.23 164 213 213 234 166 
0.6465 -0.6680 -0.2214 0.2946 308.37 -1.87 90.37 -1.88 -10.23 -1.77 -0.3400 1.2900 -1.1500 -0.7778 -6.4644 -3.4878 1.85 -9.57 -0.98 163 196 209 227 165 
0.5063 -0.4444 -0.6384 0.3723 281.44 21.50 107.44 5.60 -6.71 -4.56 2.2400 1.5300 -0.1600 -0.3967 -3.5033 -2.3111 4.30 -7.54 -4.55 163 197 208 226 164 
0.3345 -0.1628 -0.8538 0.3640 263.62 27.44 125.56 5.54 -6.89 -6.06 2.3800 0.8600 1.0900 0.8689 -0.7567 -0.7922 4.70 -7.04 -4.94 162 200 213 228 166 
0.3212 -0.0769 -0.8621 0.3844 259.56 30.06 124.75 6.17 -6.98 -2.55 1.1400 -0.5500 1.8000 -0.2333 -0.3833 -0.0778 4.94 -6.87 -4.94 164 203 212 230 167 
0.3239 -0.0710 -0.8650 0.3767 262.12 30.56 126.06 6.17 -6.11 -4.02 1.5400 1.5900 1.6500 -0.8556 2.1656 0.1178 5.55 -6.63 -4.60 180 208 219 238 174 
0.4628 -0.1554 -0.8155 0.3109 306.00 46.88 111.19 8.42 -3.27 0.06 0.6600 2.4300 -1.2500 1.6678 9.4489 -2.0789 7.59 -4.79 3.93 183 287 294 318 202 
;
0.9147 -0.0999 -0.3859 0.0660 356.56 40.25 8.50 7.65 1.98 7.71 3.5800 0.5500 0.0700 2.7833 0.9100 -2.8644 5.07 2.37 8.05 181 357 361 407 206 
0.9587 0.1722 -0.2125 -0.0778 10.94 23.25 -24.62 10.88 2.45 10.96 5.3700 -1.9300 1.6800 -0.7844 -0.1533 0.0822 4.68 3.20 7.99 177 363 367 408 209 
0.9550 0.1240 -0.2448 -0.1129 13.44 25.56 -18.56 3.15 2.22 9.93 -0.6700 -0.7800 0.5100 0.0311 0.5244 -0.0189 3.83 2.92 8.54 178 364 360 403 209 
0.9606 0.1261 -0.2207 -0.1124 13.50 23.25 -18.00 3.92 2.18 8.95 0.2800 -0.5300 0.3200 -0.1200 -0.0256 -0.0456 3.89 2.69 8.58 177 356 362 396 209 
0.9621 0.1150 -0.2166 -0.1193 14.25 22.94 -17.06 3.77 2.31 8.65 0.1300 -0.1400 0.5200 -0.0444 -0.0767 -0.0156 3.92 2.62 8.59 176 349 358 387 209 
0.9583 0.0977 -0.2398 -0.1210 14.63 28.12 -12.75 6.44 2.29 11.87 2.7000 0.7500 3.7800 -2.4978 -1.6289 0.4444 5.74 -0.07 7.94 178 326 348 359 207 
0.9354 -0.1096 -0.3103 -0.1290 14.50 36.94 16.25 9.77 0.37 10.97 4.3400 3.5800 4.3000 -4.0156 3.0800 2.2433 4.27 -5.11 7.19 177 331 347 373 207 
0.9008 -0.4111 -0.0977 -0.1003 15.00 7.56 58.00 0.96 0.22 0.80 0.0400 8.6800 -2.5700 -6.8444 3.3556 0.9422 -0.30 -9.79 0.25 172 371 362 409 206 
0.6046 -0.7480 0.2258 -0.1550 31.44 -2.19 107.81 -0.28 -5.17 -11.79 -0.6300 3.0300 -9.9400 0.4578 -1.0578 -1.0056 0.14 -9.14 -3.54 169 389 371 420 212 
0.5796 -0.7654 0.2044 -0.1909 33.94 4.06 97.00 4.49 -1.12 -13.06 6.9700 11.3400 -9.8400 8.5567 -2.5411 -0.6656 1.71 -8.56 4.45 171 405 371 427 213 
0.9269 -0.3400 -0.1068 -0.1177 10.88 17.31 30.12 2.97 3.47 30.22 -0.0200 7.5000 19.8700 -0.4000 0.2267 0.0044 2.80 -4.21 8.39 172 407 378 432 212 
0.9405 -0.3031 -0.0990 -0.1172 19.62 13.00 43.88 3.71 -3.15 5.40 3.0700 3.5700 -2.8400 -5.1156 1.7356 -0.6900 1.98 -8.70 4.05 171 405 379 431 213 
0.7477 -0.6151 0.0673 -0.2408 37.56 10.75 81.31 2.54 -7.11 -6.56 0.8700 1.9700 -7.4600 -1.7644 0.1522 0.3222 1.57 -9.67 -0.05 172 404 381 433 214 
0.6566 -0.7087 0.1259 -0.2255 36.19 8.94 90.62 1.77 -7.33 -10.48 0.7600 2.8000 -10.9100 3.9600 -1.8100 -0.5911 1.91 -9.38 2.08 172 404 380 431 215 
0.8314 -0.5258 -0.0059 -0.1799 18.06 13.75 52.38 2.23 0.06 25.23 -2.3900 4.2400 20.0200 1.4800 -0.4311 1.5589 2.10 -6.17 7.31 171 404 377 425 212 
0.9217 -0.3751 -0.0748 -0.0642 8.94 11.00 47.38 1.76 -7.23 6.86 0.4800 -0.2000 0.3600 -1.5978 -0.1844 -0.2889 2.08 -7.95 5.34 172 354 359 372 211 
0.8427 -0.5263 -0.0801 -0.0809 9.50 12.81 68.87 1.36 -8.65 -0.46 -1.1500 0.6400 -4.4100 -3.0144 -3.2911 1.4744 1.69 -9.61 0.95 172 251 246 252 191 
0.7110 -0.6737 -0.1765 0.0972 340.62 5.06 89.50 1.12 -8.48 -2.22 0.8700 0.7700 -1.7300 0.0000 -1.4100 0.7622 0.26 -9.80 -0.14 169 212 201 214 151 
0.6784 -0.6726 -0.2083 0.2097 322.56 -1.87 88.56 0.14 -9.59 1.06 1.0200 0.4100 0.9200 0.8022 -0.6756 0.9911 -1.04 -9.71 0.85 166 213 201 220 156 
0.6789 -0.6436 -0.1815 0.3032 310.62 -9.69 83.81 -4.36 -9.47 1.17 -3.5400 0.1000 0.3000 -0.4133 -0.7667 -0.5356 -1.62 -9.63 0.80 166 217 201 224 159 
0.6644 -0.6503 -0.1920 0.3143 309.31 -9.06 85.25 -1.82 -9.73 0.99 -0.3000 0.2100 0.2800 -0.0289 -0.1467 0.0789 -1.59 -9.64 0.79 165 217 205 224 158 
0.6561 -0.6459 -0.2121 0.3277 305.37 -6.25 86.12 -2.43 -9.38 0.26 -0.8800 0.8700 -0.0700 -0.8722 -4.0833 -2.3522 0.75 -9.77 0.13 165 212 209 222 159 
0.5771 -0.5175 -0.5096 0.3735 290.69 15.44 96.69 1.71 -8.58 -2.55 -1.1400 0.8600 -1.2300 -0.4633 -4.8378 -2.8456 3.86 -8.48 -3.05 166 215 220 232 168 
0.3895 -0.2709 -0.7957 0.3764 269.06 25.06 120.56 4.17 -7.24 -5.29 0.0900 0.1800 0.3300 -0.0122 -2.1378 -1.4756 4.21 -7.05 -5.34 164 217 217 235 169 
0.2996 -0.1379 -0.8751 0.3542 256.94 24.50 129.75 5.84 -6.22 -6.05 0.4400 0.5900 -0.5500 0.3811 -0.9422 -0.6978 4.03 -6.84 -5.75 164 218 225 235 169 
0.2664 -0.0681 -0.8830 0.3805 250.37 25.19 128.25 4.42 -7.30 -4.34 1.2300 -0.2800 1.5000 0.1011 0.2467 -0.1178 4.33 -6.93 -5.40 166 220 229 238 170 
0.2814 -0.0622 -0.8787 0.3806 253.94 26.87 127.94 5.52 -6.88 -4.51 1.6900 0.4600 1.2100 -0.2700 0.6233 0.1933 4.66 -6.87 -5.21 169 224 231 240 172 
0.3557 -0.1156 -0.8576 0.3531 282.06 35.81 123.94 7.98 -4.51 -1.73 1.3000 1.9400 1.6700 -0.7811 7.8411 -0.5089 7.70 -6.04 -0.48 170 239 246 251 187 
0.8284 -0.2305 -0.4905 0.1416 350.19 39.06 30.87 2.93 0.92 4.92 -0.2100 3.8200 -1.9600 6.2344 1.4322 -4.9322 4.70 1.48 8.47 173 363 357 395 208 
;
