0.8571 -0.0574 -0.3699 -0.3539 44.81 42.38 -12.81 6.61 1.72 7.14 -0.0200 0.1100 0.0400 -0.0044 -0.0011 -0.0011 6.61 1.60 7.05 170 310 336 343 198 
0.8572 -0.0572 -0.3698 -0.3539 44.81 42.38 -12.81 6.66 1.60 7.13 0.0200 0.0200 0.0600 -0.0033 -0.0044 0.0022 6.61 1.60 7.06 169 312 338 343 198 
0.8585 -0.0599 -0.3705 -0.3495 42.81 44.63 -11.38 12.49 7.06 13.84 9.1500 6.3900 7.2700 -2.4344 -3.6178 3.1789 8.38 -1.43 4.88 172 321 340 333 198 
0.8187 -0.3430 -0.4122 -0.2054 26.25 47.06 53.25 5.24 -2.27 3.29 -1.8400 5.7000 1.1300 -4.6878 2.1444 3.8400 4.67 -8.34 2.18 173 354 357 394 204 
0.7079 -0.6847 -0.0809 -0.1535 25.69 14.19 92.62 1.01 -4.35 -4.02 -1.1000 5.0300 -2.2600 -2.9133 1.8622 2.0400 0.94 -9.47 -2.35 168 392 379 426 209 
0.5626 -0.8032 0.1376 -0.1396 29.37 3.94 109.94 -2.22 -6.85 -12.78 -1.6600 2.5900 -10.2500 2.2933 -1.0833 -1.2367 1.20 -9.55 -1.85 171 399 383 434 213 
0.7319 -0.6649 0.0168 -0.1479 20.00 12.19 68.94 5.99 3.40 16.16 5.1200 11.9400 16.6300 5.5222 0.7267 0.5156 2.12 -6.09 7.38 172 399 381 428 216 
0.9061 -0.3995 -0.0757 -0.1166 17.69 13.56 54.94 4.67 -2.87 4.77 3.4600 4.3900 -1.0100 -4.2900 1.5856 -0.5189 2.24 -9.16 2.66 172 403 387 434 214 
0.7047 -0.6761 0.0414 -0.2114 35.56 13.06 90.31 2.67 -7.09 -9.04 0.2000 2.0800 -8.8900 -1.8133 -0.2589 0.1333 2.13 -9.42 -1.68 173 403 385 434 217 
0.6190 -0.7562 0.0674 -0.2012 33.06 13.00 95.06 4.76 -5.91 -10.54 4.7900 5.3400 -10.1400 6.6478 -1.3011 -0.5011 2.44 -8.72 3.76 174 398 382 414 215 
0.9099 -0.3956 -0.0640 -0.1076 10.88 12.13 43.63 -5.32 -1.96 23.82 -7.1900 4.2900 11.1900 -3.5478 -1.3467 -0.9444 3.05 -7.80 5.09 161 378 375 363 205 
0.8169 -0.5402 -0.1615 -0.1216 18.44 26.00 73.44 3.84 -8.45 -2.10 -2.9800 -0.8300 -3.3800 -1.7944 -4.2844 -0.5911 4.97 -8.43 -0.53 168 290 184 193 149 
0.6240 -0.6430 -0.4375 0.0760 332.62 23.69 106.87 2.38 -8.17 -3.38 -0.4700 0.9600 -1.1400 1.0856 -2.9011 -0.0467 3.27 -8.86 -2.61 136 328 164 168 110 
0.5374 -0.5118 -0.5887 0.3204 294.19 17.19 100.81 4.78 -9.63 -7.45 2.2200 -0.6000 -6.5100 2.5789 -0.9100 -0.1056 2.77 -9.40 -0.30 112 338 163 169 100 
0.5773 -0.3701 -0.5492 0.4775 279.00 16.81 75.31 2.65 -6.26 -1.12 0.3700 4.1900 -3.0600 5.5300 1.7511 -1.6400 3.20 -7.10 5.94 111 352 168 169 106 
0.7458 -0.1485 -0.3195 0.5654 286.75 17.06 34.94 0.50 3.67 17.26 -2.1000 4.5600 3.7900 -2.5556 0.5733 -0.5967 2.76 -6.30 6.97 115 353 172 171 108 
0.7565 -0.2304 -0.3456 0.5052 292.75 16.81 48.75 2.13 -6.19 6.01 -1.8100 2.6900 1.0500 -2.0156 -0.2222 -0.5444 3.25 -7.77 5.01 152 359 187 190 132 
0.7798 -0.3459 -0.4149 0.3164 331.31 31.12 63.56 1.95 -3.41 -1.25 -2.4700 4.4000 -4.0200 -0.4556 4.8400 -7.2800 6.97 -4.56 5.15 162 314 293 296 189 
;
