0.3051 0.1558 0.1850 0.9211 216.62 9.94 -26.25 1.51 4.24 8.74 -0.2100 0.0100 0.0700 0.0400 0.0444 -0.0056 1.65 4.30 8.65 157 285 296 287 186 
0.3007 0.1594 0.1906 0.9208 215.75 11.25 -27.75 -0.57 2.38 13.54 -2.0900 -2.4600 6.6000 1.2944 -7.2933 1.2989 5.76 4.69 6.39 163 312 311 297 189 
0.2579 0.4403 0.0583 0.8580 211.06 52.31 -15.94 16.22 6.51 9.88 7.8100 7.6200 2.6700 -4.7278 -1.0011 5.2622 8.02 -3.27 4.58 167 368 347 396 202 
0.0433 0.4174 -0.4196 0.8049 176.81 36.88 75.94 0.92 2.96 0.46 -3.9900 10.7600 -0.3700 -1.8989 1.0067 4.2844 2.84 -9.37 0.30 172 389 358 414 210 
-0.1208 0.2382 -0.6766 0.6862 159.31 7.50 93.50 -3.20 -6.99 -5.38 -3.9100 2.3200 -4.8900 -0.2322 0.2978 -0.4344 1.40 -9.66 -0.87 171 392 361 423 212 
-0.1120 0.2501 -0.6735 0.6866 161.00 13.25 85.62 6.96 -0.91 -9.53 6.7000 11.0600 -7.0100 9.7733 -1.7856 0.4856 2.77 -6.84 6.45 171 393 364 418 214 
-0.3075 0.2315 -0.2162 0.8973 139.62 15.69 27.19 -3.33 2.66 29.14 -4.8900 5.7100 15.3400 -2.7622 -0.6200 -0.7611 2.98 -5.28 7.70 172 392 364 415 213 
-0.2575 0.2583 -0.2922 0.8841 151.19 17.12 48.63 4.15 -1.21 5.56 0.3600 5.4100 -3.9100 -4.5389 0.0144 -0.8711 2.99 -8.52 3.82 171 389 364 420 213 
-0.0854 0.2452 -0.5500 0.7938 169.19 17.56 77.75 5.43 -7.22 -7.51 0.2200 1.7300 -9.6800 -1.0278 0.1878 -0.1367 3.13 -9.24 0.93 170 388 362 419 215 
-0.0818 0.2975 -0.5756 0.7573 165.44 22.19 73.75 6.46 1.60 -20.71 7.4000 16.0000 -12.3300 11.7189 0.6500 -0.5278 4.30 -3.62 8.03 166 375 361 406 216 
-0.2747 0.2861 -0.0201 0.9178 144.94 34.94 13.19 3.38 2.27 15.40 -2.5300 1.7300 4.6600 -0.4211 -1.4689 -0.5233 6.31 -1.80 7.28 169 374 356 393 214 
-0.2564 0.3922 0.0087 0.8834 148.50 47.94 17.06 8.55 -2.70 7.81 1.3000 -1.4400 2.0600 -2.0578 -5.2389 0.4000 8.84 -2.70 3.25 164 375 356 400 211 
-0.2273 0.6566 -0.0099 0.7191 140.37 69.69 79.37 9.00 -6.23 -10.39 -0.5400 -1.7100 -9.6800 5.1478 -1.6600 0.6511 8.84 -4.23 0.18 167 380 366 412 211 
-0.4818 0.6412 0.1796 0.5696 92.25 64.81 67.87 9.53 3.58 0.77 0.4800 7.4100 -1.3200 5.1522 -0.3256 0.3589 8.88 -3.25 2.58 177 383 368 411 213 
-0.6715 0.4621 0.3875 0.4305 63.69 67.25 44.19 10.19 5.66 2.19 1.0000 7.5300 -0.2900 0.2922 -0.5844 -0.1700 9.16 -2.33 2.57 185 375 362 409 213 
-0.6631 0.4541 0.3995 0.4410 69.44 68.31 45.50 11.71 5.53 -0.61 3.5400 8.3300 -3.3100 -3.7744 1.5656 -0.3511 8.89 -3.28 2.48 181 317 343 396 205 
-0.5226 0.6053 0.1627 0.5779 99.31 57.06 68.81 0.97 -10.33 -1.29 -8.3900 -4.8700 -3.7700 -4.0767 -1.0544 2.2178 7.34 -6.42 -0.97 176 274 298 335 201 
-0.3618 0.7330 -0.1208 0.5633 116.62 47.69 98.25 6.77 -7.99 -1.97 0.0900 -1.0300 -0.3800 -0.3689 0.2700 0.0822 7.21 -6.57 -0.98 175 280 304 341 201 
-0.3501 0.7260 -0.1445 0.5740 116.69 46.94 98.06 5.10 -5.88 -0.60 -2.1200 1.3400 0.5000 0.2256 -0.3889 -0.4256 7.33 -6.41 -1.06 176 282 307 339 199 
;
