0.0995 -0.0937 -0.4375 -0.8888 167.19 14.69 -51.69 2.46 7.50 5.80 0.0000 0.0300 -0.0500 -0.0111 0.0233 -0.0144 2.47 7.44 5.88 162 304 359 383 215 
0.1000 -0.0924 -0.4379 -0.8887 167.06 14.44 -51.75 1.92 6.98 5.91 -0.6800 -0.3800 -0.1100 0.1256 0.0533 -0.0500 2.36 7.51 5.83 163 297 356 380 214 
0.1024 -0.0771 -0.4458 -0.8859 166.69 12.31 -52.94 1.57 8.53 6.93 -0.9700 0.5000 0.9900 0.3522 0.4567 -0.3011 1.68 7.84 5.64 167 308 348 374 217 
0.0976 -0.0581 -0.4569 -0.8823 169.06 10.94 -49.06 -3.14 11.87 10.32 -8.4400 4.2100 6.1500 -2.3978 -4.7578 0.1011 4.12 5.72 6.80 174 337 310 326 208 
0.0208 -0.3194 -0.2129 -0.9232 175.87 42.50 -16.25 9.78 9.42 3.39 3.3600 7.8200 -7.0800 -4.7433 -4.6478 3.8189 8.13 -2.55 4.84 169 318 308 339 209 
0.1750 -0.5247 0.2209 -0.8033 152.37 40.63 63.44 0.70 -0.26 -0.39 -6.3500 7.3200 -4.6000 -3.9300 2.5133 3.3878 3.55 -8.87 2.19 170 339 331 352 210 
0.1978 -0.3361 0.5834 -0.7125 150.94 12.81 88.44 -3.37 -5.12 -11.80 -4.6900 3.2300 -14.9600 2.2422 -0.6700 -1.3267 2.80 -9.36 0.73 165 330 323 374 212 
0.1959 -0.3375 0.4246 -0.8170 149.31 26.81 44.94 13.02 12.00 7.40 6.3000 15.0900 7.7700 8.1600 -2.1778 0.7222 5.40 -1.52 8.03 171 339 351 390 213 
0.3898 -0.2404 -0.0643 -0.8867 135.25 28.37 10.63 4.77 4.93 17.39 2.0800 7.6800 2.8600 -7.6922 1.3700 -1.4411 4.37 -5.34 6.95 173 351 357 393 214 
0.1885 -0.3468 0.3706 -0.8408 159.12 23.94 67.81 3.88 -1.69 -7.56 -1.2000 6.1700 -14.2300 -3.8011 -0.2956 0.3267 3.61 -9.11 0.22 169 348 352 388 214 
0.1177 -0.3566 0.5781 -0.7244 157.37 24.00 75.31 8.74 -0.46 -4.79 9.8400 9.4700 -6.5400 10.7011 -0.0289 0.4222 4.50 -4.90 7.20 173 348 363 398 214 
0.4222 -0.2938 -0.0251 -0.8572 124.19 34.50 8.44 4.20 7.51 28.31 -3.0100 6.7200 16.9600 -1.2911 -0.2056 -1.0744 5.98 -1.15 7.68 174 356 365 394 213 
0.3525 -0.3501 -0.0073 -0.8678 141.37 35.25 22.50 5.98 1.88 8.52 1.2000 6.4200 0.1900 -7.0156 1.0833 -1.1100 5.19 -5.91 5.84 174 363 359 392 213 
0.0664 -0.3521 0.4347 -0.8262 177.19 33.19 75.69 6.10 -2.31 -7.28 1.0100 3.5900 -9.4100 -2.5711 0.1778 -0.7267 5.93 -7.79 -0.35 157 336 289 296 210 
-0.0234 -0.4116 0.5711 -0.7099 179.94 38.38 83.44 7.79 -6.18 -4.71 0.3200 0.2500 -1.7400 5.4067 -0.3044 0.4189 5.93 -6.87 3.70 91 270 206 217 189 
0.1951 -0.4404 0.2951 -0.8252 146.06 41.13 55.69 9.07 -4.94 -2.27 2.1400 1.6700 -8.2300 5.2711 -3.4467 -0.9789 7.84 -4.28 4.04 88 170 160 171 143 
0.4227 -0.5388 -0.1161 -0.7194 112.44 64.81 29.00 11.72 6.81 2.91 -0.2500 7.1400 -1.7100 4.0122 -1.5478 0.7511 9.09 -0.67 3.60 98 175 166 178 136 
0.5869 -0.4167 -0.3879 -0.5756 83.62 70.06 10.19 11.05 2.89 0.91 2.4300 5.5400 1.3200 2.5278 -0.1100 0.5256 9.47 -1.05 2.29 100 171 169 180 140 
0.6265 -0.4198 -0.4370 -0.4902 80.00 72.56 14.25 6.09 5.03 4.14 -1.6400 6.2900 0.4200 -2.7700 -0.1589 -1.6078 9.29 -0.18 3.11 98 177 170 185 143 
0.4756 -0.4581 -0.3343 -0.6724 116.62 68.56 -3.12 11.61 2.12 -3.60 3.2100 -0.2300 -8.9700 -3.2256 -0.5700 -0.9089 9.26 -0.04 3.22 100 180 173 185 143 
0.3063 -0.5397 -0.2328 -0.7488 133.50 73.12 -7.44 11.23 -2.00 -1.86 4.9900 -0.5700 -2.1400 3.6011 -0.3267 0.4533 9.57 0.63 2.02 101 181 172 186 145 
0.4324 -0.5381 -0.4054 -0.5992 105.25 86.94 -0.50 12.96 6.09 8.53 -0.3900 1.5100 0.4300 -0.2133 0.1400 -0.5589 9.74 0.41 0.97 94 178 175 187 150 
0.4152 -0.5311 -0.3774 -0.6349 116.44 78.37 -9.44 10.31 8.81 10.09 -0.7200 8.3000 6.3100 -5.3167 3.4644 -2.0456 8.51 0.20 4.85 114 233 204 227 177 
0.1789 -0.4191 -0.0261 -0.8898 166.62 41.94 17.87 16.17 -0.58 1.60 11.3400 2.5100 -5.5600 -6.1489 5.2333 1.0533 3.70 -5.81 6.97 167 369 359 389 201 
0.0155 -0.1782 0.4603 -0.8696 175.12 14.63 66.94 3.14 -5.73 0.00 -0.9100 2.6600 -3.3900 -3.0967 -1.0211 2.0022 1.07 -9.67 1.16 168 383 362 387 203 
0.1420 -0.1801 0.6661 -0.7097 155.19 2.75 87.25 -2.73 -6.82 -3.01 -2.8200 2.1000 -3.4500 0.8233 -0.7300 -0.3578 0.73 -9.71 1.13 167 384 368 390 204 
0.1915 -0.2481 0.5818 -0.7505 150.56 10.50 72.50 5.57 -5.40 -4.12 2.9700 3.3300 -6.6900 7.1789 -0.3356 -0.6911 2.27 -6.67 6.81 167 386 359 392 206 
0.2864 -0.1547 0.1486 -0.9338 142.94 11.81 10.88 5.05 10.64 9.83 -0.1800 11.7000 -2.1600 5.3756 0.2822 0.9344 2.36 2.51 9.18 166 386 357 388 206 
0.3896 -0.0171 -0.2513 -0.8859 131.44 14.25 -29.62 1.95 8.32 12.78 -0.8400 2.8400 3.7600 1.0333 -0.5400 0.0756 2.87 5.30 7.73 166 387 354 389 207 
0.4037 -0.0225 -0.3320 -0.8522 129.37 18.44 -35.13 2.08 6.18 8.69 -0.7800 1.1500 1.3100 -0.4511 -1.0822 0.1367 3.52 5.09 7.60 164 380 356 385 208 
0.4011 -0.0590 -0.3141 -0.8585 130.44 20.12 -29.75 0.85 10.03 14.26 -3.7700 7.1500 7.4300 -2.4322 0.8833 -1.7856 2.38 3.47 8.85 160 368 354 385 207 
;
