0.6164 0.1130 0.1319 0.7680 257.44 0.50 -20.00 0.03 3.62 8.98 -0.0200 0.2600 -0.2000 -0.0200 -0.0278 0.0444 0.09 3.37 9.20 160 328 305 298 203 
0.6152 0.1147 0.1333 0.7684 257.31 0.75 -20.25 0.22 3.69 9.04 0.0500 0.2800 -0.1000 -0.0389 -0.0356 -0.0044 0.15 3.40 9.19 160 328 305 299 201 
0.6156 0.1176 0.1324 0.7679 257.44 1.00 -20.37 0.26 3.63 9.04 0.0100 0.2200 -0.0700 0.0756 -0.0289 0.0456 0.20 3.47 9.16 161 330 305 299 201 
0.6137 0.1493 0.1313 0.7641 258.56 7.62 -24.12 -0.36 3.38 16.52 0.7500 0.2500 10.3100 2.6867 -6.2056 0.2978 4.44 4.59 7.43 166 351 339 378 206 
0.5831 0.3572 -0.1053 0.7220 254.19 47.69 -8.13 6.86 5.90 5.82 -0.3400 6.8200 -1.2500 -4.9022 -2.3256 4.5544 7.82 -3.77 4.54 175 384 365 412 205 
0.3773 0.2005 -0.5458 0.7208 230.75 37.88 71.50 1.13 0.56 -2.50 -5.6100 7.6000 -4.7600 -2.8922 1.1022 2.7678 3.90 -8.94 0.92 174 397 371 419 207 
0.2669 -0.0154 -0.6989 0.6634 222.62 20.69 90.62 1.79 -3.43 -10.52 -0.6800 5.6700 -13.7200 2.4011 0.4778 -0.9222 3.98 -8.91 0.88 172 391 373 426 211 
0.2253 0.1489 -0.4971 0.8246 203.06 27.12 43.31 7.75 2.54 31.00 1.7500 5.5700 26.3700 2.2356 -0.4544 1.5178 4.19 -4.53 7.61 175 391 370 420 210 
0.0988 0.2009 -0.3105 0.9238 194.06 25.44 41.38 4.70 -3.25 9.43 0.2600 3.8100 0.7400 -4.7011 2.4300 -0.6178 3.61 -7.64 4.96 174 392 370 422 210 
0.2355 0.0593 -0.5609 0.7915 218.25 21.31 72.94 4.24 -3.49 -6.72 0.2300 5.9000 -9.2600 -2.9378 -0.5167 -1.3044 4.29 -8.79 0.64 173 391 372 422 214 
0.3196 0.0382 -0.6709 0.6680 227.50 27.75 77.81 11.25 0.76 -9.30 7.2200 10.2500 -7.8500 8.2733 -1.4267 1.1633 4.48 -6.69 5.59 173 390 369 425 211 
0.1540 0.2016 -0.3514 0.9012 197.37 29.37 40.56 2.76 -4.65 13.86 -0.3500 0.0100 4.8600 -1.7133 0.1644 -0.4944 5.05 -6.11 5.76 175 379 368 403 210 
0.1888 0.1903 -0.4228 0.8657 207.31 27.62 50.13 4.27 -5.48 3.32 -0.3600 2.4700 -2.4900 -2.4333 3.8578 -0.7856 3.32 -7.43 5.45 171 365 245 249 198 
0.3571 -0.0397 -0.4760 0.8027 231.81 13.56 56.44 3.32 -3.41 2.35 -1.1700 3.2300 -4.5700 1.0922 1.8856 0.6544 1.28 -7.65 5.99 197 398 204 218 180 
0.4460 -0.1145 -0.3525 0.8146 237.75 7.69 36.69 9.76 -3.01 11.78 7.8500 2.3800 3.7200 3.2189 -0.4400 0.9578 1.43 -3.79 8.92 199 399 206 215 182 
0.3867 0.0271 -0.1698 0.9060 222.94 11.13 15.25 6.17 -4.56 16.88 1.2600 -2.6600 7.4400 0.2733 -1.9667 4.2300 2.60 -2.56 9.09 199 401 212 219 184 
0.1100 0.1305 -0.1936 0.9661 189.50 17.06 24.37 -2.93 -3.70 13.86 -6.2800 2.4900 3.8000 -2.5611 -1.0400 1.3211 2.85 -6.01 7.20 198 402 218 224 186 
0.0182 0.1199 -0.4067 0.9055 183.81 13.81 53.50 -0.86 0.67 7.52 -3.6800 8.2000 2.0300 -2.9511 3.1289 -1.8689 2.42 -8.46 4.32 200 408 226 248 192 
0.2291 0.0256 -0.5550 0.7993 220.25 18.94 67.75 3.50 -0.78 2.56 0.9500 7.1900 -1.6500 -0.3622 2.8133 -2.7933 4.23 -8.00 3.77 199 406 226 239 187 
0.4929 -0.0264 -0.5097 0.7047 251.94 27.81 52.44 13.80 -1.77 2.78 7.0200 3.3700 -1.6800 3.7311 0.2078 0.2856 4.27 -5.33 7.03 200 404 228 239 187 
0.5075 0.0668 -0.3223 0.7963 243.12 26.00 26.50 5.39 -8.28 12.05 1.9200 -3.6900 3.6800 0.9178 -1.1744 0.3467 4.87 -3.36 7.81 199 406 232 241 187 
0.4553 0.1333 -0.2930 0.8301 237.00 30.00 25.12 3.21 -3.70 8.72 -1.7100 0.0800 0.7500 -0.3433 0.0067 -0.1578 5.02 -3.70 7.56 199 407 233 250 192 
;
