0.0174 -0.0002 0.3389 0.9407 182.12 -0.56 -39.56 0.06 6.22 7.50 0.1300 0.0000 -0.0100 0.0011 0.0200 -0.0078 -0.10 6.25 7.55 162 358 357 399 213 
0.0172 0.0003 0.3390 0.9406 182.00 -0.56 -39.63 -0.01 6.30 7.46 0.0300 0.0700 -0.0300 -0.0022 0.0156 -0.0067 -0.10 6.25 7.54 161 362 360 402 213 
0.0167 0.0001 0.3392 0.9406 182.00 -0.62 -39.63 -0.04 6.28 7.50 0.0400 0.0200 -0.0200 -0.0100 0.0078 -0.0089 -0.10 6.25 7.55 160 360 359 403 213 
0.0168 -0.0002 0.3390 0.9407 182.00 -0.69 -39.56 -0.07 6.32 7.51 0.0500 0.0400 -0.0900 -0.0044 0.0167 -0.0100 -0.12 6.25 7.55 162 362 358 402 214 
0.0168 -0.0013 0.3391 0.9406 182.00 -0.75 -39.63 -0.11 6.31 7.50 0.0200 0.0200 -0.0400 -0.0033 0.0144 -0.0122 -0.14 6.25 7.55 162 356 356 401 214 
0.0181 0.0118 0.3370 0.9412 182.56 3.37 -39.19 -3.65 8.86 16.81 -3.3300 7.6800 14.2800 -1.0289 -9.6678 2.6500 6.43 5.17 5.29 166 323 309 367 214 
0.0250 0.5743 0.1583 0.8028 180.75 72.06 -31.37 8.80 8.37 2.68 -5.7100 8.7600 -2.6500 -4.8456 3.1067 6.5122 7.89 -4.55 3.61 165 346 327 358 213 
-0.0884 0.4284 -0.3635 0.8225 168.69 35.94 63.19 6.16 -0.18 -1.48 -0.2200 8.1400 -5.5800 -3.0256 1.1978 1.2133 4.18 -8.48 2.55 161 361 341 368 215 
-0.0622 0.3149 -0.5720 0.7549 170.31 22.81 82.75 0.97 -7.20 -12.55 -2.0600 -0.5100 -17.5100 4.7067 -1.7756 0.7578 3.58 -8.66 2.86 159 369 339 377 215 
-0.1934 0.3178 -0.3120 0.8742 150.06 27.37 33.69 7.89 9.55 26.45 5.5400 11.3900 24.1400 2.6222 0.1433 0.4678 4.70 -2.57 8.21 159 364 356 381 216 
-0.2839 0.3060 -0.0974 0.9035 147.25 30.19 27.94 5.26 -0.50 9.85 2.7400 5.2500 1.7100 -5.4767 0.6944 -0.4456 5.01 -6.69 5.11 160 364 354 390 216 
-0.1105 0.3759 -0.4503 0.8023 165.94 29.19 74.00 2.82 -3.59 -9.98 -1.8600 3.4600 -11.9300 -1.1678 0.4000 0.4889 4.27 -8.80 0.61 159 366 356 387 217 
-0.0974 0.3509 -0.5284 0.7670 161.81 26.94 67.87 9.69 3.71 -4.29 7.1100 14.7900 8.6900 7.6989 0.4611 0.1856 4.94 -5.01 6.82 161 347 345 376 216 
-0.2580 0.3590 -0.1633 0.8820 149.12 33.50 36.75 2.79 -6.10 7.87 -1.5200 -0.7200 1.3800 -1.5178 0.0411 -1.3533 5.68 -5.21 6.05 162 316 276 247 205 
-0.1207 0.3255 -0.2762 0.8962 171.00 27.44 44.94 6.07 -4.51 2.21 3.4100 2.8300 -4.4400 -3.6400 5.4189 -0.7411 2.82 -7.57 5.55 173 339 164 168 183 
0.1002 0.0319 -0.4793 0.8713 196.69 4.87 55.81 1.13 -4.77 3.70 1.8600 3.6300 -4.1900 1.1200 1.9189 0.6300 -0.13 -7.55 6.25 182 398 169 171 181 
0.1403 -0.0901 -0.3536 0.9204 196.50 -6.12 37.75 -0.56 -0.82 9.72 1.2900 4.4400 4.3700 2.3567 0.7111 1.4333 -1.96 -4.17 8.65 188 404 156 174 181 
0.0839 -0.1229 -0.1503 0.9774 186.69 -12.75 14.94 -0.31 -1.39 15.28 1.3100 0.0700 6.9000 0.5244 -0.7733 2.7111 -1.69 -1.27 9.57 188 399 176 171 181 
-0.1108 -0.0572 -0.0732 0.9895 163.75 -6.31 8.94 -5.32 -2.27 12.12 -4.1200 -0.8100 2.6000 -1.8889 -0.7656 1.0567 -0.59 -2.62 9.42 186 397 178 170 182 
-0.2049 0.0296 -0.1651 0.9643 154.94 0.31 21.87 -2.24 -4.73 10.63 -1.2900 0.9300 2.2700 -1.8000 -0.7544 0.3956 0.43 -4.96 8.44 189 397 180 175 183 
-0.2287 0.0954 -0.2955 0.9227 152.31 2.44 38.13 -2.65 -4.20 5.83 -3.3100 2.1500 -2.2600 -1.4856 1.0122 -1.0533 0.47 -7.03 6.81 187 393 180 178 183 
-0.1340 0.0939 -0.4027 0.9006 167.12 4.06 50.25 -0.40 -3.78 5.64 -0.8100 3.7800 -0.4500 -0.5356 1.2989 -1.8778 1.21 -7.69 5.95 185 395 184 180 184 
0.0401 0.0657 -0.4360 0.8966 189.37 9.50 51.13 1.65 -3.43 5.34 0.0700 3.7500 -1.0600 0.5367 1.1689 -1.7056 1.95 -7.10 6.47 186 390 183 180 185 
0.2062 0.0306 -0.3851 0.8990 209.62 11.31 42.06 4.95 -3.06 5.97 3.6400 3.6000 -1.0300 1.8300 0.4122 -0.8944 2.00 -5.38 7.94 187 390 182 180 183 
0.2874 0.0294 -0.2643 0.9201 214.00 11.56 25.62 5.82 -3.81 10.67 2.7800 0.0900 2.7000 1.6989 -0.3411 0.9056 2.00 -3.07 9.09 185 388 182 180 185 
0.2275 0.0765 -0.1677 0.9562 206.00 14.25 16.62 1.53 -5.80 10.03 -1.6100 -2.9500 1.4200 0.2900 -2.0356 0.1533 3.74 -2.47 8.71 177 339 189 193 188 
0.1653 0.2905 -0.1550 0.9296 195.81 50.75 11.75 11.17 -5.10 5.58 5.5800 -4.4800 0.6900 3.6522 -9.5044 2.7544 9.62 -1.85 -0.02 162 316 179 177 172 
-0.2144 0.7669 -0.0374 0.6037 111.94 54.13 112.12 8.66 -0.94 -2.41 -1.2800 4.7400 -0.5100 4.2978 -1.7644 4.0822 5.09 -8.37 -0.23 118 290 183 180 171 
-0.6581 0.6630 0.0129 0.3565 56.56 29.06 79.00 -0.48 -6.63 -1.36 -2.1400 -0.5600 -5.2200 0.2311 -0.2822 0.2433 4.62 -8.46 1.75 122 303 185 184 168 
-0.7014 0.6150 0.0268 0.3593 52.75 28.25 68.50 6.78 -11.90 -6.52 0.2400 -1.9600 -7.8300 5.8967 1.1644 -0.5333 4.36 -5.98 6.42 125 317 190 189 166 
-0.8718 0.2593 0.1144 0.3997 48.63 21.87 14.44 -0.25 15.55 14.35 -3.2500 16.4700 6.9100 0.0967 0.3700 -0.2267 3.29 -1.54 9.10 130 335 192 193 168 
-0.8868 0.1898 0.1160 0.4051 49.56 22.69 17.87 1.26 -0.34 6.97 -3.5300 3.0900 -2.1900 -2.7244 -1.1422 -1.0467 4.79 -4.10 7.50 137 341 196 188 173 
-0.7703 0.3798 0.1248 0.4968 74.12 41.06 38.69 0.43 0.00 -0.16 -5.8900 5.0700 -5.9000 -5.6689 -2.0322 -5.7511 9.07 -2.63 2.61 152 304 214 203 191 
;
