0.6893 0.2972 0.0052 0.6607 272.37 22.87 -26.81 3.88 4.23 7.87 -0.0700 0.1900 0.0400 -0.1611 -0.0811 0.1044 3.86 3.96 8.09 158 303 309 324 200 
0.6876 0.2938 -0.0038 0.6639 271.81 23.31 -25.56 4.45 3.81 8.15 0.7500 0.1000 -0.2200 -0.0233 0.6778 0.3067 3.67 3.81 8.25 155 302 309 322 200 
0.6799 0.2802 0.0073 0.6777 270.31 22.00 -25.06 4.46 4.02 8.07 0.9100 0.1100 -0.0500 -0.0689 0.1967 -0.0500 3.63 3.84 8.25 155 299 306 322 199 
0.6787 0.2870 0.0116 0.6759 267.87 22.75 -27.44 8.03 8.58 20.60 3.2000 4.3500 14.2400 -0.9256 -0.8767 3.0489 4.99 3.53 7.66 175 342 329 368 204 
0.5579 0.2745 -0.1370 0.7711 248.37 38.13 7.25 7.46 8.34 7.93 0.7200 12.0000 -0.0800 -6.3922 -0.5567 3.9389 5.59 -5.99 5.38 174 343 331 371 205 
0.3671 0.0399 -0.5989 0.7106 230.87 25.44 80.94 -0.35 -1.42 -5.62 -6.3300 6.4000 -6.7600 -2.3067 0.4767 2.3389 2.36 -9.50 -0.47 169 372 347 396 204 
0.2341 -0.0980 -0.7290 0.6357 219.69 13.69 94.25 1.82 -6.27 -7.06 -0.5600 3.3200 -8.4100 1.9200 -2.1144 -1.3633 3.37 -9.20 0.32 169 387 364 421 208 
0.2167 0.1003 -0.6010 0.7628 208.69 26.06 63.69 10.19 8.69 9.06 6.6200 12.6600 15.8800 8.5211 -0.9456 1.7044 4.55 -3.79 7.81 176 396 365 424 208 
0.0862 0.2485 -0.2390 0.9347 193.62 30.50 34.19 5.31 -1.56 15.75 1.8100 3.8900 6.1000 -5.6056 1.8678 -0.4600 4.36 -7.11 5.15 176 393 370 420 209 
0.2476 0.0840 -0.5571 0.7882 218.94 22.94 72.75 4.24 -1.75 -3.63 0.1800 6.7500 -6.0400 -3.6722 -0.0500 -0.1222 3.78 -9.04 0.15 174 394 367 424 210 
0.2990 -0.0302 -0.7338 0.6093 233.12 24.12 96.12 4.09 -3.71 -10.65 -0.1300 6.1500 -10.6000 1.6489 -1.3611 -0.5289 4.32 -8.80 0.03 176 390 365 422 210 
0.2538 0.1219 -0.6021 0.7472 213.12 30.50 66.75 12.71 0.75 15.40 3.5300 4.8200 18.7400 4.2967 -1.3889 0.7978 5.47 -6.04 5.44 171 387 363 417 209 
0.1212 0.2850 -0.3927 0.8660 197.56 35.38 49.50 3.32 -6.82 7.53 -1.0600 -0.3600 0.1000 -0.8122 0.1833 -0.6767 5.87 -6.19 4.82 175 379 361 394 210 
0.1871 0.2545 -0.4265 0.8475 206.75 36.19 50.06 5.50 -6.10 4.22 -0.7900 0.0200 -1.5100 0.1444 0.8433 -1.3067 5.89 -5.53 5.54 167 362 255 256 195 
0.2767 0.2411 -0.3607 0.8574 216.37 38.56 30.50 2.17 -0.93 -0.88 -2.8100 3.2600 -7.9100 6.4922 -0.6411 -3.0322 6.72 0.52 7.11 167 366 214 221 180 
0.2872 0.3732 0.0784 0.8787 213.87 33.63 -35.38 14.01 15.05 6.49 9.6200 10.7900 1.4100 4.9289 1.5467 1.4822 5.27 6.69 4.84 161 373 195 204 172 
0.0335 0.4024 0.4183 0.8136 175.06 44.75 -69.12 8.67 13.87 9.32 0.7600 6.3800 5.4900 0.6300 -1.3911 5.3067 9.00 3.65 1.31 159 376 198 207 171 
-0.2774 0.5812 0.3326 0.6889 128.25 83.00 -6.75 2.14 3.17 2.63 -7.9200 3.7500 1.2300 -2.0900 1.0256 2.7822 9.40 -2.20 1.69 165 385 206 215 170 
-0.3233 0.6552 0.0740 0.6787 133.25 68.75 74.94 0.96 1.49 -0.51 -5.9200 5.3000 -0.9500 -6.0722 -0.6022 -1.6956 9.48 -2.21 -1.14 161 398 196 210 164 
0.0765 0.7249 -0.0811 0.6798 203.94 81.44 -88.50 10.32 5.84 -6.90 2.5800 3.3900 -7.5200 1.2856 0.8367 -3.8933 8.61 4.60 0.89 153 398 198 216 170 
0.2410 0.6360 0.2129 0.7015 215.62 49.00 -84.19 11.45 11.13 -1.66 3.1200 3.9300 -1.5500 3.8789 -0.0522 0.5967 7.44 6.32 -0.88 149 399 194 217 171 
0.0491 0.6591 0.4021 0.6336 181.75 55.50 -112.12 6.88 6.85 3.69 -1.8400 1.8200 5.3800 0.2889 0.1578 1.0900 8.56 4.22 -2.22 154 398 204 222 173 
-0.0374 0.6799 0.3715 0.6311 174.94 62.81 -113.00 7.07 5.92 -0.09 -2.7200 1.3800 1.3800 -1.9533 0.6033 -0.5311 8.65 4.53 -0.80 158 401 227 240 183 
;
