0.3400 0.1458 0.1272 0.9203 220.62 11.63 -19.94 3.01 3.87 8.66 0.3900 0.4400 -0.2700 -0.2567 0.4011 0.2289 2.00 3.10 9.08 146 301 293 292 195 
0.3350 0.1545 0.1138 0.9225 220.12 12.94 -18.75 2.41 2.96 8.94 0.2100 0.0300 -0.2700 -0.0311 -0.9500 0.0867 2.84 3.06 8.87 148 302 292 293 197 
0.3420 0.2096 0.0934 0.9113 221.00 18.69 -19.37 2.25 3.31 8.73 -1.2600 0.2600 -0.3000 0.2700 -0.0622 0.0800 3.19 3.20 8.70 151 306 285 285 195 
0.3359 0.2700 0.0914 0.8977 220.50 37.44 -25.25 21.20 9.57 19.03 16.5500 7.7700 12.7600 -2.0756 -6.6733 4.4111 9.51 0.09 2.37 167 359 335 374 201 
0.1696 0.5817 -0.2773 0.7456 199.44 65.37 72.00 4.81 3.83 -2.38 -6.7900 8.5600 -7.8800 -2.9233 1.9722 4.6989 6.22 -7.52 0.89 178 398 350 420 203 
0.0502 0.3098 -0.5972 0.7382 186.69 25.87 84.56 -0.51 -3.92 -5.92 -3.4100 5.3600 -6.8100 -1.1800 -0.9589 0.8689 3.20 -9.26 -0.27 177 399 372 421 206 
-0.0210 0.2578 -0.6825 0.6836 175.44 19.50 89.75 4.53 0.34 -15.05 6.2100 13.3400 -3.9600 10.6544 -4.0811 0.1189 3.97 -7.42 5.02 179 398 362 424 204 
-0.2767 0.2966 -0.2297 0.8847 142.31 24.87 35.50 1.90 0.31 25.42 -1.2400 5.1600 12.3800 -3.5578 -0.4744 -0.2256 4.36 -6.58 5.81 177 398 368 425 206 
-0.2142 0.3615 -0.3801 0.8240 155.44 24.50 66.19 4.51 -3.43 0.28 -0.3900 5.6600 -3.3500 -4.1944 0.4544 -0.0067 3.91 -8.93 1.02 176 397 375 424 207 
-0.0394 0.3371 -0.6330 0.6958 176.25 25.81 95.12 5.23 -5.72 -14.14 1.1400 3.2200 -16.3500 2.4822 -0.1411 -0.9722 4.87 -8.49 0.49 173 392 376 428 205 
-0.1152 0.3787 -0.4283 0.8123 155.56 29.44 50.38 -1.98 2.40 34.89 -6.9700 6.1400 25.4800 -1.2833 -2.4811 -0.0056 5.20 -6.19 5.54 174 378 370 412 206 
-0.2202 0.4622 -0.2897 0.8087 150.50 42.31 66.69 6.70 -7.45 -1.05 -1.0200 -0.6200 -3.2400 -2.1144 -3.1489 -1.9367 7.85 -5.86 -0.10 165 375 211 214 182 
-0.1741 0.7252 -0.2585 0.6140 135.37 48.06 117.31 10.09 -4.68 -5.84 2.3600 0.5600 -1.8900 2.0067 -4.0311 -0.4033 5.74 -6.50 -4.56 133 396 188 194 167 
-0.3903 0.8527 -0.0466 0.3441 72.31 32.56 118.94 13.85 -1.98 -5.47 9.0200 4.8700 -0.1900 7.3844 2.2578 0.0989 5.35 -8.21 0.27 133 416 200 206 178 
-0.6589 0.6672 0.1158 0.3276 57.38 34.69 87.62 1.46 -5.46 1.67 -1.3800 2.0100 -4.7800 -5.7233 -0.2211 -1.4278 6.08 -7.15 -2.82 123 410 201 205 176 
-0.4669 0.8056 0.0081 0.3647 71.37 35.69 107.37 8.99 -6.42 -8.45 0.9300 5.1300 -1.8100 3.9133 1.4800 -2.6889 6.18 -7.53 1.08 125 408 205 208 180 
-0.6093 0.6698 0.0460 0.4220 76.87 39.25 81.69 3.98 -4.02 2.47 -1.6500 3.8400 2.0200 -2.3322 1.8522 -2.1289 7.19 -6.59 0.98 155 361 218 231 187 
;
-0.3658 0.6079 -0.0495 0.7030 140.37 58.19 44.44 10.48 3.73 1.31 2.5600 5.2100 -4.2100 1.6667 9.4267 -7.6222 5.19 1.11 8.24 164 322 320 326 196 
0.0275 0.1276 0.1505 0.9800 184.00 10.06 -19.94 4.37 7.45 14.72 2.7900 3.2800 4.4400 1.2311 -0.2600 -1.0922 1.22 4.15 8.79 168 307 317 312 198 
0.0576 0.0463 0.1927 0.9785 187.19 5.12 -21.94 -3.29 4.32 14.77 -4.3600 2.1300 8.4300 -0.6422 -7.3167 1.0100 5.38 2.68 7.74 178 337 332 360 200 
0.0593 0.4084 -0.0043 0.9108 187.25 51.88 7.00 14.26 5.31 8.67 6.0800 8.2900 1.3700 -4.6667 -1.5600 4.6267 7.66 -5.09 3.37 179 383 352 401 202 
-0.0601 0.4160 -0.4662 0.7784 166.94 27.75 79.87 0.34 0.13 -3.94 -5.1100 9.0900 -5.0800 -4.2844 1.9700 3.0767 1.86 -9.56 -1.12 181 382 356 401 203 
-0.1019 0.2249 -0.7555 0.6069 160.94 5.81 106.31 -2.39 -7.18 -6.31 -3.3000 1.6600 -3.0100 0.7744 -0.3756 -0.6600 1.22 -9.34 -2.70 180 381 358 404 202 
-0.0971 0.2376 -0.7485 0.6115 160.81 8.75 103.12 1.60 -9.27 -1.57 -0.3200 0.6000 -1.0500 -0.5122 -0.6178 -0.6311 1.84 -9.32 -2.42 179 383 361 404 204 
-0.1212 0.3228 -0.6987 0.6268 154.44 14.69 91.50 11.44 4.55 -6.52 12.8100 17.8600 5.3600 11.0867 -2.5567 0.0800 3.22 -6.84 6.23 180 388 359 417 205 
-0.3882 0.3158 -0.2278 0.8353 133.00 20.00 47.75 4.17 -0.91 10.66 4.5100 6.8800 0.3200 -6.0433 1.9389 -0.9767 3.43 -8.62 3.17 182 393 370 424 208 
-0.1512 0.3233 -0.5540 0.7522 161.56 18.44 85.75 6.84 -4.82 -9.86 0.8400 4.9300 -12.1300 -2.3633 0.3367 0.1211 3.19 -9.15 -1.44 178 388 370 419 206 
-0.0912 0.3423 -0.6508 0.6716 161.06 21.19 88.37 11.26 -1.26 -7.23 7.5300 10.7200 -3.9000 9.4389 -2.0389 -0.2367 4.30 -7.08 5.23 181 389 368 419 205 
-0.3217 0.3226 -0.2213 0.8623 137.56 26.62 42.19 3.61 -2.33 16.62 -0.6900 3.1400 4.9400 -3.0556 -1.0056 -0.3433 5.26 -7.03 4.35 179 384 366 406 207 
-0.2423 0.4951 -0.3443 0.7600 147.25 38.00 79.19 6.82 -7.19 -5.37 0.2300 -0.2000 -5.5200 -2.6244 -3.9022 -0.7678 6.33 -7.26 -1.81 167 385 188 194 173 
-0.2677 0.7336 -0.3673 0.5051 104.37 28.87 115.37 7.11 -3.06 -5.60 2.9900 4.4700 -0.2500 2.4956 -5.4267 -1.4433 4.10 -8.08 -3.73 122 395 190 199 157 
-0.4865 0.8344 -0.0223 0.2582 51.38 23.75 115.75 10.42 -5.48 -9.87 6.6800 2.5100 -6.6200 3.3967 -0.4633 -0.1978 3.93 -8.58 -2.65 117 399 191 196 160 
-0.6615 0.7063 0.0854 0.2371 39.75 28.62 84.25 14.30 -4.14 9.08 1.9100 3.8000 6.4200 -4.0444 2.9922 0.1544 4.44 -8.69 -0.87 115 409 197 197 166 
-0.5001 0.8146 -0.0045 0.2938 63.69 28.37 115.69 6.90 -8.20 -16.90 3.6200 -0.1600 -12.1100 6.4278 -0.6667 0.4622 4.56 -8.67 -0.31 98 415 207 195 171 
-0.6787 0.6707 0.0988 0.2824 45.38 29.81 85.62 5.65 -6.86 -1.20 -2.8000 1.6500 -2.8800 -2.0789 0.4189 -0.3611 5.03 -8.41 0.04 114 403 213 211 178 
-0.5781 0.7279 0.0077 0.3687 72.12 36.31 95.81 8.32 -1.60 4.97 1.6900 5.5100 6.0100 -2.0989 5.1989 -4.7411 8.15 -5.40 0.66 148 404 222 231 184 
;
