-0.1060 -0.0103 0.3281 0.9387 167.06 2.81 -38.19 0.52 5.91 7.64 0.0500 -0.1300 -0.0400 -0.0100 -0.0056 -0.0122 0.48 6.05 7.69 165 306 320 338 213 
-0.1061 -0.0105 0.3273 0.9388 167.12 2.81 -38.13 0.56 5.89 7.67 0.0800 -0.1100 -0.0400 -0.0133 -0.0067 -0.0167 0.48 6.03 7.71 166 305 318 336 212 
-0.1053 -0.0102 0.3265 0.9393 167.19 2.81 -38.00 0.44 5.89 7.63 -0.0400 -0.1400 -0.0600 0.0311 -0.0189 0.0411 0.50 6.04 7.70 165 305 319 340 212 
-0.1081 -0.0057 0.3306 0.9376 166.87 4.44 -39.38 -0.89 6.07 8.62 -2.6300 -0.1200 1.6600 2.6611 -3.4156 1.2278 2.57 7.20 6.13 168 314 322 371 217 
-0.1006 0.2226 0.4998 0.8310 165.62 34.81 -73.37 12.44 9.68 -2.79 7.8500 3.6500 -1.5600 3.9511 -2.3500 4.3389 7.63 5.87 -1.82 177 327 338 377 216 
-0.2512 0.5642 0.6250 0.4774 106.31 58.44 -168.81 7.09 0.11 -2.20 -0.3700 1.6600 3.5300 0.7567 -3.2933 6.8144 6.19 -3.58 -6.70 182 296 306 358 218 
-0.3364 0.8580 0.3569 0.1526 142.81 26.44 147.62 -0.85 0.79 2.26 -3.5600 4.7500 9.8000 -4.7911 -0.1067 1.5722 3.43 -2.41 -8.86 187 289 304 371 224 
-0.0284 0.9779 0.1671 0.1223 160.81 11.81 -175.06 0.54 4.13 -19.97 -2.1800 2.3200 -9.5600 -0.3489 -1.2400 0.7289 1.07 2.02 -9.53 178 301 316 382 229 
0.0882 0.9852 0.1328 0.0634 163.81 6.56 -169.87 3.16 0.45 -9.14 1.8800 -1.3500 0.2500 0.1289 0.3789 0.0144 1.49 1.70 -9.54 181 306 318 383 228 
0.0669 0.9828 0.1429 0.0955 163.56 10.63 -171.31 0.92 1.82 -8.46 -1.2900 0.1800 1.1000 -0.1067 0.7367 -0.2733 2.18 1.51 -9.44 180 306 321 385 227 
0.0696 0.9717 0.1704 0.1479 156.62 20.12 -165.56 10.81 3.28 -9.59 8.1400 0.6100 -1.8200 -1.5744 5.5900 -1.7489 6.20 3.93 -6.49 170 259 265 285 211 
0.1160 0.7782 0.2616 0.5591 198.69 60.31 -106.00 13.67 5.48 -6.04 2.3200 1.0500 -6.6000 -1.9811 9.2078 1.8289 7.28 3.04 5.81 183 182 174 191 135 
-0.0255 0.2466 0.1159 0.9618 173.06 10.38 -6.81 2.05 3.02 -1.67 3.8200 3.0400 -10.4000 -3.5422 10.6989 2.3733 -6.77 -0.73 7.05 189 173 166 180 127 
-0.2639 -0.4887 -0.1581 0.8164 135.37 -67.44 -13.94 -16.60 4.23 4.01 -7.9100 0.9200 0.4300 -0.5700 0.4267 1.9011 -8.88 2.58 3.24 193 175 172 188 131 
-0.3948 -0.5500 -0.1168 0.7266 123.87 -62.13 -34.06 -8.64 3.14 5.08 -0.9000 -0.3300 0.1500 0.3933 -0.1133 0.0700 -8.57 2.69 3.91 198 180 175 188 134 
-0.3842 -0.5383 -0.0892 0.7448 126.31 -60.31 -33.56 -8.11 2.90 4.35 0.9000 -0.5100 -0.4700 0.0644 -0.1644 -0.1044 -8.51 2.57 4.13 197 183 177 191 136 
-0.3816 -0.5314 -0.0937 0.7505 126.25 -60.31 -32.56 -8.69 2.46 4.17 -0.4400 -0.4000 -0.0200 -0.0078 -0.1578 -0.0189 -8.53 2.63 4.05 197 184 177 192 137 
-0.3824 -0.5341 -0.0964 0.7478 126.12 -60.50 -32.25 -7.94 2.97 4.52 0.2000 -0.1400 -0.0300 -0.0589 0.0267 -0.0844 -8.51 2.52 4.15 197 185 179 193 137 
-0.3753 -0.5292 -0.0939 0.7552 127.31 -60.19 -31.06 -7.84 2.60 4.53 0.1400 -0.0100 0.3100 -0.2589 0.3333 0.0322 -8.53 2.52 4.10 197 184 177 194 138 
;
