0.9496 0.1279 -0.1924 -0.2117 25.12 18.06 -19.94 2.92 3.18 8.88 -0.0800 0.0200 0.1200 -0.0156 -0.0089 -0.0022 3.04 3.17 8.76 171 368 376 425 205 
0.9499 0.1269 -0.1917 -0.2119 25.12 18.06 -19.75 2.98 3.20 8.83 -0.0400 0.1000 0.0800 -0.0678 -0.0222 -0.0100 3.04 3.14 8.77 174 368 373 425 210 
0.9442 0.1534 -0.2075 -0.2047 24.12 23.25 -27.50 6.65 6.96 11.89 1.1600 0.7800 2.7000 1.4867 -4.4556 0.5100 5.82 4.88 6.19 171 343 355 375 213 
0.8628 0.1635 -0.4660 -0.1082 5.87 62.31 -30.00 5.44 0.77 4.24 -5.0600 -0.5700 2.0100 -1.1300 -5.7800 7.3178 9.39 -2.76 -0.49 184 318 308 348 215 
0.5328 -0.2072 -0.8088 0.1380 329.56 41.94 143.81 4.07 0.53 -1.45 -5.3500 3.7200 0.7300 -5.1056 -1.2533 -0.4378 5.36 -1.62 -8.05 192 275 260 333 219 
0.2635 -0.3654 -0.8848 -0.1188 44.25 34.19 -176.19 9.66 2.65 -13.67 3.3900 0.3700 -3.4100 0.5889 0.5022 0.1033 5.90 0.27 -7.82 192 284 269 335 219 
0.3024 -0.3510 -0.8773 -0.1251 43.63 38.56 -179.87 5.96 0.23 -6.31 -0.2700 0.3100 1.1600 -0.1222 0.1056 0.0522 6.18 0.00 -7.60 192 290 273 337 217 
0.3159 -0.3521 -0.8711 -0.1323 43.69 41.25 -178.62 7.26 0.64 -6.94 1.3100 0.5300 -0.2900 -0.0156 3.1822 -0.9978 7.82 0.58 -5.88 181 259 240 250 202 
0.5521 -0.2667 -0.7632 -0.2040 33.00 86.12 177.62 9.09 1.63 -4.50 -0.5000 1.4700 -2.5500 2.6856 5.4678 2.0567 8.56 -1.19 4.62 198 199 190 208 143 
0.8699 -0.1572 -0.4645 -0.0531 1.75 54.50 30.25 -2.72 -3.10 9.55 -12.3900 -2.1800 3.4600 -0.5478 -2.7022 0.5900 8.37 -3.83 3.36 200 173 179 181 126 
0.7797 -0.2413 -0.5775 -0.0194 8.88 70.81 58.06 13.70 5.48 -4.21 7.3200 6.6400 -7.8400 -0.7767 -0.3122 -1.7467 9.64 -1.33 1.16 201 174 181 186 131 
0.7349 -0.2056 -0.6323 -0.1334 19.94 79.00 46.31 9.11 -1.46 3.05 0.3400 0.1600 2.4200 -0.0011 0.4478 0.0111 9.60 -1.40 1.39 201 181 185 189 133 
0.7437 -0.2052 -0.6227 -0.1310 20.44 78.56 45.50 9.94 -1.07 0.94 -0.0200 0.1100 -0.5300 0.2322 0.0633 -0.0922 9.61 -1.35 1.37 203 183 187 191 135 
0.7453 -0.2083 -0.6176 -0.1404 21.62 78.31 43.31 9.96 -0.72 1.84 0.2600 0.5600 0.2500 -0.2867 0.1156 0.0467 9.59 -1.39 1.47 202 184 190 195 135 
;
0.7381 -0.2302 -0.6153 -0.1537 23.94 78.12 48.50 9.29 -1.70 1.60 0.7300 0.5500 0.9600 -0.1456 -0.4300 0.1389 9.60 -1.61 1.14 202 184 192 194 137 
0.7295 -0.2564 -0.6128 -0.1628 25.06 77.81 58.81 9.11 -1.13 0.78 -0.4700 0.8900 -0.5200 -0.4733 0.0544 -0.0456 9.58 -1.79 1.01 199 200 194 204 150 
0.7320 -0.2733 -0.5936 -0.1929 31.87 69.62 25.87 8.31 -0.61 -1.12 0.0500 1.8000 -4.1700 2.7211 7.4133 -0.6611 5.87 -0.18 7.85 186 300 250 283 183 
0.9610 0.0505 -0.0829 -0.2590 29.94 -2.44 -15.19 -5.07 2.47 8.67 -3.8400 -0.8400 -1.3600 1.1456 -0.7333 0.9333 -0.82 3.68 9.05 177 329 306 319 187 
0.9466 0.2070 -0.0479 -0.2425 29.75 -0.25 -22.94 -1.69 1.85 9.97 -0.4900 -1.3700 0.4100 -0.2822 -1.1178 -0.1733 0.42 3.35 9.20 175 331 303 313 189 
0.9471 0.1557 -0.1005 -0.2622 30.50 11.63 -21.19 -0.27 3.01 11.07 -2.0500 -1.2500 -0.1100 0.0289 -11.5344 4.7322 8.73 1.58 4.16 194 338 330 367 211 
0.6677 -0.1339 -0.7318 -0.0265 355.12 62.44 142.06 6.11 1.58 3.24 -5.4500 5.0600 4.1200 -5.3322 -3.1544 2.2178 6.27 -2.46 -7.12 194 301 292 360 217 
0.3052 -0.4280 -0.8481 -0.0658 53.69 34.81 173.50 8.10 1.70 -11.78 1.9300 1.0100 -4.3600 -0.5867 0.1444 -0.8033 5.88 -0.03 -7.84 192 296 295 356 219 
0.2946 -0.4109 -0.8539 -0.1231 51.00 37.31 176.75 6.57 -0.47 -6.32 -0.1400 0.1300 1.3600 -0.0767 0.2022 -0.0556 6.09 -0.50 -7.67 196 301 300 353 218 
0.3115 -0.4034 -0.8522 -0.1178 50.63 38.88 176.44 7.17 -0.31 -7.56 0.9100 0.2200 0.0000 0.0456 0.3889 0.0089 6.26 -0.48 -7.52 193 305 305 353 219 
0.3255 -0.3999 -0.8478 -0.1243 50.38 41.13 176.25 7.47 -0.19 -6.87 0.7600 0.3000 0.4000 -0.0056 0.5467 -0.1044 6.80 -0.40 -7.04 189 292 299 321 205 
0.4130 -0.3709 -0.8159 -0.1616 41.19 66.19 171.87 11.75 -0.14 -7.84 0.5100 -0.2500 -6.1200 2.9100 9.2267 -0.9989 9.47 -0.23 2.53 194 220 209 222 155 
0.8448 -0.0848 -0.4912 -0.1946 20.62 55.19 -9.44 7.56 2.07 11.84 -2.0100 1.3100 6.7900 0.4500 -1.4800 2.5367 8.31 0.12 5.19 198 183 189 190 129 
0.8472 -0.0784 -0.5250 -0.0226 2.44 65.25 26.44 -0.48 -1.14 4.30 -9.5900 0.3100 -0.9200 -1.1578 -2.5822 -0.4444 9.35 -2.37 1.73 201 175 183 186 129 
0.7669 -0.2108 -0.5933 -0.1241 21.62 76.69 40.50 16.15 1.03 -3.60 1.9400 1.2700 -3.3800 0.2944 0.3433 0.0278 9.55 -1.40 1.71 202 178 188 189 131 
0.7580 -0.2050 -0.6017 -0.1463 22.12 75.75 31.81 10.68 -1.30 2.84 0.8800 0.1400 0.8900 0.0078 0.5011 -0.0111 9.47 -1.25 2.20 201 181 191 192 132 
0.7667 -0.2024 -0.5904 -0.1505 22.25 74.87 30.69 8.83 -0.99 2.40 -0.3500 0.3400 0.0600 0.0044 -0.0267 -0.0611 9.47 -1.29 2.17 203 182 192 192 133 
;
