-0.1028 -0.1215 0.2925 0.9429 167.50 -9.69 -35.75 -1.73 5.67 7.80 -0.0800 0.0000 -0.0200 0.0022 -0.0100 -0.0044 -1.65 5.65 7.83 187 381 386 434 229 
-0.1027 -0.1210 0.2925 0.9430 167.56 -9.63 -35.75 -1.72 5.64 7.85 -0.0900 0.0000 -0.0400 -0.0056 -0.0222 -0.0078 -1.63 5.64 7.84 187 380 386 436 230 
-0.1008 -0.1104 0.2942 0.9440 167.62 -5.06 -36.00 -1.86 9.80 13.52 3.3500 9.0400 9.2000 1.2778 -9.7289 2.9711 4.60 5.95 6.28 206 350 349 371 227 
-0.1465 0.4672 0.3604 0.7939 149.00 76.19 -69.06 5.44 -0.35 0.13 -5.3000 -0.2000 1.4400 0.7856 -6.5333 7.0589 8.41 -3.19 -3.89 205 302 278 317 210 
-0.3283 0.8872 0.1647 0.2793 162.06 28.75 144.19 1.76 -1.52 2.96 -4.5900 3.8600 12.3100 -2.5078 -0.2933 1.3256 3.10 -3.86 -8.46 207 301 276 334 229 
-0.1108 0.9878 0.0740 0.0804 172.25 9.25 175.44 3.52 4.00 -21.22 2.6400 3.6200 -10.8200 -0.7844 0.8711 0.1733 1.66 0.39 -9.65 209 309 297 345 233 
0.0104 0.9937 0.0653 0.0911 172.37 10.50 -178.31 3.52 -0.37 -9.79 0.7800 -0.3000 0.2400 0.2011 1.2344 -0.0722 2.57 0.17 -9.46 209 312 302 345 232 
-0.0055 0.9861 0.0695 0.1507 172.50 20.25 -178.69 8.84 2.30 -12.10 8.7300 4.0700 -4.6900 -1.2700 8.9078 1.9322 7.68 0.25 -6.08 195 355 254 253 191 
0.0090 0.6610 -0.0887 0.7451 184.12 49.94 21.62 -1.71 1.06 -2.26 -14.6200 -2.4300 -9.4400 -4.5822 1.6189 0.7178 1.28 -6.98 6.75 204 417 191 192 148 
0.1512 -0.0263 -0.4414 0.8841 200.56 4.12 54.38 3.10 -4.88 2.23 4.2800 3.1800 -3.4300 0.2989 1.0967 -0.0344 0.58 -7.97 5.67 207 413 183 193 145 
0.1736 -0.0556 -0.4377 0.8804 201.94 3.12 49.81 3.23 -0.99 3.89 2.6200 6.2100 -2.6000 3.1600 -0.2867 0.2967 0.51 -6.05 7.69 206 411 184 193 145 
0.1432 -0.0074 -0.2484 0.9579 193.06 4.62 23.62 10.29 -5.51 21.40 6.4700 -3.9000 11.8400 0.6244 -3.0978 3.2933 1.77 -3.52 8.97 205 406 185 194 143 
-0.1135 0.1553 -0.2127 0.9580 161.31 17.12 31.69 -1.48 -6.45 14.23 -3.5100 1.2000 5.9100 -2.9800 -1.1400 2.5444 2.65 -7.17 6.13 209 406 190 196 144 
-0.2520 0.2583 -0.4047 0.8403 145.81 11.00 60.75 -4.23 -4.77 5.60 -4.8800 4.4900 2.1400 -2.1556 2.4633 0.2533 1.00 -9.16 3.32 211 409 192 197 145 
-0.1426 0.1641 -0.5671 0.7944 165.44 5.69 73.06 -2.73 -0.78 1.90 -3.2900 9.0700 -0.3700 0.6578 2.2967 -2.0544 1.63 -9.10 3.24 210 410 193 201 147 
0.0832 0.0720 -0.5459 0.8306 196.50 14.19 62.63 10.04 -0.56 5.51 7.6900 7.1500 0.2900 2.7800 1.1778 -2.0422 3.04 -7.07 6.06 210 409 195 201 149 
0.2183 0.0938 -0.3616 0.9016 205.19 18.81 36.13 -1.63 -17.67 15.09 -3.3000 -10.6800 6.6900 0.8944 -1.4400 -0.4478 3.73 -4.77 7.71 209 401 196 203 149 
0.1736 0.1448 -0.2860 0.9312 200.00 21.50 30.00 2.75 -1.88 5.40 -0.3000 3.3300 -3.8600 1.5678 0.7644 0.6700 3.09 -3.79 8.49 193 310 217 227 180 
0.1155 0.1063 -0.1464 0.9767 190.19 9.06 7.37 -0.86 0.73 6.97 -1.1400 5.4200 6.3600 5.5222 1.6556 2.0311 0.22 2.83 9.38 191 308 313 328 202 
;
-0.0266 -0.0103 0.1819 0.9829 176.69 -0.19 -22.44 -4.45 5.11 17.68 -2.8100 1.2700 7.5000 0.8778 -0.1367 -0.1589 0.06 4.48 8.72 191 318 304 325 203 
-0.0247 -0.0052 0.2347 0.9717 176.81 1.12 -27.44 0.39 5.00 9.79 -0.4100 0.2000 1.4100 -0.0667 -0.5356 -0.2389 0.45 4.56 8.66 188 327 311 330 204 
-0.0161 0.0823 0.2601 0.9619 176.81 20.44 -34.56 8.76 9.87 8.41 11.5200 4.3100 -0.1200 3.7244 -8.8522 6.1300 8.83 3.86 1.76 206 350 349 393 217 
-0.2557 0.7046 0.3129 0.5833 106.44 64.50 142.31 5.63 -1.64 0.16 -2.1200 3.9900 5.8700 2.7000 -3.1556 5.4344 5.29 -6.96 -4.42 212 358 357 412 223 
-0.4672 0.8504 0.1677 0.1746 46.94 26.81 130.12 -1.82 -0.37 -0.33 -5.7800 5.3200 6.3200 -7.8556 -2.1589 -1.2500 3.72 -1.76 -8.89 193 293 292 373 235 
-0.0065 0.9692 0.1812 0.1667 158.62 18.06 -171.87 3.72 6.83 -18.16 2.4400 4.0600 -7.9400 -0.4567 -0.8722 0.0089 2.10 2.38 -9.27 195 311 308 380 236 
0.0876 0.9703 0.1842 0.1302 158.87 12.31 -168.25 2.22 1.23 -9.68 1.2500 0.0300 -1.0400 0.5500 -0.3444 0.4700 2.08 1.68 -9.43 196 315 308 381 236 
0.0584 0.9755 0.1708 0.1262 160.37 13.44 -171.00 2.79 2.13 -8.76 -0.7200 0.4800 0.8000 -0.3478 0.3944 -0.1100 2.55 1.72 -9.30 195 308 314 377 237 
0.0821 0.9659 0.1567 0.1891 163.12 24.00 -165.06 13.28 6.90 -12.20 8.8100 5.8500 -5.7700 -2.5356 11.7933 4.1989 9.35 1.58 -2.49 196 335 261 255 162 
0.1027 0.5450 -0.1445 0.8195 194.19 46.13 30.81 1.12 -3.49 -0.69 -5.9800 2.2900 -4.8200 -7.1056 7.0567 2.9411 1.37 -7.94 5.57 201 409 201 209 157 
0.1689 -0.0384 -0.4937 0.8522 204.75 5.06 61.19 4.67 -5.00 2.62 2.6500 5.4300 0.4600 0.1600 0.6378 -0.1711 0.63 -8.56 4.73 204 412 197 206 153 
0.2035 -0.0826 -0.4977 0.8391 207.50 4.12 59.75 3.17 -3.02 1.47 1.6900 5.6600 -3.7700 1.8189 0.1400 0.0489 0.71 -7.78 5.92 204 410 195 201 151 
0.2095 -0.0400 -0.3815 0.8994 204.87 5.31 39.88 7.45 -4.81 12.29 6.8700 0.7800 5.0200 3.0756 -1.6989 1.2067 1.29 -4.48 8.62 205 405 200 203 150 
0.0926 0.0797 -0.2006 0.9720 186.37 14.25 20.50 5.84 -8.22 20.45 2.3500 -5.4800 11.8600 -0.8300 -3.3967 2.7856 3.80 -4.13 8.03 205 405 202 207 150 
-0.1300 0.2656 -0.2549 0.9207 159.75 24.94 42.25 -3.68 -3.18 11.43 -8.7600 2.9000 2.6100 -2.7622 0.1944 1.4100 3.35 -7.69 5.07 203 400 196 204 149 
-0.1770 0.2834 -0.4434 0.8317 158.87 16.87 64.69 -2.59 -3.19 5.97 -4.3200 5.6000 2.6600 -1.5067 2.2556 -1.3411 3.03 -8.68 3.38 205 403 203 208 152 
0.0183 0.2053 -0.5394 0.8165 188.06 22.25 68.25 6.39 -1.57 2.52 2.4400 7.3000 -0.9600 0.1189 2.0811 -1.7344 4.28 -7.84 4.03 206 401 203 210 153 
0.2036 0.1638 -0.4793 0.8378 209.12 28.06 53.75 8.29 -2.71 2.72 5.1200 3.7500 -2.2400 2.6722 0.6256 -1.1667 4.78 -5.31 6.71 213 408 213 226 170 
0.2617 0.1954 -0.2935 0.8984 211.69 30.69 26.50 8.52 -6.77 11.50 2.5200 -3.1700 3.3900 1.8633 -1.0233 0.7178 5.17 -2.82 7.83 215 410 210 222 164 
0.2026 0.2455 -0.2018 0.9263 204.50 33.88 18.50 5.46 -2.31 8.40 -0.7800 0.1000 0.2800 0.0211 0.2433 0.2933 5.41 -2.61 7.74 214 413 218 224 167 
;
0.1945 0.2500 -0.1907 0.9291 203.44 31.75 17.06 4.56 -1.77 4.30 -0.4400 0.6300 -4.6200 1.7333 0.8711 0.7322 4.36 -1.58 8.63 204 335 241 263 193 
0.1158 0.1802 -0.0455 0.9757 189.94 19.00 -0.81 0.58 2.83 10.04 -3.8800 2.1500 1.7700 4.2456 1.0711 0.1878 2.51 3.10 8.95 202 277 252 224 151 
0.0239 0.1280 0.2043 0.9702 182.12 10.69 -28.62 -0.60 5.22 7.18 -3.5200 -0.1500 -5.9000 -0.4589 -0.1422 0.2167 1.98 4.25 8.61 191 287 245 234 161 
0.0124 0.0957 0.2228 0.9701 181.37 11.19 -26.31 0.71 4.21 7.98 -2.9500 -0.0400 1.7200 1.2256 -1.3433 0.3989 2.92 4.90 7.97 200 316 307 318 209 
0.0156 0.2664 0.3134 0.9114 180.31 40.94 -53.69 15.40 5.46 1.44 7.1900 -1.0100 0.4700 4.1333 -5.1722 6.5078 9.41 2.42 -1.26 225 367 359 422 240 
-0.2867 0.7730 0.3109 0.4728 97.56 53.88 145.50 3.52 -0.58 1.66 -2.9200 3.3700 7.5100 -3.8267 -2.5444 2.1722 5.60 -3.69 -7.14 218 318 340 399 238 
-0.1138 0.9604 0.1648 0.1939 161.94 22.12 175.25 -2.28 3.68 -6.68 -4.3700 4.4800 1.5600 -3.4622 -2.1578 -0.7589 2.53 2.39 -9.16 212 316 337 393 246 
0.1538 0.9626 0.1612 0.1538 161.06 12.69 -159.06 2.20 2.29 -11.65 0.4000 -1.0400 -1.7700 0.5478 -0.5111 -0.0978 2.17 3.32 -8.96 213 323 340 393 247 
0.1487 0.9652 0.1614 0.1420 161.12 13.19 -161.00 3.06 3.38 -8.47 0.0400 0.1900 0.7100 0.3578 0.2578 0.1067 2.40 2.85 -9.06 213 325 339 390 247 
0.1244 0.9662 0.1578 0.1616 161.56 17.25 -162.06 9.24 7.16 -11.19 7.1300 4.0600 -4.0400 -0.5300 5.1833 1.8533 5.84 2.85 -7.34 210 324 325 357 239 
0.0872 0.7994 0.0422 0.5930 194.62 78.81 -28.37 4.30 4.32 -1.15 0.9600 4.0600 -5.2300 -9.8444 12.4878 2.3489 3.27 -4.77 7.91 211 421 210 217 158 
0.2305 0.0186 -0.4144 0.8802 211.44 10.69 54.69 1.10 -4.22 -0.47 3.2500 5.4400 -4.7700 -1.9867 0.5011 0.1378 1.52 -8.78 4.08 218 421 212 220 162 
0.2448 -0.0618 -0.5442 0.8000 214.62 9.81 66.12 0.85 -6.11 1.09 0.6200 2.8700 -2.5000 1.0144 -0.5178 -0.4133 1.94 -8.52 4.44 230 428 222 232 173 
0.2556 -0.0311 -0.4899 0.8329 213.37 11.06 55.75 4.19 -2.16 2.94 2.9400 5.4900 -2.1500 3.5200 -0.5722 0.7767 1.81 -6.25 7.33 241 431 235 244 190 
0.1919 0.0505 -0.2786 0.9397 201.00 12.19 27.62 6.71 -4.14 12.91 3.9200 -1.2000 4.9800 2.5378 -2.0233 2.1322 2.95 -2.85 8.90 227 418 226 230 171 
0.0148 0.2179 -0.1385 0.9660 177.37 27.81 18.75 4.29 -5.41 15.55 -0.6800 -2.0900 7.6000 -1.2800 -1.9944 2.9444 5.09 -4.47 7.08 223 416 223 227 168 
-0.1694 0.3285 -0.2651 0.8906 156.25 28.31 47.38 -1.36 -4.99 8.58 -4.2800 1.9900 2.9800 -2.5356 0.7044 0.9078 3.99 -7.65 4.63 222 413 222 228 167 
-0.1568 0.3117 -0.4500 0.8221 161.25 21.62 66.81 0.68 -2.31 3.68 -3.9700 5.7900 -0.0200 -1.5567 2.0389 -1.3167 3.91 -8.45 3.05 222 415 222 228 168 
0.0152 0.2676 -0.5229 0.8091 187.62 28.19 68.37 5.81 -1.71 1.37 1.1300 5.8100 -1.9300 0.5411 2.2467 -1.6989 5.07 -7.27 4.17 223 415 223 230 168 
0.2006 0.2131 -0.4415 0.8482 209.69 33.06 46.44 10.83 -2.19 5.17 6.1000 2.9600 -0.3800 2.2900 1.0578 -1.3856 5.54 -3.90 7.08 240 435 247 251 194 
0.2637 0.2347 -0.2386 0.9047 211.37 33.00 19.69 8.65 -3.45 10.60 3.4800 0.1600 2.8700 1.5700 -0.1822 0.8467 5.39 -1.90 7.96 245 434 246 252 193 
0.1880 0.2725 -0.1431 0.9327 200.87 34.88 10.31 5.62 -2.50 8.60 -0.9200 -0.7700 1.9400 0.8322 -0.2122 0.8311 5.76 -1.18 7.84 244 432 246 253 192 
;
