0.2288 -0.0564 0.2346 0.9431 207.25 -12.31 -25.25 -2.07 4.05 8.69 0.0300 0.0200 0.0500 0.0022 -0.0067 0.0022 -2.10 4.08 8.66 157 313 316 330 192 
0.2286 -0.0569 0.2347 0.9431 207.19 -12.38 -25.25 -2.04 4.13 8.69 0.0600 0.0300 0.0100 -0.0033 0.0144 0.0056 -2.10 4.08 8.66 158 310 316 326 191 
0.2314 -0.0362 0.2349 0.9434 208.62 -4.56 -26.31 -0.51 4.72 9.86 0.8600 0.5600 3.1900 2.3533 -3.6289 1.3478 2.79 5.54 7.58 160 307 300 336 204 
0.1494 0.4255 0.3024 0.8398 194.25 47.88 -64.06 17.16 6.29 -2.04 5.1400 -0.4900 -1.3200 2.8922 -4.5878 7.3600 9.57 0.70 -1.98 172 296 299 355 209 
-0.2572 0.7894 0.1726 0.5301 119.31 62.63 135.81 1.49 -1.17 1.00 -6.3600 3.7100 5.5900 -0.2711 -1.6500 3.5100 6.73 -5.58 -4.42 179 283 292 355 219 
-0.3373 0.8742 -0.0002 0.3494 97.25 35.44 137.19 -0.28 -1.64 -0.90 -4.6600 3.5100 4.5600 -4.9700 -2.5789 0.4522 4.28 -3.03 -8.28 181 294 303 367 219 
-0.0311 0.9799 -0.1061 0.1663 192.44 16.50 179.94 4.82 3.20 -18.60 0.8700 2.0900 -8.3600 -0.7200 0.5378 -0.5844 2.89 1.06 -9.30 182 300 303 364 218 
0.0652 0.9819 -0.0848 0.1565 189.50 19.19 -174.31 3.13 0.07 -8.41 -0.1300 -0.6100 0.8500 0.1744 0.4356 -0.1533 3.51 0.79 -9.12 182 299 310 358 219 
0.0562 0.9781 -0.0746 0.1861 188.62 22.25 -174.94 2.84 1.34 -9.34 -1.0400 0.5100 -0.2800 0.0622 0.6456 -0.0722 4.05 0.72 -8.89 183 302 309 369 221 
0.0524 0.9711 -0.0654 0.2234 187.31 27.25 -175.19 5.23 2.58 -9.04 3.2600 4.1000 -0.8800 -0.9911 2.3344 0.0478 5.96 1.14 -7.70 169 278 267 287 206 
0.1147 0.8853 -0.1284 0.4320 208.94 60.50 -173.00 12.71 1.64 -5.34 2.5000 1.8300 -2.9700 -4.2044 10.3911 4.0722 9.19 -2.39 2.42 179 328 152 184 128 
0.2602 0.3048 -0.4894 0.7745 216.00 34.94 68.87 0.16 -5.08 -5.72 -4.2800 4.2300 -7.4200 -0.6844 2.5611 0.8733 3.46 -8.59 3.21 189 377 171 185 136 
0.3134 -0.0430 -0.5500 0.7729 226.19 13.75 62.44 4.55 -3.53 2.39 3.8000 5.4100 -2.3600 3.0033 1.8633 -0.4933 1.98 -7.24 6.29 192 389 185 194 142 
0.3990 -0.0684 -0.3400 0.8488 230.37 7.75 31.69 7.70 -0.52 12.22 5.7400 2.8300 3.1000 3.6311 0.9078 1.4078 0.84 -2.61 9.41 195 395 183 195 143 
0.3313 0.0113 -0.0807 0.9400 213.44 3.44 6.06 1.31 -0.55 14.92 1.9200 0.2500 5.0200 1.2756 -0.9978 3.4922 1.07 -0.30 9.74 196 396 190 198 145 
0.0753 0.0666 -0.0370 0.9943 184.06 10.13 5.87 -1.90 -2.92 14.98 -3.5200 -0.7400 5.1400 -2.6011 -0.6822 1.8467 2.17 -2.85 9.12 195 397 191 200 146 
-0.0592 0.1324 -0.2102 0.9669 172.37 12.75 30.56 -0.15 -2.92 7.07 -2.4500 2.8000 -1.6600 -2.9989 0.8722 -0.2511 1.71 -6.61 7.03 195 398 194 202 147 
-0.0021 0.0949 -0.4091 0.9076 183.44 10.00 51.75 0.22 -2.22 4.54 -1.5800 5.9700 -1.4600 -1.3100 1.3544 -2.1789 2.45 -7.88 5.29 195 398 196 202 148 
0.2133 0.0549 -0.4733 0.8529 213.87 18.94 53.31 3.71 -1.61 3.15 1.1700 5.6800 -2.4600 1.3111 1.7167 -2.6578 3.71 -6.22 6.60 194 397 195 203 148 
0.4193 0.0511 -0.3408 0.8399 235.00 20.87 29.69 9.56 -0.77 9.71 6.7400 3.7500 2.7000 2.4700 0.6367 -0.3289 3.22 -2.82 8.82 194 399 197 205 147 
0.4391 0.1070 -0.1628 0.8771 231.81 19.56 9.94 3.41 -5.91 14.55 -1.0200 -4.9300 6.0400 0.5956 -0.9733 0.4878 3.89 -1.13 8.92 192 396 201 210 152 
0.3824 0.2004 -0.1566 0.8883 225.81 30.69 8.25 6.28 -1.00 5.22 0.4000 0.6900 -1.9500 1.5667 -3.3811 1.0789 7.06 -0.76 6.75 166 368 206 210 152 
0.2546 0.4042 -0.1356 0.8680 210.50 51.75 -0.25 6.23 1.68 1.19 -1.0800 1.7400 -4.7400 2.9822 0.6000 -0.7411 7.71 2.01 5.71 129 371 189 196 144 
0.1805 0.4834 0.0891 0.8519 202.31 50.25 -42.88 11.48 9.20 -1.43 3.5400 4.4700 -5.3600 5.7822 1.5733 -0.7611 6.64 6.47 3.18 126 376 192 197 144 
0.0023 0.4343 0.4813 0.7614 172.00 41.13 -84.56 11.14 14.09 3.54 4.6500 7.2700 4.8500 3.9867 1.6833 1.8422 7.24 6.55 -0.86 135 373 195 200 146 
-0.2626 0.4061 0.6258 0.6119 127.75 60.75 -100.37 6.46 8.18 1.86 -3.3200 3.5400 1.4200 -2.3189 1.9311 2.6900 9.36 2.78 0.88 133 371 197 201 148 
-0.3840 0.5164 0.3804 0.6642 120.87 80.00 4.94 0.23 1.69 -0.46 -9.1600 3.2000 -1.8800 -5.7667 -1.5100 2.5778 9.44 -2.62 -0.01 132 377 199 205 146 
-0.1880 0.7478 0.0192 0.6364 160.56 76.62 128.62 5.58 1.11 -8.68 -2.2300 2.8500 -7.4900 -1.7689 1.6200 -5.0000 9.57 2.10 -0.22 128 374 198 205 148 
0.1282 0.6683 0.1780 0.7108 201.56 59.06 -83.62 13.46 8.69 -2.55 4.4600 2.9900 -2.4200 4.2456 3.0344 -2.7822 6.60 7.24 0.26 131 378 201 205 150 
0.0427 0.5226 0.5198 0.6744 182.81 41.75 -99.37 8.51 9.03 1.83 0.6500 1.0300 3.6200 1.7522 0.1133 1.3544 7.11 6.40 -2.13 142 383 203 205 151 
-0.0925 0.5447 0.5776 0.6010 160.94 50.88 -113.50 5.73 5.05 -0.91 -2.3300 -0.8300 0.6500 -0.5444 0.1800 0.3800 7.86 5.55 -1.84 141 382 204 207 150 
-0.0924 0.5538 0.5175 0.6457 164.81 54.44 -103.50 8.18 4.83 -2.51 -0.0400 -0.6100 -0.9300 -0.5789 -0.2611 0.2967 8.10 5.37 -1.23 149 374 204 209 150 
;
