0.0653 -0.0255 -0.3078 -0.9489 172.06 5.06 -35.63 0.80 5.77 7.79 -0.0700 0.0700 -0.0600 -0.0022 -0.0056 -0.0011 0.86 5.69 7.93 164 363 351 379 216 
0.0653 -0.0256 -0.3078 -0.9489 172.06 5.06 -35.63 0.75 5.76 7.84 -0.0800 0.0600 -0.0600 -0.0011 -0.0011 0.0011 0.86 5.69 7.93 163 360 348 379 215 
0.0649 -0.0249 -0.3077 -0.9489 172.25 5.00 -35.56 0.63 5.84 8.05 -0.2200 0.0000 0.1200 0.0022 -0.0700 -0.0078 0.89 5.67 7.94 163 358 347 378 216 
0.0627 -0.0262 -0.3077 -0.9490 172.37 4.94 -35.69 0.66 5.91 8.71 -0.1200 0.5100 3.3000 0.6522 -0.6856 -0.3856 1.12 5.89 7.75 156 298 282 318 217 
0.0263 -0.0951 -0.3392 -0.9355 176.19 15.25 -46.00 1.91 9.53 7.25 -1.3500 2.7500 -2.0300 6.4556 -1.9667 3.3789 4.67 8.20 2.64 173 308 319 361 218 
0.2369 -0.3226 -0.6182 -0.6765 126.06 59.38 -101.37 7.47 2.39 -2.24 -1.5300 0.4100 1.2300 2.0511 -1.8467 7.9178 9.15 -1.69 -3.08 180 300 325 352 219 
0.4778 -0.6991 -0.4432 -0.2941 63.44 51.56 130.50 -2.87 -2.50 0.51 -10.5900 2.0700 4.5300 -5.8356 -3.6633 3.7078 5.25 -4.37 -7.02 195 259 249 298 222 
0.1770 -0.9532 -0.1821 -0.1640 161.50 17.25 168.62 0.04 3.88 -11.01 -0.5200 4.2700 -3.0300 -2.8456 -0.4033 0.2722 1.44 0.84 -9.66 192 262 236 321 226 
-0.0891 -0.9882 -0.1078 -0.0621 167.62 5.25 -168.19 1.92 1.42 -13.52 -0.1200 -0.9400 -2.8200 0.3467 0.2411 -0.5000 1.14 1.77 -9.57 193 271 249 321 226 
-0.0728 -0.9835 -0.1436 -0.0833 163.06 8.88 -170.75 0.86 2.68 -7.34 -0.9200 1.3200 2.2900 -0.1367 -0.1911 0.1933 1.45 1.48 -9.58 190 270 254 321 225 
-0.0734 -0.9825 -0.1473 -0.0873 162.69 8.31 -169.06 -0.37 2.01 -8.62 -1.0700 -0.0800 0.2600 -0.6322 -0.7178 0.0422 0.96 2.36 -9.46 190 272 250 312 225 
-0.1292 -0.9808 -0.1379 -0.0477 164.81 2.12 -163.25 0.50 3.42 -16.76 1.1300 1.2200 -7.8500 -0.8922 0.4833 0.1667 0.58 3.44 -9.16 185 271 250 311 224 
-0.1666 -0.9705 -0.1325 -0.1129 166.87 12.56 -162.12 1.64 9.15 -15.60 -1.2100 6.4800 -6.3500 3.9867 0.6911 3.9000 3.15 -0.51 -9.27 197 333 310 348 217 
0.2789 -0.9389 -0.0160 -0.2012 59.38 28.31 121.75 1.80 4.85 -3.85 -4.0600 11.5700 -2.6300 5.2722 5.4678 0.9144 4.14 -8.72 1.68 202 411 337 421 219 
0.7421 -0.5712 0.0472 -0.3476 49.31 16.81 64.31 -4.51 -1.76 5.12 -6.6500 5.4800 0.4400 0.7467 -0.2400 0.1967 2.47 -8.14 4.87 199 413 349 419 219 
0.7809 -0.4990 0.0688 -0.3696 51.06 16.00 60.06 1.31 -8.17 4.42 -0.1600 -0.0300 0.2800 -1.1278 -0.7967 -0.0722 3.11 -8.50 3.75 197 398 350 389 217 
0.7328 -0.5785 0.0439 -0.3554 57.94 23.44 72.75 8.96 -4.65 2.16 6.9500 4.0500 -0.2900 -2.4700 5.5800 -3.5811 5.28 -7.68 3.02 154 307 320 351 214 
0.4218 -0.4661 0.2531 -0.7353 130.00 20.94 58.06 4.75 -6.56 7.03 2.7300 1.3300 1.4500 -2.2400 3.7389 0.1178 1.75 -8.63 4.30 179 348 339 369 213 
0.2170 -0.2515 0.5421 -0.7719 150.37 8.63 79.25 3.69 -8.50 -8.24 -0.2700 1.7300 -10.9600 -2.2189 -0.5067 -0.5400 1.80 -9.63 -0.07 170 372 350 401 218 
0.1705 -0.2633 0.6226 -0.7169 150.12 8.69 74.75 3.07 -1.34 -14.50 3.8600 10.3800 -9.6400 10.0578 -1.6900 -0.9056 2.48 -5.04 8.03 170 382 335 398 221 
0.3726 -0.1840 0.0394 -0.9088 134.69 19.00 10.19 3.45 9.72 33.31 0.5100 10.0700 21.3600 -3.4478 0.2111 -0.9244 3.66 -3.22 8.50 172 385 364 403 221 
0.2916 -0.2941 0.2003 -0.8879 147.44 21.44 43.19 5.89 -0.11 2.09 4.7200 6.2700 -7.0800 -6.0756 0.6667 0.7333 2.79 -8.76 3.40 170 384 367 413 220 
0.1537 -0.2896 0.5953 -0.7336 154.62 11.94 86.62 1.77 -5.50 -15.96 -1.8600 4.0600 -15.3500 3.1000 0.6856 -0.4456 2.20 -9.25 2.39 169 366 359 405 220 
0.1614 -0.2092 0.4396 -0.8585 156.94 12.81 47.19 11.90 8.36 21.81 5.4200 12.3000 14.7200 0.6389 -2.0422 0.3289 4.05 -3.59 8.17 170 360 342 391 220 
0.2922 -0.3156 0.1321 -0.8931 142.75 30.75 31.69 5.59 -3.71 12.10 0.1900 0.7200 4.4600 -0.1056 1.1300 -0.5656 4.86 -4.49 7.22 173 354 360 392 219 
;
