-0.0656 0.1201 0.3594 0.9231 171.87 15.56 -42.25 2.72 6.39 6.99 0.0600 0.0400 0.0000 -0.0056 0.0044 0.0011 2.63 6.35 6.98 157 348 359 402 211 
-0.0656 0.1201 0.3594 0.9231 171.87 15.56 -42.25 2.69 6.40 6.95 0.0400 0.0600 -0.0400 0.0000 0.0033 -0.0011 2.63 6.35 6.99 157 350 361 400 212 
-0.0656 0.1201 0.3594 0.9231 171.81 15.56 -42.25 2.59 6.47 6.95 -0.6500 0.2800 -0.0100 0.0656 -0.1956 0.0422 2.65 6.37 6.96 157 347 359 400 210 
-0.0640 0.1093 0.3644 0.9226 171.62 14.63 -43.63 0.66 6.77 9.78 0.2300 1.5100 4.5600 1.7767 -2.4622 0.5844 3.77 7.00 5.73 160 317 320 362 211 
-0.0799 0.2578 0.4661 0.8426 164.81 36.81 -68.94 13.92 11.38 0.08 4.8500 2.0100 -2.5200 3.8178 -0.4689 5.9044 8.58 4.74 -0.25 167 298 332 326 205 
-0.3895 0.5417 0.5270 0.5264 94.00 77.12 159.56 2.45 -1.28 0.45 -5.9700 1.4100 4.0300 -1.2800 -3.1411 5.1800 7.71 -4.36 -4.19 174 283 283 309 212 
-0.4077 0.8261 0.3306 0.2050 46.69 30.81 140.12 2.02 -0.90 -0.06 -1.6200 4.3300 7.3600 -4.4600 -0.9656 1.1267 3.53 -3.43 -8.47 180 280 276 329 220 
-0.0920 0.9600 0.2405 0.1094 153.19 10.44 -178.19 1.21 8.09 -30.66 3.0600 1.1000 -19.3600 0.2811 -0.5900 0.6189 0.96 1.90 -9.57 182 290 291 340 222 
0.0575 0.9743 0.2036 0.0773 155.31 8.13 -172.75 2.08 0.15 -6.87 1.2300 -0.8300 2.1200 -0.4789 0.1844 -0.2767 1.63 1.48 -9.55 180 293 296 343 221 
0.0586 0.9675 0.2224 0.1047 154.37 10.13 -170.69 0.50 1.79 -9.95 -1.0900 0.3500 -0.6900 0.0033 0.2967 -0.2889 1.91 1.60 -9.48 179 288 291 342 220 
0.0547 0.9521 0.2559 0.1584 147.37 24.06 -166.12 13.76 4.42 -13.77 3.3200 1.3400 -5.4400 -0.5211 10.3122 -0.3022 9.01 2.77 -2.66 167 311 231 238 194 
-0.0432 0.6134 0.2488 0.7484 175.81 63.31 -51.75 1.44 -0.81 -3.11 -6.2200 -2.8300 -6.4900 1.8944 3.0822 -1.8456 7.23 4.80 4.55 123 351 178 182 153 
-0.0606 0.3505 0.3823 0.8528 167.62 38.50 -58.25 10.94 11.59 0.72 3.9500 5.1100 -2.8800 4.9456 1.0300 1.3500 6.35 7.22 1.91 117 359 185 192 158 
-0.2610 0.2762 0.6443 0.6636 127.00 48.31 -93.87 12.00 10.86 4.37 3.8600 4.5700 5.9300 1.8956 0.8056 3.1544 8.64 4.48 -1.12 122 360 188 199 160 
-0.4853 0.3259 0.6265 0.5155 91.00 74.56 -67.31 0.63 4.40 3.87 -10.4200 1.7700 1.5100 -4.1522 0.8656 2.5033 9.50 -0.03 2.42 124 363 192 200 159 
-0.5152 0.5070 0.3565 0.5920 104.37 76.19 27.94 -1.33 0.19 -2.36 -7.7300 2.8100 -5.2300 -2.3222 -1.2367 -3.5456 9.70 0.76 1.21 121 361 193 202 161 
-0.2236 0.5168 0.3503 0.7485 154.25 61.50 -58.50 10.53 9.60 -7.71 5.5400 5.6300 -7.6000 2.1200 -0.8089 -2.5756 7.56 6.14 1.07 119 357 195 204 162 
-0.1113 0.4401 0.5545 0.6974 159.94 46.44 -93.69 10.14 9.50 -0.34 3.7100 2.8800 1.9500 2.9956 -1.6700 0.6200 7.07 6.28 -2.57 124 348 195 208 162 
-0.1757 0.4376 0.6811 0.5601 145.25 46.81 -119.62 10.51 8.90 1.79 2.9500 2.8800 4.9000 -1.6000 -1.2756 1.1989 7.42 5.44 -3.37 156 358 193 200 157 
-0.1509 0.5809 0.6106 0.5167 141.81 51.56 -144.25 13.85 3.77 -9.33 2.8200 -0.2800 -4.6700 1.4556 1.6789 1.8822 8.39 1.61 -4.80 113 372 200 208 158 
-0.3196 0.6331 0.5411 0.4519 103.25 71.19 -173.19 3.24 -1.24 -6.84 -4.4100 -0.5300 -2.8600 2.3311 2.9544 0.4567 9.72 -0.44 -1.14 112 378 208 210 160 
-0.5499 0.4800 0.5053 0.4603 77.94 84.56 3.19 5.81 1.92 2.12 -4.8900 1.5600 0.7600 1.0400 1.8522 -0.0722 9.50 -0.23 2.40 108 382 209 211 163 
-0.6426 0.3691 0.4874 0.4619 70.50 74.44 3.31 7.34 1.33 2.58 -1.4900 1.9900 0.3500 -0.1900 0.3011 -0.4411 9.35 0.09 2.94 108 387 212 213 164 
-0.6470 0.3431 0.4732 0.4897 76.06 70.37 -3.19 10.00 2.51 1.73 0.5500 2.6100 -1.3900 -1.0656 0.4867 -0.3200 9.09 0.12 3.66 113 388 214 213 162 
-0.6239 0.3683 0.4200 0.5464 81.56 69.50 5.81 10.16 -0.25 0.90 0.9300 0.4900 -0.4300 -1.3300 -0.2522 0.8089 9.22 -1.23 3.09 116 382 211 215 165 
-0.5828 0.4484 0.3534 0.5782 93.69 68.69 16.94 8.33 -5.71 4.19 -0.0600 -4.3400 0.0200 -1.3156 -0.2822 -0.8500 9.26 -0.85 3.08 118 385 213 215 165 
-0.4975 0.4838 0.3240 0.6430 105.37 70.56 10.19 8.23 -1.35 2.80 -1.3000 -0.6600 -0.3000 0.2456 -0.0100 0.2200 9.22 -0.59 3.27 118 387 211 218 165 
-0.5037 0.4830 0.3245 0.6385 102.62 72.12 15.56 5.38 0.35 2.68 -3.2400 1.2600 0.1700 -1.5289 1.6311 -1.6811 9.27 -0.32 3.17 144 372 214 225 170 
;
