-0.1601 0.2651 0.2486 0.9178 157.44 33.75 -26.44 0.48 1.89 5.03 -4.3600 -1.7100 -3.6300 2.6244 0.6967 -0.8800 4.59 5.17 6.95 166 307 283 293 205 
-0.1965 0.1482 0.3600 0.8999 155.69 24.12 -39.56 1.46 4.50 4.67 -0.6800 -0.0700 -1.0900 -0.1456 -0.0278 -0.1511 4.17 5.60 6.88 163 295 290 280 202 
-0.1635 0.2039 0.3738 0.8900 161.06 34.19 -50.63 8.23 9.36 8.96 0.8300 2.2000 3.7900 -0.4644 -4.0233 -0.0289 6.85 6.43 2.78 170 322 325 329 209 
-0.1030 0.4993 0.4683 0.7217 155.25 62.06 -101.12 13.09 3.56 -6.06 1.8200 -0.9400 -2.7300 2.8322 -3.1289 6.8222 9.10 -0.47 -3.61 179 319 336 367 215 
-0.3560 0.7836 0.3398 0.3791 83.87 50.88 140.75 2.32 -1.10 -0.71 -6.2500 3.2600 3.6900 -0.2211 -1.6500 2.8511 5.69 -5.54 -5.73 182 270 273 329 218 
-0.3427 0.9032 0.1953 0.1694 157.12 22.06 145.69 1.45 -1.62 -3.39 -1.7700 2.3700 4.7800 -3.4056 -1.9822 0.9222 1.53 -2.94 -9.22 184 253 252 295 223 
-0.0659 0.9872 0.1440 0.0176 163.31 1.12 178.31 1.45 2.20 -14.55 -1.1000 1.6100 -5.2800 -1.8922 -0.1856 -0.6000 0.00 1.27 -9.72 183 263 254 301 224 
0.0846 0.9831 0.1622 0.0075 161.00 -0.94 -169.94 0.94 1.22 -12.06 0.5100 -0.2300 -1.2900 0.1567 0.5622 -0.1744 0.26 1.60 -9.67 185 271 247 303 225 
0.0768 0.9820 0.1694 0.0322 160.37 2.25 -170.75 0.15 1.33 -9.25 0.0000 -0.2500 0.5400 0.2567 -0.0633 0.1567 0.44 1.42 -9.69 183 272 256 306 223 
0.0646 0.9824 0.1705 0.0414 159.94 4.12 -172.00 4.88 2.82 -12.39 3.6700 -0.9100 -3.6800 -0.2944 2.9800 1.0167 2.75 1.57 -9.28 167 263 227 247 184 
0.0090 0.9547 0.1032 0.2791 171.25 41.31 -178.37 10.48 5.41 -14.46 -3.9800 5.6300 -8.7500 1.5122 5.5478 7.0856 8.39 -4.60 -2.12 158 221 191 194 130 
-0.2714 0.6669 -0.3060 0.6229 125.81 30.87 92.12 -2.29 -1.40 -2.00 -5.6900 5.0700 -2.6500 -0.3211 -0.4744 4.6011 1.68 -9.65 -0.39 154 216 194 205 132 
-0.4224 0.4869 -0.5262 0.5547 103.62 4.12 91.44 -1.88 -9.97 -0.30 -2.5500 -0.0900 -0.5700 0.2522 -0.8667 0.1833 0.41 -9.79 0.00 154 222 195 207 131 
-0.4722 0.5155 -0.4877 0.5229 94.69 4.37 90.19 -4.08 -9.62 -1.40 -6.3200 0.8800 -1.0000 -0.9978 -5.4356 -2.5633 2.18 -9.48 -1.22 151 221 190 206 136 
-0.4818 0.8016 -0.1684 0.3116 54.19 20.50 121.31 0.86 -5.27 -8.22 -3.1400 2.6000 -2.7300 -0.0389 -5.6878 -3.7622 2.84 -6.62 -6.64 153 227 199 214 141 
-0.3513 0.8898 0.2870 0.0488 139.06 17.37 143.31 3.61 -2.53 -10.85 1.7900 1.7400 -3.7700 0.6611 -0.9633 -2.0778 3.25 -5.33 -7.55 157 231 202 215 144 
-0.3659 0.8159 0.4474 0.0135 0.50 20.81 138.25 5.34 -5.28 -6.81 2.1400 0.5500 -0.1400 1.8156 -0.1567 -0.5189 3.59 -6.94 -5.91 157 234 207 215 130 
-0.4537 0.7704 0.4478 0.0074 359.25 23.62 131.56 5.66 -6.05 -5.47 0.9000 0.5700 -0.2200 0.2611 -0.3133 0.1322 3.69 -6.83 -5.98 162 236 212 221 147 
-0.4494 0.7750 0.4443 -0.0064 1.50 23.69 129.69 8.18 -4.34 -2.04 5.3200 2.5700 4.3100 -2.1622 5.5111 -0.0589 5.78 -6.09 -5.04 112 254 204 233 164 
-0.4721 0.7678 0.2837 0.3274 88.00 60.69 108.37 6.22 -6.05 -6.92 -0.9300 -3.2400 -6.6400 0.2578 8.5133 -2.9467 8.34 -1.90 4.78 87 195 205 202 138 
-0.4423 0.3627 0.1595 0.8046 122.37 43.81 1.69 10.71 -0.64 3.59 4.6300 -1.4700 -3.6700 3.8844 -0.4578 0.5344 7.12 1.77 6.49 91 166 176 170 114 
-0.5176 0.2851 0.4136 0.6926 98.69 65.25 -40.44 11.47 4.87 -3.07 5.7500 5.2500 -2.7900 5.1922 -1.5156 1.3333 9.64 1.67 -0.52 93 167 180 166 115 
-0.5667 0.3057 0.6917 0.3273 50.81 77.06 -169.50 9.25 0.31 -1.79 -0.2400 -0.0200 -0.5700 1.7011 -1.2244 0.6511 9.20 -0.79 -3.28 92 170 182 172 120 
-0.5561 0.2897 0.7687 0.1265 22.69 66.50 156.69 9.72 3.17 -3.25 2.1600 3.3000 -1.3400 -1.2667 0.5978 0.3422 8.87 -1.88 -3.72 95 173 185 178 122 
-0.5381 0.3638 0.7420 0.1659 37.75 66.75 160.87 8.58 3.14 -6.35 0.2500 3.2600 -3.6000 -2.5200 0.0744 -0.8922 9.02 0.03 -3.84 93 173 187 179 121 
-0.4482 0.4182 0.7269 0.3096 72.56 64.56 -166.37 9.90 -4.52 -5.95 0.9400 -7.3400 -1.9000 0.0211 -1.1633 -0.0878 8.41 1.43 -4.83 95 176 188 181 124 
-0.3762 0.4328 0.7739 0.2686 66.75 53.44 -172.75 8.95 0.76 -3.23 0.0300 0.3500 2.7200 1.3167 -0.2433 0.3633 7.89 0.25 -5.81 96 177 190 181 123 
-0.3971 0.4251 0.7917 0.1865 51.19 52.38 175.94 7.22 0.83 -3.74 -0.7100 1.4500 2.3100 -0.1911 0.1089 0.1700 8.03 -0.16 -5.62 97 180 190 184 128 
-0.4041 0.4400 0.7629 0.2473 71.56 58.25 -172.69 8.55 4.39 -1.13 -0.2000 2.6200 3.0800 -4.2222 3.2389 -0.8889 9.08 2.35 -2.84 130 258 217 241 169 
-0.3608 0.4649 0.5774 0.5660 125.62 68.44 -89.56 6.73 2.68 -3.73 -2.6800 -1.4000 -3.8800 -5.5733 -0.3733 -1.6322 8.46 4.49 2.06 143 295 260 273 183 
;
