0.6595 0.3874 -0.2095 -0.6092 85.37 -11.13 -51.38 -1.82 7.57 5.88 0.0000 0.0500 -0.1200 -0.0800 0.0578 0.1089 -1.86 7.53 5.99 187 397 360 392 206 
0.6613 0.3870 -0.2123 -0.6065 85.00 -10.81 -51.44 -1.70 7.59 5.86 0.0700 0.0800 -0.1400 -0.0689 -0.0089 0.1367 -1.81 7.53 6.00 185 398 358 392 207 
0.6627 0.3866 -0.2127 -0.6050 84.69 -10.94 -51.25 -2.14 9.53 7.58 -0.8500 2.4100 2.7200 0.4122 -0.1022 0.8089 -1.71 7.69 5.82 181 373 348 383 219 
0.6807 0.3935 -0.2612 -0.5600 76.00 0.44 -58.50 -0.58 8.45 5.07 1.3400 1.0200 -2.3100 3.2100 -3.5956 4.8900 4.14 8.35 3.02 173 276 275 321 207 
0.7140 0.2615 -0.5761 -0.2999 33.75 52.81 -75.00 7.90 5.53 1.04 -0.9600 1.0100 0.0100 0.7644 -1.6811 7.1411 9.75 0.92 0.28 185 302 293 362 216 
0.6804 -0.0678 -0.7258 0.0747 342.75 68.69 111.50 3.39 -0.11 1.12 -5.9200 3.6100 3.4800 -3.3722 -2.3444 4.3333 7.08 -5.47 -3.99 187 262 245 327 219 
0.4349 -0.4476 -0.7737 0.1091 336.94 30.62 144.56 -0.43 0.04 -3.01 -5.8500 3.3900 2.9100 -5.9844 -2.9033 0.1500 3.29 -0.89 -9.19 186 278 274 318 223 
0.0713 -0.5751 -0.8011 -0.1496 70.62 15.94 -166.37 6.38 6.11 -18.90 3.5800 3.0800 -9.2900 0.4144 0.6500 -0.0044 2.95 2.23 -9.07 184 283 296 338 223 
0.0696 -0.5583 -0.8066 -0.1816 69.12 18.69 -167.44 4.07 1.58 -8.52 0.4000 0.0100 0.7400 0.1089 0.4633 -0.1633 3.42 1.84 -9.00 185 287 295 339 222 
0.1049 -0.5489 -0.8109 -0.1736 68.06 21.37 -170.00 2.79 1.81 -8.68 0.5100 0.6800 0.2400 0.0711 0.2689 0.0067 3.63 1.49 -8.98 185 291 297 344 223 
0.1172 -0.5443 -0.8133 -0.1692 67.44 22.37 -171.12 4.17 2.45 -8.36 0.8900 1.0500 0.3000 0.4811 1.1111 -0.1567 4.71 1.28 -8.50 181 264 264 265 209 
0.2592 -0.5145 -0.7828 -0.2351 81.31 51.38 -171.37 14.28 3.95 -8.92 4.2500 2.6500 -4.1400 -1.7122 10.0200 1.2956 9.78 0.21 0.62 184 323 177 199 173 
0.6382 -0.3708 -0.3148 -0.5967 91.62 43.25 18.62 2.61 -0.56 3.38 -3.1700 2.4300 -4.0000 -5.3589 4.2711 0.0800 3.82 -5.55 7.11 203 366 169 188 148 
0.5386 -0.3311 0.1790 -0.7538 111.25 15.56 40.81 3.21 -1.64 -1.16 0.7100 4.2400 -7.9900 2.4367 1.0778 -0.7100 2.00 -4.94 8.22 205 373 175 189 147 
0.5304 -0.1797 0.1061 -0.8217 112.81 9.63 16.94 8.59 0.41 11.13 7.4300 2.4100 2.8000 2.8678 -0.6833 2.1856 1.70 -0.83 9.62 204 372 181 189 145 
0.6813 -0.0759 -0.0697 -0.7247 86.75 13.50 -1.12 2.38 0.59 17.26 -1.5300 0.2600 7.0600 0.7467 -2.0044 3.8156 3.38 -0.09 9.20 204 373 180 193 145 
0.8412 -0.1532 -0.1395 -0.4995 57.44 23.87 12.38 -0.77 0.71 13.68 -5.8500 3.8000 3.7400 -2.9567 -0.5689 1.6389 3.89 -4.16 7.98 205 370 182 197 146 
0.8445 -0.3530 -0.0458 -0.4001 51.94 20.69 40.63 0.00 -0.79 7.69 -2.0400 5.7700 1.0500 -2.6478 1.3356 -0.7844 3.34 -6.99 6.00 203 372 188 197 147 
0.7365 -0.4730 0.0535 -0.4807 71.25 23.00 55.94 2.54 -1.81 3.84 -1.5900 5.3700 -2.0200 -1.3789 0.9544 -2.0089 4.58 -7.36 4.57 203 372 185 199 147 
0.5985 -0.4993 0.0879 -0.6203 96.37 32.25 52.50 5.31 -2.36 2.63 0.0000 3.8100 -2.5300 1.2578 0.9522 -2.5800 5.83 -5.11 6.00 206 374 188 199 147 
0.5200 -0.3969 -0.0013 -0.7563 112.75 38.06 24.94 11.70 -0.31 5.46 6.4600 3.2900 -0.5400 2.7122 -0.0044 -0.7889 6.31 -1.19 7.41 203 374 187 201 148 
0.5242 -0.2931 -0.1735 -0.7805 111.44 40.25 -0.13 7.73 -3.57 12.63 -0.0800 -3.3200 5.0600 0.4833 -0.5467 -0.0822 6.53 0.46 7.29 205 373 187 202 147 
0.5387 -0.2802 -0.2315 -0.7601 108.31 42.94 -3.50 6.50 -0.22 8.92 0.2500 -1.0500 1.8800 0.8833 -2.1522 0.1900 7.72 0.64 6.00 184 364 185 204 152 
0.5456 -0.3831 -0.3721 -0.6458 93.75 73.62 -5.12 16.08 1.35 -0.54 6.5800 2.3500 -2.5100 3.7778 -3.2233 3.3267 9.63 -1.77 0.44 128 336 179 207 152 
0.6605 -0.4734 -0.5023 -0.2954 40.94 65.12 77.00 7.85 -0.91 -0.06 0.6200 4.2400 -1.3300 0.4922 4.9122 2.6122 7.18 -5.70 3.46 159 264 186 212 150 
0.8445 -0.4349 -0.2036 -0.2369 29.31 26.37 48.00 2.09 -4.39 4.26 -1.5500 2.7400 -1.3000 -0.1900 0.6411 1.7011 2.62 -7.04 6.29 151 225 178 194 134 
0.9055 -0.3910 -0.0708 -0.1489 16.44 13.88 44.31 2.82 -4.06 7.17 0.8400 2.3000 0.1600 0.6156 -0.8222 0.9900 2.36 -6.41 7.03 120 227 180 195 134 
0.9253 -0.3546 -0.1138 -0.0718 9.00 15.44 41.31 2.56 -5.74 7.68 0.7600 0.5000 -0.0300 0.0978 -0.0867 -0.3689 2.75 -6.14 7.13 121 231 183 196 136 
0.9272 -0.3429 -0.1282 -0.0797 10.19 17.12 39.81 3.10 -5.10 8.24 -0.0200 1.2600 1.3100 -0.0111 -0.3067 -0.1500 2.96 -5.93 7.22 121 242 184 197 137 
0.9276 -0.3373 -0.1177 -0.1089 14.81 16.56 38.81 3.66 -3.24 8.74 0.9000 2.8400 1.3400 -0.5511 0.9144 -0.8600 2.66 -5.98 7.29 119 240 179 198 138 
0.9086 -0.3707 -0.0762 -0.1768 21.75 16.37 45.38 7.62 -3.67 7.37 5.2600 1.8500 -1.2300 -2.1044 1.1522 0.3989 2.33 -7.69 5.60 121 246 178 198 136 
0.8533 -0.4880 -0.0180 -0.1830 25.94 11.31 58.75 -2.88 -11.91 0.61 -2.2000 -2.5400 -2.8100 0.3422 0.2533 -0.4700 2.15 -8.11 5.07 122 249 179 199 139 
0.8471 -0.4859 -0.0167 -0.2147 28.19 14.19 56.50 1.19 -6.94 4.70 -2.8900 0.9200 -1.4500 0.3422 -1.4278 -0.6678 3.18 -7.66 5.22 124 248 176 201 139 
0.8472 -0.4574 -0.1042 -0.2493 37.00 27.06 48.25 -0.30 -3.59 -0.80 -4.4400 3.3100 -6.4700 3.0867 -0.4433 -4.1500 6.20 -3.30 6.83 152 269 184 207 148 
0.8279 -0.1857 -0.2556 -0.4633 63.25 30.56 -7.81 5.23 6.72 8.16 0.1200 4.6400 1.1600 2.9167 0.6111 -1.9956 3.49 4.35 8.05 161 320 225 257 180 
;
