0.0973 -0.0389 -0.3785 -0.9197 167.94 8.25 -44.06 1.23 6.85 6.86 -0.6400 -0.0700 -0.0600 -0.0456 0.0478 -0.0189 1.32 6.72 7.01 166 378 371 403 214 
0.0986 -0.0312 -0.3754 -0.9211 167.62 7.31 -43.63 1.32 6.84 7.31 0.2900 0.4100 0.6100 0.1422 0.3811 -0.0022 1.10 6.75 7.01 165 377 362 404 215 
0.1080 -0.0128 -0.3802 -0.9185 165.81 5.62 -44.69 -0.64 8.15 8.83 -1.7600 1.3900 2.7400 -0.0622 -0.1489 0.7589 1.39 6.64 7.08 166 343 298 400 222 
0.1600 -0.0540 -0.4020 -0.8999 157.44 18.37 -51.63 6.93 9.98 2.13 3.5000 3.1900 -2.1500 5.8233 -2.7033 3.6889 6.22 7.44 1.42 174 318 325 363 219 
0.3507 -0.2713 -0.6372 -0.6304 109.56 63.69 -92.69 7.29 2.10 0.48 -3.0600 0.4600 1.3800 0.7322 -3.0000 8.5489 9.13 -2.45 -2.58 178 304 293 358 220 
0.4993 -0.7105 -0.4534 -0.2008 34.75 37.38 130.00 -0.27 -0.23 -1.02 -7.1000 4.7600 2.1300 -4.2633 -2.4889 3.8222 2.95 -5.33 -7.68 185 275 259 368 225 
0.2313 -0.9421 -0.2414 -0.0264 153.56 7.31 160.00 -0.17 -1.46 -13.52 0.7600 0.5000 -4.1600 -1.5500 -0.2856 -0.0433 0.83 -1.66 -9.62 186 282 281 365 227 
0.0887 -0.9728 -0.2120 -0.0270 154.94 5.87 170.69 0.99 -2.06 -10.46 1.0700 0.3100 -0.0900 -0.0789 0.5756 -0.0567 1.29 -1.62 -9.58 184 289 296 373 227 
0.1009 -0.9692 -0.2201 -0.0460 154.56 7.62 169.69 0.59 -1.37 -8.94 -0.5000 0.4200 0.6500 0.1000 0.1222 -0.0656 1.29 -1.76 -9.55 186 289 299 373 229 
0.1021 -0.9691 -0.2186 -0.0510 154.25 8.63 169.75 1.64 -0.83 -9.79 -0.6900 0.3000 -0.5000 -0.4222 0.9500 -0.2144 2.42 -1.31 -9.41 180 289 292 369 223 
0.0837 -0.9382 -0.2276 -0.2471 153.87 46.94 -179.31 14.94 3.51 -10.15 9.0500 4.0200 -5.3900 -1.5533 13.3867 0.3989 9.60 0.21 1.95 170 338 309 371 211 
0.1558 -0.4427 0.0078 -0.8830 160.56 37.44 24.37 3.93 1.59 3.12 -0.0600 5.5900 -4.2700 -5.9189 1.6900 3.5267 2.95 -7.43 5.66 181 357 341 357 210 
0.1964 -0.2620 0.4921 -0.8066 149.87 10.75 75.06 3.81 -3.41 -3.90 -5.4000 5.0500 -4.0400 -4.1144 -1.2833 2.7433 -0.01 -9.76 -0.88 164 374 350 351 210 
0.2081 -0.2318 0.7163 -0.6244 142.94 -0.19 97.12 -0.83 -10.63 -2.74 -1.1500 -0.4400 -1.3600 1.1811 0.8600 0.2211 -0.06 -9.79 -0.48 165 369 352 358 211 
0.2167 -0.2338 0.6673 -0.6731 142.62 3.31 87.87 1.18 -9.13 -2.97 0.8900 1.3300 -5.1800 1.6211 -2.0722 -1.0311 1.50 -9.56 1.52 169 373 330 369 212 
0.3257 -0.3608 0.4510 -0.7485 129.62 17.06 61.81 5.44 -2.99 -2.11 2.3200 4.6300 -8.3200 7.4322 -2.2867 -0.3933 4.10 -4.81 7.49 167 378 300 372 215 
0.5073 -0.2750 -0.0331 -0.8160 114.25 29.37 4.00 4.86 8.74 9.39 2.8200 7.9100 4.9200 3.1433 -0.4889 0.0844 5.10 2.01 8.12 170 373 309 371 214 
0.5424 -0.1301 -0.2819 -0.7806 110.56 29.19 -22.37 3.85 3.33 10.23 2.7300 1.2700 1.1200 0.6344 0.8144 -0.5044 4.44 3.81 7.86 170 374 346 381 222 
0.5427 -0.0672 -0.3021 -0.7808 110.19 25.62 -26.19 4.77 3.40 7.52 0.8700 -0.6200 -1.1200 -0.0322 -0.1222 -0.0278 4.27 3.87 7.93 172 376 354 384 222 
0.5471 -0.0696 -0.3022 -0.7775 109.37 27.94 -25.94 6.48 9.35 14.53 -2.9500 4.2300 7.2300 -1.8111 -3.5267 -0.4700 6.94 3.17 6.15 162 329 341 380 217 
0.4156 -0.3775 -0.3948 -0.7272 122.06 67.12 -33.25 14.30 1.40 0.48 4.4400 -0.5500 -2.8500 -1.3700 -2.1556 2.7600 9.66 0.10 1.63 167 347 351 391 217 
0.4227 -0.5825 -0.3159 -0.6182 104.69 78.37 53.88 3.54 -4.24 -5.33 -6.8700 -1.8300 -5.0800 4.9122 -2.5133 1.8411 9.37 -2.82 0.54 174 393 353 408 218 
0.6288 -0.5186 -0.4240 -0.3948 61.19 69.37 66.00 5.85 0.13 2.19 -1.6100 4.2700 1.1700 1.9833 -0.8356 0.4989 9.11 -3.27 1.55 180 393 366 408 218 
0.6908 -0.4606 -0.4479 -0.3317 51.38 67.56 60.88 9.06 -1.44 2.02 0.1100 2.3000 0.6600 -0.0944 0.4978 -0.3356 9.08 -3.06 2.07 180 394 363 406 218 
0.6908 -0.4449 -0.4370 -0.3659 58.50 69.06 51.25 12.96 4.47 1.91 4.4200 6.8000 -0.5200 -2.4722 2.1922 -1.9178 9.18 -1.98 2.81 178 375 355 399 219 
0.5861 -0.4885 -0.3565 -0.5392 94.50 66.06 27.81 5.68 -5.15 -2.34 -1.6400 -2.3800 -3.6100 -4.4467 0.0178 -1.1389 8.74 -2.36 3.76 175 249 282 326 220 
0.3968 -0.5720 -0.1128 -0.7090 125.87 62.81 44.75 6.06 -6.54 -0.10 -1.1900 -2.7800 -2.9400 -1.5278 -0.1756 0.1700 8.67 -3.69 2.70 178 265 290 341 222 
0.3074 -0.6133 0.0142 -0.7274 134.37 61.75 60.00 8.29 -5.58 0.38 -0.2400 -1.5700 -1.6300 -0.6644 0.0611 0.0744 8.59 -4.22 2.10 179 270 297 347 222 
0.2973 -0.6246 0.0372 -0.7212 135.00 61.31 62.44 9.07 -3.72 1.30 0.3300 0.4000 -0.9900 0.4067 -0.0922 0.1522 8.60 -4.19 2.13 178 271 297 349 222 
0.3105 -0.6240 0.0317 -0.7164 132.50 61.31 64.19 6.01 -3.96 0.72 -4.1000 -0.2100 -1.7100 0.4878 -0.5122 -0.2211 8.76 -4.01 1.78 178 266 297 346 221 
;
