0.8490 0.0609 -0.3080 -0.4250 53.25 28.06 -24.37 4.46 3.58 7.85 -0.1100 -0.0300 -0.0700 -0.0433 -0.0400 -0.0167 4.63 3.55 7.87 168 312 330 340 211 
0.8484 0.0588 -0.3083 -0.4262 53.13 28.19 -24.31 4.63 3.67 7.72 0.0300 0.1400 -0.1400 0.0022 -0.0133 0.0011 4.64 3.56 7.86 165 311 329 338 211 
0.8493 0.0598 -0.3091 -0.4237 52.94 28.31 -24.37 4.45 3.80 8.03 -0.2100 0.4900 0.1800 0.1767 -0.1111 0.0467 4.79 3.64 7.73 167 315 332 339 208 
0.8420 0.0651 -0.3524 -0.4033 49.25 36.75 -31.81 7.06 6.92 9.70 3.2200 1.0200 -2.5100 1.2522 -4.8900 4.8333 8.48 2.81 4.03 174 304 326 320 181 
0.7231 -0.0850 -0.6824 -0.0655 347.87 70.50 120.94 6.95 -2.33 0.68 -1.7300 3.8900 6.5100 0.6289 -6.1078 5.9322 4.34 -6.86 -5.49 184 259 264 304 203 
0.2800 -0.3478 -0.8616 0.2416 46.38 17.37 150.25 0.39 0.81 -8.52 -1.6900 3.4500 -0.6500 -5.6289 -0.9989 -1.1856 2.92 -0.04 -9.35 189 266 275 329 213 
0.1141 -0.3719 -0.9152 -0.1055 44.63 17.62 -174.00 3.82 0.06 -11.14 1.6400 -0.4300 -0.5200 0.7500 0.1367 0.2911 3.24 0.32 -9.24 188 273 279 332 212 
0.1572 -0.3801 -0.9084 -0.0751 45.63 20.44 -179.00 3.45 -0.10 -7.85 -0.2100 0.1100 1.3100 -0.1678 0.0456 -0.0022 3.50 0.21 -9.15 187 278 280 331 212 
0.1602 -0.3818 -0.9065 -0.0828 45.81 20.75 -178.12 4.13 0.15 -9.19 0.3200 -0.0300 0.1200 -0.0300 0.0578 0.1344 3.52 0.29 -9.14 189 276 284 331 211 
0.1647 -0.3880 -0.9025 -0.0880 46.44 21.56 -178.06 4.06 0.51 -8.84 0.6400 0.0800 0.3600 -0.0511 0.1478 0.1556 3.68 0.28 -9.08 188 278 287 331 210 
0.1783 -0.3937 -0.8976 -0.0869 47.13 22.94 -179.69 4.21 0.43 -9.09 0.5500 0.7200 0.0700 0.4378 0.4778 -0.1289 4.01 -0.27 -8.94 182 275 264 296 199 
0.2124 -0.3770 -0.8992 -0.0638 45.25 26.62 176.25 2.29 -0.47 -6.29 -2.3500 0.1200 2.8100 -1.2233 -0.2356 0.1033 4.57 -0.12 -8.67 174 249 220 245 152 
0.2054 -0.3823 -0.8927 -0.1215 45.50 26.56 -173.12 5.73 1.28 -11.51 1.4200 -0.2400 -3.3400 -0.7711 -0.1956 -0.4022 4.22 1.90 -8.64 179 255 222 262 161 
0.1696 -0.3748 -0.8930 -0.1825 45.50 25.69 -167.62 7.61 1.88 -11.79 2.5900 -0.2700 -3.6100 0.4556 -0.0467 0.3456 4.32 1.50 -8.67 178 258 237 274 164 
0.2001 -0.4018 -0.8836 -0.1332 50.75 28.56 179.62 9.12 0.66 -14.55 1.9200 1.9400 -6.6400 5.4478 1.0833 3.0156 5.17 -4.59 -6.94 201 400 367 428 206 
0.5430 -0.3810 -0.6772 0.3183 290.87 24.44 88.31 -3.81 0.87 -0.01 -7.8200 9.9900 -1.8500 3.8333 1.3411 1.1889 2.87 -8.49 3.96 205 418 385 438 208 
0.6945 -0.2984 -0.4102 0.5103 288.06 15.31 58.31 1.09 -4.33 7.56 -1.4000 3.2000 1.9200 -0.2889 -0.2022 -0.3244 2.87 -7.98 4.91 203 415 387 441 207 
0.6983 -0.2830 -0.4242 0.5023 288.50 18.12 60.50 3.12 -7.63 4.90 0.1200 0.4300 0.4300 -0.4200 -0.3222 0.0689 3.08 -8.29 4.21 201 417 384 437 209 
0.6813 -0.3010 -0.4507 0.4920 288.44 18.69 65.06 3.07 -7.74 3.55 0.1000 0.8100 -0.2600 -0.3244 -0.2256 -0.0622 3.27 -8.50 3.61 204 412 386 437 208 
;
0.6673 -0.3142 -0.4796 0.4753 289.37 20.12 69.56 -0.09 -4.68 2.46 -3.7500 5.1700 -0.5300 -0.5011 -0.1078 -1.1500 4.10 -8.42 2.88 195 377 367 369 206 
0.7243 -0.3056 -0.5147 0.3422 320.12 38.31 68.50 0.22 -3.96 0.08 -6.2100 2.9800 -3.7600 -0.3389 0.2456 -6.2711 8.45 -4.05 2.86 180 286 269 263 188 
0.8320 -0.1321 -0.5356 -0.0587 15.63 60.94 3.75 15.23 1.74 8.26 10.5400 2.5000 3.4000 0.0200 1.4011 -1.2089 8.18 0.80 5.34 174 295 292 313 196 
0.8862 -0.0120 -0.4207 -0.1938 24.00 46.69 -12.25 8.29 1.74 9.11 -0.1100 -0.5700 0.8200 -0.3089 0.5544 -0.1367 7.02 1.34 6.70 173 302 305 342 199 
0.8995 -0.0079 -0.3895 -0.1981 25.00 44.94 -11.63 7.60 2.01 6.96 0.4600 0.3600 0.1500 0.0044 -0.1267 -0.0156 7.02 1.43 6.69 174 305 306 352 201 
0.8950 -0.0012 -0.3984 -0.2007 25.12 45.56 -14.50 8.32 2.74 9.50 1.8200 0.8900 2.5600 2.5378 -0.9811 -0.8367 7.22 3.01 5.89 172 324 320 365 212 
0.8546 0.1456 -0.4677 -0.1725 18.37 51.06 -43.56 6.29 2.65 3.97 -0.8300 -1.6200 1.1900 0.8422 -3.7733 6.1089 9.55 1.38 1.71 180 315 307 342 189 
0.6483 -0.0201 -0.7507 0.1260 328.81 60.38 130.94 4.06 -0.67 -1.23 -4.6600 4.3700 3.3600 -6.6622 -5.1133 3.0400 4.86 -3.01 -7.96 187 266 256 295 197 
0.2420 -0.3695 -0.8972 -0.0012 46.25 25.69 173.25 4.58 0.47 -12.22 2.4300 1.2900 -3.0000 -1.1244 0.6467 -0.3211 4.39 0.00 -8.76 190 273 262 300 201 
0.2072 -0.3767 -0.8982 -0.0914 45.44 26.75 -179.87 4.68 -0.30 -9.04 1.2500 -0.0400 0.4800 0.2678 0.2356 0.0089 4.51 -0.11 -8.70 189 277 263 302 198 
0.2264 -0.3732 -0.8953 -0.0892 45.06 28.31 179.37 4.53 0.60 -7.71 -0.0500 0.4000 0.5600 -0.2789 -0.0567 -0.1200 4.63 0.07 -8.64 176 278 267 302 198 
0.2202 -0.3721 -0.8960 -0.1013 45.13 28.00 -178.19 6.04 0.03 -10.21 2.0100 -0.1600 -1.8300 -0.4667 0.7044 -0.0600 4.76 0.52 -8.55 171 285 264 307 196 
0.1906 -0.3857 -0.8914 -0.1425 48.81 26.50 -170.87 13.04 -1.78 -18.78 5.9600 -0.1700 -9.1100 4.3422 2.5033 3.2544 6.05 -1.82 -7.49 189 340 310 381 211 
0.4443 -0.4498 -0.7707 0.0790 317.37 37.69 113.06 -1.68 3.61 -3.34 -2.3600 11.2800 -1.7400 2.7322 2.6567 1.7211 4.55 -8.65 0.75 204 416 380 446 213 
0.6519 -0.3637 -0.5319 0.3999 296.44 22.00 77.25 0.37 -5.61 3.49 -1.8700 3.3500 1.8600 0.4200 -0.1167 0.3233 3.40 -8.90 2.32 203 415 382 446 214 
0.6616 -0.3669 -0.4962 0.4260 294.19 20.19 75.50 3.41 -8.44 3.25 -0.5800 0.4000 0.9300 -0.3433 -0.2200 0.0189 3.42 -8.96 2.01 205 411 383 443 214 
0.6453 -0.3683 -0.5173 0.4246 293.69 21.12 78.50 3.54 -7.80 1.76 0.1500 1.3000 0.0100 -0.3178 0.0411 -0.2789 3.72 -8.93 1.58 202 412 385 438 214 
0.6466 -0.3737 -0.5339 0.3964 299.19 24.44 80.62 1.63 -3.40 1.04 -3.0400 6.1700 -0.9800 -0.8467 1.3944 -2.6733 5.52 -7.99 1.29 188 388 358 398 211 
0.7206 -0.3221 -0.5806 0.1997 337.25 51.38 76.00 4.65 -4.08 0.69 -2.8600 1.5400 -0.9500 0.1644 0.1733 -4.7278 9.10 -2.95 2.13 174 309 320 325 207 
;
