0.1960 0.0546 -0.3401 -0.9181 155.94 1.37 -40.75 -0.24 6.48 7.23 -0.4200 0.0700 -0.1600 0.1811 0.0622 0.0478 0.19 6.53 7.31 167 325 353 394 220 
0.1982 0.0645 -0.3515 -0.9127 155.44 1.37 -41.75 0.26 6.66 7.02 0.0500 0.1300 -0.2300 -0.1089 -0.0367 0.0111 0.27 6.47 7.35 166 324 352 396 221 
0.1999 0.0590 -0.3467 -0.9145 155.19 2.31 -41.38 -1.44 6.82 8.15 -2.7800 0.2100 1.3300 5.3922 -4.3800 2.5967 2.69 7.93 5.10 117 327 355 406 225 
0.2228 -0.1164 -0.5756 -0.7781 142.56 33.00 -76.00 11.41 8.85 0.39 2.1500 0.3400 -0.8300 1.7733 -1.7644 8.0800 8.84 4.21 -0.37 173 282 292 328 217 
0.4680 -0.5236 -0.5678 -0.4294 70.56 67.00 142.06 6.12 -1.17 0.59 -2.4200 3.9300 4.2800 -1.8944 -3.3467 5.9033 5.75 -5.61 -5.61 194 249 236 272 217 
0.3627 -0.8644 -0.3302 -0.1107 142.94 22.37 146.06 -3.57 -0.61 -4.67 -6.8000 3.1700 1.9100 -3.2733 -3.4267 0.8056 2.08 -2.60 -9.22 195 266 263 291 220 
0.0670 -0.9594 -0.2645 -0.0715 149.87 8.81 177.81 1.52 -0.50 -15.20 -0.2600 -0.6700 -3.2500 -0.1300 -0.0589 -0.1711 1.46 0.07 -9.69 192 276 278 299 220 
0.0059 -0.9604 -0.2654 -0.0847 148.69 9.81 -178.12 2.55 0.67 -10.21 0.4600 0.2900 -0.4300 0.4256 0.4144 0.0911 1.98 0.08 -9.60 193 276 277 302 218 
0.0319 -0.9595 -0.2639 -0.0933 149.19 11.69 178.00 1.72 0.29 -7.00 0.1000 0.7700 2.2400 -0.3467 0.8933 -0.2544 2.67 -0.18 -9.43 194 274 276 298 214 
0.0371 -0.9505 -0.2700 -0.1493 150.06 21.44 -177.75 7.61 1.66 -14.69 8.7900 1.2700 -3.2800 -1.0856 1.2111 3.4511 5.46 0.40 -8.13 146 251 254 272 187 
0.0405 -0.8982 -0.0140 -0.4374 166.19 65.12 153.75 5.81 3.87 -6.88 -4.4600 6.3100 -4.0900 -3.0033 6.8422 5.2400 7.72 -5.83 1.55 167 321 317 360 216 
0.0508 -0.4238 0.4514 -0.7836 176.19 29.06 75.50 5.42 1.46 -0.01 1.1300 9.1000 -4.6000 -6.7011 5.4656 2.2667 2.33 -9.46 -1.08 163 309 269 274 196 
-0.1071 -0.0137 0.7783 -0.6185 199.94 10.19 104.37 0.21 -9.53 -6.90 -3.0400 -0.4400 -5.7000 0.3133 -0.4733 -0.3700 1.87 -9.28 -2.53 162 293 268 284 198 
-0.1147 -0.0300 0.7827 -0.6111 201.50 13.69 99.06 2.01 -6.87 -7.44 -1.3600 3.2600 -6.1100 6.0333 1.1756 -0.5522 2.60 -9.04 2.77 167 299 277 291 203 
-0.1545 -0.0440 0.5042 -0.8485 199.19 13.44 58.63 2.27 -4.80 12.86 -0.6600 2.7300 6.2100 -1.9622 -0.8289 0.2833 2.21 -8.83 3.62 166 302 279 294 204 
-0.1094 -0.0521 0.6091 -0.7838 195.00 12.06 79.50 1.16 -7.58 -2.47 -1.0600 1.5800 -4.4000 -2.2189 -0.2256 0.2022 2.02 -9.59 -0.18 164 300 281 297 206 
-0.0892 -0.0766 0.7261 -0.6774 196.06 14.31 93.69 -1.32 -13.97 -10.80 -3.8700 -3.7500 -10.1200 2.4778 0.5211 -1.1300 3.16 -9.21 1.13 167 301 285 300 207 
-0.1667 -0.1140 0.5857 -0.7850 204.56 22.37 64.69 4.36 1.48 20.03 0.3300 8.4500 14.3500 -0.4256 -0.2967 0.5011 3.50 -8.06 4.32 167 306 286 300 208 
-0.1495 -0.1104 0.5219 -0.8326 196.56 20.00 61.19 0.79 -6.27 -1.18 -2.1200 1.5600 -7.4800 6.0100 -5.0322 0.1400 4.84 -6.14 5.90 167 299 285 301 210 
0.0590 -0.3627 0.1638 -0.9155 166.56 46.13 9.44 13.98 4.23 1.02 -0.1300 2.3000 -4.0300 11.4367 -0.2578 1.2567 7.32 4.73 4.47 170 301 332 367 220 
0.3595 -0.3252 -0.5355 -0.6916 111.06 64.56 -80.87 12.25 6.98 0.41 3.3100 4.0100 0.7400 4.6600 -4.6922 7.4178 9.08 -1.70 -3.27 186 286 288 342 222 
0.5021 -0.5927 -0.6212 -0.1036 9.31 37.56 134.25 6.04 2.38 0.14 2.1500 7.6800 6.3300 -5.0256 -1.4756 4.4733 2.96 -4.57 -8.15 189 267 271 331 226 
0.1407 -0.8846 -0.4442 -0.0198 130.06 6.06 173.50 0.64 2.97 -14.99 -0.7300 3.3900 -5.6700 -1.5267 0.0056 0.4878 1.05 0.41 -9.74 188 281 275 331 225 
-0.0018 -0.9186 -0.3878 -0.0752 134.31 8.19 -176.62 1.97 0.42 -9.47 1.1300 -0.1200 0.6200 0.1311 0.3367 0.0644 1.55 0.46 -9.67 187 282 279 333 226 
0.0092 -0.9202 -0.3814 -0.0871 135.44 10.31 -176.62 1.97 0.61 -9.42 0.1800 0.0000 0.0200 0.0556 -0.1878 -0.0589 1.83 0.68 -9.60 188 286 279 332 225 
;
