0.9844 0.0034 -0.1294 -0.1186 13.75 14.88 -2.37 2.70 0.55 9.38 0.0900 0.1600 -0.1700 -0.0044 0.0067 -0.0311 2.53 0.41 9.46 172 321 317 332 199 
0.9839 0.0041 -0.1335 -0.1187 13.75 15.25 -2.19 2.51 0.37 9.57 -0.2000 0.0000 0.0500 -0.0433 -0.0400 0.0089 2.61 0.33 9.44 171 323 315 332 198 
0.9835 0.0009 -0.1364 -0.1188 13.75 15.63 -2.00 2.38 0.58 9.57 -0.3400 0.0500 0.2600 0.0822 -0.4900 -0.1033 2.93 0.44 9.34 170 322 314 332 199 
0.9769 0.0145 -0.1724 -0.1257 14.56 21.31 -6.50 2.40 1.46 10.99 0.0800 0.9900 3.0900 0.6878 -3.3578 0.6856 5.42 1.49 8.03 171 322 308 330 195 
0.9111 0.0035 -0.4074 -0.0616 2.44 57.94 7.69 6.91 -2.23 4.30 -2.7900 0.5600 -1.3100 -1.8511 -7.6244 5.2089 8.70 -4.52 -0.15 189 348 324 381 211 
0.5361 -0.2971 -0.7672 0.1893 314.87 36.63 129.31 -0.12 -2.08 -1.42 -3.6200 3.4600 4.2500 -3.9211 -2.3122 0.3300 4.23 -4.26 -7.75 195 298 292 353 215 
0.2530 -0.4189 -0.8704 0.0533 51.38 23.06 165.25 6.29 -1.98 -13.30 2.6200 -0.4800 -4.5000 -0.4644 0.1456 0.2656 3.82 -1.59 -8.88 193 314 292 358 214 
0.2131 -0.4412 -0.8716 -0.0148 54.31 22.75 168.81 3.11 -1.84 -8.52 0.0600 -0.2000 0.9900 0.2044 0.1289 0.1611 3.85 -2.01 -8.78 193 314 298 358 216 
0.2272 -0.4504 -0.8635 0.0012 55.00 22.94 167.06 4.24 -2.01 -8.71 0.9300 -0.1000 0.0500 0.0089 -0.1400 -0.0511 3.72 -1.98 -8.85 192 315 302 363 216 
0.2293 -0.4482 -0.8640 0.0010 55.06 23.62 166.87 8.45 -1.33 -10.91 5.3900 0.4100 -3.8800 -0.0367 2.8300 1.7522 5.05 -2.50 -8.02 192 322 326 379 213 
0.4124 -0.5281 -0.7417 -0.0297 5.56 42.44 137.94 12.10 -1.85 -3.03 5.1100 6.2400 2.6000 -0.2389 7.4356 6.4433 5.10 -8.21 -1.62 176 365 353 418 203 
0.6398 -0.7526 -0.1250 -0.0932 22.44 11.44 103.62 -2.11 -2.62 -6.13 -3.2400 5.2600 -3.8500 -2.7467 2.3211 1.3267 1.24 -8.76 -4.21 166 391 366 429 203 
0.4890 -0.8380 0.1603 -0.1815 42.56 8.88 117.06 3.40 -4.89 -12.83 1.2800 3.8000 -10.2800 2.4789 -0.2767 -0.2311 1.56 -9.24 -2.88 165 394 367 429 206 
0.6615 -0.7152 0.1130 -0.1953 26.06 6.19 79.94 6.72 2.73 -1.28 6.4500 13.8000 3.2700 9.2867 -1.7533 2.2500 0.22 -6.87 6.99 165 397 376 427 206 
0.9442 -0.3205 0.0162 -0.0752 9.31 2.31 39.25 -0.56 -2.51 18.65 -0.5800 4.5100 8.3300 -4.1667 0.7356 -1.7989 1.35 -8.21 5.17 170 400 373 429 207 
0.7997 -0.5714 0.0265 -0.1823 28.25 10.00 74.37 3.79 -5.48 -3.79 1.6500 4.3400 -6.0500 -3.7844 0.7789 -0.5533 2.13 -9.55 -0.62 170 399 368 429 207 
0.6006 -0.7597 0.0931 -0.2311 42.88 14.38 101.69 3.10 -7.80 -9.64 1.0300 1.3800 -7.7800 1.3689 -0.7256 -0.2489 2.55 -9.36 -1.38 168 392 369 428 209 
0.6750 -0.7100 0.0113 -0.2005 26.81 14.25 79.37 9.83 2.70 4.46 0.9200 9.7800 13.0200 5.6911 -0.7800 2.7900 1.04 -7.60 6.10 169 387 370 413 206 
0.8959 -0.4379 -0.0691 -0.0271 3.94 9.00 54.50 -0.54 -5.33 6.78 -1.6400 2.2500 -1.8900 -1.1811 0.5656 -1.1089 1.68 -8.29 4.94 170 375 358 398 208 
0.8622 -0.4902 -0.0535 -0.1155 17.69 13.38 56.75 1.54 -6.40 -1.39 0.1200 1.1900 -6.1600 3.1289 -0.3533 -1.2111 3.27 -6.40 6.66 170 305 282 288 197 
;
0.9302 -0.2800 -0.1844 -0.1497 15.75 28.06 22.00 6.75 0.61 8.26 2.1000 3.8100 3.4000 5.2400 0.7389 -0.0778 4.48 -0.46 8.70 173 305 302 328 199 
0.9655 -0.0062 -0.2471 -0.0819 9.50 28.12 -1.37 4.80 0.01 18.30 -0.0400 -0.3300 1.4000 -0.4989 0.4622 -0.1567 4.48 -0.13 8.72 175 308 319 346 200 
0.9683 -0.0289 -0.2303 -0.0920 10.88 27.00 1.00 4.65 -0.24 9.20 -0.2200 -0.2300 0.8500 0.1267 -0.2000 -0.0211 4.59 -0.10 8.66 175 301 299 348 203 
0.9455 -0.0319 -0.3145 -0.0783 6.94 51.94 4.37 15.63 0.23 5.55 5.9600 -0.2300 -1.1600 1.0600 -7.5767 3.9533 9.37 -2.72 0.92 187 320 316 323 201 
0.6508 -0.1481 -0.7239 0.1749 322.87 56.88 105.37 3.78 -2.75 3.75 -3.5100 2.3600 5.6900 -3.3911 -1.8078 1.8311 6.90 -5.88 -3.71 192 332 301 339 203 
0.4339 -0.3450 -0.8192 0.1470 331.94 35.13 145.69 4.54 -1.92 -5.66 -1.3700 2.5100 0.0200 -3.2344 -0.2089 -0.5756 5.32 -2.01 -7.98 195 293 285 340 217 
0.2717 -0.4296 -0.8584 -0.0695 53.06 32.50 174.19 7.76 -0.17 -11.08 2.9400 -0.0800 -2.1600 -0.0700 0.3522 -0.0200 5.32 -0.64 -8.21 197 305 289 343 218 
0.2710 -0.4268 -0.8580 -0.0905 52.94 33.13 174.19 6.43 -1.55 -7.47 0.7700 -0.6300 0.7700 0.1500 0.2467 0.1444 5.48 -0.96 -8.07 198 303 293 349 217 
0.2852 -0.4278 -0.8536 -0.0839 53.38 34.38 172.87 5.69 -0.89 -7.30 0.3600 0.0900 0.7800 -0.0422 0.2322 -0.0578 5.64 -0.95 -7.96 195 308 292 346 217 
0.2978 -0.4276 -0.8480 -0.0970 54.81 37.94 173.31 13.34 0.24 -11.95 7.9400 1.0700 -2.5300 0.5233 4.1200 2.1544 7.64 -1.99 -5.81 171 301 295 343 200 
0.5161 -0.5109 -0.6743 -0.1342 25.37 55.75 123.50 11.26 -2.36 -2.00 0.5900 3.9500 -0.4800 -1.1222 6.7356 6.4422 5.18 -8.32 0.29 178 380 341 414 202 
0.7025 -0.6911 -0.0382 -0.1659 30.19 9.94 91.75 -3.73 -4.34 -4.63 -5.3000 5.1900 -3.9300 -2.8656 0.5733 0.1356 1.05 -9.44 -2.41 173 386 372 425 205 
0.5435 -0.7979 0.1703 -0.1974 43.06 8.38 111.00 1.76 -6.60 -8.19 1.7600 2.1200 -5.7600 0.1111 -0.4956 -0.5967 1.75 -8.91 -3.67 171 381 357 424 207 
0.5474 -0.8006 0.1345 -0.2031 37.63 9.50 104.56 4.54 -2.87 -12.51 5.3200 8.8900 -8.7700 8.0178 -1.2356 1.1667 0.95 -9.32 2.87 170 383 374 431 207 
0.9005 -0.4182 0.0224 -0.1174 12.38 2.37 42.56 -5.95 0.08 24.37 -2.1200 3.3400 18.9100 0.8178 -0.6278 0.4222 0.81 -5.92 7.76 173 388 373 434 208 
0.9139 -0.3956 -0.0381 -0.0829 13.25 8.19 51.88 1.01 -2.60 8.84 1.2100 5.1700 2.4400 -4.0889 1.2200 -1.0789 1.65 -8.98 3.55 173 395 373 434 207 
0.7405 -0.6365 0.0472 -0.2104 34.94 12.38 82.94 4.34 -5.51 -4.96 2.3300 3.1400 -6.9800 -3.1211 0.7722 -0.6433 2.67 -9.35 -1.22 172 394 360 433 208 
0.5916 -0.7552 0.0978 -0.2647 47.38 16.37 98.81 3.69 -7.39 -9.85 0.9200 2.0900 -8.9700 2.9711 -1.3044 0.0878 2.63 -9.44 0.01 174 392 361 434 209 
0.7654 -0.6060 0.0157 -0.2161 24.00 12.56 61.38 2.36 2.15 18.97 -3.2100 9.3500 14.8700 3.4956 -1.5978 1.4411 1.75 -6.22 7.36 173 391 374 425 206 
0.9318 -0.3444 -0.0793 -0.0834 11.06 11.94 41.13 2.23 -5.73 8.07 -0.4000 0.5800 0.1600 -0.4989 0.2900 -0.5178 2.17 -6.57 6.93 173 391 371 423 209 
;
