0.9371 0.0385 -0.2480 -0.2427 29.00 26.44 -12.38 4.43 1.92 8.64 0.0300 0.0400 0.0500 -0.0044 -0.0033 0.0000 4.37 1.88 8.57 163 324 340 362 204 
0.9371 0.0385 -0.2480 -0.2427 29.00 26.44 -12.38 4.36 1.93 8.64 -0.0100 0.0500 0.0700 0.0044 -0.0044 0.0033 4.37 1.88 8.57 165 325 340 362 203 
0.9368 0.0383 -0.2487 -0.2428 29.06 27.75 -12.94 2.71 1.66 9.65 -1.8300 -0.5200 2.3300 2.5567 -4.7178 0.2533 6.72 3.00 6.48 168 338 342 362 212 
0.8046 0.0842 -0.5602 -0.1783 21.62 69.37 -48.50 13.07 2.06 0.82 -1.9000 -0.4300 -2.5200 -0.9956 -6.0856 6.2989 9.52 -1.75 -1.53 183 344 352 382 215 
0.5366 -0.2709 -0.7938 0.0927 336.62 49.00 132.87 0.48 -2.52 0.33 -5.6100 2.5800 5.2300 -1.9911 -1.7567 1.5722 5.86 -4.93 -6.12 189 295 293 330 215 
0.3120 -0.4323 -0.8428 0.0744 55.69 24.75 158.56 4.54 -1.86 -8.75 0.3300 0.6800 -1.0000 -1.8144 -0.7544 -0.4022 3.83 -1.72 -8.85 192 301 288 353 220 
0.2036 -0.4554 -0.8656 -0.0436 55.13 23.00 173.94 6.27 -0.88 -11.11 1.7300 -0.3400 -1.6500 0.2911 0.2922 0.0022 4.10 -1.01 -8.84 192 306 291 354 221 
0.2275 -0.4487 -0.8625 -0.0532 54.75 26.50 172.44 4.80 -1.01 -7.73 0.3200 0.0700 0.8400 -0.0944 0.4222 -0.0689 4.60 -1.14 -8.58 191 310 294 356 221 
0.2452 -0.4399 -0.8615 -0.0655 53.44 29.25 174.12 7.39 -1.36 -10.94 3.9800 0.2600 -2.7700 -0.1144 1.8144 -0.0567 5.73 -0.74 -7.91 180 295 300 353 222 
0.3544 -0.4173 -0.8302 -0.1052 30.31 48.31 166.25 8.68 -2.19 -11.18 0.9800 0.1000 -5.3400 3.6111 3.7278 0.7433 8.57 -3.16 -3.55 165 353 339 402 216 
0.6599 -0.3013 -0.6882 0.0074 351.44 64.00 89.25 4.86 -1.29 -0.85 -4.5800 3.9200 -0.7900 4.8322 1.1578 0.9956 8.35 -4.32 2.76 181 393 360 425 217 
0.7822 -0.0840 -0.5662 0.2460 321.87 58.06 47.25 7.01 -0.21 5.76 -1.8800 2.2600 1.5300 0.9844 -0.4122 -0.1622 8.55 -3.31 3.46 187 384 342 417 219 
0.7672 0.0188 -0.5698 0.2940 318.44 62.50 40.19 9.03 -0.66 3.62 0.0300 2.0300 -0.1500 -0.1711 -0.0444 -0.3567 8.74 -2.69 3.51 192 372 351 413 220 
0.7922 0.0082 -0.5541 0.2556 327.00 61.00 33.38 9.21 0.44 4.52 0.6000 3.5000 0.3100 -1.4378 0.8811 -0.3811 8.38 -2.80 4.24 190 357 353 418 222 
0.8231 -0.0854 -0.5310 0.1822 334.69 56.69 43.13 8.00 -2.58 2.91 -1.1100 -0.4500 -2.0700 -0.0367 -2.6556 2.7100 7.88 -5.14 2.74 184 289 307 330 206 
0.7324 -0.1976 -0.5724 0.3115 313.50 41.31 69.19 2.83 -8.92 4.02 -3.3200 -2.1400 0.8500 -3.4000 1.0944 -0.0689 6.08 -7.54 1.45 180 274 281 329 212 
0.7104 -0.3868 -0.5516 0.2037 330.87 39.31 84.87 5.76 -8.43 -0.84 0.5100 -0.3900 -1.1100 -0.3433 0.0478 -0.1967 6.36 -7.45 0.43 183 278 285 332 211 
0.7036 -0.4188 -0.5534 0.1531 335.31 40.44 87.00 6.41 -7.49 0.22 0.1600 -0.0300 -0.0800 0.1411 -0.0711 0.0211 6.36 -7.44 0.40 184 282 288 329 212 
0.7074 -0.4156 -0.5507 0.1535 335.31 40.69 86.37 6.30 -6.75 0.76 -0.1800 0.7400 0.3000 0.0211 -0.0189 -0.0511 6.41 -7.40 0.44 180 284 283 313 207 
;
0.7047 -0.4134 -0.5572 0.1482 335.50 42.56 87.00 -1.66 -2.96 0.13 -8.5300 3.9400 -0.4800 -1.2178 2.1000 -4.7011 8.27 -5.19 0.88 167 288 292 304 201 
0.7834 -0.2601 -0.5544 -0.1053 22.94 65.37 19.31 13.45 4.87 7.95 9.4100 5.3600 7.8100 3.1556 6.7778 -2.2222 7.04 1.25 6.70 176 340 344 387 206 
0.9112 0.0222 -0.3478 -0.2199 26.69 32.56 -14.75 1.40 5.46 11.72 -2.1200 0.9200 7.3700 -1.1067 -1.7422 -0.3233 4.95 1.77 8.27 173 340 350 386 208 
0.9344 0.0270 -0.2653 -0.2361 28.31 28.69 -11.25 4.43 2.03 8.16 -0.0400 0.3200 -0.3600 -0.3178 -0.2811 -0.0467 4.89 1.50 8.36 169 336 348 373 209 
0.9304 0.0071 -0.2740 -0.2436 29.44 30.44 -9.75 4.77 1.32 8.76 -0.1500 0.0000 0.0900 0.0744 -0.0411 -0.0433 4.97 1.48 8.31 168 337 346 374 210 
0.9289 0.0094 -0.2768 -0.2459 29.44 30.69 -10.38 5.07 1.71 8.21 0.0000 0.2000 0.0000 0.0133 -0.0178 -0.0156 5.01 1.54 8.28 169 336 346 371 211 
0.9293 0.0136 -0.2797 -0.2408 28.69 31.06 -11.06 4.43 1.35 9.89 0.0800 0.1600 2.5100 1.7033 -2.6267 0.1733 6.16 2.33 7.26 176 330 342 377 213 
0.8703 0.0363 -0.4533 -0.1891 21.75 62.94 -18.94 12.58 1.48 6.83 -0.9500 0.0900 2.2200 -3.1089 -8.3644 5.1989 9.24 -2.36 -2.27 189 298 278 307 202 
0.4633 -0.3752 -0.8024 0.0269 343.62 35.56 148.69 -0.68 -1.56 -2.82 -4.2900 2.9900 4.4500 -1.4844 -2.0700 1.3078 3.80 -3.76 -8.21 192 304 286 324 210 
0.2293 -0.5096 -0.8285 0.0368 63.25 18.62 165.62 4.56 -1.10 -12.88 0.1100 1.1500 -4.4000 -0.9711 -0.3422 -0.2867 3.10 -1.41 -9.19 190 310 292 326 213 
0.1813 -0.5120 -0.8392 -0.0248 62.56 19.50 170.69 4.35 -1.99 -8.54 0.5300 -0.2800 0.7200 0.2700 0.1256 -0.0111 3.44 -1.68 -9.02 190 311 292 328 211 
0.2010 -0.5093 -0.8365 -0.0181 62.75 20.94 169.19 3.58 -1.74 -8.60 0.3100 -0.0800 0.3400 0.0778 0.0900 -0.0244 3.57 -1.72 -8.96 191 313 292 330 213 
0.2084 -0.5076 -0.8357 -0.0210 62.38 22.00 169.00 3.97 -1.52 -8.80 0.8800 0.3000 -0.4000 -0.0011 0.0367 -0.0100 3.72 -1.74 -8.90 186 314 283 324 209 
0.2554 -0.5067 -0.8228 -0.0303 60.69 33.56 163.12 11.14 -4.31 -13.18 1.4500 -0.9400 -8.0400 4.5700 4.1122 -0.4822 7.85 -3.59 -4.65 159 327 319 376 210 
0.6342 -0.3234 -0.7014 0.0366 347.00 60.81 92.00 2.36 -0.50 0.14 -7.0400 5.4200 0.6400 5.2022 1.0744 -0.0922 8.37 -4.02 3.14 182 398 362 427 216 
0.8049 -0.0692 -0.5429 0.2293 326.44 56.69 39.31 6.26 0.47 6.15 -1.6600 3.3800 0.8800 0.0378 -0.3633 -0.0311 8.30 -3.33 4.01 188 380 356 416 219 
0.8016 -0.0500 -0.5464 0.2374 328.25 58.25 40.00 10.18 -0.84 3.33 1.9000 2.7400 0.4300 -1.5289 1.0333 0.0356 7.94 -3.64 4.44 184 351 346 416 222 
0.8406 -0.1389 -0.5002 0.1548 339.94 53.19 41.81 7.68 -2.86 3.38 -1.4900 1.2200 -0.4500 -0.7989 -1.7000 1.0533 8.01 -4.88 2.83 183 315 342 383 216 
0.7314 -0.2159 -0.5986 0.2450 319.06 45.44 75.56 3.29 -7.55 3.05 -2.0700 -0.1400 1.8500 -3.3056 0.5389 1.8756 5.84 -7.86 0.32 179 280 291 340 212 
0.6423 -0.4294 -0.5908 0.2322 320.75 33.06 97.37 4.85 -9.09 -2.48 -0.0800 -1.1900 -1.4100 -0.9956 -0.3167 0.0678 5.23 -8.05 -1.98 184 291 294 350 216 
0.5866 -0.4891 -0.6151 0.1958 322.87 31.87 106.81 6.21 -8.24 -3.96 0.8200 -0.1800 -1.2100 0.0711 0.0222 -0.0767 5.22 -7.92 -2.47 187 297 297 353 216 
0.5848 -0.4880 -0.6187 0.1923 323.75 32.56 106.06 5.07 -7.18 -2.31 0.2500 0.6400 0.1500 0.1956 0.3289 -0.0800 5.35 -7.94 -2.07 187 299 297 351 215 
0.6131 -0.4776 -0.6038 0.1775 329.31 36.31 103.12 -3.26 -5.20 -0.18 -11.9100 3.4900 1.2300 -0.7911 0.7544 -3.6467 7.45 -6.12 -1.76 170 285 298 311 209 
0.7029 -0.3328 -0.6226 -0.0869 27.69 73.00 33.31 14.08 5.98 4.39 0.4500 4.3100 2.5100 2.1500 6.5544 -1.4700 7.14 1.22 6.60 171 318 311 368 210 
;
