0.9630 0.0273 -0.2237 -0.1483 17.56 24.50 -7.69 3.14 1.43 9.16 -0.8000 0.1900 0.2500 -0.0056 0.0244 0.0089 3.86 1.24 8.92 165 341 339 358 201 
0.9667 0.0336 -0.2050 -0.1490 17.50 22.81 -7.87 3.35 1.50 9.05 -0.4000 0.3000 0.1200 0.0544 -0.2100 -0.0444 3.88 1.32 8.90 165 338 339 357 201 
0.9619 0.0393 -0.2228 -0.1537 18.50 26.25 -9.88 3.34 1.59 8.72 -2.1900 -0.0300 0.7000 1.0956 -4.5489 0.1767 6.47 1.97 7.09 168 317 319 356 200 
0.8406 0.0412 -0.5256 -0.1245 15.44 70.81 -35.44 11.70 1.70 0.86 2.3000 0.2400 -0.8000 0.5644 -4.5278 2.3489 9.66 0.51 -1.56 181 324 332 350 204 
0.5666 -0.0378 -0.8223 0.0377 346.81 65.12 156.00 10.41 -1.98 -2.78 0.4600 0.4300 1.3700 1.0456 -1.3111 2.7289 7.94 -3.61 -4.46 191 333 331 364 209 
0.4841 -0.1728 -0.8408 0.1697 319.94 45.56 135.87 3.65 -1.62 -0.81 -3.7100 3.5100 4.9100 -2.7544 -1.4811 1.8578 5.49 -4.62 -6.67 194 265 253 308 200 
0.3465 -0.3496 -0.8651 0.0970 45.19 31.37 154.94 4.82 -0.83 -7.25 0.6000 2.3800 0.1700 -2.5089 -0.2889 -0.3956 4.76 -2.00 -8.33 196 272 261 321 202 
0.2567 -0.3821 -0.8871 -0.0335 46.56 28.62 172.19 6.89 -1.65 -10.73 1.5700 -0.4500 -1.7900 0.0567 -0.0289 0.0956 4.65 -1.16 -8.55 195 279 274 322 203 
0.2524 -0.3906 -0.8845 -0.0378 47.88 28.37 171.12 5.32 -1.36 -7.44 0.0900 -0.0700 0.9600 0.0411 0.1233 0.0267 4.71 -1.40 -8.48 194 279 271 322 200 
0.2499 -0.3939 -0.8839 -0.0331 48.06 28.12 170.87 7.34 -0.50 -14.06 3.9200 0.8300 -5.3200 1.0589 3.4333 1.1911 5.99 -2.24 -7.43 196 370 193 201 146 
0.4492 -0.4323 -0.7819 0.0010 351.25 45.25 135.19 5.82 -2.69 -2.43 -2.5300 2.6600 1.6200 3.6156 2.4578 1.9756 6.66 -7.01 -1.55 116 405 190 198 138 
0.6501 -0.3851 -0.6205 0.2097 320.87 39.50 91.50 5.12 -6.90 1.21 -0.4100 0.7900 1.1900 2.8556 0.1611 -0.1656 6.25 -7.43 1.30 123 398 194 202 145 
0.7113 -0.2362 -0.5669 0.3419 307.31 40.94 71.56 6.78 -4.94 7.23 -0.9200 2.1500 4.1400 -2.3200 0.2156 -0.0367 6.32 -7.35 1.41 122 406 199 207 146 
0.6572 -0.2999 -0.6228 0.3004 310.75 39.44 88.62 6.90 -7.98 -2.29 1.1500 -0.2600 -2.1800 1.5544 -0.4133 -0.2300 6.31 -7.47 0.58 127 396 200 211 150 
0.6779 -0.2327 -0.6015 0.3530 303.00 41.25 76.94 8.36 -4.68 7.10 0.4600 1.8400 3.1600 -0.7756 1.1256 -0.1667 6.43 -7.20 1.66 134 402 204 215 152 
0.6835 -0.2573 -0.6057 0.3159 314.31 42.88 79.75 4.48 -5.47 3.63 -2.9000 1.5600 0.9800 -0.4622 4.8000 -4.0989 7.73 -4.93 3.47 164 369 217 222 155 
0.9059 -0.1658 -0.3888 -0.0241 10.56 37.00 10.88 5.95 1.84 4.07 0.3700 2.5100 -2.8500 3.1344 3.1756 -0.4622 4.04 1.01 8.87 180 373 340 383 197 
;
