0.8105 -0.0545 -0.4601 -0.3583 47.69 51.69 -22.87 7.54 2.39 5.67 -0.0900 0.0700 0.0800 0.0689 -0.0267 0.0589 7.71 2.36 5.57 162 305 295 310 207 
0.8109 -0.0538 -0.4617 -0.3554 47.31 51.88 -22.94 7.61 2.37 5.60 -0.0900 0.0200 0.1000 0.0067 -0.0044 0.0044 7.71 2.36 5.57 164 305 296 312 206 
0.8110 -0.0538 -0.4615 -0.3555 47.31 51.88 -22.94 7.73 2.34 5.52 0.0400 -0.0200 -0.0600 -0.0011 0.0533 -0.0033 7.71 2.36 5.57 164 305 294 312 206 
0.8101 -0.0535 -0.4641 -0.3544 47.13 52.50 -23.56 8.36 2.47 6.71 0.6900 -0.0100 2.0500 0.8200 -2.2456 0.5267 8.60 2.18 4.16 166 315 312 325 208 
0.7603 -0.1360 -0.5820 -0.2546 27.06 83.81 3.37 11.57 -2.06 -2.78 -0.0900 -0.8500 -1.4500 2.0644 -8.9767 6.1744 7.05 -5.12 -4.47 186 309 298 383 209 
0.4131 -0.3884 -0.8002 0.1950 305.62 27.37 133.81 -1.64 -3.95 6.24 -4.8700 2.6900 12.7600 -2.9300 -0.5544 0.5833 3.85 -5.01 -7.49 193 297 293 363 216 
0.2336 -0.4880 -0.8389 0.0594 60.06 18.25 166.87 3.17 4.85 -23.03 1.7200 4.4600 -14.4300 -0.1211 -0.7967 0.3867 2.61 -1.00 -9.39 192 307 297 366 217 
0.1649 -0.5070 -0.8459 -0.0082 61.88 17.44 169.31 3.94 -3.25 -7.83 0.1700 -0.7200 1.6800 0.3811 0.1200 0.1144 3.20 -2.03 -9.04 192 306 304 366 216 
0.2065 -0.5061 -0.8374 -0.0011 62.06 21.44 167.37 5.24 -2.76 -11.19 2.8100 -1.2800 -3.8500 0.4189 1.8289 -0.2333 4.65 -2.13 -8.36 178 266 244 261 187 
0.4132 -0.4938 -0.7640 -0.0403 7.25 49.38 136.12 11.11 -3.63 -8.46 -1.0900 1.2400 -7.3600 3.5444 8.2556 2.9367 7.21 -6.40 1.78 147 304 151 167 124 
0.8464 -0.4199 -0.3275 -0.0030 358.00 25.56 54.25 -1.36 -3.28 4.72 -5.3100 3.3300 -1.6400 2.4411 2.1456 1.7044 1.88 -6.30 7.26 115 288 156 166 118 
0.9460 -0.2913 -0.1066 0.0941 348.12 6.62 32.38 -0.96 -3.19 7.21 -1.4300 1.6900 0.2400 1.1878 -0.1567 0.4556 0.98 -4.48 8.66 116 289 154 168 121 
0.9642 -0.2139 -0.0814 0.1341 343.19 5.94 25.75 1.40 -3.12 10.02 -0.3000 0.8300 0.7700 -0.1011 -0.0844 0.3578 1.03 -4.30 8.74 117 296 154 171 123 
0.9626 -0.2179 -0.0728 0.1439 343.50 4.62 26.69 1.82 -2.21 10.11 0.8900 2.4500 1.3400 -0.5789 0.6922 -0.7400 0.68 -4.73 8.56 120 294 158 170 125 
0.9597 -0.2604 -0.0599 0.0866 351.25 3.75 32.38 0.94 -4.34 7.29 0.1200 0.9600 -0.8900 -0.9033 0.3467 -0.6889 0.43 -5.84 7.85 119 288 159 172 126 
0.9398 -0.3381 -0.0397 0.0309 355.31 3.06 41.94 0.64 -7.41 5.92 -0.6200 -0.9500 -1.4700 -1.7944 0.3033 0.6400 0.11 -7.40 6.43 122 290 161 174 128 
0.8917 -0.4468 -0.0266 0.0681 349.69 -1.00 54.44 -3.60 -10.61 4.33 -2.9100 -1.9500 -0.2900 0.0256 -0.0056 -0.1644 -0.07 -8.02 5.63 126 293 166 176 135 
0.8838 -0.4594 -0.0473 0.0758 350.62 1.69 55.25 -1.47 -6.81 4.17 -2.3200 1.9400 -1.6700 -0.4611 -1.4744 -0.8833 1.28 -8.16 5.27 152 302 181 195 166 
;
0.8625 -0.4771 -0.1640 0.0404 358.00 19.94 61.00 -0.45 -2.06 -0.25 -4.0400 5.5500 -4.1000 0.9211 0.3378 -5.8978 6.60 -5.32 4.91 161 293 267 279 192 
0.8589 -0.2505 -0.3701 -0.2501 35.06 50.31 9.44 14.97 6.36 11.74 8.7500 8.1200 10.4000 3.5078 -1.6767 -1.3556 7.86 1.13 5.74 171 309 311 336 197 
0.8483 -0.0911 -0.4416 -0.2777 36.50 52.75 -8.69 7.37 0.33 7.68 -0.5700 -0.9100 1.1300 0.0778 -0.1222 -0.1433 7.80 0.97 5.85 180 319 323 357 206 
0.8367 -0.1030 -0.4739 -0.2543 29.50 67.44 -0.69 12.72 -2.44 0.69 3.4000 -2.1100 -1.3400 1.0556 -8.3078 5.7711 8.87 -3.62 -2.06 190 331 327 394 208 
0.4989 -0.3548 -0.7835 0.1068 330.94 38.38 136.62 1.43 -3.16 1.38 -5.8800 2.6200 6.8900 -2.4456 -0.8456 0.6433 5.18 -4.70 -6.86 194 283 299 369 215 
0.3239 -0.4825 -0.8129 0.0379 61.38 28.37 160.69 1.41 0.23 -8.20 0.8800 2.7700 -1.6400 -2.4822 -1.6256 -0.7244 3.98 -0.53 -8.94 191 300 311 372 217 
0.1647 -0.4883 -0.8514 -0.0980 59.94 22.12 179.81 5.90 -0.56 -11.29 1.7100 -0.6800 -0.3400 0.5333 0.4111 0.0244 3.81 -0.33 -9.02 194 304 294 373 217 
0.1846 -0.4846 -0.8513 -0.0801 59.38 22.81 176.87 4.34 -0.80 -8.73 1.0600 0.0800 -0.2700 -0.0178 0.5478 0.0567 4.14 -0.52 -8.87 191 299 310 360 209 
0.2427 -0.4922 -0.8300 -0.0994 63.06 34.56 171.87 10.04 -3.56 -12.82 4.1200 -1.6000 -4.0600 3.0444 4.7767 2.0422 7.52 -3.33 -5.33 184 345 198 222 170 
0.6162 -0.4929 -0.6066 -0.0969 13.25 54.50 93.19 4.81 -4.35 -4.04 2.8100 4.4300 -5.6000 1.0178 7.9078 6.0989 4.36 -7.75 4.11 132 328 159 173 121 
0.9087 -0.3862 -0.1530 0.0424 350.25 11.56 41.88 -1.13 -0.37 6.94 -1.5100 4.9700 -0.0500 2.3022 1.3711 0.8478 1.01 -4.75 8.51 123 313 161 174 124 
0.9620 -0.2194 -0.0729 0.1448 341.62 3.44 24.94 -1.12 -2.17 9.39 -1.8400 2.6400 0.8600 0.1278 -0.3767 0.6411 0.50 -3.94 8.96 125 304 161 176 124 
0.9575 -0.2014 -0.0657 0.1957 336.94 2.87 24.75 -1.57 -2.29 9.03 -0.4600 2.3800 1.0300 -0.3300 1.1033 -0.6056 0.32 -4.36 8.77 126 306 160 176 125 
0.9593 -0.2375 -0.0485 0.1450 344.75 1.31 28.81 1.08 -2.36 10.24 0.9400 2.8900 1.8800 -0.8444 0.4633 -1.0622 0.34 -5.19 8.31 125 302 162 178 128 
0.9527 -0.2953 -0.0411 0.0584 353.94 3.31 36.44 2.49 -5.63 6.88 1.6900 0.2500 -1.0600 -1.2811 0.4711 -0.2833 0.68 -6.55 7.26 126 300 164 178 127 
0.9206 -0.3859 -0.0498 0.0342 355.94 3.50 47.19 -2.22 -9.72 5.85 -2.9800 -2.2800 -0.6200 -0.4644 -0.5811 0.2211 0.65 -7.47 6.31 128 305 166 179 129 
0.9032 -0.4242 -0.0519 0.0394 354.69 4.19 50.63 -1.86 -6.97 3.46 -3.5300 0.9500 -3.2800 0.3056 -0.6256 -1.1667 1.59 -7.38 6.24 149 269 170 187 139 
0.9089 -0.3901 -0.1423 -0.0379 8.44 20.75 44.81 1.84 0.07 -1.60 0.1200 6.9600 -6.7600 3.1978 -1.4489 -4.6833 6.21 -2.87 7.01 160 285 214 231 178 
;
