0.9445 0.0419 -0.2322 -0.2286 27.19 24.69 -11.75 3.89 1.85 8.81 -0.1600 0.0600 0.1500 0.0300 0.0344 0.0144 4.08 1.86 8.71 162 324 336 360 203 
0.9389 0.0759 -0.2549 -0.2184 25.62 28.00 -19.62 4.55 2.24 10.83 1.8900 0.8000 3.7700 3.3556 -2.2889 0.8022 6.18 4.39 6.21 179 321 309 368 208 
0.8510 0.1973 -0.4713 -0.1213 9.88 58.13 -45.38 8.54 3.05 2.27 -1.2200 -0.3700 0.0800 -0.5767 -5.0456 7.7456 9.71 -1.34 0.18 188 322 329 357 201 
0.6068 -0.1177 -0.7598 0.2014 314.69 50.44 116.69 -1.25 -1.27 1.66 -6.1000 4.1800 4.7400 -4.1522 -3.2944 3.1500 4.52 -5.90 -6.38 190 272 264 339 216 
0.2634 -0.4153 -0.8592 0.1414 53.00 16.19 158.50 2.09 0.83 -14.06 2.9900 4.8300 -8.2900 -3.2044 -0.2900 -0.2267 2.25 -0.95 -9.49 191 299 277 361 223 
0.1223 -0.4379 -0.8903 -0.0276 52.44 14.63 176.31 5.07 -1.82 -10.38 1.3900 -1.1200 -0.3600 0.4178 0.4822 0.2567 2.89 -0.94 -9.32 191 300 280 360 223 
0.1650 -0.4474 -0.8787 -0.0192 54.13 18.37 172.56 1.67 -1.20 -8.24 -0.3900 0.2400 0.9400 -0.0033 0.1756 -0.0578 3.17 -1.25 -9.19 191 306 281 364 224 
0.1742 -0.4450 -0.8782 -0.0173 53.63 20.00 173.12 6.86 -1.18 -12.73 4.3600 0.1100 -4.4900 0.0156 1.7978 0.1522 4.43 -1.19 -8.66 193 300 293 360 219 
0.2932 -0.4857 -0.8221 -0.0474 69.31 33.13 158.12 16.10 -2.26 -5.29 11.2800 5.2600 2.7800 2.8522 8.7867 7.4900 5.34 -7.02 -4.26 172 352 348 410 207 
0.6235 -0.7310 -0.2725 -0.0526 16.31 17.50 99.56 -2.07 -2.25 -5.49 -4.6900 6.5300 -4.0800 -0.8822 3.5467 2.3067 1.01 -9.63 -1.51 174 408 384 442 207 
0.6147 -0.7635 0.1260 -0.1526 29.62 5.00 102.50 -1.03 -7.95 -5.88 -0.6600 1.0400 -2.5400 -0.2489 -0.7278 -0.5100 1.18 -9.42 -2.42 173 407 372 442 211 
0.5850 -0.7927 0.0860 -0.1486 28.31 8.69 104.75 1.41 -9.29 -7.39 -0.0600 -0.5400 -6.3300 1.8244 -0.7522 -0.5967 1.92 -9.54 -1.18 169 402 373 437 212 
0.7122 -0.6869 -0.0298 -0.1417 19.94 15.31 77.69 0.49 2.10 -6.58 -0.1900 13.9100 -7.6300 8.3544 -2.6933 -1.6311 4.06 -6.37 6.24 169 399 369 433 210 
0.9550 -0.1669 -0.2361 -0.0659 5.00 30.69 5.44 11.99 10.87 21.82 1.8200 9.4100 9.9300 4.9267 1.7500 0.7900 4.64 2.73 8.19 168 393 371 425 210 
0.9465 0.1899 -0.2589 0.0323 355.62 29.00 -23.75 4.63 3.67 10.18 0.7000 0.1600 2.3700 -0.2211 -0.7189 -0.2722 4.85 3.39 7.81 170 392 369 421 211 
0.9494 0.1809 -0.2552 0.0267 356.81 30.25 -21.87 3.91 3.41 7.28 -0.9900 0.4200 -0.4200 -0.1767 0.1022 0.0000 4.89 3.00 7.94 170 388 368 422 212 
;
0.9531 0.0990 -0.0982 -0.2686 30.75 7.25 -15.38 0.85 2.95 9.52 -1.0000 0.0800 0.2000 0.9933 0.2300 0.2544 0.99 3.31 9.17 168 345 350 393 212 
0.9525 0.1581 -0.0962 -0.2420 28.56 6.31 -20.19 1.02 3.45 9.49 -0.1400 0.0900 0.3800 0.0178 0.0033 0.0178 1.09 3.34 9.15 169 344 353 393 211 
0.9515 0.1616 -0.1011 -0.2413 28.37 6.37 -23.06 0.42 5.14 16.06 -2.4100 1.2700 7.1000 4.4722 -1.7000 0.6356 2.19 6.15 7.31 180 350 349 373 212 
0.9031 0.2765 -0.2364 -0.2281 25.44 26.25 -34.75 -0.33 1.70 2.09 -8.7800 -4.7300 -6.4200 -2.2933 -8.3422 8.8989 9.18 -1.52 3.07 183 329 336 383 207 
0.6194 -0.1979 -0.7370 0.1843 320.56 46.56 121.94 1.47 -2.87 -2.29 -5.7700 3.1600 0.2100 -5.4122 -4.5333 2.2644 4.44 -4.25 -7.63 189 265 243 341 220 
0.2372 -0.4476 -0.8611 0.0429 55.56 20.12 165.69 4.46 0.40 -12.02 3.8700 0.4600 -3.9000 -1.6133 -0.3189 -0.4000 3.01 -0.88 -9.29 191 286 258 355 224 
0.1500 -0.4577 -0.8750 -0.0492 55.56 18.06 177.00 2.54 0.07 -10.34 0.0900 0.3500 -0.8400 0.2033 0.1011 0.1500 3.17 -0.68 -9.25 191 292 260 353 223 
0.1703 -0.4655 -0.8674 -0.0437 56.38 20.25 174.69 3.74 -1.08 -8.13 0.3700 -0.1200 0.8200 -0.0111 0.1689 -0.0567 3.49 -0.86 -9.12 191 295 280 352 223 
0.1898 -0.4566 -0.8675 -0.0535 55.44 22.87 175.06 15.32 -0.39 -14.03 13.8700 0.3700 -7.8500 0.2911 7.8122 2.0300 6.98 -1.55 -6.70 151 295 265 310 205 
0.5276 -0.4790 -0.6879 -0.1380 27.25 61.94 107.12 5.00 2.74 -1.89 -4.0000 7.9600 -2.7500 -0.8867 9.0844 5.2933 5.02 -7.66 3.48 168 391 365 431 206 
0.7956 -0.5717 -0.0042 -0.2003 30.62 8.13 74.87 -1.85 -3.39 -1.73 -1.2300 5.3100 -3.3400 -3.8122 0.3011 0.4422 0.69 -9.76 -0.60 168 402 377 435 209 
0.6134 -0.7479 0.1675 -0.1906 35.00 5.12 102.56 1.68 -8.79 -5.57 -0.2400 -0.3900 -4.3600 -0.7489 0.1433 -0.2311 1.16 -9.32 -2.79 164 398 376 434 208 
0.5598 -0.7852 0.1689 -0.2040 39.88 7.87 106.50 0.68 -8.83 -8.78 -0.5200 1.2600 -7.5300 1.4067 -0.7778 -0.4856 1.54 -9.48 -1.93 164 395 368 431 210 
0.6802 -0.7033 0.0680 -0.1950 29.19 11.19 84.69 5.19 -3.38 -3.58 2.5200 7.4300 -5.6200 7.4911 -2.1633 -0.0156 2.56 -7.42 5.86 161 392 356 422 209 
0.9471 -0.2736 -0.1351 -0.0992 9.06 20.19 18.87 4.38 9.32 9.02 -0.3000 10.5000 -0.4000 6.2944 -1.2689 0.3422 3.75 1.35 8.95 161 389 361 418 210 
0.9696 0.1608 -0.1841 0.0126 357.62 21.62 -22.19 -5.72 5.92 13.60 -8.2500 1.8900 6.8800 -0.6289 -1.6322 -0.4578 3.25 3.47 8.57 159 386 371 413 209 
0.9667 0.1883 -0.1729 0.0114 358.69 19.81 -23.12 3.69 3.65 8.21 0.2900 0.1100 0.0400 -0.0011 0.1389 0.0233 3.26 3.67 8.48 162 383 370 413 209 
0.9677 0.1895 -0.1659 0.0092 359.19 18.56 -21.81 1.20 7.13 8.12 -1.7200 3.8900 -1.4000 -1.8222 -0.1278 -1.1456 2.96 2.50 9.00 165 333 352 363 206 
0.9783 0.0959 -0.1587 -0.0928 13.75 15.00 -13.13 4.88 0.20 8.13 2.4800 -1.8900 -0.7900 1.4211 1.1778 -0.9889 1.66 3.03 9.17 175 368 358 391 211 
;
