0.5804 0.1917 0.0815 0.7872 255.00 14.81 -18.44 4.81 -0.27 9.37 1.9300 -2.3900 0.1400 -0.0956 -0.3689 -0.2456 2.89 2.82 8.93 163 289 293 295 196 
0.6129 0.2114 0.0189 0.7612 257.81 17.44 -17.44 1.74 3.06 8.50 -1.0600 0.4200 -0.8500 -0.2933 -0.9311 -0.2200 3.42 2.63 8.80 159 288 288 292 194 
0.6199 0.2272 -0.0116 0.7509 259.00 20.69 -16.37 3.37 3.04 8.74 -0.2100 -0.1900 0.5400 0.2344 0.3944 0.1233 3.33 2.70 8.81 163 279 283 294 190 
0.5453 0.3835 -0.0340 0.7446 252.81 51.00 -35.06 22.72 1.89 1.82 10.8400 -1.4700 -3.0900 1.4622 -1.2133 2.4667 8.98 2.25 3.20 177 221 182 187 125 
0.2701 0.5999 -0.1884 0.7291 208.12 81.69 31.81 4.76 6.87 -5.71 -5.2600 10.7200 -2.0700 6.8578 -1.1478 5.0822 8.36 -4.98 1.14 200 199 177 188 127 
-0.2432 0.5684 -0.1469 0.7722 141.50 54.44 54.56 -2.62 2.22 16.55 -10.3800 5.9500 12.3100 -2.4211 -2.0467 -2.1589 8.84 -3.81 1.81 203 179 177 187 128 
-0.0898 0.6771 -0.0659 0.7274 178.81 83.94 5.12 25.03 6.94 -13.12 16.1000 7.5000 -12.5300 0.0589 -0.8556 -0.3456 9.79 0.14 0.35 203 184 180 189 130 
0.0323 0.6995 -0.0557 0.7118 184.12 87.06 2.81 7.39 -0.95 1.52 -1.8300 -0.1400 1.1700 0.1533 0.3500 0.0000 9.78 -0.61 0.28 203 184 184 191 132 
0.0207 0.6937 -0.0595 0.7175 183.69 86.50 3.00 10.22 0.48 0.07 0.0800 0.8300 -0.5000 -0.1822 -0.0622 0.0078 9.79 -0.50 0.23 202 187 183 193 134 
0.0394 0.6970 -0.0733 0.7123 187.00 87.19 2.44 8.86 0.59 0.88 -1.0200 1.2500 0.9700 -1.2944 0.1556 -0.3178 9.79 -0.21 0.37 193 211 192 202 146 
0.1258 0.6737 -0.1131 0.7194 205.25 84.12 -1.81 13.71 0.88 1.63 4.4000 -0.4600 -0.3400 -1.5733 3.0867 -0.3333 9.28 0.61 3.09 178 338 267 267 177 
0.2806 0.4869 -0.1562 0.8123 218.12 59.25 2.06 12.92 0.90 5.03 7.7800 3.9200 2.9200 -4.1967 2.1200 2.5489 7.54 -2.72 5.64 176 356 345 366 194 
0.2255 0.3587 -0.4145 0.8054 206.06 47.63 67.06 8.10 -1.38 0.56 -1.9900 4.7300 -2.6300 -3.1589 0.7689 4.5767 4.71 -8.55 0.85 171 292 272 279 177 
0.0377 0.1660 -0.6779 0.7151 182.37 9.00 90.25 -3.77 -6.89 -1.40 -5.4500 2.3300 -0.3800 -0.5811 0.2067 2.6189 -0.91 -9.74 -0.59 167 281 264 281 179 
-0.0735 -0.0157 -0.7379 0.6707 166.62 -6.62 95.19 0.28 -8.31 0.00 1.4300 1.2200 0.5900 -0.0656 0.1411 -0.1256 -0.93 -9.72 -0.84 168 291 271 285 180 
-0.0826 0.0433 -0.7425 0.6633 163.56 -2.00 97.12 -2.86 -11.38 -1.50 -4.1900 -0.8700 -1.1000 -0.4544 -3.7711 -2.8411 1.34 -9.55 -1.75 169 292 263 267 172 
-0.1484 0.4211 -0.6692 0.5940 146.56 23.12 108.87 3.89 -4.08 -8.13 0.9000 3.8400 -4.3700 1.5478 -8.8900 -5.5467 4.65 -7.04 -4.98 171 282 258 265 175 
-0.3128 0.8776 -0.2091 0.2969 76.87 21.00 135.37 3.60 -4.05 -9.71 2.3900 1.9500 -3.1700 1.2478 -3.1867 -1.8600 2.96 -6.56 -6.65 171 285 262 264 177 
-0.3856 0.9089 -0.0068 0.1587 40.44 15.88 131.12 3.07 -5.88 -5.97 1.0300 1.1700 0.2600 0.5578 -0.4011 -0.3844 2.74 -7.35 -5.87 170 290 267 270 181 
-0.4208 0.8950 0.0251 0.1459 40.00 16.75 129.06 3.02 -6.27 -5.47 1.2700 1.4700 0.3200 -0.6633 1.0800 0.1600 3.18 -7.08 -5.98 173 290 270 273 183 
;
