0.1590 0.0463 0.1787 0.9698 198.19 1.75 -21.31 -0.30 3.51 9.23 -0.1500 0.1500 0.1100 0.4356 -0.1689 0.2556 0.44 3.80 9.02 157 302 287 289 189 
0.1263 0.0632 0.2156 0.9662 192.87 5.94 -28.87 1.31 6.56 9.81 0.7400 0.7600 0.4400 2.2178 -3.2256 1.8856 3.14 5.82 7.23 167 299 296 289 198 
0.0236 0.2334 0.3378 0.9115 180.31 25.81 -44.56 8.82 7.91 2.04 5.1200 3.3300 -3.2900 4.0222 -0.0378 3.3144 5.89 6.42 4.48 187 218 218 215 162 
-0.2413 0.2957 0.4712 0.7952 134.25 51.06 -54.94 5.55 9.31 2.20 -4.2000 9.4300 2.3800 1.3678 -0.3156 6.3189 9.15 1.22 3.29 199 175 185 185 131 
-0.5739 0.4269 0.3674 0.5945 86.75 69.19 23.25 -3.44 4.01 10.57 -13.5100 5.5800 5.2600 -3.9389 -1.2856 -0.6689 9.49 -1.98 1.43 197 177 186 186 134 
-0.3754 0.6299 0.3198 0.6000 123.06 88.19 178.37 22.56 2.83 -12.47 9.1700 1.5100 -7.9400 0.0989 -0.5278 -0.0589 9.77 0.63 -0.53 200 181 192 188 135 
-0.2977 0.6428 0.3511 0.6124 128.00 85.12 -177.25 10.01 1.66 0.46 0.0100 0.8600 0.4600 -0.1256 0.0178 -0.0244 9.77 0.54 -0.60 200 180 192 190 136 
-0.2957 0.6376 0.3521 0.6181 128.87 85.25 -176.75 10.99 1.48 -0.44 1.7100 1.0500 -0.1600 -0.5578 0.1089 0.6022 9.79 0.23 -0.46 195 187 187 194 142 
-0.2936 0.6758 0.2647 0.6221 127.44 78.75 129.37 8.29 -0.80 -2.30 -2.9500 0.6500 0.2900 0.4678 -3.1689 2.8689 8.31 -3.71 -3.64 180 315 279 296 186 
-0.3771 0.8298 0.1573 0.3799 82.69 43.31 130.44 0.47 0.75 0.26 -6.4700 5.9100 3.9300 -3.7789 -1.7889 0.2278 5.50 -4.20 -6.94 183 281 260 287 178 
-0.1290 0.9639 0.1280 0.1944 164.69 18.25 177.94 5.58 -0.28 -17.79 7.0100 0.7700 -4.1900 -2.5478 -0.9411 -0.3644 1.70 1.98 -9.45 182 293 264 312 181 
0.1320 0.9778 0.1363 0.0885 164.12 6.69 -162.00 5.46 2.59 -15.15 4.2200 -0.5200 -5.3800 0.4600 0.3100 0.0944 1.21 2.88 -9.29 188 292 272 313 180 
0.1100 0.9814 0.1279 0.0916 166.12 10.19 -168.31 7.00 3.42 -20.47 4.3900 6.7000 -17.7400 2.1467 1.3022 2.1289 3.01 -0.60 -9.31 192 325 304 353 200 
-0.2944 0.9260 -0.0046 0.2361 64.81 29.56 114.31 -3.19 4.26 -2.11 -7.5500 14.9000 0.4800 2.9378 4.9267 2.2489 3.49 -8.98 1.78 202 409 357 434 206 
-0.6887 0.5843 -0.1326 0.4082 60.81 16.37 71.62 -0.16 -3.79 2.76 -2.6400 4.5700 -0.4300 0.2333 -0.8633 -0.1267 3.00 -8.85 2.93 202 408 362 433 206 
-0.6885 0.5935 -0.0994 0.4047 60.88 21.50 74.31 3.33 -6.07 2.62 -0.7300 3.0500 0.4600 -1.4044 -0.0300 -1.4300 4.45 -8.59 1.57 200 403 364 429 206 
-0.5912 0.6741 -0.0453 0.4404 80.81 38.13 86.19 4.76 -0.49 0.52 -3.5900 6.0800 -0.4000 -2.1722 1.9911 -6.5067 8.73 -4.41 0.58 185 348 328 341 204 
-0.2205 0.6376 0.1209 0.7281 164.50 74.75 -26.19 13.73 11.45 0.89 10.5600 6.7300 2.9300 -0.3089 4.3144 -6.3656 6.39 5.63 4.84 167 311 282 292 201 
;
