0.9499 0.0508 -0.2421 -0.1911 22.62 26.06 -12.06 4.23 1.93 8.89 0.1600 0.3500 -0.1000 -0.0256 -0.0544 -0.0433 4.33 1.85 8.59 161 347 365 392 197 
0.9500 0.0507 -0.2423 -0.1906 22.69 26.19 -12.13 4.38 2.04 8.59 0.2000 0.2200 0.0900 0.0200 -0.0056 -0.0278 4.34 1.86 8.59 159 350 363 390 196 
0.9496 0.0513 -0.2429 -0.1912 22.69 26.19 -12.25 4.26 1.96 8.67 -0.0700 0.0900 0.0300 0.0200 -0.0111 -0.0156 4.32 1.88 8.59 161 346 362 388 195 
0.9499 0.0530 -0.2432 -0.1892 22.56 26.25 -12.38 4.43 1.99 8.64 0.0700 0.1100 0.0000 0.0000 -0.0044 -0.0200 4.34 1.89 8.58 162 346 360 383 195 
0.9468 0.0518 -0.2534 -0.1913 22.87 28.00 -13.00 4.95 1.98 8.81 0.3500 0.1500 1.0700 0.5356 -0.7200 -0.0500 4.94 2.22 8.17 162 333 345 384 202 
0.9381 0.0831 -0.2853 -0.1779 19.87 30.81 -16.87 8.57 3.61 13.74 4.0000 0.8600 3.0200 -2.6178 -4.2511 2.9278 7.25 0.24 6.59 190 223 241 236 169 
0.8738 -0.1422 -0.4606 -0.0632 2.87 56.63 32.63 -2.52 -3.81 6.26 -8.8500 -1.3800 3.2300 -2.1533 -1.4678 1.4533 8.33 -4.49 2.56 196 177 191 194 135 
0.7728 -0.2961 -0.5605 -0.0303 10.63 67.69 68.50 15.51 6.35 -2.26 8.5200 6.8600 -7.4600 -1.5633 -0.9044 -2.6533 9.73 -1.12 0.23 198 177 192 197 138 
0.6880 -0.2387 -0.6591 -0.1876 30.44 84.94 4.25 10.33 -0.36 1.69 -0.3300 0.2200 2.1500 0.0600 -0.1278 -0.1089 9.76 -0.61 0.64 197 180 197 200 141 
0.7060 -0.2220 -0.6445 -0.1922 30.44 84.75 3.75 9.86 -0.43 0.74 -0.5100 0.2400 0.0200 -0.0789 -0.2422 0.0156 9.76 -0.68 0.58 197 188 201 204 142 
0.7014 -0.2307 -0.6462 -0.1928 30.19 84.69 4.50 13.39 1.12 1.99 4.7700 2.5100 2.3900 -0.6133 0.9867 0.6533 9.67 -1.32 0.87 191 221 207 222 161 
0.7452 -0.3176 -0.5494 -0.2047 32.38 59.63 47.38 10.76 2.30 2.08 3.1900 7.7800 -3.1100 -6.3767 7.5200 3.7367 4.36 -7.48 4.59 176 321 300 352 195 
0.7314 -0.5823 0.1274 -0.3314 54.38 6.25 83.87 2.16 -3.64 -3.38 1.8200 5.8500 -4.6300 -6.1167 4.2300 2.2100 -0.06 -9.24 -3.27 150 323 306 370 198 
0.4180 -0.6785 0.5208 -0.3062 74.37 -1.19 120.19 0.75 -7.16 -8.85 0.0000 1.1200 -3.9500 -0.1822 0.0311 0.2800 -0.32 -8.29 -5.22 154 315 300 359 195 
0.3856 -0.6707 0.5625 -0.2917 73.75 -2.31 122.00 -1.02 -7.96 -8.54 -1.6600 0.4600 -4.6400 0.9800 -0.1178 -0.4833 -0.19 -8.71 -4.49 152 308 283 329 194 
0.5012 -0.6232 0.4629 -0.3823 75.56 3.56 86.75 0.57 -1.77 5.66 -1.6900 8.8500 7.1900 5.2633 -0.2089 -0.8044 1.29 -8.30 5.05 162 314 317 336 198 
0.6794 -0.4172 0.2438 -0.5522 77.19 7.31 60.75 3.15 -6.59 8.39 1.5300 1.9300 3.5900 -3.7733 -0.4133 0.7922 0.87 -9.49 2.28 163 316 316 335 196 
0.5810 -0.5751 0.3915 -0.4225 71.56 0.19 94.87 -0.80 -8.51 -4.69 -0.6400 1.5500 -3.4700 -3.5222 0.9978 0.4933 -0.31 -9.18 -3.42 161 314 299 345 193 
0.4144 -0.6653 0.5366 -0.3126 74.69 -1.25 120.12 -1.17 -7.95 -9.36 -0.7400 0.9000 -3.9400 0.1756 0.4544 -0.5156 0.20 -8.46 -4.93 159 308 294 337 190 
0.4224 -0.6614 0.4997 -0.3666 81.87 5.44 100.00 -0.30 -8.48 -6.12 0.5400 12.4200 3.3700 5.2100 0.8011 -0.4533 1.77 -8.89 3.73 162 306 317 312 192 
0.6589 -0.4451 0.2256 -0.5628 80.25 12.00 59.00 3.76 -7.22 7.88 1.2300 0.5300 1.5800 -1.2078 -0.5044 0.2011 2.10 -8.67 4.06 158 309 313 317 192 
0.6564 -0.5099 0.2379 -0.5026 71.75 10.19 69.06 2.85 -8.14 -1.08 1.2100 0.8700 -4.7700 2.0522 -1.9078 1.2811 1.34 -8.72 4.26 162 309 308 306 192 
0.7916 -0.4454 0.1308 -0.3973 48.13 9.88 46.69 1.96 -2.49 2.69 -0.3000 3.7700 -4.5900 11.0611 -4.8144 1.6067 3.75 -1.47 8.93 174 348 343 364 199 
;
0.9490 0.0677 -0.2686 -0.1506 18.00 29.25 -13.88 4.73 2.14 8.40 -0.0200 0.1200 0.0200 0.0044 -0.0078 0.0022 4.79 2.05 8.30 169 341 350 381 208 
0.9490 0.0681 -0.2686 -0.1507 18.00 29.25 -13.94 4.80 2.14 8.34 0.0100 0.0800 0.0500 -0.0022 0.0078 0.0011 4.79 2.06 8.30 170 340 350 380 207 
0.9490 0.0682 -0.2683 -0.1508 18.00 29.19 -13.94 4.76 2.14 8.33 0.0000 0.1000 0.0100 0.0022 -0.0022 0.0022 4.79 2.06 8.30 167 343 348 379 208 
0.9490 0.0685 -0.2683 -0.1508 17.87 30.12 -14.31 5.47 2.93 10.06 3.2100 1.7500 3.8600 1.3789 -2.6156 1.2033 6.32 2.35 7.11 169 298 307 300 199 
0.9037 0.0878 -0.4131 -0.0700 4.31 53.44 -14.88 9.08 2.21 5.36 -0.3600 2.2600 1.3100 -1.8122 -2.9233 4.3989 8.87 -1.64 3.84 192 201 207 206 149 
0.7830 -0.1344 -0.5955 0.1199 342.31 64.75 67.56 -5.10 -1.33 6.47 -12.9900 3.1000 1.1400 -1.3922 1.0078 -4.2044 9.53 -1.90 1.24 199 162 182 195 140 
0.7292 -0.1180 -0.6628 -0.1226 24.12 84.81 -4.19 20.92 5.30 -2.17 8.2800 2.5400 -2.9400 0.0889 0.0767 0.0022 9.73 1.09 0.42 199 170 187 199 143 
0.7045 -0.0849 -0.6861 -0.1604 25.31 83.25 -5.44 9.27 0.67 1.92 -0.0200 -0.2500 0.6700 -0.0589 0.2000 0.1556 9.74 0.82 0.73 201 172 190 201 145 
0.7160 -0.0908 -0.6742 -0.1569 24.62 83.50 -4.56 9.18 0.70 0.87 -0.4200 -0.0200 0.3800 -0.0011 -0.0011 0.0033 9.73 0.76 0.88 201 175 192 202 144 
0.7214 -0.0917 -0.6679 -0.1584 25.25 82.94 -41.94 9.89 1.21 1.20 0.7100 0.5400 0.6300 -0.5222 0.3156 0.0178 9.72 0.76 1.03 198 187 193 203 154 
0.7166 -0.1288 -0.6599 -0.1858 30.50 83.50 -1.37 21.23 3.63 2.70 10.9100 4.7700 -2.6500 -3.6211 8.2122 3.3767 7.95 -2.62 5.10 178 308 287 338 203 
0.8693 -0.3842 -0.1436 -0.2761 38.56 14.94 53.06 1.48 1.24 1.40 -0.5100 8.8700 -4.8300 -8.5244 4.6456 0.8989 0.05 -9.80 -0.33 167 320 310 374 203 
0.5092 -0.6781 0.4410 -0.2939 64.31 -3.31 114.87 2.13 -4.73 -9.22 3.5800 2.3900 -4.5100 -2.1500 1.6878 1.2133 -0.62 -7.99 -5.65 162 308 299 356 198 
0.3614 -0.6747 0.5887 -0.2601 69.81 -4.94 127.50 -2.51 -7.27 -10.83 -2.6700 1.0800 -4.9100 0.4733 -0.2311 -0.1933 -0.86 -8.01 -5.58 164 309 299 359 201 
0.4261 -0.6498 0.5433 -0.3178 76.94 -0.75 105.87 -2.56 -2.88 -2.59 1.0200 8.3500 4.2800 8.7156 1.1011 -2.1667 1.12 -9.15 3.33 167 313 312 349 205 
0.6340 -0.4316 0.3027 -0.5657 82.37 5.75 64.00 2.72 -7.48 8.84 1.4400 1.3200 4.4000 -1.6367 -0.3556 0.5478 0.78 -9.23 3.21 169 313 313 342 203 
0.6171 -0.5087 0.3562 -0.4832 74.12 1.56 81.50 0.52 -7.95 1.03 -0.1700 2.1900 -1.5800 -3.7200 -0.0178 1.1033 -0.51 -9.72 -1.16 167 310 299 359 203 
0.4924 -0.6324 0.5114 -0.3099 61.13 -8.31 114.87 -3.05 -8.08 -10.03 -1.6200 0.9600 -5.6100 -0.5289 -0.1489 -0.1667 -1.55 -8.42 -4.76 165 309 303 359 202 
0.4502 -0.6618 0.5389 -0.2624 62.56 -6.56 115.50 -1.54 -7.82 -8.68 -0.4000 0.9200 -4.7700 2.7589 0.4000 -0.7367 -0.47 -9.44 -2.58 167 307 269 334 201 
0.5928 -0.5464 0.3864 -0.4480 77.06 4.81 73.81 -0.45 1.51 8.54 3.8200 11.4200 10.3500 1.6489 -0.5844 0.0611 1.42 -8.06 5.39 169 312 307 331 202 
0.6812 -0.4235 0.2335 -0.5496 76.19 8.63 59.06 2.49 -8.41 4.25 0.3700 -0.5700 -1.6900 -0.4478 -0.6189 0.4689 1.35 -8.61 4.49 169 309 306 322 201 
0.7173 -0.4661 0.2147 -0.4713 64.19 7.06 60.25 1.93 -7.74 0.46 0.2600 -0.0700 -4.8000 3.8389 -2.5467 1.7667 1.21 -6.95 6.80 167 303 299 300 198 
;
