-0.2546 -0.2081 0.3269 0.8860 148.56 -11.69 -43.25 -2.15 6.18 6.32 0.0300 -0.3500 -0.4000 0.0456 -0.0744 -0.0367 -1.93 6.56 7.01 158 353 353 391 208 
-0.2444 -0.1949 0.3214 0.8939 149.69 -10.63 -42.94 -1.57 6.83 7.35 0.3300 0.2200 -0.0500 -0.2311 -0.2956 -0.1300 -1.69 6.42 7.21 155 340 354 389 209 
-0.2323 -0.1748 0.3124 0.9044 151.25 -9.75 -40.75 -1.85 6.21 7.34 -0.2000 -0.0600 0.0500 -0.0333 -0.0089 0.0067 -1.66 6.27 7.34 154 341 356 390 209 
-0.2314 -0.1723 0.3083 0.9065 151.31 -9.75 -40.25 -1.73 6.49 7.75 -0.4900 0.4800 1.2500 -0.1111 -0.4556 0.4256 -1.32 6.15 7.51 159 293 312 341 212 
-0.2562 -0.1069 0.3082 0.9099 146.06 4.81 -38.94 2.23 7.17 6.72 6.0900 4.0800 -0.4500 4.5600 -5.3900 3.5233 5.37 6.79 4.60 172 200 185 198 173 
-0.3866 0.1918 0.5199 0.7372 116.62 50.00 -55.63 8.00 4.07 0.75 -1.1400 -0.7300 -0.7200 0.8122 -1.3200 5.8311 9.32 1.80 2.45 187 160 160 166 133 
-0.6130 0.3871 0.4541 0.5178 75.69 70.56 14.69 -1.57 -0.30 4.61 -11.4500 1.2600 2.6000 -1.0911 0.0444 1.5478 8.94 -2.27 3.31 197 166 166 167 131 
-0.6263 0.4960 0.3494 0.4896 82.19 70.81 49.81 -1.46 0.54 1.01 -5.9900 6.0200 0.0800 -3.2000 -2.2767 -4.5200 9.80 0.19 0.10 199 168 169 173 136 
-0.2943 0.5618 0.4449 0.6322 133.37 73.25 -103.44 18.53 6.06 -2.90 6.1300 1.9300 -0.6100 0.4211 0.2578 0.0611 9.38 2.71 -0.88 201 172 171 177 137 
-0.2831 0.5663 0.4745 0.6115 129.25 74.56 -108.50 8.36 2.27 0.67 -1.5700 -0.1200 1.2700 -0.2911 0.1522 0.2511 9.51 2.32 -0.55 199 173 172 178 139 
-0.2870 0.5645 0.4412 0.6359 132.69 76.37 -92.06 16.19 7.80 3.57 6.8800 6.0500 4.0000 -2.5500 1.7422 0.2167 9.52 1.88 1.36 183 203 192 199 164 
-0.2300 0.5613 0.2343 0.7598 148.06 70.69 -5.50 17.66 4.08 4.17 3.1400 4.0600 -2.0000 -4.3589 7.0711 2.4222 6.29 -3.25 6.77 156 245 215 230 180 
-0.2219 0.3402 -0.1959 0.8926 155.12 24.87 43.81 5.36 0.77 -2.26 3.3200 8.9100 -7.0800 -6.6833 5.8311 0.1644 1.50 -9.12 3.25 153 290 267 281 192 
0.0215 0.0390 -0.6671 0.7437 190.37 4.81 92.87 2.43 -6.50 -6.93 2.0300 2.6200 -4.4900 -1.4422 0.1744 -0.1967 1.12 -9.48 -2.23 156 284 267 270 191 
0.0493 0.0172 -0.7876 0.6140 190.19 6.12 103.75 -3.00 -11.66 -11.46 -0.0600 -0.7100 -9.6800 1.6111 3.0100 -0.1044 1.52 -9.62 -1.11 156 288 270 274 190 
0.1639 -0.0197 -0.6445 0.7466 206.00 10.19 67.69 -5.43 3.12 29.40 -9.0800 14.3700 22.0400 -2.9211 -0.9267 0.8056 1.31 -8.74 4.24 158 280 272 269 192 
0.1377 -0.0156 -0.5903 0.7952 196.50 6.81 78.25 -2.25 -7.92 -4.02 -3.5000 0.9500 -6.5200 -2.1167 -2.3267 0.8778 0.47 -9.79 -0.07 160 277 276 270 192 
-0.0079 0.0323 -0.7191 0.6942 180.94 2.94 91.75 -2.55 -13.07 -17.31 -5.8100 -2.7300 -16.2200 6.0078 1.3656 -1.4844 1.41 -9.16 3.19 158 279 276 270 194 
0.1516 0.0176 -0.4587 0.8754 200.87 10.13 46.50 4.12 9.65 28.62 2.8600 11.9500 16.5400 -2.2211 -0.5167 0.9467 1.40 -7.39 6.28 159 280 260 267 189 
0.1014 0.0351 -0.4499 0.8866 187.94 10.63 52.50 -2.73 -9.01 3.78 -3.5800 -0.2600 0.6700 4.0611 -5.4256 1.8589 3.25 -6.39 6.68 165 352 269 340 196 
-0.2055 0.2502 -0.2829 0.9028 147.56 16.87 39.00 0.74 -6.79 11.80 0.2300 0.0700 3.6000 -0.8600 0.1011 0.6889 2.52 -6.42 6.96 168 378 329 369 201 
-0.2913 0.2537 -0.3429 0.8563 143.44 12.88 52.31 2.43 -6.00 2.01 1.0500 2.3600 -2.5700 -2.9800 1.0144 -0.3356 2.06 -8.77 3.86 167 375 340 371 201 
-0.2249 0.3038 -0.5120 0.7714 146.94 14.06 75.00 3.41 -8.09 -4.51 0.4000 1.2900 -6.8400 -0.4500 1.3411 0.5089 1.92 -9.34 2.26 168 377 344 371 202 
-0.2312 0.2848 -0.5365 0.7600 146.00 10.88 72.62 0.58 -6.31 -10.79 2.2900 4.3000 -14.4800 6.4122 -1.1689 -0.6989 2.51 -7.43 5.87 167 379 344 378 203 
-0.3698 0.2348 -0.1240 0.8904 128.44 19.81 10.69 0.35 10.05 24.89 -2.3900 9.1200 14.3200 1.3011 -2.1089 1.2856 4.31 -0.31 8.80 180 380 351 385 205 
-0.4916 0.1925 0.1037 0.8429 119.81 26.19 2.00 5.57 5.59 17.06 1.0000 5.4400 6.2500 -2.6644 1.3833 -1.5322 3.85 -1.53 8.88 177 379 345 376 205 
-0.3712 0.2198 -0.0807 0.8986 139.94 18.06 25.56 7.02 -0.45 3.91 3.3000 4.9700 -5.5700 -4.7522 1.5422 -0.8733 2.53 -6.84 6.54 177 383 350 378 205 
-0.1782 0.2325 -0.4318 0.8530 156.75 14.06 62.69 3.80 -8.20 -12.06 1.0600 0.2400 -16.1900 1.0378 -0.5933 0.0100 2.50 -8.48 4.22 178 383 348 385 205 
-0.2233 0.2544 -0.3584 0.8700 144.87 17.56 33.69 10.47 13.70 5.73 6.6900 18.1600 4.5300 9.5522 0.3422 1.2633 3.15 1.08 9.21 180 387 353 388 206 
-0.4677 0.1026 0.2322 0.8467 119.56 26.19 -18.81 3.76 10.94 22.10 -3.9600 6.6300 9.6000 -2.8556 1.0756 -0.8311 3.91 1.50 8.86 179 386 354 384 207 
-0.4206 0.1644 0.0665 0.8897 134.06 18.06 9.00 4.82 4.57 4.83 2.1800 6.8600 -5.3000 -7.8800 0.2689 -1.1422 3.00 -5.88 7.24 178 381 352 374 206 
-0.2261 0.2927 -0.4242 0.8266 149.56 16.25 69.19 1.63 -8.56 -9.10 -1.7700 0.3500 -11.7800 -0.0889 0.1378 0.0933 2.55 -9.09 2.63 172 368 345 350 205 
;
