0.1523 0.0392 -0.4474 -0.8804 160.31 3.94 -53.25 0.74 7.83 5.94 0.0700 -0.0400 0.0200 0.0267 0.0033 0.0222 0.71 7.85 5.82 161 384 365 416 211 
0.1533 0.0369 -0.4490 -0.8795 160.19 4.12 -53.44 0.70 7.80 5.86 0.0000 -0.0300 0.0300 -0.0133 0.0100 -0.0244 0.69 7.85 5.83 159 384 364 416 212 
0.1523 0.0383 -0.4479 -0.8802 160.44 3.87 -53.25 0.47 7.92 5.94 -0.0700 0.6300 0.4700 -1.0511 -0.1133 -0.3100 0.55 7.52 6.26 160 356 339 363 214 
0.1274 0.0545 -0.3444 -0.9285 166.12 -1.50 -34.63 -2.47 5.72 10.98 -2.2800 0.9400 3.9000 -0.7922 -4.3889 0.7167 2.97 4.99 7.89 174 223 228 226 203 
0.1154 -0.3189 -0.3278 -0.8818 159.31 48.25 -45.56 14.26 7.62 2.99 6.0500 3.5800 -0.7800 2.0256 -0.7922 4.7233 8.81 2.66 3.38 195 158 168 168 129 
0.4028 -0.4845 -0.3400 -0.6982 111.06 73.75 3.25 2.98 0.71 2.88 -8.8500 1.5500 0.6000 0.1278 -0.4944 2.8000 9.16 -2.35 2.58 198 158 161 165 131 
0.5382 -0.5557 -0.2830 -0.5670 96.50 71.56 53.00 -0.95 0.24 4.82 -8.6600 1.9300 0.7500 -1.9044 -0.8089 -3.9733 9.75 -0.20 0.96 198 153 164 169 131 
0.2643 -0.6009 -0.3580 -0.6640 143.19 76.25 -75.69 17.23 6.19 -3.57 6.6600 2.1900 -3.2700 0.2600 -2.2278 0.5278 9.51 2.34 -0.33 203 159 170 172 132 
0.2172 -0.6204 -0.3770 -0.6525 142.44 77.19 -104.75 9.39 2.40 1.30 -0.1300 0.4400 1.9100 -0.0344 0.2033 0.1089 9.59 1.89 -0.65 200 163 175 174 134 
0.2305 -0.6232 -0.3742 -0.6469 140.81 77.87 -105.25 9.66 2.83 0.05 0.2300 0.6700 0.2000 -0.3400 0.5044 -0.2133 9.57 2.13 -0.17 200 163 176 176 135 
0.2094 -0.6226 -0.3391 -0.6735 148.25 80.25 -88.50 16.45 6.00 3.16 7.0100 4.3000 1.9900 -3.8133 0.8867 2.1333 9.76 0.24 0.87 168 232 226 220 173 
0.1646 -0.6300 -0.0315 -0.7583 153.44 66.50 45.88 5.86 -3.07 -1.72 -1.1100 3.3600 2.8000 -3.4022 2.1956 3.7400 7.06 -5.79 3.57 171 373 327 381 204 
0.2526 -0.4769 0.3110 -0.7823 143.62 31.69 69.44 -0.83 -5.83 -3.52 -5.8400 1.9000 -6.1400 -2.0444 -0.0156 -0.0089 4.70 -8.52 1.20 166 394 355 393 210 
0.1821 -0.4775 0.4603 -0.7260 150.81 34.38 79.31 9.82 -4.00 -9.68 4.3300 5.2700 -9.4300 7.7200 -0.7722 -0.6156 6.32 -6.07 4.39 162 395 353 384 211 
0.3979 -0.4393 0.0297 -0.8049 122.44 43.56 21.31 5.43 8.18 30.34 -4.8400 7.0800 21.4800 -1.5189 -0.3656 0.0089 6.58 -2.48 6.82 163 385 353 383 212 
0.3931 -0.4380 0.0338 -0.8078 130.87 43.13 39.50 8.27 -0.48 1.89 1.2700 5.5300 -3.9400 -6.8111 1.0800 0.5289 6.27 -7.06 2.60 164 386 351 389 210 
0.1609 -0.5245 0.4319 -0.7158 160.75 38.06 93.81 4.31 -6.13 -9.42 -1.3000 2.0200 -7.9700 -0.0622 0.0178 -0.1033 6.22 -7.44 -1.44 168 389 365 388 211 
0.1069 -0.5405 0.4614 -0.6954 151.94 41.56 77.69 11.32 1.53 -3.50 4.1000 9.9000 -2.0900 7.1678 -0.7578 0.8022 6.71 -4.97 5.13 164 365 344 370 216 
0.4424 -0.4335 -0.0216 -0.7848 119.37 44.81 28.19 6.66 -1.53 13.09 1.3300 1.9900 5.8200 -0.4778 -1.1744 0.2500 7.49 -3.65 5.16 167 364 350 366 214 
0.4307 -0.5125 -0.0315 -0.7422 121.69 53.44 41.63 6.73 -3.15 3.51 -1.3100 0.6700 -0.5400 -1.0944 -1.3300 -1.0244 8.46 -3.62 3.35 166 313 286 284 203 
0.3431 -0.6515 -0.0683 -0.6732 124.44 69.75 90.50 8.11 -3.38 -2.13 0.4400 0.4900 -0.7400 -0.8522 -3.3544 0.1344 8.78 -3.30 -2.83 165 291 281 282 202 
0.2733 -0.8129 -0.1286 -0.4980 123.12 60.56 141.00 14.12 -2.27 -2.03 6.9700 1.2300 2.7400 -1.3833 2.9567 0.0367 9.01 -2.70 -2.75 180 360 211 198 169 
0.1755 -0.7054 0.0328 -0.6860 162.75 64.25 56.19 7.03 -2.73 -5.29 -1.0800 2.2200 -9.8400 -3.9767 10.2444 -0.3444 4.58 -5.20 6.93 186 383 179 192 180 
-0.1035 -0.1534 0.2390 -0.9532 192.25 15.81 20.06 3.06 2.94 5.36 0.7800 5.4200 -3.4900 3.5333 1.9211 1.2244 1.09 -0.74 9.71 196 392 191 201 181 
-0.0086 -0.0282 -0.0147 -0.9995 175.12 2.56 -5.25 0.63 1.38 17.68 0.0800 0.5400 8.1200 0.6044 -0.6678 2.7333 1.21 1.05 9.67 196 385 174 180 158 
0.2029 -0.0752 -0.0423 -0.9754 149.31 10.31 1.81 -3.65 0.35 15.71 -6.1700 0.2000 3.9800 -2.5344 -0.6100 2.5011 1.82 -2.53 9.29 195 387 168 185 159 
0.3783 -0.1671 0.1671 -0.8950 132.87 9.38 31.12 -3.52 -3.95 6.40 -5.5300 2.2200 -1.1500 -3.2911 -0.2578 0.2878 1.41 -6.95 6.77 194 385 168 186 155 
0.3344 -0.2278 0.3833 -0.8303 139.31 7.31 55.94 -0.69 -3.35 5.01 -1.4500 5.4700 0.2100 -1.8711 2.2544 -1.7156 1.66 -8.53 4.53 196 385 170 187 156 
0.1465 -0.2213 0.4847 -0.8334 166.25 14.44 64.06 0.66 -6.42 2.99 -1.0900 4.6200 -2.3200 0.5656 1.0633 -2.4811 3.45 -7.97 4.54 196 376 171 187 155 
-0.0640 -0.1739 0.4536 -0.8718 192.37 22.06 51.13 4.21 -2.73 4.21 1.1200 4.1100 -1.1000 2.1933 1.6744 -1.7178 3.70 -5.26 7.39 195 358 169 186 156 
-0.2020 -0.1362 0.2438 -0.9387 203.50 18.87 20.25 9.54 0.48 11.13 5.8200 2.9600 3.2500 2.8389 0.6844 1.6856 2.63 -1.42 9.33 195 360 169 188 156 
-0.0797 -0.1419 0.0391 -0.9859 184.87 17.87 1.44 2.31 -2.25 14.09 -0.4800 -2.0300 4.4800 0.9589 -1.0644 2.0744 3.74 0.00 9.06 195 358 171 189 158 
0.0884 -0.2177 -0.0120 -0.9719 166.87 25.94 2.12 -1.20 -1.58 9.32 -5.4000 -1.0600 0.2700 0.3222 -0.5678 0.5156 4.55 -0.47 8.67 195 356 174 191 161 
;
