0.4197 0.1872 0.1672 0.8723 231.25 10.88 -27.31 2.06 4.71 8.38 -0.0200 0.3100 -0.1800 -0.0533 0.0467 0.0289 1.84 4.41 8.56 156 321 299 312 196 
0.4170 0.1863 0.1677 0.8737 231.00 10.56 -27.06 1.60 4.38 8.81 -0.1700 -0.0300 0.2100 0.2033 0.0756 0.1200 1.77 4.46 8.54 155 321 301 314 196 
0.3937 0.1810 0.1949 0.8799 225.06 8.63 -31.62 3.36 11.40 11.27 3.6100 7.2100 3.8400 0.5956 3.7067 2.8189 0.43 5.43 8.15 162 282 291 298 196 
0.1379 0.0839 0.3283 0.9307 187.37 10.63 -47.00 5.38 6.08 3.80 1.3600 -2.7500 -0.6300 5.5256 -1.7333 6.4600 6.60 6.92 2.14 190 194 199 203 141 
-0.2784 0.3837 0.5382 0.6968 124.25 65.69 -66.87 4.18 5.81 7.13 -7.7600 2.8000 4.3800 -0.9967 0.4433 4.2400 9.62 0.37 1.84 196 175 170 182 121 
-0.4644 0.5586 0.3585 0.5863 106.75 82.12 64.31 2.28 4.66 -0.89 -3.0600 5.8800 -4.4500 -4.1278 -0.9678 -2.2967 9.75 0.29 -0.93 196 166 172 175 117 
-0.2318 0.6857 0.3265 0.6079 138.87 79.44 -150.56 12.15 2.11 -2.38 1.1800 0.7800 1.5800 0.2133 -0.4844 0.5233 9.60 0.55 -1.91 196 170 177 180 120 
-0.2399 0.7000 0.3295 0.5864 135.94 78.44 -164.87 9.13 0.55 -2.19 0.1100 0.4100 -0.2200 -0.1278 0.1267 -0.0900 9.59 0.50 -1.96 195 173 179 181 122 
-0.2317 0.7017 0.3246 0.5904 137.44 78.12 -162.56 9.32 1.33 -1.88 -0.2800 0.7800 0.0500 -0.0956 -0.1700 -0.0222 9.56 0.77 -2.00 193 178 182 188 127 
-0.2004 0.7046 0.3182 0.6017 149.06 78.31 -136.81 17.51 8.02 2.09 7.7400 6.7700 1.2000 -5.1944 5.8822 -0.9189 9.19 1.93 2.80 187 360 212 206 152 
-0.0070 0.3890 0.0074 0.9212 185.69 22.81 17.44 -3.47 1.15 -0.12 -4.6700 -1.1800 -10.0400 -5.8289 3.3078 0.3167 -0.26 -8.83 4.24 175 409 187 196 144 
0.1685 -0.1247 -0.5532 0.8062 206.12 -0.81 69.50 3.56 -2.65 0.35 2.9800 6.3100 -2.8100 1.6622 0.8400 0.0911 -0.27 -8.70 4.49 178 409 198 196 145 
0.2049 -0.1343 -0.4384 0.8648 204.75 -4.25 48.44 5.97 -1.62 9.32 7.2600 2.8500 4.0100 3.4744 -1.6289 1.9656 -0.76 -5.09 8.34 184 407 195 196 144 
0.0706 -0.0287 -0.1983 0.9772 182.75 0.88 20.44 1.24 -7.59 19.68 0.1700 -3.8700 11.6700 -0.6522 -2.8633 3.6644 1.33 -3.63 9.00 186 404 196 197 143 
-0.1990 0.1327 -0.2382 0.9413 151.94 9.00 36.50 -7.10 -3.82 12.21 -5.3300 3.7700 3.5500 -3.2811 -0.6200 1.0422 1.21 -7.87 5.71 187 402 199 198 143 
-0.2423 0.1845 -0.4792 0.8232 149.87 3.44 65.06 -4.81 -0.96 5.06 -4.8000 7.8100 1.0000 -1.3122 2.5567 -1.4589 0.88 -9.19 3.28 187 403 197 199 144 
-0.0348 0.1128 -0.5663 0.8157 182.37 10.25 68.87 4.12 -0.23 4.48 2.5500 8.6800 0.6400 1.2167 3.3889 -1.9744 2.07 -8.30 4.77 186 402 198 200 143 
0.1987 0.0043 -0.4431 0.8741 207.69 9.63 45.63 11.56 -1.90 8.44 8.8300 3.5600 2.0400 3.2122 0.8978 0.4522 1.14 -4.92 8.40 186 403 197 201 144 
0.2092 0.0327 -0.1975 0.9572 203.00 8.81 19.37 1.61 -7.63 14.64 -0.2000 -3.7700 5.9300 1.1211 -1.1800 0.6489 2.22 -2.27 9.27 188 400 199 201 143 
0.1608 0.1105 -0.1378 0.9711 199.81 17.31 14.13 2.83 -1.67 7.82 -1.2400 0.4800 -0.9400 -0.1322 -0.0700 0.2700 3.11 -2.43 8.97 186 402 199 202 144 
;
