0.2673 -0.0358 0.2744 0.9230 212.25 -12.25 -29.87 -2.21 4.75 8.22 -0.1200 -0.0400 -0.0500 0.0056 -0.0044 0.0022 -2.09 4.77 8.30 151 334 337 379 212 
0.2660 -0.0366 0.2744 0.9234 212.12 -12.31 -29.87 -2.23 4.72 8.23 -0.1200 -0.0100 -0.1400 0.0078 -0.0144 0.0000 -2.08 4.77 8.30 153 333 340 382 213 
0.2663 -0.0363 0.2743 0.9233 212.00 -12.25 -29.87 -2.25 4.76 8.10 -0.0300 0.0200 -0.1900 -0.0078 -0.0289 0.0100 -2.07 4.77 8.30 154 336 339 379 213 
0.2641 -0.0345 0.2743 0.9240 211.75 -11.13 -29.75 -3.56 4.52 9.39 -1.6200 -0.1700 1.1000 0.6711 -2.4200 0.7722 -0.43 5.13 8.34 159 286 325 372 212 
0.2362 0.1489 0.2755 0.9199 206.50 17.75 -38.69 10.94 9.86 7.23 6.4200 4.3700 2.1000 2.8811 -4.3333 3.8422 6.93 5.53 4.18 171 256 239 253 186 
0.0125 0.5284 0.2703 0.8047 175.81 62.88 -56.38 7.64 3.46 -0.40 -1.9000 0.6300 -1.9200 2.3578 -1.3611 4.9922 9.76 -0.11 0.92 181 201 192 208 153 
-0.3317 0.6469 0.1475 0.6707 117.94 69.81 73.37 1.34 -0.34 5.39 -8.0000 3.0200 4.5500 -0.3989 -0.8289 1.0356 8.75 -4.40 0.42 192 168 155 173 122 
-0.3650 0.6966 0.0964 0.6101 126.94 71.50 93.37 5.33 2.02 -0.57 0.1800 4.4100 -2.0500 -3.8611 -0.7422 -3.2922 9.72 -0.47 -1.14 196 167 162 177 126 
-0.0888 0.7411 0.1420 0.6502 165.69 80.25 -156.50 13.07 1.36 -2.42 2.0100 0.3400 0.6700 0.0933 -0.1422 0.1856 9.62 0.51 -1.78 196 174 167 181 127 
-0.0889 0.7540 0.1436 0.6348 163.87 79.19 -166.12 8.78 0.62 -1.08 -0.4500 0.3300 0.5400 -0.3056 0.0656 -0.0356 9.63 0.48 -1.75 196 174 168 184 129 
-0.0744 0.7585 0.1274 0.6348 166.62 79.00 -165.37 9.52 0.84 -1.80 -0.1800 0.3800 -0.0400 0.0400 0.2367 -0.1478 9.63 0.57 -1.70 196 178 173 185 130 
-0.0692 0.7535 0.1310 0.6405 168.00 79.31 -160.00 9.68 1.37 -1.36 0.2700 0.6300 0.0000 -0.1500 0.3333 -0.1289 9.65 0.75 -1.54 195 180 173 188 132 
-0.0438 0.7450 0.1166 0.6554 175.00 81.19 -140.19 13.08 3.66 1.82 5.2500 2.6400 3.1600 -2.7444 2.0911 -0.4467 9.71 1.31 0.29 175 310 183 200 145 
0.0807 0.6560 -0.0026 0.7504 192.06 76.81 -15.44 13.32 0.18 1.86 4.8700 1.1000 0.7200 -2.3956 3.7267 2.0856 8.55 -1.29 4.62 110 373 180 188 133 
0.0482 0.4409 -0.2143 0.8702 181.31 48.69 42.69 6.93 -2.98 -0.09 -1.6800 2.4500 -5.3400 -0.0856 0.3678 3.8000 5.64 -6.59 4.57 106 272 195 189 131 
-0.1736 0.3482 -0.3636 0.8464 152.87 24.94 54.88 0.79 -4.74 4.45 -2.2100 2.3600 -0.4100 1.6989 -1.0533 1.4444 3.74 -7.01 5.73 109 280 195 190 132 
-0.3362 0.3395 -0.2786 0.8331 133.19 22.19 46.75 1.70 -5.32 6.39 -0.8000 1.2600 0.4600 1.2456 -1.0400 0.5311 3.92 -6.14 6.55 112 287 196 191 130 
-0.4143 0.3467 -0.1976 0.8180 126.06 23.87 41.38 4.14 -4.35 7.86 0.1500 1.4900 1.3500 0.1611 0.0433 -0.1011 4.01 -5.75 6.84 114 289 195 192 131 
-0.4183 0.3386 -0.1833 0.8227 126.81 23.75 39.44 4.67 -4.16 8.56 0.4600 1.7200 1.6000 -0.3156 0.9400 -0.4467 3.69 -5.71 7.06 113 296 194 192 131 
-0.3721 0.3040 -0.2098 0.8515 133.62 20.81 38.69 3.67 -4.41 7.44 0.9900 1.4700 0.6100 -0.5356 0.8500 -0.5633 3.30 -5.84 7.14 114 294 196 193 133 
-0.3085 0.2695 -0.2571 0.8753 141.31 18.81 42.50 1.52 -5.28 5.08 2.5900 0.9700 -0.9200 -1.4800 -6.3222 2.8944 4.04 -7.51 4.82 115 293 195 193 132 
-0.3836 0.3984 -0.3320 0.7642 129.06 19.94 60.81 -1.32 -9.97 2.92 -3.7900 -1.6300 -1.2300 -0.0444 -0.2122 -0.7867 3.77 -7.89 4.41 115 294 194 193 133 
-0.3278 0.3969 -0.3347 0.7894 134.94 24.44 59.63 5.16 -7.20 5.22 0.0000 0.6100 0.5900 -0.0767 -0.0011 -0.0989 4.16 -7.69 4.43 116 294 194 195 135 
-0.3207 0.4086 -0.3293 0.7885 136.44 25.69 59.81 3.84 -7.03 5.01 -0.3300 0.4900 0.6100 -0.2589 0.1178 -0.3333 4.40 -7.57 4.39 118 292 196 195 137 
-0.2844 0.4078 -0.3332 0.8011 142.06 28.25 59.81 4.46 -6.98 4.71 -0.2700 1.3500 1.4100 -0.7378 1.0844 -0.8944 4.82 -7.42 4.21 147 273 238 233 170 
-0.1635 0.3826 -0.4009 0.8162 163.75 28.00 65.44 8.79 -4.93 7.03 4.0300 2.3700 4.0700 -3.2400 5.4333 -0.5889 3.41 -8.56 3.34 164 327 335 372 196 
0.0744 0.1517 -0.5982 0.7833 192.44 19.62 79.62 3.29 -7.48 -4.73 -0.7900 1.2100 -7.3300 -2.0211 0.6511 -0.5456 3.68 -9.08 0.26 164 364 351 397 202 
0.1279 0.1434 -0.6755 0.7119 196.75 20.31 81.94 3.69 -6.45 -13.51 -1.7400 4.9200 -14.5700 8.7656 -2.1622 -0.1644 3.45 -6.76 6.20 165 350 355 395 203 
-0.0270 0.2080 -0.2256 0.9514 173.44 23.00 20.62 0.61 2.97 30.02 -4.7600 5.2400 20.3200 -0.6800 -0.0878 -0.1178 3.97 -2.85 8.49 166 359 355 391 201 
-0.0302 0.2524 -0.2073 0.9446 180.12 28.12 32.63 6.54 -1.42 9.27 2.6600 3.2500 2.1300 -4.3233 1.9411 -0.7633 4.08 -6.52 6.07 167 362 355 396 201 
0.1354 0.1548 -0.4841 0.8505 200.44 23.56 65.75 3.67 -3.23 -5.10 1.0600 4.7600 -8.9000 -3.9300 1.3756 -0.0800 3.76 -8.93 1.45 165 362 355 396 203 
0.1971 0.0968 -0.6512 0.7264 208.37 24.12 78.31 6.97 -4.19 -10.73 5.4800 6.7100 -9.2000 7.5433 -1.2133 0.1933 4.40 -6.70 5.63 163 355 351 387 203 
0.0207 0.2473 -0.2597 0.9332 180.62 27.37 27.62 2.67 0.51 18.56 -1.1300 2.7200 8.8600 0.6300 -1.1311 0.2767 4.96 -3.14 7.84 165 352 352 385 204 
-0.0209 0.2892 -0.1702 0.9418 177.87 33.63 24.12 5.64 -3.32 7.92 -0.5200 0.0500 -0.4400 -0.5656 0.0011 -0.3167 5.62 -3.56 7.20 163 352 354 383 201 
;
