0.1277 -0.0463 -0.2866 -0.9484 164.62 9.19 -32.63 1.50 5.26 8.08 -0.1100 0.0000 -0.0800 -0.0033 0.0422 -0.0144 1.53 5.22 8.15 166 315 309 343 206 
0.1281 -0.0439 -0.2868 -0.9484 164.56 8.94 -32.63 1.38 5.25 8.19 -0.0800 0.0500 0.0200 -0.0333 -0.0911 0.0233 1.58 5.19 8.16 163 307 285 326 206 
0.1211 -0.0654 -0.2533 -0.9575 166.25 11.63 -25.50 1.81 4.69 8.79 0.1100 0.0000 0.2300 -1.4344 -0.4878 -0.5378 2.27 3.12 9.01 156 268 216 227 192 
0.0855 -0.1292 -0.1719 -0.9728 170.06 18.75 -21.81 1.19 2.61 9.56 1.5100 0.9400 3.8500 2.4978 -4.4678 1.1167 5.62 4.74 6.48 165 185 152 171 157 
0.1295 -0.3740 -0.3463 -0.8506 157.00 50.25 -48.56 14.29 9.65 4.04 4.5600 4.4300 -0.9100 1.4800 1.1978 3.6733 8.34 2.99 4.18 168 166 164 169 142 
0.4052 -0.4255 -0.3630 -0.7232 112.25 69.94 -14.50 2.85 0.57 3.39 -7.7900 0.8900 1.2000 1.1789 -1.2922 3.5589 9.35 -1.74 2.35 190 165 150 174 141 
0.5814 -0.5345 -0.3546 -0.5004 79.75 71.56 65.44 0.30 -0.18 5.28 -8.7300 3.7200 5.2900 -2.9033 -0.7289 -2.0967 9.67 -1.59 0.28 203 169 173 178 146 
0.3757 -0.6110 -0.4166 -0.5587 123.00 77.69 -152.19 21.70 7.75 -12.64 12.8800 3.7800 -11.0100 -0.4144 0.5778 -1.2933 9.33 2.37 -1.84 201 170 173 180 146 
0.2446 -0.6465 -0.4395 -0.5736 131.81 74.31 -141.12 7.73 1.50 0.06 -1.9800 0.0600 2.1500 0.2856 -0.0967 0.5811 9.52 1.23 -1.98 202 175 176 182 148 
0.2726 -0.6500 -0.4188 -0.5726 130.19 76.69 -143.62 9.16 1.50 -2.37 -0.2400 0.0900 -1.1100 -0.2122 -0.2667 -0.0300 9.52 1.48 -1.81 202 175 176 183 149 
0.2545 -0.6486 -0.4134 -0.5862 133.37 76.44 -137.37 10.16 2.35 -0.87 0.4800 0.7900 0.5900 -0.3689 0.1222 0.0767 9.57 1.61 -1.40 201 178 176 184 149 
0.2418 -0.6425 -0.3843 -0.6173 137.81 78.87 -120.06 10.58 2.83 -0.49 0.4500 1.9400 1.2700 -1.1644 0.6378 0.1911 9.67 1.57 -0.13 198 194 160 184 160 
0.2047 -0.6209 -0.2900 -0.6989 150.12 80.06 -51.06 15.73 7.05 3.95 5.7500 6.7000 2.6400 -5.6467 1.5344 2.6289 9.49 -0.94 2.24 156 293 243 279 192 
0.1230 -0.5854 0.0950 -0.7957 165.75 57.75 52.25 2.91 -3.18 -3.96 -4.2500 2.7200 -6.6500 -4.0056 0.2656 3.2544 6.63 -6.92 2.06 154 391 330 388 206 
0.0823 -0.4662 0.4952 -0.7285 169.75 34.25 89.25 1.19 -5.09 -6.43 -2.8600 3.6500 -6.4000 -0.2267 -0.4633 -0.2767 5.49 -8.11 -0.40 160 391 353 390 209 
0.1082 -0.4713 0.4435 -0.7546 154.06 39.69 60.88 10.01 8.20 2.67 5.4000 13.8900 0.0400 10.3833 -1.0567 0.7556 6.30 -2.45 7.10 160 395 351 395 214 
0.4150 -0.3474 -0.0673 -0.8382 128.81 40.88 18.62 4.92 0.57 16.39 -0.5500 3.7000 5.9400 -6.9411 -0.7633 -0.0067 6.71 -5.21 4.88 162 395 354 398 215 
0.2021 -0.4905 0.3078 -0.7898 156.31 39.44 75.50 8.53 -2.08 -5.47 1.2500 6.6800 -5.9800 -4.9100 1.8300 0.8500 5.70 -7.96 -0.50 163 396 361 394 214 
0.0413 -0.5059 0.5810 -0.6362 173.37 37.75 103.69 4.89 -4.86 -5.12 -0.7700 2.1900 -2.5300 2.3544 0.3833 -0.7189 6.43 -7.38 -0.49 156 393 358 396 212 
0.1335 -0.5294 0.3973 -0.7375 154.44 42.19 69.87 7.78 -2.06 1.07 4.9300 4.6400 0.5700 6.5589 -0.4878 0.1211 6.89 -5.02 4.83 159 389 354 390 217 
0.3706 -0.4792 0.0497 -0.7941 129.37 46.69 38.88 4.65 -3.32 10.81 -1.6800 0.5700 3.9000 -1.2422 -1.1067 -0.4989 7.58 -4.31 4.47 160 386 354 392 217 
0.3283 -0.5110 0.0671 -0.7916 136.06 49.94 43.94 8.05 -4.12 3.79 0.8100 0.2700 -0.5000 -0.6289 0.1144 -0.1389 7.56 -4.51 4.29 165 373 345 379 214 
0.2832 -0.5050 0.1071 -0.8083 143.12 49.31 45.31 8.80 -4.83 7.88 3.5600 0.1000 2.3100 -2.6822 0.0789 -0.2644 7.67 -5.10 3.33 164 233 211 214 174 
0.1885 -0.5850 0.2431 -0.7504 149.44 50.06 77.25 7.54 -5.11 -8.88 -0.4500 1.0900 -9.1700 2.1144 -2.4200 2.2722 6.21 -7.56 0.64 143 200 178 188 135 
0.3960 -0.6240 0.2852 -0.6102 107.44 29.50 87.50 4.48 -5.98 6.67 -1.3600 2.2700 4.6200 -0.4356 -1.1322 1.1244 3.99 -8.95 -0.05 144 208 185 194 141 
0.4613 -0.6507 0.3025 -0.5219 97.50 23.87 92.75 4.74 -8.83 -1.02 1.4000 0.2700 0.1100 -0.0733 0.3200 -0.2422 4.16 -8.86 -0.43 145 210 188 197 142 
0.4486 -0.6534 0.3077 -0.5265 97.62 23.75 93.50 -2.25 -9.29 -2.38 -4.8200 1.2800 -0.4300 -1.2467 -5.4267 -2.0656 4.45 -8.25 -2.86 142 212 190 199 142 
0.3981 -0.8623 0.0746 -0.3038 65.25 26.37 130.87 3.67 -4.16 -9.95 0.4900 3.6800 -3.1500 0.4978 -5.9200 -3.1944 3.02 -5.89 -7.23 147 212 181 198 142 
0.3333 -0.8988 -0.2796 -0.0537 142.25 16.19 143.19 4.69 -4.69 -9.14 1.7800 0.3500 -0.7200 1.2156 -0.4956 -0.7344 2.83 -6.06 -7.16 144 203 178 196 142 
0.3849 -0.8533 -0.3516 -0.0086 359.87 16.06 135.31 3.08 -6.34 -6.05 0.0000 0.2200 0.1600 0.8622 0.1378 0.0778 2.69 -7.08 -6.22 147 207 179 201 149 
0.4454 -0.8273 -0.3422 0.0046 1.37 18.56 128.81 6.36 -6.55 -2.29 2.7300 0.9500 0.6000 -0.0267 1.2744 0.4000 3.30 -7.24 -5.72 148 210 186 207 151 
0.4572 -0.8279 -0.3239 -0.0250 7.87 19.81 127.81 4.98 -5.26 -1.98 1.3600 2.1400 4.6200 -1.5633 2.1800 0.7044 3.73 -6.95 -5.82 156 228 197 210 159 
;
