0.9763 0.0450 -0.0477 -0.2062 23.81 4.25 -6.19 0.76 1.10 9.67 -0.0200 0.0100 -0.0400 -0.0167 0.0067 -0.0111 0.73 1.04 9.72 161 348 350 407 208 
0.9763 0.0446 -0.0477 -0.2066 23.87 4.25 -6.12 0.58 1.09 9.73 -0.1300 0.0000 -0.0100 0.0044 -0.0044 0.0044 0.72 1.04 9.72 160 349 352 409 209 
0.9763 0.0447 -0.0474 -0.2066 23.87 4.19 -6.12 0.67 1.04 9.71 -0.0800 -0.0200 -0.0200 -0.0011 -0.0067 -0.0033 0.72 1.04 9.72 158 351 350 408 208 
0.9762 0.0437 -0.0484 -0.2070 24.06 5.06 -5.94 0.54 0.89 10.27 -0.3900 -0.1500 0.1700 0.2233 -1.1033 0.1000 1.55 1.14 9.61 160 347 351 408 209 
0.9715 0.0542 -0.1182 -0.1984 21.81 15.38 -11.13 7.14 3.80 14.26 2.6100 3.0000 4.9600 -0.3511 -2.8744 1.1156 4.80 1.63 8.38 168 250 251 234 186 
0.9417 0.0016 -0.3209 -0.1014 8.94 40.88 0.06 5.92 -0.54 3.60 0.0500 1.6500 -2.9000 0.6600 -4.5333 3.6111 8.19 -2.16 4.93 198 177 188 188 135 
0.8338 -0.1168 -0.5269 0.1160 341.44 58.50 43.50 -3.23 -1.59 8.12 -11.9100 2.0000 4.4000 -1.4267 -2.2767 -1.3289 9.01 -3.28 2.01 200 169 182 189 139 
0.7403 -0.1583 -0.6533 0.0081 7.25 79.87 74.00 18.95 4.22 -10.05 8.0400 4.2100 -14.6400 -0.8411 -1.0867 -1.0222 9.79 -0.47 -0.26 201 171 186 193 143 
0.6922 -0.1562 -0.6957 -0.1117 18.06 86.12 3.62 9.12 -0.35 2.65 0.1200 0.3500 0.8000 -0.9233 -0.8800 0.0489 9.78 -0.62 -0.22 199 176 191 196 145 
0.6891 -0.1757 -0.6906 -0.1320 21.62 86.69 176.69 10.60 -0.29 1.25 1.0500 0.4000 1.2100 -0.3789 -0.0589 0.2311 9.78 -0.67 -0.07 199 186 190 197 151 
0.6945 -0.2286 -0.6674 -0.1415 21.44 77.12 75.50 15.43 3.41 1.91 -1.6900 3.4700 -0.6100 -3.1678 5.1411 5.8133 7.10 -6.16 2.77 195 319 297 356 190 
0.7810 -0.5572 -0.2682 -0.0875 14.81 23.81 79.62 0.62 -0.13 -0.97 -3.4400 8.3700 -1.6200 -6.3556 3.7022 3.5544 1.48 -9.31 -2.68 180 396 372 430 201 
0.5162 -0.8384 0.0941 -0.1471 36.00 9.31 119.06 1.17 -7.19 -11.98 -0.6200 1.3500 -6.7700 -0.1056 1.0933 0.1722 1.91 -8.27 -4.89 166 410 378 438 204 
0.4786 -0.8458 0.1298 -0.1968 43.25 12.50 114.94 2.13 -6.07 -11.00 0.7500 2.9200 -8.5000 4.6289 -1.2267 -0.6178 2.33 -9.46 -1.09 162 410 378 437 208 
0.7466 -0.6440 -0.0149 -0.1663 19.31 13.63 67.56 5.73 3.91 -1.24 2.8600 14.0600 -5.1600 10.2722 -1.4111 1.5278 2.33 -4.37 8.45 159 408 365 435 209 
0.9888 -0.0353 -0.1426 0.0255 353.50 16.37 -6.00 1.36 6.89 15.21 -0.3000 4.3000 5.8600 2.6911 -0.1178 -0.0544 3.38 3.09 8.66 162 399 381 425 209 
0.9683 0.1816 -0.1460 0.0901 350.12 19.25 -19.37 2.88 2.64 7.83 -0.6900 -0.5200 -0.9600 -0.1433 -0.3456 -0.1622 3.44 2.95 8.69 164 398 364 420 212 
0.9666 0.1744 -0.1752 0.0680 352.00 21.19 -19.87 3.31 3.19 9.61 -0.4500 0.0400 1.2400 -0.3689 -0.3556 -0.2422 3.68 2.99 8.57 171 360 343 357 208 
;
0.9667 0.1539 -0.2006 0.0397 356.69 24.00 -16.37 2.19 3.13 7.16 -1.6100 0.1700 -2.0100 -1.1744 -0.5311 -1.2411 4.11 2.00 8.67 170 334 316 337 206 
0.9719 0.1028 -0.2090 -0.0342 3.87 20.00 -13.06 3.07 -0.06 10.29 -3.3700 -1.0600 2.3000 -0.1522 1.1989 -0.1689 2.01 1.90 9.40 166 331 339 345 206 
0.9882 0.0938 -0.1185 -0.0250 2.69 14.50 -11.81 2.35 1.87 10.60 -0.3000 0.3400 2.4000 0.7356 -1.2367 0.6833 3.48 2.23 8.89 175 303 293 319 203 
0.9695 0.0959 -0.2250 0.0175 356.44 32.00 -9.25 8.74 -0.12 7.90 -0.2200 0.4900 1.0800 -1.3967 -2.6333 1.5444 7.32 -0.19 6.51 193 212 215 214 151 
0.8669 0.0354 -0.4860 0.1053 343.44 61.44 8.44 3.88 -0.61 8.82 -5.6100 0.5700 4.5000 -1.5022 -0.9856 1.3833 9.08 -2.13 3.00 199 167 180 185 131 
0.7634 -0.0472 -0.6337 0.1157 346.75 77.87 61.56 7.68 1.50 -1.39 -1.8000 3.0400 -4.6700 -2.4778 -0.4911 -2.6067 9.80 0.04 0.28 200 169 177 189 132 
0.7086 -0.0359 -0.7005 -0.0767 12.19 86.69 -3.25 11.74 0.25 1.01 1.2400 -0.4200 0.7700 0.2156 -0.0467 0.3000 9.79 0.35 0.11 201 171 184 192 133 
0.7112 -0.0468 -0.6983 -0.0666 10.81 88.37 -1.31 9.34 -0.11 1.41 -0.7200 -0.4300 1.1700 -0.0589 -0.1867 -0.0278 9.80 0.23 0.04 200 176 184 192 136 
0.7018 -0.0631 -0.7058 -0.0735 13.06 89.75 -0.19 20.01 2.47 2.01 16.5300 4.3300 2.6700 -3.4500 2.9456 2.6544 9.59 -1.61 1.25 198 204 198 212 152 
0.7841 -0.3322 -0.5186 -0.0776 9.13 47.75 65.19 3.38 3.07 -0.44 -6.6900 7.0900 -6.0600 -4.8256 5.4678 4.9833 2.92 -9.14 1.96 187 402 359 430 208 
0.6917 -0.7150 0.0145 -0.1009 17.37 3.81 97.94 -2.58 -4.18 -6.40 -2.0000 4.1700 -4.2300 -2.4878 1.1711 -0.5489 0.98 -9.17 -3.31 181 418 377 442 211 
0.5248 -0.8257 0.1190 -0.1694 37.38 9.63 113.75 1.40 -8.29 -9.05 -0.0500 0.4800 -5.1700 0.6356 -0.4478 -0.7011 1.98 -8.89 -3.63 178 419 378 445 211 
0.5540 -0.8092 0.0776 -0.1795 33.38 12.13 106.69 5.17 -5.93 -10.21 2.7700 4.5900 -7.9400 3.9500 -1.0533 -0.1167 2.14 -9.56 -0.23 173 414 366 440 211 
0.7940 -0.5955 -0.0556 -0.1089 10.31 13.63 59.44 7.44 6.95 3.10 2.8900 14.6300 -1.3800 9.7267 -1.0578 0.7967 2.90 -3.01 8.86 173 408 380 434 212 
0.9857 0.0325 -0.1541 0.0596 351.12 21.56 -12.06 -0.64 7.21 18.91 -1.3800 3.2000 9.4300 1.5678 -1.1722 -0.2378 3.87 3.61 8.25 174 407 376 430 211 
0.9549 0.2075 -0.1965 0.0809 350.75 24.81 -23.06 3.57 2.56 7.20 -0.8300 -0.9100 -1.4700 -0.1611 0.1122 -0.0444 4.02 3.34 8.29 174 402 368 425 209 
;
0.9556 0.1938 -0.2098 0.0720 351.31 25.94 -22.25 3.42 3.21 8.69 -0.7400 -0.0900 0.9100 -0.2022 -0.1100 -0.0167 4.39 3.25 8.13 173 398 356 422 211 
0.9532 0.1858 -0.2291 0.0663 352.56 27.75 -21.31 3.78 3.16 8.49 -0.7200 -0.2900 0.2600 -0.2856 -0.2067 -0.2744 4.63 3.07 8.07 177 398 364 425 211 
0.9524 0.1719 -0.2478 0.0441 355.31 29.87 -20.25 4.61 4.83 10.39 -0.4200 2.5000 1.4400 -1.0711 -0.1967 -0.3122 5.02 2.54 8.02 174 271 239 272 201 
0.9539 0.1102 -0.2789 -0.0122 3.12 33.19 -13.88 5.85 -0.77 5.29 2.0500 -5.3000 -3.1700 1.3144 -5.7656 -0.2011 7.53 2.59 5.70 185 174 169 188 152 
0.8687 0.1980 -0.4540 0.0063 354.81 50.56 -35.44 6.42 4.33 9.14 -0.6400 0.3700 4.3300 0.3767 -0.1589 1.7267 7.73 3.20 5.10 200 163 175 192 144 
0.8603 0.2100 -0.4426 0.1411 338.25 57.88 -17.87 1.60 1.85 7.67 -7.2100 0.6300 3.0900 -1.6722 -1.7011 1.7978 8.88 -0.23 4.14 201 172 176 192 144 
0.7919 0.0576 -0.5838 0.1697 338.37 74.81 28.81 6.61 0.53 0.83 0.1700 1.8100 -3.0600 -2.5122 -2.0644 -0.7189 9.75 -0.93 0.39 201 173 179 198 143 
0.6959 -0.0236 -0.7171 0.0304 354.25 83.94 175.31 12.76 -1.55 -1.37 0.5500 -0.5600 0.4600 0.1456 0.2078 -0.0378 9.75 -0.81 -0.57 201 175 182 199 145 
0.6939 -0.0151 -0.7190 0.0356 354.31 85.50 176.00 10.10 -0.53 0.58 0.0500 0.0600 0.6700 -0.1178 0.4656 -0.1389 9.78 -0.59 -0.13 202 178 184 202 149 
0.7064 -0.0257 -0.7068 0.0257 355.87 84.50 5.37 19.92 1.15 -0.30 10.3700 3.8200 1.0500 -2.0678 4.2167 1.9122 9.33 -2.28 1.97 189 254 240 249 189 
0.8107 -0.2598 -0.5242 0.0200 358.75 46.56 57.50 1.28 -2.15 2.83 -5.0600 4.3700 -2.4100 -6.1489 4.6311 2.7311 4.09 -8.57 2.42 174 363 296 406 202 
0.7247 -0.6733 -0.1199 -0.0842 17.56 14.00 91.94 2.14 -4.99 -4.69 -1.6900 3.4200 -4.8900 -3.1744 2.0344 -0.1367 2.47 -9.21 -2.24 169 412 373 440 209 
0.5604 -0.8029 0.0373 -0.2001 40.31 17.00 108.62 2.86 -8.16 -6.67 -0.6100 0.4700 -4.3300 0.2322 0.1700 -0.0822 2.99 -8.88 -2.88 167 412 372 441 208 
0.5719 -0.7895 0.0342 -0.2202 40.25 18.06 103.19 4.24 -7.55 -7.31 0.4600 2.1500 -6.3500 2.6933 -0.5533 -0.2756 3.24 -9.25 -0.29 170 405 366 437 209 
0.7399 -0.6444 -0.0505 -0.1863 24.00 18.00 70.87 2.83 -2.87 -1.59 -0.3500 7.6600 -6.0400 8.5322 -2.0078 0.4733 3.36 -5.81 7.14 170 405 363 432 209 
0.9728 -0.1445 -0.1745 -0.0475 2.69 23.06 4.06 4.94 8.46 14.30 -1.4000 7.3800 5.3100 4.7500 -0.6756 0.1411 3.76 3.17 8.47 169 402 366 418 210 
0.9548 0.2356 -0.1774 0.0374 355.50 21.06 -29.12 4.24 5.59 12.92 -0.4200 0.6100 4.0800 -0.2433 -0.2489 -0.1400 3.76 4.38 7.92 170 393 373 418 211 
0.9529 0.2283 -0.1989 0.0170 358.56 22.37 -27.00 3.10 4.63 10.13 -0.7600 0.6800 1.8000 -1.9800 -0.3267 -0.4556 3.67 3.21 8.50 169 368 355 382 209 
;
