0.8712 -0.0499 -0.4572 -0.1719 22.37 54.44 -7.00 7.91 0.84 5.71 -0.0300 0.1800 0.0800 0.0056 -0.0200 -0.0300 7.99 0.71 5.64 169 334 339 348 202 
0.8708 -0.0486 -0.4574 -0.1737 22.50 54.25 -7.44 7.82 0.88 5.84 -0.1000 0.1000 0.1000 0.0233 -0.0433 -0.0156 7.97 0.77 5.65 166 332 339 348 202 
0.8712 -0.0444 -0.4576 -0.1724 22.31 54.25 -7.94 7.71 0.86 5.84 -0.2000 0.0600 0.1800 0.1311 0.0022 0.0444 7.95 0.82 5.67 165 335 338 348 202 
0.8734 -0.0358 -0.4564 -0.1662 21.00 53.81 -9.56 10.17 2.05 7.73 2.8700 1.0400 2.2800 1.2378 -0.1444 0.1367 8.00 1.31 5.50 171 325 329 336 201 
0.8744 -0.0092 -0.4677 -0.1289 13.81 56.75 -4.19 11.16 0.09 5.95 1.5100 -0.2600 0.0400 -2.2678 -2.0844 3.4956 8.56 -2.89 3.79 188 209 222 224 163 
0.8040 -0.2702 -0.5286 0.0357 351.19 55.75 63.88 -1.99 -4.93 9.60 -11.6100 0.1000 9.1000 -3.7433 1.8556 -1.6189 8.33 -4.73 2.07 201 167 185 186 131 
0.7554 -0.3116 -0.5634 -0.1220 27.44 72.94 57.13 19.25 4.85 -6.87 10.1000 6.0300 -5.8800 0.5844 -1.4189 -0.6444 9.62 -1.45 1.20 197 172 190 193 135 
0.7149 -0.2941 -0.5953 -0.2192 33.50 78.25 55.69 9.34 -2.43 2.42 -0.7400 -0.9000 1.0300 0.0744 -0.0789 0.0933 9.58 -1.76 1.06 200 175 193 196 137 
0.7138 -0.2972 -0.5990 -0.2081 32.69 77.94 55.50 9.61 -1.01 1.93 1.5200 0.9300 1.6900 0.1022 -1.0878 0.6656 9.55 -2.11 0.56 189 205 208 206 152 
0.6890 -0.3392 -0.6232 -0.1479 12.63 66.12 97.50 13.24 -5.20 -2.60 1.7800 -0.7600 -3.2300 4.8267 -2.6489 4.0300 7.21 -6.62 -0.47 157 319 179 185 131 
0.6809 -0.3470 -0.5949 0.2490 314.25 35.88 81.56 1.78 -3.05 6.56 -3.6500 5.0900 4.7000 0.2833 0.1589 1.8911 4.54 -8.49 1.82 122 336 180 180 128 
0.6501 -0.3871 -0.5361 0.3744 299.69 22.87 84.81 4.60 -12.08 -8.10 1.0400 -3.5900 -9.2300 0.5578 0.3844 -0.0767 3.78 -9.00 0.86 121 340 177 177 126 
0.6692 -0.3845 -0.5060 0.3851 298.94 21.94 71.44 3.52 -7.67 -4.29 -0.6200 3.4700 -5.2400 5.6611 1.8033 -0.4956 3.22 -6.44 6.65 124 356 188 182 130 
0.7856 -0.1696 -0.3041 0.5115 294.12 16.81 37.88 3.96 -0.98 11.99 2.2100 2.0200 1.3600 -0.9811 -0.4611 -0.1178 2.98 -6.30 6.89 126 358 184 182 130 
0.7783 -0.2140 -0.3303 0.4894 296.56 17.81 43.81 2.50 -5.57 7.03 -0.9800 0.7700 -0.2800 -0.5600 -0.1344 -0.3956 3.18 -6.72 6.38 142 355 198 197 143 
0.7816 -0.2458 -0.3735 0.4350 307.37 24.94 52.38 -1.62 -3.25 0.13 -3.9600 4.4100 -5.6000 -2.2333 1.1300 -5.5756 6.51 -5.66 4.64 160 312 234 256 174 
;
0.8826 -0.2072 -0.4216 0.0193 4.31 48.38 24.19 12.79 0.17 9.20 4.7500 1.4100 5.0200 2.0689 0.9422 -2.0411 6.95 -0.40 6.90 171 322 331 361 193 
0.9255 -0.0251 -0.3631 -0.1044 13.75 39.50 -5.00 2.32 1.10 12.12 0.8700 1.7600 7.9200 -0.6956 -1.6144 0.2056 6.12 0.73 7.62 167 329 338 363 195 
0.9332 -0.0054 -0.3354 -0.1285 15.69 38.94 -5.62 6.54 1.10 8.25 0.5800 0.2600 0.7500 0.4167 0.0589 0.0289 6.13 0.92 7.59 170 329 330 351 195 
0.9346 -0.0006 -0.3398 -0.1047 9.81 44.56 0.37 11.75 -0.32 7.48 4.0400 0.5100 2.4500 -1.9967 -1.8689 3.2567 7.62 -2.77 5.49 191 249 244 239 165 
0.8469 -0.2512 -0.4673 0.0372 353.00 51.25 55.88 -1.37 -5.74 3.92 -8.8500 1.2100 2.9100 -1.5844 -0.3978 -1.4344 8.28 -4.79 2.10 198 178 190 193 130 
0.7618 -0.2900 -0.5749 -0.0706 18.62 71.75 58.75 12.01 4.90 -4.05 7.7200 6.9200 -6.9800 0.0422 0.1256 -2.4556 9.65 -0.55 1.62 200 177 192 193 131 
0.7190 -0.2187 -0.6186 -0.2292 34.63 82.06 17.25 10.96 -0.97 1.93 1.1100 -0.5000 0.4700 0.1589 0.0433 0.3056 9.70 -0.62 1.22 199 182 191 196 132 
0.7218 -0.2294 -0.6188 -0.2086 31.94 81.50 31.94 9.67 -0.49 2.03 -0.1800 0.4600 0.7600 -0.3189 -0.2811 0.3622 9.69 -1.05 1.00 201 186 194 198 135 
0.7016 -0.2751 -0.6331 -0.1769 24.81 77.69 93.75 16.02 -1.59 -0.72 5.4100 0.4500 -1.0200 0.5000 -2.0989 3.2367 8.76 -4.13 -1.50 189 262 204 223 155 
0.6343 -0.4061 -0.6556 0.0531 340.06 45.75 103.06 3.77 -4.80 -1.70 1.7000 3.3700 0.9800 3.8222 -1.3133 3.7900 4.82 -8.53 -0.04 134 334 197 204 136 
0.6313 -0.4009 -0.5436 0.3810 293.94 19.94 80.31 -0.04 -6.05 4.95 -2.9100 3.1300 3.1800 0.4644 0.3100 0.9911 2.61 -9.11 2.49 114 344 189 195 130 
0.6423 -0.3933 -0.4769 0.4531 290.44 15.06 77.06 2.43 -11.79 -1.77 0.5900 -3.2700 -5.3500 0.3256 0.3800 -0.6756 2.95 -9.10 2.12 114 351 188 196 131 
0.6996 -0.3651 -0.4427 0.4257 297.19 17.12 58.31 -1.12 3.18 5.15 -5.9600 13.3000 3.2400 6.3811 1.3311 -0.5844 2.31 -4.46 8.42 120 370 196 205 142 
0.8328 -0.1416 -0.2079 0.4931 298.81 12.00 28.81 3.06 -3.81 8.39 0.5800 -1.0700 -1.8600 -0.8167 0.3233 -0.2789 2.12 -5.20 8.03 122 373 194 205 143 
0.8167 -0.1828 -0.2527 0.4855 298.94 14.25 35.31 0.10 -2.89 7.59 -4.6800 3.0100 -0.7900 -1.9322 -1.1078 -1.2122 3.53 -6.29 6.63 148 366 222 225 160 
0.8316 -0.2375 -0.3979 0.3061 333.37 38.69 47.81 8.09 0.75 -2.76 2.3500 5.9300 -7.1600 -0.3844 3.7911 -7.5533 7.14 -1.95 6.42 167 346 325 364 194 
;
