0.2123 -0.0048 -0.3127 -0.9258 155.37 9.75 -35.38 2.88 6.11 6.85 1.1100 0.6300 -0.8600 -0.2467 0.3100 0.0056 1.73 5.49 7.93 163 296 329 370 221 
0.1985 -0.0307 -0.3074 -0.9302 156.06 10.44 -34.50 2.13 5.57 7.84 0.3600 0.1800 0.0100 -0.0378 0.0867 -0.0644 1.72 5.43 7.97 164 297 327 371 219 
0.1927 -0.0313 -0.3040 -0.9325 156.50 10.31 -34.19 1.47 5.43 8.41 -0.3500 0.0200 0.5200 0.3056 -0.4356 0.2778 2.17 5.54 7.79 168 302 311 367 220 
0.2036 -0.0956 -0.3499 -0.9094 154.25 23.19 -42.19 8.10 10.43 10.55 2.9600 3.6000 3.0800 1.9122 -2.2922 1.6522 5.47 6.22 5.23 172 264 255 268 191 
0.2681 -0.2731 -0.4509 -0.8063 138.31 49.13 -53.00 7.71 3.18 1.96 -0.3600 -1.7000 -2.0800 1.5056 -2.1789 3.4889 9.04 3.17 2.07 176 179 162 178 149 
0.4407 -0.4855 -0.4236 -0.6250 102.12 83.37 1.06 5.38 1.18 2.71 -4.8800 1.9300 2.2200 -0.7689 -0.4511 1.9089 9.59 -1.95 0.44 189 165 161 165 130 
0.4755 -0.6005 -0.3450 -0.5425 102.31 79.81 87.62 0.87 -0.81 1.35 -6.6800 2.0000 0.6000 -1.7311 -2.3089 -2.5700 9.64 0.20 -1.77 199 167 165 171 134 
0.2333 -0.6545 -0.3945 -0.6013 142.69 72.56 -129.50 16.70 6.37 -6.11 7.4100 3.5000 -3.8000 -0.0856 0.0567 -0.2378 9.15 2.64 -2.32 204 170 169 175 136 
0.1737 -0.6742 -0.4134 -0.5869 146.00 69.87 -134.56 8.82 2.18 -1.44 -1.0400 -0.2600 0.5300 -0.0744 -0.1711 0.3211 9.29 2.22 -2.20 204 174 172 177 139 
0.1819 -0.6695 -0.3917 -0.6044 146.81 72.31 -130.37 10.74 3.31 -2.21 2.9700 1.7400 -0.4800 -1.0978 1.1422 0.3456 9.49 2.09 -1.27 201 176 172 184 144 
0.1882 -0.6360 -0.2849 -0.6920 149.62 82.25 -31.62 15.15 4.42 3.22 3.2400 3.5500 0.9400 -4.5422 3.4156 4.3622 8.79 -2.88 3.22 160 255 199 254 176 
0.2223 -0.5155 0.1787 -0.8080 149.12 41.31 57.13 3.14 -3.46 2.60 -3.9200 3.6600 -2.4400 -4.0356 1.6644 1.8656 4.39 -8.33 2.72 157 372 332 386 209 
0.1715 -0.3740 0.5296 -0.7418 155.56 20.62 83.81 3.42 -6.51 -6.64 -0.7200 1.3900 -7.3300 -1.3622 -1.0111 0.0322 3.20 -9.21 -0.99 162 403 358 400 213 
0.1433 -0.3983 0.6212 -0.6595 155.06 21.44 94.50 2.20 -7.81 -4.41 -2.0200 1.5700 -4.4600 1.6822 -2.2811 -1.5644 4.51 -8.70 -0.24 164 384 358 393 212 
0.2223 -0.5182 0.4298 -0.7051 141.62 34.13 78.25 8.37 -4.67 -0.76 -0.3300 6.6700 -3.8200 8.0211 -0.2244 -0.8811 6.10 -4.84 5.94 168 380 345 392 215 
0.4387 -0.3948 -0.0417 -0.8062 121.62 41.69 9.25 4.17 4.68 8.33 -1.5100 5.0600 1.2600 3.1767 -0.3011 -1.0244 6.61 1.40 7.10 175 383 346 391 214 
0.4726 -0.2364 -0.2974 -0.7952 118.62 39.38 -23.94 7.40 6.25 9.86 2.2300 2.7700 3.2400 -0.0622 1.4333 0.1978 5.52 3.57 7.26 175 380 364 407 224 
0.4837 -0.1429 -0.3173 -0.8030 118.31 33.25 -25.62 5.18 3.79 6.24 1.0400 0.7700 -0.6600 0.0344 -0.1856 0.0289 5.71 3.50 7.15 175 374 363 402 224 
0.4771 -0.1765 -0.3288 -0.7957 117.94 38.69 -26.37 5.00 6.42 13.37 -0.0300 3.2400 6.9800 -2.1567 -2.2678 0.0156 7.33 2.47 6.02 173 335 303 275 200 
0.4069 -0.3696 -0.2596 -0.7940 128.81 53.44 -0.69 9.26 1.55 3.90 1.3500 2.0800 -2.8200 -4.8211 -1.1356 1.7011 8.03 -2.89 4.81 164 287 149 169 147 
0.3266 -0.5594 0.0682 -0.7587 131.50 50.31 62.69 7.54 -1.62 -1.03 -0.0100 4.8200 -2.5900 -1.2144 -0.3944 2.7567 5.94 -7.60 1.73 124 221 143 155 124 
0.4057 -0.5730 0.2750 -0.6569 112.75 29.44 75.87 4.12 -5.56 1.79 1.3300 2.5500 -0.3200 1.3133 -0.1856 1.3833 3.95 -8.54 2.74 122 211 151 160 128 
0.5414 -0.5116 0.2623 -0.6134 94.62 18.25 66.81 3.01 -6.10 4.65 -0.7100 1.4100 -0.0800 1.1178 -0.4856 0.9389 2.52 -8.43 4.31 123 231 159 164 129 
0.6291 -0.4644 0.2232 -0.5820 83.87 15.25 60.31 4.56 -7.26 5.70 1.6100 0.8500 0.7300 0.3222 -0.0411 -0.0733 2.51 -8.08 4.95 131 234 162 167 132 
0.6431 -0.4437 0.2087 -0.5883 85.75 14.63 57.13 2.96 -6.06 7.88 0.5600 1.9100 2.7400 -0.4244 0.2411 -0.3622 2.56 -8.00 5.04 129 239 165 168 133 
0.6009 -0.4344 0.2444 -0.6249 94.25 14.31 59.69 5.58 -5.25 6.34 2.4700 2.9300 1.5200 -1.3656 0.7322 -0.2989 2.40 -8.60 4.03 129 236 165 170 133 
0.5504 -0.5095 0.3070 -0.5859 93.56 14.63 75.56 -0.72 -10.44 -1.48 -2.3200 -1.7500 -2.9400 -0.8178 0.0156 -0.2578 2.55 -9.31 1.69 130 235 167 170 134 
0.4933 -0.5378 0.3574 -0.5828 99.75 16.44 80.81 5.26 -9.68 0.99 2.2800 -0.3100 -0.2000 -0.0122 1.1811 -0.2800 2.92 -9.22 1.60 130 239 169 172 134 
0.4894 -0.5474 0.3442 -0.5851 100.69 17.81 79.94 1.40 -8.04 1.09 -1.7900 1.1700 -1.2000 0.2156 -0.6822 -0.4789 3.33 -9.07 1.64 133 237 172 174 135 
0.4789 -0.5620 0.2960 -0.6060 106.12 26.69 75.81 1.35 -3.83 -0.96 -3.6600 4.7000 -3.0700 2.0956 0.4689 -3.5156 6.20 -6.79 3.38 152 274 173 183 156 
;
