-0.1359 -0.0463 0.3173 0.9374 163.44 0.00 -37.38 -0.13 5.93 7.66 -0.1000 -0.0100 -0.0900 0.0122 0.0144 0.0011 -0.01 5.96 7.78 156 347 364 401 215 
-0.1356 -0.0488 0.3185 0.9369 163.50 -0.37 -37.63 -0.17 5.86 7.73 -0.0300 -0.0700 0.0500 0.0122 0.1100 -0.0989 -0.16 6.00 7.75 156 351 363 402 215 
-0.1331 -0.0555 0.3191 0.9367 163.75 -1.06 -37.75 -0.20 5.93 7.81 -0.0100 -0.0700 0.1200 -0.0144 -0.0122 0.0678 -0.15 6.00 7.75 156 352 365 403 217 
-0.1428 -0.0552 0.3242 0.9335 160.62 -2.00 -38.94 -3.82 6.93 9.21 -5.8600 0.7100 1.5700 2.5667 -0.0900 2.2944 0.03 7.19 6.66 188 298 318 345 220 
-0.2647 -0.0341 0.4374 0.8588 143.31 16.69 -55.25 13.23 16.09 5.71 5.9700 4.8700 -1.1600 1.4511 -0.4800 3.1367 5.40 7.34 3.60 190 210 213 213 192 
-0.4109 0.1699 0.5656 0.6945 109.69 54.38 -62.56 2.36 3.47 5.26 -7.2700 0.8400 0.5900 -0.1767 -1.5989 5.3433 9.59 0.62 1.90 196 164 171 178 148 
-0.5864 0.4462 0.4604 0.4951 79.81 77.06 36.94 1.43 0.19 4.83 -8.3600 -0.1600 1.9700 -2.5600 -0.1611 -0.6667 9.59 -1.58 1.26 203 153 165 169 139 
-0.4549 0.5699 0.4447 0.5201 102.56 82.62 171.31 14.77 6.73 -7.81 8.1900 6.6000 -6.0400 -2.7533 0.3311 -3.1900 9.36 2.22 -1.85 204 155 169 173 143 
-0.2809 0.6140 0.4937 0.5481 123.62 72.56 -145.00 9.63 2.13 -0.89 -0.2000 0.4500 1.3800 -0.1478 0.6433 0.1900 9.49 1.47 -1.97 203 162 174 177 146 
-0.3098 0.6090 0.4697 0.5591 122.00 76.12 -142.25 8.77 1.71 -1.41 -0.5300 0.2200 -0.4600 -0.3322 0.3567 -0.4700 9.51 1.73 -1.65 201 163 175 180 148 
-0.2886 0.5874 0.4639 0.5971 131.00 75.06 -100.87 13.82 5.69 2.70 3.7200 2.9900 3.7300 -1.5833 2.2356 -0.1033 9.33 2.66 1.40 150 295 182 189 154 
-0.2696 0.5063 0.3457 0.7426 143.62 66.50 -36.00 3.27 -0.93 -1.84 -6.1000 -6.2400 -10.2600 -0.0233 2.3433 -1.0500 7.76 2.80 5.29 117 353 198 186 153 
-0.2181 0.3049 0.3547 0.8565 151.31 35.88 -46.50 9.57 10.28 0.43 5.0600 4.3800 -4.1100 5.0578 1.1144 -0.0789 5.16 7.62 3.37 118 375 199 188 153 
-0.3214 0.1097 0.6240 0.7038 122.31 38.06 -82.12 10.67 16.38 4.55 3.4600 8.5700 4.0800 2.5578 -0.0100 4.2233 8.05 5.56 -0.46 122 374 199 190 155 
-0.5156 0.2231 0.6925 0.4526 76.69 71.69 -90.87 3.53 8.38 3.79 -6.6600 5.4300 3.2100 -3.2756 2.7556 2.0289 9.44 1.24 2.33 121 369 202 193 154 
-0.6183 0.3857 0.4345 0.5292 83.81 71.06 13.13 -0.22 1.78 1.26 -8.5500 2.9300 -3.6200 -5.3700 -0.1356 -1.9422 9.44 -0.90 2.49 117 371 201 193 155 
-0.3283 0.5450 0.2840 0.7173 142.25 72.25 -33.00 11.50 7.82 -7.35 2.9500 5.2900 -9.9700 1.2811 0.9533 -3.8156 8.24 4.53 2.76 118 371 198 192 157 
-0.1277 0.4053 0.4518 0.7844 160.25 45.56 -71.44 11.48 11.57 0.42 6.4400 5.0400 -0.1400 2.8622 0.8600 -0.4811 6.72 7.09 0.80 2 372 199 192 158 
-0.2060 0.3430 0.6268 0.6686 139.75 48.56 -96.56 9.40 9.55 3.45 1.9500 3.7300 5.4800 1.5800 -0.1322 2.2800 8.27 5.03 -1.54 120 365 200 193 157 
-0.3223 0.4056 0.6218 0.5875 122.69 62.75 -96.37 9.04 12.15 4.56 2.6000 8.4400 2.9800 -5.0067 1.5067 1.6100 9.07 2.88 2.33 155 338 233 223 180 
-0.3095 0.4870 0.2789 0.7676 138.81 63.00 3.06 7.93 6.46 -1.25 -1.1900 7.1800 -7.9900 -7.3389 3.4344 2.6589 6.41 -4.86 5.59 159 372 319 359 200 
-0.2020 0.3694 -0.3435 0.8395 154.56 22.31 65.62 1.71 -3.93 -0.42 -1.9900 4.9100 -4.4000 -5.4278 -0.7711 1.7922 1.89 -9.60 -0.54 159 371 348 378 201 
-0.2026 0.3708 -0.6761 0.6036 138.87 9.31 103.25 0.42 -8.31 -5.63 0.3100 1.2200 -2.8600 0.6356 2.5733 0.0956 1.74 -9.46 -1.85 170 389 360 403 206 
-0.1813 0.3406 -0.6730 0.6310 147.44 11.63 95.62 1.65 -8.77 -6.55 1.3300 1.5700 -5.6700 2.6700 -1.2633 -0.4056 2.35 -9.49 0.67 167 393 335 407 214 
-0.3134 0.3903 -0.4657 0.7297 128.87 16.81 64.87 4.74 -0.43 -0.63 1.6900 7.7900 -4.8100 7.7222 -2.6856 -0.3689 3.81 -4.71 7.70 164 390 359 413 215 
-0.5326 0.2220 0.0239 0.8163 112.62 22.56 5.56 -1.81 9.30 15.09 -3.5800 8.6000 4.5000 2.8122 -1.1922 0.0600 3.56 1.75 8.96 166 394 370 413 216 
-0.5764 0.0605 0.1976 0.7906 107.37 17.56 -17.37 0.28 5.40 11.56 -2.4300 2.5000 2.2300 1.0144 -0.9622 -0.1844 3.04 3.59 8.59 165 398 370 421 216 
-0.5707 0.0122 0.2471 0.7830 108.12 17.56 -23.00 3.56 4.01 8.69 0.5300 0.3000 -0.9000 -0.0589 -0.1256 -0.0922 2.95 3.63 8.61 165 396 372 425 218 
;
