0.3037 -0.0566 0.2336 0.9219 216.37 -14.56 -24.06 -2.84 3.80 8.51 0.0900 0.0400 -0.0600 0.1000 -0.1700 0.0000 -2.37 3.92 8.66 153 320 349 383 210 
0.3058 -0.0507 0.2361 0.9210 216.75 -13.63 -24.62 -2.19 4.03 8.56 0.0900 0.0100 -0.1100 0.0333 -0.0178 -0.0122 -2.28 4.00 8.65 155 321 347 380 212 
0.3070 -0.0473 0.2379 0.9203 216.75 -13.44 -24.81 -2.36 4.08 8.88 0.1500 0.3500 0.4800 -0.1478 0.4578 0.2467 -2.54 3.90 8.62 155 316 343 365 211 
0.2828 -0.0738 0.2359 0.9268 213.00 -15.44 -24.62 -4.78 3.88 10.51 -3.2000 0.5900 3.1400 -0.0244 -1.6567 1.3956 -1.07 4.34 8.72 159 262 222 250 183 
0.1907 0.1824 0.2347 0.9355 198.44 28.75 -37.00 12.08 8.97 5.91 4.9100 2.9900 -0.9800 1.2767 -2.2078 4.1178 7.61 3.85 4.83 166 218 205 210 148 
-0.0888 0.5197 0.1937 0.8273 158.75 69.12 -19.06 3.63 0.44 2.45 -3.4900 0.4800 -2.0800 1.5667 -0.3689 3.9322 9.24 -1.37 2.96 184 178 178 174 122 
-0.3605 0.5852 0.1166 0.7170 122.56 66.31 48.63 0.84 -1.32 6.65 -7.9000 1.7900 4.7300 -1.5567 0.1011 -0.5767 9.06 -2.99 2.23 195 174 172 171 118 
-0.2705 0.6371 0.0828 0.7170 147.25 78.75 53.31 6.60 4.46 -0.04 -1.2600 5.7000 -2.1300 -3.7222 -1.5744 -3.4989 9.76 0.87 -0.14 197 175 176 177 122 
0.0195 0.7146 0.0860 0.6940 182.37 81.62 -104.00 10.63 0.61 -1.38 -0.1400 -1.2700 0.1100 0.3956 0.1767 0.0522 9.72 1.22 -0.33 197 179 181 179 123 
-0.0020 0.7031 0.0981 0.7043 180.06 81.75 -88.81 8.79 1.69 0.51 -0.5700 0.2100 -0.1800 -0.3567 -0.2222 -0.0867 9.69 1.48 -0.06 196 181 183 183 124 
0.0191 0.7063 0.0918 0.7017 183.81 80.81 -95.50 11.36 1.98 -0.68 2.3500 0.6800 -1.3600 -1.0844 0.7489 -0.3500 9.63 1.79 0.44 174 188 181 189 131 
0.1011 0.6960 0.0355 0.7100 196.00 80.12 -88.87 12.78 1.96 -1.65 4.0400 0.7300 -0.4200 0.4078 -1.5311 1.2511 9.70 0.28 -1.39 138 339 196 190 135 
-0.0609 0.7686 -0.0081 0.6368 159.37 75.25 135.81 6.30 -0.58 -3.84 -2.9900 1.7500 -1.7800 4.3467 0.3633 1.9411 9.05 -3.65 -0.85 107 380 202 193 136 
-0.4054 0.6910 0.0906 0.5916 104.31 62.44 80.94 6.69 -0.36 3.38 -4.7000 3.9500 3.5800 0.7611 -0.4267 -0.6067 8.77 -4.20 1.21 103 393 212 194 135 
-0.4824 0.6472 0.1711 0.5651 97.25 63.44 78.19 9.69 -4.02 1.12 -0.2900 0.4100 0.1800 -0.3022 0.6367 -0.5656 8.86 -4.07 1.01 105 394 211 197 135 
-0.4669 0.6447 0.1788 0.5784 104.56 66.31 71.50 10.69 -1.96 1.26 1.4500 1.5100 -0.2800 -0.7767 1.4956 -0.7033 8.98 -3.36 2.03 108 399 211 198 136 
-0.4155 0.5851 0.1165 0.6866 120.31 62.31 43.63 9.16 -2.20 1.63 0.4400 0.7900 -1.8800 -0.3533 -0.0767 1.6233 8.27 -3.89 3.52 112 398 208 198 135 
-0.4925 0.6038 0.0432 0.6253 100.69 48.81 67.37 2.07 -7.07 3.23 -6.2200 -1.3600 1.1000 -0.8844 1.6233 0.2933 6.73 -6.52 2.86 112 397 210 198 135 
-0.4836 0.5990 -0.0784 0.6334 106.62 43.63 68.62 6.03 -7.39 1.95 -0.7100 -0.7100 -0.9000 -0.1533 0.4444 -0.7378 7.05 -6.25 2.68 112 393 209 199 135 
-0.4422 0.5964 -0.0751 0.6656 113.12 46.81 65.87 7.45 -5.59 2.65 0.0300 0.5700 -0.0600 -0.0822 0.0389 -0.0444 7.17 -6.10 2.73 113 389 211 200 136 
-0.4218 0.5920 -0.0803 0.6821 121.12 48.63 62.25 6.83 -3.34 4.97 -2.0700 1.1300 0.2300 -2.5511 6.2400 -4.5600 7.26 -4.19 5.07 153 345 208 208 142 
-0.0737 0.3994 -0.1569 0.9003 178.19 45.56 22.81 4.51 0.29 0.85 -1.3500 3.2700 -3.5800 2.8078 -1.1700 -2.7967 7.81 0.28 5.91 148 363 207 199 136 
0.0867 0.4622 0.0629 0.8802 194.19 54.50 -30.00 16.62 8.96 2.79 7.6300 4.9900 -2.3200 2.8778 1.1300 -2.0056 7.22 5.12 4.20 136 373 203 198 138 
0.0805 0.4515 0.3356 0.8228 185.62 42.63 -63.94 12.78 13.56 5.99 4.4700 6.6300 3.7300 4.2867 1.5322 2.1156 7.18 6.40 1.88 146 377 211 202 138 
-0.1940 0.4134 0.5007 0.7354 142.62 57.94 -73.12 5.81 7.95 4.95 -3.1700 3.6000 3.1200 -0.1456 0.1956 3.7422 9.27 2.59 1.82 143 373 212 202 137 
-0.3943 0.5035 0.3526 0.6831 119.44 74.31 4.06 -0.81 1.99 2.37 -10.1400 2.7400 -0.0600 -4.5522 -1.3433 2.4078 9.31 -2.64 1.55 137 370 214 202 136 
-0.2919 0.7152 0.0684 0.6314 140.31 71.50 111.87 7.02 1.95 -6.02 -1.6000 3.3000 -5.3500 -3.8300 3.3900 -4.8833 9.78 0.55 -0.13 120 378 204 202 134 
0.1261 0.6663 0.0839 0.7302 206.00 63.00 -67.81 13.41 8.39 -4.83 5.2700 3.3200 -5.1600 3.0700 1.8078 -2.6033 7.27 6.34 1.70 129 377 210 204 137 
0.1472 0.5442 0.3823 0.7322 198.75 42.63 -84.75 10.19 10.18 3.71 2.1300 2.1800 4.0300 2.3200 0.2689 0.8811 7.00 6.83 -0.55 134 380 212 204 138 
0.0035 0.5719 0.4804 0.6650 178.06 50.81 -102.44 7.15 5.71 1.89 -0.7500 -0.4000 2.7600 -0.9478 0.1111 0.4467 7.84 5.79 -1.00 135 377 211 205 136 
-0.0055 0.6018 0.4338 0.6705 180.37 54.81 -99.19 8.36 5.70 -1.69 0.4800 0.2200 -0.7800 -0.6133 -0.2444 0.3933 8.14 5.39 -0.81 134 379 210 206 139 
;
