0.2188 -0.0059 -0.3600 -0.9069 152.87 9.63 -41.25 1.50 6.38 7.28 -0.1100 0.0200 0.0000 0.0000 -0.0033 0.0044 1.64 6.37 7.26 165 349 367 393 213 
0.2187 -0.0056 -0.3599 -0.9070 152.87 9.63 -41.25 1.52 6.39 7.26 -0.1300 0.0300 0.0100 0.0022 0.0033 0.0033 1.63 6.37 7.26 167 353 367 394 212 
0.2186 -0.0053 -0.3599 -0.9070 152.87 9.56 -41.25 1.53 6.41 7.29 -0.1300 0.0100 0.0100 -0.0056 -0.0111 0.0033 1.63 6.38 7.26 166 351 366 393 213 
0.2184 -0.0056 -0.3600 -0.9070 152.87 9.63 -41.25 1.56 6.40 7.27 -0.1000 0.0200 0.0100 -0.0022 -0.0022 0.0044 1.64 6.38 7.26 167 354 368 394 214 
0.2185 -0.0057 -0.3602 -0.9069 152.87 9.63 -41.25 1.60 6.41 7.27 -0.0100 0.0200 0.0400 0.0011 0.0222 0.0067 1.69 6.35 7.27 167 330 352 376 215 
0.2188 -0.0231 -0.3513 -0.9100 152.31 13.69 -39.25 2.16 8.39 13.33 -0.6700 0.1600 4.2200 1.0400 -5.9100 3.4933 6.19 5.72 5.00 168 217 211 190 160 
0.3239 -0.3408 -0.4613 -0.7524 127.69 61.56 -51.75 5.56 1.20 2.19 -4.1200 -1.9300 0.3600 -0.4689 -1.3033 4.7444 9.55 0.41 2.17 182 152 155 166 129 
0.5077 -0.5159 -0.3606 -0.5883 95.06 74.94 35.50 -0.25 -2.08 2.65 -11.1800 -0.3500 1.7500 -1.4244 -0.8767 0.0044 9.48 -1.94 1.54 191 153 165 169 129 
0.4315 -0.5889 -0.3340 -0.5962 117.31 89.50 -0.31 14.64 11.77 -3.51 16.5300 12.3300 -7.8700 -1.2478 3.6378 -4.1067 9.10 3.58 0.64 198 155 167 174 131 
0.1980 -0.5645 -0.4247 -0.6796 146.31 70.56 -94.87 9.40 2.59 0.52 -0.4100 -0.5100 1.2200 0.1356 -0.3933 0.5067 9.36 2.86 -0.53 197 155 173 177 132 
0.2149 -0.5901 -0.4133 -0.6594 144.31 72.50 -94.75 7.56 2.98 -0.73 -1.8100 0.0100 -0.7400 -0.1378 0.3944 -0.7044 9.17 3.44 0.15 193 162 175 179 136 
0.1807 -0.5384 -0.4252 -0.7048 155.12 63.31 -79.25 9.24 5.73 -1.03 2.2700 0.8200 -1.6200 1.5344 2.7256 -2.2844 7.75 5.78 1.60 166 272 234 236 194 
0.1949 -0.3782 -0.5526 -0.7167 139.50 52.69 -91.44 14.68 6.12 -0.55 7.2000 1.2500 0.0400 3.8244 -5.0500 7.8522 8.58 0.91 -4.64 173 291 299 360 215 
0.3585 -0.6983 -0.5557 -0.2740 64.75 44.88 154.87 4.40 -1.59 -2.68 -3.1500 2.4900 3.4000 -0.5244 -3.0978 4.0944 3.83 -4.72 -7.68 179 257 263 308 216 
0.3087 -0.8748 -0.3706 -0.0450 137.69 16.19 150.31 -0.92 0.12 0.12 -4.0400 4.6500 8.4300 -4.4689 -1.7367 1.6711 1.33 -2.33 -9.43 184 269 270 315 217 
-0.0101 -0.9647 -0.2631 0.0044 149.44 0.00 -173.50 -1.12 1.83 -18.66 0.9800 0.1700 -5.0900 0.5367 -0.2378 0.1411 0.23 1.08 -9.74 187 272 275 314 215 
-0.0354 -0.9598 -0.2754 -0.0396 147.75 3.75 -175.25 1.33 0.23 -8.57 0.6100 -0.3200 1.1900 0.1444 0.4022 -0.0467 0.93 0.68 -9.73 186 279 274 311 213 
-0.0198 -0.9568 -0.2822 -0.0665 146.94 6.50 -175.31 1.90 1.31 -9.93 0.7700 0.2300 -0.7100 -0.1644 0.7889 -0.4267 1.50 0.97 -9.64 188 272 268 302 213 
0.0046 -0.9480 -0.3042 -0.0934 143.56 14.56 -179.00 11.35 2.95 -15.54 7.2400 2.8400 -7.3000 -0.0411 9.6867 1.0800 8.01 -0.21 -5.64 167 285 263 272 199 
0.1935 -0.6866 -0.1230 -0.6899 152.25 65.31 31.06 1.37 3.38 -3.00 -7.4900 5.1500 -9.1800 -8.4811 6.9489 2.7944 4.23 -6.82 5.62 162 327 277 324 200 
0.0842 -0.2324 0.5770 -0.7784 167.62 11.75 85.62 1.68 -6.33 -2.84 0.8900 4.4200 -1.3200 -3.1978 0.2878 0.6389 1.30 -9.58 -1.63 166 305 279 290 193 
0.0639 -0.1906 0.7638 -0.6133 168.56 8.69 103.81 0.09 -8.34 -5.75 -1.6200 1.7100 -4.0800 -0.0633 1.6178 -0.3878 1.99 -9.42 -1.83 154 301 269 282 193 
-0.0239 -0.1549 0.7133 -0.6831 189.44 16.94 86.06 2.26 -6.50 -2.36 -7.3300 5.4400 2.8100 4.7567 0.4678 -0.9956 3.28 -8.03 4.56 153 301 275 281 192 
-0.1118 -0.1080 0.4938 -0.8555 194.00 16.87 61.75 2.54 -6.44 7.42 1.0200 1.8900 0.3100 -2.2189 -1.6222 0.9378 2.65 -9.09 2.53 155 298 273 284 193 
-0.0181 -0.1496 0.6323 -0.7599 180.06 13.75 84.12 -0.46 -9.72 -6.93 -3.0800 -0.2000 -7.6900 -0.5089 -0.3800 -0.0411 2.23 -9.54 0.25 154 299 268 282 194 
-0.0072 -0.1612 0.6602 -0.7335 184.19 15.06 81.44 0.05 -8.06 -3.84 -4.1800 2.3800 -4.0400 4.1144 2.0267 -1.0344 2.81 -8.25 4.48 157 304 275 283 194 
-0.1160 -0.0965 0.4579 -0.8761 195.62 16.06 52.69 3.90 -3.93 11.20 2.2700 2.1800 3.3500 -0.6222 -0.7544 0.1767 3.01 -7.70 5.26 158 309 279 292 195 
-0.0893 -0.1406 0.4886 -0.8564 189.50 19.31 61.94 2.94 -7.47 4.46 0.0000 0.9200 0.0400 -1.9900 -1.3389 0.9889 3.03 -8.88 2.82 154 343 301 314 196 
-0.0016 -0.1889 0.6232 -0.7590 179.31 15.75 85.31 1.35 -9.74 -3.26 -1.1800 1.0900 -2.0000 -0.9633 0.1344 0.3367 2.24 -9.54 -0.34 151 364 322 350 200 
;
