0.1226 0.0866 -0.3156 -0.9370 165.06 -4.81 -37.88 -0.84 6.03 7.60 0.0200 0.0000 -0.0700 0.0022 -0.0044 0.0011 -0.83 6.00 7.70 166 346 358 388 219 
0.1226 0.0866 -0.3156 -0.9370 165.06 -4.81 -37.88 -0.86 6.00 7.63 0.0500 0.0100 -0.0900 -0.0133 -0.0100 0.0044 -0.83 6.00 7.70 165 346 355 387 218 
0.1226 0.0865 -0.3152 -0.9371 165.06 -4.81 -37.88 -0.78 6.06 7.64 -0.0900 -0.0300 -0.0200 0.0111 0.0211 0.0389 -0.83 6.00 7.70 164 342 357 387 219 
0.1276 0.0842 -0.3149 -0.9367 164.00 -3.81 -37.56 -1.26 6.46 9.44 -0.7200 1.0700 3.2300 -1.3256 -0.7289 -0.3111 -0.33 5.56 8.06 167 301 313 343 219 
0.1505 0.0403 -0.3204 -0.9344 160.81 7.75 -38.63 1.59 5.20 8.06 1.7900 0.8100 -1.1200 2.7811 -8.3989 4.0400 6.59 5.70 4.48 183 194 198 193 179 
0.2494 -0.3821 -0.4184 -0.7853 134.25 63.88 -47.88 9.07 3.38 2.40 -1.2400 1.8100 -0.4500 0.1333 -1.2022 4.8278 9.60 -0.19 1.95 188 156 155 162 129 
0.4745 -0.5666 -0.2983 -0.6040 100.50 72.56 54.75 -1.73 -1.92 3.69 -11.9200 1.1000 3.0000 -1.3689 -0.2933 -1.0778 9.44 -2.28 1.30 193 154 162 168 128 
0.3770 -0.6158 -0.2834 -0.6312 127.56 88.00 0.00 14.89 7.56 -4.04 9.5900 7.4400 -4.5100 -1.6778 -0.2667 -2.8156 9.49 2.41 -0.50 197 155 166 172 133 
0.1729 -0.6343 -0.3677 -0.6577 150.94 73.81 -108.19 10.42 2.25 -0.27 0.0400 -0.1900 1.2700 -0.2111 0.2167 -0.0300 9.42 2.59 -0.83 196 157 170 173 134 
0.1678 -0.6379 -0.3623 -0.6585 151.44 74.37 -107.87 8.89 2.75 -1.97 -0.7400 0.5400 -0.5700 -0.2611 -1.1689 0.5233 9.46 2.07 -1.51 178 171 171 175 144 
0.1569 -0.7068 -0.3402 -0.6001 147.19 70.56 -155.37 13.06 1.02 -1.31 4.0800 -0.5800 -0.2000 1.5222 -3.8989 3.2489 7.94 -1.39 -5.57 148 287 184 180 141 
0.2899 -0.8675 -0.2662 -0.3042 76.12 38.19 144.75 5.70 -4.47 -8.88 -0.3500 0.5400 -3.2900 2.6389 -0.7011 3.4756 4.32 -6.92 -5.42 127 321 190 180 140 
0.5124 -0.8411 -0.1241 -0.1210 23.00 16.94 114.37 0.63 -7.72 -7.22 -1.4900 2.1200 -2.3000 2.7911 0.8200 0.3711 2.47 -9.28 -1.93 114 328 187 182 140 
0.6775 -0.7242 -0.0747 -0.1047 16.62 14.56 90.81 1.16 -14.12 -6.70 -1.0000 -5.3200 -8.5600 4.5944 -0.6233 0.1044 2.36 -9.12 2.70 118 346 190 184 141 
0.8701 -0.4706 -0.1115 -0.0955 15.94 17.25 47.44 1.58 7.95 14.52 -1.3300 14.0300 8.2100 -0.3389 -1.0644 0.7478 3.08 -6.38 6.77 120 354 192 186 141 
0.9028 -0.3915 -0.1265 -0.1256 16.06 19.12 47.69 3.31 -8.31 4.55 0.2000 0.5000 -0.0100 -0.1389 -0.1267 0.1644 3.17 -7.15 5.90 121 348 195 187 142 
0.8773 -0.4461 -0.1258 -0.1246 18.19 20.12 56.94 1.89 -2.29 7.09 -1.4900 5.2200 1.4900 -4.1844 -0.1544 -1.0400 4.03 -8.58 2.48 158 318 257 233 181 
0.6836 -0.6842 -0.1389 -0.2126 40.38 30.81 97.50 1.71 -5.34 -6.74 -4.0100 3.2400 -4.2600 -5.8078 -2.4144 -2.7811 5.55 -6.29 -5.06 166 257 258 287 198 
0.2805 -0.9142 -0.2192 -0.1937 152.06 23.75 161.62 4.09 1.35 -12.82 3.8700 1.5500 -3.9200 -3.5744 -1.2922 -1.3900 2.40 1.18 -9.43 176 253 255 272 190 
-0.1025 -0.9379 -0.2989 -0.1429 143.31 10.81 -159.81 3.94 5.66 -12.39 3.4900 0.6600 -2.9200 -1.3533 -0.5444 -0.2956 1.28 4.37 -8.68 178 262 255 276 189 
-0.2052 -0.9235 -0.2988 -0.1255 144.69 6.12 -152.37 2.37 4.07 -10.49 1.1400 0.0100 -2.1200 0.2900 -0.2344 0.1500 0.91 4.37 -8.72 174 265 254 277 188 
-0.1918 -0.9329 -0.2853 -0.1074 146.44 4.87 -156.62 4.46 5.49 -18.77 4.0600 2.5800 -10.5800 2.0933 0.9722 1.3744 1.48 2.49 -9.36 174 279 263 289 194 
0.0806 -0.9724 -0.1910 -0.1075 163.06 23.81 148.37 -0.81 8.53 -1.11 -5.2300 12.8600 0.4100 7.2778 3.8878 2.9011 3.73 -9.05 -0.43 201 403 340 413 213 
0.7042 -0.6632 -0.0053 -0.2534 39.00 19.25 79.81 -0.90 -2.45 2.95 -4.1000 5.3400 0.4400 -1.0856 -0.3578 -0.8156 3.71 -9.00 1.10 197 402 356 418 215 
0.6725 -0.6876 -0.0242 -0.2728 46.88 25.50 89.25 3.61 -7.52 -0.49 -0.5800 1.3700 -0.2900 -1.4300 -0.5444 -0.7800 4.71 -8.53 -1.03 198 393 355 410 215 
;
