0.0154 -0.1371 0.1808 0.9738 182.00 -15.94 -21.37 -1.90 4.12 9.12 -0.5400 0.4900 -0.2300 0.1300 0.1622 0.2444 -2.79 3.54 8.70 156 288 292 302 181 
0.0109 -0.1378 0.1882 0.9724 181.00 -15.06 -22.19 -2.44 3.51 8.46 0.2500 0.1600 -0.4100 0.0233 0.0178 -0.0767 -2.51 3.61 8.76 156 292 294 302 183 
0.0062 -0.1505 0.1837 0.9714 180.12 -18.44 -21.56 -5.63 3.00 8.11 -3.2100 -1.2100 0.3100 -0.1711 -0.7100 0.0989 -2.90 3.39 8.72 154 293 291 307 188 
-0.0339 -0.1459 0.1976 0.9688 173.81 -13.25 -27.56 -2.02 7.06 10.61 -1.3500 2.7600 3.5100 5.3311 -2.7311 3.2800 0.34 7.28 6.55 166 326 347 386 206 
-0.1583 0.0698 0.5197 0.8367 151.50 26.56 -68.62 7.48 8.73 1.71 0.6100 0.3700 0.9300 2.4889 -1.1789 9.1944 8.86 4.18 0.35 162 274 281 272 165 
-0.4942 0.4724 0.5244 0.5076 82.75 84.00 174.00 1.74 1.98 5.37 -8.6900 3.7200 6.2200 -4.1633 3.9011 3.3144 9.08 -3.55 1.01 191 191 181 187 125 
-0.4680 0.6473 0.2415 0.5510 111.81 75.19 109.75 5.40 11.56 -3.61 3.8000 15.5500 -6.1400 -5.0778 2.1200 -5.7078 9.51 2.17 -0.99 195 181 186 192 132 
-0.1146 0.6899 0.3093 0.6444 156.19 74.44 -128.56 9.15 2.02 2.69 -1.4200 0.0900 4.2000 0.1711 0.3700 0.3478 9.55 1.73 -1.35 197 185 190 194 133 
-0.1469 0.6851 0.2994 0.6476 155.87 76.75 -120.87 9.32 2.87 -1.90 0.0500 0.8600 -1.1600 -0.7511 0.0211 -0.2944 9.50 2.20 -1.01 192 191 192 197 139 
-0.0833 0.6822 0.2610 0.6779 169.62 76.19 -95.81 22.22 10.28 5.11 19.7300 11.8200 4.1400 -3.7578 2.7011 3.2556 9.70 -0.07 1.41 163 337 315 326 191 
-0.1547 0.6494 -0.0856 0.7396 152.12 56.81 72.75 4.20 5.38 6.16 -6.7000 12.9400 -1.4100 -7.2744 3.8900 5.2511 4.88 -8.50 0.00 165 393 353 411 197 
-0.1210 0.4183 -0.6452 0.6278 161.31 19.62 105.50 -2.40 -4.47 -12.08 -4.0200 4.8300 -10.4600 -1.5678 0.2744 -0.2956 3.57 -8.32 -3.74 171 403 362 428 203 
-0.0201 0.3756 -0.7070 0.5988 172.75 26.62 96.62 8.23 4.78 -8.05 4.2000 13.8100 -6.1000 10.4156 -1.8200 0.0878 4.86 -7.03 4.79 168 397 364 421 205 
-0.2946 0.3676 -0.1771 0.8641 139.75 31.81 33.13 1.55 1.36 29.50 -5.3300 5.6400 20.9800 -2.9989 -0.3756 -0.8556 5.43 -5.26 6.23 169 399 369 424 205 
-0.2061 0.4049 -0.2827 0.8448 158.87 34.06 59.06 9.07 -0.55 0.31 3.3900 6.8700 -4.1900 -6.4722 1.4467 -0.3111 5.48 -8.11 0.49 170 392 370 423 206 
0.0476 0.3718 -0.6620 0.6490 192.37 32.81 106.00 2.58 0.11 -17.20 -3.0900 6.1600 -17.5200 2.8800 -0.6511 -0.8622 5.57 -7.63 -2.59 165 383 365 420 207 
-0.0053 0.4211 -0.5580 0.7151 170.00 38.19 75.50 13.18 2.83 9.22 5.4800 8.0600 11.5600 6.7044 -1.9289 0.5833 6.35 -5.66 4.87 169 380 365 415 207 
-0.2721 0.4510 -0.1592 0.8350 142.31 41.44 41.81 3.39 -3.94 9.77 -3.7100 1.1800 1.0000 -0.9767 0.3389 -1.2544 6.67 -4.75 5.39 169 381 360 384 206 
-0.1936 0.4209 -0.1429 0.8746 159.69 42.56 27.44 0.40 -1.70 -2.28 -6.3600 2.0200 -8.6200 2.7267 0.8600 -3.6100 6.37 0.21 7.45 170 309 303 301 202 
;
-0.0185 0.2932 0.1486 0.9443 177.25 31.75 -23.87 7.73 11.48 14.88 -0.9100 6.7100 10.0200 2.4800 2.3889 -1.0189 2.59 5.06 7.98 164 312 283 269 188 
-0.0615 0.0901 0.2488 0.9624 173.69 13.81 -29.06 3.65 5.11 6.06 0.8000 0.4600 -1.5700 0.8133 0.2789 0.1589 2.79 5.14 7.86 165 308 283 283 188 
-0.0630 0.1191 0.2872 0.9484 172.37 15.13 -32.69 2.51 5.72 8.46 -0.7200 0.3600 0.2100 0.3411 0.8322 0.2389 2.30 5.13 8.03 166 314 291 294 191 
-0.0914 0.1019 0.3087 0.9413 165.87 15.00 -37.44 2.48 8.92 10.70 0.2200 3.8300 2.7400 1.6611 0.0967 1.5700 3.20 6.32 6.77 184 305 316 330 198 
-0.1990 0.1674 0.4073 0.8755 150.50 34.38 -48.63 8.12 7.13 3.42 0.6400 0.9400 -1.1100 1.8122 -2.8000 4.9911 8.30 4.17 3.12 188 217 210 229 161 
-0.4287 0.4599 0.4445 0.6381 100.50 82.44 2.19 2.31 2.04 3.39 -9.0500 3.0600 2.7100 1.1878 -2.2889 4.0967 9.31 -3.05 -0.05 198 173 172 189 135 
-0.5118 0.6125 0.3765 0.4702 92.44 77.00 100.19 2.38 2.02 -2.05 0.5300 6.1700 -2.7300 -3.6456 -1.4844 -2.6011 9.65 0.32 -1.68 201 176 177 190 135 
-0.2585 0.6671 0.3967 0.5753 132.19 75.19 -155.75 12.47 2.15 -3.79 1.0200 1.1000 0.5800 0.1911 0.0933 0.3811 9.46 0.61 -2.49 200 180 182 195 138 
-0.2660 0.6896 0.3818 0.5549 128.50 75.87 -167.44 8.50 1.59 -1.67 -0.8600 1.0700 0.3700 -0.3000 0.1667 0.0578 9.53 0.48 -2.24 200 183 181 199 140 
-0.2584 0.6960 0.3589 0.5657 132.50 77.94 -167.31 20.32 10.91 2.12 10.7100 11.1200 3.9900 -4.3156 1.6511 1.9122 9.76 -0.55 -0.74 189 246 227 242 175 
-0.1439 0.7137 -0.0161 0.6853 160.44 71.87 88.00 11.33 3.05 -2.29 -1.1300 6.2000 -4.2400 -6.6400 5.3878 4.6422 7.07 -6.75 0.75 177 375 344 398 197 
0.0153 0.3960 -0.5924 0.7014 187.87 30.87 96.19 -1.09 -4.24 -10.50 -2.1800 4.9600 -7.6200 -2.1989 -0.5733 1.3900 4.06 -8.46 -2.83 168 396 351 429 204 
0.0584 0.2716 -0.7698 0.5746 189.31 24.06 109.87 2.02 -2.68 -17.11 -3.3700 5.5900 -12.9800 9.1433 -1.7778 -1.5822 4.96 -8.34 1.34 164 387 360 416 203 
-0.1127 0.3411 -0.3858 0.8498 158.69 28.75 48.13 2.53 0.38 32.10 -4.9100 3.5000 22.7200 -0.6322 -0.1722 0.2644 4.51 -6.21 6.09 164 386 360 420 206 
-0.1526 0.3387 -0.3459 0.8615 164.25 28.81 58.25 6.74 -2.50 6.58 0.8300 5.5600 -0.3200 -5.0478 1.1267 -0.5300 4.73 -8.43 1.63 165 384 366 423 207 
0.0452 0.3098 -0.6364 0.7050 191.44 29.62 97.50 4.15 -2.17 -10.71 -1.0800 5.9300 -9.5500 -2.1722 -0.3078 0.1656 4.76 -7.89 -3.32 158 378 365 420 207 
0.0811 0.3104 -0.7294 0.6042 185.87 29.44 93.94 1.40 0.09 -10.71 3.8600 14.0600 -4.0900 11.8278 -0.9611 0.0722 4.75 -6.60 5.46 163 361 355 408 204 
-0.1728 0.3414 -0.2396 0.8923 156.19 34.75 39.44 5.50 -3.97 12.09 -0.2900 1.0500 4.6000 -0.0844 -0.9233 0.0844 5.96 -5.06 5.91 164 365 358 414 207 
-0.1803 0.3961 -0.2083 0.8759 157.37 38.94 40.25 4.48 -2.68 2.85 -2.1100 2.1900 -4.1100 -0.4356 0.0656 -1.1311 6.59 -4.44 5.74 167 363 306 350 203 
;
