0.6638 -0.2636 -0.5915 -0.3741 59.06 79.00 -30.75 10.46 0.98 2.81 0.3800 0.0400 1.4900 -0.3667 2.3344 -1.0011 9.26 1.48 2.83 161 334 320 306 197 
0.7410 -0.1431 -0.4618 -0.4660 66.56 40.88 -23.31 2.13 2.05 4.50 -0.8100 -0.7700 -1.3100 2.2900 5.9311 -3.2767 1.50 5.22 8.16 164 345 321 326 199 
0.7438 0.2202 -0.2613 -0.5745 74.56 12.88 -40.06 6.15 7.69 9.53 3.8500 1.6400 2.3300 -3.6644 -1.0744 3.2244 4.02 4.00 7.99 89 313 307 317 200 
0.8187 -0.0599 -0.2723 -0.5020 61.13 33.13 -6.06 2.70 -0.18 2.84 -2.8100 -0.9600 -3.3400 -0.4867 -1.4544 0.5867 6.35 0.00 7.46 88 192 189 218 139 
0.8163 -0.1569 -0.3104 -0.4611 58.88 41.75 -2.19 11.63 -1.79 8.49 8.3300 -3.1700 -0.2600 -0.7800 -1.8889 1.0311 7.47 -0.76 6.30 93 195 187 204 124 
0.8134 -0.2708 -0.3416 -0.3854 44.56 49.06 23.19 13.09 -1.73 -1.22 3.3900 3.5100 -6.9100 0.9489 0.3244 4.5689 6.27 -4.47 6.06 91 198 193 198 118 
0.8936 -0.2819 -0.3451 -0.0543 358.44 40.69 34.94 3.93 9.01 1.35 1.0200 11.2900 -0.7700 5.7456 -2.4344 1.5789 7.11 -2.22 6.37 96 202 183 187 110 
0.8819 0.0396 -0.4131 0.2237 331.94 48.88 9.88 18.14 1.19 11.06 3.3500 4.0800 2.6500 -0.4622 1.7333 -0.2744 7.49 -1.57 6.12 95 200 195 201 122 
0.8876 -0.0087 -0.4241 0.1796 339.62 46.06 16.19 7.06 2.79 5.58 1.5500 4.4900 -4.0800 -2.9989 1.0456 -1.3178 6.66 -2.78 6.63 96 201 195 202 123 
0.9104 -0.1699 -0.3767 0.0196 1.00 43.81 27.75 6.08 -5.06 -0.73 -2.1200 -3.6800 -7.0400 -1.3944 -1.6244 -1.2933 7.64 -3.20 5.24 97 200 198 203 121 
0.8586 -0.1923 -0.4716 -0.0579 4.50 58.25 23.94 10.08 -1.95 6.98 -2.8600 9.4100 28.7600 -0.3944 -1.0656 0.0311 8.23 -1.93 4.95 97 196 190 196 122 
;
0.8819 -0.1384 -0.4493 -0.0342 3.06 53.19 21.62 6.86 -1.32 12.05 -2.0300 1.4900 6.7500 -0.4433 1.5744 -0.3067 7.33 -2.20 6.11 106 221 219 227 154 
0.8998 -0.1603 -0.3935 -0.0987 20.50 47.25 14.69 2.71 0.24 4.86 -3.2400 1.1600 -2.2400 -2.1922 3.6811 -5.8178 5.86 -0.13 7.85 135 324 265 306 187 
0.8188 -0.0463 -0.2267 -0.5253 71.69 16.31 -16.75 3.49 10.01 6.44 2.6200 9.7900 0.0100 3.9900 -0.2611 -2.0989 1.22 5.64 7.92 174 339 296 321 196 
0.6969 0.2113 -0.2726 -0.6288 83.31 7.94 -37.75 1.84 6.07 8.94 -0.3600 0.9900 1.8400 -1.4967 -2.1056 1.8333 2.94 4.88 7.98 162 346 302 316 196 
0.7573 -0.0120 -0.3000 -0.5800 70.31 33.06 -12.56 15.20 1.65 4.96 8.4800 0.0100 -5.1500 -1.4489 -0.4956 5.5544 6.09 -1.60 7.51 111 316 295 309 194 
0.9019 -0.2249 -0.2479 -0.2731 21.62 32.38 20.81 0.27 1.48 0.28 -3.1900 7.0200 -5.0900 3.8844 -0.3633 3.8322 4.95 -2.18 8.17 91 219 197 202 139 
0.9383 -0.0162 -0.3215 0.1266 340.37 35.63 3.81 1.34 6.63 8.66 1.3200 6.9900 2.6600 0.0433 -0.9844 0.5756 6.60 -0.30 7.24 90 191 181 188 123 
0.9036 0.0414 -0.3788 0.1957 336.81 43.94 7.50 7.93 -0.85 9.73 1.0400 0.3900 3.2300 -0.5322 0.2356 -0.0078 6.87 -1.34 6.86 95 200 194 198 129 
0.9144 -0.0093 -0.3710 0.1616 340.94 41.00 10.88 7.01 4.74 11.45 1.1200 6.3200 3.2500 -3.1867 0.1556 -1.1500 6.45 -2.41 6.97 94 204 200 198 125 
0.9182 -0.1542 -0.3643 0.0194 0.69 43.19 25.75 7.20 -3.24 -1.94 -0.7800 -1.4900 -7.9600 -1.0267 -1.3033 -1.2556 7.48 -2.97 5.59 96 207 199 197 124 
0.8625 -0.1839 -0.4660 -0.0720 8.25 57.50 22.81 8.88 -2.05 4.20 -4.9500 14.7200 35.4100 -2.3056 -3.4622 -0.5344 8.80 -2.03 3.81 95 197 180 186 111 
0.8520 -0.1566 -0.4958 -0.0616 7.31 59.25 25.06 6.37 -2.36 6.45 -1.2700 0.0500 -0.0200 0.1878 0.3578 0.1867 8.11 -2.23 5.02 96 208 194 201 126 
;
0.8861 -0.1556 -0.4344 -0.0430 6.81 50.56 23.62 0.61 -1.02 10.04 -7.3300 1.7700 2.8900 -1.5667 1.0267 -2.9000 7.41 -1.97 6.10 115 263 241 252 170 
0.8716 -0.1702 -0.3585 -0.2878 47.00 43.75 -0.13 8.81 2.65 2.56 -0.8300 0.9700 -3.9100 1.4833 4.5733 -6.7922 3.57 3.17 8.56 160 354 318 354 198 
0.7072 0.1514 -0.2118 -0.6574 87.75 2.06 -34.06 -1.42 9.50 8.13 -0.0600 4.1600 0.4000 1.2267 -1.9211 -0.3900 1.01 6.63 7.15 169 356 321 349 199 
0.6457 0.2379 -0.3023 -0.6597 90.06 6.44 -44.00 3.37 9.90 11.08 4.7500 4.2300 3.3000 -3.2878 -1.8711 2.5278 3.24 4.91 7.83 137 329 306 321 197 
0.7534 -0.0309 -0.2585 -0.6038 70.87 27.31 -7.00 11.69 1.45 3.59 4.3600 2.7500 -6.5300 -0.3000 -2.0544 7.9489 4.89 -2.47 8.13 102 244 229 235 162 
0.9407 -0.2012 -0.2389 -0.1321 2.81 33.25 19.69 -0.86 4.43 7.06 -7.7000 6.6800 -2.1400 3.7756 -1.8933 2.1067 5.93 -1.32 7.69 94 205 188 195 121 
0.9201 0.0392 -0.3447 0.1818 334.25 43.25 1.87 2.58 11.92 27.50 0.5600 4.0000 8.6400 -0.8567 -1.5656 0.5733 7.09 -0.54 6.74 93 192 176 188 118 
0.9003 0.0529 -0.3796 0.2062 334.75 45.00 5.75 7.58 0.09 8.68 1.2600 1.3200 1.8900 -0.5433 0.6500 -0.1156 6.63 -0.87 7.17 97 209 194 202 127 
0.9222 -0.0020 -0.3436 0.1772 341.44 39.69 13.38 8.52 3.52 5.38 1.8600 5.1800 -2.8200 -3.0022 0.4244 -1.4700 6.38 -2.78 6.90 97 212 193 203 129 
0.9106 -0.1617 -0.3802 0.0138 1.12 44.31 24.56 6.90 -4.40 0.05 0.3000 -3.4400 -6.1900 -0.2144 -1.7300 -0.6633 7.58 -2.64 5.62 95 214 196 203 127 
0.8808 -0.1494 -0.4485 -0.0260 1.62 55.06 22.87 9.77 -2.42 7.96 -5.4400 11.3400 34.6900 -0.5911 0.1478 0.4367 7.81 -2.58 5.33 98 197 180 188 115 
0.8851 -0.1677 -0.4336 -0.0230 1.56 51.19 26.31 8.03 -2.55 10.19 0.1000 0.4500 4.8000 -0.3489 2.2422 -0.4500 7.14 -2.55 6.21 100 211 197 205 134 
;
0.9008 -0.1703 -0.3937 -0.0679 14.63 47.50 18.31 1.56 0.83 6.59 -4.8500 2.8500 -0.5700 -2.2944 1.9489 -4.8300 6.82 -0.63 7.01 126 312 275 301 191 
0.8525 -0.0890 -0.2472 -0.4519 66.06 20.25 -10.88 4.01 6.59 6.78 -0.7800 4.0500 -2.4900 3.3267 -0.9300 -2.8422 2.06 4.13 8.65 156 351 305 331 198 
0.7054 0.1564 -0.2700 -0.6365 85.19 9.19 -39.56 3.56 8.95 9.05 1.7600 2.0200 2.3300 -0.9100 -1.5056 1.2156 2.57 5.70 7.55 155 358 319 345 199 
0.7152 0.0829 -0.3265 -0.6123 79.12 24.50 -30.19 12.79 8.37 8.97 7.9500 3.2000 -0.6100 -2.7322 -1.0433 3.6178 5.24 1.89 8.06 109 358 326 358 203 
0.8347 -0.1430 -0.2855 -0.4487 46.13 36.69 5.87 3.95 0.70 1.20 -2.9300 2.3500 -6.4400 3.9389 -1.5789 6.4956 5.89 -1.90 7.59 100 252 234 225 149 
0.9415 -0.0859 -0.3251 0.0212 351.87 34.44 9.81 -3.52 4.28 9.31 -3.1600 4.9700 -0.4100 2.1767 -1.3900 1.2044 5.86 -0.60 7.83 96 185 174 186 120 
0.9261 0.0509 -0.3257 0.1834 339.06 40.56 6.06 12.23 2.89 5.19 0.7400 1.2600 -3.3300 -1.0111 0.0944 -0.1822 6.20 -1.35 7.47 96 196 189 198 127 
0.9286 -0.0215 -0.3407 0.1451 343.37 38.38 9.75 5.20 3.31 12.72 0.1900 4.8400 4.8900 -1.9156 0.6700 -1.5867 5.94 -1.60 7.63 97 205 195 201 126 
0.9373 -0.1119 -0.3300 0.0079 3.06 38.63 18.31 7.12 -0.47 1.04 1.0100 1.9500 -6.1800 -2.1522 -0.3067 -1.3756 6.61 -2.85 6.64 98 204 196 201 126 
0.8911 -0.2275 -0.3672 -0.1393 19.94 48.94 27.94 9.34 -7.27 -1.05 1.5600 -4.3400 -6.2600 0.3611 -1.1600 -0.4544 8.01 -2.69 4.95 95 209 197 201 124 
0.8483 -0.2128 -0.4645 -0.1393 16.00 58.25 21.75 9.45 1.19 14.36 -5.2600 10.3100 33.9800 -1.8311 -1.5689 -0.1044 8.55 -1.89 4.40 99 198 192 192 120 
0.8555 -0.1658 -0.4798 -0.1025 13.25 58.94 20.37 7.56 -1.65 9.19 -1.8100 0.5900 4.8500 0.2311 1.2800 -0.2333 7.96 -1.56 5.50 100 213 210 207 135 
;
0.8780 -0.1586 -0.4280 -0.1442 22.87 51.81 11.38 5.80 -1.01 7.50 -4.3600 -0.7200 0.9700 -2.7233 1.1922 -1.6144 7.25 -1.21 6.48 118 275 262 264 175 
0.8483 -0.1871 -0.3251 -0.3738 55.94 37.69 -0.88 4.96 2.66 3.88 -0.5700 1.6000 -3.8600 3.1322 1.6622 -4.5111 4.00 3.47 8.25 149 361 309 338 196 
0.7255 0.0798 -0.2855 -0.6211 84.75 16.37 -30.56 5.09 11.64 9.91 4.5100 6.7300 3.1600 2.0811 -1.0067 -0.8278 2.87 5.91 7.27 146 353 315 341 198 
0.6862 0.0762 -0.3375 -0.6399 82.44 27.19 -30.87 11.47 6.21 7.19 5.8900 2.0000 -0.2100 -0.9211 -2.7233 5.3122 7.22 1.54 6.44 109 296 280 277 180 
0.8113 -0.2130 -0.3621 -0.4066 45.06 47.69 12.56 7.55 -2.59 -1.11 -1.1000 0.3800 -7.9300 3.3778 -0.0211 4.9078 6.30 -2.78 6.97 99 220 208 199 127 
0.9318 -0.1492 -0.3287 -0.0381 357.69 38.63 15.13 2.50 5.39 6.97 -2.4800 7.3500 0.6200 3.2311 0.5822 0.9100 6.06 -0.53 7.68 95 206 191 193 121 
0.9223 0.0466 -0.3559 0.1431 340.50 43.00 0.81 -0.74 1.73 21.41 -4.6000 -0.1000 9.3100 -0.5744 -0.4378 0.1022 7.04 -0.72 6.78 97 199 184 193 119 
0.9113 0.0134 -0.3930 0.1221 344.81 45.31 6.06 6.18 1.31 11.31 -0.5800 2.7000 4.6700 -0.9222 0.4756 -0.3578 6.69 -0.96 7.10 98 210 193 198 123 
0.9291 -0.0507 -0.3599 0.0688 355.31 40.81 13.50 6.89 2.34 4.47 0.5300 4.2900 -4.0100 -2.7211 0.0878 -1.3000 6.56 -2.46 6.85 99 210 196 197 122 
0.9122 -0.1805 -0.3551 -0.0954 15.56 43.94 21.31 8.70 -5.36 -3.47 3.4100 -3.6600 -10.6700 -0.0444 -0.9122 -1.1844 7.57 -2.15 5.83 101 213 194 197 123 
0.8693 -0.1810 -0.4325 -0.1566 18.12 55.75 16.06 9.78 -4.08 5.29 -0.6200 -1.3400 2.1000 1.7411 -0.3067 0.3644 8.44 -1.38 4.78 101 206 187 193 121 
0.8625 -0.1372 -0.4777 -0.0950 11.94 57.63 15.25 10.90 -1.85 7.95 0.1100 -0.7100 3.9100 0.4878 1.0533 0.3833 7.87 -1.41 5.66 100 213 202 200 124 
;
0.8965 -0.1243 -0.4171 -0.0834 12.94 48.38 13.88 1.51 -2.56 9.53 -6.3100 -0.7300 2.2500 -1.3189 0.8511 -2.8556 7.03 -0.94 6.76 117 277 252 255 176 
0.8835 -0.1189 -0.3348 -0.3053 45.69 37.94 -3.94 5.34 3.15 3.20 -0.1700 2.1300 -4.5700 0.8122 2.0567 -4.6711 4.26 2.60 8.43 149 368 331 365 200 
0.7676 0.0919 -0.2377 -0.5881 77.19 13.00 -29.56 3.44 8.62 8.40 2.8000 4.6000 0.4000 1.0744 -1.1644 -0.9667 2.35 5.62 7.67 157 374 334 370 203 
0.7203 0.1744 -0.2828 -0.6089 79.00 14.06 -36.81 7.52 8.34 11.24 4.4300 2.7900 3.3600 -1.8278 -1.8122 2.2900 4.31 4.10 7.79 143 355 328 336 201 
0.7993 -0.0468 -0.3058 -0.5151 59.31 34.13 -9.25 10.95 1.73 1.00 4.2200 1.2900 -6.6000 1.2800 0.1556 6.3978 5.22 -0.79 8.26 107 307 275 262 171 
0.9466 -0.1069 -0.2820 -0.1143 2.62 37.25 9.88 3.21 7.44 4.46 -3.5400 7.9300 0.8500 4.6444 0.8578 2.2389 5.86 0.00 7.85 93 200 188 183 119 
0.9156 0.0810 -0.3582 0.1638 337.56 42.06 -3.12 1.11 1.26 16.24 0.6100 -1.3000 0.1600 -0.7989 -0.9244 -0.0433 6.93 -0.36 6.92 93 193 172 182 113 
0.9068 0.0339 -0.3849 0.1686 339.00 45.56 6.31 6.19 -0.47 7.64 -0.4600 0.4200 0.3700 -0.1022 -0.2089 0.0300 6.98 -0.76 6.83 96 206 193 190 120 
0.9155 0.0214 -0.3687 0.1594 342.00 42.56 7.31 5.99 3.51 10.83 -0.6200 4.7400 3.0000 -2.6078 0.5267 -1.4944 6.48 -1.58 7.18 96 208 192 192 123 
0.9274 -0.1082 -0.3577 0.0138 2.19 40.63 17.37 7.41 -2.88 -0.14 0.4900 -1.7300 -7.2700 -1.1433 -1.0533 -1.3011 6.83 -2.28 6.65 97 211 191 192 121 
0.9004 -0.1581 -0.3921 -0.1029 13.63 49.38 16.25 8.88 -6.13 2.66 1.1000 -3.3400 -3.4300 1.8367 -1.7611 0.3678 8.05 -1.22 5.45 97 201 180 184 118 
0.8708 -0.1094 -0.4738 -0.0727 8.88 56.94 13.81 5.81 -2.77 5.91 0.0000 -0.3800 1.1500 -0.0556 0.3767 0.4156 7.89 -1.47 5.62 98 202 185 189 120 
;
0.8840 -0.1115 -0.4500 -0.0602 7.31 52.44 13.13 5.12 -2.17 10.21 -3.1300 -0.6800 4.9200 -0.9600 0.9667 -0.2267 7.30 -1.61 6.33 98 214 191 193 123 
0.9056 -0.1535 -0.3781 -0.1156 19.12 46.25 15.38 3.30 -2.33 5.89 -3.2100 -0.2500 -1.4200 -1.3156 1.9478 -3.1967 6.56 -0.66 7.25 114 261 237 239 164 
0.8634 -0.1011 -0.2838 -0.4047 56.31 32.06 -9.25 8.35 6.59 3.84 6.9700 6.6000 -3.8800 1.9367 2.9667 -4.8078 3.19 3.97 8.37 128 373 304 358 200 
0.7476 0.1068 -0.2991 -0.5833 79.75 19.00 -36.50 7.94 11.99 8.97 3.2800 4.4400 2.4700 0.6867 0.3844 -0.8044 2.05 6.05 7.43 150 376 330 367 203 
0.6889 0.1685 -0.3296 -0.6232 81.94 15.44 -40.00 6.08 9.71 9.18 2.9400 4.0900 2.3700 -0.9744 -0.9533 2.7411 4.06 4.81 7.51 143 347 319 331 200 
0.7904 -0.0142 -0.3535 -0.5001 58.94 39.69 -17.12 15.37 -0.18 0.61 6.0000 -2.6100 -9.4300 -0.3322 3.0522 5.1700 5.49 -0.76 8.08 108 297 272 264 169 
0.9399 -0.1273 -0.2947 -0.1165 2.19 38.50 11.81 4.85 9.15 4.16 -5.4900 8.6500 0.8100 3.7289 -1.0500 3.1800 6.37 -0.89 7.39 96 200 189 188 119 
0.9106 0.0449 -0.3628 0.1929 333.69 44.31 4.19 -0.07 6.16 24.64 -1.0000 1.9800 2.7400 -1.0767 -0.4456 0.1011 7.11 -1.19 6.64 96 198 179 186 117 
0.8942 0.0074 -0.4078 0.1848 337.00 47.63 12.69 6.60 -1.44 6.82 -0.0500 0.3500 0.5200 0.0089 -0.0722 0.0044 7.28 -1.46 6.40 99 204 184 191 120 
0.8929 0.0034 -0.4134 0.1781 337.94 47.31 12.00 5.71 1.18 11.50 -1.8700 3.4200 5.9400 -1.8844 -0.0311 -0.6956 7.14 -1.70 6.49 98 211 197 196 124 
0.9015 -0.0833 -0.4161 0.0848 353.37 47.75 22.06 9.33 0.60 -1.46 1.6300 2.1500 -8.2900 -1.6656 0.3711 -1.1389 7.36 -2.79 5.83 99 209 201 198 123 
0.8812 -0.1791 -0.4341 -0.0540 8.44 53.81 25.44 10.11 -8.06 -2.46 1.9600 -4.7100 -5.7000 1.7367 -1.0456 -0.0789 8.51 -1.76 4.52 99 205 182 182 112 
0.8387 -0.1128 -0.5322 -0.0256 3.06 63.00 27.12 1.88 -5.11 -2.54 -5.8800 -1.8000 -2.9200 -0.0122 -1.1456 -0.2956 8.67 -1.93 4.14 99 209 189 193 119 
0.8472 -0.1271 -0.5154 -0.0198 2.19 61.38 24.12 7.66 -2.53 6.22 -1.5200 -0.6700 1.9800 0.0467 0.9778 0.1033 8.26 -1.99 4.88 101 216 206 203 130 
0.8849 -0.1343 -0.4439 -0.0431 10.88 51.94 16.44 3.26 -1.02 7.68 -4.5300 0.1000 1.1900 -3.0111 1.0367 -2.3356 7.41 -1.60 6.21 120 302 276 288 187 
;
