0.6071 -0.2798 -0.4636 -0.5815 87.44 62.13 -25.44 7.97 2.27 3.99 -0.7200 0.3200 0.0900 0.0000 0.0900 -0.0367 8.60 1.99 4.26 164 323 323 327 197 
0.6104 -0.2726 -0.4610 -0.5836 87.44 62.38 -26.44 8.28 1.99 3.59 -0.3300 0.0000 -0.3000 -0.0333 -0.6611 -0.0789 8.85 2.07 3.66 161 319 318 321 198 
0.5844 -0.2960 -0.4860 -0.5786 89.87 65.87 -32.56 9.42 2.64 3.42 0.4500 0.3800 0.3100 -0.1633 0.0233 -0.1144 8.96 2.19 3.32 165 315 315 323 197 
0.5753 -0.3000 -0.4855 -0.5860 90.94 65.31 -32.56 7.85 2.33 3.75 -1.4000 -0.3200 1.0800 0.6944 -0.8733 0.1078 9.08 2.22 2.93 106 282 301 298 196 
0.5430 -0.3875 -0.5107 -0.5424 92.69 81.31 -11.63 20.12 1.89 1.81 8.7000 2.2100 -2.4600 -2.3122 -2.3089 5.3167 9.23 -3.25 -0.42 93 180 188 203 147 
0.5514 -0.6783 -0.3122 -0.3721 58.94 52.75 100.00 4.51 -3.12 -8.21 -2.7600 3.3400 -7.8100 4.4611 -1.3656 2.0089 6.48 -7.34 0.45 90 176 184 192 138 
0.7663 -0.5365 -0.3350 -0.1128 11.50 38.50 67.25 2.78 0.39 -1.46 -2.2000 7.6100 -5.1300 5.4411 -2.0622 0.0378 6.56 -5.60 4.64 93 181 188 196 135 
0.8680 -0.2019 -0.4454 0.0867 344.31 49.44 31.25 10.01 6.36 3.27 4.0200 9.1800 -1.5400 5.2567 -1.9567 -0.2111 8.38 -1.26 4.91 92 174 177 186 130 
0.8309 0.0444 -0.5135 0.2097 331.12 61.81 18.00 9.25 5.47 10.39 -2.6400 6.1400 5.2700 -3.8189 -0.1689 -0.9933 8.30 -1.96 4.83 96 182 192 195 133 
0.8694 -0.1099 -0.4780 0.0598 357.69 54.06 29.12 10.19 -1.31 0.17 2.2100 0.7200 -5.8400 -3.7278 0.9533 -0.2089 7.79 -3.95 4.43 95 184 192 196 134 
0.8153 -0.3330 -0.4696 -0.0621 7.94 55.69 60.50 6.93 -3.84 -4.63 1.6200 1.1900 -5.2500 1.4122 -0.2589 -0.6889 8.40 -4.07 2.97 97 184 194 198 134 
0.8183 -0.2548 -0.5137 -0.0393 2.75 61.06 50.13 9.15 -7.16 -0.51 -1.6300 -2.6200 -1.1100 3.2078 0.2733 -0.4656 8.70 -2.89 3.45 96 177 181 187 127 
0.8208 -0.1614 -0.5465 0.0393 353.87 61.81 39.88 6.16 -2.50 7.04 -1.1400 1.4900 4.6700 -1.0633 -0.7489 0.6856 8.45 -3.55 3.46 100 214 220 227 158 
0.8107 -0.2331 -0.5364 0.0240 357.12 60.31 54.31 8.53 -3.18 5.32 0.9300 -1.6800 0.0400 -0.6622 1.5300 -0.4333 8.03 -4.25 3.66 173 241 182 194 139 
0.7836 -0.3910 -0.4824 0.0200 342.00 41.81 82.25 4.04 -4.67 -4.24 -2.2300 4.6600 -5.1800 2.6133 -2.1700 5.0200 3.98 -8.86 1.33 125 342 170 174 128 
0.6830 -0.3754 -0.4617 0.4236 293.44 15.56 68.69 0.69 -8.34 2.80 -1.9100 0.3500 -0.9400 1.0244 0.3811 -0.0633 2.24 -8.55 4.23 127 334 174 178 130 
0.7145 -0.3427 -0.3940 0.4656 294.81 15.44 60.25 1.11 -12.38 -2.09 -2.6200 -5.8900 -10.6600 2.8389 1.2889 -1.8667 3.26 -6.60 6.46 127 367 173 180 132 
0.8630 -0.1492 -0.2527 0.4111 308.50 18.19 22.25 2.67 11.45 22.60 -0.9300 12.7400 12.1900 -1.9933 0.2433 0.0556 2.87 -4.18 8.38 127 378 179 181 133 
0.8643 -0.1720 -0.2462 0.4037 310.19 17.12 32.38 2.79 -4.57 7.79 -0.9700 0.9900 0.1600 -0.9011 -0.0878 -0.2267 3.00 -5.54 7.51 137 371 181 186 138 
0.8510 -0.2395 -0.2989 0.3592 318.19 21.31 45.56 0.53 -1.77 6.28 -2.5100 5.0000 -0.3200 -4.3744 0.3567 -3.0022 5.12 -7.38 3.92 162 311 209 214 167 
;
0.7904 -0.4615 -0.4028 0.0016 9.00 43.44 72.69 4.28 -2.80 -1.65 1.1200 4.2300 -3.0400 -3.6733 1.0822 -4.2711 8.77 -4.28 0.91 160 296 211 219 166 
0.6403 -0.4879 -0.4731 -0.3580 64.19 76.87 69.69 13.46 -1.28 -2.09 5.2500 1.0400 -2.2600 -0.0244 -0.6989 -1.5222 9.77 -0.84 -0.03 159 301 225 229 171 
0.5648 -0.4324 -0.5425 -0.4469 81.56 83.00 -31.37 10.69 1.19 0.15 -0.6600 -0.3000 0.6500 0.3167 1.6356 -1.4822 9.25 1.91 2.63 158 302 210 227 164 
0.5395 -0.3654 -0.5187 -0.5536 91.81 74.25 -40.81 9.69 1.47 2.59 0.2700 -0.2000 0.9800 0.1789 0.0678 0.0267 9.40 1.74 2.17 158 303 223 231 174 
0.5488 -0.3616 -0.5240 -0.5417 89.06 76.69 -38.81 15.33 1.31 2.45 5.6900 -0.3100 -0.8000 -2.2500 -1.6878 1.9156 9.76 -0.30 0.80 150 185 183 205 156 
0.5306 -0.5542 -0.4518 -0.4551 73.62 74.81 100.00 7.84 -0.54 -5.27 -1.5700 2.7600 -5.4800 1.6911 1.8444 2.8100 8.73 -4.41 0.61 142 180 174 195 149 
0.7266 -0.5009 -0.3697 -0.2906 38.81 51.88 56.88 4.51 -1.32 0.95 -0.5300 3.3600 -2.0300 4.5711 4.6667 1.6767 5.53 -4.08 6.99 107 300 272 280 192 
0.9487 -0.2208 -0.1757 -0.1428 11.31 16.62 20.25 -0.22 -0.83 3.69 1.5400 5.0800 -6.9200 4.1067 -0.4633 2.1711 2.37 -1.15 9.44 92 193 190 201 142 
0.9860 0.0535 -0.1118 0.1115 341.75 19.87 -9.06 -19.41 11.56 35.04 -6.5900 2.7300 3.8600 -0.4189 -2.0100 0.1844 3.48 0.74 9.13 94 187 192 204 139 
0.9752 0.0303 -0.1811 0.1232 346.44 21.69 0.00 -2.40 2.89 14.69 -5.5800 3.5400 5.5100 -1.7122 -1.1356 -1.8011 3.79 -0.53 9.02 97 192 196 206 143 
0.9803 -0.0706 -0.1830 -0.0204 8.19 22.44 12.31 7.95 0.32 4.33 3.7800 2.8400 -4.7300 -2.8289 0.8833 -2.1778 3.79 -3.39 8.38 97 194 199 209 143 
0.9279 -0.2500 -0.1452 -0.2354 31.37 22.81 26.44 8.87 -4.32 2.03 4.2200 -0.4800 -6.8500 -0.2933 -0.9089 -0.2467 4.32 -4.25 7.70 97 196 198 208 141 
0.9125 -0.2726 -0.1829 -0.2438 26.00 27.50 24.81 2.98 -3.50 5.48 3.1200 1.2100 -1.2700 3.2889 -2.7489 2.1044 5.80 -2.51 7.49 98 189 191 202 140 
0.9149 -0.1729 -0.3572 -0.0747 8.13 43.31 20.87 2.90 -4.08 6.89 -5.4700 0.1300 0.8500 -1.2011 -0.5911 -0.3911 6.16 -2.88 7.06 100 195 204 210 146 
0.9161 -0.2234 -0.3066 -0.1298 17.56 37.88 27.50 6.23 -4.89 8.93 0.8600 -1.5100 2.2600 -0.5000 -1.0156 -0.7000 6.73 -3.79 6.03 111 224 241 246 173 
0.8631 -0.2972 -0.3767 -0.1573 20.81 50.06 38.00 7.75 -4.97 3.99 0.7800 -2.0000 -1.5800 -1.2756 -3.8922 2.8778 7.81 -5.08 3.04 188 274 171 182 159 
0.7308 -0.4126 -0.5421 0.0416 340.25 43.44 92.12 4.46 -5.54 -4.76 -2.8200 1.9500 -4.2100 1.7700 -1.6233 2.8733 4.69 -8.59 -0.58 141 302 167 177 152 
0.6218 -0.4454 -0.5613 0.3162 304.94 23.31 92.37 1.98 -10.37 -4.45 0.3300 -1.7000 -7.6600 0.1756 0.9933 -0.3856 4.05 -8.92 -0.10 137 332 170 179 152 
0.6924 -0.3900 -0.5121 0.3261 307.69 27.44 68.56 5.67 -2.10 1.34 -2.0500 10.9700 4.9600 5.9967 1.4889 -0.7211 4.33 -5.50 6.86 138 379 174 184 158 
0.8120 -0.1237 -0.3376 0.4599 301.56 25.12 37.25 4.19 -6.40 3.61 -0.3900 -2.4200 -4.3200 -0.9922 -0.2211 -0.2011 4.15 -6.25 6.31 138 377 176 184 157 
0.8029 -0.2197 -0.3732 0.4098 306.25 24.69 48.13 3.08 -2.47 8.16 -1.8000 5.4600 2.8300 -2.4478 0.5733 -1.2844 4.51 -7.22 4.85 163 358 189 207 172 
;
