0.2095 -0.0057 -0.3505 -0.9128 154.12 9.00 -40.13 1.51 6.26 7.40 -0.0300 0.0300 0.0000 0.0022 0.0122 0.0000 1.54 6.24 7.40 168 367 372 427 218 
0.2094 -0.0057 -0.3502 -0.9130 154.12 9.00 -40.13 1.34 6.30 7.39 -0.3100 0.0600 0.0800 0.1011 -0.1611 0.2333 1.87 6.28 7.29 173 343 360 415 219 
0.1772 -0.2053 -0.3938 -0.8783 163.56 41.31 -51.25 6.38 8.71 4.77 0.3600 0.3200 0.9600 -0.6844 -8.0667 2.4444 8.72 4.39 0.81 173 312 278 282 212 
0.0198 -0.6537 -0.2753 -0.7045 179.12 70.75 -91.87 13.16 1.76 -5.34 5.8000 -0.1600 -7.0500 -2.5033 4.7667 1.1400 8.97 2.15 3.31 96 240 219 228 172 
0.0269 -0.4865 -0.0784 -0.8698 170.44 57.13 -1.69 12.68 3.16 -3.29 2.9300 5.4900 -8.3100 1.7456 2.7100 3.4044 7.63 -1.40 5.98 90 175 161 176 123 
0.3367 -0.3929 -0.0459 -0.8545 129.56 39.94 15.19 3.55 4.23 3.36 -1.8500 7.1900 -1.7500 3.8033 -0.1011 3.9611 5.57 -1.62 7.90 92 182 168 180 123 
0.6356 -0.2782 -0.1428 -0.7058 90.06 35.00 10.44 4.00 3.64 12.42 -5.0100 3.4800 6.3800 -1.2511 3.1878 -0.9033 4.96 -2.07 8.19 93 185 179 187 126 
0.6688 -0.2890 -0.1250 -0.6735 92.25 33.50 15.13 1.38 0.11 11.12 -4.0900 2.4900 3.4500 -0.9722 0.7322 -2.6089 5.32 -1.72 8.05 96 188 182 190 130 
0.5224 -0.2756 -0.0802 -0.8029 122.81 30.06 9.63 5.28 1.72 8.84 0.9800 2.8900 -0.4500 -1.3667 1.2389 -3.5189 4.50 -1.05 8.64 96 191 187 191 130 
0.2696 -0.2424 -0.0319 -0.9314 153.87 23.56 1.62 13.57 2.29 5.82 11.1400 2.3700 -2.4900 1.1322 0.1622 -0.2233 3.60 0.64 9.09 96 192 185 190 131 
0.2392 -0.1705 -0.1013 -0.9505 147.81 23.06 -9.50 5.52 3.59 7.92 1.3100 1.3300 -0.1600 3.2822 -1.7833 2.6556 5.49 2.74 7.64 98 192 172 191 131 
0.4418 -0.2451 -0.3166 -0.8029 113.81 48.13 -23.69 -11.06 6.37 11.19 -13.5900 -1.4200 4.8000 0.6133 -3.2744 0.4078 6.51 2.60 6.84 99 193 190 195 136 
0.4875 -0.2469 -0.2982 -0.7825 116.25 40.06 -15.63 2.19 3.65 15.15 -2.8800 1.7500 7.0900 -4.2222 4.5878 -1.8000 3.81 0.40 9.02 113 262 252 238 173 
0.3440 -0.1058 0.0736 -0.9301 149.81 -1.31 23.25 -2.86 -5.49 4.88 -2.7800 1.3100 -1.5900 -4.0922 3.5189 -3.8211 -1.69 -7.52 6.06 179 399 196 202 154 
-0.0440 0.0884 0.4877 -0.8674 189.87 -5.31 61.31 -0.28 -7.18 2.53 1.0500 3.1900 1.7900 1.2622 -0.3367 -1.0689 -0.17 -8.26 5.27 197 408 194 203 153 
-0.1218 0.0683 0.4626 -0.8755 195.94 -0.25 54.56 1.22 -4.50 4.29 1.2500 3.7400 -2.0000 1.4144 -0.0044 0.7022 -0.39 -7.43 6.38 197 408 196 204 153 
-0.0763 0.0723 0.3596 -0.9272 185.94 -6.31 37.88 2.36 -2.42 8.83 4.2000 1.8700 2.8600 3.1856 -1.3333 2.8389 -1.44 -3.71 8.96 197 404 199 205 154 
0.1330 0.0445 0.1351 -0.9808 158.12 -5.06 12.00 -4.68 -4.74 18.17 -6.3500 -4.2400 7.3400 -0.0533 -2.5211 3.0644 0.74 -1.79 9.61 193 401 198 202 153 
0.3758 -0.1211 0.0760 -0.9156 131.69 10.75 18.19 -2.93 -3.37 11.66 -2.9200 1.6800 2.2200 -2.5078 -0.8522 1.5700 2.19 -5.11 8.07 192 399 198 203 153 
0.4509 -0.2429 0.2520 -0.8211 122.25 8.63 43.31 -2.72 -3.91 5.87 -4.0500 3.2000 -1.2800 -1.6711 1.8100 -0.3978 0.74 -7.58 6.17 192 400 198 205 155 
0.3601 -0.2167 0.3891 -0.8198 136.94 4.56 53.88 0.21 -2.62 6.19 -0.2500 5.3900 -0.0400 -0.6311 2.0922 -2.2222 1.17 -8.04 5.47 189 399 199 206 153 
0.1423 -0.1560 0.4493 -0.8680 166.81 10.75 54.75 4.70 -1.47 5.85 1.7700 4.8500 -0.6300 0.6411 1.6644 -2.1489 2.55 -7.13 6.22 188 399 200 205 154 
-0.0432 -0.1447 0.3608 -0.9203 188.06 17.94 38.94 7.35 -2.79 6.86 4.9200 1.9900 -0.1900 2.5489 0.2067 -1.2367 3.26 -3.92 8.37 186 399 197 207 155 
-0.1069 -0.1575 0.1707 -0.9667 191.75 20.06 14.94 5.23 -3.15 11.38 2.1000 -1.3500 2.2600 1.7978 -0.5944 0.4033 3.59 -1.27 9.03 188 398 199 208 154 
-0.0488 -0.1873 0.0648 -0.9789 184.50 22.37 6.50 2.02 -3.42 11.02 -1.9000 -2.4300 1.9700 -0.0378 -0.2578 0.2222 3.94 -1.08 8.91 188 398 204 211 158 
-0.0230 -0.2145 0.0641 -0.9744 182.94 26.69 6.94 3.06 -3.99 9.49 -1.1900 -3.8800 1.5000 1.4511 -4.5611 0.0067 6.65 -0.27 7.19 171 371 202 214 163 
0.0257 -0.4885 -0.0252 -0.8718 172.31 66.44 -2.37 14.75 2.28 1.86 5.1000 3.6400 -2.9200 3.9111 -1.6467 3.5967 9.21 -1.75 2.85 151 258 189 206 153 
0.3185 -0.5312 -0.0227 -0.7847 131.75 52.44 36.31 9.71 -2.24 -2.44 -0.3000 1.7200 -8.1400 2.5433 2.8700 2.5067 5.68 -4.03 6.89 119 182 164 187 139 
0.5314 -0.3354 0.0300 -0.7773 105.62 26.94 25.87 1.88 0.25 5.25 -3.6300 3.6200 -1.8700 1.5167 0.9778 2.2056 3.16 -3.37 8.64 137 202 165 191 140 
0.6862 -0.2102 0.0109 -0.6963 88.50 15.56 16.75 1.62 0.87 9.25 -0.8000 3.7500 0.5900 0.5411 0.2500 0.6522 2.40 -2.36 9.20 139 218 171 192 143 
0.7227 -0.1669 -0.0021 -0.6707 86.25 12.94 14.38 1.85 1.07 10.92 -1.0800 4.0400 1.0100 -0.3533 0.0600 -1.1811 2.33 -2.43 9.20 141 238 174 193 146 
0.6631 -0.1737 0.0103 -0.7280 96.81 17.25 15.19 5.66 0.61 7.23 4.4600 2.7100 -1.0600 -3.0189 -0.9300 -0.6611 3.81 -3.94 8.12 142 247 176 194 145 
0.5444 -0.3059 0.0988 -0.7747 113.25 22.06 33.56 3.36 -12.38 2.68 0.5500 -6.3300 -4.0000 -0.3200 0.6244 -1.1944 4.04 -5.05 7.36 144 249 179 197 147 
0.4730 -0.3307 0.1143 -0.8086 119.37 25.25 33.13 3.03 -5.16 6.24 -2.2400 -0.4700 -2.3500 0.0522 -0.1944 0.0400 4.36 -4.80 7.35 142 236 180 199 148 
0.4750 -0.3516 0.0887 -0.8018 119.94 30.87 31.56 1.06 -2.60 -2.96 -3.3600 1.9400 -10.5300 2.2100 0.9544 -2.8333 5.40 -2.21 7.87 124 224 178 207 165 
0.3594 -0.2300 -0.1098 -0.8977 139.44 21.50 -13.81 -0.81 11.04 12.56 -0.2500 9.1600 5.5300 3.2567 -1.6833 -1.3067 3.64 5.53 7.22 152 249 203 236 168 
0.2693 -0.1219 -0.4037 -0.8658 148.25 27.94 -46.44 5.63 8.87 6.54 0.4500 2.2400 0.4700 -0.6989 -0.9267 -0.6111 4.98 6.12 5.81 153 234 180 212 159 
;
