0.7394 0.2128 -0.1777 -0.6135 79.19 0.00 -32.19 -0.25 5.32 8.26 -0.2000 0.0900 -0.0300 -0.0889 0.0178 0.0556 0.00 5.22 8.29 167 340 338 357 204 
0.7377 0.2143 -0.1772 -0.6152 79.75 -0.13 -32.25 -0.55 5.23 8.09 -0.8700 -0.0600 -0.1700 0.1200 -1.2100 0.3200 0.63 5.28 8.23 160 325 326 352 203 
0.7214 0.1333 -0.2842 -0.6173 82.19 22.00 -36.00 2.51 6.41 9.10 -1.5100 0.5500 1.2500 -0.8244 -5.6967 0.5422 6.67 4.88 5.26 101 260 237 249 191 
0.5777 -0.1436 -0.5206 -0.6121 95.44 53.63 -49.88 10.29 4.80 4.50 5.0400 1.5600 2.4100 -1.2122 0.2644 0.7389 8.23 3.78 3.73 91 183 163 187 136 
0.5625 -0.2567 -0.4781 -0.6238 93.31 60.25 -31.00 15.84 4.54 -0.09 5.3600 1.9900 -6.0800 0.6589 1.5267 2.8833 8.28 0.92 5.17 92 168 157 174 115 
0.7328 -0.2637 -0.3879 -0.4929 58.44 55.63 6.25 7.72 5.88 0.90 0.3400 7.3700 -3.8800 3.3700 0.1478 4.3133 7.80 -1.76 5.66 93 174 157 179 118 
0.8766 -0.1999 -0.4128 -0.1451 11.94 52.50 24.37 3.92 2.21 6.04 -1.0300 5.0800 -0.0100 3.2689 -2.2367 1.8311 8.25 -2.54 4.64 94 167 156 172 118 
0.8588 -0.1375 -0.4932 0.0163 357.75 59.38 28.75 10.16 1.02 6.97 1.5900 4.0500 3.8300 -2.0578 0.6811 -1.4011 8.74 -2.01 3.95 95 177 167 180 120 
0.8293 -0.1834 -0.5097 -0.1367 26.94 61.88 16.75 8.39 2.80 5.42 -0.1900 4.3200 -0.1700 -3.3044 1.2778 -2.7667 8.26 -0.65 5.23 97 179 170 182 121 
0.7809 -0.2394 -0.3785 -0.4355 63.44 50.75 4.12 13.27 3.10 1.90 3.6900 2.0200 -5.9100 -1.1722 -0.2433 -1.2011 7.52 -0.32 6.27 96 180 173 184 123 
0.7383 -0.2415 -0.3650 -0.5131 66.06 54.44 -5.75 9.78 -0.50 3.00 1.3100 -1.0200 -1.6800 4.3489 -1.6522 0.5533 8.60 1.79 4.34 96 179 166 182 123 
0.7629 -0.0807 -0.5881 -0.2562 27.69 75.00 -30.19 2.00 13.87 23.00 5.1200 5.0900 -4.0700 0.9300 -1.4833 0.1478 9.44 1.37 2.26 95 175 169 184 123 
0.7502 -0.1003 -0.6195 -0.2081 31.31 76.87 -23.69 6.67 3.62 6.78 -2.6400 3.5200 5.1200 -3.0689 1.1433 -1.2211 9.35 0.93 2.79 103 207 197 218 160 
0.7428 -0.1683 -0.5221 -0.3838 61.06 59.31 -20.12 9.20 2.57 4.27 1.4300 0.6000 -0.2500 -3.6144 0.5378 -2.4167 7.58 1.86 5.93 105 275 235 257 178 
0.6646 -0.1942 -0.3282 -0.6425 90.87 41.31 -10.25 10.05 1.78 4.96 6.0500 1.1000 -2.1200 -1.8789 0.8489 0.0289 6.49 0.44 7.33 100 213 189 208 148 
0.6374 -0.2718 -0.2580 -0.6733 91.44 44.50 1.87 12.81 2.55 3.99 6.2100 2.9500 -3.0600 1.5511 -0.7711 2.6411 7.21 -0.81 6.58 95 181 168 188 124 
0.7578 -0.2781 -0.3005 -0.5080 59.88 47.31 11.19 9.44 6.22 1.72 3.1000 8.3700 -3.9900 3.9367 -0.3533 3.8567 7.07 -1.49 6.62 94 181 165 185 121 
0.9025 -0.1644 -0.3624 -0.1646 12.69 44.88 16.94 7.23 6.04 12.24 -1.8800 8.0400 6.5600 1.4933 -1.0822 3.1744 6.96 -2.94 6.24 95 174 163 182 118 
0.9084 -0.1819 -0.3754 0.0285 357.87 42.88 29.37 10.65 -2.80 4.59 3.1200 0.5600 -1.6800 0.0533 0.0978 -0.4656 6.87 -3.18 6.22 96 183 169 187 122 
0.9026 -0.1740 -0.3913 -0.0428 10.56 46.75 21.00 4.13 2.57 9.23 -3.3200 4.6800 2.5600 -2.0511 0.3178 -3.4078 7.32 -1.36 6.37 97 185 174 189 123 
0.8599 -0.1737 -0.3434 -0.3354 49.44 45.31 2.75 9.37 3.10 5.27 4.9000 3.9100 -2.6700 -1.4211 0.8556 -2.6544 6.71 0.51 7.13 98 183 174 190 124 
0.7761 -0.1646 -0.3262 -0.5140 68.44 42.19 -7.44 12.05 0.98 2.68 5.5400 -0.1200 -4.4900 1.1022 -1.0178 0.4322 6.97 1.42 6.74 98 186 175 191 125 
0.7881 -0.1240 -0.3977 -0.4532 55.13 50.06 -15.56 6.20 2.01 4.81 -0.9500 1.2500 -0.5400 3.4822 -0.3289 1.7578 8.11 2.04 5.11 94 187 174 190 125 
0.8209 -0.0205 -0.5257 -0.2224 29.50 58.94 -24.19 9.80 8.47 6.88 -6.2500 0.0500 0.6700 -0.8067 -0.7711 0.1678 8.43 1.87 4.63 97 186 178 191 125 
0.8113 -0.0494 -0.5352 -0.2302 31.75 64.06 -20.87 8.51 3.09 6.20 -4.2000 2.4300 3.9000 -0.0622 0.3578 -1.1156 8.46 1.92 4.55 105 237 211 237 168 
0.8104 -0.0662 -0.4785 -0.3315 50.19 51.63 -20.87 8.19 3.71 6.79 2.9300 0.5900 1.1200 -2.8700 2.9911 -2.6944 5.99 2.16 7.45 112 289 258 275 186 
0.7589 -0.0966 -0.2881 -0.5759 77.00 31.69 -10.88 15.13 1.80 7.28 9.7700 0.6100 -1.1700 -1.6811 0.8044 0.4456 4.88 0.28 8.49 111 305 280 281 190 
0.7659 -0.1733 -0.2089 -0.5829 72.00 31.56 3.50 11.14 2.92 4.62 5.3000 4.4600 -3.6500 1.3944 -0.5089 3.3222 5.28 -0.92 8.20 97 232 201 204 140 
0.8723 -0.1748 -0.2786 -0.3619 38.63 37.50 8.00 6.49 5.78 6.96 0.5100 6.9800 0.5800 2.4344 0.3989 2.9389 5.71 -0.96 7.90 93 176 171 184 122 
0.9399 -0.0934 -0.3110 -0.1053 7.62 38.25 9.19 7.52 4.85 9.76 0.5200 5.7100 2.4200 0.9900 -2.7400 2.5978 6.83 -2.00 6.73 93 182 169 184 120 
0.9374 -0.1142 -0.3292 -0.0021 1.31 41.31 15.81 11.94 -1.62 5.36 2.8000 -1.4300 -2.4900 -0.4011 0.6233 -0.5067 6.52 -1.93 7.05 92 184 179 188 123 
0.9245 -0.1272 -0.3521 -0.0719 12.44 41.75 13.00 3.01 3.09 10.03 -3.2100 4.4400 2.8800 -1.3900 0.4278 -2.8900 6.41 -1.00 7.34 94 186 178 190 125 
0.8898 -0.1409 -0.3011 -0.3126 45.13 37.50 2.69 6.77 4.00 7.36 2.4700 4.7000 -0.2400 -1.3600 0.6156 -3.2556 5.53 0.25 8.09 95 189 181 191 125 
0.7921 -0.1324 -0.2437 -0.5437 70.75 31.69 -4.56 12.60 1.04 2.34 6.7000 -0.4700 -6.6300 1.0444 -1.5733 0.0444 5.91 1.43 7.68 95 190 184 192 125 
0.7800 -0.1124 -0.3259 -0.5222 64.00 39.19 -13.56 7.00 1.90 7.65 -0.7100 0.9000 3.1600 2.8922 -1.9633 2.7400 7.50 1.90 6.01 96 187 181 191 125 
0.8357 -0.0637 -0.4195 -0.3488 44.56 49.56 -17.19 15.79 3.55 6.05 -1.5500 -2.9800 -3.3400 0.5022 -1.0178 0.7822 7.62 1.64 5.94 96 187 186 194 126 
0.8474 -0.0608 -0.4245 -0.3132 40.50 46.50 -12.88 -1.27 -0.61 7.56 -3.2100 -1.3300 0.3100 -0.3200 1.7011 -1.7533 6.35 1.90 7.22 104 193 193 204 140 
0.8516 -0.0433 -0.3107 -0.4199 57.50 30.00 -13.56 5.25 1.34 4.92 -0.2300 -0.2000 -2.8200 -1.5867 4.1567 -1.3878 2.87 1.67 9.22 134 308 248 273 189 
0.8267 0.0446 -0.0679 -0.5568 70.62 -0.31 -13.19 -1.33 7.65 8.61 -1.0200 4.3600 -2.4300 1.8967 -1.4122 -0.9389 -0.14 3.97 8.96 162 377 325 367 192 
;
