0.9604 -0.0001 -0.1528 -0.2328 27.25 17.00 -4.25 2.81 0.69 9.40 -0.0500 0.0000 0.0500 0.0044 -0.0122 0.0033 2.88 0.69 9.34 162 340 350 352 189 
0.9604 -0.0001 -0.1528 -0.2329 27.25 17.06 -4.19 2.76 0.70 9.49 -0.1700 -0.0200 0.2400 0.0056 0.0122 0.0011 2.87 0.68 9.35 162 341 349 350 189 
0.9603 -0.0009 -0.1526 -0.2335 27.37 17.06 -4.19 1.88 0.83 9.80 -0.7900 0.8900 1.6100 0.5089 -1.1267 0.3000 3.64 0.89 9.06 151 337 324 321 196 
0.9253 -0.0149 -0.3115 -0.2158 28.50 42.00 -5.62 11.54 2.57 11.78 9.0700 0.0500 4.4400 -3.8122 2.0744 0.3211 6.11 -1.32 7.54 90 223 206 216 152 
0.9163 -0.2043 -0.1765 -0.2960 35.06 21.56 21.25 5.47 -5.75 3.24 3.2700 -2.0400 -4.5400 -1.4356 2.2744 1.2478 1.02 -4.73 8.52 89 184 173 185 127 
0.9329 -0.2429 0.1000 -0.2463 26.44 -9.88 30.62 2.94 -1.45 4.15 4.3700 3.8000 -3.8400 -0.2111 1.2022 3.5911 -3.81 -4.36 7.90 88 178 173 187 123 
0.9482 -0.1818 0.2599 -0.0208 356.56 -31.37 20.87 -5.21 4.54 9.75 -1.6100 7.1100 2.6600 -0.4822 -0.2922 3.0489 -5.55 -1.56 7.92 89 182 176 187 121 
0.9277 -0.1160 0.2702 0.2297 330.00 -33.00 5.75 -18.10 2.36 10.46 -4.8400 3.7500 2.8800 -0.3000 1.0778 -1.8444 -5.35 -1.50 8.07 94 189 178 188 125 
0.9498 -0.1453 0.2480 0.1238 350.75 -30.50 17.00 -4.98 0.77 9.59 0.3400 3.8900 1.6300 0.0289 -0.1700 -3.5400 -4.27 -3.63 8.04 94 191 183 192 127 
0.9388 -0.2102 0.2443 -0.1213 19.50 -21.81 32.31 2.70 -3.24 6.50 5.8600 1.6400 -1.4300 -0.2778 1.3400 -1.6078 -3.54 -5.54 7.26 93 194 181 192 124 
0.8907 -0.2328 0.2954 -0.2552 31.69 -25.69 37.94 1.25 -5.69 5.90 3.7800 0.5500 0.1000 0.8422 -0.4778 2.4089 -4.98 -4.24 7.30 94 195 185 195 127 
0.9340 -0.1417 0.3078 -0.1132 7.69 -34.88 20.19 -28.46 -3.43 6.08 -33.5800 -8.8000 -13.6400 1.1911 -0.5844 -0.3567 -5.80 -2.41 7.52 94 196 186 195 133 
0.9426 -0.1178 0.3103 -0.0371 4.69 -32.25 17.81 -13.88 -5.50 10.26 -7.0000 -2.4100 2.9500 -1.4211 -5.9900 -2.1311 -1.67 -3.80 8.88 105 244 243 250 176 
0.9613 -0.2473 -0.1005 -0.0682 8.06 28.56 31.81 8.71 -3.77 -3.37 0.4600 1.8800 -4.4400 0.1211 -9.0322 2.6067 8.04 -5.42 1.45 195 362 324 407 213 
0.6297 -0.3448 -0.6786 0.1552 326.00 42.63 117.00 2.87 -1.02 -2.55 -4.6700 3.6100 1.3700 -3.4222 -4.3533 -0.7433 4.87 -4.88 -6.96 198 309 288 358 216 
0.2988 -0.3997 -0.8645 0.0607 46.38 26.25 163.00 6.10 -1.27 -10.80 0.2200 0.8900 -4.3700 -2.3111 -1.6589 -1.4644 3.57 -0.64 -9.11 197 319 300 360 216 
0.1817 -0.3444 -0.9202 -0.0413 41.44 21.25 175.56 4.10 -2.48 -7.45 0.4100 -1.0900 2.1100 0.6744 0.0111 0.2378 3.52 -1.37 -9.04 197 319 299 357 216 
0.1961 -0.3552 -0.9140 0.0012 42.63 20.75 171.56 4.83 -1.25 -8.76 0.6900 0.0100 0.2500 -0.0233 0.1256 0.0522 3.48 -1.35 -9.06 196 324 301 356 214 
0.1974 -0.3586 -0.9124 0.0014 42.69 21.06 170.94 4.37 -1.51 -7.78 1.0300 -0.1300 0.9400 -0.0800 0.1422 0.0211 3.55 -1.44 -9.02 194 320 301 353 215 
;
0.2063 -0.3562 -0.9114 0.0010 42.81 22.31 170.94 4.82 -1.57 -8.52 0.5300 -0.3400 0.4500 -0.0156 0.2267 0.0478 3.80 -1.41 -8.92 195 319 300 349 212 
0.2115 -0.3583 -0.9094 -0.0020 43.06 22.69 170.75 4.72 -1.66 -8.16 0.6700 -0.1900 0.7400 0.0022 0.1056 -0.0133 3.90 -1.47 -8.87 195 309 290 334 208 
0.2346 -0.3595 -0.9031 -0.0109 44.63 29.06 170.06 9.51 -3.20 -10.30 3.2800 0.0700 -0.7100 1.0267 5.9778 -0.3433 7.92 -1.80 -5.48 125 303 269 309 193 
0.5715 -0.3876 -0.7046 -0.1633 34.56 71.56 133.50 13.89 -3.21 -1.80 2.8700 -1.5800 -2.5200 -2.4389 7.3722 2.2344 8.71 -3.86 2.29 102 247 223 241 168 
0.7764 -0.4517 -0.3063 -0.3152 43.13 39.31 47.81 7.76 -2.23 -4.39 3.2100 3.8800 -9.1500 1.4200 3.7322 3.0833 2.73 -6.10 7.17 98 200 193 204 141 
0.9248 -0.3008 0.0421 -0.2289 22.00 -3.06 31.94 3.19 2.03 5.88 3.5100 7.1700 -1.9600 1.3444 0.5122 4.8556 -2.56 -3.56 8.76 96 189 184 192 129 
0.9747 -0.1390 0.1577 0.0762 346.50 -19.50 12.94 -7.59 5.26 13.95 -6.1400 6.8300 5.2700 -0.3156 0.0900 2.6589 -3.68 -0.91 9.04 99 188 184 195 131 
0.9448 -0.1138 0.1888 0.2424 332.94 -22.00 8.94 -3.38 -0.80 9.42 -1.1100 0.6700 1.0600 0.0056 0.2367 -1.2900 -3.88 -1.83 8.81 98 192 187 198 130 
0.9605 -0.1463 0.1887 0.1429 347.25 -23.50 16.19 -5.15 0.24 9.76 -1.1600 2.9000 1.2200 0.4489 0.7611 -3.2567 -3.71 -3.18 8.49 101 195 190 200 133 
0.9566 -0.1695 0.2208 -0.0865 15.56 -22.44 24.56 3.02 -0.82 9.93 6.6700 1.6900 1.5500 -0.1522 1.1289 -1.8167 -3.69 -4.34 7.97 99 194 190 200 134 
0.9203 -0.1886 0.2538 -0.2304 27.94 -23.25 30.00 2.52 -4.36 6.05 4.9900 -1.1000 -1.5100 0.9256 -0.2778 2.2233 -4.22 -3.51 8.12 99 195 190 201 132 
0.9645 -0.1002 0.2178 -0.1109 6.62 -20.00 8.56 -11.75 0.08 14.82 -35.3500 -1.2600 7.3100 -0.1844 -1.6000 -0.9500 -3.35 -0.79 9.18 101 196 193 203 135 
0.9818 -0.0356 0.1852 -0.0204 1.75 -21.06 4.62 -7.20 -1.58 10.80 -4.5100 -1.2600 2.1700 -0.5267 -2.0378 -0.4278 -2.69 -0.93 9.38 103 203 201 211 147 
0.9952 -0.0668 0.0615 -0.0361 8.00 4.81 9.00 1.15 -1.63 6.31 -1.5500 -0.6300 -3.9100 -0.0211 -7.0100 -1.3989 5.97 -1.28 7.66 168 337 297 324 194 
0.8709 -0.1537 -0.4623 -0.0643 3.50 65.75 42.00 7.44 -1.37 -1.50 -1.9400 2.9500 -1.4800 -2.2656 -5.2233 2.1100 8.53 -4.17 -2.44 194 344 308 363 211 
0.5231 -0.3278 -0.7843 0.0616 345.19 45.50 142.87 4.96 -2.07 -6.44 1.4400 1.8500 0.1200 -1.7122 -2.4722 -0.5322 5.43 -3.09 -7.55 197 332 306 363 216 
0.2972 -0.3557 -0.8860 0.0065 42.31 31.12 168.94 9.46 -1.26 -10.45 5.5600 0.0600 -1.5600 -0.6411 -0.0622 -0.3511 4.64 -0.74 -8.60 196 330 304 358 214 
0.2251 -0.3303 -0.9155 -0.0464 39.38 25.94 176.25 6.67 -1.43 -10.16 1.0000 -0.3700 -0.1800 0.3700 0.0411 0.4089 4.34 -0.89 -8.74 194 328 304 358 214 
0.2318 -0.3420 -0.9103 -0.0258 41.56 26.06 172.19 4.74 -1.69 -7.65 0.2500 -0.3800 0.7800 0.0000 0.0244 -0.0644 4.28 -1.21 -8.73 195 332 305 358 214 
;
