0.4789 0.0320 0.2081 0.8522 238.56 -8.25 -23.00 -1.31 3.81 8.96 0.0300 0.0300 -0.0100 0.1289 -0.1200 0.0678 -1.32 3.88 8.90 161 350 357 378 202 
0.4758 0.0431 0.2113 0.8527 238.19 -6.94 -24.00 -1.38 3.88 9.34 -0.3900 -0.0900 0.2800 0.0356 -0.8067 0.1400 -0.63 3.97 8.94 113 301 330 358 200 
0.4946 0.1283 0.1512 0.8462 241.50 9.31 -22.94 1.23 2.49 8.89 -0.4500 -1.5800 -0.0500 2.1233 -6.1044 2.6422 5.54 4.09 6.97 93 238 206 219 154 
0.3957 0.4796 -0.0009 0.7832 231.75 53.75 -38.13 13.81 6.01 -0.02 5.9300 1.8600 -3.1800 3.3200 -1.3111 0.9244 8.84 3.86 1.73 86 163 155 171 111 
0.1910 0.6702 0.0822 0.7124 202.25 69.31 -79.37 9.25 3.22 -3.90 -0.0500 0.1000 -4.1500 4.3367 0.1344 1.5767 9.49 2.43 -0.14 90 162 161 171 109 
-0.1057 0.6766 0.2407 0.6878 154.25 80.50 -97.75 6.32 2.03 -3.55 -4.5400 0.6200 -3.1900 4.1767 0.3578 0.6267 9.73 1.14 -0.08 90 166 165 173 114 
-0.3381 0.5935 0.4039 0.6085 115.06 84.94 -175.25 6.71 4.01 -1.48 -0.9600 4.1100 -1.3000 2.7722 -0.4478 0.6578 9.77 0.32 -0.66 92 169 170 177 115 
-0.4822 0.5240 0.5175 0.4744 84.00 83.44 177.06 9.01 5.78 5.36 -1.8600 8.8200 10.8100 -1.7633 -0.0822 0.5222 9.68 -0.92 -1.26 93 172 173 178 115 
-0.4766 0.5573 0.4992 0.4617 92.12 83.06 157.69 8.37 3.39 0.33 -1.0600 3.4200 0.9600 -3.0122 -0.0833 -0.9089 9.73 0.40 -1.07 91 173 173 179 117 
-0.3336 0.5917 0.4372 0.5894 128.12 79.69 -114.62 9.78 1.38 -5.17 0.9200 -1.4200 -6.0000 -2.1744 0.0078 -1.5522 9.37 2.83 -0.46 91 175 174 181 117 
-0.1703 0.6050 0.4038 0.6649 153.50 68.69 -101.87 12.00 -1.21 -5.17 2.2200 -5.1800 -3.7400 1.2622 -0.2967 -0.3100 8.94 3.83 -1.23 94 175 174 181 118 
-0.1941 0.5938 0.4894 0.6085 138.62 66.37 -121.50 8.22 3.20 -1.80 -0.1600 1.3700 1.0200 2.7100 -0.5389 1.1178 9.11 2.17 -2.89 95 174 176 180 120 
-0.3329 0.5789 0.5730 0.4751 110.94 69.50 -152.06 9.86 -0.11 -4.97 -2.3700 -2.8300 -1.3200 -0.0800 0.2756 0.1522 9.31 1.73 -2.53 94 178 178 182 124 
-0.3351 0.5688 0.5541 0.5070 117.06 72.44 -137.37 9.21 6.46 2.01 -0.0800 3.8200 3.0000 -3.9233 0.3833 1.0744 9.59 1.88 -0.71 114 220 226 243 176 
-0.2377 0.6332 0.3342 0.6564 142.69 84.00 -175.25 7.31 -2.90 -3.10 -3.4100 -3.0500 -1.5700 -3.6100 -2.8778 2.9622 9.36 -0.99 -2.74 163 299 254 270 175 
-0.1168 0.8474 0.0663 0.5138 155.31 56.75 164.87 5.82 -0.23 -6.99 -2.5200 2.1500 -1.1500 -2.2989 -1.4322 0.2667 7.05 -0.81 -6.76 185 291 253 291 186 
-0.0010 0.9493 -0.0149 0.3139 183.06 30.00 -177.75 6.27 2.80 -9.17 0.9100 1.8700 0.0000 -1.2011 -0.1411 -0.6033 4.27 1.19 -8.74 187 284 231 296 195 
0.0938 0.9775 -0.0244 0.1870 182.75 19.94 -167.31 3.33 2.81 -8.64 0.4800 0.8300 -0.4000 -1.4789 -1.1544 -0.3444 2.49 3.03 -8.98 187 282 243 296 192 
0.1909 0.9766 -0.0349 0.0931 184.81 9.63 -156.37 3.43 4.07 -12.19 0.8600 -0.2400 -3.4700 -0.1100 0.1100 -0.0267 1.56 4.03 -8.80 184 280 245 293 192 
0.2021 0.9753 -0.0471 0.0754 185.94 10.00 -158.25 2.84 2.11 -11.84 1.2200 -0.9800 -2.8200 1.1456 0.4133 0.6556 1.99 2.71 -9.20 183 286 231 294 193 
0.1158 0.9836 -0.0847 0.1089 190.69 16.00 -169.75 4.80 1.53 -14.63 2.5200 1.7200 -5.0100 1.5122 1.1878 1.4022 3.68 0.36 -9.08 187 330 281 338 209 
-0.0548 0.9479 -0.1603 0.2699 126.19 35.88 147.44 4.57 0.49 -8.33 0.4800 10.3900 -2.9000 5.4456 5.5122 2.9044 5.42 -7.97 -1.76 198 398 345 428 213 
-0.4892 0.6432 -0.2371 0.5392 94.44 25.87 82.50 -3.03 -2.72 2.37 -7.0300 5.2200 0.6300 0.9611 0.0244 0.6233 3.70 -8.79 2.24 195 400 356 428 213 
-0.5431 0.5685 -0.2413 0.5688 94.00 23.00 75.00 1.99 -7.52 2.95 -0.8400 1.0500 0.6800 -0.5389 -0.3178 -0.5411 4.28 -8.61 1.89 197 393 359 416 214 
-0.4734 0.6041 -0.2485 0.5909 109.06 30.56 81.37 8.98 -7.65 2.03 3.2000 0.6300 2.2800 -2.8333 4.4067 -1.8378 5.58 -7.92 1.46 188 365 340 382 213 
-0.1945 0.4635 -0.4264 0.7520 160.44 29.75 75.50 6.34 -7.04 2.51 1.8800 1.5400 0.5200 -3.4311 4.0989 0.0956 4.08 -8.77 1.58 167 368 347 398 214 
0.0378 0.2444 -0.6215 0.7433 188.00 23.87 83.56 5.61 -7.12 -8.98 1.0100 1.0900 -10.4600 1.8878 -0.0467 -0.1211 3.91 -8.77 1.97 164 370 354 408 215 
0.0303 0.2067 -0.5211 0.8275 179.50 21.56 57.38 7.45 -1.28 1.42 3.5300 5.5000 -3.4900 8.0200 -0.8956 1.8889 3.63 -4.29 8.03 167 375 362 412 216 
-0.2023 0.2555 -0.0756 0.9424 152.44 27.75 10.88 3.36 2.83 19.41 -1.4000 4.1600 11.9800 0.3289 0.0556 0.1478 4.81 -1.11 8.47 167 376 357 412 216 
-0.2303 0.2646 -0.0234 0.9362 155.19 28.31 14.19 6.08 1.42 13.66 1.3700 4.3900 3.3300 -4.4578 0.8678 -1.2156 4.28 -4.17 7.77 168 377 360 413 216 
-0.0698 0.2549 -0.2987 0.9170 174.75 25.00 48.19 6.51 -2.08 1.57 3.7900 5.9700 -5.4300 -5.1133 2.8433 -0.2922 3.81 -8.29 3.56 169 371 360 417 217 
0.0654 0.2206 -0.5855 0.7773 189.37 25.75 78.06 4.58 -6.78 -10.37 -0.3800 1.7000 -12.3200 3.8644 -1.2678 -0.1178 4.52 -7.85 3.74 164 373 362 411 216 
-0.0240 0.2675 -0.3484 0.8981 172.69 28.12 33.38 3.75 5.16 14.51 -1.3200 8.1100 7.4400 4.6400 -0.6422 0.8100 4.48 -1.73 8.54 167 378 365 411 219 
-0.1227 0.2704 -0.0533 0.9534 165.62 31.25 12.31 4.35 -2.26 9.15 -0.3300 -0.0900 0.8300 -1.1367 -1.2978 -0.3022 5.87 -2.40 7.47 168 378 369 412 217 
-0.0833 0.3408 -0.1095 0.9300 171.19 38.25 20.19 4.54 -1.66 6.23 -0.7300 0.7200 -1.8700 -0.9522 0.5700 -0.8156 6.04 -2.78 7.19 171 373 365 387 211 
-0.0055 0.3460 -0.1280 0.9294 181.00 40.50 16.31 3.10 -2.31 2.76 -3.1700 -0.9200 -5.1700 1.3278 1.5111 -3.2167 5.97 0.07 7.77 170 317 321 336 203 
0.1698 0.2877 0.0676 0.9401 203.00 27.12 -19.69 4.53 5.86 8.90 0.4000 1.7700 0.3900 2.4811 3.9467 -1.8100 0.89 5.12 8.31 169 357 345 368 205 
;
