-0.0032 -0.1017 0.3105 0.9451 179.56 -11.00 -36.75 -2.14 5.79 7.60 -0.2000 0.0000 -0.1400 0.0267 -0.0089 0.0356 -1.88 5.77 7.69 147 326 320 368 211 
-0.0051 -0.1023 0.3120 0.9445 179.31 -10.81 -37.00 -2.54 5.74 7.58 -4.7200 -0.4300 0.1900 0.0100 -3.2589 0.8822 0.14 5.77 7.92 97 288 293 299 207 
0.0576 0.2032 0.2874 0.9342 189.87 29.56 -40.06 11.12 5.57 1.78 12.3700 4.7200 0.3900 0.8944 -3.9622 1.2411 7.95 5.20 2.40 90 199 173 197 127 
0.0466 0.5889 0.2803 0.7566 181.19 62.88 -76.06 14.60 6.57 -3.28 5.1100 2.6000 -4.8900 3.1622 -0.3256 2.9511 9.42 2.69 0.12 90 170 165 170 106 
-0.2366 0.6180 0.3215 0.6773 131.56 82.56 -37.25 4.44 3.64 -2.73 -5.3400 3.9900 -4.2800 3.2278 2.4478 2.3422 9.33 -0.42 2.95 90 171 167 170 107 
-0.5331 0.4558 0.3186 0.6376 95.50 64.94 12.19 4.43 4.45 2.62 -3.2000 5.1000 -0.8400 2.1711 -0.4911 1.0544 8.73 -0.88 4.36 94 168 167 173 110 
-0.5781 0.4435 0.3356 0.5970 93.44 67.87 16.25 9.08 4.66 8.90 -1.7900 5.6100 5.2600 -2.3944 0.5411 -1.8611 8.87 -0.57 4.14 96 175 175 175 112 
-0.4297 0.4691 0.2490 0.7302 123.31 63.75 4.00 10.91 1.67 -0.87 2.8900 0.9700 -6.2300 -2.3756 -0.0922 -1.4567 8.86 -0.08 4.20 96 178 174 176 112 
-0.2737 0.5063 0.1904 0.7953 141.75 65.69 -6.37 13.75 -2.80 -4.00 2.3900 -2.8800 -4.8900 4.3022 -2.4522 1.4044 9.46 0.76 2.44 96 167 165 167 111 
-0.3727 0.5298 0.3361 0.6837 124.50 77.25 -16.87 10.35 0.65 4.11 0.8400 -0.7000 1.5300 -1.2356 1.8611 -0.5044 9.36 0.76 2.81 98 180 177 179 117 
-0.3439 0.5270 0.2770 0.7261 132.06 72.56 -2.19 2.13 -0.96 4.58 -4.7800 -1.8800 -1.3900 -2.4333 3.4333 -2.2656 8.61 0.52 4.65 122 286 277 291 185 
-0.1602 0.3974 0.1825 0.8849 166.44 42.88 -21.31 8.33 6.84 6.16 2.7400 4.2700 -0.9900 1.4889 1.1222 -2.5389 5.20 4.48 6.99 149 308 289 297 191 
-0.0018 0.2397 0.3226 0.9156 180.69 24.06 -43.50 3.15 10.43 7.54 -1.1100 3.2300 1.2900 0.4789 -0.7833 -0.0378 4.08 6.63 5.95 146 302 284 281 186 
0.0208 0.2285 0.3735 0.8988 183.19 24.37 -47.56 6.67 7.66 9.74 2.8300 0.7300 3.3700 0.1544 -2.9778 1.4333 5.72 6.10 5.11 108 232 215 222 155 
-0.0084 0.3834 0.3239 0.8649 175.19 48.31 -46.44 15.20 6.51 2.25 5.5100 2.7800 -3.2200 0.3778 0.8467 3.6367 8.38 2.66 4.32 97 183 178 180 122 
-0.2484 0.4684 0.2190 0.8191 137.37 60.88 -4.69 5.42 5.66 0.01 -4.5700 5.4600 -4.0600 2.5889 -0.5289 4.1289 8.45 -1.56 4.71 92 177 167 173 112 
-0.5549 0.4631 0.2155 0.6567 93.12 57.13 26.37 4.13 1.36 7.40 -5.5900 5.3300 3.0800 1.4856 -0.2800 0.6100 8.34 -2.58 4.45 93 177 172 177 113 
-0.6036 0.4841 0.2849 0.5657 88.31 63.13 33.75 8.07 0.92 6.97 -0.8000 4.1700 3.9100 -1.3933 0.4289 -1.4178 8.77 -1.85 3.97 96 182 178 180 117 
-0.4888 0.4817 0.2352 0.6884 113.19 63.00 17.25 10.83 2.89 3.01 2.0500 3.8900 -1.8300 -2.3156 1.0922 -1.9278 8.58 -0.84 4.66 96 183 179 182 118 
-0.3095 0.4891 0.1540 0.8008 140.25 61.31 4.44 16.06 -0.32 -4.09 8.7900 -0.5200 -8.7300 1.0111 -0.5611 -0.7889 8.75 0.60 4.38 97 185 179 182 118 
-0.2876 0.4919 0.2376 0.7867 135.69 68.56 -16.31 8.91 0.57 6.03 -2.8900 1.0500 5.5200 0.9933 0.7689 -0.0044 9.30 0.97 2.94 98 183 177 182 119 
-0.3377 0.5033 0.3027 0.7355 131.75 69.25 -16.56 5.66 -1.46 4.17 -2.9400 -1.6900 1.3900 -0.7611 -0.0033 0.1389 9.14 0.68 3.46 113 203 188 203 146 
-0.2966 0.4850 0.2344 0.7886 143.62 58.25 -10.56 4.16 -2.34 3.45 -2.7100 -1.5300 -2.7900 0.1056 1.9311 -2.8356 6.54 2.36 6.91 146 325 311 349 198 
-0.1236 0.2349 0.2164 0.9395 167.50 25.81 -25.69 6.11 10.58 8.28 1.8300 6.4000 1.0200 2.7533 1.6444 -2.3411 2.57 5.80 7.47 158 346 326 356 198 
;
-0.0381 0.0807 0.3550 0.9306 175.69 7.94 -42.81 1.76 12.07 9.46 0.3900 4.6300 2.8100 -1.5300 3.7478 -1.0778 -0.65 6.42 7.38 158 343 326 344 195 
-0.0317 -0.0510 0.3431 0.9374 176.31 -3.56 -40.25 -1.75 6.24 6.39 -0.7400 0.2300 -0.8200 -0.0289 -0.4156 0.1400 -0.26 6.34 7.47 156 341 327 340 194 
-0.0280 -0.0254 0.3444 0.9380 176.56 -1.69 -40.31 -1.73 6.36 8.19 -1.6700 0.2400 1.0100 -0.1456 -1.7533 0.2678 0.55 6.24 7.53 128 280 255 306 199 
0.0169 0.1144 0.2952 0.9484 182.94 18.19 -33.75 8.14 6.63 9.73 4.9600 3.5800 1.6700 0.6567 -4.2844 4.2367 6.48 3.75 6.32 94 185 172 186 133 
-0.1497 0.4003 0.2205 0.8768 156.06 52.94 -21.00 8.26 5.42 1.76 -1.3900 3.6300 -4.3000 2.2478 -1.0089 4.5067 8.57 -0.21 4.76 93 181 170 176 117 
-0.4622 0.4647 0.2231 0.7216 109.31 61.13 15.69 5.48 2.36 1.54 -7.3900 2.7800 -0.4000 3.6467 -2.8344 2.6011 8.74 -1.78 4.06 96 174 165 172 116 
-0.6036 0.4582 0.3120 0.5730 87.00 65.50 30.00 13.06 2.13 5.58 0.0700 3.4800 2.2800 -1.5144 1.0278 -1.0689 8.96 -1.80 3.54 96 181 173 182 121 
-0.5192 0.4902 0.2677 0.6469 107.87 66.19 21.37 9.78 2.96 3.18 0.5600 4.0100 -0.9800 -2.6144 0.5767 -1.8300 8.98 -0.95 3.80 97 186 177 182 122 
-0.3412 0.5142 0.1902 0.7635 135.75 66.00 5.87 12.70 0.10 -2.55 3.0100 0.2300 -6.6000 0.0856 -0.6033 -0.5900 9.10 0.02 3.65 95 186 178 181 118 
-0.2999 0.5432 0.2554 0.7415 132.94 76.00 -17.75 9.31 -0.41 3.28 0.6500 -0.6100 1.7400 2.1722 -1.2089 0.5378 9.69 0.77 1.28 98 182 175 178 119 
-0.3351 0.5634 0.3348 0.6769 127.50 81.25 -28.31 9.73 -0.50 3.77 -0.4000 -1.2000 2.0400 -1.4344 1.6378 0.1222 9.45 0.49 2.54 100 190 184 188 126 
-0.3018 0.5463 0.2209 0.7495 139.25 70.62 3.94 7.81 0.65 3.69 -1.1100 0.9300 0.0600 -2.5700 1.9522 -0.6022 8.76 -0.48 4.36 124 283 253 262 178 
-0.1713 0.4671 0.0983 0.8619 160.25 54.69 -4.12 5.74 1.47 3.29 0.1300 2.8000 -1.5000 0.8211 0.4811 -2.4500 7.59 2.24 5.78 143 316 286 289 186 
-0.0492 0.4379 0.1987 0.8754 175.62 51.19 -34.38 11.69 8.24 6.86 4.9700 4.3900 2.4700 0.2589 -0.6956 -0.2800 7.64 3.79 4.83 119 220 191 205 146 
-0.0407 0.4691 0.2275 0.8524 171.62 58.38 -36.94 10.46 3.83 4.64 2.1200 1.3200 0.3600 0.2978 0.1556 1.7867 8.69 2.04 4.04 97 188 174 184 124 
-0.1829 0.4982 0.1893 0.8262 149.81 63.06 -10.56 8.63 3.20 2.39 0.0800 3.1100 -1.7900 1.7867 0.9789 2.5633 8.51 -0.26 4.85 95 188 168 181 122 
-0.4136 0.4417 0.1788 0.7758 117.50 53.06 11.69 5.38 4.08 4.30 -3.0700 4.8900 -1.6800 2.5000 -1.1122 2.7433 7.79 -1.81 5.67 97 179 162 180 121 
-0.6011 0.4059 0.2357 0.6469 96.87 54.94 19.44 9.18 0.57 4.23 1.6100 2.2800 1.4000 -0.8067 0.5567 -0.9411 8.45 -1.73 4.64 96 189 175 185 122 
-0.5109 0.4809 0.2556 0.6652 109.81 65.06 19.37 9.62 4.62 5.99 0.3500 5.8000 1.3400 -2.9444 1.0778 -1.7689 8.75 -1.02 4.29 97 191 176 184 123 
-0.3174 0.4948 0.1548 0.7941 141.37 60.81 6.06 14.21 1.28 -1.40 7.1800 1.9500 -7.2200 -0.2789 0.5011 -0.3267 8.40 -0.33 5.04 96 189 177 182 120 
-0.2815 0.4797 0.1447 0.8183 138.12 61.75 4.69 8.59 -1.53 2.70 -1.4700 -0.7800 -0.2900 3.0411 -2.0111 1.7100 9.10 -0.53 3.61 96 185 173 178 118 
-0.3740 0.5361 0.2366 0.7189 126.31 71.12 9.50 6.48 -3.35 0.70 -4.0800 -2.7900 -2.3300 -0.2456 -0.8333 0.3111 9.26 -0.62 3.13 99 188 173 183 120 
-0.3600 0.5425 0.2183 0.7269 127.12 71.00 14.44 5.99 -0.68 6.91 -3.8000 0.0000 3.8000 -0.9667 0.8900 -0.2444 9.07 -0.81 3.61 98 192 178 187 125 
;
