0.9597 0.0931 -0.2264 -0.1378 16.50 25.00 -15.25 4.20 2.36 8.64 0.3200 0.1100 0.1400 -0.1133 -0.8544 -0.0633 4.77 2.30 8.25 165 336 346 372 207 
0.9347 0.0770 -0.3102 -0.1555 19.69 38.13 -18.31 6.43 3.82 9.29 1.0200 2.3400 2.6600 0.8811 -4.9856 -0.0711 8.10 2.81 4.74 161 337 335 330 203 
0.8008 0.0213 -0.5709 -0.1797 28.06 66.25 -26.87 12.24 2.74 5.43 4.8400 -0.1100 -0.6500 -5.6756 6.6433 0.0744 7.18 -0.35 6.66 90 228 199 219 148 
0.8625 -0.2374 -0.2812 -0.3474 42.81 36.31 25.44 7.56 -4.52 -2.10 2.9400 -0.3000 -8.3300 -0.8256 3.3911 3.2078 2.68 -5.28 7.81 88 181 170 184 117 
0.9265 -0.2993 0.0266 -0.2268 22.94 -1.06 32.81 1.61 1.12 4.22 -0.0400 6.7700 -3.6400 1.7667 -1.0711 3.8222 -1.75 -3.80 8.86 91 187 177 188 119 
0.9882 -0.1337 0.0724 0.0211 350.94 -5.69 11.06 -4.42 6.10 17.31 -28.3400 9.2700 19.5400 -0.8656 3.6144 -0.0578 -0.94 -1.51 9.64 93 184 181 193 124 
0.9841 -0.0995 0.0389 0.1415 345.75 -7.81 11.13 -3.89 2.93 14.15 -2.0200 5.0600 4.6100 -1.1511 1.8456 -2.9433 -2.03 -2.97 9.11 93 189 186 199 127 
0.9661 -0.2071 0.1187 -0.0984 17.87 -10.75 30.00 9.19 -3.84 3.96 11.5400 1.4700 -4.0500 -0.2889 0.8511 -0.8478 -1.90 -5.41 7.94 97 191 189 202 127 
0.9402 -0.2429 0.1390 -0.1940 18.37 -9.63 27.25 -0.71 -6.98 7.27 1.0100 -0.6300 -0.3500 2.5422 -0.3867 5.3411 -2.78 -2.55 9.05 94 193 191 202 127 
0.9728 -0.1605 0.1653 -0.0250 1.25 -21.19 17.75 -2.80 -3.48 7.96 1.8500 -1.2300 -1.7000 -0.8422 -0.7344 0.3611 -3.12 -3.22 8.71 98 195 191 205 133 
0.9724 -0.1738 0.1550 0.0168 358.75 -17.69 20.19 -12.80 1.01 17.77 -9.9700 4.1300 9.4400 -3.5289 0.0322 -4.2589 -2.15 -5.50 7.82 139 329 321 362 194 
0.8972 -0.3710 0.1396 -0.1949 29.06 1.19 53.00 6.82 -4.11 5.66 4.5200 4.8600 -0.2400 -5.7733 -1.1600 0.6733 0.99 -9.55 1.97 175 410 371 433 205 
0.6636 -0.7072 0.1539 -0.1892 31.56 3.06 100.31 2.50 -5.58 -7.85 1.6500 3.5800 -5.7600 -1.6189 -0.3011 0.1000 0.47 -9.20 -3.35 172 408 379 434 206 
0.5536 -0.8034 0.1653 -0.1439 27.19 2.81 108.62 0.86 -8.63 -10.68 0.8500 0.7500 -8.3800 2.8744 -1.0811 -0.6067 0.69 -9.66 -1.48 168 398 380 428 205 
0.7553 -0.6452 0.0167 -0.1137 15.13 8.06 70.44 5.13 8.13 -5.79 9.0400 22.7400 -6.5800 11.3589 -0.0100 -0.0578 2.47 -2.58 9.12 169 389 372 427 208 
0.9800 0.1168 -0.1591 0.0267 353.25 18.87 -23.00 4.53 13.78 20.51 10.2100 11.2900 21.4100 -0.7233 1.4156 0.0700 3.38 4.07 8.25 170 392 375 419 211 
0.9624 0.1957 -0.1794 0.0572 354.00 20.75 -20.56 1.64 4.04 6.70 -2.0400 1.1800 -1.9300 -1.1500 -0.8033 -0.4044 3.85 2.62 8.62 168 375 363 370 208 
;
0.9496 0.0954 -0.2087 -0.2137 25.31 20.81 -16.81 3.38 2.55 8.79 -0.0100 -0.0300 0.0100 -0.0122 -0.0567 0.0022 3.52 2.64 8.76 167 357 364 399 203 
0.9492 0.0948 -0.2106 -0.2139 25.37 21.00 -16.81 3.58 2.69 8.79 0.0600 0.0800 -0.0600 -0.0033 0.0222 0.0011 3.51 2.64 8.76 168 357 364 399 204 
0.9494 0.0950 -0.2097 -0.2137 25.37 20.94 -16.75 3.50 2.63 8.82 -0.0200 -0.0300 0.0400 0.0011 0.0078 0.0011 3.50 2.64 8.76 168 357 363 399 204 
0.9493 0.0950 -0.2097 -0.2137 25.44 22.06 -17.12 3.83 4.52 11.43 -0.4000 2.9000 3.8700 -0.1744 -4.0111 0.2100 6.02 2.55 7.30 168 345 334 329 200 
0.8801 -0.0105 -0.4122 -0.2356 31.56 52.88 -7.06 10.18 4.26 10.10 1.9100 3.5300 2.8900 -6.4044 -0.3856 1.8967 8.11 -3.13 4.52 106 254 226 245 166 
0.7809 -0.4572 -0.2394 -0.3520 54.00 38.69 55.56 8.17 -4.10 -9.93 6.6000 2.5800 -12.7000 0.0833 1.7733 2.4611 4.58 -7.46 4.39 91 188 180 192 129 
0.8235 -0.4691 -0.0087 -0.3190 35.06 12.06 48.63 6.68 2.37 3.04 5.7600 10.5700 -2.0900 4.6578 0.6144 5.0478 -0.29 -4.78 8.55 91 183 170 185 123 
0.9875 -0.1422 0.0674 0.0112 353.37 -8.63 12.81 -8.57 7.74 16.68 -11.4800 9.8500 7.6600 -1.6678 4.2444 -1.0400 -1.92 -1.54 9.49 91 181 171 188 123 
0.9793 -0.1070 0.1083 0.1335 347.75 -13.94 12.19 -6.14 1.40 11.88 -2.6900 3.3500 2.5300 -0.4400 1.0644 -3.2222 -2.48 -2.90 9.03 93 185 176 192 126 
0.9696 -0.1820 0.1346 -0.0931 16.75 -11.63 26.50 3.45 -2.37 6.19 5.8200 1.5500 -2.9900 -1.3278 1.1589 -2.5933 -1.59 -5.53 7.93 94 187 178 194 125 
0.9030 -0.2827 0.1577 -0.2827 35.88 -5.69 37.19 6.74 -6.66 3.97 6.5100 -0.6000 -2.1900 1.7478 -0.7978 1.7544 -0.95 -4.96 8.40 93 189 185 194 125 
0.9592 -0.1916 0.1108 -0.1762 13.63 -11.56 20.37 -9.24 -3.12 11.22 -35.2500 3.6500 7.4100 -0.2356 -0.0144 -0.0222 -1.63 -2.86 9.23 91 192 184 196 126 
0.9778 -0.1599 0.1132 -0.0738 8.31 -13.00 22.00 -10.91 -3.93 13.93 -8.9400 0.7800 6.5600 -2.8833 0.5322 -1.8544 -2.55 -5.35 7.81 106 211 208 224 152 
0.8992 -0.3685 0.1786 -0.1543 22.81 -8.38 56.88 1.76 -5.53 5.38 3.0300 3.1600 0.6700 -5.0233 -0.7422 -1.3433 0.15 -9.73 1.20 158 380 357 417 206 
0.6970 -0.6961 0.1027 -0.1381 16.81 2.06 93.37 3.21 -3.26 -0.40 0.8200 5.0600 -1.4300 -3.1544 -0.0567 0.8067 -0.38 -9.27 -3.14 172 407 383 434 211 
0.5501 -0.8279 0.0990 -0.0472 10.75 -1.19 113.69 -0.94 -8.92 -10.72 -0.7100 0.7800 -7.0600 1.6800 -0.4244 -0.4722 0.07 -9.32 -3.04 169 403 381 436 210 
0.6796 -0.7311 0.0176 -0.0572 9.25 4.81 87.12 1.95 0.86 -7.07 1.3300 12.6000 -7.8700 9.0556 -4.4756 -2.0244 3.04 -7.35 5.73 167 399 380 432 210 
0.9544 -0.1720 -0.2439 -0.0082 359.56 28.62 4.44 9.55 13.49 14.00 9.2500 9.8600 10.7400 4.6489 2.2778 -0.5744 4.21 3.06 8.30 165 402 369 423 211 
0.9469 0.2020 -0.2462 0.0442 354.94 29.62 -25.31 2.88 5.42 12.20 -1.3400 1.7900 3.8200 -1.1656 -0.4156 -0.3244 4.66 3.20 8.00 168 390 373 409 208 
0.9585 0.1432 -0.2465 -0.0063 3.25 27.69 -16.81 3.24 3.71 6.16 -1.1200 0.8000 -2.9100 -0.7933 0.8156 -1.8578 3.76 2.56 8.68 177 351 357 390 206 
0.9606 0.1277 -0.1978 -0.1475 20.00 19.37 -20.31 5.52 2.40 4.85 2.2100 0.3400 0.1000 1.2722 -0.1667 0.1122 3.27 3.80 8.42 174 366 370 426 209 
;
