0.8293 -0.0996 -0.3407 -0.4315 54.94 40.69 -9.75 6.31 1.22 7.35 0.0200 -0.0700 0.0000 0.0289 -0.0989 0.0078 6.46 1.27 7.26 164 338 360 393 205 
0.8272 -0.1014 -0.3470 -0.4301 54.94 41.50 -10.00 6.43 1.24 7.28 -0.2400 -0.0400 0.2600 0.0978 -0.2078 0.0800 6.64 1.25 7.10 164 335 347 391 206 
0.8164 -0.1187 -0.3784 -0.4198 53.75 52.63 -12.00 12.24 2.53 7.85 9.9700 1.7500 3.8000 -0.4456 -5.4489 0.8022 9.64 0.40 1.75 136 335 337 342 204 
0.7084 -0.3196 -0.5458 -0.3133 44.50 71.25 45.94 8.60 1.01 1.65 -1.2500 4.2900 -1.1300 -2.3711 2.3378 4.1789 7.61 -5.43 2.92 89 223 227 249 179 
0.7941 -0.5023 -0.2395 -0.2445 31.12 31.62 62.19 2.44 -5.02 0.59 -1.1900 1.7500 -2.5800 -1.1211 1.1400 1.7644 3.77 -8.29 3.62 87 169 187 202 137 
0.8031 -0.5587 -0.0859 -0.1885 26.06 19.62 67.06 2.16 -10.85 0.87 -2.4200 -2.9800 -3.4700 0.3689 -1.0933 0.3389 3.24 -8.45 3.76 88 171 183 193 125 
0.8282 -0.5303 -0.1343 -0.1216 15.06 20.31 61.69 5.01 -7.47 -1.09 2.0400 1.2700 -5.6400 3.9300 -0.7067 0.6456 3.32 -6.82 6.20 91 175 190 199 131 
0.9344 -0.3068 -0.1795 -0.0210 359.06 21.12 29.56 6.89 4.92 4.63 4.5500 8.8200 -3.3500 5.1622 -2.3178 0.9933 4.66 -1.64 8.46 90 175 189 200 133 
0.9434 0.0349 -0.2868 0.1630 338.44 35.31 -0.81 5.30 3.31 15.37 -0.6700 3.2400 6.0900 -1.8767 0.0544 -0.6400 5.66 -0.67 7.97 93 175 189 197 132 
0.9457 -0.0433 -0.2974 0.1236 348.00 33.44 15.31 7.13 0.46 8.55 1.7300 3.1300 0.4400 -3.6567 0.9478 -1.2222 4.97 -3.88 7.51 93 176 193 200 132 
0.9236 -0.2834 -0.2565 -0.0283 5.69 28.50 41.06 6.46 -4.23 0.30 1.1500 0.0500 -7.1100 -2.7289 0.5756 0.1200 4.40 -6.91 5.38 93 175 192 199 130 
0.8701 -0.4332 -0.2255 -0.0671 7.62 27.31 53.25 2.99 -9.86 -2.72 -1.0800 -1.9000 -5.9200 3.3300 -0.9767 -0.5444 5.10 -5.57 6.25 92 177 192 201 133 
0.9213 -0.2435 -0.3032 -0.0065 357.87 35.06 26.62 3.38 4.16 25.70 -4.3500 12.8600 28.5700 0.2167 0.5389 0.0333 5.47 -3.27 7.44 95 175 190 199 134 
0.9388 -0.1607 -0.3030 0.0305 356.94 34.25 23.56 5.50 -1.93 9.64 -0.0600 1.5400 3.0400 -1.2278 0.6878 -0.5022 5.32 -3.70 7.35 96 183 197 206 140 
0.9294 -0.2521 -0.2675 -0.0326 5.75 29.69 35.75 4.67 -4.68 6.85 0.1100 0.7200 -0.1600 -2.8756 0.6322 0.0344 4.50 -6.34 5.97 99 189 204 214 148 
0.8711 -0.4332 -0.2115 -0.0937 13.63 26.12 56.50 4.15 -7.91 2.68 0.1900 -0.3200 -1.6800 -1.6967 -0.2644 0.1978 4.20 -8.01 3.77 103 208 214 228 159 
0.8109 -0.5441 -0.1792 -0.1201 16.75 25.00 68.69 5.10 -9.63 1.45 1.9200 -0.9400 -2.0600 -0.0089 0.7756 -0.1878 4.19 -8.24 3.24 137 270 229 259 169 
0.8173 -0.5349 -0.1299 -0.1703 26.94 19.44 63.56 5.53 -9.28 0.14 1.9700 -0.3800 -1.4200 0.7989 1.2533 1.7111 1.47 -8.53 4.59 177 218 158 168 127 
0.8594 -0.4891 0.0476 -0.1410 11.50 2.00 57.38 0.84 -2.16 3.53 2.6900 5.0800 -0.3000 2.3178 1.1656 1.9944 -0.90 -7.12 6.67 135 205 159 167 126 
0.9377 -0.3406 0.0641 0.0222 355.44 -8.69 36.56 -2.89 -3.28 9.84 -0.2900 1.8800 1.8400 0.8789 -0.6989 0.9822 -1.64 -4.89 8.33 130 211 159 170 128 
0.9622 -0.2443 0.0568 0.1068 346.62 -9.13 26.62 -2.50 -3.96 9.45 -1.9200 0.2000 0.8100 0.1333 -0.5978 0.2800 -1.27 -4.09 8.82 130 224 160 171 130 
0.9669 -0.2144 0.0178 0.1375 343.69 -4.31 24.06 -0.42 -2.87 10.50 0.0500 0.8700 1.0800 -0.0867 0.5389 -0.6333 -0.71 -4.07 8.88 129 235 160 172 130 
0.9697 -0.2216 0.0123 0.1021 349.25 -3.69 25.87 2.86 -3.03 10.00 2.1800 0.8500 0.1600 -0.8144 1.0733 -0.6900 -0.91 -4.73 8.53 127 235 163 172 132 
0.9617 -0.2678 0.0374 0.0439 355.19 -5.62 32.69 0.88 -4.96 7.33 0.1400 0.0500 -0.8700 -1.1711 -0.3889 0.1667 -1.20 -5.99 7.67 130 234 166 173 133 
0.9315 -0.3559 0.0617 0.0428 354.37 -8.69 43.63 -4.65 -9.72 4.40 -3.2600 -2.8700 -2.1600 -0.8567 0.5544 -0.2356 -1.65 -7.27 6.36 129 232 163 173 134 
0.9011 -0.4259 0.0760 0.0278 357.19 -9.13 51.56 -1.38 -8.10 5.72 0.0600 -0.3900 -0.0800 -0.3100 -0.4733 -0.1256 -1.36 -7.75 5.83 143 235 164 186 149 
0.8878 -0.4548 0.0695 0.0112 0.13 -6.56 55.88 -3.39 -4.74 3.22 -1.5200 4.1000 -1.2300 -1.0700 0.6933 -2.2400 -0.02 -8.56 4.77 117 289 276 291 188 
;
0.8434 -0.5318 -0.0064 -0.0764 10.88 8.06 66.81 4.99 -8.92 3.16 3.3000 -0.9900 -1.8100 0.6967 -0.7533 -1.1133 2.54 -8.71 3.71 99 246 247 245 162 
0.8204 -0.5446 -0.1272 -0.1196 18.44 21.12 66.87 3.82 -8.84 4.48 0.7000 0.0600 1.1700 -1.3889 0.8589 -1.5700 4.37 -8.25 2.98 93 189 199 201 132 
0.7565 -0.5981 -0.1437 -0.2220 33.50 29.94 76.19 5.67 -13.60 -0.89 0.4500 -4.7900 -3.1100 -0.4767 0.0111 0.4467 4.75 -8.42 1.58 92 188 199 201 132 
0.7466 -0.6163 -0.1434 -0.2056 27.81 27.25 75.69 6.17 -8.62 -5.63 1.9200 0.5300 -8.0900 3.3522 -0.7233 0.4456 4.42 -7.94 3.66 95 192 200 205 134 
0.8652 -0.4410 -0.2187 -0.0950 8.69 28.06 46.13 8.64 5.47 1.60 5.6000 11.3700 -1.8700 5.9467 -1.1011 0.3989 5.40 -3.30 7.48 96 192 205 207 135 
0.9343 -0.0695 -0.3419 0.0732 348.50 41.06 8.25 -5.13 10.79 39.87 6.6400 1.4800 12.5200 -0.6611 0.5578 -0.5889 6.65 -1.52 7.04 96 191 202 204 135 
0.9280 -0.0957 -0.3583 0.0336 358.50 40.19 18.44 9.68 0.28 8.76 3.1900 3.2600 1.2500 -3.3778 1.0133 -0.2900 5.95 -3.96 6.70 97 192 200 204 135 
0.9006 -0.3109 -0.2951 -0.0723 11.13 33.88 44.00 6.76 -4.48 1.98 1.3500 1.5900 -3.7000 -2.8467 1.3144 0.2789 4.91 -6.95 4.87 97 193 204 203 132 
0.8333 -0.4938 -0.2114 -0.1302 17.75 28.56 64.06 3.67 -8.86 -1.21 -1.4100 -1.0600 -4.3600 -0.0344 0.2711 -0.4811 4.83 -7.72 3.62 97 193 203 203 135 
0.8206 -0.5010 -0.2366 -0.1398 18.25 31.81 59.25 2.75 -8.02 1.44 -2.8000 1.6200 -2.2000 3.9022 -1.8756 0.5167 5.41 -5.95 5.59 99 192 200 201 134 
0.9106 -0.2603 -0.3197 -0.0302 0.44 37.75 27.12 6.10 0.50 15.31 1.1800 3.8500 1.7300 0.3533 1.0833 -0.3544 5.63 -3.75 7.09 96 186 195 196 132 
0.9246 -0.2078 -0.3192 -0.0103 1.37 36.88 27.50 6.58 -2.22 9.17 0.9000 1.4000 2.7000 -0.3333 0.1989 -0.0389 5.81 -3.80 6.91 100 193 202 203 137 
0.9179 -0.2590 -0.2984 -0.0366 6.19 32.88 36.31 5.82 -7.46 7.01 0.7800 -2.4000 -0.0100 -1.9767 1.2356 0.3100 4.58 -5.94 6.31 101 206 219 219 152 
0.8907 -0.3965 -0.2101 -0.0726 8.88 24.25 50.69 5.54 -9.51 0.85 -1.6100 -2.3300 -3.0600 2.0333 0.3033 -0.0622 3.50 -6.47 6.47 162 253 179 208 162 
0.9224 -0.3600 -0.1193 -0.0729 9.31 12.13 41.81 2.53 -3.86 4.99 0.4700 2.6100 -2.4600 0.5456 1.1411 1.7956 0.40 -6.27 7.52 136 259 168 177 130 
0.9475 -0.3193 0.0151 -0.0062 358.94 -3.56 34.88 -1.15 -2.95 6.85 -0.4100 1.9000 -1.8800 1.4567 -0.6056 1.0189 -1.06 -4.74 8.51 124 261 168 178 131 
0.9702 -0.2277 0.0547 0.0622 350.94 -7.25 24.50 -2.50 -2.54 9.98 -1.6100 1.2200 0.9800 0.3667 -0.6722 0.3522 -0.93 -3.69 9.03 125 260 168 179 133 
0.9751 -0.1935 0.0174 0.1069 348.06 -4.69 22.19 -1.30 -3.01 10.18 0.3500 0.8700 0.8800 -0.2922 0.3356 -0.5144 -0.89 -3.95 8.92 127 259 167 179 135 
0.9729 -0.2202 0.0322 0.0631 353.69 -4.87 26.31 1.14 -2.72 8.66 1.8100 1.6500 -0.4900 -0.6444 0.8322 -0.9311 -1.01 -4.81 8.48 128 258 170 183 134 
0.9614 -0.2703 0.0509 -0.0010 0.75 -5.19 33.00 1.70 -4.55 8.37 1.5000 0.0700 -0.2900 -1.3156 0.5389 -0.3578 -0.99 -6.09 7.62 119 253 170 183 135 
0.9310 -0.3553 0.0759 -0.0363 5.69 -7.31 44.06 -3.27 -10.31 4.60 -2.1700 -3.5600 -2.0800 -0.2344 0.3067 -0.4333 -1.21 -6.97 6.78 127 256 171 184 135 
0.9163 -0.3828 0.0928 -0.0733 9.44 -6.06 46.00 -2.02 -7.17 4.32 -2.2000 -0.2300 -3.6100 0.6422 -1.0556 -0.7956 -0.07 -6.72 7.13 152 285 176 194 153 
0.9348 -0.3314 -0.0348 -0.1236 19.12 13.44 32.31 1.67 1.83 0.09 -2.2100 6.3400 -7.5400 5.6811 -1.2933 -3.2622 3.73 -1.00 9.01 168 309 260 268 190 
;
