0.3479 0.1066 0.2187 0.9054 222.06 2.75 -28.00 0.91 4.73 8.62 0.3800 0.1300 -0.0400 -0.0378 -0.0244 0.0378 0.54 4.58 8.65 153 305 285 306 197 
0.3493 0.1136 0.2133 0.9053 222.19 3.31 -27.75 -0.24 4.62 8.62 -1.3500 -0.1900 0.0700 0.3078 -0.7222 0.1789 1.07 4.74 8.51 118 317 280 304 197 
0.3435 0.1963 0.2109 0.8939 221.81 15.13 -32.31 6.23 6.71 11.01 8.7400 3.8300 4.0300 1.2400 -1.8511 2.8656 5.04 4.84 6.87 96 260 216 263 176 
0.1994 0.3640 0.1392 0.8991 199.56 41.75 -24.12 15.22 5.03 4.16 3.6300 4.0500 -4.8700 -0.0233 1.7456 4.6600 6.79 0.31 7.06 91 190 174 195 138 
-0.1160 0.3780 0.0038 0.9185 156.31 44.31 9.94 4.74 5.19 -0.15 -2.6500 6.6700 -6.9100 3.0956 0.5767 3.4533 6.16 -1.45 7.48 93 186 173 196 136 
-0.4504 0.3392 0.1161 0.8176 113.44 51.06 9.81 14.36 8.15 7.77 3.0800 8.3500 3.3800 2.8611 -0.9500 2.1756 8.54 -1.25 4.63 93 171 170 180 134 
-0.5535 0.4647 0.2775 0.6331 98.37 63.88 23.62 11.40 4.14 7.70 0.4800 4.6400 3.6400 -2.7022 2.1733 -1.7178 8.60 -1.43 4.47 97 185 180 192 137 
-0.4277 0.4784 0.1888 0.7433 125.94 59.63 13.94 11.32 2.96 2.95 2.5100 3.6000 -2.5700 -2.7400 0.9889 -1.4900 8.17 -1.24 5.27 96 183 182 194 138 
-0.2497 0.4684 0.0593 0.8454 151.12 54.44 13.38 11.00 -2.35 -3.89 4.2100 -2.7200 -9.9700 0.0267 1.4433 -1.1556 7.73 -0.98 5.94 97 189 182 194 137 
-0.2000 0.4663 0.0773 0.8583 149.75 57.56 1.62 10.42 0.30 4.60 3.0800 2.4100 1.1500 5.3500 -2.5444 2.8200 8.86 0.06 4.18 98 183 179 186 137 
-0.3382 0.4904 0.2076 0.7759 133.06 63.00 0.94 6.98 -0.02 5.63 -1.9100 0.5500 2.2000 0.2767 -0.3233 0.2078 8.84 -0.18 4.23 97 182 182 193 139 
-0.3490 0.4913 0.2065 0.7708 131.44 64.37 3.94 5.78 0.65 6.35 -2.9900 0.5200 2.7200 -1.0044 -0.5389 -0.3800 9.01 -0.39 3.84 103 222 210 236 163 
-0.2696 0.5381 0.1827 0.7775 145.00 68.69 -2.62 11.95 -4.52 1.95 4.4200 -4.1000 -0.4800 -3.0022 -3.6044 2.5967 9.51 -1.48 1.85 170 389 198 209 153 
-0.1909 0.7394 0.0057 0.6456 142.37 66.75 122.06 13.28 -0.17 -11.34 3.0200 3.1900 -8.9200 2.4844 -3.1844 2.3656 7.49 -5.25 -3.52 128 394 193 202 143 
-0.4017 0.8121 0.0027 0.4232 80.62 40.63 111.25 8.72 -1.11 -2.78 3.7600 4.3700 0.8100 5.1833 0.1444 0.4367 6.07 -7.68 -0.31 128 409 202 208 147 
-0.6305 0.6884 0.1526 0.3245 54.38 38.06 92.31 6.00 -4.11 3.08 -0.4600 2.5100 1.8300 -4.5578 -0.0522 0.1678 5.87 -7.46 -2.45 125 404 204 208 147 
-0.4434 0.8368 0.0445 0.3182 73.75 33.81 125.06 5.16 -6.84 -9.66 1.3200 -0.0300 -3.4100 -0.2222 -1.1367 -0.0444 4.90 -6.37 -5.61 123 404 204 209 147 
-0.4092 0.8746 0.0792 0.2477 57.00 30.62 122.81 9.04 -4.86 -7.81 2.3300 3.1500 -2.9700 5.2989 4.7711 -0.6067 5.96 -7.77 -0.15 126 403 203 211 146 
-0.6052 0.7245 0.1445 0.2966 56.44 37.88 95.69 4.30 -5.80 -0.33 -1.7700 2.0700 0.7700 -1.4189 0.9056 -0.7344 6.50 -7.30 -0.70 147 399 205 218 152 
-0.5166 0.7249 0.0637 0.4513 93.81 50.56 92.75 6.02 -2.25 2.20 -5.1900 3.5600 2.4900 -2.3800 1.2944 -4.4611 9.11 -3.60 0.17 153 347 207 220 159 
;
