0.1863 -0.1511 -0.3047 -0.9218 157.19 23.06 -33.31 3.91 4.99 7.41 0.1000 0.0200 -0.0300 -0.0578 0.1567 -0.0211 3.75 4.94 7.59 169 303 315 347 216 
0.1881 -0.1438 -0.3002 -0.9240 156.44 22.12 -32.44 3.69 5.04 7.57 -0.0700 0.2500 0.0700 0.2467 0.4567 0.4433 3.60 4.87 7.71 170 306 322 352 219 
0.2238 -0.1235 -0.3029 -0.9182 151.69 21.00 -32.63 3.70 4.92 7.46 0.4100 0.1400 0.0000 0.0944 0.3133 0.1978 3.45 4.95 7.72 171 305 324 354 219 
0.2545 -0.1180 -0.3180 -0.9056 146.94 24.62 -34.63 -0.96 7.39 10.02 -4.5200 2.2500 2.5500 -1.0600 -2.1089 -1.4967 4.87 4.93 6.93 125 300 303 307 197 
0.1487 -0.2416 -0.3136 -0.9062 164.69 32.38 -35.13 12.33 3.49 6.96 5.6400 0.3800 0.5200 -1.8956 0.0367 0.0844 5.15 3.89 7.37 103 211 207 211 160 
0.1102 -0.2465 -0.1928 -0.9434 164.31 29.94 -16.37 12.94 4.47 3.90 8.0500 3.4700 -4.1700 -1.8167 2.5167 3.5311 3.89 0.31 8.99 94 180 170 186 130 
0.3331 -0.1517 -0.0219 -0.9304 133.12 14.50 5.44 1.95 5.99 5.07 -0.5000 7.0300 -4.4000 0.8233 0.0256 4.7489 1.80 -1.19 9.56 98 187 176 192 134 
0.6267 -0.1265 -0.0166 -0.7687 95.75 13.94 8.38 -2.17 3.03 12.62 -4.5200 2.1500 1.5700 -0.5433 -2.2833 2.1511 3.34 -2.19 8.95 99 189 178 193 137 
0.7048 -0.1835 -0.0339 -0.6844 90.12 19.94 12.13 -0.22 2.15 11.87 -5.7500 5.1400 3.8400 0.0578 2.3700 -3.3856 2.49 -1.15 9.41 100 193 180 197 138 
0.5217 -0.1040 -0.0326 -0.8461 124.25 8.88 0.31 9.34 3.83 11.72 8.7800 3.4500 1.9900 0.7422 0.4611 -2.9422 0.69 0.75 9.75 101 194 185 199 139 
0.3231 -0.0062 -0.0562 -0.9447 141.44 2.19 -7.06 6.98 0.11 10.15 4.7800 -1.6400 0.4300 1.1689 -0.7167 2.7744 0.81 1.81 9.60 102 197 186 196 139 
0.4863 -0.0528 -0.1469 -0.8597 113.37 19.50 -12.19 -13.96 2.49 13.80 -29.5800 5.0000 4.9400 -0.5756 -0.2733 -0.2733 4.77 1.66 8.40 99 199 190 204 140 
0.5917 -0.1495 -0.2317 -0.7576 104.31 35.81 -12.31 7.42 1.54 9.27 -1.4400 0.8700 3.8200 2.9167 -5.3644 -0.9222 8.43 3.13 3.89 127 249 242 259 189 
0.5021 -0.2715 -0.5316 -0.6257 96.62 64.00 -58.88 4.68 -0.62 3.64 -4.4600 -2.6300 1.0100 -2.7078 -3.0733 6.1367 9.75 -0.98 0.29 181 310 294 336 208 
0.5333 -0.6349 -0.4534 -0.3270 52.56 50.75 126.87 2.80 -0.54 -3.46 -1.5200 4.3600 3.5800 -5.3367 -2.1978 2.3644 4.89 -4.55 -7.16 190 297 298 352 218 
0.1723 -0.9225 -0.3154 -0.1406 144.19 17.81 174.06 5.07 5.21 -13.94 -0.5900 6.1800 -7.5800 -3.2956 -0.2044 -1.1689 3.41 2.05 -8.95 190 298 298 350 217 
-0.0427 -0.9230 -0.3163 -0.2150 141.94 22.50 -167.12 4.46 1.70 -9.17 -0.1700 -0.3000 -0.0100 0.2289 0.4978 0.0667 4.20 1.85 -8.66 189 298 302 349 217 
-0.0131 -0.9130 -0.3215 -0.2507 140.87 27.37 -167.87 3.92 2.32 -8.19 -0.4100 0.7800 0.2000 0.0111 0.4122 -0.3433 4.78 1.92 -8.33 190 288 293 325 208 
0.0045 -0.8756 -0.3508 -0.3321 170.06 45.19 -159.19 9.14 2.78 -12.22 -1.2400 -0.1700 -7.6000 4.2333 10.0267 -4.3956 8.84 4.22 -0.34 180 313 299 310 205 
0.3002 -0.3362 -0.5869 -0.6726 125.75 49.00 -82.81 6.59 7.09 0.30 -0.9200 -0.5700 0.0600 4.4956 0.7233 0.8122 7.39 6.40 -0.70 182 323 298 336 206 
0.4550 -0.1900 -0.7465 -0.4469 79.31 64.81 -125.25 6.58 4.60 1.78 -3.2400 2.2900 4.2000 -1.2056 -2.7400 7.0333 8.78 -1.14 -4.20 187 320 308 339 206 
0.4354 -0.6470 -0.6068 -0.1533 29.19 34.56 146.12 -1.73 -0.41 -5.13 -4.5800 3.3500 2.0900 -5.0811 0.5711 3.0122 3.41 -2.92 -8.71 190 311 311 353 220 
0.1150 -0.9194 -0.3554 -0.1233 139.69 16.69 179.00 3.97 2.50 -13.49 0.0700 2.2700 -5.1900 -1.1622 -0.3344 -0.2978 2.67 1.22 -9.35 190 322 312 360 223 
-0.0190 -0.9261 -0.3420 -0.1582 139.06 16.69 -170.87 2.71 1.57 -9.96 0.5200 0.5100 -0.5000 -0.0011 -0.0256 0.2000 2.81 1.36 -9.29 189 322 317 364 222 
-0.0064 -0.9258 -0.3425 -0.1599 139.56 17.19 -172.87 2.70 1.26 -8.78 -0.2400 0.3300 0.6500 0.1800 0.1433 0.0400 2.90 1.01 -9.31 191 324 317 363 221 
0.0058 -0.9286 -0.3380 -0.1530 140.00 16.62 -174.81 2.31 1.52 -8.97 -0.8900 0.6600 0.6000 -0.1133 0.0889 -0.0078 2.76 0.85 -9.36 190 323 320 363 221 
;
