0.9110 -0.0228 -0.2255 -0.3445 41.44 25.44 -7.31 4.17 1.06 9.05 -0.1400 0.0000 0.1600 0.1222 -0.2067 -0.0500 4.34 1.20 8.70 159 286 317 362 209 
0.9071 -0.0222 -0.2388 -0.3459 41.75 26.56 -8.00 4.06 1.09 8.68 -0.1000 -0.0100 0.0600 0.0300 -0.0756 -0.1000 4.53 1.31 8.59 159 293 305 356 203 
0.8815 -0.0189 -0.3298 -0.3375 41.44 42.88 -17.56 13.10 4.05 11.55 8.1300 3.9100 4.8600 -0.0356 -2.7844 2.2878 8.41 1.43 4.82 90 315 319 325 201 
0.8431 -0.1588 -0.4547 -0.2394 31.31 51.50 16.37 4.24 0.19 2.57 -0.8900 2.7800 -3.2900 -2.6711 1.4811 2.9422 5.92 -4.63 6.28 90 187 188 207 137 
0.8937 -0.3611 -0.1100 -0.2425 32.13 15.69 42.25 0.82 -4.69 2.53 -1.1700 0.8600 -7.8200 -2.0522 -1.0000 0.5511 2.16 -7.47 5.97 89 172 173 184 110 
0.8551 -0.4673 -0.0297 -0.2226 27.94 16.56 54.88 0.00 -10.01 3.88 -1.6900 -2.5600 -0.2200 0.6289 -1.8422 0.0300 3.49 -7.47 5.29 91 176 175 186 111 
0.8516 -0.4776 -0.1417 -0.1633 19.87 24.81 58.44 5.16 -12.88 0.77 0.9800 -6.0800 -6.2500 0.0133 -1.2956 0.7678 4.26 -7.79 4.15 93 183 178 189 114 
0.8579 -0.4594 -0.2181 -0.0731 4.50 27.25 53.38 7.83 3.47 -1.81 3.4900 10.5600 -7.2400 5.8478 -2.5900 0.0200 5.58 -4.53 6.66 94 184 183 193 118 
0.9149 -0.0953 -0.3719 0.1248 339.94 43.38 13.44 7.11 8.41 17.87 -4.0600 10.9800 25.5200 -2.5133 -2.2844 0.2111 7.04 -1.76 6.58 95 181 182 189 119 
0.9039 -0.0550 -0.3893 0.1688 341.44 42.88 21.25 6.69 2.22 8.55 0.8100 4.9300 1.7200 -2.7922 1.4778 -1.0733 6.30 -3.47 6.66 96 181 183 190 120 
0.9153 -0.2288 -0.3313 0.0059 3.69 36.44 35.38 6.91 -3.21 -0.15 0.4700 1.1700 -7.7600 -2.3489 0.1533 -0.9322 5.83 -5.36 5.76 95 187 183 192 120 
0.8751 -0.3580 -0.2978 -0.1318 17.37 39.69 43.69 11.01 -6.64 -2.18 0.0700 -1.1700 -4.3900 2.5189 -2.5511 0.0100 6.99 -4.37 5.29 95 186 185 194 121 
0.8772 -0.2551 -0.4039 -0.0488 5.50 45.44 35.50 10.39 -5.00 4.42 -0.9700 -0.7100 -2.6400 0.3467 0.8989 0.0467 7.05 -4.15 5.40 97 184 184 192 121 
0.8818 -0.2514 -0.3976 -0.0332 3.75 43.56 35.50 8.30 -5.29 11.01 2.4300 -1.2100 5.2000 -1.5089 2.5611 0.8467 5.27 -5.01 6.56 99 213 208 224 153 
0.9125 -0.3594 -0.1797 -0.0760 12.88 15.44 47.50 4.14 -4.60 6.60 4.4100 4.8100 1.5800 -5.3822 7.7544 0.7100 -1.07 -9.00 3.72 150 319 285 329 198 
0.6653 -0.6075 0.3648 -0.2350 46.75 -10.88 102.81 3.04 -2.69 -4.83 4.5600 5.2200 -2.6900 -3.8167 2.9678 0.9089 -1.15 -7.91 -5.66 161 335 307 361 202 
0.3618 -0.6545 0.6177 -0.2432 68.19 -7.94 130.19 -0.80 -7.76 -6.75 0.2300 -0.8000 -0.5900 -0.2178 -0.7056 0.5667 -1.90 -7.15 -6.43 155 327 304 352 199 
0.3639 -0.6467 0.6421 -0.1926 53.06 -13.38 132.44 -4.33 -6.42 -12.68 -2.0600 0.5100 -7.7200 1.6289 -0.3622 -0.5989 -2.28 -7.65 -5.68 154 324 301 339 197 
0.4989 -0.6028 0.5505 -0.2911 66.81 -7.87 92.56 -0.90 4.86 21.17 7.1400 11.8200 16.1300 3.3600 0.4122 -1.3500 -0.18 -9.09 3.65 154 310 282 312 191 
0.6223 -0.5046 0.3912 -0.4529 70.75 -2.62 83.75 -1.12 -7.34 0.39 -1.0300 1.9900 -1.8200 -5.5189 0.3711 1.4711 -1.57 -9.14 -3.18 155 323 300 340 194 
0.4431 -0.6403 0.5760 -0.2487 56.69 -11.38 124.50 -3.11 -6.37 -12.29 -1.5600 1.7000 -6.5900 -0.7000 0.4178 -0.0078 -1.92 -7.44 -6.08 156 323 301 342 194 
0.3965 -0.6585 0.5977 -0.2278 62.56 -8.88 122.44 -3.61 -5.45 -13.32 -1.8900 0.7400 -11.8200 9.1900 -1.4333 -1.8111 -0.18 -9.76 0.89 159 329 289 349 203 
0.6675 -0.4064 0.2843 -0.5555 79.25 2.37 58.00 1.07 1.01 18.30 2.3300 5.7100 10.1500 -2.8256 -0.1689 0.5222 0.18 -9.23 3.30 164 329 296 348 202 
0.6055 -0.5195 0.3861 -0.4630 73.62 -0.25 85.25 -0.07 -7.05 -1.01 -0.1600 2.0500 -2.3100 -3.8767 -0.3278 1.3422 -1.12 -9.44 -2.37 152 284 262 277 177 
0.5186 -0.6255 0.5057 -0.2897 54.69 -10.19 105.87 -1.09 -4.87 -8.33 1.5100 4.6900 -6.1200 3.9733 -3.6778 -0.3756 -1.76 -9.61 0.80 150 258 247 251 168 
0.8148 -0.4911 0.1786 -0.2511 29.81 9.50 45.44 2.64 -0.61 5.93 7.2600 10.2500 0.6500 8.9700 -3.2144 -1.7311 4.58 -0.70 8.64 168 307 301 333 199 
;
