0.3839 0.0776 0.2114 0.8955 226.50 -1.25 -26.00 0.35 4.60 8.44 0.3900 0.2200 -0.3000 -0.2522 0.2867 -0.0233 -0.40 4.18 8.85 167 313 306 313 200 
0.3864 0.0587 0.2087 0.8965 227.06 -2.69 -24.81 -0.02 4.17 9.07 0.5700 0.0000 -0.2700 -0.0433 0.1033 -0.0833 -0.48 4.10 8.89 167 307 305 299 196 
0.3855 0.0505 0.2103 0.8970 226.31 -4.62 -24.37 -1.50 3.99 9.20 -0.6300 -0.0200 0.1000 -0.1400 0.1356 -0.0344 -0.98 3.89 8.94 165 303 302 295 196 
0.3868 0.0363 0.2025 0.8989 227.19 -4.25 -22.69 -5.37 0.72 15.77 -5.7500 -3.1000 8.4600 1.0922 -7.2856 -1.3600 2.84 3.72 8.61 168 278 271 257 168 
0.4977 0.2744 -0.0562 0.8209 246.75 38.50 -6.31 9.37 7.22 11.63 1.2900 8.2000 4.0800 -5.5933 -0.3389 0.5656 6.07 -2.55 7.26 170 303 299 310 197 
0.5667 0.0975 -0.4260 0.6985 260.44 37.56 48.75 5.91 4.56 3.37 -0.1800 11.3900 -0.7000 -5.3111 1.8422 2.4844 4.57 -8.22 2.76 175 363 341 362 204 
0.5043 -0.2306 -0.6239 0.5507 265.19 19.25 89.12 1.90 -4.43 -4.09 -0.7900 2.4700 -4.2300 -2.0644 -1.0478 1.2578 2.29 -9.34 -1.88 159 282 265 277 183 
0.3691 -0.3436 -0.7155 0.4835 253.56 10.69 106.75 -2.32 -10.14 -9.56 -0.8700 -1.6400 -7.2200 0.9989 2.6156 -0.4133 2.39 -9.24 -2.20 169 313 294 306 193 
0.5040 -0.3379 -0.6180 0.4999 271.62 17.50 78.87 3.55 -2.86 8.55 0.9200 7.6400 14.4000 3.5500 0.7656 -0.1156 2.84 -8.13 4.66 169 312 293 307 198 
0.5988 -0.2346 -0.4703 0.6044 267.56 16.25 64.50 3.50 -5.23 6.91 -0.2400 2.7900 2.5300 -1.9433 -1.3811 0.9467 2.52 -9.13 2.51 171 306 292 303 196 
0.4670 -0.2567 -0.5881 0.6084 253.37 13.13 81.69 -2.46 -13.79 -9.00 -3.6100 -4.6300 -10.9100 -0.5967 0.3356 -0.3433 2.29 -9.51 0.60 171 309 292 301 195 
0.4755 -0.2756 -0.6074 0.5736 263.19 16.75 78.69 1.44 -5.74 1.73 0.0500 4.4500 4.2300 4.6867 1.4033 -1.4178 3.42 -7.83 4.80 171 317 305 317 202 
0.6337 -0.1464 -0.4312 0.6254 270.50 21.44 50.19 2.93 -5.05 4.60 -0.4100 1.1100 -2.1000 2.1311 -3.6567 0.7378 4.57 -6.53 5.70 159 320 291 293 200 
0.5131 0.0606 -0.4417 0.7335 243.87 35.31 38.81 2.78 -4.98 1.81 -3.9100 -0.1400 -4.6900 7.1178 -2.4278 -1.2933 7.12 -0.82 6.68 161 348 243 244 192 
0.3816 0.4210 -0.0983 0.8170 229.56 50.00 -26.25 11.89 10.77 2.47 6.1700 7.4700 -1.1300 6.6189 0.5833 -1.3822 7.08 5.93 3.28 136 372 201 219 178 
0.1981 0.5936 0.2944 0.7224 203.94 49.13 -87.50 14.22 16.09 4.13 6.3900 10.1900 5.7500 4.9122 0.1322 3.5733 8.72 3.86 -2.24 152 382 207 232 182 
-0.1985 0.6942 0.3925 0.5697 133.12 76.81 -167.44 3.03 6.48 2.19 -8.1200 6.1800 3.4600 -3.3244 1.0244 5.1711 9.33 -2.74 -1.22 161 386 213 239 184 
-0.2602 0.7763 -0.0109 0.5741 144.06 60.56 123.94 1.95 -0.01 -5.80 -6.3600 3.6500 -3.5000 -5.8111 2.1500 -2.1011 9.18 -1.51 -3.08 159 394 218 243 185 
0.1950 0.7748 -0.1386 0.5852 228.56 69.50 -114.87 11.61 8.40 -9.94 3.3400 5.1400 -7.5200 3.1278 0.6833 -3.9922 7.59 5.96 -1.68 150 397 211 240 185 
0.2575 0.7645 0.2230 0.5472 225.87 45.69 -115.06 9.91 9.40 -0.84 2.2300 3.9500 3.1000 3.3711 0.6289 1.1956 7.57 4.71 -4.06 160 393 220 242 188 
0.0515 0.7606 0.3265 0.5588 189.56 56.13 -127.25 6.27 5.35 1.10 -1.9100 0.4100 3.0600 -3.5500 3.5211 -0.3367 8.47 4.93 0.10 168 323 277 280 196 
;
0.1664 0.5746 0.2334 0.7666 207.69 51.00 -65.00 8.42 6.86 5.14 1.0000 1.2200 1.1400 -2.1044 0.9433 -1.2744 6.76 5.84 4.03 171 319 297 305 201 
0.2980 0.4545 0.1840 0.8190 221.81 40.13 -42.94 9.92 9.23 11.11 3.1200 5.2600 5.1100 -5.5256 -0.4989 1.3089 6.93 2.30 6.53 174 279 298 308 201 
0.3969 0.3025 -0.1721 0.8493 231.19 36.06 18.37 11.30 4.15 8.77 -0.2900 8.6100 -2.1600 -9.0267 6.7244 2.0511 2.20 -7.75 5.57 174 305 290 302 197 
0.4080 -0.2073 -0.5607 0.6901 244.56 7.19 82.37 0.52 -7.43 -4.90 2.5600 2.0700 -4.5200 -3.7600 1.0178 0.6333 0.79 -9.59 -1.86 173 299 290 298 194 
0.3350 -0.4357 -0.6880 0.4739 251.75 2.37 112.44 0.03 -7.52 -7.68 0.9000 0.9400 -3.1500 -0.1967 0.8622 -0.1867 0.76 -8.81 -4.23 173 295 295 305 192 
0.3545 -0.4719 -0.6951 0.4105 264.69 7.31 110.06 -0.75 -7.14 -8.47 0.6700 1.9700 -5.7400 5.3722 1.3533 -0.2322 1.88 -9.62 0.17 178 311 297 310 198 
0.5571 -0.3165 -0.5132 0.5710 267.87 10.69 68.37 -0.95 -2.10 21.57 -0.7300 5.9300 15.9000 -0.7756 -1.0622 -0.1433 1.88 -8.91 3.63 179 309 295 308 197 
0.5397 -0.3002 -0.5135 0.5957 262.00 10.75 76.44 2.00 -8.04 0.66 -0.5000 1.3800 -1.9000 -2.1411 -1.1000 1.1100 1.13 -9.72 0.49 176 306 295 308 197 
0.3881 -0.3505 -0.6249 0.5797 244.81 3.62 94.69 -2.86 -9.96 -8.82 -2.9000 -1.1400 -7.8800 -0.3611 0.4400 -0.3300 0.69 -9.67 -1.44 179 309 294 303 196 
0.3950 -0.3808 -0.6422 0.5354 257.31 6.62 94.12 -1.77 -9.16 -8.27 -4.1600 2.0500 -6.0300 3.3933 1.3900 -0.4144 1.23 -9.49 2.09 180 310 296 303 197 
0.5804 -0.2891 -0.4470 0.6163 268.44 10.25 59.56 3.94 -0.05 18.73 4.1600 6.2000 10.4600 -0.9967 -1.3467 0.2500 2.17 -8.44 4.49 178 305 299 309 198 
0.5605 -0.2223 -0.4813 0.6361 259.00 17.06 61.81 1.46 -6.68 -1.81 -2.1000 1.1800 -5.9600 4.5778 -3.8333 -0.3889 4.70 -6.30 5.85 175 320 269 297 198 
0.4780 0.1503 -0.3636 0.7853 241.06 37.69 23.94 5.56 1.17 5.29 -0.0700 2.8700 -1.5200 7.4467 -1.9511 -1.6100 7.13 2.20 6.35 164 357 217 241 186 
0.3860 0.4760 0.0558 0.7883 229.56 42.75 -50.31 12.51 13.81 3.89 5.0500 7.8300 0.9100 6.9967 0.5322 0.6022 6.69 6.98 1.62 146 361 202 225 176 
0.0940 0.6007 0.3901 0.6914 183.12 55.19 -101.44 11.66 11.24 3.92 0.6100 4.8000 5.0400 2.9289 0.6289 4.2267 9.34 2.31 -1.86 153 369 204 231 178 
-0.2640 0.6810 0.3301 0.5980 126.44 82.75 147.19 2.55 1.84 3.35 -7.6600 3.2500 3.7000 -2.6256 0.1622 3.0811 9.32 -2.89 -0.95 157 378 203 235 176 
-0.2770 0.7596 0.0637 0.5849 137.81 66.19 124.75 2.67 1.67 -4.10 -2.9200 5.6800 -3.3800 -6.8033 0.6500 -3.1800 9.40 0.49 -2.72 154 389 212 244 175 
0.2299 0.7220 0.0169 0.6523 225.37 62.50 -84.62 9.16 8.00 -5.81 0.6000 2.7700 -6.6400 3.1667 0.5889 -1.8944 7.33 6.46 0.75 154 390 209 251 180 
0.2431 0.6633 0.2959 0.6429 215.62 45.44 -101.44 11.13 9.41 -0.99 4.5900 3.1400 2.5000 4.0256 0.0556 1.2511 7.46 5.40 -3.36 155 389 213 249 179 
0.0092 0.7443 0.3884 0.5432 177.62 55.06 -138.00 6.47 4.78 0.20 -2.3100 1.0100 3.9300 -0.5389 -0.3144 1.6433 8.34 2.79 -4.32 151 387 214 254 183 
-0.0233 0.7821 0.2867 0.5527 179.56 62.69 -136.94 5.11 5.14 -1.83 -2.5200 1.9700 0.6000 -4.3656 2.2067 -2.2789 8.27 5.21 -0.69 152 378 273 292 193 
;
