0.2586 0.0435 0.1442 0.9542 210.00 0.44 -17.12 -0.14 2.88 9.36 -0.3700 -0.0900 0.1300 -0.1244 -0.2111 0.1956 0.21 2.79 9.39 164 295 302 309 207 
0.2474 0.0493 0.1357 0.9581 208.94 1.44 -16.56 0.15 2.98 9.32 -0.0900 0.2300 0.0500 0.0056 0.0389 -0.1300 0.19 2.82 9.39 166 296 302 308 206 
0.2544 0.0456 0.1384 0.9561 210.06 0.88 -16.69 -0.06 2.88 9.34 -0.1900 0.0400 -0.0700 -0.0433 -0.0922 -0.0911 0.18 2.80 9.39 162 302 306 309 206 
0.2617 0.0500 0.1358 0.9542 210.56 1.56 -16.50 -1.40 2.85 10.02 -2.6700 0.4100 1.4500 -1.4356 -1.5333 0.2956 1.00 2.08 9.52 168 318 315 311 209 
0.2729 0.1086 0.0351 0.9553 213.00 11.81 -2.56 3.90 1.59 18.82 3.8500 1.5300 8.9700 -4.8000 -0.9078 0.0089 2.40 -2.96 9.03 171 317 324 327 211 
0.2785 0.0363 -0.3179 0.9056 213.31 12.31 45.44 -0.06 -0.56 4.54 -2.0400 8.1400 -3.3700 -5.9444 -0.0356 0.8222 1.28 -9.23 3.03 173 314 312 327 214 
0.1924 -0.0971 -0.6683 0.7120 209.12 5.94 90.44 -0.98 -4.84 -1.69 -1.2600 4.8500 -0.9500 -3.2456 -0.3756 -0.1011 1.01 -9.37 -2.69 170 301 292 307 210 
0.1438 -0.1052 -0.8192 0.5451 209.50 7.56 113.19 -0.99 -8.16 -8.78 -1.1200 0.9400 -5.1600 0.4889 0.6478 -0.3467 1.67 -8.98 -3.54 169 303 282 305 210 
0.1890 -0.0933 -0.7805 0.5886 215.69 11.25 93.31 -3.72 -4.60 -5.54 0.7600 12.0500 3.8600 7.4189 0.2444 -0.4989 2.10 -7.78 5.57 173 308 306 305 212 
0.2438 -0.0042 -0.4276 0.8705 210.56 11.06 53.44 2.90 -4.31 9.82 0.4600 3.5200 3.6400 -4.0933 -1.2533 1.1133 1.68 -9.12 3.16 177 308 304 307 214 
0.1417 -0.0480 -0.6541 0.7415 198.94 4.12 88.87 -1.69 -8.23 -4.34 -1.7100 0.8700 -3.7500 -3.4967 -0.3222 0.0989 0.25 -9.41 -2.73 170 301 296 306 208 
0.0773 -0.0683 -0.8091 0.5785 198.44 4.12 107.06 -3.23 -7.83 -13.50 -4.8700 1.4800 -12.3400 4.0667 1.5867 -1.3878 1.92 -9.61 -0.01 176 307 302 311 214 
0.2527 -0.0026 -0.5603 0.7888 216.25 17.31 57.00 10.35 -0.19 19.84 3.5300 2.9800 4.4600 -0.7678 -0.4578 0.5278 2.98 -7.90 4.97 176 308 308 311 211 
0.2365 0.0316 -0.5005 0.8322 209.81 16.06 58.63 1.01 -9.05 4.87 -0.3900 -1.3200 0.1400 1.0911 -1.4033 0.2989 2.84 -7.80 5.21 172 296 302 280 202 
0.1693 0.0632 -0.4753 0.8610 200.94 13.69 55.69 4.40 -10.28 3.67 2.6000 -1.7700 -2.3300 0.7800 1.3111 1.5978 0.86 -7.79 5.88 178 197 188 199 161 
0.0701 -0.0608 -0.4334 0.8964 184.06 -9.63 52.56 12.08 3.57 -3.62 16.0700 15.2500 -9.6300 2.3933 5.2522 9.1178 -7.58 -3.36 5.22 203 172 168 181 144 
-0.3475 -0.4902 -0.2039 0.7729 122.37 -63.25 -21.25 -19.34 2.91 4.27 -5.9000 -0.7100 0.6100 -0.0533 -0.6311 0.7956 -8.22 2.58 4.66 205 177 169 183 148 
-0.4546 -0.4850 -0.1255 0.7365 117.12 -55.94 -26.69 -9.21 3.40 5.23 -0.8700 0.7600 0.4000 0.0522 -0.1078 -0.3256 -8.17 2.23 4.93 203 180 174 187 154 
-0.4412 -0.4799 -0.1340 0.7465 118.62 -56.63 -23.75 -8.39 1.98 4.18 -0.2800 -0.3500 -0.8700 0.1111 -0.0989 -0.0867 -8.24 2.12 4.87 203 181 176 189 157 
;
