0.6241 0.3388 0.0009 0.7040 263.62 28.75 -28.75 5.07 4.06 7.46 0.2200 0.0000 0.1200 -0.1533 0.0089 -0.1544 4.69 4.09 7.57 157 290 296 293 187 
0.6355 0.3358 -0.0065 0.6953 264.87 28.25 -28.37 4.30 4.20 7.66 -0.2900 -0.0700 0.1800 0.1567 -0.0178 0.0722 4.66 4.18 7.54 155 288 296 288 186 
0.6169 0.3629 -0.0041 0.6984 262.31 33.63 -31.94 11.07 1.98 15.13 8.1200 -4.8800 9.9300 -2.4122 4.9856 0.8200 4.47 2.78 8.27 157 310 304 296 189 
0.6393 0.2263 -0.0696 0.7316 263.44 24.62 -8.44 9.01 12.70 14.70 3.7900 13.3100 4.6100 -5.8200 -1.6644 1.0044 4.82 -2.78 8.06 159 313 317 322 197 
0.6080 -0.0065 -0.3992 0.6862 260.56 25.37 51.63 -0.19 2.94 2.29 -5.5800 8.6500 -4.0800 -5.4100 0.1433 2.4178 2.49 -9.28 1.92 161 306 308 310 195 
0.4120 -0.3098 -0.6351 0.5753 249.69 6.81 96.12 -1.38 -6.29 -5.34 -2.0500 3.3300 -3.4400 -2.9122 -0.2822 1.2400 0.12 -9.24 -3.26 157 298 287 284 186 
0.2609 -0.4298 -0.7251 0.4706 235.50 -1.75 115.81 -4.49 -5.74 -13.98 -5.4500 2.6600 -13.3800 1.8400 0.9122 -0.8033 0.41 -9.22 -3.30 152 301 282 285 186 
0.4089 -0.3191 -0.6302 0.5778 254.44 12.81 70.62 16.22 16.79 39.43 10.3600 19.1600 32.6400 -0.4533 0.0667 0.8656 2.06 -8.29 4.80 155 302 297 280 187 
0.4854 -0.2206 -0.5096 0.6753 249.69 10.44 71.31 0.74 -7.50 2.61 -0.8500 1.9900 0.0300 -3.0244 -0.6033 1.0322 1.16 -9.69 0.90 157 307 297 288 189 
0.3434 -0.3125 -0.6554 0.5957 237.44 3.25 97.56 -3.24 -9.74 -8.49 -3.4500 -0.2000 -8.8800 -0.8911 -0.1400 -0.0578 0.45 -9.55 -2.14 155 297 280 280 187 
0.3611 -0.3066 -0.6562 0.5872 247.50 10.31 79.75 -1.42 -0.19 6.35 2.7100 16.5400 14.2300 5.3622 0.5311 -2.4211 3.45 -6.82 6.13 157 298 296 287 189 
0.5434 -0.0616 -0.4306 0.7180 252.56 22.69 49.31 1.97 -9.08 3.29 -1.9300 -1.9100 -1.5800 0.5156 -2.5778 1.0644 4.21 -7.02 5.38 162 311 304 311 195 
0.3920 0.0638 -0.4807 0.7817 222.81 30.12 55.25 14.52 -2.65 11.83 10.9500 4.1700 5.3500 -2.3178 -3.0567 4.5044 3.73 -8.71 2.51 170 375 349 401 209 
0.0248 0.1668 -0.6493 0.7416 176.75 12.19 88.50 -2.11 -7.62 -2.91 -4.6000 1.0200 -2.9100 -1.2878 0.9756 1.0933 0.97 -9.71 -0.86 163 384 357 411 215 
-0.0117 0.0933 -0.7324 0.6743 180.31 6.75 94.94 -1.10 -10.46 -2.62 -1.3600 -0.1200 -1.2000 -0.0844 0.3900 -0.2900 1.33 -9.68 -0.80 160 379 356 403 220 
0.0160 0.0974 -0.7286 0.6778 185.31 10.81 92.44 -4.29 -5.76 -17.31 -5.4000 6.3500 -16.6400 6.8500 -2.4178 -3.2233 4.07 -8.27 3.34 162 380 358 407 222 
0.0302 0.2966 -0.4012 0.8661 182.19 37.31 50.69 14.63 -2.20 18.92 3.5600 2.3100 11.5000 0.2467 0.1344 0.0711 6.03 -5.61 5.32 162 377 359 405 221 
0.0289 0.3124 -0.3568 0.8799 186.19 32.31 50.19 6.06 -2.62 9.39 0.4400 4.5700 2.0700 -4.0900 1.4678 0.4722 4.26 -7.86 4.00 162 381 362 414 222 
0.1342 0.1404 -0.5935 0.7810 203.50 21.00 80.56 4.29 -5.23 -6.67 -0.8600 3.4300 -9.1500 -2.3011 0.7522 0.0811 3.38 -9.19 -0.30 162 383 362 418 222 
0.1890 0.0757 -0.7215 0.6618 210.81 23.50 90.87 4.94 -3.56 -14.58 0.6500 8.8400 -14.9200 6.7678 -2.1789 -1.1067 4.95 -7.62 3.67 160 384 360 410 221 
0.0760 0.2665 -0.3570 0.8921 186.31 33.44 39.63 5.30 -1.75 26.54 -4.7300 0.6900 15.6300 -0.7056 -1.9489 -0.6600 6.18 -4.95 5.77 162 377 363 410 222 
0.0665 0.3398 -0.3298 0.8782 190.94 38.50 46.00 8.03 -2.78 11.14 2.5200 3.4400 5.4600 -3.6222 2.5811 0.1089 5.25 -6.80 4.71 164 379 364 415 222 
;
