0.9498 0.0552 -0.2397 -0.1932 23.00 25.75 -12.69 4.33 1.95 8.69 -0.0500 -0.0400 0.1200 0.0000 -0.0167 -0.0022 4.26 1.94 8.61 162 341 348 366 206 
0.9496 0.0552 -0.2404 -0.1936 23.00 25.75 -12.69 4.25 2.04 8.68 0.0300 0.1200 -0.0400 -0.0111 -0.0133 -0.0044 4.27 1.94 8.60 161 341 347 366 205 
0.9493 0.0553 -0.2410 -0.1940 23.00 25.69 -12.75 5.90 2.01 10.20 2.4700 -1.0200 2.8300 -1.5389 -1.0678 -0.1667 4.94 0.92 8.41 165 314 316 325 204 
0.9396 -0.0875 -0.2410 -0.2267 28.94 27.00 13.44 5.39 3.82 14.13 1.1300 9.3200 2.0200 -8.5900 2.9133 -0.1200 2.71 -7.25 6.01 168 280 277 281 195 
0.7745 -0.5278 0.1390 -0.3196 51.06 0.13 78.25 1.63 -3.41 -2.92 2.2600 6.0900 -3.1000 -4.8933 4.3356 0.4789 -0.43 -9.53 -2.22 174 277 254 276 186 
0.4238 -0.6386 0.5430 -0.3431 80.94 -0.88 117.44 -0.19 -7.24 -8.37 0.2200 1.0400 -3.4300 -0.7278 -0.2733 0.0333 -0.27 -8.30 -5.21 173 279 256 285 188 
0.3641 -0.6605 0.5842 -0.2999 79.31 -1.25 123.87 -1.24 -6.78 -13.41 -1.2800 1.5200 -9.3700 1.7000 0.2322 -0.2867 0.06 -8.87 -4.17 173 286 267 283 194 
0.5368 -0.5564 0.4276 -0.4684 82.94 6.19 74.87 9.34 7.83 30.16 4.4000 6.8200 15.5800 -3.3122 -0.1967 0.3444 0.99 -9.66 1.31 172 290 272 284 195 
0.5384 -0.5802 0.4121 -0.4513 77.62 2.75 96.00 -0.16 -8.53 -3.12 -0.3200 1.8000 -3.0200 -3.2933 -0.0289 1.1356 -0.42 -9.20 -3.34 172 288 270 286 191 
0.4443 -0.6627 0.5266 -0.2936 65.75 -4.94 118.81 -2.48 -7.89 -10.57 -2.2300 0.7100 -5.9000 -0.7467 0.3478 0.0578 -0.77 -8.14 -5.41 169 281 269 284 185 
0.4053 -0.6672 0.5502 -0.2964 75.25 -0.69 108.75 -0.54 -2.98 -3.11 -2.7200 13.5100 7.2900 7.8744 -0.7289 -2.5178 2.05 -8.95 3.43 174 300 297 295 202 
0.6422 -0.5030 0.2568 -0.5183 74.12 10.69 70.00 2.36 -8.89 2.99 -2.0100 -1.9000 -0.7000 -0.8533 -1.2444 1.7944 0.93 -9.42 2.55 174 304 304 305 201 
0.7141 -0.5787 0.2194 -0.3271 42.00 1.31 77.31 -0.86 -11.10 4.53 -0.7500 0.1200 2.6000 -1.6878 -1.4289 1.7644 -0.86 -9.67 1.32 172 369 367 413 210 
0.7078 -0.6643 0.2026 -0.1293 17.50 -6.87 92.37 -1.43 -6.54 -1.75 0.2100 2.7600 -0.7500 -2.5322 -1.3022 -0.4311 -1.11 -9.48 -2.24 170 390 378 430 217 
0.5763 -0.7990 0.1614 -0.0587 11.56 -5.00 110.25 -0.59 -8.53 -6.16 0.1900 0.3600 -2.3700 -0.5178 -0.6267 -0.6056 -0.56 -8.97 -3.90 170 390 372 431 216 
0.5412 -0.8292 0.1260 -0.0615 13.81 -1.56 113.69 -0.17 -8.24 -6.91 -0.2500 0.6200 -3.8100 1.0344 0.3544 -0.4044 0.05 -9.25 -3.24 168 384 368 428 217 
0.6215 -0.7764 0.0721 -0.0760 12.44 2.62 95.75 0.10 -4.85 -8.09 -0.4700 5.8900 -6.9600 5.8689 -2.3811 -1.6011 1.62 -9.18 3.03 165 373 373 425 218 
0.8920 -0.4288 -0.1381 -0.0362 3.56 21.25 38.50 8.26 10.28 5.94 6.6200 13.8400 2.5700 7.6744 0.0544 -1.0644 4.55 -0.37 8.67 168 374 373 422 217 
0.9592 0.1061 -0.2618 0.0085 357.75 30.06 -19.94 7.90 6.49 15.36 3.6600 3.1000 7.2700 0.2044 1.3633 0.4578 4.86 3.47 7.77 168 371 369 415 218 
0.9474 0.1787 -0.2643 0.0264 356.87 30.44 -21.25 3.94 3.02 7.30 -0.5000 0.2800 -0.4400 -0.6478 0.0144 -0.1144 4.86 2.64 8.09 169 368 371 406 217 
;
