0.1486 -0.2653 -0.3903 -0.8690 160.56 35.19 -47.19 5.60 5.94 5.46 -0.0500 0.0600 0.0100 0.0044 0.0044 -0.0044 5.65 5.87 5.43 166 312 362 397 221 
0.1486 -0.2653 -0.3903 -0.8690 160.56 35.19 -47.19 5.58 5.92 5.50 -0.0800 0.0500 0.0300 0.0044 -0.0033 0.0022 5.65 5.87 5.44 166 313 359 397 220 
0.1489 -0.2645 -0.3901 -0.8693 160.50 35.13 -47.13 5.58 5.95 5.41 -0.0700 0.0400 -0.0200 0.0133 0.0267 -0.0222 5.66 5.88 5.42 166 317 357 396 221 
0.1384 -0.3070 -0.4011 -0.8519 162.75 45.81 -56.75 15.40 10.93 12.90 6.9500 6.2200 8.8000 -3.4956 -2.6589 1.6989 8.66 3.81 2.57 163 298 275 278 205 
0.0699 -0.5137 -0.1263 -0.8458 172.25 47.38 5.62 6.85 9.46 -1.62 -9.5900 5.8000 -11.1000 -7.5989 0.5744 0.5800 4.12 -6.12 6.45 159 247 222 214 186 
-0.0106 -0.2001 0.4564 -0.8669 182.50 18.06 64.56 3.99 -3.36 0.07 1.6900 5.3700 -2.6600 -2.7844 0.4322 1.1756 2.25 -9.35 1.91 162 241 229 224 190 
0.0009 -0.1342 0.6573 -0.7415 179.87 11.13 87.37 0.99 -8.97 -4.59 -1.0100 0.3700 -3.9600 -0.6911 0.4189 -0.0978 1.94 -9.60 -0.27 159 245 235 227 191 
-0.0332 -0.1369 0.7020 -0.6981 188.12 14.50 90.56 -1.33 -10.54 -8.64 -3.1900 -2.1100 -8.1100 3.2344 1.9356 -0.7333 2.90 -9.19 1.78 158 261 242 236 194 
-0.1440 -0.1189 0.5297 -0.8274 200.62 20.37 59.31 10.07 -0.81 20.74 6.3700 4.3000 10.1800 -2.5378 -1.0333 0.5689 3.58 -8.59 3.07 157 264 250 238 194 
-0.0892 -0.1392 0.6301 -0.7587 189.87 16.62 84.75 -3.04 -8.87 -4.77 -6.5100 0.7700 -5.2600 -1.6322 -1.5422 0.3644 2.34 -9.49 -0.67 157 264 238 232 193 
-0.0247 -0.1611 0.7281 -0.6658 186.69 15.63 96.00 -0.01 -10.78 -7.74 -3.6800 -0.4700 -6.2500 1.8100 1.4578 -0.8389 3.25 -9.23 0.57 157 268 243 234 194 
-0.1266 -0.1476 0.6168 -0.7628 200.06 23.69 75.19 7.74 -5.02 11.56 3.4200 3.1000 2.9000 -0.6344 -2.6078 -0.4200 4.43 -8.65 1.24 158 262 247 237 194 
-0.0646 -0.2736 0.6204 -0.7322 183.12 31.50 86.06 2.65 -7.83 -3.65 -2.7800 0.6300 -4.4500 4.4778 -7.4822 -3.5833 6.96 -6.89 -0.32 160 276 262 253 195 
0.2086 -0.7321 0.2313 -0.6059 130.31 53.00 117.06 3.01 -1.27 -4.03 -4.7300 3.3900 -0.6200 0.8578 -7.9978 -2.8033 5.94 -3.89 -6.75 163 262 255 280 194 
0.1719 -0.9498 -0.1779 -0.1917 157.25 21.12 171.31 2.78 0.26 -9.14 -0.9600 1.0600 -0.0300 -2.8422 -3.0122 -1.9400 1.82 1.09 -9.57 179 251 225 262 193 
-0.1184 -0.9583 -0.2555 -0.0498 150.44 0.81 -162.69 2.15 5.50 -15.32 3.0300 1.7000 -5.8200 -0.7589 0.0956 0.1622 0.04 3.82 -9.02 181 264 238 276 199 
-0.1963 -0.9488 -0.2406 -0.0586 151.69 1.50 -156.69 3.60 2.29 -14.79 3.3600 -0.4000 -6.8400 0.7956 0.7956 0.4744 0.76 3.28 -9.20 180 269 237 276 198 
-0.1141 -0.9621 -0.2245 -0.1046 154.50 12.31 -167.44 5.09 8.13 -16.19 1.1200 6.2900 -6.5900 4.5122 1.8722 1.9778 3.59 -1.39 -9.01 172 347 302 345 213 
0.4135 -0.8712 -0.0737 -0.2543 57.31 29.12 101.56 -6.76 5.64 0.54 -11.0300 11.4800 2.7800 2.1900 3.4633 1.6778 2.99 -9.07 2.18 185 405 352 419 219 
0.7031 -0.5996 0.1102 -0.3661 54.50 17.19 74.44 0.48 -6.20 3.41 -1.7200 1.6200 0.4400 -0.1500 -0.8089 -0.4756 3.36 -8.93 2.22 188 399 359 412 217 
0.6772 -0.6332 0.0675 -0.3685 59.75 23.81 79.50 5.00 -6.82 4.06 5.4200 1.1900 4.0300 -2.6644 5.6444 -3.9933 5.51 -7.89 1.84 177 266 243 235 194 
0.4265 -0.5482 0.1740 -0.6981 128.37 38.50 55.13 5.18 -4.92 3.95 1.0600 0.3100 -2.0900 0.5711 7.5122 -2.7200 4.17 -4.69 7.52 169 218 201 201 176 
0.1918 -0.0850 0.1699 -0.9629 160.94 -8.00 17.87 0.55 0.53 7.52 1.6700 4.5500 -1.5300 1.6900 5.4611 1.9944 -5.77 -1.33 7.80 176 187 166 178 136 
0.1913 0.3999 0.0828 -0.8926 152.06 -54.81 -9.69 -10.45 5.89 6.99 -3.4400 2.2200 1.5000 -0.0811 2.7544 2.6400 -8.55 3.09 3.65 188 171 169 168 130 
0.3162 0.5811 -0.0052 -0.7499 131.50 -59.94 -52.88 -12.45 3.60 4.47 -2.5900 -0.3500 1.8000 -0.6289 -0.2044 0.0200 -8.32 4.00 3.28 192 173 171 169 130 
0.3514 0.5723 0.0004 -0.7409 129.50 -58.06 -49.06 -7.82 3.95 3.12 0.3400 -0.1100 -0.5800 -0.4733 0.2833 0.0167 -8.38 3.79 3.38 190 177 160 169 129 
;
