0.8564 -0.1331 -0.3820 -0.3209 41.06 47.69 -1.44 7.35 0.14 6.51 0.0900 -0.0100 -0.0700 -0.0033 -0.0022 -0.0011 7.26 0.16 6.58 163 316 316 390 207 
0.8561 -0.1334 -0.3825 -0.3207 41.06 47.75 -1.37 7.28 0.10 6.55 0.0200 -0.0900 -0.0300 0.0156 0.0122 -0.0033 7.25 0.16 6.59 162 315 318 389 206 
0.8569 -0.1318 -0.3823 -0.3198 40.19 47.69 -1.00 13.84 1.62 9.15 7.5900 2.2200 3.1700 0.5522 1.0767 -0.0511 6.94 0.09 6.92 172 320 318 346 204 
0.8914 -0.1371 -0.3062 -0.3048 37.94 36.00 15.69 7.22 2.32 7.89 1.7800 5.7400 -0.8600 -9.0333 4.5811 2.6067 3.16 -7.39 5.60 171 310 317 362 205 
0.7015 -0.5664 0.2205 -0.3721 65.94 3.75 88.19 0.66 -2.69 -3.65 2.0100 6.3300 -3.1500 -5.0533 2.1667 -0.0544 1.03 -8.95 -3.85 163 314 322 373 206 
0.3349 -0.6981 0.5338 -0.3400 91.75 6.56 127.62 2.61 -5.78 -9.76 0.4700 1.2100 -3.2100 -1.0556 -0.0789 0.5156 0.84 -7.08 -6.72 163 322 329 383 205 
0.2731 -0.7224 0.5718 -0.2766 92.56 5.62 134.19 0.35 -5.65 -12.55 -0.3800 1.9300 -5.7200 0.4256 1.3600 -0.4611 1.81 -7.35 -6.22 165 324 328 379 206 
0.3532 -0.6541 0.5082 -0.4349 98.87 13.81 93.62 0.29 5.20 12.92 -2.5300 15.3900 13.9000 1.9911 -1.2489 0.4144 2.92 -8.75 3.31 169 330 334 375 208 
0.5456 -0.5141 0.3144 -0.5824 90.87 13.69 76.94 2.09 -7.39 4.04 -0.9600 1.3400 1.6800 -3.1567 -0.5756 1.2522 1.45 -9.69 -0.02 170 319 321 351 204 
0.4891 -0.6314 0.4329 -0.4179 78.81 3.94 106.19 -0.46 -8.67 -7.19 -1.6300 0.5700 -5.5400 -3.5900 -0.0967 0.6011 0.09 -8.03 -5.61 162 303 309 344 202 
0.3218 -0.7181 0.5609 -0.2573 79.62 1.50 128.62 -2.16 -5.77 -14.78 -3.1100 2.8100 -7.7700 4.8478 0.9200 -1.4100 1.29 -9.18 -3.17 167 314 313 346 205 
0.5015 -0.5833 0.3677 -0.5225 93.62 18.44 73.44 9.57 5.43 18.01 2.8400 14.2500 13.9000 1.3078 -1.0144 -0.1756 3.90 -7.90 4.28 168 320 322 348 205 
0.6068 -0.5458 0.1517 -0.5575 79.12 25.44 69.81 -0.18 -9.37 0.56 -2.9100 -0.8300 -3.6800 1.6011 -8.4867 1.7389 4.52 -8.62 1.16 162 305 229 239 178 
0.7128 -0.6535 -0.2451 -0.0692 352.00 23.50 90.00 2.59 -10.83 2.24 -0.7400 -1.9800 2.6900 1.2500 -4.7333 0.5000 3.24 -9.23 -0.52 155 297 189 197 167 
0.6215 -0.5444 -0.4956 0.2681 309.37 19.31 96.25 3.85 -7.21 -2.42 2.8400 0.9100 -4.1500 -0.7822 -0.8478 0.2111 3.23 -9.12 -1.55 115 310 165 176 126 
0.5373 -0.5230 -0.5689 0.3378 292.75 13.81 99.19 3.29 -12.15 -11.06 0.8100 -2.1100 -11.2600 3.8456 1.0356 -0.3522 2.61 -9.33 1.44 114 351 171 180 123 
0.6953 -0.3458 -0.4178 0.4717 291.25 14.25 52.88 -2.31 10.77 14.72 -6.5000 17.7000 12.6200 4.5189 1.5456 -0.9767 1.98 -3.92 8.76 121 367 174 182 128 
0.8304 -0.1360 -0.2007 0.5017 298.62 10.94 28.62 0.66 -4.27 7.63 0.0500 -0.3800 -1.8600 -2.1789 -0.6389 0.2833 2.01 -6.27 7.26 130 364 183 189 139 
0.7979 -0.2655 -0.2858 0.4597 301.00 12.88 47.06 1.90 -5.34 6.55 -0.9700 2.1300 -0.0900 -2.7456 1.7433 -2.0144 2.54 -7.82 5.32 156 324 242 234 172 
;
0.8503 -0.1019 -0.3916 -0.3364 43.13 47.25 -7.62 7.15 0.89 6.69 -0.0500 0.0100 0.0600 0.0089 -0.0044 -0.0022 7.19 0.88 6.60 166 324 339 380 197 
0.8505 -0.1015 -0.3912 -0.3365 43.13 47.19 -7.62 7.29 0.90 6.53 0.0900 -0.0200 -0.0800 0.0011 0.0144 0.0144 7.20 0.88 6.59 165 325 339 380 198 
0.8506 -0.1017 -0.3915 -0.3358 43.06 47.19 -7.62 7.19 0.87 6.60 0.0000 -0.1400 0.0300 0.0078 -0.0111 0.0344 7.20 0.85 6.59 167 329 333 368 202 
0.8587 -0.1110 -0.3903 -0.3131 38.50 45.94 -0.06 13.49 2.90 12.44 6.8200 3.7200 4.4700 -4.4444 1.3933 2.5822 6.06 -3.26 6.97 169 317 336 349 202 
0.8609 -0.4070 -0.1285 -0.2768 37.38 18.69 55.06 1.04 -2.37 0.28 -3.1000 6.1100 -4.8000 -6.6356 2.6522 1.0411 0.96 -9.66 1.35 165 291 317 349 201 
0.5999 -0.6914 0.2919 -0.2772 54.31 0.31 106.31 0.64 -4.97 -5.61 1.8100 4.0600 -1.9100 -4.3633 3.5956 1.6333 0.19 -7.85 -5.86 164 293 311 342 199 
0.2941 -0.7241 0.5681 -0.2578 256.75 2.00 135.00 0.61 -5.42 -11.39 -0.2600 1.0700 -5.2500 0.7433 1.2722 0.2833 0.59 -7.24 -6.58 161 303 320 344 199 
0.3221 -0.6897 0.5607 -0.3257 91.31 6.25 117.31 -0.74 -6.92 -8.16 -0.3300 7.4400 1.6200 6.5944 1.1433 -1.4178 2.04 -9.57 0.47 167 315 322 337 201 
0.5233 -0.5258 0.3704 -0.5590 92.75 10.69 80.87 4.19 -5.60 7.80 1.6000 3.7000 5.6200 -2.2933 -0.7344 0.7078 1.37 -9.71 -0.02 165 304 313 316 199 
0.4808 -0.6058 0.4618 -0.4343 81.69 2.75 105.06 -0.72 -9.82 -6.77 -0.7200 -0.5300 -4.1300 -3.2033 -0.3922 0.4300 -0.12 -8.41 -5.03 162 295 303 318 197 
0.3530 -0.6978 0.5607 -0.2721 78.12 0.00 127.31 -1.94 -7.14 -14.41 -1.9800 1.5300 -6.8600 3.5211 0.9167 -0.9122 0.76 -8.86 -4.11 161 298 307 320 200 
0.4379 -0.6406 0.4589 -0.4327 91.69 11.75 96.56 4.20 -5.05 5.66 -1.1000 5.8300 6.3900 5.6800 -0.6522 -2.3178 3.72 -8.53 3.07 165 310 320 339 203 
0.5605 -0.5278 0.2077 -0.6034 90.56 25.12 69.25 4.67 -7.73 3.06 -0.2300 0.2700 0.1500 1.0456 -6.4622 1.1678 4.57 -8.53 1.56 160 309 278 273 187 
0.6693 -0.6880 -0.0596 -0.2742 27.25 25.44 90.56 0.80 -11.14 -1.95 -3.2600 -2.4100 -3.2700 2.4000 -11.0978 2.2489 2.13 -9.52 -0.94 143 320 175 182 157 
0.6043 -0.5798 -0.4399 0.3243 299.62 9.38 91.12 -0.97 -8.95 3.72 -1.5000 1.0000 2.8100 -0.1489 -1.3111 -0.4922 2.02 -9.59 -0.11 115 316 155 172 151 
0.5720 -0.5231 -0.5096 0.3735 291.37 9.94 94.87 2.56 -12.72 -12.11 1.0200 -2.2600 -11.1100 2.3911 0.1756 -0.0489 1.55 -9.65 0.67 114 320 165 176 152 
0.6483 -0.4175 -0.4338 0.4661 289.62 10.31 64.12 1.09 0.40 3.91 -1.4100 10.0100 0.4200 6.0200 1.7578 -0.6856 1.42 -5.70 7.84 119 355 166 178 152 
0.8020 -0.1716 -0.1962 0.5374 293.06 6.69 29.69 0.10 -1.25 13.03 -0.4300 3.2200 3.8200 -2.1144 0.2256 -0.3489 1.19 -5.86 7.77 119 356 168 178 151 
0.7937 -0.2582 -0.2440 0.4938 296.50 7.87 43.25 1.14 -5.76 6.44 -0.2800 1.2600 -0.1700 -1.4211 -0.0133 -0.6267 1.65 -7.30 6.32 125 355 176 189 160 
0.7748 -0.3318 -0.3231 0.4302 306.69 15.13 57.69 -0.91 -4.46 4.52 -3.6200 3.6200 -1.2600 -3.4700 1.3656 -4.2689 4.87 -7.87 3.22 154 329 205 219 176 
;
