0.0430 0.1000 -0.1753 -0.9785 174.94 -10.38 -20.94 -1.60 3.32 8.89 0.1400 -0.1200 -0.1200 0.0444 0.0722 -0.0133 -1.81 3.48 8.98 171 383 381 412 224 
0.0439 0.1033 -0.1786 -0.9775 174.81 -10.69 -21.44 -1.64 3.39 8.81 0.1100 -0.1200 -0.0700 0.0233 -0.1044 0.0244 -1.74 3.54 8.97 169 380 381 413 224 
0.0429 0.0642 -0.1991 -0.9769 175.19 -1.81 -25.12 -1.19 4.16 12.96 -2.5800 -2.3900 4.6400 -0.5056 -3.9478 -0.4278 2.27 4.03 8.64 168 346 334 367 220 
-0.0263 -0.1770 -0.1857 -0.9662 184.31 24.00 -16.75 5.36 6.28 15.65 0.9500 6.0600 6.9800 -4.0544 -3.2656 1.2833 5.85 -0.39 7.85 169 282 303 327 211 
-0.0380 -0.3273 0.1627 -0.9301 183.12 38.38 31.69 6.30 4.98 3.96 0.3700 10.2600 -2.2100 -5.3122 0.8733 3.2922 4.72 -7.44 4.29 168 258 249 262 193 
0.0168 -0.2336 0.5594 -0.7951 177.87 16.12 79.31 0.18 -4.10 -1.48 -0.9700 5.9500 -2.3000 -3.6256 0.6700 1.1389 1.65 -9.64 -0.65 170 263 249 261 194 
0.0081 -0.1226 0.7534 -0.6460 178.00 7.87 101.81 0.12 -10.21 -8.65 -2.2600 -1.5600 -8.3300 -0.4589 0.0722 -0.2433 1.36 -9.34 -2.63 169 276 251 264 192 
-0.0186 -0.1210 0.7531 -0.6464 187.06 13.94 89.19 -2.61 -3.77 1.72 0.5800 13.9900 18.7300 3.4678 1.0444 -0.7022 3.04 -8.41 4.00 170 282 269 274 199 
-0.0783 -0.1265 0.5507 -0.8214 189.44 16.44 72.44 2.86 -4.12 5.42 -1.0900 3.3400 -0.0900 -2.7400 -1.5467 1.3422 2.09 -9.56 0.53 169 285 269 274 199 
0.0104 -0.1426 0.7131 -0.6863 178.50 9.88 96.56 -3.37 -13.46 -21.75 -6.3100 -3.0900 -18.8200 2.9767 1.2867 -1.1733 2.27 -9.53 0.29 170 288 272 279 202 
-0.0734 -0.1314 0.5918 -0.7919 191.81 18.37 63.31 4.38 2.50 23.13 3.8200 8.8000 13.9900 0.2733 -0.9067 -0.0956 3.31 -7.93 4.71 172 291 287 295 207 
-0.0683 -0.1573 0.5154 -0.8396 187.00 19.12 65.69 3.20 -8.02 5.87 -0.0500 0.3700 2.0400 -1.4756 -0.6611 0.7978 2.86 -8.94 2.80 166 295 292 302 208 
-0.0054 -0.1655 0.6051 -0.7787 179.25 13.88 80.19 2.35 -9.15 -0.51 -0.0300 0.5100 -1.7100 -1.2867 -0.3522 0.8933 1.63 -9.65 0.43 156 301 308 312 208 
0.0482 -0.1434 0.6925 -0.7054 169.69 6.44 91.75 0.88 -9.18 -1.63 -0.5900 0.2300 -1.3700 -0.8778 -0.4978 0.7656 0.43 -9.73 -1.11 162 290 288 287 200 
0.1134 -0.1528 0.7456 -0.6387 159.50 1.75 101.06 -0.89 -9.61 -6.73 -0.9400 -0.0300 -4.6700 -0.1322 0.5367 -0.4556 0.72 -9.53 -2.17 160 288 285 284 199 
0.0637 -0.1603 0.7537 -0.6342 171.81 7.19 99.31 -3.17 -8.72 -12.01 -5.1100 -1.0500 -11.8900 3.4889 2.2667 -1.3133 2.14 -9.55 0.58 159 305 290 284 204 
-0.0742 -0.1095 0.5712 -0.8101 190.19 15.00 62.69 8.00 0.67 30.97 5.0700 6.2300 18.3600 -2.1644 -0.5911 0.4111 2.49 -8.75 3.65 165 306 295 290 207 
-0.0314 -0.1393 0.5964 -0.7899 182.12 13.88 79.87 1.97 -8.00 0.71 -0.9500 1.5400 -1.7100 -2.9411 -0.9256 1.0289 1.63 -9.64 -0.74 165 301 292 287 204 
0.0382 -0.1542 0.7495 -0.6427 171.37 7.81 101.75 -3.24 -8.18 -14.03 -4.4900 -0.2800 -12.6000 1.1700 1.8033 -0.5822 1.95 -9.53 -1.20 165 297 285 287 203 
-0.0432 -0.1432 0.6691 -0.7280 191.56 19.00 76.69 4.71 -0.31 10.59 3.9300 7.8400 10.9300 3.5878 1.4378 -1.6856 4.25 -7.37 4.87 168 299 290 294 209 
-0.1388 -0.2065 0.4425 -0.8616 197.31 29.19 54.06 5.45 -5.19 3.33 0.2000 1.0400 -1.3800 1.1789 -2.3156 0.4078 5.31 -6.79 4.66 159 291 298 292 209 
-0.0313 -0.3599 0.3803 -0.8514 180.06 44.69 52.94 10.20 -6.13 1.35 4.5000 -0.2700 -2.7100 3.5822 -4.5600 0.0944 8.27 -4.38 2.89 163 287 310 325 213 
0.2186 -0.6002 0.0934 -0.7637 142.25 62.25 58.44 13.18 -1.94 0.33 2.6400 2.4700 -2.6900 5.5256 -2.7444 0.9278 8.91 -3.61 1.91 164 319 345 394 221 
0.5164 -0.6082 -0.2473 -0.5497 83.25 68.50 74.50 7.52 1.50 -1.58 0.3100 4.8500 -1.4100 4.9422 -2.4611 -0.0056 9.19 -3.40 0.11 171 331 350 403 226 
0.6470 -0.4786 -0.5147 -0.2957 46.38 72.56 85.25 9.26 0.88 1.62 0.6400 4.0600 1.4900 1.1211 0.1089 -0.2600 9.42 -2.65 0.48 181 327 352 404 228 
0.6807 -0.4075 -0.5513 -0.2581 41.75 73.56 76.50 10.03 0.23 1.39 0.4900 2.9600 -0.0900 -1.2256 0.1089 0.1889 9.36 -2.83 0.69 190 305 347 404 225 
0.6666 -0.4556 -0.4876 -0.3320 57.50 71.25 62.94 12.88 3.00 -1.68 3.5000 5.3800 -3.1600 -3.4033 1.7900 0.4367 9.01 -3.38 1.83 181 258 305 372 226 
0.6117 -0.5720 -0.2759 -0.4717 77.75 59.00 73.06 2.05 -7.66 -2.17 -2.7500 -3.8400 -3.3600 -2.9156 0.3478 1.3022 7.82 -5.91 -0.02 180 253 299 345 227 
0.5101 -0.7073 -0.1025 -0.4785 87.62 51.06 93.06 6.18 -8.01 -2.87 -0.9900 -1.2000 -2.3900 -0.2122 0.5000 -0.0756 7.66 -6.11 -0.25 178 258 299 348 228 
0.4946 -0.7106 -0.0820 -0.4937 89.81 51.56 91.69 7.38 -5.28 -0.69 0.3500 1.1900 -0.2800 0.1622 -0.0467 -0.0811 7.71 -6.05 -0.17 179 259 300 347 227 
;
