0.7127 0.2139 0.0482 0.6663 273.81 12.44 -22.19 2.02 3.63 8.88 -0.0700 0.0100 -0.0100 0.0089 -0.0067 0.0244 2.12 3.61 8.86 156 307 280 313 195 
0.7119 0.2142 0.0479 0.6671 273.69 12.56 -22.19 2.20 3.61 8.84 0.0300 0.0000 -0.0100 0.0022 0.0067 0.0022 2.13 3.61 8.86 156 311 278 309 195 
0.7086 0.2144 0.0250 0.6718 272.25 18.19 -17.31 7.59 3.56 13.03 6.4300 3.9500 7.4300 -4.0167 0.3500 0.9144 3.95 -0.39 8.96 161 310 279 308 194 
0.6691 0.0657 -0.2408 0.7001 265.81 23.50 22.12 5.22 0.25 12.35 -1.2800 5.5000 1.0600 -6.2844 1.4567 3.0356 2.12 -7.37 6.10 163 339 286 321 198 
0.5137 -0.2665 -0.4795 0.6597 253.69 5.87 75.19 0.41 -2.33 -0.57 -1.4000 7.0700 -2.6500 -4.3944 -0.9322 0.7567 0.21 -9.71 -1.31 161 332 286 315 194 
0.3064 -0.4046 -0.6836 0.5245 238.81 -0.37 107.56 -2.83 -7.02 -10.82 -1.9500 2.6000 -8.3700 -0.2100 1.4433 -0.4022 0.50 -9.30 -3.05 162 334 292 323 197 
0.3980 -0.3856 -0.6489 0.5214 257.75 9.00 87.87 0.23 -4.09 6.73 -2.5400 6.9700 12.8400 4.3633 0.6989 -0.6011 1.81 -8.88 3.72 164 335 295 325 199 
0.5431 -0.2706 -0.4788 0.6345 260.12 10.19 67.12 2.99 -7.59 9.85 1.0200 1.3700 5.4700 -1.5200 -1.0089 0.5378 1.60 -9.30 2.64 165 334 296 325 198 
0.4462 -0.3065 -0.5712 0.6170 249.37 6.31 85.06 -2.22 -9.02 -2.34 -3.3800 1.6900 -2.2800 -1.9189 -2.0867 0.9256 0.31 -9.77 -0.70 169 335 288 326 201 
0.2933 -0.3358 -0.6812 0.5806 233.75 0.62 99.87 -3.57 -10.36 -10.41 -4.9400 -0.7900 -8.5500 1.8122 2.0178 -0.7811 0.72 -9.76 -0.60 170 329 291 324 200 
0.4346 -0.3162 -0.5953 0.5972 254.31 10.25 74.87 3.09 0.14 15.68 5.7300 8.4800 17.8100 1.7589 0.8822 -0.8756 2.32 -8.27 4.71 172 333 292 325 201 
0.5500 -0.1922 -0.4782 0.6572 258.81 16.31 62.63 1.82 -7.90 4.15 -0.9700 0.1000 -0.4100 0.0122 -4.6433 0.2767 3.66 -8.48 3.28 173 311 279 305 196 
0.3544 -0.0108 -0.6204 0.6995 221.00 24.19 80.19 7.15 -10.26 0.68 1.5100 -0.8000 0.0400 -0.1400 -4.4967 2.2478 2.61 -9.45 -0.15 171 288 258 284 188 
-0.0367 0.1619 -0.7095 0.6849 169.37 7.81 93.31 -0.28 -7.85 -0.41 0.5700 1.6500 1.7100 1.2644 -1.7500 1.0100 0.30 -9.80 0.00 169 287 253 281 184 
-0.1852 0.1860 -0.6801 0.6845 148.06 -0.50 89.37 -1.03 -9.51 0.95 -0.1500 -0.2700 0.6500 -0.4011 -0.0789 0.1778 -0.27 -9.80 -0.10 171 294 257 289 186 
-0.2029 0.1824 -0.6871 0.6735 146.19 -1.69 90.75 -2.58 -9.19 0.49 -3.1900 0.7800 0.2500 -0.9711 -1.9656 -1.0722 0.36 -9.77 -0.75 170 293 256 287 186 
-0.2717 0.4182 -0.6385 0.5862 117.19 11.25 105.06 0.41 -7.46 -8.85 -1.0200 1.6300 -5.0200 -0.6389 -9.4044 -3.5667 1.57 -8.41 -4.77 171 289 252 277 185 
-0.4416 0.8534 -0.2194 0.1689 28.94 3.44 125.06 1.73 -5.87 -8.75 0.3000 1.1500 -3.7800 0.2078 -1.6711 -1.3544 0.71 -7.91 -5.74 169 289 252 277 185 
-0.4638 0.8829 -0.0337 0.0643 14.50 5.06 123.12 4.92 -7.66 -6.88 3.0000 0.6200 -0.2500 0.6789 0.0078 -0.0578 0.93 -8.42 -4.92 170 293 256 277 186 
-0.5016 0.8624 -0.0046 0.0679 16.31 6.94 119.50 2.86 -7.96 -3.47 2.2300 0.4200 1.2400 -0.1478 0.6756 0.2944 1.30 -8.41 -4.85 171 294 257 279 187 
;
