0.6439 0.2736 0.0335 0.7137 263.75 20.62 -25.62 3.84 4.28 7.91 0.1900 0.2000 -0.2000 -0.1822 -0.0556 -0.1067 3.48 3.94 8.27 154 301 287 297 191 
0.6432 0.2784 0.0298 0.7127 264.00 21.12 -25.62 3.04 3.65 9.22 0.2100 0.5600 1.2700 0.4578 -0.2367 0.9778 3.84 4.03 8.07 157 311 288 296 186 
0.6220 0.3076 0.0112 0.7200 261.50 27.44 -23.12 8.22 7.15 20.07 7.0300 4.5600 11.3500 -5.2289 -1.2811 1.2456 5.53 0.24 8.09 167 347 341 347 203 
0.6166 0.1123 -0.2499 0.7381 258.06 21.06 25.94 0.36 4.49 4.42 -1.5200 9.9200 -3.6400 -6.6900 1.1344 1.3333 1.97 -7.86 5.51 180 320 337 357 201 
0.5033 -0.2850 -0.5142 0.6332 257.31 7.12 80.25 1.35 -2.36 -3.30 -0.3600 6.9400 -3.7500 -3.9189 0.2611 0.7956 0.52 -9.67 -1.50 174 297 297 306 187 
0.3696 -0.4694 -0.6497 0.4700 254.56 1.81 109.19 -3.91 -9.61 -13.97 -4.9100 0.2400 -12.5900 1.3200 0.4556 -1.1967 1.10 -9.47 -2.28 171 318 308 320 191 
0.4905 -0.3610 -0.5863 0.5341 269.37 14.38 72.94 6.87 1.22 22.37 2.4500 8.1000 19.0500 4.7578 1.0189 -0.8567 2.61 -7.42 5.84 172 325 313 321 195 
0.6271 -0.2210 -0.4309 0.6101 269.56 15.31 60.44 3.24 -4.42 7.73 0.6300 3.7200 2.7400 -2.8467 -1.4256 2.1400 1.76 -9.23 2.78 172 321 314 323 195 
0.4573 -0.3326 -0.5621 0.6036 250.81 4.25 86.62 -2.03 -7.55 -4.37 -3.1200 0.0700 -7.1500 -2.6989 -1.3222 0.7956 0.06 -9.68 -1.54 178 318 306 315 194 
0.3259 -0.3867 -0.6733 0.5394 247.00 3.31 100.06 -5.30 -10.27 -13.33 -5.1500 0.1400 -10.7200 4.0211 1.7322 -2.0767 2.12 -9.50 1.17 178 322 313 316 195 
0.5654 -0.2450 -0.5272 0.5852 270.06 19.56 65.06 8.23 1.21 14.77 1.4100 5.3600 1.6800 0.2278 -1.8067 -0.1144 3.87 -8.11 3.90 164 309 319 322 194 
0.5366 -0.0713 -0.5494 0.6365 253.75 36.19 63.75 7.52 -4.15 -0.78 0.6400 2.3700 -4.4500 5.2722 -7.1722 -1.6533 8.26 -5.02 1.58 168 324 330 336 200 
0.1842 0.5629 -0.4758 0.6503 206.94 64.87 116.75 8.97 1.78 -3.09 -0.1800 4.1100 -0.2000 0.0911 -6.0178 -3.3711 7.24 -1.78 -6.36 184 297 293 317 199 
0.0761 0.8939 -0.3445 0.2766 218.19 25.94 -178.44 6.68 1.44 -8.80 3.7000 0.7300 -0.9800 -2.1789 -3.2478 -1.7422 1.82 2.13 -9.39 189 287 274 293 182 
0.1566 0.9513 -0.2654 0.0077 210.19 4.81 -160.62 1.75 4.92 -13.79 2.8000 1.1500 -5.1700 -0.5122 -1.1011 0.0767 0.25 3.64 -9.10 192 299 281 304 185 
0.1802 0.9460 -0.2667 -0.0378 211.87 1.75 -159.75 6.30 0.67 -18.50 5.6300 -0.5300 -11.3500 1.8600 1.6156 0.9000 1.42 2.05 -9.48 192 307 296 324 187 
0.0710 0.9398 -0.3150 0.1116 220.19 18.19 174.31 3.72 6.01 -17.88 -5.7400 13.0100 -7.7500 12.9367 8.1078 3.0244 5.30 -7.34 -3.75 204 412 371 429 206 
-0.4139 0.6071 -0.3547 0.5781 107.31 19.37 81.69 -4.18 1.25 1.60 -6.5500 9.1600 0.1000 1.1011 1.0722 0.2678 2.42 -9.12 2.64 204 415 373 438 208 
-0.4799 0.4687 -0.3608 0.6479 106.87 16.12 71.87 0.72 -6.00 3.51 -1.7500 3.0800 0.5400 -0.7878 0.0044 -0.7800 3.28 -8.93 2.33 204 413 382 430 208 
;
-0.4222 0.5369 -0.3424 0.6451 115.62 26.19 79.37 2.16 -3.71 0.88 -3.0900 5.2400 -1.7300 -2.2522 0.9222 -3.7178 6.62 -7.21 0.51 185 337 310 299 202 
-0.1590 0.6398 -0.2687 0.7022 167.25 62.94 83.00 12.62 2.22 -3.65 3.9400 4.9200 -3.6100 0.7167 4.1367 -5.5378 9.34 -0.40 2.94 173 305 282 289 199 
0.1775 0.5175 -0.0060 0.8370 205.87 55.31 -27.44 16.71 5.87 12.03 4.1600 1.4500 7.7600 1.5800 2.2856 -0.9622 6.84 3.83 5.88 178 324 304 310 200 
0.2135 0.4390 0.1404 0.8614 208.69 44.06 -37.19 9.33 6.25 13.71 2.3500 2.9600 9.2800 -2.7889 0.0078 0.4322 6.94 3.14 6.17 183 326 315 315 203 
0.2743 0.3976 -0.0441 0.8745 217.75 45.19 0.81 13.27 6.74 12.50 4.3900 7.7200 3.6100 -6.9744 2.3689 2.2767 5.44 -4.64 6.69 182 317 320 339 205 
0.3584 0.0758 -0.4371 0.8214 232.31 20.06 57.94 3.59 1.62 -3.63 1.3500 8.9700 -7.1000 -8.5189 2.9244 0.2233 2.34 -9.48 -0.84 178 282 299 319 197 
0.3489 -0.3433 -0.7385 0.4637 257.69 11.13 113.69 -0.72 -7.75 -9.97 -1.5400 -0.4400 -7.6100 2.1289 1.1244 -0.2767 2.39 -9.03 -2.95 184 314 319 342 204 
0.4416 -0.3413 -0.6791 0.4767 266.87 17.56 90.12 1.03 -5.94 -2.53 -4.1700 4.4900 -1.2700 6.3033 1.8844 -0.8811 3.43 -7.84 4.77 188 315 322 350 206 
0.6118 -0.1755 -0.4325 0.6387 266.37 16.62 55.06 3.43 -2.95 12.33 0.2400 4.5400 5.9400 -2.5900 -1.0278 0.5989 2.60 -8.76 3.53 185 318 321 351 204 
0.5059 -0.2773 -0.5565 0.5980 258.37 12.63 80.44 0.99 -9.24 -1.10 -0.9700 0.1500 -2.4500 -1.7078 -0.8233 0.2922 2.00 -9.59 0.14 186 320 321 350 204 
0.3978 -0.2840 -0.6644 0.5654 248.19 12.44 93.50 -1.77 -12.16 -11.64 -2.5000 -2.8400 -11.1000 0.6522 1.5633 -0.4422 2.52 -9.47 -0.25 186 321 320 352 205 
0.4728 -0.2592 -0.6254 0.5640 262.69 18.94 80.00 2.73 -4.79 3.73 0.9700 4.3600 3.9800 2.4989 1.0678 -0.9578 3.75 -8.33 3.54 187 322 323 356 207 
0.5757 -0.1494 -0.5220 0.6114 264.44 27.37 63.63 4.67 -4.92 3.43 -2.0100 1.3200 -1.5600 1.6956 -6.4844 -0.7256 6.13 -7.28 2.32 180 332 337 376 207 
0.3384 0.2321 -0.6323 0.6572 223.56 50.56 88.56 3.09 -3.16 -4.52 -2.5000 3.6400 -3.5800 3.7189 -7.6233 -1.7656 7.48 -5.55 -3.05 194 322 311 306 201 
-0.0558 0.7410 -0.4745 0.4718 156.87 34.50 145.50 7.67 0.06 -5.68 1.1100 4.1200 0.6500 -2.8033 -4.5667 -2.9300 3.36 -2.17 -8.95 195 297 279 291 192 
0.0153 0.9515 -0.2939 0.0894 212.56 7.06 -175.19 6.11 3.79 -15.36 4.9100 1.5300 -6.4300 -2.4389 -0.6178 -0.4933 0.52 2.65 -9.42 193 302 275 300 191 
0.1528 0.9582 -0.2419 0.0008 207.69 4.00 -162.12 3.87 3.38 -12.50 2.6500 1.5900 -3.5900 0.0889 0.1567 0.0322 0.75 2.92 -9.33 191 306 274 300 187 
0.1313 0.9611 -0.2425 0.0169 208.69 6.62 -167.37 10.05 -0.16 -18.56 9.2300 -1.6100 -9.4200 2.6378 2.0500 3.0344 2.43 -0.16 -9.49 190 318 283 323 198 
-0.0688 0.9069 -0.3665 0.1959 228.00 22.31 147.25 2.41 3.80 -5.82 0.4300 11.4400 2.6000 5.4178 5.2811 3.5656 3.55 -9.03 -1.39 204 417 376 444 211 
-0.4608 0.5822 -0.3868 0.5469 99.25 14.94 86.75 -0.21 -1.74 1.04 -2.6300 6.4800 0.1100 0.5900 -0.0267 -0.0956 2.62 -9.39 0.97 202 421 380 443 211 
-0.4651 0.5527 -0.3789 0.5784 103.12 17.19 84.31 1.87 -6.05 1.43 -0.9400 3.3000 0.5400 -0.4011 -0.2822 -0.7044 3.41 -9.17 0.48 203 419 379 438 210 
;
