0.8914 0.0227 -0.3611 -0.2731 33.94 39.50 -18.06 6.64 2.52 6.75 0.3000 0.0700 -0.3500 -0.3956 -0.1700 -0.0233 6.37 2.19 7.12 167 312 328 384 207 
0.8864 0.0010 -0.3674 -0.2816 35.56 40.38 -15.38 5.98 1.66 7.59 -0.3400 -0.2900 0.3900 -0.1033 -0.0344 -0.0267 6.34 1.90 7.23 170 314 328 376 206 
0.8857 -0.0088 -0.3636 -0.2886 36.13 40.63 -14.81 6.32 1.83 7.33 -0.0900 0.0100 0.1700 0.0500 -0.2878 0.0644 6.62 1.89 6.97 171 315 328 373 205 
0.8699 -0.0222 -0.4071 -0.2777 33.81 50.06 -15.94 12.62 4.11 6.95 6.1000 3.3400 2.8000 -1.7522 -1.6411 1.3100 8.51 0.07 4.86 175 328 331 343 206 
0.8171 -0.2219 -0.4869 -0.2148 25.44 61.75 40.50 12.34 2.04 4.72 1.4000 7.5600 -0.2800 -4.6844 4.1567 6.2767 4.97 -7.88 3.05 173 307 317 356 210 
0.7358 -0.6429 0.0536 -0.2060 39.50 5.69 87.00 1.84 -2.72 -6.06 -3.1000 5.2900 -7.3400 -7.5133 7.6289 1.7244 0.68 -8.47 -4.87 173 306 322 368 211 
0.3367 -0.6713 0.5762 -0.3226 90.69 2.12 127.12 2.39 -5.13 -6.33 1.8100 2.7800 0.1400 -1.1056 0.3878 1.8500 -0.29 -7.09 -6.76 170 295 309 351 206 
0.2529 -0.6342 0.6915 -0.2358 274.87 -3.50 141.50 -0.72 -5.46 -13.62 -0.4100 0.3400 -7.3000 1.1400 -0.1800 -0.2422 -0.66 -6.65 -7.17 168 310 312 349 207 
0.3806 -0.6158 0.5966 -0.3466 82.44 0.00 99.12 1.36 -0.03 1.93 1.3700 11.2500 5.7600 8.7967 -0.0344 -1.6867 1.11 -8.31 5.07 171 316 324 335 209 
0.6752 -0.3723 0.2145 -0.5996 81.25 8.31 54.00 3.71 -3.55 11.76 2.7200 4.5600 5.1600 -4.7356 0.2844 1.4600 0.53 -9.44 2.58 173 316 322 343 206 
0.5413 -0.5783 0.4559 -0.4059 72.81 -2.69 102.94 -0.10 -5.41 -7.84 -1.7200 2.6800 -6.7800 -6.2378 0.2367 1.0867 -0.97 -6.68 -7.10 170 304 311 363 206 
0.2853 -0.6962 0.6303 -0.1915 262.87 -4.25 137.44 -3.55 -4.26 -14.32 -2.5000 2.8500 -5.9400 4.7511 0.7622 -1.2711 0.49 -8.84 -4.20 174 304 313 336 207 
0.5278 -0.5721 0.4018 -0.4824 86.69 13.00 69.12 3.36 5.96 15.31 0.6300 13.5700 11.5500 1.5333 -0.9833 0.2178 2.58 -7.52 5.72 174 311 322 333 207 
0.6458 -0.4317 0.1990 -0.5974 82.87 14.44 58.00 4.27 -6.94 5.75 1.5900 1.3500 1.0500 -1.0089 -1.1356 1.8722 1.71 -8.74 4.09 172 310 312 307 200 
0.6838 -0.5140 0.2698 -0.4421 60.69 2.19 74.25 -0.39 -8.83 1.13 -0.4400 1.1700 -0.9600 -0.8900 -1.5767 2.3933 -0.87 -9.57 1.95 160 298 291 281 189 
0.7427 -0.5644 0.2780 -0.2293 26.37 -9.75 75.31 -4.53 -9.94 2.40 -3.1500 -0.9400 -0.3900 0.8544 -5.9333 1.0767 -1.26 -8.96 3.76 164 288 283 266 184 
0.8401 -0.5414 0.0267 0.0186 355.62 -0.81 66.31 -4.83 -11.78 5.07 -7.1000 -4.0500 -0.6900 -1.4467 -5.5300 -1.8511 2.31 -9.16 2.61 192 209 213 207 162 
0.7949 -0.4447 -0.4036 0.0869 348.19 48.06 65.00 3.90 2.67 6.80 -0.2900 8.7800 5.5500 -4.2122 4.5633 -5.2244 8.54 -2.98 3.77 198 188 192 193 147 
0.8204 -0.2188 -0.5065 -0.1504 20.44 64.19 28.56 10.97 -0.35 2.80 0.4400 0.9500 1.3200 -0.0100 -0.0967 0.6511 8.70 -2.48 3.78 199 196 200 203 150 
0.8248 -0.2377 -0.4973 -0.1257 17.06 61.75 34.13 8.33 -2.62 4.74 -0.5700 -0.2000 0.4800 -0.2622 0.1633 -0.2056 8.63 -2.52 3.90 200 198 199 203 151 
;
