-0.0100 -0.0126 0.2534 0.9672 178.81 -1.06 -29.37 -0.20 4.88 8.43 -0.0300 0.0000 -0.0900 0.0167 -0.0156 0.0156 -0.17 4.81 8.53 154 320 305 299 214 
-0.0101 -0.0112 0.2535 0.9672 178.81 -0.88 -29.25 -0.16 4.86 8.44 0.0400 0.0800 -0.0300 0.0289 0.0444 0.0033 -0.16 4.80 8.54 154 323 307 298 214 
-0.0106 -0.0130 0.2541 0.9670 178.69 -1.19 -29.50 -0.17 4.96 8.49 0.0400 0.1500 0.0200 0.0256 0.0011 -0.0144 -0.21 4.84 8.52 154 322 307 299 214 
-0.0109 -0.0140 0.2566 0.9664 178.69 -1.25 -29.81 -0.28 4.92 8.41 -0.0600 0.0000 -0.1400 0.0311 0.0711 -0.0033 -0.25 4.90 8.48 154 325 307 301 213 
-0.0118 -0.0181 0.2581 0.9659 178.56 -1.75 -29.87 -0.60 4.79 8.72 -0.3100 -0.1600 0.1000 0.1589 -0.0422 0.0344 -0.21 5.00 8.42 155 319 303 301 214 
-0.0092 0.0427 0.2930 0.9551 179.06 9.19 -36.19 2.05 12.96 15.13 -0.7800 10.5400 8.6400 -0.4667 -5.8989 1.8111 5.66 4.78 6.42 162 320 306 343 209 
-0.0247 0.4139 0.1394 0.8992 172.00 50.75 -3.19 13.27 10.40 6.74 0.7900 11.5900 -3.9800 -7.8056 3.9900 4.0200 5.02 -5.28 6.55 157 335 340 365 210 
-0.0992 0.2086 -0.4400 0.8678 170.87 7.62 66.06 1.76 1.51 -5.82 0.8100 10.4800 -7.6100 -5.5211 4.0389 -0.0567 0.08 -9.80 -0.20 148 319 343 360 210 
0.0743 -0.1057 -0.7616 0.6351 194.12 -2.19 103.69 1.01 -9.62 -6.31 -0.9300 -0.7000 -3.5300 -0.2322 -0.7856 0.4067 -0.69 -9.37 -2.80 144 301 336 356 208 
0.0440 -0.1082 -0.7859 0.6071 195.12 -0.13 100.62 -4.46 -9.62 -12.49 -3.7800 4.8000 -9.5500 5.5278 -0.5311 -2.1789 1.90 -9.28 2.51 152 308 315 344 208 
0.2393 0.0020 -0.4854 0.8409 211.56 13.81 53.19 1.93 7.91 27.00 2.0400 12.4600 16.3800 -1.5344 -1.4867 0.3878 2.51 -7.83 5.34 152 292 311 323 208 
0.1802 0.0201 -0.5618 0.8071 203.25 11.06 74.87 -1.10 -6.44 -2.18 -1.7800 3.3000 -4.0900 -3.3422 -1.0278 1.3311 0.84 -9.76 -0.12 150 284 295 294 203 
0.0419 -0.0280 -0.7520 0.6572 181.87 0.19 101.81 -8.35 -15.69 -16.91 -5.2200 -1.4100 -11.2600 1.6556 1.7067 -1.4722 1.14 -9.68 -1.02 147 277 291 296 205 
0.1353 0.0062 -0.6866 0.7143 204.12 14.56 78.19 -3.62 -4.57 3.89 -8.6300 9.4300 3.3700 5.7744 -0.2767 -1.8478 3.25 -7.02 6.01 152 288 301 304 206 
0.2378 0.0858 -0.3926 0.8843 207.56 20.00 45.75 4.34 -4.75 7.16 -0.1700 1.0500 -1.0200 -0.0933 -2.2044 1.6933 3.36 -7.21 5.73 148 296 293 306 206 
0.0272 0.1851 -0.4190 0.8885 178.87 20.81 51.63 -0.47 -10.72 8.67 -2.2700 -3.1400 4.1200 2.0633 -3.1556 2.9422 3.41 -7.06 5.87 163 335 313 331 207 
-0.2095 0.2737 -0.3967 0.8508 153.00 16.44 60.44 3.21 -5.73 3.41 0.1900 4.0800 -0.3300 -4.7600 -0.3378 1.2456 2.23 -9.35 1.90 164 346 336 357 209 
-0.1569 0.2666 -0.6424 0.7012 157.94 9.00 91.94 0.69 -7.67 -4.24 -1.2000 2.0400 -3.5300 -1.3578 -0.5411 0.0367 1.34 -9.54 -1.80 162 342 325 371 211 
-0.1178 0.2527 -0.7375 0.6152 157.37 7.87 102.44 1.64 -6.24 -7.67 -0.8900 4.1200 -6.3400 0.6889 -0.0233 -0.5389 1.87 -9.51 -1.45 148 304 328 342 210 
-0.1530 0.3098 -0.6033 0.7187 152.06 18.44 72.44 12.43 6.33 8.00 8.1900 16.1000 1.5300 8.6844 -0.8956 -0.5222 4.07 -4.93 7.42 156 334 347 365 213 
-0.3384 0.2759 -0.1281 0.8904 138.62 24.31 30.00 0.83 0.04 19.02 0.4500 4.3600 5.3200 -4.8367 -0.5378 -0.4222 4.32 -6.63 5.77 155 342 345 371 213 
-0.2203 0.3361 -0.3903 0.8284 153.31 20.69 66.00 4.26 -3.30 0.51 0.9800 5.1700 -3.4400 -4.2856 1.1300 0.9122 2.73 -9.36 1.01 160 351 348 375 212 
-0.1133 0.2953 -0.6714 0.6702 161.62 13.50 99.94 0.57 -5.94 -10.49 -1.5700 3.0400 -8.3900 -1.0222 -0.7822 0.0089 2.22 -9.05 -3.03 161 338 348 372 213 
-0.1061 0.3314 -0.7143 0.6072 155.94 16.44 99.25 3.25 -1.01 -10.63 -1.2700 8.4200 -8.2500 8.6389 -1.7322 -2.9456 4.86 -7.89 3.18 160 338 342 369 213 
-0.2748 0.4144 -0.2180 0.8398 141.25 36.56 39.13 11.19 0.07 15.73 5.3900 3.8000 10.2900 2.2522 0.9767 0.3744 5.91 -4.07 6.67 162 343 345 370 213 
-0.3494 0.3884 -0.0976 0.8471 136.00 36.06 34.88 5.17 -3.51 7.46 -0.5800 0.9600 -0.1000 -2.1511 -0.0678 -0.2789 5.83 -5.49 5.65 154 312 312 313 209 
-0.2810 0.4532 -0.2075 0.8201 141.81 39.94 52.00 6.33 -9.16 1.14 -0.7400 -3.2200 -3.1700 0.5189 -2.2633 0.4100 6.81 -5.99 3.70 151 307 307 312 207 
-0.3456 0.5621 -0.1434 0.7376 125.44 48.56 61.13 8.79 -7.30 0.61 1.4300 -1.4300 -4.2900 3.8156 -1.7756 -0.0856 7.79 -4.76 3.55 154 342 346 373 210 
-0.5130 0.5488 0.1196 0.6491 96.50 58.94 44.31 8.41 1.39 0.20 -0.1400 5.2600 -2.1000 4.3367 -2.0789 0.7478 8.85 -2.80 3.13 172 366 352 379 212 
-0.6625 0.4459 0.3882 0.4599 67.56 67.69 31.94 9.95 3.69 3.51 0.5900 4.8500 -0.1600 1.5078 -0.1222 -0.0767 9.08 -1.43 3.40 178 363 347 376 213 
-0.7003 0.3680 0.4334 0.4316 63.88 66.81 22.06 8.54 1.58 3.16 -0.4500 3.0200 -0.0700 -1.0744 0.0433 -0.2767 8.99 -1.58 3.55 179 340 330 348 212 
-0.6656 0.4069 0.3887 0.4902 77.00 65.50 22.44 14.59 4.41 3.16 3.0800 5.8200 0.9000 -3.7356 1.0389 0.4211 8.32 -2.62 4.47 171 293 286 267 189 
-0.5765 0.5041 0.1099 0.6336 96.75 48.25 54.31 4.72 -3.71 -3.33 -3.4600 4.0900 -4.9500 -2.7622 0.0556 1.2211 6.65 -6.88 2.09 176 241 279 291 202 
-0.4928 0.6393 -0.1028 0.5812 100.12 38.81 80.44 3.94 -10.53 -2.42 -1.6100 -2.9300 -3.0400 -0.3578 0.0911 0.1611 5.98 -7.72 0.86 180 248 282 293 205 
-0.4623 0.6537 -0.1507 0.5798 103.19 38.56 82.62 6.08 -7.04 0.82 0.0700 0.6000 -0.0500 0.0089 0.2611 -0.2800 6.24 -7.49 1.03 178 253 283 295 206 
-0.4567 0.6525 -0.1377 0.5889 105.44 40.13 81.31 4.10 -6.77 1.41 -2.8900 0.6600 0.0900 0.2878 -0.8544 -0.0411 6.46 -7.30 0.96 177 253 286 299 206 
;
