0.3472 0.2031 0.1702 0.8996 222.25 14.06 -27.56 1.93 4.81 8.35 -0.4400 0.3600 -0.0400 0.1044 0.0711 -0.0278 2.27 4.50 8.40 155 285 291 281 185 
0.3474 0.2020 0.1823 0.8974 221.69 14.94 -29.81 3.42 6.92 16.43 2.6200 5.9100 12.2800 -1.1589 -3.5111 1.1067 4.44 4.26 7.62 165 338 338 365 197 
0.3255 0.3387 -0.0107 0.8827 218.81 41.81 0.25 10.86 8.43 7.24 2.6300 11.5400 0.5100 -6.1889 1.4378 5.3078 5.27 -5.59 6.08 172 317 322 339 196 
0.1730 0.0881 -0.5283 0.8265 203.12 12.56 73.31 -0.79 -1.17 -4.49 -1.1400 9.8800 -4.6800 -5.4644 2.4744 1.8200 0.40 -9.75 -0.94 168 281 280 299 181 
0.1292 -0.1653 -0.7761 0.5947 203.56 1.00 107.81 0.03 -6.83 -8.31 -2.6700 1.2100 -5.9600 -0.1344 0.0967 -0.8233 0.80 -9.23 -3.20 164 292 277 299 179 
0.1497 -0.0984 -0.7871 0.5902 209.00 7.69 100.37 -1.82 -10.08 -13.04 -6.8600 2.2800 -11.4100 9.1400 -0.1800 -1.8878 2.57 -8.43 4.28 164 294 282 305 188 
0.2062 0.0648 -0.4366 0.8732 205.69 16.50 49.06 5.96 0.07 16.66 0.0000 3.0000 6.4700 -2.9178 -0.6478 1.1411 2.20 -8.34 4.65 166 297 294 302 188 
0.1545 0.0015 -0.5745 0.8038 200.75 8.31 77.19 -0.80 -5.97 -2.01 -2.5200 2.9300 -4.2100 -3.8800 -0.3967 1.2144 0.35 -9.74 -1.03 165 298 292 293 180 
0.0624 -0.0586 -0.7714 0.6306 192.06 1.50 103.37 -2.56 -9.87 -7.06 -1.8300 0.1700 -4.7700 0.5000 1.0378 -0.6144 0.77 -9.53 -2.14 165 293 275 294 179 
0.1503 -0.0809 -0.7473 0.6422 209.81 9.56 85.69 -4.05 -1.65 3.50 -0.6400 12.4100 11.6500 4.9944 0.4300 -1.7044 2.98 -7.62 5.39 168 298 297 300 183 
0.2806 0.0476 -0.4416 0.8509 216.00 19.56 51.19 3.90 -6.58 7.35 -0.1200 -0.0200 0.7300 -0.3878 -1.7467 0.8244 3.41 -7.65 5.08 156 281 295 301 184 
0.1912 0.0706 -0.5031 0.8398 203.25 14.94 61.94 1.80 -5.57 1.45 0.0600 3.2300 -2.5000 -3.6422 1.7878 2.3733 0.65 -9.45 2.52 191 373 179 176 148 
0.1266 -0.0956 -0.6288 0.7612 198.37 1.94 76.00 -2.60 -9.64 -0.90 -2.3200 0.4300 -2.8200 2.5622 1.0056 -0.7078 0.81 -8.84 4.15 192 394 184 185 151 
0.1838 -0.0282 -0.4951 0.8487 205.75 7.94 57.44 2.81 -6.54 4.91 0.7900 3.1800 -1.6800 1.1189 0.6711 -0.0111 1.31 -7.72 5.90 192 396 181 185 150 
0.2161 -0.0260 -0.4015 0.8896 206.81 6.81 42.63 5.37 -2.29 6.61 4.4400 3.2800 -0.8400 3.0000 -0.5822 0.9433 1.06 -4.91 8.42 194 397 183 188 157 
0.1384 0.0265 -0.2046 0.9686 191.56 7.44 19.00 4.56 -6.67 22.37 2.4400 -4.0100 14.1200 0.2456 -3.0756 3.3511 2.53 -3.03 8.97 198 397 190 193 161 
-0.1274 0.1763 -0.2113 0.9529 158.62 16.06 34.63 -5.87 -4.21 13.06 -7.9100 2.8800 4.6300 -3.6478 -0.4078 1.7189 2.12 -7.73 5.64 196 396 188 194 160 
-0.2135 0.2280 -0.4664 0.8276 153.31 9.63 65.06 -5.73 -2.29 6.05 -4.5200 9.4400 2.3300 -2.1722 1.9389 -1.9122 2.35 -9.16 2.58 197 399 190 196 162 
0.0203 0.1803 -0.5931 0.7844 187.87 19.37 75.37 5.19 -0.11 1.19 1.8000 8.6000 -1.4300 1.1933 3.1600 -2.1378 4.01 -8.03 3.92 197 398 192 199 162 
0.2566 0.1140 -0.4600 0.8424 215.50 25.12 47.25 11.60 -2.69 6.47 6.9300 1.0100 0.1700 4.0689 0.3967 -0.3711 3.87 -3.96 8.08 197 399 190 198 161 
0.2579 0.1547 -0.1982 0.9329 208.81 23.44 16.37 4.02 -5.68 15.21 -1.0900 -2.9700 6.0700 0.4478 -0.4600 1.6489 4.00 -2.38 8.62 195 396 192 196 162 
0.1401 0.1883 -0.1669 0.9576 196.00 24.50 17.44 0.23 -3.05 9.71 -3.1300 0.4000 0.6300 -0.2011 -0.1744 -0.2200 4.19 -2.76 8.42 193 400 194 199 161 
;
