0.5475 -0.2089 -0.3215 -0.7438 107.19 41.25 -19.44 5.67 2.56 7.24 -0.0800 0.3900 0.4900 0.4189 -0.3656 -0.1867 6.58 2.70 6.74 155 319 349 396 208 
0.5516 -0.1903 -0.3250 -0.7443 106.69 37.94 -20.37 4.77 2.52 7.40 -1.3800 0.0800 2.3900 0.0867 -0.5667 -0.0100 6.09 2.75 7.17 158 322 343 389 210 
0.5375 -0.2194 -0.3583 -0.7311 107.94 53.81 -26.69 7.22 1.95 2.57 -1.6800 -4.1600 -5.2900 2.3344 -12.1389 1.5644 9.36 1.59 -2.43 181 286 234 279 190 
0.2393 -0.6270 -0.6903 -0.2704 84.75 33.50 -174.37 2.38 1.91 -3.02 -0.2500 0.8700 4.5600 -1.2456 -2.4689 -0.6411 3.57 2.00 -8.90 189 255 231 259 171 
-0.0092 -0.6689 -0.7286 -0.1470 85.50 8.63 -168.00 0.79 1.13 -12.13 0.4200 -0.1900 -4.7100 0.7089 -0.4178 0.0744 1.61 1.56 -9.54 180 259 237 279 176 
0.0360 -0.6885 -0.7192 -0.0866 88.31 11.63 179.62 5.09 -2.71 -18.38 2.7300 -0.9500 -8.1900 4.7444 0.5544 2.2656 2.56 -3.75 -8.68 202 354 334 401 206 
0.4472 -0.6765 -0.5724 0.1213 327.19 21.94 109.69 -2.09 1.62 -1.14 -4.8700 9.1800 0.2500 2.3956 0.8867 1.4667 2.89 -9.35 -0.44 207 408 374 439 205 
;
0.6860 -0.5735 -0.3906 0.2189 326.25 16.69 86.19 1.36 -5.25 2.10 -0.6100 3.7200 1.3400 0.0844 0.1044 -0.4778 3.03 -9.29 0.77 207 410 375 437 206 
0.7047 -0.5562 -0.3911 0.2027 329.12 19.87 85.94 2.06 -5.54 1.60 -2.5900 4.2400 0.8700 -1.0311 0.3111 -1.1289 4.05 -8.92 0.10 202 387 362 388 210 
0.6897 -0.5811 -0.4272 0.0642 0.88 36.88 94.50 -0.99 0.29 -1.03 -8.8500 6.6100 -1.7400 -3.9344 -3.5233 -4.7456 7.85 -4.38 -3.90 174 314 268 277 197 
0.3573 -0.5925 -0.6876 -0.2200 76.94 44.13 -175.06 17.80 1.43 -16.25 2.8600 -1.3800 -13.3100 -0.7689 -3.6978 0.0589 4.58 1.71 -8.49 169 306 231 248 191 
0.1455 -0.6204 -0.7388 -0.2192 79.12 30.81 -170.25 3.03 1.37 -5.86 -2.0700 0.4200 2.7000 -0.3256 -0.4867 -0.1122 4.75 1.71 -8.40 189 274 216 259 176 
0.0977 -0.6291 -0.7404 -0.2158 80.87 23.44 -167.50 3.97 2.22 -8.41 -0.0500 0.3200 0.7800 -0.1056 0.1622 -0.1200 3.88 2.00 -8.77 190 274 214 268 175 
0.0864 -0.6324 -0.7401 -0.2117 81.25 23.12 -167.06 4.16 1.02 -9.83 -0.0100 -1.4300 -3.1900 0.2378 -0.8822 0.3311 3.75 1.85 -8.86 188 280 228 288 180 
0.1132 -0.6621 -0.7201 -0.1740 87.25 24.56 179.31 10.71 -1.37 -18.03 4.9500 2.1400 -7.8200 5.2078 1.1578 3.6400 4.14 -4.25 -7.79 201 375 348 416 207 
;
0.5178 -0.6568 -0.5449 0.0599 336.56 28.25 103.44 0.34 3.25 0.28 -4.2700 11.2100 1.5100 1.3133 1.8700 0.6944 3.83 -9.02 0.06 204 410 373 442 205 
0.6978 -0.5480 -0.4203 0.1900 330.37 22.56 85.81 2.41 -4.90 1.18 -0.5700 3.2300 0.6500 -0.0978 -0.2533 0.1244 3.72 -9.05 0.60 205 413 376 441 207 
0.7059 -0.5430 -0.4175 0.1800 332.81 24.12 86.75 2.35 -3.91 0.65 -2.0300 6.0000 -0.2500 -1.3467 -0.1667 -1.6233 4.93 -8.46 -0.32 199 381 362 386 210 
0.6670 -0.5580 -0.4920 0.0409 0.25 42.19 103.12 1.73 -1.82 -2.26 -0.5200 1.8600 1.6700 -4.4022 -2.5300 -3.8644 7.47 -4.15 -4.79 178 288 242 259 189 
0.3094 -0.6017 -0.7139 -0.1805 79.00 39.56 -178.69 7.05 2.34 -14.72 -0.5600 1.4000 -8.0700 -3.0822 -5.7611 -0.7578 4.55 2.58 -8.29 180 257 216 255 182 
0.0818 -0.6184 -0.7381 -0.2570 80.44 24.06 -164.37 3.93 1.83 -9.84 -0.6300 -0.5600 0.4900 0.2589 0.2867 -0.1378 4.24 2.17 -8.56 185 267 215 270 184 
0.0914 -0.6206 -0.7464 -0.2222 79.44 23.31 -166.56 4.05 2.31 -9.04 0.1700 0.1800 -0.1800 0.0000 -0.1322 0.0733 3.74 1.99 -8.84 184 271 218 277 182 
0.0925 -0.6200 -0.7508 -0.2083 78.87 23.56 -167.31 4.91 0.66 -10.42 1.2200 -1.6000 -2.6200 0.4567 -0.5678 0.4211 3.81 1.74 -8.86 186 273 220 281 179 
0.1206 -0.6420 -0.7333 -0.1887 84.00 25.06 -175.56 12.32 -1.86 -17.97 4.1900 -2.7800 -10.1200 4.8511 -0.4411 3.4544 4.56 -2.77 -8.22 204 389 355 431 208 
;
0.4981 -0.6356 -0.5895 0.0216 342.31 30.62 110.87 -0.68 2.49 -2.90 -6.0100 11.1400 0.4100 2.6233 0.3356 1.9500 3.60 -9.11 0.00 205 413 376 445 206 
0.7123 -0.5514 -0.3931 0.1846 331.62 21.00 82.50 1.29 -3.57 3.07 -1.4900 4.1500 1.0900 -0.0222 0.1111 -0.5056 3.83 -8.92 1.33 206 412 380 444 206 
0.7292 -0.5327 -0.3969 0.1637 336.19 24.81 83.75 1.97 -4.28 0.84 -2.4500 4.8800 0.0600 -1.1200 -0.3011 -1.2667 4.91 -8.48 0.13 200 403 366 416 209 
0.6720 -0.5584 -0.4816 0.0680 353.44 38.25 101.37 2.05 -1.56 -1.94 -4.4100 4.6600 -0.7100 -4.8500 -2.4667 -3.3633 7.16 -4.51 -4.94 179 296 240 266 191 
0.3705 -0.5903 -0.6951 -0.1765 69.94 45.13 175.25 8.98 0.42 -14.29 3.7400 1.9700 -6.9000 -2.8000 -2.0244 -1.6511 5.75 1.84 -7.71 179 258 213 260 171 
0.1426 -0.5912 -0.7393 -0.2890 78.56 31.87 -161.69 4.68 0.98 -8.58 2.4400 -1.6000 -1.1100 -0.2033 0.2378 -0.2656 5.16 2.87 -7.82 188 265 218 278 180 
0.1216 -0.5886 -0.7449 -0.2896 76.75 30.94 -160.62 5.30 3.49 -7.23 0.2700 0.6200 0.7100 0.0556 -0.3633 0.1944 4.88 2.68 -8.07 186 270 228 278 181 
0.1096 -0.5974 -0.7466 -0.2714 77.50 29.12 -161.69 5.54 2.46 -7.93 0.8500 -0.6800 -0.5100 0.0367 -0.2789 0.2456 4.69 2.60 -8.20 185 265 228 282 177 
0.0992 -0.6162 -0.7401 -0.2506 81.44 26.94 -166.75 13.31 -2.05 -20.64 8.7700 -2.4600 -12.0100 4.3156 0.1833 3.3256 4.79 -1.51 -8.42 197 382 359 430 206 
;
0.4889 -0.6339 -0.5979 -0.0416 352.19 36.69 111.06 -2.03 3.99 -1.24 -7.7700 11.9400 1.9700 2.5478 0.7656 2.1622 4.34 -8.79 0.07 206 416 370 444 204 
0.7004 -0.5543 -0.4220 0.1552 335.06 24.37 86.87 2.25 -5.28 1.35 -1.2000 2.8100 0.6500 -0.0378 -0.3056 -0.1644 4.16 -8.86 0.50 205 416 371 443 207 
0.7077 -0.5460 -0.4238 0.1466 337.00 26.31 87.69 3.37 -6.74 1.02 -0.9700 2.7600 0.7700 -0.6500 -0.0244 -0.7100 4.79 -8.55 -0.20 204 412 373 435 207 
0.6752 -0.5585 -0.4734 0.0903 348.44 35.38 97.69 5.45 -3.49 -0.65 -1.8600 4.4500 0.5800 -2.8933 -0.5222 -2.4278 6.87 -6.49 -2.59 195 319 296 297 200 
0.5242 -0.5828 -0.6132 -0.0978 30.37 48.63 144.31 9.31 -2.00 -8.39 4.2300 1.2700 -2.4100 -3.4367 -1.5767 -2.1100 6.56 -0.60 -7.26 182 249 216 247 169 
0.2144 -0.5969 -0.7329 -0.2463 76.81 36.44 -167.75 8.37 2.19 -10.72 2.6100 0.5400 -2.9300 -0.9356 0.3833 -0.9122 5.51 2.53 -7.70 188 267 224 271 182 
0.1392 -0.5814 -0.7491 -0.2853 76.00 32.00 -162.00 6.49 2.59 -8.66 0.6300 0.2300 -0.0300 0.1600 -0.0144 0.1744 5.04 2.26 -8.09 189 270 229 273 179 
0.1323 -0.5991 -0.7460 -0.2590 77.69 30.12 -164.69 5.68 1.94 -8.34 0.9900 -0.2900 -0.2000 0.0822 -0.0233 0.2600 4.86 2.12 -8.24 187 272 227 273 175 
0.1267 -0.6192 -0.7375 -0.2378 81.50 28.25 -169.81 8.92 -0.31 -17.05 4.7400 -1.8000 -8.1200 2.4267 0.1911 1.6700 4.79 -0.66 -8.52 188 281 241 286 182 
;
0.2843 -0.6854 -0.6655 -0.0803 10.31 33.50 143.19 5.98 4.36 -0.33 -3.0000 5.6700 1.1700 6.0100 1.1478 4.5589 4.35 -8.75 -0.72 205 418 372 448 206 
0.7008 -0.5432 -0.4210 0.1913 327.81 21.56 85.37 1.54 -1.72 1.69 -2.2600 7.0500 0.6200 0.3856 0.3911 -0.3222 3.74 -8.99 1.14 205 418 377 444 207 
0.7223 -0.5278 -0.4079 0.1826 331.56 23.50 83.87 3.22 -7.07 1.60 -0.5400 1.4000 0.7400 -0.7367 -0.0467 -0.3922 4.12 -8.88 0.39 205 413 378 440 208 
0.6906 -0.5522 -0.4431 0.1479 337.81 28.19 92.37 2.98 -3.42 -0.66 -1.7800 5.1400 0.1300 -1.8000 0.1644 -2.1233 6.00 -7.57 -1.62 191 338 329 300 199 
0.5959 -0.5742 -0.5601 -0.0382 15.00 48.19 124.00 6.70 -1.44 -5.26 -0.2400 4.0000 -2.6600 -4.0056 -2.5411 -2.9033 7.28 -2.19 -6.18 190 273 202 237 167 
0.2957 -0.5891 -0.7181 -0.2232 78.62 41.81 -173.50 11.75 0.02 -12.39 2.2600 -0.9800 -5.6200 -1.3911 -2.3344 -0.0844 5.61 2.33 -7.69 192 252 210 248 170 
0.1541 -0.5777 -0.7430 -0.3008 76.37 34.06 -162.56 4.09 3.13 -6.86 -1.3800 1.1200 1.4600 0.1967 0.0833 -0.0089 5.45 2.13 -7.86 192 257 213 251 168 
0.1552 -0.5823 -0.7515 -0.2684 75.50 32.75 -164.44 5.57 2.18 -7.99 0.5500 -0.0900 0.0500 -0.0822 -0.1789 0.1833 5.19 2.16 -8.02 190 258 217 254 166 
0.1447 -0.6030 -0.7418 -0.2556 79.87 31.00 -167.75 12.49 -0.87 -17.47 6.6600 -1.3200 -9.2100 2.3333 0.3133 2.4078 5.27 -0.23 -8.26 192 267 224 260 170 
;
