-0.5995 -0.2905 0.2158 0.7139 99.94 -8.94 -41.63 -1.43 6.42 7.08 0.1100 0.0000 -0.1700 -0.0033 -0.0089 0.0078 -1.51 6.44 7.23 187 410 374 416 231 
-0.5991 -0.2897 0.2170 0.7142 100.00 -8.81 -41.63 -1.66 6.65 7.79 -0.7000 0.5600 1.6300 -1.0322 -0.4156 -0.3533 -1.43 6.08 7.55 181 360 356 398 230 
-0.5864 -0.2071 0.2432 0.7444 106.06 7.75 -38.25 2.09 8.33 8.58 1.2700 1.5000 -1.1600 2.2389 -12.6433 2.8244 7.23 6.02 2.72 184 279 240 256 178 
-0.2899 0.3946 0.7493 0.4459 63.19 40.19 -159.00 7.23 0.69 -9.16 2.7000 0.0700 2.1500 4.0867 -4.0333 1.4222 2.66 -0.90 -9.39 190 231 191 228 156 
-0.1241 0.5841 0.8010 -0.0427 72.87 5.31 165.00 1.24 0.93 -3.30 -0.9800 2.9800 6.0300 -2.0922 0.4511 -0.3411 1.01 -1.51 -9.63 203 251 224 259 176 
-0.0596 0.5845 0.8088 0.0276 71.00 6.81 -175.44 1.88 1.65 -10.66 2.1700 0.3300 -1.8700 -2.1844 -1.0244 0.2656 0.21 2.90 -9.36 203 258 228 266 175 
0.1108 0.5848 0.7907 0.1431 73.31 -0.31 -158.75 2.08 2.55 -18.56 2.4100 -0.5800 -9.6900 0.6022 0.8456 0.3122 0.47 3.16 -9.26 203 264 216 261 177 
0.0522 0.5897 0.7903 0.1578 73.44 9.31 -163.19 3.75 6.85 -18.64 3.2700 10.1900 -8.4000 17.2822 10.9544 5.5611 6.16 -6.09 -4.58 214 419 349 429 228 
-0.6846 0.5248 0.4839 -0.1476 338.44 26.56 79.00 -6.66 0.90 2.53 -9.4400 8.4400 0.4000 0.9867 0.2200 0.8844 3.30 -8.64 3.25 213 417 374 433 230 
-0.8034 0.4794 0.3187 -0.1521 339.81 23.19 69.37 3.65 -7.05 3.23 0.0100 1.5100 -0.0100 -1.0300 -0.0400 -0.7989 4.41 -8.37 2.56 211 407 371 405 225 
-0.7673 0.5110 0.3779 -0.0855 354.37 32.00 79.69 10.57 -7.78 0.51 6.2500 0.0300 -0.4700 -4.0156 12.2856 -3.2489 5.22 -7.50 3.55 203 387 189 192 169 
-0.6717 0.5122 -0.1190 0.5219 88.31 16.37 62.88 -2.11 -5.80 -2.30 -4.9200 2.5400 -4.5700 1.4122 2.4011 -0.8267 1.88 -8.14 5.12 205 389 176 179 153 
-0.5488 0.3273 -0.2758 0.7181 107.12 8.38 43.63 5.30 -1.77 6.87 4.8300 3.5500 0.3600 3.9200 0.0078 -0.0944 1.31 -4.30 8.71 207 388 187 185 157 
-0.5968 0.1441 -0.0856 0.7847 102.37 7.06 14.13 9.32 -2.90 18.63 7.5700 -0.5300 9.3500 0.8822 -1.0567 3.2622 1.66 -1.70 9.51 209 396 192 191 161 
-0.7623 0.1482 0.0035 0.6300 73.87 12.69 15.50 -2.14 -4.15 15.06 -4.4000 -0.7100 6.0000 -2.1511 -0.6267 2.6244 2.26 -4.22 8.55 210 398 195 193 164 
-0.8326 0.3072 -0.0344 0.4597 56.31 13.88 37.75 -0.34 -1.93 7.57 -3.2200 4.2900 -0.0400 -2.5744 1.0344 0.2667 1.93 -7.20 6.36 210 400 198 198 167 
-0.7626 0.4390 -0.1344 0.4558 65.87 12.81 56.06 163.71 -0.01 -0.01 -2.3800 6.9600 -1.9300 -0.9322 0.8867 -2.6833 3.55 -7.79 4.77 210 402 199 200 167 
-0.6080 0.4774 -0.1330 0.6203 95.81 27.56 52.50 6.80 -0.82 3.51 1.9300 5.5100 -1.8600 1.0089 1.5411 -2.1533 4.97 -5.62 6.30 210 402 200 201 168 
-0.5236 0.3873 -0.0314 0.7582 112.19 34.88 27.62 10.30 -1.69 7.49 4.2500 0.9800 0.2600 2.2544 -0.1000 -0.6600 5.73 -2.18 7.65 209 400 203 202 168 
-0.5339 0.3073 0.1199 0.7786 109.44 38.69 8.38 6.30 -3.88 12.18 0.4800 -2.7100 4.8500 0.6511 -0.8200 0.3867 6.88 -0.89 6.92 168 371 185 201 165 
-0.5729 0.3572 0.2267 0.7021 97.50 52.50 7.31 6.81 0.10 1.92 -0.6000 1.6300 -3.4300 4.4889 0.2678 1.4044 7.91 0.36 5.77 121 349 191 184 144 
-0.6952 0.2412 0.4267 0.5258 70.50 59.81 -20.87 8.81 3.42 0.76 0.5800 1.1800 -3.1700 3.2289 1.2833 -1.3044 7.94 3.64 4.44 130 363 194 185 146 
-0.7104 -0.0023 0.5502 0.4390 61.69 48.56 -57.56 9.85 10.63 1.60 3.6400 5.1700 -0.1100 3.9022 1.9844 -0.8911 6.46 6.94 2.49 132 372 196 188 150 
-0.6970 -0.2607 0.5958 0.3022 41.88 44.19 -81.00 9.24 11.14 4.97 1.3500 4.3900 4.1700 1.0689 -0.4544 2.8300 8.04 5.59 0.35 134 372 198 189 150 
-0.7168 -0.2043 0.6545 0.1268 16.62 66.56 -76.56 5.72 4.31 2.57 -4.6100 0.4100 0.6400 -2.1278 0.2911 2.9444 9.57 1.54 1.46 137 378 202 189 152 
-0.7617 0.0241 0.6447 0.0600 10.00 79.81 4.12 4.45 -0.12 1.07 -5.2100 0.5000 -0.3000 -2.8122 0.1711 -0.2333 9.66 -0.61 1.55 137 379 200 191 152 
-0.7189 0.1896 0.6420 0.1872 36.00 86.25 -0.75 8.30 3.87 -4.68 -1.2900 3.0500 -5.8500 -1.1256 0.3522 -3.2489 9.50 2.29 0.76 138 378 197 191 151 
-0.6229 0.1300 0.6641 0.3925 67.69 64.75 -79.00 10.32 6.62 -2.27 1.9500 2.2300 -2.5300 1.2311 0.2833 -1.7567 8.22 5.32 0.41 139 378 201 192 152 
-0.5747 -0.0050 0.7003 0.4233 73.12 51.81 -90.87 11.43 7.94 -1.19 3.5300 1.8700 -0.4300 1.1311 0.5167 -0.5022 7.48 6.30 -0.67 139 379 203 192 152 
-0.5469 -0.0646 0.7448 0.3770 67.12 50.31 -102.19 9.06 6.44 -1.63 1.0500 0.3900 0.1300 1.1900 -0.1067 0.5111 7.72 5.76 -1.80 140 382 202 193 153 
-0.5518 -0.0820 0.7734 0.3011 55.69 54.38 -111.31 7.79 6.35 0.71 -1.2000 0.8100 2.4600 -0.7689 0.4556 0.2667 8.14 5.23 -1.52 159 376 206 205 169 
-0.5917 -0.0402 0.7272 0.3458 64.75 54.50 -81.62 7.89 5.07 -0.06 0.1100 -0.9300 -3.8900 -4.7967 7.1444 -2.3089 4.91 5.37 6.56 165 365 293 331 209 
;
