-0.1884 -0.0446 0.4548 0.8693 155.50 5.31 -54.19 0.75 7.95 5.66 -0.0200 0.2700 0.5300 -0.2900 -0.0956 -0.1611 0.87 7.81 5.86 168 386 354 407 204 
-0.1748 -0.0396 0.4329 0.8835 159.00 4.25 -49.31 0.52 6.79 6.23 -0.1100 -0.5600 -0.7400 -0.7189 -0.6800 -0.1122 0.97 6.95 6.84 166 354 347 397 209 
-0.1522 0.0065 0.3941 0.9064 161.12 10.56 -46.38 0.65 9.41 8.79 -0.9900 1.5500 3.2300 0.8667 -5.8144 1.8622 5.24 6.78 4.75 169 339 336 384 219 
-0.1062 0.4571 0.4725 0.7460 161.31 57.63 -97.69 12.94 4.15 -7.32 3.5900 0.1800 -2.9000 2.6556 -6.6400 5.3233 6.77 0.27 -7.08 182 303 287 312 209 
-0.1962 0.8633 0.3903 0.2526 133.81 32.88 164.06 2.22 -0.90 -4.90 -3.8500 1.5900 2.6600 -0.7389 -1.9044 2.2511 3.88 -3.09 -8.45 184 242 198 237 192 
-0.1919 0.9288 0.2990 0.1053 145.06 18.25 163.94 -0.69 -1.47 -5.54 -1.7000 0.4900 3.7500 -2.2567 -1.2822 -0.2767 2.33 -0.90 -9.48 185 249 202 238 194 
-0.0085 0.9487 0.2996 0.1002 144.56 10.25 -172.25 1.62 1.69 -12.77 2.5500 0.7700 -4.3800 -1.9456 0.0656 -0.2200 1.65 2.89 -9.22 184 255 212 251 198 
0.1401 0.9371 0.2960 0.1208 146.12 9.06 -161.06 5.54 2.69 -16.52 2.5300 -0.5000 -7.1900 1.3433 1.1133 0.6900 2.38 2.12 -9.27 182 264 212 259 198 
0.0303 0.9536 0.2622 0.1452 150.25 15.63 -175.62 4.57 1.25 -15.87 1.0300 5.2100 -5.3600 4.9978 4.0700 2.0067 4.62 -3.02 -8.10 174 369 323 403 215 
-0.5442 0.7715 0.1396 0.2986 46.63 29.25 81.12 0.25 4.19 -1.28 -11.1200 8.4600 -5.8900 1.6811 4.2833 1.8133 2.29 -8.28 4.71 189 408 339 427 214 
-0.7781 0.4691 -0.1306 0.3969 54.69 7.94 56.63 -3.20 -5.85 4.40 -2.8600 1.3300 -0.4500 -0.0222 -0.1256 -0.1422 1.35 -8.10 5.35 188 401 362 414 213 
-0.7620 0.4611 -0.1503 0.4290 60.75 11.63 58.13 3.48 -5.23 5.57 2.8400 3.0500 1.2900 -1.5078 2.7867 -3.3878 2.88 -8.07 4.76 180 378 351 384 214 
-0.5640 0.3925 -0.2918 0.6653 110.06 5.31 59.94 -0.21 -7.87 5.57 -0.4700 0.3200 -0.1500 -2.2111 1.3311 -0.8844 0.59 -9.16 3.42 169 382 351 384 213 
-0.3477 0.3141 -0.5330 0.7045 130.12 4.00 79.56 1.88 -10.25 -3.13 1.8800 -0.0900 -5.6500 -1.9633 0.0400 -0.1556 0.74 -9.76 0.45 157 366 344 372 214 
-0.2983 0.3320 -0.6162 0.6489 128.06 2.94 88.12 1.89 -10.29 -3.31 -1.1400 -0.2700 -5.2000 1.1511 -0.6511 0.4422 0.30 -9.69 1.42 157 369 350 380 215 
-0.4272 0.3437 -0.4814 0.6838 114.00 4.62 64.37 5.36 -1.78 -6.59 4.5800 7.3100 -9.7500 7.8833 -2.0033 0.2056 1.59 -5.43 8.00 159 385 360 392 216 
-0.6144 0.1484 -0.0164 0.7747 100.81 13.13 0.50 6.34 13.06 16.20 2.9300 11.1100 6.5900 4.2933 0.3789 0.5722 2.29 3.47 8.87 161 388 360 391 217 
-0.6694 -0.0629 0.2627 0.6921 90.75 15.31 -30.62 1.61 7.37 11.08 -0.7700 2.5100 2.7400 0.9644 -1.2311 0.0667 3.07 5.45 7.54 163 386 361 403 218 
-0.6639 -0.1050 0.3152 0.6700 91.06 16.69 -35.25 2.25 7.22 11.34 0.8800 4.8000 5.7800 -3.8178 -2.1711 -0.2700 4.43 3.59 7.97 189 333 281 315 218 
-0.5704 0.1957 0.3156 0.7327 106.69 44.88 -18.12 11.78 4.30 8.21 5.2100 2.6600 2.4000 0.1689 -2.7289 -0.0244 8.56 2.11 4.29 159 323 164 179 195 
-0.4760 0.4208 0.3891 0.6671 106.56 74.25 -17.00 8.34 0.16 -3.45 -1.2700 -0.9300 -4.8300 2.8589 0.3222 1.7211 9.67 -0.57 1.50 108 355 160 159 142 
-0.6013 0.4502 0.4595 0.4739 70.25 78.81 33.06 5.76 -1.19 0.87 -3.0600 0.3300 -0.6700 2.1544 1.0122 -0.6900 9.56 -0.50 2.10 110 376 173 178 152 
-0.6786 0.3119 0.5276 0.4047 62.06 74.37 -7.31 7.88 1.41 3.13 -0.5000 0.8200 0.4300 0.4478 -0.1444 -0.4011 9.44 0.78 2.53 114 377 175 183 153 
-0.6757 0.2695 0.5402 0.4231 64.87 72.94 -19.31 9.78 2.22 2.61 0.0200 1.1500 -0.3700 -0.5278 0.1611 -0.2867 9.27 1.09 2.98 114 378 176 185 155 
-0.6649 0.2726 0.5120 0.4706 72.56 68.69 -20.12 9.49 3.77 1.02 0.5800 2.0400 -2.1300 -1.3067 0.4744 -0.6611 8.94 1.31 3.78 119 378 179 186 156 
-0.6359 0.3148 0.4669 0.5278 79.62 69.31 -10.13 7.62 -1.65 4.57 -1.8600 -2.4300 1.1700 -1.6200 0.6867 -1.0644 9.03 0.60 3.75 120 380 180 189 157 
-0.5791 0.3713 0.4190 0.5926 93.50 67.81 -11.31 9.77 -1.28 3.97 0.8800 -1.6800 0.5300 -0.4789 0.1656 -0.4844 9.01 0.99 3.72 121 381 181 190 157 
-0.5507 0.3797 0.4118 0.6189 96.12 67.19 -12.63 6.35 -0.17 3.66 -3.2200 -0.7600 0.2800 0.2356 -0.5511 0.5622 9.14 0.53 3.49 130 388 181 191 162 
-0.5602 0.3897 0.3918 0.6171 96.19 67.31 -5.06 2.82 -2.02 4.03 -5.3500 -2.7300 -0.0400 -1.3956 -0.5911 -0.5567 9.28 0.25 3.13 0 376 202 207 181 
-0.4755 0.4587 0.3770 0.6492 112.25 71.19 -15.25 10.43 2.97 1.54 3.9400 2.9300 0.4700 -0.5867 3.0089 -2.8644 8.36 2.06 4.68 153 349 240 242 195 
-0.3766 0.3066 0.3381 0.8061 132.75 44.25 -31.19 10.80 9.62 7.92 2.8500 3.9500 1.3700 -0.2822 3.3622 -3.3256 4.68 4.91 7.07 161 329 292 291 195 
;
