0.2345 -0.2108 -0.4080 -0.8568 149.37 33.56 -46.06 5.43 5.91 5.69 0.0000 0.0100 0.0200 -0.0044 -0.0200 -0.0044 5.43 5.88 5.65 173 310 266 289 176 
0.2336 -0.2125 -0.4084 -0.8564 149.50 33.69 -46.19 5.49 5.92 5.65 0.0200 0.0000 0.0500 -0.0178 0.0222 -0.0044 5.44 5.88 5.65 173 311 266 289 178 
0.2334 -0.2129 -0.4080 -0.8566 149.50 33.69 -46.13 5.39 5.91 5.67 -0.0200 0.0600 0.0400 -0.0044 -0.0189 -0.0067 5.45 5.87 5.63 172 309 269 287 179 
0.2291 -0.2387 -0.4210 -0.8445 151.25 41.88 -52.00 8.15 9.54 6.00 8.5100 2.0200 1.1500 -0.8422 -8.1456 3.2244 9.09 3.56 -0.83 171 312 328 372 211 
0.1313 -0.7965 -0.3663 -0.4628 140.31 39.88 -179.31 0.88 0.39 -4.77 -4.2000 0.1000 2.8500 -0.0244 -3.4900 0.6900 3.95 -0.15 -8.97 179 271 271 310 203 
0.0147 -0.9428 -0.2868 -0.1694 146.12 16.00 -171.12 3.81 2.85 -8.10 3.1900 0.4200 0.6000 -2.7878 0.9344 -1.0144 2.12 3.47 -8.92 181 280 275 319 205 
-0.1904 -0.9160 -0.3196 -0.1504 141.31 6.94 -150.44 6.01 4.18 -15.84 5.8800 0.0100 -8.1100 0.5389 0.4033 0.3822 1.30 4.61 -8.55 173 281 275 319 206 
-0.1603 -0.9318 -0.2906 -0.1470 147.87 13.94 -162.25 3.92 9.57 -16.72 -0.0500 8.3000 -7.5100 6.0444 1.9644 2.9000 4.09 -1.48 -8.78 176 359 360 437 216 
0.5040 -0.7894 -0.0759 -0.3423 68.25 29.06 80.87 -11.78 5.57 -3.74 -20.3400 11.6500 -6.2600 1.8767 -0.7367 2.0211 2.08 -8.70 4.00 185 401 365 448 218 
0.7106 -0.5223 0.1602 -0.4434 66.37 14.94 65.56 1.96 -6.57 3.05 0.2900 1.7500 -0.1700 -0.8511 -0.3689 -1.0922 3.36 -8.53 3.45 185 395 368 420 218 
0.6462 -0.5645 0.1318 -0.4965 79.75 25.25 69.69 9.04 -5.88 4.85 2.8100 1.5600 0.8100 -2.7922 8.7078 -2.7467 4.17 -8.03 3.76 186 364 202 209 166 
0.3663 -0.3949 0.3665 -0.7587 134.44 19.31 66.56 5.25 -6.30 1.85 0.2100 0.0000 -2.6700 -0.0489 6.4122 -1.6456 2.71 -8.36 4.34 193 389 175 202 149 
0.0727 -0.1782 0.4495 -0.8723 173.87 17.37 52.44 11.53 -2.99 4.96 7.5500 4.1100 -1.1500 3.2211 2.3078 -0.5811 2.81 -5.37 7.70 192 390 175 205 151 
0.0469 -0.1653 0.2064 -0.9633 169.75 16.56 20.81 6.47 -7.76 13.87 3.5400 -4.6400 5.4100 2.1222 -2.8500 3.8756 3.41 -2.56 8.82 194 388 179 205 154 
0.3355 -0.2411 0.0634 -0.9084 132.56 23.87 20.75 -0.26 -3.41 15.65 -4.9100 0.7700 6.5500 -1.3389 -1.0067 2.8978 3.66 -4.82 7.71 191 389 191 209 156 
0.5067 -0.3339 0.1635 -0.7778 112.12 19.06 43.25 -2.04 -2.81 7.52 -4.4500 4.0900 0.8900 -2.2044 0.6978 0.0833 2.66 -7.48 5.74 193 392 190 212 157 
0.4564 -0.3654 0.3219 -0.7447 120.87 15.25 59.81 0.10 -0.80 5.21 -1.4800 7.7600 -0.6600 -2.2444 1.6611 -2.4167 3.66 -8.34 3.61 193 389 193 213 158 
0.2137 -0.3946 0.4130 -0.7925 155.62 29.44 66.25 5.93 -2.59 0.66 0.8600 5.2600 -2.8300 0.1978 1.1644 -2.5033 5.84 -6.79 3.98 193 389 192 212 158 
0.0273 -0.3842 0.3411 -0.8575 178.75 39.94 47.44 11.25 -5.16 1.64 3.2100 0.0300 -3.1400 2.5222 0.0333 -1.2089 6.32 -4.08 6.28 194 391 191 214 158 
0.0034 -0.3671 0.1733 -0.9139 178.06 43.06 21.87 9.56 -5.50 9.05 2.1800 -3.1800 2.5900 1.2489 -0.5156 0.3822 6.84 -2.12 6.69 192 387 195 218 160 
0.0734 -0.3905 0.0838 -0.9138 169.31 44.88 16.81 5.27 -3.73 9.13 -2.0200 -2.0300 1.7400 4.1444 -2.5389 0.1211 7.91 -0.59 5.75 171 296 310 362 210 
0.2622 -0.4691 -0.2605 -0.8021 130.00 65.56 -46.81 13.21 6.11 -5.18 2.8400 2.5600 -4.5400 10.6689 -1.3289 1.5444 9.36 2.46 -1.56 172 311 335 378 217 
0.5543 -0.3121 -0.7234 -0.2684 38.75 73.12 158.00 11.18 5.12 2.95 1.0500 6.7900 5.5400 -1.0044 -0.5422 5.6600 7.91 -4.71 -3.35 182 272 302 388 224 
0.4843 -0.6863 -0.5419 -0.0266 0.31 22.06 139.06 0.14 0.93 -4.25 -3.5100 6.1400 2.0000 -9.3178 -0.6189 3.0733 1.47 -1.16 -9.62 183 307 307 401 229 
-0.0176 -0.9404 -0.3361 -0.0488 141.25 5.75 -172.56 5.42 4.36 -17.26 3.5100 2.2200 -6.0000 0.0844 1.2000 0.0500 0.84 1.34 -9.67 184 308 312 401 229 
-0.0419 -0.9398 -0.3326 -0.0666 140.37 6.37 -173.44 2.01 0.63 -8.23 0.7500 -0.7900 1.0400 0.0733 0.1167 0.0733 1.21 1.08 -9.67 183 311 313 400 228 
-0.0300 -0.9391 -0.3334 -0.0779 140.87 7.31 -174.06 0.93 0.90 -9.69 -0.2400 -0.5100 0.0000 0.0544 0.2589 -0.0900 1.44 0.95 -9.65 183 313 312 401 228 
-0.0182 -0.9369 -0.3379 -0.0878 140.12 8.75 -174.75 2.20 0.48 -8.76 0.6900 -0.2400 1.2300 -0.1689 0.4578 0.0478 1.65 0.91 -9.62 184 312 312 399 228 
;
