0.2657 0.0452 0.2051 0.9409 211.44 -1.31 -24.25 -0.57 4.24 8.82 -0.2800 0.1700 -0.0700 0.0878 -0.0944 0.0978 -0.17 4.09 8.90 158 298 324 335 210 
0.2591 0.0529 0.2098 0.9413 210.56 -0.44 -25.19 -0.73 4.08 9.22 -1.0500 -0.2900 0.1600 0.3622 -0.8056 -0.3022 0.21 4.37 8.77 158 323 326 335 211 
0.2758 0.1118 0.2213 0.9287 213.37 10.06 -30.44 3.36 6.89 13.97 2.6600 3.5300 6.5800 1.6022 -5.2344 1.5389 5.43 5.32 6.18 185 359 332 357 219 
0.2072 0.5470 0.1663 0.7938 204.94 62.31 -65.00 12.45 6.15 -2.61 0.2900 1.7100 -4.5300 2.5667 -6.3944 5.2344 9.08 -0.31 -3.67 190 355 344 382 218 
-0.1543 0.8834 0.0040 0.4426 129.00 47.13 147.06 -2.02 -1.23 -2.12 -7.5400 3.6900 4.6700 0.9989 -3.0800 2.1033 5.32 -5.40 -6.21 185 220 230 286 209 
-0.2747 0.9230 -0.0605 0.2629 186.87 22.06 147.12 2.24 -1.68 -4.63 4.1800 1.7000 4.2100 -3.0911 -0.0567 -0.7878 2.57 -2.88 -9.01 186 239 217 269 209 
-0.0643 0.9932 -0.0289 0.0923 182.87 9.56 178.62 4.56 -0.49 -14.77 3.7700 -0.3600 -5.5100 -2.1800 -0.1133 -0.6356 1.39 1.58 -9.57 184 248 230 280 209 
0.1000 0.9928 -0.0086 0.0655 181.25 8.88 -169.25 5.79 1.08 -21.42 7.2300 -1.8100 -11.2900 0.5611 1.4567 0.5989 2.65 1.25 -9.35 179 252 223 281 209 
0.0097 0.9822 -0.0607 0.1776 191.00 23.87 170.37 7.69 5.24 -14.25 -11.9300 17.2200 -3.0000 8.6144 3.4000 7.0300 4.49 -8.58 -1.51 199 413 342 424 215 
-0.5655 0.6158 -0.2631 0.4814 75.69 12.88 79.19 -2.31 -1.87 4.64 -4.8900 6.1700 0.4300 1.0956 -0.3133 0.5744 1.63 -9.26 2.77 200 406 347 424 215 
-0.6536 0.5437 -0.2443 0.4663 71.12 11.63 72.69 0.52 -5.59 3.89 -1.2600 3.4000 0.8500 -0.4811 0.0911 -0.8711 2.47 -9.10 2.67 198 403 368 395 214 
-0.6003 0.5755 -0.2336 0.5039 86.37 21.00 79.56 7.88 -5.15 -1.31 4.1300 4.5100 -4.4800 -3.1056 3.9511 -3.5678 5.55 -8.04 0.83 165 353 193 198 187 
-0.3602 0.6038 -0.2896 0.6495 116.56 34.38 84.69 6.46 -8.44 -0.94 -0.3600 -1.7500 -2.1200 -1.3333 -2.4300 1.4778 4.96 -8.41 -0.84 96 363 151 172 167 
-0.3967 0.7347 -0.2809 0.4731 98.69 27.12 111.62 4.28 -12.30 -4.24 1.6700 -3.0500 -0.2800 0.3300 -1.6389 -0.4956 4.17 -7.96 -3.90 108 385 172 180 152 
-0.4235 0.7997 -0.2129 0.3685 78.25 23.50 111.56 5.18 -7.22 -8.18 1.6200 0.7400 -5.3800 4.1411 -1.1489 -0.0478 3.78 -9.00 -0.85 107 387 193 186 159 
-0.6332 0.6474 -0.0947 0.4135 66.12 25.12 82.50 3.45 -5.59 7.44 -1.8800 3.8700 5.5100 -5.6444 0.2811 -0.7211 4.42 -8.62 -1.46 108 394 190 191 163 
-0.4958 0.7668 -0.1446 0.3812 73.75 25.75 97.81 1.64 -8.01 -6.66 5.0500 4.3300 -0.1100 5.0711 3.3667 -0.9844 4.56 -8.46 1.92 109 389 203 192 168 
-0.6050 0.6581 -0.1057 0.4355 75.56 25.62 83.06 5.79 -8.56 0.89 2.7100 1.6200 2.1300 -0.7756 3.0344 -0.6889 4.30 -8.69 1.40 127 380 193 183 177 
-0.4380 0.5575 -0.2994 0.6385 131.69 22.81 70.00 2.71 -7.45 -4.72 -3.1800 0.0600 -8.6700 -2.8833 14.0011 0.1756 -0.41 -9.22 3.29 165 404 191 201 186 
0.0889 -0.1182 -0.5884 0.7949 197.25 -6.19 74.87 -0.61 -9.76 3.87 2.9800 0.9900 2.1600 0.7678 2.4222 -0.8189 -1.05 -9.37 2.67 177 412 194 201 189 
0.2267 -0.2234 -0.5407 0.7787 212.94 -6.00 70.06 1.55 -5.33 1.75 2.6600 4.0500 -2.1500 1.3611 -0.1922 0.9011 -1.50 -8.76 4.12 181 412 189 201 186 
0.1774 -0.2021 -0.4359 0.8589 199.00 -12.13 51.19 3.04 -4.03 6.17 6.3900 3.8500 1.1900 3.9056 -2.0344 2.3611 -2.12 -5.16 8.06 181 409 192 203 186 
-0.0170 -0.1007 -0.1977 0.9749 171.19 -10.50 19.12 -5.52 -4.35 24.96 -4.3600 -2.1900 12.9800 -2.0833 -2.1300 3.4144 -0.96 -3.71 9.02 180 406 191 205 187 
-0.2864 0.0463 -0.2685 0.9185 143.12 -2.62 37.00 -4.06 -2.32 8.82 -4.3300 4.3300 1.0800 -3.8556 0.7100 0.3911 -0.76 -7.81 5.87 181 410 195 207 185 
-0.2717 0.1128 -0.5031 0.8126 145.62 -6.00 67.12 -5.50 -4.69 3.35 -5.4400 5.0500 0.3500 -1.6467 3.0811 -1.5622 -0.61 -9.57 2.01 181 408 194 207 186 
-0.0394 0.0361 -0.6448 0.7625 179.19 1.69 80.37 1.74 -1.25 2.83 2.5700 8.2700 1.9400 1.0033 3.0200 -1.4589 1.05 -9.40 2.55 179 405 195 209 184 
0.1771 -0.0724 -0.5702 0.7990 207.06 3.94 67.62 5.88 -6.53 4.70 6.3900 1.3800 0.4300 3.5367 -0.2044 0.3111 0.44 -7.87 5.82 177 406 200 208 184 
0.2003 -0.0473 -0.3644 0.9082 202.37 4.81 37.06 2.73 -7.64 12.69 2.1500 -2.8300 6.7600 1.9489 -2.5278 1.7989 1.52 -4.63 8.50 179 407 198 209 183 
0.0682 0.0798 -0.2550 0.9612 186.37 12.19 29.56 -3.06 -5.49 8.95 -4.5800 -0.5600 -0.0500 -0.3478 -0.2511 -0.3678 2.42 -4.90 8.14 179 404 202 207 184 
;
