-0.2087 -0.0149 0.3870 0.8980 153.81 7.75 -45.00 1.33 6.85 6.89 0.0000 -0.0600 0.0000 -0.0044 0.0044 0.0022 1.32 6.87 6.86 167 384 369 414 208 
-0.2086 -0.0149 0.3871 0.8980 153.81 7.69 -45.00 1.29 6.80 6.87 0.0000 -0.0600 0.0400 -0.0400 -0.0267 0.0122 1.34 6.85 6.88 165 382 366 411 209 
-0.2075 -0.0084 0.3834 0.8999 154.06 8.50 -44.25 1.03 6.95 7.37 -0.5800 0.2400 0.6000 -0.5733 -0.8200 0.1722 1.86 6.51 7.08 167 349 351 395 210 
-0.1876 0.0806 0.3707 0.9061 158.44 23.19 -42.19 4.57 6.08 6.68 -0.0600 0.2900 -0.0400 -0.7889 -7.4022 0.5722 7.16 5.41 3.94 162 305 298 320 216 
-0.0441 0.5679 0.3776 0.7300 175.94 59.38 -120.81 10.14 4.97 -6.46 3.4000 0.1500 -0.1100 0.9578 -8.1556 2.6656 4.93 2.37 -8.13 177 258 215 233 188 
0.0477 0.9335 0.2906 0.2044 148.56 16.25 -166.87 3.03 1.65 -9.67 -0.4600 -1.6400 0.4200 -0.0311 -1.4089 -0.2033 1.52 2.39 -9.38 187 234 181 231 177 
0.1063 0.9575 0.2518 0.0928 150.44 6.06 -164.94 3.14 1.01 -12.13 3.1500 -1.1400 -2.8700 0.2567 -0.4522 0.1900 0.45 2.39 -9.49 186 249 187 255 187 
0.0858 0.9655 0.2411 0.0474 152.31 3.75 -170.56 5.67 0.84 -20.56 3.3400 2.5500 -10.3500 2.1633 2.2489 0.7944 2.12 -0.30 -9.56 181 303 292 344 208 
-0.2771 0.9371 0.1558 0.1437 43.00 24.44 125.69 2.49 3.71 -8.54 0.1500 12.4700 -4.1400 5.8156 6.0811 1.7744 3.24 -9.25 0.09 192 403 367 421 214 
-0.7230 0.6254 -0.0585 0.2878 43.19 14.56 73.06 -2.53 -1.32 4.59 -4.7800 7.3400 1.2300 0.5167 0.0878 -0.6722 2.66 -8.81 3.36 193 403 359 416 213 
-0.7488 0.5778 -0.0380 0.3226 49.50 21.75 71.44 1.64 -7.29 3.02 -1.8100 1.4200 1.1200 -3.3089 -1.1833 -4.1878 6.10 -7.64 0.76 163 273 203 196 174 
-0.5378 0.6871 0.1135 0.4752 84.62 54.44 85.50 12.34 -7.24 -3.02 3.4700 0.8400 -3.2600 2.9367 0.1933 -0.7289 8.27 -5.10 1.26 106 305 157 161 178 
-0.6433 0.5493 0.2791 0.4545 65.94 60.31 51.69 8.80 0.99 5.38 -0.2000 3.7300 2.2600 3.4356 0.6167 -1.0878 8.67 -2.01 4.10 101 356 166 161 176 
-0.7415 0.3354 0.4232 0.3981 54.88 63.50 18.75 6.09 2.06 6.18 -1.8600 2.6000 1.3000 -0.4667 0.5356 -0.8633 8.73 -1.04 4.34 93 360 164 165 178 
-0.7366 0.3148 0.4404 0.4054 59.06 63.94 12.88 7.61 -0.01 3.07 -1.2600 1.8200 -0.8600 -0.3767 0.1489 -0.8000 8.66 -0.54 4.55 101 371 169 169 180 
-0.7095 0.2908 0.3956 0.5056 74.12 57.13 -1.06 8.64 3.21 4.96 -0.7800 3.2200 -0.8800 -1.2889 0.8211 -0.8644 7.92 0.01 5.77 103 334 162 171 181 
-0.6956 0.3411 0.3417 0.5321 68.00 58.75 27.81 3.82 -3.23 5.12 -5.2100 -0.9300 1.3400 -2.0200 0.7700 1.9767 7.58 -4.90 3.82 105 325 172 175 184 
-0.7014 0.5211 0.2161 0.4357 66.44 49.19 59.94 11.75 -2.66 5.12 3.9100 1.9600 -2.1700 -5.1078 4.2567 -0.6900 6.92 -6.27 2.97 135 276 292 273 201 
-0.5038 0.5038 -0.1450 0.6865 115.37 26.50 54.75 2.03 -8.20 5.52 1.8600 -0.6300 -0.0100 -2.3489 3.7333 1.6567 1.98 -8.41 4.63 160 364 357 390 209 
-0.3770 0.2823 -0.4766 0.7424 126.25 1.81 69.69 0.19 -5.96 -1.35 -3.2900 3.3600 -5.5100 -0.7144 -0.4244 -0.4000 0.60 -9.38 2.77 163 388 368 409 213 
-0.3184 0.2917 -0.5018 0.7495 133.81 8.56 66.62 3.30 -6.31 -8.90 5.7500 7.5500 -7.0800 6.3533 -1.3767 -0.3000 2.41 -6.34 7.07 163 386 371 408 213 
-0.4540 0.2604 -0.0949 0.8468 120.81 22.94 19.19 6.08 4.23 32.37 -2.8700 5.2100 18.6700 -1.0778 0.1178 0.1533 4.22 -2.91 8.35 163 377 367 402 216 
-0.4587 0.2951 -0.0672 0.8354 124.25 24.06 27.37 5.33 -0.78 12.39 1.6200 3.7700 3.3700 -3.8689 0.8656 -0.5178 3.36 -6.33 6.68 164 385 365 402 216 
-0.3261 0.3268 -0.3560 0.8125 137.56 16.00 63.63 3.22 -3.29 -9.00 -0.9400 4.7800 -13.5400 -2.0733 -0.2278 0.6689 2.11 -9.21 2.60 161 386 366 409 218 
-0.3132 0.3338 -0.4593 0.7613 132.81 13.88 59.94 11.28 4.86 -8.47 -2.6100 8.5100 -1.2500 8.4033 -2.9211 0.3622 3.14 -4.45 8.15 163 383 368 398 217 
-0.4933 0.2636 -0.0266 0.8286 117.81 25.69 18.19 3.64 -0.31 13.65 3.3900 1.3900 3.9400 0.0078 -0.4500 -0.4244 5.21 -2.66 7.86 167 384 364 406 218 
-0.4786 0.3159 0.0128 0.8191 119.62 31.81 19.75 4.88 -2.59 7.11 0.3100 0.3600 -1.2200 -0.5211 0.0189 -0.0344 5.16 -3.17 7.71 167 385 360 396 216 
;
