0.8779 -0.0989 -0.2306 -0.4078 49.81 29.00 -0.88 4.64 0.05 8.54 -0.1100 -0.1000 -0.0900 0.0011 -0.0133 0.0000 4.76 0.14 8.56 170 319 326 347 214 
0.8777 -0.0994 -0.2315 -0.4077 49.81 29.19 -0.94 4.67 0.06 8.51 -0.0700 -0.0700 -0.0700 -0.0078 -0.0078 -0.0044 4.78 0.14 8.55 168 316 328 347 214 
0.8775 -0.0998 -0.2323 -0.4075 49.88 29.69 -1.00 3.58 -0.21 8.97 -1.1300 -0.3500 0.6000 0.1656 -1.2889 -0.0033 5.60 0.35 8.04 173 340 298 338 217 
0.8433 -0.1259 -0.3577 -0.3807 48.25 53.25 -5.25 13.14 0.04 4.16 4.1200 -0.1200 -0.5000 0.7433 -8.5600 1.6722 9.77 -0.26 0.70 186 332 307 346 214 
0.5555 -0.3510 -0.7425 -0.1301 11.44 51.63 151.31 7.34 -1.94 -4.13 0.9200 1.9700 3.1900 0.4711 -2.4178 2.0100 5.05 -4.39 -7.15 191 292 296 324 204 
0.3229 -0.4697 -0.8157 0.0986 60.38 23.06 150.81 1.08 -1.27 -3.73 -0.8400 2.6200 3.8200 -1.8122 -0.6833 -0.7389 3.46 -3.01 -8.66 190 271 264 317 208 
0.2143 -0.4613 -0.8610 -0.0007 55.31 21.94 171.75 5.89 -1.39 -9.81 2.4100 0.9200 -2.1900 -1.8189 0.3467 -0.8633 4.03 0.23 -8.93 191 272 256 321 207 
0.1816 -0.4318 -0.8736 -0.1319 52.19 26.00 -174.00 7.31 -0.09 -11.22 2.9400 -1.9000 -2.9600 0.0944 0.0611 0.3133 4.45 0.83 -8.69 187 275 265 320 205 
0.2036 -0.4457 -0.8613 -0.1344 56.63 29.56 179.75 9.86 -0.68 -13.87 5.6900 0.2700 -5.4700 1.8422 0.7622 1.8478 5.19 -1.78 -8.12 198 320 290 342 208 
0.3964 -0.5255 -0.7528 -0.0051 347.12 39.94 130.69 5.55 2.87 -6.75 -3.4900 9.4500 -1.8300 5.1156 2.6411 3.7456 4.82 -8.53 -0.16 204 407 379 443 211 
0.7039 -0.4518 -0.4636 0.2922 312.56 20.31 75.94 -1.19 -2.58 3.74 -4.9200 5.7200 1.2600 0.8433 0.5089 0.5233 2.80 -8.80 3.26 204 411 378 445 212 
0.7468 -0.4333 -0.3788 0.3333 310.87 16.31 70.06 1.63 -7.58 4.60 -1.2800 1.1200 1.2300 -0.4867 0.1433 -0.5333 3.08 -8.85 2.86 204 408 382 439 212 
0.7327 -0.4412 -0.4147 0.3106 314.94 20.62 75.19 3.66 -6.87 3.27 -0.2700 2.4600 0.8900 -1.7211 0.2111 -0.6967 4.05 -8.85 1.18 191 357 216 239 185 
0.6827 -0.4891 -0.4874 0.2389 320.37 25.56 88.87 4.91 -7.44 0.87 0.6700 1.2800 0.7200 -1.2444 -1.4433 -0.0278 4.13 -8.79 -1.32 161 329 163 168 138 
0.5800 -0.5198 -0.5714 0.2587 309.44 21.69 104.69 4.31 -6.89 -4.55 -0.6800 0.9700 -0.7200 1.0000 -0.2222 -0.4600 3.54 -8.91 -2.01 108 317 156 162 137 
0.5582 -0.5016 -0.5869 0.3038 301.94 19.81 102.25 3.54 -12.41 -4.95 0.9800 -3.3000 -3.2000 0.8378 -0.2367 0.2133 3.00 -9.16 -1.76 112 325 160 170 138 
0.5643 -0.4985 -0.5669 0.3342 298.94 18.25 96.50 3.29 -11.80 -4.84 0.1800 -2.0600 -3.6800 2.4022 0.3622 -0.5278 3.47 -9.14 0.67 115 328 163 173 142 
0.6710 -0.3849 -0.4955 0.3950 298.31 21.25 72.75 3.21 -5.09 -0.10 -0.0900 3.7200 -3.1000 3.9844 0.9811 -0.7267 3.67 -7.16 5.60 116 337 164 176 145 
0.7839 -0.1960 -0.3538 0.4711 298.06 21.25 41.75 2.84 -0.13 13.57 -0.5500 5.4000 5.8900 -1.2567 0.0611 0.0744 3.44 -6.47 6.51 118 341 165 178 145 
0.7775 -0.2363 -0.3658 0.4536 299.75 20.62 50.25 2.56 -6.28 5.75 -1.0700 0.9700 0.2200 -1.0456 -0.1678 -0.1711 3.57 -7.46 5.26 126 341 168 181 147 
0.7765 -0.3023 -0.4098 0.3712 317.00 27.94 60.88 1.58 -3.47 3.23 -1.4100 3.6800 -2.6900 -4.4467 5.3311 -5.5078 6.26 -6.30 4.14 143 314 185 194 164 
0.8750 -0.3447 -0.2988 -0.1622 28.44 36.81 29.31 9.17 0.57 6.74 4.7400 3.9700 2.6200 4.1600 3.0222 -0.4978 4.66 -0.88 8.58 173 332 292 318 201 
;
0.8933 -0.0609 -0.3528 -0.2717 33.81 41.50 -6.31 6.46 0.76 7.33 0.0000 -0.0100 0.0000 -0.0067 -0.0089 -0.0056 6.50 0.81 7.29 163 322 322 328 203 
0.8932 -0.0609 -0.3529 -0.2717 33.81 41.56 -6.31 6.46 0.80 7.32 -0.0600 -0.0200 0.0500 -0.0100 -0.0256 -0.0022 6.52 0.80 7.27 161 323 320 328 203 
0.8896 -0.0638 -0.3629 -0.2699 33.56 45.88 -7.00 6.22 0.69 8.02 -0.2700 0.1600 2.1000 0.0133 -4.6133 0.2778 8.85 0.74 4.13 168 327 317 343 209 
0.7391 -0.1723 -0.6100 -0.2278 29.37 86.25 3.50 12.40 -2.03 -1.84 -0.1700 -1.6300 -3.2300 0.7233 -7.9322 4.0289 7.51 -3.50 -5.23 191 358 348 417 220 
0.3945 -0.4106 -0.8191 0.0693 55.44 30.87 147.94 1.88 -1.43 -2.32 -4.0600 2.5400 4.4200 -1.6211 -1.1733 0.3600 4.10 -3.90 -8.00 190 280 285 342 216 
0.2529 -0.4673 -0.8463 0.0365 56.44 23.37 165.81 5.71 -0.04 -8.53 3.7200 0.4000 -1.3500 -2.7022 0.0467 -0.9678 3.85 0.11 -9.01 190 280 291 350 218 
0.1564 -0.4504 -0.8691 -0.1314 55.38 23.31 -173.37 4.71 1.27 -11.29 1.1200 0.3200 -2.3700 -0.3044 0.2467 0.1944 4.10 1.19 -8.82 189 287 295 351 217 
0.1727 -0.4639 -0.8555 -0.1519 57.44 27.12 -175.19 9.71 -0.94 -14.97 6.6500 -1.5400 -7.2700 1.7233 2.2522 1.0411 5.66 -0.82 -7.96 188 288 291 353 215 
0.3519 -0.4924 -0.7943 -0.0520 357.50 37.88 146.87 4.28 0.63 -10.04 2.1500 7.8900 -5.3800 9.2100 4.3833 3.0833 5.28 -8.22 -0.76 204 416 382 447 215 
0.6833 -0.4315 -0.4962 0.3173 306.19 20.62 77.06 -1.70 -1.87 2.20 -4.2300 6.1600 0.5400 0.7644 0.5556 0.4878 2.77 -8.94 2.90 204 417 384 450 215 
0.7191 -0.4203 -0.4104 0.3713 305.31 16.37 71.19 1.52 -7.46 3.73 -0.1100 1.3800 1.0000 -0.4789 0.1311 -0.4222 3.02 -8.89 2.80 201 413 379 442 215 
0.7143 -0.4220 -0.4350 0.3500 307.75 19.87 75.19 3.00 -4.79 4.51 -0.6700 3.3700 2.2400 -0.8667 1.0533 -0.5156 3.62 -8.93 1.78 195 335 283 253 193 
0.6966 -0.4641 -0.4635 0.2906 312.12 22.19 84.19 6.42 -8.47 3.07 3.2900 1.0700 1.8800 -2.8589 1.2789 0.3344 3.66 -9.07 -0.52 137 293 166 167 151 
0.6084 -0.5063 -0.5479 0.2708 311.81 23.50 99.37 5.41 -9.84 -5.93 2.1200 -2.4800 -6.4200 -0.5489 -0.9467 0.3289 3.60 -8.81 -2.31 107 334 160 166 125 
0.5558 -0.5190 -0.5779 0.2961 300.75 18.25 99.81 3.61 -11.08 -6.32 1.0900 -1.6500 -3.7900 3.0167 -0.3789 0.5211 2.63 -9.43 0.31 106 357 164 171 124 
0.6356 -0.4112 -0.4921 0.4298 292.56 16.19 74.00 2.41 -7.10 1.40 -0.3500 1.8400 -2.4900 3.3022 0.7900 -0.5478 2.89 -7.82 5.14 111 362 168 173 129 
0.7648 -0.2473 -0.3489 0.4819 296.31 16.75 43.13 1.49 0.63 12.75 -0.4700 6.5100 6.7900 0.7356 -0.2689 0.4233 2.79 -5.78 7.41 113 366 167 174 131 
0.7817 -0.1962 -0.3101 0.5043 294.37 16.75 41.44 3.19 -5.99 6.10 0.4500 0.4200 -0.7900 -0.7944 -0.2189 0.0489 2.92 -6.75 6.47 115 366 168 174 132 
0.7681 -0.2510 -0.3557 0.4695 300.19 19.44 51.69 0.11 -3.31 4.96 -3.9900 3.8900 -1.4100 -2.5556 1.6711 -4.3400 4.72 -7.15 4.75 153 305 195 201 166 
0.8302 -0.3015 -0.4409 0.1595 349.87 45.69 50.94 10.95 -2.55 0.47 5.6300 2.4400 -1.5800 -0.2144 3.8111 -4.9522 7.46 -2.47 5.85 149 331 235 267 192 
0.9059 -0.1508 -0.3478 -0.1885 25.50 39.94 5.19 9.82 0.89 9.93 3.3800 0.0800 2.4800 1.1611 1.3011 -0.8411 5.99 0.59 7.73 162 337 319 367 206 
;
