-0.3356 0.0784 0.3957 0.8513 136.94 23.50 -42.63 3.86 6.08 6.59 -0.0500 -0.0100 -0.0100 -0.0067 0.0167 -0.0044 3.91 6.09 6.61 161 316 363 406 216 
-0.3357 0.0782 0.3956 0.8513 136.94 23.44 -42.63 3.82 6.08 6.62 -0.0800 -0.0200 0.0100 -0.0022 0.0056 -0.0078 3.90 6.09 6.61 163 313 362 404 216 
-0.3351 0.0812 0.3947 0.8517 137.31 24.94 -42.63 4.67 6.14 6.62 0.4300 0.1600 0.0100 -0.0200 -0.7767 0.0778 4.62 5.96 6.26 162 308 318 391 216 
-0.3218 0.1560 0.4061 0.8409 139.06 35.00 -40.69 6.99 6.05 10.78 1.8100 0.5900 3.4800 -2.3611 -7.5356 2.2622 8.63 3.26 3.30 175 318 294 348 212 
-0.2275 0.6274 0.3365 0.6644 137.31 76.69 -168.75 6.55 0.38 -3.14 -5.2500 0.7100 0.3500 -0.4044 -5.3089 3.0756 7.50 -1.72 -6.07 182 295 290 305 214 
-0.1844 0.9192 0.2294 0.2618 153.44 27.37 165.87 -0.90 0.16 -3.55 -5.7200 2.8500 3.5300 -1.4311 -3.2633 -0.2033 2.12 -0.94 -9.52 189 247 231 252 216 
0.0142 0.9741 0.2146 0.0693 155.69 4.62 -172.06 1.67 2.38 -11.70 1.0300 0.7000 -2.4800 -2.1744 -0.3778 -0.2011 0.32 2.95 -9.34 190 265 235 261 216 
0.1775 0.9593 0.2116 0.0593 154.44 2.31 -157.19 2.94 2.84 -15.13 2.6200 -1.3700 -6.5000 0.2011 -0.0244 0.1511 0.44 3.77 -9.04 191 273 219 274 217 
0.1691 0.9623 0.1982 0.0784 158.69 6.81 -160.37 3.21 5.75 -19.98 3.5900 4.7100 -8.6700 3.5956 1.2778 1.5211 2.01 1.10 -9.53 185 334 295 343 211 
-0.2077 0.9578 0.1181 0.1600 53.69 26.94 125.44 -2.21 3.59 -4.99 -4.8500 15.1300 2.1900 5.7267 6.8300 1.8667 2.99 -9.22 1.45 196 409 353 424 217 
-0.7229 0.6034 -0.0925 0.3237 47.31 15.13 73.31 0.20 -3.47 3.08 -1.9700 3.8000 -0.1500 -0.5278 0.0711 -1.1233 3.39 -8.85 2.49 196 410 362 420 217 
-0.7029 0.6249 -0.0291 0.3386 51.94 23.56 77.81 3.43 -6.35 2.69 -1.0500 2.4500 0.3900 -1.3689 -1.0656 -1.4000 4.91 -8.44 0.83 188 359 336 339 216 
-0.5762 0.7072 0.0317 0.4086 80.19 43.81 94.44 5.56 -7.25 -0.88 -1.3100 -0.6500 -1.8700 -2.2267 -0.1978 -4.0122 8.60 -4.50 -1.39 165 304 293 309 213 
-0.3796 0.7442 0.1764 0.5206 102.25 65.37 114.94 15.39 -5.92 -8.24 4.7700 -1.1400 -5.8000 4.6656 0.0644 0.4100 8.82 -4.24 -0.55 168 336 342 373 215 
-0.6017 0.5880 0.3608 0.4025 63.88 65.25 77.19 10.35 1.59 1.11 0.0600 5.6300 -0.2800 3.7733 1.0011 0.0756 8.79 -3.45 2.60 171 345 345 376 217 
-0.7482 0.3990 0.4314 0.3081 41.75 62.75 44.63 7.55 2.39 4.87 -0.8300 5.1400 1.6400 0.7444 0.2400 -0.0400 8.64 -2.94 3.57 174 345 339 356 216 
-0.7734 0.3552 0.4494 0.2715 41.56 63.69 44.38 9.87 1.75 3.44 1.3000 5.2400 0.3000 -1.9933 0.6933 -2.4533 9.11 -2.03 2.99 191 340 330 351 217 
-0.6577 0.3996 0.4385 0.4642 78.06 70.75 13.81 14.86 3.38 -0.37 7.1100 3.7100 -2.6200 -5.1878 2.6867 -0.9622 8.83 -1.12 4.11 181 257 281 268 213 
-0.5053 0.5748 0.2340 0.5996 99.69 65.19 79.06 4.84 -7.79 -2.43 -4.8600 -4.5100 -5.0700 -3.0122 1.5267 0.7089 8.48 -4.92 0.07 180 262 244 266 218 
-0.3948 0.6996 0.0361 0.5944 113.69 59.31 87.06 7.67 -7.29 -1.01 -0.1500 -1.5900 -0.6400 0.3589 0.5167 -0.0622 8.46 -4.90 0.72 181 268 251 270 217 
-0.4044 0.6764 0.0403 0.6143 112.81 59.63 79.87 6.66 -4.15 0.86 -2.1300 0.7100 -0.3800 0.5778 -0.8267 0.1500 8.49 -4.86 0.59 178 262 256 270 216 
-0.4142 0.6693 0.0716 0.6127 115.19 61.00 70.50 12.51 -4.84 -1.54 6.9100 2.0500 -4.2200 -1.1467 9.2444 1.9944 4.84 -5.81 6.23 162 266 235 228 169 
-0.4754 0.3000 -0.3070 0.7679 110.19 2.56 58.13 -4.89 -8.08 6.77 -3.6400 0.8800 -1.1000 -3.4333 -1.1522 1.7533 -0.98 -9.38 2.68 165 223 206 199 150 
-0.5519 0.4054 -0.5049 0.5254 82.87 -8.31 83.00 -0.75 -9.84 3.11 0.5000 -0.4100 1.3300 -1.7089 -2.5078 0.2544 -1.52 -9.68 0.29 172 221 195 198 150 
-0.5997 0.4937 -0.4824 0.4049 68.56 -10.63 87.25 -1.58 -9.92 0.71 2.5000 -0.1500 1.0000 0.1844 -1.6489 -0.8533 -1.12 -9.72 0.61 170 226 206 206 153 
-0.6130 0.5341 -0.4326 0.3897 63.00 -4.69 88.19 -10.55 -6.71 -2.30 -5.4800 2.2100 -5.3300 -3.9011 -11.4178 -5.0278 1.55 -9.33 -2.55 170 221 187 204 166 
-0.4978 0.8503 0.1703 -0.0074 345.00 7.50 123.50 2.22 -4.55 -11.29 -0.4400 3.1500 -4.8300 1.9822 -2.1267 -2.8700 1.94 -8.05 -5.24 179 233 208 215 182 
-0.4641 0.7120 0.5041 -0.1536 319.00 13.00 121.81 4.28 -6.47 -3.57 3.1600 0.7400 1.6600 -0.8067 0.1089 -0.4267 2.04 -8.04 -5.22 181 246 217 233 182 
-0.4478 0.6982 0.5266 -0.1860 315.44 12.63 122.62 4.10 -7.06 -4.04 1.6700 1.3400 1.5900 -0.0089 0.5667 -0.4289 2.50 -7.99 -5.09 181 249 216 226 185 
-0.4675 0.7036 0.5145 -0.1478 337.44 19.06 122.12 7.58 -0.73 -1.32 2.5100 7.4900 2.5000 -2.1989 10.6422 0.0644 6.01 -7.27 -2.65 175 246 247 232 179 
-0.5541 0.6800 0.1426 0.4585 100.50 58.19 62.31 3.44 1.47 -0.46 -0.1100 5.9000 -2.2800 2.9733 6.2744 -10.1478 6.61 1.66 7.04 170 292 281 275 202 
;
