0.9585 0.0363 -0.1857 -0.2133 25.06 19.87 -9.06 3.20 1.46 9.07 -0.1400 -0.0200 0.0200 -0.0011 -0.0067 0.0033 3.33 1.45 9.10 165 329 342 362 208 
0.9585 0.0363 -0.1857 -0.2133 25.06 19.87 -9.06 3.25 1.43 9.08 -0.1000 -0.0200 -0.0200 -0.0033 0.0144 0.0011 3.33 1.45 9.10 164 329 342 361 208 
0.9586 0.0363 -0.1853 -0.2133 25.06 19.81 -9.06 3.14 1.45 9.12 -0.1800 -0.0100 0.0200 0.0022 -0.0167 0.0011 3.33 1.45 9.10 162 329 340 363 207 
0.9584 0.0361 -0.1859 -0.2134 25.06 20.00 -9.06 3.29 1.45 9.14 -0.8100 -0.1400 0.2800 0.0678 -0.4022 -0.0189 3.58 1.49 9.00 165 322 328 358 205 
0.9359 0.0295 -0.2798 -0.2120 26.81 39.19 -13.19 9.07 1.20 8.60 1.8300 -0.8000 2.6700 -1.0111 -7.2211 0.7400 9.13 1.08 3.39 176 336 297 371 208 
0.6801 -0.1703 -0.6901 -0.1795 28.19 74.37 169.69 8.66 0.39 -4.10 -2.4700 0.6800 1.1900 -1.3544 -4.7667 3.1800 6.99 -1.82 -6.63 193 296 297 342 208 
0.3234 -0.4440 -0.8349 -0.0339 57.81 30.31 166.00 2.58 -0.33 -7.00 -1.3300 1.3800 1.3100 -1.7689 -1.4478 -0.1989 3.74 -0.90 -9.01 193 266 267 311 201 
0.1533 -0.4848 -0.8565 -0.0887 58.44 19.81 -176.94 4.64 0.56 -11.42 0.9800 -0.5700 -1.5200 -0.5822 0.2056 -0.2844 3.49 1.00 -9.10 191 268 273 313 197 
0.1359 -0.4780 -0.8576 -0.1324 58.69 21.12 -174.25 6.32 -1.09 -12.01 2.6800 -1.4100 -3.7800 0.3356 0.3333 0.5978 3.77 0.53 -9.03 187 270 279 318 194 
0.1855 -0.5104 -0.8318 -0.1149 65.00 27.75 177.31 11.74 -0.86 -18.85 6.8200 2.8200 -10.4400 7.1911 1.9356 3.8944 4.76 -5.05 -6.92 202 397 367 439 207 
0.5723 -0.4670 -0.6229 0.2576 307.12 23.25 90.37 -5.46 1.22 -0.59 -8.4000 10.2200 -1.1900 2.7144 0.3867 1.2678 2.66 -9.07 2.59 203 421 375 451 210 
0.7219 -0.4332 -0.3953 0.3671 306.69 15.19 70.69 0.67 -5.37 5.32 -1.8900 2.4800 2.0000 -0.2367 -0.2389 -0.6367 2.98 -8.83 3.02 203 419 384 446 211 
0.7183 -0.4227 -0.4337 0.3423 309.69 20.81 75.50 1.71 -7.34 2.33 -3.3900 1.7800 -0.4800 -1.6967 -0.6289 -1.9511 4.93 -8.43 0.84 186 356 337 359 208 
0.6800 -0.4194 -0.5801 0.1588 343.06 48.81 93.75 9.06 -7.44 -6.80 0.7800 -2.4900 -6.9000 3.5478 -1.5944 -2.1711 8.62 -4.67 0.10 167 321 321 390 214 
0.7031 -0.1482 -0.6785 0.1531 329.06 66.62 82.06 13.60 1.02 1.31 4.0000 5.1700 2.2600 3.6678 0.5878 -0.9667 9.19 -3.02 1.58 168 338 329 407 215 
0.7086 0.0800 -0.6297 0.3082 311.25 70.62 54.94 9.60 0.90 3.71 0.0900 3.5600 1.7700 0.0678 -0.0678 -0.0956 9.28 -2.59 1.79 175 347 349 407 216 
0.7150 0.0880 -0.6223 0.3063 316.31 70.06 47.69 10.82 2.05 2.20 2.0300 4.8000 -0.4100 -2.1767 1.0478 -0.2611 9.10 -2.59 2.54 186 351 354 410 215 
0.7612 -0.0391 -0.6150 0.2020 333.12 65.37 55.63 8.30 -2.00 0.18 -0.6600 1.4300 -2.1100 -1.9156 0.1989 1.3711 8.48 -4.55 1.85 179 309 343 375 208 
0.7624 -0.2628 -0.5728 0.1472 338.62 50.00 77.75 4.32 -8.46 0.00 -4.2400 -2.5300 -0.2400 -1.9156 1.5722 0.2933 7.04 -6.78 0.66 180 270 271 341 203 
0.7213 -0.4114 -0.5503 0.0877 348.00 46.69 85.31 5.82 -7.77 0.19 0.0000 -0.5400 -0.2800 -0.0067 -0.1911 -0.2911 7.31 -6.52 0.44 178 276 290 346 204 
0.7211 -0.4131 -0.5532 0.0581 350.31 48.63 86.06 7.03 -6.04 0.82 -0.6800 0.3000 0.4200 0.2544 -0.3956 -0.0111 7.40 -6.41 0.43 180 279 291 346 203 
0.7195 -0.4022 -0.5625 0.0645 349.87 49.63 86.25 2.76 -5.55 1.38 -5.1600 1.3700 0.7600 -0.5944 0.2133 -0.2444 7.66 -6.11 0.26 174 277 288 329 201 
;
