0.2859 0.1735 0.1115 0.9358 213.94 15.88 -18.87 1.74 3.04 9.19 -1.6200 -0.1600 0.3800 0.6567 -1.8611 -0.1467 3.83 3.49 8.32 156 301 293 300 197 
0.2903 0.3214 0.1210 0.8932 216.62 36.56 -33.81 9.20 7.85 7.92 4.8700 4.2400 1.8000 0.4944 -4.1922 0.6378 7.70 4.63 3.91 157 329 312 318 201 
0.2363 0.6514 0.0573 0.7187 208.25 73.37 -100.56 10.38 1.93 -7.24 -1.8500 0.0000 -1.4400 5.5456 -8.3611 4.7078 7.63 -1.94 -5.84 175 343 343 383 209 
-0.2094 0.9060 -0.0173 0.3674 109.31 38.25 144.75 -0.47 -0.74 0.02 -4.9000 4.4400 6.2200 0.3733 -3.0144 -0.2722 4.60 -4.71 -7.26 178 291 294 356 207 
-0.2198 0.9568 0.0571 0.1815 171.56 16.62 160.94 4.58 2.29 -8.71 3.1800 4.1100 0.0700 -4.1378 -1.4411 -1.1333 1.31 -0.11 -9.71 183 274 269 326 206 
0.0698 0.9893 0.1199 0.0443 165.31 2.81 -165.19 5.44 3.17 -15.33 5.9500 -0.3800 -5.5600 -1.5489 0.3300 0.0378 0.07 4.00 -8.94 180 279 272 322 205 
0.2310 0.9641 0.1287 0.0267 164.56 0.31 -153.25 5.16 4.05 -18.01 5.9400 -0.3500 -9.6600 1.2944 0.7778 0.7367 0.72 3.74 -9.03 173 280 274 326 206 
0.1171 0.9857 0.0898 0.0812 172.12 10.38 -173.31 5.56 9.29 -23.67 0.3200 13.6900 -13.1700 16.2378 5.6978 2.3156 4.42 -7.58 -4.36 198 405 365 433 204 
-0.6119 0.6982 -0.1315 0.3474 58.81 15.00 82.69 -5.40 2.66 3.16 -5.0800 11.4800 2.0500 1.1833 1.5800 -0.1789 2.02 -9.23 2.61 201 408 376 439 205 
-0.6889 0.5683 -0.1729 0.4155 64.00 14.44 71.81 1.59 -6.37 3.69 -1.5700 2.3900 0.9900 -0.3022 -0.2889 -0.3956 2.77 -8.97 2.82 201 406 371 429 207 
-0.6547 0.5925 -0.1586 0.4418 71.56 20.37 76.06 5.23 -4.60 2.35 2.6900 3.7300 0.0500 -1.9122 3.6189 -3.3667 4.88 -8.28 1.90 185 382 346 411 206 
-0.4225 0.5774 -0.2372 0.6572 124.69 32.94 71.19 9.94 -7.03 7.27 4.8400 1.2100 4.2800 -4.3389 4.0389 0.6900 4.18 -8.58 2.24 179 384 352 416 208 
-0.1796 0.3813 -0.5438 0.7257 156.50 18.37 87.00 4.56 -8.37 -4.92 -1.0800 0.6700 -4.5700 -2.4333 3.2922 0.8244 2.36 -9.48 -0.71 171 382 361 426 208 
-0.0391 0.2229 -0.7144 0.6621 173.87 13.56 97.87 1.40 -9.50 -4.42 -1.0800 -0.1400 -2.8900 -0.1444 0.0644 0.2144 2.12 -9.45 -1.52 168 383 365 423 208 
-0.0365 0.2060 -0.7299 0.6508 174.00 12.38 98.50 0.26 -7.66 -6.11 -0.7400 3.0200 -7.0400 1.2789 -1.4567 -0.8478 2.42 -9.45 -0.89 163 382 360 414 208 
-0.0894 0.2654 -0.6061 0.7444 163.94 18.12 75.25 5.01 1.81 2.46 2.5400 10.0500 1.7000 7.4711 -0.8667 -0.9011 4.50 -5.52 6.73 166 385 362 422 209 
-0.2563 0.3308 -0.1235 0.8998 146.69 30.00 24.06 -1.67 1.97 23.35 -5.1200 4.1900 13.1400 -2.7200 -0.0189 -0.4700 4.20 -4.33 7.72 170 387 359 420 208 
-0.1902 0.2789 -0.2676 0.9024 160.87 23.50 48.75 6.66 -1.05 1.47 3.9700 6.4300 -4.4300 -5.6244 2.0344 -0.1967 3.50 -8.64 3.03 169 388 361 425 209 
-0.0143 0.2468 -0.6194 0.7451 179.31 20.56 89.50 3.89 -6.04 -16.75 -0.4700 2.3400 -16.9100 1.9556 -1.3344 -0.0667 3.45 -9.17 0.17 164 383 365 425 210 
-0.1078 0.3037 -0.5225 0.7894 156.62 23.19 61.81 11.52 3.23 12.83 7.5100 10.2700 11.0800 5.9156 0.6100 1.2078 3.77 -5.22 7.39 166 385 368 420 210 
-0.3030 0.2977 -0.1826 0.8867 142.94 25.75 35.75 2.43 -3.50 10.34 -1.9600 1.9800 2.0700 -2.3256 -0.2967 -0.9667 4.84 -5.95 6.10 162 381 365 405 208 
;
