0.8151 -0.1185 -0.5318 -0.1970 27.19 66.00 -2.19 8.82 0.25 3.96 -0.1600 0.0800 0.0400 -0.0133 0.0144 0.0200 8.95 0.14 3.99 168 313 303 327 208 
0.8157 -0.1204 -0.5302 -0.1979 27.25 65.81 -1.75 8.28 0.02 4.13 -1.8000 0.0700 0.5900 0.4978 -1.5667 0.1100 9.37 0.14 2.88 169 321 306 322 207 
0.7089 -0.1396 -0.6774 -0.1383 21.19 83.44 178.00 11.13 -0.04 -2.80 0.0300 0.3300 -1.0900 -1.8833 -3.3556 1.4833 8.87 -1.00 -4.05 171 332 305 341 199 
0.4044 -0.3355 -0.8430 -0.1152 47.94 44.31 177.44 4.25 0.40 -7.99 0.5400 0.2300 -0.3900 -3.4144 -1.6556 0.6544 5.54 1.10 -8.01 181 269 239 276 175 
0.1750 -0.4819 -0.8342 -0.2031 61.13 27.94 -167.75 7.62 -0.48 -12.17 3.1600 -2.5300 -4.2700 0.0400 -0.3111 0.4522 4.28 1.81 -8.63 182 265 239 287 174 
0.1604 -0.5244 -0.8171 -0.1779 67.12 27.75 -176.31 9.93 0.90 -13.85 4.8800 1.2900 -4.8800 2.4578 1.2100 2.5356 5.01 -1.88 -8.21 181 277 248 300 181 
0.3275 -0.6071 -0.7240 0.0018 334.00 26.06 137.06 -2.52 4.09 -15.16 4.9900 13.3600 2.2700 5.7611 3.2378 3.7756 2.97 -9.33 0.49 205 416 363 446 207 
0.6866 -0.4744 -0.4089 0.3690 302.81 10.75 73.94 -3.02 -2.26 5.84 -5.2500 6.1800 2.6500 0.4456 -0.1467 -0.5678 2.01 -9.05 3.18 204 415 368 443 211 
0.7234 -0.4517 -0.3819 0.3560 307.69 14.13 73.31 2.00 -8.05 3.19 -0.9000 1.5900 0.7200 -0.6844 0.0556 -0.9856 2.99 -9.06 2.26 196 385 359 378 209 
0.7132 -0.4643 -0.4415 0.2844 318.94 23.94 81.00 2.52 -4.82 0.95 -1.9300 2.9300 -0.7000 -1.8233 0.3911 -1.8167 5.15 -8.33 0.38 184 324 315 318 203 
0.6619 -0.4708 -0.5618 0.1570 334.12 38.63 103.12 6.54 -6.16 -2.60 0.9300 0.7700 -1.1000 -4.3233 -3.1333 -1.8700 6.07 -5.28 -5.60 191 288 250 307 195 
0.3737 -0.4910 -0.7869 -0.0034 62.69 35.19 160.94 11.53 -2.14 -12.62 4.3600 0.7600 -4.6400 -1.6689 -0.0956 -0.8267 5.50 -0.83 -8.07 193 296 270 326 207 
;
0.2642 -0.4609 -0.8396 -0.1132 56.75 33.63 177.19 7.10 -1.39 -8.82 1.1400 -1.0000 -0.3700 -0.0144 -0.2833 0.0222 5.27 -0.27 -8.26 192 304 275 331 206 
0.2571 -0.4517 -0.8466 -0.1149 56.25 32.44 177.25 5.71 -0.57 -8.05 0.8100 0.2200 0.3600 0.0989 0.2144 0.1122 5.30 -0.51 -8.22 192 305 274 330 206 
0.2645 -0.4550 -0.8434 -0.1075 56.94 33.13 175.56 5.02 -0.65 -7.71 -0.2000 0.1600 0.4000 0.1144 0.0233 0.0400 5.39 -0.71 -8.15 194 305 274 335 206 
0.2748 -0.4579 -0.8389 -0.1055 57.13 33.94 174.69 5.60 -0.80 -7.62 0.1700 -0.0900 0.5800 0.0156 -0.0256 0.0367 5.53 -0.77 -8.05 188 299 272 305 202 
0.3124 -0.4528 -0.8282 -0.1073 57.31 43.56 170.19 9.46 -1.10 -7.00 3.3600 0.6900 0.3800 1.0422 8.6833 0.0389 9.44 -1.54 -2.15 179 321 282 300 199 
0.7746 -0.2989 -0.4684 -0.3021 43.38 52.00 13.25 0.56 -1.28 5.21 -4.0600 -0.0600 0.6300 0.9889 -1.7700 -1.1200 7.83 -0.12 5.89 176 308 277 285 193 
0.7969 -0.1982 -0.4460 -0.3560 49.19 57.88 -0.37 9.71 0.08 3.95 -0.2600 0.2200 -0.2700 0.2844 3.3711 0.1911 7.13 -0.05 6.72 174 314 278 287 190 
0.8214 -0.1893 -0.3818 -0.3791 49.75 51.38 1.62 7.55 -0.01 5.42 -0.2400 0.0600 0.1300 0.0311 -0.2456 -0.0911 7.81 -0.06 5.91 173 314 276 288 192 
0.7950 -0.1990 -0.4301 -0.3787 51.75 60.69 -2.56 6.80 0.14 4.43 -2.3700 -0.2100 -0.0800 -0.7233 -5.5144 -1.1722 9.68 0.85 1.28 178 309 271 296 178 
0.4768 -0.3394 -0.7467 -0.3160 76.87 47.88 -165.56 12.99 2.64 -7.40 5.2100 -1.1100 -3.7100 -0.4600 -1.1433 0.9411 5.28 1.66 -8.08 181 262 231 290 172 
0.1925 -0.4944 -0.8192 -0.2177 63.44 31.00 -169.75 11.14 1.01 -15.08 5.2300 0.4600 -7.1200 1.3267 -0.2833 1.6178 5.10 0.02 -8.37 177 272 241 299 175 
0.2757 -0.5786 -0.7606 -0.1042 78.12 30.44 157.19 5.42 1.35 -10.83 -2.6500 10.7700 -6.3600 13.7644 0.8656 2.6589 4.58 -8.53 -1.51 205 418 366 448 206 
0.6695 -0.4758 -0.4764 0.3138 307.94 18.12 82.00 -1.76 0.31 2.99 -4.2700 7.7300 1.7800 0.9389 1.1578 -0.0889 2.72 -9.12 2.32 204 421 373 448 207 
0.7106 -0.4535 -0.4156 0.3417 308.50 16.19 75.81 2.22 -8.38 3.64 -1.2800 0.6100 0.6600 -0.4011 -0.3433 0.0433 2.76 -9.19 2.01 204 414 374 435 207 
0.7029 -0.4599 -0.4351 0.3242 313.37 20.75 77.94 0.85 -3.18 1.04 -2.2200 5.5400 -1.9200 -0.5533 1.1844 -2.5489 4.95 -8.26 1.83 187 341 296 327 202 
0.7538 -0.4156 -0.4856 0.1525 343.69 41.75 76.69 6.43 -5.32 2.12 1.1600 1.2500 1.3000 -2.0544 -1.2833 -2.9767 8.06 -5.57 0.17 183 310 285 299 196 
0.6134 -0.4107 -0.6740 -0.0281 10.63 55.06 137.19 11.76 -2.60 -9.14 6.0900 1.0200 -4.3700 -4.7222 -2.0933 -2.2089 6.98 -0.41 -6.86 190 274 240 311 199 
0.3080 -0.4453 -0.8162 -0.2017 56.94 43.06 -173.75 9.83 0.39 -8.86 4.2700 -0.2800 -1.4000 0.0000 0.1744 -0.0589 6.53 0.93 -7.25 192 282 248 316 197 
;
