0.9175 0.1149 -0.0432 -0.3783 45.00 0.44 -14.25 0.17 2.71 9.74 0.5900 0.0600 0.1200 0.4367 -1.1211 -0.2078 0.88 2.71 9.38 161 308 295 332 207 
0.8996 0.1218 -0.1437 -0.3939 48.25 16.56 -22.06 3.24 4.05 10.53 4.8700 0.3500 1.0300 -1.1656 -8.2744 0.9022 7.58 2.94 5.46 166 321 308 332 197 
0.7049 -0.1933 -0.5886 -0.3453 48.13 86.44 -179.50 6.45 1.09 -3.38 -3.9800 2.4900 1.5600 0.2889 -5.9456 2.9789 6.84 -2.67 -6.49 180 284 224 271 178 
0.3178 -0.4796 -0.8177 -0.0205 61.06 27.06 166.12 6.79 -0.56 -8.53 1.8100 0.5900 -0.5300 -2.4444 -0.4500 -1.2289 3.73 -0.21 -9.06 184 236 216 290 175 
0.1486 -0.4702 -0.8608 -0.1265 56.81 22.19 -172.62 7.48 -1.17 -13.29 4.3300 -2.2400 -4.2300 0.2856 -0.1489 0.2289 3.65 1.10 -9.03 181 232 233 292 176 
0.1506 -0.4851 -0.8538 -0.1143 61.69 21.69 178.31 10.68 -0.96 -18.71 6.3000 -0.3500 -9.1400 2.9500 0.7878 2.7989 3.80 -2.88 -8.56 193 314 281 361 200 
0.3796 -0.5867 -0.7061 0.1145 318.31 25.94 116.25 -0.24 3.44 1.84 -6.6200 13.5600 0.3700 3.3033 2.7278 2.1233 2.68 -9.40 0.77 203 415 378 446 207 
0.6620 -0.4747 -0.4447 0.3723 302.37 12.81 79.31 -1.92 -4.47 4.02 -1.1200 4.1600 2.8600 0.2367 -0.2489 -0.1867 2.27 -9.33 1.95 204 414 381 444 208 
0.6738 -0.4709 -0.4410 0.3604 304.25 15.63 81.31 3.01 -7.85 1.60 0.9400 1.8600 -0.0500 -1.2944 0.9056 -1.1711 3.33 -9.19 0.68 191 328 312 293 196 
0.6795 -0.5491 -0.4474 0.1913 338.50 23.44 91.00 9.56 -3.93 -0.32 3.3400 5.5200 0.0900 -1.9078 6.7778 3.9333 1.83 -9.63 -0.06 176 206 191 201 139 
0.6597 -0.7487 -0.0648 0.0087 358.12 2.62 100.19 0.55 -11.98 -1.36 -0.1100 -3.3000 0.6200 2.0967 3.8922 -0.7044 0.74 -9.77 -0.25 89 225 203 227 155 
0.7065 -0.6858 0.0670 -0.1614 29.25 7.44 86.62 -0.21 -11.76 -1.96 -1.8100 -1.0800 -1.4300 -0.7489 0.8856 -0.3311 1.31 -9.71 0.04 85 183 174 183 117 
0.6598 -0.7150 0.1036 -0.2065 35.06 10.25 92.62 1.00 -10.84 -1.81 -2.0200 -1.4800 -1.3400 0.0189 -1.1211 -0.3878 1.91 -9.60 -0.47 89 185 176 187 120 
0.6650 -0.7214 0.0475 -0.1873 27.00 13.13 92.00 5.75 -11.72 -8.90 2.7700 -1.4500 -9.9800 3.8389 -1.6556 -0.4933 2.70 -9.24 1.82 91 187 182 191 123 
0.8278 -0.5341 -0.1642 -0.0511 1.44 20.87 56.75 8.64 8.21 1.59 4.8700 14.9900 -2.4900 7.2489 -5.0189 -0.0311 5.30 -4.34 7.00 89 193 183 192 125 
0.8981 -0.0755 -0.3950 0.1782 335.37 45.94 19.56 4.21 -6.61 22.77 4.5700 1.7000 6.4300 -1.2500 0.1889 0.1822 7.10 -3.12 5.98 91 188 184 190 125 
0.8820 -0.1461 -0.4280 0.1325 345.75 44.88 36.88 8.90 -0.69 7.51 2.3200 4.6600 1.2600 -3.8011 1.1833 -0.0456 6.41 -5.81 4.59 92 190 185 192 124 
0.8362 -0.3966 -0.3785 -0.0108 5.31 39.25 63.00 7.42 -5.25 -2.82 1.8200 1.3800 -6.1500 -1.6733 1.2156 -0.4578 6.21 -7.07 2.75 93 192 184 192 123 
0.7896 -0.4910 -0.3461 -0.1249 19.19 44.50 64.12 8.01 -7.28 -7.33 0.6000 -2.1200 -6.5300 4.6778 -1.0456 -1.3600 7.89 -4.34 3.87 93 194 181 181 112 
0.8406 -0.2190 -0.4932 -0.0470 8.56 60.94 41.00 12.75 -1.55 3.35 0.1400 0.7200 -1.6000 0.0356 0.9833 -0.0844 8.29 -3.10 4.20 94 190 187 191 124 
0.8478 -0.2260 -0.4758 -0.0616 8.38 55.50 34.75 4.27 -4.41 7.89 -3.3300 -1.1700 3.0200 -0.4311 1.9156 -1.4700 7.87 -2.51 5.26 115 256 229 245 174 
;
