0.0679 0.0447 -0.2416 -0.9670 171.94 -3.06 -28.25 -0.57 4.55 8.63 -0.0700 -0.1000 0.0200 -0.0011 0.0022 0.0033 -0.52 4.64 8.62 168 372 376 412 219 
0.0679 0.0447 -0.2416 -0.9670 171.94 -3.06 -28.25 -0.60 4.52 8.68 -0.0400 -0.1000 0.0700 -0.0011 -0.0122 0.0078 -0.52 4.64 8.62 167 370 375 411 219 
0.0679 0.0446 -0.2416 -0.9670 171.94 -3.00 -28.31 -0.55 4.52 8.63 -0.0200 -0.1100 0.0100 0.0189 -0.0144 0.0144 -0.50 4.65 8.61 167 370 377 410 218 
0.0683 0.0424 -0.2435 -0.9666 172.00 -1.87 -28.87 -2.21 5.15 10.92 -2.6300 0.4800 2.5800 1.0256 -4.9889 0.5267 2.89 5.40 7.65 168 322 331 376 222 
-0.0107 -0.3309 -0.3282 -0.8846 184.87 48.75 -60.81 14.46 4.43 -7.80 5.5700 0.1500 -6.2800 4.2878 -12.1311 5.7711 7.42 2.09 -6.05 183 279 265 276 204 
0.0770 -0.9412 -0.2334 -0.2317 154.31 21.19 171.69 -0.33 0.05 -1.11 -4.2200 2.2400 8.1000 0.0778 -1.2144 0.2922 2.34 -1.77 -9.35 189 261 247 272 205 
0.0508 -0.9673 -0.2276 -0.0995 152.00 10.00 -176.87 2.96 3.10 -8.87 1.0700 2.4300 -1.0300 -3.6900 0.0122 -1.3822 1.03 3.19 -9.21 188 271 254 288 209 
-0.2153 -0.9267 -0.2891 -0.1065 144.25 4.31 -149.50 5.00 4.48 -16.33 5.7700 -0.5900 -6.9000 0.7356 0.5622 0.4700 1.15 4.61 -8.57 187 285 276 304 215 
-0.1895 -0.9311 -0.2792 -0.1385 147.44 9.44 -154.62 8.89 13.02 -20.32 4.6100 5.1400 -11.2600 6.0889 4.2833 4.1889 3.72 0.86 -9.02 196 399 349 426 225 
0.3824 -0.8749 -0.1154 -0.2740 57.50 30.87 106.00 -8.76 4.98 0.40 -14.8600 11.9900 2.2200 2.2889 1.4922 2.0844 3.30 -9.14 1.23 199 408 369 435 223 
0.6769 -0.6487 0.0772 -0.3392 53.44 20.31 81.06 2.17 -6.02 2.30 -0.7900 2.2700 1.1400 -0.6889 -0.0767 -0.8511 4.08 -8.86 0.94 202 402 365 424 226 
0.6095 -0.6897 0.0558 -0.3870 72.19 30.44 91.62 10.32 -3.36 0.78 3.6900 1.1000 -1.2400 -5.5078 5.8111 -1.1611 6.25 -7.40 -1.48 169 317 316 316 213 
0.2573 -0.6725 0.3185 -0.6165 147.81 40.69 93.69 8.68 -5.43 -2.50 2.0900 2.5300 -2.7400 -4.4133 6.1078 2.2567 4.98 -8.44 0.00 167 319 326 344 220 
-0.0152 -0.2596 0.6821 -0.6834 186.62 16.56 96.94 0.23 -8.34 -5.44 -1.9200 0.3600 -3.7900 -0.9000 -0.2633 0.7656 1.70 -9.42 -2.11 173 320 320 341 219 
-0.0121 -0.1140 0.7686 -0.6294 182.12 9.94 102.19 1.23 -11.19 -7.97 -0.5100 -1.3800 -5.8700 0.5456 0.7222 -0.2589 2.02 -9.43 -1.73 172 321 319 345 219 
-0.0510 -0.1183 0.7268 -0.6747 190.75 15.31 88.50 -5.84 -6.26 -0.08 3.4400 7.7900 7.6200 2.4422 1.1444 -0.4256 3.16 -8.74 3.10 175 330 324 355 219 
-0.0978 -0.1297 0.5612 -0.8116 193.19 18.00 71.31 4.15 -7.12 6.46 0.7900 1.5600 3.0900 -1.6244 -0.6367 0.5889 2.93 -9.17 1.81 174 331 327 355 218 
-0.0521 -0.1415 0.6560 -0.7396 186.37 15.25 87.31 1.18 -8.90 -3.55 -1.5100 0.8000 -4.5200 -1.0244 -0.9322 0.3122 2.25 -9.52 -0.64 174 328 322 344 212 
0.0005 -0.1630 0.7191 -0.6755 180.06 12.88 95.00 0.31 -10.03 -7.22 -2.1400 -0.7700 -7.0600 0.6911 1.4144 -0.2500 2.49 -9.48 -0.14 174 328 325 345 217 
-0.0742 -0.1419 0.6589 -0.7350 193.25 19.69 79.06 3.38 -3.49 4.37 -0.0500 4.6300 4.4800 3.4267 1.3867 0.2578 2.99 -8.41 4.05 173 327 325 350 217 
-0.1085 -0.1125 0.5037 -0.8496 195.06 18.75 60.56 3.72 -6.11 7.53 -0.2100 1.0700 1.1200 -0.1067 -2.4511 -0.3556 4.20 -8.00 3.80 171 325 330 351 218 
-0.0295 -0.2858 0.4944 -0.8204 175.81 35.31 68.87 5.39 -6.63 0.00 -2.6500 -0.1100 -4.9500 4.2733 -9.8556 -1.3489 7.42 -6.40 -0.12 169 310 308 316 216 
0.3228 -0.7578 0.1241 -0.5533 106.00 47.06 111.81 0.28 -6.23 -0.24 -3.8700 2.2700 2.8500 0.2433 -6.0578 -1.3644 5.95 -6.04 -4.90 191 294 289 310 219 
0.2969 -0.9083 -0.1804 -0.2332 152.69 27.87 157.00 1.67 1.05 -3.08 -1.0800 3.8000 4.4300 -3.3978 -3.7489 -2.9922 2.75 0.17 -9.41 194 293 282 313 225 
-0.1233 -0.9291 -0.3337 -0.1012 140.31 4.37 -157.69 -0.08 8.39 -22.73 1.9300 2.7000 -10.3600 1.6100 -1.2267 0.2556 0.38 3.18 -9.26 195 302 291 318 226 
-0.1224 -0.9309 -0.3335 -0.0847 140.62 4.44 -164.06 1.77 2.45 -8.41 1.3900 -0.2300 1.1900 0.2956 0.5089 0.0489 1.10 2.44 -9.43 194 304 294 320 224 
-0.0966 -0.9341 -0.3302 -0.0950 141.31 6.37 -165.94 0.70 2.72 -8.90 0.4200 0.0900 0.5200 0.0144 0.1544 -0.0711 1.17 2.34 -9.44 195 308 294 322 226 
-0.0939 -0.9362 -0.3245 -0.0978 141.81 7.19 -166.00 2.04 2.80 -9.45 1.0400 0.3600 0.0000 0.0733 0.1256 0.0133 1.32 2.34 -9.43 194 307 296 324 224 
;
