0.9592 0.1323 -0.2010 -0.1487 17.62 20.25 -19.50 3.52 3.00 8.55 0.1200 -0.0700 -0.0800 -0.0056 -0.0089 -0.0089 3.41 3.07 8.66 160 345 339 393 217 
0.9590 0.1318 -0.2020 -0.1488 17.62 20.37 -19.50 3.44 2.91 8.72 0.0100 -0.1500 0.0200 0.0011 -0.0044 -0.0044 3.41 3.06 8.66 159 345 341 392 218 
0.9590 0.1315 -0.2021 -0.1488 17.62 20.37 -19.44 3.46 2.96 8.59 0.0700 -0.0700 -0.0500 -0.0011 -0.0278 -0.0022 3.46 3.06 8.64 163 346 340 392 216 
0.9502 0.1317 -0.2422 -0.1451 17.37 32.69 -21.69 7.64 3.13 12.34 2.6100 0.1900 4.6300 -1.8811 -8.1922 0.3800 8.87 2.20 3.55 179 319 322 345 193 
0.6476 -0.0995 -0.7420 -0.1418 22.69 68.69 177.00 -3.20 2.32 -5.47 -14.2700 2.6800 -1.4100 -1.1533 -5.5844 1.1967 6.86 -0.90 -6.94 191 282 251 276 177 
0.2865 -0.3362 -0.8939 -0.0761 42.69 27.44 177.56 6.71 -1.16 -8.78 2.4500 -0.2800 0.0100 -0.4322 -1.6544 0.4411 2.86 0.02 -9.37 189 258 244 281 179 
0.1086 -0.3947 -0.9089 -0.0794 46.75 15.13 -174.94 4.03 -0.27 -11.44 1.6700 -1.5000 -2.1900 -0.2289 0.1389 -0.1333 2.68 1.31 -9.33 185 265 252 287 179 
0.1036 -0.3887 -0.9070 -0.1249 47.00 17.44 -171.62 8.82 -0.64 -17.23 6.0000 -1.5800 -8.2600 1.3100 1.2922 1.6722 3.73 0.34 -9.06 185 298 277 313 191 
0.2556 -0.4619 -0.8491 -0.0232 58.81 29.81 158.62 5.69 1.90 -16.96 5.3500 11.2600 2.1800 9.1311 5.8622 2.8367 4.71 -8.45 -1.57 202 414 374 445 211 
0.6329 -0.4026 -0.5350 0.3886 296.19 18.87 78.31 -1.59 -0.22 4.38 -4.0400 8.0500 2.2400 0.6411 0.6056 -0.0589 2.98 -8.93 2.72 203 412 382 442 213 
0.6829 -0.3919 -0.4649 0.4049 299.00 19.25 74.75 2.13 -7.52 2.05 -0.2600 1.7000 0.2400 -0.7511 0.4400 -0.7767 3.64 -8.87 2.02 195 392 372 395 210 
0.7112 -0.4363 -0.4667 0.2935 327.69 24.50 79.12 9.37 -6.12 -1.05 7.2900 2.3000 -3.8800 -2.8622 10.3478 1.1378 2.48 -9.23 2.15 173 280 308 299 203 
0.7430 -0.6502 0.0916 -0.1296 28.50 -4.81 89.50 -2.20 -7.87 -3.05 -0.3400 1.6000 -2.5600 -4.8433 5.0911 3.0200 -2.41 -8.43 -4.39 158 254 263 246 175 
0.4400 -0.6735 0.5662 -0.1799 46.25 -14.44 124.56 -4.17 -8.65 -9.28 -0.7300 -0.3500 -3.4100 0.3233 0.3756 -0.2700 -2.21 -8.04 -5.14 160 271 272 262 179 
0.4377 -0.6683 0.5576 -0.2256 57.06 -9.56 121.31 -1.35 -6.99 -7.19 0.9400 1.3700 -2.3500 0.1067 0.3667 -0.1111 -1.40 -8.33 -4.96 165 278 283 273 189 
0.4440 -0.6584 0.5456 -0.2675 62.38 -7.06 112.31 -0.94 -9.16 -8.15 -2.1000 2.2000 -4.8100 9.0444 -1.6222 -2.3789 0.32 -9.40 2.76 165 291 294 279 198 
0.6949 -0.4528 0.2572 -0.4959 71.75 6.50 59.13 4.44 -3.23 8.69 3.0500 4.0500 2.6900 0.3267 -0.5856 0.1311 1.54 -7.78 5.76 170 290 295 281 200 
0.7247 -0.4252 0.1927 -0.5068 69.25 7.62 57.06 3.84 -5.26 10.30 2.3400 3.9900 4.5900 -4.0622 0.2422 1.3489 0.45 -9.30 3.05 170 289 294 282 196 
0.6290 -0.5728 0.3703 -0.3729 58.06 -5.56 95.75 -2.03 -5.50 -7.22 -0.3400 4.0800 -5.5900 -6.4222 1.0711 1.5811 -1.91 -8.02 -5.29 172 280 287 285 187 
0.3929 -0.7093 0.5692 -0.1365 38.19 -14.75 132.06 -4.78 -5.39 -11.41 -1.1300 1.8100 -4.4300 1.8833 0.7267 -0.7111 -1.92 -7.90 -5.48 172 281 286 281 188 
0.4566 -0.6703 0.5297 -0.2484 61.88 -6.50 110.50 -4.20 -8.36 -3.50 1.5500 1.4700 0.0100 8.4000 -0.8756 -3.6400 1.17 -9.44 2.35 169 289 257 277 192 
0.6685 -0.5125 0.2644 -0.4697 70.62 7.12 68.75 3.52 -6.31 5.99 1.8600 2.0000 1.9000 -0.7078 0.2089 0.1400 1.21 -9.16 3.26 169 289 288 282 192 
0.6583 -0.5286 0.2747 -0.4601 69.44 6.81 74.50 2.51 -7.48 1.53 1.5800 2.7000 -2.3300 -1.5356 -0.4178 0.8556 0.71 -9.66 1.50 157 275 291 279 192 
0.6649 -0.5674 0.2975 -0.3841 54.63 1.62 74.94 -0.97 -7.73 -5.38 -1.2600 1.2500 -7.8800 7.5911 -6.1422 0.4933 2.15 -6.64 6.88 165 304 313 298 197 
;
