0.8163 -0.1392 -0.4615 -0.3182 42.56 57.31 -7.00 8.20 0.42 5.23 -0.1000 -0.2000 -0.0300 -0.0078 -0.0144 -0.0100 8.25 0.63 5.25 169 300 332 332 206 
0.8149 -0.1407 -0.4637 -0.3180 42.69 59.25 -7.50 5.56 0.84 7.34 -2.0100 -0.4900 1.3200 -0.0822 -7.2733 0.2567 9.73 0.53 1.06 167 287 270 310 195 
0.5805 -0.2628 -0.7364 -0.2275 38.63 57.38 177.94 12.17 1.64 -9.39 3.1200 2.1800 0.6300 -0.8944 -1.2111 1.0911 5.38 -0.78 -8.15 182 235 208 267 179 
0.2156 -0.3986 -0.8885 -0.0715 47.31 22.69 179.81 3.94 -1.52 -8.00 1.0100 -0.5300 1.2800 -0.8078 -1.6800 -0.5556 2.36 0.70 -9.49 190 253 227 295 194 
0.0666 -0.3627 -0.9234 -0.1067 41.75 9.88 -169.31 4.90 0.95 -12.04 1.9700 -0.4500 -0.7300 0.2322 0.5700 0.2367 1.87 1.75 -9.46 188 257 232 301 192 
0.0624 -0.3539 -0.9257 -0.1183 42.00 11.75 -169.37 3.53 0.11 -11.89 3.2300 -1.3800 -4.5400 -0.3644 0.7611 0.2133 2.47 1.99 -9.27 186 259 233 304 191 
0.1152 -0.3749 -0.9081 -0.1465 47.25 22.12 -172.81 10.66 1.90 -20.52 5.1100 3.9300 -10.1400 8.8800 6.0833 3.6233 5.81 -4.46 -6.51 203 412 373 438 211 
0.5486 -0.3851 -0.6956 0.2589 304.62 30.81 95.56 -3.71 1.44 0.04 -6.3000 9.8400 0.7800 2.2744 0.7278 1.5389 3.84 -8.89 1.49 205 415 382 447 213 
0.6578 -0.3597 -0.5109 0.4205 294.56 21.56 75.19 1.14 -6.06 4.20 -2.1900 2.2500 1.3900 -0.1400 -0.1889 -0.2744 3.79 -8.76 2.24 204 413 383 447 212 
0.6649 -0.3500 -0.5197 0.4066 297.81 24.75 76.94 3.21 -5.85 2.75 -1.3100 3.2400 1.1300 -0.9422 0.3667 -1.2756 4.84 -8.39 1.50 197 380 361 363 205 
0.6782 -0.3477 -0.5803 0.2870 320.94 41.13 89.06 -0.88 -0.60 -1.52 -5.1200 6.4600 -1.1700 -2.3478 -0.8367 -3.7733 8.12 -5.19 -1.75 169 284 246 269 187 
0.5809 -0.2721 -0.7669 -0.0184 19.06 64.81 162.37 10.76 0.30 -11.67 8.0200 4.3000 -9.1000 -4.2344 -4.3544 -3.0644 6.45 2.55 -6.92 176 240 217 266 177 
0.2405 -0.2389 -0.8970 -0.2835 29.25 32.75 -151.25 11.52 2.84 -9.96 0.8600 -1.1700 -0.0500 0.8033 -0.7111 1.1878 5.35 2.96 -7.66 185 252 229 286 185 
0.2208 -0.2810 -0.9039 -0.2349 34.56 30.00 -159.25 6.72 3.21 -9.00 2.0500 0.0500 -1.2400 0.1467 -0.1589 0.1400 4.69 2.92 -8.10 185 255 237 285 184 
0.1985 -0.2839 -0.9103 -0.2267 34.63 29.50 -159.69 5.14 2.73 -7.60 0.3300 -0.3900 0.1100 -0.0322 -0.0711 0.0600 4.82 2.93 -8.01 185 257 239 288 184 
0.1979 -0.2885 -0.9083 -0.2294 35.63 29.44 -159.37 6.71 2.38 -8.87 1.6000 -1.1800 -1.5000 -0.2467 -0.2678 0.4733 4.80 3.00 -8.00 183 260 242 294 182 
0.2000 -0.3234 -0.8955 -0.2313 42.13 32.25 -163.56 16.29 1.59 -16.51 10.8900 1.9700 -8.9700 4.9367 2.1811 4.5467 6.37 -1.51 -7.29 200 388 363 439 210 
0.5169 -0.3875 -0.7526 0.1276 317.94 37.75 106.62 -2.95 1.12 -4.22 -8.0600 9.4700 -3.6000 4.4144 1.0933 2.7378 3.80 -8.84 1.84 203 424 377 453 213 
0.6790 -0.3656 -0.4716 0.4277 296.00 18.69 70.69 -1.00 -2.99 4.92 -2.1100 4.8900 2.0000 -0.0544 0.0478 -0.3033 3.23 -8.66 3.25 204 425 380 451 213 
0.6970 -0.3635 -0.4617 0.4109 299.56 20.75 71.62 2.27 -7.48 3.22 -1.5500 1.2800 0.1800 -0.3967 -0.1244 -0.7744 3.94 -8.59 2.59 201 416 382 432 211 
0.7153 -0.3674 -0.4971 0.3259 319.56 32.13 75.19 3.12 -0.24 0.59 -3.4000 6.8500 -2.9800 -2.3056 3.2567 -4.5344 7.14 -6.35 2.18 175 297 291 301 198 
0.7996 -0.3209 -0.5060 -0.0406 15.69 61.75 39.25 13.84 1.35 3.52 10.1800 2.1000 3.6100 1.7744 4.1367 -3.9056 7.85 0.64 5.83 169 314 339 384 207 
;
0.8741 0.0010 -0.4083 -0.2633 32.06 38.13 -20.56 3.69 4.33 13.81 2.2100 -0.0700 6.8100 -1.1611 -0.8811 -0.2722 5.87 2.66 7.38 168 313 349 404 208 
0.8903 0.0422 -0.3584 -0.2780 34.69 37.56 -20.37 5.19 2.63 7.92 -0.9800 -0.1200 0.3900 -0.0111 -0.2822 0.0822 6.00 2.68 7.27 168 314 344 401 209 
0.8884 0.0406 -0.3645 -0.2763 34.50 38.75 -20.62 5.06 2.30 9.66 -0.4000 -0.3500 3.6900 -0.4711 -3.2911 0.4811 7.69 2.31 5.61 174 311 324 362 200 
0.7481 -0.0967 -0.6089 -0.2454 34.38 84.00 -176.12 11.50 -1.20 -5.99 6.3500 1.5000 0.9300 -1.2900 -6.4156 3.5233 6.91 -1.21 -6.84 185 269 244 303 197 
0.3300 -0.3999 -0.8527 -0.0645 52.69 33.88 169.44 0.02 1.21 -5.14 -3.3500 1.3800 2.4200 -1.5267 -1.0767 -0.5233 4.72 -0.23 -8.59 188 272 246 302 194 
0.2001 -0.4151 -0.8769 -0.1370 49.81 26.31 -172.56 5.28 1.08 -10.62 1.0300 -0.3600 -2.1500 -0.9633 -0.3433 -0.4456 4.04 1.93 -8.72 186 273 251 301 189 
0.1437 -0.4006 -0.8849 -0.1895 49.19 24.00 -165.62 11.55 0.85 -18.71 7.6000 -1.6200 -12.0500 2.9767 1.1711 2.3811 4.92 0.25 -8.47 193 354 328 392 208 
0.3970 -0.4379 -0.8064 -0.0171 338.50 42.44 130.56 2.64 1.19 -8.19 -5.1300 9.4500 -3.5500 5.8278 2.7144 3.7522 4.95 -8.45 0.16 202 418 380 449 209 
0.6822 -0.3770 -0.4999 0.3776 299.75 21.12 71.87 -1.59 -1.62 3.45 -4.7700 6.9100 0.8800 0.6478 0.2778 0.2433 3.17 -8.51 3.68 202 423 382 448 210 
0.7156 -0.3472 -0.4341 0.4229 299.00 19.75 66.37 1.86 -6.88 4.58 -1.5100 1.3300 0.7800 -0.5367 -0.2578 -0.4233 3.67 -8.47 3.29 204 421 387 447 211 
0.7088 -0.3537 -0.4717 0.3873 303.94 24.31 72.06 1.34 -4.10 2.64 -3.8300 4.7900 -0.6400 -1.6667 -1.4378 -1.9456 5.22 -8.15 1.54 188 365 351 352 209 
0.6765 -0.3413 -0.6100 0.2319 331.69 49.19 95.50 3.43 0.12 -3.34 -6.7100 5.4700 -3.8200 -3.6467 -2.9822 -4.3322 8.77 -2.95 -3.21 185 264 236 259 172 
0.4761 -0.2715 -0.8266 -0.1278 50.63 54.00 -169.06 12.87 1.64 -13.72 7.3900 0.2800 -7.2000 -0.9333 -2.3444 0.0556 6.53 2.84 -6.73 182 255 234 274 174 
0.2867 -0.2791 -0.8769 -0.2665 85.87 39.94 -156.50 7.03 2.29 -7.25 2.5000 -0.8700 0.0900 0.2711 -0.0589 -0.0322 6.22 2.93 -6.99 190 259 238 278 176 
0.2748 -0.2816 -0.8839 -0.2529 35.81 38.38 -158.25 5.43 2.48 -7.05 -0.6700 -0.4500 -0.1200 -0.0644 -0.0578 0.0089 6.06 2.89 -7.14 188 264 242 277 176 
0.2636 -0.2944 -0.8825 -0.2548 37.31 37.75 -158.19 6.21 2.40 -7.53 0.0500 -0.2800 -0.0600 -0.0733 -0.2178 0.0644 5.88 2.89 -7.29 189 265 239 279 172 
0.2420 -0.3143 -0.8821 -0.2541 40.25 34.94 -158.25 9.12 1.42 -12.65 4.9900 -1.4900 -5.7100 -0.2033 -0.3289 0.6433 5.40 2.77 -7.69 189 287 255 303 184 
0.2366 -0.3950 -0.8602 -0.2189 52.94 39.31 -175.87 9.68 2.21 -16.35 5.5700 4.1900 -5.6000 9.5067 2.0289 3.6978 6.85 -5.13 -4.77 200 410 372 449 213 
0.6012 -0.4082 -0.6536 0.2113 313.25 33.06 95.00 -1.75 1.06 -0.22 -6.4100 8.7700 -0.4300 1.6933 1.0633 1.2122 4.32 -8.70 1.26 203 422 387 450 214 
0.6867 -0.3929 -0.5054 0.3445 306.56 24.75 77.69 2.88 -6.72 2.97 -0.9000 1.7800 1.2100 0.0078 0.0544 -0.0489 4.10 -8.68 1.96 203 419 388 449 214 
0.6918 -0.3880 -0.5018 0.3450 308.12 25.94 77.56 3.06 -6.58 2.31 -1.1400 2.3600 0.5000 -0.2656 0.1422 -0.7844 4.73 -8.40 1.75 201 417 383 442 213 
0.7072 -0.3728 -0.5303 0.2823 322.87 36.56 78.69 0.06 -2.71 0.43 -6.2400 5.6800 -1.7300 -0.8622 3.2422 -5.8667 7.92 -5.08 2.75 183 334 310 320 201 
0.8469 -0.1813 -0.4801 -0.1393 27.69 51.81 -1.50 11.50 5.53 5.56 5.8700 3.9300 6.6000 3.4044 1.6522 -1.4589 5.42 3.04 7.57 184 342 355 395 206 
;
