0.4219 0.2499 0.1444 0.8594 232.37 17.87 -28.81 2.76 4.45 8.26 -0.2900 -0.0800 0.0500 -0.0133 -0.0300 -0.0022 3.01 4.48 8.18 155 292 282 300 199 
0.4228 0.2505 0.1440 0.8589 232.37 18.00 -29.00 1.78 3.98 8.64 -1.0400 -0.8200 0.8200 1.1822 -1.8844 -0.0322 3.75 5.00 7.55 156 302 289 344 201 
0.4150 0.3758 0.1568 0.8136 233.06 35.25 -43.75 8.09 4.29 1.82 -0.3600 -3.1800 -5.9800 6.8911 -11.6922 6.8089 9.29 2.95 -1.00 171 363 338 385 207 
-0.0989 0.9076 0.0377 0.4063 173.06 33.94 155.87 1.64 2.40 -0.25 -3.2100 5.4500 6.1200 0.0000 -1.9978 -1.8900 4.04 -3.77 -8.09 176 290 253 306 200 
-0.1612 0.9577 0.1775 0.1589 157.37 15.19 171.87 5.99 3.63 -11.24 5.4400 3.4400 -0.9000 -3.4533 -0.9622 -1.3078 0.96 1.53 -9.63 178 260 246 301 196 
0.1302 0.9616 0.2332 0.0633 153.25 3.31 -159.50 3.89 4.60 -14.28 3.8500 1.2500 -5.1000 -0.1989 0.3022 0.1756 0.59 3.78 -9.02 176 265 252 303 194 
0.1680 0.9602 0.2107 0.0732 156.19 4.87 -161.06 4.77 3.36 -16.21 3.8200 1.0400 -7.6800 1.7800 0.5878 1.4244 1.37 1.84 -9.53 173 277 261 308 194 
0.0165 0.9814 0.1489 0.1196 165.19 17.81 174.62 4.66 7.59 -17.61 -2.5200 11.1900 -10.1900 15.5956 7.7989 2.6033 5.21 -7.85 -2.68 197 412 356 431 207 
-0.6625 0.6641 -0.0367 0.3446 56.88 20.31 75.31 -4.49 0.04 3.01 -6.6100 6.9500 -0.6100 0.4056 0.7700 0.5356 2.57 -8.87 3.28 196 413 362 435 207 
-0.7180 0.5573 -0.1197 0.3995 58.75 16.37 68.06 1.24 -6.95 3.15 -1.4800 2.2100 -0.6400 -0.3378 -0.0789 -0.5833 3.21 -8.63 3.36 194 403 364 416 211 
-0.6817 0.5804 -0.0948 0.4352 69.62 24.56 72.75 7.12 -5.16 1.16 1.7100 3.1800 0.3200 -5.5967 4.7367 -2.8244 5.08 -8.29 1.21 172 227 217 223 167 
-0.3462 0.5611 -0.3497 0.6656 130.87 26.00 80.31 7.33 -9.77 -0.71 2.9900 -0.5000 -2.3600 -1.0733 3.4411 2.9689 1.94 -9.46 1.64 176 233 198 216 165 
-0.3106 0.3158 -0.5817 0.6823 129.31 0.94 84.69 -2.96 -10.12 1.35 -3.7400 1.7600 2.9500 -1.8733 1.2844 -0.1367 -0.29 -9.80 0.02 175 235 205 223 166 
-0.3074 0.2969 -0.6509 0.6274 128.19 -2.12 92.44 -1.07 -9.99 0.21 -0.3700 -0.0200 1.2200 -0.0933 -0.3222 0.0778 -0.48 -9.77 -0.60 171 240 209 227 168 
-0.3141 0.3146 -0.6636 0.6016 121.75 -0.13 94.50 -2.88 -9.63 -2.57 -1.9700 0.9900 -2.3000 0.3467 -8.0178 -4.0200 2.07 -9.53 -1.00 176 239 212 234 171 
-0.5280 0.7667 -0.1603 0.3280 52.13 19.37 107.37 4.28 -6.52 -5.74 0.4300 2.5400 -2.7200 0.1489 -4.5589 -1.3611 2.90 -8.50 -3.92 176 243 214 236 173 
-0.5276 0.8250 0.2004 0.0302 1.00 14.50 118.56 2.48 -7.22 -8.27 0.6300 1.2300 -3.1600 0.4511 -1.3578 -1.1389 2.46 -8.25 -4.68 172 244 214 237 173 
-0.5134 0.7873 0.3375 -0.0526 347.50 15.69 118.25 5.44 -7.03 -4.92 1.8800 1.3900 -0.3400 0.5500 0.1856 -0.0756 2.83 -8.44 -4.10 174 242 215 238 175 
-0.5406 0.7695 0.3376 -0.0396 353.50 18.06 115.75 2.35 -6.44 -3.90 -0.2800 2.2000 0.4100 -0.9878 0.8800 -0.2000 3.57 -8.05 -4.30 177 245 222 242 178 
;
-0.5237 0.7994 0.2736 0.1085 39.19 33.31 116.50 5.48 -2.57 -5.02 -1.3400 3.6900 -3.5900 -1.8900 11.2256 -3.7356 8.09 -5.47 0.75 175 260 245 262 186 
-0.4179 0.4966 0.0773 0.7568 133.06 48.75 9.75 5.81 5.09 7.92 -2.7000 6.0500 3.2400 1.0733 -1.3567 -3.7633 7.03 1.90 6.55 159 274 240 245 173 
-0.1579 0.4001 0.2687 0.8619 164.62 52.50 -44.38 13.84 7.07 4.78 5.0400 1.1300 1.3300 0.4789 -7.7911 -0.6289 8.50 4.82 -0.71 166 270 230 254 161 
0.0797 0.8254 0.3528 0.4335 141.56 27.06 -153.06 3.96 3.10 -9.36 1.3600 0.2200 -0.2500 0.5778 -3.3067 1.3800 1.80 3.48 -8.98 180 271 239 276 171 
0.1554 0.9565 0.2196 0.1131 154.75 7.12 -159.94 0.71 4.18 -8.23 0.5500 1.4200 1.5400 -0.0122 0.2367 -0.1611 1.19 3.25 -9.17 181 269 243 279 174 
0.1566 0.9561 0.2243 0.1055 152.62 7.75 -158.37 2.19 4.24 -8.69 -0.0600 0.5300 0.0900 -0.3556 0.0856 -0.3289 1.38 3.90 -8.88 182 273 246 279 173 
0.1834 0.9418 0.2511 0.1281 149.81 8.81 -155.19 2.16 4.90 -9.43 0.7400 0.6700 -1.6000 0.0244 -0.3167 0.0244 1.41 4.07 -8.80 180 271 243 277 172 
0.1710 0.9465 0.2404 0.1304 153.87 12.06 -158.81 9.26 2.92 -17.53 7.3500 0.2300 -10.2500 2.2222 0.7967 1.9522 3.08 1.81 -9.12 186 342 318 382 209 
-0.0793 0.9648 0.1149 0.2229 167.00 31.50 152.50 1.83 6.94 -12.29 -4.5700 13.6100 -3.4300 6.2789 4.1500 3.7211 4.87 -8.40 -1.31 202 418 369 436 210 
-0.6400 0.6779 -0.0659 0.3557 58.81 21.25 81.44 -2.03 -1.95 1.03 -4.8300 6.9500 -0.3100 0.9344 0.2844 -0.0811 3.30 -8.93 2.31 202 417 373 436 209 
-0.6870 0.6082 -0.0881 0.3878 59.38 21.06 74.94 3.34 -7.79 2.54 -0.2200 1.0800 -0.3800 0.0811 -0.0756 -0.0578 3.65 -8.79 2.34 201 414 369 430 208 
-0.6759 0.6146 -0.0780 0.3991 61.75 23.31 75.94 3.94 -6.22 1.32 0.5800 3.8200 -0.4600 -1.8789 0.2378 -1.1667 4.51 -8.62 1.18 185 330 300 296 199 
-0.5322 0.6857 -0.1244 0.4807 99.00 34.13 89.87 12.35 -6.99 -4.45 6.9400 0.2700 -3.1600 -3.2356 6.5678 2.6389 4.50 -8.70 0.34 177 220 192 206 147 
-0.2988 0.4576 -0.5195 0.6568 131.50 11.44 88.62 -0.34 -10.81 -1.51 -1.9400 -0.7800 -1.7100 -0.2089 1.0922 1.6956 0.23 -9.80 -0.01 178 245 208 227 160 
-0.2946 0.2949 -0.6476 0.6378 129.94 0.00 92.62 -0.03 -11.51 0.43 -0.4400 -0.3400 0.3500 0.2933 -0.5400 -0.2811 0.17 -9.78 -0.63 180 244 211 231 162 
-0.3005 0.3284 -0.6534 0.6122 127.50 0.69 93.81 0.49 -9.37 -0.04 0.9200 0.0800 0.8700 0.3411 0.1967 -0.0733 0.24 -9.79 -0.45 179 250 218 239 168 
-0.3234 0.3687 -0.6214 0.6110 120.44 4.87 93.12 -2.68 -9.34 -2.58 -4.8500 0.9700 -3.1100 0.7844 -8.3600 -3.8533 2.79 -9.32 -1.18 179 251 219 240 166 
-0.4703 0.7723 -0.1940 0.3803 58.25 23.94 114.31 5.02 -5.01 -9.49 3.7700 3.6300 -2.6700 0.4644 -5.3933 -2.0889 3.02 -7.80 -5.11 181 253 220 238 167 
-0.4720 0.8435 0.2524 0.0448 7.87 18.19 125.75 4.23 -6.37 -8.51 2.2500 1.3200 -2.2400 1.3011 -1.1589 -0.9700 3.32 -7.72 -5.04 181 249 221 237 167 
-0.5009 0.7975 0.3362 0.0103 1.06 20.50 120.81 4.72 -6.19 -3.73 -0.1500 1.2300 0.6500 0.3300 0.0289 0.0144 3.41 -8.05 -4.43 181 254 224 239 168 
-0.5244 0.7827 0.3354 -0.0003 0.56 20.62 118.87 4.39 -7.35 -3.76 0.4500 1.0700 0.8900 -0.1389 0.8667 0.1433 3.63 -8.00 -4.35 182 257 223 239 167 
;
