-0.0208 -0.1443 0.2592 0.9548 177.50 -15.38 -31.69 -2.45 4.92 7.98 0.3000 -0.1600 0.1700 0.3989 0.0189 -0.0333 -2.61 5.21 7.87 163 386 368 410 210 
-0.0164 -0.1441 0.2850 0.9475 178.31 -14.38 -34.69 -3.23 5.57 8.28 -0.3800 0.2300 0.6800 0.5611 -2.0333 0.4589 -1.14 5.84 7.79 153 376 366 402 212 
-0.0150 0.0098 0.3431 0.9391 178.25 11.38 -42.75 3.05 9.47 6.84 0.5800 2.9900 0.5000 -0.9167 -9.5589 1.3944 6.60 5.84 4.28 162 289 295 287 187 
0.0848 0.6771 0.2949 0.6688 194.44 49.13 -147.37 12.60 3.41 -10.88 5.7700 0.8300 -0.6200 3.9533 -7.6322 4.2467 1.47 -0.99 -9.64 174 256 232 251 169 
-0.0967 0.9877 0.1187 0.0335 166.81 1.50 166.94 1.27 -1.08 -3.56 0.4300 1.2600 6.6000 -0.6433 -0.6000 0.1389 -0.56 -2.14 -9.55 177 253 225 252 164 
-0.0496 0.9922 0.1041 -0.0468 168.44 -5.56 177.25 -1.23 0.84 -10.69 0.3900 0.6200 -2.1700 -4.0000 0.7356 0.0211 -0.74 2.60 -9.42 170 261 229 253 162 
0.1859 0.9768 0.1052 -0.0139 167.37 -2.75 -158.31 2.07 2.22 -17.82 3.0100 -0.1300 -9.3800 1.1833 0.3567 0.3411 -0.22 2.92 -9.35 168 263 227 262 171 
0.0816 0.9919 0.0955 0.0170 170.81 4.50 176.56 4.82 7.07 -16.66 -1.0300 5.7400 -13.2400 14.3778 2.5422 3.6278 3.43 -8.58 -3.26 200 412 372 432 206 
-0.6437 0.7024 -0.0569 0.2985 51.38 19.00 84.25 -4.82 0.77 2.54 -5.1200 9.1100 1.4400 1.5800 0.1211 0.1200 2.80 -9.02 2.63 200 409 372 438 208 
-0.7231 0.5915 -0.0770 0.3483 51.81 17.75 72.44 2.05 -7.04 2.86 -0.7400 1.4600 0.5800 -0.3733 -0.5089 0.0511 3.10 -8.96 2.46 199 406 372 437 210 
-0.6992 0.6250 -0.0649 0.3411 53.19 20.56 78.50 4.94 -7.07 2.91 1.9200 1.0800 1.5800 -3.6422 2.3722 -3.2878 5.06 -8.38 0.40 166 359 235 247 189 
-0.4664 0.6841 -0.1165 0.5485 115.56 44.63 82.25 0.41 -2.84 -0.12 -7.9800 2.8900 -1.9000 -0.8867 4.6600 -6.5189 8.54 -3.22 3.58 150 357 181 183 162 
-0.0251 0.5037 0.0366 0.8627 181.44 55.88 -28.50 13.26 13.15 -1.79 7.7700 10.5100 -5.2200 6.1922 0.1533 -3.3833 6.84 6.54 2.55 131 367 181 189 166 
-0.0273 0.4254 0.5343 0.7299 167.75 41.13 -94.50 17.20 17.78 1.84 9.4500 10.2600 4.2600 4.9233 1.1544 3.0389 7.84 5.24 -2.65 139 374 192 192 165 
-0.3481 0.4691 0.6456 0.4919 96.87 72.50 -146.87 7.73 7.49 1.30 -5.6900 5.5100 2.6200 -0.6111 2.9211 3.7622 9.69 -1.40 -0.44 146 372 196 200 166 
-0.5533 0.5895 0.3869 0.4435 76.87 66.75 93.75 -0.04 0.70 0.46 -7.9100 5.0000 1.3400 -4.9489 -0.7244 0.8789 8.45 -4.42 -2.24 137 374 200 203 169 
-0.3267 0.7888 0.2181 0.4727 128.37 66.81 155.19 8.05 4.78 -10.57 0.0300 4.2200 -7.7200 -2.5444 0.9722 -5.6511 8.85 3.14 -2.80 127 377 195 212 179 
0.0061 0.6912 0.3962 0.6043 182.19 53.56 -115.56 10.17 7.03 -6.01 4.2900 2.0000 -2.9300 2.2622 0.7744 -2.4011 6.89 6.16 -3.26 131 382 200 213 180 
-0.0297 0.5923 0.5922 0.5455 167.12 43.00 -127.19 8.55 7.72 -0.31 1.0200 1.9600 4.1600 1.6011 0.2189 0.3067 6.95 4.94 -4.83 133 378 202 213 182 
-0.1274 0.5612 0.6501 0.4962 151.56 46.50 -132.81 6.90 6.10 -2.71 -0.1600 1.1300 1.6200 -1.1100 0.1311 0.1256 7.18 5.16 -4.21 142 378 207 219 185 
;
