0.1833 0.1796 -0.3329 -0.9073 157.31 -11.69 -42.69 -1.85 6.61 7.47 -0.0800 0.0400 0.1000 -0.2100 -0.1511 -0.0656 -1.94 6.36 7.19 174 399 377 419 220 
0.1790 0.1690 -0.3204 -0.9147 157.75 -11.00 -41.19 -2.23 6.49 7.56 -0.6100 0.3200 0.7300 -0.3978 -2.1544 0.8122 -0.53 6.33 7.46 174 339 351 383 221 
0.1586 -0.0708 -0.3652 -0.9146 161.37 25.06 -42.25 6.24 7.17 6.33 3.1000 1.3900 1.2700 -0.8189 -3.3122 2.0144 7.04 4.73 4.91 171 304 200 196 169 
0.1597 -0.3835 -0.3164 -0.8528 156.25 51.63 -40.13 10.00 2.48 1.24 -1.0600 -0.3800 -2.7900 -1.4256 1.2822 1.5289 7.87 2.74 5.16 133 333 166 176 165 
0.2305 -0.3580 -0.2552 -0.8681 149.75 44.63 -26.94 6.07 4.60 -2.43 0.0900 1.0100 -8.3900 4.4778 2.4089 -0.9656 5.53 5.48 5.94 128 364 179 186 175 
0.3096 -0.1117 -0.4893 -0.8076 131.00 28.06 -62.38 10.13 16.07 6.34 4.5900 9.8200 5.9400 4.5000 1.0189 3.2633 6.04 7.56 1.51 136 376 189 196 181 
0.5177 -0.0578 -0.6669 -0.5328 84.44 54.81 -78.62 3.91 10.71 5.72 -6.1300 4.2600 3.1400 -2.4022 2.0167 2.1211 8.63 3.66 2.85 133 369 191 201 183 
0.6536 -0.2244 -0.5054 -0.5169 78.69 64.94 -17.62 1.43 2.92 1.14 -8.6300 1.8500 -3.2100 -4.4111 -1.1978 0.2356 9.14 -0.54 3.50 128 370 189 200 181 
0.5071 -0.4744 -0.3359 -0.6364 111.06 72.50 0.37 7.85 3.52 -3.78 -1.7700 2.6100 -7.6300 -2.4156 -0.7167 -3.1733 9.26 1.97 2.51 124 380 187 198 182 
0.2501 -0.4841 -0.3957 -0.7393 145.12 61.81 -63.63 14.67 7.05 -3.73 5.9400 2.4100 -4.5800 3.1100 0.4278 -1.3456 7.94 5.63 1.14 126 385 192 200 185 
0.2646 -0.3658 -0.5912 -0.6683 132.44 54.56 -92.37 13.76 10.47 4.54 4.1000 4.7000 5.2700 0.9300 -0.7433 1.8822 8.59 4.53 -1.33 156 358 202 213 188 
0.3141 -0.5117 -0.5986 -0.5303 118.12 66.00 -147.19 6.20 1.29 -1.33 -6.4000 -1.5100 0.5300 -1.6622 -3.5467 3.7522 7.68 -0.07 -6.09 180 288 280 288 194 
0.1926 -0.8264 -0.4308 -0.3071 129.00 40.00 178.06 1.84 -1.88 -7.83 -1.1700 -1.1800 0.4700 -2.0322 -3.9778 1.0189 4.14 0.69 -8.85 188 257 259 285 191 
-0.0179 -0.9213 -0.3309 -0.2034 141.50 16.44 -166.44 4.07 1.91 -12.61 2.3900 -0.6600 -3.5100 -0.8178 -0.9856 -0.0722 2.01 2.99 -9.11 190 284 271 298 192 
-0.1212 -0.9319 -0.3106 -0.1425 144.06 11.25 -161.69 5.61 2.70 -15.06 4.6900 -0.0100 -5.5600 1.1156 1.0489 1.2200 2.53 2.12 -9.23 188 287 264 297 189 
-0.0231 -0.9570 -0.2369 -0.1658 155.44 20.62 -176.50 5.52 2.53 -14.98 1.7200 4.0000 -5.9200 1.8700 1.0589 2.1556 3.88 -1.44 -8.88 187 362 350 405 223 
0.2994 -0.9222 -0.0846 -0.2297 59.69 29.94 119.06 1.06 6.00 -6.04 -6.8100 13.2200 1.7000 3.9711 2.4200 1.6611 3.29 -9.19 0.92 201 416 377 442 226 
0.7033 -0.6483 0.0421 -0.2887 46.31 18.44 78.87 -0.45 -4.23 1.94 -2.8700 3.2200 0.4900 0.5311 0.0033 -0.2211 3.27 -8.97 2.18 200 413 380 444 226 
0.7123 -0.6205 0.0444 -0.3250 49.06 20.37 76.81 2.86 -8.91 2.21 0.0500 0.3900 0.1600 -0.0978 -0.0156 -0.3522 3.65 -8.89 1.94 200 409 379 433 225 
0.6940 -0.6300 0.0253 -0.3477 55.69 25.75 77.06 3.91 -6.07 1.02 -0.4700 1.8500 -0.5600 -1.9611 4.6900 -3.8356 5.71 -7.51 2.66 189 201 198 190 141 
0.5034 -0.4960 0.1063 -0.6995 122.81 19.75 38.81 -4.31 -0.99 -10.87 -9.1000 4.9800 -14.0100 5.9222 10.2789 2.7533 -5.94 -1.67 7.61 193 170 154 174 116 
0.4301 0.4230 0.1417 -0.7849 118.06 -54.63 -25.06 -15.68 9.03 10.67 -8.0100 3.4000 2.3500 -0.9578 0.5833 2.4344 -7.78 4.38 4.04 195 168 168 181 123 
0.5676 0.5358 0.0873 -0.6189 93.25 -48.63 -50.38 -11.81 5.26 4.91 -4.0600 0.1400 -0.2600 -0.2278 -0.3344 -0.4811 -7.30 4.72 4.52 192 173 172 184 125 
0.5607 0.4960 0.0847 -0.6575 100.00 -48.75 -40.31 -5.37 4.48 4.79 2.9600 0.3600 -0.1900 -0.1856 -0.2100 -0.7156 -7.50 3.57 5.19 196 174 176 185 125 
0.5381 0.4720 0.1107 -0.6894 104.06 -50.38 -33.44 -7.04 3.95 5.47 0.4700 0.2700 -0.0500 0.0144 -0.0611 0.0133 -7.56 3.43 5.21 193 177 177 186 127 
;
