-0.2522 -0.0796 0.4636 0.8457 146.69 5.62 -55.88 0.84 8.12 5.50 -0.1700 0.0400 0.0200 0.0078 -0.0311 -0.0056 0.97 8.08 5.47 171 373 366 407 201 
-0.2516 -0.0792 0.4633 0.8461 146.87 5.62 -55.81 0.33 9.12 6.29 -0.8200 1.6100 1.3200 -1.5811 -0.6600 -0.1211 1.12 7.58 6.11 167 339 321 340 206 
-0.2419 -0.0066 0.3655 0.8988 152.31 15.50 -39.44 2.03 5.67 9.47 -1.4500 -1.2200 2.6600 -2.1756 -2.0056 -0.0700 4.33 4.85 7.33 163 294 225 230 194 
-0.1626 0.2028 0.2875 0.9218 161.12 27.75 -31.50 3.76 3.28 1.16 -0.2300 -0.3600 -6.7000 -0.5611 -0.5556 0.0022 4.98 4.40 7.21 155 318 154 161 147 
-0.1404 0.2429 0.3308 0.9011 159.75 30.94 -43.19 8.07 9.51 2.06 2.4700 3.9500 -2.7000 5.4922 1.0622 0.9033 5.00 7.37 4.07 117 339 161 167 148 
-0.3036 0.1260 0.5970 0.7318 126.06 35.69 -79.62 7.90 13.19 2.16 1.2100 4.4300 2.0500 3.9489 1.2067 2.3756 6.94 6.90 -0.46 125 344 170 173 152 
-0.4962 0.0695 0.7412 0.4467 75.44 57.63 -101.87 4.57 9.29 2.65 -4.2300 4.8100 3.2400 -0.4244 1.8611 1.8522 9.06 3.73 0.01 130 340 171 173 152 
-0.6479 0.1588 0.6398 0.3817 61.69 74.00 -48.38 0.85 3.74 1.83 -8.9200 2.1600 -0.5700 -6.2167 0.1367 1.1678 9.47 -0.14 2.50 127 341 172 178 152 
-0.5652 0.4713 0.4207 0.5305 96.75 80.31 29.00 6.66 3.30 -2.31 -3.1600 3.8500 -4.2500 -4.5133 -0.2944 -3.5711 9.68 0.96 1.16 107 337 172 175 152 
-0.2274 0.5545 0.3560 0.7170 151.69 66.44 -68.19 12.10 6.96 -4.62 2.6000 2.9500 -6.3400 2.8644 0.9822 -2.8278 7.73 5.88 1.30 113 348 175 179 154 
-0.1626 0.3561 0.5590 0.7310 152.62 42.19 -85.37 11.85 11.77 0.54 3.7700 3.2300 0.2300 3.3244 -0.0389 0.5233 6.65 7.11 -1.14 114 349 175 182 155 
-0.2692 0.2950 0.7225 0.5643 121.62 48.88 -112.87 7.88 7.74 1.02 0.2700 2.3500 3.9400 1.2144 0.0956 1.8011 8.12 4.50 -3.14 141 359 187 195 164 
-0.3729 0.3633 0.7349 0.4348 94.25 60.81 -141.25 10.14 6.28 1.74 -0.5500 2.4200 4.0300 -1.5822 -0.9378 3.3356 8.90 1.21 -3.91 170 312 293 330 200 
-0.3735 0.5940 0.6274 0.3378 79.25 55.00 169.12 5.65 -1.34 -4.28 -4.1100 0.5100 2.1200 -2.7189 -1.4889 3.2444 6.66 -2.12 -6.87 178 255 257 312 196 
-0.2238 0.8369 0.4626 0.1886 126.25 25.31 169.00 1.28 1.53 -6.77 -0.2600 2.4700 2.5400 -2.5856 -2.0411 0.9733 2.32 0.04 -9.52 182 280 280 317 212 
0.0237 0.9116 0.3910 0.1248 133.50 11.25 -167.62 3.08 4.40 -13.48 1.1500 1.4100 -3.9200 -1.5622 -1.5567 0.3011 0.87 3.32 -9.18 183 285 280 319 209 
0.1572 0.9174 0.3519 0.0987 139.19 4.31 -158.87 5.64 0.37 -17.72 7.2100 -2.4800 -8.3000 1.9444 0.9800 0.7667 1.09 2.52 -9.41 181 290 285 325 211 
0.0396 0.9495 0.2913 0.1098 147.25 14.75 -175.56 0.94 5.37 -18.24 -0.0800 5.7500 -7.8900 2.8978 1.5911 2.1411 3.88 -1.65 -8.85 187 376 330 403 213 
-0.4259 0.8578 0.1487 0.2463 41.19 28.12 103.31 0.12 3.45 -2.61 -7.6200 11.4900 -2.8600 4.9744 2.8211 1.7389 3.03 -8.85 2.93 197 401 317 414 213 
-0.7997 0.5450 -0.0145 0.2516 35.13 13.56 63.19 -0.03 -2.47 4.84 -3.2500 3.7700 0.1600 -0.2611 0.7211 -0.7278 2.46 -8.33 4.54 196 395 314 413 212 
-0.8097 0.5184 -0.0058 0.2750 39.00 16.81 61.63 1.48 -7.16 5.18 -0.7600 1.8500 0.1800 -0.5922 -0.3933 -0.8300 3.53 -8.24 3.95 196 381 325 374 212 
-0.7576 0.5657 0.0410 0.3230 49.56 27.94 68.69 2.51 -5.07 1.95 -2.2000 0.7100 -2.6700 -3.6944 -0.7933 -5.9056 7.90 -5.77 0.56 148 331 168 181 174 
-0.4802 0.6344 0.2090 0.5686 100.19 72.87 67.50 21.02 1.38 -4.54 10.8000 2.8100 -3.0600 4.2389 1.5378 -0.7111 9.55 -0.91 2.00 96 360 172 183 165 
-0.6187 0.4213 0.4508 0.4863 65.69 75.12 19.37 8.95 4.79 6.28 -1.2800 5.7600 4.1800 3.1200 0.3700 0.7489 9.42 -0.80 2.58 102 369 177 186 164 
-0.7279 0.2979 0.5193 0.3343 47.13 73.37 17.19 9.30 0.10 1.94 -0.6900 0.7300 -1.3900 -0.0644 0.1900 -0.5011 9.37 -0.56 2.80 101 374 178 192 166 
-0.7375 0.2497 0.5197 0.3516 53.38 69.75 -2.06 10.11 3.29 2.38 1.0500 3.1900 -1.4700 -1.1311 0.9178 -1.4944 9.01 0.76 3.79 106 386 184 192 167 
-0.7001 0.2524 0.4758 0.4689 70.12 63.38 -11.06 9.80 1.99 0.21 0.8000 -0.1600 -3.7400 -0.8722 -1.6333 2.7400 8.97 -0.54 3.90 108 377 183 193 164 
-0.7149 0.3591 0.4041 0.4435 65.00 61.38 20.75 4.61 -5.75 8.63 -3.4600 -3.3900 2.3900 -0.9222 0.0478 -0.0733 8.47 -2.02 4.50 109 378 185 196 166 
-0.6930 0.3928 0.3387 0.5008 73.00 59.50 23.50 6.77 -2.31 4.91 -1.3700 0.2600 0.5100 -0.2800 0.0133 -0.1044 8.49 -2.04 4.44 112 376 186 194 163 
-0.6782 0.4123 0.3517 0.4963 74.50 63.38 25.62 0.47 -4.17 3.60 -8.5800 -2.8400 -1.4400 -2.3133 -0.3300 -2.0367 9.01 -1.02 3.72 139 291 201 208 174 
-0.5058 0.4249 0.3333 0.6727 111.81 62.94 -11.31 2.40 3.75 0.83 -4.3200 2.2600 -4.5000 0.3100 -1.1944 -4.0133 7.87 3.85 4.40 140 300 237 268 190 
-0.3093 0.2893 0.4291 0.7979 140.06 42.00 -47.69 4.32 10.22 7.19 0.4900 5.3900 -0.0100 -0.2767 3.0544 -3.3689 2.67 6.48 6.85 162 352 276 398 199 
;
