0.3750 0.1531 0.1279 0.9053 224.75 10.38 -20.81 1.64 3.44 9.05 -0.3800 -0.3700 0.5200 0.5000 0.3567 0.2700 1.65 3.67 8.94 160 370 352 387 205 
0.3412 0.1676 0.1863 0.9059 219.31 13.00 -33.75 4.02 6.99 11.96 3.3500 2.3200 5.3700 0.9644 -0.8611 1.3378 3.61 6.13 6.74 161 320 301 352 201 
0.2125 0.2626 0.2552 0.9059 199.75 26.37 -38.44 6.89 1.99 -1.97 3.3000 -3.2800 -0.9500 3.3867 -3.0533 4.9400 7.61 4.36 4.36 162 353 173 196 151 
-0.1025 0.4456 0.2586 0.8510 161.31 52.75 -30.37 4.27 6.63 3.07 -3.3300 4.1500 -1.6800 1.2789 0.3511 1.2367 7.83 2.61 5.28 137 364 176 197 153 
-0.2274 0.3810 0.2719 0.8539 149.62 49.25 -28.37 7.53 6.18 -3.88 1.3800 2.8100 -8.2600 4.2600 1.0456 -0.2700 6.94 4.89 4.89 132 374 182 199 156 
-0.3358 0.2583 0.4919 0.7606 127.31 48.56 -61.06 15.61 12.41 5.93 7.4400 7.0300 3.5200 4.3200 -0.3444 3.5233 8.85 4.11 0.89 143 379 182 201 156 
-0.5499 0.2916 0.6088 0.4920 80.87 75.56 -64.31 5.62 7.15 5.98 -3.1900 5.4300 4.1100 -2.2778 1.3511 2.0389 9.58 0.25 2.04 142 383 183 202 155 
-0.6078 0.4389 0.4402 0.4940 81.06 74.31 35.63 2.58 2.80 1.88 -7.8000 4.7100 -0.9700 -4.5389 -0.2789 -0.7744 9.51 -1.93 1.36 140 380 182 203 155 
-0.4006 0.6107 0.3030 0.6122 125.44 85.56 1.25 8.93 5.58 -7.91 -0.1100 4.2400 -10.0600 -0.8689 0.4467 -4.1244 9.18 3.14 1.38 134 384 186 204 155 
-0.1536 0.5060 0.4080 0.7443 158.06 57.19 -75.50 13.32 9.07 -1.90 4.9800 2.9300 -2.0300 2.6300 0.1400 -1.0578 7.65 6.12 0.12 133 382 186 205 156 
-0.1887 0.4443 0.5806 0.6557 144.56 54.63 -99.50 12.96 8.70 4.08 2.7600 2.7700 5.2800 1.0689 0.9078 1.6322 8.63 4.54 -0.92 144 385 192 215 163 
-0.3174 0.4663 0.5626 0.6044 122.56 70.12 -94.50 11.55 4.36 2.74 3.5600 0.7300 1.4100 -1.3211 1.1044 2.1822 9.59 1.82 0.84 151 377 202 221 169 
-0.4296 0.5301 0.4114 0.6042 102.25 83.81 2.69 9.30 -1.71 -6.68 -2.0400 0.1300 -7.2300 4.1200 0.1122 2.3922 9.46 -2.10 1.46 130 387 197 221 166 
-0.6625 0.4459 0.4120 0.4388 62.13 67.44 35.50 5.20 3.39 1.97 -3.3600 5.3700 -1.6300 2.5922 0.1789 0.0756 8.95 -1.67 3.62 117 388 194 217 166 
-0.7491 0.3033 0.4585 0.3696 52.88 65.12 11.69 8.97 0.06 4.55 -0.1000 0.8300 0.1100 -0.5189 0.2367 -0.8311 8.86 -0.39 4.18 118 391 198 219 165 
-0.7318 0.2808 0.4542 0.4235 62.25 64.44 2.37 9.94 3.44 2.54 0.5400 3.8300 -1.8200 -1.3778 -0.0511 -1.0600 8.82 0.08 4.27 123 394 197 218 165 
-0.6657 0.3157 0.4238 0.5269 81.69 63.50 -5.00 13.15 5.34 -1.15 5.1500 4.0200 -5.4200 -3.0967 -0.2578 -0.4600 8.74 -0.15 4.43 125 385 197 216 163 
-0.5314 0.4223 0.2882 0.6755 109.69 59.94 8.75 4.93 -9.47 2.61 -2.8300 -9.0700 -1.3000 -1.9589 0.0689 -1.5778 8.52 -0.65 4.80 128 387 198 219 163 
-0.3821 0.4597 0.1987 0.7766 128.62 60.06 3.87 6.54 -1.69 6.32 -1.9200 -1.0400 1.1800 0.1389 0.1611 -0.2856 8.45 -0.15 4.95 130 391 199 219 164 
-0.3701 0.4475 0.2095 0.7867 128.75 60.00 0.31 2.67 0.28 3.74 -6.5600 0.1800 -1.1100 -0.8922 -0.3289 -0.6433 8.65 0.03 4.60 155 395 211 234 173 
;
