0.0687 0.0168 -0.2941 -0.9531 171.69 0.50 -34.25 0.16 5.54 8.02 0.1100 0.0100 0.0300 0.0067 0.0189 -0.0089 0.09 5.52 8.10 156 363 345 381 212 
0.0692 0.0169 -0.2943 -0.9531 171.62 0.44 -34.25 0.11 5.55 8.02 -0.0700 0.1000 -0.0500 -0.3611 -0.7400 0.0444 0.48 5.34 8.20 161 381 314 350 216 
0.0392 -0.0989 -0.2590 -0.9600 178.37 19.87 -29.06 2.88 1.93 8.29 -0.0500 -2.3600 0.4700 0.1122 -3.2333 -0.0956 5.66 4.39 6.69 163 351 191 198 191 
-0.0137 -0.3553 -0.2939 -0.8872 179.25 39.13 -50.38 7.73 7.31 -3.79 -0.1600 3.2600 -6.6200 3.0267 1.3644 0.4044 6.24 6.95 2.95 132 355 170 181 174 
0.1309 -0.3202 -0.5411 -0.7665 153.69 39.44 -79.44 10.60 14.61 0.10 5.1600 5.8500 -1.0300 4.5189 0.0900 2.1489 7.14 6.66 -0.85 137 359 177 187 177 
0.3529 -0.3048 -0.7148 -0.5212 102.62 60.13 -113.12 6.10 8.61 6.10 -4.3900 4.8300 7.0500 -0.6322 2.0311 2.0800 9.36 2.88 -0.34 138 352 178 190 177 
0.5168 -0.3612 -0.5405 -0.5570 99.81 72.19 -37.63 0.25 3.18 1.67 -9.7500 1.4500 -1.7200 -5.8056 -0.7467 -0.3244 9.26 0.68 3.15 140 357 183 194 176 
0.3253 -0.5475 -0.2900 -0.7144 139.25 78.69 -31.31 9.00 5.54 -10.44 0.4000 2.7100 -11.0100 -0.4022 -0.0922 -3.5378 9.01 3.62 1.33 138 358 184 196 178 
0.0548 -0.5261 -0.3951 -0.7510 173.19 50.38 -78.25 10.46 10.47 -3.81 4.0800 3.3700 -4.6100 2.9289 1.1067 -1.7411 6.45 7.37 0.31 138 362 186 197 178 
0.1027 -0.3748 -0.6185 -0.6830 156.19 41.31 -99.44 11.96 11.73 2.73 2.7300 4.2200 4.8400 2.5878 1.0789 2.3211 7.59 5.80 -2.20 153 362 183 209 182 
0.3226 -0.3983 -0.6790 -0.5257 109.50 63.44 -120.00 6.52 8.17 5.25 -2.6900 5.0000 6.7200 -1.8422 1.1967 1.0722 9.28 2.97 -1.03 166 312 207 233 195 
0.3869 -0.4597 -0.5384 -0.5909 117.31 75.56 -82.12 10.80 5.78 0.06 0.5500 1.6800 -1.6400 -3.3167 -2.2867 3.4289 9.79 0.26 -0.29 145 272 164 168 174 
0.3871 -0.6813 -0.3086 -0.5393 97.12 67.81 110.75 3.34 -4.08 -7.20 -5.1800 -0.2900 -4.9500 0.7278 -1.0789 5.6756 6.26 -7.35 -1.68 123 273 151 168 168 
0.5875 -0.7437 -0.0831 -0.3082 52.00 31.25 96.94 3.34 -8.58 -4.71 -1.1100 -0.6000 -4.0000 1.1522 1.0289 -1.0311 5.40 -8.18 -0.09 123 288 171 176 173 
0.6669 -0.6591 -0.0942 -0.3345 51.50 34.25 75.94 6.30 -9.25 -2.95 0.9600 -0.7700 -5.5600 4.1000 1.0533 0.4233 5.05 -7.08 4.52 125 295 175 176 174 
0.8452 -0.3967 -0.1104 -0.3408 42.94 23.75 30.25 -1.67 13.29 10.58 -3.9700 18.5600 5.7100 4.2644 -0.7667 1.5067 3.53 -1.49 9.02 130 313 175 177 175 
0.9332 -0.1561 -0.1345 -0.2945 36.94 20.12 17.75 2.42 -1.62 8.10 0.0400 1.6100 -0.2100 -2.9533 -0.3533 -0.6567 3.73 -4.56 7.83 160 323 194 193 184 
0.8384 -0.3764 -0.0480 -0.3912 56.19 22.44 45.69 3.67 -9.42 3.74 -0.0700 -2.9100 -2.4100 -4.5422 3.0811 -3.3444 4.16 -7.42 4.87 129 293 170 178 170 
0.5685 -0.4814 0.1711 -0.6448 104.50 22.87 54.69 5.02 -8.07 0.44 3.4100 2.1300 -4.0700 1.7211 1.9556 0.1244 2.90 -6.41 6.82 109 213 163 178 133 
0.5601 -0.2756 0.1945 -0.7567 103.56 10.44 35.56 4.09 -0.86 7.82 4.8100 4.6800 1.0600 1.2178 -0.1744 2.1478 1.57 -4.97 8.30 117 235 171 183 137 
0.7050 -0.2510 0.1052 -0.6549 83.62 9.38 29.87 -0.40 -3.73 10.50 -1.8300 0.9700 1.9500 0.3867 -0.5300 0.1978 1.58 -4.66 8.48 121 238 174 180 136 
0.7330 -0.2518 0.0870 -0.6259 81.25 10.75 29.81 2.07 -2.80 9.94 0.9300 2.4000 1.6300 -0.4478 1.7244 -0.7278 1.38 -4.94 8.35 120 246 175 180 138 
0.6854 -0.2454 0.1348 -0.6722 91.62 8.63 33.00 4.23 -0.39 9.46 6.0000 5.5700 0.8800 -1.9878 1.2689 -1.0922 1.49 -6.17 7.46 123 247 173 182 139 
0.5759 -0.3005 0.2507 -0.7177 105.37 8.06 48.31 0.44 -10.09 1.50 -1.8000 -4.1400 -5.8500 -1.0578 0.0567 -1.1833 1.75 -7.72 5.77 123 247 175 181 140 
0.4484 -0.3220 0.3215 -0.7693 121.31 13.31 52.88 3.23 -9.37 3.49 1.5000 -0.8100 -1.2900 -0.0211 0.8856 -0.7500 2.53 -7.45 5.84 125 248 174 181 142 
0.4147 -0.3335 0.3062 -0.7893 124.12 16.50 51.94 -0.05 -8.33 0.98 -2.8700 -0.8600 -5.0600 0.8111 -0.8200 -0.5678 3.33 -6.99 6.01 148 282 166 186 167 
0.3989 -0.3331 0.2270 -0.8237 129.50 23.75 39.94 2.89 -2.96 -0.98 -1.1200 2.7700 -7.9800 2.8489 -0.8033 -2.2122 5.31 -3.26 7.56 154 293 196 203 186 
;
