0.9327 0.0772 -0.2190 -0.2758 32.94 21.44 -16.50 3.54 2.57 8.82 -0.0700 0.0000 0.0400 0.0000 0.0089 0.0000 3.58 2.59 8.75 163 346 349 379 215 
0.9327 0.0772 -0.2188 -0.2762 33.00 21.37 -16.50 3.54 2.50 8.80 -0.0400 -0.0700 0.0500 0.0022 0.0111 -0.0022 3.57 2.59 8.75 163 347 347 381 215 
0.9329 0.0774 -0.2183 -0.2759 32.94 21.37 -16.50 3.55 2.54 8.78 -0.0200 -0.0700 0.0200 0.0056 0.0078 0.0000 3.57 2.59 8.75 165 347 350 380 215 
0.9301 0.0760 -0.2295 -0.2767 32.88 23.94 -17.69 4.54 4.68 11.51 -0.3000 2.4400 4.0000 -0.6589 -5.4033 0.3500 6.40 2.56 6.97 170 352 321 307 205 
0.8469 -0.0587 -0.4439 -0.2868 39.31 51.13 -8.56 3.96 -0.24 -0.04 -4.9000 -4.8000 -9.2900 0.8011 1.7722 -1.6356 6.10 1.24 7.57 151 334 166 187 155 
0.8724 -0.0010 -0.3333 -0.3576 41.69 35.56 -21.56 12.12 4.82 5.60 6.8500 2.3600 2.2100 3.8167 -0.6789 1.9322 6.65 4.08 5.93 145 374 181 199 162 
0.8652 0.1630 -0.4548 -0.1342 10.75 51.44 -36.00 8.45 7.51 9.96 -1.0700 4.0300 4.3700 -0.8933 0.9822 2.7867 7.99 1.74 5.40 145 385 185 202 163 
0.8945 0.0313 -0.4443 0.0374 354.62 51.06 7.56 2.42 2.58 6.23 -4.5500 3.6700 0.0900 -3.2722 -0.0778 1.2578 7.43 -3.05 5.61 146 385 185 203 163 
0.8660 -0.2391 -0.4390 -0.0094 4.75 51.94 44.69 3.58 -1.42 0.83 -4.2300 2.7300 -3.2400 -2.4356 0.6678 -2.7322 8.38 -3.61 3.58 142 394 186 204 165 
0.7851 -0.2979 -0.4894 -0.2353 39.44 66.94 21.19 11.68 0.94 -2.97 1.6500 1.4500 -6.8500 1.5600 0.1033 -2.9300 8.94 1.01 3.87 143 392 185 211 172 
0.7682 -0.0915 -0.5258 -0.3536 48.13 59.13 -35.81 11.89 3.68 2.88 3.2100 0.0000 0.1900 3.1333 0.8522 -0.0589 8.04 4.16 3.75 145 397 195 210 175 
0.7854 0.1110 -0.5646 -0.2283 27.75 58.25 -52.00 7.74 6.35 10.28 -4.3700 1.9900 5.6400 -0.0056 0.1633 1.2111 8.57 3.27 3.44 146 391 194 212 156 
0.8049 0.0739 -0.5757 -0.1235 16.50 66.69 -34.13 10.41 3.96 6.57 1.6800 2.2300 3.2800 -1.8300 1.2211 1.0233 8.85 1.05 4.08 160 354 237 249 178 
0.8645 -0.1105 -0.4690 -0.1432 19.25 49.81 19.44 14.76 2.51 5.18 2.5600 6.1300 -2.6100 -5.9244 4.9367 3.4611 3.14 -6.54 6.58 170 374 351 387 198 
0.8444 -0.5143 -0.0154 -0.1490 22.06 5.94 71.37 -2.22 -1.51 -0.82 -2.3300 7.9000 -3.4000 -5.3789 1.7267 0.9411 0.00 -9.78 -0.71 167 390 366 423 200 
0.6147 -0.7419 0.1977 -0.1808 36.25 2.69 100.94 0.50 -7.83 -10.34 0.9600 2.5000 -9.6700 1.2556 -0.2644 -1.0878 1.17 -9.66 -1.15 169 397 379 431 204 
0.6811 -0.6827 0.1311 -0.2298 33.25 7.94 78.00 7.54 2.40 -4.38 5.5200 11.5400 -2.2800 9.7178 -3.0844 1.4467 1.54 -6.15 7.47 170 400 371 430 207 
0.9709 -0.2134 -0.0677 -0.0856 8.50 9.44 20.19 -3.17 2.96 27.55 -4.7900 5.5500 15.6400 -3.1133 -0.2622 -1.0256 1.74 -4.84 8.34 171 404 377 427 206 
0.9174 -0.3637 -0.0275 -0.1592 24.12 9.25 50.00 4.93 -3.33 2.64 3.1600 4.5000 -3.5000 -5.4411 1.4867 -0.9456 1.70 -9.19 2.95 172 399 377 430 206 
0.7021 -0.6522 0.1119 -0.2628 43.88 10.63 87.31 4.48 -8.64 -13.35 2.9000 1.0600 -13.8000 0.9822 -0.7233 0.2578 1.68 -9.65 0.29 170 403 376 432 205 
0.7510 -0.6068 0.0972 -0.2413 30.12 8.13 63.88 5.48 1.34 1.77 7.7200 10.4000 3.9200 7.7733 -1.3711 1.5511 1.95 -4.92 8.25 172 401 377 423 207 
0.9714 -0.1920 -0.1052 -0.0915 9.50 12.88 18.25 -1.53 0.23 16.36 -3.5900 2.5500 5.5400 -0.8944 -0.3822 -0.3344 2.14 -3.31 8.97 172 399 370 402 206 
;
0.9689 -0.2085 -0.0856 -0.1025 13.44 12.31 26.00 1.54 -5.41 5.45 -0.8200 -1.1000 -3.9000 -1.4589 0.3589 -1.0589 2.35 -5.05 8.06 166 313 295 297 197 
0.9413 -0.2722 -0.0972 -0.1743 21.81 18.12 26.75 3.02 -4.21 4.24 -0.3900 0.1000 -4.0300 3.1100 -1.0678 -1.2589 3.97 -1.97 8.74 166 308 293 287 196 
0.9506 -0.0556 -0.2014 -0.2296 28.56 24.06 -5.87 3.78 4.52 13.30 0.0600 2.6200 4.3700 1.0456 -0.5722 -1.2600 4.05 2.38 8.60 169 322 263 263 196 
0.9202 0.0900 -0.2258 -0.3069 38.50 19.00 -18.50 3.48 2.79 9.49 1.1400 -0.3600 0.3700 -0.1089 -0.6511 -0.5656 3.37 2.84 8.75 159 319 169 184 181 
0.8943 0.1030 -0.2486 -0.3575 43.44 22.00 -26.94 8.16 5.81 6.95 4.9100 1.6400 -1.2300 1.4078 -0.0244 0.9633 4.04 4.87 7.48 145 346 171 187 171 
0.8925 0.1920 -0.3261 -0.2456 25.19 33.38 -34.63 6.00 4.94 7.12 -0.2600 0.5900 1.1500 2.2289 -0.7122 3.8122 6.92 3.82 5.79 148 366 176 190 172 
0.8871 0.1755 -0.4264 0.0189 354.81 50.88 -23.12 4.38 4.75 8.11 -3.0900 2.9000 2.1500 -2.1900 -0.2278 2.1411 7.95 -0.03 5.73 150 383 179 192 171 
0.8795 -0.0477 -0.4665 0.0814 351.81 53.75 23.94 2.65 -0.04 4.55 -4.9600 2.7300 -0.2700 -4.2722 0.3189 -0.9411 8.01 -3.58 4.37 149 390 182 193 170 
0.8314 -0.2632 -0.4757 -0.1152 23.56 59.50 32.56 8.49 -0.05 -0.06 2.2100 2.9000 -5.0400 -0.3911 2.4456 -3.4844 8.07 -0.72 5.51 142 393 172 199 183 
0.8212 -0.1411 -0.4111 -0.3698 50.69 48.38 -14.31 10.33 2.92 3.92 3.7800 1.4200 -1.6200 2.4644 0.6267 -1.0733 6.52 3.61 6.36 142 393 181 197 181 
0.8188 0.0865 -0.4352 -0.3641 44.75 41.31 -40.44 10.90 5.94 8.26 2.9500 1.0900 2.7800 2.1567 0.3289 1.6244 6.93 4.93 4.87 147 395 178 200 180 
0.8312 0.1678 -0.4924 -0.1962 22.94 50.56 -44.69 4.80 4.93 6.79 -2.9500 0.8200 2.4600 0.0078 0.2511 0.8167 7.82 3.80 4.51 151 389 190 210 185 
0.8541 0.1249 -0.4888 -0.1268 17.06 54.06 -29.25 11.89 8.03 10.19 3.4200 4.8500 4.2100 -5.1444 1.4133 1.8378 7.63 -0.05 6.15 172 311 266 297 195 
0.8867 -0.2546 -0.3521 -0.1582 23.25 32.63 41.63 2.25 -1.47 2.39 -0.8700 4.5500 -0.3700 -7.2256 2.0511 1.7556 2.50 -8.88 3.29 171 379 357 417 202 
0.7038 -0.6653 0.1078 -0.2244 38.63 6.06 92.31 1.39 -6.81 -8.64 0.4300 3.5000 -7.2500 -2.7333 0.6767 -0.4922 1.23 -9.34 -2.68 172 404 371 434 201 
0.5345 -0.7776 0.2257 -0.2421 47.63 7.50 106.31 3.26 -4.55 -12.89 2.0600 5.1300 -11.2900 7.2911 -1.5100 0.6944 0.80 -9.67 1.36 173 403 378 434 204 
0.8491 -0.4725 0.0829 -0.2209 24.44 6.62 42.81 2.30 1.50 22.40 -3.3100 5.1300 15.9300 1.9967 -1.4844 1.0567 1.12 -4.51 8.63 174 404 376 430 207 
0.9539 -0.2569 -0.0158 -0.1542 19.75 6.75 34.69 1.03 -2.35 10.90 0.2900 3.5700 1.2300 -5.2267 0.8656 -1.2211 1.38 -8.01 5.48 174 404 369 431 207 
0.7837 -0.5762 0.0567 -0.2250 36.44 10.38 79.06 3.14 -7.58 -7.87 1.5000 2.3400 -10.1100 -2.3200 0.6144 -0.4744 2.17 -9.55 -0.34 174 407 374 432 208 
0.6536 -0.6932 0.1214 -0.2785 43.69 12.94 85.06 4.39 -5.22 -7.16 1.7800 5.1300 -9.1600 7.7433 -2.3689 1.0522 1.86 -8.20 5.03 173 408 375 430 207 
0.9220 -0.3411 -0.0251 -0.1815 19.37 9.25 34.69 -1.80 -1.55 20.05 -2.3100 3.6800 9.6800 -0.5089 0.4167 -0.5333 1.71 -5.45 7.96 174 404 371 426 207 
0.9276 -0.3249 -0.0408 -0.1801 22.87 12.31 37.19 1.35 -6.59 3.88 -1.3100 -0.4000 -3.9600 0.3722 -0.3811 -0.9244 2.80 -5.36 7.71 167 351 340 362 206 
0.9235 -0.2747 -0.1221 -0.2382 30.44 24.50 21.62 3.47 -0.05 2.98 1.3400 3.8700 -2.3400 4.6522 1.1400 -2.5556 4.04 0.45 8.92 172 336 333 366 207 
;
