-0.2910 -0.0387 0.4498 0.8436 142.75 11.13 -50.13 1.16 7.24 6.56 -0.5700 0.3200 -0.3500 -1.5533 -0.6067 -0.2578 1.90 6.45 7.13 162 341 323 362 208 
-0.2647 0.0100 0.3540 0.8969 147.56 11.38 -39.00 1.73 5.88 6.84 -1.4500 -0.4400 -0.3300 0.0789 -1.1244 0.1711 2.37 5.98 7.39 160 303 316 368 211 
-0.2565 0.1342 0.4024 0.8685 146.25 36.94 -48.38 5.70 7.41 6.54 0.5400 2.1500 1.8600 -1.0100 -5.5656 2.1056 8.57 4.25 2.13 163 275 149 159 167 
-0.1841 0.5378 0.3661 0.7368 153.25 67.12 -54.56 4.94 2.05 -2.90 -6.1200 -2.9200 -6.3600 0.3011 0.5778 -0.8867 8.64 3.33 3.21 134 331 159 167 162 
-0.1670 0.4454 0.3634 0.8010 156.19 52.13 -54.38 8.72 5.35 -3.73 2.8700 1.7800 -5.8200 4.9111 1.6578 -0.6267 6.92 6.48 2.46 110 349 164 172 166 
-0.2803 0.2371 0.6075 0.7043 128.56 42.25 -83.44 10.49 14.36 2.08 3.6600 7.4300 2.7000 3.8078 0.7322 2.2800 7.56 6.21 -0.64 128 350 167 176 167 
-0.4833 0.1651 0.7270 0.4590 77.69 64.31 -105.50 7.55 10.04 3.28 -1.1200 6.5500 5.0900 0.5022 1.8100 2.8500 9.61 1.93 -0.29 132 347 168 177 167 
-0.6501 0.2554 0.5960 0.3961 68.06 73.37 -19.69 -0.75 4.11 0.64 -10.3900 4.0600 -2.4100 -6.1656 -1.2000 1.3511 9.41 -1.17 2.47 132 353 175 179 168 
-0.5137 0.5406 0.3587 0.5613 105.06 80.44 38.69 2.53 1.61 -5.69 -5.2200 3.8200 -8.1700 -2.1922 -0.8533 -5.1933 9.36 2.66 1.15 128 357 173 180 168 
-0.1901 0.4686 0.4644 0.7271 153.12 54.19 -78.31 14.16 12.29 -3.92 6.0600 5.2800 -4.1500 3.6256 1.3133 -1.5289 6.47 7.36 0.06 132 355 174 180 168 
-0.2360 0.2952 0.6832 0.6249 130.81 47.13 -104.37 12.10 11.18 3.40 2.2700 5.9000 7.6400 3.0356 1.5044 2.6322 8.47 4.39 -2.24 152 317 180 177 178 
-0.4279 0.3432 0.6862 0.4779 94.94 70.19 -111.06 7.77 5.27 4.54 -1.2200 2.4800 4.5000 -2.6878 -0.4456 3.2744 9.71 1.17 -0.70 159 299 160 160 158 
-0.4607 0.5685 0.4602 0.5027 91.50 76.75 121.44 7.31 -1.09 -2.90 -0.6500 2.3800 -0.9900 0.7544 -1.2611 5.1178 7.85 -5.46 -2.12 120 281 160 159 151 
-0.5557 0.7538 0.2076 0.2825 48.50 34.06 107.37 -1.65 -6.61 -8.63 -5.5100 0.7800 -5.6000 -0.5000 -0.9444 3.3000 2.94 -8.78 -3.20 122 270 160 160 150 
-0.5629 0.8073 0.0548 0.1686 38.50 23.50 107.25 3.82 -10.50 -7.44 1.6600 -1.8300 -4.5300 2.6744 1.2511 -1.7300 5.23 -8.26 -0.74 126 279 164 160 153 
-0.6767 0.6720 0.1257 0.2733 40.69 30.94 77.87 7.72 -11.92 -7.59 2.1300 -1.8500 -10.2900 5.6678 1.8956 0.8856 4.06 -7.07 5.44 127 289 164 166 154 
-0.9110 0.3233 0.0888 0.2402 26.00 15.56 27.81 -1.89 15.74 18.77 -4.7200 17.5200 9.2800 -1.0556 0.4844 -0.2778 2.29 -4.47 8.41 129 298 166 167 154 
-0.9214 0.3096 0.0693 0.2241 28.44 16.31 35.94 4.01 -5.64 6.36 0.4800 1.5300 0.1700 -3.1000 -0.0267 -0.9678 3.31 -6.66 6.38 144 305 178 187 178 
-0.8118 0.4829 0.0687 0.3212 52.06 29.75 58.69 8.01 -3.16 4.89 2.4900 3.0600 -0.9700 -4.8178 2.9778 -4.3178 6.57 -6.68 2.87 92 234 249 284 191 
-0.4757 0.6432 0.0020 0.5999 110.62 55.19 79.87 8.43 -4.87 -5.12 3.4300 0.2700 -3.0200 -1.2767 -3.0044 -0.7678 8.49 -4.50 -1.92 93 174 193 206 156 
-0.2975 0.7991 0.0782 0.5166 119.25 61.56 129.25 6.79 -5.57 -10.28 -2.3300 -1.7900 -7.0700 3.0389 -1.6544 -2.5078 8.82 -2.63 -3.36 90 162 174 182 127 
-0.3622 0.7140 0.3582 0.4803 102.81 72.06 154.06 11.60 4.81 -8.52 0.9100 4.7300 -6.0400 3.1789 0.9256 -1.4733 9.45 -0.94 -2.43 94 167 181 185 129 
-0.4922 0.5503 0.5524 0.3870 68.81 77.50 143.81 13.48 9.30 1.54 2.1600 10.1600 3.1600 3.4011 0.7556 0.5978 9.60 -1.89 -0.55 96 167 169 174 127 
-0.6301 0.4251 0.5807 0.2917 52.13 78.94 96.37 10.20 4.57 3.87 3.0000 8.8900 5.4400 -3.1378 2.1844 -1.5956 9.73 -1.16 0.23 97 170 186 184 132 
-0.5456 0.4823 0.5070 0.4611 90.56 86.94 0.56 11.81 3.73 -7.55 2.3300 2.3600 -9.1300 -2.7111 0.1978 -1.4844 9.70 0.92 1.04 97 172 185 185 133 
-0.3928 0.5019 0.4265 0.6417 119.87 77.56 -54.06 9.98 -4.80 -8.05 0.2000 -6.5600 -9.4200 0.8967 -1.2333 -0.3311 9.56 2.10 0.48 96 173 187 187 135 
-0.3707 0.4931 0.5182 0.5923 110.37 74.94 -94.75 8.93 3.08 3.82 -1.1200 0.4700 3.7800 2.5911 -1.0211 1.2156 9.59 1.58 -1.29 97 164 175 181 133 
-0.4367 0.4761 0.5674 0.5106 97.69 79.44 -119.81 9.21 2.45 1.02 1.0700 2.0000 2.3800 0.3833 0.2644 0.0900 9.68 1.36 -0.74 97 171 184 185 136 
-0.4600 0.4747 0.5448 0.5160 99.31 83.06 -83.37 7.08 1.47 3.11 -0.9400 -0.1200 -0.2700 -5.1411 2.6956 -0.2256 9.47 0.79 2.41 106 220 201 224 164 
;
