0.8646 -0.1436 -0.3965 -0.2733 34.81 49.63 3.06 7.37 0.12 6.65 0.0000 0.5000 0.1700 -0.0811 0.1689 0.0489 7.39 -0.39 6.43 171 306 308 316 199 
0.8708 -0.1433 -0.3856 -0.2692 34.06 48.94 3.50 7.83 0.01 6.38 0.2800 0.2600 -0.4200 -0.3489 0.0544 0.0856 7.48 -0.46 6.31 170 327 318 329 202 
0.8639 -0.1431 -0.4119 -0.2522 32.50 54.06 4.00 9.82 -0.38 9.37 1.8200 -0.7000 3.2300 -0.5944 -2.1500 0.3589 8.85 -0.72 4.15 159 334 164 174 126 
0.7775 -0.2086 -0.5524 -0.2163 29.94 70.31 21.06 6.05 -1.56 1.40 -3.7400 -1.8700 -1.3100 1.3956 -0.6356 -0.6811 9.39 -0.69 2.70 120 378 166 176 127 
0.7825 -0.1570 -0.5641 -0.2116 31.31 70.50 -5.56 9.73 1.71 2.77 0.5200 1.1000 -0.5700 0.7122 0.5000 -0.7911 9.02 1.15 3.65 121 383 166 180 130 
0.7991 -0.0612 -0.5470 -0.2418 34.06 62.81 -25.25 9.31 2.69 1.99 1.3200 0.7000 -1.4000 1.2800 0.5044 -0.5167 8.47 2.63 4.17 122 387 168 178 133 
0.8143 0.0400 -0.5355 -0.2205 27.62 58.13 -36.44 10.77 2.99 4.88 2.9900 0.5500 1.0900 1.9044 0.5211 1.1322 8.38 2.95 4.14 123 388 170 180 134 
0.8392 0.0961 -0.5305 -0.0711 6.00 62.19 -26.00 8.51 3.10 7.88 -0.0400 1.9100 4.0200 0.2300 0.9000 2.2878 8.67 0.63 4.52 125 389 171 181 135 
0.8611 0.0329 -0.5003 0.0844 346.50 58.81 9.50 6.65 1.03 6.59 -1.8400 2.2000 1.1600 -1.5067 0.3422 1.4022 8.09 -2.31 5.02 126 391 176 184 135 
0.8605 -0.1145 -0.4828 0.1155 347.31 52.69 33.75 3.90 -0.83 4.16 -3.4700 2.7000 -0.5800 -2.4689 0.1356 -0.9267 7.99 -3.70 4.29 125 392 176 183 136 
0.8348 -0.2341 -0.4977 -0.0251 7.56 59.69 43.06 7.72 -0.89 -0.01 -0.2300 2.4400 -3.2600 -0.9256 -0.3278 -1.8833 9.08 -2.28 2.90 126 390 177 184 135 
0.7791 -0.2286 -0.5620 -0.1577 26.56 73.62 25.56 10.57 -1.05 -0.13 1.7000 -0.1400 -2.8500 0.4278 -0.6700 -1.1144 9.57 -0.27 2.10 126 392 178 185 137 
0.7510 -0.1580 -0.6030 -0.2179 31.94 77.00 -13.88 12.57 0.74 1.90 2.8200 0.6000 0.4600 2.1756 0.8900 -0.7367 9.40 1.37 2.40 127 393 178 187 137 
0.7676 -0.0269 -0.6169 -0.1720 24.00 72.87 -38.00 9.95 2.37 6.53 0.1800 0.2800 3.8900 -0.2144 0.0800 0.1489 9.34 1.75 2.40 128 391 178 187 139 
0.7731 -0.0215 -0.6133 -0.1607 23.81 72.81 -31.44 10.68 1.84 3.72 1.5300 0.5400 1.1600 -0.6578 1.0689 -0.1733 9.19 1.40 3.10 162 320 188 200 155 
0.8247 -0.0557 -0.5222 -0.2101 32.25 54.88 -10.06 10.15 1.37 8.57 0.6300 -0.9100 -0.9300 -5.9444 8.9622 -1.8678 3.23 -1.43 9.14 200 165 164 197 147 
0.8770 -0.1858 0.0814 -0.4357 52.75 -4.00 31.75 9.49 -2.92 6.04 10.3000 4.9400 -2.6000 -5.3322 3.7489 4.0067 -3.69 -7.36 5.31 201 147 165 176 126 
0.8148 -0.2831 0.4427 -0.2451 27.37 -42.81 54.63 -2.46 -0.50 2.37 1.9900 5.5200 -0.8300 1.0444 -0.0733 4.4800 -8.49 -2.32 4.30 201 157 162 172 128 
0.8558 -0.0312 0.5161 0.0162 354.44 -61.19 -3.06 -15.72 3.00 7.55 -8.2500 2.0000 2.6400 0.0211 -0.7411 0.3389 -8.17 1.32 5.25 201 161 166 176 130 
0.8784 0.0225 0.4722 0.0702 352.81 -55.06 -7.81 -6.38 1.17 5.17 0.9800 0.1700 -0.4000 0.1522 -0.0900 -0.6822 -8.00 0.38 5.65 202 161 167 175 131 
;
0.8890 0.0038 0.4573 0.0229 356.50 -54.25 -2.31 -7.70 0.25 5.75 0.2200 0.0200 -0.1100 -0.0344 -0.1911 -0.1700 -7.90 0.13 5.79 200 165 170 176 132 
0.8923 -0.0093 0.4502 0.0327 355.12 -53.38 -1.31 -8.43 0.48 5.71 -0.3600 0.3600 -0.0400 0.0911 -0.1300 -0.1578 -7.83 0.10 5.89 202 167 168 179 132 
0.8949 -0.0188 0.4441 0.0406 355.12 -52.50 0.31 -8.20 0.33 6.00 -0.8800 0.3500 0.0100 -0.1044 -0.2156 -0.4767 -7.64 -0.40 6.12 201 171 166 180 134 
0.9230 -0.0562 0.3801 -0.0185 8.06 -33.00 12.00 -5.71 4.73 5.98 0.3200 5.1100 -5.2700 0.1500 -9.2933 -4.4133 1.60 -2.17 9.42 173 310 196 201 158 
0.9313 -0.1331 -0.2639 -0.2130 26.44 44.56 9.25 6.37 -1.91 3.59 -0.9400 -2.1600 -3.6300 -0.2633 -3.7678 -0.9778 8.73 -0.70 4.40 136 376 187 191 139 
0.7833 -0.1751 -0.5514 -0.2274 33.25 74.56 -1.69 13.18 1.05 3.23 4.6400 0.1600 1.8300 0.3733 -0.2656 -1.0244 9.54 0.97 2.04 98 393 182 190 135 
0.7316 -0.1205 -0.6217 -0.2523 38.81 74.81 -35.38 9.90 1.70 1.22 0.6700 0.2000 -0.8000 0.6244 0.7300 -0.7367 9.27 2.06 2.43 104 394 182 191 136 
0.7511 -0.0388 -0.6036 -0.2645 37.81 66.25 -46.63 10.57 3.48 1.39 1.8700 0.4400 -1.4300 2.0211 0.5067 -0.1778 8.77 3.44 2.68 106 393 181 193 137 
0.7693 0.0861 -0.6035 -0.1912 24.50 65.25 -58.44 11.67 5.55 3.54 2.4700 1.8600 2.1400 1.7878 0.6767 1.0444 9.12 3.07 1.85 108 396 183 193 138 
0.7697 0.1321 -0.6232 -0.0410 2.25 72.81 -45.25 8.83 4.34 6.95 -1.1100 2.6600 4.6900 -1.2889 1.4100 1.9711 9.33 0.47 2.97 109 394 183 194 137 
0.8170 -0.0063 -0.5757 0.0330 355.31 69.25 18.81 4.58 0.93 3.68 -5.5200 2.4700 -0.1200 -2.6000 -0.5267 0.7989 9.15 -2.48 2.48 109 390 182 194 136 
0.7738 -0.1905 -0.6032 -0.0330 9.50 73.56 52.31 4.47 -0.11 -0.72 -3.5600 2.8100 -2.5900 -1.3078 0.7244 -2.8011 9.65 -0.53 1.65 111 392 186 195 136 
0.7284 -0.1391 -0.6359 -0.2138 36.13 77.69 -41.25 10.58 3.64 -1.49 3.3900 2.2100 -2.5400 1.2167 -0.4189 -1.5933 9.29 2.81 1.36 111 392 187 196 137 
0.7112 0.0144 -0.6591 -0.2440 36.38 67.81 -74.00 12.72 4.99 4.16 0.4800 0.5900 3.7900 1.4422 0.2156 0.2000 9.04 3.67 0.90 114 394 186 195 139 
0.7196 0.0892 -0.6664 -0.1733 25.94 68.12 -68.94 12.18 5.55 8.04 3.1400 2.3100 5.9400 -2.3533 3.6567 0.4422 8.67 2.75 3.64 163 283 199 207 155 
0.8661 -0.0060 -0.4451 -0.2272 31.19 37.69 -6.94 7.05 0.07 5.85 3.4000 0.7600 -3.2900 -5.6111 9.7567 0.0244 -0.67 -2.72 9.39 191 174 183 193 133 
0.8954 -0.1666 0.3007 -0.2829 31.31 -37.06 39.75 -3.22 -4.55 1.05 3.5700 0.7900 -3.3400 -0.1778 0.8567 2.2711 -7.52 -4.18 4.70 198 172 182 191 134 
0.8386 -0.1180 0.5254 -0.0823 4.75 -63.06 23.69 -1.55 4.88 3.77 3.5700 5.2100 0.3600 0.3456 -0.6078 4.6844 -8.67 1.48 4.33 201 176 183 193 134 
;
