0.1685 -0.0485 -0.3502 -0.9201 158.50 12.38 -40.00 2.61 6.24 6.70 0.7700 0.2700 -0.3900 0.0800 0.0322 0.2567 2.27 6.15 7.28 168 348 342 346 212 
0.1846 -0.0507 -0.3503 -0.9168 157.56 12.19 -39.44 1.82 6.03 7.50 -0.3100 0.0000 0.1000 -0.0956 0.1389 -0.1622 1.90 6.04 7.48 161 346 346 346 210 
0.1815 -0.0395 -0.3435 -0.9206 157.06 12.19 -39.31 1.29 7.64 9.98 -2.6500 2.2700 3.6800 1.9756 -3.9778 2.4989 4.48 6.31 6.01 162 305 281 307 219 
0.2056 -0.2836 -0.4362 -0.8289 152.62 47.63 -58.13 10.82 7.77 3.97 3.2100 1.7800 0.2100 -1.1411 -2.9733 2.8211 8.80 4.05 1.49 163 292 206 224 195 
0.1788 -0.5806 -0.3636 -0.7063 152.81 74.56 -91.94 6.46 0.57 -0.69 -6.7500 -1.1800 -8.2000 0.2556 0.4900 -0.5456 9.42 2.72 0.02 148 351 184 182 172 
0.1468 -0.5798 -0.3815 -0.7048 156.37 65.06 -86.06 8.22 6.10 -4.30 0.2600 1.7500 -4.0200 3.1111 0.5322 -2.1600 8.12 5.45 -0.68 120 370 187 187 176 
0.1744 -0.4454 -0.6172 -0.6246 143.87 48.19 -108.75 11.69 10.47 -6.35 7.1200 4.7500 -4.8500 6.4233 -2.8989 1.7356 6.99 3.97 -5.61 128 371 193 190 176 
0.3112 -0.3708 -0.8156 -0.3169 73.44 53.81 -159.50 9.63 9.14 1.78 0.6500 7.3400 6.7500 -0.2811 2.7267 1.4256 9.01 1.11 -3.70 132 370 192 189 176 
0.5259 -0.3846 -0.6693 -0.3574 73.75 85.75 -177.75 -0.38 4.18 -1.15 -10.7900 3.8200 -2.0600 -6.6478 2.4989 0.6767 9.66 -0.70 1.49 121 372 191 194 176 
0.4247 -0.5800 -0.3244 -0.6147 119.87 85.31 2.94 8.49 2.19 -6.64 -1.7900 1.8500 -6.4200 -1.4433 -0.2422 -3.6922 9.54 2.23 0.09 121 371 189 197 177 
0.1439 -0.6101 -0.3876 -0.6758 159.50 63.75 -95.50 12.54 7.60 -5.18 4.8200 2.7100 -4.1900 2.3400 0.2967 -2.0422 7.73 5.92 -1.08 124 369 192 197 177 
0.1158 -0.4843 -0.5876 -0.6378 156.31 48.19 -108.44 12.08 8.97 -1.75 4.0500 2.7300 1.1600 2.3322 1.0667 0.1433 7.48 5.70 -2.76 130 371 192 198 178 
0.2249 -0.4623 -0.6759 -0.5281 127.69 54.50 -128.19 10.41 7.34 0.56 -0.3300 4.5400 7.1300 0.8978 2.3678 0.7756 8.74 3.57 -2.62 162 300 222 249 193 
0.3334 -0.4444 -0.6387 -0.5323 115.19 65.19 -120.25 7.83 2.06 -0.33 -0.4600 -2.6100 -3.5300 -2.3511 2.6267 -0.3011 9.12 3.56 0.45 96 205 236 245 198 
0.3300 -0.4357 -0.4581 -0.7010 132.00 68.44 -58.63 12.12 2.77 0.11 2.7300 0.7800 -3.4700 -1.0333 -1.1778 1.1200 9.56 1.92 1.02 91 164 162 182 136 
0.3218 -0.5856 -0.3939 -0.6312 119.12 84.69 -176.50 7.91 1.41 -7.51 -1.6200 2.2400 -5.6200 3.1156 0.5656 0.2578 9.75 -0.12 -0.95 95 172 166 184 139 
0.4785 -0.5308 -0.5001 -0.4890 84.69 88.06 178.50 13.34 6.94 1.98 2.1300 6.8000 2.3200 3.0578 1.2033 0.9833 9.74 -0.68 0.80 97 162 163 184 138 
0.6350 -0.3988 -0.5409 -0.3810 66.87 80.87 30.44 8.16 3.94 4.35 1.6400 6.0000 3.6600 -1.5556 0.9267 -1.1356 9.70 -0.33 1.34 96 177 177 190 142 
0.5552 -0.4304 -0.4951 -0.5113 93.75 80.25 -25.25 9.00 4.55 -2.45 2.2600 3.5000 -6.0900 -2.8189 -0.3689 -1.8733 9.42 2.04 1.76 97 174 180 190 143 
0.3621 -0.4742 -0.4515 -0.6634 125.44 73.19 -75.06 15.30 -2.11 -9.78 4.0600 -5.4100 -9.1900 2.5800 -0.4189 -0.9778 9.17 3.42 -0.57 98 178 177 192 144 
0.3567 -0.4559 -0.6122 -0.5385 104.00 67.19 -130.37 9.19 4.55 0.62 -5.4200 10.3200 14.9100 0.5578 0.6378 -0.6722 8.96 2.30 -3.22 102 179 183 202 152 
0.3932 -0.4184 -0.6750 -0.4633 102.56 66.00 -123.50 2.63 1.55 -1.36 -4.6500 -2.2900 -0.2700 -0.6333 1.3522 -2.2256 8.49 4.79 -1.00 142 241 225 248 185 
0.3918 -0.2417 -0.6358 -0.6196 115.31 46.69 -78.06 9.48 9.90 3.82 2.7200 3.7400 2.9200 2.4444 0.4256 1.1756 7.05 6.74 0.99 196 230 245 242 183 
0.4977 -0.1667 -0.6589 -0.5389 90.00 62.88 -76.56 6.52 6.00 3.00 -2.4000 1.6700 2.6600 -4.0300 1.4822 2.9233 9.24 1.84 2.68 196 177 186 194 161 
0.5716 -0.4324 -0.4286 -0.5501 90.37 76.19 27.62 7.27 1.39 1.21 -1.9900 2.8700 -0.2400 -3.2011 -0.7311 -0.0878 9.62 -1.58 0.99 203 164 174 184 147 
0.4156 -0.5896 -0.2867 -0.6304 115.31 78.81 36.94 11.52 1.05 -2.67 1.3300 1.2400 -4.7000 -0.2444 -0.2033 0.3167 9.61 -1.33 1.40 204 168 175 185 150 
0.3987 -0.5917 -0.2591 -0.6509 116.69 77.94 39.75 9.58 -0.07 2.45 -0.5000 0.5900 0.1100 -0.2211 0.4100 -0.2367 9.58 -1.13 1.75 203 168 180 189 152 
0.3972 -0.5820 -0.2675 -0.6573 117.75 77.87 31.75 10.00 -0.62 1.92 0.1700 0.3800 -0.0500 -0.1211 0.3378 -0.1200 9.57 -1.01 1.86 204 171 182 190 152 
;
