0.9481 0.0024 -0.2477 -0.1995 23.75 27.94 -6.69 4.47 1.02 8.74 -0.0600 0.0900 0.1300 -0.0100 -0.0267 -0.0022 4.60 1.01 8.59 163 338 337 388 203 
0.9478 0.0019 -0.2485 -0.2000 23.75 28.00 -6.69 4.53 1.06 8.65 -0.0900 0.0200 0.0600 -0.0044 -0.0078 0.0044 4.60 1.01 8.59 164 338 335 389 203 
0.9476 0.0017 -0.2484 -0.2010 23.81 28.00 -6.69 4.37 0.95 8.66 -0.1500 -0.0100 0.1100 0.0378 -0.1100 0.0467 4.66 1.00 8.56 165 339 338 390 202 
0.9474 0.0039 -0.2519 -0.1971 23.37 28.25 -7.19 4.27 1.17 8.61 -0.1600 0.0100 -0.1400 0.0256 -0.1689 0.0511 4.74 1.12 8.51 165 336 338 390 203 
0.9429 0.0085 -0.2739 -0.1891 22.19 33.63 -8.56 5.67 0.95 7.86 0.1600 -0.1900 0.1900 0.4178 -0.8778 0.0511 6.16 1.40 7.49 171 330 333 392 203 
0.9174 0.0215 -0.3583 -0.1718 20.75 41.81 -13.50 8.63 3.36 12.24 2.2600 2.2500 4.3400 -1.6300 0.2000 -0.2789 6.49 1.23 7.24 169 328 209 206 142 
0.9205 -0.0501 -0.3035 -0.2409 33.00 33.94 -3.94 5.83 -0.14 0.90 2.3900 -0.1000 -7.9900 5.6767 -0.1556 -1.4511 5.35 3.63 7.36 156 343 185 189 138 
0.8837 0.2146 -0.3680 -0.1939 17.25 39.63 -44.00 9.82 9.80 8.60 2.7600 5.1200 3.8800 1.5556 0.0400 4.2156 7.87 3.78 4.45 159 371 188 192 138 
0.8478 0.2109 -0.4717 0.1196 340.00 59.44 -21.12 5.31 3.79 6.63 -3.8700 2.4100 1.8000 -1.3500 -0.0689 2.8944 8.50 -0.89 4.80 157 387 191 193 138 
0.8265 0.0167 -0.5097 0.2384 328.06 58.06 29.06 4.51 -0.23 4.68 -4.4200 2.3000 -0.0800 -2.6267 0.0811 -0.6167 8.44 -3.27 3.76 148 396 191 193 139 
0.8091 -0.1322 -0.5662 0.0859 355.37 66.00 40.56 7.41 0.08 0.34 -1.7300 1.9700 -3.2600 -1.5889 1.3722 -3.7033 9.07 -0.61 3.65 146 398 192 196 142 
0.8216 -0.0712 -0.5295 -0.1989 30.75 61.13 -21.37 11.51 3.58 0.97 3.5400 1.3200 -2.8000 2.2578 0.1133 -1.2178 8.16 3.40 4.22 145 399 192 198 147 
0.8075 0.1131 -0.5383 -0.2129 26.81 55.69 -49.81 11.81 5.50 4.01 2.6500 0.8400 0.9700 2.8944 0.2622 1.0633 8.36 4.27 2.80 150 398 196 200 148 
0.7869 0.2197 -0.5748 -0.0447 2.25 64.44 -57.81 7.36 6.12 6.43 -1.9900 2.6500 4.1000 0.1178 0.1122 1.3011 9.15 2.70 2.22 150 396 193 202 149 
0.7813 0.1788 -0.5965 0.0422 353.56 72.44 -41.81 10.20 4.49 3.75 2.4700 2.9300 1.3400 -2.2744 1.1756 0.1744 9.22 1.39 3.00 158 375 215 222 167 
0.8436 0.0188 -0.5364 -0.0160 4.56 61.88 8.00 12.94 1.90 5.05 3.0200 5.0600 -1.6800 -7.7600 4.1111 3.1956 6.60 -5.26 4.99 168 308 259 268 182 
0.8289 -0.5244 -0.1083 -0.1617 26.00 13.19 74.19 0.20 -4.44 1.37 -0.6200 4.1000 -1.5900 -6.0678 1.2844 1.4433 0.91 -9.51 -2.20 176 384 365 431 208 
0.5344 -0.8121 0.1769 -0.1534 34.00 3.81 115.94 0.35 -6.44 -7.94 1.7700 1.6100 -2.9200 -0.7044 0.0233 -0.4411 1.13 -8.35 -5.00 174 399 380 441 209 
0.4625 -0.8492 0.1850 -0.1755 41.63 7.50 120.81 1.61 -8.07 -6.77 -0.6300 0.8100 -1.5400 0.5556 0.2156 0.0789 1.33 -8.54 -4.61 175 397 383 440 212 
0.4990 -0.8311 0.1637 -0.1829 37.38 8.44 113.56 3.41 -6.12 -9.51 1.6000 3.2100 -6.4800 3.3622 -1.8711 -0.5278 1.48 -9.51 -1.85 170 387 379 430 208 
0.7114 -0.6907 0.0215 -0.1282 16.25 9.06 78.19 4.90 0.46 1.48 3.2800 10.1100 -1.0400 7.9422 -1.4533 0.0856 2.20 -6.66 6.84 170 386 375 420 209 
0.9727 -0.1862 -0.1363 -0.0264 1.50 17.37 11.06 8.47 6.78 14.44 5.6800 7.3800 6.4200 4.9111 1.3333 -0.0478 2.95 1.60 9.21 170 381 369 415 212 
0.9760 0.1193 -0.1813 0.0167 358.06 21.12 -13.50 2.81 2.37 8.76 -0.2700 0.1100 -1.8300 -0.4644 -0.3644 -0.0356 3.81 1.65 8.87 172 378 372 408 214 
0.9760 0.0899 -0.1981 0.0106 358.56 22.75 -11.13 3.55 3.08 10.16 -0.3100 1.2100 0.9400 -0.3844 -0.0200 -0.0933 3.78 1.63 8.89 170 371 371 392 211 
0.9778 0.0781 -0.1942 0.0010 0.69 22.62 -8.69 3.82 3.42 9.29 -0.2600 2.1400 -0.1800 -0.5856 -0.5156 -0.6011 3.98 1.12 8.88 172 334 337 332 204 
;
