0.6265 0.2151 -0.0501 0.7475 259.87 22.62 -12.25 3.78 2.23 8.73 -0.0100 0.2500 -0.0800 -0.0022 -0.0033 0.0233 3.77 1.93 8.84 153 295 295 298 198 
0.6277 0.2166 -0.0497 0.7461 260.12 22.62 -12.31 3.59 2.01 8.68 -0.0900 0.0800 -0.1900 0.0122 -0.0456 0.0056 3.80 1.94 8.82 153 296 295 298 198 
0.6277 0.2186 -0.0501 0.7454 260.06 22.75 -12.63 3.75 2.23 8.64 -0.8500 0.6500 -0.4400 0.7511 0.3589 0.3578 3.68 2.33 8.78 156 308 288 297 198 
0.6083 0.2646 -0.0241 0.7479 258.75 26.31 -20.44 6.92 2.14 10.50 0.5200 0.4600 4.2000 2.0989 -4.8356 0.1189 6.63 4.15 5.90 164 333 210 249 190 
0.5277 0.4745 -0.1319 0.6921 248.87 56.00 -27.50 13.41 3.38 -2.25 1.2600 1.8300 -6.0700 3.9178 -0.9833 3.1467 9.27 1.14 2.98 146 372 203 217 175 
0.2341 0.5601 -0.0936 0.7892 211.12 67.19 -18.81 -1.88 2.97 2.47 -8.3300 1.7600 -2.9300 2.1767 0.5811 -1.8156 8.58 2.99 3.66 132 396 199 208 172 
0.1953 0.5423 0.1645 0.8004 203.94 50.63 -58.13 13.28 11.23 1.01 6.8400 7.0600 1.2300 5.3811 0.0789 1.2878 7.63 6.06 1.04 141 399 199 213 176 
-0.0657 0.5581 0.4377 0.7018 160.94 62.00 -93.37 7.83 9.56 3.78 -0.9500 5.6500 3.5200 0.6622 0.4122 3.3056 9.53 2.24 -0.32 139 399 200 211 175 
-0.2704 0.6125 0.3287 0.6661 132.56 85.56 -1.69 4.02 4.32 3.55 -6.6500 4.3100 1.3900 -4.8378 2.1889 1.5822 9.48 -1.58 1.92 126 399 206 212 173 
-0.1998 0.6352 0.0127 0.7460 157.94 73.19 56.44 5.09 1.93 -2.62 -4.1900 3.3700 -5.8800 -3.5622 0.8633 -3.5722 9.68 -0.66 1.40 130 399 203 211 174 
0.1338 0.6428 -0.0383 0.7532 206.19 73.62 -49.63 11.67 5.20 -4.35 2.8600 2.9400 -5.0800 1.9367 0.2822 -3.0167 8.61 4.39 1.62 132 401 208 215 175 
0.2173 0.6401 0.1859 0.7131 212.19 54.75 -83.19 12.51 7.15 -0.49 4.3800 1.6400 0.2900 2.4211 -0.1200 0.5789 8.13 5.46 -0.37 132 402 207 218 176 
0.0790 0.6808 0.2784 0.6729 188.62 64.12 -103.25 11.70 8.19 4.20 3.5800 5.4400 6.0200 -1.0233 1.8322 1.7578 9.38 2.82 0.00 173 398 227 234 187 
0.0372 0.6074 0.1114 0.7856 192.19 62.19 -20.19 7.28 7.19 5.02 1.2600 6.9200 -0.9600 -10.2422 8.2289 -2.6722 4.78 -2.03 8.31 202 405 213 220 188 
0.4594 -0.0677 -0.3488 0.8141 248.75 6.12 55.94 0.33 -8.48 -2.57 1.3500 0.4900 -4.9100 -1.6544 2.4422 -2.9622 1.21 -9.23 3.06 203 405 214 225 191 
0.5992 -0.3539 -0.4679 0.5447 276.37 9.56 71.12 4.34 -5.01 1.40 3.6000 5.6900 -1.6400 1.5278 -0.5689 0.9578 1.22 -8.87 3.97 201 405 217 223 190 
0.5879 -0.2939 -0.3945 0.6422 260.75 4.19 53.19 5.08 -0.21 6.91 5.1700 6.3100 1.8500 3.9444 -2.0322 1.7456 0.85 -5.66 7.95 199 403 221 221 175 
0.4961 -0.0328 -0.2305 0.8365 236.00 13.13 22.00 3.14 -10.30 21.40 1.3600 -5.5000 11.9500 0.3744 -2.7956 2.6322 3.41 -3.87 8.33 200 400 223 222 175 
0.2568 0.1201 -0.3049 0.9092 208.44 21.94 35.13 0.05 -3.01 10.94 -6.1300 1.2000 2.7100 -2.1033 -1.2167 1.9956 3.22 -6.99 6.06 201 408 227 225 179 
0.1374 0.1036 -0.4561 0.8732 199.19 17.56 56.81 0.15 -3.36 8.64 -2.4100 5.1600 3.7900 -2.5900 2.4122 -0.9100 2.87 -8.46 4.04 200 408 231 230 180 
0.2818 -0.0261 -0.5756 0.7672 227.75 16.87 71.69 3.30 -2.13 2.41 0.7600 7.1300 -0.4800 -0.5811 3.4556 -2.0378 3.50 -8.62 3.06 201 409 232 230 181 
0.5261 -0.1401 -0.5322 0.6484 262.75 22.81 59.75 9.83 -0.87 3.53 6.0700 5.3600 -1.3000 2.5633 1.6833 -1.0233 3.72 -6.41 6.40 200 409 230 229 179 
0.6606 -0.0560 -0.3472 0.6633 269.56 22.31 30.31 7.55 -8.08 10.79 3.7500 -3.2200 2.8600 2.3133 -1.0111 -0.2400 4.28 -3.01 8.28 189 408 235 230 182 
0.6448 0.0722 -0.2663 0.7128 262.94 26.94 19.00 0.34 -7.36 9.95 -4.1200 -3.9500 2.3400 0.2244 -0.4144 -0.0033 4.78 -2.74 8.10 194 410 234 232 185 
;
