0.6886 0.2445 -0.1079 -0.6741 88.94 -10.44 -29.31 -1.79 4.70 8.43 -0.0900 -0.0200 0.0100 0.0467 -0.1133 -0.0756 -1.71 4.73 8.41 163 363 359 401 210 
0.6866 0.2387 -0.1127 -0.6774 89.25 -9.56 -29.06 -3.15 4.68 9.11 -1.8700 0.0000 0.3400 -0.4722 -1.4100 0.1389 -0.68 4.42 8.72 161 323 325 363 211 
0.6770 0.1295 -0.1771 -0.7025 93.31 8.31 -24.12 -0.17 3.75 11.87 -2.7000 -0.9400 2.9600 -0.5267 -3.0044 -0.9056 3.69 3.78 8.25 163 309 218 235 190 
0.5878 -0.0753 -0.3903 -0.7046 99.50 42.19 -40.81 12.22 5.72 0.92 3.5000 1.4800 -2.7800 1.2889 -2.3556 2.0556 8.37 4.20 2.87 164 330 153 172 129 
0.5788 -0.2074 -0.5697 -0.5453 82.75 65.25 -57.25 9.08 3.04 -0.50 -0.8600 -0.3000 -2.3800 2.6233 -2.0756 1.9144 9.50 2.37 0.49 111 369 156 178 131 
0.6201 -0.2228 -0.6649 -0.3516 53.50 80.62 -89.50 7.71 2.04 0.06 -1.4000 1.5100 1.9200 1.0044 1.2533 0.1000 9.70 1.37 0.42 116 375 166 183 135 
0.6884 -0.1431 -0.6558 -0.2747 44.19 76.69 -56.25 6.74 2.67 0.62 -2.9100 0.5000 -1.3400 1.2300 0.8967 -1.5756 9.18 2.98 1.72 117 371 170 186 137 
0.7169 0.0194 -0.6364 -0.2841 40.69 62.56 -68.44 12.15 4.86 -1.08 3.5300 0.9100 -1.6100 3.5444 1.0467 0.1344 8.58 4.61 1.05 120 373 171 188 139 
0.7216 0.2012 -0.6539 -0.1059 10.69 66.87 -82.19 10.44 8.61 5.46 0.1000 4.7300 4.7400 -0.1611 -0.0333 2.6067 9.56 2.02 0.68 120 374 176 190 140 
0.7578 0.0881 -0.6463 0.0163 358.37 78.69 -15.19 4.68 2.46 2.70 -4.3800 2.4900 0.6800 -3.0444 0.5200 1.7600 9.50 -1.19 2.07 121 379 179 190 139 
0.7684 -0.1667 -0.6163 -0.0435 10.56 74.87 59.13 3.91 0.91 -0.28 -5.3700 3.0000 -1.2700 -2.9767 0.0644 -2.4411 9.71 -1.10 0.78 121 380 179 192 140 
0.6778 -0.2383 -0.6322 -0.2900 55.63 79.25 -59.50 11.62 6.80 -3.66 2.0100 3.2400 -6.3800 0.7322 0.7467 -3.5133 8.70 4.25 1.51 118 378 181 192 140 
0.5915 -0.0538 -0.6569 -0.4645 76.44 53.88 -81.25 13.80 8.75 0.06 5.8700 2.8000 -0.3300 2.0444 -0.8044 0.1700 7.84 5.84 -0.60 118 379 183 192 141 
0.5647 0.0294 -0.7417 -0.3607 60.50 56.56 -104.62 10.00 6.43 0.26 2.6300 2.1600 1.7500 1.3622 0.6500 1.3200 8.68 4.18 -1.79 120 378 184 195 142 
0.6045 0.0201 -0.7670 -0.2142 36.06 69.44 -116.25 7.36 5.16 3.99 -1.0000 2.6700 4.6200 -2.2422 1.3178 1.2189 9.53 2.28 0.00 144 352 188 205 154 
0.7080 -0.1110 -0.6415 -0.2736 47.25 72.12 -26.94 12.65 4.10 2.36 2.0400 2.5700 -2.7600 -5.8156 4.4144 1.6344 7.71 -2.10 5.68 163 219 225 256 181 
0.7587 -0.4257 -0.1780 -0.4599 63.31 38.50 51.88 9.36 -3.37 3.76 3.7600 3.2900 -1.0200 -4.1144 -0.0467 3.1433 4.24 -8.58 2.12 162 220 190 221 157 
0.6630 -0.6680 0.1165 -0.3171 45.19 10.44 90.00 0.82 -6.41 -0.28 -1.2000 3.7800 0.4300 -2.5156 -1.8722 1.4678 0.11 -9.60 -1.99 164 225 191 226 156 
0.5977 -0.7761 0.1635 -0.1171 21.31 -1.37 106.31 -4.16 -8.62 -0.96 -3.3800 0.4000 -0.8000 -0.0511 -0.9567 -1.3289 0.24 -9.28 -3.15 165 219 194 219 157 
0.5798 -0.8022 0.1107 -0.0903 15.31 2.69 108.50 -5.91 -7.97 -4.56 -6.3700 1.4600 -1.6900 -1.1811 -5.3989 -5.9078 2.60 -8.43 -4.26 161 211 195 217 155 
0.4875 -0.7624 -0.4250 0.0214 345.75 24.00 130.25 5.02 -3.26 -7.59 -0.6400 1.4700 -1.9900 1.3833 -4.5644 -4.7800 3.85 -5.62 -7.05 164 220 190 219 159 
0.2963 -0.4717 -0.8177 0.1451 55.25 20.00 147.19 3.49 -1.81 -11.68 2.1900 2.4500 -2.6400 1.2911 -0.7367 -1.1233 3.33 -5.23 -7.59 160 219 187 218 157 
0.2773 -0.3398 -0.8741 0.2087 40.25 20.06 143.06 5.75 -4.42 -7.61 2.6200 0.8100 -0.6700 1.1456 -0.0356 0.1133 3.27 -6.20 -6.85 160 220 190 218 157 
0.2933 -0.2922 -0.8601 0.2982 267.12 19.31 130.50 3.28 -5.47 -4.06 -1.0700 1.2100 1.4900 -0.2011 0.4811 -0.2433 3.67 -7.16 -5.59 160 223 192 217 153 
0.3370 -0.2938 -0.8342 0.3229 273.19 22.06 127.31 4.92 -6.59 -6.23 0.7400 0.4000 -0.1000 -0.0533 0.7411 0.1456 3.89 -7.22 -5.35 161 223 198 221 156 
0.3828 -0.3240 -0.8129 0.2961 292.69 28.00 125.69 7.17 -3.25 -1.46 1.9500 4.2600 3.7800 -1.7711 4.6544 -1.3178 6.71 -6.01 -3.85 162 215 207 222 164 
0.6538 -0.3679 -0.6610 0.0176 9.88 65.94 78.19 8.82 -3.23 -7.56 -0.2800 -0.1400 -9.4000 5.1367 3.3333 -2.9589 8.63 -0.36 4.63 169 224 198 220 160 
0.8253 0.0442 -0.5558 -0.0902 9.13 64.62 -38.50 11.51 4.71 8.25 1.8000 1.9900 5.1400 1.4722 -0.6700 0.6089 9.00 3.02 2.43 184 220 196 212 154 
0.7820 0.1331 -0.6083 0.0283 350.44 76.50 -10.06 8.06 1.14 4.71 -2.1900 2.1900 2.5300 -2.0133 -0.5267 3.9911 9.20 -2.86 1.80 195 179 172 184 139 
0.7397 -0.1632 -0.6379 0.1389 341.50 63.13 76.69 1.33 -1.01 2.32 -7.2100 3.3800 1.0100 -2.5000 -1.2556 -2.1611 9.22 -3.30 -0.23 198 171 172 182 138 
0.6693 -0.2230 -0.7050 -0.0726 19.81 79.44 144.31 16.33 2.83 -6.82 6.9400 3.3900 -4.6600 -1.0644 -0.0978 -1.7778 9.63 0.49 -1.77 199 177 173 184 140 
0.6036 -0.1806 -0.7542 -0.1853 33.69 77.37 -164.19 11.29 0.99 -1.36 1.3200 0.5100 0.9400 0.0089 0.4767 0.0311 9.61 0.50 -1.87 199 178 173 185 140 
0.6135 -0.1804 -0.7477 -0.1788 32.19 79.31 -166.44 9.10 0.63 -1.45 -0.5800 0.4200 0.3000 0.0289 0.0867 -0.0578 9.65 0.30 -1.69 198 180 176 187 141 
0.6230 -0.1817 -0.7408 -0.1735 31.31 80.44 -169.00 9.74 1.12 -1.05 -0.0500 0.6800 0.2300 -0.1300 -0.1156 0.0867 9.67 0.29 -1.58 200 180 178 188 140 
0.6223 -0.1877 -0.7389 -0.1775 32.25 80.56 -168.50 9.65 0.68 -1.51 0.0500 0.3800 0.1600 -0.2578 0.2867 0.1589 9.69 0.33 -1.43 197 182 179 190 141 
;
