0.6382 0.2461 -0.1465 -0.7147 96.44 -9.44 -32.00 -1.69 5.14 8.25 -0.0600 0.0400 0.0400 0.0056 0.0000 0.0022 -1.62 5.12 8.19 161 376 359 402 212 
0.6383 0.2462 -0.1461 -0.7146 96.44 -9.50 -32.00 -1.69 5.19 8.12 -0.1000 0.0300 -0.0400 -0.0144 0.0022 -0.0044 -1.62 5.12 8.20 160 373 360 400 211 
0.6384 0.2460 -0.1458 -0.7147 96.44 -9.50 -31.94 -1.67 5.15 8.14 -0.0200 0.0800 -0.0500 -0.0033 -0.0033 0.0011 -1.62 5.12 8.20 161 374 358 400 212 
0.6384 0.2460 -0.1458 -0.7147 96.44 -9.50 -31.94 -1.68 5.17 8.17 -0.0700 0.0500 -0.0600 0.0056 0.0022 0.0033 -1.62 5.12 8.20 160 374 359 402 211 
0.6384 0.2460 -0.1458 -0.7147 96.44 -9.50 -31.94 -1.69 5.18 8.14 -0.0500 0.0600 -0.0300 0.0011 0.0056 0.0067 -1.62 5.12 8.20 162 373 360 400 212 
0.6392 0.2437 -0.1482 -0.7142 96.31 -7.75 -31.87 -3.90 5.23 10.50 -2.7400 0.5200 3.3900 -0.2256 -2.8322 0.3056 0.35 5.06 8.39 161 338 199 248 208 
0.6356 0.1207 -0.2166 -0.7311 97.62 9.25 -28.06 5.59 5.12 6.47 3.9400 1.3000 -2.8500 3.1089 -0.7200 1.4511 3.90 5.74 6.92 130 355 169 170 171 
0.6699 0.1143 -0.4167 -0.6038 79.37 27.69 -51.44 7.05 8.64 2.80 2.0800 1.3900 -1.7400 3.5889 0.7133 1.5122 5.39 7.39 3.51 122 352 170 175 175 
0.7028 0.2588 -0.5506 -0.3688 48.81 37.63 -74.75 7.45 10.05 2.18 0.3600 2.5400 1.0600 3.2589 0.7489 2.0256 7.00 6.83 0.68 125 351 180 181 178 
0.7067 0.3349 -0.6100 -0.1277 14.63 55.25 -86.62 5.02 8.46 3.05 -3.4800 3.2800 2.4000 -1.5222 0.1067 3.3289 9.15 3.41 0.81 128 352 183 186 180 
0.7576 0.1178 -0.6418 -0.0156 2.94 78.00 -34.25 3.60 2.42 1.28 -6.1300 1.3000 -0.7100 -3.4600 -0.1000 0.8933 9.64 -0.27 1.73 123 360 186 187 179 
0.7383 -0.1458 -0.6486 -0.1146 24.87 84.62 3.81 7.18 0.73 -2.15 -2.5100 1.6100 -2.7400 -3.6744 -0.6756 -2.2689 9.76 0.92 0.02 120 364 185 185 176 
0.6017 -0.2406 -0.6464 -0.4028 73.56 71.56 -83.31 10.71 6.38 -1.07 0.9800 2.2500 -2.0300 0.1222 1.5667 -3.2000 8.22 5.24 1.01 123 370 184 187 179 
0.5334 -0.0417 -0.6619 -0.5250 89.69 45.06 -81.19 10.08 10.38 0.07 3.2300 3.1500 -0.4700 2.3133 0.8122 -0.6233 6.41 7.41 0.31 125 374 188 190 182 
0.5503 0.1103 -0.6866 -0.4620 74.37 42.38 -86.62 7.90 8.88 2.58 0.3000 1.8700 3.0400 1.3367 0.2233 2.2333 7.66 6.11 -0.05 130 371 190 192 181 
0.6302 0.1144 -0.6970 -0.3222 54.44 53.38 -87.37 4.92 6.09 2.70 -1.7900 0.2100 1.3700 -1.2756 0.6711 -0.6278 7.57 6.11 1.19 147 303 194 199 181 
0.6689 0.1137 -0.6140 -0.4032 62.25 43.69 -64.50 14.05 11.77 5.23 6.1300 5.0200 1.6700 -2.3589 5.9833 -0.6867 4.46 5.92 6.41 168 222 208 210 185 
0.8414 0.1656 -0.2222 -0.4641 57.88 5.06 -22.50 -1.98 2.17 6.97 -1.2000 -1.7600 -3.1000 -4.7944 4.6044 -1.0067 -2.22 0.38 9.54 179 181 173 193 172 
0.8306 0.0674 0.2231 -0.5057 64.37 -31.00 12.06 -3.99 -2.95 5.09 2.1100 0.0800 -0.8100 -0.7778 1.8922 -0.5378 -6.14 -2.67 7.15 186 178 178 193 170 
0.7656 0.0525 0.4106 -0.4924 63.94 -43.50 26.81 0.72 -0.83 5.56 7.9000 2.3000 -1.8700 -0.3122 -0.1456 2.5456 -7.19 -2.27 6.26 189 183 188 196 172 
0.8447 0.1436 0.3966 -0.3295 33.88 -50.00 -13.75 -19.16 10.83 11.58 -9.2600 5.7400 4.0400 -0.0667 -0.2267 2.6011 -6.64 3.99 6.00 188 188 193 199 173 
0.8959 0.2824 0.3185 -0.1272 16.87 -39.56 -33.13 -9.09 4.64 6.85 -2.0900 0.2600 0.5400 0.1011 -0.7756 -0.9878 -6.27 3.80 6.50 189 191 193 200 174 
0.8948 0.2662 0.3099 -0.1802 23.44 -40.69 -27.87 -4.87 3.68 6.45 0.8800 0.2600 -0.1900 -0.0200 -0.4522 -0.2767 -6.29 3.33 6.73 191 193 196 199 176 
0.9022 0.2455 0.2836 -0.2132 28.69 -36.38 -22.12 -14.09 6.42 10.93 -6.9400 5.6200 4.6000 -0.7533 -6.0456 -3.0811 -2.77 1.53 9.27 195 253 238 257 196 
0.8989 0.0011 0.0304 -0.4370 55.25 2.94 8.06 2.57 4.78 8.14 1.8200 6.4500 -1.9200 -6.0344 -1.2533 -2.0756 2.08 -5.04 8.14 186 321 293 320 200 
0.7449 -0.4044 0.0823 -0.5242 70.37 20.56 54.63 3.77 -3.00 0.68 -0.2100 4.5600 -3.8900 -4.8500 -2.9244 0.4767 4.00 -8.79 1.65 166 373 347 388 204 
0.5850 -0.6763 0.1512 -0.4213 74.19 22.87 90.37 3.92 -9.65 -4.78 1.1100 0.1400 -4.1700 -1.6078 1.5278 0.2422 3.72 -9.03 -0.78 167 377 352 394 204 
0.5183 -0.6981 0.2336 -0.4352 79.06 21.25 93.44 2.73 -6.25 -6.74 0.3900 3.0600 -6.7700 2.6689 -1.2389 -0.3789 3.71 -9.05 0.66 162 373 353 397 208 
0.6681 -0.6102 0.0917 -0.4157 58.31 22.50 65.81 4.53 -1.11 0.22 1.9900 7.2400 -3.7200 7.4922 -0.9744 0.5511 3.91 -5.37 7.20 160 372 354 392 209 
0.9247 -0.1792 -0.1332 -0.3082 33.50 15.63 3.94 -0.41 6.72 11.65 0.2900 5.8900 2.8000 4.5878 2.1800 0.9033 1.20 2.58 9.38 161 375 358 397 209 
0.9636 0.1769 -0.0610 -0.1912 22.81 4.37 -22.81 -1.21 5.28 15.92 0.2200 -0.1900 3.1600 -0.6233 -0.8656 -0.2622 1.44 3.45 9.06 165 378 362 409 211 
;
