0.2914 -0.0898 -0.3348 -0.8915 143.75 20.75 -35.63 3.34 5.25 7.53 -0.1000 -0.0600 0.0800 0.0011 0.0078 -0.0078 3.47 5.34 7.45 165 336 313 317 201 
0.2914 -0.0892 -0.3345 -0.8917 143.81 20.69 -35.56 3.30 5.29 7.55 -0.1100 -0.0300 0.0900 0.0000 0.0089 -0.0200 3.47 5.36 7.44 165 333 314 313 199 
0.2887 -0.1067 -0.3452 -0.8867 144.00 26.50 -37.75 -0.79 6.01 13.91 -6.4200 -0.5500 4.9800 -1.9611 -2.2544 -1.7722 5.08 4.96 6.75 164 299 252 226 183 
0.1274 -0.2462 -0.3145 -0.9079 167.19 30.25 -37.81 5.37 4.12 -0.41 0.7100 -0.4800 -6.8500 2.6378 -0.2511 -1.4711 4.28 6.87 5.52 159 307 173 178 145 
0.0689 -0.2070 -0.4437 -0.8692 169.25 24.56 -57.81 7.96 11.83 3.30 3.2500 4.6500 -0.9300 3.0033 0.4700 0.9400 4.51 8.18 2.97 130 334 181 179 135 
0.1786 -0.1933 -0.5963 -0.7584 144.75 34.69 -81.37 7.94 10.38 0.71 1.7200 2.3700 -0.2700 3.3356 0.6411 2.3044 6.92 6.93 -0.38 134 333 190 184 142 
0.4030 -0.2104 -0.7154 -0.5306 94.94 58.25 -103.50 5.37 7.73 4.81 -3.8200 3.5300 5.4900 -0.1911 1.1467 2.6122 9.25 3.19 -0.46 141 337 191 190 145 
0.5623 -0.3129 -0.6249 -0.4421 77.37 82.37 -66.81 2.39 2.97 2.03 -6.9300 2.6700 1.4100 -4.5711 -0.5644 1.9556 9.78 -0.56 0.28 142 335 194 194 145 
0.4529 -0.5751 -0.4052 -0.5476 112.25 86.44 176.94 6.18 4.97 -5.03 -2.1900 4.5600 -5.3500 -5.6333 1.0989 -3.8956 9.51 2.35 0.40 135 344 189 184 144 
0.0913 -0.5562 -0.3251 -0.7594 171.75 56.06 -65.44 9.43 10.24 -2.42 3.3600 4.9800 -3.9500 2.6533 2.0578 -2.9300 6.09 7.36 2.20 137 349 192 191 146 
0.0381 -0.3387 -0.5485 -0.7635 172.06 33.19 -80.94 8.48 11.10 0.19 2.7800 2.7200 -0.9300 2.6778 -0.3111 1.3300 5.87 7.84 -0.24 137 343 194 194 147 
0.1682 -0.3493 -0.6541 -0.6495 144.69 46.69 -102.56 8.98 7.50 -0.15 1.6800 1.3600 1.6100 1.4878 -0.7100 2.4044 8.15 4.75 -2.66 138 338 196 197 149 
0.3153 -0.4551 -0.6531 -0.5167 113.25 65.56 -121.25 10.62 10.38 7.02 0.2000 7.2600 7.4000 -3.8700 1.8456 1.0967 9.40 2.77 0.27 155 313 229 224 171 
0.3270 -0.5085 -0.4077 -0.6843 136.25 69.50 -19.94 10.74 5.04 -0.16 0.6200 4.7000 -4.9600 -6.0633 2.1600 1.8444 7.98 -2.15 5.26 161 310 286 298 195 
0.2343 -0.5106 0.1184 -0.8187 149.06 47.81 56.69 5.47 -1.31 -2.14 -3.3600 2.7800 -6.6400 -4.3844 -0.2967 1.8911 6.10 -7.53 1.47 165 358 333 367 202 
0.1779 -0.5277 0.4510 -0.6974 150.37 33.94 90.75 4.87 -6.58 -5.66 -0.7400 0.2000 -5.1600 0.1989 -0.7900 0.2322 5.25 -8.26 -0.43 165 371 353 392 210 
0.2519 -0.5638 0.4024 -0.6758 134.75 35.56 79.69 3.12 -1.43 -5.85 -1.9700 8.3200 -7.7400 8.4244 -1.5444 -1.4144 6.66 -5.20 4.96 166 378 356 397 216 
0.4891 -0.3871 -0.0953 -0.7758 112.06 41.44 3.87 5.32 8.75 11.59 -4.6400 6.5300 2.5800 3.9933 0.8267 0.3956 5.23 2.41 7.93 169 382 362 403 216 
0.5956 -0.0738 -0.2953 -0.7433 102.12 27.56 -26.19 4.96 6.06 11.41 0.4300 1.7200 3.0600 0.8478 0.8244 -0.3889 4.21 4.53 7.60 167 386 364 413 225 
0.5903 -0.0227 -0.3340 -0.7345 102.62 25.69 -30.50 3.69 5.16 9.45 -0.8300 1.3900 2.5100 -1.0444 -2.0422 0.8211 5.33 3.79 7.30 178 374 355 398 220 
0.5684 -0.1688 -0.3586 -0.7210 104.62 44.00 -23.00 6.67 8.44 12.41 0.2400 7.0400 4.8500 -3.8411 -1.2322 0.2478 7.50 1.05 6.22 181 347 348 380 218 
0.4623 -0.3945 -0.1950 -0.7698 122.31 51.19 16.56 6.45 4.33 1.64 -1.5000 5.8900 -7.1300 -7.3767 -0.8989 0.8667 7.36 -5.29 3.71 172 342 346 372 215 
0.2534 -0.5339 0.2665 -0.7614 148.25 39.06 72.31 4.16 -5.11 -6.08 -1.5500 2.3500 -7.6100 -2.6244 0.5389 0.5422 5.64 -7.98 0.72 167 370 353 379 214 
0.1607 -0.5217 0.4774 -0.6885 152.44 34.25 91.81 5.57 -7.87 -2.81 -0.1800 -0.5200 -2.3700 0.3756 -0.5378 -0.2600 5.65 -8.00 -0.34 166 368 360 396 217 
0.1964 -0.5643 0.4276 -0.6783 145.75 37.31 88.12 7.57 -5.37 -4.35 0.8200 2.0700 -5.4300 5.0867 -0.1722 0.4378 5.88 -7.17 3.16 160 367 351 394 218 
0.4171 -0.4828 0.1306 -0.7589 117.50 38.69 38.88 6.01 4.23 6.16 -0.3400 8.0000 0.8100 7.2544 2.6411 0.4467 4.82 -1.12 8.46 164 365 357 395 219 
0.5898 -0.1755 -0.1868 -0.7658 103.19 27.94 -11.06 4.00 6.68 13.30 -1.2100 4.4500 5.9900 2.1900 1.4500 -0.0867 3.58 3.25 8.52 163 369 359 400 221 
0.6201 -0.0292 -0.2649 -0.7379 100.12 20.06 -22.44 3.74 3.11 11.33 0.2900 0.5600 3.0000 -0.5422 0.9567 -0.1867 2.81 3.44 8.74 165 376 368 408 225 
0.6165 -0.0034 -0.2324 -0.7523 101.25 16.75 -21.25 2.36 2.97 9.13 -0.0300 -0.3600 0.5900 0.0589 -0.2033 0.1189 2.93 3.44 8.70 165 378 370 411 226 
0.6190 -0.0068 -0.2415 -0.7473 100.50 18.31 -21.62 1.60 4.46 10.72 -2.3300 0.6600 0.9000 -1.3067 1.2900 0.0889 2.41 2.76 9.09 166 335 351 357 213 
;
