-0.3545 0.1534 0.2552 0.8864 136.19 27.06 -22.69 4.72 3.54 7.84 0.3000 0.2100 -0.1500 0.0044 -0.0478 0.0533 4.53 3.37 8.01 154 363 361 388 204 
-0.3575 0.1573 0.2597 0.8832 135.62 27.94 -23.31 3.86 3.35 7.52 2.0000 0.1300 -0.2300 0.0044 -0.6122 -0.2656 4.94 3.56 7.68 159 354 364 380 210 
-0.3534 0.1642 0.2736 0.8794 136.31 27.94 -24.44 4.90 3.98 7.74 0.4900 0.1000 -0.0300 -0.1056 0.3656 -0.1533 4.38 3.57 8.01 159 354 361 382 209 
-0.3621 0.1850 0.2985 0.8635 132.37 37.19 -30.31 3.62 10.81 15.91 -2.4300 3.6000 3.2500 -1.7556 -3.8467 -1.1322 7.63 4.13 4.54 164 309 244 235 186 
-0.2255 0.3625 0.3333 0.8406 157.06 47.19 -34.63 8.45 1.54 -2.18 1.9200 -1.8200 -8.6600 -0.5344 0.2933 -2.4100 6.22 4.43 6.14 125 327 171 171 151 
-0.0722 0.2919 0.3344 0.8932 169.37 32.88 -49.81 10.05 9.77 -2.09 5.0900 3.7800 -4.7600 6.1222 1.3700 -0.2600 4.82 8.17 2.45 114 356 190 178 157 
-0.2197 0.1642 0.6467 0.7117 137.00 33.81 -86.19 9.18 13.78 3.16 2.4700 6.0100 2.5700 2.3667 0.5167 3.7067 7.30 6.52 -0.47 124 358 192 185 160 
-0.4633 0.2213 0.6752 0.5296 90.69 65.94 -85.00 3.78 7.79 2.26 -7.5100 4.4100 1.4100 -2.8233 1.2311 4.9678 9.67 0.43 1.55 127 366 195 187 158 
-0.5975 0.5002 0.4443 0.4420 74.25 71.44 77.75 -0.04 1.37 1.18 -8.7900 4.5000 0.3200 -6.0078 0.6067 0.3633 9.15 -3.48 -0.51 119 369 199 191 159 
-0.3325 0.7072 0.2336 0.5786 130.37 81.12 137.50 9.97 4.14 -8.28 0.4900 3.4300 -7.7600 0.2633 1.6344 -5.4600 9.19 3.40 0.05 118 368 196 194 161 
-0.0828 0.5280 0.4374 0.7232 166.06 52.88 -84.19 13.14 11.80 -2.71 5.3000 4.6400 -3.1000 4.2722 2.2056 -0.9456 6.73 7.11 -0.37 122 370 200 195 165 
-0.2229 0.3350 0.6691 0.6248 133.44 49.56 -105.56 10.22 9.51 3.30 1.1800 3.5900 5.3300 0.5733 0.1622 2.8811 8.62 4.18 -2.04 157 306 207 207 173 
-0.3713 0.4340 0.5901 0.5706 117.62 70.69 -76.00 9.05 10.41 3.80 0.0000 7.8800 0.8200 -9.2411 4.8067 0.2922 8.33 0.63 5.12 175 273 298 307 199 
-0.2361 0.3719 -0.0461 0.8965 157.62 30.12 32.44 9.05 1.38 1.10 5.8200 7.7900 -4.6500 -8.4722 6.6244 0.8467 1.47 -8.65 4.37 171 298 288 275 199 
0.0089 0.0181 -0.6320 0.7747 182.87 2.94 84.56 6.54 -3.65 -2.31 0.6100 5.1500 -2.7100 -4.1600 0.5289 0.9389 0.04 -9.59 -2.01 171 290 270 258 195 
-0.0009 -0.0065 -0.8094 0.5872 180.50 0.31 110.06 -3.16 -9.95 -11.77 -0.6800 0.5500 -8.0900 0.9022 1.7178 -0.5622 0.73 -9.28 -3.06 167 291 268 265 195 
0.0941 -0.0186 -0.7689 0.6321 198.69 8.31 92.94 1.13 -7.46 -3.38 -2.9900 7.2000 -1.4200 5.1522 0.7356 -0.9911 1.92 -8.71 4.07 173 299 294 286 203 
0.1725 0.0294 -0.4694 0.8655 201.75 11.50 55.75 2.97 -1.64 15.48 3.7000 7.3800 8.6500 -2.3222 -0.8889 1.1956 1.48 -8.89 3.84 171 293 292 286 202 
0.0760 0.0129 -0.6115 0.7875 188.25 4.81 80.94 -1.36 -8.15 -3.34 -2.7100 0.1600 -6.6100 -2.3078 -1.9644 0.7022 0.25 -9.79 -0.43 172 291 278 281 202 
-0.0070 0.0411 -0.7183 0.6945 183.69 5.12 88.94 -5.36 -9.82 -10.32 -5.6500 0.8800 -10.1500 4.3433 2.8811 -2.2367 2.36 -8.74 3.75 174 294 288 290 203 
0.2100 0.0901 -0.4211 0.8777 207.19 22.00 43.44 14.47 9.64 21.65 12.6300 12.9400 9.2500 1.0633 -2.5589 0.9678 5.45 -5.23 6.24 14 288 275 261 199 
0.0535 0.3220 -0.3235 0.8882 179.00 39.00 44.44 9.40 -4.72 6.11 1.8500 -0.3100 1.0400 1.2833 -2.2400 2.3856 6.05 -5.98 4.86 148 265 161 178 165 
-0.2523 0.4357 -0.2863 0.8152 137.31 30.87 56.81 4.36 -5.59 5.25 -1.9200 2.5400 -2.0600 3.0067 -1.6733 3.9511 3.22 -7.38 5.58 115 254 157 158 135 
-0.5413 0.3507 -0.2198 0.7319 103.44 14.81 43.13 4.84 -1.72 6.44 1.9000 4.3700 0.2600 2.5589 0.0056 1.1511 2.44 -5.14 7.98 118 227 162 160 136 
-0.6772 0.2792 -0.0626 0.6779 88.12 16.25 27.12 0.46 -1.92 8.75 -1.0700 2.9100 1.3200 0.5111 -0.0833 0.6456 2.62 -3.99 8.56 121 236 161 163 138 
-0.7142 0.2404 -0.0444 0.6558 85.25 14.38 24.50 3.08 -3.38 8.90 0.7400 0.5100 0.4500 -0.0178 -0.1922 -0.0933 2.61 -3.94 8.58 121 242 164 165 139 
-0.7094 0.2440 -0.0479 0.6595 86.31 14.63 25.06 2.57 -2.20 8.98 0.0000 1.4300 -0.5800 -0.5067 1.1133 -0.6889 2.04 -4.23 8.60 124 256 166 168 143 
-0.6625 0.2234 -0.1039 0.7073 95.69 9.31 27.75 4.19 -0.94 9.92 2.8400 3.9500 1.7300 -1.6178 0.9744 -0.6689 1.32 -5.42 8.05 124 252 168 168 144 
-0.6077 0.2866 -0.2065 0.7113 99.06 8.13 44.56 -1.13 -9.01 2.20 -3.2100 -2.9500 -3.8200 -1.7056 0.7211 -0.2378 1.03 -7.75 5.91 124 251 169 170 144 
-0.5494 0.3337 -0.3123 0.6995 105.19 7.87 54.00 1.13 -8.92 5.01 -0.7500 -0.8200 -0.4600 0.2444 -0.3244 -0.4722 1.67 -7.73 5.78 126 248 170 171 144 
-0.5218 0.3470 -0.2954 0.7211 108.06 12.50 53.81 -1.82 -5.58 -1.38 -4.4400 2.8600 -8.2000 0.8478 -1.1867 -2.4378 4.08 -6.92 5.61 138 239 167 172 151 
;
