0.4910 0.1343 0.1219 0.8521 240.12 6.44 -19.94 1.54 3.31 9.13 0.5000 -0.0300 -0.0500 -0.0222 0.0544 -0.1211 1.09 3.32 9.16 158 303 299 297 191 
0.4986 0.1341 0.1199 0.8480 240.87 6.19 -19.75 1.19 3.24 9.13 0.1900 -0.0400 -0.0500 -0.0222 -0.0478 0.0144 1.12 3.28 9.17 158 304 297 298 190 
0.4987 0.1393 0.1150 0.8477 240.94 7.00 -19.56 1.18 3.16 9.33 -0.6000 -0.3500 0.2200 0.1678 -0.1789 0.1056 1.36 3.35 9.11 158 304 299 301 191 
0.4899 0.1864 0.1258 0.8423 240.75 13.56 -26.81 3.59 6.36 11.58 5.7300 2.8200 2.1100 1.1322 -6.6078 -0.0389 5.81 5.48 5.67 165 311 302 283 193 
0.4733 0.4863 0.0483 0.7328 241.37 46.50 -46.31 8.66 4.51 -2.24 -0.7700 -1.2600 -6.6900 4.4344 -3.9556 3.2911 9.05 3.50 1.35 163 378 203 199 173 
0.1710 0.6678 0.0473 0.7228 201.50 72.81 -66.19 3.46 5.15 3.13 -5.1600 2.1000 1.4300 1.3533 0.5067 0.0133 9.33 2.59 1.50 136 389 196 186 155 
0.1113 0.6262 0.1129 0.7634 196.37 65.31 -59.81 10.50 5.85 -1.80 3.2100 2.2200 -3.5900 3.1967 2.3289 -1.4544 8.09 5.02 2.30 131 388 200 192 161 
0.0095 0.4998 0.3559 0.7896 173.69 50.75 -66.81 9.43 11.18 8.41 2.1000 5.5600 7.7200 2.7344 0.4422 2.7744 8.44 4.73 1.55 139 392 207 197 165 
-0.2426 0.5051 0.4147 0.7170 139.50 71.12 -63.44 4.81 4.75 3.70 -5.1300 2.8000 2.0000 -1.6744 -0.1033 2.9744 9.68 0.18 1.50 142 394 206 201 165 
-0.3094 0.6243 0.2013 0.6884 136.56 78.87 50.63 4.48 3.31 2.48 -7.2000 4.4600 -0.4900 -6.0711 1.5778 -1.2800 9.67 -1.11 1.18 132 389 211 205 160 
0.0178 0.6781 -0.0137 0.7346 192.69 80.56 -42.75 8.34 4.66 -5.96 -0.7000 3.0500 -6.4600 0.0967 0.3711 -3.6822 8.85 3.75 1.90 136 389 209 209 162 
0.2502 0.6028 0.1478 0.7431 219.44 51.31 -69.87 12.26 9.59 0.12 3.8200 2.5900 -2.4100 2.0811 -0.0311 -0.9544 6.91 6.80 1.39 136 388 211 209 163 
0.2220 0.6036 0.3124 0.6991 211.31 46.50 -86.62 12.99 8.60 2.56 4.9300 2.1100 2.5000 1.7911 -0.0878 2.4133 8.13 5.44 -0.54 139 390 211 207 166 
0.0430 0.6822 0.2839 0.6724 184.19 65.81 -104.62 10.05 7.44 7.74 0.9200 4.8200 8.4600 -2.6378 2.9689 1.2744 9.41 2.49 1.13 162 358 242 226 183 
0.0734 0.5532 0.0358 0.8290 194.50 59.31 -7.50 12.34 7.22 2.08 3.4100 7.2500 -3.7300 -9.0622 5.6044 -0.2289 5.16 -4.38 7.08 168 300 315 333 199 
0.3480 0.0248 -0.4561 0.8187 231.25 16.75 59.56 2.53 -3.65 -1.36 -0.3300 3.5700 -3.4100 -6.3611 2.3144 0.9100 1.40 -9.70 -0.10 179 351 342 363 203 
0.3411 -0.3222 -0.7023 0.5353 243.94 7.06 106.00 -1.37 -6.27 -7.08 -3.1500 1.7900 -7.4000 -1.0944 -0.5100 0.0633 0.78 -9.01 -3.76 177 354 339 352 200 
0.3057 -0.3592 -0.7250 0.5019 245.87 5.50 104.37 -0.75 -7.61 -11.90 -2.5500 1.7300 -10.9100 6.2444 1.2622 -0.7433 1.50 -9.52 1.77 176 348 340 357 204 
0.5474 -0.2113 -0.4366 0.6820 258.44 11.19 46.63 3.00 4.06 25.88 0.6100 9.7900 18.7500 0.1456 -0.2422 0.0422 1.87 -6.43 7.15 180 349 341 354 204 
0.5610 -0.1588 -0.3835 0.7162 254.81 11.94 52.94 1.92 -5.55 6.35 -1.0200 2.1000 -0.5400 -3.9022 -0.7044 0.7700 1.82 -9.08 3.20 177 350 343 365 205 
0.4344 -0.2607 -0.5886 0.6300 247.75 10.31 85.62 -0.69 -9.08 -9.04 -2.2200 0.1000 -10.8200 -1.9178 -0.2289 -0.1222 1.86 -9.57 -0.96 178 349 344 359 205 
0.4141 -0.2800 -0.6537 0.5681 255.94 13.63 85.06 -1.03 -7.60 -6.94 -4.1500 3.3600 -6.9200 5.7356 1.6456 -0.9889 2.46 -7.95 5.17 178 345 341 351 205 
0.5990 -0.1691 -0.3846 0.6816 263.12 13.00 45.06 5.80 -1.29 15.71 1.3500 2.8000 3.1800 -0.4567 -0.4278 0.2056 2.37 -6.84 6.60 178 346 342 349 205 
;
