-0.0094 0.0335 0.3092 0.9504 178.87 3.87 -36.00 0.53 5.79 8.00 -0.1400 0.0300 0.0700 -0.0044 -0.0289 -0.0111 0.66 5.74 7.91 164 347 352 393 213 
-0.0084 0.0330 0.3088 0.9505 178.94 3.87 -36.00 0.57 5.84 7.88 -0.0200 0.0700 -0.0500 -0.0233 0.0278 0.0333 0.67 5.75 7.91 163 348 354 391 213 
-0.0100 0.0490 0.3116 0.9489 178.94 8.56 -36.88 -0.75 6.29 12.43 -3.2400 0.6600 5.3200 0.7489 -5.2189 1.0722 4.26 5.88 6.58 163 320 279 309 213 
0.0265 0.3954 0.3142 0.8627 182.94 48.00 -53.63 11.77 6.10 2.63 3.2700 -0.2200 -3.6000 0.6311 -0.1289 1.5600 8.64 4.00 2.33 164 314 193 199 175 
-0.0731 0.5624 0.3068 0.7643 167.44 65.19 -65.62 6.77 2.36 -2.42 -2.9900 -1.6600 -3.2700 0.4167 0.5511 -0.4156 8.82 3.89 1.78 154 335 181 173 140 
-0.1025 0.5090 0.3724 0.7692 164.94 55.00 -68.69 8.82 7.76 -3.02 1.2700 1.8800 -4.9400 3.6433 3.1756 -2.4211 6.43 7.11 2.03 124 344 192 179 150 
-0.1926 0.2437 0.6114 0.7278 141.94 36.69 -85.12 9.35 14.56 2.38 2.7200 6.8300 2.8500 4.2189 0.8744 3.0511 7.23 6.53 -1.06 135 352 199 185 154 
-0.4346 0.2200 0.7158 0.5004 90.94 63.50 -101.94 2.94 8.61 3.22 -6.4900 4.4900 3.6700 -2.2344 0.9733 3.6489 9.65 1.66 0.34 135 352 200 190 156 
-0.5504 0.4612 0.5200 0.4625 79.62 84.31 5.56 -0.53 1.57 1.08 -9.7900 3.2100 0.9200 -4.9978 -0.2267 0.3778 9.61 -1.77 -0.68 137 360 196 191 156 
-0.3204 0.6606 0.3467 0.5838 134.44 83.75 -175.37 13.36 5.72 -8.31 -0.5500 2.6500 -8.3500 -0.5522 3.2100 -5.6422 7.96 5.05 2.69 130 366 197 195 160 
-0.0517 0.4281 0.4496 0.7822 173.06 41.00 -73.44 11.74 12.06 -2.17 7.1100 6.7200 -2.7600 3.9244 1.8889 -0.6911 5.67 7.95 0.81 131 359 200 197 162 
-0.1614 0.3256 0.6373 0.6795 143.94 46.69 -98.50 8.26 12.02 10.61 -2.0600 5.9400 11.2000 -0.3889 0.4056 3.3633 8.68 4.40 -1.17 150 357 198 202 174 
-0.3111 0.4833 0.5397 0.6151 129.12 70.56 -80.81 11.59 11.98 2.05 3.3200 9.8000 -0.8000 -8.0589 3.5033 1.0900 8.55 0.46 4.77 155 286 235 253 190 
-0.2108 0.4365 -0.0027 0.8746 155.31 43.63 29.50 7.01 -0.36 1.73 0.9700 2.6200 -5.0700 -3.0911 1.9944 3.1122 4.19 -7.02 5.41 162 374 363 384 205 
-0.2050 0.2787 -0.4262 0.8359 156.06 12.19 64.37 2.34 -4.77 -2.84 -1.3000 4.1000 -6.9100 -3.9767 0.5367 0.2244 1.15 -9.61 1.56 167 387 357 398 209 
-0.1164 0.1995 -0.6689 0.7066 159.56 7.44 90.37 1.92 -6.76 -16.07 -0.5900 2.5500 -15.8100 5.3167 -2.2344 -0.9744 1.88 -9.33 2.32 166 375 363 395 210 
-0.2540 0.2452 -0.3765 0.8566 142.31 14.69 40.31 4.08 0.37 20.15 0.9900 4.1800 12.9900 3.7500 -2.8411 0.5833 3.75 -4.01 8.11 166 375 366 393 209 
-0.3929 0.2462 -0.1039 0.8799 133.69 19.94 25.81 2.85 -0.55 14.10 1.1100 4.0800 5.7500 -3.2644 2.5722 -1.1933 2.20 -5.87 7.53 167 372 361 393 210 
-0.2189 0.2166 -0.3861 0.8695 153.69 12.25 56.88 4.38 -4.55 -2.39 -0.0200 4.9000 -8.5700 -4.2367 0.5000 -0.5300 2.14 -9.33 2.11 168 381 366 398 210 
-0.0886 0.2427 -0.6401 0.7236 167.50 13.94 89.94 2.72 -6.68 -11.63 1.1000 2.6800 -11.7800 2.1411 -0.9622 -0.4322 2.59 -9.43 0.61 168 379 366 399 209 
-0.1391 0.2274 -0.5533 0.7892 154.69 9.31 63.38 6.09 -0.75 4.26 5.3800 5.7300 8.9800 5.4300 -0.4922 1.8456 1.58 -6.17 7.45 169 379 365 389 210 
-0.3666 0.2048 -0.2165 0.8813 133.06 11.94 31.87 -1.48 -4.87 12.21 -1.1000 0.1200 4.5500 -0.9100 -3.2067 0.3822 3.94 -5.70 6.93 164 354 349 329 208 
-0.4337 0.4694 -0.1654 0.7512 114.37 39.38 63.25 -0.76 -5.52 -2.08 -7.9000 1.5400 -3.3300 -0.7544 -6.7500 0.1844 6.80 -7.03 -0.59 183 270 269 264 196 
-0.4331 0.8131 0.0359 0.3872 77.50 37.44 127.06 2.18 0.79 -6.05 -1.6800 6.6000 -1.3800 -3.5211 -3.6644 -2.6233 4.81 -3.07 -7.96 184 242 238 266 202 
-0.0912 0.9478 0.2383 0.1911 151.00 22.25 178.69 6.07 4.52 -12.35 3.0100 4.6200 -3.4800 -2.6578 -0.9467 -1.5811 2.48 1.87 -9.29 185 257 249 277 204 
0.1180 0.9377 0.2925 0.1455 145.25 9.94 -158.75 7.27 3.52 -15.84 5.2300 -0.3700 -7.1100 -0.5689 -0.5433 0.2133 1.04 3.83 -8.96 185 265 257 282 203 
0.1548 0.9448 0.2673 0.1090 149.50 8.88 -161.12 8.41 0.63 -15.68 5.6300 -1.1400 -7.4400 1.1822 0.2822 1.5900 1.96 1.99 -9.39 182 276 255 288 204 
0.0115 0.9763 0.1702 0.1335 163.06 16.31 178.56 9.39 6.62 -17.89 -1.6400 7.3400 -10.2200 6.6500 3.5411 3.9256 4.17 -5.51 -6.95 197 399 347 400 213 
-0.5120 0.8123 0.0061 0.2791 53.38 25.56 102.81 -2.18 1.94 0.01 -10.4300 9.1500 1.0600 2.8878 0.4133 1.3956 3.29 -9.18 0.95 195 398 359 406 211 
-0.6960 0.6401 -0.0448 0.3222 50.75 20.62 77.75 1.47 -3.67 4.52 -1.9800 4.4100 2.5300 -0.0678 0.6089 -0.4500 3.60 -8.86 2.14 198 398 366 404 212 
-0.6864 0.6396 -0.0403 0.3437 53.38 22.94 79.69 2.07 -7.00 2.01 -1.6900 2.4100 1.0900 -0.3433 0.1700 -0.7600 4.23 -8.74 1.34 197 394 361 400 212 
-0.6384 0.6807 -0.0106 0.3593 61.63 30.87 87.87 1.49 -3.92 -0.58 -3.6500 5.5800 -0.8300 -1.7611 -1.1689 -1.7000 6.01 -7.66 -1.12 188 335 307 298 206 
;
