0.9337 -0.0024 -0.2842 -0.2179 26.25 32.25 -8.06 5.67 1.06 8.33 1.0200 -0.0100 0.1200 -0.0578 -0.1100 -0.0567 5.29 1.15 8.17 171 328 348 365 204 
0.9316 -0.0094 -0.2878 -0.2218 26.94 32.69 -7.44 5.54 1.34 8.04 0.3100 0.1600 -0.0600 -0.1111 -0.0489 -0.0756 5.32 1.03 8.16 169 328 351 367 205 
0.9288 -0.0165 -0.2898 -0.2305 27.94 33.13 -7.06 5.04 0.70 10.13 -0.4700 -0.3600 2.4500 0.3611 -1.4933 0.0200 5.97 1.19 7.68 170 341 324 301 198 
0.9072 -0.0453 -0.3487 -0.2310 29.56 41.69 -2.75 7.62 -1.88 2.79 0.7100 -2.1900 -4.5100 -0.3800 0.4467 -0.8911 6.54 0.12 7.29 157 353 169 170 120 
0.8915 -0.0623 -0.3447 -0.2871 35.75 39.50 -10.81 10.17 2.95 5.19 3.1000 1.3100 -1.3800 1.9656 0.3922 0.4611 6.10 2.67 7.19 123 369 172 177 131 
0.8948 0.0712 -0.3889 -0.2073 21.62 43.88 -23.12 9.78 3.59 8.89 2.4400 0.7700 2.5900 1.9256 -0.1489 2.8444 7.41 2.15 6.04 131 380 178 185 136 
0.8976 0.0881 -0.4314 0.0204 352.94 51.13 -6.31 4.38 3.84 9.44 -4.0700 3.2700 2.8300 -1.9778 0.3133 2.4133 7.40 -1.56 6.23 131 380 184 186 136 
0.8902 -0.1213 -0.4285 0.0959 350.00 47.00 29.94 1.56 0.24 3.20 -5.2300 3.6900 -3.1300 -3.3344 1.4711 -2.3100 7.20 -3.84 5.43 130 388 185 186 138 
0.8635 -0.2626 -0.4072 -0.1398 24.56 52.38 29.06 10.25 -0.41 1.07 2.3800 1.9900 -4.0700 0.1278 0.5733 -2.5811 7.89 -1.41 5.63 130 389 184 190 143 
0.8311 -0.1945 -0.4167 -0.3126 42.50 54.13 -0.13 11.51 0.62 4.36 3.8700 0.5100 -1.7500 1.8078 0.2867 -0.8800 7.73 1.43 5.85 131 389 174 191 146 
0.8373 -0.0388 -0.4434 -0.3175 39.25 49.75 -21.62 9.30 2.91 6.56 1.3900 0.6100 0.6600 2.3200 0.1944 1.1078 7.61 2.69 5.55 133 386 186 192 146 
0.8550 0.0572 -0.4830 -0.1802 21.94 54.63 -27.19 6.19 3.28 9.00 -2.5100 0.3400 2.9900 -0.7789 0.2533 0.3089 8.09 2.00 5.16 137 383 188 192 148 
0.8604 0.0080 -0.4836 -0.1608 21.62 55.94 -14.63 11.72 1.16 4.71 3.9900 0.0500 -0.0400 -0.7656 -0.9600 1.3589 8.46 0.15 4.95 180 214 190 209 156 
0.8497 -0.1193 -0.5038 -0.0999 7.81 61.75 23.81 5.99 -2.68 3.04 -6.8700 -0.9300 2.4900 0.5167 -1.9533 2.7067 8.58 -3.50 3.20 201 179 201 194 138 
0.8015 -0.2041 -0.5621 0.0105 8.25 64.87 45.75 12.94 1.98 -6.00 8.0500 4.1900 -11.7700 -0.6911 -1.0022 -1.2556 9.25 -2.29 2.27 201 181 199 189 136 
0.7802 -0.2391 -0.5646 -0.1237 17.50 69.50 43.25 8.82 -1.95 3.68 -0.8800 0.4500 0.9500 -0.0900 0.3811 -0.0356 9.15 -2.42 2.55 202 186 201 192 138 
;
0.7852 -0.2409 -0.5571 -0.1228 18.06 69.00 42.19 9.26 -2.73 2.47 -0.0100 -0.2900 -0.0400 -0.0100 0.0100 0.0278 9.14 -2.38 2.61 204 188 203 194 139 
0.7874 -0.2441 -0.5514 -0.1276 18.50 68.56 41.94 8.91 -2.08 2.17 -0.1000 0.4300 -0.3100 -0.3078 0.1222 -0.0344 9.10 -2.41 2.71 201 197 180 194 142 
0.7896 -0.2561 -0.5392 -0.1423 21.19 64.25 37.31 15.81 1.35 5.62 6.9200 3.4400 0.2900 -2.0100 7.0300 0.6711 6.44 -3.51 6.50 156 329 217 211 162 
0.9111 -0.2580 -0.1567 -0.2806 34.56 21.75 19.87 -1.10 -4.49 1.50 -1.2700 -0.3100 -6.7200 3.6867 -0.8767 -0.5378 4.25 -0.50 8.81 137 365 201 198 147 
0.9271 -0.0074 -0.2263 -0.2989 37.06 24.31 -12.13 6.63 3.41 11.90 4.9600 1.9100 2.5000 1.6878 -0.6389 -0.3633 4.46 3.22 8.11 133 372 199 194 147 
0.8892 0.1074 -0.3291 -0.2991 34.50 36.50 -30.37 11.22 4.68 6.78 5.2400 0.6200 0.4800 1.7567 -1.2111 2.3111 7.23 3.74 5.46 137 376 195 195 148 
0.8603 0.1251 -0.4829 -0.1052 7.50 56.56 -28.75 8.03 3.02 6.51 -0.2500 1.1800 1.7200 0.7833 0.9922 2.2522 8.34 1.31 4.98 140 378 205 198 150 
0.8747 0.0801 -0.4694 0.0905 346.75 55.81 -1.62 3.81 2.71 7.90 -4.7400 2.8700 1.6200 -2.6556 1.0978 0.4333 7.67 -1.35 5.94 140 383 205 199 149 
0.8898 -0.1089 -0.4408 0.0461 357.94 50.94 25.87 5.06 -0.04 2.24 -2.3700 2.7700 -3.9000 -2.6967 -0.5778 -1.4233 8.23 -2.96 4.41 142 391 202 200 151 
0.8304 -0.2168 -0.4938 -0.1397 23.37 63.63 23.06 10.91 -0.10 -0.76 1.1900 0.4200 -4.0100 0.3789 -0.1089 -2.1967 9.00 -0.21 3.87 141 391 200 202 153 
0.7900 -0.1371 -0.5377 -0.2607 37.38 66.50 -18.19 12.11 2.12 1.84 3.8600 0.1300 -1.3700 2.0278 0.4933 -1.0289 8.68 2.60 3.72 143 389 205 204 154 
0.7939 0.0309 -0.5599 -0.2350 29.06 61.19 -40.50 10.98 3.43 5.51 0.0400 0.6500 2.5500 2.0278 -0.6011 2.2644 9.06 2.29 2.94 161 368 216 214 163 
0.8015 0.0641 -0.5911 -0.0652 9.94 69.56 -24.62 5.21 1.55 6.43 -2.8600 0.3900 2.6400 -2.5244 1.4567 -0.7133 8.83 1.05 4.11 183 177 195 206 142 
0.8608 -0.0353 -0.4816 -0.1607 16.81 54.94 -6.50 11.87 1.81 7.74 -0.4400 1.8700 3.3300 0.6233 0.5911 3.4833 7.72 -0.88 5.97 201 178 197 192 131 
0.8935 -0.0857 -0.4362 0.0636 350.31 51.56 23.56 -5.80 -1.59 9.96 -10.3700 1.6100 2.8900 -3.3267 -0.3322 -3.0522 8.45 -2.03 4.53 203 179 195 194 134 
0.8412 -0.1354 -0.5092 -0.1209 18.50 63.50 8.88 14.55 0.40 0.32 2.6000 0.4100 -0.5900 0.5422 -0.3100 0.2567 8.87 -0.44 4.14 204 187 200 196 137 
;
