0.2443 0.0284 -0.2988 -0.9221 150.31 5.31 -34.56 0.95 5.48 8.07 0.0000 -0.0700 0.0600 0.0089 0.0144 -0.0122 0.91 5.54 8.03 153 341 367 397 217 
0.2443 0.0293 -0.2991 -0.9219 150.31 5.25 -34.63 0.88 5.51 8.07 -0.0200 -0.0600 0.0500 -0.0011 0.0056 0.0100 0.90 5.54 8.03 155 338 364 395 216 
0.2449 0.0280 -0.2999 -0.9216 150.75 6.06 -34.13 -0.44 6.05 10.88 -1.3400 0.8000 3.7600 -0.3278 -2.0011 0.2000 2.08 5.22 8.03 160 309 286 293 215 
0.1899 -0.1476 -0.3209 -0.9161 158.50 30.56 -38.50 8.36 6.33 9.04 6.3900 1.2100 1.8500 1.0256 -2.8422 1.3789 7.05 5.09 4.51 168 322 195 202 181 
0.2253 -0.3616 -0.3918 -0.8155 145.19 51.69 -47.00 4.86 2.47 0.86 -2.6000 -2.3700 -7.3300 0.2122 1.1311 0.1067 7.38 4.37 4.74 144 338 191 197 175 
0.3243 -0.2657 -0.4385 -0.7949 131.12 41.75 -53.00 9.03 8.44 1.58 2.3000 3.0300 -1.4000 4.1211 1.5333 1.9544 6.65 6.51 3.08 139 349 200 205 178 
0.5012 -0.1542 -0.6219 -0.5815 89.62 59.31 -76.19 7.42 8.68 4.90 -1.6000 4.4200 4.2300 1.2378 -0.2089 3.2922 9.40 2.70 0.60 147 360 204 210 181 
0.6342 -0.2569 -0.6188 -0.3859 60.81 80.19 -28.19 3.20 3.20 3.98 -5.9300 3.0900 2.0100 -3.1344 -0.3889 2.1211 9.62 -1.26 1.40 146 363 205 210 183 
0.6118 -0.4725 -0.4554 -0.4416 78.00 78.00 59.69 3.70 0.88 -0.71 -5.3000 2.4600 -2.3300 -3.8167 -0.1700 -2.4656 9.79 -0.35 0.38 137 371 199 213 182 
0.3771 -0.5392 -0.4245 -0.6220 122.44 77.81 -81.87 10.62 6.09 -1.78 2.7600 3.0200 -2.1700 -0.2300 0.7700 -3.2222 8.80 4.29 0.34 142 379 205 213 182 
0.2344 -0.4203 -0.5459 -0.6859 144.06 52.88 -86.81 12.73 8.46 -0.98 3.7200 2.3500 0.1900 1.6456 -0.1922 -0.8956 7.24 6.59 -0.53 141 377 208 214 184 
0.2239 -0.3474 -0.6497 -0.6381 138.87 47.56 -98.94 11.75 8.59 -1.94 2.1400 1.4400 -0.5800 1.6933 0.4122 1.2022 7.73 5.86 -1.39 142 375 214 216 184 
0.3245 -0.3585 -0.6774 -0.5543 114.00 60.44 -108.37 7.43 8.90 8.50 -1.6500 4.9800 7.6600 -4.3667 0.5200 2.1833 9.23 3.30 0.00 152 283 213 219 182 
0.3819 -0.4756 -0.3787 -0.6961 124.50 66.87 -0.06 15.61 3.19 2.59 4.7500 4.5200 -2.9100 -6.3889 2.8011 4.0489 7.41 -4.66 4.39 158 201 209 233 174 
0.3905 -0.5274 0.2259 -0.7200 118.81 28.06 72.56 1.98 -1.39 -2.80 -2.6900 5.6300 -3.6000 -1.3344 -0.3122 3.1489 1.91 -9.55 1.11 164 230 207 238 174 
0.4893 -0.5087 0.4546 -0.5434 93.06 4.37 86.12 -2.44 -8.60 3.26 -5.0000 -0.1700 2.3900 -0.8911 -0.6900 -0.0689 0.78 -9.77 0.20 164 233 208 236 173 
0.5031 -0.5395 0.4437 -0.5089 89.75 5.56 88.37 -1.70 -10.37 1.75 -0.7200 1.8200 1.9200 -0.5133 -1.4400 -0.4944 1.15 -9.73 0.15 167 229 211 238 174 
0.5281 -0.6290 0.3519 -0.4491 74.94 15.56 94.87 -0.35 -6.42 -4.09 -4.4200 2.7600 -4.6300 -0.2578 -8.1511 -4.4956 4.47 -8.04 -3.38 167 234 215 238 177 
0.4810 -0.8372 -0.2254 -0.1302 16.00 22.56 130.81 6.45 -3.90 -8.83 2.5800 1.9300 -2.7600 -0.4011 -1.1556 -1.9989 3.44 -5.90 -7.02 168 240 216 233 182 
0.3580 -0.8061 -0.4713 -0.0024 116.94 19.81 142.56 4.79 -4.82 -8.24 1.4300 0.4800 -0.3800 0.4878 -0.7400 -1.0311 3.24 -5.63 -7.33 167 242 218 238 182 
0.3680 -0.7510 -0.5464 0.0443 344.69 19.81 138.12 4.11 -5.15 -5.65 1.0100 1.2000 0.9200 0.6722 -0.0567 -0.0478 3.31 -6.57 -6.48 168 241 221 240 184 
0.4252 -0.7274 -0.5336 0.0732 344.69 22.12 130.75 2.86 -6.27 -3.20 0.5500 0.6200 2.2200 -0.2589 0.4289 -0.1489 4.24 -6.62 -5.84 169 242 228 248 192 
0.4605 -0.7523 -0.4672 -0.0607 32.06 36.44 132.37 15.58 -0.54 -4.12 9.6100 5.6600 -0.1500 -5.0311 8.6044 2.1300 7.78 -5.14 -3.00 167 271 258 269 201 
0.3672 -0.7118 0.0461 -0.5969 133.50 48.44 77.50 4.56 -3.44 -7.08 -1.2000 2.4200 -6.5900 -3.6133 0.8800 0.7056 6.11 -7.56 1.23 165 390 336 411 215 
0.1590 -0.4703 0.4587 -0.7369 157.00 30.62 81.19 4.06 -6.61 -6.83 1.7900 4.1300 -9.1500 0.7333 1.3911 1.3667 3.74 -8.89 1.73 159 407 371 421 222 
0.2299 -0.3918 0.4645 -0.7602 141.81 23.06 67.31 5.71 -2.23 -8.78 4.2400 9.2900 -8.3600 8.0278 -3.6911 -0.1833 4.65 -5.60 6.56 158 400 365 418 221 
0.4916 -0.3139 0.0405 -0.8113 113.56 27.44 19.37 -3.62 1.25 25.82 -6.5700 2.7400 16.1700 -0.7322 -1.3622 -0.4144 5.10 -2.69 7.92 160 398 370 421 223 
0.4879 -0.3396 0.0054 -0.8041 121.44 30.94 27.25 6.63 0.06 10.46 2.0800 4.6100 0.3100 -4.7778 1.9056 -0.9767 4.05 -5.92 6.67 158 402 374 428 224 
0.2992 -0.3439 0.3241 -0.8289 143.25 22.37 60.69 5.87 -3.75 -6.81 0.9100 3.7000 -11.7900 -2.3911 -0.2400 -0.1744 3.72 -8.66 2.67 160 403 374 433 224 
0.2399 -0.3854 0.4411 -0.7741 141.81 24.06 66.12 6.65 -3.16 -5.35 0.8300 5.4300 -9.1000 6.1978 -2.4833 -0.0811 4.93 -6.02 5.95 159 398 371 425 222 
0.4481 -0.3619 0.0379 -0.8166 119.75 36.75 20.62 11.36 2.72 18.80 3.6600 4.2100 9.8600 2.3689 -0.8233 -0.0889 6.71 -1.25 7.03 162 396 372 423 222 
0.4918 -0.3533 -0.1502 -0.7816 117.25 45.31 10.50 8.74 0.58 12.61 2.1100 1.9500 4.9900 -2.5367 0.5711 0.0200 6.74 -2.34 6.71 162 397 372 425 222 
0.4271 -0.4056 0.0015 -0.8081 125.19 39.44 33.56 7.85 -2.24 4.75 0.4000 2.7500 -2.5700 -3.5178 1.0633 1.0933 5.31 -6.43 5.15 159 363 347 378 218 
0.3440 -0.4491 0.2672 -0.7802 135.00 29.75 60.75 2.59 -5.72 -3.16 -2.1800 1.3200 -7.2100 -0.2900 0.1211 -0.3978 4.71 -7.67 3.87 160 316 309 326 211 
0.2867 -0.4075 0.3103 -0.8096 140.19 30.25 52.56 1.83 -4.37 -1.04 -3.3400 3.1900 -6.9300 4.0822 -1.5689 -2.1567 6.34 -4.24 6.15 161 307 308 319 211 
0.3070 -0.3721 -0.0118 -0.8759 141.19 38.94 2.75 5.36 5.19 6.75 -1.2300 3.5300 0.5800 9.2811 2.1333 -1.2600 4.65 4.91 7.09 170 345 365 398 216 
0.3680 -0.0472 -0.3855 -0.8448 131.44 15.50 -43.88 -3.35 17.01 7.96 -4.2100 6.9500 5.6200 -1.4433 2.1422 -1.3711 1.07 6.63 7.13 167 386 378 424 223 
;
