0.0837 0.1037 -0.1683 -0.9767 170.06 -9.88 -20.69 -2.00 3.28 8.80 0.0300 0.0700 -0.1900 0.1622 -0.1422 0.1433 -1.55 3.55 9.00 163 372 369 407 210 
0.0881 0.0900 -0.1838 -0.9749 169.62 -8.13 -22.31 -1.35 3.64 8.93 -0.1400 -0.0400 0.0300 0.0133 0.0244 0.0344 -1.41 3.71 8.96 164 372 370 404 210 
0.0925 0.0911 -0.1840 -0.9743 169.12 -7.06 -21.87 -1.92 3.87 9.52 -2.1300 0.4800 1.2000 -0.2044 -3.6744 0.2411 0.79 3.47 9.13 171 301 297 345 213 
0.0527 -0.1821 -0.1893 -0.9634 173.87 32.56 -22.56 7.31 4.96 9.02 2.4600 1.6700 0.0400 0.7300 -8.8356 1.8867 9.11 2.18 2.89 180 303 247 217 181 
0.0984 -0.6295 -0.1939 -0.7460 159.87 81.87 -55.06 10.97 1.78 -5.85 -2.7800 2.5300 -9.0000 4.0511 -0.4689 1.5700 9.79 -0.17 0.31 145 350 174 176 135 
0.2858 -0.6110 -0.2637 -0.6895 134.37 79.44 -25.94 5.21 1.82 -0.56 -1.0900 1.1300 -2.7600 2.1389 2.9922 -3.3011 8.53 3.58 3.24 138 363 188 182 142 
0.3115 -0.2935 -0.4366 -0.7913 133.75 41.50 -49.38 10.95 10.99 4.13 3.8900 5.5300 0.0900 4.8744 2.6867 2.1856 6.12 6.45 4.11 146 366 195 184 147 
0.5483 -0.0705 -0.5728 -0.6053 85.25 52.13 -64.44 4.06 13.72 10.69 -3.3400 8.1900 8.1800 0.3300 -0.3289 4.0022 9.15 2.95 1.89 131 369 189 186 147 
0.6907 -0.2519 -0.5484 -0.3984 59.06 71.44 5.62 1.32 2.34 2.35 -8.2000 3.4700 -0.8900 -4.9056 0.0744 2.7689 8.81 -3.32 2.72 139 364 188 187 148 
0.6208 -0.5740 -0.3250 -0.4236 79.62 65.12 83.50 3.96 0.30 -5.91 -4.9200 3.8600 -6.4000 -4.0067 1.6078 -4.4378 9.70 -1.41 0.26 123 366 184 187 146 
0.2403 -0.5846 -0.2784 -0.7231 151.62 70.81 -49.31 12.72 7.36 -2.45 5.8100 4.7700 -5.2900 1.4867 -1.6844 -1.2278 8.81 4.12 1.18 132 372 189 190 154 
0.1705 -0.5191 -0.4587 -0.7007 149.62 61.19 -88.69 10.98 8.29 0.67 1.4900 3.2600 0.6100 3.2178 -0.2178 0.1511 8.58 4.61 -1.06 148 367 191 198 162 
0.3000 -0.4520 -0.6075 -0.5802 120.62 64.44 -106.19 8.67 7.70 7.04 -0.4900 3.2800 7.3000 -3.3033 0.9111 0.1533 8.96 3.96 0.11 156 311 258 256 191 
0.3079 -0.4586 -0.4785 -0.6826 134.00 66.37 -59.44 7.99 4.29 2.33 1.2000 1.8600 -0.5000 -3.1589 3.4133 -0.5767 8.22 2.83 4.52 94 190 265 300 182 
0.2449 -0.3654 -0.2508 -0.8623 151.56 51.19 -20.62 12.73 3.45 -2.20 5.5100 0.7200 -7.8900 -2.0800 1.0489 0.5567 7.50 0.85 6.25 90 161 178 205 131 
0.2419 -0.4159 -0.1271 -0.8674 144.37 53.19 2.12 10.02 2.43 -0.48 2.0100 3.7900 -5.9700 1.5911 -0.4844 2.6478 7.88 -1.13 5.71 94 167 180 190 123 
0.4545 -0.4482 -0.1798 -0.7485 107.75 60.25 16.31 8.18 4.92 2.90 -0.4000 6.3800 -0.1100 5.9789 -5.1178 2.2422 9.44 -1.39 2.25 94 167 180 186 120 
0.6410 -0.4203 -0.5074 -0.3937 55.25 80.31 66.69 7.11 8.46 15.27 3.4800 16.4500 22.4300 -1.6989 0.1389 -0.1678 9.67 -1.55 -0.23 94 169 181 188 122 
0.6072 -0.4356 -0.5458 -0.3790 70.75 84.12 5.12 11.25 4.42 0.69 3.4900 5.7700 -0.0600 -3.2511 1.7311 -1.3900 9.70 -0.08 1.41 95 170 184 194 126 
0.4915 -0.4735 -0.4203 -0.5980 107.81 76.69 -16.31 9.62 2.81 -2.83 1.7700 1.1100 -7.3900 -2.5211 -0.0922 -1.6433 9.41 1.37 2.37 98 170 186 193 126 
0.3396 -0.5181 -0.3674 -0.6937 127.75 77.62 -51.81 8.06 -4.64 -7.05 -2.8600 -5.9200 -6.3200 2.6333 -1.4078 -0.7311 9.56 2.16 -0.08 96 174 188 195 129 
0.3470 -0.5234 -0.5339 -0.5662 111.94 71.87 -124.00 14.66 5.75 -5.14 5.1600 3.6100 -2.8400 4.4622 -0.5122 -0.2022 9.10 2.20 -2.89 97 171 188 197 132 
0.4090 -0.4253 -0.6705 -0.4497 97.75 69.37 -127.87 7.45 3.86 0.49 -1.7000 2.3000 3.8000 -2.0178 0.4378 0.2333 9.28 2.93 -1.16 105 191 208 224 160 
0.3785 -0.4575 -0.5494 -0.5878 119.69 72.69 -77.19 7.85 2.91 1.80 -1.8100 -0.2700 -0.1600 -4.4567 1.2456 -0.5711 9.07 2.43 2.81 136 307 280 273 191 
0.2487 -0.4923 -0.3010 -0.7780 149.44 61.75 -27.94 8.99 1.94 -1.71 1.4500 0.5800 -7.4000 -2.4622 5.0100 -1.3800 6.39 2.08 7.13 169 333 180 193 146 
0.1456 -0.3323 -0.1973 -0.9108 161.81 37.63 -23.50 9.05 8.22 2.24 3.9300 7.0500 -4.3600 5.2900 0.9756 0.4867 5.31 5.45 6.18 138 370 177 190 140 
0.2747 -0.1892 -0.4816 -0.8104 133.37 37.19 -64.50 8.91 16.78 6.16 2.9100 9.3900 4.6000 5.6711 0.9167 3.4078 7.43 6.36 0.61 129 379 184 194 143 
0.5161 -0.1627 -0.7075 -0.4547 74.44 68.19 -97.87 7.09 9.52 3.58 -2.4400 6.7300 3.5800 -0.9656 2.4644 2.9600 9.64 1.31 1.22 126 371 186 194 146 
0.6743 -0.3254 -0.5331 -0.3941 62.06 74.12 24.87 0.73 0.83 1.70 -9.8500 2.1000 -0.7300 -4.8411 0.5633 0.7756 9.19 -2.72 2.04 124 381 191 197 146 
0.5276 -0.5880 -0.3287 -0.5176 101.50 77.44 80.06 9.36 4.49 -5.87 -1.3100 5.5700 -7.0600 -2.1911 2.7233 -5.2878 9.58 1.30 1.62 123 379 189 197 146 
0.2256 -0.4777 -0.3726 -0.7629 149.87 56.50 -58.44 12.94 9.43 -2.22 5.6500 3.9300 -3.8200 3.7100 0.5733 -1.0522 7.22 6.27 2.13 125 378 196 199 147 
0.2645 -0.2905 -0.5891 -0.7061 133.31 47.19 -83.25 9.61 10.34 3.82 0.6000 3.6700 4.7300 2.5822 -0.2033 1.4667 7.86 5.82 -0.58 132 373 193 201 149 
0.3796 -0.2866 -0.6744 -0.5648 110.87 58.31 -97.31 6.56 6.40 2.66 -2.2800 0.5300 2.5800 -1.6789 -0.0344 0.4744 8.57 4.75 -0.07 143 352 195 202 150 
0.3566 -0.3499 -0.5918 -0.6326 126.25 56.94 -74.62 5.64 2.98 0.31 -2.3000 -2.5200 -2.0700 -4.6089 3.6567 -2.3756 6.44 5.36 5.08 155 334 235 242 177 
;
