0.6776 0.2495 -0.1770 -0.6688 89.19 -5.37 -35.25 -0.98 5.64 7.92 -0.0700 0.0000 -0.0700 -0.0278 0.0311 0.0156 -0.91 5.62 7.98 171 354 363 395 212 
0.6788 0.2464 -0.1763 -0.6688 89.19 -4.87 -34.75 -1.69 5.50 8.12 -1.0900 -0.0900 0.1100 0.0622 -0.2122 0.1789 -0.63 5.59 8.03 171 339 344 376 213 
0.6820 0.2221 -0.1948 -0.6690 89.00 0.19 -33.81 -4.28 5.86 11.02 -5.8000 0.3800 3.2300 -0.2678 -3.8111 -0.4933 2.24 5.25 7.97 168 313 217 228 185 
0.6125 0.0346 -0.3429 -0.7114 100.81 27.44 -35.81 6.41 5.27 8.26 3.7000 1.3300 -0.4700 -0.4278 -3.1433 1.0300 6.68 4.39 5.67 150 324 158 176 133 
0.5581 -0.1961 -0.4626 -0.6603 95.94 56.50 -41.81 7.63 2.25 -4.65 -3.0900 -1.3300 -8.0100 3.0722 1.0289 -0.2000 8.28 4.13 3.23 118 338 163 177 139 
0.6340 -0.0356 -0.5782 -0.5124 73.12 45.88 -63.44 8.94 10.78 -0.04 2.5000 4.5100 -2.2800 4.8589 2.6833 0.2333 6.44 7.16 1.81 122 355 162 182 142 
0.6887 0.2759 -0.6172 -0.2617 32.13 48.69 -86.06 8.63 12.76 4.63 -0.1800 6.5000 4.4200 1.2989 1.2611 3.2133 8.65 4.60 0.35 127 358 168 185 145 
0.7421 0.2271 -0.6306 -0.0053 358.94 71.31 -57.81 2.57 5.12 2.65 -6.8000 2.9900 0.1900 -3.3522 1.0678 1.9178 9.32 0.67 2.94 131 358 176 188 146 
0.8140 -0.0540 -0.5773 -0.0348 9.63 70.37 19.62 1.93 1.04 0.38 -6.6800 2.6400 -2.4400 -4.4033 -1.2722 -0.7467 9.49 -1.50 1.94 126 364 172 189 144 
0.7021 -0.2806 -0.5860 -0.2914 55.88 79.87 -15.81 11.10 4.36 -4.86 0.8000 2.2600 -5.9300 0.9311 1.7489 -3.7922 8.76 3.35 2.83 124 367 172 189 144 
0.6077 -0.1075 -0.6130 -0.4933 78.31 54.44 -68.56 10.70 8.96 -0.87 6.0900 4.9600 0.1200 2.9022 0.7200 -0.8311 7.46 6.23 1.25 114 366 171 193 148 
0.6105 0.0814 -0.6661 -0.4206 67.37 47.88 -84.69 8.87 9.77 2.78 1.7900 2.3100 1.6200 2.2722 1.7967 -0.8433 6.88 6.97 0.21 162 298 265 257 188 
0.6345 0.2544 -0.6682 -0.2937 42.38 46.19 -93.75 9.16 9.37 1.47 1.8600 2.7000 2.0300 0.8456 -0.0800 3.4844 8.53 4.75 -0.86 176 271 299 327 205 
0.6492 0.0958 -0.7518 -0.0648 3.00 78.06 -169.44 6.78 2.31 -0.71 -3.2300 3.1600 1.8800 -1.2789 -1.2144 6.5456 8.34 -4.02 -3.22 184 284 299 346 218 
0.5115 -0.3331 -0.7750 0.1639 314.00 34.31 125.81 2.52 -2.71 0.19 -3.3800 4.5200 5.1200 -2.7678 -0.2278 1.9178 3.79 -6.50 -6.27 185 289 304 360 220 
0.2996 -0.5404 -0.7751 0.1320 69.94 16.12 155.50 1.55 3.93 -11.97 0.2700 6.6500 -5.9500 -5.0200 -2.0511 -0.7833 1.60 0.19 -9.67 186 293 307 344 219 
0.0532 -0.5555 -0.8262 -0.0771 68.62 8.44 -176.37 3.55 -0.25 -8.88 1.4900 -0.1400 1.5300 -0.3189 0.6889 -0.1856 1.78 0.59 -9.62 186 292 307 353 219 
0.0571 -0.5623 -0.8201 -0.0889 69.37 11.31 -175.31 1.71 0.93 -9.84 0.0800 0.2300 0.3500 0.1633 0.3144 0.0211 2.01 0.64 -9.57 186 296 309 351 218 
0.0716 -0.5674 -0.8155 -0.0887 69.44 12.81 -176.31 2.42 1.38 -8.78 0.5100 0.8000 0.4800 -0.0811 0.1378 -0.1144 2.26 0.70 -9.51 186 296 308 348 217 
0.0820 -0.5585 -0.8193 -0.1007 68.00 15.56 -175.75 3.11 1.25 -8.88 -0.4700 0.3000 0.3600 0.2100 0.1789 -0.1000 2.97 0.63 -9.32 186 298 306 344 218 
0.1185 -0.5444 -0.8221 -0.1177 66.75 19.81 -176.00 4.64 1.46 -8.94 3.0400 1.1200 -0.4500 0.0144 1.4467 -0.0378 4.10 0.65 -8.88 176 285 278 279 205 
0.2265 -0.5295 -0.7925 -0.2007 69.19 43.13 -173.25 13.79 3.20 -11.63 3.9900 2.7500 -3.0600 -3.1656 10.3889 0.9778 9.74 0.25 -1.07 160 229 201 220 155 
0.5211 -0.5953 -0.3873 -0.4735 80.75 64.87 87.81 6.67 -0.17 -2.37 -3.5300 5.2600 -2.2600 -0.8600 -0.1689 5.9467 6.13 -7.64 -0.28 152 235 202 224 143 
0.6189 -0.7404 -0.0142 -0.2620 38.38 17.19 98.31 -2.71 -5.33 -0.91 -1.8300 3.5000 1.9200 -1.3489 -0.9889 2.1056 0.93 -9.40 -2.60 149 234 196 225 145 
0.5711 -0.8068 0.1108 -0.1032 20.31 2.06 109.19 -1.07 -8.54 -1.38 -0.2800 -0.1800 1.2200 0.1556 -0.0389 -0.2744 0.57 -9.26 -3.15 151 246 205 234 151 
0.5758 -0.8069 0.0808 -0.1039 19.62 4.12 108.37 -1.06 -9.26 -2.56 -0.3900 0.4400 1.1500 0.2267 -1.8122 -0.5367 0.65 -9.32 -2.96 154 229 205 225 149 
0.5872 -0.8082 0.0034 -0.0443 3.94 5.81 108.37 -2.47 -7.43 -4.72 -3.9100 2.1400 -2.1800 -0.6356 -7.3556 -4.9744 2.28 -8.38 -4.54 155 225 196 219 150 
0.4252 -0.6680 -0.5807 0.1894 290.56 11.63 128.12 5.31 -3.74 -6.84 1.0000 3.4700 -3.2000 -0.6878 -2.2456 -2.8256 1.88 -6.94 -6.66 158 236 200 222 159 
0.2676 -0.3749 -0.8345 0.3023 262.44 13.50 133.37 4.56 -4.79 -7.52 2.7100 2.2400 -1.5500 1.1089 -1.5211 -1.1089 2.25 -7.26 -6.19 158 236 197 224 159 
0.2445 -0.2641 -0.8542 0.3752 244.19 12.50 126.94 2.60 -7.34 -5.91 0.2800 0.5000 0.0000 0.8067 -0.4989 -0.5567 2.14 -7.92 -5.37 156 237 199 225 163 
0.2382 -0.2192 -0.8469 0.4218 239.94 12.75 123.12 2.77 -7.47 -4.44 -0.3400 1.0100 0.1000 -0.0133 -0.0267 0.1356 2.12 -8.02 -5.21 157 239 204 225 164 
0.2487 -0.2397 -0.8416 0.4153 242.44 12.69 123.06 3.95 -6.59 -4.31 1.7600 2.2600 2.1200 -1.3433 1.8189 0.5156 2.58 -7.70 -5.48 158 228 203 227 167 
0.3719 -0.3529 -0.8099 0.2849 309.00 31.62 126.25 5.52 -0.78 -0.97 -2.4400 5.7400 1.2900 -1.9856 11.5611 -2.4511 8.49 -4.86 0.63 162 240 220 243 185 
0.7954 -0.2825 -0.4056 -0.3506 60.88 49.50 -5.06 26.11 15.05 16.47 15.3700 10.6000 9.5400 0.3500 7.0089 -5.1022 3.10 3.55 8.59 162 300 258 316 195 
;
