-0.0145 -0.1633 0.1625 0.9730 178.31 -18.25 -19.69 -3.11 3.07 8.82 0.1000 -0.0400 0.0100 -0.0267 -0.0256 0.0100 -3.05 3.12 8.77 158 360 358 389 201 
-0.0146 -0.1608 0.1615 0.9736 178.19 -17.87 -19.62 -3.39 3.07 8.94 -0.0900 0.0000 0.1800 0.1889 -0.5833 0.3067 -2.48 3.26 8.90 164 323 298 322 199 
-0.0067 0.0823 0.1135 0.9901 183.94 21.00 -5.69 5.37 -1.78 13.69 3.3900 -0.5900 4.4500 -1.9789 -8.1600 -1.6200 8.15 -0.53 5.42 165 261 227 227 177 
0.0596 0.5312 -0.1959 0.8221 183.75 61.88 49.81 6.06 3.10 1.01 -2.9400 7.6900 -0.7200 -1.7611 -2.9800 4.8133 6.68 -7.16 0.41 166 211 183 193 144 
-0.2113 0.5338 -0.4796 0.6636 137.06 23.87 93.62 -0.96 -4.66 -1.70 -3.6400 4.5200 -0.6000 -0.7811 -0.4978 2.7100 1.83 -9.55 -1.23 162 211 184 194 146 
-0.3293 0.4609 -0.6138 0.5499 117.12 4.19 101.81 -1.19 -8.71 -1.99 -1.1800 0.4800 0.5200 -0.6389 0.0156 0.1467 0.50 -9.46 -2.49 163 215 189 202 150 
-0.3206 0.4590 -0.6504 0.5134 115.94 3.25 105.81 -0.63 -9.35 -2.66 -1.8900 0.0900 -0.3700 -0.2244 -1.9489 -1.2589 0.87 -9.32 -2.91 164 209 192 203 149 
-0.3785 0.6460 -0.4984 0.4371 83.44 14.56 112.62 0.89 -7.28 -9.68 -1.0100 3.7700 -5.9500 1.7167 -12.3044 -5.2433 1.99 -8.20 -4.98 167 206 186 202 150 
-0.4808 0.8583 0.1794 0.0058 353.62 9.81 123.56 4.40 -5.95 -6.87 1.8600 2.0100 -0.9400 0.2356 -1.3433 -0.8522 1.39 -8.10 -5.33 167 207 188 200 148 
-0.4659 0.8085 0.3417 -0.1116 331.12 8.06 122.19 3.12 -7.08 -6.29 2.9800 1.3600 -0.6300 0.5289 -0.3133 -0.4911 1.53 -8.45 -4.71 165 211 187 202 150 
-0.5047 0.7656 0.3745 -0.1373 332.75 10.69 116.19 2.62 -7.63 -2.50 0.2700 0.9300 2.3100 -0.4467 1.7600 -0.2344 2.44 -8.60 -4.01 167 215 194 206 151 
-0.5383 0.7736 0.3291 -0.0587 350.56 16.19 115.62 5.76 -5.90 -2.71 4.3500 3.5900 1.5400 -1.3100 2.0789 -0.1589 3.36 -8.11 -4.35 170 215 199 213 159 
-0.4755 0.8384 0.2102 0.1633 53.81 32.13 126.37 16.43 -3.23 -9.21 10.3100 3.5900 -5.9200 -4.7433 10.5311 4.4300 6.75 -6.66 -2.47 161 287 291 314 194 
-0.2192 0.6036 -0.3990 0.6545 149.19 32.19 89.06 5.93 -4.68 -1.81 1.3600 4.4100 -3.1700 -2.7833 3.3044 2.7678 3.30 -9.22 -0.31 168 390 351 411 203 
-0.1050 0.3112 -0.6647 0.6711 165.31 14.94 95.69 2.66 -7.56 -4.37 -1.3600 2.2000 -3.8200 -0.9189 0.9067 0.0178 2.60 -9.33 -1.51 161 392 358 399 203 
-0.0493 0.2610 -0.7109 0.6512 169.69 15.88 97.62 2.76 -9.03 -4.85 -1.3100 -0.3600 -7.0200 2.5622 -2.2933 -0.3700 2.83 -9.38 0.06 156 386 351 389 204 
-0.1795 0.3247 -0.5499 0.7483 146.87 16.44 72.37 5.88 0.29 -2.18 2.5100 11.2800 -4.4500 7.2589 -1.8822 0.5989 3.16 -6.63 6.49 153 373 353 395 203 
-0.4206 0.2531 -0.1156 0.8635 123.62 20.75 14.88 3.95 7.78 17.69 -5.5800 7.5100 5.9200 4.1311 0.1367 1.7511 2.82 0.87 9.34 156 380 357 397 204 
-0.5714 0.0630 0.1757 0.7991 106.31 17.06 -15.00 1.89 5.50 14.91 -4.1400 1.4100 4.6700 0.3111 0.7744 0.3589 2.56 2.84 9.02 157 376 362 415 211 
-0.6034 0.0161 0.1997 0.7719 104.31 14.81 -17.25 2.31 3.26 8.75 -0.1000 0.7200 -0.3500 -0.3256 -0.1456 -0.1744 2.48 2.64 9.11 162 337 343 375 204 
-0.5849 0.0381 0.1626 0.7937 109.37 13.94 -9.56 -2.22 2.00 7.61 -4.2600 0.8400 -2.4300 -1.7367 -0.4056 -3.7144 2.23 0.68 9.52 165 298 295 312 198 
-0.3506 0.0637 0.0670 0.9319 150.25 6.44 -7.87 4.97 7.75 5.12 6.9500 4.8700 -2.4200 3.2011 -3.4000 -3.5356 2.19 3.93 8.70 160 318 324 360 204 
;
-0.0245 0.0674 0.2630 0.9621 177.19 3.81 -35.13 -1.05 7.80 10.05 -7.2000 -0.2700 3.5400 -0.2978 0.5289 -0.3200 -0.38 6.00 7.74 161 331 337 395 207 
-0.0420 -0.0127 0.3181 0.9470 174.94 0.81 -37.13 1.18 6.12 8.27 0.0100 0.0600 0.3400 -0.1989 -0.2311 -0.0222 0.19 5.81 7.89 165 316 330 372 207 
-0.0260 0.0622 0.2998 0.9516 179.50 15.88 -33.31 5.07 8.12 15.38 2.4300 2.2900 7.5800 -4.7444 -7.6200 2.0944 6.93 2.33 6.53 166 229 213 234 163 
0.0094 0.4904 -0.0120 0.8714 175.94 62.56 21.56 9.17 3.11 3.64 -0.1300 6.2300 -1.1600 -2.2044 -1.7278 4.7978 7.80 -5.40 2.46 162 216 194 212 144 
-0.2143 0.5471 -0.3499 0.7296 139.94 32.13 81.75 -0.44 -2.12 -1.21 -5.3100 6.0700 -1.5200 -1.4500 -0.2467 3.0922 2.37 -9.51 0.08 163 222 199 221 147 
-0.3550 0.4525 -0.5552 0.6008 117.06 5.81 91.87 -1.23 -8.12 -0.21 -3.3700 0.8800 0.2700 -0.6333 0.3822 0.1811 0.60 -9.76 -0.59 164 228 204 227 151 
-0.3567 0.4261 -0.5930 0.5828 116.87 4.56 93.87 1.72 -9.77 0.32 0.1500 0.2200 1.0500 -0.6256 -0.3933 0.0011 0.82 -9.71 -1.03 164 230 207 230 151 
-0.3749 0.5017 -0.5676 0.5344 104.94 8.31 100.25 -2.14 -9.68 -3.79 -2.9000 1.1700 -1.7400 -0.0822 -6.7511 -3.4856 2.70 -8.95 -2.93 163 226 206 233 153 
-0.4692 0.8184 -0.1713 0.2841 48.38 16.87 119.12 0.67 -6.99 -8.66 -0.9000 2.2600 -2.6100 0.4022 -7.3833 -3.0678 1.79 -7.67 -5.83 163 229 207 233 152 
-0.4123 0.8710 0.2618 -0.0538 340.19 6.50 132.56 -0.06 -6.20 -10.00 1.1300 0.6700 -3.0000 0.6178 -1.7600 -1.4678 1.05 -7.20 -6.56 159 232 194 236 156 
-0.4019 0.8157 0.3951 -0.1304 321.37 5.87 128.50 4.17 -6.73 -5.72 2.1900 0.3400 0.5500 0.7978 -0.2556 -0.2733 1.00 -7.94 -5.66 161 232 206 236 155 
-0.4398 0.7761 0.4195 -0.1680 319.94 6.81 123.75 2.30 -7.70 -3.66 1.0300 0.4400 1.6800 -0.1044 0.5133 0.0400 1.35 -8.08 -5.38 163 232 210 235 156 
-0.4500 0.7822 0.4052 -0.1466 326.50 8.13 124.25 5.24 -6.20 -4.27 5.5500 2.2900 1.7000 -1.7044 3.8144 0.4400 2.64 -7.50 -5.72 170 254 240 266 178 
-0.4485 0.8573 0.2151 0.1326 49.44 29.19 128.31 16.31 -2.12 -8.82 9.7000 4.4800 -7.7000 -4.1767 12.9622 3.0378 6.94 -6.82 -1.14 167 350 324 366 200 
-0.2565 0.5430 -0.3676 0.7101 146.37 29.37 77.87 8.55 -5.17 -2.86 3.4700 3.1300 -1.7400 -2.5067 3.7044 1.8600 3.21 -9.18 1.20 165 407 354 416 207 
-0.1351 0.2747 -0.6274 0.7160 160.75 10.13 88.44 1.31 -6.49 -2.64 -0.2300 3.2500 -3.7700 -1.7389 0.7089 0.1789 1.24 -9.69 -0.77 165 405 361 419 207 
-0.0869 0.1913 -0.7154 0.6664 165.87 6.87 96.31 0.14 -10.95 -3.24 -0.4700 -0.5800 -1.5100 0.3833 -0.4989 -0.2811 1.38 -9.65 -1.01 164 404 361 417 208 
-0.0840 0.2012 -0.7147 0.6646 165.69 8.63 95.31 1.19 -8.52 -3.66 0.5400 0.7200 -2.8500 1.1556 -0.8678 -0.4611 1.71 -9.64 -0.42 163 400 356 414 209 
-0.1265 0.2563 -0.6494 0.7047 155.00 13.25 84.37 4.77 -7.84 -1.45 2.0600 1.5700 -3.5800 3.6122 -0.9211 -0.0144 2.62 -8.74 3.57 161 394 364 404 209 
-0.2989 0.2996 -0.3678 0.8281 136.81 15.69 46.63 5.04 1.06 3.64 2.9400 8.8600 -2.5600 5.6200 0.5822 1.3733 2.38 -3.82 8.71 160 394 362 403 209 
-0.4789 0.1434 -0.0153 0.8660 120.12 13.13 5.00 4.67 5.09 14.11 2.0800 4.6200 4.5600 2.5911 1.1411 1.1989 1.91 1.27 9.53 161 396 363 415 209 
-0.5605 0.0220 0.1266 0.8181 109.37 8.81 -10.63 -1.44 2.05 11.64 -1.4100 0.6000 1.9600 0.6389 -0.5033 -0.1489 1.62 2.13 9.43 160 399 368 415 217 
;
