0.7870 -0.0289 -0.2316 -0.5710 71.87 23.44 -13.69 4.05 2.13 8.63 0.1800 -0.0100 -0.2200 -0.0111 0.0111 0.0067 3.91 2.12 8.73 162 318 358 385 203 
0.7877 -0.0302 -0.2314 -0.5702 71.50 23.50 -13.63 3.98 2.04 8.60 0.0500 -0.0800 -0.0800 0.0067 -0.0033 0.0033 3.91 2.12 8.73 160 317 363 385 203 
0.7896 -0.0297 -0.2319 -0.5673 71.37 23.56 -13.63 3.99 1.99 8.61 0.0700 -0.1000 -0.1100 -0.0056 -0.0211 0.0044 3.94 2.11 8.72 163 319 360 387 203 
0.7892 -0.0314 -0.2328 -0.5674 71.37 23.62 -12.94 0.94 1.50 9.19 -3.3100 -0.2100 1.1700 -2.7778 -2.6689 -0.1522 5.20 0.37 8.30 177 279 246 270 186 
0.7123 -0.3289 -0.2687 -0.5588 75.81 53.25 29.12 15.92 -1.90 6.00 7.3500 2.4900 0.2300 -2.6544 -3.5389 4.5389 7.43 -6.18 1.60 171 214 187 214 138 
0.6702 -0.6732 -0.1990 -0.2410 26.19 26.94 93.37 2.10 -2.39 -0.88 -2.1800 6.4200 0.8100 0.2378 -0.9533 5.0944 0.53 -9.75 -0.89 164 223 189 216 139 
0.6691 -0.7307 -0.0043 0.1354 333.12 -14.88 93.81 -5.86 -5.82 -0.02 -1.6600 2.3800 0.5300 -0.1911 1.0567 1.8989 -4.30 -8.74 -1.02 160 227 199 226 142 
0.6191 -0.7442 0.1694 0.1848 326.94 -29.44 102.69 -5.84 -8.28 -2.36 -0.6900 -0.0600 -0.6200 -0.1222 0.3089 -0.0678 -4.72 -8.31 -2.17 160 227 200 232 146 
0.5959 -0.7632 0.1754 0.1777 325.69 -28.56 105.06 -7.82 -6.70 -2.55 -4.2500 2.5600 -1.4100 -1.3778 -2.7933 -2.3833 -3.70 -8.82 -2.13 162 231 202 231 146 
0.5853 -0.7520 -0.1542 0.2610 304.69 -4.44 100.31 0.56 -5.78 -6.66 -0.7600 3.7500 -4.3700 -1.2933 -9.6100 -6.1422 2.24 -8.84 -3.58 164 232 203 230 150 
0.3364 -0.3352 -0.7974 0.3723 263.31 18.69 124.94 4.55 -6.07 -8.81 2.8600 0.8400 -3.0800 0.2589 -1.0489 -1.2722 3.62 -7.12 -5.68 165 235 200 234 150 
0.3081 -0.1954 -0.8624 0.3508 261.81 23.75 126.69 4.87 -6.70 -4.87 1.2200 0.5700 0.9400 0.5189 0.1611 -0.2400 4.13 -7.37 -4.96 164 235 203 233 152 
0.3255 -0.1600 -0.8475 0.3875 259.94 25.56 122.12 4.54 -7.32 -4.13 0.4900 0.1000 0.7100 0.3222 0.0689 0.0033 4.25 -7.59 -4.50 165 236 203 234 152 
0.3387 -0.1578 -0.8367 0.4004 261.37 26.37 119.75 7.18 -7.05 -3.23 3.2200 0.6200 1.1700 -0.6678 2.0156 0.6278 4.64 -7.64 -4.01 164 248 218 246 165 
0.4579 -0.2955 -0.7682 0.3359 300.37 31.62 111.62 9.28 -4.71 -6.24 5.0200 4.5400 -4.2300 -3.1133 9.7333 5.1189 4.00 -8.78 -1.73 168 250 221 250 165 
0.6373 -0.7304 -0.2288 0.0895 346.44 -0.25 101.75 -3.66 -6.81 -7.05 -3.0300 2.4500 -4.4300 -0.4722 3.1311 4.7111 -3.19 -8.69 -3.21 163 250 215 251 160 
0.5714 -0.7859 0.2203 0.0859 341.31 -24.37 111.44 -6.00 -8.71 -3.66 -1.8800 0.1200 -0.4900 0.1067 -0.8778 -0.0033 -4.40 -8.22 -3.01 167 249 218 253 161 
0.5811 -0.7725 0.2219 0.1276 334.81 -27.00 108.81 -5.07 -7.90 -2.12 -0.1700 0.1000 0.6300 -0.0322 -0.3556 -0.3278 -4.32 -8.37 -2.71 166 251 215 255 160 
0.5862 -0.7748 0.1946 0.1351 333.87 -25.87 107.87 -4.48 -8.00 -2.82 -0.8400 0.4900 -0.3400 -0.2144 -0.7411 -0.4178 -4.20 -8.44 -2.65 165 250 217 255 160 
0.5863 -0.7861 0.0963 0.1703 322.94 -17.69 103.87 -4.33 -7.80 -5.58 -0.7300 2.0000 -2.9900 -0.5122 -7.8567 -5.4889 0.25 -9.61 -1.93 166 248 216 247 158 
0.5172 -0.5629 -0.5523 0.3326 286.94 16.06 108.37 2.58 -6.15 -6.16 -0.2100 3.1200 -2.5000 -0.2767 -7.1233 -4.4411 3.53 -7.49 -5.24 164 249 217 245 159 
0.2942 -0.1914 -0.8703 0.3456 257.62 22.62 130.06 7.80 -6.37 -7.51 3.1800 0.2000 -0.8500 1.5244 -0.3578 -0.5200 3.82 -7.25 -5.36 162 246 216 243 158 
0.2794 -0.1005 -0.8644 0.4058 248.94 24.25 123.50 6.58 -7.44 -3.08 0.8000 -0.5900 1.1500 -0.1133 0.3878 -0.0100 4.20 -7.42 -4.83 163 248 218 245 159 
0.3062 -0.1039 -0.8557 0.4040 255.06 26.37 122.44 5.76 -6.84 -3.93 0.6400 0.0900 0.5100 -0.0156 0.8211 0.3456 4.42 -7.48 -4.53 164 248 219 245 160 
0.3420 -0.1408 -0.8384 0.4003 264.75 28.19 119.25 7.79 -5.84 -2.34 3.1300 2.2900 1.3300 -1.1578 5.1311 0.8400 5.41 -7.57 -3.08 163 248 225 251 170 
0.5590 -0.3608 -0.6926 0.2786 319.50 34.38 101.56 6.47 -7.10 -3.83 2.1400 2.0200 -2.7400 -2.6767 7.8867 3.9689 3.60 -9.10 -0.60 160 249 230 251 169 
0.6863 -0.7043 -0.1803 0.0200 359.56 8.38 93.25 -2.54 -6.38 -2.58 -4.1300 3.4200 -2.4900 1.0111 1.5889 0.4711 0.70 -9.77 0.17 155 240 233 247 164 
0.7453 -0.6617 -0.0352 -0.0739 16.37 13.44 77.19 1.39 -7.05 1.07 -1.2400 1.9100 -2.5200 5.8578 0.6422 -4.4544 4.74 -6.57 5.51 164 308 310 318 194 
;
0.8964 -0.2745 -0.2416 -0.2505 30.94 34.88 19.62 8.86 -1.89 11.86 4.0300 0.5100 4.3900 1.4089 -1.9022 -1.2122 6.46 -1.59 7.20 167 326 330 331 198 
0.8922 -0.1786 -0.3118 -0.2739 34.38 41.94 12.94 8.41 -1.87 7.98 1.7500 -0.1300 0.8500 -0.7689 -0.5500 0.6433 6.84 -2.38 6.60 168 306 319 318 198 
0.8679 -0.2842 -0.3345 -0.2326 27.69 46.19 36.44 9.83 -5.22 6.37 2.6200 0.2700 0.5600 -2.8200 -0.9822 3.4022 6.21 -6.63 3.68 170 234 234 232 168 
0.7841 -0.5521 -0.2755 -0.0671 1.19 22.50 82.25 1.94 -5.91 -0.53 0.0400 4.1700 -1.2400 -1.5822 -0.8256 3.8800 1.06 -9.74 -0.08 164 222 207 216 151 
0.6760 -0.7095 -0.1240 0.1558 330.12 -7.75 93.12 -4.94 -6.99 -0.56 -3.4500 2.5400 0.0900 -0.4133 -0.8633 0.8011 -2.29 -9.50 -0.70 159 226 207 223 154 
0.6357 -0.7341 -0.0631 0.2302 319.56 -15.69 95.37 -3.14 -9.23 -0.70 -0.3300 0.3400 0.2200 0.4267 0.5033 0.3356 -2.87 -9.34 -0.74 161 229 212 229 157 
0.6381 -0.7315 -0.0479 0.2357 318.81 -16.06 94.19 -2.53 -8.93 -1.05 0.0800 0.1700 -0.1400 0.1067 0.3189 0.1967 -2.78 -9.37 -0.70 162 229 216 232 158 
0.6373 -0.7308 -0.0498 0.2395 318.00 -16.75 94.62 -9.24 -8.68 -2.09 -5.4900 2.3400 -0.1800 -1.7144 -4.1544 -2.9278 -1.60 -9.61 -1.09 160 228 216 231 157 
0.5604 -0.6542 -0.3899 0.3256 292.56 6.81 102.62 0.23 -6.33 -5.43 -3.1200 2.9700 -3.2700 -1.2600 -8.6622 -6.0956 3.13 -7.89 -4.90 160 233 217 231 160 
0.2600 -0.2009 -0.8839 0.3329 262.62 22.12 134.12 7.54 -4.79 -10.16 6.5400 1.2000 -1.7300 0.6544 0.2222 -0.5567 4.06 -6.46 -6.15 161 234 215 228 159 
0.2781 -0.1133 -0.8843 0.3574 254.50 24.44 128.31 4.26 -6.60 -4.46 0.6000 0.0600 1.2000 0.4933 0.0811 -0.0933 4.16 -7.27 -5.09 164 233 219 229 161 
0.2956 -0.0985 -0.8618 0.4002 252.94 25.56 123.75 4.81 -7.42 -3.42 -0.1300 0.0500 1.4400 -0.0700 0.3756 0.0967 4.31 -7.38 -4.79 163 233 217 230 161 
0.3112 -0.1130 -0.8563 0.3965 258.75 26.56 123.31 9.15 -6.48 -3.24 4.7400 0.9800 0.6700 -1.6178 3.4533 1.4656 4.74 -7.27 -4.55 166 236 220 236 162 
0.4391 -0.3271 -0.7789 0.3057 299.50 28.25 115.81 11.27 -3.71 -9.02 1.9700 4.7800 -8.2900 -0.9478 10.9367 7.6633 1.79 -9.52 -1.48 165 242 225 242 165 
0.6281 -0.7455 -0.1481 0.1666 331.31 -8.81 100.00 -6.90 -7.81 -4.45 -2.7100 2.1800 -1.4000 0.4222 0.7833 1.7811 -3.02 -9.18 -1.65 164 242 224 244 164 
0.6169 -0.7640 0.0562 0.1801 327.25 -21.00 101.00 -4.97 -9.00 -1.61 -1.0600 0.2900 0.2300 -0.1056 0.0256 0.0033 -3.59 -8.93 -1.86 163 245 227 247 166 
0.6108 -0.7678 0.0750 0.1784 326.94 -21.12 101.62 -2.98 -8.54 -1.87 0.2200 0.4500 0.0200 -0.0178 0.0156 0.0133 -3.50 -8.96 -1.86 165 244 228 247 165 
0.6072 -0.7703 0.0411 0.1905 323.94 -18.69 101.31 -4.89 -8.77 -2.36 -3.2300 0.2800 -0.5200 -0.3400 -3.5733 -2.9389 -1.56 -9.55 -1.52 165 245 225 246 165 
0.5972 -0.6997 -0.2991 0.2535 309.56 5.87 100.19 0.74 -7.43 -5.22 -0.2500 2.1800 -2.4000 0.3222 -7.1133 -5.1433 3.62 -8.56 -3.10 165 244 224 242 166 
0.4131 -0.3146 -0.7836 0.3412 276.62 26.56 123.19 5.51 -6.36 -6.37 0.8200 1.1100 -0.8900 0.2522 -2.5644 -2.9600 4.75 -6.35 -5.76 165 243 226 242 166 
0.3183 -0.0963 -0.8882 0.3171 269.25 31.06 132.87 7.28 -5.54 -5.02 1.8400 -0.1900 0.8900 0.8411 -0.2700 -0.0700 5.14 -6.41 -5.34 166 243 226 240 167 
0.3251 -0.0603 -0.8723 0.3601 264.44 31.75 127.87 5.28 -6.51 -4.06 0.5200 -0.1000 0.9400 -0.0778 0.0722 0.0178 5.19 -6.55 -5.11 165 241 227 241 167 
0.3356 -0.0706 -0.8683 0.3584 267.75 32.44 127.25 8.00 -5.06 -2.35 3.8900 2.2700 3.5900 -1.0044 4.8567 0.7611 6.18 -6.59 -3.79 165 254 237 253 179 
;
