0.9451 0.0631 -0.1891 -0.2589 31.50 22.00 -6.50 2.78 0.61 -1.83 -0.7100 1.3500 -11.6600 -3.7322 2.6978 -0.0633 2.32 -2.23 9.26 163 283 280 287 189 
0.9525 -0.0750 -0.1143 -0.2724 31.12 19.69 -2.62 4.04 1.94 12.27 1.1800 1.4700 2.1400 -1.0344 -3.4678 0.0567 5.02 0.18 8.42 164 302 306 295 191 
0.9128 -0.0858 -0.2802 -0.2847 34.94 34.63 0.00 5.12 0.01 8.82 -0.9800 0.8200 0.4900 0.3089 0.1011 0.0811 5.46 0.17 8.14 163 304 309 303 192 
0.9127 -0.0809 -0.2836 -0.2828 34.31 34.50 -0.50 4.95 -0.31 8.67 -0.4900 0.1200 1.0400 -0.6011 -1.2244 0.6200 6.26 -0.49 7.53 165 281 286 275 186 
0.8787 -0.2206 -0.3578 -0.2264 26.87 44.19 35.19 9.05 -4.83 8.54 3.7600 0.8500 2.2400 -7.0378 1.4122 2.5189 4.90 -7.85 3.22 163 211 212 226 160 
0.7105 -0.6718 -0.0605 -0.2007 28.56 15.06 91.75 1.74 -3.39 -4.33 -0.2000 5.4900 -4.0300 -1.9878 -1.5878 3.4711 -0.14 -9.53 -2.29 166 226 207 236 161 
0.6125 -0.7803 0.1251 0.0182 349.37 -15.13 104.37 -5.07 -5.86 0.85 -3.4200 2.4800 2.1900 -0.1589 -1.0844 1.0189 -3.80 -8.76 -2.20 167 226 213 239 163 
0.5937 -0.7786 0.1520 0.1344 334.56 -23.06 107.06 -2.98 -8.65 -2.54 -0.1200 0.1300 0.5400 -0.1467 0.4122 0.4089 -4.06 -8.43 -2.93 168 236 220 247 167 
0.5675 -0.7898 0.1912 0.1326 332.75 -25.19 111.69 -6.23 -7.88 -3.63 -3.2500 0.7300 -1.2200 -0.7211 -2.3822 -2.6478 -3.30 -8.64 -3.24 167 236 224 248 167 
0.5690 -0.8010 -0.0613 0.1759 323.00 -6.69 105.37 -1.37 -6.50 -7.15 0.8900 4.0300 -4.2000 1.1722 -8.2044 -6.8633 2.57 -9.16 -2.35 167 236 222 237 166 
0.4908 -0.4318 -0.6888 0.3132 289.94 26.75 115.06 6.31 -6.76 -5.82 3.0000 1.7800 -1.4800 1.1767 -3.6889 -2.8289 5.05 -7.10 -4.48 166 229 219 230 165 
0.3834 -0.1556 -0.8405 0.3497 271.31 32.56 122.37 7.37 -6.68 -4.39 3.2700 0.5000 0.7800 1.2467 -0.2267 -0.1689 5.34 -7.29 -3.80 169 230 218 232 167 
0.4012 -0.1193 -0.8144 0.4020 270.87 34.38 115.31 6.83 -6.84 -2.96 0.4700 0.2800 -0.1700 -0.1711 0.6678 -0.1178 5.74 -7.20 -3.35 168 232 223 236 169 
0.4455 -0.1392 -0.7998 0.3774 284.19 39.06 111.62 15.85 -6.31 2.88 7.4400 0.6200 4.7500 -1.9644 4.6833 -0.1100 7.02 -6.74 -1.15 178 242 233 243 179 
0.7150 -0.3033 -0.5978 0.1987 343.62 42.00 65.87 4.79 -7.47 -8.94 -1.7700 -1.2900 -13.0800 0.5900 11.1011 -1.8133 2.34 -6.27 7.16 201 183 167 183 134 
0.9319 -0.2927 0.1060 -0.1864 24.44 -19.56 35.38 -1.17 0.34 3.25 3.5200 5.1700 -2.2500 1.2589 3.3989 4.1511 -7.50 -3.07 5.52 202 168 152 171 114 
0.8455 -0.0317 0.5327 -0.0196 355.56 -65.31 -7.37 -21.24 2.77 4.94 -12.0700 -0.1500 -0.1200 0.0033 -0.6867 0.1011 -8.56 1.57 4.51 202 172 155 170 114 
0.8629 0.0351 0.5008 0.0581 353.87 -59.19 -9.88 -6.72 0.42 5.18 1.3500 0.1100 -0.1900 -0.0889 -0.0467 -0.4833 -8.40 0.43 5.03 204 175 158 172 118 
0.8698 0.0029 0.4922 0.0337 355.50 -59.38 -3.75 -8.16 0.56 5.02 0.6300 0.3900 0.0800 -0.0456 -0.0944 0.0433 -8.39 0.33 5.06 203 177 160 173 120 
;
0.8719 -0.0015 0.4879 0.0434 354.25 -58.25 -4.50 -8.92 0.16 4.98 0.0500 -0.0600 0.0600 0.0300 -0.2033 -0.0100 -8.27 0.41 5.25 203 175 162 173 121 
0.8759 -0.0002 0.4805 0.0450 354.06 -57.13 -4.62 -7.84 0.81 5.20 0.0200 0.0500 -0.0300 0.0367 -0.2222 0.0533 -8.16 0.48 5.41 204 179 161 175 122 
0.8816 0.0034 0.4697 0.0468 354.12 -55.63 -4.75 -8.09 0.49 5.26 -0.4600 0.0900 -0.2700 0.1267 -0.7600 -0.3211 -7.87 0.33 5.82 201 179 169 183 131 
0.9068 0.0037 0.4210 0.0210 358.56 -45.81 -2.12 -9.38 0.93 10.01 -3.5700 2.2500 3.6300 -1.3067 -3.2744 -1.9922 -4.63 -1.14 8.56 183 220 215 219 166 
0.9795 -0.1624 0.1094 -0.0471 3.94 -3.50 29.44 2.19 -1.59 6.06 1.6300 2.7300 -3.4700 -6.2778 -4.0622 0.1544 1.28 -8.23 5.17 166 235 228 240 174 
0.8092 -0.5759 -0.0905 0.0730 346.00 -0.37 77.37 -1.94 -7.53 -0.12 -0.9700 1.7600 -2.0200 -2.7211 0.4956 2.2444 -1.75 -9.64 -0.09 177 242 230 255 177 
0.6520 -0.7411 0.0496 0.1521 331.00 -19.94 97.94 -5.26 -7.33 0.01 -2.1500 1.3800 1.0200 -0.9200 0.5911 1.1156 -4.17 -8.68 -1.80 176 243 227 256 173 
0.6017 -0.7692 0.1030 0.1885 325.19 -24.37 103.44 -4.85 -8.68 -2.05 -0.8200 0.4000 0.7600 -0.3922 -0.5678 -0.3667 -3.95 -8.69 -2.23 175 242 226 256 173 
0.5931 -0.7784 0.0497 0.1995 321.81 -19.62 101.75 -4.97 -7.78 -3.22 -1.7900 1.5100 -1.6000 0.5344 -4.4011 -4.0133 -0.87 -9.73 -0.78 173 238 225 242 172 
0.6399 -0.6285 -0.3509 0.2690 310.81 13.69 93.37 5.35 -8.11 -2.35 1.4700 1.2400 -1.5800 0.7367 -5.0056 -3.3911 4.63 -8.45 -1.82 169 211 216 231 168 
0.5115 -0.3267 -0.7295 0.3154 292.69 34.13 114.56 8.58 -5.96 -4.99 2.9400 1.5300 -0.8100 1.0456 -1.4267 -1.5811 5.86 -6.80 -3.93 166 209 212 227 165 
0.4412 -0.1548 -0.8156 0.3408 283.19 38.69 116.44 7.45 -6.51 -2.94 1.2900 0.6400 1.3600 1.4944 0.6056 -0.2100 6.38 -7.07 -2.32 169 212 212 225 167 
0.5135 -0.1104 -0.7476 0.4065 284.75 43.50 100.75 9.36 -6.60 0.92 2.3000 1.1300 1.0700 -0.0889 1.7433 0.1633 6.83 -6.98 -0.81 170 221 216 233 168 
0.5815 -0.1429 -0.7009 0.3875 297.19 45.38 87.25 11.21 -6.09 4.73 1.2900 0.5000 1.7800 -0.6422 5.2967 -1.5200 7.09 -6.09 2.94 169 202 171 205 151 
0.8693 -0.2446 -0.3892 0.1818 346.44 21.94 35.25 1.71 -6.99 3.24 0.9800 -2.1100 -5.8100 0.4800 11.4433 1.2111 -3.70 -4.72 7.75 191 165 167 178 130 
0.9028 -0.1967 0.3822 0.0157 354.62 -53.88 22.87 -6.68 1.28 0.78 0.8200 3.2900 -1.4600 1.5878 0.7411 3.7722 -9.07 1.17 3.52 196 167 164 179 133 
0.7955 0.0449 0.5742 0.1880 330.25 -60.38 -44.25 -16.97 4.67 6.04 -8.2300 0.7400 1.7900 -0.5844 -0.6200 -0.6967 -8.34 3.29 3.95 197 167 165 182 136 
0.8210 0.0355 0.5334 0.2004 334.19 -60.56 -29.25 -7.20 3.16 4.10 2.7800 0.9100 0.1100 -0.0811 0.1267 -0.4433 -8.64 1.87 4.22 199 170 165 183 138 
0.8319 0.0098 0.5285 0.1689 337.25 -61.06 -23.25 -7.80 2.33 3.87 0.6100 0.7500 -0.1000 0.0367 -0.2767 -0.0844 -8.49 1.80 4.54 199 169 165 184 138 
0.8426 0.0089 0.5133 0.1627 338.06 -59.38 -21.12 -8.81 1.82 4.75 -0.1500 0.1800 0.0600 -0.0233 -0.0389 -0.0367 -8.42 1.77 4.70 197 172 169 185 139 
0.8453 0.0035 0.5092 0.1618 338.50 -59.25 -18.94 -8.28 1.99 4.55 0.0100 0.5600 -0.1300 -0.0733 -1.1256 -0.7822 -8.11 1.19 5.36 199 180 173 187 142 
0.9213 -0.0184 0.3773 0.0928 352.56 -35.50 1.19 -4.22 4.13 2.95 0.8400 4.8100 -6.5400 -0.7667 -7.2089 -3.2900 -0.78 -1.44 9.66 179 256 233 237 172 
;
