0.6897 0.1692 0.0523 0.7021 268.94 9.50 -18.12 1.72 3.02 9.21 0.1100 0.0300 -0.0500 0.0000 -0.0022 0.0067 1.63 3.00 9.18 163 307 287 300 199 
0.6897 0.1697 0.0519 0.7020 268.94 9.56 -18.12 1.70 3.08 9.16 0.0600 0.0600 -0.0100 -0.0033 0.0044 0.0111 1.64 3.00 9.18 163 305 288 301 200 
0.6893 0.1699 0.0518 0.7024 268.87 9.63 -18.12 1.66 3.07 9.14 0.0000 0.0600 -0.0400 -0.0067 -0.0122 0.0000 1.65 3.01 9.18 161 306 290 302 199 
0.6892 0.1712 0.0505 0.7022 268.81 10.31 -18.00 -0.24 3.06 12.74 -1.4200 1.4600 8.2600 -2.3344 -5.3678 0.2844 4.91 1.52 8.34 159 275 257 276 193 
0.6440 0.2148 -0.2697 0.6829 260.75 42.00 19.81 10.07 -0.79 7.50 2.6400 3.3300 1.1500 -2.4133 -3.1089 4.2478 6.51 -5.80 4.48 168 248 226 267 186 
0.3182 0.1462 -0.5820 0.7339 215.81 30.19 77.25 0.70 0.06 0.61 -3.1600 8.7500 -0.7100 -0.2122 -3.1933 4.6689 2.06 -9.56 0.72 169 236 209 249 164 
-0.0544 0.1064 -0.6763 0.7269 167.25 1.19 86.94 -3.99 -9.43 1.45 -3.8700 1.0500 1.7400 -0.7489 -0.8033 -0.1844 -0.10 -9.80 0.21 169 231 213 250 166 
-0.1195 0.1274 -0.6912 0.7013 160.81 1.12 89.25 1.46 -10.09 1.73 0.7000 -0.2200 1.6500 0.0944 -0.1022 0.1878 0.17 -9.80 0.14 169 236 218 254 169 
-0.1321 0.1440 -0.6898 0.6971 156.44 2.44 90.31 -2.18 -9.00 -0.73 -3.1300 0.5500 -1.5700 -0.8789 -5.4644 -2.8022 2.18 -9.46 -1.31 166 237 216 242 167 
-0.2624 0.5446 -0.5734 0.5531 118.81 18.75 110.12 2.87 -6.77 -6.82 1.1500 1.6000 -2.3700 -0.3933 -7.9400 -2.7789 2.36 -7.93 -5.25 168 239 212 243 168 
-0.3925 0.8678 -0.2396 0.1883 42.75 6.12 129.62 1.22 -5.36 -7.60 0.4400 1.2300 -1.6500 -0.3822 -2.1500 -0.8989 0.31 -7.27 -6.56 166 242 214 243 169 
-0.4053 0.9081 -0.0915 0.0509 12.31 1.12 131.37 2.26 -7.09 -7.76 1.9300 0.2900 -1.2600 0.5911 -0.4889 -0.5044 0.32 -7.57 -6.21 166 244 217 248 172 
-0.4385 0.8953 -0.0504 0.0598 20.19 5.25 127.12 2.33 -7.25 -3.80 1.5300 0.2900 1.8300 -0.1111 0.8456 -0.0267 1.34 -7.72 -5.89 169 243 220 251 173 
-0.4241 0.8932 -0.0790 0.1266 38.81 10.44 128.87 4.12 -7.01 -5.80 1.9400 0.1800 0.0500 0.5433 1.8122 0.1422 2.47 -7.50 -5.80 197 258 239 270 190 
-0.3906 0.8755 -0.1729 0.2256 64.56 15.44 129.25 -0.62 -2.30 -2.93 -4.9600 5.7400 3.1000 -2.5978 -1.0156 0.4656 2.09 -6.05 -7.42 193 271 260 289 189 
-0.2062 0.9315 -0.2661 0.1375 212.69 5.31 160.50 -2.21 -0.43 -12.42 -1.0000 1.6000 -3.7900 -3.9633 -1.2867 0.2022 0.07 0.05 -9.80 197 275 257 306 191 
0.0812 0.9498 -0.2999 -0.0385 216.25 -2.81 -165.50 -1.71 4.40 -13.36 0.6000 -0.2300 -3.8800 -1.4211 0.1600 0.0667 -0.75 3.93 -8.95 198 284 262 308 189 
0.1982 0.9243 -0.3074 -0.1088 216.56 -4.19 -154.25 1.14 4.76 -11.32 1.0400 -0.2500 -2.4700 0.5989 0.0444 0.2100 -0.60 3.83 -9.00 195 286 261 312 189 
0.1593 0.9302 -0.3216 -0.0765 218.31 -1.31 -162.19 1.64 2.16 -16.66 1.8000 -0.4100 -7.7600 2.9178 2.3022 1.2489 1.21 1.06 -9.67 197 306 275 338 190 
-0.0410 0.9102 -0.3862 0.1436 226.56 18.37 149.87 1.93 0.86 -1.74 -6.9300 8.1200 0.2800 5.3189 3.2511 2.6900 3.49 -8.63 -3.06 209 419 379 437 210 
-0.4235 0.6800 -0.3656 0.4739 96.69 19.69 99.00 0.85 -2.71 -1.11 -2.0100 5.6700 0.2800 0.4589 0.1122 -0.2633 3.56 -9.09 -0.84 209 415 377 441 210 
-0.4359 0.6481 -0.3444 0.5209 101.00 22.37 95.25 2.12 -6.83 -0.47 -1.6100 2.6400 0.5600 -0.4667 -0.4856 -0.4867 4.07 -8.82 -1.31 209 412 381 439 211 
;
