0.9504 0.0748 0.0491 -0.2979 34.75 -7.87 -6.50 -1.29 1.02 9.57 0.0600 -0.0400 -0.0400 -0.0067 -0.0156 -0.0078 -1.34 1.10 9.65 163 321 304 338 206 
0.9507 0.0741 0.0477 -0.2973 34.75 -7.62 -6.50 -1.40 0.92 9.51 0.0000 0.0200 0.0100 -0.0389 -0.0689 -0.0189 -1.27 1.08 9.66 163 320 302 336 206 
0.9507 0.0717 0.0460 -0.2982 34.75 -7.44 -6.25 -1.24 0.98 9.61 -0.0300 -0.0300 0.0300 0.0067 -0.1889 -0.0078 -1.13 1.08 9.68 164 316 304 336 208 
0.9518 0.0750 0.0068 -0.2972 34.13 1.31 -10.44 -1.08 2.47 12.51 0.0000 1.7100 7.5600 -2.4922 -6.7700 0.2222 4.25 0.51 8.81 165 258 260 284 199 
0.9061 -0.1893 -0.2366 -0.2953 34.63 34.56 27.44 10.08 -1.03 6.70 3.1400 5.1600 -1.9100 -5.3167 -0.5689 4.1678 4.01 -7.77 4.42 165 215 216 241 166 
0.7951 -0.5978 -0.0333 -0.0966 6.87 0.37 78.94 -3.11 -3.93 -1.72 -2.1000 5.6900 -2.7700 -2.3422 0.3622 3.6767 -3.13 -9.29 -0.06 163 221 213 248 163 
0.6683 -0.7127 0.1818 0.1116 336.37 -26.62 97.69 -6.22 -6.92 -1.31 -0.6000 1.0100 0.4000 -1.3322 -0.4289 0.7678 -5.25 -8.01 -2.06 161 221 216 259 164 
0.5675 -0.7617 0.2507 0.1871 323.25 -34.75 112.62 -5.56 -8.43 -2.56 0.6800 -0.6100 0.4400 -0.2600 0.3889 0.0267 -5.47 -7.37 -3.42 164 228 218 265 167 
0.5355 -0.7799 0.2715 0.1766 322.81 -34.69 116.62 -7.98 -6.29 -3.38 -3.0600 1.2900 -0.1800 -0.5456 -3.0133 -3.3289 -4.79 -8.02 -2.97 161 225 219 259 165 
0.5874 -0.7617 -0.1096 0.2505 308.94 -4.62 98.69 1.26 -6.24 -4.23 -0.9400 1.8500 -3.7700 -0.2989 -6.6900 -5.3656 2.54 -9.11 -2.56 159 226 217 243 160 
0.4510 -0.4178 -0.7135 0.3362 280.87 22.81 118.00 5.42 -5.69 -6.59 1.3500 0.7800 -2.0800 0.0367 -2.4622 -2.3489 4.07 -7.11 -5.37 152 221 213 237 154 
0.3371 -0.2183 -0.8572 0.3224 270.75 26.56 128.62 7.02 -5.93 -7.87 2.4200 0.7700 -2.0300 1.7278 0.2711 -0.8322 4.92 -7.22 -4.44 157 224 216 239 159 
0.4205 -0.1410 -0.7964 0.4111 276.19 36.31 105.87 6.25 -8.58 2.26 1.1500 -1.0100 3.6500 -0.1378 0.1644 -0.1611 6.05 -7.43 -2.03 165 227 222 245 166 
0.5060 -0.1788 -0.7490 0.3884 286.62 38.69 102.50 9.18 -5.93 1.54 3.2300 1.5800 3.5400 -0.8078 3.5978 0.2722 6.29 -7.49 -0.60 147 246 243 263 187 
0.6680 -0.2759 -0.6291 0.2861 325.81 43.38 75.56 7.73 -6.78 -0.18 0.6400 -0.2900 -4.5200 -2.2767 9.7411 -1.6689 4.55 -6.67 5.55 98 240 238 254 183 
0.9159 -0.3846 -0.0702 -0.0913 12.69 3.06 42.50 6.38 -4.97 2.42 6.1500 1.9900 -2.8500 1.6800 3.6378 3.0000 -2.54 -5.61 7.62 94 200 202 215 155 
0.9440 -0.2455 0.2203 -0.0046 355.56 -28.56 26.19 -7.68 0.32 9.52 -1.8600 3.1600 2.3700 0.3222 -0.9467 2.5744 -5.17 -2.36 7.98 94 194 199 210 148 
0.9332 -0.1687 0.2484 0.1973 334.06 -31.56 14.75 -14.05 -0.18 7.99 1.3600 2.4100 0.7000 -0.6456 1.5311 -0.5389 -5.04 -2.68 7.96 93 200 199 213 149 
0.9312 -0.2092 0.2512 0.1613 343.81 -31.69 22.56 -6.21 -0.99 9.61 -1.2200 2.2900 1.8400 -0.0233 0.5922 -2.2700 -4.95 -3.99 7.46 95 201 201 217 151 
0.9329 -0.2434 0.2656 -0.0053 4.44 -28.37 33.38 -1.73 -1.69 7.71 4.4700 2.8400 -0.5000 0.3789 1.4011 -1.5300 -4.12 -5.19 7.21 97 206 205 219 154 
0.9163 -0.2503 0.2643 -0.1672 24.44 -23.12 37.25 2.42 -5.16 6.97 6.2000 0.0600 -0.1500 0.1133 0.5911 -0.8044 -3.71 -5.70 7.05 98 207 205 222 153 
0.8946 -0.2445 0.2856 -0.2414 28.37 -24.06 37.50 -0.89 -5.47 6.66 3.0900 0.2600 0.5300 0.7244 -1.3811 2.7078 -4.32 -4.34 7.65 98 206 205 223 153 
0.9498 -0.1705 0.2527 -0.0707 3.37 -26.31 20.87 -7.90 -2.99 9.90 6.8100 2.5100 1.9300 -0.2456 1.5400 0.3322 -4.36 -3.21 8.16 94 209 208 223 154 
0.9559 -0.1677 0.2354 -0.0527 5.87 -24.81 22.87 -6.98 -4.56 6.76 -2.0600 -1.2800 -1.5600 0.4333 -0.3400 -0.5233 -3.75 -3.39 8.40 104 212 218 235 169 
0.9692 -0.1605 0.1666 -0.0848 12.75 -12.44 19.12 -1.67 -2.99 4.88 -0.0100 -0.4300 -3.3300 2.7322 -4.7500 -1.0778 0.80 -1.47 9.66 161 320 315 350 203 
;
0.9849 -0.0366 -0.1138 -0.1254 11.19 17.06 -0.13 6.14 2.98 8.59 3.1400 3.5000 -0.8400 1.5122 -0.1078 0.3156 3.71 1.08 9.00 171 347 345 387 202 
0.9832 0.0757 -0.1626 -0.0330 3.06 14.75 -10.06 -0.04 4.18 14.19 -3.0800 0.9000 1.9300 -0.3833 -0.1578 -0.1800 2.21 1.49 9.43 165 330 347 380 201 
0.9897 0.0684 -0.1209 -0.0327 3.75 13.50 -8.31 1.97 1.43 9.42 -0.3900 0.0800 -0.0100 -0.0678 -0.0789 -0.0289 2.29 1.34 9.43 167 327 342 370 201 
0.9893 0.0603 -0.1288 -0.0343 4.19 15.25 -7.06 2.70 1.74 9.83 -0.3400 0.6100 0.7900 -0.7944 -1.2289 0.0511 3.23 0.65 9.23 167 306 291 328 203 
0.9797 -0.0154 -0.1939 -0.0494 6.62 25.06 4.62 6.80 -0.30 17.36 3.2700 0.8600 7.5000 -5.5022 -1.2289 0.4011 4.93 -4.05 7.43 171 256 245 265 187 
0.8885 -0.3854 -0.2376 -0.0749 7.81 25.75 57.69 6.72 -2.25 1.77 2.4200 6.7400 -2.1700 -3.6500 0.9544 4.4967 1.35 -9.44 2.26 170 244 225 261 178 
0.7353 -0.6719 -0.0057 0.0890 340.19 -14.25 88.37 -5.85 -3.41 -1.46 -3.8300 3.9500 -1.4500 -2.5244 1.0211 3.2300 -4.89 -8.32 -1.69 167 237 225 267 172 
0.5684 -0.7790 0.1622 0.2094 318.62 -30.87 109.31 -5.43 -8.99 -2.59 -0.1700 -1.0900 0.4100 -0.1856 -0.3356 -0.2800 -5.02 -7.82 -3.11 169 250 234 280 176 
0.5430 -0.7952 0.1524 0.2227 314.12 -31.12 110.06 -7.36 -6.94 -3.77 -2.1500 1.1000 -0.6000 0.1433 -4.1467 -3.2400 -3.85 -8.87 -1.60 168 251 233 272 175 
0.5917 -0.7079 -0.2078 0.3250 297.37 -5.00 94.25 1.29 -7.47 -2.92 -0.2700 2.4600 -2.7100 -1.1767 -7.7111 -4.8433 2.32 -9.29 -2.10 168 243 229 257 170 
0.4011 -0.3322 -0.7493 0.4090 264.25 20.87 115.81 5.62 -6.44 -6.10 1.8100 0.6700 -2.4400 -0.0489 -1.5167 -1.6700 3.97 -7.59 -4.76 165 235 223 251 166 
0.3229 -0.1684 -0.8480 0.3849 259.25 25.31 122.62 5.29 -6.03 -4.60 0.8400 1.4300 0.1500 0.5589 -0.3900 -0.6467 4.44 -7.47 -4.52 168 239 221 253 167 
0.3279 -0.0979 -0.8448 0.4113 257.06 29.06 119.62 7.19 -6.90 -3.65 1.9400 0.9700 0.4100 0.8267 1.9967 -0.2878 5.32 -7.59 -3.17 169 242 226 258 178 
0.4061 -0.0904 -0.7997 0.4328 268.87 35.69 110.00 7.68 -5.78 -0.64 1.7200 1.7800 2.3700 -0.6622 1.9456 -0.4000 6.20 -7.24 -2.26 149 259 245 276 185 
0.5513 -0.1951 -0.7383 0.3360 305.81 45.31 100.56 11.36 -4.43 0.73 2.3700 1.4800 0.3100 -2.7922 5.3756 -1.0800 7.74 -6.00 0.37 145 279 269 311 199 
0.7642 -0.3188 -0.5588 0.0450 4.06 52.81 56.00 11.12 -6.37 -5.23 0.2700 -1.4400 -8.8600 0.2700 5.8133 -0.7300 4.87 -4.71 7.08 102 271 270 296 200 
0.9442 -0.2728 -0.0546 -0.1760 18.31 3.19 29.81 5.80 -0.31 7.88 5.1600 4.8200 -1.2900 -0.6733 4.2589 4.6311 -3.50 -4.67 7.87 92 192 197 213 153 
0.9441 -0.2301 0.2310 0.0486 348.37 -30.00 25.31 -8.19 0.57 8.66 -3.7300 3.3000 0.9800 -0.1778 -0.4278 2.5744 -5.43 -2.59 7.73 91 191 194 209 146 
0.9368 -0.1880 0.2195 0.1970 336.37 -29.56 18.50 -6.46 -1.67 8.40 -4.2500 0.7100 1.2000 0.1000 0.6156 -1.2289 -5.26 -3.18 7.63 92 194 199 213 148 
0.9343 -0.2239 0.2563 0.1066 351.06 -31.87 27.00 -6.25 -1.02 8.79 0.2600 2.9600 0.7300 0.6078 1.1000 -2.8189 -4.87 -4.51 7.21 95 198 199 217 150 
0.9259 -0.2420 0.2703 -0.1056 16.87 -24.69 35.69 1.90 -4.26 8.09 3.8300 1.1000 0.7400 -0.0178 0.7867 -1.0056 -4.34 -5.56 6.81 96 199 201 220 151 
0.8929 -0.2518 0.3166 -0.1978 24.87 -28.00 40.56 -0.53 -5.33 5.62 4.5700 0.0600 -0.4100 0.3767 -0.4456 1.0433 -4.70 -5.22 6.83 94 200 201 221 151 
0.9217 -0.2167 0.2946 -0.1293 11.88 -28.94 30.31 -5.28 -4.09 8.78 -1.1000 0.0000 0.8500 0.2200 -1.1767 0.3411 -3.49 -3.67 8.39 96 203 202 222 152 
0.9548 -0.1853 0.2264 -0.0516 5.44 -24.44 24.75 -3.82 -4.15 8.01 -1.8900 -1.0600 -1.3400 -0.1956 0.4056 -0.3222 -4.16 -3.95 7.94 100 204 208 228 159 
0.9523 -0.1950 0.2211 -0.0789 12.00 -20.94 25.37 -3.66 -4.24 5.72 -1.4300 0.3800 -3.0400 2.1933 -3.7433 -1.7933 -1.07 -3.00 9.27 115 292 292 311 195 
;
