0.2927 0.0447 -0.3863 -0.8736 142.94 8.44 -45.13 1.40 6.92 6.84 -0.0800 0.0000 0.0000 -0.0067 0.0111 -0.0067 1.43 6.87 6.84 170 365 376 417 214 
0.2928 0.0453 -0.3860 -0.8736 142.87 8.44 -45.13 1.34 6.87 6.81 -0.0700 0.0000 0.0000 -0.0478 -0.0433 0.0178 1.46 6.85 6.85 172 364 375 417 214 
0.2928 0.0438 -0.3851 -0.8741 142.94 8.50 -44.94 1.69 7.07 6.96 0.7000 0.4000 0.2500 -0.4133 0.5611 -0.2400 1.42 6.64 7.06 177 338 366 414 215 
0.2992 0.0171 -0.3604 -0.8834 142.87 12.31 -40.06 2.55 7.53 9.61 0.1500 2.2300 4.0400 -1.6667 -3.8278 0.8544 4.59 5.17 6.94 177 318 318 339 215 
0.2375 -0.2604 -0.3057 -0.8845 150.69 43.38 -24.87 13.88 5.26 9.00 6.2800 3.6700 2.2300 -4.6878 -1.4378 3.3956 7.99 -1.27 5.52 179 222 214 222 173 
0.2730 -0.5333 0.0567 -0.7986 138.56 52.19 56.69 6.95 0.25 -0.41 -0.6300 6.5500 -3.1200 -2.3111 -0.3822 4.4622 5.78 -7.74 1.68 159 197 177 198 143 
0.4133 -0.5745 0.3462 -0.6158 106.37 19.06 85.75 -1.76 -5.75 -0.50 -3.7100 3.5600 -0.6900 -0.8844 -0.5656 1.7422 1.52 -9.68 -0.04 159 200 182 201 144 
0.4840 -0.5472 0.4703 -0.4952 89.94 4.37 92.81 -0.81 -9.42 -1.29 -0.9100 -0.2800 -0.8400 0.7511 -0.2278 0.0567 0.68 -9.77 -0.30 161 205 191 210 149 
0.4951 -0.5457 0.4647 -0.4910 88.94 5.06 91.62 2.08 -9.91 0.93 0.1700 -0.2500 0.8500 -0.0300 0.5422 0.4356 0.70 -9.77 -0.26 163 210 198 211 147 
0.5078 -0.5685 0.4437 -0.4712 78.75 8.00 94.62 -1.11 -8.89 -2.06 -2.9700 1.2800 -1.5700 -1.2744 -6.4178 -3.4789 2.92 -8.92 -2.83 162 206 192 207 149 
0.4959 -0.8336 0.0594 -0.2361 42.63 20.19 118.25 0.51 -4.19 -9.09 -1.5200 2.8100 -4.3900 0.2244 -9.0800 -3.8700 2.32 -7.26 -6.16 167 229 198 222 165 
0.4038 -0.8346 -0.3732 0.0333 345.81 13.50 135.37 3.78 -5.37 -9.49 1.4400 0.8800 -2.0700 0.2533 -0.8400 -1.1844 2.38 -6.46 -6.97 167 225 198 224 165 
0.3870 -0.7902 -0.4708 0.0652 338.19 15.13 133.75 2.63 -7.24 -6.31 -0.7600 0.6000 0.8600 1.4333 0.1678 -0.4822 2.92 -7.45 -5.66 168 230 200 223 167 
0.4451 -0.7334 -0.5050 0.0952 335.50 18.12 128.12 3.89 -6.32 -6.92 0.8000 0.9500 -1.0600 -0.0722 0.6911 0.0367 3.25 -7.31 -5.66 169 231 210 229 171 
0.4578 -0.7353 -0.4943 0.0740 343.44 20.44 127.25 4.53 -5.96 -3.87 2.8300 1.5500 3.5300 -0.2167 2.2711 0.6311 3.88 -7.33 -5.22 170 227 218 237 179 
0.4871 -0.7661 -0.4192 -0.0104 5.69 25.50 126.31 11.57 -6.59 -4.50 4.6900 -0.0300 1.9000 0.0300 3.2067 0.7133 5.03 -7.25 -4.26 164 242 215 227 170 
0.5555 -0.7576 -0.3172 -0.1298 27.56 35.06 112.75 5.55 -4.65 -2.77 -2.6800 3.0400 -0.0400 -0.3922 0.4222 -0.7700 6.14 -7.12 -2.75 162 281 162 173 148 
0.5508 -0.7618 -0.3051 -0.1526 28.19 31.81 115.87 2.26 -8.54 -6.12 -1.0800 -0.7900 -2.0800 -1.9778 0.1156 0.5644 4.45 -7.38 -4.66 130 282 166 172 147 
0.4932 -0.8224 -0.2526 -0.1287 28.75 27.44 121.75 5.05 -10.47 -7.38 0.8600 -2.5800 -2.8400 1.6622 0.6544 -0.3144 4.78 -7.79 -3.53 132 291 165 177 149 
0.6014 -0.7415 -0.2585 -0.1472 27.87 33.69 98.56 7.80 -13.37 -13.67 1.4600 -3.4200 -13.3600 6.8178 3.1044 -0.1522 5.37 -7.16 3.99 140 318 168 180 160 
0.8986 -0.3469 -0.2056 -0.1729 20.19 26.75 30.00 0.63 10.75 12.76 -4.7200 10.0000 3.1700 0.0756 0.3822 0.1156 3.94 -3.86 8.10 142 336 177 186 162 
0.9328 -0.2665 -0.1794 -0.1633 20.56 25.81 32.00 6.56 -8.04 5.42 1.8200 -2.4000 -1.3200 -0.0922 -0.0611 -0.0500 4.41 -4.91 7.24 145 336 177 187 163 
0.9145 -0.3154 -0.1852 -0.1730 21.69 26.81 35.38 4.09 -3.08 7.57 -0.6400 2.5300 0.3200 -1.2089 -0.0933 -0.3733 4.61 -5.48 6.69 157 340 180 187 172 
0.8781 -0.3813 -0.1899 -0.2179 31.12 31.56 45.31 6.43 -6.05 5.49 0.8500 0.2300 0.1800 -1.9978 0.3978 -2.4511 5.99 -5.89 5.04 168 293 228 234 186 
0.7454 -0.4687 -0.1817 -0.4379 72.37 45.19 44.06 6.89 -8.13 5.37 -0.5200 -4.0300 -0.6100 -2.8233 3.4867 -4.2100 6.93 -3.67 5.87 171 256 229 227 166 
0.4844 -0.3862 -0.0146 -0.7849 124.31 30.75 23.87 8.21 -2.65 3.69 4.8000 0.1300 -2.2700 -2.9589 12.6011 0.1744 -2.25 -4.63 8.34 177 199 191 191 147 
0.3838 0.1404 0.3290 -0.8513 125.62 -33.13 28.31 -2.54 1.05 4.13 2.5200 4.4900 -3.2800 1.4033 2.1100 4.2344 -7.53 -1.15 6.17 190 181 172 189 145 
0.5678 0.3920 0.2648 -0.6737 91.69 -56.25 -23.06 -11.26 7.73 4.60 -3.2100 4.6600 0.2800 0.2411 0.7822 3.6100 -7.39 4.55 4.56 192 178 173 193 144 
0.6990 0.4805 0.1654 -0.5031 71.75 -45.44 -44.94 -8.15 5.07 4.83 -0.0800 0.1000 -0.1500 -0.4811 0.3411 -0.2856 -7.15 4.43 5.03 193 178 180 194 145 
0.6997 0.4592 0.1835 -0.5156 72.31 -47.06 -42.19 -6.96 4.47 5.25 0.6000 0.1600 0.2800 -0.1200 0.1333 0.0056 -7.20 4.47 4.91 190 181 184 196 146 
0.6991 0.4629 0.1882 -0.5114 72.06 -47.56 -42.13 -6.63 4.18 5.26 0.1800 -0.0700 0.3400 -0.1078 0.1311 0.0422 -7.26 4.41 4.89 193 184 187 197 147 
0.7007 0.4600 0.1949 -0.5094 71.87 -48.00 -41.50 -7.19 4.32 4.42 0.7400 0.3800 -0.0600 0.1178 -0.0756 -0.1111 -7.27 4.32 4.95 194 184 187 197 147 
0.6967 0.4582 0.1931 -0.5171 73.19 -48.13 -40.69 -7.29 3.79 4.50 0.1500 -0.1600 -0.2800 0.0989 -0.1311 0.0111 -7.27 4.29 4.97 193 183 188 198 147 
;
