0.1693 0.0262 -0.2944 -0.9402 159.56 2.87 -34.25 0.53 5.62 7.96 -0.0200 0.0600 -0.1300 -0.0022 0.0044 0.0067 0.49 5.51 8.09 160 376 358 384 214 
0.1694 0.0261 -0.2944 -0.9402 159.56 2.87 -34.25 0.46 5.58 7.97 -0.0200 0.0700 -0.1200 -0.0033 -0.0067 0.0022 0.50 5.51 8.09 160 375 358 382 213 
0.1689 0.0120 -0.2876 -0.9427 160.12 7.75 -28.69 -2.50 4.82 11.96 -0.2700 -0.0100 3.2500 -3.6733 -5.3311 -0.1789 4.45 2.13 8.47 161 254 211 233 184 
0.0776 -0.3503 -0.0790 -0.9301 171.12 50.63 -0.56 16.08 1.25 10.01 6.2200 3.5300 3.0900 -3.4967 -5.1822 2.7567 9.11 -3.00 1.99 155 196 184 197 149 
0.1512 -0.6804 0.2031 -0.6877 149.75 55.19 94.81 0.47 1.30 -2.00 -7.0000 7.4400 -1.2600 -1.3167 -1.0867 3.8389 5.61 -7.84 -1.74 155 187 178 186 130 
0.2904 -0.6697 0.4108 -0.5462 120.75 27.87 106.87 4.07 -7.06 -1.42 -0.3000 -0.1000 0.8300 0.4278 -0.8989 0.4556 4.12 -8.47 -2.71 156 194 180 192 134 
0.3445 -0.6874 0.4010 -0.4979 109.37 24.12 106.44 3.69 -8.86 0.29 -0.3000 -0.7000 2.6300 0.1833 0.2900 -0.0622 4.10 -8.61 -2.26 158 203 183 196 139 
0.3608 -0.6729 0.3900 -0.5146 107.62 23.81 103.62 -1.21 -8.03 -2.15 -5.5100 0.5300 -0.6600 -0.3344 -5.6333 -3.2267 4.60 -7.64 -4.06 160 203 186 197 140 
0.3586 -0.8900 0.0621 -0.2747 64.25 24.00 135.31 2.97 -2.72 -9.72 -1.0700 2.8600 -3.1300 0.3156 -5.0444 -3.7322 2.44 -5.44 -7.77 158 203 186 203 142 
0.3027 -0.8959 -0.3251 -0.0067 137.12 12.13 146.69 5.15 -4.40 -9.93 3.5700 0.7700 -1.1600 1.2000 -0.6522 -0.6222 1.91 -5.86 -7.62 159 206 190 204 145 
0.3495 -0.8499 -0.3901 0.0575 129.94 9.81 138.06 3.52 -5.65 -7.33 1.8000 0.7400 -0.1600 1.3344 0.1122 0.0711 1.61 -7.04 -6.62 158 210 193 206 155 
0.4235 -0.8131 -0.3886 0.0924 340.56 12.50 128.12 2.04 -7.23 -1.81 2.7100 0.5200 3.1600 0.2444 -0.2022 -0.0911 2.25 -7.48 -5.91 161 210 201 214 164 
0.4391 -0.8066 -0.3909 0.0618 348.00 15.31 129.12 6.13 -5.74 -3.78 3.0500 0.9600 2.2900 -1.2189 3.5922 -0.5011 4.54 -6.61 -5.64 171 212 206 220 167 
0.4424 -0.8119 -0.3014 -0.2330 76.12 50.44 125.87 9.45 -4.58 -6.51 -0.3200 -0.4200 -4.3200 -1.4856 7.3378 -2.9256 9.18 -3.26 1.10 174 172 183 180 148 
0.3641 -0.5279 -0.0729 -0.7639 135.94 47.00 20.50 8.58 -1.81 1.16 2.6000 -0.0300 -6.2600 0.9367 8.8056 -0.8089 0.98 -1.15 9.68 179 173 179 186 158 
0.2948 0.1730 0.0612 -0.9377 143.69 -30.81 -0.62 -7.57 2.52 5.33 -0.1100 3.9100 -0.6700 0.3544 2.4778 3.2800 -7.25 1.87 6.32 183 162 157 177 140 
0.4315 0.4719 0.0662 -0.7659 118.06 -50.88 -33.75 -9.22 5.83 4.44 -2.3500 2.0900 -0.1000 -0.0978 1.3133 2.1067 -7.31 4.98 4.22 187 165 175 181 142 
0.5278 0.5499 0.0153 -0.6472 99.69 -46.13 -57.44 -10.06 6.33 4.12 -2.2700 0.6800 1.0500 -0.1389 0.5444 -0.0244 -6.94 5.92 3.57 187 166 173 182 143 
0.5276 0.5612 -0.0059 -0.6376 101.12 -45.75 -58.50 -6.81 5.30 2.85 1.2200 0.2000 0.1100 0.3456 -0.5889 -0.0633 -7.01 5.82 3.61 186 166 177 183 145 
0.5067 0.5610 -0.0165 -0.6544 105.31 -45.50 -56.88 -9.43 6.24 5.90 -3.9900 0.5100 1.9900 -0.3500 -1.7367 -0.7033 -6.73 5.24 4.82 182 169 180 183 148 
0.4464 0.4011 -0.0687 -0.7969 127.81 -26.25 -26.44 -6.16 9.33 7.56 -0.8300 6.6700 -3.4100 -4.9822 -10.2700 -1.3544 3.06 0.20 9.31 168 247 221 229 176 
0.3380 -0.3825 -0.0270 -0.8595 133.06 49.63 33.19 9.93 -2.50 1.25 1.8600 2.2100 -3.1600 -3.2222 -1.1544 3.7344 6.70 -6.55 2.87 157 214 204 219 159 
0.4167 -0.6093 0.2206 -0.6375 109.87 32.25 83.81 1.74 -5.93 -0.15 -4.9000 0.6800 -2.3700 -1.8956 -0.4856 1.9933 3.71 -9.01 -0.99 149 206 195 213 152 
0.4027 -0.6308 0.4007 -0.5286 105.94 19.62 98.06 2.74 -9.81 -2.31 0.7900 0.9400 -0.8600 0.0656 -0.0211 -0.2422 3.42 -9.11 -1.18 153 212 204 216 152 
0.4006 -0.6230 0.4122 -0.5306 103.44 19.94 97.50 -2.30 -7.50 -3.75 -5.1300 1.8100 -2.0600 0.0222 -6.5422 -4.9511 5.06 -7.86 -2.94 152 206 200 212 153 
0.3852 -0.8557 0.0225 -0.3449 75.56 34.31 133.00 3.59 -3.34 -10.46 -0.9100 2.6300 -2.8400 1.3789 -5.9178 -3.7367 4.18 -4.89 -7.39 156 208 199 213 156 
0.2999 -0.8581 -0.3999 -0.1173 125.37 25.31 152.37 6.29 -2.03 -9.73 2.6100 1.1200 -2.0000 1.0078 -0.3422 -0.7567 4.27 -4.47 -7.60 156 209 201 213 155 
0.3633 -0.8037 -0.4693 -0.0423 10.19 24.06 140.44 2.49 -5.18 -6.50 -1.5700 -0.0200 0.4900 1.0800 -0.1689 -0.0600 4.06 -6.20 -6.41 153 206 199 214 157 
0.4245 -0.7761 -0.4659 -0.0189 5.75 25.62 134.62 5.06 -6.35 -4.17 0.5300 0.2200 1.3400 -0.0356 0.2122 0.2133 4.25 -6.32 -6.16 155 207 202 212 157 
0.4311 -0.7752 -0.4611 -0.0251 11.19 27.12 133.69 6.30 -4.11 -1.05 0.4600 3.0900 5.0500 -1.7044 6.2489 0.8656 6.20 -6.04 -4.59 158 206 200 215 164 
0.4706 -0.7371 -0.1915 -0.4456 106.56 65.75 82.56 3.19 -0.26 0.57 -5.7400 1.9300 -2.3900 0.0211 7.5844 -7.6744 7.86 0.80 5.80 159 252 236 240 192 
;
