0.3266 0.0826 0.1534 0.9290 218.69 3.12 -19.81 0.46 3.47 9.13 -0.0600 0.1700 -0.0800 -0.0022 -0.0400 0.0011 0.55 3.33 9.20 152 293 294 292 184 
0.3277 0.0840 0.1542 0.9283 218.94 3.19 -19.94 0.29 3.50 9.14 -0.8500 -0.5300 0.5400 0.5178 -1.0344 0.4289 1.23 3.52 9.06 153 310 296 284 189 
0.3149 0.2322 0.1138 0.9132 217.87 25.25 -19.25 14.04 4.13 17.26 8.2900 3.2600 7.9700 -4.6156 -2.7678 3.1233 6.14 -1.74 7.44 165 292 268 275 185 
0.1191 0.3312 -0.2987 0.8870 183.56 37.50 50.19 1.05 3.45 0.03 -4.6200 10.0600 -3.6500 -2.3744 -2.1200 5.6033 3.18 -8.86 2.70 175 241 218 251 164 
-0.2553 0.2867 -0.5660 0.7296 132.25 1.81 81.62 -4.10 -4.37 4.02 -3.6700 1.6300 1.4900 -2.1722 -1.4044 1.4322 -0.98 -9.75 -0.16 166 236 204 227 151 
-0.3659 0.2925 -0.6826 0.5609 112.75 -11.56 98.25 -6.81 -9.24 -2.05 -1.2300 0.5100 -0.3500 0.2689 -0.8544 -0.4911 -1.70 -9.55 -1.38 166 243 209 239 161 
-0.3696 0.3124 -0.6882 0.5406 110.44 -9.69 98.37 -5.66 -9.45 -2.24 -5.4400 0.2100 -1.4300 -0.4567 -4.3767 -2.9167 -0.09 -9.69 -1.45 168 245 215 242 160 
-0.4709 0.6619 -0.3927 0.4312 73.62 17.75 104.00 4.86 -4.28 -6.79 1.4200 3.9600 -3.6600 0.4833 -7.7144 -4.0589 4.05 -7.96 -4.02 168 246 215 239 160 
-0.4916 0.8408 0.1932 0.1185 22.12 22.50 123.56 4.68 -6.32 -8.44 1.6300 1.7400 -2.5000 1.0178 -1.8256 -1.0733 3.70 -7.54 -5.05 166 239 216 237 162 
-0.4934 0.7999 0.3405 0.0278 5.37 22.69 123.06 5.80 -6.44 -5.50 2.8000 1.4700 0.0400 1.1900 -0.3156 -0.3400 3.94 -7.85 -4.34 169 241 218 240 163 
-0.5438 0.7498 0.3770 0.0062 1.37 25.44 115.50 6.16 -7.47 -2.68 1.6100 0.3400 1.0100 -0.0233 0.7800 -0.0144 4.46 -7.95 -3.59 169 244 217 240 166 
-0.5669 0.7413 0.3572 0.0392 10.13 28.12 113.37 11.59 -4.53 -1.99 7.4700 4.1300 1.6700 -2.7789 4.7478 -0.4100 5.72 -7.25 -3.28 161 263 235 259 177 
-0.4709 0.7919 0.1502 0.3587 95.25 49.75 111.81 21.15 5.01 -8.76 11.5800 11.9100 -10.9100 -10.1111 15.0489 4.6811 6.03 -7.70 0.56 164 279 268 299 196 
-0.0234 0.2992 -0.6418 0.7057 189.81 16.50 96.25 3.82 -4.29 -6.74 0.2900 4.1900 -4.8200 -3.7044 1.0933 -0.0211 2.24 -8.71 -3.89 166 293 279 319 197 
0.1323 -0.0074 -0.8402 0.5259 207.06 12.06 115.62 2.42 -8.76 -10.26 -0.8800 1.1200 -6.6400 2.3000 -0.3033 -0.0211 2.10 -9.15 -2.82 169 293 279 319 198 
0.1339 0.0279 -0.7278 0.6720 201.19 14.44 79.69 0.66 -1.83 0.92 -3.2300 10.4400 2.1900 5.3244 1.3100 -0.5778 2.61 -7.18 6.14 171 299 288 309 201 
0.1599 0.0750 -0.4002 0.8992 199.44 15.69 48.69 3.98 -5.75 11.64 0.9900 1.5400 5.0200 -2.8767 -0.4700 0.6322 2.63 -8.27 4.55 171 302 289 314 200 
0.1112 0.0686 -0.5852 0.8003 194.50 12.44 77.56 -1.14 -8.02 -4.57 -3.0900 1.2800 -6.7000 -2.2644 -1.1944 0.6689 1.61 -9.67 0.04 170 294 284 313 200 
0.0585 0.0593 -0.7144 0.6948 192.37 10.38 90.31 -1.69 -10.54 -11.72 -3.1200 -0.2100 -11.6100 4.7067 1.2889 -0.7822 2.25 -9.03 3.06 170 297 288 313 200 
0.1536 0.0642 -0.4590 0.8727 199.94 15.13 47.81 6.00 -0.78 18.45 0.8400 2.7000 5.5300 -1.0533 -0.5767 0.2500 2.55 -7.39 5.90 172 294 285 306 199 
0.1356 0.0780 -0.4518 0.8783 196.19 14.94 53.69 1.77 -5.62 3.59 -0.6400 2.6600 -2.6300 0.2200 -0.8933 1.0211 2.34 -7.73 5.55 162 292 278 290 195 
0.0449 0.1033 -0.4198 0.9006 182.19 13.38 44.81 0.10 -3.80 1.57 -3.3500 1.6400 -6.0400 6.3767 -1.0244 0.2467 2.88 -3.38 8.73 163 289 281 286 194 
;
