0.0967 -0.0798 -0.3483 -0.9290 168.06 12.44 -40.25 2.03 6.21 7.29 -0.1100 0.0200 -0.0500 -0.0022 -0.0100 0.0033 2.11 6.19 7.30 166 347 354 402 218 
0.0967 -0.0798 -0.3483 -0.9290 168.06 12.44 -40.25 2.04 6.21 7.25 -0.0900 0.0000 -0.0700 0.0011 0.0022 0.0000 2.11 6.19 7.30 167 349 355 400 217 
0.0969 -0.0795 -0.3483 -0.9290 168.06 12.38 -40.25 1.90 6.29 7.10 -0.4800 0.0100 -0.2200 -0.0089 -0.0933 0.0678 2.25 6.14 7.30 166 316 338 364 215 
0.0817 -0.1469 -0.3264 -0.9302 172.00 25.75 -36.31 4.28 7.05 16.84 -0.5300 1.4500 8.6400 -4.5122 -6.7089 -0.2144 7.46 3.28 5.44 153 219 202 214 199 
-0.0354 -0.5165 -0.0449 -0.8544 180.19 64.87 9.38 11.53 5.98 2.61 -0.2800 7.8000 -2.1700 -2.9333 -2.7911 5.9411 7.73 -5.79 1.65 153 186 177 189 165 
0.2089 -0.5935 0.3650 -0.6862 136.12 33.69 93.06 -0.05 -1.55 -2.52 -4.5500 6.7300 -2.2300 -0.3133 -0.0789 3.5433 2.50 -9.42 -1.03 150 192 178 198 168 
0.3906 -0.5299 0.5239 -0.5405 104.87 7.44 96.62 -2.18 -10.27 0.81 -4.1800 -0.6800 0.4800 -0.2711 -0.3822 0.1656 0.94 -9.65 -1.43 153 201 183 200 171 
0.4079 -0.5418 0.5336 -0.5052 103.00 6.50 98.81 -2.22 -10.52 -0.74 -1.2900 0.3900 1.4600 0.8533 -3.1756 -0.5500 1.33 -9.65 -1.09 153 201 187 205 169 
0.4937 -0.6758 0.3650 -0.4078 67.00 13.38 106.75 -3.38 -6.20 -8.14 -6.0400 3.1100 -5.0500 -1.7211 -9.4456 -4.0689 1.63 -7.73 -5.80 154 207 192 209 173 
0.3984 -0.8896 -0.2203 0.0370 146.19 6.56 136.81 0.81 -3.39 -13.89 0.8700 2.3800 -5.9200 0.8511 -2.0100 -2.1544 1.49 -6.54 -7.14 153 211 191 211 175 
0.3824 -0.8331 -0.3917 0.0800 331.87 9.13 132.25 4.70 -5.99 -5.87 2.0200 1.2400 1.1300 1.7778 0.2889 -0.5278 1.88 -7.87 -5.52 155 217 196 217 179 
0.4680 -0.7792 -0.4065 0.0927 336.75 13.44 125.06 5.52 -5.94 -4.14 0.5600 1.9700 0.7800 -0.6456 1.9433 0.4044 2.77 -7.68 -5.42 161 281 243 268 201 
0.4847 -0.8064 -0.3364 -0.0414 28.44 29.37 125.94 7.72 -3.84 -1.42 2.7900 2.7100 3.1000 -3.7800 5.5889 -1.2511 7.28 -5.07 -4.16 161 249 242 241 202 
0.3436 -0.7929 -0.1471 -0.4812 122.50 65.12 114.81 22.62 -3.07 -1.67 15.8200 1.9100 -0.3900 -5.8778 8.4900 3.8978 7.68 -5.87 1.59 167 203 189 196 181 
0.2079 -0.5479 0.3812 -0.7150 146.75 31.69 87.12 4.10 -3.62 -4.77 0.0800 5.7400 -4.5100 -2.8178 0.7111 3.4511 2.54 -9.35 -1.46 156 202 185 197 167 
0.2971 -0.4525 0.6296 -0.5572 117.62 3.25 101.75 -4.63 -7.19 -2.32 -3.8500 1.7100 0.3700 0.0222 -1.4400 -0.1356 0.08 -9.59 -2.01 155 209 186 198 168 
0.3660 -0.4805 0.6170 -0.5045 108.56 1.56 103.75 -1.40 -9.49 -2.95 -1.9800 -0.0800 -0.2400 -0.0444 -0.2500 -0.3178 0.35 -9.46 -2.52 157 211 189 203 170 
0.3572 -0.4911 0.6236 -0.4922 103.44 4.12 105.50 -5.32 -8.94 -3.72 -4.9900 0.1400 -1.2200 -0.3889 -8.4011 -6.7411 3.06 -8.21 -4.38 161 210 192 200 169 
0.3769 -0.8934 0.0901 -0.2272 49.75 19.25 135.69 -0.61 -1.56 -10.54 -1.1500 4.9500 -1.5200 -0.7367 -4.7889 -5.0133 2.54 -5.14 -7.95 160 211 186 198 170 
0.2871 -0.8848 -0.3632 -0.0525 130.75 17.25 151.12 7.83 -2.10 -9.89 3.1600 2.3400 -3.2100 1.8622 -0.1700 -0.5878 2.94 -5.45 -7.59 158 217 191 201 172 
0.3824 -0.8301 -0.4058 0.0092 354.81 16.94 133.56 1.64 -4.95 -4.40 -1.8900 2.0700 1.6600 -0.0300 0.6022 -0.5000 3.32 -7.05 -5.95 163 224 194 206 172 
0.4416 -0.8094 -0.3862 -0.0234 6.75 22.62 131.75 6.75 -4.80 -2.83 2.3700 2.0200 3.0700 -1.2267 1.4600 -0.4233 4.44 -6.24 -6.10 166 225 202 213 183 
0.4035 -0.8239 -0.3676 -0.1523 60.63 39.31 142.62 12.32 -3.56 -6.60 6.5200 1.8600 -2.1800 -1.8889 4.8967 -2.1411 9.20 -2.24 -2.51 160 280 211 287 212 
0.4121 -0.6014 -0.3412 -0.5933 115.75 82.37 21.81 10.31 -4.62 -4.73 0.6300 -3.7900 -5.8200 0.8189 0.0289 0.3300 9.68 -0.35 1.51 154 312 175 184 169 
0.4185 -0.5472 -0.3223 -0.6493 110.25 76.69 7.44 4.32 0.32 1.50 -5.4800 0.5100 -0.7900 2.7078 -0.1578 1.1611 9.43 -0.44 2.64 109 387 175 192 170 
0.5852 -0.4301 -0.4225 -0.5423 79.87 74.50 7.25 8.33 5.30 6.79 -2.8500 6.0300 6.2900 0.2611 -0.0678 -0.0289 9.47 0.03 2.52 110 391 185 195 173 
0.6224 -0.3785 -0.5004 -0.4681 73.94 77.87 -2.06 9.02 1.69 2.96 -0.7100 2.0500 1.9700 -0.7211 -0.1144 -0.3211 9.59 0.28 2.02 111 389 187 198 173 
0.6035 -0.3784 -0.5097 -0.4826 78.44 78.56 -13.13 9.73 1.64 0.39 -0.1200 2.3100 0.0200 -0.5267 0.1133 -0.6900 9.58 0.78 1.92 105 384 191 199 174 
0.5692 -0.3796 -0.5112 -0.5202 85.94 77.62 -30.81 10.11 3.23 0.03 -0.9600 2.0100 -0.5900 -0.7200 -0.5011 -0.4100 9.58 1.28 1.60 118 390 194 202 174 
0.5189 -0.4040 -0.5048 -0.5593 98.94 77.56 -46.94 11.00 4.70 -0.43 0.4800 1.5400 -1.1900 -2.0567 -0.4200 -0.7978 9.50 1.90 1.46 119 390 194 202 175 
0.3987 -0.4832 -0.4544 -0.6333 118.62 76.87 -59.75 10.67 -2.11 1.88 0.8300 -3.7000 0.5300 -0.7156 -0.3500 -0.0678 9.53 1.99 1.17 120 388 194 202 176 
0.3478 -0.5172 -0.4152 -0.6627 124.25 77.12 -55.75 9.60 0.82 2.34 -0.5900 -0.9200 1.2100 0.2122 0.2189 0.3867 9.58 1.54 1.37 124 387 194 204 177 
0.3760 -0.5084 -0.4062 -0.6597 121.31 76.12 -41.19 6.63 -1.03 1.86 -4.6200 -3.5500 0.0000 -0.3889 2.2422 -1.4800 8.86 2.43 3.40 5 380 202 214 193 
;
