0.1788 0.0091 -0.3486 -0.9200 157.94 6.19 -40.44 1.14 6.31 7.34 0.0600 -0.0100 -0.0500 0.0078 -0.0056 0.0078 1.07 6.32 7.41 160 347 363 396 218 
0.1790 0.0087 -0.3492 -0.9197 157.94 6.25 -40.44 1.08 6.30 7.38 0.0600 0.0200 -0.0400 -0.0367 -0.0533 0.0033 1.12 6.27 7.45 161 322 350 374 214 
0.1689 -0.0339 -0.3312 -0.9277 161.25 14.81 -35.94 2.54 5.29 10.37 -0.4800 0.2300 3.0100 -1.5356 -5.0811 -0.0822 5.28 4.61 6.85 160 231 211 221 187 
0.0585 -0.4200 -0.2515 -0.8700 172.44 57.25 -34.81 13.89 4.85 4.10 3.9600 3.0900 0.9900 -2.4167 -2.6744 3.1222 9.45 0.35 2.56 166 187 172 183 137 
0.1214 -0.6547 0.0060 -0.7460 156.81 71.87 74.37 7.38 1.82 -0.05 -3.2200 5.1600 -0.6200 -2.1344 -1.0289 4.6022 7.78 -5.93 -0.51 154 196 179 192 138 
0.2548 -0.6754 0.3321 -0.6071 131.50 37.25 101.69 1.52 -5.75 -2.70 -3.3100 2.4300 -0.4900 -0.7100 -0.0833 1.9811 4.32 -8.48 -2.35 155 199 178 190 136 
0.3154 -0.6551 0.4490 -0.5194 114.94 22.75 107.00 3.27 -9.16 -3.10 0.5800 0.2000 0.7500 0.7278 0.3133 0.0433 3.69 -8.75 -2.43 156 202 181 191 142 
0.3430 -0.6709 0.4180 -0.5074 111.19 23.75 104.62 3.72 -8.76 -1.31 -1.9000 -0.7600 0.9900 0.6444 -0.3611 0.4067 3.73 -8.82 -2.08 160 204 185 199 147 
0.3850 -0.7571 0.3044 -0.4311 90.81 25.75 119.44 0.67 -5.91 -8.63 -2.5100 1.7600 -3.7400 -0.4678 -6.9956 -4.5033 3.44 -5.99 -6.95 159 207 189 201 150 
0.3087 -0.9393 -0.1003 -0.1113 159.62 13.19 145.37 4.79 -2.63 -9.92 3.9000 1.4300 -1.6100 0.3744 -1.3311 -1.6800 1.50 -5.55 -7.93 158 209 184 200 152 
0.3312 -0.8791 -0.3404 0.0417 135.31 8.75 139.62 3.20 -5.45 -7.36 0.5100 0.7000 -0.0700 1.1478 0.0767 -0.6311 1.93 -6.80 -6.78 159 207 185 202 154 
0.4135 -0.8300 -0.3719 0.0426 349.25 14.69 130.94 3.27 -6.91 -2.10 0.5900 0.0100 3.0300 -0.0200 0.2967 -0.3367 2.96 -7.04 -6.14 162 210 196 206 162 
0.4345 -0.8141 -0.3846 0.0203 355.06 17.62 130.44 5.04 -6.57 -4.73 2.1200 0.4600 1.6300 -0.0956 1.0044 0.3211 3.16 -7.14 -5.92 162 234 219 224 181 
0.4432 -0.8287 -0.3417 -0.0126 7.00 19.12 131.69 3.43 -3.96 -2.94 -0.6100 3.5500 2.9100 -1.4533 1.3122 0.5856 3.43 -6.46 -6.52 168 291 273 298 201 
0.3553 -0.8915 -0.2669 -0.0873 147.44 19.37 145.44 0.39 -1.11 -7.89 -1.3100 3.4600 0.9800 -4.2911 -0.8500 -0.3778 2.53 -2.14 -9.22 168 239 231 266 199 
0.0137 -0.9614 -0.2689 -0.0572 148.69 6.44 -174.19 0.70 3.95 -13.30 -0.3600 3.0900 -4.0000 -3.4978 0.8178 -1.1633 1.37 3.53 -9.04 176 225 228 261 202 
-0.1927 -0.9254 -0.3005 -0.1279 143.25 6.62 -152.12 2.05 4.91 -11.36 2.7900 0.3500 -2.7300 -0.6511 0.0678 -0.3011 0.94 5.04 -8.35 167 236 231 263 203 
-0.2362 -0.9111 -0.3103 -0.1331 143.12 6.00 -149.87 4.41 5.05 -13.93 3.5300 1.2400 -5.9800 1.2667 0.3600 0.9111 1.56 3.91 -8.85 172 240 231 275 205 
-0.1435 -0.9474 -0.2333 -0.1658 154.94 16.81 -163.00 2.83 6.87 -12.77 1.6600 5.3700 -2.0400 7.3522 2.2767 5.1689 4.20 -2.83 -8.39 184 377 353 409 220 
0.4993 -0.8184 -0.0555 -0.2790 54.06 26.44 96.62 -2.20 1.25 1.11 -8.5900 8.4200 -0.4300 2.2333 2.8478 1.5422 2.89 -9.13 2.09 191 405 367 425 220 
0.7024 -0.5957 0.1240 -0.3693 56.44 16.06 74.00 0.89 -6.45 2.85 -1.1900 2.1300 0.4400 -0.6800 -0.2544 -0.7744 3.22 -8.99 2.22 190 398 365 419 218 
0.6605 -0.6268 0.1047 -0.3999 65.31 23.12 78.87 4.71 -8.34 4.41 -0.4600 -0.5200 1.7000 -3.0289 3.1711 -4.1644 6.04 -7.63 1.13 183 277 220 238 202 
0.4048 -0.6130 0.1340 -0.6652 123.44 45.31 66.12 8.89 -4.76 -0.34 2.5000 2.0300 -3.7900 -0.3444 10.2978 -1.4344 3.77 -5.53 7.16 176 234 204 199 184 
0.2180 -0.1165 0.2388 -0.9391 154.87 -1.87 25.56 0.92 -1.09 6.98 3.3100 2.7800 -2.0800 2.1122 5.7456 2.5089 -4.49 -2.38 8.38 177 198 181 179 167 
0.2767 0.3010 0.1296 -0.9033 142.56 -44.13 -3.56 -7.63 5.46 6.62 -2.9900 2.6400 -0.5100 1.9544 2.0778 2.5356 -7.86 2.85 5.12 185 182 174 177 150 
0.3641 0.5222 -0.0031 -0.7712 126.94 -53.19 -44.25 -11.17 4.86 5.51 -1.4600 0.3300 0.8600 -0.4267 0.4933 0.1967 -7.86 4.29 3.99 188 178 173 177 149 
0.4031 0.5490 -0.0090 -0.7322 121.62 -52.31 -49.50 -9.23 4.87 4.51 -1.7300 0.1100 0.2600 -0.1922 -0.2111 0.2833 -7.64 4.65 4.01 188 185 178 178 153 
0.4266 0.5364 -0.0071 -0.7281 120.00 -50.75 -47.13 -7.12 4.87 4.07 0.8700 0.3400 -0.0900 -0.0456 -0.0611 -0.1922 -7.61 4.42 4.31 189 187 178 181 153 
0.4078 0.5262 -0.0148 -0.7460 123.19 -50.56 -44.94 -7.38 4.81 4.60 0.3600 0.5600 0.1900 -0.1056 -0.3067 -0.1656 -7.50 4.28 4.63 189 186 181 182 154 
;
