0.9652 0.0363 -0.1429 -0.2159 25.19 15.06 -7.81 2.46 1.25 9.35 -0.1000 -0.0200 0.0000 0.0033 -0.0144 0.0000 2.56 1.29 9.37 155 333 337 357 203 
0.9651 0.0361 -0.1435 -0.2159 25.19 15.13 -7.81 2.42 1.45 9.32 -0.1900 0.1500 -0.0400 -0.0078 -0.0178 0.0044 2.56 1.30 9.37 156 336 339 356 200 
0.9650 0.0364 -0.1438 -0.2161 25.19 15.13 -7.81 2.46 1.28 9.36 -0.0900 -0.0300 0.0100 0.0022 0.0133 0.0000 2.54 1.29 9.38 155 336 338 358 199 
0.9645 0.0345 -0.1491 -0.2154 25.06 18.44 -6.31 3.44 1.37 11.97 -0.2100 0.6900 5.2400 -2.3144 -3.2633 -0.8211 5.06 -0.25 8.39 156 294 304 319 201 
0.8949 -0.1726 -0.3016 -0.2800 36.31 41.06 19.75 12.01 0.54 10.66 5.1600 4.5200 2.0700 -6.1733 0.9500 3.5356 5.27 -6.57 5.00 165 224 220 236 183 
0.7888 -0.5795 -0.0801 -0.1887 21.12 11.31 78.31 1.83 -1.48 -2.38 0.9800 8.6500 -2.9900 -2.9878 0.8133 5.6244 -2.71 -9.38 -0.88 164 236 219 242 175 
0.6273 -0.7303 0.2599 0.0754 343.25 -28.19 105.12 -8.37 -6.17 -4.39 -3.9600 1.3700 -1.8500 -0.5689 -0.9222 0.1422 -5.18 -7.87 -2.68 165 235 216 244 171 
0.5887 -0.7534 0.2508 0.1517 329.69 -31.12 107.06 -4.56 -8.08 -1.52 0.4400 0.1200 1.3700 -0.2856 -0.5744 -0.2600 -5.02 -8.08 -2.35 166 242 221 246 171 
0.5945 -0.7581 0.1997 0.1790 326.44 -30.56 105.00 -4.97 -8.33 -1.90 -0.4800 -0.1600 0.1500 -0.2878 -0.1189 0.2578 -5.15 -8.01 -2.32 165 239 222 248 166 
0.5793 -0.7705 0.1632 0.2100 317.37 -28.12 104.50 -6.60 -6.65 -3.47 -2.3900 3.1500 -2.0300 -0.7956 -5.1111 -4.7078 -1.95 -9.51 -1.36 165 244 219 241 167 
0.5905 -0.6712 -0.3317 0.3012 302.87 5.56 98.06 1.18 -7.84 -4.35 -1.6100 2.4500 -2.9200 -0.3756 -6.7289 -4.7078 3.34 -8.83 -2.63 165 246 219 239 165 
0.4350 -0.3411 -0.7589 0.3442 278.06 26.44 120.12 6.90 -5.84 -6.10 1.4000 1.5000 -2.1500 0.5044 -2.7178 -2.1578 4.65 -6.81 -5.30 162 239 222 238 166 
0.3345 -0.1279 -0.8660 0.3491 264.75 29.56 126.44 7.79 -7.00 -4.22 2.6000 0.0700 1.2700 1.1833 1.0000 -0.1189 5.09 -7.19 -4.28 164 243 226 242 169 
0.3612 -0.1046 -0.8431 0.3843 267.56 32.13 121.50 5.68 -6.87 -5.06 0.2400 0.1300 -0.5200 0.1122 0.1844 0.0267 5.29 -7.10 -4.19 161 246 223 244 170 
0.3880 -0.1274 -0.8300 0.3800 271.75 33.38 118.94 6.45 -6.14 -2.81 1.2600 0.8600 1.3000 -0.4944 0.8200 0.0889 5.61 -7.07 -3.82 168 253 241 255 180 
0.4614 -0.1702 -0.8004 0.3427 293.81 41.94 111.94 12.26 -5.09 -3.07 4.1400 2.4500 0.0500 1.5322 3.0322 1.5222 6.44 -7.38 -0.35 198 378 354 427 217 
0.5681 -0.2422 -0.6912 0.3753 292.25 35.69 100.69 -2.80 -2.83 0.04 -6.9100 4.8000 2.3700 -4.2922 -1.9567 -0.2244 5.36 -6.91 -4.42 195 346 346 419 219 
0.3459 -0.3451 -0.8567 0.1655 44.56 23.12 155.25 6.18 -2.73 -15.45 2.5500 0.0700 -6.2100 -2.5078 -0.2889 0.4400 2.78 -0.87 -9.36 195 298 273 372 221 
0.1332 -0.4059 -0.9033 -0.0407 48.81 16.94 177.81 3.92 -0.80 -10.28 0.9700 0.0100 -0.1300 0.4189 -0.0311 0.3278 2.93 -0.66 -9.33 195 308 280 372 222 
0.1537 -0.4191 -0.8945 -0.0257 50.31 17.25 174.56 3.31 -1.11 -8.43 0.4700 -0.4200 0.6900 0.0011 -0.0011 0.0556 2.88 -0.92 -9.32 193 309 282 374 221 
0.1564 -0.4245 -0.8915 -0.0208 50.88 17.31 174.06 3.07 -1.05 -8.76 0.1700 -0.0100 0.5900 0.0800 -0.0678 -0.0311 2.93 -1.00 -9.30 194 311 283 374 220 
;
