0.0988 -0.0026 -0.2322 -0.9677 168.31 2.81 -26.50 0.58 4.27 8.65 -0.0800 -0.0900 -0.3400 -0.0911 0.0456 -0.0544 0.42 4.27 8.81 161 365 363 400 214 
0.0967 0.0016 -0.2275 -0.9690 168.56 2.19 -26.37 0.51 4.42 8.61 0.1100 0.0200 -0.1300 0.0278 0.0856 -0.0033 0.34 4.39 8.76 162 361 362 393 215 
0.0944 -0.0001 -0.2286 -0.9689 169.50 4.00 -25.31 -1.15 1.52 19.34 -8.6700 -6.0100 7.9300 -2.4000 -4.6533 -0.9911 2.96 2.28 9.06 155 205 179 207 174 
-0.0343 -0.3140 -0.0416 -0.9479 184.94 49.19 0.00 20.85 9.98 9.61 4.5500 10.8200 0.6300 -4.1367 -3.7056 4.8222 8.28 -4.15 3.19 151 186 171 196 154 
0.1150 -0.5710 0.3611 -0.7282 152.19 39.19 91.81 0.46 2.63 -2.59 -5.7300 9.5600 -1.9700 -1.3322 -1.9022 4.6667 2.47 -9.24 -2.13 151 193 178 203 159 
0.3398 -0.5152 0.6092 -0.4980 106.81 2.94 106.25 -4.99 -8.18 -2.89 -6.2400 1.0000 -0.4100 -0.0544 -0.1456 0.2922 -0.29 -9.36 -2.90 150 201 185 204 164 
0.3629 -0.5067 0.6390 -0.4509 102.50 0.44 109.62 1.90 -9.48 -1.60 1.3600 -1.6200 2.7200 -0.1100 0.6622 0.8067 -0.01 -9.19 -3.41 151 203 190 209 161 
0.3899 -0.5634 0.5952 -0.4199 91.50 4.19 111.75 -6.08 -7.92 -6.32 -5.9800 3.1900 -4.1800 -0.5756 -8.7189 -6.7578 2.41 -8.04 -5.06 151 203 185 211 167 
0.4276 -0.8909 0.0230 -0.1514 15.81 12.56 129.19 2.89 -1.61 -9.27 0.5000 5.1200 -3.3400 -0.2000 -2.7556 -3.7900 2.37 -6.53 -6.91 155 214 183 216 173 
0.3781 -0.8293 -0.4108 0.0240 351.56 16.69 137.25 5.71 -5.10 -8.75 2.9000 0.7600 -1.2700 1.4211 -0.2789 -0.5111 2.97 -6.81 -6.38 153 213 190 217 171 
0.4373 -0.7686 -0.4622 0.0664 343.94 18.44 127.06 2.10 -7.94 0.21 0.8600 -1.6000 3.2500 0.1511 -0.5400 -0.0122 3.40 -7.23 -5.68 157 217 199 223 168 
0.4614 -0.7745 -0.4316 0.0294 354.87 21.19 127.62 4.48 -5.11 -2.06 0.6900 2.5300 4.5100 -1.2711 4.6878 -0.2222 5.41 -6.63 -4.77 161 234 216 250 195 
0.4957 -0.7646 -0.2496 -0.3276 87.62 58.69 99.06 -4.53 -2.62 -2.58 -7.8300 5.1800 -2.5700 3.0111 4.8611 -8.3022 8.88 0.00 4.15 170 253 237 258 199 
0.3360 -0.3876 -0.2845 -0.8099 139.81 52.38 -24.87 18.98 8.29 13.65 8.8600 4.8600 8.1200 -1.6222 0.0844 -0.4778 7.73 2.61 5.42 170 244 238 251 197 
0.2194 -0.4502 -0.2164 -0.8381 152.06 59.88 -0.31 14.60 2.55 7.41 6.9500 3.7100 1.0200 -6.6956 0.2389 3.7567 7.80 -4.52 3.84 166 222 213 237 187 
0.2110 -0.5349 0.3367 -0.7457 144.44 35.25 82.87 4.73 -3.41 -4.26 -2.7900 7.5300 -4.6200 -1.3278 0.4022 5.3922 1.28 -9.69 -0.76 156 210 198 219 169 
0.3788 -0.4242 0.6170 -0.5439 106.94 -2.94 97.37 -2.14 -6.11 0.30 -3.0000 2.1400 1.4800 -0.9622 0.1767 0.0589 -0.82 -9.58 -1.89 157 216 201 216 172 
0.3713 -0.4305 0.6563 -0.4960 107.44 -2.69 105.00 -1.96 -10.19 -2.12 -1.8300 -0.5800 0.4100 -0.3311 0.0056 -0.1633 -0.21 -9.36 -2.89 157 219 205 226 173 
0.3427 -0.5003 0.6391 -0.4731 107.62 5.50 110.37 -3.97 -9.15 -6.34 -5.6600 0.3200 -2.8000 0.9744 -4.0578 -4.8433 3.31 -8.37 -3.88 162 224 208 226 174 
0.3301 -0.8234 0.2582 -0.3826 89.25 29.44 130.31 3.05 2.52 -10.25 -2.1100 6.6800 -2.8600 0.5167 -8.0533 -8.1267 3.74 -4.08 -8.08 159 218 206 221 165 
0.2570 -0.8947 -0.3417 -0.1299 132.37 23.94 156.69 9.21 0.49 -11.02 2.6000 4.0800 -3.0700 1.7100 -0.5756 -1.0289 3.76 -4.39 -7.91 158 217 201 219 168 
0.3559 -0.8098 -0.4656 -0.0255 1.87 21.75 138.25 5.75 -4.88 -5.37 4.4700 5.0000 10.2200 -2.4744 4.1833 -0.1622 4.19 -6.24 -6.29 156 222 203 222 158 
0.4149 -0.7923 -0.4473 -0.0048 0.37 21.69 134.69 5.36 -6.93 -5.21 0.1400 -1.1700 1.1100 -0.0578 0.8000 0.3833 3.89 -6.57 -6.14 160 222 207 226 161 
0.4360 -0.8056 -0.3995 -0.0363 11.56 24.81 132.00 5.60 -6.13 -4.29 2.0400 0.7800 1.9100 0.0144 0.8944 -0.0589 4.53 -6.58 -5.68 164 223 209 227 171 
0.4612 -0.8115 -0.3328 -0.1342 43.63 35.00 127.50 6.55 -3.19 -1.17 0.8200 3.4400 2.2300 -2.9867 7.4622 -0.1433 7.62 -5.56 -2.63 165 243 206 228 183 
0.4063 -0.6960 -0.0538 -0.5896 121.62 62.81 67.00 0.80 -4.16 0.47 -5.1100 2.0700 -1.1600 0.4756 -0.8689 -5.6133 9.53 0.43 2.26 154 366 158 189 180 
0.1520 -0.4886 -0.2895 -0.8089 163.19 53.00 -53.50 14.55 11.27 -5.88 6.4300 6.8500 -10.4400 6.1167 2.8300 -3.1422 5.40 7.92 2.03 135 377 182 196 180 
0.1863 -0.2244 -0.6786 -0.6741 136.31 36.00 -101.75 12.88 22.85 4.98 3.4400 14.8700 7.7600 5.7033 0.7511 4.6378 7.75 4.68 -3.74 146 387 182 192 170 
0.4547 -0.2741 -0.7803 -0.3305 68.87 70.44 -144.75 0.91 4.85 0.94 -10.1800 2.6200 2.6700 -4.4811 3.3544 2.3133 9.79 0.21 0.49 140 376 189 196 169 
0.5537 -0.4771 -0.4711 -0.4938 87.31 83.69 4.94 -1.85 -0.90 0.39 -11.1100 0.4600 -0.1400 -4.1222 -2.0833 -1.1133 9.77 -0.30 -0.78 125 382 196 203 165 
0.2861 -0.6312 -0.3958 -0.6025 140.56 75.44 -110.37 8.61 5.42 -10.95 2.9700 4.6200 -8.6300 1.3878 -1.1589 -3.9389 8.04 5.15 -2.22 127 381 197 202 167 
0.1173 -0.4727 -0.6299 -0.6050 154.25 42.63 -107.69 10.28 9.20 -2.20 2.6000 1.0100 -2.0200 2.8367 0.3244 0.7089 6.62 6.73 -2.62 139 378 193 205 170 
0.2639 -0.3223 -0.7488 -0.5155 116.44 50.19 -120.94 10.90 10.00 1.50 2.7800 5.4200 4.6900 0.4833 1.6989 2.4889 8.69 3.68 -2.64 147 366 230 237 194 
0.4673 -0.3638 -0.6617 -0.4598 85.87 78.19 -95.37 6.77 2.34 4.09 -4.6500 0.0300 1.2300 -2.1267 1.5278 1.6333 9.64 0.47 1.68 151 303 264 279 199 
0.5717 -0.4433 -0.4470 -0.5262 85.69 76.50 20.19 6.16 -0.07 1.38 -3.6800 0.6200 -0.6600 -1.8589 0.3344 -0.0244 9.46 -1.29 2.21 151 272 247 257 198 
;
