0.6488 0.3809 0.1083 0.6498 270.12 21.00 -42.94 4.02 6.43 6.64 0.4100 0.0300 -0.0200 0.0167 -0.1244 0.1122 3.68 6.20 6.64 156 305 313 308 192 
0.6536 0.3873 0.1041 0.6418 271.62 20.69 -42.94 3.03 6.10 6.97 -0.5500 -0.4200 0.1500 -1.1678 -0.8544 0.2078 3.79 5.73 6.99 159 328 316 320 196 
0.6778 0.3809 0.0115 0.6288 275.00 30.06 -34.00 13.60 7.46 11.71 9.0500 3.8100 5.4800 -2.6467 -1.9556 1.8789 6.13 2.48 7.23 161 339 319 349 198 
0.6271 0.3233 -0.2561 0.6607 259.69 55.44 7.19 6.37 5.19 6.99 -0.9500 5.3100 0.1000 -1.6311 -3.2256 5.4289 8.08 -4.66 2.99 164 262 251 286 185 
0.2480 0.3006 -0.5835 0.7125 209.87 40.38 84.00 2.33 -0.29 0.64 -2.4800 8.3700 0.1600 -0.0289 -2.1800 5.3967 2.45 -9.48 -0.27 169 217 196 234 142 
-0.1181 0.1874 -0.7075 0.6711 152.69 -0.31 94.44 -7.91 -8.77 0.19 -7.2400 -0.0500 0.3900 -0.4689 -1.2967 0.5156 -1.06 -9.69 -1.05 171 231 206 248 149 
-0.2095 0.1445 -0.7271 0.6376 144.37 -6.62 95.56 0.09 -11.05 3.06 2.0700 -0.9400 2.9600 0.1378 -0.4589 0.0644 -0.97 -9.70 -0.99 171 235 213 253 154 
-0.2241 0.1752 -0.7219 0.6308 138.62 -4.37 96.19 -6.03 -8.98 -1.52 -4.6800 0.5800 -0.8300 -1.1989 -5.3133 -4.0367 1.21 -9.53 -1.95 170 237 218 252 156 
-0.3177 0.6404 -0.5143 0.4738 103.62 17.62 115.06 2.46 -3.86 -9.18 -0.1800 4.6800 -3.1900 -0.2033 -6.2311 -3.7733 2.82 -7.36 -5.82 172 245 219 248 159 
-0.3655 0.9025 -0.1124 0.1983 50.50 15.31 133.87 6.37 -4.96 -9.68 2.3000 0.9300 -2.8500 1.3056 -1.2978 -1.2222 2.55 -7.14 -6.20 172 244 219 245 159 
-0.4409 0.8871 0.0369 0.1312 32.31 15.56 125.37 5.83 -6.76 -3.98 1.8200 1.6600 2.3900 0.7322 1.3178 -0.2100 3.22 -7.96 -4.72 173 246 222 255 165 
-0.4708 0.8566 -0.0047 0.2111 52.38 21.75 119.37 5.20 -7.19 -4.57 2.7100 0.8500 0.2800 -0.5467 1.6078 0.4233 3.83 -7.85 -4.44 173 250 223 258 167 
-0.4188 0.8400 -0.1129 0.3260 91.87 31.31 118.19 18.68 -4.45 -2.84 11.1300 3.4800 -1.5900 -4.1178 12.0011 1.5844 6.63 -7.16 -0.95 176 319 287 324 190 
-0.0470 0.4589 -0.5402 0.7039 183.50 30.25 90.37 8.31 -2.41 -5.49 4.2300 6.2700 -3.0200 -4.3789 5.2411 3.3956 2.70 -9.21 -1.96 176 385 343 409 202 
0.1579 -0.0247 -0.8158 0.5558 215.56 12.88 113.31 2.41 -6.27 -10.97 -0.2200 2.9700 -7.4900 0.5544 0.5089 0.2200 2.25 -8.80 -3.68 173 403 374 430 209 
0.2224 -0.0981 -0.7892 0.5640 223.12 14.25 100.87 4.64 -2.57 -13.65 2.2000 7.5100 -13.8100 6.7867 -1.0822 -0.5478 2.93 -8.95 2.70 172 411 380 432 214 
0.1934 0.0784 -0.4224 0.8821 198.31 18.00 37.44 1.26 -1.31 30.66 -1.4900 2.7000 24.0000 1.1167 -0.5200 1.0256 3.45 -4.22 8.14 172 410 382 433 215 
0.0992 0.1923 -0.2889 0.9326 194.81 24.31 38.25 4.69 -2.48 12.70 0.7900 3.6900 3.7000 -4.4822 1.2778 -0.3922 3.58 -7.49 5.21 171 406 384 434 215 
0.2131 0.0602 -0.5605 0.7980 213.75 18.56 74.19 4.35 -3.60 -4.98 2.1400 5.3000 -8.4000 -2.9889 0.6400 -0.2244 3.20 -9.26 0.29 171 405 382 435 215 
0.2610 -0.0250 -0.7119 0.6514 222.69 20.25 89.44 4.52 -4.17 -13.64 2.8300 7.1000 -13.3700 5.5678 -1.2600 -0.4189 3.85 -8.37 3.34 171 405 386 438 214 
0.1830 0.1671 -0.4278 0.8693 199.56 26.81 40.63 6.16 -1.26 21.70 1.6100 2.9700 14.2800 2.2267 -1.2400 0.9444 4.71 -4.30 7.44 170 402 384 433 214 
0.0789 0.2467 -0.2602 0.9302 190.25 31.19 32.69 4.75 -3.52 11.67 0.0400 1.3500 4.8100 -1.7722 0.7522 -0.2911 4.97 -5.26 6.61 171 400 383 430 213 
0.1439 0.2077 -0.3764 0.8914 201.06 27.06 48.31 4.98 -4.52 5.72 0.7200 2.3100 -0.5900 -3.7944 0.6656 -0.1100 4.12 -7.93 4.02 169 395 382 431 213 
;
