0.5679 -0.0833 -0.2168 -0.7897 108.50 22.19 -15.50 3.66 2.38 8.90 -0.0500 -0.0600 0.1300 0.0178 -0.0144 -0.0011 3.70 2.43 8.74 160 277 282 282 194 
0.5679 -0.0831 -0.2167 -0.7897 108.50 22.12 -15.50 3.71 2.35 8.81 0.0100 -0.0600 0.0800 0.0067 -0.0167 0.0044 3.70 2.43 8.74 159 276 281 282 195 
0.5679 -0.0834 -0.2170 -0.7896 108.50 22.37 -15.56 1.98 3.15 12.12 0.5900 1.4100 4.3300 -0.2622 -3.5078 0.4600 5.53 2.13 7.80 161 298 281 291 194 
0.5480 -0.3509 -0.3018 -0.6968 99.69 59.50 16.50 15.61 -1.64 3.12 6.4000 3.3700 -0.5900 -1.1578 -4.2478 5.7033 8.04 -5.40 1.48 156 259 241 264 173 
0.6500 -0.6667 -0.1524 -0.3312 37.25 30.06 87.94 1.12 1.62 1.10 -5.0500 9.5700 0.9300 1.7544 -0.9967 5.1367 1.07 -9.69 0.99 160 250 231 250 165 
0.7578 -0.6514 -0.0123 0.0359 351.81 -4.12 80.50 -3.05 -6.88 5.10 -1.7400 1.7400 2.7000 -0.4567 0.8311 0.6600 -1.41 -9.61 1.29 162 252 235 259 168 
0.7342 -0.6736 0.0582 0.0618 350.50 -10.50 86.06 -3.60 -10.49 0.61 -1.3900 -0.4800 0.5400 -0.2244 0.0422 -0.0500 -1.92 -9.61 0.29 165 261 236 262 168 
0.7110 -0.6960 0.0810 0.0594 347.87 -10.44 89.12 -9.07 -9.08 -2.29 -7.0000 -0.0500 -5.8700 -0.9867 -11.5444 -4.8278 0.88 -9.75 -0.48 164 245 227 242 156 
0.5622 -0.5415 -0.5398 0.3152 293.94 20.12 105.62 4.99 -5.62 -7.44 4.8300 4.0000 -4.4100 -0.2933 -3.8378 -2.7656 4.42 -7.72 -4.10 164 248 227 240 158 
;
0.4105 -0.2678 -0.7987 0.3491 276.62 27.94 116.12 5.85 -7.44 -2.93 1.2000 1.1900 1.7700 1.2322 0.8500 -0.0300 4.78 -8.13 -2.65 164 251 231 243 166 
0.4802 -0.2615 -0.7404 0.3909 282.44 30.56 105.62 5.93 -7.85 -2.87 0.1200 0.4600 -0.8400 0.2433 0.8656 0.0944 5.06 -8.18 -1.87 168 257 241 258 174 
0.5388 -0.2945 -0.6977 0.3691 298.87 33.81 97.37 9.41 -1.63 4.36 4.1800 7.0200 4.2700 -3.0978 11.5022 -0.4911 5.39 -7.91 2.09 166 270 262 277 186 
0.8270 -0.5161 -0.1382 -0.1749 42.56 19.06 54.19 -1.60 -7.84 0.60 -1.4300 -0.4100 -1.1400 4.4044 -1.3211 -4.4800 4.06 -4.68 7.59 165 276 262 273 187 
0.7541 -0.3513 -0.1754 -0.5265 71.62 43.69 26.81 11.96 -4.52 8.56 7.3400 -0.6700 3.5200 -0.4489 -2.0756 -0.1856 7.84 -3.12 4.98 166 279 262 272 186 
0.6873 -0.4747 -0.2917 -0.4661 64.62 57.69 55.44 14.79 -5.46 3.07 6.5300 0.1000 0.6200 -0.9167 -1.8689 4.1189 6.85 -6.92 1.08 165 276 258 267 181 
0.6989 -0.6591 -0.2194 -0.1703 16.69 23.75 90.25 1.93 -4.58 0.34 -1.2900 4.4200 0.0300 0.5222 -1.1822 4.2567 0.74 -9.77 -0.16 163 257 232 240 159 
0.7015 -0.6984 -0.0833 0.1155 338.25 -4.81 87.75 -2.52 -5.94 2.12 -1.3200 3.9000 1.9900 0.3922 0.6567 0.5167 -1.38 -9.67 0.79 165 262 242 250 168 
0.7194 -0.6785 -0.0330 0.1451 337.25 -8.81 86.06 -0.77 -10.58 0.31 0.7500 0.0500 -0.0900 -0.0311 0.2811 0.2811 -1.66 -9.64 0.55 166 264 242 251 166 
0.7061 -0.6901 -0.0266 0.1566 331.81 -9.00 87.69 -10.81 -8.64 -1.98 -7.9000 3.4900 -4.7100 -2.9622 -10.5511 -4.4278 1.04 -9.64 -1.41 166 256 239 247 165 
0.4736 -0.5024 -0.6306 0.3545 278.19 16.75 114.81 8.15 -5.10 -11.45 5.7700 4.9300 -5.7300 0.3389 -2.2533 -1.9989 3.47 -7.85 -4.73 169 253 235 244 163 
;
0.3548 -0.2410 -0.8090 0.4020 261.19 23.00 115.37 6.01 -7.16 -2.31 1.9100 0.5800 1.8600 0.5567 0.4544 -0.1444 4.02 -8.25 -3.43 168 254 239 246 167 
0.3715 -0.1936 -0.7949 0.4388 261.81 25.25 111.44 4.75 -7.86 -2.89 1.1300 0.2500 -0.5200 -0.0089 0.5511 0.1333 4.23 -8.25 -3.18 170 255 238 247 168 
0.3960 -0.2079 -0.7816 0.4348 268.56 26.62 109.06 11.86 -2.49 1.12 6.7300 7.5200 1.4200 -1.8611 11.1022 2.1756 4.40 -8.76 -0.16 152 248 243 251 171 
0.7659 -0.5760 -0.2645 0.1077 3.06 9.19 74.69 -9.70 -9.06 -6.66 -12.1900 0.6800 -7.0000 4.7978 1.3889 -6.4544 3.09 -7.86 4.97 158 278 268 276 191 
0.7894 -0.4311 -0.1354 -0.4155 62.19 41.13 36.88 18.24 -4.18 8.37 10.6400 -3.6500 4.5800 0.7933 -1.6922 -1.1744 7.74 -3.48 4.90 159 279 269 273 187 
0.7081 -0.4666 -0.3060 -0.4326 61.06 57.81 52.69 15.22 -5.35 3.76 8.5000 -0.5800 0.8600 -0.3322 -3.0944 2.4978 7.85 -5.82 0.74 166 261 253 260 180 
0.6832 -0.6262 -0.3309 -0.1777 19.12 34.69 91.00 2.32 -4.82 0.21 -3.1500 4.0100 0.0000 0.4811 -0.3356 4.8600 2.33 -9.52 0.06 169 263 250 252 172 
0.7036 -0.6917 -0.1311 0.0969 338.06 -1.94 89.50 -3.09 -6.26 -0.83 -1.2800 3.9600 0.1700 0.8800 -0.1467 1.5511 -1.68 -9.64 0.60 167 259 244 251 171 
0.7002 -0.6789 -0.0521 0.2147 325.69 -13.56 86.00 -3.78 -9.48 1.56 -0.3400 0.1000 1.3000 -0.4522 -0.0044 0.1833 -2.58 -9.45 0.36 167 261 243 256 173 
0.6857 -0.6962 -0.0206 0.2112 325.56 -15.25 88.19 -2.84 -9.02 0.60 -0.3600 0.5600 0.4900 -0.4056 -0.3678 -0.2089 -2.39 -9.50 0.15 167 258 239 251 173 
0.6436 -0.6931 -0.1779 0.2716 300.06 -1.44 94.75 -1.98 -4.27 -7.51 -2.7000 2.3300 -3.9100 -0.8411 -7.8722 -5.3622 2.39 -8.92 -3.27 164 251 231 243 169 
0.3589 -0.3170 -0.7839 0.3952 264.31 19.94 116.87 6.32 -7.02 -5.30 3.8100 0.6800 -0.8700 0.6600 -0.6578 -0.8933 3.83 -8.09 -3.98 162 251 234 244 166 
0.3619 -0.2092 -0.8082 0.4148 261.87 24.50 114.75 5.42 -7.99 -3.05 -0.9000 0.4700 0.4600 0.5067 -0.2611 0.0300 4.12 -8.25 -3.31 163 255 236 245 172 
;
0.7014 0.0972 -0.6972 -0.1119 18.44 73.00 -88.06 9.22 2.87 0.22 0.1900 0.1800 0.0900 -0.3400 -0.0478 0.0711 9.38 2.83 0.12 165 340 336 352 206 
0.7048 0.0801 -0.6934 -0.1266 20.19 73.19 -83.94 13.48 3.80 2.71 8.3100 2.4300 3.4700 -3.3111 3.3511 2.5633 9.46 1.22 2.25 163 257 252 257 165 
0.7983 -0.2065 -0.5485 -0.1386 17.94 64.37 52.88 20.82 -2.82 -0.02 9.7600 7.3600 -2.0700 -1.0178 -1.3311 6.4722 6.57 -7.17 1.17 171 235 213 242 151 
0.6915 -0.5297 -0.4540 0.1873 312.87 14.69 89.81 -3.90 2.06 0.17 -6.6000 10.6700 1.1500 0.4267 -0.7811 4.9278 -1.87 -9.61 0.39 168 236 218 239 151 
0.5219 -0.6342 -0.2971 0.4871 272.31 -20.19 89.81 -7.80 -8.53 1.37 -3.7400 0.9300 1.3900 -0.5200 0.0256 -0.1356 -3.52 -9.13 -0.48 168 242 227 251 156 
0.4949 -0.6763 -0.2745 0.4716 273.19 -21.75 94.81 -5.77 -9.63 -0.43 -1.2400 -0.2100 0.6300 -0.1489 -0.2100 0.0767 -3.71 -9.03 -0.84 165 244 231 254 159 
0.4665 -0.6666 -0.3137 0.4895 258.87 -17.44 94.06 -6.49 -6.30 -7.10 -3.9100 3.7400 -7.1400 -2.0944 -11.6311 -5.5933 0.65 -9.69 -1.35 169 238 215 235 152 
0.2033 -0.0640 -0.7734 0.5969 212.12 18.00 105.06 9.04 -4.14 -6.63 5.7600 2.9300 -3.5800 0.4211 -1.6456 -1.6967 3.87 -8.48 -3.04 165 232 212 231 152 
0.1002 0.2171 -0.7748 0.5852 199.69 24.75 106.69 3.97 -8.26 0.51 0.4700 0.4600 4.8400 -0.2522 0.2033 -0.0800 4.27 -8.57 -2.07 167 242 220 238 157 
0.1368 0.1889 -0.7484 0.6209 205.31 26.00 102.06 6.22 -6.99 -0.02 2.2100 1.7800 1.9100 -0.1033 2.1644 0.0189 4.48 -8.61 -1.32 173 260 244 260 178 
;
0.3082 0.0187 -0.7249 0.6158 249.37 28.31 89.81 7.26 -0.88 0.40 2.3100 7.4300 -1.1300 -4.9311 12.1611 -2.4322 5.18 -8.19 1.43 172 269 265 283 185 
0.7100 -0.3492 -0.5765 0.2039 339.75 47.13 82.87 13.71 -9.55 -3.33 6.8400 -1.3500 -3.8200 -1.0022 -0.9167 -1.4589 7.97 -5.70 -0.07 171 264 262 279 181 
0.6769 -0.3553 -0.6415 0.0625 347.94 54.56 97.19 9.22 -5.06 -1.11 1.1700 0.4800 -0.2900 0.1489 -0.6189 0.5867 7.69 -6.02 -0.78 169 264 263 275 180 
0.6633 -0.3833 -0.6307 0.1236 335.12 44.63 98.25 12.32 -9.34 -1.87 4.3200 -0.9700 -1.5100 0.3400 -0.2733 3.5878 4.99 -8.37 -1.06 169 263 251 259 171 
0.6036 -0.5021 -0.5347 0.3123 297.12 12.75 92.69 -1.67 -3.41 -0.48 -2.8100 7.0000 0.9200 0.9711 0.1456 2.9911 -0.62 -9.77 0.39 159 254 239 247 161 
0.5396 -0.5731 -0.3788 0.4867 274.37 -10.56 86.56 -4.46 -8.45 2.77 -1.7400 0.2500 2.0200 -0.5944 1.4778 0.7611 -2.39 -9.50 0.07 160 254 235 249 161 
0.5176 -0.6379 -0.3226 0.4701 275.87 -16.50 92.37 -5.38 -8.88 -0.35 -1.3800 0.5100 0.4800 0.0422 -0.1411 -0.0811 -2.86 -9.36 -0.52 160 258 238 256 162 
0.5105 -0.6614 -0.3048 0.4572 276.06 -17.00 93.94 -5.80 -8.92 -1.00 -4.0200 0.3600 -0.8700 -0.7333 -2.8144 -0.9689 -2.31 -9.50 -0.73 159 251 235 247 158 
0.3915 -0.4586 -0.5840 0.5435 238.94 5.19 99.44 2.08 -6.99 -7.89 -1.0400 2.2600 -6.2000 0.3556 -7.7700 -4.7022 2.86 -8.92 -2.88 161 252 225 237 157 
0.1140 0.1533 -0.8085 0.5566 201.25 22.44 113.50 7.23 -6.52 -5.65 2.9100 2.0600 -1.8900 0.8156 -1.3511 -0.8567 4.03 -8.16 -3.64 157 250 224 235 157 
0.0689 0.2690 -0.7717 0.5721 193.81 24.62 110.75 5.29 -7.98 -0.65 1.4300 0.4400 3.1900 -0.1544 1.1700 0.0189 4.26 -8.34 -2.87 157 254 229 241 161 
0.1077 0.2291 -0.7646 0.5927 202.69 25.87 106.62 6.69 -6.98 -1.60 2.7900 1.7800 0.9200 -0.0533 3.8211 0.4711 4.46 -8.58 -1.60 166 258 243 253 173 
0.3395 -0.0405 -0.7200 0.6039 256.50 23.56 87.37 6.21 -2.13 -3.29 -2.3000 4.8100 -8.1000 -3.3522 13.1400 -0.6189 2.76 -9.30 1.38 166 255 248 259 173 
;
0.7239 -0.5328 -0.3832 0.2126 332.87 22.25 82.75 8.34 -9.77 0.19 4.4400 -2.5400 -1.2400 -1.6833 0.7878 -1.5022 4.94 -8.46 0.22 167 255 249 263 171 
0.7035 -0.5706 -0.4197 0.0579 351.37 31.81 90.87 6.25 -9.48 -1.40 0.9300 -0.6400 -0.9700 0.1367 -0.2056 0.2678 5.06 -8.39 -0.13 169 258 248 265 172 
0.6935 -0.5718 -0.4306 0.0814 343.75 29.87 92.75 6.74 -11.60 -0.34 2.3600 -3.5600 -0.5100 0.1022 -2.9744 0.5389 4.34 -8.70 -1.24 168 268 250 266 174 
0.5888 -0.5809 -0.5059 0.2448 307.69 13.94 100.69 -0.03 -5.53 -2.29 -1.8900 4.5400 -0.4600 1.4756 -1.4144 3.4100 -0.83 -9.74 -0.68 162 268 249 269 173 
0.5092 -0.5978 -0.3915 0.4796 271.12 -11.94 90.00 -3.47 -6.24 4.04 -1.3900 0.4000 2.9600 -0.4744 -0.6089 0.0978 -2.31 -9.52 -0.21 164 266 250 268 171 
0.4878 -0.6266 -0.3611 0.4890 270.25 -15.69 93.50 -3.34 -9.62 -0.64 -0.3400 0.2400 0.0500 -0.4689 0.2500 0.2956 -2.83 -9.34 -0.94 164 267 250 267 170 
0.4536 -0.6514 -0.3726 0.4808 261.44 -14.81 97.37 -9.55 -7.96 -5.24 -6.6700 3.4600 -5.3700 -2.2811 -13.2889 -6.6511 0.58 -9.59 -1.92 168 236 227 249 165 
0.1699 -0.0793 -0.8052 0.5626 208.37 13.50 112.31 6.07 -5.60 -6.43 1.8700 1.9800 -2.8600 -0.3089 -2.2622 -2.3478 3.13 -8.03 -4.66 164 241 228 247 164 
0.0731 0.2274 -0.8308 0.5027 197.06 21.62 119.75 7.20 -6.18 -4.70 4.4300 1.7200 0.2600 0.9278 0.6733 0.0689 3.79 -8.20 -3.81 166 243 231 250 164 
0.0834 0.2236 -0.7901 0.5646 197.50 22.56 111.06 3.50 -8.44 -1.23 -0.2900 0.1000 1.7200 -0.0433 0.2289 0.1022 3.78 -8.51 -3.05 165 247 233 252 168 
0.1014 0.1957 -0.7858 0.5779 200.44 22.62 109.56 4.59 -8.18 -2.90 1.2300 0.7500 1.1200 -0.0156 1.1422 0.2822 3.81 -8.58 -2.81 168 247 240 253 168 
0.1602 0.1248 -0.7876 0.5818 221.94 24.37 104.12 9.05 -1.01 -0.68 2.6100 7.8100 -2.1700 -1.8744 16.8456 3.7967 2.18 -9.50 1.01 164 237 240 255 170 
;