0.3093 -0.0142 0.2567 0.9156 217.25 -10.63 -27.94 -1.87 4.51 8.39 -0.0500 -0.0100 -0.0800 0.0022 0.0156 -0.0044 -1.82 4.52 8.50 151 317 339 363 201 
0.3090 -0.0148 0.2569 0.9156 217.25 -10.69 -27.94 -1.85 4.48 8.40 -0.0300 -0.0100 -0.0500 0.0056 0.0078 -0.0022 -1.82 4.52 8.50 150 320 341 365 201 
0.3087 -0.0153 0.2570 0.9156 217.19 -10.81 -28.00 -2.03 4.39 8.49 -0.2800 -0.1200 0.0000 0.0144 -0.0367 0.0744 -1.82 4.53 8.50 152 321 341 364 200 
0.3057 -0.0125 0.2576 0.9165 216.94 -10.00 -28.06 -2.67 4.31 9.00 -2.0200 -0.4600 0.9200 0.0389 -1.9144 -0.2267 -0.55 4.44 8.72 154 309 289 293 198 
0.3784 0.1494 0.1744 0.8967 227.81 13.31 -25.37 7.55 4.09 13.60 3.9400 0.4500 5.2500 -1.2367 -5.5422 1.6111 6.39 2.83 6.87 160 281 137 154 130 
0.3183 0.4755 -0.1226 0.8109 218.81 62.81 -0.75 12.65 3.05 4.21 3.1400 4.7500 -1.4700 -0.7722 -2.4011 5.1444 8.47 -3.98 2.89 116 270 152 171 121 
-0.0247 0.4759 -0.3628 0.8008 167.19 41.31 66.19 -0.83 -1.87 -1.50 -6.6100 5.3800 -4.6900 2.9922 -1.3656 3.2267 4.75 -7.59 3.98 118 254 159 175 126 
-0.3118 0.3922 -0.3165 0.8055 134.75 24.31 53.88 2.59 -4.33 6.07 -2.1600 2.1300 0.7400 1.5200 -0.4767 0.3689 3.83 -6.67 6.07 117 258 161 178 127 
-0.3976 0.3638 -0.2311 0.8100 126.56 24.94 46.19 4.80 -5.78 6.29 -0.0200 0.6700 0.1900 0.5933 0.1689 0.0022 4.14 -6.16 6.39 119 267 160 180 129 
-0.4168 0.3541 -0.1956 0.8140 125.94 24.12 41.81 3.16 -4.49 7.92 -1.4000 1.6300 0.9900 0.0400 0.4956 -0.4511 3.96 -5.80 6.83 8 289 164 180 131 
-0.3854 0.3345 -0.1952 0.8376 132.50 23.37 39.06 3.61 -2.80 9.08 0.4700 2.8200 2.0900 -0.8589 0.6356 -0.7811 3.78 -5.78 6.95 122 278 166 182 132 
-0.3047 0.3080 -0.2519 0.8654 142.44 22.81 45.63 5.23 -4.99 4.74 2.7400 0.9800 -1.8000 -2.0344 -4.4067 1.8533 4.28 -7.70 4.29 120 276 167 182 131 
-0.3391 0.4180 -0.3751 0.7547 132.37 20.87 68.19 -0.59 -10.95 1.33 -2.8300 -2.4300 -1.4200 -0.2833 0.3056 -0.5622 3.72 -8.52 3.11 121 278 167 182 132 
-0.2935 0.4175 -0.4073 0.7574 138.25 23.56 69.62 3.90 -7.99 2.91 -0.1000 0.5700 -0.1800 -0.1711 -0.0667 -0.3756 4.17 -8.34 3.00 2 234 166 186 132 
-0.2554 0.4316 -0.4040 0.7650 145.62 28.62 70.25 4.15 -6.33 1.35 -2.1900 0.1600 -3.6600 -0.7411 -0.4222 -0.9511 5.29 -7.83 2.59 142 212 190 224 157 
-0.1493 0.4084 -0.4476 0.7814 156.31 28.44 76.06 7.57 -8.39 1.68 4.2900 0.3300 1.3800 -1.7422 -0.6667 1.6133 3.80 -9.02 0.43 155 206 209 242 161 
-0.2134 0.4355 -0.5794 0.6550 142.62 16.44 96.06 0.52 -10.77 -1.35 -0.9900 0.0400 0.2000 -0.7444 -0.0578 0.6800 2.12 -9.36 -1.97 152 205 205 240 154 
-0.2150 0.4185 -0.6619 0.5836 139.19 11.31 102.62 1.21 -9.17 0.20 -4.0200 -0.1600 0.6900 -0.0056 -0.6889 -0.1544 1.92 -9.38 -2.10 148 212 205 240 156 
-0.2128 0.5641 -0.5868 0.5405 135.31 24.62 115.00 3.15 -3.97 -9.34 -1.1600 3.5200 -4.9100 0.7189 -7.0178 -5.9467 4.66 -5.77 -6.41 150 214 199 238 159 
-0.2530 0.9291 -0.1144 0.2443 185.12 19.94 147.50 5.42 -2.14 -10.29 -0.2900 1.3500 -3.4200 0.5278 0.0878 -1.4956 3.65 -4.67 -7.81 152 216 205 235 158 
-0.2803 0.9393 0.0793 0.1809 168.56 22.87 146.75 8.17 -3.45 -8.22 3.7800 1.0700 -0.4800 1.7089 0.2856 0.1178 3.84 -5.75 -6.94 152 217 204 235 160 
-0.3802 0.8997 0.1318 0.1688 44.25 24.06 132.81 4.79 -5.53 -3.56 0.6200 3.2200 7.8900 -1.7300 1.3733 -0.6867 4.71 -6.46 -5.67 158 220 214 233 165 
-0.4158 0.8729 0.1614 0.1978 56.94 30.19 130.94 6.50 -5.24 -3.68 2.0500 2.2900 3.3300 -1.1933 2.1878 0.2733 5.69 -5.97 -5.28 153 222 215 245 170 
-0.3192 0.8670 0.0324 0.3812 114.12 48.69 133.87 8.36 -1.29 -1.32 1.7400 2.0700 1.9500 -2.6978 6.7822 -1.3311 9.16 -3.23 -1.30 95 257 250 278 187 
-0.0756 0.5718 -0.0840 0.8126 176.56 55.38 13.69 18.04 1.38 2.93 13.1900 1.5300 -1.3800 -0.2278 4.4456 -1.0667 6.14 -0.22 7.64 90 183 175 196 140 
0.0111 0.3129 -0.0178 0.9496 178.37 36.06 3.81 11.77 -0.27 5.06 3.7700 1.3500 -3.3800 0.3978 1.8633 2.7611 4.80 -1.30 8.44 90 180 182 191 129 
-0.1950 0.3000 -0.0180 0.9336 148.19 39.88 10.75 5.03 1.88 2.88 -0.9900 3.6400 -2.0600 6.2111 -9.6056 2.9656 9.43 -1.29 2.34 94 179 178 187 126 
-0.4613 0.6103 0.3572 0.5358 91.50 78.75 98.56 13.56 1.18 -2.93 2.8200 1.3300 -3.2200 2.0667 -1.7189 0.8144 9.40 -2.48 -1.24 93 180 169 179 120 
-0.5291 0.5957 0.4672 0.3834 72.31 69.62 123.75 12.27 -2.18 -3.51 1.5600 0.3900 -0.4200 -0.7956 0.7133 -0.2133 9.20 -2.72 -1.98 89 187 178 192 131 
-0.4890 0.6254 0.4363 0.4236 86.44 73.62 127.00 12.35 3.99 -1.70 2.3800 5.6400 -0.7800 -2.9100 1.5133 -0.9233 9.64 -1.25 -1.28 96 187 181 195 131 
-0.3390 0.6710 0.3343 0.5685 122.37 82.44 156.44 8.43 -1.32 -7.09 -1.2500 -2.1600 -6.1500 -1.1578 -0.6400 -1.0689 9.68 0.44 -1.49 91 185 181 194 131 
-0.2218 0.6984 0.3391 0.5900 137.94 73.87 -157.94 9.62 -3.81 -6.08 0.0000 -3.2900 -1.5000 2.8689 -1.1389 -1.0056 9.00 1.01 -3.74 99 189 182 196 133 
-0.2820 0.6778 0.5012 0.4582 109.56 63.00 -174.25 10.47 10.99 8.07 2.8600 11.5900 9.3600 -0.8456 -0.0333 0.4611 8.72 0.26 -4.47 97 186 183 194 134 
-0.3067 0.6732 0.5032 0.4468 111.62 66.25 -175.81 7.90 3.96 1.12 -0.6000 3.9100 5.0300 -2.6944 2.4322 -0.3289 9.38 0.80 -2.73 100 191 187 200 139 
-0.2399 0.6628 0.3649 0.6083 144.37 80.94 -115.50 9.97 1.01 -0.86 -1.0700 -0.9700 -1.7500 -5.3089 5.3722 -1.8911 9.01 1.94 3.32 105 192 198 218 155 
0.0043 0.5004 0.0939 0.8607 186.56 54.81 -13.56 7.63 4.48 4.20 0.9500 3.1900 -2.2500 -2.1167 4.9244 -3.0211 5.48 1.60 7.96 124 257 240 256 179 
;
