0.4467 0.0765 0.1169 0.8837 233.62 1.75 -15.94 0.32 2.71 9.42 0.0000 -0.0100 0.0500 0.0033 -0.0233 0.0178 0.31 2.69 9.42 159 299 280 307 202 
0.4463 0.0789 0.1172 0.8837 233.56 2.19 -16.19 0.32 2.59 9.47 -0.0800 -0.0900 0.0200 0.1767 -0.2711 0.0689 0.57 2.83 9.36 161 307 284 307 202 
0.4557 0.1240 0.1087 0.8747 236.56 8.94 -18.25 1.02 0.37 14.23 1.6700 -1.1000 8.3600 -0.2256 -4.2300 -0.9111 4.09 2.96 8.40 162 290 212 239 190 
0.5078 0.2631 -0.0759 0.8168 242.62 33.63 -5.06 15.53 5.21 12.35 10.5800 7.5800 2.3600 -3.2278 -2.1211 4.8889 6.28 -3.60 6.60 134 254 168 184 142 
0.2465 0.1785 -0.4405 0.8446 202.94 24.62 57.13 0.91 -0.34 -3.16 -1.6200 8.6700 -7.3900 0.9344 -0.3400 4.5678 1.32 -8.32 5.01 109 254 169 191 136 
-0.0896 0.0715 -0.4498 0.8857 162.44 0.50 50.19 -1.40 -1.83 6.21 -1.7300 4.7200 0.3300 2.3289 -1.8133 1.5244 0.00 -6.32 7.49 114 260 174 191 138 
-0.2619 0.1058 -0.2912 0.9140 145.56 4.69 34.81 1.83 -4.43 8.99 0.1400 0.7400 0.3900 0.7333 -0.3611 0.3444 1.11 -5.26 8.20 116 276 175 192 141 
-0.3109 0.1471 -0.2381 0.9083 142.44 7.00 31.31 1.36 -3.33 8.99 0.7600 1.4100 0.7300 0.0200 -0.0100 -0.1011 1.29 -4.98 8.34 117 282 176 195 143 
-0.3019 0.1519 -0.2249 0.9139 144.19 8.00 30.19 -0.20 -2.15 9.97 -1.2200 3.1600 1.6000 -0.1022 0.4733 -0.9433 1.32 -4.83 8.42 118 283 177 195 144 
-0.2201 0.1290 -0.2341 0.9382 157.44 8.88 30.69 6.07 -2.68 10.08 3.0700 0.9400 0.6200 -1.5711 1.1156 -2.3667 1.87 -5.47 7.91 119 285 178 196 145 
-0.0414 0.1273 -0.3136 0.9401 178.37 12.00 39.31 2.50 -9.70 3.25 1.1900 -3.1700 -3.3500 -0.5667 0.7233 -0.8300 2.00 -6.35 7.19 119 286 180 198 145 
0.0450 0.0948 -0.3622 0.9261 185.19 12.50 43.31 2.01 -7.71 5.80 -0.8000 -0.9300 -1.1700 -0.2411 0.1456 0.1367 2.11 -6.74 6.79 123 257 176 198 145 
0.0282 0.1191 -0.3876 0.9137 182.94 14.69 46.56 -1.45 -5.67 2.64 -5.2100 2.1700 -5.4200 0.0078 -3.5022 -0.7211 4.42 -6.67 5.66 173 296 212 237 178 
-0.0105 0.3663 -0.3721 0.8528 178.19 46.94 60.31 -1.16 -0.18 -6.68 -7.7900 6.8600 -11.2500 -0.2489 -9.9811 -4.3033 8.67 -2.95 -3.47 187 299 298 322 200 
0.0149 0.9009 -0.1823 0.3936 201.00 40.44 176.44 13.11 7.81 -16.82 8.9000 6.0000 -11.0400 -2.2100 -5.1789 0.0733 2.63 1.67 -9.29 192 300 296 340 201 
0.1187 0.9715 -0.1912 0.0748 201.94 10.13 -167.31 4.59 1.95 -11.22 1.7400 -0.7500 -1.8100 -0.2167 0.1800 -0.2467 1.80 2.35 -9.34 191 302 301 342 200 
0.1324 0.9711 -0.1866 0.0682 202.19 10.31 -166.69 4.18 0.37 -12.99 3.3900 -2.0300 -4.7400 0.9378 0.4056 0.2989 1.88 1.61 -9.48 190 304 303 338 199 
0.0679 0.9684 -0.2112 0.1143 205.87 17.19 -178.62 6.23 1.26 -20.93 1.4700 3.1300 -11.5100 3.6200 3.2656 2.5289 4.88 -2.38 -8.15 203 397 349 413 208 
-0.2101 0.8372 -0.2787 0.4211 115.00 34.69 116.00 -1.89 4.83 -2.85 -6.8800 12.5400 0.2200 4.4178 1.8700 2.1289 4.22 -8.82 0.64 210 408 369 437 207 
-0.4899 0.5987 -0.2781 0.5694 99.19 23.94 80.56 2.21 -3.94 2.66 -1.4600 4.3800 0.6100 -0.3444 0.1856 -0.4578 4.23 -8.73 1.39 210 410 381 440 208 
-0.4691 0.6005 -0.2711 0.5881 105.12 28.12 82.25 1.38 -4.48 0.58 -3.6600 4.8400 -0.6600 -0.9256 0.4611 -1.9933 5.66 -7.97 0.75 209 405 380 418 211 
;
