0.4553 -0.0762 -0.3932 -0.7952 119.94 28.62 -39.25 4.85 5.18 6.28 -0.2400 -0.2600 -0.4100 0.1644 0.2122 0.0800 4.65 5.51 6.64 161 357 353 382 205 
0.4632 -0.0731 -0.4062 -0.7842 118.62 29.44 -40.81 4.24 4.53 5.66 -0.6100 -1.3300 -0.4700 0.4344 0.1344 -0.0856 4.69 5.70 6.45 166 359 354 387 205 
0.4696 -0.0482 -0.4066 -0.7822 117.37 26.75 -41.50 5.84 11.79 17.54 9.4300 13.0500 11.8200 -4.0111 -4.5811 1.8256 6.40 3.85 6.34 168 302 235 259 197 
0.5214 -0.3340 -0.2898 -0.7298 97.19 56.63 16.62 10.97 2.19 0.52 1.5900 5.6500 -4.2200 0.3833 -3.1778 9.3122 5.87 -6.73 4.03 174 220 159 163 142 
0.8080 -0.5386 -0.1923 -0.1413 7.19 21.06 63.69 -3.25 2.13 0.10 -5.0100 10.2800 -3.4600 4.5989 0.7011 1.5811 2.21 -6.62 6.88 118 235 164 172 140 
0.9413 -0.3072 -0.1215 0.0701 350.25 10.81 35.63 1.92 -2.07 9.49 -1.0000 2.9200 1.4300 -0.0200 -0.9200 0.4933 1.97 -5.68 7.74 122 244 168 174 144 
0.9360 -0.3007 -0.1392 0.1190 344.94 10.38 37.56 -0.19 -5.64 7.84 -0.5100 0.8300 0.4500 0.1844 0.3122 0.0778 1.62 -5.79 7.74 122 252 169 175 144 
0.9407 -0.2997 -0.1144 0.1099 347.37 9.31 36.75 3.51 -3.83 9.01 1.7000 2.2400 1.2100 -0.3489 0.8578 -0.8378 1.51 -5.91 7.67 121 251 172 179 147 
0.9396 -0.3279 -0.0867 0.0455 355.87 7.31 39.75 2.72 -4.09 7.27 2.0700 1.7700 0.0600 -1.2256 1.4522 -0.6322 0.81 -6.89 6.92 121 253 171 179 149 
0.9122 -0.4075 -0.0394 0.0131 357.31 2.44 49.63 -1.72 -6.92 4.77 -3.8900 -0.5600 -2.0900 -1.6311 0.4678 0.6756 -0.42 -8.30 5.19 124 254 172 180 150 
0.8571 -0.5138 0.0201 0.0327 356.12 -3.56 63.06 -5.29 -9.50 1.95 -4.7600 0.1600 -2.2600 -0.4089 0.1867 -1.3911 0.11 -8.90 4.11 146 259 187 196 167 
0.8274 -0.5566 -0.0535 -0.0533 12.69 15.31 69.06 2.09 -1.47 1.79 -1.8500 6.4800 -1.1400 -1.0200 0.5278 -4.0489 5.51 -7.59 2.83 148 272 198 212 177 
;
0.7170 -0.5786 -0.2589 -0.2899 48.50 49.88 75.25 14.84 -7.40 2.61 4.9100 -1.2200 0.6000 -0.6478 -0.9867 -1.6489 8.32 -5.07 1.05 150 281 199 214 177 
0.6473 -0.5740 -0.3439 -0.3649 59.13 59.69 78.25 11.20 -7.38 0.79 2.3800 -3.5200 -0.5600 0.3322 -0.8511 0.7656 8.26 -5.25 0.60 132 261 193 200 170 
0.6632 -0.5974 -0.3538 -0.2794 39.00 49.88 85.44 12.23 -9.52 -5.81 3.9700 -1.6600 -6.7000 3.7256 -0.6456 3.2844 5.66 -7.67 2.27 119 251 177 190 163 
0.8437 -0.4604 -0.2761 0.0001 354.12 24.19 53.88 -0.06 2.05 5.66 -3.6000 8.9100 -0.6800 2.9011 0.3344 1.4289 3.03 -6.04 7.09 112 262 182 191 163 
0.9323 -0.2680 -0.1918 0.1494 339.94 16.00 34.06 1.97 -3.35 9.01 -0.7700 1.6300 0.8100 -0.1289 -0.3567 0.3733 2.71 -5.29 7.79 114 265 184 189 163 
0.9254 -0.2499 -0.2047 0.1982 336.00 15.56 34.25 0.79 -4.64 8.93 -1.0900 0.6100 1.1400 -0.0467 0.0622 -0.0167 2.50 -5.30 7.85 114 266 184 192 164 
0.9323 -0.2587 -0.1768 0.1808 339.44 12.94 34.25 0.61 -2.23 8.97 -0.7400 3.7800 1.4700 -0.5900 0.4844 -1.0033 2.27 -5.51 7.78 117 261 184 191 163 
0.9369 -0.2974 -0.1562 0.0967 349.75 13.69 39.25 5.61 -4.22 6.73 2.5200 2.4100 -0.9200 -1.9389 0.5422 0.0322 2.04 -6.95 6.59 116 247 186 191 163 
0.8974 -0.4263 -0.1051 0.0441 355.00 7.12 55.06 -2.05 -10.65 1.34 -3.9000 -2.8100 -3.6900 -1.6867 1.8422 -0.1567 0.70 -8.73 4.40 114 246 184 192 164 
0.8399 -0.5408 -0.0458 0.0042 0.25 4.06 66.37 -3.42 -11.06 1.95 -1.9900 -1.1800 -1.5000 0.2889 -0.2311 -0.3656 0.97 -8.90 3.98 123 249 185 193 164 
0.8394 -0.5391 -0.0677 -0.0150 2.00 10.19 65.75 -1.10 -4.13 1.54 -3.8000 5.2100 -2.4800 -0.2078 -0.0567 -2.3867 3.29 -8.41 3.81 156 264 199 209 171 
;
0.8137 -0.5337 -0.2020 -0.1111 19.19 29.37 65.69 1.95 -7.66 6.25 -2.8600 2.3700 2.1800 0.1589 -5.3578 0.0267 5.45 -7.67 2.73 148 261 200 210 173 
0.7737 -0.5486 -0.2986 -0.1054 15.31 36.25 75.94 7.19 -10.06 4.39 1.4600 -3.7900 2.8200 0.2389 -0.0089 -1.2567 6.44 -7.20 1.64 145 266 199 210 173 
0.7503 -0.5480 -0.3448 -0.1333 19.81 40.94 77.94 6.77 -12.35 1.93 0.4600 -5.3200 0.0000 -0.0311 -0.3156 1.1533 5.88 -7.70 1.46 129 258 196 206 171 
0.7759 -0.5427 -0.3160 -0.0596 3.69 31.31 72.69 5.67 -7.97 -1.66 1.1900 1.3700 -4.9000 3.1778 1.1011 1.1867 4.20 -7.63 4.49 118 252 194 198 167 
0.8900 -0.3771 -0.2433 0.0811 347.00 19.50 45.50 1.48 -0.84 6.65 0.0900 5.1800 0.8600 2.0689 0.0011 0.8544 2.97 -5.60 7.47 121 265 193 199 167 
0.9318 -0.2498 -0.1964 0.1758 337.81 15.38 32.56 0.53 -2.96 7.79 -1.1000 2.2200 -0.2800 0.5167 0.0544 0.1300 2.49 -4.83 8.15 119 265 194 199 168 
0.9358 -0.2247 -0.1851 0.1988 336.00 14.50 31.06 1.42 -3.63 9.66 -0.0400 1.4800 1.4500 -0.4033 0.2100 -0.2322 2.39 -5.06 8.04 119 265 195 199 169 
0.9412 -0.2475 -0.1639 0.1613 342.50 13.44 32.63 4.30 -2.19 8.82 2.4700 2.0400 0.8800 -0.9400 1.2956 -1.0778 2.00 -5.48 7.87 123 269 196 200 169 
0.9384 -0.3099 -0.1363 0.0690 352.19 12.44 41.06 6.27 -4.26 3.70 3.0700 1.4900 -3.6300 -1.7444 1.1622 0.4133 1.51 -7.28 6.38 123 268 196 199 169 
0.8931 -0.4409 -0.0787 0.0424 354.87 4.75 55.56 -3.76 -11.75 2.64 -4.3400 -3.6800 -2.3800 -0.9456 0.8022 -0.1133 0.51 -8.51 4.84 120 267 196 199 169 
0.8593 -0.5089 -0.0473 0.0192 357.44 3.94 61.63 -2.08 -9.58 4.09 -3.0500 -0.8400 -0.4900 0.1722 -0.8022 -0.1511 0.91 -8.55 4.70 124 267 197 199 171 
0.8606 -0.5042 -0.0715 0.0089 359.12 8.25 61.25 -0.16 -6.10 2.40 -2.8400 2.7400 -2.5800 -0.5211 -0.1344 -1.7811 2.78 -8.38 4.26 154 282 201 210 175 
;
0.8337 -0.5112 -0.1957 -0.0730 13.31 27.81 64.12 5.14 -4.45 3.11 2.8400 1.9200 1.3700 -0.0356 -0.2722 -2.4167 6.02 -6.92 3.44 151 270 204 212 177 
0.7877 -0.4990 -0.3045 -0.1943 29.87 44.75 65.62 13.32 -9.73 5.64 5.8500 -3.6500 2.8300 -0.2356 -0.1189 -0.1878 7.18 -6.18 2.52 137 268 203 212 175 
0.7619 -0.5211 -0.3323 -0.1935 24.06 43.19 72.31 8.29 -12.46 -1.84 1.7300 -4.9200 -4.1100 2.0333 -0.4311 2.1833 5.52 -7.53 2.97 126 271 199 206 173 
0.8277 -0.4710 -0.3050 0.0063 353.62 27.56 60.19 2.54 -0.92 2.47 -2.4400 6.2900 -2.1600 3.3111 0.2511 1.1289 3.58 -6.44 6.46 124 270 199 202 172 
0.9158 -0.2868 -0.2312 0.1602 339.31 18.31 37.63 2.22 -2.20 8.87 -1.4300 2.7300 1.0600 0.5633 -0.3956 0.7356 2.80 -5.36 7.71 121 267 196 202 173 
0.9260 -0.2468 -0.1979 0.2058 335.31 14.88 33.44 1.50 -4.49 8.55 -0.8800 0.5200 -0.5600 -0.0778 -0.3344 0.0900 2.59 -5.29 7.83 122 268 197 201 174 
0.9250 -0.2458 -0.2013 0.2083 335.00 15.50 33.81 1.52 -2.69 9.14 -1.3000 2.8400 1.3300 -0.2611 0.1078 -0.4667 2.60 -5.28 7.83 124 268 197 200 173 
0.9331 -0.2679 -0.1827 0.1554 343.37 14.88 36.56 5.07 -4.33 7.48 3.3800 1.4400 0.3400 -1.2400 0.4156 -0.5678 2.60 -6.17 7.15 125 272 199 201 174 
0.9195 -0.3533 -0.1547 0.0760 350.87 11.69 46.31 2.19 -7.69 2.94 -0.6500 -0.8100 -3.4400 -0.9733 1.5989 0.6944 1.02 -7.54 6.18 125 273 199 202 173 
0.8951 -0.4327 -0.0729 0.0790 350.44 2.25 52.69 -5.12 -9.64 4.93 -4.3600 -1.5000 -0.6600 -0.1289 -0.0878 -0.0267 0.29 -7.91 5.78 124 273 201 201 174 
0.8875 -0.4531 -0.0544 0.0634 351.87 3.00 54.63 -0.47 -7.06 4.93 -1.1100 1.0300 -0.8000 -0.2767 -0.0156 -0.7556 0.99 -8.06 5.49 138 273 201 208 175 
0.8760 -0.4657 -0.1208 0.0333 357.44 13.69 58.19 0.15 -3.48 2.52 -2.9800 4.7100 -2.5900 -1.5000 -1.7467 -1.9244 4.20 -8.07 3.64 150 279 206 214 177 
;
0.7947 -0.5292 -0.2880 -0.0742 15.19 36.06 73.69 8.78 -9.47 1.83 3.9600 -2.2600 0.0700 -1.0667 -0.6067 -1.7422 6.93 -6.83 1.17 157 285 212 216 177 
0.7208 -0.5510 -0.3789 -0.1827 29.50 49.19 79.81 9.34 -9.48 1.59 0.6100 -1.2700 -0.5700 -0.1344 -0.4200 0.5178 7.29 -6.46 1.10 144 286 208 215 178 
0.7300 -0.5457 -0.3765 -0.1661 23.50 45.50 77.44 7.43 -12.88 -0.07 0.9100 -5.5200 -2.0200 1.7844 -0.4378 1.7033 6.08 -7.29 2.44 127 288 194 197 178 
0.8124 -0.4758 -0.3370 -0.0091 356.06 31.19 63.88 5.23 -4.22 0.60 0.4800 3.5800 -3.3700 3.1689 0.2600 1.5500 4.18 -6.99 5.45 129 298 199 200 179 
0.8902 -0.3216 -0.2764 0.1664 336.19 21.31 43.25 2.45 -1.12 6.96 -0.7900 5.1400 0.0700 1.2967 -0.3622 0.8933 3.24 -5.76 7.24 132 294 198 200 179 
0.9082 -0.2538 -0.2357 0.2349 330.87 18.37 36.88 3.45 -5.28 7.34 -0.0300 0.3400 -0.1800 -0.0989 -0.0056 0.0067 3.10 -5.66 7.37 130 295 199 201 179 
0.9086 -0.2549 -0.2386 0.2291 332.31 18.62 37.13 2.60 -2.82 8.54 -0.1500 3.0900 1.0700 -0.5211 0.3989 -0.8189 3.23 -5.72 7.27 131 293 198 201 180 
0.9163 -0.2827 -0.2350 0.1586 342.94 20.12 39.81 6.96 -3.60 7.44 3.0500 2.1700 -0.0900 -1.2367 1.0922 -0.4578 3.22 -6.36 6.72 129 292 197 201 179 
0.9086 -0.3645 -0.1904 0.0734 352.44 15.63 48.13 0.50 -9.70 3.70 -2.9800 -2.8800 -3.0200 -1.4178 0.8956 -0.0811 2.19 -7.70 5.66 130 290 197 201 179 
0.8840 -0.4505 -0.1244 0.0126 359.31 11.75 54.94 -1.43 -9.56 4.42 -2.9300 -1.4000 -1.1400 -0.2900 0.1378 -0.0567 2.01 -7.93 5.40 129 290 195 202 179 
0.8791 -0.4611 -0.1208 -0.0026 0.25 13.13 56.19 -0.67 -6.02 3.94 -3.8900 2.2700 -1.6400 -0.6022 0.0711 -1.1156 2.97 -7.94 4.92 147 301 207 208 180 
;
