0.5084 -0.2785 -0.4417 -0.6848 106.94 56.25 -35.44 8.09 3.11 4.82 0.0500 -0.0200 0.5500 0.1289 0.0222 -0.0344 8.14 3.22 4.40 156 303 282 310 197 
0.5071 -0.2753 -0.4465 -0.6838 106.94 55.94 -36.50 8.01 3.10 4.53 -0.1400 -0.1200 0.2100 0.0622 -0.0411 -0.0289 8.13 3.30 4.36 156 304 279 308 196 
0.5015 -0.2778 -0.4577 -0.6796 107.19 58.63 -39.75 15.60 4.35 11.16 8.5000 1.3000 8.3500 -3.8022 -0.1678 0.8378 8.82 1.88 3.83 160 226 158 183 136 
0.4634 -0.4966 -0.3132 -0.6637 101.44 71.37 43.44 16.52 -0.48 0.33 5.5800 4.6100 -3.4500 -1.1289 -1.0456 7.7756 6.81 -6.98 0.95 143 212 150 169 126 
0.6948 -0.6541 -0.0587 -0.2932 32.88 19.56 75.94 1.02 0.93 -2.18 -0.9100 9.1700 -2.9400 5.1211 -0.0111 2.8300 1.29 -8.09 5.38 114 225 158 177 127 
0.9220 -0.3834 -0.0425 -0.0343 1.31 4.81 39.69 -1.01 -0.34 9.38 -0.4500 5.3600 1.3400 1.8933 -0.3333 1.1678 0.45 -5.01 8.41 116 244 160 180 131 
0.9670 -0.2456 -0.0256 0.0625 351.37 0.56 27.56 -1.46 -2.65 10.61 -0.6400 1.7300 1.6800 0.2233 0.2444 0.1078 0.00 -4.32 8.80 118 242 163 180 130 
0.9713 -0.2218 -0.0237 0.0827 350.56 0.31 25.75 -0.17 -2.93 9.59 0.3200 1.2400 0.1000 -0.1178 0.3011 -0.5056 -0.12 -4.36 8.78 120 240 162 181 132 
0.9712 -0.2350 0.0032 0.0399 356.12 -1.56 27.81 1.14 -2.61 10.07 1.1600 1.6700 0.5600 -1.0778 1.3378 -0.6589 -0.85 -5.41 8.13 118 240 164 181 133 
0.9450 -0.3248 0.0375 -0.0012 358.31 -4.06 41.50 0.05 -5.71 6.00 -0.2700 0.8300 -1.3800 -2.5144 -0.2678 1.1344 -1.22 -7.66 5.98 121 240 164 183 134 
0.8744 -0.4772 0.0587 0.0649 351.87 -10.19 59.25 -5.16 -10.17 3.06 -3.0700 -1.1500 -1.7700 -0.7811 0.1833 -0.6511 -1.42 -8.69 4.30 150 292 171 193 156 
0.8459 -0.5292 0.0645 -0.0107 5.12 -1.50 63.81 -2.13 -6.14 0.12 -2.5000 2.9000 -4.1700 2.9556 0.9122 -4.3878 2.19 -7.58 5.82 159 334 205 213 173 
0.9014 -0.3353 -0.1077 -0.2518 34.31 26.81 25.69 10.86 5.43 6.40 6.6900 7.9700 -1.4000 5.3500 -0.0211 -1.8800 5.37 0.44 8.18 129 369 194 195 152 
0.8860 0.0025 -0.3584 -0.2942 35.13 39.13 -23.19 9.87 4.26 8.74 5.0500 1.8200 2.2600 3.0778 -0.8989 0.4522 6.90 4.29 5.48 131 376 195 195 151 
0.8480 0.1819 -0.4680 -0.1697 18.31 49.00 -44.94 11.16 7.86 9.34 2.4200 3.4700 4.8300 0.8022 0.2433 2.2767 8.00 3.56 4.40 132 388 195 196 147 
0.8666 0.1413 -0.4785 -0.0023 358.69 56.56 -19.69 5.65 4.88 6.43 -2.9300 4.3500 0.6400 -3.8822 1.0067 2.1944 7.93 -1.47 5.57 132 388 191 196 149 
0.8745 -0.1813 -0.4499 -0.0040 3.62 51.81 37.00 2.89 -0.11 2.21 -7.0800 3.0100 -3.4200 -3.1111 0.3500 -1.9056 8.02 -3.75 4.20 130 390 189 197 153 
0.8130 -0.2958 -0.4482 -0.2249 38.19 60.31 23.87 12.99 2.62 0.33 2.7100 2.6500 -4.8600 -0.2189 0.1833 -3.3467 8.53 0.16 4.82 124 384 194 196 151 
0.7707 -0.1384 -0.4701 -0.4072 55.88 55.50 -25.75 11.76 3.69 5.01 3.4600 0.7100 0.0800 3.3322 -0.6100 0.3378 8.06 3.71 4.15 128 386 196 199 151 
;
0.7621 0.0436 -0.5723 -0.2996 38.56 59.13 -52.56 8.65 5.50 7.55 -0.0100 1.5200 4.8400 0.6222 0.2944 0.9844 8.65 3.54 2.96 130 382 197 197 154 
0.7814 0.0494 -0.5835 -0.2159 31.19 62.69 -44.00 6.01 3.56 5.59 -3.0000 -0.0200 1.9500 -1.7600 0.8844 -0.2411 8.29 2.64 4.51 152 346 217 227 177 
0.8472 -0.0421 -0.4279 -0.3119 42.13 44.50 -9.94 1.92 2.01 5.67 -4.5400 0.5100 -0.6700 -4.3422 2.4011 -2.1000 5.03 -0.46 8.40 155 315 245 278 184 
0.8331 -0.1058 -0.1586 -0.5191 68.12 19.06 -0.44 2.50 1.06 7.10 0.5700 1.2600 -1.8500 1.1300 -3.4067 -2.4678 4.65 1.13 8.55 158 319 249 262 183 
0.7313 -0.0789 -0.2502 -0.6297 82.37 26.00 -14.63 7.12 3.12 8.85 2.2900 0.9900 0.9700 0.1778 -0.7511 0.3589 4.72 2.32 8.27 161 323 248 264 183 
0.7363 -0.0589 -0.2766 -0.6147 78.87 30.00 -17.31 6.87 3.23 8.71 1.4100 0.4800 0.8100 0.4567 -0.6678 0.9822 5.55 2.44 7.70 161 326 251 264 181 
0.7596 -0.0892 -0.3283 -0.5542 71.75 37.31 -15.69 7.46 3.53 9.92 6.9400 4.7000 6.7600 -2.2044 -1.1022 2.0011 6.69 0.07 7.16 167 345 162 171 155 
0.7982 -0.2977 -0.2650 -0.4517 49.75 38.25 32.94 0.53 0.69 -8.63 -5.2900 3.5900 -11.7300 1.1322 -0.5233 6.4444 2.49 -6.42 6.97 120 253 165 171 136 
0.9456 -0.3160 -0.0639 -0.0424 1.00 4.56 34.00 -4.48 2.25 7.20 -2.3700 6.7500 -0.6400 0.9400 -0.6811 1.3233 0.34 -4.78 8.55 120 264 170 171 142 
0.9673 -0.2434 -0.0311 0.0641 351.62 1.37 28.37 -1.07 -3.22 9.30 -2.1000 0.8100 0.5400 -0.1078 -0.7322 -0.1433 0.44 -4.70 8.59 119 269 169 173 145 
0.9651 -0.2499 -0.0392 0.0679 352.50 1.62 29.50 -0.86 -3.62 9.10 -1.9500 2.0100 0.4000 -0.3367 0.1900 -0.7400 0.38 -5.03 8.40 119 261 169 174 146 
0.9587 -0.2821 -0.0336 0.0152 359.50 2.25 34.50 0.32 -4.66 7.92 -3.0200 1.3400 -0.3000 -1.1611 -0.3656 -0.5900 0.28 -6.29 7.51 122 256 173 175 146 
0.9240 -0.3801 -0.0424 -0.0044 0.62 2.56 47.69 -1.63 -6.70 5.11 -1.3900 0.5100 -1.2000 -1.7989 0.8144 0.3544 -0.42 -8.17 5.40 122 261 174 176 146 
0.8629 -0.5037 0.0392 -0.0139 3.00 -2.56 62.06 -4.01 -10.96 1.74 -3.4700 -2.0700 -2.6300 -0.0856 -0.1556 -0.7678 0.02 -8.76 4.40 124 266 172 177 148 
0.8497 -0.5243 0.0151 -0.0545 7.56 2.81 62.88 0.96 -8.42 5.12 0.1500 0.1900 0.6800 0.0578 0.3978 -0.5200 0.79 -8.65 4.53 138 298 173 179 154 
0.8564 -0.5060 -0.0324 -0.0972 15.00 13.13 58.06 -1.38 -6.13 1.63 -3.7000 1.7200 -3.2800 2.3511 -1.3067 -3.8789 4.75 -6.25 5.87 142 368 197 195 166 
0.8713 -0.3204 -0.2542 -0.2713 38.69 42.06 21.81 8.23 3.77 5.89 0.9100 5.0400 -1.6500 3.0756 -0.8156 -3.1722 6.98 0.87 6.82 141 378 197 198 168 
0.8320 -0.0261 -0.3972 -0.3865 50.19 42.13 -26.87 11.11 7.53 6.32 4.8800 3.5700 -0.2000 2.9556 0.6700 -0.2256 6.28 4.83 5.77 132 377 194 195 167 
0.8158 0.1562 -0.4639 -0.3079 36.75 43.06 -48.63 9.16 7.06 7.48 1.6400 1.6300 3.0400 2.0300 -0.3189 2.7300 7.69 4.71 3.84 135 383 195 196 167 
0.8253 0.1874 -0.5272 -0.0767 5.06 60.13 -39.38 5.28 6.40 8.33 -3.5200 3.7800 4.2200 -2.1900 -0.0522 3.4344 8.94 0.35 3.99 138 385 190 195 165 
0.8237 -0.0633 -0.5601 0.0617 350.87 65.00 40.94 2.58 0.43 2.99 -7.0400 2.9700 -0.7100 -4.7189 0.5589 -0.2344 8.74 -3.89 2.14 139 393 194 197 167 
0.7670 -0.2901 -0.5601 -0.1180 28.37 70.87 43.38 8.38 1.49 -2.00 0.3600 2.7900 -4.7700 -0.0567 0.9700 -3.5133 9.28 0.34 3.15 135 400 196 199 170 
0.7376 -0.1396 -0.5278 -0.3973 57.50 59.88 -34.31 12.32 5.34 1.37 4.1900 1.8900 -1.6700 3.0344 1.1133 -1.4900 7.78 4.61 3.76 132 395 198 199 170 
;
