-0.6234 -0.2762 0.1797 0.7091 97.31 -9.63 -37.44 -1.68 5.85 7.60 -0.0600 0.0000 -0.0700 -0.0044 -0.0100 -0.0011 -1.63 5.87 7.67 174 390 373 412 219 
-0.6233 -0.2750 0.1801 0.7095 97.37 -9.50 -37.31 -1.78 5.82 7.61 -0.2100 -0.0200 -0.0100 -0.0322 -0.1878 0.0500 -1.52 5.84 7.72 174 380 361 408 218 
-0.6227 -0.2451 0.1926 0.7177 99.50 -4.12 -33.88 -3.68 4.55 11.46 -1.9000 0.3000 4.2400 -0.3533 -5.4844 -0.3089 2.02 5.10 8.12 170 298 220 257 200 
-0.5327 0.0347 0.3215 0.7821 112.81 30.06 -28.25 12.81 7.03 12.88 7.4800 3.9200 4.1600 -2.8967 -3.1889 3.1389 7.31 1.26 6.40 163 276 147 174 149 
-0.5703 0.3927 0.2377 0.6812 94.19 52.88 27.94 7.67 2.69 0.06 -0.7300 5.0500 -4.8700 -0.8111 -0.5278 4.5778 6.51 -5.86 4.39 120 280 153 176 133 
-0.7399 0.5086 0.0464 0.4379 53.56 24.81 56.19 0.72 -2.77 -0.13 -2.9400 5.2400 -4.1500 2.3022 0.1367 3.2033 2.09 -7.33 6.16 115 267 162 178 135 
-0.8932 0.3839 -0.0113 0.2338 25.56 8.44 40.94 -1.30 -3.47 7.49 -0.7800 2.9800 0.8600 1.5233 -0.1533 0.9389 1.23 -5.48 8.03 120 269 163 181 137 
-0.9414 0.2943 0.0149 0.1641 17.87 8.25 33.00 0.85 -4.43 9.14 -1.2600 0.9400 0.7500 0.0778 -0.9333 0.2789 1.78 -5.19 8.12 123 272 167 183 139 
-0.9487 0.2803 0.0668 0.1297 16.19 11.63 31.44 2.56 -2.77 9.53 0.6600 2.1100 1.4000 -0.0611 0.0900 -0.6056 2.11 -4.95 8.19 122 272 167 184 141 
-0.9423 0.2728 0.0571 0.1858 24.87 12.25 30.25 3.33 -2.97 9.55 1.0000 1.7000 1.4900 -0.6667 0.5967 -1.4500 2.26 -5.05 8.09 125 277 168 185 141 
-0.9022 0.3193 0.0318 0.2883 37.81 14.19 37.38 3.64 -5.12 5.79 1.2300 0.1600 -2.0500 -1.9489 0.3989 -0.7556 2.55 -6.65 6.73 125 275 168 186 144 
-0.8354 0.4311 -0.0134 0.3407 45.31 15.81 51.69 0.49 -10.56 1.66 -2.1200 -2.9200 -4.1600 -0.5722 -0.6133 -0.0989 2.85 -7.72 5.32 127 277 172 189 145 
-0.8085 0.4767 -0.0213 0.3444 46.13 17.25 54.94 2.67 -7.39 5.13 -0.8000 0.2600 0.2700 0.5367 -0.1033 -0.5589 3.16 -7.39 5.60 159 289 185 201 160 
-0.8082 0.4620 0.0013 0.3652 48.38 21.00 52.75 4.63 -6.69 1.39 2.1000 1.2400 -2.9300 -1.7967 -0.3311 0.2644 3.62 -7.85 4.61 163 198 192 203 136 
-0.7858 0.5423 -0.0197 0.2968 37.19 14.56 68.25 5.48 -8.38 4.27 3.3100 0.8300 0.5300 -1.7000 -1.2100 2.6489 1.16 -9.45 2.31 155 202 192 204 138 
-0.7537 0.6393 -0.0892 0.1238 15.31 -0.62 82.56 0.00 -9.20 3.33 0.6500 0.5300 2.0600 -1.3311 0.0478 0.3889 -0.49 -9.78 0.42 150 208 195 207 142 
-0.7058 0.6986 -0.1000 0.0615 9.44 -3.37 90.56 0.06 -10.16 1.59 -0.5200 1.6400 3.5400 -0.7944 0.5289 0.1844 -0.69 -9.77 -0.32 152 212 199 208 143 
-0.6910 0.7093 -0.1223 0.0675 11.81 -4.56 92.00 -1.93 -9.57 -0.53 -0.5200 0.2900 1.0800 0.0589 0.0622 -0.0867 -0.70 -9.77 -0.28 153 212 201 210 145 
-0.6873 0.7128 -0.1185 0.0740 10.94 -1.19 93.19 -4.27 -8.78 -2.11 -4.0800 1.2200 -1.7500 -0.6067 -5.1822 -3.8556 1.86 -9.53 -1.33 152 216 198 212 146 
-0.6219 0.7296 0.2839 -0.0156 351.56 23.25 108.25 2.75 -5.11 -8.22 -1.2400 2.6200 -4.9300 0.8489 -7.8078 -4.3267 4.24 -7.24 -5.05 158 222 201 211 149 
-0.3711 0.4700 0.7711 -0.2164 289.25 19.56 134.87 5.71 -4.47 -8.67 3.2000 1.5200 -2.2900 0.5856 -1.4456 -1.1567 2.84 -6.56 -6.70 156 223 204 212 152 
-0.2832 0.3265 0.8513 -0.2974 264.75 16.62 132.31 4.06 -6.08 -6.27 0.3900 1.1600 -0.2300 0.8411 -0.0722 -0.5044 3.12 -7.20 -5.86 156 223 205 214 152 
-0.3134 0.2705 0.8452 -0.3382 265.31 20.69 127.00 4.74 -7.05 -4.76 0.9100 0.2700 1.2300 -0.1722 0.1078 0.0611 3.49 -7.33 -5.49 157 225 206 213 153 
-0.3196 0.2648 0.8433 -0.3414 267.56 21.31 127.06 5.09 -5.91 -4.99 2.1400 1.5600 0.7700 -0.8100 1.0356 0.2611 3.84 -7.06 -5.60 161 226 213 223 159 
-0.3701 0.3452 0.8232 -0.2573 303.12 27.31 133.94 11.31 -1.52 -6.06 6.5300 3.5900 -1.4900 -3.3456 6.5500 3.3300 5.82 -5.87 -5.27 168 261 245 259 186 
-0.5573 0.6664 0.4841 0.1042 37.19 43.69 109.25 9.77 -5.35 -6.86 3.8900 2.0300 -4.2700 -2.5656 6.7644 2.9100 5.76 -7.92 -0.36 171 355 306 364 204 
-0.5892 0.7002 -0.0603 0.3987 73.19 25.37 88.31 1.11 -7.23 -5.66 -1.3300 1.8400 -6.0300 -1.2822 0.7678 0.3633 3.69 -9.07 -0.40 171 393 357 405 214 
-0.5176 0.6861 -0.2398 0.4514 82.31 21.87 92.81 4.23 -8.02 -2.83 0.6600 0.9300 -2.2800 0.8344 0.1911 0.0689 3.72 -9.07 0.15 170 384 355 403 216 
-0.5627 0.6642 -0.1859 0.4557 74.94 24.12 84.31 5.45 -5.75 -5.70 1.2400 1.7300 -7.3000 5.6411 -2.3478 0.2633 4.14 -8.17 3.48 173 397 367 410 221 
-0.7916 0.4637 0.0368 0.3962 48.25 24.25 41.31 4.92 1.99 5.19 1.4200 7.2100 -0.3100 5.9811 0.7311 0.9244 3.78 -2.60 8.66 174 400 368 414 222 
-0.9442 0.0762 0.1700 0.2717 28.87 17.44 -3.87 4.00 7.48 13.65 2.2000 6.0300 5.1600 2.7244 0.3500 0.8444 3.25 2.40 8.93 172 401 375 413 222 
-0.9596 -0.1116 0.1909 0.1743 20.50 18.69 -17.44 0.76 2.73 9.35 -0.4000 0.4100 0.2000 0.3144 0.1189 -0.2089 3.02 3.01 8.82 171 399 373 420 229 
-0.9583 -0.1266 0.1802 0.1824 21.56 17.44 -18.56 2.02 3.53 8.99 -0.8200 0.3200 -0.4700 -0.0289 -0.0833 0.0244 2.93 2.90 8.89 173 399 378 418 226 
-0.9597 -0.1085 0.1813 0.1851 22.69 18.50 -16.19 -0.01 3.75 9.34 -3.6600 1.6300 0.4300 -1.1644 -0.7222 -1.2656 3.48 2.13 8.91 177 370 359 377 222 
-0.9230 -0.0463 0.2286 0.3059 41.81 22.25 -15.44 1.21 3.25 5.02 -1.5800 0.8000 -3.4300 0.6578 0.0222 -5.0644 2.58 3.77 8.67 178 354 352 372 220 
;
