-0.6848 -0.2873 0.1868 0.6431 86.37 -6.50 -39.63 -1.20 6.16 7.43 -0.0900 -0.0400 -0.0400 -0.0011 -0.0033 -0.0044 -1.11 6.21 7.50 170 372 364 406 227 
-0.6848 -0.2873 0.1868 0.6431 86.37 -6.50 -39.63 -1.27 6.27 7.60 0.0800 0.0200 -0.1400 -0.0122 -0.0111 -0.0022 -1.10 6.19 7.52 168 364 362 401 226 
-0.6854 -0.2816 0.1838 0.6458 86.75 -6.19 -38.31 -2.03 5.89 8.04 -1.1700 0.0000 0.1800 -0.9856 -0.8278 -0.1922 -0.62 5.48 8.10 164 324 251 289 210 
-0.6583 -0.1419 0.2275 0.7034 98.37 15.13 -29.25 5.74 4.13 16.64 3.4600 -0.1400 8.3400 -2.7633 -6.5100 0.4300 6.32 3.11 6.81 167 301 151 183 155 
-0.5364 0.3102 0.3345 0.7100 102.06 59.88 -0.94 9.34 4.29 0.97 0.4900 4.2500 -3.9100 -0.1456 -2.4189 4.5256 8.74 -3.21 3.06 138 300 145 174 141 
-0.6600 0.5403 0.2331 0.4670 63.06 48.00 61.38 3.91 -2.19 -1.24 -3.5400 3.7200 -5.0200 2.1878 -1.1378 3.8067 5.49 -7.19 3.77 130 243 152 179 140 
-0.8273 0.4946 0.1524 0.2184 23.12 25.62 55.00 0.81 -4.00 2.61 -3.3500 2.8800 -2.7900 2.4989 -0.0300 1.5011 3.44 -6.62 6.35 134 241 153 183 143 
-0.9225 0.3474 0.1418 0.0906 9.38 18.81 38.31 2.47 -3.88 9.74 -0.1700 1.6500 2.2600 0.5022 0.0133 0.2456 3.22 -5.41 7.51 135 255 157 186 145 
-0.9386 0.3021 0.1583 0.0525 6.31 19.06 35.81 1.73 -5.20 7.76 0.0000 0.3700 -0.1000 -0.0467 0.2144 -0.2533 3.26 -5.41 7.50 135 257 157 187 146 
-0.9393 0.3000 0.1491 0.0732 9.81 18.56 34.50 3.80 -2.56 9.35 0.4800 2.0700 1.3000 -0.2289 1.7389 -1.0644 2.60 -5.15 7.92 139 272 163 190 147 
-0.9370 0.2960 0.0760 0.1696 22.37 14.19 33.69 5.44 -3.89 7.68 2.6900 2.1600 -0.5400 -0.9411 -0.4978 -0.1189 2.62 -5.79 7.46 139 269 160 190 147 
-0.9020 0.3862 0.0878 0.1718 20.75 15.94 47.75 -2.49 -10.64 2.01 -5.7700 -3.9300 -3.9600 -1.2956 0.3500 0.2744 2.24 -7.80 5.49 139 268 165 190 148 
-0.8644 0.4728 0.0507 0.1638 22.06 14.44 55.44 1.51 -8.61 4.52 -0.5200 -0.2100 -0.7200 0.1667 -0.1700 -0.3922 2.80 -7.69 5.39 139 267 167 191 150 
-0.8598 0.4710 0.0995 0.1704 23.00 21.81 54.56 0.39 -6.73 0.40 -2.0800 0.9600 -4.5400 3.6900 -1.4211 -2.7389 5.39 -5.38 6.16 163 258 183 210 169 
-0.8851 0.2595 0.3013 0.2418 30.87 46.94 11.25 11.36 0.55 2.29 4.2100 0.2100 -3.6300 6.4344 -2.3211 -0.1422 8.40 2.11 4.59 177 303 313 350 210 
-0.7953 -0.1157 0.5930 0.0499 357.25 78.31 -49.06 13.79 5.08 4.73 3.2500 3.8500 3.8900 -0.2389 -3.6522 5.0789 9.40 -2.14 -1.78 186 304 325 364 220 
-0.5171 0.0953 0.8303 -0.1849 317.12 47.69 137.62 3.82 1.02 -2.77 -3.7500 4.7600 2.4700 -4.5278 -2.1433 1.9911 5.45 -3.48 -7.36 192 285 314 360 231 
-0.2489 0.3490 0.9030 -0.0278 45.69 21.06 172.00 3.12 1.79 -14.69 1.4700 2.2500 -4.1500 -2.7344 -1.2911 0.8233 1.70 0.94 -9.61 192 298 314 364 233 
-0.0290 0.4466 0.8876 0.1091 53.50 8.38 -169.37 3.00 1.01 -13.02 0.5800 -1.0800 -2.2900 0.4422 -0.0800 0.1378 1.40 1.61 -9.56 193 301 316 363 233 
-0.0291 0.4534 0.8848 0.1036 54.13 8.63 -171.06 1.03 0.70 -8.95 -1.1500 -0.6800 0.5000 0.0667 -0.0689 0.3433 1.52 1.35 -9.59 192 302 318 361 233 
-0.0416 0.4620 0.8809 0.0941 55.00 9.81 -172.56 1.36 1.58 -8.94 -0.1500 0.3000 0.5700 -0.1111 0.2378 -0.2889 1.81 1.34 -9.54 193 299 315 357 233 
-0.0522 0.4460 0.8870 0.1079 53.38 10.88 -171.31 1.79 1.38 -9.43 -0.3500 -0.0800 -0.0400 -0.2444 0.3611 -0.1556 2.11 1.64 -9.43 192 300 314 345 231 
-0.0739 0.4309 0.8875 0.1456 50.94 18.25 -166.50 11.90 2.70 -14.15 8.8400 -0.1400 -6.0100 0.2000 4.7189 0.2167 6.12 2.35 -7.28 179 311 290 302 211 
-0.3414 0.3784 0.8220 0.2542 66.50 54.00 -168.56 7.17 -0.73 -11.28 -3.6600 -0.8000 -5.5800 3.4022 3.1167 1.9633 9.27 -1.16 -2.97 176 357 295 368 217 
-0.6351 0.3206 0.6931 0.1157 11.31 71.06 109.12 4.22 0.16 -2.20 -5.4200 3.0000 -0.6100 3.0400 1.4733 0.6944 9.07 -3.65 0.66 184 383 328 396 220 
-0.7521 0.1802 0.6295 -0.0757 344.94 66.87 66.50 6.36 -0.50 2.52 -2.1700 2.9700 1.0900 1.6789 0.4756 -0.3022 9.04 -3.15 2.09 193 394 332 402 218 
-0.7686 0.0803 0.6181 -0.1441 338.75 68.50 53.50 9.01 0.71 3.50 0.4700 3.9000 1.3900 -0.5911 -0.0733 -0.2767 9.20 -2.74 1.98 192 387 339 397 221 
-0.7773 0.0928 0.6147 -0.0958 348.69 68.94 46.13 10.13 2.12 2.18 1.6300 3.8200 0.5700 -1.7144 0.3944 -1.4444 9.31 -2.04 2.29 193 370 338 389 222 
-0.7870 0.1541 0.5949 0.0545 12.69 71.25 32.63 9.68 -3.99 1.48 -0.2700 -2.3900 -1.6800 -4.7300 1.1533 -0.3511 9.17 -2.35 2.53 187 256 298 324 226 
-0.7333 0.3685 0.5236 0.2288 36.38 69.06 62.94 7.46 -6.36 -1.38 -1.4300 -2.7400 -2.5600 -1.0378 0.2878 0.2289 9.05 -3.50 1.35 187 279 306 338 227 
-0.7021 0.4452 0.4879 0.2661 41.31 67.12 70.69 8.86 -5.01 0.73 -0.4000 -1.4600 -0.3500 0.0600 -0.0589 0.1856 8.99 -3.68 1.31 189 283 312 341 227 
-0.7090 0.4434 0.4849 0.2562 39.19 66.00 70.31 8.06 -3.86 1.36 -0.3600 0.0700 0.0600 0.0867 -0.0167 -0.0989 8.99 -3.70 1.26 189 285 312 343 228 
-0.7062 0.4340 0.5051 0.2403 37.63 68.12 74.75 5.31 -3.42 0.56 -5.3400 0.4400 -0.9600 -0.1722 0.3300 -1.0689 9.32 -2.82 1.07 183 283 324 340 223 
-0.6960 0.3948 0.4811 0.3582 59.44 69.69 23.75 5.02 -1.71 -1.81 -0.5200 -0.3200 -3.7000 2.0989 2.1956 -2.8067 8.73 1.03 4.34 170 297 300 310 212 
-0.6938 0.1667 0.4941 0.4966 73.12 52.25 -35.13 9.21 7.89 5.63 3.1900 3.1300 1.3000 0.7267 3.6300 -2.1856 5.64 5.32 5.99 178 325 303 341 213 
;
