0.3032 -0.0173 0.3211 0.8970 217.31 -13.13 -35.50 -2.22 5.55 7.79 0.0000 0.0100 0.0400 -0.0078 0.0056 -0.0189 -2.25 5.54 7.76 158 346 356 400 212 
0.3039 -0.0189 0.3217 0.8965 217.50 -13.13 -35.50 -3.62 5.36 8.39 -3.7200 -0.5600 1.6100 -0.1122 -3.1967 -0.0100 -0.87 5.54 8.04 157 298 287 344 212 
0.3786 0.1784 0.2426 0.8752 231.12 16.37 -35.75 7.52 6.99 13.03 4.7600 1.6600 6.1000 -1.3711 -6.7733 0.7600 6.56 4.65 5.60 158 255 144 158 124 
0.4063 0.5270 -0.0797 0.7421 231.56 70.62 -27.56 13.88 7.63 -4.39 4.4900 9.0100 -8.5100 2.2867 -2.0700 6.1622 9.22 -3.29 0.52 119 271 148 158 115 
-0.0504 0.5692 -0.3561 0.7394 157.69 45.69 77.00 0.71 -0.77 -0.71 -4.7800 6.8200 -1.7700 4.2656 0.8500 2.6011 5.39 -7.18 3.92 123 273 146 162 118 
-0.3735 0.4218 -0.2305 0.7933 127.56 28.06 47.50 4.04 -2.14 8.55 -0.7700 3.6100 2.6700 1.0944 0.2456 0.6322 4.28 -5.88 6.57 123 275 142 165 121 
-0.4489 0.3654 -0.1699 0.7975 120.37 25.00 41.06 2.60 -4.69 8.20 -0.9600 1.2200 0.8300 0.0144 1.0156 -0.2678 3.82 -5.75 6.95 126 281 148 166 121 
-0.4349 0.3282 -0.1802 0.8189 125.75 21.12 38.44 4.87 -3.33 8.51 0.9700 2.3400 1.4500 -0.5489 2.3867 -0.8111 2.63 -5.78 7.46 127 279 154 168 125 
-0.3423 0.2415 -0.2637 0.8689 138.81 14.13 42.94 2.94 -4.10 5.96 1.9900 1.5400 -1.7200 -3.1122 -5.0289 1.1811 3.40 -8.08 4.38 118 268 153 169 125 
-0.3538 0.3920 -0.3923 0.7532 131.87 17.44 67.94 -1.61 -11.61 0.35 -2.8100 -2.8100 -2.0900 -0.1800 0.1033 -0.9567 3.49 -8.58 3.20 131 274 157 171 128 
-0.2748 0.3994 -0.4138 0.7706 141.37 24.37 68.19 2.14 -6.43 2.78 -3.2700 2.2400 -0.9300 0.4389 -0.4122 -1.8933 5.13 -7.63 3.39 143 262 155 186 144 
-0.2056 0.4825 -0.2953 0.7985 154.31 46.69 55.31 8.21 -3.64 -0.55 3.6400 0.8700 -5.2300 6.8556 -1.7833 -3.4900 8.84 -0.79 4.15 163 262 272 282 193 
-0.2558 0.5036 0.2595 0.7833 139.50 67.56 -31.94 9.21 3.44 3.21 1.0800 1.9700 0.9400 3.8711 -2.8656 2.9322 9.74 0.92 0.54 175 274 309 342 204 
-0.4294 0.6072 0.4133 0.5255 93.00 72.75 129.56 8.05 0.07 1.82 -1.6500 2.6800 4.2600 -3.8767 -3.3400 4.1178 7.41 -4.19 -4.85 184 267 292 342 215 
-0.2762 0.9064 0.1846 0.2608 163.25 29.87 158.56 0.41 -0.13 -9.52 -0.0500 3.8400 0.3900 -4.3078 -2.3511 1.2844 2.56 -0.36 -9.45 185 291 302 351 218 
0.0193 0.9944 0.0391 0.0959 175.69 10.56 -175.37 3.05 1.67 -14.27 1.7600 0.8500 -3.2800 0.2700 0.2511 0.0178 1.72 0.68 -9.62 184 293 297 350 217 
0.0225 0.9946 0.0384 0.0938 175.37 11.25 -177.31 1.90 0.13 -8.60 -0.0900 -0.2200 0.9400 0.0422 0.1378 0.0456 2.06 0.38 -9.57 183 293 301 346 217 
0.0161 0.9924 0.0396 0.1158 175.87 13.75 -177.44 5.05 1.25 -10.01 6.3500 1.5900 -2.3600 -0.3411 2.6644 0.0900 3.71 0.45 -9.06 181 281 291 308 210 
-0.0336 0.9379 -0.0092 0.3453 169.37 57.50 166.19 15.90 6.30 -9.86 4.3700 8.8200 -8.7900 -4.7789 16.2289 3.4511 6.94 -4.29 5.42 159 330 307 359 199 
0.1298 0.1435 -0.4022 0.8949 198.06 19.56 54.25 6.91 -1.64 0.20 2.1900 6.4400 -3.0000 -5.6100 1.0278 -0.0878 3.09 -9.19 1.39 162 363 342 387 201 
0.1653 0.0407 -0.7292 0.6628 208.69 17.31 98.06 3.03 -7.01 -7.48 0.8700 1.6400 -4.4600 -0.4789 -1.1211 -0.5033 3.07 -8.94 -2.58 160 361 338 385 205 
0.1077 0.1390 -0.7633 0.6216 195.69 20.75 97.94 6.72 -2.04 -9.49 3.3000 7.4900 -8.5900 8.0733 -1.8422 -0.6022 4.08 -8.43 2.88 157 362 349 387 206 
-0.0892 0.2862 -0.3168 0.8998 163.62 28.62 28.87 10.39 11.39 9.94 0.8000 13.1700 5.9600 6.3433 2.9522 1.2822 3.39 0.53 9.18 159 371 356 394 208 
-0.2672 0.1341 0.1517 0.9421 146.94 17.25 -14.63 1.20 4.06 13.74 1.5600 0.7400 2.6600 -0.2011 -0.5500 -0.5467 3.46 2.51 8.82 159 373 359 398 208 
-0.2602 0.1343 0.1818 0.9387 149.06 20.12 -16.94 2.28 3.04 9.52 -0.6300 0.2800 0.2900 -0.4511 -0.3378 -0.0289 3.38 2.50 8.85 160 367 359 396 209 
;
