-0.0240 0.1305 0.2819 0.9502 177.25 16.56 -33.81 3.72 6.16 7.14 0.9700 0.8500 -0.6300 -0.1044 -0.3144 0.0333 3.07 5.18 7.73 159 214 183 206 158 
-0.0200 0.1553 0.2808 0.9469 177.75 17.75 -33.44 0.54 4.86 10.43 -4.5300 -0.4400 3.6400 1.0533 -6.7900 -0.0967 5.21 5.57 6.15 144 199 176 191 158 
0.1538 0.5022 0.2341 0.8181 206.31 56.81 -64.62 16.61 6.19 1.22 8.5200 2.2300 -1.6400 -1.8989 -1.9244 4.4944 9.54 2.13 0.63 135 182 152 161 135 
0.0598 0.6725 -0.0654 0.7348 180.87 79.44 56.88 8.68 -0.38 -3.84 -2.7300 2.0200 -5.0600 2.2867 -0.1356 3.8844 8.62 -4.28 1.81 108 194 147 172 125 
-0.2480 0.5683 -0.1644 0.7672 137.75 47.50 55.13 6.30 -2.03 1.48 -1.6200 2.6400 -2.2200 2.3511 -0.0500 3.0233 5.91 -5.93 5.09 107 219 167 177 126 
-0.4875 0.4152 -0.1160 0.7593 110.25 28.62 39.38 2.95 -1.63 5.84 -3.0500 2.7400 -0.7700 1.9033 0.4167 1.2333 4.15 -4.63 7.57 108 247 171 176 126 
-0.6247 0.3174 -0.0376 0.7124 96.06 23.75 29.56 2.82 -2.18 7.93 -0.9100 1.9600 0.2600 0.3656 -0.0411 0.1300 3.91 -4.37 7.85 111 235 173 178 127 
-0.6484 0.3128 -0.0237 0.6937 94.00 23.69 28.06 3.61 -2.81 8.55 -0.6500 1.2500 0.8600 -0.0144 0.5744 -0.5900 3.81 -4.09 8.05 111 238 174 180 128 
-0.6234 0.2891 -0.0317 0.7259 100.37 22.12 26.31 3.78 -1.63 9.70 1.6600 2.4600 1.1200 -1.0989 1.3622 -0.8256 3.25 -4.43 8.11 114 233 171 180 130 
-0.5519 0.2784 -0.1268 0.7758 108.69 16.25 35.44 6.57 -4.94 4.15 -1.1000 0.0600 -5.7100 -2.1011 -3.0689 3.2656 2.81 -7.48 5.67 118 218 170 180 131 
-0.6566 0.4534 -0.1985 0.5692 79.69 14.94 60.38 -4.74 -8.17 4.34 -6.0800 0.5700 0.0200 -1.4522 0.6878 -1.3044 3.14 -8.43 3.89 137 203 172 178 141 
-0.5540 0.5485 -0.1973 0.5944 97.50 30.87 73.06 1.91 -6.77 -2.43 -1.8100 0.8800 -3.8500 -1.1011 -2.4667 -2.6689 6.83 -7.00 0.51 134 318 176 188 151 
-0.4018 0.7299 -0.0591 0.5499 107.81 50.38 102.87 13.69 -4.81 -7.18 8.9600 0.6800 -5.4700 0.3356 -3.5989 -0.1711 6.89 -5.84 -3.80 122 396 182 192 152 
-0.4120 0.8400 0.0543 0.3488 72.75 36.44 119.69 8.28 -5.89 -3.89 2.2500 1.2800 -0.0900 2.5356 -0.9378 0.9300 5.01 -7.87 -2.99 119 394 183 191 152 
-0.5927 0.7544 0.0892 0.2678 50.06 32.94 90.87 11.53 -3.00 10.45 5.6700 2.8300 7.4600 -1.2078 3.3533 0.1611 5.48 -8.12 -0.03 121 395 184 196 155 
-0.5748 0.7387 0.0495 0.3486 64.50 35.19 103.69 7.75 -7.53 -8.43 3.9100 0.0300 -7.3300 0.6711 0.4767 0.1689 5.63 -7.71 -2.20 116 382 171 194 154 
-0.6025 0.7045 0.0389 0.3731 63.88 35.94 84.31 7.13 -6.36 7.02 1.2100 1.8100 6.5200 -0.5956 0.9533 -0.3744 5.91 -7.81 0.30 125 381 174 197 155 
-0.5880 0.6895 0.0304 0.4219 77.25 39.00 85.50 10.44 -5.67 5.66 5.4700 1.7700 4.4600 -3.2156 5.9033 -0.7522 6.22 -7.43 1.43 146 309 158 194 166 
-0.3678 0.5364 -0.2841 0.7045 133.37 29.31 70.75 9.62 -6.60 0.08 2.7800 1.2100 -2.9000 -3.6022 3.9256 0.9000 3.38 -8.94 2.17 159 342 330 363 198 
-0.1857 0.3187 -0.5594 0.7422 153.12 13.31 83.44 2.03 -6.26 -0.69 2.6500 1.7400 -3.0400 -3.0233 -0.8844 1.0767 1.38 -9.61 -1.35 166 361 358 400 202 
-0.1689 0.3140 -0.7146 0.6018 148.81 7.44 104.25 -0.32 -9.57 -5.26 -2.1300 0.7100 -3.0700 0.4456 -1.1933 -0.4756 1.25 -9.43 -2.34 157 358 352 404 206 
-0.1875 0.3407 -0.7032 0.5952 144.06 8.94 100.81 3.46 -7.57 -7.13 0.2700 2.9500 -5.6400 3.3600 -0.6900 -0.4300 1.99 -9.59 0.34 151 355 270 404 208 
-0.2761 0.3711 -0.4985 0.7332 135.62 17.81 67.44 4.72 -1.86 -0.70 0.6800 6.4100 -3.5300 7.0022 -2.1344 -0.1322 3.94 -5.41 7.16 153 365 355 402 209 
-0.4836 0.2631 -0.0182 0.8346 117.37 25.06 11.13 6.90 7.49 12.58 2.3000 7.8600 7.6100 4.6489 1.6256 0.7211 3.59 1.32 9.02 154 372 365 407 210 
-0.5751 0.1089 0.2057 0.7842 106.81 24.19 -14.81 3.88 4.23 13.62 -0.2800 1.8800 4.8100 0.4800 0.9822 -0.1000 3.79 2.72 8.62 156 375 366 409 210 
-0.5786 0.0740 0.2342 0.7778 107.00 23.12 -17.50 4.16 2.68 8.16 -0.7700 0.1100 -0.1300 0.1467 0.5311 0.0567 3.64 2.75 8.67 156 375 370 409 210 
;
