0.0080 0.0282 0.2191 0.9753 180.81 1.69 -24.75 1.34 4.20 9.22 1.4700 0.3100 0.2800 -0.9378 1.3644 -0.2889 -0.54 3.58 9.11 135 303 321 331 208 
0.0123 -0.0431 0.1683 0.9847 181.69 -5.06 -18.56 -0.59 3.02 9.65 0.1400 -0.0200 0.3900 -0.1622 -0.0133 0.0878 -0.89 2.96 9.30 136 293 315 318 208 
0.0103 -0.0365 0.1428 0.9890 181.87 -2.56 -15.56 -12.40 3.13 26.04 -10.8600 -0.5700 16.3100 -2.7078 -11.3578 -3.6567 5.94 1.84 7.57 157 211 143 163 140 
0.1963 0.4730 -0.1018 0.8528 201.94 65.19 13.38 18.20 5.63 -2.29 6.6500 8.7000 -7.6900 1.0378 -3.3278 6.0967 8.39 -4.72 1.85 137 201 136 158 128 
-0.2054 0.5504 -0.2795 0.7595 137.94 39.25 66.31 2.62 2.95 -5.80 -3.6900 8.6700 -8.0400 4.8678 -0.6789 3.3533 4.45 -6.82 5.45 118 235 146 167 134 
-0.5682 0.3734 -0.1275 0.7221 99.06 22.75 37.00 1.81 0.43 11.10 -1.9300 5.1900 3.5900 1.9489 -0.4200 1.1567 3.47 -4.62 7.92 120 238 149 169 137 
-0.6806 0.3063 -0.0416 0.6642 87.87 20.69 30.25 3.16 -1.71 -0.01 -1.2200 0.8500 0.3400 -0.1778 0.4511 -0.2856 3.17 -4.61 8.04 123 245 157 171 137 
-0.6641 0.2795 -0.0659 0.6903 94.00 16.87 29.12 3.91 -2.77 8.40 -0.6900 1.6300 -0.0400 -0.4467 1.6144 -1.1200 2.15 -4.67 8.34 123 256 160 172 139 
-0.5771 0.2224 -0.1614 0.7690 108.94 7.06 32.44 0.04 -2.88 6.84 -0.7700 2.8200 0.3900 -1.7267 -2.6267 0.4089 1.77 -6.25 7.34 125 247 163 174 140 
-0.5770 0.3469 -0.2515 0.6953 98.56 8.88 54.13 -8.73 -10.96 0.86 -7.3000 -2.9000 -3.0800 -1.4233 -0.5756 -0.7522 2.01 -8.44 4.56 124 243 162 176 142 
-0.5192 0.4241 -0.3026 0.6774 107.75 17.25 61.19 -2.16 -7.87 3.22 -4.9000 0.5700 -1.4500 0.7556 -1.7000 -2.0400 4.65 -7.41 4.41 157 255 186 201 172 
-0.4684 0.5295 -0.1298 0.6953 111.56 42.75 63.00 2.19 -7.16 4.20 -3.5900 0.4600 0.3100 0.6200 -5.5167 -1.1278 7.81 -5.89 0.54 162 277 186 183 145 
-0.4351 0.7581 0.0602 0.4821 88.19 46.63 113.87 7.02 -3.70 -7.65 0.4500 0.1800 -5.9000 1.0000 -1.6611 1.9667 5.43 -7.34 -3.55 107 286 177 164 125 
-0.5119 0.8184 0.0739 0.2507 50.13 28.44 112.19 4.80 -10.20 -6.99 0.5600 -3.3000 -3.7400 2.0300 -0.0967 0.4167 4.43 -8.50 -2.03 112 295 180 167 128 
-0.6300 0.7365 0.0824 0.2323 39.44 25.94 92.87 4.92 -10.99 -8.62 1.5900 -0.6300 -7.8900 4.7878 0.9556 -0.0633 4.19 -8.46 2.63 109 322 178 169 127 
-0.8465 0.4633 0.1124 0.2370 29.81 22.62 40.69 -1.35 10.92 8.50 -3.9500 17.6800 4.3300 4.5811 0.6811 0.5967 2.88 -3.06 8.85 109 335 183 172 127 
-0.9453 0.2174 0.1082 0.2181 27.37 17.31 26.31 4.53 -4.50 8.23 2.3100 0.0600 0.7400 -1.3611 0.1878 -0.2900 3.16 -4.67 8.01 110 331 183 175 129 
-0.9182 0.2974 0.1047 0.2401 30.56 19.69 33.63 2.38 -0.07 10.26 -0.1300 5.3500 3.2200 -3.7822 1.4989 -2.2744 3.61 -6.30 6.58 142 332 192 182 141 
-0.7576 0.4765 0.0062 0.4460 75.12 31.44 55.69 -0.03 -2.30 -0.56 -3.5000 5.0300 -4.7200 -2.0956 1.5256 -7.3622 7.77 -4.29 4.15 149 336 193 185 145 
-0.3563 0.5203 0.1234 0.7662 138.87 63.50 0.56 8.36 3.06 1.29 0.7300 2.9700 -3.7700 2.0444 -0.0778 -4.6556 7.76 3.73 4.68 133 349 191 184 143 
-0.1556 0.3265 0.4064 0.8391 157.75 37.50 -58.88 12.01 14.42 0.97 7.0500 8.1400 -1.3700 5.1978 2.5589 0.0800 5.27 8.01 2.04 117 349 187 180 143 
-0.3131 0.1660 0.6794 0.6425 118.56 46.31 -96.00 9.92 13.76 3.90 -0.4800 6.1800 5.0300 1.4822 0.8667 4.5767 8.93 3.92 -0.94 124 348 195 186 146 
-0.5466 0.3033 0.6422 0.4436 76.00 79.81 -63.25 -0.51 3.27 3.21 -9.8600 2.2000 1.4800 -3.9989 0.1267 3.1400 9.61 -1.02 1.64 128 356 195 187 146 
-0.5516 0.5433 0.3839 0.5031 92.87 76.25 65.12 -1.05 -0.38 -1.57 -9.9000 1.7100 -2.9600 -4.4200 -1.0467 -3.0800 9.79 -0.38 0.08 145 366 192 189 147 
-0.2298 0.6175 0.3470 0.6674 151.50 71.44 -87.75 12.61 7.05 -7.28 4.0900 3.4300 -6.4800 1.7189 2.3522 -4.4011 7.42 6.32 1.04 144 360 192 191 147 
-0.1053 0.4092 0.5480 0.7219 161.12 42.69 -88.00 10.44 9.55 0.14 4.0700 2.1700 0.3400 2.8189 -0.0211 0.5322 6.61 7.17 -0.98 141 358 194 191 149 
-0.1979 0.3566 0.6752 0.6147 140.06 46.50 -105.62 6.56 6.49 2.49 -0.0500 0.3400 3.8400 0.2733 0.0633 0.5978 7.43 6.05 -2.04 134 352 195 191 148 
-0.2433 0.3801 0.6767 0.5817 135.25 50.94 -107.94 7.90 5.74 -0.75 0.2100 -0.1600 0.9400 -0.7989 0.2811 0.0211 7.66 5.97 -1.28 150 360 200 197 155 
;
