0.4711 -0.1569 -0.5340 -0.6844 111.12 46.19 -57.06 7.30 5.51 3.24 0.0100 -0.2500 -1.0900 -0.3756 1.0789 -0.1344 6.82 5.66 4.18 167 312 269 268 178 
0.4843 -0.1433 -0.5045 -0.7003 110.94 43.69 -51.44 6.22 5.94 5.08 -0.0900 0.3200 0.3700 0.1089 -0.1944 -0.0356 6.80 5.59 4.30 165 312 269 275 182 
0.4761 -0.1480 -0.5134 -0.6985 111.31 44.81 -54.25 10.37 8.81 9.29 4.9000 4.1700 6.7900 -2.2711 1.4278 0.8867 6.99 4.14 5.48 164 282 181 211 171 
0.4991 -0.3103 -0.3440 -0.7323 107.87 62.00 1.06 16.94 4.58 2.67 5.1200 5.4100 -1.9000 -2.8133 -0.7656 8.7000 6.87 -6.54 2.46 119 230 160 170 124 
0.6956 -0.6008 -0.0106 -0.3939 46.69 23.62 70.87 4.52 -2.54 -1.58 -1.7400 6.1700 -4.1400 3.3600 -1.0656 3.9511 1.77 -8.39 4.75 106 238 166 173 129 
0.8979 -0.4277 -0.0026 -0.1042 9.56 3.69 44.44 0.31 -1.83 8.52 -1.7800 4.6500 2.0500 2.5133 0.0878 1.2500 0.12 -5.32 8.23 110 246 169 174 131 
0.9670 -0.2543 -0.0160 0.0089 357.75 1.25 28.56 -1.12 -1.48 9.89 -2.5000 3.0900 1.7400 0.1422 -0.4744 0.3489 0.15 -4.48 8.72 108 250 170 177 132 
0.9689 -0.2439 -0.0180 0.0363 355.81 1.19 28.81 1.86 -4.31 9.56 2.0200 1.1100 0.8300 -0.4522 0.1644 0.0011 0.23 -5.01 8.42 109 256 172 178 134 
0.9622 -0.2724 0.0048 0.0066 0.44 -1.06 32.06 2.85 -3.60 9.52 2.1400 1.5600 0.5200 -0.7544 1.5789 -0.7244 -0.64 -5.67 7.97 111 255 170 177 134 
0.9426 -0.3151 0.0836 -0.0716 8.94 -6.31 38.63 2.18 -5.96 8.57 3.4000 0.5000 0.2300 -0.9533 -0.2189 0.4911 -0.94 -6.52 7.25 112 254 173 178 136 
0.9201 -0.3741 0.1044 -0.0511 5.69 -9.38 46.50 -4.10 -8.54 5.34 -3.2500 -1.4600 -1.3200 -0.8656 0.5233 -0.1556 -1.82 -7.53 6.00 112 254 173 179 137 
0.8890 -0.4357 0.1285 -0.0579 7.94 -9.81 54.19 -1.33 -7.64 5.88 0.5400 0.5400 1.1000 -0.8767 1.0544 -0.3767 -1.75 -8.23 5.02 145 268 174 196 165 
0.8419 -0.5008 0.1682 -0.1105 17.69 -8.69 68.06 -1.14 -5.97 3.38 1.5600 3.2700 0.5200 -2.4889 2.7433 -1.1867 -1.05 -9.61 1.63 163 397 358 426 206 
0.6852 -0.6096 0.2825 -0.2811 52.31 0.44 87.37 3.26 -15.49 4.42 5.0100 -5.1400 -1.3400 -1.3833 0.9956 -1.7178 1.45 -9.67 -0.64 172 416 375 444 212 
0.5601 -0.6888 0.2905 -0.3571 66.31 10.13 97.87 3.45 -9.69 -5.31 2.4200 0.1600 -4.5200 0.0622 -0.9911 0.1744 1.71 -9.53 -1.51 169 418 375 445 211 
0.5698 -0.6884 0.2852 -0.3464 59.00 7.50 93.25 4.18 -7.89 -8.75 3.5500 3.4800 -8.4900 4.6500 -1.6600 1.3378 0.52 -9.49 2.39 167 415 372 443 211 
0.8260 -0.4571 0.1570 -0.2900 34.06 -0.69 45.69 4.60 6.33 17.07 4.0200 12.1800 19.2000 4.8000 3.1789 1.0433 -0.63 -3.49 9.14 169 415 374 440 210 
0.9668 -0.1448 0.0295 -0.2084 25.12 -0.56 17.12 -2.58 1.92 18.69 1.6100 5.7800 8.2100 -3.6289 0.7322 -1.6556 0.51 -5.34 8.20 165 412 376 439 211 
0.8616 -0.3869 0.1094 -0.3098 42.44 2.37 53.19 4.25 -1.83 1.70 4.3000 5.0300 -5.1300 -5.0089 0.8500 -0.5344 0.49 -9.48 2.43 167 413 375 441 212 
0.6497 -0.6294 0.2761 -0.3250 53.31 2.87 91.37 2.18 -11.72 -12.18 -0.0200 -2.7000 -13.1700 1.4122 -1.1478 0.3000 0.35 -9.80 0.01 167 413 379 441 212 
0.7040 -0.5908 0.2437 -0.3098 43.75 1.31 70.75 6.79 0.35 -4.65 7.0100 9.6300 -8.3200 7.5267 -2.1767 1.4178 0.47 -6.28 7.51 167 415 375 436 213 
0.9598 -0.1804 0.0026 -0.2151 21.94 4.50 13.81 -2.15 6.01 24.20 -3.1800 7.1300 9.9600 0.1378 -1.0267 0.6367 1.09 -2.05 9.52 165 410 377 432 212 
0.9735 -0.1420 -0.0352 -0.1757 22.19 7.50 17.69 -0.50 -3.69 9.51 -2.2000 -0.5200 0.3200 -1.9356 -0.4789 -1.0967 1.77 -4.07 8.74 154 383 365 414 207 
;
0.9221 -0.2768 -0.0331 -0.2683 36.63 13.00 31.75 0.02 -3.48 7.61 -1.7400 1.2900 -1.2400 -1.7844 1.6133 -3.0056 2.40 -5.36 7.84 160 315 197 214 173 
0.8116 -0.3265 0.0237 -0.4838 66.75 18.69 35.69 2.59 -3.76 4.18 0.6900 1.6000 -2.7200 0.4922 -0.4744 -2.7289 4.39 -4.80 7.33 141 224 153 165 128 
0.7184 -0.3533 -0.0638 -0.5959 80.44 29.75 28.25 6.88 -2.16 8.11 4.2300 1.9900 1.4200 1.5978 -0.2122 -0.9244 5.07 -2.51 8.00 106 213 158 166 114 
0.7184 -0.2621 -0.1207 -0.6329 82.12 30.37 14.44 6.83 -1.80 9.70 1.6300 0.6400 1.5600 -0.1478 -1.1044 0.4511 5.24 -2.31 7.95 105 224 159 171 116 
0.7355 -0.2971 -0.1314 -0.5946 75.87 34.19 23.25 11.00 -3.07 9.76 6.3000 1.0100 0.3300 -1.3000 -1.6322 2.4233 5.64 -4.80 6.41 106 234 161 173 118 
0.7961 -0.4194 -0.0940 -0.4260 49.56 25.81 44.00 6.65 -4.87 1.31 4.0100 2.8400 -4.8400 2.3778 0.1000 4.6378 2.26 -6.21 7.24 111 242 164 173 119 
0.9422 -0.3115 -0.0364 -0.1180 8.00 5.37 32.69 -6.11 2.18 9.74 -6.0300 7.0900 2.1900 1.2589 -0.0956 1.7900 0.28 -4.47 8.72 114 247 163 175 121 
0.9739 -0.2257 -0.0140 0.0173 357.69 1.31 25.87 1.13 -3.17 10.16 -1.0900 0.4800 0.8200 -0.3556 -0.7500 -0.1400 0.53 -4.51 8.68 116 247 166 173 121 
0.9684 -0.2468 -0.0294 0.0168 358.94 2.12 29.12 -0.56 -3.73 8.17 -1.8300 0.8900 -0.0500 -0.1022 0.3289 -0.7144 -0.15 -4.85 8.51 114 250 165 175 123 
0.9631 -0.2625 0.0304 -0.0508 7.37 -1.94 31.50 0.96 -4.41 8.22 1.2400 1.0700 -0.1100 -0.7633 0.8789 -0.4200 -0.50 -5.59 8.04 115 252 169 177 124 
0.9435 -0.3181 0.0480 -0.0792 9.75 -3.25 39.50 -2.25 -6.67 6.09 -0.9700 -0.3000 -1.3700 -1.3700 0.7111 -0.1544 -1.00 -7.08 6.70 117 249 171 177 124 
0.8971 -0.4161 0.1102 -0.0995 13.06 -6.69 52.75 -3.23 -10.02 3.79 -2.5000 -1.8900 -1.9000 -0.5778 -0.3778 -0.0933 -1.05 -8.07 5.46 117 251 169 178 128 
0.8743 -0.4637 0.1057 -0.0967 12.38 -5.06 56.94 -0.12 -7.91 6.34 0.0100 1.2200 1.4100 -0.5622 1.2289 -0.4300 -0.96 -8.34 5.05 154 291 180 203 165 
0.8395 -0.5052 0.1366 -0.1461 22.75 -4.94 65.44 -5.51 -8.71 2.98 -3.4900 1.7100 -0.3700 -0.4456 0.7500 -1.9422 0.06 -9.22 3.33 168 398 364 429 205 
0.7501 -0.5719 0.1564 -0.2928 46.94 9.25 74.81 5.33 -7.50 1.74 4.0200 -8.6400 -0.1300 -1.4800 -0.1789 -1.4333 2.69 -9.30 1.52 168 405 372 437 210 
0.6625 -0.6505 0.1233 -0.3503 56.56 16.69 82.50 4.59 -10.29 -5.67 2.2800 -1.1600 -6.3100 1.6467 -0.2622 0.6789 2.49 -9.27 2.00 170 411 371 438 210 
0.7432 -0.5747 0.1064 -0.3256 43.81 11.00 65.25 3.24 -4.58 -2.54 0.8900 5.6000 -7.5400 5.7578 -0.9156 1.3622 1.28 -6.69 7.05 167 411 376 439 212 
0.9365 -0.2614 0.0015 -0.2339 24.31 8.88 21.44 -2.02 4.30 23.29 -8.5300 6.4300 11.7500 0.6956 -2.1033 0.7789 1.34 -2.00 9.50 166 412 377 439 212 
0.9707 -0.1333 -0.0292 -0.1978 25.56 7.06 18.69 2.48 1.52 15.80 0.4300 5.2100 5.2600 -4.5356 1.3222 -2.0089 0.91 -5.65 7.96 166 409 376 437 212 
0.8459 -0.4109 0.0897 -0.3281 45.44 7.81 58.13 5.67 -5.45 -1.02 4.1300 2.6400 -4.9900 -3.9544 1.2722 -0.4344 1.61 -9.40 2.24 166 413 379 440 212 
0.6633 -0.6437 0.1873 -0.3325 53.63 10.44 86.12 2.37 -11.19 -9.52 0.8100 -1.4600 -9.9800 1.5822 -0.5811 0.2789 1.62 -9.55 1.51 166 410 380 438 212 
0.7419 -0.5703 0.1441 -0.3217 43.38 8.88 64.44 5.10 -2.24 -2.48 4.6800 7.5500 -4.8500 5.7333 -1.4344 1.1367 1.70 -6.30 7.31 167 410 372 436 210 
0.9425 -0.2369 -0.0563 -0.2290 24.19 12.00 19.44 -1.49 3.21 26.04 -5.2000 5.7100 13.6400 -0.5211 -0.4944 0.2644 1.86 -2.80 9.20 166 413 375 432 212 
0.9567 -0.1978 -0.0618 -0.2043 26.19 11.63 23.81 -0.27 -4.17 7.00 -2.6400 -0.5100 -2.1200 -1.9133 0.0911 -1.5678 2.34 -4.99 8.10 157 373 358 360 201 
;
