0.3488 0.1836 0.1614 0.9047 222.19 12.63 -25.50 1.89 3.99 8.83 -0.1100 -0.0100 -0.2000 0.1133 -0.3522 0.0489 2.36 4.18 8.54 156 286 267 297 195 
0.3499 0.1982 0.1606 0.9014 222.37 14.13 -26.19 2.33 4.25 8.50 -0.1300 0.0400 -0.0500 -0.0233 0.0456 0.0033 2.37 4.18 8.54 156 291 273 296 195 
0.3500 0.1978 0.1602 0.9015 222.75 14.75 -26.19 0.96 3.14 9.97 -2.4900 -0.3900 3.6700 -0.3278 -3.4500 -0.6067 4.39 4.00 7.79 160 232 159 181 160 
0.3898 0.3399 0.0147 0.8558 228.19 43.56 -13.44 20.27 2.20 7.85 13.9100 7.3400 -1.3200 0.3822 -5.5311 6.4544 8.89 -2.82 3.02 115 216 152 170 134 
-0.0443 0.5029 -0.3054 0.8074 163.94 45.25 60.69 0.65 4.83 -4.48 -6.6700 9.7200 -7.3400 4.5178 -1.0689 4.7833 4.20 -6.92 5.52 112 248 161 173 134 
-0.4731 0.3391 -0.2151 0.7842 112.87 17.87 40.75 1.32 0.84 9.37 -2.0600 5.8200 2.3700 1.7200 -0.8967 1.2511 3.06 -5.37 7.61 115 252 163 175 135 
-0.6008 0.3175 -0.1049 0.7261 99.56 20.06 33.94 2.83 -2.76 8.40 -1.2500 1.9900 1.1000 0.3678 0.3500 -0.1444 3.30 -4.90 7.82 117 252 162 176 135 
-0.6072 0.3123 -0.0779 0.7264 100.56 21.44 32.00 3.45 -1.54 8.80 0.3800 3.4900 1.3100 -0.6222 -0.0678 -0.6322 3.76 -5.00 7.54 120 264 162 177 135 
-0.5450 0.3253 -0.1200 0.7634 111.56 22.00 38.75 13.50 0.27 6.45 9.4200 5.6400 -1.1600 -3.5022 0.3689 0.7089 3.50 -7.42 5.35 119 261 162 179 135 
-0.4447 0.4064 -0.3382 0.7230 119.19 15.13 66.87 -5.66 -12.80 -3.72 -7.9600 -4.7600 -7.8400 -1.5789 -0.4467 -0.6111 2.88 -9.07 2.36 121 258 162 177 136 
-0.3413 0.4337 -0.4321 0.7132 129.62 19.62 73.87 4.27 -8.10 3.54 -0.1800 1.0200 1.3200 -0.1456 0.5522 -0.1111 3.32 -8.83 2.67 153 257 163 194 159 
-0.3172 0.4306 -0.4333 0.7255 136.62 22.06 74.37 3.89 -5.97 3.05 0.6100 1.4500 0.4700 -0.6033 -0.9800 -0.6778 4.41 -8.59 1.67 97 195 182 198 145 
-0.2153 0.4527 -0.4301 0.7508 148.31 32.38 74.31 10.76 -8.77 -2.64 6.7000 -1.0700 -0.2700 2.4778 0.9644 -1.0656 6.03 -7.02 3.21 95 224 225 249 173 
-0.2725 0.4917 -0.2551 0.7867 140.06 40.69 54.06 5.02 -4.34 0.76 2.5700 2.2200 -2.4500 3.2167 -2.7467 0.2733 6.99 -4.90 4.81 89 191 188 197 138 
-0.4105 0.4712 -0.0170 0.7805 119.81 45.31 31.19 11.28 3.40 3.37 6.7700 8.1400 -2.2600 4.3578 -1.2244 2.3756 6.85 -2.65 6.48 93 192 189 197 136 
-0.6385 0.3849 0.1891 0.6390 83.56 50.56 22.56 -0.83 3.91 20.57 -4.6500 5.6900 4.4600 -1.2244 -1.0444 -0.3867 7.50 -2.81 5.65 93 187 189 197 136 
-0.5989 0.4155 0.1636 0.6648 101.19 48.56 25.06 8.81 3.61 7.87 1.8000 6.7200 0.5400 -3.1100 0.9911 -2.4189 7.29 -2.77 5.93 94 188 190 199 136 
-0.3867 0.4365 0.0260 0.8120 134.31 47.50 27.19 12.64 -2.87 -5.94 5.2100 -1.2700 -12.5900 -0.9556 0.1922 -1.4000 7.63 -2.89 5.43 95 188 187 197 135 
-0.2587 0.4910 0.0201 0.8316 145.31 57.69 17.06 10.23 -3.30 5.51 -0.2000 -3.2500 -0.1100 2.6378 -3.5267 0.6556 9.13 -0.59 3.51 95 184 180 186 131 
-0.3158 0.5400 0.1823 0.7586 134.00 70.19 11.75 9.55 -1.78 3.33 -1.4000 -1.9100 0.7900 -0.2111 1.5422 -0.4422 9.07 -0.52 3.68 96 187 190 196 137 
-0.2966 0.5369 0.1683 0.7717 139.87 68.00 7.06 4.60 0.65 6.94 -2.5600 1.4100 2.9800 -1.9233 2.2678 -2.3589 8.47 0.60 4.89 110 250 225 244 176 
-0.1116 0.4591 0.1447 0.8694 173.62 50.81 -19.75 4.44 5.90 5.31 4.7700 7.0800 0.0600 -2.1856 3.5578 -5.1300 5.31 3.29 7.55 148 295 252 267 185 
;
