-0.0018 -0.0011 0.2540 0.9672 179.81 -0.06 -29.37 -0.16 4.83 8.46 0.0400 0.0500 -0.0600 0.0089 -0.0333 0.0389 0.00 4.81 8.54 148 355 355 386 210 
-0.0022 0.0002 0.2542 0.9672 179.75 0.13 -29.44 0.02 4.87 8.36 -0.1900 0.0100 -0.1800 0.2489 -2.2722 -0.2267 1.04 4.95 8.39 147 330 342 370 205 
0.0356 0.1303 0.2632 0.9552 186.19 17.12 -31.06 3.30 4.27 13.24 -0.2200 -0.9000 6.5000 -0.1256 -4.8211 -0.0489 5.23 4.72 6.81 156 282 231 233 198 
0.1447 0.4766 0.1953 0.8448 202.69 57.00 -51.63 19.39 7.42 4.16 7.4500 5.0000 1.4600 -1.7167 -2.6300 3.1644 9.51 1.91 1.41 154 216 152 158 166 
0.0752 0.6965 -0.0606 0.7110 183.06 82.12 85.25 8.53 6.77 -7.79 -2.2400 8.9200 -7.1600 3.6189 0.8200 5.7833 8.22 -5.10 1.56 112 267 153 161 151 
-0.3630 0.5529 -0.1804 0.7280 116.56 35.50 56.88 0.90 1.16 1.87 -5.0100 7.6700 -2.7500 3.7733 0.7656 2.6867 3.93 -5.88 6.78 104 280 152 162 150 
-0.6511 0.3341 -0.0739 0.6775 89.50 18.75 31.87 0.18 -1.52 8.31 -2.8600 3.0800 0.5000 1.8178 -0.3456 0.8711 2.77 -4.00 8.50 120 269 155 167 152 
-0.7269 0.2445 -0.0203 0.6414 81.94 16.94 23.25 0.41 -1.63 9.31 -1.7800 2.0200 0.5200 -0.1922 -0.0522 -0.3667 2.66 -3.72 8.67 123 265 158 169 154 
-0.7096 0.2319 -0.0389 0.6642 87.62 14.63 23.31 3.12 -1.28 10.81 0.6800 3.0600 2.6500 -1.1122 0.9811 -0.8400 2.10 -4.12 8.64 120 213 163 171 156 
-0.6480 0.2474 -0.1138 0.7112 96.87 10.88 32.75 4.87 -1.52 8.89 6.0100 3.8400 -0.5500 -3.5922 -2.7678 2.1789 2.25 -7.20 6.25 125 214 160 172 154 
-0.6823 0.4236 -0.2189 0.5542 74.69 8.50 58.81 -6.92 -10.87 3.50 -8.5900 -3.2100 -1.0800 -0.5267 0.8544 -0.9811 1.57 -8.51 4.59 127 218 165 175 157 
-0.6226 0.4431 -0.2613 0.5897 90.12 12.94 60.63 -0.02 -6.77 5.18 -3.7000 2.2100 0.1700 2.0900 -0.9733 -2.2200 3.73 -7.22 5.48 141 249 161 196 181 
-0.5314 0.4500 -0.1057 0.7099 111.50 36.13 45.38 7.43 -4.37 3.80 1.5800 0.2100 -1.9200 -1.6222 1.2756 -3.0989 6.59 -4.67 5.55 93 235 232 242 184 
-0.3439 0.4241 -0.0719 0.8347 135.69 39.81 29.87 11.01 -7.16 3.61 3.2700 -4.0600 -3.1300 2.4056 -1.9956 0.5411 6.84 -2.87 6.40 91 177 164 187 139 
-0.4367 0.4469 0.0940 0.7750 114.12 59.06 23.00 15.19 2.12 -3.21 -1.4000 2.7300 -7.3300 6.4622 -5.7967 0.5344 9.67 -0.96 1.30 94 165 166 184 132 
-0.5375 0.4956 0.5511 0.4022 66.31 81.44 155.44 9.75 5.08 -4.28 2.5300 6.3900 -4.2300 4.1078 -1.3811 -0.6144 9.56 -0.59 -2.06 96 169 180 186 137 
-0.6008 0.2888 0.7093 0.2292 38.25 80.12 170.69 12.74 14.26 6.67 1.7900 7.0100 1.9300 -1.6611 0.2711 1.0000 9.56 -1.03 -1.90 97 174 170 190 140 
-0.5985 0.3495 0.6646 0.2793 56.31 82.81 168.31 9.12 5.10 -4.44 0.1000 4.6700 -3.6300 -3.2522 -0.5744 -0.2256 9.66 0.18 -1.64 98 175 183 190 142 
-0.4704 0.4832 0.6143 0.4097 85.31 73.31 -168.50 10.40 -4.44 -6.91 0.7100 -6.3500 -4.2400 -1.1956 -1.5078 -0.4922 8.88 1.13 -4.00 98 174 178 189 142 
-0.3524 0.5397 0.6632 0.3805 90.94 59.69 -166.69 10.44 -1.60 -4.70 1.3800 -1.4400 0.8300 2.5122 0.8489 -1.5478 8.52 1.13 -4.71 99 174 179 190 142 
-0.4348 0.4142 0.7462 0.2872 64.87 62.50 -174.94 8.70 -0.56 -5.51 -0.9800 -2.7100 -0.9500 -0.7833 1.1378 -0.7489 8.90 0.92 -4.00 101 181 189 194 149 
-0.4379 0.4273 0.7204 0.3267 78.44 66.75 -162.94 10.07 5.20 -1.10 -0.3400 3.2800 2.7200 -3.2933 1.2933 0.4689 9.40 1.78 -2.14 111 193 183 213 169 
-0.3920 0.5284 0.5357 0.5294 109.00 82.31 -133.06 7.17 -1.52 -1.07 -4.6500 -3.2400 -0.0600 -2.4111 -2.1933 3.7267 9.48 -1.63 -1.85 170 324 268 293 190 
-0.3406 0.7934 0.2891 0.4135 97.75 46.19 151.37 2.93 0.18 -8.15 -0.7000 5.0700 -0.3900 -3.4100 -2.5944 1.9756 4.38 -2.04 -8.52 178 288 262 308 205 
-0.0518 0.9665 0.1700 0.1852 159.56 18.37 179.87 2.92 3.94 -14.18 0.3200 2.1700 -5.4300 -1.7789 -2.8289 -0.3800 1.22 1.79 -9.56 180 294 278 304 207 
0.1125 0.9771 0.1747 0.0472 159.44 2.19 -165.56 1.02 1.67 -13.04 0.7100 -0.9000 -3.4200 0.0756 -0.4500 0.0133 0.29 2.53 -9.46 180 296 275 303 207 
0.1182 0.9751 0.1833 0.0396 158.94 1.62 -166.94 4.45 -0.51 -14.42 2.6000 -3.5200 -6.7800 1.1656 0.4667 0.3367 0.59 1.42 -9.68 179 298 272 300 205 
0.0195 0.9856 0.1586 0.0555 162.94 7.94 179.44 3.75 2.62 -22.64 3.5600 6.7100 -11.1800 5.7933 3.3633 2.4422 3.19 -3.71 -8.49 186 383 322 384 207 
-0.4366 0.8658 0.0478 0.2397 49.75 26.19 103.44 -4.59 3.07 0.08 -9.9300 10.4900 1.5500 3.9267 0.8778 0.6378 3.89 -8.87 1.51 194 402 348 417 208 
-0.7130 0.6237 -0.0057 0.3204 47.75 22.94 74.94 1.44 -4.96 3.35 -1.9700 3.2100 0.6800 -0.2100 0.3778 -0.1022 3.83 -8.68 2.45 193 406 367 414 210 
-0.7197 0.6155 0.0000 0.3213 48.31 23.62 75.50 2.94 -7.80 2.46 -1.3100 1.6100 0.2600 -0.0711 -0.4767 -0.1933 4.09 -8.66 2.06 193 402 368 413 208 
;
