0.9514 0.0491 -0.2112 -0.2188 25.94 22.56 -11.56 3.75 1.70 8.83 0.0300 0.0000 -0.0100 0.0267 -0.2533 -0.0133 3.92 1.82 8.79 156 329 340 352 202 
0.9484 0.0456 -0.2240 -0.2198 26.06 23.75 -11.50 3.39 1.88 8.82 -0.7300 -0.0500 -0.0500 -0.3244 -0.7244 0.1356 4.33 1.57 8.65 158 304 293 321 198 
0.9390 -0.0167 -0.2572 -0.2277 28.31 30.81 -0.56 6.97 -2.61 16.84 4.4900 -4.2800 8.7500 -3.6078 -0.5556 0.5878 5.21 -2.47 7.92 166 270 163 185 147 
0.8931 -0.3019 -0.2244 -0.2467 28.06 32.44 38.88 8.88 -3.42 3.20 1.2800 1.1000 -4.9500 -1.6933 1.6311 4.4733 2.86 -7.43 5.71 149 227 151 174 131 
0.9044 -0.4233 -0.0424 -0.0334 359.50 -0.25 47.81 -0.93 -5.00 1.37 0.4500 2.9100 -4.2300 2.1722 0.0456 2.4644 -1.37 -6.05 7.58 131 225 161 175 131 
0.9440 -0.2947 0.0540 0.1381 340.44 -10.63 30.56 -1.72 -0.77 8.55 0.0400 3.7000 0.7100 0.5000 -0.6333 0.9722 -1.77 -4.34 8.60 127 242 162 176 131 
0.9434 -0.2418 0.0327 0.2248 332.81 -9.50 26.56 -2.21 -3.08 10.17 -0.5400 1.1800 1.5900 -0.2656 0.1511 -0.1678 -1.58 -4.45 8.59 128 262 165 177 135 
0.9459 -0.2487 0.0361 0.2053 337.00 -10.06 27.75 -0.42 -2.41 9.97 1.7500 2.3600 1.3600 -0.2456 0.9211 -1.0700 -1.76 -4.73 8.40 127 263 163 179 136 
0.9512 -0.2770 0.0634 0.1199 347.81 -11.38 33.13 -1.04 -3.99 7.41 3.5000 1.3100 -1.6500 -1.1300 0.3989 -0.5700 -2.00 -6.15 7.37 126 257 164 181 137 
0.9203 -0.3745 0.0754 0.0842 348.12 -11.88 45.38 -6.65 -8.40 2.75 -5.3300 -1.5000 -3.2200 -1.3289 0.0544 0.5222 -2.37 -7.59 5.73 125 253 164 182 137 
0.8689 -0.4742 0.0667 0.1252 344.31 -12.06 57.00 -2.38 -8.67 3.75 -0.4500 -0.4300 -1.5800 -0.3444 -0.8844 -0.7078 -1.31 -8.28 5.08 132 245 170 186 143 
0.8691 -0.4842 -0.0112 0.1006 346.69 -1.50 56.81 -1.08 -9.39 4.30 -0.9100 -1.7700 -2.1400 0.9556 -2.8667 -1.7778 1.83 -7.74 5.73 158 259 223 256 185 
0.8937 -0.3789 -0.2192 0.0984 347.75 22.25 45.88 5.27 -6.05 4.16 1.5300 0.5400 -1.9800 2.6844 -3.4022 -0.6133 5.84 -4.78 6.25 176 373 365 415 208 
0.8774 -0.1328 -0.4279 0.1718 335.81 47.44 30.56 9.27 -1.00 3.99 3.0300 1.7300 -0.2000 2.3000 -2.2867 0.1811 8.28 -2.31 4.71 188 403 370 434 213 
0.7949 0.0520 -0.5390 0.2737 321.12 63.00 26.19 8.53 1.20 3.45 -0.1600 3.5700 -0.2000 0.3678 -0.4422 0.0356 8.85 -1.80 3.80 194 408 362 434 213 
0.7881 0.0818 -0.5441 0.2758 322.31 64.12 23.56 10.58 2.00 3.19 -0.0600 3.5800 -0.6400 -1.3711 0.7733 -0.2811 8.54 -2.01 4.36 192 400 375 436 213 
0.8362 -0.0258 -0.5140 0.1895 338.19 55.44 29.06 8.52 -3.48 1.74 1.4300 0.9500 -0.3900 -3.1989 1.7578 0.2433 7.09 -4.17 5.33 186 270 262 310 186 
0.8748 -0.3311 -0.3536 0.0074 1.62 37.38 55.75 5.80 -8.18 0.39 -0.1600 -0.3700 -3.0600 -1.1200 -1.7122 1.3156 5.69 -7.49 2.75 187 273 269 334 191 
0.7879 -0.4831 -0.3799 0.0394 354.50 33.44 73.25 3.47 -10.35 1.54 -1.0800 -2.0500 -0.4500 -0.1822 0.2844 0.0433 5.28 -7.92 2.31 190 279 281 336 191 
;
