0.3874 0.1737 0.1499 0.8929 226.75 11.06 -24.06 1.26 4.56 8.92 -0.5900 0.6000 0.2200 -0.0800 -0.0500 0.0900 1.90 3.85 8.81 152 278 286 299 190 
0.3850 0.1718 0.1417 0.8957 226.50 12.06 -22.94 0.68 4.36 9.18 -1.2600 0.7100 0.9000 -0.8200 -2.1567 0.4089 3.16 3.31 8.67 149 284 243 271 190 
0.3898 0.2786 0.0444 0.8766 228.19 34.44 -17.87 16.68 -0.41 15.51 11.6200 -1.7600 5.4500 -1.3911 -5.4989 3.6633 8.69 -0.36 4.51 147 268 159 167 142 
0.1232 0.5381 -0.2721 0.7881 187.12 60.25 59.25 6.34 4.95 -4.77 -4.8300 10.6000 -9.9700 4.3656 -2.4056 7.3444 4.70 -7.54 4.12 105 308 162 169 142 
-0.4442 0.3556 -0.2546 0.7820 114.06 15.81 42.25 1.10 3.90 6.85 -0.8700 9.5400 -0.3900 2.8600 -0.5367 1.3656 2.30 -4.72 8.27 112 284 167 174 144 
-0.6208 0.2340 -0.0916 0.7426 98.44 13.94 25.56 0.59 -1.22 10.18 -1.5900 3.1300 0.9600 -0.5956 -0.4133 0.2933 2.51 -4.34 8.42 111 283 167 174 146 
-0.6359 0.2455 -0.0933 0.7256 98.06 13.44 27.75 4.00 -4.27 8.22 2.0300 0.1800 -0.2100 -0.1200 0.1522 0.1400 2.34 -4.58 8.34 112 284 170 177 146 
-0.6349 0.2540 -0.1017 0.7225 98.00 13.44 28.62 1.25 -0.66 9.52 -1.3200 4.3600 1.0700 -0.0400 0.4389 -1.4000 2.32 -4.42 8.43 115 286 173 178 148 
-0.5565 0.2526 -0.1112 0.7837 112.87 16.87 29.75 18.22 0.24 9.38 6.6600 4.0500 0.1500 -2.7622 -2.9378 0.5111 3.03 -6.02 7.11 118 281 173 177 149 
-0.4649 0.2993 -0.2779 0.7856 125.62 7.69 49.19 -7.06 -12.99 -1.07 -5.8600 -4.8400 -6.1500 -0.8156 0.6744 -1.1678 1.58 -7.77 5.76 116 286 173 177 148 
-0.3409 0.2715 -0.3683 0.8212 135.25 11.50 53.50 1.53 -7.49 6.42 -0.2200 0.4800 0.6100 -0.1967 -1.0511 0.2356 2.22 -7.80 5.50 122 279 175 182 152 
-0.3609 0.3182 -0.3423 0.8070 131.12 18.12 53.31 -2.40 -5.13 0.36 -7.2200 2.3000 -6.6400 1.1744 -6.5778 -0.9333 5.60 -6.76 4.35 169 269 264 303 209 
-0.4430 0.6310 -0.0607 0.6339 95.56 50.75 94.19 1.73 -6.07 -7.27 -1.8100 3.4200 0.7200 -2.9389 -9.6111 0.2056 4.67 -5.64 -6.51 184 291 304 397 213 
-0.1589 0.9327 0.2615 0.1910 145.75 22.81 176.00 15.43 12.92 -26.91 7.0800 9.8400 -19.5900 -0.4556 -3.9811 0.8733 1.51 1.54 -9.56 183 298 306 398 215 
0.0408 0.9601 0.2648 0.0807 149.19 7.31 -172.56 1.69 0.87 -10.08 1.9400 -0.5300 -1.1800 -0.0367 0.2833 -0.0578 1.35 1.32 -9.62 182 299 304 396 214 
;
0.0410 0.9597 0.2661 0.0817 149.06 7.94 -173.37 2.27 2.20 -8.73 0.2200 1.1600 1.3300 0.1889 0.2756 -0.0033 1.47 0.93 -9.65 182 302 305 397 215 
0.0260 0.9600 0.2649 0.0867 149.81 8.69 -174.37 1.37 1.61 -8.68 -0.0100 0.7400 0.5700 -0.0322 -0.1356 0.0122 1.43 1.06 -9.64 181 299 304 394 214 
0.0349 0.9640 0.2493 0.0858 151.19 8.44 -173.56 2.28 1.43 -9.09 0.6600 0.3100 0.3600 -0.0589 0.0911 -0.0322 1.60 1.16 -9.60 179 301 302 393 214 
0.0388 0.9644 0.2419 0.0998 152.00 10.13 -172.75 1.95 1.37 -9.31 0.4600 0.3500 0.3200 0.0267 0.0411 0.1067 1.79 1.23 -9.56 181 301 301 388 215 
0.0402 0.9656 0.2332 0.1075 152.94 11.06 -172.44 2.05 1.61 -9.02 -0.2600 0.1700 0.3500 0.0022 0.0178 0.0722 1.97 1.31 -9.51 180 298 301 388 213 
0.0433 0.9655 0.2277 0.1189 153.19 13.00 -171.62 1.11 1.18 -9.36 -0.3700 0.3700 0.3600 0.1944 -0.1756 -0.0022 2.31 1.32 -9.43 179 298 299 382 214 
0.0421 0.9622 0.2333 0.1345 153.06 13.25 -171.75 3.02 1.74 -9.21 2.0900 1.3300 0.7400 -0.6644 1.9422 -0.1667 3.17 1.66 -9.12 171 298 278 328 204 
0.0408 0.8848 0.2476 0.3926 180.81 62.94 -133.87 -1.52 1.24 -6.45 -3.7700 1.3900 3.2400 2.5867 7.0844 -1.8133 8.01 5.02 2.58 175 320 204 213 179 
-0.1168 0.4789 0.3727 0.7863 158.56 59.88 -50.94 18.43 6.47 4.93 5.4200 1.4600 -2.9500 -1.6667 2.3156 5.6978 8.23 -0.70 5.27 155 269 171 190 153 
-0.4293 0.4295 0.0446 0.7932 118.75 41.50 27.50 -0.53 -0.63 -0.37 -7.3600 2.6500 -7.4800 1.1944 1.0400 2.2244 4.38 -4.21 7.69 123 276 171 195 153 
-0.5871 0.3006 -0.0652 0.7488 102.69 21.06 28.75 4.31 -0.96 6.56 0.5600 3.5200 -1.1200 -0.0444 0.9700 0.1100 3.15 -4.38 8.18 125 275 176 197 154 
-0.5909 0.2654 -0.0806 0.7576 106.37 17.37 27.12 5.92 3.26 14.87 3.6300 7.6100 7.0600 -1.9322 1.3956 -1.6589 2.77 -4.88 8.03 124 277 177 199 158 
-0.4857 0.3040 -0.2031 0.7940 116.56 14.38 44.88 2.31 -7.04 0.09 -3.8200 -0.8800 -5.8800 -2.5033 2.3311 0.2544 1.14 -7.97 5.58 126 277 179 199 157 
-0.4340 0.3145 -0.3860 0.7509 122.31 9.56 60.19 0.35 -10.81 2.08 -0.8900 -1.5900 -1.2500 0.3422 -0.3411 -0.8033 2.23 -8.19 4.90 128 282 178 203 158 
-0.3915 0.3362 -0.3734 0.7709 125.12 13.13 59.88 2.23 -7.60 4.06 -0.5600 0.8800 -0.9500 0.1333 -0.4933 -0.0744 2.46 -8.22 4.73 130 279 180 205 159 
-0.4166 0.3776 -0.3301 0.7582 120.00 20.62 57.81 -3.18 -5.64 -1.84 -7.6400 2.5600 -6.1700 2.0500 -6.2922 -1.5611 6.10 -6.66 3.80 168 302 237 266 179 
-0.4915 0.6319 0.0102 0.5992 95.00 53.94 88.00 0.56 -1.01 -3.98 -5.0100 5.7900 -1.1800 -3.7100 -9.9933 -0.7767 5.32 -3.95 -7.22 180 291 286 332 197 
-0.0807 0.9481 0.2679 0.1514 147.37 19.25 -175.94 8.85 8.70 -23.19 9.1100 5.9200 -11.2800 -2.0111 -1.3978 0.1878 1.07 2.96 -9.28 184 304 288 341 203 
0.1349 0.9545 0.2523 0.0847 149.37 6.44 -163.25 2.44 1.77 -9.13 1.6500 -0.5000 0.7200 0.1411 0.2244 0.0800 1.35 2.58 -9.36 184 310 293 339 204 
0.0976 0.9542 0.2637 0.1019 149.25 8.38 -166.56 1.53 3.00 -8.59 0.0500 0.7000 0.8800 0.1756 0.0700 0.1067 1.51 2.14 -9.44 185 309 291 334 202 
0.0806 0.9584 0.2546 0.1004 150.44 8.56 -168.12 1.82 1.82 -8.95 0.3400 -0.1500 0.6300 0.1144 0.0067 0.1533 1.47 1.90 -9.50 185 308 290 334 201 
;
