0.6185 0.1640 -0.1848 -0.7460 100.12 -2.06 -29.12 -1.26 4.52 8.91 -0.2700 -0.0700 0.2000 -0.0233 0.0678 0.0056 -0.50 4.79 8.53 163 317 307 308 208 
0.6233 0.1843 -0.1758 -0.7394 99.75 -3.19 -29.31 -0.56 4.90 8.53 0.0100 0.0700 0.0100 0.0033 0.0044 0.0011 -0.56 4.80 8.53 161 317 311 310 208 
0.6226 0.1855 -0.1748 -0.7399 99.81 -3.12 -29.31 -2.87 4.23 9.10 -2.3200 -0.2800 1.2900 0.2733 -1.7511 0.0989 0.45 4.91 8.47 162 299 248 270 205 
0.5867 0.0676 -0.2827 -0.7559 106.94 22.56 -33.13 6.80 6.20 15.80 4.6400 2.5100 11.0300 -3.7644 -4.4811 1.7311 7.04 2.53 6.33 152 216 126 151 124 
0.5193 -0.3878 -0.2485 -0.7198 103.00 56.75 19.94 18.68 4.28 1.58 7.7400 8.7400 -5.2600 -1.0656 0.6533 5.0889 6.89 -5.02 4.83 114 224 141 161 126 
0.7287 -0.5032 -0.0848 -0.4567 54.00 28.75 54.75 1.36 1.65 -2.63 -3.6300 8.4800 -6.2700 2.6433 -1.0578 3.9722 2.72 -7.15 6.12 116 238 146 162 128 
0.9089 -0.3715 -0.0452 -0.1837 19.56 11.31 39.13 -1.78 -2.90 8.53 -2.8000 2.4600 1.0300 1.3433 -0.4378 0.5678 1.90 -5.31 8.02 116 243 143 164 128 
0.9510 -0.2773 -0.0753 -0.1144 12.50 12.88 30.56 2.83 -3.19 9.53 -0.2000 0.8400 0.7200 0.3011 -0.4144 0.1867 2.38 -4.65 8.29 118 251 148 165 128 
0.9579 -0.2521 -0.1064 -0.0871 11.56 13.50 28.25 1.67 -2.92 9.45 -0.4800 1.7800 1.2000 -0.1789 0.0656 -0.7822 2.19 -4.51 8.42 120 257 152 167 129 
0.9509 -0.2587 -0.0594 -0.1590 21.56 9.88 29.69 3.79 -0.56 10.19 2.3000 3.7800 1.5200 -1.7178 0.1822 -0.8211 1.68 -5.63 7.85 121 254 151 169 130 
0.9043 -0.3646 -0.0154 -0.2214 27.25 11.31 46.06 0.19 -9.41 1.53 -1.8600 -3.2500 -5.9100 -1.9089 -0.2611 0.0433 2.10 -7.99 5.27 121 252 156 170 131 
0.8445 -0.4911 -0.0135 -0.2131 29.87 14.13 57.38 2.30 -9.49 4.51 -0.7600 -1.2000 -0.3600 0.2822 -0.1256 -0.3822 2.62 -7.81 5.31 122 254 157 172 133 
0.8433 -0.4741 -0.0198 -0.2523 34.00 16.62 54.75 1.49 -6.27 2.40 -1.8900 1.5600 -4.0500 1.3633 -1.0056 -1.4700 3.87 -6.96 5.71 147 224 170 184 160 
0.8447 -0.4043 -0.1308 -0.3255 46.19 32.13 35.50 3.80 -0.60 2.09 -0.1500 3.5400 -4.9500 4.3689 0.3011 -3.1189 5.89 -0.71 7.80 161 244 214 225 174 
0.8422 -0.0765 -0.3147 -0.4311 50.75 34.88 -28.00 9.17 11.09 10.63 3.0700 5.4100 3.8600 4.7056 -0.2189 1.3278 5.77 6.08 5.07 175 263 250 243 178 
0.8095 0.2657 -0.4772 -0.2153 24.56 45.56 -59.00 6.92 7.70 6.01 -0.0200 2.1000 3.8200 -1.8033 -0.4400 3.8722 8.53 3.22 3.60 183 197 205 204 152 
0.8401 0.0263 -0.5408 -0.0312 357.56 65.25 9.00 3.51 -1.16 1.77 -6.0500 0.7500 0.1600 -0.0600 -0.1722 3.7400 8.34 -3.29 3.95 195 176 163 180 131 
0.8240 -0.1684 -0.5270 0.1221 348.75 56.94 47.00 -1.61 -0.24 3.51 -9.4300 4.1100 -1.2800 -2.7856 -1.6122 -4.1311 9.30 -2.23 2.12 198 171 169 182 133 
0.7253 -0.1844 -0.6334 -0.1968 40.00 80.81 -34.13 26.30 7.78 -4.68 13.6700 3.9100 -3.6900 0.2078 -1.8322 0.3744 9.70 1.37 0.22 200 176 176 186 134 
0.6592 -0.1841 -0.6819 -0.2581 42.13 84.25 -5.50 8.36 0.70 0.88 -1.5900 -0.3500 0.3700 0.0022 -0.0900 0.3222 9.77 0.74 0.30 200 178 178 187 134 
0.6686 -0.1992 -0.6717 -0.2494 40.94 85.87 -3.94 9.61 0.46 -0.58 -0.3000 -0.3300 -1.1800 0.1878 -0.0900 -0.0711 9.77 0.74 0.14 198 178 178 187 135 
0.6693 -0.1899 -0.6743 -0.2476 40.19 85.37 -4.50 10.10 1.38 0.45 0.5500 0.5800 0.3000 -0.0178 0.0378 0.0200 9.77 0.73 0.14 199 179 179 188 136 
0.6702 -0.1930 -0.6737 -0.2444 40.06 85.87 -3.87 9.22 0.83 0.12 -0.4400 0.1900 -0.1500 -0.2533 -0.0311 0.1144 9.78 0.59 0.23 199 180 182 188 137 
0.6682 -0.2089 -0.6681 -0.2521 41.88 86.56 -3.31 9.82 1.11 -0.10 0.2700 0.6200 -0.1800 -0.1878 -0.0467 -0.2256 9.78 0.70 0.08 194 181 185 188 138 
0.6646 -0.2087 -0.6531 -0.2972 50.81 81.37 -56.75 15.09 3.61 4.53 6.0100 2.3900 4.1400 -2.4667 0.3822 0.4344 9.71 0.87 1.03 162 232 177 193 145 
0.6511 -0.3175 -0.5788 -0.3745 59.81 83.69 1.31 10.35 -1.74 -6.63 -0.6400 -1.5000 -7.8400 2.2489 -1.3789 2.1644 9.67 -1.58 0.19 109 374 190 193 146 
0.7080 -0.3403 -0.5762 -0.2256 28.00 72.50 54.81 3.46 -1.37 -1.73 -4.3600 2.0400 -1.8700 4.6589 -0.1100 0.8600 9.14 -2.41 2.58 111 388 198 195 144 
0.8101 -0.1395 -0.5694 -0.0098 358.56 67.19 29.06 7.21 1.51 3.60 -0.3200 2.3900 -0.1300 1.3933 -0.6767 0.4778 9.11 -1.73 3.16 91 387 205 194 144 
0.8096 -0.0558 -0.5806 0.0663 351.00 69.31 26.44 9.56 -1.42 2.47 0.4700 0.2000 -0.8900 0.1000 -0.0178 -0.6322 9.23 -1.11 3.09 87 391 199 195 145 
0.8139 -0.0377 -0.5793 0.0224 358.19 70.25 13.38 11.27 2.11 2.66 2.6300 3.4700 -0.9200 -1.1067 1.2167 -0.7400 9.04 -0.51 3.75 112 405 208 196 146 
0.8346 -0.0597 -0.5434 -0.0682 9.75 66.37 2.87 8.99 -2.13 3.73 0.4800 -2.1800 0.7100 -1.4878 -1.0278 0.6878 9.20 -0.79 3.29 117 393 204 196 144 
0.8200 -0.1241 -0.5457 -0.1201 20.31 66.37 8.69 6.82 -4.07 4.93 -0.8800 -2.9000 0.9400 -0.7578 0.0078 -0.2144 8.98 -0.59 3.88 116 394 207 197 145 
0.8146 -0.1630 -0.5249 -0.1853 25.62 65.94 10.94 8.65 -0.85 4.13 -0.8200 -0.0700 0.0600 -0.3889 -0.1289 0.4222 8.95 -1.08 3.85 117 394 206 197 145 
0.8115 -0.1952 -0.5208 -0.1793 24.94 67.12 21.75 6.22 -0.81 3.05 -3.7500 0.5200 -0.1700 -0.9178 -0.3189 -0.7111 9.27 -1.28 2.90 128 387 181 203 149 
0.7524 -0.2400 -0.5626 -0.2444 41.38 75.25 6.75 7.82 -1.23 -0.34 -1.5700 -1.3500 -3.2400 -1.6044 1.2856 -3.5022 9.07 1.75 3.28 150 350 213 224 169 
;
