-0.2159 -0.0566 0.3995 0.8892 152.69 4.06 -47.44 0.62 7.26 6.50 -0.0700 0.0700 -0.1000 -0.0044 0.0044 -0.0033 0.70 7.20 6.61 164 377 366 406 210 
-0.2156 -0.0565 0.3995 0.8892 152.69 4.06 -47.44 0.64 7.29 6.51 -0.0700 0.0500 -0.1300 -0.0189 0.0100 -0.0156 0.70 7.20 6.61 163 376 367 406 211 
-0.2155 -0.0558 0.4003 0.8890 152.75 5.25 -47.88 0.10 8.72 7.93 -0.9600 2.0100 2.1700 -0.5500 -3.3967 1.5589 3.04 6.99 6.16 163 307 269 318 214 
-0.1724 0.2029 0.4175 0.8688 160.12 35.31 -49.00 11.72 9.02 13.42 8.4700 5.5700 9.2400 -4.2056 -1.6933 1.8100 7.09 3.88 5.53 158 199 141 146 146 
-0.1388 0.4509 0.1583 0.8674 155.81 59.94 0.81 13.59 6.23 -3.57 3.8300 7.7900 -10.3800 0.2067 1.2789 5.2667 7.55 -3.33 5.29 113 211 139 151 143 
-0.4566 0.4495 -0.0389 0.7668 108.94 35.38 39.19 -1.00 -0.66 2.37 -5.0900 4.4800 -2.9300 2.6211 0.5889 3.1800 4.20 -5.05 7.27 117 222 146 163 144 
-0.7121 0.3211 -0.0153 0.6241 80.00 21.19 28.25 3.39 -0.93 9.06 -1.3400 3.1200 1.0600 1.3489 -0.0278 1.2467 2.97 -3.68 8.58 120 238 147 166 146 
-0.7795 0.2427 0.0128 0.5774 72.87 16.81 21.94 2.73 -1.57 9.28 0.4500 2.0000 0.6900 -0.5056 0.5611 -0.1089 2.61 -3.60 8.73 124 239 153 166 146 
-0.7687 0.2339 -0.0116 0.5952 78.06 13.50 22.12 0.14 -1.38 9.88 -1.2900 2.3900 1.0000 -0.2500 -0.1678 -1.0922 2.21 -3.58 8.85 112 252 155 169 149 
-0.7007 0.1953 -0.0688 0.6827 91.25 8.00 22.31 3.30 -0.06 11.26 1.7900 3.9100 2.1700 -1.9056 0.5600 -0.8833 0.92 -4.74 8.53 124 249 156 172 149 
-0.6636 0.3138 -0.1672 0.6582 85.62 10.38 46.75 -5.29 -9.70 -0.20 -10.0500 -4.2700 -5.9900 -1.8100 -0.5356 0.2278 1.49 -8.15 5.24 127 245 154 173 150 
-0.6279 0.4225 -0.2496 0.6041 90.81 12.06 57.75 1.89 -9.58 5.15 0.9900 -0.7300 0.2100 0.0578 -0.3333 -0.5867 2.47 -7.99 5.11 129 247 156 172 151 
-0.5901 0.4312 -0.2324 0.6417 96.12 17.37 56.56 2.00 -8.67 3.62 -1.9100 -1.8700 -2.6800 0.4922 0.9756 -1.1889 3.31 -7.34 5.59 159 243 173 194 177 
-0.5634 0.4418 -0.1383 0.6843 98.81 32.00 48.75 5.61 -9.31 -2.66 1.0300 -2.6600 -6.9300 4.2133 -4.9300 -0.4511 7.30 -4.44 4.79 158 338 320 363 207 
-0.6459 0.5029 0.2740 0.5047 68.62 63.88 49.44 13.14 1.91 0.31 3.3900 4.4200 -2.7800 3.0878 -0.8867 -0.2156 9.09 -2.49 2.68 165 394 352 398 211 
-0.7228 0.3918 0.4583 0.3376 46.06 68.25 44.63 10.32 2.48 3.18 0.4400 4.7900 0.4800 0.6578 0.1444 0.5978 9.01 -2.72 2.73 170 391 344 401 212 
-0.7498 0.3655 0.4863 0.2603 38.06 66.81 49.75 9.14 0.02 2.88 0.6500 3.8500 0.2300 -0.6667 0.4256 -0.4867 9.01 -2.75 2.68 173 356 348 398 213 
-0.7380 0.3805 0.4415 0.3401 52.69 65.56 38.56 11.11 2.96 1.77 3.5200 4.3300 -2.9700 -3.5867 0.8489 -0.9044 8.82 -2.73 3.29 171 313 325 381 209 
-0.6536 0.4748 0.2941 0.5108 82.44 59.06 42.69 8.24 -6.06 -0.59 -0.0300 -3.4400 -4.4000 -4.0478 0.8878 0.5900 8.00 -4.90 2.84 177 243 269 330 214 
-0.5213 0.6173 0.0351 0.5882 96.06 48.00 72.00 2.38 -10.13 -0.19 -4.3600 -3.2000 -1.6800 -1.1800 0.6522 0.5700 6.66 -7.03 1.50 180 267 283 336 217 
-0.5078 0.6511 -0.0581 0.5611 96.12 42.19 78.06 5.03 -7.43 0.78 -1.0200 0.1100 -0.3900 0.1711 -0.1067 -0.3589 6.73 -6.95 1.55 180 270 288 340 216 
-0.4946 0.6433 -0.0516 0.5822 99.50 44.75 76.44 6.42 -4.70 1.83 1.0400 3.2300 0.2000 0.2989 1.3556 -0.8656 7.14 -6.37 2.14 167 275 265 252 206 
-0.4662 0.5720 -0.0309 0.6741 114.56 49.31 51.69 2.25 -5.43 2.44 -4.3100 -0.6100 -1.4600 -0.4222 -1.4056 -2.1322 8.48 -3.53 3.40 99 255 263 246 195 
-0.3537 0.6014 0.0879 0.7110 127.31 69.56 53.25 7.45 -5.98 -3.30 1.7300 -2.1200 -5.4100 1.3956 -3.9322 -0.1989 9.53 -2.25 -0.39 89 160 164 168 129 
-0.3419 0.6971 0.2403 0.5826 115.87 77.06 122.31 7.49 -1.26 -4.67 -1.9500 0.6200 -4.1900 1.7500 -1.6678 -0.7411 9.36 -1.65 -2.39 93 166 170 171 128 
-0.3707 0.6980 0.3812 0.4797 102.06 71.31 154.00 11.56 3.83 -6.64 2.1800 4.9200 -4.1800 2.4122 1.8478 -1.0967 9.64 -0.92 -1.53 95 170 173 178 130 
-0.4929 0.5437 0.4645 0.4955 85.37 85.62 4.31 10.05 2.71 3.81 -1.6400 1.9900 3.5800 2.0467 -1.1267 -0.0856 9.77 -0.81 -0.17 94 172 170 169 120 
-0.5439 0.4809 0.5356 0.4313 76.56 85.69 176.56 9.54 3.20 3.65 -0.8900 3.4600 4.0600 -2.0300 1.3200 -0.8789 9.79 -0.04 0.44 97 177 171 179 130 
-0.4854 0.4867 0.4625 0.5601 104.81 81.50 -30.69 10.57 5.49 -3.15 1.6300 3.8200 -5.5000 -2.3722 0.8133 -1.8711 9.44 1.74 1.96 99 178 174 179 130 
-0.3390 0.4886 0.4106 0.6912 129.25 71.69 -59.00 11.57 -1.13 -5.96 0.5700 -4.8800 -6.1800 1.0922 -1.8144 -0.6144 9.25 3.24 0.08 99 176 181 180 131 
-0.3029 0.5078 0.5241 0.6130 123.37 69.56 -108.94 10.95 3.61 -1.55 -0.9900 9.2700 16.6200 -0.9411 1.5478 -0.9500 9.17 2.99 -1.71 101 178 177 177 130 
-0.3481 0.4934 0.5899 0.5361 112.50 70.62 -122.62 9.90 4.50 3.19 -0.3700 1.7100 4.5900 -2.0422 1.0422 0.5433 9.46 2.43 -0.82 102 180 184 183 141 
-0.3594 0.5223 0.4998 0.5901 121.00 77.50 -84.81 9.37 -0.36 -0.38 -0.3500 -2.9400 -2.0000 -2.1867 4.3133 0.2944 8.99 1.76 3.49 122 235 216 215 172 
-0.3535 0.3923 0.2780 0.8025 134.44 49.38 -16.56 2.16 2.65 2.51 0.4500 3.4100 -3.8000 0.3044 2.2922 -4.5044 5.63 3.64 7.15 143 300 273 276 193 
;
