0.1696 0.0193 -0.2893 -0.9419 159.56 3.50 -33.50 0.46 5.40 8.16 -0.1100 0.0000 -0.0200 0.0022 0.0111 -0.0011 0.59 5.40 8.15 170 349 362 394 218 
0.1694 0.0201 -0.2888 -0.9421 159.62 3.37 -33.38 0.43 5.23 7.75 -0.1700 -0.0800 -0.0800 -0.0156 0.0578 -0.0156 0.52 5.37 8.18 168 348 362 391 218 
0.1693 0.0251 -0.2855 -0.9430 159.62 2.62 -33.13 0.31 5.42 8.23 0.0000 0.0900 0.1100 -0.0144 0.2367 -0.0489 0.31 5.34 8.21 167 341 357 375 218 
0.1677 0.0397 -0.2701 -0.9473 160.81 0.69 -30.31 -5.15 4.38 15.49 -10.1100 -1.5800 8.4200 -1.8800 -6.3611 -2.7956 2.40 3.89 8.67 156 222 149 196 184 
-0.0400 -0.2595 -0.1707 -0.9497 186.87 39.00 -22.87 14.55 8.49 6.30 7.7700 7.0200 -0.2700 -1.5644 -4.8444 5.0544 8.97 -0.12 3.95 123 229 146 164 141 
0.1440 -0.5952 0.0737 -0.7872 147.37 59.56 58.94 2.34 1.86 -3.39 -5.1600 6.9300 -5.7800 2.7567 -1.0289 4.8956 6.08 -6.97 3.23 113 238 154 165 138 
0.5463 -0.5228 0.1503 -0.6369 93.69 27.31 60.31 0.63 -4.19 5.87 -5.1400 2.8500 2.1000 1.2533 0.1867 0.8467 3.86 -7.43 5.09 117 238 155 168 139 
0.6464 -0.4636 0.1195 -0.5941 84.50 23.37 53.44 5.53 -6.40 5.86 1.6600 0.8900 0.3300 0.4100 0.1311 0.1756 3.83 -7.09 5.57 122 240 155 170 140 
0.6718 -0.4471 0.0995 -0.5821 81.37 22.50 51.06 4.10 -5.58 6.82 -0.1600 1.5300 0.6800 -0.0900 1.4767 -0.4733 3.47 -7.01 5.90 119 245 157 172 142 
0.6449 -0.4175 0.1405 -0.6246 90.12 19.31 49.44 3.50 -4.58 7.52 0.0000 2.2100 1.5700 -1.1111 -0.0611 -0.2144 3.25 -7.35 5.60 120 234 148 174 142 
0.6039 -0.4641 0.1926 -0.6187 86.19 20.37 63.13 3.44 -7.57 1.76 -1.0900 0.7200 -1.8400 -1.6644 -2.7400 2.0911 2.74 -9.17 2.10 125 239 149 174 143 
0.6439 -0.6238 0.1888 -0.4008 65.00 15.00 82.19 -0.51 -10.87 0.81 -2.5600 -1.3100 -0.2800 -0.3311 0.4378 -0.6122 2.89 -9.30 1.08 128 236 147 177 145 
0.5997 -0.6442 0.1950 -0.4329 71.50 19.81 85.31 0.60 -7.80 0.11 -2.4900 2.0800 -0.5000 -0.4867 -0.5944 -1.7322 4.33 -8.79 0.20 159 285 160 181 150 
0.5343 -0.7123 0.1023 -0.4435 79.25 34.38 96.56 8.54 -6.26 -4.69 3.2800 0.3300 -2.7500 -0.2656 -0.8233 -1.6067 6.41 -7.18 -1.84 130 373 169 184 152 
0.4814 -0.7888 -0.0464 -0.3793 71.75 37.94 112.56 10.13 -7.55 -1.19 5.1100 -0.6100 1.7400 -0.6789 -1.8189 0.1822 5.25 -7.03 -4.36 127 390 169 188 154 
0.4448 -0.8575 -0.0870 -0.2433 52.31 27.87 123.44 9.16 -7.07 -4.69 -1.1900 -0.0100 -1.1200 3.1978 0.6222 0.5544 4.69 -8.17 -2.69 126 392 173 191 157 
0.6152 -0.7322 -0.1002 -0.2745 49.00 32.25 96.69 5.19 -7.27 1.08 -0.6500 1.2100 1.0100 -2.3578 0.8311 -0.0144 5.16 -8.09 -1.97 126 394 176 192 158 
0.4977 -0.8235 -0.0728 -0.2624 55.94 29.37 120.31 5.92 -7.23 -7.25 0.4000 -1.1000 -3.7400 -0.2667 -0.3033 -0.2978 4.85 -6.95 -4.92 127 392 173 189 156 
0.4991 -0.8283 -0.0941 -0.2365 46.25 29.75 106.19 -13.64 -1.80 7.48 0.8100 5.3800 13.6500 -1.1656 -2.1889 0.2722 5.29 -8.13 -1.39 126 380 179 196 160 
0.5939 -0.7438 -0.1279 -0.2786 54.50 36.13 99.75 7.78 -7.50 1.92 2.6800 0.1800 3.9100 -1.8900 1.1167 -2.4900 7.34 -6.23 -1.85 116 370 181 199 166 
0.4454 -0.7429 -0.2204 -0.4485 88.44 61.94 117.62 9.78 -3.56 -4.89 1.2900 0.8300 -2.9700 2.2656 -0.7244 -1.6211 8.87 -3.61 -2.06 118 375 172 202 168 
0.5134 -0.6425 -0.3857 -0.4182 75.44 69.94 104.69 7.75 -2.29 -1.85 -1.1700 1.3500 -1.2800 2.0689 0.9278 0.0378 9.21 -3.36 0.18 118 382 172 208 177 
0.6440 -0.5153 -0.4231 -0.3751 58.19 68.12 65.25 8.87 -1.14 2.67 -0.2300 1.9300 0.4500 1.2011 1.0733 0.2944 8.91 -3.24 2.46 113 385 180 211 182 
0.7237 -0.4264 -0.4139 -0.3510 51.88 63.69 45.56 6.87 -3.44 2.79 -0.7500 -0.0300 -0.1300 0.4033 -0.4400 -0.0444 8.86 -2.89 3.04 115 387 184 212 182 
0.7244 -0.4086 -0.4227 -0.3600 53.50 64.87 42.44 10.06 -0.33 2.73 1.2100 2.4800 -0.6400 -0.5933 0.7878 -0.4311 8.81 -2.69 3.35 118 389 187 212 182 
0.7180 -0.4027 -0.3802 -0.4217 62.88 60.81 31.25 8.01 -2.01 2.63 0.2700 0.4000 -1.0300 -0.5867 0.7944 -0.0378 8.31 -2.61 4.49 122 407 185 209 182 
0.7454 -0.3992 -0.3362 -0.4147 51.06 55.19 38.88 5.43 -2.86 7.95 -3.6700 0.5000 3.7700 -0.6311 1.0156 0.0811 7.62 -4.07 4.63 97 395 179 211 183 
0.7741 -0.4145 -0.3008 -0.3721 52.13 51.06 42.38 7.80 -4.18 4.94 0.0800 -0.1200 0.0800 -0.2856 0.0144 -0.3078 7.73 -4.12 4.39 125 395 189 212 182 
0.7523 -0.4383 -0.2971 -0.3920 55.31 52.56 45.06 6.01 -1.46 4.40 -2.2500 2.9400 -0.2400 -1.6044 0.9300 -1.8133 8.08 -3.67 4.15 124 387 187 212 183 
0.6536 -0.4661 -0.2979 -0.5166 82.44 64.94 35.38 3.97 -1.64 -0.39 -0.9700 2.2900 -1.9500 -2.3356 1.0867 -4.3422 9.24 -0.05 3.27 128 338 175 214 182 
;
