0.9528 0.0533 -0.2712 -0.1261 15.06 30.19 -11.38 4.82 1.71 8.26 -0.2400 -0.0300 -0.0800 -0.0122 -0.2267 -0.0400 5.04 1.68 8.24 156 320 339 360 202 
0.9461 0.0490 -0.2922 -0.1306 16.12 34.94 -11.56 7.47 3.32 9.40 3.5400 2.4200 1.9000 -1.9378 -0.8778 -0.3933 6.50 0.80 7.29 162 293 235 254 194 
0.8942 -0.0944 -0.3994 -0.1791 22.31 50.44 12.13 12.98 -1.39 11.16 5.8600 0.2500 4.2600 -3.8456 1.8900 4.0211 6.23 -4.81 5.84 161 253 154 165 150 
0.8871 -0.4116 -0.1969 -0.0697 3.62 17.69 57.38 2.21 -2.70 -6.54 -0.2100 1.9300 -9.0600 1.2500 2.0800 3.8933 -0.09 -8.37 5.09 125 251 155 170 142 
0.8857 -0.4534 0.0140 0.0987 345.31 -8.50 49.00 -5.10 -4.08 3.32 -0.5900 4.0000 -1.4200 2.0900 -1.5167 0.8156 -1.59 -5.78 7.75 118 250 159 172 143 
0.9402 -0.2823 0.0164 0.1898 335.25 -6.37 30.19 -1.38 -1.61 11.56 -0.9500 3.2200 2.9200 -0.0089 -1.3811 0.5322 -0.68 -4.78 8.53 119 260 161 174 145 
0.9347 -0.2571 -0.0381 0.2426 331.56 -2.75 30.25 -0.46 -4.77 10.06 -0.1900 0.6100 2.1300 -0.4233 0.0489 -0.6478 -0.49 -5.19 8.30 117 265 163 175 147 
0.9402 -0.2889 -0.0201 0.1793 340.50 -4.25 34.63 2.10 -3.04 9.41 3.2200 2.4000 0.9100 -1.1900 0.9456 -0.6567 -1.11 -6.24 7.47 117 261 164 174 149 
0.9180 -0.3773 0.0167 0.1214 343.37 -7.56 46.56 -2.80 -8.61 3.03 -1.8600 -1.4600 -3.1800 -1.3589 -0.2378 1.6833 -2.12 -7.55 5.88 121 263 168 177 150 
0.8529 -0.4731 0.0565 0.2132 330.00 -19.37 57.00 -8.10 -8.21 4.41 -3.9100 -0.1000 -0.1400 -1.0533 0.1411 0.0800 -3.62 -8.09 4.19 138 269 164 192 168 
0.8030 -0.5483 0.0847 0.2179 330.56 -21.50 68.12 -3.77 -6.01 0.25 0.8500 2.0000 -2.5700 -1.8744 -0.4478 -1.4356 -2.65 -9.17 2.23 176 231 230 253 176 
0.7429 -0.6436 0.0281 0.1822 330.06 -17.75 82.69 0.33 -11.18 0.61 1.0300 -1.2900 -0.1300 -1.5067 0.1833 1.1222 -3.87 -9.00 0.00 170 240 218 269 181 
0.6451 -0.7225 0.1271 0.2138 322.87 -29.62 96.87 -9.01 -10.86 0.81 -1.2100 -2.2200 2.1100 -1.0022 1.2733 0.8000 -5.01 -8.04 -2.50 166 241 216 270 179 
0.5599 -0.7831 0.1949 0.1877 323.50 -30.94 111.94 -6.95 -8.28 -3.47 -1.8800 -0.6500 0.0400 -0.5389 0.4467 -0.0478 -5.06 -7.41 -3.93 165 243 224 275 186 
0.5068 -0.8232 0.2018 0.1576 324.56 -21.25 115.62 -2.88 -2.83 -9.17 -0.4600 5.9300 -5.6800 -0.3856 -9.4233 -9.6433 0.96 -9.17 -3.31 163 233 218 254 181 
0.4803 -0.5746 -0.6047 0.2709 296.75 19.44 116.12 6.52 -4.44 -7.63 5.3200 2.0900 -2.7300 0.5700 -3.1700 -2.7744 3.97 -7.66 -4.64 160 232 217 253 182 
0.4147 -0.3248 -0.7769 0.3449 278.19 24.81 114.31 5.05 -8.03 1.57 -0.3500 -0.8100 4.4500 0.1756 1.0856 0.0567 4.29 -8.26 -3.06 159 230 220 258 187 
0.4570 -0.3208 -0.7434 0.3682 283.25 26.50 109.62 4.81 -8.21 -1.94 0.9900 0.1000 1.7500 0.1000 1.2167 0.2056 4.51 -8.36 -2.41 166 243 224 256 185 
;
0.5615 -0.3813 -0.6588 0.3245 309.62 30.81 94.56 4.71 -4.70 1.49 -0.2800 3.0500 0.7300 -0.1733 10.4444 -0.2133 4.32 -8.28 2.98 164 287 264 273 196 
0.8826 -0.4272 -0.1960 0.0007 7.25 22.56 42.50 4.16 -1.35 5.34 4.2500 3.3300 1.6400 3.6422 -3.1567 -3.5167 5.91 -2.53 7.40 164 290 271 274 193 
0.9304 -0.1259 -0.3125 -0.1441 19.06 39.31 7.75 11.48 -0.69 11.23 4.3300 0.3500 5.0900 -0.0389 -0.9211 0.5589 6.61 -0.80 7.19 167 287 225 229 172 
0.9177 -0.1365 -0.3422 -0.1484 16.81 42.38 17.44 13.85 -3.57 11.11 4.9700 -1.5300 1.5600 -1.9033 -0.2789 3.2000 5.84 -4.68 6.33 140 232 157 169 131 
0.9104 -0.3335 -0.2448 0.0054 354.06 20.19 43.75 2.15 -3.58 -0.26 -1.7100 3.4200 -6.5500 2.0078 1.6267 2.3633 1.00 -5.95 7.72 125 240 161 171 130 
0.9432 -0.2712 -0.0757 0.1763 337.69 1.81 30.69 -1.58 -0.93 6.16 -2.1300 3.4400 -0.2400 0.8000 0.4900 0.3356 -0.14 -4.31 8.80 122 248 162 172 129 
0.9538 -0.2082 -0.0467 0.2115 334.81 0.31 24.37 0.83 -3.21 9.04 0.2000 0.7800 0.4400 0.0067 -0.0089 0.0622 0.06 -4.04 8.93 123 254 164 173 130 
0.9545 -0.2070 -0.0493 0.2087 336.00 0.50 24.62 0.27 -2.31 10.12 0.1800 1.3700 1.7800 -0.4389 0.3744 -0.6144 -0.04 -4.32 8.80 126 257 166 174 132 
0.9587 -0.2365 -0.0390 0.1528 342.81 1.81 28.62 3.53 -3.50 9.46 2.5600 1.1300 1.0400 -0.7189 1.2967 -0.9389 0.11 -5.15 8.34 126 252 166 174 131 
0.9509 -0.2982 -0.0220 0.0793 350.19 -0.37 36.94 2.42 -6.31 5.56 1.7400 -0.4000 -2.1400 -1.2522 0.2733 1.0978 -0.66 -6.60 7.22 125 253 168 177 134 
0.9097 -0.3935 0.0067 0.1320 342.00 -8.25 47.88 -7.68 -8.95 5.37 -5.6700 -1.4700 -0.6700 -1.2144 -0.6178 0.4267 -1.67 -7.72 5.80 136 255 172 186 152 
0.8599 -0.4807 0.0027 0.1715 337.62 -10.31 59.44 -3.47 -7.45 4.91 -0.6700 1.6700 -1.3000 -4.1578 2.2311 -0.8933 -1.89 -9.39 2.09 164 238 238 263 179 
0.7333 -0.6617 -0.0186 0.1548 334.75 -12.06 85.31 -1.66 -7.83 -2.19 2.7100 -1.1300 -2.2400 -0.7589 0.3456 1.3122 -3.07 -9.31 0.06 169 246 237 283 185 
0.6542 -0.7254 0.0972 0.1908 326.62 -26.06 96.87 -8.38 -10.23 -0.71 -3.6900 -0.0900 1.9900 -0.6411 0.7233 -0.2211 -4.61 -8.49 -1.65 166 257 245 296 188 
0.6039 -0.7613 0.1330 0.1950 323.62 -27.19 103.62 -5.00 -8.67 -1.08 -1.9900 -0.4800 0.8600 -0.7022 -0.3967 -0.0011 -4.53 -8.35 -2.41 166 248 232 286 181 
0.5710 -0.7894 0.0328 0.2229 314.69 -16.50 104.19 -3.00 -7.18 -6.08 -0.1500 3.3400 -4.6900 -0.9589 -10.5456 -8.4389 1.73 -9.11 -3.16 163 227 223 250 173 
0.4258 -0.4603 -0.7063 0.3286 281.87 19.94 119.50 5.65 -6.58 -8.03 2.2200 2.1800 -1.9200 0.4300 -1.9378 -1.9522 3.82 -7.52 -4.99 157 226 219 247 171 
0.3687 -0.2689 -0.8155 0.3559 271.56 24.56 120.12 5.58 -7.94 -3.72 2.3200 0.6300 1.6000 0.5078 0.6678 0.0278 4.23 -7.96 -3.84 156 226 222 249 177 
0.3944 -0.2415 -0.7974 0.3877 271.94 26.37 115.62 4.22 -7.61 -3.72 -0.1500 0.1600 0.0000 -0.2944 0.5089 -0.0544 4.50 -7.83 -3.79 163 228 226 254 176 
0.4437 -0.2760 -0.7780 0.3488 293.06 33.31 112.94 7.17 -5.25 2.51 1.7100 2.2000 2.7400 0.4689 10.8789 -1.5156 6.98 -6.75 1.32 167 253 250 275 194 
;
