0.9590 0.0776 -0.1603 -0.2206 26.12 15.56 -13.31 2.83 2.07 8.86 -0.0400 -0.0400 0.0000 0.0078 0.0733 -0.0333 2.59 2.20 9.19 176 338 354 385 209 
0.9583 0.0788 -0.1587 -0.2244 26.50 16.12 -13.25 2.48 2.71 11.19 -1.3800 0.6000 2.3400 -0.5000 -2.6156 0.1189 4.11 1.87 8.70 161 294 230 252 194 
0.9222 -0.0312 -0.2925 -0.2509 30.62 38.19 1.12 15.38 -0.31 14.38 6.4500 -3.2300 7.0500 -4.9656 0.8800 5.3833 5.23 -4.91 6.67 120 247 150 165 135 
0.9192 -0.3567 -0.1468 -0.0794 5.94 15.50 41.69 0.02 -3.39 -1.70 -1.2400 3.6000 -8.3100 1.5500 1.2033 2.8067 0.76 -5.55 8.04 120 281 154 172 141 
0.9625 -0.2455 -0.0433 0.1064 345.44 1.00 26.94 -0.71 -0.25 7.45 -0.5100 3.8500 -0.7300 0.9278 -0.3944 0.6456 0.24 -3.59 9.12 122 296 156 173 143 
0.9682 -0.1788 -0.0453 0.1689 340.62 2.12 21.31 0.71 -3.02 10.18 0.2500 0.4100 0.7400 -0.2744 -0.2267 -0.3056 0.56 -3.75 9.04 123 300 157 175 145 
0.9710 -0.1942 -0.0493 0.1302 346.25 2.69 23.62 2.56 -2.09 10.31 2.0600 1.8800 0.9500 -0.8133 0.8367 -0.9100 0.30 -4.39 8.76 122 293 161 177 146 
0.9668 -0.2512 -0.0142 0.0449 356.37 -0.62 30.94 2.41 -5.17 7.47 3.0000 -0.5600 -1.5800 -1.2367 -1.1278 0.4778 0.17 -5.83 7.87 123 293 162 178 146 
0.9401 -0.3339 -0.0258 0.0645 350.50 0.13 40.94 -3.26 -8.95 6.31 -3.3600 -2.2800 -0.9000 -0.9400 0.9033 0.2600 -0.40 -7.05 6.80 138 295 164 178 151 
0.9083 -0.4115 -0.0092 0.0749 352.62 -3.12 49.75 -2.80 -9.43 5.32 -2.1100 -1.6100 -0.3000 -0.0589 3.4900 -1.4189 -1.26 -7.64 6.00 177 226 191 212 181 
0.8827 -0.4260 0.1665 -0.1080 20.19 -15.69 54.88 -0.65 -9.02 1.27 4.7200 -0.5200 -4.2200 1.3244 4.5811 0.2389 -4.54 -7.23 4.81 201 165 166 187 149 
0.8256 -0.2807 0.4252 -0.2425 28.94 -39.19 52.31 2.57 -0.35 1.69 12.5300 7.2000 -2.6100 2.3800 0.0322 5.6067 -8.12 -1.98 5.11 201 162 164 181 147 
0.8772 0.0263 0.4776 0.0410 350.50 -54.94 -14.31 -21.33 3.26 7.64 -8.3600 1.2300 1.2800 0.1056 -0.9844 -0.1267 -7.38 1.71 6.21 201 170 165 184 149 
;
